0.996910,-0.051194,-0.038359,0.045595,0.997734,-0.046030,0.007568,0.048480,0.997736,-0.046008,0.007562,0.048465,0.997736,-0.045991,0.007655,0.048471,0.010000,
0.996910,-0.051194,-0.038359,0.045595,0.997733,-0.046070,0.007477,0.048489,0.997736,-0.046025,0.007463,0.048459,0.997736,-0.045991,0.007651,0.048470,0.010000,
0.996910,-0.051194,-0.038359,0.045595,0.997731,-0.046109,0.007386,0.048498,0.997736,-0.046043,0.007365,0.048454,0.997736,-0.045992,0.007646,0.048470,0.010000,
0.996910,-0.051194,-0.038359,0.045595,0.997729,-0.046149,0.007295,0.048508,0.997737,-0.046060,0.007267,0.048448,0.997736,-0.045993,0.007641,0.048470,0.010000,
0.996910,-0.051194,-0.038359,0.045595,0.997728,-0.046189,0.007204,0.048517,0.997737,-0.046078,0.007169,0.048442,0.997736,-0.045994,0.007637,0.048470,0.010000,
0.996910,-0.051194,-0.038359,0.045595,0.997726,-0.046229,0.007112,0.048526,0.997737,-0.046096,0.007071,0.048436,0.997736,-0.045995,0.007632,0.048469,0.010000,
0.996910,-0.051194,-0.038359,0.045595,0.997725,-0.046269,0.007021,0.048535,0.997737,-0.046113,0.006973,0.048430,0.997736,-0.045996,0.007628,0.048469,0.010000,
0.996910,-0.051194,-0.038359,0.045595,0.997723,-0.046309,0.006930,0.048545,0.997737,-0.046131,0.006874,0.048425,0.997736,-0.045996,0.007623,0.048469,0.010000,
0.996910,-0.051194,-0.038359,0.045595,0.997721,-0.046349,0.006839,0.048554,0.997737,-0.046148,0.006776,0.048419,0.997736,-0.045997,0.007618,0.048469,0.010000,
0.996910,-0.051194,-0.038359,0.045595,0.997719,-0.046389,0.006748,0.048563,0.997738,-0.046166,0.006678,0.048413,0.997736,-0.045998,0.007614,0.048468,0.010000,
0.996910,-0.051194,-0.038359,0.045595,0.997718,-0.046428,0.006656,0.048572,0.997738,-0.046183,0.006580,0.048407,0.997736,-0.045999,0.007609,0.048468,0.010000,
0.996910,-0.051194,-0.038359,0.045595,0.997716,-0.046468,0.006565,0.048582,0.997738,-0.046200,0.006482,0.048401,0.997736,-0.046000,0.007605,0.048468,0.010000,
0.996910,-0.051194,-0.038359,0.045595,0.997714,-0.046508,0.006474,0.048591,0.997738,-0.046218,0.006383,0.048396,0.997736,-0.046001,0.007600,0.048467,0.010000,
0.996910,-0.051194,-0.038359,0.045595,0.997713,-0.046548,0.006383,0.048600,0.997738,-0.046235,0.006285,0.048390,0.997736,-0.046001,0.007596,0.048467,0.010000,
0.996910,-0.051194,-0.038359,0.045595,0.997711,-0.046588,0.006292,0.048610,0.997738,-0.046252,0.006187,0.048384,0.997736,-0.046002,0.007591,0.048467,0.010000,
0.996910,-0.051194,-0.038359,0.045595,0.997709,-0.046628,0.006200,0.048619,0.997738,-0.046270,0.006089,0.048378,0.997736,-0.046003,0.007586,0.048467,0.010000,
0.996910,-0.051194,-0.038359,0.045595,0.997707,-0.046668,0.006109,0.048629,0.997738,-0.046287,0.005991,0.048372,0.997736,-0.046004,0.007582,0.048466,0.010000,
0.996910,-0.051194,-0.038359,0.045595,0.997706,-0.046707,0.006018,0.048638,0.997738,-0.046304,0.005892,0.048366,0.997736,-0.046005,0.007577,0.048466,0.010000,
0.996910,-0.051194,-0.038359,0.045595,0.997704,-0.046747,0.005927,0.048647,0.997738,-0.046321,0.005794,0.048361,0.997736,-0.046006,0.007573,0.048466,0.010000,
0.996910,-0.051194,-0.038359,0.045595,0.997702,-0.046787,0.005836,0.048657,0.997739,-0.046338,0.005696,0.048355,0.997736,-0.046006,0.007568,0.048466,0.010000,
0.996910,-0.051194,-0.038359,0.045595,0.997700,-0.046827,0.005744,0.048666,0.997739,-0.046356,0.005598,0.048349,0.997736,-0.046007,0.007563,0.048465,0.010000,
0.996910,-0.051194,-0.038359,0.045595,0.997698,-0.046867,0.005653,0.048676,0.997739,-0.046373,0.005499,0.048343,0.997736,-0.046008,0.007559,0.048465,0.010000,
0.996910,-0.051194,-0.038359,0.045595,0.997697,-0.046907,0.005562,0.048685,0.997739,-0.046390,0.005401,0.048337,0.997736,-0.046009,0.007554,0.048465,0.010000,
0.996910,-0.051194,-0.038359,0.045595,0.997695,-0.046947,0.005471,0.048695,0.997739,-0.046407,0.005303,0.048331,0.997736,-0.046010,0.007550,0.048464,0.010000,
0.996910,-0.051194,-0.038359,0.045595,0.997693,-0.046986,0.005380,0.048704,0.997739,-0.046424,0.005205,0.048326,0.997736,-0.046010,0.007545,0.048464,0.010000,
0.996910,-0.051194,-0.038359,0.045595,0.997691,-0.047026,0.005289,0.048714,0.997739,-0.046441,0.005106,0.048320,0.997736,-0.046011,0.007541,0.048464,0.010000,
0.996910,-0.051194,-0.038359,0.045595,0.997689,-0.047066,0.005197,0.048723,0.997739,-0.046458,0.005008,0.048314,0.997736,-0.046012,0.007536,0.048464,0.010000,
0.996910,-0.051194,-0.038359,0.045595,0.997687,-0.047106,0.005106,0.048733,0.997739,-0.046475,0.004910,0.048308,0.997736,-0.046013,0.007531,0.048463,0.010000,
0.996910,-0.051194,-0.038359,0.045595,0.997685,-0.047146,0.005015,0.048742,0.997739,-0.046492,0.004811,0.048302,0.997736,-0.046014,0.007527,0.048463,0.010000,
0.996910,-0.051194,-0.038359,0.045595,0.997684,-0.047186,0.004924,0.048752,0.997739,-0.046509,0.004713,0.048296,0.997736,-0.046015,0.007522,0.048463,0.010000,
0.996910,-0.051194,-0.038359,0.045595,0.997682,-0.047225,0.004833,0.048761,0.997738,-0.046525,0.004615,0.048291,0.997736,-0.046015,0.007518,0.048463,0.010000,
0.996910,-0.051194,-0.038359,0.045595,0.997680,-0.047265,0.004741,0.048771,0.997738,-0.046542,0.004517,0.048285,0.997736,-0.046016,0.007513,0.048462,0.010000,
0.996910,-0.051194,-0.038359,0.045595,0.997678,-0.047305,0.004650,0.048781,0.997738,-0.046559,0.004418,0.048279,0.997736,-0.046017,0.007509,0.048462,0.010000,
0.996910,-0.051194,-0.038359,0.045595,0.997676,-0.047345,0.004559,0.048790,0.997738,-0.046576,0.004320,0.048273,0.997736,-0.046018,0.007504,0.048462,0.010000,
0.996910,-0.051194,-0.038359,0.045595,0.997674,-0.047385,0.004468,0.048800,0.997738,-0.046593,0.004222,0.048267,0.997736,-0.046019,0.007499,0.048461,0.010000,
0.996910,-0.051194,-0.038359,0.045595,0.997672,-0.047425,0.004377,0.048810,0.997738,-0.046609,0.004123,0.048261,0.997736,-0.046020,0.007495,0.048461,0.010000,
0.996910,-0.051194,-0.038359,0.045595,0.997670,-0.047464,0.004286,0.048819,0.997738,-0.046626,0.004025,0.048255,0.997736,-0.046020,0.007490,0.048461,0.010000,
0.996910,-0.051194,-0.038359,0.045595,0.997668,-0.047504,0.004194,0.048829,0.997738,-0.046643,0.003927,0.048250,0.997736,-0.046021,0.007486,0.048461,0.010000,
0.996910,-0.051194,-0.038359,0.045595,0.997666,-0.047544,0.004103,0.048839,0.997738,-0.046659,0.003828,0.048244,0.997736,-0.046022,0.007481,0.048460,0.010000,
0.996910,-0.051194,-0.038359,0.045595,0.997664,-0.047584,0.004012,0.048848,0.997738,-0.046676,0.003730,0.048238,0.997736,-0.046023,0.007477,0.048460,0.010000,
0.996910,-0.051194,-0.038359,0.045595,0.997662,-0.047624,0.003921,0.048858,0.997738,-0.046693,0.003632,0.048232,0.997736,-0.046024,0.007472,0.048460,0.010000,
0.996910,-0.051194,-0.038359,0.045595,0.997660,-0.047664,0.003830,0.048868,0.997737,-0.046709,0.003533,0.048226,0.997736,-0.046024,0.007467,0.048460,0.010000,
0.996910,-0.051194,-0.038359,0.045595,0.997658,-0.047703,0.003738,0.048878,0.997737,-0.046726,0.003435,0.048220,0.997736,-0.046025,0.007463,0.048459,0.010000,
0.996910,-0.051194,-0.038359,0.045595,0.997656,-0.047743,0.003647,0.048888,0.997737,-0.046742,0.003336,0.048214,0.997736,-0.046026,0.007458,0.048459,0.010000,
0.996910,-0.051194,-0.038359,0.045595,0.997654,-0.047783,0.003556,0.048897,0.997737,-0.046759,0.003238,0.048209,0.997736,-0.046027,0.007454,0.048459,0.010000,
0.996910,-0.051194,-0.038359,0.045595,0.997652,-0.047823,0.003465,0.048907,0.997737,-0.046775,0.003140,0.048203,0.997736,-0.046028,0.007449,0.048459,0.010000,
0.996910,-0.051194,-0.038359,0.045595,0.997650,-0.047863,0.003374,0.048917,0.997737,-0.046792,0.003041,0.048197,0.997736,-0.046029,0.007445,0.048458,0.010000,
0.996910,-0.051194,-0.038359,0.045595,0.997648,-0.047903,0.003283,0.048927,0.997736,-0.046808,0.002943,0.048191,0.997736,-0.046029,0.007440,0.048458,0.010000,
0.996910,-0.051194,-0.038359,0.045595,0.997645,-0.047942,0.003191,0.048937,0.997736,-0.046824,0.002845,0.048185,0.997736,-0.046030,0.007435,0.048458,0.010000,
0.996910,-0.051194,-0.038359,0.045595,0.997643,-0.047982,0.003100,0.048947,0.997736,-0.046841,0.002746,0.048179,0.997736,-0.046031,0.007431,0.048457,0.010000,
0.996910,-0.051194,-0.038359,0.045595,0.997641,-0.048022,0.003009,0.048957,0.997736,-0.046857,0.002648,0.048173,0.997736,-0.046032,0.007426,0.048457,0.010000,
0.996910,-0.051194,-0.038359,0.045595,0.997639,-0.048062,0.002918,0.048966,0.997736,-0.046873,0.002549,0.048167,0.997736,-0.046033,0.007422,0.048457,0.010000,
0.996910,-0.051194,-0.038359,0.045595,0.997637,-0.048102,0.002827,0.048976,0.997735,-0.046890,0.002451,0.048162,0.997736,-0.046033,0.007417,0.048457,0.010000,
0.996910,-0.051194,-0.038359,0.045595,0.997635,-0.048141,0.002736,0.048986,0.997735,-0.046906,0.002353,0.048156,0.997736,-0.046034,0.007413,0.048456,0.010000,
0.996910,-0.051194,-0.038359,0.045595,0.997633,-0.048181,0.002645,0.048996,0.997735,-0.046922,0.002254,0.048150,0.997736,-0.046035,0.007408,0.048456,0.010000,
0.996910,-0.051194,-0.038359,0.045595,0.997630,-0.048221,0.002553,0.049006,0.997735,-0.046938,0.002156,0.048144,0.997736,-0.046036,0.007404,0.048456,0.010000,
0.996910,-0.051194,-0.038359,0.045595,0.997628,-0.048261,0.002462,0.049016,0.997734,-0.046954,0.002057,0.048138,0.997736,-0.046037,0.007399,0.048456,0.010000,
0.996910,-0.051194,-0.038359,0.045595,0.997626,-0.048301,0.002371,0.049026,0.997734,-0.046970,0.001959,0.048132,0.997736,-0.046038,0.007394,0.048455,0.010000,
0.996910,-0.051194,-0.038359,0.045595,0.997624,-0.048341,0.002280,0.049036,0.997734,-0.046987,0.001860,0.048126,0.997736,-0.046038,0.007390,0.048455,0.010000,
0.996910,-0.051194,-0.038359,0.045595,0.997622,-0.048380,0.002189,0.049046,0.997733,-0.047003,0.001762,0.048120,0.997736,-0.046039,0.007385,0.048455,0.010000,
0.996910,-0.051194,-0.038359,0.045595,0.997619,-0.048420,0.002098,0.049056,0.997733,-0.047019,0.001664,0.048114,0.997736,-0.046040,0.007381,0.048454,0.010000,
0.996910,-0.051194,-0.038359,0.045595,0.997617,-0.048460,0.002006,0.049066,0.997733,-0.047035,0.001565,0.048108,0.997736,-0.046041,0.007376,0.048454,0.010000,
0.996910,-0.051194,-0.038359,0.045595,0.997615,-0.048500,0.001915,0.049077,0.997733,-0.047051,0.001467,0.048103,0.997736,-0.046042,0.007372,0.048454,0.010000,
0.996910,-0.051194,-0.038359,0.045595,0.997613,-0.048540,0.001824,0.049087,0.997732,-0.047067,0.001368,0.048097,0.997736,-0.046042,0.007367,0.048454,0.010000,
0.996910,-0.051194,-0.038359,0.045595,0.997610,-0.048579,0.001733,0.049097,0.997732,-0.047082,0.001270,0.048091,0.997736,-0.046043,0.007362,0.048453,0.010000,
0.996910,-0.051194,-0.038359,0.045595,0.997608,-0.048619,0.001642,0.049107,0.997732,-0.047098,0.001171,0.048085,0.997736,-0.046044,0.007358,0.048453,0.010000,
0.996910,-0.051194,-0.038359,0.045595,0.997606,-0.048659,0.001551,0.049117,0.997731,-0.047114,0.001073,0.048079,0.997736,-0.046045,0.007353,0.048453,0.010000,
0.996910,-0.051194,-0.038359,0.045595,0.997604,-0.048699,0.001460,0.049127,0.997731,-0.047130,0.000974,0.048073,0.997737,-0.046046,0.007349,0.048453,0.010000,
0.996910,-0.051194,-0.038359,0.045595,0.997601,-0.048739,0.001368,0.049137,0.997730,-0.047146,0.000876,0.048067,0.997737,-0.046047,0.007344,0.048452,0.010000,
0.996910,-0.051194,-0.038359,0.045595,0.997599,-0.048778,0.001277,0.049148,0.997730,-0.047162,0.000777,0.048061,0.997737,-0.046047,0.007340,0.048452,0.010000,
0.996910,-0.051194,-0.038359,0.045595,0.997597,-0.048818,0.001186,0.049158,0.997730,-0.047177,0.000679,0.048055,0.997737,-0.046048,0.007335,0.048452,0.010000,
0.996910,-0.051194,-0.038359,0.045595,0.997594,-0.048858,0.001095,0.049168,0.997729,-0.047193,0.000580,0.048049,0.997737,-0.046049,0.007331,0.048452,0.010000,
0.996910,-0.051194,-0.038359,0.045595,0.997592,-0.048898,0.001004,0.049178,0.997729,-0.047209,0.000482,0.048043,0.997737,-0.046050,0.007326,0.048451,0.010000,
0.996910,-0.051194,-0.038359,0.045595,0.997589,-0.048937,0.000913,0.049189,0.997728,-0.047225,0.000383,0.048038,0.997737,-0.046051,0.007321,0.048451,0.010000,
0.996910,-0.051194,-0.038359,0.045595,0.997587,-0.048977,0.000822,0.049199,0.997728,-0.047240,0.000285,0.048032,0.997737,-0.046051,0.007317,0.048451,0.010000,
0.996910,-0.051194,-0.038359,0.045595,0.997585,-0.049017,0.000731,0.049209,0.997728,-0.047256,0.000186,0.048026,0.997737,-0.046052,0.007312,0.048450,0.010000,
0.996910,-0.051194,-0.038359,0.045595,0.997582,-0.049057,0.000639,0.049220,0.997727,-0.047271,0.000088,0.048020,0.997737,-0.046053,0.007308,0.048450,0.010000,
0.996910,-0.051194,-0.038359,0.045595,0.997580,-0.049097,0.000548,0.049230,0.997727,-0.047287,-0.000011,0.048014,0.997737,-0.046054,0.007303,0.048450,0.010000,
0.996910,-0.051194,-0.038359,0.045595,0.997577,-0.049136,0.000457,0.049240,0.997726,-0.047303,-0.000109,0.048008,0.997737,-0.046055,0.007299,0.048450,0.010000,
0.996910,-0.051194,-0.038359,0.045595,0.997575,-0.049176,0.000366,0.049251,0.997726,-0.047318,-0.000208,0.048002,0.997737,-0.046056,0.007294,0.048449,0.010000,
0.996910,-0.051194,-0.038359,0.045595,0.997573,-0.049216,0.000275,0.049261,0.997725,-0.047334,-0.000306,0.047996,0.997737,-0.046056,0.007290,0.048449,0.010000,
0.996910,-0.051194,-0.038359,0.045595,0.997570,-0.049256,0.000184,0.049272,0.997725,-0.047349,-0.000405,0.047990,0.997737,-0.046057,0.007285,0.048449,0.010000,
0.996910,-0.051194,-0.038359,0.045595,0.997568,-0.049295,0.000093,0.049282,0.997724,-0.047364,-0.000503,0.047984,0.997737,-0.046058,0.007281,0.048449,0.010000,
0.996910,-0.051194,-0.038359,0.045595,0.997565,-0.049335,0.000002,0.049293,0.997724,-0.047380,-0.000602,0.047978,0.997737,-0.046059,0.007276,0.048448,0.010000,
0.996910,-0.051194,-0.038359,0.045595,0.997563,-0.049375,-0.000090,0.049303,0.997723,-0.047395,-0.000701,0.047972,0.997737,-0.046060,0.007271,0.048448,0.010000,
0.996910,-0.051194,-0.038359,0.045595,0.997560,-0.049415,-0.000181,0.049314,0.997723,-0.047411,-0.000799,0.047966,0.997737,-0.046060,0.007267,0.048448,0.010000,
0.996910,-0.051194,-0.038359,0.045595,0.997558,-0.049455,-0.000272,0.049324,0.997722,-0.047426,-0.000898,0.047960,0.997737,-0.046061,0.007262,0.048447,0.010000,
0.996910,-0.051194,-0.038359,0.045595,0.997555,-0.049494,-0.000363,0.049335,0.997722,-0.047441,-0.000996,0.047954,0.997737,-0.046062,0.007258,0.048447,0.010000,
0.996910,-0.051194,-0.038359,0.045595,0.997553,-0.049534,-0.000454,0.049345,0.997721,-0.047456,-0.001095,0.047949,0.997737,-0.046063,0.007253,0.048447,0.010000,
0.996910,-0.051194,-0.038359,0.045595,0.997550,-0.049574,-0.000545,0.049356,0.997721,-0.047472,-0.001193,0.047943,0.997737,-0.046064,0.007249,0.048447,0.010000,
0.996910,-0.051194,-0.038359,0.045595,0.997548,-0.049614,-0.000636,0.049366,0.997720,-0.047487,-0.001292,0.047937,0.997737,-0.046064,0.007244,0.048446,0.010000,
0.996910,-0.051194,-0.038359,0.045595,0.997545,-0.049653,-0.000727,0.049377,0.997720,-0.047502,-0.001391,0.047931,0.997737,-0.046065,0.007240,0.048446,0.010000,
0.996910,-0.051194,-0.038359,0.045595,0.997542,-0.049693,-0.000818,0.049388,0.997719,-0.047517,-0.001489,0.047925,0.997737,-0.046066,0.007235,0.048446,0.010000,
0.996910,-0.051194,-0.038359,0.045595,0.997540,-0.049733,-0.000910,0.049398,0.997718,-0.047532,-0.001588,0.047919,0.997737,-0.046067,0.007231,0.048446,0.010000,
0.996910,-0.051194,-0.038359,0.045595,0.997537,-0.049773,-0.001001,0.049409,0.997718,-0.047547,-0.001686,0.047913,0.997737,-0.046068,0.007226,0.048445,0.010000,
0.996910,-0.051194,-0.038359,0.045595,0.997535,-0.049812,-0.001092,0.049419,0.997717,-0.047562,-0.001785,0.047907,0.997737,-0.046069,0.007221,0.048445,0.010000,
0.996910,-0.051194,-0.038359,0.045595,0.997532,-0.049852,-0.001183,0.049430,0.997717,-0.047577,-0.001884,0.047901,0.997737,-0.046069,0.007217,0.048445,0.010000,
0.996910,-0.051194,-0.038359,0.045595,0.997529,-0.049892,-0.001274,0.049441,0.997716,-0.047592,-0.001982,0.047895,0.997737,-0.046070,0.007212,0.048445,0.010000,
0.996910,-0.051194,-0.038359,0.045595,0.997527,-0.049932,-0.001365,0.049452,0.997715,-0.047607,-0.002081,0.047889,0.997737,-0.046071,0.007208,0.048444,0.010000,
0.996910,-0.051194,-0.038359,0.045595,0.997524,-0.049971,-0.001456,0.049462,0.997715,-0.047622,-0.002180,0.047883,0.997737,-0.046072,0.007203,0.048444,0.010000,
0.996910,-0.051194,-0.038359,0.045595,0.997521,-0.050011,-0.001547,0.049473,0.997714,-0.047637,-0.002278,0.047877,0.997737,-0.046073,0.007199,0.048444,0.010000,
0.996910,-0.051194,-0.038359,0.045595,0.997519,-0.050051,-0.001638,0.049484,0.997713,-0.047652,-0.002377,0.047871,0.997737,-0.046073,0.007194,0.048443,0.010000,
0.996910,-0.051194,-0.038359,0.045595,0.997516,-0.050090,-0.001729,0.049495,0.997713,-0.047667,-0.002475,0.047865,0.997737,-0.046074,0.007190,0.048443,0.010000,
0.996910,-0.051194,-0.038359,0.045595,0.997513,-0.050130,-0.001820,0.049506,0.997712,-0.047682,-0.002574,0.047859,0.997737,-0.046075,0.007185,0.048443,0.010000,
0.996910,-0.051194,-0.038359,0.045595,0.997511,-0.050170,-0.001912,0.049516,0.997711,-0.047697,-0.002673,0.047853,0.997737,-0.046076,0.007181,0.048443,0.010000,
0.996910,-0.051194,-0.038359,0.045595,0.997508,-0.050210,-0.002003,0.049527,0.997711,-0.047712,-0.002771,0.047847,0.997737,-0.046077,0.007176,0.048442,0.010000,
0.996910,-0.051194,-0.038359,0.045595,0.997505,-0.050249,-0.002094,0.049538,0.997710,-0.047726,-0.002870,0.047841,0.997737,-0.046077,0.007171,0.048442,0.010000,
0.996910,-0.051194,-0.038359,0.045595,0.997502,-0.050289,-0.002185,0.049549,0.997709,-0.047741,-0.002969,0.047835,0.997737,-0.046078,0.007167,0.048442,0.010000,
0.996910,-0.051194,-0.038359,0.045595,0.997500,-0.050329,-0.002276,0.049560,0.997709,-0.047756,-0.003067,0.047829,0.997737,-0.046079,0.007162,0.048442,0.010000,
0.996910,-0.051194,-0.038359,0.045595,0.997497,-0.050369,-0.002367,0.049571,0.997708,-0.047770,-0.003166,0.047823,0.997737,-0.046080,0.007158,0.048441,0.010000,
0.996910,-0.051194,-0.038359,0.045595,0.997494,-0.050408,-0.002458,0.049582,0.997707,-0.047785,-0.003265,0.047817,0.997737,-0.046081,0.007153,0.048441,0.010000,
0.996910,-0.051194,-0.038359,0.045595,0.997491,-0.050448,-0.002549,0.049593,0.997706,-0.047800,-0.003363,0.047811,0.997737,-0.046082,0.007149,0.048441,0.010000,
0.996910,-0.051194,-0.038359,0.045595,0.997489,-0.050488,-0.002640,0.049604,0.997706,-0.047814,-0.003462,0.047805,0.997737,-0.046082,0.007144,0.048441,0.010000,
0.996910,-0.051194,-0.038359,0.045595,0.997486,-0.050527,-0.002731,0.049615,0.997705,-0.047829,-0.003561,0.047799,0.997737,-0.046083,0.007140,0.048440,0.010000,
0.996910,-0.051194,-0.038359,0.045595,0.997483,-0.050567,-0.002822,0.049626,0.997704,-0.047843,-0.003659,0.047793,0.997737,-0.046084,0.007135,0.048440,0.010000,
0.996910,-0.051194,-0.038359,0.045595,0.997480,-0.050607,-0.002913,0.049637,0.997703,-0.047858,-0.003758,0.047787,0.997737,-0.046085,0.007131,0.048440,0.010000,
0.996910,-0.051194,-0.038359,0.045595,0.997477,-0.050647,-0.003004,0.049648,0.997703,-0.047872,-0.003857,0.047781,0.997737,-0.046086,0.007126,0.048439,0.010000,
0.996910,-0.051194,-0.038359,0.045595,0.997474,-0.050686,-0.003096,0.049659,0.997702,-0.047887,-0.003956,0.047775,0.997737,-0.046086,0.007122,0.048439,0.010000,
0.996910,-0.051194,-0.038359,0.045595,0.997472,-0.050726,-0.003187,0.049670,0.997701,-0.047901,-0.004054,0.047769,0.997737,-0.046087,0.007117,0.048439,0.010000,
0.996910,-0.051194,-0.038359,0.045595,0.997469,-0.050766,-0.003278,0.049682,0.997700,-0.047916,-0.004153,0.047763,0.997737,-0.046088,0.007113,0.048439,0.010000,
0.996910,-0.051194,-0.038359,0.045595,0.997466,-0.050805,-0.003369,0.049693,0.997699,-0.047930,-0.004252,0.047757,0.997737,-0.046089,0.007108,0.048438,0.010000,
0.996910,-0.051194,-0.038359,0.045595,0.997463,-0.050845,-0.003460,0.049704,0.997698,-0.047944,-0.004350,0.047751,0.997737,-0.046090,0.007103,0.048438,0.010000,
0.996910,-0.051194,-0.038359,0.045595,0.997460,-0.050885,-0.003551,0.049715,0.997698,-0.047959,-0.004449,0.047745,0.997737,-0.046090,0.007099,0.048438,0.010000,
0.996910,-0.051194,-0.038359,0.045595,0.997457,-0.050924,-0.003642,0.049726,0.997697,-0.047973,-0.004548,0.047739,0.997737,-0.046091,0.007094,0.048438,0.010000,
0.996910,-0.051194,-0.038359,0.045595,0.997454,-0.050964,-0.003733,0.049738,0.997696,-0.047987,-0.004647,0.047733,0.997737,-0.046092,0.007090,0.048437,0.010000,
0.996910,-0.051194,-0.038359,0.045595,0.997451,-0.051004,-0.003824,0.049749,0.997695,-0.048001,-0.004745,0.047727,0.997737,-0.046093,0.007085,0.048437,0.010000,
0.996910,-0.051194,-0.038359,0.045595,0.997448,-0.051043,-0.003915,0.049760,0.997694,-0.048016,-0.004844,0.047721,0.997737,-0.046094,0.007081,0.048437,0.010000,
0.996910,-0.051194,-0.038359,0.045595,0.997445,-0.051083,-0.004006,0.049772,0.997693,-0.048030,-0.004943,0.047715,0.997737,-0.046095,0.007076,0.048436,0.010000,
0.996910,-0.051194,-0.038359,0.045595,0.997442,-0.051123,-0.004097,0.049783,0.997692,-0.048044,-0.005042,0.047709,0.997737,-0.046095,0.007072,0.048436,0.010000,
0.996910,-0.051194,-0.038359,0.045595,0.997439,-0.051162,-0.004188,0.049794,0.997692,-0.048058,-0.005140,0.047703,0.997737,-0.046096,0.007067,0.048436,0.010000,
0.996910,-0.051194,-0.038359,0.045595,0.997436,-0.051202,-0.004279,0.049806,0.997691,-0.048072,-0.005239,0.047697,0.997737,-0.046097,0.007063,0.048436,0.010000,
0.996910,-0.051194,-0.038359,0.045595,0.997433,-0.051242,-0.004370,0.049817,0.997690,-0.048086,-0.005338,0.047691,0.997737,-0.046098,0.007058,0.048435,0.010000,
0.996910,-0.051194,-0.038359,0.045595,0.997430,-0.051281,-0.004461,0.049828,0.997689,-0.048100,-0.005437,0.047685,0.997737,-0.046099,0.007054,0.048435,0.010000,
0.996910,-0.051194,-0.038359,0.045595,0.997427,-0.051321,-0.004552,0.049840,0.997688,-0.048114,-0.005535,0.047679,0.997737,-0.046099,0.007049,0.048435,0.010000,
0.996910,-0.051194,-0.038359,0.045595,0.997424,-0.051361,-0.004643,0.049851,0.997687,-0.048128,-0.005634,0.047673,0.997737,-0.046100,0.007045,0.048435,0.010000,
0.996910,-0.051194,-0.038359,0.045595,0.997421,-0.051400,-0.004734,0.049863,0.997686,-0.048142,-0.005733,0.047667,0.997737,-0.046101,0.007040,0.048434,0.010000,
0.996910,-0.051194,-0.038359,0.045595,0.997418,-0.051440,-0.004825,0.049874,0.997685,-0.048156,-0.005832,0.047661,0.997737,-0.046102,0.007036,0.048434,0.010000,
0.996910,-0.051194,-0.038359,0.045595,0.997415,-0.051480,-0.004916,0.049886,0.997684,-0.048170,-0.005931,0.047655,0.997737,-0.046103,0.007031,0.048434,0.010000,
0.996910,-0.051194,-0.038359,0.045595,0.997412,-0.051519,-0.005007,0.049898,0.997683,-0.048184,-0.006029,0.047649,0.997737,-0.046103,0.007026,0.048434,0.010000,
0.996910,-0.051194,-0.038359,0.045595,0.997409,-0.051559,-0.005098,0.049909,0.997682,-0.048198,-0.006128,0.047643,0.997737,-0.046104,0.007022,0.048433,0.010000,
0.996910,-0.051194,-0.038359,0.045595,0.997406,-0.051599,-0.005189,0.049921,0.997681,-0.048211,-0.006227,0.047637,0.997737,-0.046105,0.007017,0.048433,0.010000,
0.996910,-0.051194,-0.038359,0.045595,0.997403,-0.051638,-0.005280,0.049932,0.997680,-0.048225,-0.006326,0.047631,0.997737,-0.046106,0.007013,0.048433,0.010000,
0.996910,-0.051194,-0.038359,0.045595,0.997400,-0.051678,-0.005371,0.049944,0.997679,-0.048239,-0.006425,0.047625,0.997737,-0.046107,0.007008,0.048432,0.010000,
0.996910,-0.051194,-0.038359,0.045595,0.997397,-0.051718,-0.005462,0.049956,0.997678,-0.048253,-0.006523,0.047619,0.997737,-0.046107,0.007004,0.048432,0.010000,
0.996910,-0.051194,-0.038359,0.045595,0.997393,-0.051757,-0.005553,0.049967,0.997677,-0.048266,-0.006622,0.047613,0.997737,-0.046108,0.006999,0.048432,0.010000,
0.996910,-0.051194,-0.038359,0.045595,0.997390,-0.051797,-0.005644,0.049979,0.997676,-0.048280,-0.006721,0.047607,0.997737,-0.046109,0.006995,0.048432,0.010000,
0.996910,-0.051194,-0.038359,0.045595,0.997387,-0.051837,-0.005735,0.049991,0.997675,-0.048294,-0.006820,0.047601,0.997737,-0.046110,0.006990,0.048431,0.010000,
0.996910,-0.051194,-0.038359,0.045595,0.997384,-0.051876,-0.005826,0.050003,0.997674,-0.048307,-0.006919,0.047595,0.997737,-0.046111,0.006986,0.048431,0.010000,
0.996910,-0.051194,-0.038359,0.045595,0.997381,-0.051916,-0.005917,0.050014,0.997673,-0.048321,-0.007017,0.047589,0.997737,-0.046111,0.006981,0.048431,0.010000,
0.996910,-0.051194,-0.038359,0.045595,0.997378,-0.051955,-0.006008,0.050026,0.997672,-0.048334,-0.007116,0.047582,0.997737,-0.046112,0.006977,0.048431,0.010000,
0.996910,-0.051194,-0.038359,0.045595,0.997374,-0.051995,-0.006099,0.050038,0.997671,-0.048348,-0.007215,0.047576,0.997737,-0.046113,0.006972,0.048430,0.010000,
0.996910,-0.051194,-0.038359,0.045595,0.997371,-0.052035,-0.006190,0.050050,0.997670,-0.048362,-0.007314,0.047570,0.997737,-0.046114,0.006968,0.048430,0.010000,
0.996910,-0.051194,-0.038359,0.045595,0.997368,-0.052074,-0.006281,0.050062,0.997669,-0.048375,-0.007413,0.047564,0.997737,-0.046115,0.006963,0.048430,0.010000,
0.996910,-0.051194,-0.038359,0.045595,0.997365,-0.052114,-0.006372,0.050074,0.997667,-0.048388,-0.007512,0.047558,0.997737,-0.046115,0.006959,0.048430,0.010000,
0.996910,-0.051194,-0.038359,0.045595,0.997361,-0.052154,-0.006463,0.050085,0.997666,-0.048402,-0.007611,0.047552,0.997737,-0.046116,0.006954,0.048429,0.010000,
0.996910,-0.051194,-0.038359,0.045595,0.997358,-0.052193,-0.006554,0.050097,0.997665,-0.048415,-0.007709,0.047546,0.997737,-0.046117,0.006950,0.048429,0.010000,
0.996910,-0.051194,-0.038359,0.045595,0.997355,-0.052233,-0.006645,0.050109,0.997664,-0.048429,-0.007808,0.047540,0.997737,-0.046118,0.006945,0.048429,0.010000,
0.996910,-0.051194,-0.038359,0.045595,0.997352,-0.052272,-0.006736,0.050121,0.997663,-0.048442,-0.007907,0.047534,0.997737,-0.046119,0.006941,0.048428,0.010000,
0.996910,-0.051194,-0.038359,0.045595,0.997348,-0.052312,-0.006827,0.050133,0.997662,-0.048455,-0.008006,0.047528,0.997737,-0.046120,0.006936,0.048428,0.010000,
0.996910,-0.051194,-0.038359,0.045595,0.997345,-0.052352,-0.006918,0.050145,0.997661,-0.048468,-0.008105,0.047522,0.997737,-0.046120,0.006932,0.048428,0.010000,
0.996910,-0.051194,-0.038359,0.045595,0.997342,-0.052391,-0.007009,0.050157,0.997659,-0.048482,-0.008204,0.047516,0.997737,-0.046121,0.006927,0.048428,0.010000,
0.996910,-0.051194,-0.038359,0.045595,0.997338,-0.052431,-0.007100,0.050170,0.997658,-0.048495,-0.008303,0.047510,0.997737,-0.046122,0.006923,0.048427,0.010000,
0.996910,-0.051194,-0.038359,0.045595,0.997335,-0.052470,-0.007191,0.050182,0.997657,-0.048508,-0.008402,0.047504,0.997737,-0.046123,0.006918,0.048427,0.010000,
0.996910,-0.051194,-0.038359,0.045595,0.997332,-0.052510,-0.007282,0.050194,0.997656,-0.048521,-0.008500,0.047498,0.997737,-0.046124,0.006913,0.048427,0.010000,
0.996910,-0.051194,-0.038359,0.045595,0.997328,-0.052549,-0.007373,0.050206,0.997655,-0.048534,-0.008599,0.047491,0.997737,-0.046124,0.006909,0.048427,0.010000,
0.996910,-0.051194,-0.038359,0.045595,0.997325,-0.052589,-0.007464,0.050218,0.997654,-0.048548,-0.008698,0.047485,0.997737,-0.046125,0.006904,0.048426,0.010000,
0.996910,-0.051194,-0.038359,0.045595,0.997321,-0.052629,-0.007555,0.050230,0.997652,-0.048561,-0.008797,0.047479,0.997737,-0.046126,0.006900,0.048426,0.010000,
0.996910,-0.051194,-0.038359,0.045595,0.997318,-0.052668,-0.007646,0.050243,0.997651,-0.048574,-0.008896,0.047473,0.997737,-0.046127,0.006895,0.048426,0.010000,
0.996910,-0.051194,-0.038359,0.045595,0.997315,-0.052708,-0.007737,0.050255,0.997650,-0.048587,-0.008995,0.047467,0.997737,-0.046128,0.006891,0.048426,0.010000,
0.996910,-0.051194,-0.038359,0.045595,0.997311,-0.052747,-0.007828,0.050267,0.997649,-0.048600,-0.009094,0.047461,0.997737,-0.046128,0.006886,0.048425,0.010000,
0.996910,-0.051194,-0.038359,0.045595,0.997308,-0.052787,-0.007919,0.050279,0.997647,-0.048613,-0.009193,0.047455,0.997737,-0.046129,0.006882,0.048425,0.010000,
0.996910,-0.051194,-0.038359,0.045595,0.997304,-0.052826,-0.008010,0.050292,0.997646,-0.048626,-0.009292,0.047449,0.997737,-0.046130,0.006877,0.048425,0.010000,
0.996910,-0.051194,-0.038359,0.045595,0.997301,-0.052866,-0.008101,0.050304,0.997645,-0.048639,-0.009391,0.047443,0.997737,-0.046131,0.006873,0.048424,0.010000,
0.996910,-0.051194,-0.038359,0.045595,0.997297,-0.052905,-0.008191,0.050317,0.997644,-0.048651,-0.009490,0.047437,0.997737,-0.046132,0.006868,0.048424,0.010000,
0.996910,-0.051194,-0.038359,0.045595,0.997294,-0.052945,-0.008282,0.050329,0.997642,-0.048664,-0.009588,0.047431,0.997737,-0.046132,0.006864,0.048424,0.010000,
0.996910,-0.051194,-0.038359,0.045595,0.997290,-0.052985,-0.008373,0.050341,0.997641,-0.048677,-0.009687,0.047424,0.997737,-0.046133,0.006859,0.048424,0.010000,
0.996910,-0.051194,-0.038359,0.045595,0.997287,-0.053024,-0.008464,0.050354,0.997640,-0.048690,-0.009786,0.047418,0.997737,-0.046134,0.006855,0.048423,0.010000,
0.996910,-0.051194,-0.038359,0.045595,0.997283,-0.053064,-0.008555,0.050366,0.997638,-0.048703,-0.009885,0.047412,0.997737,-0.046135,0.006850,0.048423,0.010000,
0.996910,-0.051194,-0.038359,0.045595,0.997280,-0.053103,-0.008646,0.050379,0.997637,-0.048715,-0.009984,0.047406,0.997737,-0.046136,0.006846,0.048423,0.010000,
0.996910,-0.051194,-0.038359,0.045595,0.997276,-0.053143,-0.008737,0.050391,0.997636,-0.048728,-0.010083,0.047400,0.997737,-0.046136,0.006841,0.048423,0.010000,
0.996910,-0.051194,-0.038359,0.045595,0.997273,-0.053182,-0.008828,0.050404,0.997634,-0.048741,-0.010182,0.047394,0.997737,-0.046137,0.006837,0.048422,0.010000,
0.996910,-0.051194,-0.038359,0.045595,0.997269,-0.053222,-0.008919,0.050417,0.997633,-0.048753,-0.010281,0.047388,0.997737,-0.046138,0.006832,0.048422,0.010000,
0.996910,-0.051194,-0.038359,0.045595,0.997266,-0.053261,-0.009010,0.050429,0.997632,-0.048766,-0.010380,0.047382,0.997737,-0.046139,0.006828,0.048422,0.010000,
0.996910,-0.051194,-0.038359,0.045595,0.997262,-0.053301,-0.009101,0.050442,0.997630,-0.048779,-0.010479,0.047376,0.997737,-0.046140,0.006823,0.048422,0.010000,
0.996910,-0.051194,-0.038359,0.045595,0.997259,-0.053340,-0.009192,0.050455,0.997629,-0.048791,-0.010578,0.047370,0.997737,-0.046140,0.006819,0.048421,0.010000,
0.996910,-0.051194,-0.038359,0.045595,0.997255,-0.053380,-0.009282,0.050467,0.997628,-0.048804,-0.010677,0.047363,0.997737,-0.046141,0.006814,0.048421,0.010000,
0.996910,-0.051194,-0.038359,0.045595,0.997251,-0.053419,-0.009373,0.050480,0.997626,-0.048816,-0.010776,0.047357,0.997737,-0.046142,0.006810,0.048421,0.010000,
0.996910,-0.051194,-0.038359,0.045595,0.997248,-0.053459,-0.009464,0.050493,0.997625,-0.048829,-0.010875,0.047351,0.997737,-0.046143,0.006805,0.048420,0.010000,
0.996910,-0.051194,-0.038359,0.045595,0.997244,-0.053498,-0.009555,0.050505,0.997623,-0.048841,-0.010974,0.047345,0.997737,-0.046144,0.006801,0.048420,0.010000,
0.996910,-0.051194,-0.038359,0.045595,0.997240,-0.053538,-0.009646,0.050518,0.997622,-0.048854,-0.011073,0.047339,0.997737,-0.046144,0.006796,0.048420,0.010000,
0.996910,-0.051194,-0.038359,0.045595,0.997237,-0.053577,-0.009737,0.050531,0.997621,-0.048866,-0.011172,0.047333,0.997737,-0.046145,0.006792,0.048420,0.010000,
0.996910,-0.051194,-0.038359,0.045595,0.997233,-0.053617,-0.009828,0.050544,0.997619,-0.048878,-0.011271,0.047327,0.997737,-0.046146,0.006787,0.048419,0.010000,
0.996910,-0.051194,-0.038359,0.045595,0.997229,-0.053656,-0.009919,0.050557,0.997618,-0.048891,-0.011370,0.047321,0.997737,-0.046147,0.006783,0.048419,0.010000,
0.996910,-0.051194,-0.038359,0.045595,0.997226,-0.053696,-0.010010,0.050570,0.997616,-0.048903,-0.011469,0.047314,0.997737,-0.046148,0.006778,0.048419,0.010000,
0.996910,-0.051194,-0.038359,0.045595,0.997222,-0.053735,-0.010100,0.050583,0.997615,-0.048915,-0.011568,0.047308,0.997737,-0.046148,0.006774,0.048419,0.010000,
0.996910,-0.051194,-0.038359,0.045595,0.997218,-0.053775,-0.010191,0.050596,0.997613,-0.048928,-0.011667,0.047302,0.997737,-0.046149,0.006769,0.048418,0.010000,
0.996910,-0.051194,-0.038359,0.045595,0.997215,-0.053814,-0.010282,0.050609,0.997612,-0.048940,-0.011766,0.047296,0.997737,-0.046150,0.006765,0.048418,0.010000,
0.996910,-0.051194,-0.038359,0.045595,0.997211,-0.053854,-0.010373,0.050622,0.997610,-0.048952,-0.011865,0.047290,0.997738,-0.046151,0.006760,0.048418,0.010000,
0.996910,-0.051194,-0.038359,0.045595,0.997207,-0.053893,-0.010464,0.050635,0.997609,-0.048964,-0.011964,0.047284,0.997738,-0.046152,0.006756,0.048418,0.010000,
0.996910,-0.051194,-0.038359,0.045595,0.997203,-0.053933,-0.010555,0.050648,0.997607,-0.048976,-0.012063,0.047278,0.997738,-0.046152,0.006751,0.048417,0.010000,
0.996910,-0.051194,-0.038359,0.045595,0.997200,-0.053972,-0.010646,0.050661,0.997606,-0.048989,-0.012162,0.047271,0.997738,-0.046153,0.006747,0.048417,0.010000,
0.996910,-0.051194,-0.038359,0.045595,0.997196,-0.054011,-0.010736,0.050674,0.997604,-0.049001,-0.012261,0.047265,0.997738,-0.046154,0.006742,0.048417,0.010000,
0.996910,-0.051194,-0.038359,0.045595,0.997192,-0.054051,-0.010827,0.050687,0.997603,-0.049013,-0.012360,0.047259,0.997738,-0.046155,0.006738,0.048416,0.010000,
0.996910,-0.051194,-0.038359,0.045595,0.997188,-0.054090,-0.010918,0.050701,0.997601,-0.049025,-0.012459,0.047253,0.997738,-0.046156,0.006733,0.048416,0.010000,
0.996910,-0.051194,-0.038359,0.045595,0.997184,-0.054130,-0.011009,0.050714,0.997600,-0.049037,-0.012558,0.047247,0.997738,-0.046156,0.006729,0.048416,0.010000,
0.996910,-0.051194,-0.038359,0.045595,0.997181,-0.054169,-0.011100,0.050727,0.997598,-0.049049,-0.012657,0.047241,0.997738,-0.046157,0.006724,0.048416,0.010000,
0.996910,-0.051194,-0.038359,0.045595,0.997177,-0.054209,-0.011191,0.050740,0.997597,-0.049061,-0.012756,0.047235,0.997738,-0.046158,0.006720,0.048415,0.010000,
0.996910,-0.051194,-0.038359,0.045595,0.997173,-0.054248,-0.011281,0.050754,0.997595,-0.049073,-0.012855,0.047228,0.997738,-0.046159,0.006715,0.048415,0.010000,
0.996910,-0.051194,-0.038359,0.045595,0.997169,-0.054287,-0.011372,0.050767,0.997594,-0.049085,-0.012954,0.047222,0.997738,-0.046160,0.006711,0.048415,0.010000,
0.996910,-0.051194,-0.038359,0.045595,0.997165,-0.054327,-0.011463,0.050780,0.997592,-0.049096,-0.013053,0.047216,0.997738,-0.046160,0.006706,0.048415,0.010000,
0.996910,-0.051194,-0.038359,0.045595,0.997161,-0.054366,-0.011554,0.050794,0.997590,-0.049108,-0.013152,0.047210,0.997738,-0.046161,0.006702,0.048414,0.010000,
0.996910,-0.051194,-0.038359,0.045595,0.997157,-0.054406,-0.011645,0.050807,0.997589,-0.049120,-0.013251,0.047204,0.997738,-0.046162,0.006697,0.048414,0.010000,
0.996910,-0.051194,-0.038359,0.045595,0.997154,-0.054445,-0.011735,0.050821,0.997587,-0.049132,-0.013351,0.047198,0.997738,-0.046163,0.006693,0.048414,0.010000,
0.996910,-0.051194,-0.038359,0.045595,0.997150,-0.054484,-0.011826,0.050834,0.997586,-0.049144,-0.013450,0.047191,0.997738,-0.046164,0.006688,0.048414,0.010000,
0.996910,-0.051194,-0.038359,0.045595,0.997146,-0.054524,-0.011917,0.050848,0.997584,-0.049155,-0.013549,0.047185,0.997738,-0.046164,0.006684,0.048413,0.010000,
0.996910,-0.051194,-0.038359,0.045595,0.997142,-0.054563,-0.012008,0.050861,0.997582,-0.049167,-0.013648,0.047179,0.997738,-0.046165,0.006679,0.048413,0.010000,
0.996910,-0.051194,-0.038359,0.045595,0.997138,-0.054603,-0.012099,0.050875,0.997581,-0.049179,-0.013747,0.047173,0.997738,-0.046166,0.006675,0.048413,0.010000,
0.996910,-0.051194,-0.038359,0.045595,0.997134,-0.054642,-0.012189,0.050888,0.997579,-0.049190,-0.013846,0.047167,0.997738,-0.046167,0.006670,0.048412,0.010000,
0.996910,-0.051194,-0.038359,0.045595,0.997130,-0.054681,-0.012280,0.050902,0.997577,-0.049202,-0.013945,0.047161,0.997738,-0.046168,0.006666,0.048412,0.010000,
0.996910,-0.051194,-0.038359,0.045595,0.997126,-0.054721,-0.012371,0.050916,0.997576,-0.049214,-0.014044,0.047154,0.997738,-0.046168,0.006661,0.048412,0.010000,
0.996910,-0.051194,-0.038359,0.045595,0.997122,-0.054760,-0.012462,0.050930,0.997574,-0.049225,-0.014143,0.047148,0.997738,-0.046169,0.006657,0.048412,0.010000,
0.996910,-0.051194,-0.038359,0.045595,0.997118,-0.054799,-0.012552,0.050943,0.997572,-0.049237,-0.014242,0.047142,0.997738,-0.046170,0.006652,0.048411,0.010000,
0.996910,-0.051194,-0.038359,0.045595,0.997114,-0.054839,-0.012643,0.050957,0.997571,-0.049248,-0.014341,0.047136,0.997738,-0.046171,0.006648,0.048411,0.010000,
0.996910,-0.051194,-0.038359,0.045595,0.997110,-0.054878,-0.012734,0.050971,0.997569,-0.049260,-0.014441,0.047130,0.997738,-0.046171,0.006644,0.048411,0.010000,
0.996910,-0.051194,-0.038359,0.045595,0.997106,-0.054918,-0.012825,0.050985,0.997567,-0.049271,-0.014540,0.047124,0.997738,-0.046172,0.006639,0.048411,0.010000,
0.996910,-0.051194,-0.038359,0.045595,0.997102,-0.054957,-0.012915,0.050999,0.997565,-0.049282,-0.014639,0.047117,0.997738,-0.046173,0.006635,0.048410,0.010000,
0.996910,-0.051194,-0.038359,0.045595,0.997098,-0.054996,-0.013006,0.051012,0.997564,-0.049294,-0.014738,0.047111,0.997738,-0.046174,0.006630,0.048410,0.010000,
0.996910,-0.051194,-0.038359,0.045595,0.997094,-0.055036,-0.013097,0.051026,0.997562,-0.049305,-0.014837,0.047105,0.997738,-0.046175,0.006626,0.048410,0.010000,
0.996910,-0.051194,-0.038359,0.045595,0.997090,-0.055075,-0.013188,0.051040,0.997560,-0.049317,-0.014936,0.047099,0.997738,-0.046175,0.006621,0.048410,0.010000,
0.996910,-0.051194,-0.038359,0.045595,0.997086,-0.055114,-0.013278,0.051054,0.997559,-0.049328,-0.015035,0.047093,0.997738,-0.046176,0.006617,0.048409,0.010000,
0.996910,-0.051194,-0.038359,0.045595,0.997081,-0.055153,-0.013369,0.051068,0.997557,-0.049339,-0.015134,0.047086,0.997738,-0.046177,0.006612,0.048409,0.010000,
0.996910,-0.051194,-0.038359,0.045595,0.997077,-0.055193,-0.013460,0.051082,0.997555,-0.049350,-0.015233,0.047080,0.997738,-0.046178,0.006608,0.048409,0.010000,
0.996910,-0.051194,-0.038359,0.045595,0.997073,-0.055232,-0.013551,0.051097,0.997553,-0.049362,-0.015333,0.047074,0.997738,-0.046179,0.006603,0.048409,0.010000,
0.996910,-0.051194,-0.038359,0.045595,0.997069,-0.055271,-0.013641,0.051111,0.997551,-0.049373,-0.015432,0.047068,0.997738,-0.046179,0.006599,0.048408,0.010000,
0.996910,-0.051194,-0.038359,0.045595,0.997065,-0.055311,-0.013732,0.051125,0.997550,-0.049384,-0.015531,0.047062,0.997738,-0.046180,0.006594,0.048408,0.010000,
0.996910,-0.051194,-0.038359,0.045595,0.997061,-0.055350,-0.013823,0.051139,0.997548,-0.049395,-0.015630,0.047055,0.997738,-0.046181,0.006590,0.048408,0.010000,
0.996910,-0.051194,-0.038359,0.045595,0.997057,-0.055389,-0.013913,0.051153,0.997546,-0.049406,-0.015729,0.047049,0.997738,-0.046182,0.006585,0.048407,0.010000,
0.996910,-0.051194,-0.038359,0.045595,0.997052,-0.055429,-0.014004,0.051168,0.997544,-0.049417,-0.015828,0.047043,0.997738,-0.046183,0.006581,0.048407,0.010000,
0.996910,-0.051194,-0.038359,0.045595,0.997048,-0.055468,-0.014095,0.051182,0.997542,-0.049428,-0.015927,0.047037,0.997738,-0.046183,0.006576,0.048407,0.010000,
0.996910,-0.051194,-0.038359,0.045595,0.997044,-0.055507,-0.014186,0.051196,0.997540,-0.049439,-0.016027,0.047031,0.997738,-0.046184,0.006572,0.048407,0.010000,
0.996910,-0.051194,-0.038359,0.045595,0.997040,-0.055546,-0.014276,0.051211,0.997539,-0.049450,-0.016126,0.047024,0.997738,-0.046185,0.006567,0.048406,0.010000,
0.996910,-0.051194,-0.038359,0.045595,0.997036,-0.055586,-0.014367,0.051225,0.997537,-0.049461,-0.016225,0.047018,0.997738,-0.046186,0.006563,0.048406,0.010000,
0.996910,-0.051194,-0.038359,0.045595,0.997031,-0.055625,-0.014458,0.051239,0.997535,-0.049472,-0.016324,0.047012,0.997738,-0.046187,0.006558,0.048406,0.010000,
0.996910,-0.051194,-0.038359,0.045595,0.997027,-0.055664,-0.014548,0.051254,0.997533,-0.049483,-0.016423,0.047006,0.997738,-0.046187,0.006554,0.048406,0.010000,
0.996910,-0.051194,-0.038359,0.045595,0.997023,-0.055703,-0.014639,0.051268,0.997531,-0.049494,-0.016522,0.047000,0.997738,-0.046188,0.006549,0.048405,0.010000,
0.996910,-0.051194,-0.038359,0.045595,0.997018,-0.055743,-0.014730,0.051283,0.997529,-0.049505,-0.016622,0.046993,0.997738,-0.046189,0.006545,0.048405,0.010000,
0.996910,-0.051194,-0.038359,0.045595,0.997014,-0.055782,-0.014820,0.051298,0.997527,-0.049516,-0.016721,0.046987,0.997738,-0.046190,0.006540,0.048405,0.010000,
0.996910,-0.051194,-0.038359,0.045595,0.997010,-0.055821,-0.014911,0.051312,0.997525,-0.049526,-0.016820,0.046981,0.997738,-0.046191,0.006536,0.048405,0.010000,
0.996910,-0.051194,-0.038359,0.045595,0.997006,-0.055860,-0.015002,0.051327,0.997524,-0.049537,-0.016919,0.046975,0.997738,-0.046191,0.006532,0.048404,0.010000,
