-19.828133,-1.661935,-27.363368,-79.578323,-51.327752,22.001295,-82.721847,-56.874865,-12.203810,-21.273256,2.406581,-24.356400,90.000000,
-19.828133,-1.661935,-27.363368,-5.301676,28.859028,-24.587839,22.000794,13.276514,-27.844241,-20.816199,0.369535,-25.765185,90.000000,
-19.828133,-1.661935,-27.363368,-64.713948,-49.113944,5.037581,-76.854776,-22.644134,-13.066351,-20.365716,-0.601473,-26.517543,90.000000,
-19.828133,-1.661935,-27.363368,-4.642143,32.752786,-28.638649,26.453017,19.576785,-19.526976,-20.113595,-1.105066,-26.916904,90.000000,
-19.828133,-1.661935,-27.363368,-60.966328,-48.637457,-1.377968,-72.626727,-23.273910,-14.916133,-19.978954,-1.369138,-27.128027,90.000000,
-19.828133,-1.661935,-27.363368,-5.481768,33.261884,-32.253022,28.663110,20.228507,-18.899344,-19.907666,-1.507909,-27.239404,90.000000,
-19.828133,-1.661935,-27.363368,-60.425887,-49.050769,-4.464779,-71.276975,-22.928142,-15.444531,-19.870035,-1.580891,-27.298096,90.000000,
-19.828133,-1.661935,-27.363368,-6.533969,32.737600,-35.392450,29.439834,20.476061,-18.628945,-19.850198,-1.619286,-27.329007,90.000000,
-19.828133,-1.661935,-27.363368,-60.893118,-49.659659,-6.296794,-70.799294,-22.805777,-15.630156,-19.839749,-1.639490,-27.345281,90.000000,
-19.828133,-1.661935,-27.363368,-7.458456,31.942308,-38.077541,29.715232,20.562766,-18.532411,-19.834248,-1.650123,-27.353848,90.000000,
-19.828133,-1.661935,-27.363368,-61.687460,-50.216095,-7.548491,-70.630316,-22.762094,-15.695594,-19.831351,-1.655718,-27.358357,90.000000,
-19.828133,-1.661935,-27.363368,-8.186213,31.118137,-40.358254,29.812779,20.593349,-18.498125,-19.829827,-1.658663,-27.360731,90.000000,
-19.828133,-1.661935,-27.363368,-62.597294,-50.646763,-8.463399,-70.570510,-22.746585,-15.718726,-19.829024,-1.660213,-27.361980,90.000000,
-19.828133,-1.661935,-27.363368,-8.718212,30.333462,-42.294679,29.847320,20.604163,-18.485973,-19.828602,-1.661029,-27.362638,90.000000,
-19.828133,-1.661935,-27.363368,-63.569388,-50.931499,-9.145732,-70.549339,-22.741088,-15.726911,-19.828380,-1.661458,-27.362984,90.000000,
-19.828133,-1.661935,-27.363368,-9.067904,29.595873,-43.950955,29.859549,20.607989,-18.481669,-19.828263,-1.661684,-27.363166,90.000000,
-19.828133,-1.661935,-27.363368,-64.611124,-51.060916,-9.652751,-70.541844,-22.739141,-15.729808,-19.828201,-1.661803,-27.363262,90.000000,
-19.828133,-1.661935,-27.363368,-9.244846,28.888297,-45.393251,29.863878,20.609343,-18.480145,-19.828169,-1.661866,-27.363312,90.000000,
-19.828133,-1.661935,-27.363368,-65.759779,-51.020876,-10.025016,-70.539191,-22.738452,-15.730833,-19.828152,-1.661899,-27.363339,90.000000,
-19.828133,-1.661935,-27.363368,-9.249279,28.179799,-46.689660,29.865411,20.609823,-18.479605,-19.828143,-1.661916,-27.363353,90.000000,
-19.828133,-1.661935,-27.363368,-67.073590,-50.783776,-10.298703,-70.538252,-22.738208,-15.731196,-19.828138,-1.661925,-27.363360,90.000000,
-19.828133,-1.661935,-27.363368,-9.068810,27.427075,-47.911857,29.865954,20.609993,-18.479414,-19.828135,-1.661930,-27.363364,90.000000,
-19.828133,-1.661935,-27.363368,-68.630083,-50.299050,-10.515348,-70.537919,-22.738122,-15.731325,-19.828134,-1.661933,-27.363366,90.000000,
-19.828133,-1.661935,-27.363368,-8.674253,26.570745,-49.138865,29.866146,20.610053,-18.479347,-19.828133,-1.661934,-27.363367,90.000000,
-19.828133,-1.661935,-27.363368,-70.526174,-49.478160,-10.736803,-70.537801,-22.738091,-15.731370,-19.828133,-1.661935,-27.363368,90.000000,
-19.828133,-1.661935,-27.363368,-8.012920,25.526031,-50.463628,29.866214,20.610074,-18.479323,-19.828133,-1.661935,-27.363368,90.000000,
-19.828133,-1.661935,-27.363368,-72.875430,-48.168097,-11.074503,-70.537760,-22.738080,-15.731387,-19.828133,-1.661935,-27.363368,90.000000,
-19.828133,-1.661935,-27.363368,-6.997720,24.164081,-52.003516,29.866238,20.610081,-18.479314,-19.828133,-1.661935,-27.363368,90.000000,
-19.828133,-1.661935,-27.363368,-75.793284,-46.103416,-11.750044,-70.537745,-22.738077,-15.731392,-19.828133,-1.661935,-27.363368,90.000000,
-19.828133,-1.661935,-27.363368,-5.491016,22.275333,-53.915651,29.866247,20.610084,-18.479311,-19.828133,-1.661935,-27.363368,90.000000,
-19.828133,-1.661935,-27.363368,-79.348360,-42.822531,-13.218151,-70.537740,-22.738075,-15.731394,-19.828133,-1.661935,-27.363368,90.000000,
-19.828133,-1.661935,-27.363368,-3.289082,19.498188,-56.413487,29.866250,20.610085,-18.479310,-19.828133,-1.661935,-27.363368,90.000000,
-19.828133,-1.661935,-27.363368,-83.432903,-37.547106,-16.383138,-70.537738,-22.738075,-15.731395,-19.828133,-1.661935,-27.363368,90.000000,
-19.828133,-1.661935,-27.363368,-0.149194,15.195751,-59.754225,29.866251,20.610085,-18.479310,-19.828133,-1.661935,-27.363368,90.000000,
-19.828133,-1.661935,-27.363368,-87.480372,-29.143373,-22.777360,-70.537737,-22.738075,-15.731395,-19.828133,-1.661935,-27.363368,90.000000,
-19.828133,-1.661935,-27.363368,3.973182,8.371978,-64.045924,29.866251,20.610085,-18.479310,-19.828133,-1.661935,-27.363368,90.000000,
-19.828133,-1.661935,-27.363368,-90.053730,-16.725360,-33.714031,-70.537737,-22.738074,-15.731395,-19.828133,-1.661935,-27.363368,90.000000,
-19.828133,-1.661935,-27.363368,8.240947,-1.683280,-68.418369,29.866251,20.610086,-18.479310,-19.828133,-1.661935,-27.363368,90.000000,
-19.828133,-1.661935,-27.363368,-88.972431,-1.577811,-46.645511,-70.537737,-22.738074,-15.731395,-19.828133,-1.661935,-27.363368,90.000000,
-19.828133,-1.661935,-27.363368,10.947753,-13.124843,-69.897306,29.866251,20.610086,-18.479310,-19.828133,-1.661935,-27.363368,90.000000,
-19.828133,-1.661935,-27.363368,-83.533287,12.260720,-54.620548,-70.537737,-22.738074,-15.731395,-19.828133,-1.661935,-27.363368,90.000000,
-19.828133,-1.661935,-27.363368,11.943553,-22.291736,-66.555169,29.866251,20.610086,-18.479310,-19.828133,-1.661935,-27.363368,90.000000,
-19.828133,-1.661935,-27.363368,-76.377150,22.163717,-55.687528,-70.537737,-22.738074,-15.731395,-19.828133,-1.661935,-27.363368,90.000000,
-19.828133,-1.661935,-27.363368,12.065187,-28.442757,-60.894963,29.866251,20.610086,-18.479310,-19.828133,-1.661935,-27.363368,90.000000,
-19.828133,-1.661935,-27.363368,-70.056180,28.610136,-52.994094,-70.537737,-22.738074,-15.731395,-19.828133,-1.661935,-27.363368,90.000000,
-19.828133,-1.661935,-27.363368,11.637305,-32.358881,-55.151968,29.866251,20.610086,-18.479310,-19.828133,-1.661935,-27.363368,90.000000,
-19.828133,-1.661935,-27.363368,-65.253346,32.820589,-49.139934,-70.537737,-22.738074,-15.731395,-19.828133,-1.661935,-27.363368,90.000000,
-19.828133,-1.661935,-27.363368,11.005409,-34.746137,-50.068997,29.866251,20.610086,-18.479310,-19.828133,-1.661935,-27.363368,90.000000,
-19.828133,-1.661935,-27.363368,-61.817597,35.668987,-45.321194,-70.537737,-22.738074,-15.731395,-19.828133,-1.661935,-27.363368,90.000000,
-19.828133,-1.661935,-27.363368,10.421080,-36.133668,-45.810348,29.866251,20.610086,-18.479310,-19.828133,-1.661935,-27.363368,90.000000,
-19.828133,-1.661935,-27.363368,-59.437684,37.654315,-41.947082,-70.537737,-22.738074,-15.731395,-19.828133,-1.661935,-27.363368,90.000000,
-19.828133,-1.661935,-27.363368,9.999961,-36.876021,-42.337211,29.866251,20.610086,-18.479310,-19.828133,-1.661935,-27.363368,90.000000,
-19.828133,-1.661935,-27.363368,-57.847053,39.057328,-39.102180,-70.537737,-22.738074,-15.731395,-19.828133,-1.661935,-27.363368,90.000000,
-19.828133,-1.661935,-27.363368,9.771239,-37.194606,-39.544204,29.866251,20.610086,-18.479310,-19.828133,-1.661935,-27.363368,90.000000,
-19.828133,-1.661935,-27.363368,-56.851071,40.045318,-36.756821,-70.537737,-22.738074,-15.731395,-19.828133,-1.661935,-27.363368,90.000000,
-19.828133,-1.661935,-27.363368,9.723159,-37.224019,-37.315189,29.866251,20.610086,-18.479310,-19.828133,-1.661935,-27.363368,90.000000,
-19.828133,-1.661935,-27.363368,-56.311766,40.724398,-34.848432,-70.537737,-22.738074,-15.731395,-19.828133,-1.661935,-27.363368,90.000000,
-19.828133,-1.661935,-27.363368,9.828986,-37.046213,-35.544623,29.866251,20.610086,-18.479310,-19.828133,-1.661935,-27.363368,90.000000,
-19.828133,-1.661935,-27.363368,-56.130003,41.165011,-33.310763,-70.537737,-22.738074,-15.731395,-19.828133,-1.661935,-27.363368,90.000000,
-19.828133,-1.661935,-27.363368,10.059148,-36.712107,-34.143746,29.866251,20.610086,-18.479310,-19.828133,-1.661935,-27.363368,90.000000,
-19.828133,-1.661935,-27.363368,-56.232533,41.415305,-32.083529,-70.537737,-22.738074,-15.731395,-19.828133,-1.661935,-27.363368,90.000000,
-19.828133,-1.661935,-27.363368,10.386039,-36.254471,-33.040603,29.866251,20.610086,-18.479310,-19.828133,-1.661935,-27.363368,90.000000,
-19.828133,-1.661935,-27.363368,-56.563440,41.508845,-31.114883,-70.537737,-22.738074,-15.731395,-19.828133,-1.661935,-27.363368,90.000000,
-19.828133,-1.661935,-27.363368,10.785429,-35.695492,-32.177974,29.866251,20.610086,-18.479310,-19.828133,-1.661935,-27.363368,90.000000,
-19.828133,-1.661935,-27.363368,-57.078566,41.469453,-30.361335,-70.537737,-22.738074,-15.731395,-19.828133,-1.661935,-27.363368,90.000000,
-19.828133,-1.661935,-27.363368,11.236451,-35.051282,-31.510901,29.866251,20.610086,-18.479310,-19.828133,-1.661935,-27.363368,90.000000,
-19.828133,-1.661935,-27.363368,-57.741770,41.314464,-29.786872,-70.537737,-22.738074,-15.731395,-19.828133,-1.661935,-27.363368,90.000000,
-19.828133,-1.661935,-27.363368,11.721109,-34.334676,-31.004417,29.866251,20.610086,-18.479310,-19.828133,-1.661935,-27.363368,90.000000,
-19.828133,-1.661935,-27.363368,-58.522358,41.057049,-29.361917,-70.537737,-22.738074,-15.731395,-19.828133,-1.661935,-27.363368,90.000000,
-19.828133,-1.661935,-27.363368,12.223669,-33.557053,-30.631658,29.866251,20.610086,-18.479310,-19.828133,-1.661935,-27.363368,90.000000,
-19.828133,-1.661935,-27.363368,-59.393264,40.707973,-29.062402,-70.537737,-22.738074,-15.731395,-19.828133,-1.661935,-27.363368,90.000000,
-19.828133,-1.661935,-27.363368,12.730134,-32.729620,-30.372346,29.866251,20.610086,-18.479310,-19.828133,-1.661935,-27.363368,90.000000,
-19.828133,-1.661935,-27.363368,-60.329768,40.277006,-28.868992,-70.537737,-22.738074,-15.731395,-19.828133,-1.661935,-27.363368,90.000000,
-19.828133,-1.661935,-27.363368,13.227834,-31.864347,-30.211571,29.866251,20.610086,-18.479310,-19.828133,-1.661935,-27.363368,90.000000,
-19.828133,-1.661935,-27.363368,-61.308615,39.774086,-28.766482,-70.537737,-22.738074,-15.731395,-19.828133,-1.661935,-27.363368,90.000000,
-19.828133,-1.661935,-27.363368,13.705189,-30.974666,-30.138765,29.866251,20.610086,-18.479310,-19.828133,-1.661935,-27.363368,90.000000,
-19.828133,-1.661935,-27.363368,-62.307471,39.210305,-28.743312,-70.537737,-22.738074,-15.731395,-19.828133,-1.661935,-27.363368,90.000000,
-19.828133,-1.661935,-27.363368,14.151617,-30.075934,-30.146779,29.866251,20.610086,-18.479310,-19.828133,-1.661935,-27.363368,90.000000,
-19.828133,-1.661935,-27.363368,-63.304668,38.598677,-28.791122,-70.537737,-22.738074,-15.731395,-19.828133,-1.661935,-27.363368,90.000000,
-19.828133,-1.661935,-27.363368,14.557611,-29.185636,-30.230968,29.866251,20.610086,-18.479310,-19.828133,-1.661935,-27.363368,90.000000,
-19.828133,-1.661935,-27.363368,-64.279210,37.954656,-28.904254,-70.537737,-22.738074,-15.731395,-19.828133,-1.661935,-27.363368,90.000000,
-19.828133,-1.661935,-27.363368,14.914953,-28.323248,-30.388202,29.866251,20.610086,-18.479310,-19.828133,-1.661935,-27.363368,90.000000,
-19.828133,-1.661935,-27.363368,-65.210987,37.296288,-29.079107,-70.537737,-22.738074,-15.731395,-19.828133,-1.661935,-27.363368,90.000000,
-19.828133,-1.661935,-27.363368,15.217033,-27.509712,-30.615757,29.866251,20.610086,-18.479310,-19.828133,-1.661935,-27.363368,90.000000,
-19.828133,-1.661935,-27.363368,-66.081153,36.643927,-29.313254,-70.537737,-22.738074,-15.731395,-19.828133,-1.661935,-27.363368,90.000000,
-19.828133,-1.661935,-27.363368,15.459218,-26.766464,-30.910124,29.866251,20.610086,-18.479310,-19.828133,-1.661935,-27.363368,90.000000,
-19.828133,-1.661935,-27.363368,-66.872601,36.019426,-29.604320,-70.537737,-22.738074,-15.731395,-19.828133,-1.661935,-27.363368,90.000000,
-19.828133,-1.661935,-27.363368,15.639198,-26.114067,-31.265799,29.866251,20.610086,-18.479310,-19.828133,-1.661935,-27.363368,90.000000,
-19.828133,-1.661935,-27.363368,-67.570484,35.444824,-29.948686,-70.537737,-22.738074,-15.731395,-19.828133,-1.661935,-27.363368,90.000000,
-19.828133,-1.661935,-27.363368,15.757227,-25.570533,-31.674254,29.866251,20.610086,-18.479310,-19.828133,-1.661935,-27.363368,90.000000,
-19.828133,-1.661935,-27.363368,-68.162735,34.940656,-30.340210,-70.537737,-22.738074,-15.731395,-19.828133,-1.661935,-27.363368,90.000000,
-19.828133,-1.661935,-27.363368,15.816172,-25.149588,-32.123300,29.866251,20.610086,-18.479310,-19.828133,-1.661935,-27.363368,90.000000,
-19.828133,-1.661935,-27.363368,-68.640554,34.524087,-30.769260,-70.537737,-22.738074,-15.731395,-19.828133,-1.661935,-27.363368,90.000000,
-19.828133,-1.661935,-27.363368,15.821329,-24.859127,-32.597067,29.866251,20.610086,-18.479310,-19.828133,-1.661935,-27.363368,90.000000,
-19.828133,-1.661935,-27.363368,-68.998875,34.207222,-31.222348,-70.537737,-22.738074,-15.731395,-19.828133,-1.661935,-27.363368,90.000000,
-19.828133,-1.661935,-27.363368,15.779993,-24.700190,-33.076737,29.866251,20.610086,-18.479310,-19.828133,-1.661935,-27.363368,90.000000,
-19.828133,-1.661935,-27.363368,-69.236755,33.995891,-31.682580,-70.537737,-22.738074,-15.731395,-19.828133,-1.661935,-27.363368,90.000000,
-19.828133,-1.661935,-27.363368,15.700841,-24.666683,-33.541995,29.866251,20.610086,-18.479310,-19.828133,-1.661935,-27.363368,90.000000,
-19.828133,-1.661935,-27.363368,-69.357647,33.889186,-32.130960,-70.537737,-22.738074,-15.731395,-19.828133,-1.661935,-27.363368,90.000000,
-19.828133,-1.661935,-27.363368,15.593207,-24.745948,-33.972968,29.866251,20.610086,-18.479310,-19.828133,-1.661935,-27.363368,90.000000,
-19.828133,-1.661935,-27.363368,-69.369442,33.879849,-32.548322,-70.537737,-22.738074,-15.731395,-19.828133,-1.661935,-27.363368,90.000000,
-19.828133,-1.661935,-27.363368,15.466379,-24.920093,-34.352271,29.866251,20.610086,-18.479310,-19.828133,-1.661935,-27.363368,90.000000,
-19.828133,-1.661935,-27.363368,-69.284175,33.955418,-32.917471,-70.537737,-22.738074,-15.731395,-19.828133,-1.661935,-27.363368,90.000000,
-19.828133,-1.661935,-27.363368,15.328999,-25.167853,-34.666728,29.866251,20.610086,-18.479310,-19.828133,-1.661935,-27.363368,90.000000,
-19.828133,-1.661935,-27.363368,-69.117327,34.099899,-33.225070,-70.537737,-22.738074,-15.731395,-19.828133,-1.661935,-27.363368,90.000000,
-19.828133,-1.661935,-27.363368,15.188655,-25.466636,-34.908433,29.866251,20.610086,-18.479310,-19.828133,-1.661935,-27.363368,90.000000,
-19.828133,-1.661935,-27.363368,-68.886769,34.295613,-33.462865,-70.537737,-22.738074,-15.731395,-19.828133,-1.661935,-27.363368,90.000000,
-19.828133,-1.661935,-27.363368,15.051659,-25.794425,-35.075006,29.866251,20.610086,-18.479310,-19.828133,-1.661935,-27.363368,90.000000,
-19.828133,-1.661935,-27.363368,-68.611463,34.524906,-33.628063,-70.537737,-22.738074,-15.731395,-19.828133,-1.661935,-27.363368,90.000000,
-19.828133,-1.661935,-27.363368,14.922998,-26.131290,-35.169099,29.866251,20.610086,-18.479310,-19.828133,-1.661935,-27.363368,90.000000,
-19.828133,-1.661935,-27.363368,-68.310138,34.771487,-33.722914,-70.537737,-22.738074,-15.731395,-19.828133,-1.661935,-27.363368,90.000000,
-19.828133,-1.661935,-27.363368,14.806398,-26.460376,-35.197370,29.866251,20.610086,-18.479310,-19.828133,-1.661935,-27.363368,90.000000,
-19.828133,-1.661935,-27.363368,-68.000114,35.021302,-33.753718,-70.537737,-22.738074,-15.731395,-19.828133,-1.661935,-27.363368,90.000000,
-19.828133,-1.661935,-27.363368,14.704450,-26.768385,-35.169211,29.866251,20.610086,-18.479310,-19.828133,-1.661935,-27.363368,90.000000,
-19.828133,-1.661935,-27.363368,-67.696432,35.262952,-33.729555,-70.537737,-22.738074,-15.731395,-19.828133,-1.661935,-27.363368,90.000000,
-19.828133,-1.661935,-27.363368,14.618753,-27.045611,-35.095477,29.866251,20.610086,-18.479310,-19.828133,-1.661935,-27.363368,90.000000,
-19.828133,-1.661935,-27.363368,-67.411331,35.487750,-33.660998,-70.537737,-22.738074,-15.731395,-19.828133,-1.661935,-27.363368,90.000000,
-19.828133,-1.661935,-27.363368,14.550056,-27.285684,-34.987391,29.866251,20.610086,-18.479310,-19.828133,-1.661935,-27.363368,90.000000,
-19.828133,-1.661935,-27.363368,-67.154067,35.689538,-33.559005,-70.537737,-22.738074,-15.731395,-19.828133,-1.661935,-27.363368,90.000000,
-19.828133,-1.661935,-27.363368,14.498390,-27.485128,-34.855710,29.866251,20.610086,-18.479310,-19.828133,-1.661935,-27.363368,90.000000,
-19.828133,-1.661935,-27.363368,-66.930989,35.864369,-33.434085,-70.537737,-22.738074,-15.731395,-19.828133,-1.661935,-27.363368,90.000000,
-19.828133,-1.661935,-27.363368,14.463186,-27.642854,-34.710176,29.866251,20.610086,-18.479310,-19.828133,-1.661935,-27.363368,90.000000,
-19.828133,-1.661935,-27.363368,-66.745809,36.010141,-33.295733,-70.537737,-22.738074,-15.731395,-19.828133,-1.661935,-27.363368,90.000000,
-19.828133,-1.661935,-27.363368,14.443384,-27.759645,-34.559206,29.866251,20.610086,-18.479310,-19.828133,-1.661935,-27.363368,90.000000,
-19.828133,-1.661935,-27.363368,-66.599966,36.126240,-33.152131,-70.537737,-22.738074,-15.731395,-19.828133,-1.661935,-27.363368,90.000000,
-19.828133,-1.661935,-27.363368,14.437537,-27.837702,-34.409769,29.866251,20.610086,-18.479310,-19.828133,-1.661935,-27.363368,90.000000,
-19.828133,-1.661935,-27.363368,-66.493032,36.213219,-33.010028,-70.537737,-22.738074,-15.731395,-19.828133,-1.661935,-27.363368,90.000000,
-19.828133,-1.661935,-27.363368,14.443915,-27.880244,-34.267405,29.866251,20.610086,-18.479310,-19.828133,-1.661935,-27.363368,90.000000,
-19.828133,-1.661935,-27.363368,-66.423110,36.272526,-32.874762,-70.537737,-22.738074,-15.731395,-19.828133,-1.661935,-27.363368,90.000000,
-19.828133,-1.661935,-27.363368,14.460595,-27.891185,-34.136320,29.866251,20.610086,-18.479310,-19.828133,-1.661935,-27.363368,90.000000,
-19.828133,-1.661935,-27.363368,-66.387203,36.306276,-32.750360,-70.537737,-22.738074,-15.731395,-19.828133,-1.661935,-27.363368,90.000000,
-19.828133,-1.661935,-27.363368,14.485553,-27.874873,-34.019525,29.866251,20.610086,-18.479310,-19.828133,-1.661935,-27.363368,90.000000,
-19.828133,-1.661935,-27.363368,-66.381540,36.317074,-32.639680,-70.537737,-22.738074,-15.731395,-19.828133,-1.661935,-27.363368,90.000000,
-19.828133,-1.661935,-27.363368,14.516745,-27.835877,-33.918987,29.866251,20.610086,-18.479310,-19.828133,-1.661935,-27.363368,90.000000,
-19.828133,-1.661935,-27.363368,-66.401848,36.307856,-32.544569,-70.537737,-22.738074,-15.731395,-19.828133,-1.661935,-27.363368,90.000000,
-19.828133,-1.661935,-27.363368,14.552178,-27.778826,-33.835789,29.866251,20.610086,-18.479310,-19.828133,-1.661935,-27.363368,90.000000,
-19.828133,-1.661935,-27.363368,-66.443594,36.281769,-32.466019,-70.537737,-22.738074,-15.731395,-19.828133,-1.661935,-27.363368,90.000000,
-19.828133,-1.661935,-27.363368,14.589973,-27.708267,-33.770262,29.866251,20.610086,-18.479310,-19.828133,-1.661935,-27.363368,90.000000,
-19.828133,-1.661935,-27.363368,-66.502174,36.242060,-32.404308,-70.537737,-22.738074,-15.731395,-19.828133,-1.661935,-27.363368,90.000000,
-19.828133,-1.661935,-27.363368,14.628413,-27.628558,-33.722120,29.866251,20.610086,-18.479310,-19.828133,-1.661935,-27.363368,90.000000,
-19.828133,-1.661935,-27.363368,-66.573073,36.191983,-32.359125,-70.537737,-22.738074,-15.731395,-19.828133,-1.661935,-27.363368,90.000000,
-19.828133,-1.661935,-27.363368,14.665989,-27.543769,-33.690564,29.866251,20.610086,-18.479310,-19.828133,-1.661935,-27.363368,90.000000,
-19.828133,-1.661935,-27.363368,-66.651998,36.134708,-32.329680,-70.537737,-22.738074,-15.731395,-19.828133,-1.661935,-27.363368,90.000000,
-19.828133,-1.661935,-27.363368,14.701419,-27.457608,-33.674382,29.866251,20.610086,-18.479310,-19.828133,-1.661935,-27.363368,90.000000,
-19.828133,-1.661935,-27.363368,-66.734980,36.073245,-32.314800,-70.537737,-22.738074,-15.731395,-19.828133,-1.661935,-27.363368,90.000000,
-19.828133,-1.661935,-27.363368,14.733674,-27.373351,-33.672036,29.866251,20.610086,-18.479310,-19.828133,-1.661935,-27.363368,90.000000,
-19.828133,-1.661935,-27.363368,-66.818457,36.010372,-32.313012,-70.537737,-22.738074,-15.731395,-19.828133,-1.661935,-27.363368,90.000000,
-19.828133,-1.661935,-27.363368,14.761980,-27.293796,-33.681745,29.866251,20.610086,-18.479310,-19.828133,-1.661935,-27.363368,90.000000,
-19.828133,-1.661935,-27.363368,-66.899330,35.948573,-32.322618,-70.537737,-22.738074,-15.731395,-19.828133,-1.661935,-27.363368,90.000000,
-19.828133,-1.661935,-27.363368,14.785815,-27.221222,-33.701556,29.866251,20.610086,-18.479310,-19.828133,-1.661935,-27.363368,90.000000,
-19.828133,-1.661935,-27.363368,-66.975010,35.889988,-32.341766,-70.537737,-22.738074,-15.731395,-19.828133,-1.661935,-27.363368,90.000000,
-19.828133,-1.661935,-27.363368,14.804898,-27.157373,-33.729424,29.866251,20.610086,-18.479310,-19.828133,-1.661935,-27.363368,90.000000,
-19.828133,-1.661935,-27.363368,-67.043435,35.836374,-32.368520,-70.537737,-22.738074,-15.731395,-19.828133,-1.661935,-27.363368,90.000000,
-19.828133,-1.661935,-27.363368,14.819167,-27.103457,-33.763279,29.866251,20.610086,-18.479310,-19.828133,-1.661935,-27.363368,90.000000,
-19.828133,-1.661935,-27.363368,-67.103076,35.789085,-32.400921,-70.537737,-22.738074,-15.731395,-19.828133,-1.661935,-27.363368,90.000000,
-19.828133,-1.661935,-27.363368,14.828751,-27.060159,-33.801093,29.866251,20.610086,-18.479310,-19.828133,-1.661935,-27.363368,90.000000,
-19.828133,-1.661935,-27.363368,-67.152925,35.749065,-32.437053,-70.537737,-22.738074,-15.731395,-19.828133,-1.661935,-27.363368,90.000000,
-19.828133,-1.661935,-27.363368,14.833945,-27.027680,-33.840947,29.866251,20.610086,-18.479310,-19.828133,-1.661935,-27.363368,90.000000,
-19.828133,-1.661935,-27.363368,-67.192464,35.716860,-32.475098,-70.537737,-22.738074,-15.731395,-19.828133,-1.661935,-27.363368,90.000000,
-19.828133,-1.661935,-27.363368,14.835169,-27.005782,-33.881083,29.866251,20.610086,-18.479310,-19.828133,-1.661935,-27.363368,90.000000,
-19.828133,-1.661935,-27.363368,-67.221628,35.692640,-32.513391,-70.537737,-22.738074,-15.731395,-19.828133,-1.661935,-27.363368,90.000000,
-19.828133,-1.661935,-27.363368,14.832939,-26.993852,-33.919950,29.866251,20.610086,-18.479310,-19.828133,-1.661935,-27.363368,90.000000,
-19.828133,-1.661935,-27.363368,-67.240747,35.676242,-32.550463,-70.537737,-22.738074,-15.731395,-19.828133,-1.661935,-27.363368,90.000000,
-19.828133,-1.661935,-27.363368,14.827832,-26.990970,-33.956245,29.866251,20.610086,-18.479310,-19.828133,-1.661935,-27.363368,90.000000,
-19.828133,-1.661935,-27.363368,-67.250486,35.667215,-32.585076,-70.537737,-22.738074,-15.731395,-19.828133,-1.661935,-27.363368,90.000000,
-19.828133,-1.661935,-27.363368,14.820452,-26.995990,-33.988931,29.866251,20.610086,-18.479310,-19.828133,-1.661935,-27.363368,90.000000,
-19.828133,-1.661935,-27.363368,-67.251779,35.664880,-32.616243,-70.537737,-22.738074,-15.731395,-19.828133,-1.661935,-27.363368,90.000000,
-19.828133,-1.661935,-27.363368,14.811406,-27.007613,-34.017246,29.866251,20.610086,-18.479310,-19.828133,-1.661935,-27.363368,90.000000,
-19.828133,-1.661935,-27.363368,-67.245752,35.668388,-32.643238,-70.537737,-22.738074,-15.731395,-19.828133,-1.661935,-27.363368,90.000000,
-19.828133,-1.661935,-27.363368,14.801278,-27.024459,-34.040701,29.866251,20.610086,-18.479310,-19.828133,-1.661935,-27.363368,90.000000,
-19.828133,-1.661935,-27.363368,-67.233662,35.676775,-32.665597,-70.537737,-22.738074,-15.731395,-19.828133,-1.661935,-27.363368,90.000000,
-19.828133,-1.661935,-27.363368,14.790609,-27.045139,-34.059068,29.866251,20.610086,-18.479310,-19.828133,-1.661935,-27.363368,90.000000,
-19.828133,-1.661935,-27.363368,-67.216824,35.689024,-32.683099,-70.537737,-22.738074,-15.731395,-19.828133,-1.661935,-27.363368,90.000000,
-19.828133,-1.661935,-27.363368,14.779883,-27.068310,-34.072349,29.866251,20.610086,-18.479310,-19.828133,-1.661935,-27.363368,90.000000,
-19.828133,-1.661935,-27.363368,-67.196552,35.704109,-32.695748,-70.537737,-22.738074,-15.731395,-19.828133,-1.661935,-27.363368,90.000000,
-19.828133,-1.661935,-27.363368,14.769517,-27.092723,-34.080747,29.866251,20.610086,-18.479310,-19.828133,-1.661935,-27.363368,90.000000,
-19.828133,-1.661935,-27.363368,-67.174110,35.721044,-32.703738,-70.537737,-22.738074,-15.731395,-19.828133,-1.661935,-27.363368,90.000000,
-19.828133,-1.661935,-27.363368,14.759854,-27.117261,-34.084633,29.866251,20.610086,-18.479310,-19.828133,-1.661935,-27.363368,90.000000,
-19.828133,-1.661935,-27.363368,-67.150668,35.738911,-32.707422,-70.537737,-22.738074,-15.731395,-19.828133,-1.661935,-27.363368,90.000000,
-19.828133,-1.661935,-27.363368,14.751159,-27.140964,-34.084499,29.866251,20.610086,-18.479310,-19.828133,-1.661935,-27.363368,90.000000,
-19.828133,-1.661935,-27.363368,-67.127264,35.756893,-32.707273,-70.537737,-22.738074,-15.731395,-19.828133,-1.661935,-27.363368,90.000000,
-19.828133,-1.661935,-27.363368,14.743626,-27.163046,-34.080927,29.866251,20.610086,-18.479310,-19.828133,-1.661935,-27.363368,90.000000,
-19.828133,-1.661935,-27.363368,-67.104791,35.774286,-32.703845,-70.537737,-22.738074,-15.731395,-19.828133,-1.661935,-27.363368,90.000000,
-19.828133,-1.661935,-27.363368,14.737373,-27.182893,-34.074549,29.866251,20.610086,-18.479310,-19.828133,-1.661935,-27.363368,90.000000,
-19.828133,-1.661935,-27.363368,-67.083975,35.790512,-32.697743,-70.537737,-22.738074,-15.731395,-19.828133,-1.661935,-27.363368,90.000000,
-19.828133,-1.661935,-27.363368,14.732456,-27.200072,-34.066013,29.866251,20.610086,-18.479310,-19.828133,-1.661935,-27.363368,90.000000,
-19.828133,-1.661935,-27.363368,-67.065375,35.805122,-32.689586,-70.537737,-22.738074,-15.731395,-19.828133,-1.661935,-27.363368,90.000000,
-19.828133,-1.661935,-27.363368,14.728872,-27.214312,-34.055956,29.866251,20.610086,-18.479310,-19.828133,-1.661935,-27.363368,90.000000,
-19.828133,-1.661935,-27.363368,-67.049383,35.817795,-32.679984,-70.537737,-22.738074,-15.731395,-19.828133,-1.661935,-27.363368,90.000000,
-19.828133,-1.661935,-27.363368,14.726566,-27.225493,-34.044982,29.866251,20.610086,-18.479310,-19.828133,-1.661935,-27.363368,90.000000,
-19.828133,-1.661935,-27.363368,-67.036236,35.828328,-32.669513,-70.537737,-22.738074,-15.731395,-19.828133,-1.661935,-27.363368,90.000000,
-19.828133,-1.661935,-27.363368,14.725445,-27.233629,-34.033641,29.866251,20.610086,-18.479310,-19.828133,-1.661935,-27.363368,90.000000,
-19.828133,-1.661935,-27.363368,-67.026028,35.836631,-32.658697,-70.537737,-22.738074,-15.731395,-19.828133,-1.661935,-27.363368,90.000000,
-19.828133,-1.661935,-27.363368,14.725384,-27.238849,-34.022415,29.866251,20.610086,-18.479310,-19.828133,-1.661935,-27.363368,90.000000,
-19.828133,-1.661935,-27.363368,-67.018728,35.842708,-32.647996,-70.537737,-22.738074,-15.731395,-19.828133,-1.661935,-27.363368,90.000000,
-19.828133,-1.661935,-27.363368,14.726235,-27.241369,-34.011714,29.866251,20.610086,-18.479310,-19.828133,-1.661935,-27.363368,90.000000,
-19.828133,-1.661935,-27.363368,-67.014199,35.846648,-32.637801,-70.537737,-22.738074,-15.731395,-19.828133,-1.661935,-27.363368,90.000000,
-19.828133,-1.661935,-27.363368,14.727838,-27.241480,-34.001867,29.866251,20.610086,-18.479310,-19.828133,-1.661935,-27.363368,90.000000,
-19.828133,-1.661935,-27.363368,-67.012217,35.848606,-32.628425,-70.537737,-22.738074,-15.731395,-19.828133,-1.661935,-27.363368,90.000000,
-19.828133,-1.661935,-27.363368,14.730026,-27.239518,-33.993124,29.866251,20.610086,-18.479310,-19.828133,-1.661935,-27.363368,90.000000,
-19.828133,-1.661935,-27.363368,-67.012497,35.848788,-32.620104,-70.537737,-22.738074,-15.731395,-19.828133,-1.661935,-27.363368,90.000000,
-19.828133,-1.661935,-27.363368,14.732634,-27.235852,-33.985657,29.866251,20.610086,-18.479310,-19.828133,-1.661935,-27.363368,90.000000,
-19.828133,-1.661935,-27.363368,-67.014707,35.847441,-32.613002,-70.537737,-22.738074,-15.731395,-19.828133,-1.661935,-27.363368,90.000000,
-19.828133,-1.661935,-27.363368,14.735505,-27.230860,-33.979566,29.866251,20.610086,-18.479310,-19.828133,-1.661935,-27.363368,90.000000,
-19.828133,-1.661935,-27.363368,-67.018490,35.844829,-32.607213,-70.537737,-22.738074,-15.731395,-19.828133,-1.661935,-27.363368,90.000000,
-19.828133,-1.661935,-27.363368,14.738492,-27.224917,-33.974885,29.866251,20.610086,-18.479310,-19.828133,-1.661935,-27.363368,90.000000,
-19.828133,-1.661935,-27.363368,-67.023480,35.841231,-32.602768,-70.537737,-22.738074,-15.731395,-19.828133,-1.661935,-27.363368,90.000000,
-19.828133,-1.661935,-27.363368,14.741467,-27.218382,-33.971590,29.866251,20.610086,-18.479310,-19.828133,-1.661935,-27.363368,90.000000,
-19.828133,-1.661935,-27.363368,-67.029319,35.836919,-32.599644,-70.537737,-22.738074,-15.731395,-19.828133,-1.661935,-27.363368,90.000000,
-19.828133,-1.661935,-27.363368,14.744319,-27.211584,-33.969609,29.866251,20.610086,-18.479310,-19.828133,-1.661935,-27.363368,90.000000,
-19.828133,-1.661935,-27.363368,-67.035667,35.832158,-32.597773,-70.537737,-22.738074,-15.731395,-19.828133,-1.661935,-27.363368,90.000000,
-19.828133,-1.661935,-27.363368,14.746958,-27.204816,-33.968831,29.866251,20.610086,-18.479310,-19.828133,-1.661935,-27.363368,90.000000,
-19.828133,-1.661935,-27.363368,-67.042212,35.827190,-32.597047,-70.537737,-22.738074,-15.731395,-19.828133,-1.661935,-27.363368,90.000000,
-19.828133,-1.661935,-27.363368,14.749313,-27.198330,-33.969117,29.866251,20.610086,-18.479310,-19.828133,-1.661935,-27.363368,90.000000,
-19.828133,-1.661935,-27.363368,-67.048680,35.822232,-32.597333,-70.537737,-22.738074,-15.731395,-19.828133,-1.661935,-27.363368,90.000000,
-19.828133,-1.661935,-27.363368,14.751336,-27.192330,-33.970305,29.866251,20.610086,-18.479310,-19.828133,-1.661935,-27.363368,90.000000,
-19.828133,-1.661935,-27.363368,-67.054837,35.817469,-32.598477,-70.537737,-22.738074,-15.731395,-19.828133,-1.661935,-27.363368,90.000000,
-19.828133,-1.661935,-27.363368,14.752997,-27.186974,-33.972225,29.866251,20.610086,-18.479310,-19.828133,-1.661935,-27.363368,90.000000,
-19.828133,-1.661935,-27.363368,-67.060495,35.813054,-32.600316,-70.537737,-22.738074,-15.731395,-19.828133,-1.661935,-27.363368,90.000000,
-19.828133,-1.661935,-27.363368,14.754283,-27.182375,-33.974700,29.866251,20.610086,-18.479310,-19.828133,-1.661935,-27.363368,90.000000,
-19.828133,-1.661935,-27.363368,-67.065511,35.809105,-32.602682,-70.537737,-22.738074,-15.731395,-19.828133,-1.661935,-27.363368,90.000000,
-19.828133,-1.661935,-27.363368,14.755201,-27.178599,-33.977559,29.866251,20.610086,-18.479310,-19.828133,-1.661935,-27.363368,90.000000,
-19.828133,-1.661935,-27.363368,-67.069785,35.805706,-32.605413,-70.537737,-22.738074,-15.731395,-19.828133,-1.661935,-27.363368,90.000000,
-19.828133,-1.661935,-27.363368,14.755766,-27.175674,-33.980640,29.866251,20.610086,-18.479310,-19.828133,-1.661935,-27.363368,90.000000,
-19.828133,-1.661935,-27.363368,-67.073261,35.802908,-32.608353,-70.537737,-22.738074,-15.731395,-19.828133,-1.661935,-27.363368,90.000000,
-19.828133,-1.661935,-27.363368,14.756007,-27.173590,-33.983796,29.866251,20.610086,-18.479310,-19.828133,-1.661935,-27.363368,90.000000,
-19.828133,-1.661935,-27.363368,-67.075920,35.800732,-32.611363,-70.537737,-22.738074,-15.731395,-19.828133,-1.661935,-27.363368,90.000000,
-19.828133,-1.661935,-27.363368,14.755960,-27.172308,-33.986896,29.866251,20.610086,-18.479310,-19.828133,-1.661935,-27.363368,90.000000,
-19.828133,-1.661935,-27.363368,-67.077776,35.799174,-32.614319,-70.537737,-22.738074,-15.731395,-19.828133,-1.661935,-27.363368,90.000000,
-19.828133,-1.661935,-27.363368,14.755669,-27.171763,-33.989832,29.866251,20.610086,-18.479310,-19.828133,-1.661935,-27.363368,90.000000,
-19.828133,-1.661935,-27.363368,-67.078872,35.798204,-32.617116,-70.537737,-22.738074,-15.731395,-19.828133,-1.661935,-27.363368,90.000000,
-19.828133,-1.661935,-27.363368,14.755179,-27.171872,-33.992515,29.866251,20.610086,-18.479310,-19.828133,-1.661935,-27.363368,90.000000,
-19.828133,-1.661935,-27.363368,-67.079275,35.797778,-32.619672,-70.537737,-22.738074,-15.731395,-19.828133,-1.661935,-27.363368,90.000000,
-19.828133,-1.661935,-27.363368,14.754536,-27.172538,-33.994878,29.866251,20.610086,-18.479310,-19.828133,-1.661935,-27.363368,90.000000,
-19.828133,-1.661935,-27.363368,-67.079066,35.797833,-32.621922,-70.537737,-22.738074,-15.731395,-19.828133,-1.661935,-27.363368,90.000000,
-19.828133,-1.661935,-27.363368,14.753787,-27.173658,-33.996879,29.866251,20.610086,-18.479310,-19.828133,-1.661935,-27.363368,90.000000,
-19.828133,-1.661935,-27.363368,-67.078341,35.798301,-32.623826,-70.537737,-22.738074,-15.731395,-19.828133,-1.661935,-27.363368,90.000000,
-19.828133,-1.661935,-27.363368,14.752975,-27.175124,-33.998491,29.866251,20.610086,-18.479310,-19.828133,-1.661935,-27.363368,90.000000,
-19.828133,-1.661935,-27.363368,-67.077199,35.799104,-32.625359,-70.537737,-22.738074,-15.731395,-19.828133,-1.661935,-27.363368,90.000000,
-19.828133,-1.661935,-27.363368,14.752139,-27.176833,-33.999709,29.866251,20.610086,-18.479310,-19.828133,-1.661935,-27.363368,90.000000,
-19.828133,-1.661935,-27.363368,-67.075742,35.800166,-32.626516,-70.537737,-22.738074,-15.731395,-19.828133,-1.661935,-27.363368,90.000000,
-19.828133,-1.661935,-27.363368,14.751315,-27.178685,-34.000542,29.866251,20.610086,-18.479310,-19.828133,-1.661935,-27.363368,90.000000,
-19.828133,-1.661935,-27.363368,-67.074071,35.801409,-32.627307,-70.537737,-22.738074,-15.731395,-19.828133,-1.661935,-27.363368,90.000000,
-19.828133,-1.661935,-27.363368,14.750532,-27.180589,-34.001013,29.866251,20.610086,-18.479310,-19.828133,-1.661935,-27.363368,90.000000,
-19.828133,-1.661935,-27.363368,-67.072279,35.802760,-32.627752,-70.537737,-22.738074,-15.731395,-19.828133,-1.661935,-27.363368,90.000000,
-19.828133,-1.661935,-27.363368,14.749814,-27.182467,-34.001156,29.866251,20.610086,-18.479310,-19.828133,-1.661935,-27.363368,90.000000,
-19.828133,-1.661935,-27.363368,-67.070451,35.804154,-32.627885,-70.537737,-22.738074,-15.731395,-19.828133,-1.661935,-27.363368,90.000000,
-19.828133,-1.661935,-27.363368,14.749179,-27.184250,-34.001011,29.866251,20.610086,-18.479310,-19.828133,-1.661935,-27.363368,90.000000,
-19.828133,-1.661935,-27.363368,-67.068662,35.805530,-32.627743,-70.537737,-22.738074,-15.731395,-19.828133,-1.661935,-27.363368,90.000000,
-19.828133,-1.661935,-27.363368,14.748639,-27.185885,-34.000624,29.866251,20.610086,-18.479310,-19.828133,-1.661935,-27.363368,90.000000,
-19.828133,-1.661935,-27.363368,-67.066972,35.806840,-32.627372,-70.537737,-22.738074,-15.731395,-19.828133,-1.661935,-27.363368,90.000000,
-19.828133,-1.661935,-27.363368,14.748201,-27.187331,-34.000045,29.866251,20.610086,-18.479310,-19.828133,-1.661935,-27.363368,90.000000,
-19.828133,-1.661935,-27.363368,-67.065434,35.808043,-32.626818,-70.537737,-22.738074,-15.731395,-19.828133,-1.661935,-27.363368,90.000000,
-19.828133,-1.661935,-27.363368,14.747868,-27.188559,-33.999323,29.866251,20.610086,-18.479310,-19.828133,-1.661935,-27.363368,90.000000,
-19.828133,-1.661935,-27.363368,-67.064083,35.809110,-32.626128,-70.537737,-22.738074,-15.731395,-19.828133,-1.661935,-27.363368,90.000000,
-19.828133,-1.661935,-27.363368,14.747637,-27.189554,-33.998505,29.866251,20.610086,-18.479310,-19.828133,-1.661935,-27.363368,90.000000,
-19.828133,-1.661935,-27.363368,-67.062944,35.810017,-32.625347,-70.537737,-22.738074,-15.731395,-19.828133,-1.661935,-27.363368,90.000000,
-19.828133,-1.661935,-27.363368,14.747503,-27.190312,-33.997635,29.866251,20.610086,-18.479310,-19.828133,-1.661935,-27.363368,90.000000,
-19.828133,-1.661935,-27.363368,-67.062030,35.810755,-32.624517,-70.537737,-22.738074,-15.731395,-19.828133,-1.661935,-27.363368,90.000000,
-19.828133,-1.661935,-27.363368,14.747456,-27.190836,-33.996755,29.866251,20.610086,-18.479310,-19.828133,-1.661935,-27.363368,90.000000,
-19.828133,-1.661935,-27.363368,-67.061344,35.811319,-32.623678,-70.537737,-22.738074,-15.731395,-19.828133,-1.661935,-27.363368,90.000000,
-19.828133,-1.661935,-27.363368,14.747487,-27.191141,-33.995899,29.866251,20.610086,-18.479310,-19.828133,-1.661935,-27.363368,90.000000,
-19.828133,-1.661935,-27.363368,-67.060880,35.811712,-32.622862,-70.537737,-22.738074,-15.731395,-19.828133,-1.661935,-27.363368,90.000000,
-19.828133,-1.661935,-27.363368,14.747583,-27.191245,-33.995095,29.866251,20.610086,-18.479310,-19.828133,-1.661935,-27.363368,90.000000,
-19.828133,-1.661935,-27.363368,-67.060624,35.811944,-32.622096,-70.537737,-22.738074,-15.731395,-19.828133,-1.661935,-27.363368,90.000000,
-19.828133,-1.661935,-27.363368,14.747731,-27.191174,-33.994368,29.866251,20.610086,-18.479310,-19.828133,-1.661935,-27.363368,90.000000,
-19.828133,-1.661935,-27.363368,-67.060556,35.812028,-32.621403,-70.537737,-22.738074,-15.731395,-19.828133,-1.661935,-27.363368,90.000000,
-19.828133,-1.661935,-27.363368,14.747918,-27.190955,-33.993733,29.866251,20.610086,-18.479310,-19.828133,-1.661935,-27.363368,90.000000,
-19.828133,-1.661935,-27.363368,-67.060652,35.811983,-32.620799,-70.537737,-22.738074,-15.731395,-19.828133,-1.661935,-27.363368,90.000000,
-19.828133,-1.661935,-27.363368,14.748133,-27.190616,-33.993201,29.866251,20.610086,-18.479310,-19.828133,-1.661935,-27.363368,90.000000,
-19.828133,-1.661935,-27.363368,-67.060886,35.811828,-32.620293,-70.537737,-22.738074,-15.731395,-19.828133,-1.661935,-27.363368,90.000000,
-19.828133,-1.661935,-27.363368,14.748362,-27.190188,-33.992779,29.866251,20.610086,-18.479310,-19.828133,-1.661935,-27.363368,90.000000,
-19.828133,-1.661935,-27.363368,-67.061228,35.811584,-32.619892,-70.537737,-22.738074,-15.731395,-19.828133,-1.661935,-27.363368,90.000000,
-19.828133,-1.661935,-27.363368,14.748595,-27.189700,-33.992466,29.866251,20.610086,-18.479310,-19.828133,-1.661935,-27.363368,90.000000,
-19.828133,-1.661935,-27.363368,-67.061651,35.811274,-32.619594,-70.537737,-22.738074,-15.731395,-19.828133,-1.661935,-27.363368,90.000000,
-19.828133,-1.661935,-27.363368,14.748823,-27.189178,-33.992259,29.866251,20.610086,-18.479310,-19.828133,-1.661935,-27.363368,90.000000,
-19.828133,-1.661935,-27.363368,-67.062128,35.810919,-32.619398,-70.537737,-22.738074,-15.731395,-19.828133,-1.661935,-27.363368,90.000000,
-19.828133,-1.661935,-27.363368,14.749037,-27.188647,-33.992151,29.866251,20.610086,-18.479310,-19.828133,-1.661935,-27.363368,90.000000,
-19.828133,-1.661935,-27.363368,-67.062632,35.810538,-32.619296,-70.537737,-22.738074,-15.731395,-19.828133,-1.661935,-27.363368,90.000000,
-19.828133,-1.661935,-27.363368,14.749232,-27.188128,-33.992132,29.866251,20.610086,-18.479310,-19.828133,-1.661935,-27.363368,90.000000,
-19.828133,-1.661935,-27.363368,-67.063141,35.810149,-32.619279,-70.537737,-22.738074,-15.731395,-19.828133,-1.661935,-27.363368,90.000000,
-19.828133,-1.661935,-27.363368,14.749403,-27.187640,-33.992190,29.866251,20.610086,-18.479310,-19.828133,-1.661935,-27.363368,90.000000,
-19.828133,-1.661935,-27.363368,-67.063635,35.809769,-32.619335,-70.537737,-22.738074,-15.731395,-19.828133,-1.661935,-27.363368,90.000000,
-19.828133,-1.661935,-27.363368,14.749547,-27.187196,-33.992312,29.866251,20.610086,-18.479310,-19.828133,-1.661935,-27.363368,90.000000,
-19.828133,-1.661935,-27.363368,-67.064097,35.809410,-32.619452,-70.537737,-22.738074,-15.731395,-19.828133,-1.661935,-27.363368,90.000000,
-19.828133,-1.661935,-27.363368,14.749662,-27.186807,-33.992484,29.866251,20.610086,-18.479310,-19.828133,-1.661935,-27.363368,90.000000,
-19.828133,-1.661935,-27.363368,-67.064514,35.809083,-32.619617,-70.537737,-22.738074,-15.731395,-19.828133,-1.661935,-27.363368,90.000000,
-19.828133,-1.661935,-27.363368,14.749748,-27.186480,-33.992693,29.866251,20.610086,-18.479310,-19.828133,-1.661935,-27.363368,90.000000,
-19.828133,-1.661935,-27.363368,-67.064877,35.808796,-32.619817,-70.537737,-22.738074,-15.731395,-19.828133,-1.661935,-27.363368,90.000000,
-19.828133,-1.661935,-27.363368,14.749806,-27.186218,-33.992926,29.866251,20.610086,-18.479310,-19.828133,-1.661935,-27.363368,90.000000,
-19.828133,-1.661935,-27.363368,-67.065180,35.808554,-32.620039,-70.537737,-22.738074,-15.731395,-19.828133,-1.661935,-27.363368,90.000000,
-19.828133,-1.661935,-27.363368,14.749837,-27.186023,-33.993170,29.866251,20.610086,-18.479310,-19.828133,-1.661935,-27.363368,90.000000,
-19.828133,-1.661935,-27.363368,-67.065419,35.808360,-32.620272,-70.537737,-22.738074,-15.731395,-19.828133,-1.661935,-27.363368,90.000000,
-19.828133,-1.661935,-27.363368,14.749845,-27.185892,-33.993414,29.866251,20.610086,-18.479310,-19.828133,-1.661935,-27.363368,90.000000,
-19.828133,-1.661935,-27.363368,-67.065595,35.808214,-32.620505,-70.537737,-22.738074,-15.731395,-19.828133,-1.661935,-27.363368,90.000000,
-19.828133,-1.661935,-27.363368,14.749832,-27.185821,-33.993650,29.866251,20.610086,-18.479310,-19.828133,-1.661935,-27.363368,90.000000,
-19.828133,-1.661935,-27.363368,-67.065710,35.808116,-32.620730,-70.537737,-22.738074,-15.731395,-19.828133,-1.661935,-27.363368,90.000000,
-19.828133,-1.661935,-27.363368,14.749801,-27.185804,-33.993870,29.866251,20.610086,-18.479310,-19.828133,-1.661935,-27.363368,90.000000,
-19.828133,-1.661935,-27.363368,-67.065769,35.808061,-32.620939,-70.537737,-22.738074,-15.731395,-19.828133,-1.661935,-27.363368,90.000000,
-19.828133,-1.661935,-27.363368,14.749757,-27.185834,-33.994067,29.866251,20.610086,-18.479310,-19.828133,-1.661935,-27.363368,90.000000,
-19.828133,-1.661935,-27.363368,-67.065776,35.808047,-32.621127,-70.537737,-22.738074,-15.731395,-19.828133,-1.661935,-27.363368,90.000000,
-19.828133,-1.661935,-27.363368,14.749702,-27.185904,-33.994237,29.866251,20.610086,-18.479310,-19.828133,-1.661935,-27.363368,90.000000,
-19.828133,-1.661935,-27.363368,-67.065739,35.808067,-32.621289,-70.537737,-22.738074,-15.731395,-19.828133,-1.661935,-27.363368,90.000000,
-19.828133,-1.661935,-27.363368,14.749641,-27.186006,-33.994378,29.866251,20.610086,-18.479310,-19.828133,-1.661935,-27.363368,90.000000,
-19.828133,-1.661935,-27.363368,-67.065666,35.808117,-32.621423,-70.537737,-22.738074,-15.731395,-19.828133,-1.661935,-27.363368,90.000000,
-19.828133,-1.661935,-27.363368,14.749577,-27.186130,-33.994489,29.866251,20.610086,-18.479310,-19.828133,-1.661935,-27.363368,90.000000,
-19.828133,-1.661935,-27.363368,-67.065564,35.808190,-32.621528,-70.537737,-22.738074,-15.731395,-19.828133,-1.661935,-27.363368,90.000000,
-19.828133,-1.661935,-27.363368,14.749512,-27.186269,-33.994569,29.866251,20.610086,-18.479310,-19.828133,-1.661935,-27.363368,90.000000,
-19.828133,-1.661935,-27.363368,-67.065442,35.808280,-32.621604,-70.537737,-22.738074,-15.731395,-19.828133,-1.661935,-27.363368,90.000000,
-19.828133,-1.661935,-27.363368,14.749449,-27.186416,-33.994619,29.866251,20.610086,-18.479310,-19.828133,-1.661935,-27.363368,90.000000,
-19.828133,-1.661935,-27.363368,-67.065307,35.808382,-32.621652,-70.537737,-22.738074,-15.731395,-19.828133,-1.661935,-27.363368,90.000000,
-19.828133,-1.661935,-27.363368,14.749390,-27.186564,-33.994643,29.866251,20.610086,-18.479310,-19.828133,-1.661935,-27.363368,90.000000,
-19.828133,-1.661935,-27.363368,-67.065165,35.808489,-32.621674,-70.537737,-22.738074,-15.731395,-19.828133,-1.661935,-27.363368,90.000000,
-19.828133,-1.661935,-27.363368,14.749337,-27.186707,-33.994643,29.866251,20.610086,-18.479310,-19.828133,-1.661935,-27.363368,90.000000,
-19.828133,-1.661935,-27.363368,-67.065024,35.808597,-32.621674,-70.537737,-22.738074,-15.731395,-19.828133,-1.661935,-27.363368,90.000000,
-19.828133,-1.661935,-27.363368,14.749292,-27.186840,-33.994622,29.866251,20.610086,-18.479310,-19.828133,-1.661935,-27.363368,90.000000,
-19.828133,-1.661935,-27.363368,-67.064888,35.808702,-32.621654,-70.537737,-22.738074,-15.731395,-19.828133,-1.661935,-27.363368,90.000000,
-19.828133,-1.661935,-27.363368,14.749253,-27.186961,-33.994585,29.866251,20.610086,-18.479310,-19.828133,-1.661935,-27.363368,90.000000,
-19.828133,-1.661935,-27.363368,-67.064762,35.808800,-32.621618,-70.537737,-22.738074,-15.731395,-19.828133,-1.661935,-27.363368,90.000000,
-19.828133,-1.661935,-27.363368,14.749223,-27.187065,-33.994534,29.866251,20.610086,-18.479310,-19.828133,-1.661935,-27.363368,90.000000,
-19.828133,-1.661935,-27.363368,-67.064649,35.808889,-32.621569,-70.537737,-22.738074,-15.731395,-19.828133,-1.661935,-27.363368,90.000000,
-19.828133,-1.661935,-27.363368,14.749201,-27.187152,-33.994473,29.866251,20.610086,-18.479310,-19.828133,-1.661935,-27.363368,90.000000,
-19.828133,-1.661935,-27.363368,-67.064551,35.808966,-32.621512,-70.537737,-22.738074,-15.731395,-19.828133,-1.661935,-27.363368,90.000000,
-19.828133,-1.661935,-27.363368,14.749187,-27.187220,-33.994408,29.866251,20.610086,-18.479310,-19.828133,-1.661935,-27.363368,90.000000,
-19.828133,-1.661935,-27.363368,-67.064471,35.809030,-32.621449,-70.537737,-22.738074,-15.731395,-19.828133,-1.661935,-27.363368,90.000000,
-19.828133,-1.661935,-27.363368,14.749180,-27.187270,-33.994339,29.866251,20.610086,-18.479310,-19.828133,-1.661935,-27.363368,90.000000,
-19.828133,-1.661935,-27.363368,-67.064409,35.809081,-32.621383,-70.537737,-22.738074,-15.731395,-19.828133,-1.661935,-27.363368,90.000000,
-19.828133,-1.661935,-27.363368,14.749179,-27.187303,-33.994271,29.866251,20.610086,-18.479310,-19.828133,-1.661935,-27.363368,90.000000,
-19.828133,-1.661935,-27.363368,-67.064364,35.809119,-32.621319,-70.537737,-22.738074,-15.731395,-19.828133,-1.661935,-27.363368,90.000000,
-19.828133,-1.661935,-27.363368,14.749184,-27.187319,-33.994206,29.866251,20.610086,-18.479310,-19.828133,-1.661935,-27.363368,90.000000,
-19.828133,-1.661935,-27.363368,-67.064336,35.809143,-32.621257,-70.537737,-22.738074,-15.731395,-19.828133,-1.661935,-27.363368,90.000000,
-19.828133,-1.661935,-27.363368,14.749194,-27.187320,-33.994147,29.866251,20.610086,-18.479310,-19.828133,-1.661935,-27.363368,90.000000,
-19.828133,-1.661935,-27.363368,-67.064323,35.809155,-32.621200,-70.537737,-22.738074,-15.731395,-19.828133,-1.661935,-27.363368,90.000000,
-19.828133,-1.661935,-27.363368,14.749207,-27.187309,-33.994093,29.866251,20.610086,-18.479310,-19.828133,-1.661935,-27.363368,90.000000,
-19.828133,-1.661935,-27.363368,-67.064324,35.809157,-32.621149,-70.537737,-22.738074,-15.731395,-19.828133,-1.661935,-27.363368,90.000000,
-19.828133,-1.661935,-27.363368,14.749223,-27.187287,-33.994048,29.866251,20.610086,-18.479310,-19.828133,-1.661935,-27.363368,90.000000,
-19.828133,-1.661935,-27.363368,-67.064337,35.809149,-32.621106,-70.537737,-22.738074,-15.731395,-19.828133,-1.661935,-27.363368,90.000000,
-19.828133,-1.661935,-27.363368,14.749240,-27.187257,-33.994010,29.866251,20.610086,-18.479310,-19.828133,-1.661935,-27.363368,90.000000,
-19.828133,-1.661935,-27.363368,-67.064360,35.809133,-32.621070,-70.537737,-22.738074,-15.731395,-19.828133,-1.661935,-27.363368,90.000000,
-19.828133,-1.661935,-27.363368,14.749258,-27.187221,-33.993982,29.866251,20.610086,-18.479310,-19.828133,-1.661935,-27.363368,90.000000,
-19.828133,-1.661935,-27.363368,-67.064390,35.809112,-32.621043,-70.537737,-22.738074,-15.731395,-19.828133,-1.661935,-27.363368,90.000000,
-19.828133,-1.661935,-27.363368,14.749276,-27.187181,-33.993961,29.866251,20.610086,-18.479310,-19.828133,-1.661935,-27.363368,90.000000,
-19.828133,-1.661935,-27.363368,-67.064425,35.809086,-32.621024,-70.537737,-22.738074,-15.731395,-19.828133,-1.661935,-27.363368,90.000000,
-19.828133,-1.661935,-27.363368,14.749293,-27.187140,-33.993949,29.866251,20.610086,-18.479310,-19.828133,-1.661935,-27.363368,90.000000,
-19.828133,-1.661935,-27.363368,-67.064463,35.809057,-32.621012,-70.537737,-22.738074,-15.731395,-19.828133,-1.661935,-27.363368,90.000000,
-19.828133,-1.661935,-27.363368,14.749309,-27.187099,-33.993944,29.866251,20.610086,-18.479310,-19.828133,-1.661935,-27.363368,90.000000,
-19.828133,-1.661935,-27.363368,-67.064503,35.809027,-32.621007,-70.537737,-22.738074,-15.731395,-19.828133,-1.661935,-27.363368,90.000000,
-19.828133,-1.661935,-27.363368,14.749324,-27.187060,-33.993946,29.866251,20.610086,-18.479310,-19.828133,-1.661935,-27.363368,90.000000,
-19.828133,-1.661935,-27.363368,-67.064542,35.808997,-32.621009,-70.537737,-22.738074,-15.731395,-19.828133,-1.661935,-27.363368,90.000000,
-19.828133,-1.661935,-27.363368,14.749336,-27.187023,-33.993953,29.866251,20.610086,-18.479310,-19.828133,-1.661935,-27.363368,90.000000,
-19.828133,-1.661935,-27.363368,-67.064579,35.808968,-32.621016,-70.537737,-22.738074,-15.731395,-19.828133,-1.661935,-27.363368,90.000000,
-19.828133,-1.661935,-27.363368,14.749346,-27.186991,-33.993964,29.866251,20.610086,-18.479310,-19.828133,-1.661935,-27.363368,90.000000,
-19.828133,-1.661935,-27.363368,-67.064614,35.808941,-32.621027,-70.537737,-22.738074,-15.731395,-19.828133,-1.661935,-27.363368,90.000000,
-19.828133,-1.661935,-27.363368,14.749354,-27.186963,-33.993979,29.866251,20.610086,-18.479310,-19.828133,-1.661935,-27.363368,90.000000,
-19.828133,-1.661935,-27.363368,-67.064644,35.808917,-32.621041,-70.537737,-22.738074,-15.731395,-19.828133,-1.661935,-27.363368,90.000000,
-19.828133,-1.661935,-27.363368,14.749359,-27.186940,-33.993996,29.866251,20.610086,-18.479310,-19.828133,-1.661935,-27.363368,90.000000,
-19.828133,-1.661935,-27.363368,-67.064670,35.808896,-32.621058,-70.537737,-22.738074,-15.731395,-19.828133,-1.661935,-27.363368,90.000000,
-19.828133,-1.661935,-27.363368,14.749363,-27.186922,-33.994015,29.866251,20.610086,-18.479310,-19.828133,-1.661935,-27.363368,90.000000,
-19.828133,-1.661935,-27.363368,-67.064691,35.808879,-32.621075,-70.537737,-22.738074,-15.731395,-19.828133,-1.661935,-27.363368,90.000000,
-19.828133,-1.661935,-27.363368,14.749364,-27.186909,-33.994034,29.866251,20.610086,-18.479310,-19.828133,-1.661935,-27.363368,90.000000,
-19.828133,-1.661935,-27.363368,-67.064708,35.808866,-32.621094,-70.537737,-22.738074,-15.731395,-19.828133,-1.661935,-27.363368,90.000000,
-19.828133,-1.661935,-27.363368,14.749364,-27.186901,-33.994053,29.866251,20.610086,-18.479310,-19.828133,-1.661935,-27.363368,90.000000,
-19.828133,-1.661935,-27.363368,-67.064719,35.808857,-32.621111,-70.537737,-22.738074,-15.731395,-19.828133,-1.661935,-27.363368,90.000000,
-19.828133,-1.661935,-27.363368,14.749363,-27.186898,-33.994071,29.866251,20.610086,-18.479310,-19.828133,-1.661935,-27.363368,90.000000,
-19.828133,-1.661935,-27.363368,-67.064726,35.808851,-32.621128,-70.537737,-22.738074,-15.731395,-19.828133,-1.661935,-27.363368,90.000000,
-19.828133,-1.661935,-27.363368,14.749360,-27.186899,-33.994087,29.866251,20.610086,-18.479310,-19.828133,-1.661935,-27.363368,90.000000,
-19.828133,-1.661935,-27.363368,-67.064728,35.808848,-32.621144,-70.537737,-22.738074,-15.731395,-19.828133,-1.661935,-27.363368,90.000000,
-19.828133,-1.661935,-27.363368,14.749356,-27.186903,-33.994101,29.866251,20.610086,-18.479310,-19.828133,-1.661935,-27.363368,90.000000,
-19.828133,-1.661935,-27.363368,-67.064727,35.808848,-32.621158,-70.537737,-22.738074,-15.731395,-19.828133,-1.661935,-27.363368,90.000000,
-19.828133,-1.661935,-27.363368,14.749351,-27.186909,-33.994114,29.866251,20.610086,-18.479310,-19.828133,-1.661935,-27.363368,90.000000,
-19.828133,-1.661935,-27.363368,-67.064723,35.808851,-32.621169,-70.537737,-22.738074,-15.731395,-19.828133,-1.661935,-27.363368,90.000000,
-19.828133,-1.661935,-27.363368,14.749346,-27.186918,-33.994123,29.866251,20.610086,-18.479310,-19.828133,-1.661935,-27.363368,90.000000,
-19.828133,-1.661935,-27.363368,-67.064716,35.808856,-32.621179,-70.537737,-22.738074,-15.731395,-19.828133,-1.661935,-27.363368,90.000000,
-19.828133,-1.661935,-27.363368,14.749341,-27.186928,-33.994131,29.866251,20.610086,-18.479310,-19.828133,-1.661935,-27.363368,90.000000,
-19.828133,-1.661935,-27.363368,-67.064707,35.808862,-32.621186,-70.537737,-22.738074,-15.731395,-19.828133,-1.661935,-27.363368,90.000000,
-19.828133,-1.661935,-27.363368,14.749336,-27.186940,-33.994136,29.866251,20.610086,-18.479310,-19.828133,-1.661935,-27.363368,90.000000,
-19.828133,-1.661935,-27.363368,-67.064697,35.808870,-32.621190,-70.537737,-22.738074,-15.731395,-19.828133,-1.661935,-27.363368,90.000000,
-19.828133,-1.661935,-27.363368,14.749332,-27.186951,-33.994139,29.866251,20.610086,-18.479310,-19.828133,-1.661935,-27.363368,90.000000,
-19.828133,-1.661935,-27.363368,-67.064686,35.808878,-32.621193,-70.537737,-22.738074,-15.731395,-19.828133,-1.661935,-27.363368,90.000000,
-19.828133,-1.661935,-27.363368,14.749327,-27.186962,-33.994140,29.866251,20.610086,-18.479310,-19.828133,-1.661935,-27.363368,90.000000,
-19.828133,-1.661935,-27.363368,-67.064675,35.808886,-32.621194,-70.537737,-22.738074,-15.731395,-19.828133,-1.661935,-27.363368,90.000000,
-19.828133,-1.661935,-27.363368,14.749323,-27.186973,-33.994139,29.866251,20.610086,-18.479310,-19.828133,-1.661935,-27.363368,90.000000,
-19.828133,-1.661935,-27.363368,-67.064664,35.808895,-32.621193,-70.537737,-22.738074,-15.731395,-19.828133,-1.661935,-27.363368,90.000000,
-19.828133,-1.661935,-27.363368,14.749320,-27.186983,-33.994137,29.866251,20.610086,-18.479310,-19.828133,-1.661935,-27.363368,90.000000,
-19.828133,-1.661935,-27.363368,-67.064654,35.808902,-32.621191,-70.537737,-22.738074,-15.731395,-19.828133,-1.661935,-27.363368,90.000000,
-19.828133,-1.661935,-27.363368,14.749317,-27.186992,-33.994133,29.866251,20.610086,-18.479310,-19.828133,-1.661935,-27.363368,90.000000,
-19.828133,-1.661935,-27.363368,-67.064645,35.808910,-32.621188,-70.537737,-22.738074,-15.731395,-19.828133,-1.661935,-27.363368,90.000000,
-19.828133,-1.661935,-27.363368,14.749315,-27.186999,-33.994129,29.866251,20.610086,-18.479310,-19.828133,-1.661935,-27.363368,90.000000,
-19.828133,-1.661935,-27.363368,-67.064637,35.808916,-32.621184,-70.537737,-22.738074,-15.731395,-19.828133,-1.661935,-27.363368,90.000000,
-19.828133,-1.661935,-27.363368,14.749314,-27.187005,-33.994124,29.866251,20.610086,-18.479310,-19.828133,-1.661935,-27.363368,90.000000,
-19.828133,-1.661935,-27.363368,-67.064630,35.808922,-32.621179,-70.537737,-22.738074,-15.731395,-19.828133,-1.661935,-27.363368,90.000000,
-19.828133,-1.661935,-27.363368,14.749313,-27.187010,-33.994119,29.866251,20.610086,-18.479310,-19.828133,-1.661935,-27.363368,90.000000,
-19.828133,-1.661935,-27.363368,-67.064624,35.808926,-32.621174,-70.537737,-22.738074,-15.731395,-19.828133,-1.661935,-27.363368,90.000000,
-19.828133,-1.661935,-27.363368,14.749313,-27.187013,-33.994113,29.866251,20.610086,-18.479310,-19.828133,-1.661935,-27.363368,90.000000,
-19.828133,-1.661935,-27.363368,-67.064620,35.808930,-32.621169,-70.537737,-22.738074,-15.731395,-19.828133,-1.661935,-27.363368,90.000000,
-19.828133,-1.661935,-27.363368,14.749313,-27.187015,-33.994108,29.866251,20.610086,-18.479310,-19.828133,-1.661935,-27.363368,90.000000,
-19.828133,-1.661935,-27.363368,-67.064617,35.808932,-32.621164,-70.537737,-22.738074,-15.731395,-19.828133,-1.661935,-27.363368,90.000000,
-19.828133,-1.661935,-27.363368,14.749313,-27.187016,-33.994103,29.866251,20.610086,-18.479310,-19.828133,-1.661935,-27.363368,90.000000,
-19.828133,-1.661935,-27.363368,-67.064615,35.808934,-32.621159,-70.537737,-22.738074,-15.731395,-19.828133,-1.661935,-27.363368,90.000000,
-19.828133,-1.661935,-27.363368,14.749314,-27.187015,-33.994099,29.866251,20.610086,-18.479310,-19.828133,-1.661935,-27.363368,90.000000,
-19.828133,-1.661935,-27.363368,-67.064615,35.808934,-32.621155,-70.537737,-22.738074,-15.731395,-19.828133,-1.661935,-27.363368,90.000000,
-19.828133,-1.661935,-27.363368,14.749316,-27.187014,-33.994095,29.866251,20.610086,-18.479310,-19.828133,-1.661935,-27.363368,90.000000,
-19.828133,-1.661935,-27.363368,-67.064616,35.808934,-32.621151,-70.537737,-22.738074,-15.731395,-19.828133,-1.661935,-27.363368,90.000000,
-19.828133,-1.661935,-27.363368,14.749317,-27.187012,-33.994092,29.866251,20.610086,-18.479310,-19.828133,-1.661935,-27.363368,90.000000,
-19.828133,-1.661935,-27.363368,-67.064617,35.808933,-32.621148,-70.537737,-22.738074,-15.731395,-19.828133,-1.661935,-27.363368,90.000000,
-19.828133,-1.661935,-27.363368,14.749318,-27.187010,-33.994089,29.866251,20.610086,-18.479310,-19.828133,-1.661935,-27.363368,90.000000,
-19.828133,-1.661935,-27.363368,-67.064619,35.808931,-32.621146,-70.537737,-22.738074,-15.731395,-19.828133,-1.661935,-27.363368,90.000000,
-19.828133,-1.661935,-27.363368,14.749320,-27.187007,-33.994087,29.866251,20.610086,-18.479310,-19.828133,-1.661935,-27.363368,90.000000,
-19.828133,-1.661935,-27.363368,-67.064622,35.808930,-32.621144,-70.537737,-22.738074,-15.731395,-19.828133,-1.661935,-27.363368,90.000000,
-19.828133,-1.661935,-27.363368,14.749321,-27.187003,-33.994086,29.866251,20.610086,-18.479310,-19.828133,-1.661935,-27.363368,90.000000,
-19.828133,-1.661935,-27.363368,-67.064624,35.808927,-32.621143,-70.537737,-22.738074,-15.731395,-19.828133,-1.661935,-27.363368,90.000000,
-19.828133,-1.661935,-27.363368,14.749322,-27.187000,-33.994085,29.866251,20.610086,-18.479310,-19.828133,-1.661935,-27.363368,90.000000,
-19.828133,-1.661935,-27.363368,-67.064627,35.808925,-32.621142,-70.537737,-22.738074,-15.731395,-19.828133,-1.661935,-27.363368,90.000000,
-19.828133,-1.661935,-27.363368,14.749323,-27.186997,-33.994085,29.866251,20.610086,-18.479310,-19.828133,-1.661935,-27.363368,90.000000,
-19.828133,-1.661935,-27.363368,-67.064631,35.808923,-32.621142,-70.537737,-22.738074,-15.731395,-19.828133,-1.661935,-27.363368,90.000000,
-19.828133,-1.661935,-27.363368,14.749325,-27.186994,-33.994086,29.866251,20.610086,-18.479310,-19.828133,-1.661935,-27.363368,90.000000,
-19.828133,-1.661935,-27.363368,-67.064633,35.808921,-32.621142,-70.537737,-22.738074,-15.731395,-19.828133,-1.661935,-27.363368,90.000000,
-19.828133,-1.661935,-27.363368,14.749325,-27.186991,-33.994086,29.866251,20.610086,-18.479310,-19.828133,-1.661935,-27.363368,90.000000,
-19.828133,-1.661935,-27.363368,-67.064636,35.808918,-32.621143,-70.537737,-22.738074,-15.731395,-19.828133,-1.661935,-27.363368,90.000000,
-19.828133,-1.661935,-27.363368,14.749326,-27.186989,-33.994087,29.866251,20.610086,-18.479310,-19.828133,-1.661935,-27.363368,90.000000,
-19.828133,-1.661935,-27.363368,-67.064639,35.808916,-32.621144,-70.537737,-22.738074,-15.731395,-19.828133,-1.661935,-27.363368,90.000000,
-19.828133,-1.661935,-27.363368,14.749327,-27.186987,-33.994089,29.866251,20.610086,-18.479310,-19.828133,-1.661935,-27.363368,90.000000,
-19.828133,-1.661935,-27.363368,-67.064641,35.808915,-32.621145,-70.537737,-22.738074,-15.731395,-19.828133,-1.661935,-27.363368,90.000000,
-19.828133,-1.661935,-27.363368,14.749327,-27.186986,-33.994090,29.866251,20.610086,-18.479310,-19.828133,-1.661935,-27.363368,90.000000,
-19.828133,-1.661935,-27.363368,-67.064643,35.808913,-32.621147,-70.537737,-22.738074,-15.731395,-19.828133,-1.661935,-27.363368,90.000000,
-19.828133,-1.661935,-27.363368,14.749327,-27.186984,-33.994091,29.866251,20.610086,-18.479310,-19.828133,-1.661935,-27.363368,90.000000,
-19.828133,-1.661935,-27.363368,-67.064644,35.808912,-32.621148,-70.537737,-22.738074,-15.731395,-19.828133,-1.661935,-27.363368,90.000000,
-19.828133,-1.661935,-27.363368,14.749327,-27.186984,-33.994093,29.866251,20.610086,-18.479310,-19.828133,-1.661935,-27.363368,90.000000,
-19.828133,-1.661935,-27.363368,-67.064645,35.808911,-32.621149,-70.537737,-22.738074,-15.731395,-19.828133,-1.661935,-27.363368,90.000000,
-19.828133,-1.661935,-27.363368,14.749327,-27.186983,-33.994094,29.866251,20.610086,-18.479310,-19.828133,-1.661935,-27.363368,90.000000,
-19.828133,-1.661935,-27.363368,-67.064646,35.808910,-32.621151,-70.537737,-22.738074,-15.731395,-19.828133,-1.661935,-27.363368,90.000000,
-19.828133,-1.661935,-27.363368,14.749327,-27.186983,-33.994096,29.866251,20.610086,-18.479310,-19.828133,-1.661935,-27.363368,90.000000,
-19.828133,-1.661935,-27.363368,-67.064646,35.808910,-32.621152,-70.537737,-22.738074,-15.731395,-19.828133,-1.661935,-27.363368,90.000000,
-19.828133,-1.661935,-27.363368,14.749327,-27.186983,-33.994097,29.866251,20.610086,-18.479310,-19.828133,-1.661935,-27.363368,90.000000,
-19.828133,-1.661935,-27.363368,-67.064647,35.808910,-32.621153,-70.537737,-22.738074,-15.731395,-19.828133,-1.661935,-27.363368,90.000000,
-19.828133,-1.661935,-27.363368,14.749326,-27.186984,-33.994098,29.866251,20.610086,-18.479310,-19.828133,-1.661935,-27.363368,90.000000,
-19.828133,-1.661935,-27.363368,-67.064646,35.808910,-32.621154,-70.537737,-22.738074,-15.731395,-19.828133,-1.661935,-27.363368,90.000000,
-19.828133,-1.661935,-27.363368,14.749326,-27.186984,-33.994099,29.866251,20.610086,-18.479310,-19.828133,-1.661935,-27.363368,90.000000,
-19.828133,-1.661935,-27.363368,-67.064646,35.808910,-32.621155,-70.537737,-22.738074,-15.731395,-19.828133,-1.661935,-27.363368,90.000000,
-19.828133,-1.661935,-27.363368,14.749326,-27.186985,-33.994099,29.866251,20.610086,-18.479310,-19.828133,-1.661935,-27.363368,90.000000,
-19.828133,-1.661935,-27.363368,-67.064645,35.808911,-32.621156,-70.537737,-22.738074,-15.731395,-19.828133,-1.661935,-27.363368,90.000000,
-19.828133,-1.661935,-27.363368,14.749325,-27.186986,-33.994100,29.866251,20.610086,-18.479310,-19.828133,-1.661935,-27.363368,90.000000,
-19.828133,-1.661935,-27.363368,-67.064645,35.808911,-32.621156,-70.537737,-22.738074,-15.731395,-19.828133,-1.661935,-27.363368,90.000000,
-19.828133,-1.661935,-27.363368,14.749325,-27.186987,-33.994100,29.866251,20.610086,-18.479310,-19.828133,-1.661935,-27.363368,90.000000,
-19.828133,-1.661935,-27.363368,-67.064644,35.808912,-32.621156,-70.537737,-22.738074,-15.731395,-19.828133,-1.661935,-27.363368,90.000000,
-19.828133,-1.661935,-27.363368,14.749324,-27.186988,-33.994100,29.866251,20.610086,-18.479310,-19.828133,-1.661935,-27.363368,90.000000,
-19.828133,-1.661935,-27.363368,-67.064643,35.808913,-32.621156,-70.537737,-22.738074,-15.731395,-19.828133,-1.661935,-27.363368,90.000000,
-19.828133,-1.661935,-27.363368,14.749324,-27.186988,-33.994100,29.866251,20.610086,-18.479310,-19.828133,-1.661935,-27.363368,90.000000,
-19.828133,-1.661935,-27.363368,-67.064642,35.808913,-32.621156,-70.537737,-22.738074,-15.731395,-19.828133,-1.661935,-27.363368,90.000000,
-19.828133,-1.661935,-27.363368,14.749324,-27.186989,-33.994100,29.866251,20.610086,-18.479310,-19.828133,-1.661935,-27.363368,90.000000,
-19.828133,-1.661935,-27.363368,-67.064641,35.808914,-32.621156,-70.537737,-22.738074,-15.731395,-19.828133,-1.661935,-27.363368,90.000000,
-19.828133,-1.661935,-27.363368,14.749324,-27.186990,-33.994100,29.866251,20.610086,-18.479310,-19.828133,-1.661935,-27.363368,90.000000,
-19.828133,-1.661935,-27.363368,-67.064640,35.808915,-32.621156,-70.537737,-22.738074,-15.731395,-19.828133,-1.661935,-27.363368,90.000000,
-19.828133,-1.661935,-27.363368,14.749323,-27.186991,-33.994100,29.866251,20.610086,-18.479310,-19.828133,-1.661935,-27.363368,90.000000,
-19.828133,-1.661935,-27.363368,-67.064640,35.808915,-32.621156,-70.537737,-22.738074,-15.731395,-19.828133,-1.661935,-27.363368,90.000000,
-19.828133,-1.661935,-27.363368,14.749323,-27.186991,-33.994099,29.866251,20.610086,-18.479310,-19.828133,-1.661935,-27.363368,90.000000,
-19.828133,-1.661935,-27.363368,-67.064639,35.808916,-32.621156,-70.537737,-22.738074,-15.731395,-19.828133,-1.661935,-27.363368,90.000000,
-19.828133,-1.661935,-27.363368,14.749323,-27.186992,-33.994099,29.866251,20.610086,-18.479310,-19.828133,-1.661935,-27.363368,90.000000,
-19.828133,-1.661935,-27.363368,-67.064639,35.808916,-32.621155,-70.537737,-22.738074,-15.731395,-19.828133,-1.661935,-27.363368,90.000000,
-19.828133,-1.661935,-27.363368,14.749323,-27.186992,-33.994099,29.866251,20.610086,-18.479310,-19.828133,-1.661935,-27.363368,90.000000,
-19.828133,-1.661935,-27.363368,-67.064638,35.808916,-32.621155,-70.537737,-22.738074,-15.731395,-19.828133,-1.661935,-27.363368,90.000000,
-19.828133,-1.661935,-27.363368,14.749323,-27.186992,-33.994098,29.866251,20.610086,-18.479310,-19.828133,-1.661935,-27.363368,90.000000,
-19.828133,-1.661935,-27.363368,-67.064638,35.808917,-32.621154,-70.537737,-22.738074,-15.731395,-19.828133,-1.661935,-27.363368,90.000000,
-19.828133,-1.661935,-27.363368,14.749323,-27.186992,-33.994098,29.866251,20.610086,-18.479310,-19.828133,-1.661935,-27.363368,90.000000,
-19.828133,-1.661935,-27.363368,-67.064638,35.808917,-32.621154,-70.537737,-22.738074,-15.731395,-19.828133,-1.661935,-27.363368,90.000000,
-19.828133,-1.661935,-27.363368,14.749323,-27.186992,-33.994097,29.866251,20.610086,-18.479310,-19.828133,-1.661935,-27.363368,90.000000,
-19.828133,-1.661935,-27.363368,-67.064638,35.808917,-32.621154,-70.537737,-22.738074,-15.731395,-19.828133,-1.661935,-27.363368,90.000000,
-19.828133,-1.661935,-27.363368,14.749323,-27.186992,-33.994097,29.866251,20.610086,-18.479310,-19.828133,-1.661935,-27.363368,90.000000,
-19.828133,-1.661935,-27.363368,-67.064638,35.808917,-32.621153,-70.537737,-22.738074,-15.731395,-19.828133,-1.661935,-27.363368,90.000000,
-19.828133,-1.661935,-27.363368,14.749323,-27.186992,-33.994097,29.866251,20.610086,-18.479310,-19.828133,-1.661935,-27.363368,90.000000,
-19.828133,-1.661935,-27.363368,-67.064638,35.808917,-32.621153,-70.537737,-22.738074,-15.731395,-19.828133,-1.661935,-27.363368,90.000000,
-19.828133,-1.661935,-27.363368,14.749324,-27.186992,-33.994097,29.866251,20.610086,-18.479310,-19.828133,-1.661935,-27.363368,90.000000,
-19.828133,-1.661935,-27.363368,-67.064638,35.808917,-32.621153,-70.537737,-22.738074,-15.731395,-19.828133,-1.661935,-27.363368,90.000000,
-19.828133,-1.661935,-27.363368,14.749324,-27.186992,-33.994096,29.866251,20.610086,-18.479310,-19.828133,-1.661935,-27.363368,90.000000,
-19.828133,-1.661935,-27.363368,-67.064638,35.808916,-32.621153,-70.537737,-22.738074,-15.731395,-19.828133,-1.661935,-27.363368,90.000000,
-19.828133,-1.661935,-27.363368,14.749324,-27.186991,-33.994096,29.866251,20.610086,-18.479310,-19.828133,-1.661935,-27.363368,90.000000,
-19.828133,-1.661935,-27.363368,-67.064638,35.808916,-32.621153,-70.537737,-22.738074,-15.731395,-19.828133,-1.661935,-27.363368,90.000000,
-19.828133,-1.661935,-27.363368,14.749324,-27.186991,-33.994096,29.866251,20.610086,-18.479310,-19.828133,-1.661935,-27.363368,90.000000,
-19.828133,-1.661935,-27.363368,-67.064639,35.808916,-32.621152,-70.537737,-22.738074,-15.731395,-19.828133,-1.661935,-27.363368,90.000000,
-19.828133,-1.661935,-27.363368,14.749324,-27.186991,-33.994096,29.866251,20.610086,-18.479310,-19.828133,-1.661935,-27.363368,90.000000,
-19.828133,-1.661935,-27.363368,-67.064639,35.808916,-32.621152,-70.537737,-22.738074,-15.731395,-19.828133,-1.661935,-27.363368,90.000000,
-19.828133,-1.661935,-27.363368,14.749324,-27.186991,-33.994096,29.866251,20.610086,-18.479310,-19.828133,-1.661935,-27.363368,90.000000,
-19.828133,-1.661935,-27.363368,-67.064639,35.808916,-32.621152,-70.537737,-22.738074,-15.731395,-19.828133,-1.661935,-27.363368,90.000000,
-19.828133,-1.661935,-27.363368,14.749324,-27.186990,-33.994096,29.866251,20.610086,-18.479310,-19.828133,-1.661935,-27.363368,90.000000,
-19.828133,-1.661935,-27.363368,-67.064639,35.808916,-32.621152,-70.537737,-22.738074,-15.731395,-19.828133,-1.661935,-27.363368,90.000000,
-19.828133,-1.661935,-27.363368,14.749324,-27.186990,-33.994096,29.866251,20.610086,-18.479310,-19.828133,-1.661935,-27.363368,90.000000,
-19.828133,-1.661935,-27.363368,-67.064640,35.808915,-32.621153,-70.537737,-22.738074,-15.731395,-19.828133,-1.661935,-27.363368,90.000000,
-19.828133,-1.661935,-27.363368,14.749324,-27.186990,-33.994096,29.866251,20.610086,-18.479310,-19.828133,-1.661935,-27.363368,90.000000,
-19.828133,-1.661935,-27.363368,-67.064640,35.808915,-32.621153,-70.537737,-22.738074,-15.731395,-19.828133,-1.661935,-27.363368,90.000000,
-19.828133,-1.661935,-27.363368,14.749324,-27.186990,-33.994096,29.866251,20.610086,-18.479310,-19.828133,-1.661935,-27.363368,90.000000,
-19.828133,-1.661935,-27.363368,-67.064640,35.808915,-32.621153,-70.537737,-22.738074,-15.731395,-19.828133,-1.661935,-27.363368,90.000000,
-19.828133,-1.661935,-27.363368,14.749324,-27.186990,-33.994097,29.866251,20.610086,-18.479310,-19.828133,-1.661935,-27.363368,90.000000,
-19.828133,-1.661935,-27.363368,-67.064640,35.808915,-32.621153,-70.537737,-22.738074,-15.731395,-19.828133,-1.661935,-27.363368,90.000000,
-19.828133,-1.661935,-27.363368,14.749324,-27.186990,-33.994097,29.866251,20.610086,-18.479310,-19.828133,-1.661935,-27.363368,90.000000,
-19.828133,-1.661935,-27.363368,-67.064640,35.808915,-32.621153,-70.537737,-22.738074,-15.731395,-19.828133,-1.661935,-27.363368,90.000000,
-19.828133,-1.661935,-27.363368,14.749324,-27.186990,-33.994097,29.866251,20.610086,-18.479310,-19.828133,-1.661935,-27.363368,90.000000,
-19.828133,-1.661935,-27.363368,-67.064640,35.808915,-32.621153,-70.537737,-22.738074,-15.731395,-19.828133,-1.661935,-27.363368,90.000000,
-19.828133,-1.661935,-27.363368,14.749324,-27.186990,-33.994097,29.866251,20.610086,-18.479310,-19.828133,-1.661935,-27.363368,90.000000,
-19.828133,-1.661935,-27.363368,-67.064640,35.808915,-32.621153,-70.537737,-22.738074,-15.731395,-19.828133,-1.661935,-27.363368,90.000000,
-19.828133,-1.661935,-27.363368,14.749324,-27.186990,-33.994097,29.866251,20.610086,-18.479310,-19.828133,-1.661935,-27.363368,90.000000,
-19.828133,-1.661935,-27.363368,-67.064640,35.808915,-32.621153,-70.537737,-22.738074,-15.731395,-19.828133,-1.661935,-27.363368,90.000000,
-19.828133,-1.661935,-27.363368,14.749324,-27.186990,-33.994097,29.866251,20.610086,-18.479310,-19.828133,-1.661935,-27.363368,90.000000,
-19.828133,-1.661935,-27.363368,-67.064640,35.808915,-32.621153,-70.537737,-22.738074,-15.731395,-19.828133,-1.661935,-27.363368,90.000000,
-19.828133,-1.661935,-27.363368,14.749324,-27.186990,-33.994097,29.866251,20.610086,-18.479310,-19.828133,-1.661935,-27.363368,90.000000,
-19.828133,-1.661935,-27.363368,-67.064640,35.808915,-32.621153,-70.537737,-22.738074,-15.731395,-19.828133,-1.661935,-27.363368,90.000000,
-19.828133,-1.661935,-27.363368,14.749324,-27.186990,-33.994097,29.866251,20.610086,-18.479310,-19.828133,-1.661935,-27.363368,90.000000,
-19.828133,-1.661935,-27.363368,-67.064640,35.808915,-32.621153,-70.537737,-22.738074,-15.731395,-19.828133,-1.661935,-27.363368,90.000000,
-19.828133,-1.661935,-27.363368,14.749324,-27.186990,-33.994097,29.866251,20.610086,-18.479310,-19.828133,-1.661935,-27.363368,90.000000,
-19.828133,-1.661935,-27.363368,-67.064640,35.808915,-32.621154,-70.537737,-22.738074,-15.731395,-19.828133,-1.661935,-27.363368,90.000000,
-19.828133,-1.661935,-27.363368,14.749324,-27.186990,-33.994097,29.866251,20.610086,-18.479310,-19.828133,-1.661935,-27.363368,90.000000,
-19.828133,-1.661935,-27.363368,-67.064640,35.808915,-32.621154,-70.537737,-22.738074,-15.731395,-19.828133,-1.661935,-27.363368,90.000000,
-19.828133,-1.661935,-27.363368,14.749324,-27.186990,-33.994097,29.866251,20.610086,-18.479310,-19.828133,-1.661935,-27.363368,90.000000,
-19.828133,-1.661935,-27.363368,-67.064640,35.808915,-32.621154,-70.537737,-22.738074,-15.731395,-19.828133,-1.661935,-27.363368,90.000000,
-19.828133,-1.661935,-27.363368,14.749324,-27.186990,-33.994097,29.866251,20.610086,-18.479310,-19.828133,-1.661935,-27.363368,90.000000,
-19.828133,-1.661935,-27.363368,-67.064640,35.808915,-32.621154,-70.537737,-22.738074,-15.731395,-19.828133,-1.661935,-27.363368,90.000000,
-19.828133,-1.661935,-27.363368,14.749324,-27.186990,-33.994097,29.866251,20.610086,-18.479310,-19.828133,-1.661935,-27.363368,90.000000,
-19.828133,-1.661935,-27.363368,-67.064640,35.808915,-32.621154,-70.537737,-22.738074,-15.731395,-19.828133,-1.661935,-27.363368,90.000000,
-19.828133,-1.661935,-27.363368,14.749324,-27.186990,-33.994097,29.866251,20.610086,-18.479310,-19.828133,-1.661935,-27.363368,90.000000,
-19.828133,-1.661935,-27.363368,-67.064640,35.808915,-32.621154,-70.537737,-22.738074,-15.731395,-19.828133,-1.661935,-27.363368,90.000000,
-19.828133,-1.661935,-27.363368,14.749324,-27.186990,-33.994097,29.866251,20.610086,-18.479310,-19.828133,-1.661935,-27.363368,90.000000,
-19.828133,-1.661935,-27.363368,-67.064640,35.808915,-32.621154,-70.537737,-22.738074,-15.731395,-19.828133,-1.661935,-27.363368,90.000000,
-19.828133,-1.661935,-27.363368,14.749324,-27.186990,-33.994097,29.866251,20.610086,-18.479310,-19.828133,-1.661935,-27.363368,90.000000,
-19.828133,-1.661935,-27.363368,-67.064640,35.808915,-32.621154,-70.537737,-22.738074,-15.731395,-19.828133,-1.661935,-27.363368,90.000000,
-19.828133,-1.661935,-27.363368,14.749324,-27.186990,-33.994097,29.866251,20.610086,-18.479310,-19.828133,-1.661935,-27.363368,90.000000,
-19.828133,-1.661935,-27.363368,-67.064640,35.808915,-32.621153,-70.537737,-22.738074,-15.731395,-19.828133,-1.661935,-27.363368,90.000000,
-19.828133,-1.661935,-27.363368,14.749324,-27.186990,-33.994097,29.866251,20.610086,-18.479310,-19.828133,-1.661935,-27.363368,90.000000,
-19.828133,-1.661935,-27.363368,-67.064640,35.808915,-32.621153,-70.537737,-22.738074,-15.731395,-19.828133,-1.661935,-27.363368,90.000000,
-19.828133,-1.661935,-27.363368,14.749324,-27.186990,-33.994097,29.866251,20.610086,-18.479310,-19.828133,-1.661935,-27.363368,90.000000,
-19.828133,-1.661935,-27.363368,-67.064640,35.808915,-32.621153,-70.537737,-22.738074,-15.731395,-19.828133,-1.661935,-27.363368,90.000000,
-19.828133,-1.661935,-27.363368,14.749324,-27.186990,-33.994097,29.866251,20.610086,-18.479310,-19.828133,-1.661935,-27.363368,90.000000,
-19.828133,-1.661935,-27.363368,-67.064640,35.808915,-32.621153,-70.537737,-22.738074,-15.731395,-19.828133,-1.661935,-27.363368,90.000000,
-19.828133,-1.661935,-27.363368,14.749324,-27.186990,-33.994097,29.866251,20.610086,-18.479310,-19.828133,-1.661935,-27.363368,90.000000,
-19.828133,-1.661935,-27.363368,-67.064640,35.808915,-32.621153,-70.537737,-22.738074,-15.731395,-19.828133,-1.661935,-27.363368,90.000000,
-19.828133,-1.661935,-27.363368,14.749324,-27.186990,-33.994097,29.866251,20.610086,-18.479310,-19.828133,-1.661935,-27.363368,90.000000,
-19.828133,-1.661935,-27.363368,-67.064640,35.808915,-32.621153,-70.537737,-22.738074,-15.731395,-19.828133,-1.661935,-27.363368,90.000000,
-19.828133,-1.661935,-27.363368,14.749324,-27.186990,-33.994097,29.866251,20.610086,-18.479310,-19.828133,-1.661935,-27.363368,90.000000,
-19.828133,-1.661935,-27.363368,-67.064640,35.808915,-32.621153,-70.537737,-22.738074,-15.731395,-19.828133,-1.661935,-27.363368,90.000000,
-19.828133,-1.661935,-27.363368,14.749324,-27.186990,-33.994097,29.866251,20.610086,-18.479310,-19.828133,-1.661935,-27.363368,90.000000,
-19.828133,-1.661935,-27.363368,-67.064640,35.808915,-32.621153,-70.537737,-22.738074,-15.731395,-19.828133,-1.661935,-27.363368,90.000000,
-19.828133,-1.661935,-27.363368,14.749324,-27.186990,-33.994097,29.866251,20.610086,-18.479310,-19.828133,-1.661935,-27.363368,90.000000,
-19.828133,-1.661935,-27.363368,-67.064640,35.808915,-32.621153,-70.537737,-22.738074,-15.731395,-19.828133,-1.661935,-27.363368,90.000000,
-19.828133,-1.661935,-27.363368,14.749324,-27.186990,-33.994097,29.866251,20.610086,-18.479310,-19.828133,-1.661935,-27.363368,90.000000,
-19.828133,-1.661935,-27.363368,-67.064640,35.808915,-32.621153,-70.537737,-22.738074,-15.731395,-19.828133,-1.661935,-27.363368,90.000000,
-19.828133,-1.661935,-27.363368,14.749324,-27.186990,-33.994097,29.866251,20.610086,-18.479310,-19.828133,-1.661935,-27.363368,90.000000,
-19.828133,-1.661935,-27.363368,-67.064640,35.808915,-32.621153,-70.537737,-22.738074,-15.731395,-19.828133,-1.661935,-27.363368,90.000000,
-19.828133,-1.661935,-27.363368,14.749324,-27.186990,-33.994097,29.866251,20.610086,-18.479310,-19.828133,-1.661935,-27.363368,90.000000,
-19.828133,-1.661935,-27.363368,-67.064640,35.808915,-32.621153,-70.537737,-22.738074,-15.731395,-19.828133,-1.661935,-27.363368,90.000000,
-19.828133,-1.661935,-27.363368,14.749324,-27.186990,-33.994097,29.866251,20.610086,-18.479310,-19.828133,-1.661935,-27.363368,90.000000,
-19.828133,-1.661935,-27.363368,-67.064640,35.808915,-32.621153,-70.537737,-22.738074,-15.731395,-19.828133,-1.661935,-27.363368,90.000000,
-19.828133,-1.661935,-27.363368,14.749324,-27.186990,-33.994097,29.866251,20.610086,-18.479310,-19.828133,-1.661935,-27.363368,90.000000,
-19.828133,-1.661935,-27.363368,-67.064640,35.808915,-32.621153,-70.537737,-22.738074,-15.731395,-19.828133,-1.661935,-27.363368,90.000000,
-19.828133,-1.661935,-27.363368,14.749324,-27.186990,-33.994097,29.866251,20.610086,-18.479310,-19.828133,-1.661935,-27.363368,90.000000,
-19.828133,-1.661935,-27.363368,-67.064640,35.808915,-32.621153,-70.537737,-22.738074,-15.731395,-19.828133,-1.661935,-27.363368,90.000000,
-19.828133,-1.661935,-27.363368,14.749324,-27.186990,-33.994097,29.866251,20.610086,-18.479310,-19.828133,-1.661935,-27.363368,90.000000,
-19.828133,-1.661935,-27.363368,-67.064640,35.808915,-32.621153,-70.537737,-22.738074,-15.731395,-19.828133,-1.661935,-27.363368,90.000000,
-19.828133,-1.661935,-27.363368,14.749324,-27.186990,-33.994097,29.866251,20.610086,-18.479310,-19.828133,-1.661935,-27.363368,90.000000,
-19.828133,-1.661935,-27.363368,-67.064640,35.808915,-32.621153,-70.537737,-22.738074,-15.731395,-19.828133,-1.661935,-27.363368,90.000000,
-19.828133,-1.661935,-27.363368,14.749324,-27.186990,-33.994097,29.866251,20.610086,-18.479310,-19.828133,-1.661935,-27.363368,90.000000,
-19.828133,-1.661935,-27.363368,-67.064640,35.808915,-32.621153,-70.537737,-22.738074,-15.731395,-19.828133,-1.661935,-27.363368,90.000000,
-19.828133,-1.661935,-27.363368,14.749324,-27.186990,-33.994097,29.866251,20.610086,-18.479310,-19.828133,-1.661935,-27.363368,90.000000,
-19.828133,-1.661935,-27.363368,-67.064640,35.808915,-32.621153,-70.537737,-22.738074,-15.731395,-19.828133,-1.661935,-27.363368,90.000000,
-19.828133,-1.661935,-27.363368,14.749324,-27.186990,-33.994097,29.866251,20.610086,-18.479310,-19.828133,-1.661935,-27.363368,90.000000,
-19.828133,-1.661935,-27.363368,-67.064640,35.808915,-32.621153,-70.537737,-22.738074,-15.731395,-19.828133,-1.661935,-27.363368,90.000000,
-19.828133,-1.661935,-27.363368,14.749324,-27.186990,-33.994097,29.866251,20.610086,-18.479310,-19.828133,-1.661935,-27.363368,90.000000,
-19.828133,-1.661935,-27.363368,-67.064640,35.808915,-32.621153,-70.537737,-22.738074,-15.731395,-19.828133,-1.661935,-27.363368,90.000000,
-19.828133,-1.661935,-27.363368,14.749324,-27.186990,-33.994097,29.866251,20.610086,-18.479310,-19.828133,-1.661935,-27.363368,90.000000,
-19.828133,-1.661935,-27.363368,-67.064640,35.808915,-32.621153,-70.537737,-22.738074,-15.731395,-19.828133,-1.661935,-27.363368,90.000000,
-19.828133,-1.661935,-27.363368,14.749324,-27.186990,-33.994097,29.866251,20.610086,-18.479310,-19.828133,-1.661935,-27.363368,90.000000,
-19.828133,-1.661935,-27.363368,-67.064640,35.808915,-32.621153,-70.537737,-22.738074,-15.731395,-19.828133,-1.661935,-27.363368,90.000000,
-19.828133,-1.661935,-27.363368,14.749324,-27.186990,-33.994097,29.866251,20.610086,-18.479310,-19.828133,-1.661935,-27.363368,90.000000,
-19.828133,-1.661935,-27.363368,-67.064640,35.808915,-32.621153,-70.537737,-22.738074,-15.731395,-19.828133,-1.661935,-27.363368,90.000000,
-19.828133,-1.661935,-27.363368,14.749324,-27.186990,-33.994097,29.866251,20.610086,-18.479310,-19.828133,-1.661935,-27.363368,90.000000,
-19.828133,-1.661935,-27.363368,-67.064640,35.808915,-32.621153,-70.537737,-22.738074,-15.731395,-19.828133,-1.661935,-27.363368,90.000000,
-19.828133,-1.661935,-27.363368,14.749324,-27.186990,-33.994097,29.866251,20.610086,-18.479310,-19.828133,-1.661935,-27.363368,90.000000,
-19.828133,-1.661935,-27.363368,-67.064640,35.808915,-32.621153,-70.537737,-22.738074,-15.731395,-19.828133,-1.661935,-27.363368,90.000000,
-19.828133,-1.661935,-27.363368,14.749324,-27.186990,-33.994097,29.866251,20.610086,-18.479310,-19.828133,-1.661935,-27.363368,90.000000,
-19.828133,-1.661935,-27.363368,-67.064640,35.808915,-32.621153,-70.537737,-22.738074,-15.731395,-19.828133,-1.661935,-27.363368,90.000000,
-19.828133,-1.661935,-27.363368,14.749324,-27.186990,-33.994097,29.866251,20.610086,-18.479310,-19.828133,-1.661935,-27.363368,90.000000,
-19.828133,-1.661935,-27.363368,-67.064640,35.808915,-32.621153,-70.537737,-22.738074,-15.731395,-19.828133,-1.661935,-27.363368,90.000000,
-19.828133,-1.661935,-27.363368,14.749324,-27.186990,-33.994097,29.866251,20.610086,-18.479310,-19.828133,-1.661935,-27.363368,90.000000,
-19.828133,-1.661935,-27.363368,-67.064640,35.808915,-32.621153,-70.537737,-22.738074,-15.731395,-19.828133,-1.661935,-27.363368,90.000000,
-19.828133,-1.661935,-27.363368,14.749324,-27.186990,-33.994097,29.866251,20.610086,-18.479310,-19.828133,-1.661935,-27.363368,90.000000,
-19.828133,-1.661935,-27.363368,-67.064640,35.808915,-32.621153,-70.537737,-22.738074,-15.731395,-19.828133,-1.661935,-27.363368,90.000000,
-19.828133,-1.661935,-27.363368,14.749324,-27.186990,-33.994097,29.866251,20.610086,-18.479310,-19.828133,-1.661935,-27.363368,90.000000,
-19.828133,-1.661935,-27.363368,-67.064640,35.808915,-32.621153,-70.537737,-22.738074,-15.731395,-19.828133,-1.661935,-27.363368,90.000000,
-19.828133,-1.661935,-27.363368,14.749324,-27.186990,-33.994097,29.866251,20.610086,-18.479310,-19.828133,-1.661935,-27.363368,90.000000,
-19.828133,-1.661935,-27.363368,-67.064640,35.808915,-32.621153,-70.537737,-22.738074,-15.731395,-19.828133,-1.661935,-27.363368,90.000000,
-19.828133,-1.661935,-27.363368,14.749324,-27.186990,-33.994097,29.866251,20.610086,-18.479310,-19.828133,-1.661935,-27.363368,90.000000,
-19.828133,-1.661935,-27.363368,-67.064640,35.808915,-32.621153,-70.537737,-22.738074,-15.731395,-19.828133,-1.661935,-27.363368,90.000000,
-19.828133,-1.661935,-27.363368,14.749324,-27.186990,-33.994097,29.866251,20.610086,-18.479310,-19.828133,-1.661935,-27.363368,90.000000,
-19.828133,-1.661935,-27.363368,-67.064640,35.808915,-32.621153,-70.537737,-22.738074,-15.731395,-19.828133,-1.661935,-27.363368,90.000000,
-19.828133,-1.661935,-27.363368,14.749324,-27.186990,-33.994097,29.866251,20.610086,-18.479310,-19.828133,-1.661935,-27.363368,90.000000,
-19.828133,-1.661935,-27.363368,-67.064640,35.808915,-32.621153,-70.537737,-22.738074,-15.731395,-19.828133,-1.661935,-27.363368,90.000000,
-19.828133,-1.661935,-27.363368,14.749324,-27.186990,-33.994097,29.866251,20.610086,-18.479310,-19.828133,-1.661935,-27.363368,90.000000,
-19.828133,-1.661935,-27.363368,-67.064640,35.808915,-32.621153,-70.537737,-22.738074,-15.731395,-19.828133,-1.661935,-27.363368,90.000000,
-19.828133,-1.661935,-27.363368,14.749324,-27.186990,-33.994097,29.866251,20.610086,-18.479310,-19.828133,-1.661935,-27.363368,90.000000,
-19.828133,-1.661935,-27.363368,-67.064640,35.808915,-32.621153,-70.537737,-22.738074,-15.731395,-19.828133,-1.661935,-27.363368,90.000000,
-19.828133,-1.661935,-27.363368,14.749324,-27.186990,-33.994097,29.866251,20.610086,-18.479310,-19.828133,-1.661935,-27.363368,90.000000,
-19.828133,-1.661935,-27.363368,-67.064640,35.808915,-32.621153,-70.537737,-22.738074,-15.731395,-19.828133,-1.661935,-27.363368,90.000000,
-19.828133,-1.661935,-27.363368,14.749324,-27.186990,-33.994097,29.866251,20.610086,-18.479310,-19.828133,-1.661935,-27.363368,90.000000,
-19.828133,-1.661935,-27.363368,-67.064640,35.808915,-32.621153,-70.537737,-22.738074,-15.731395,-19.828133,-1.661935,-27.363368,90.000000,
-19.828133,-1.661935,-27.363368,14.749324,-27.186990,-33.994097,29.866251,20.610086,-18.479310,-19.828133,-1.661935,-27.363368,90.000000,
-19.828133,-1.661935,-27.363368,-67.064640,35.808915,-32.621153,-70.537737,-22.738074,-15.731395,-19.828133,-1.661935,-27.363368,90.000000,
-19.828133,-1.661935,-27.363368,14.749324,-27.186990,-33.994097,29.866251,20.610086,-18.479310,-19.828133,-1.661935,-27.363368,90.000000,
-19.828133,-1.661935,-27.363368,-67.064640,35.808915,-32.621153,-70.537737,-22.738074,-15.731395,-19.828133,-1.661935,-27.363368,90.000000,
-19.828133,-1.661935,-27.363368,14.749324,-27.186990,-33.994097,29.866251,20.610086,-18.479310,-19.828133,-1.661935,-27.363368,90.000000,
-19.828133,-1.661935,-27.363368,-67.064640,35.808915,-32.621153,-70.537737,-22.738074,-15.731395,-19.828133,-1.661935,-27.363368,90.000000,
-19.828133,-1.661935,-27.363368,14.749324,-27.186990,-33.994097,29.866251,20.610086,-18.479310,-19.828133,-1.661935,-27.363368,90.000000,
-19.828133,-1.661935,-27.363368,-67.064640,35.808915,-32.621153,-70.537737,-22.738074,-15.731395,-19.828133,-1.661935,-27.363368,90.000000,
-19.828133,-1.661935,-27.363368,14.749324,-27.186990,-33.994097,29.866251,20.610086,-18.479310,-19.828133,-1.661935,-27.363368,90.000000,
-19.828133,-1.661935,-27.363368,-67.064640,35.808915,-32.621153,-70.537737,-22.738074,-15.731395,-19.828133,-1.661935,-27.363368,90.000000,
-19.828133,-1.661935,-27.363368,14.749324,-27.186990,-33.994097,29.866251,20.610086,-18.479310,-19.828133,-1.661935,-27.363368,90.000000,
-19.828133,-1.661935,-27.363368,-67.064640,35.808915,-32.621153,-70.537737,-22.738074,-15.731395,-19.828133,-1.661935,-27.363368,90.000000,
-19.828133,-1.661935,-27.363368,14.749324,-27.186990,-33.994097,29.866251,20.610086,-18.479310,-19.828133,-1.661935,-27.363368,90.000000,
-19.828133,-1.661935,-27.363368,-67.064640,35.808915,-32.621153,-70.537737,-22.738074,-15.731395,-19.828133,-1.661935,-27.363368,90.000000,
-19.828133,-1.661935,-27.363368,14.749324,-27.186990,-33.994097,29.866251,20.610086,-18.479310,-19.828133,-1.661935,-27.363368,90.000000,
-19.828133,-1.661935,-27.363368,-67.064640,35.808915,-32.621153,-70.537737,-22.738074,-15.731395,-19.828133,-1.661935,-27.363368,90.000000,
-19.828133,-1.661935,-27.363368,14.749324,-27.186990,-33.994097,29.866251,20.610086,-18.479310,-19.828133,-1.661935,-27.363368,90.000000,
-19.828133,-1.661935,-27.363368,-67.064640,35.808915,-32.621153,-70.537737,-22.738074,-15.731395,-19.828133,-1.661935,-27.363368,90.000000,
-19.828133,-1.661935,-27.363368,14.749324,-27.186990,-33.994097,29.866251,20.610086,-18.479310,-19.828133,-1.661935,-27.363368,90.000000,
-19.828133,-1.661935,-27.363368,-67.064640,35.808915,-32.621153,-70.537737,-22.738074,-15.731395,-19.828133,-1.661935,-27.363368,90.000000,
-19.828133,-1.661935,-27.363368,14.749324,-27.186990,-33.994097,29.866251,20.610086,-18.479310,-19.828133,-1.661935,-27.363368,90.000000,
-19.828133,-1.661935,-27.363368,-67.064640,35.808915,-32.621153,-70.537737,-22.738074,-15.731395,-19.828133,-1.661935,-27.363368,90.000000,
-19.828133,-1.661935,-27.363368,14.749324,-27.186990,-33.994097,29.866251,20.610086,-18.479310,-19.828133,-1.661935,-27.363368,90.000000,
-19.828133,-1.661935,-27.363368,-67.064640,35.808915,-32.621153,-70.537737,-22.738074,-15.731395,-19.828133,-1.661935,-27.363368,90.000000,
-19.828133,-1.661935,-27.363368,14.749324,-27.186990,-33.994097,29.866251,20.610086,-18.479310,-19.828133,-1.661935,-27.363368,90.000000,
-19.828133,-1.661935,-27.363368,-67.064640,35.808915,-32.621153,-70.537737,-22.738074,-15.731395,-19.828133,-1.661935,-27.363368,90.000000,
-19.828133,-1.661935,-27.363368,14.749324,-27.186990,-33.994097,29.866251,20.610086,-18.479310,-19.828133,-1.661935,-27.363368,90.000000,
-19.828133,-1.661935,-27.363368,-67.064640,35.808915,-32.621153,-70.537737,-22.738074,-15.731395,-19.828133,-1.661935,-27.363368,90.000000,
-19.828133,-1.661935,-27.363368,14.749324,-27.186990,-33.994097,29.866251,20.610086,-18.479310,-19.828133,-1.661935,-27.363368,90.000000,
-19.828133,-1.661935,-27.363368,-67.064640,35.808915,-32.621153,-70.537737,-22.738074,-15.731395,-19.828133,-1.661935,-27.363368,90.000000,
-19.828133,-1.661935,-27.363368,14.749324,-27.186990,-33.994097,29.866251,20.610086,-18.479310,-19.828133,-1.661935,-27.363368,90.000000,
-19.828133,-1.661935,-27.363368,-67.064640,35.808915,-32.621153,-70.537737,-22.738074,-15.731395,-19.828133,-1.661935,-27.363368,90.000000,
-19.828133,-1.661935,-27.363368,14.749324,-27.186990,-33.994097,29.866251,20.610086,-18.479310,-19.828133,-1.661935,-27.363368,90.000000,
-19.828133,-1.661935,-27.363368,-67.064640,35.808915,-32.621153,-70.537737,-22.738074,-15.731395,-19.828133,-1.661935,-27.363368,90.000000,
-19.828133,-1.661935,-27.363368,14.749324,-27.186990,-33.994097,29.866251,20.610086,-18.479310,-19.828133,-1.661935,-27.363368,90.000000,
-19.828133,-1.661935,-27.363368,-67.064640,35.808915,-32.621153,-70.537737,-22.738074,-15.731395,-19.828133,-1.661935,-27.363368,90.000000,
-19.828133,-1.661935,-27.363368,14.749324,-27.186990,-33.994097,29.866251,20.610086,-18.479310,-19.828133,-1.661935,-27.363368,90.000000,
-19.828133,-1.661935,-27.363368,-67.064640,35.808915,-32.621153,-70.537737,-22.738074,-15.731395,-19.828133,-1.661935,-27.363368,90.000000,
-19.828133,-1.661935,-27.363368,14.749324,-27.186990,-33.994097,29.866251,20.610086,-18.479310,-19.828133,-1.661935,-27.363368,90.000000,
-19.828133,-1.661935,-27.363368,-67.064640,35.808915,-32.621153,-70.537737,-22.738074,-15.731395,-19.828133,-1.661935,-27.363368,90.000000,
-19.828133,-1.661935,-27.363368,14.749324,-27.186990,-33.994097,29.866251,20.610086,-18.479310,-19.828133,-1.661935,-27.363368,90.000000,
-19.828133,-1.661935,-27.363368,-67.064640,35.808915,-32.621153,-70.537737,-22.738074,-15.731395,-19.828133,-1.661935,-27.363368,90.000000,
-19.828133,-1.661935,-27.363368,14.749324,-27.186990,-33.994097,29.866251,20.610086,-18.479310,-19.828133,-1.661935,-27.363368,90.000000,
-19.828133,-1.661935,-27.363368,-67.064640,35.808915,-32.621153,-70.537737,-22.738074,-15.731395,-19.828133,-1.661935,-27.363368,90.000000,
-19.828133,-1.661935,-27.363368,14.749324,-27.186990,-33.994097,29.866251,20.610086,-18.479310,-19.828133,-1.661935,-27.363368,90.000000,
-19.828133,-1.661935,-27.363368,-67.064640,35.808915,-32.621153,-70.537737,-22.738074,-15.731395,-19.828133,-1.661935,-27.363368,90.000000,
-19.828133,-1.661935,-27.363368,14.749324,-27.186990,-33.994097,29.866251,20.610086,-18.479310,-19.828133,-1.661935,-27.363368,90.000000,
-19.828133,-1.661935,-27.363368,-67.064640,35.808915,-32.621153,-70.537737,-22.738074,-15.731395,-19.828133,-1.661935,-27.363368,90.000000,
-19.828133,-1.661935,-27.363368,14.749324,-27.186990,-33.994097,29.866251,20.610086,-18.479310,-19.828133,-1.661935,-27.363368,90.000000,
-19.828133,-1.661935,-27.363368,-67.064640,35.808915,-32.621153,-70.537737,-22.738074,-15.731395,-19.828133,-1.661935,-27.363368,90.000000,
-19.828133,-1.661935,-27.363368,14.749324,-27.186990,-33.994097,29.866251,20.610086,-18.479310,-19.828133,-1.661935,-27.363368,90.000000,
-19.828133,-1.661935,-27.363368,-67.064640,35.808915,-32.621153,-70.537737,-22.738074,-15.731395,-19.828133,-1.661935,-27.363368,90.000000,
-19.828133,-1.661935,-27.363368,14.749324,-27.186990,-33.994097,29.866251,20.610086,-18.479310,-19.828133,-1.661935,-27.363368,90.000000,
-19.828133,-1.661935,-27.363368,-67.064640,35.808915,-32.621153,-70.537737,-22.738074,-15.731395,-19.828133,-1.661935,-27.363368,90.000000,
-19.828133,-1.661935,-27.363368,14.749324,-27.186990,-33.994097,29.866251,20.610086,-18.479310,-19.828133,-1.661935,-27.363368,90.000000,
-19.828133,-1.661935,-27.363368,-67.064640,35.808915,-32.621153,-70.537737,-22.738074,-15.731395,-19.828133,-1.661935,-27.363368,90.000000,
-19.828133,-1.661935,-27.363368,14.749324,-27.186990,-33.994097,29.866251,20.610086,-18.479310,-19.828133,-1.661935,-27.363368,90.000000,
-19.828133,-1.661935,-27.363368,-67.064640,35.808915,-32.621153,-70.537737,-22.738074,-15.731395,-19.828133,-1.661935,-27.363368,90.000000,
-19.828133,-1.661935,-27.363368,14.749324,-27.186990,-33.994097,29.866251,20.610086,-18.479310,-19.828133,-1.661935,-27.363368,90.000000,
-19.828133,-1.661935,-27.363368,-67.064640,35.808915,-32.621153,-70.537737,-22.738074,-15.731395,-19.828133,-1.661935,-27.363368,90.000000,
-19.828133,-1.661935,-27.363368,14.749324,-27.186990,-33.994097,29.866251,20.610086,-18.479310,-19.828133,-1.661935,-27.363368,90.000000,
-19.828133,-1.661935,-27.363368,-67.064640,35.808915,-32.621153,-70.537737,-22.738074,-15.731395,-19.828133,-1.661935,-27.363368,90.000000,
-19.828133,-1.661935,-27.363368,14.749324,-27.186990,-33.994097,29.866251,20.610086,-18.479310,-19.828133,-1.661935,-27.363368,90.000000,
-19.828133,-1.661935,-27.363368,-67.064640,35.808915,-32.621153,-70.537737,-22.738074,-15.731395,-19.828133,-1.661935,-27.363368,90.000000,
-19.828133,-1.661935,-27.363368,14.749324,-27.186990,-33.994097,29.866251,20.610086,-18.479310,-19.828133,-1.661935,-27.363368,90.000000,
-19.828133,-1.661935,-27.363368,-67.064640,35.808915,-32.621153,-70.537737,-22.738074,-15.731395,-19.828133,-1.661935,-27.363368,90.000000,
-19.828133,-1.661935,-27.363368,14.749324,-27.186990,-33.994097,29.866251,20.610086,-18.479310,-19.828133,-1.661935,-27.363368,90.000000,
-19.828133,-1.661935,-27.363368,-67.064640,35.808915,-32.621153,-70.537737,-22.738074,-15.731395,-19.828133,-1.661935,-27.363368,90.000000,
-19.828133,-1.661935,-27.363368,14.749324,-27.186990,-33.994097,29.866251,20.610086,-18.479310,-19.828133,-1.661935,-27.363368,90.000000,
-19.828133,-1.661935,-27.363368,-67.064640,35.808915,-32.621153,-70.537737,-22.738074,-15.731395,-19.828133,-1.661935,-27.363368,90.000000,
-19.828133,-1.661935,-27.363368,14.749324,-27.186990,-33.994097,29.866251,20.610086,-18.479310,-19.828133,-1.661935,-27.363368,90.000000,
-19.828133,-1.661935,-27.363368,-67.064640,35.808915,-32.621153,-70.537737,-22.738074,-15.731395,-19.828133,-1.661935,-27.363368,90.000000,
-19.828133,-1.661935,-27.363368,14.749324,-27.186990,-33.994097,29.866251,20.610086,-18.479310,-19.828133,-1.661935,-27.363368,90.000000,
-19.828133,-1.661935,-27.363368,-67.064640,35.808915,-32.621153,-70.537737,-22.738074,-15.731395,-19.828133,-1.661935,-27.363368,90.000000,
-19.828133,-1.661935,-27.363368,14.749324,-27.186990,-33.994097,29.866251,20.610086,-18.479310,-19.828133,-1.661935,-27.363368,90.000000,
-19.828133,-1.661935,-27.363368,-67.064640,35.808915,-32.621153,-70.537737,-22.738074,-15.731395,-19.828133,-1.661935,-27.363368,90.000000,
-19.828133,-1.661935,-27.363368,14.749324,-27.186990,-33.994097,29.866251,20.610086,-18.479310,-19.828133,-1.661935,-27.363368,90.000000,
-19.828133,-1.661935,-27.363368,-67.064640,35.808915,-32.621153,-70.537737,-22.738074,-15.731395,-19.828133,-1.661935,-27.363368,90.000000,
-19.828133,-1.661935,-27.363368,14.749324,-27.186990,-33.994097,29.866251,20.610086,-18.479310,-19.828133,-1.661935,-27.363368,90.000000,
-19.828133,-1.661935,-27.363368,-67.064640,35.808915,-32.621153,-70.537737,-22.738074,-15.731395,-19.828133,-1.661935,-27.363368,90.000000,
-19.828133,-1.661935,-27.363368,14.749324,-27.186990,-33.994097,29.866251,20.610086,-18.479310,-19.828133,-1.661935,-27.363368,90.000000,
-19.828133,-1.661935,-27.363368,-67.064640,35.808915,-32.621153,-70.537737,-22.738074,-15.731395,-19.828133,-1.661935,-27.363368,90.000000,
-19.828133,-1.661935,-27.363368,14.749324,-27.186990,-33.994097,29.866251,20.610086,-18.479310,-19.828133,-1.661935,-27.363368,90.000000,
-19.828133,-1.661935,-27.363368,-67.064640,35.808915,-32.621153,-70.537737,-22.738074,-15.731395,-19.828133,-1.661935,-27.363368,90.000000,
-19.828133,-1.661935,-27.363368,14.749324,-27.186990,-33.994097,29.866251,20.610086,-18.479310,-19.828133,-1.661935,-27.363368,90.000000,
-19.828133,-1.661935,-27.363368,-67.064640,35.808915,-32.621153,-70.537737,-22.738074,-15.731395,-19.828133,-1.661935,-27.363368,90.000000,
-19.828133,-1.661935,-27.363368,14.749324,-27.186990,-33.994097,29.866251,20.610086,-18.479310,-19.828133,-1.661935,-27.363368,90.000000,
-19.828133,-1.661935,-27.363368,-67.064640,35.808915,-32.621153,-70.537737,-22.738074,-15.731395,-19.828133,-1.661935,-27.363368,90.000000,
-19.828133,-1.661935,-27.363368,14.749324,-27.186990,-33.994097,29.866251,20.610086,-18.479310,-19.828133,-1.661935,-27.363368,90.000000,
-19.828133,-1.661935,-27.363368,-67.064640,35.808915,-32.621153,-70.537737,-22.738074,-15.731395,-19.828133,-1.661935,-27.363368,90.000000,
-19.828133,-1.661935,-27.363368,14.749324,-27.186990,-33.994097,29.866251,20.610086,-18.479310,-19.828133,-1.661935,-27.363368,90.000000,
-19.828133,-1.661935,-27.363368,-67.064640,35.808915,-32.621153,-70.537737,-22.738074,-15.731395,-19.828133,-1.661935,-27.363368,90.000000,
-19.828133,-1.661935,-27.363368,14.749324,-27.186990,-33.994097,29.866251,20.610086,-18.479310,-19.828133,-1.661935,-27.363368,90.000000,
-19.828133,-1.661935,-27.363368,-67.064640,35.808915,-32.621153,-70.537737,-22.738074,-15.731395,-19.828133,-1.661935,-27.363368,90.000000,
-19.828133,-1.661935,-27.363368,14.749324,-27.186990,-33.994097,29.866251,20.610086,-18.479310,-19.828133,-1.661935,-27.363368,90.000000,
-19.828133,-1.661935,-27.363368,-67.064640,35.808915,-32.621153,-70.537737,-22.738074,-15.731395,-19.828133,-1.661935,-27.363368,90.000000,
-19.828133,-1.661935,-27.363368,14.749324,-27.186990,-33.994097,29.866251,20.610086,-18.479310,-19.828133,-1.661935,-27.363368,90.000000,
-19.828133,-1.661935,-27.363368,-67.064640,35.808915,-32.621153,-70.537737,-22.738074,-15.731395,-19.828133,-1.661935,-27.363368,90.000000,
-19.828133,-1.661935,-27.363368,14.749324,-27.186990,-33.994097,29.866251,20.610086,-18.479310,-19.828133,-1.661935,-27.363368,90.000000,
-19.828133,-1.661935,-27.363368,-67.064640,35.808915,-32.621153,-70.537737,-22.738074,-15.731395,-19.828133,-1.661935,-27.363368,90.000000,
-19.828133,-1.661935,-27.363368,14.749324,-27.186990,-33.994097,29.866251,20.610086,-18.479310,-19.828133,-1.661935,-27.363368,90.000000,
-19.828133,-1.661935,-27.363368,-67.064640,35.808915,-32.621153,-70.537737,-22.738074,-15.731395,-19.828133,-1.661935,-27.363368,90.000000,
-19.828133,-1.661935,-27.363368,14.749324,-27.186990,-33.994097,29.866251,20.610086,-18.479310,-19.828133,-1.661935,-27.363368,90.000000,
-19.828133,-1.661935,-27.363368,-67.064640,35.808915,-32.621153,-70.537737,-22.738074,-15.731395,-19.828133,-1.661935,-27.363368,90.000000,
-19.828133,-1.661935,-27.363368,14.749324,-27.186990,-33.994097,29.866251,20.610086,-18.479310,-19.828133,-1.661935,-27.363368,90.000000,
-19.828133,-1.661935,-27.363368,-67.064640,35.808915,-32.621153,-70.537737,-22.738074,-15.731395,-19.828133,-1.661935,-27.363368,90.000000,
-19.828133,-1.661935,-27.363368,14.749324,-27.186990,-33.994097,29.866251,20.610086,-18.479310,-19.828133,-1.661935,-27.363368,90.000000,
-19.828133,-1.661935,-27.363368,-67.064640,35.808915,-32.621153,-70.537737,-22.738074,-15.731395,-19.828133,-1.661935,-27.363368,90.000000,
-19.828133,-1.661935,-27.363368,14.749324,-27.186990,-33.994097,29.866251,20.610086,-18.479310,-19.828133,-1.661935,-27.363368,90.000000,
-19.828133,-1.661935,-27.363368,-67.064640,35.808915,-32.621153,-70.537737,-22.738074,-15.731395,-19.828133,-1.661935,-27.363368,90.000000,
-19.828133,-1.661935,-27.363368,14.749324,-27.186990,-33.994097,29.866251,20.610086,-18.479310,-19.828133,-1.661935,-27.363368,90.000000,
-19.828133,-1.661935,-27.363368,-67.064640,35.808915,-32.621153,-70.537737,-22.738074,-15.731395,-19.828133,-1.661935,-27.363368,90.000000,
-19.828133,-1.661935,-27.363368,14.749324,-27.186990,-33.994097,29.866251,20.610086,-18.479310,-19.828133,-1.661935,-27.363368,90.000000,
-19.828133,-1.661935,-27.363368,-67.064640,35.808915,-32.621153,-70.537737,-22.738074,-15.731395,-19.828133,-1.661935,-27.363368,90.000000,
-19.828133,-1.661935,-27.363368,14.749324,-27.186990,-33.994097,29.866251,20.610086,-18.479310,-19.828133,-1.661935,-27.363368,90.000000,
-19.828133,-1.661935,-27.363368,-67.064640,35.808915,-32.621153,-70.537737,-22.738074,-15.731395,-19.828133,-1.661935,-27.363368,90.000000,
-19.828133,-1.661935,-27.363368,14.749324,-27.186990,-33.994097,29.866251,20.610086,-18.479310,-19.828133,-1.661935,-27.363368,90.000000,
-19.828133,-1.661935,-27.363368,-67.064640,35.808915,-32.621153,-70.537737,-22.738074,-15.731395,-19.828133,-1.661935,-27.363368,90.000000,
-19.828133,-1.661935,-27.363368,14.749324,-27.186990,-33.994097,29.866251,20.610086,-18.479310,-19.828133,-1.661935,-27.363368,90.000000,
-19.828133,-1.661935,-27.363368,-67.064640,35.808915,-32.621153,-70.537737,-22.738074,-15.731395,-19.828133,-1.661935,-27.363368,90.000000,
-19.828133,-1.661935,-27.363368,14.749324,-27.186990,-33.994097,29.866251,20.610086,-18.479310,-19.828133,-1.661935,-27.363368,90.000000,
-19.828133,-1.661935,-27.363368,-67.064640,35.808915,-32.621153,-70.537737,-22.738074,-15.731395,-19.828133,-1.661935,-27.363368,90.000000,
-19.828133,-1.661935,-27.363368,14.749324,-27.186990,-33.994097,29.866251,20.610086,-18.479310,-19.828133,-1.661935,-27.363368,90.000000,
-19.828133,-1.661935,-27.363368,-67.064640,35.808915,-32.621153,-70.537737,-22.738074,-15.731395,-19.828133,-1.661935,-27.363368,90.000000,
-19.828133,-1.661935,-27.363368,14.749324,-27.186990,-33.994097,29.866251,20.610086,-18.479310,-19.828133,-1.661935,-27.363368,90.000000,
-19.828133,-1.661935,-27.363368,-67.064640,35.808915,-32.621153,-70.537737,-22.738074,-15.731395,-19.828133,-1.661935,-27.363368,90.000000,
-19.828133,-1.661935,-27.363368,14.749324,-27.186990,-33.994097,29.866251,20.610086,-18.479310,-19.828133,-1.661935,-27.363368,90.000000,
-19.828133,-1.661935,-27.363368,-67.064640,35.808915,-32.621153,-70.537737,-22.738074,-15.731395,-19.828133,-1.661935,-27.363368,90.000000,
-19.828133,-1.661935,-27.363368,14.749324,-27.186990,-33.994097,29.866251,20.610086,-18.479310,-19.828133,-1.661935,-27.363368,90.000000,
-19.828133,-1.661935,-27.363368,-67.064640,35.808915,-32.621153,-70.537737,-22.738074,-15.731395,-19.828133,-1.661935,-27.363368,90.000000,
-19.828133,-1.661935,-27.363368,14.749324,-27.186990,-33.994097,29.866251,20.610086,-18.479310,-19.828133,-1.661935,-27.363368,90.000000,
-19.828133,-1.661935,-27.363368,-67.064640,35.808915,-32.621153,-70.537737,-22.738074,-15.731395,-19.828133,-1.661935,-27.363368,90.000000,
-19.828133,-1.661935,-27.363368,14.749324,-27.186990,-33.994097,29.866251,20.610086,-18.479310,-19.828133,-1.661935,-27.363368,90.000000,
-19.828133,-1.661935,-27.363368,-67.064640,35.808915,-32.621153,-70.537737,-22.738074,-15.731395,-19.828133,-1.661935,-27.363368,90.000000,
-19.828133,-1.661935,-27.363368,14.749324,-27.186990,-33.994097,29.866251,20.610086,-18.479310,-19.828133,-1.661935,-27.363368,90.000000,
-19.828133,-1.661935,-27.363368,-67.064640,35.808915,-32.621153,-70.537737,-22.738074,-15.731395,-19.828133,-1.661935,-27.363368,90.000000,
-19.828133,-1.661935,-27.363368,14.749324,-27.186990,-33.994097,29.866251,20.610086,-18.479310,-19.828133,-1.661935,-27.363368,90.000000,
-19.828133,-1.661935,-27.363368,-67.064640,35.808915,-32.621153,-70.537737,-22.738074,-15.731395,-19.828133,-1.661935,-27.363368,90.000000,
-19.828133,-1.661935,-27.363368,14.749324,-27.186990,-33.994097,29.866251,20.610086,-18.479310,-19.828133,-1.661935,-27.363368,90.000000,
-19.828133,-1.661935,-27.363368,-67.064640,35.808915,-32.621153,-70.537737,-22.738074,-15.731395,-19.828133,-1.661935,-27.363368,90.000000,
-19.828133,-1.661935,-27.363368,14.749324,-27.186990,-33.994097,29.866251,20.610086,-18.479310,-19.828133,-1.661935,-27.363368,90.000000,
-19.828133,-1.661935,-27.363368,-67.064640,35.808915,-32.621153,-70.537737,-22.738074,-15.731395,-19.828133,-1.661935,-27.363368,90.000000,
-19.828133,-1.661935,-27.363368,14.749324,-27.186990,-33.994097,29.866251,20.610086,-18.479310,-19.828133,-1.661935,-27.363368,90.000000,
-19.828133,-1.661935,-27.363368,-67.064640,35.808915,-32.621153,-70.537737,-22.738074,-15.731395,-19.828133,-1.661935,-27.363368,90.000000,
-19.828133,-1.661935,-27.363368,14.749324,-27.186990,-33.994097,29.866251,20.610086,-18.479310,-19.828133,-1.661935,-27.363368,90.000000,
-19.828133,-1.661935,-27.363368,-67.064640,35.808915,-32.621153,-70.537737,-22.738074,-15.731395,-19.828133,-1.661935,-27.363368,90.000000,
-19.828133,-1.661935,-27.363368,14.749324,-27.186990,-33.994097,29.866251,20.610086,-18.479310,-19.828133,-1.661935,-27.363368,90.000000,
-19.828133,-1.661935,-27.363368,-67.064640,35.808915,-32.621153,-70.537737,-22.738074,-15.731395,-19.828133,-1.661935,-27.363368,90.000000,
-19.828133,-1.661935,-27.363368,14.749324,-27.186990,-33.994097,29.866251,20.610086,-18.479310,-19.828133,-1.661935,-27.363368,90.000000,
-19.828133,-1.661935,-27.363368,-67.064640,35.808915,-32.621153,-70.537737,-22.738074,-15.731395,-19.828133,-1.661935,-27.363368,90.000000,
-19.828133,-1.661935,-27.363368,14.749324,-27.186990,-33.994097,29.866251,20.610086,-18.479310,-19.828133,-1.661935,-27.363368,90.000000,
-19.828133,-1.661935,-27.363368,-67.064640,35.808915,-32.621153,-70.537737,-22.738074,-15.731395,-19.828133,-1.661935,-27.363368,90.000000,
-19.828133,-1.661935,-27.363368,14.749324,-27.186990,-33.994097,29.866251,20.610086,-18.479310,-19.828133,-1.661935,-27.363368,90.000000,
-19.828133,-1.661935,-27.363368,-67.064640,35.808915,-32.621153,-70.537737,-22.738074,-15.731395,-19.828133,-1.661935,-27.363368,90.000000,
-19.828133,-1.661935,-27.363368,14.749324,-27.186990,-33.994097,29.866251,20.610086,-18.479310,-19.828133,-1.661935,-27.363368,90.000000,
-19.828133,-1.661935,-27.363368,-67.064640,35.808915,-32.621153,-70.537737,-22.738074,-15.731395,-19.828133,-1.661935,-27.363368,90.000000,
-19.828133,-1.661935,-27.363368,14.749324,-27.186990,-33.994097,29.866251,20.610086,-18.479310,-19.828133,-1.661935,-27.363368,90.000000,
-19.828133,-1.661935,-27.363368,-67.064640,35.808915,-32.621153,-70.537737,-22.738074,-15.731395,-19.828133,-1.661935,-27.363368,90.000000,
-19.828133,-1.661935,-27.363368,14.749324,-27.186990,-33.994097,29.866251,20.610086,-18.479310,-19.828133,-1.661935,-27.363368,90.000000,
-19.828133,-1.661935,-27.363368,-67.064640,35.808915,-32.621153,-70.537737,-22.738074,-15.731395,-19.828133,-1.661935,-27.363368,90.000000,
-19.828133,-1.661935,-27.363368,14.749324,-27.186990,-33.994097,29.866251,20.610086,-18.479310,-19.828133,-1.661935,-27.363368,90.000000,
-19.828133,-1.661935,-27.363368,-67.064640,35.808915,-32.621153,-70.537737,-22.738074,-15.731395,-19.828133,-1.661935,-27.363368,90.000000,
-19.828133,-1.661935,-27.363368,14.749324,-27.186990,-33.994097,29.866251,20.610086,-18.479310,-19.828133,-1.661935,-27.363368,90.000000,
-19.828133,-1.661935,-27.363368,-67.064640,35.808915,-32.621153,-70.537737,-22.738074,-15.731395,-19.828133,-1.661935,-27.363368,90.000000,
-19.828133,-1.661935,-27.363368,14.749324,-27.186990,-33.994097,29.866251,20.610086,-18.479310,-19.828133,-1.661935,-27.363368,90.000000,
-19.828133,-1.661935,-27.363368,-67.064640,35.808915,-32.621153,-70.537737,-22.738074,-15.731395,-19.828133,-1.661935,-27.363368,90.000000,
-19.828133,-1.661935,-27.363368,14.749324,-27.186990,-33.994097,29.866251,20.610086,-18.479310,-19.828133,-1.661935,-27.363368,90.000000,
-19.828133,-1.661935,-27.363368,-67.064640,35.808915,-32.621153,-70.537737,-22.738074,-15.731395,-19.828133,-1.661935,-27.363368,90.000000,
-19.828133,-1.661935,-27.363368,14.749324,-27.186990,-33.994097,29.866251,20.610086,-18.479310,-19.828133,-1.661935,-27.363368,90.000000,
-19.828133,-1.661935,-27.363368,-67.064640,35.808915,-32.621153,-70.537737,-22.738074,-15.731395,-19.828133,-1.661935,-27.363368,90.000000,
-19.828133,-1.661935,-27.363368,14.749324,-27.186990,-33.994097,29.866251,20.610086,-18.479310,-19.828133,-1.661935,-27.363368,90.000000,
-19.828133,-1.661935,-27.363368,-67.064640,35.808915,-32.621153,-70.537737,-22.738074,-15.731395,-19.828133,-1.661935,-27.363368,90.000000,
-19.828133,-1.661935,-27.363368,14.749324,-27.186990,-33.994097,29.866251,20.610086,-18.479310,-19.828133,-1.661935,-27.363368,90.000000,
-19.828133,-1.661935,-27.363368,-67.064640,35.808915,-32.621153,-70.537737,-22.738074,-15.731395,-19.828133,-1.661935,-27.363368,90.000000,
-19.828133,-1.661935,-27.363368,14.749324,-27.186990,-33.994097,29.866251,20.610086,-18.479310,-19.828133,-1.661935,-27.363368,90.000000,
-19.828133,-1.661935,-27.363368,-67.064640,35.808915,-32.621153,-70.537737,-22.738074,-15.731395,-19.828133,-1.661935,-27.363368,90.000000,
-19.828133,-1.661935,-27.363368,14.749324,-27.186990,-33.994097,29.866251,20.610086,-18.479310,-19.828133,-1.661935,-27.363368,90.000000,
-19.828133,-1.661935,-27.363368,-67.064640,35.808915,-32.621153,-70.537737,-22.738074,-15.731395,-19.828133,-1.661935,-27.363368,90.000000,
-19.828133,-1.661935,-27.363368,14.749324,-27.186990,-33.994097,29.866251,20.610086,-18.479310,-19.828133,-1.661935,-27.363368,90.000000,
-19.828133,-1.661935,-27.363368,-67.064640,35.808915,-32.621153,-70.537737,-22.738074,-15.731395,-19.828133,-1.661935,-27.363368,90.000000,
-19.828133,-1.661935,-27.363368,14.749324,-27.186990,-33.994097,29.866251,20.610086,-18.479310,-19.828133,-1.661935,-27.363368,90.000000,
-19.828133,-1.661935,-27.363368,-67.064640,35.808915,-32.621153,-70.537737,-22.738074,-15.731395,-19.828133,-1.661935,-27.363368,90.000000,
-19.828133,-1.661935,-27.363368,14.749324,-27.186990,-33.994097,29.866251,20.610086,-18.479310,-19.828133,-1.661935,-27.363368,90.000000,
-19.828133,-1.661935,-27.363368,-67.064640,35.808915,-32.621153,-70.537737,-22.738074,-15.731395,-19.828133,-1.661935,-27.363368,90.000000,
-19.828133,-1.661935,-27.363368,14.749324,-27.186990,-33.994097,29.866251,20.610086,-18.479310,-19.828133,-1.661935,-27.363368,90.000000,
-19.828133,-1.661935,-27.363368,-67.064640,35.808915,-32.621153,-70.537737,-22.738074,-15.731395,-19.828133,-1.661935,-27.363368,90.000000,
-19.828133,-1.661935,-27.363368,14.749324,-27.186990,-33.994097,29.866251,20.610086,-18.479310,-19.828133,-1.661935,-27.363368,90.000000,
-19.828133,-1.661935,-27.363368,-67.064640,35.808915,-32.621153,-70.537737,-22.738074,-15.731395,-19.828133,-1.661935,-27.363368,90.000000,
-19.828133,-1.661935,-27.363368,14.749324,-27.186990,-33.994097,29.866251,20.610086,-18.479310,-19.828133,-1.661935,-27.363368,90.000000,
-19.828133,-1.661935,-27.363368,-67.064640,35.808915,-32.621153,-70.537737,-22.738074,-15.731395,-19.828133,-1.661935,-27.363368,90.000000,
-19.828133,-1.661935,-27.363368,14.749324,-27.186990,-33.994097,29.866251,20.610086,-18.479310,-19.828133,-1.661935,-27.363368,90.000000,
-19.828133,-1.661935,-27.363368,-67.064640,35.808915,-32.621153,-70.537737,-22.738074,-15.731395,-19.828133,-1.661935,-27.363368,90.000000,
-19.828133,-1.661935,-27.363368,14.749324,-27.186990,-33.994097,29.866251,20.610086,-18.479310,-19.828133,-1.661935,-27.363368,90.000000,
-19.828133,-1.661935,-27.363368,-67.064640,35.808915,-32.621153,-70.537737,-22.738074,-15.731395,-19.828133,-1.661935,-27.363368,90.000000,
-19.828133,-1.661935,-27.363368,14.749324,-27.186990,-33.994097,29.866251,20.610086,-18.479310,-19.828133,-1.661935,-27.363368,90.000000,
-19.828133,-1.661935,-27.363368,-67.064640,35.808915,-32.621153,-70.537737,-22.738074,-15.731395,-19.828133,-1.661935,-27.363368,90.000000,
-19.828133,-1.661935,-27.363368,14.749324,-27.186990,-33.994097,29.866251,20.610086,-18.479310,-19.828133,-1.661935,-27.363368,90.000000,
-19.828133,-1.661935,-27.363368,-67.064640,35.808915,-32.621153,-70.537737,-22.738074,-15.731395,-19.828133,-1.661935,-27.363368,90.000000,
-19.828133,-1.661935,-27.363368,14.749324,-27.186990,-33.994097,29.866251,20.610086,-18.479310,-19.828133,-1.661935,-27.363368,90.000000,
-19.828133,-1.661935,-27.363368,-67.064640,35.808915,-32.621153,-70.537737,-22.738074,-15.731395,-19.828133,-1.661935,-27.363368,90.000000,
-19.828133,-1.661935,-27.363368,14.749324,-27.186990,-33.994097,29.866251,20.610086,-18.479310,-19.828133,-1.661935,-27.363368,90.000000,
-19.828133,-1.661935,-27.363368,-67.064640,35.808915,-32.621153,-70.537737,-22.738074,-15.731395,-19.828133,-1.661935,-27.363368,90.000000,
-19.828133,-1.661935,-27.363368,14.749324,-27.186990,-33.994097,29.866251,20.610086,-18.479310,-19.828133,-1.661935,-27.363368,90.000000,
-19.828133,-1.661935,-27.363368,-67.064640,35.808915,-32.621153,-70.537737,-22.738074,-15.731395,-19.828133,-1.661935,-27.363368,90.000000,
-19.828133,-1.661935,-27.363368,14.749324,-27.186990,-33.994097,29.866251,20.610086,-18.479310,-19.828133,-1.661935,-27.363368,90.000000,
-19.828133,-1.661935,-27.363368,-67.064640,35.808915,-32.621153,-70.537737,-22.738074,-15.731395,-19.828133,-1.661935,-27.363368,90.000000,
-19.828133,-1.661935,-27.363368,14.749324,-27.186990,-33.994097,29.866251,20.610086,-18.479310,-19.828133,-1.661935,-27.363368,90.000000,
-19.828133,-1.661935,-27.363368,-67.064640,35.808915,-32.621153,-70.537737,-22.738074,-15.731395,-19.828133,-1.661935,-27.363368,90.000000,
-19.828133,-1.661935,-27.363368,14.749324,-27.186990,-33.994097,29.866251,20.610086,-18.479310,-19.828133,-1.661935,-27.363368,90.000000,
-19.828133,-1.661935,-27.363368,-67.064640,35.808915,-32.621153,-70.537737,-22.738074,-15.731395,-19.828133,-1.661935,-27.363368,90.000000,
-19.828133,-1.661935,-27.363368,14.749324,-27.186990,-33.994097,29.866251,20.610086,-18.479310,-19.828133,-1.661935,-27.363368,90.000000,
-19.828133,-1.661935,-27.363368,-67.064640,35.808915,-32.621153,-70.537737,-22.738074,-15.731395,-19.828133,-1.661935,-27.363368,90.000000,
-19.828133,-1.661935,-27.363368,14.749324,-27.186990,-33.994097,29.866251,20.610086,-18.479310,-19.828133,-1.661935,-27.363368,90.000000,
-19.828133,-1.661935,-27.363368,-67.064640,35.808915,-32.621153,-70.537737,-22.738074,-15.731395,-19.828133,-1.661935,-27.363368,90.000000,
-19.828133,-1.661935,-27.363368,14.749324,-27.186990,-33.994097,29.866251,20.610086,-18.479310,-19.828133,-1.661935,-27.363368,90.000000,
-19.828133,-1.661935,-27.363368,-67.064640,35.808915,-32.621153,-70.537737,-22.738074,-15.731395,-19.828133,-1.661935,-27.363368,90.000000,
-19.828133,-1.661935,-27.363368,14.749324,-27.186990,-33.994097,29.866251,20.610086,-18.479310,-19.828133,-1.661935,-27.363368,90.000000,
-19.828133,-1.661935,-27.363368,-67.064640,35.808915,-32.621153,-70.537737,-22.738074,-15.731395,-19.828133,-1.661935,-27.363368,90.000000,
-19.828133,-1.661935,-27.363368,14.749324,-27.186990,-33.994097,29.866251,20.610086,-18.479310,-19.828133,-1.661935,-27.363368,90.000000,
-19.828133,-1.661935,-27.363368,-67.064640,35.808915,-32.621153,-70.537737,-22.738074,-15.731395,-19.828133,-1.661935,-27.363368,90.000000,
-19.828133,-1.661935,-27.363368,14.749324,-27.186990,-33.994097,29.866251,20.610086,-18.479310,-19.828133,-1.661935,-27.363368,90.000000,
-19.828133,-1.661935,-27.363368,-67.064640,35.808915,-32.621153,-70.537737,-22.738074,-15.731395,-19.828133,-1.661935,-27.363368,90.000000,
-19.828133,-1.661935,-27.363368,14.749324,-27.186990,-33.994097,29.866251,20.610086,-18.479310,-19.828133,-1.661935,-27.363368,90.000000,
-19.828133,-1.661935,-27.363368,-67.064640,35.808915,-32.621153,-70.537737,-22.738074,-15.731395,-19.828133,-1.661935,-27.363368,90.000000,
-19.828133,-1.661935,-27.363368,14.749324,-27.186990,-33.994097,29.866251,20.610086,-18.479310,-19.828133,-1.661935,-27.363368,90.000000,
-19.828133,-1.661935,-27.363368,-67.064640,35.808915,-32.621153,-70.537737,-22.738074,-15.731395,-19.828133,-1.661935,-27.363368,90.000000,
-19.828133,-1.661935,-27.363368,14.749324,-27.186990,-33.994097,29.866251,20.610086,-18.479310,-19.828133,-1.661935,-27.363368,90.000000,
-19.828133,-1.661935,-27.363368,-67.064640,35.808915,-32.621153,-70.537737,-22.738074,-15.731395,-19.828133,-1.661935,-27.363368,90.000000,
-19.828133,-1.661935,-27.363368,14.749324,-27.186990,-33.994097,29.866251,20.610086,-18.479310,-19.828133,-1.661935,-27.363368,90.000000,
-19.828133,-1.661935,-27.363368,-67.064640,35.808915,-32.621153,-70.537737,-22.738074,-15.731395,-19.828133,-1.661935,-27.363368,90.000000,
-19.828133,-1.661935,-27.363368,14.749324,-27.186990,-33.994097,29.866251,20.610086,-18.479310,-19.828133,-1.661935,-27.363368,90.000000,
-19.828133,-1.661935,-27.363368,-67.064640,35.808915,-32.621153,-70.537737,-22.738074,-15.731395,-19.828133,-1.661935,-27.363368,90.000000,
-19.828133,-1.661935,-27.363368,14.749324,-27.186990,-33.994097,29.866251,20.610086,-18.479310,-19.828133,-1.661935,-27.363368,90.000000,
-19.828133,-1.661935,-27.363368,-67.064640,35.808915,-32.621153,-70.537737,-22.738074,-15.731395,-19.828133,-1.661935,-27.363368,90.000000,
-19.828133,-1.661935,-27.363368,14.749324,-27.186990,-33.994097,29.866251,20.610086,-18.479310,-19.828133,-1.661935,-27.363368,90.000000,
-19.828133,-1.661935,-27.363368,-67.064640,35.808915,-32.621153,-70.537737,-22.738074,-15.731395,-19.828133,-1.661935,-27.363368,90.000000,
-19.828133,-1.661935,-27.363368,14.749324,-27.186990,-33.994097,29.866251,20.610086,-18.479310,-19.828133,-1.661935,-27.363368,90.000000,
-19.828133,-1.661935,-27.363368,-67.064640,35.808915,-32.621153,-70.537737,-22.738074,-15.731395,-19.828133,-1.661935,-27.363368,90.000000,
-19.828133,-1.661935,-27.363368,14.749324,-27.186990,-33.994097,29.866251,20.610086,-18.479310,-19.828133,-1.661935,-27.363368,90.000000,
-19.828133,-1.661935,-27.363368,-67.064640,35.808915,-32.621153,-70.537737,-22.738074,-15.731395,-19.828133,-1.661935,-27.363368,90.000000,
-19.828133,-1.661935,-27.363368,14.749324,-27.186990,-33.994097,29.866251,20.610086,-18.479310,-19.828133,-1.661935,-27.363368,90.000000,
-19.828133,-1.661935,-27.363368,-67.064640,35.808915,-32.621153,-70.537737,-22.738074,-15.731395,-19.828133,-1.661935,-27.363368,90.000000,
-19.828133,-1.661935,-27.363368,14.749324,-27.186990,-33.994097,29.866251,20.610086,-18.479310,-19.828133,-1.661935,-27.363368,90.000000,
-19.828133,-1.661935,-27.363368,-67.064640,35.808915,-32.621153,-70.537737,-22.738074,-15.731395,-19.828133,-1.661935,-27.363368,90.000000,
-19.828133,-1.661935,-27.363368,14.749324,-27.186990,-33.994097,29.866251,20.610086,-18.479310,-19.828133,-1.661935,-27.363368,90.000000,
-19.828133,-1.661935,-27.363368,-67.064640,35.808915,-32.621153,-70.537737,-22.738074,-15.731395,-19.828133,-1.661935,-27.363368,90.000000,
-19.828133,-1.661935,-27.363368,14.749324,-27.186990,-33.994097,29.866251,20.610086,-18.479310,-19.828133,-1.661935,-27.363368,90.000000,
-19.828133,-1.661935,-27.363368,-67.064640,35.808915,-32.621153,-70.537737,-22.738074,-15.731395,-19.828133,-1.661935,-27.363368,90.000000,
-19.828133,-1.661935,-27.363368,14.749324,-27.186990,-33.994097,29.866251,20.610086,-18.479310,-19.828133,-1.661935,-27.363368,90.000000,
-19.828133,-1.661935,-27.363368,-67.064640,35.808915,-32.621153,-70.537737,-22.738074,-15.731395,-19.828133,-1.661935,-27.363368,90.000000,
-19.828133,-1.661935,-27.363368,14.749324,-27.186990,-33.994097,29.866251,20.610086,-18.479310,-19.828133,-1.661935,-27.363368,90.000000,
-19.828133,-1.661935,-27.363368,-67.064640,35.808915,-32.621153,-70.537737,-22.738074,-15.731395,-19.828133,-1.661935,-27.363368,90.000000,
-19.828133,-1.661935,-27.363368,14.749324,-27.186990,-33.994097,29.866251,20.610086,-18.479310,-19.828133,-1.661935,-27.363368,90.000000,
-19.828133,-1.661935,-27.363368,-67.064640,35.808915,-32.621153,-70.537737,-22.738074,-15.731395,-19.828133,-1.661935,-27.363368,90.000000,
-19.828133,-1.661935,-27.363368,14.749324,-27.186990,-33.994097,29.866251,20.610086,-18.479310,-19.828133,-1.661935,-27.363368,90.000000,
-19.828133,-1.661935,-27.363368,-67.064640,35.808915,-32.621153,-70.537737,-22.738074,-15.731395,-19.828133,-1.661935,-27.363368,90.000000,
-19.828133,-1.661935,-27.363368,14.749324,-27.186990,-33.994097,29.866251,20.610086,-18.479310,-19.828133,-1.661935,-27.363368,90.000000,
-19.828133,-1.661935,-27.363368,-67.064640,35.808915,-32.621153,-70.537737,-22.738074,-15.731395,-19.828133,-1.661935,-27.363368,90.000000,
-19.828133,-1.661935,-27.363368,14.749324,-27.186990,-33.994097,29.866251,20.610086,-18.479310,-19.828133,-1.661935,-27.363368,90.000000,
-19.828133,-1.661935,-27.363368,-67.064640,35.808915,-32.621153,-70.537737,-22.738074,-15.731395,-19.828133,-1.661935,-27.363368,90.000000,
-19.828133,-1.661935,-27.363368,14.749324,-27.186990,-33.994097,29.866251,20.610086,-18.479310,-19.828133,-1.661935,-27.363368,90.000000,
-19.828133,-1.661935,-27.363368,-67.064640,35.808915,-32.621153,-70.537737,-22.738074,-15.731395,-19.828133,-1.661935,-27.363368,90.000000,
-19.828133,-1.661935,-27.363368,14.749324,-27.186990,-33.994097,29.866251,20.610086,-18.479310,-19.828133,-1.661935,-27.363368,90.000000,
-19.828133,-1.661935,-27.363368,-67.064640,35.808915,-32.621153,-70.537737,-22.738074,-15.731395,-19.828133,-1.661935,-27.363368,90.000000,
-19.828133,-1.661935,-27.363368,14.749324,-27.186990,-33.994097,29.866251,20.610086,-18.479310,-19.828133,-1.661935,-27.363368,90.000000,
-19.828133,-1.661935,-27.363368,-67.064640,35.808915,-32.621153,-70.537737,-22.738074,-15.731395,-19.828133,-1.661935,-27.363368,90.000000,
-19.828133,-1.661935,-27.363368,14.749324,-27.186990,-33.994097,29.866251,20.610086,-18.479310,-19.828133,-1.661935,-27.363368,90.000000,
-19.828133,-1.661935,-27.363368,-67.064640,35.808915,-32.621153,-70.537737,-22.738074,-15.731395,-19.828133,-1.661935,-27.363368,90.000000,
-19.828133,-1.661935,-27.363368,14.749324,-27.186990,-33.994097,29.866251,20.610086,-18.479310,-19.828133,-1.661935,-27.363368,90.000000,
-19.828133,-1.661935,-27.363368,-67.064640,35.808915,-32.621153,-70.537737,-22.738074,-15.731395,-19.828133,-1.661935,-27.363368,90.000000,
-19.828133,-1.661935,-27.363368,14.749324,-27.186990,-33.994097,29.866251,20.610086,-18.479310,-19.828133,-1.661935,-27.363368,90.000000,
-19.828133,-1.661935,-27.363368,-67.064640,35.808915,-32.621153,-70.537737,-22.738074,-15.731395,-19.828133,-1.661935,-27.363368,90.000000,
-19.828133,-1.661935,-27.363368,14.749324,-27.186990,-33.994097,29.866251,20.610086,-18.479310,-19.828133,-1.661935,-27.363368,90.000000,
-19.828133,-1.661935,-27.363368,-67.064640,35.808915,-32.621153,-70.537737,-22.738074,-15.731395,-19.828133,-1.661935,-27.363368,90.000000,
-19.828133,-1.661935,-27.363368,14.749324,-27.186990,-33.994097,29.866251,20.610086,-18.479310,-19.828133,-1.661935,-27.363368,90.000000,
-19.828133,-1.661935,-27.363368,-67.064640,35.808915,-32.621153,-70.537737,-22.738074,-15.731395,-19.828133,-1.661935,-27.363368,90.000000,
-19.828133,-1.661935,-27.363368,14.749324,-27.186990,-33.994097,29.866251,20.610086,-18.479310,-19.828133,-1.661935,-27.363368,90.000000,
-19.828133,-1.661935,-27.363368,-67.064640,35.808915,-32.621153,-70.537737,-22.738074,-15.731395,-19.828133,-1.661935,-27.363368,90.000000,
-19.828133,-1.661935,-27.363368,14.749324,-27.186990,-33.994097,29.866251,20.610086,-18.479310,-19.828133,-1.661935,-27.363368,90.000000,
-19.828133,-1.661935,-27.363368,-67.064640,35.808915,-32.621153,-70.537737,-22.738074,-15.731395,-19.828133,-1.661935,-27.363368,90.000000,
-19.828133,-1.661935,-27.363368,14.749324,-27.186990,-33.994097,29.866251,20.610086,-18.479310,-19.828133,-1.661935,-27.363368,90.000000,
-19.828133,-1.661935,-27.363368,-67.064640,35.808915,-32.621153,-70.537737,-22.738074,-15.731395,-19.828133,-1.661935,-27.363368,90.000000,
-19.828133,-1.661935,-27.363368,14.749324,-27.186990,-33.994097,29.866251,20.610086,-18.479310,-19.828133,-1.661935,-27.363368,90.000000,
-19.828133,-1.661935,-27.363368,-67.064640,35.808915,-32.621153,-70.537737,-22.738074,-15.731395,-19.828133,-1.661935,-27.363368,90.000000,
-19.828133,-1.661935,-27.363368,14.749324,-27.186990,-33.994097,29.866251,20.610086,-18.479310,-19.828133,-1.661935,-27.363368,90.000000,
-19.828133,-1.661935,-27.363368,-67.064640,35.808915,-32.621153,-70.537737,-22.738074,-15.731395,-19.828133,-1.661935,-27.363368,90.000000,
-19.828133,-1.661935,-27.363368,14.749324,-27.186990,-33.994097,29.866251,20.610086,-18.479310,-19.828133,-1.661935,-27.363368,90.000000,
-19.828133,-1.661935,-27.363368,-67.064640,35.808915,-32.621153,-70.537737,-22.738074,-15.731395,-19.828133,-1.661935,-27.363368,90.000000,
-19.828133,-1.661935,-27.363368,14.749324,-27.186990,-33.994097,29.866251,20.610086,-18.479310,-19.828133,-1.661935,-27.363368,90.000000,
-19.828133,-1.661935,-27.363368,-67.064640,35.808915,-32.621153,-70.537737,-22.738074,-15.731395,-19.828133,-1.661935,-27.363368,90.000000,
-19.828133,-1.661935,-27.363368,14.749324,-27.186990,-33.994097,29.866251,20.610086,-18.479310,-19.828133,-1.661935,-27.363368,90.000000,
-19.828133,-1.661935,-27.363368,-67.064640,35.808915,-32.621153,-70.537737,-22.738074,-15.731395,-19.828133,-1.661935,-27.363368,90.000000,
-19.828133,-1.661935,-27.363368,14.749324,-27.186990,-33.994097,29.866251,20.610086,-18.479310,-19.828133,-1.661935,-27.363368,90.000000,
-19.828133,-1.661935,-27.363368,-67.064640,35.808915,-32.621153,-70.537737,-22.738074,-15.731395,-19.828133,-1.661935,-27.363368,90.000000,
-19.828133,-1.661935,-27.363368,14.749324,-27.186990,-33.994097,29.866251,20.610086,-18.479310,-19.828133,-1.661935,-27.363368,90.000000,
-19.828133,-1.661935,-27.363368,-67.064640,35.808915,-32.621153,-70.537737,-22.738074,-15.731395,-19.828133,-1.661935,-27.363368,90.000000,
-19.828133,-1.661935,-27.363368,14.749324,-27.186990,-33.994097,29.866251,20.610086,-18.479310,-19.828133,-1.661935,-27.363368,90.000000,
-19.828133,-1.661935,-27.363368,-67.064640,35.808915,-32.621153,-70.537737,-22.738074,-15.731395,-19.828133,-1.661935,-27.363368,90.000000,
-19.828133,-1.661935,-27.363368,14.749324,-27.186990,-33.994097,29.866251,20.610086,-18.479310,-19.828133,-1.661935,-27.363368,90.000000,
-19.828133,-1.661935,-27.363368,-67.064640,35.808915,-32.621153,-70.537737,-22.738074,-15.731395,-19.828133,-1.661935,-27.363368,90.000000,
-19.828133,-1.661935,-27.363368,14.749324,-27.186990,-33.994097,29.866251,20.610086,-18.479310,-19.828133,-1.661935,-27.363368,90.000000,
-19.828133,-1.661935,-27.363368,-67.064640,35.808915,-32.621153,-70.537737,-22.738074,-15.731395,-19.828133,-1.661935,-27.363368,90.000000,
-19.828133,-1.661935,-27.363368,14.749324,-27.186990,-33.994097,29.866251,20.610086,-18.479310,-19.828133,-1.661935,-27.363368,90.000000,
-19.828133,-1.661935,-27.363368,-67.064640,35.808915,-32.621153,-70.537737,-22.738074,-15.731395,-19.828133,-1.661935,-27.363368,90.000000,
-19.828133,-1.661935,-27.363368,14.749324,-27.186990,-33.994097,29.866251,20.610086,-18.479310,-19.828133,-1.661935,-27.363368,90.000000,
-19.828133,-1.661935,-27.363368,-67.064640,35.808915,-32.621153,-70.537737,-22.738074,-15.731395,-19.828133,-1.661935,-27.363368,90.000000,
-19.828133,-1.661935,-27.363368,14.749324,-27.186990,-33.994097,29.866251,20.610086,-18.479310,-19.828133,-1.661935,-27.363368,90.000000,
-19.828133,-1.661935,-27.363368,-67.064640,35.808915,-32.621153,-70.537737,-22.738074,-15.731395,-19.828133,-1.661935,-27.363368,90.000000,
-19.828133,-1.661935,-27.363368,14.749324,-27.186990,-33.994097,29.866251,20.610086,-18.479310,-19.828133,-1.661935,-27.363368,90.000000,
-19.828133,-1.661935,-27.363368,-67.064640,35.808915,-32.621153,-70.537737,-22.738074,-15.731395,-19.828133,-1.661935,-27.363368,90.000000,
-19.828133,-1.661935,-27.363368,14.749324,-27.186990,-33.994097,29.866251,20.610086,-18.479310,-19.828133,-1.661935,-27.363368,90.000000,
-19.828133,-1.661935,-27.363368,-67.064640,35.808915,-32.621153,-70.537737,-22.738074,-15.731395,-19.828133,-1.661935,-27.363368,90.000000,
-19.828133,-1.661935,-27.363368,14.749324,-27.186990,-33.994097,29.866251,20.610086,-18.479310,-19.828133,-1.661935,-27.363368,90.000000,
-19.828133,-1.661935,-27.363368,-67.064640,35.808915,-32.621153,-70.537737,-22.738074,-15.731395,-19.828133,-1.661935,-27.363368,90.000000,
-19.828133,-1.661935,-27.363368,14.749324,-27.186990,-33.994097,29.866251,20.610086,-18.479310,-19.828133,-1.661935,-27.363368,90.000000,
-19.828133,-1.661935,-27.363368,-67.064640,35.808915,-32.621153,-70.537737,-22.738074,-15.731395,-19.828133,-1.661935,-27.363368,90.000000,
-19.828133,-1.661935,-27.363368,14.749324,-27.186990,-33.994097,29.866251,20.610086,-18.479310,-19.828133,-1.661935,-27.363368,90.000000,
-19.828133,-1.661935,-27.363368,-67.064640,35.808915,-32.621153,-70.537737,-22.738074,-15.731395,-19.828133,-1.661935,-27.363368,90.000000,
-19.828133,-1.661935,-27.363368,14.749324,-27.186990,-33.994097,29.866251,20.610086,-18.479310,-19.828133,-1.661935,-27.363368,90.000000,
-19.828133,-1.661935,-27.363368,-67.064640,35.808915,-32.621153,-70.537737,-22.738074,-15.731395,-19.828133,-1.661935,-27.363368,90.000000,
-19.828133,-1.661935,-27.363368,14.749324,-27.186990,-33.994097,29.866251,20.610086,-18.479310,-19.828133,-1.661935,-27.363368,90.000000,
-19.828133,-1.661935,-27.363368,-67.064640,35.808915,-32.621153,-70.537737,-22.738074,-15.731395,-19.828133,-1.661935,-27.363368,90.000000,
-19.828133,-1.661935,-27.363368,14.749324,-27.186990,-33.994097,29.866251,20.610086,-18.479310,-19.828133,-1.661935,-27.363368,90.000000,
-19.828133,-1.661935,-27.363368,-67.064640,35.808915,-32.621153,-70.537737,-22.738074,-15.731395,-19.828133,-1.661935,-27.363368,90.000000,
-19.828133,-1.661935,-27.363368,14.749324,-27.186990,-33.994097,29.866251,20.610086,-18.479310,-19.828133,-1.661935,-27.363368,90.000000,
-19.828133,-1.661935,-27.363368,-67.064640,35.808915,-32.621153,-70.537737,-22.738074,-15.731395,-19.828133,-1.661935,-27.363368,90.000000,
-19.828133,-1.661935,-27.363368,14.749324,-27.186990,-33.994097,29.866251,20.610086,-18.479310,-19.828133,-1.661935,-27.363368,90.000000,
-19.828133,-1.661935,-27.363368,-67.064640,35.808915,-32.621153,-70.537737,-22.738074,-15.731395,-19.828133,-1.661935,-27.363368,90.000000,
-19.828133,-1.661935,-27.363368,14.749324,-27.186990,-33.994097,29.866251,20.610086,-18.479310,-19.828133,-1.661935,-27.363368,90.000000,
-19.828133,-1.661935,-27.363368,-67.064640,35.808915,-32.621153,-70.537737,-22.738074,-15.731395,-19.828133,-1.661935,-27.363368,90.000000,
-19.828133,-1.661935,-27.363368,14.749324,-27.186990,-33.994097,29.866251,20.610086,-18.479310,-19.828133,-1.661935,-27.363368,90.000000,
-19.828133,-1.661935,-27.363368,-67.064640,35.808915,-32.621153,-70.537737,-22.738074,-15.731395,-19.828133,-1.661935,-27.363368,90.000000,
-19.828133,-1.661935,-27.363368,14.749324,-27.186990,-33.994097,29.866251,20.610086,-18.479310,-19.828133,-1.661935,-27.363368,90.000000,
-19.828133,-1.661935,-27.363368,-67.064640,35.808915,-32.621153,-70.537737,-22.738074,-15.731395,-19.828133,-1.661935,-27.363368,90.000000,
-19.828133,-1.661935,-27.363368,14.749324,-27.186990,-33.994097,29.866251,20.610086,-18.479310,-19.828133,-1.661935,-27.363368,90.000000,
-19.828133,-1.661935,-27.363368,-67.064640,35.808915,-32.621153,-70.537737,-22.738074,-15.731395,-19.828133,-1.661935,-27.363368,90.000000,
-19.828133,-1.661935,-27.363368,14.749324,-27.186990,-33.994097,29.866251,20.610086,-18.479310,-19.828133,-1.661935,-27.363368,90.000000,
-19.828133,-1.661935,-27.363368,-67.064640,35.808915,-32.621153,-70.537737,-22.738074,-15.731395,-19.828133,-1.661935,-27.363368,90.000000,
-19.828133,-1.661935,-27.363368,14.749324,-27.186990,-33.994097,29.866251,20.610086,-18.479310,-19.828133,-1.661935,-27.363368,90.000000,
-19.828133,-1.661935,-27.363368,-67.064640,35.808915,-32.621153,-70.537737,-22.738074,-15.731395,-19.828133,-1.661935,-27.363368,90.000000,
-19.828133,-1.661935,-27.363368,14.749324,-27.186990,-33.994097,29.866251,20.610086,-18.479310,-19.828133,-1.661935,-27.363368,90.000000,
-19.828133,-1.661935,-27.363368,-67.064640,35.808915,-32.621153,-70.537737,-22.738074,-15.731395,-19.828133,-1.661935,-27.363368,90.000000,
-19.828133,-1.661935,-27.363368,14.749324,-27.186990,-33.994097,29.866251,20.610086,-18.479310,-19.828133,-1.661935,-27.363368,90.000000,
-19.828133,-1.661935,-27.363368,-67.064640,35.808915,-32.621153,-70.537737,-22.738074,-15.731395,-19.828133,-1.661935,-27.363368,90.000000,
-19.828133,-1.661935,-27.363368,14.749324,-27.186990,-33.994097,29.866251,20.610086,-18.479310,-19.828133,-1.661935,-27.363368,90.000000,
-19.828133,-1.661935,-27.363368,-67.064640,35.808915,-32.621153,-70.537737,-22.738074,-15.731395,-19.828133,-1.661935,-27.363368,90.000000,
-19.828133,-1.661935,-27.363368,14.749324,-27.186990,-33.994097,29.866251,20.610086,-18.479310,-19.828133,-1.661935,-27.363368,90.000000,
-19.828133,-1.661935,-27.363368,-67.064640,35.808915,-32.621153,-70.537737,-22.738074,-15.731395,-19.828133,-1.661935,-27.363368,90.000000,
-19.828133,-1.661935,-27.363368,14.749324,-27.186990,-33.994097,29.866251,20.610086,-18.479310,-19.828133,-1.661935,-27.363368,90.000000,
-19.828133,-1.661935,-27.363368,-67.064640,35.808915,-32.621153,-70.537737,-22.738074,-15.731395,-19.828133,-1.661935,-27.363368,90.000000,
-19.828133,-1.661935,-27.363368,14.749324,-27.186990,-33.994097,29.866251,20.610086,-18.479310,-19.828133,-1.661935,-27.363368,90.000000,
-19.828133,-1.661935,-27.363368,-67.064640,35.808915,-32.621153,-70.537737,-22.738074,-15.731395,-19.828133,-1.661935,-27.363368,90.000000,
-19.828133,-1.661935,-27.363368,14.749324,-27.186990,-33.994097,29.866251,20.610086,-18.479310,-19.828133,-1.661935,-27.363368,90.000000,
-19.828133,-1.661935,-27.363368,-67.064640,35.808915,-32.621153,-70.537737,-22.738074,-15.731395,-19.828133,-1.661935,-27.363368,90.000000,
-19.828133,-1.661935,-27.363368,14.749324,-27.186990,-33.994097,29.866251,20.610086,-18.479310,-19.828133,-1.661935,-27.363368,90.000000,
-19.828133,-1.661935,-27.363368,-67.064640,35.808915,-32.621153,-70.537737,-22.738074,-15.731395,-19.828133,-1.661935,-27.363368,90.000000,
-19.828133,-1.661935,-27.363368,14.749324,-27.186990,-33.994097,29.866251,20.610086,-18.479310,-19.828133,-1.661935,-27.363368,90.000000,
-19.828133,-1.661935,-27.363368,-67.064640,35.808915,-32.621153,-70.537737,-22.738074,-15.731395,-19.828133,-1.661935,-27.363368,90.000000,
-19.828133,-1.661935,-27.363368,14.749324,-27.186990,-33.994097,29.866251,20.610086,-18.479310,-19.828133,-1.661935,-27.363368,90.000000,
-19.828133,-1.661935,-27.363368,-67.064640,35.808915,-32.621153,-70.537737,-22.738074,-15.731395,-19.828133,-1.661935,-27.363368,90.000000,
-19.828133,-1.661935,-27.363368,14.749324,-27.186990,-33.994097,29.866251,20.610086,-18.479310,-19.828133,-1.661935,-27.363368,90.000000,
-19.828133,-1.661935,-27.363368,-67.064640,35.808915,-32.621153,-70.537737,-22.738074,-15.731395,-19.828133,-1.661935,-27.363368,90.000000,
-19.828133,-1.661935,-27.363368,14.749324,-27.186990,-33.994097,29.866251,20.610086,-18.479310,-19.828133,-1.661935,-27.363368,90.000000,
-19.828133,-1.661935,-27.363368,-67.064640,35.808915,-32.621153,-70.537737,-22.738074,-15.731395,-19.828133,-1.661935,-27.363368,90.000000,
-19.828133,-1.661935,-27.363368,14.749324,-27.186990,-33.994097,29.866251,20.610086,-18.479310,-19.828133,-1.661935,-27.363368,90.000000,
-19.828133,-1.661935,-27.363368,-67.064640,35.808915,-32.621153,-70.537737,-22.738074,-15.731395,-19.828133,-1.661935,-27.363368,90.000000,
-19.828133,-1.661935,-27.363368,14.749324,-27.186990,-33.994097,29.866251,20.610086,-18.479310,-19.828133,-1.661935,-27.363368,90.000000,
-19.828133,-1.661935,-27.363368,-67.064640,35.808915,-32.621153,-70.537737,-22.738074,-15.731395,-19.828133,-1.661935,-27.363368,90.000000,
-19.828133,-1.661935,-27.363368,14.749324,-27.186990,-33.994097,29.866251,20.610086,-18.479310,-19.828133,-1.661935,-27.363368,90.000000,
-19.828133,-1.661935,-27.363368,-67.064640,35.808915,-32.621153,-70.537737,-22.738074,-15.731395,-19.828133,-1.661935,-27.363368,90.000000,
-19.828133,-1.661935,-27.363368,14.749324,-27.186990,-33.994097,29.866251,20.610086,-18.479310,-19.828133,-1.661935,-27.363368,90.000000,
-19.828133,-1.661935,-27.363368,-67.064640,35.808915,-32.621153,-70.537737,-22.738074,-15.731395,-19.828133,-1.661935,-27.363368,90.000000,
-19.828133,-1.661935,-27.363368,14.749324,-27.186990,-33.994097,29.866251,20.610086,-18.479310,-19.828133,-1.661935,-27.363368,90.000000,
-19.828133,-1.661935,-27.363368,-67.064640,35.808915,-32.621153,-70.537737,-22.738074,-15.731395,-19.828133,-1.661935,-27.363368,90.000000,
-19.828133,-1.661935,-27.363368,14.749324,-27.186990,-33.994097,29.866251,20.610086,-18.479310,-19.828133,-1.661935,-27.363368,90.000000,
-19.828133,-1.661935,-27.363368,-67.064640,35.808915,-32.621153,-70.537737,-22.738074,-15.731395,-19.828133,-1.661935,-27.363368,90.000000,
-19.828133,-1.661935,-27.363368,14.749324,-27.186990,-33.994097,29.866251,20.610086,-18.479310,-19.828133,-1.661935,-27.363368,90.000000,
-19.828133,-1.661935,-27.363368,-67.064640,35.808915,-32.621153,-70.537737,-22.738074,-15.731395,-19.828133,-1.661935,-27.363368,90.000000,
-19.828133,-1.661935,-27.363368,14.749324,-27.186990,-33.994097,29.866251,20.610086,-18.479310,-19.828133,-1.661935,-27.363368,90.000000,
-19.828133,-1.661935,-27.363368,-67.064640,35.808915,-32.621153,-70.537737,-22.738074,-15.731395,-19.828133,-1.661935,-27.363368,90.000000,
-19.828133,-1.661935,-27.363368,14.749324,-27.186990,-33.994097,29.866251,20.610086,-18.479310,-19.828133,-1.661935,-27.363368,90.000000,
-19.828133,-1.661935,-27.363368,-67.064640,35.808915,-32.621153,-70.537737,-22.738074,-15.731395,-19.828133,-1.661935,-27.363368,90.000000,
-19.828133,-1.661935,-27.363368,14.749324,-27.186990,-33.994097,29.866251,20.610086,-18.479310,-19.828133,-1.661935,-27.363368,90.000000,
-19.828133,-1.661935,-27.363368,-67.064640,35.808915,-32.621153,-70.537737,-22.738074,-15.731395,-19.828133,-1.661935,-27.363368,90.000000,
-19.828133,-1.661935,-27.363368,14.749324,-27.186990,-33.994097,29.866251,20.610086,-18.479310,-19.828133,-1.661935,-27.363368,90.000000,
-19.828133,-1.661935,-27.363368,-67.064640,35.808915,-32.621153,-70.537737,-22.738074,-15.731395,-19.828133,-1.661935,-27.363368,90.000000,
-19.828133,-1.661935,-27.363368,14.749324,-27.186990,-33.994097,29.866251,20.610086,-18.479310,-19.828133,-1.661935,-27.363368,90.000000,
-19.828133,-1.661935,-27.363368,-67.064640,35.808915,-32.621153,-70.537737,-22.738074,-15.731395,-19.828133,-1.661935,-27.363368,90.000000,
-19.828133,-1.661935,-27.363368,14.749324,-27.186990,-33.994097,29.866251,20.610086,-18.479310,-19.828133,-1.661935,-27.363368,90.000000,
-19.828133,-1.661935,-27.363368,-67.064640,35.808915,-32.621153,-70.537737,-22.738074,-15.731395,-19.828133,-1.661935,-27.363368,90.000000,
-19.828133,-1.661935,-27.363368,14.749324,-27.186990,-33.994097,29.866251,20.610086,-18.479310,-19.828133,-1.661935,-27.363368,90.000000,
-19.828133,-1.661935,-27.363368,-67.064640,35.808915,-32.621153,-70.537737,-22.738074,-15.731395,-19.828133,-1.661935,-27.363368,90.000000,
-19.828133,-1.661935,-27.363368,14.749324,-27.186990,-33.994097,29.866251,20.610086,-18.479310,-19.828133,-1.661935,-27.363368,90.000000,
-19.828133,-1.661935,-27.363368,-67.064640,35.808915,-32.621153,-70.537737,-22.738074,-15.731395,-19.828133,-1.661935,-27.363368,90.000000,
-19.828133,-1.661935,-27.363368,14.749324,-27.186990,-33.994097,29.866251,20.610086,-18.479310,-19.828133,-1.661935,-27.363368,90.000000,
-19.828133,-1.661935,-27.363368,-67.064640,35.808915,-32.621153,-70.537737,-22.738074,-15.731395,-19.828133,-1.661935,-27.363368,90.000000,
-19.828133,-1.661935,-27.363368,14.749324,-27.186990,-33.994097,29.866251,20.610086,-18.479310,-19.828133,-1.661935,-27.363368,90.000000,
-19.828133,-1.661935,-27.363368,-67.064640,35.808915,-32.621153,-70.537737,-22.738074,-15.731395,-19.828133,-1.661935,-27.363368,90.000000,
-19.828133,-1.661935,-27.363368,14.749324,-27.186990,-33.994097,29.866251,20.610086,-18.479310,-19.828133,-1.661935,-27.363368,90.000000,
-19.828133,-1.661935,-27.363368,-67.064640,35.808915,-32.621153,-70.537737,-22.738074,-15.731395,-19.828133,-1.661935,-27.363368,90.000000,
-19.828133,-1.661935,-27.363368,14.749324,-27.186990,-33.994097,29.866251,20.610086,-18.479310,-19.828133,-1.661935,-27.363368,90.000000,
-19.828133,-1.661935,-27.363368,-67.064640,35.808915,-32.621153,-70.537737,-22.738074,-15.731395,-19.828133,-1.661935,-27.363368,90.000000,
-19.828133,-1.661935,-27.363368,14.749324,-27.186990,-33.994097,29.866251,20.610086,-18.479310,-19.828133,-1.661935,-27.363368,90.000000,
-19.828133,-1.661935,-27.363368,-67.064640,35.808915,-32.621153,-70.537737,-22.738074,-15.731395,-19.828133,-1.661935,-27.363368,90.000000,
-19.828133,-1.661935,-27.363368,14.749324,-27.186990,-33.994097,29.866251,20.610086,-18.479310,-19.828133,-1.661935,-27.363368,90.000000,
-19.828133,-1.661935,-27.363368,-67.064640,35.808915,-32.621153,-70.537737,-22.738074,-15.731395,-19.828133,-1.661935,-27.363368,90.000000,
-19.828133,-1.661935,-27.363368,14.749324,-27.186990,-33.994097,29.866251,20.610086,-18.479310,-19.828133,-1.661935,-27.363368,90.000000,
-19.828133,-1.661935,-27.363368,-67.064640,35.808915,-32.621153,-70.537737,-22.738074,-15.731395,-19.828133,-1.661935,-27.363368,90.000000,
-19.828133,-1.661935,-27.363368,14.749324,-27.186990,-33.994097,29.866251,20.610086,-18.479310,-19.828133,-1.661935,-27.363368,90.000000,
-19.828133,-1.661935,-27.363368,-67.064640,35.808915,-32.621153,-70.537737,-22.738074,-15.731395,-19.828133,-1.661935,-27.363368,90.000000,
-19.828133,-1.661935,-27.363368,14.749324,-27.186990,-33.994097,29.866251,20.610086,-18.479310,-19.828133,-1.661935,-27.363368,90.000000,
-19.828133,-1.661935,-27.363368,-67.064640,35.808915,-32.621153,-70.537737,-22.738074,-15.731395,-19.828133,-1.661935,-27.363368,90.000000,
-19.828133,-1.661935,-27.363368,14.749324,-27.186990,-33.994097,29.866251,20.610086,-18.479310,-19.828133,-1.661935,-27.363368,90.000000,
-19.828133,-1.661935,-27.363368,-67.064640,35.808915,-32.621153,-70.537737,-22.738074,-15.731395,-19.828133,-1.661935,-27.363368,90.000000,
-19.828133,-1.661935,-27.363368,14.749324,-27.186990,-33.994097,29.866251,20.610086,-18.479310,-19.828133,-1.661935,-27.363368,90.000000,
-19.828133,-1.661935,-27.363368,-67.064640,35.808915,-32.621153,-70.537737,-22.738074,-15.731395,-19.828133,-1.661935,-27.363368,90.000000,
-19.828133,-1.661935,-27.363368,14.749324,-27.186990,-33.994097,29.866251,20.610086,-18.479310,-19.828133,-1.661935,-27.363368,90.000000,
-19.828133,-1.661935,-27.363368,-67.064640,35.808915,-32.621153,-70.537737,-22.738074,-15.731395,-19.828133,-1.661935,-27.363368,90.000000,
-19.828133,-1.661935,-27.363368,14.749324,-27.186990,-33.994097,29.866251,20.610086,-18.479310,-19.828133,-1.661935,-27.363368,90.000000,
-19.828133,-1.661935,-27.363368,-67.064640,35.808915,-32.621153,-70.537737,-22.738074,-15.731395,-19.828133,-1.661935,-27.363368,90.000000,
-19.828133,-1.661935,-27.363368,14.749324,-27.186990,-33.994097,29.866251,20.610086,-18.479310,-19.828133,-1.661935,-27.363368,90.000000,
-19.828133,-1.661935,-27.363368,-67.064640,35.808915,-32.621153,-70.537737,-22.738074,-15.731395,-19.828133,-1.661935,-27.363368,90.000000,
-19.828133,-1.661935,-27.363368,14.749324,-27.186990,-33.994097,29.866251,20.610086,-18.479310,-19.828133,-1.661935,-27.363368,90.000000,
-19.828133,-1.661935,-27.363368,-67.064640,35.808915,-32.621153,-70.537737,-22.738074,-15.731395,-19.828133,-1.661935,-27.363368,90.000000,
-19.828133,-1.661935,-27.363368,14.749324,-27.186990,-33.994097,29.866251,20.610086,-18.479310,-19.828133,-1.661935,-27.363368,90.000000,
-19.828133,-1.661935,-27.363368,-67.064640,35.808915,-32.621153,-70.537737,-22.738074,-15.731395,-19.828133,-1.661935,-27.363368,90.000000,
-19.828133,-1.661935,-27.363368,14.749324,-27.186990,-33.994097,29.866251,20.610086,-18.479310,-19.828133,-1.661935,-27.363368,90.000000,
-19.828133,-1.661935,-27.363368,-67.064640,35.808915,-32.621153,-70.537737,-22.738074,-15.731395,-19.828133,-1.661935,-27.363368,90.000000,
-19.828133,-1.661935,-27.363368,14.749324,-27.186990,-33.994097,29.866251,20.610086,-18.479310,-19.828133,-1.661935,-27.363368,90.000000,
-19.828133,-1.661935,-27.363368,-67.064640,35.808915,-32.621153,-70.537737,-22.738074,-15.731395,-19.828133,-1.661935,-27.363368,90.000000,
-19.828133,-1.661935,-27.363368,14.749324,-27.186990,-33.994097,29.866251,20.610086,-18.479310,-19.828133,-1.661935,-27.363368,90.000000,
-19.828133,-1.661935,-27.363368,-67.064640,35.808915,-32.621153,-70.537737,-22.738074,-15.731395,-19.828133,-1.661935,-27.363368,90.000000,
-19.828133,-1.661935,-27.363368,14.749324,-27.186990,-33.994097,29.866251,20.610086,-18.479310,-19.828133,-1.661935,-27.363368,90.000000,
-19.828133,-1.661935,-27.363368,-67.064640,35.808915,-32.621153,-70.537737,-22.738074,-15.731395,-19.828133,-1.661935,-27.363368,90.000000,
-19.828133,-1.661935,-27.363368,14.749324,-27.186990,-33.994097,29.866251,20.610086,-18.479310,-19.828133,-1.661935,-27.363368,90.000000,
-19.828133,-1.661935,-27.363368,-67.064640,35.808915,-32.621153,-70.537737,-22.738074,-15.731395,-19.828133,-1.661935,-27.363368,90.000000,
-19.828133,-1.661935,-27.363368,14.749324,-27.186990,-33.994097,29.866251,20.610086,-18.479310,-19.828133,-1.661935,-27.363368,90.000000,
-19.828133,-1.661935,-27.363368,-67.064640,35.808915,-32.621153,-70.537737,-22.738074,-15.731395,-19.828133,-1.661935,-27.363368,90.000000,
-19.828133,-1.661935,-27.363368,14.749324,-27.186990,-33.994097,29.866251,20.610086,-18.479310,-19.828133,-1.661935,-27.363368,90.000000,
-19.828133,-1.661935,-27.363368,-67.064640,35.808915,-32.621153,-70.537737,-22.738074,-15.731395,-19.828133,-1.661935,-27.363368,90.000000,
-19.828133,-1.661935,-27.363368,14.749324,-27.186990,-33.994097,29.866251,20.610086,-18.479310,-19.828133,-1.661935,-27.363368,90.000000,
-19.828133,-1.661935,-27.363368,-67.064640,35.808915,-32.621153,-70.537737,-22.738074,-15.731395,-19.828133,-1.661935,-27.363368,90.000000,
-19.828133,-1.661935,-27.363368,14.749324,-27.186990,-33.994097,29.866251,20.610086,-18.479310,-19.828133,-1.661935,-27.363368,90.000000,
-19.828133,-1.661935,-27.363368,-67.064640,35.808915,-32.621153,-70.537737,-22.738074,-15.731395,-19.828133,-1.661935,-27.363368,90.000000,
-19.828133,-1.661935,-27.363368,14.749324,-27.186990,-33.994097,29.866251,20.610086,-18.479310,-19.828133,-1.661935,-27.363368,90.000000,
-19.828133,-1.661935,-27.363368,-67.064640,35.808915,-32.621153,-70.537737,-22.738074,-15.731395,-19.828133,-1.661935,-27.363368,90.000000,
-19.828133,-1.661935,-27.363368,14.749324,-27.186990,-33.994097,29.866251,20.610086,-18.479310,-19.828133,-1.661935,-27.363368,90.000000,
-19.828133,-1.661935,-27.363368,-67.064640,35.808915,-32.621153,-70.537737,-22.738074,-15.731395,-19.828133,-1.661935,-27.363368,90.000000,
-19.828133,-1.661935,-27.363368,14.749324,-27.186990,-33.994097,29.866251,20.610086,-18.479310,-19.828133,-1.661935,-27.363368,90.000000,
-19.828133,-1.661935,-27.363368,-67.064640,35.808915,-32.621153,-70.537737,-22.738074,-15.731395,-19.828133,-1.661935,-27.363368,90.000000,
-19.828133,-1.661935,-27.363368,14.749324,-27.186990,-33.994097,29.866251,20.610086,-18.479310,-19.828133,-1.661935,-27.363368,90.000000,
-19.828133,-1.661935,-27.363368,-67.064640,35.808915,-32.621153,-70.537737,-22.738074,-15.731395,-19.828133,-1.661935,-27.363368,90.000000,
-19.828133,-1.661935,-27.363368,14.749324,-27.186990,-33.994097,29.866251,20.610086,-18.479310,-19.828133,-1.661935,-27.363368,90.000000,
-19.828133,-1.661935,-27.363368,-67.064640,35.808915,-32.621153,-70.537737,-22.738074,-15.731395,-19.828133,-1.661935,-27.363368,90.000000,
-19.828133,-1.661935,-27.363368,14.749324,-27.186990,-33.994097,29.866251,20.610086,-18.479310,-19.828133,-1.661935,-27.363368,90.000000,
-19.828133,-1.661935,-27.363368,-67.064640,35.808915,-32.621153,-70.537737,-22.738074,-15.731395,-19.828133,-1.661935,-27.363368,90.000000,
-19.828133,-1.661935,-27.363368,14.749324,-27.186990,-33.994097,29.866251,20.610086,-18.479310,-19.828133,-1.661935,-27.363368,90.000000,
-19.828133,-1.661935,-27.363368,-67.064640,35.808915,-32.621153,-70.537737,-22.738074,-15.731395,-19.828133,-1.661935,-27.363368,90.000000,
-19.828133,-1.661935,-27.363368,14.749324,-27.186990,-33.994097,29.866251,20.610086,-18.479310,-19.828133,-1.661935,-27.363368,90.000000,
-19.828133,-1.661935,-27.363368,-67.064640,35.808915,-32.621153,-70.537737,-22.738074,-15.731395,-19.828133,-1.661935,-27.363368,90.000000,
-19.828133,-1.661935,-27.363368,14.749324,-27.186990,-33.994097,29.866251,20.610086,-18.479310,-19.828133,-1.661935,-27.363368,90.000000,
-19.828133,-1.661935,-27.363368,-67.064640,35.808915,-32.621153,-70.537737,-22.738074,-15.731395,-19.828133,-1.661935,-27.363368,90.000000,
-19.828133,-1.661935,-27.363368,14.749324,-27.186990,-33.994097,29.866251,20.610086,-18.479310,-19.828133,-1.661935,-27.363368,90.000000,
-19.828133,-1.661935,-27.363368,-67.064640,35.808915,-32.621153,-70.537737,-22.738074,-15.731395,-19.828133,-1.661935,-27.363368,90.000000,
-19.828133,-1.661935,-27.363368,14.749324,-27.186990,-33.994097,29.866251,20.610086,-18.479310,-19.828133,-1.661935,-27.363368,90.000000,
-19.828133,-1.661935,-27.363368,-67.064640,35.808915,-32.621153,-70.537737,-22.738074,-15.731395,-19.828133,-1.661935,-27.363368,90.000000,
-19.828133,-1.661935,-27.363368,14.749324,-27.186990,-33.994097,29.866251,20.610086,-18.479310,-19.828133,-1.661935,-27.363368,90.000000,
-19.828133,-1.661935,-27.363368,-67.064640,35.808915,-32.621153,-70.537737,-22.738074,-15.731395,-19.828133,-1.661935,-27.363368,90.000000,
-19.828133,-1.661935,-27.363368,14.749324,-27.186990,-33.994097,29.866251,20.610086,-18.479310,-19.828133,-1.661935,-27.363368,90.000000,
-19.828133,-1.661935,-27.363368,-67.064640,35.808915,-32.621153,-70.537737,-22.738074,-15.731395,-19.828133,-1.661935,-27.363368,90.000000,
-19.828133,-1.661935,-27.363368,14.749324,-27.186990,-33.994097,29.866251,20.610086,-18.479310,-19.828133,-1.661935,-27.363368,90.000000,
-19.828133,-1.661935,-27.363368,-67.064640,35.808915,-32.621153,-70.537737,-22.738074,-15.731395,-19.828133,-1.661935,-27.363368,90.000000,
-19.828133,-1.661935,-27.363368,14.749324,-27.186990,-33.994097,29.866251,20.610086,-18.479310,-19.828133,-1.661935,-27.363368,90.000000,
-19.828133,-1.661935,-27.363368,-67.064640,35.808915,-32.621153,-70.537737,-22.738074,-15.731395,-19.828133,-1.661935,-27.363368,90.000000,
-19.828133,-1.661935,-27.363368,14.749324,-27.186990,-33.994097,29.866251,20.610086,-18.479310,-19.828133,-1.661935,-27.363368,90.000000,
-19.828133,-1.661935,-27.363368,-67.064640,35.808915,-32.621153,-70.537737,-22.738074,-15.731395,-19.828133,-1.661935,-27.363368,90.000000,
-19.828133,-1.661935,-27.363368,14.749324,-27.186990,-33.994097,29.866251,20.610086,-18.479310,-19.828133,-1.661935,-27.363368,90.000000,
-19.828133,-1.661935,-27.363368,-67.064640,35.808915,-32.621153,-70.537737,-22.738074,-15.731395,-19.828133,-1.661935,-27.363368,90.000000,
-19.828133,-1.661935,-27.363368,14.749324,-27.186990,-33.994097,29.866251,20.610086,-18.479310,-19.828133,-1.661935,-27.363368,90.000000,
-19.828133,-1.661935,-27.363368,-67.064640,35.808915,-32.621153,-70.537737,-22.738074,-15.731395,-19.828133,-1.661935,-27.363368,90.000000,
-19.828133,-1.661935,-27.363368,14.749324,-27.186990,-33.994097,29.866251,20.610086,-18.479310,-19.828133,-1.661935,-27.363368,90.000000,
-19.828133,-1.661935,-27.363368,-67.064640,35.808915,-32.621153,-70.537737,-22.738074,-15.731395,-19.828133,-1.661935,-27.363368,90.000000,
-19.828133,-1.661935,-27.363368,14.749324,-27.186990,-33.994097,29.866251,20.610086,-18.479310,-19.828133,-1.661935,-27.363368,90.000000,
-19.828133,-1.661935,-27.363368,-67.064640,35.808915,-32.621153,-70.537737,-22.738074,-15.731395,-19.828133,-1.661935,-27.363368,90.000000,
-19.828133,-1.661935,-27.363368,14.749324,-27.186990,-33.994097,29.866251,20.610086,-18.479310,-19.828133,-1.661935,-27.363368,90.000000,
-19.828133,-1.661935,-27.363368,-67.064640,35.808915,-32.621153,-70.537737,-22.738074,-15.731395,-19.828133,-1.661935,-27.363368,90.000000,
-19.828133,-1.661935,-27.363368,14.749324,-27.186990,-33.994097,29.866251,20.610086,-18.479310,-19.828133,-1.661935,-27.363368,90.000000,
-19.828133,-1.661935,-27.363368,-67.064640,35.808915,-32.621153,-70.537737,-22.738074,-15.731395,-19.828133,-1.661935,-27.363368,90.000000,
-19.828133,-1.661935,-27.363368,14.749324,-27.186990,-33.994097,29.866251,20.610086,-18.479310,-19.828133,-1.661935,-27.363368,90.000000,
-19.828133,-1.661935,-27.363368,-67.064640,35.808915,-32.621153,-70.537737,-22.738074,-15.731395,-19.828133,-1.661935,-27.363368,90.000000,
-19.828133,-1.661935,-27.363368,14.749324,-27.186990,-33.994097,29.866251,20.610086,-18.479310,-19.828133,-1.661935,-27.363368,90.000000,
-19.828133,-1.661935,-27.363368,-67.064640,35.808915,-32.621153,-70.537737,-22.738074,-15.731395,-19.828133,-1.661935,-27.363368,90.000000,
-19.828133,-1.661935,-27.363368,14.749324,-27.186990,-33.994097,29.866251,20.610086,-18.479310,-19.828133,-1.661935,-27.363368,90.000000,
-19.828133,-1.661935,-27.363368,-67.064640,35.808915,-32.621153,-70.537737,-22.738074,-15.731395,-19.828133,-1.661935,-27.363368,90.000000,
-19.828133,-1.661935,-27.363368,14.749324,-27.186990,-33.994097,29.866251,20.610086,-18.479310,-19.828133,-1.661935,-27.363368,90.000000,
-19.828133,-1.661935,-27.363368,-67.064640,35.808915,-32.621153,-70.537737,-22.738074,-15.731395,-19.828133,-1.661935,-27.363368,90.000000,
-19.828133,-1.661935,-27.363368,14.749324,-27.186990,-33.994097,29.866251,20.610086,-18.479310,-19.828133,-1.661935,-27.363368,90.000000,
-19.828133,-1.661935,-27.363368,-67.064640,35.808915,-32.621153,-70.537737,-22.738074,-15.731395,-19.828133,-1.661935,-27.363368,90.000000,
-19.828133,-1.661935,-27.363368,14.749324,-27.186990,-33.994097,29.866251,20.610086,-18.479310,-19.828133,-1.661935,-27.363368,90.000000,
-19.828133,-1.661935,-27.363368,-67.064640,35.808915,-32.621153,-70.537737,-22.738074,-15.731395,-19.828133,-1.661935,-27.363368,90.000000,
-19.828133,-1.661935,-27.363368,14.749324,-27.186990,-33.994097,29.866251,20.610086,-18.479310,-19.828133,-1.661935,-27.363368,90.000000,
-19.828133,-1.661935,-27.363368,-67.064640,35.808915,-32.621153,-70.537737,-22.738074,-15.731395,-19.828133,-1.661935,-27.363368,90.000000,
-19.828133,-1.661935,-27.363368,14.749324,-27.186990,-33.994097,29.866251,20.610086,-18.479310,-19.828133,-1.661935,-27.363368,90.000000,
-19.828133,-1.661935,-27.363368,-67.064640,35.808915,-32.621153,-70.537737,-22.738074,-15.731395,-19.828133,-1.661935,-27.363368,90.000000,
-19.828133,-1.661935,-27.363368,14.749324,-27.186990,-33.994097,29.866251,20.610086,-18.479310,-19.828133,-1.661935,-27.363368,90.000000,
-19.828133,-1.661935,-27.363368,-67.064640,35.808915,-32.621153,-70.537737,-22.738074,-15.731395,-19.828133,-1.661935,-27.363368,90.000000,
-19.828133,-1.661935,-27.363368,14.749324,-27.186990,-33.994097,29.866251,20.610086,-18.479310,-19.828133,-1.661935,-27.363368,90.000000,
-19.828133,-1.661935,-27.363368,-67.064640,35.808915,-32.621153,-70.537737,-22.738074,-15.731395,-19.828133,-1.661935,-27.363368,90.000000,
-19.828133,-1.661935,-27.363368,14.749324,-27.186990,-33.994097,29.866251,20.610086,-18.479310,-19.828133,-1.661935,-27.363368,90.000000,
-19.828133,-1.661935,-27.363368,-67.064640,35.808915,-32.621153,-70.537737,-22.738074,-15.731395,-19.828133,-1.661935,-27.363368,90.000000,
-19.828133,-1.661935,-27.363368,14.749324,-27.186990,-33.994097,29.866251,20.610086,-18.479310,-19.828133,-1.661935,-27.363368,90.000000,
-19.828133,-1.661935,-27.363368,-67.064640,35.808915,-32.621153,-70.537737,-22.738074,-15.731395,-19.828133,-1.661935,-27.363368,90.000000,
-19.828133,-1.661935,-27.363368,14.749324,-27.186990,-33.994097,29.866251,20.610086,-18.479310,-19.828133,-1.661935,-27.363368,90.000000,
-19.828133,-1.661935,-27.363368,-67.064640,35.808915,-32.621153,-70.537737,-22.738074,-15.731395,-19.828133,-1.661935,-27.363368,90.000000,
-19.828133,-1.661935,-27.363368,14.749324,-27.186990,-33.994097,29.866251,20.610086,-18.479310,-19.828133,-1.661935,-27.363368,90.000000,
-19.828133,-1.661935,-27.363368,-67.064640,35.808915,-32.621153,-70.537737,-22.738074,-15.731395,-19.828133,-1.661935,-27.363368,90.000000,
-19.828133,-1.661935,-27.363368,14.749324,-27.186990,-33.994097,29.866251,20.610086,-18.479310,-19.828133,-1.661935,-27.363368,90.000000,
-19.828133,-1.661935,-27.363368,-67.064640,35.808915,-32.621153,-70.537737,-22.738074,-15.731395,-19.828133,-1.661935,-27.363368,90.000000,
-19.828133,-1.661935,-27.363368,14.749324,-27.186990,-33.994097,29.866251,20.610086,-18.479310,-19.828133,-1.661935,-27.363368,90.000000,
-19.828133,-1.661935,-27.363368,-67.064640,35.808915,-32.621153,-70.537737,-22.738074,-15.731395,-19.828133,-1.661935,-27.363368,90.000000,
-19.828133,-1.661935,-27.363368,14.749324,-27.186990,-33.994097,29.866251,20.610086,-18.479310,-19.828133,-1.661935,-27.363368,90.000000,
-19.828133,-1.661935,-27.363368,-67.064640,35.808915,-32.621153,-70.537737,-22.738074,-15.731395,-19.828133,-1.661935,-27.363368,90.000000,
-19.828133,-1.661935,-27.363368,14.749324,-27.186990,-33.994097,29.866251,20.610086,-18.479310,-19.828133,-1.661935,-27.363368,90.000000,
-19.828133,-1.661935,-27.363368,-67.064640,35.808915,-32.621153,-70.537737,-22.738074,-15.731395,-19.828133,-1.661935,-27.363368,90.000000,
-19.828133,-1.661935,-27.363368,14.749324,-27.186990,-33.994097,29.866251,20.610086,-18.479310,-19.828133,-1.661935,-27.363368,90.000000,
-19.828133,-1.661935,-27.363368,-67.064640,35.808915,-32.621153,-70.537737,-22.738074,-15.731395,-19.828133,-1.661935,-27.363368,90.000000,
-19.828133,-1.661935,-27.363368,14.749324,-27.186990,-33.994097,29.866251,20.610086,-18.479310,-19.828133,-1.661935,-27.363368,90.000000,
-19.828133,-1.661935,-27.363368,-67.064640,35.808915,-32.621153,-70.537737,-22.738074,-15.731395,-19.828133,-1.661935,-27.363368,90.000000,
-19.828133,-1.661935,-27.363368,14.749324,-27.186990,-33.994097,29.866251,20.610086,-18.479310,-19.828133,-1.661935,-27.363368,90.000000,
-19.828133,-1.661935,-27.363368,-67.064640,35.808915,-32.621153,-70.537737,-22.738074,-15.731395,-19.828133,-1.661935,-27.363368,90.000000,
-19.828133,-1.661935,-27.363368,14.749324,-27.186990,-33.994097,29.866251,20.610086,-18.479310,-19.828133,-1.661935,-27.363368,90.000000,
-19.828133,-1.661935,-27.363368,-67.064640,35.808915,-32.621153,-70.537737,-22.738074,-15.731395,-19.828133,-1.661935,-27.363368,90.000000,
-19.828133,-1.661935,-27.363368,14.749324,-27.186990,-33.994097,29.866251,20.610086,-18.479310,-19.828133,-1.661935,-27.363368,90.000000,
-19.828133,-1.661935,-27.363368,-67.064640,35.808915,-32.621153,-70.537737,-22.738074,-15.731395,-19.828133,-1.661935,-27.363368,90.000000,
-19.828133,-1.661935,-27.363368,14.749324,-27.186990,-33.994097,29.866251,20.610086,-18.479310,-19.828133,-1.661935,-27.363368,90.000000,
-19.828133,-1.661935,-27.363368,-67.064640,35.808915,-32.621153,-70.537737,-22.738074,-15.731395,-19.828133,-1.661935,-27.363368,90.000000,
-19.828133,-1.661935,-27.363368,14.749324,-27.186990,-33.994097,29.866251,20.610086,-18.479310,-19.828133,-1.661935,-27.363368,90.000000,
-19.828133,-1.661935,-27.363368,-67.064640,35.808915,-32.621153,-70.537737,-22.738074,-15.731395,-19.828133,-1.661935,-27.363368,90.000000,
-19.828133,-1.661935,-27.363368,14.749324,-27.186990,-33.994097,29.866251,20.610086,-18.479310,-19.828133,-1.661935,-27.363368,90.000000,
-19.828133,-1.661935,-27.363368,-67.064640,35.808915,-32.621153,-70.537737,-22.738074,-15.731395,-19.828133,-1.661935,-27.363368,90.000000,
-19.828133,-1.661935,-27.363368,14.749324,-27.186990,-33.994097,29.866251,20.610086,-18.479310,-19.828133,-1.661935,-27.363368,90.000000,
-19.828133,-1.661935,-27.363368,-67.064640,35.808915,-32.621153,-70.537737,-22.738074,-15.731395,-19.828133,-1.661935,-27.363368,90.000000,
-19.828133,-1.661935,-27.363368,14.749324,-27.186990,-33.994097,29.866251,20.610086,-18.479310,-19.828133,-1.661935,-27.363368,90.000000,
-19.828133,-1.661935,-27.363368,-67.064640,35.808915,-32.621153,-70.537737,-22.738074,-15.731395,-19.828133,-1.661935,-27.363368,90.000000,
-19.828133,-1.661935,-27.363368,14.749324,-27.186990,-33.994097,29.866251,20.610086,-18.479310,-19.828133,-1.661935,-27.363368,90.000000,
-19.828133,-1.661935,-27.363368,-67.064640,35.808915,-32.621153,-70.537737,-22.738074,-15.731395,-19.828133,-1.661935,-27.363368,90.000000,
-19.828133,-1.661935,-27.363368,14.749324,-27.186990,-33.994097,29.866251,20.610086,-18.479310,-19.828133,-1.661935,-27.363368,90.000000,
-19.828133,-1.661935,-27.363368,-67.064640,35.808915,-32.621153,-70.537737,-22.738074,-15.731395,-19.828133,-1.661935,-27.363368,90.000000,
-19.828133,-1.661935,-27.363368,14.749324,-27.186990,-33.994097,29.866251,20.610086,-18.479310,-19.828133,-1.661935,-27.363368,90.000000,
-19.828133,-1.661935,-27.363368,-67.064640,35.808915,-32.621153,-70.537737,-22.738074,-15.731395,-19.828133,-1.661935,-27.363368,90.000000,
-19.828133,-1.661935,-27.363368,14.749324,-27.186990,-33.994097,29.866251,20.610086,-18.479310,-19.828133,-1.661935,-27.363368,90.000000,
-19.828133,-1.661935,-27.363368,-67.064640,35.808915,-32.621153,-70.537737,-22.738074,-15.731395,-19.828133,-1.661935,-27.363368,90.000000,
-19.828133,-1.661935,-27.363368,14.749324,-27.186990,-33.994097,29.866251,20.610086,-18.479310,-19.828133,-1.661935,-27.363368,90.000000,
-19.828133,-1.661935,-27.363368,-67.064640,35.808915,-32.621153,-70.537737,-22.738074,-15.731395,-19.828133,-1.661935,-27.363368,90.000000,
-19.828133,-1.661935,-27.363368,14.749324,-27.186990,-33.994097,29.866251,20.610086,-18.479310,-19.828133,-1.661935,-27.363368,90.000000,
-19.828133,-1.661935,-27.363368,-67.064640,35.808915,-32.621153,-70.537737,-22.738074,-15.731395,-19.828133,-1.661935,-27.363368,90.000000,
-19.828133,-1.661935,-27.363368,14.749324,-27.186990,-33.994097,29.866251,20.610086,-18.479310,-19.828133,-1.661935,-27.363368,90.000000,
-19.828133,-1.661935,-27.363368,-67.064640,35.808915,-32.621153,-70.537737,-22.738074,-15.731395,-19.828133,-1.661935,-27.363368,90.000000,
-19.828133,-1.661935,-27.363368,14.749324,-27.186990,-33.994097,29.866251,20.610086,-18.479310,-19.828133,-1.661935,-27.363368,90.000000,
-19.828133,-1.661935,-27.363368,-67.064640,35.808915,-32.621153,-70.537737,-22.738074,-15.731395,-19.828133,-1.661935,-27.363368,90.000000,
-19.828133,-1.661935,-27.363368,14.749324,-27.186990,-33.994097,29.866251,20.610086,-18.479310,-19.828133,-1.661935,-27.363368,90.000000,
-19.828133,-1.661935,-27.363368,-67.064640,35.808915,-32.621153,-70.537737,-22.738074,-15.731395,-19.828133,-1.661935,-27.363368,90.000000,
-19.828133,-1.661935,-27.363368,14.749324,-27.186990,-33.994097,29.866251,20.610086,-18.479310,-19.828133,-1.661935,-27.363368,90.000000,
-19.828133,-1.661935,-27.363368,-67.064640,35.808915,-32.621153,-70.537737,-22.738074,-15.731395,-19.828133,-1.661935,-27.363368,90.000000,
-19.828133,-1.661935,-27.363368,14.749324,-27.186990,-33.994097,29.866251,20.610086,-18.479310,-19.828133,-1.661935,-27.363368,90.000000,
-19.828133,-1.661935,-27.363368,-67.064640,35.808915,-32.621153,-70.537737,-22.738074,-15.731395,-19.828133,-1.661935,-27.363368,90.000000,
-19.828133,-1.661935,-27.363368,14.749324,-27.186990,-33.994097,29.866251,20.610086,-18.479310,-19.828133,-1.661935,-27.363368,90.000000,
-19.828133,-1.661935,-27.363368,-67.064640,35.808915,-32.621153,-70.537737,-22.738074,-15.731395,-19.828133,-1.661935,-27.363368,90.000000,
-19.828133,-1.661935,-27.363368,14.749324,-27.186990,-33.994097,29.866251,20.610086,-18.479310,-19.828133,-1.661935,-27.363368,90.000000,
-19.828133,-1.661935,-27.363368,-67.064640,35.808915,-32.621153,-70.537737,-22.738074,-15.731395,-19.828133,-1.661935,-27.363368,90.000000,
-19.828133,-1.661935,-27.363368,14.749324,-27.186990,-33.994097,29.866251,20.610086,-18.479310,-19.828133,-1.661935,-27.363368,90.000000,
-19.828133,-1.661935,-27.363368,-67.064640,35.808915,-32.621153,-70.537737,-22.738074,-15.731395,-19.828133,-1.661935,-27.363368,90.000000,
-19.828133,-1.661935,-27.363368,14.749324,-27.186990,-33.994097,29.866251,20.610086,-18.479310,-19.828133,-1.661935,-27.363368,90.000000,
-19.828133,-1.661935,-27.363368,-67.064640,35.808915,-32.621153,-70.537737,-22.738074,-15.731395,-19.828133,-1.661935,-27.363368,90.000000,
-19.828133,-1.661935,-27.363368,14.749324,-27.186990,-33.994097,29.866251,20.610086,-18.479310,-19.828133,-1.661935,-27.363368,90.000000,
-19.828133,-1.661935,-27.363368,-67.064640,35.808915,-32.621153,-70.537737,-22.738074,-15.731395,-19.828133,-1.661935,-27.363368,90.000000,
-19.828133,-1.661935,-27.363368,14.749324,-27.186990,-33.994097,29.866251,20.610086,-18.479310,-19.828133,-1.661935,-27.363368,90.000000,
-19.828133,-1.661935,-27.363368,-67.064640,35.808915,-32.621153,-70.537737,-22.738074,-15.731395,-19.828133,-1.661935,-27.363368,90.000000,
-19.828133,-1.661935,-27.363368,14.749324,-27.186990,-33.994097,29.866251,20.610086,-18.479310,-19.828133,-1.661935,-27.363368,90.000000,
-19.828133,-1.661935,-27.363368,-67.064640,35.808915,-32.621153,-70.537737,-22.738074,-15.731395,-19.828133,-1.661935,-27.363368,90.000000,
-19.828133,-1.661935,-27.363368,14.749324,-27.186990,-33.994097,29.866251,20.610086,-18.479310,-19.828133,-1.661935,-27.363368,90.000000,
-19.828133,-1.661935,-27.363368,-67.064640,35.808915,-32.621153,-70.537737,-22.738074,-15.731395,-19.828133,-1.661935,-27.363368,90.000000,
-19.828133,-1.661935,-27.363368,14.749324,-27.186990,-33.994097,29.866251,20.610086,-18.479310,-19.828133,-1.661935,-27.363368,90.000000,
-19.828133,-1.661935,-27.363368,-67.064640,35.808915,-32.621153,-70.537737,-22.738074,-15.731395,-19.828133,-1.661935,-27.363368,90.000000,
-19.828133,-1.661935,-27.363368,14.749324,-27.186990,-33.994097,29.866251,20.610086,-18.479310,-19.828133,-1.661935,-27.363368,90.000000,
-19.828133,-1.661935,-27.363368,-67.064640,35.808915,-32.621153,-70.537737,-22.738074,-15.731395,-19.828133,-1.661935,-27.363368,90.000000,
-19.828133,-1.661935,-27.363368,14.749324,-27.186990,-33.994097,29.866251,20.610086,-18.479310,-19.828133,-1.661935,-27.363368,90.000000,
-19.828133,-1.661935,-27.363368,-67.064640,35.808915,-32.621153,-70.537737,-22.738074,-15.731395,-19.828133,-1.661935,-27.363368,90.000000,
-19.828133,-1.661935,-27.363368,14.749324,-27.186990,-33.994097,29.866251,20.610086,-18.479310,-19.828133,-1.661935,-27.363368,90.000000,
-19.828133,-1.661935,-27.363368,-67.064640,35.808915,-32.621153,-70.537737,-22.738074,-15.731395,-19.828133,-1.661935,-27.363368,90.000000,
-19.828133,-1.661935,-27.363368,14.749324,-27.186990,-33.994097,29.866251,20.610086,-18.479310,-19.828133,-1.661935,-27.363368,90.000000,
-19.828133,-1.661935,-27.363368,-67.064640,35.808915,-32.621153,-70.537737,-22.738074,-15.731395,-19.828133,-1.661935,-27.363368,90.000000,
-19.828133,-1.661935,-27.363368,14.749324,-27.186990,-33.994097,29.866251,20.610086,-18.479310,-19.828133,-1.661935,-27.363368,90.000000,
-19.828133,-1.661935,-27.363368,-67.064640,35.808915,-32.621153,-70.537737,-22.738074,-15.731395,-19.828133,-1.661935,-27.363368,90.000000,
-19.828133,-1.661935,-27.363368,14.749324,-27.186990,-33.994097,29.866251,20.610086,-18.479310,-19.828133,-1.661935,-27.363368,90.000000,
-19.828133,-1.661935,-27.363368,-67.064640,35.808915,-32.621153,-70.537737,-22.738074,-15.731395,-19.828133,-1.661935,-27.363368,90.000000,
-19.828133,-1.661935,-27.363368,14.749324,-27.186990,-33.994097,29.866251,20.610086,-18.479310,-19.828133,-1.661935,-27.363368,90.000000,
-19.828133,-1.661935,-27.363368,-67.064640,35.808915,-32.621153,-70.537737,-22.738074,-15.731395,-19.828133,-1.661935,-27.363368,90.000000,
-19.828133,-1.661935,-27.363368,14.749324,-27.186990,-33.994097,29.866251,20.610086,-18.479310,-19.828133,-1.661935,-27.363368,90.000000,
-19.828133,-1.661935,-27.363368,-67.064640,35.808915,-32.621153,-70.537737,-22.738074,-15.731395,-19.828133,-1.661935,-27.363368,90.000000,
-19.828133,-1.661935,-27.363368,14.749324,-27.186990,-33.994097,29.866251,20.610086,-18.479310,-19.828133,-1.661935,-27.363368,90.000000,
-19.828133,-1.661935,-27.363368,-67.064640,35.808915,-32.621153,-70.537737,-22.738074,-15.731395,-19.828133,-1.661935,-27.363368,90.000000,
-19.828133,-1.661935,-27.363368,14.749324,-27.186990,-33.994097,29.866251,20.610086,-18.479310,-19.828133,-1.661935,-27.363368,90.000000,
-19.828133,-1.661935,-27.363368,-67.064640,35.808915,-32.621153,-70.537737,-22.738074,-15.731395,-19.828133,-1.661935,-27.363368,90.000000,
-19.828133,-1.661935,-27.363368,14.749324,-27.186990,-33.994097,29.866251,20.610086,-18.479310,-19.828133,-1.661935,-27.363368,90.000000,
-19.828133,-1.661935,-27.363368,-67.064640,35.808915,-32.621153,-70.537737,-22.738074,-15.731395,-19.828133,-1.661935,-27.363368,90.000000,
-19.828133,-1.661935,-27.363368,14.749324,-27.186990,-33.994097,29.866251,20.610086,-18.479310,-19.828133,-1.661935,-27.363368,90.000000,
-19.828133,-1.661935,-27.363368,-67.064640,35.808915,-32.621153,-70.537737,-22.738074,-15.731395,-19.828133,-1.661935,-27.363368,90.000000,
-19.828133,-1.661935,-27.363368,14.749324,-27.186990,-33.994097,29.866251,20.610086,-18.479310,-19.828133,-1.661935,-27.363368,90.000000,
-19.828133,-1.661935,-27.363368,-67.064640,35.808915,-32.621153,-70.537737,-22.738074,-15.731395,-19.828133,-1.661935,-27.363368,90.000000,
-19.828133,-1.661935,-27.363368,14.749324,-27.186990,-33.994097,29.866251,20.610086,-18.479310,-19.828133,-1.661935,-27.363368,90.000000,
-19.828133,-1.661935,-27.363368,-67.064640,35.808915,-32.621153,-70.537737,-22.738074,-15.731395,-19.828133,-1.661935,-27.363368,90.000000,
-19.828133,-1.661935,-27.363368,14.749324,-27.186990,-33.994097,29.866251,20.610086,-18.479310,-19.828133,-1.661935,-27.363368,90.000000,
-19.828133,-1.661935,-27.363368,-67.064640,35.808915,-32.621153,-70.537737,-22.738074,-15.731395,-19.828133,-1.661935,-27.363368,90.000000,
-19.828133,-1.661935,-27.363368,14.749324,-27.186990,-33.994097,29.866251,20.610086,-18.479310,-19.828133,-1.661935,-27.363368,90.000000,
-19.828133,-1.661935,-27.363368,-67.064640,35.808915,-32.621153,-70.537737,-22.738074,-15.731395,-19.828133,-1.661935,-27.363368,90.000000,
-19.828133,-1.661935,-27.363368,14.749324,-27.186990,-33.994097,29.866251,20.610086,-18.479310,-19.828133,-1.661935,-27.363368,90.000000,
-19.828133,-1.661935,-27.363368,-67.064640,35.808915,-32.621153,-70.537737,-22.738074,-15.731395,-19.828133,-1.661935,-27.363368,90.000000,
-19.828133,-1.661935,-27.363368,14.749324,-27.186990,-33.994097,29.866251,20.610086,-18.479310,-19.828133,-1.661935,-27.363368,90.000000,
-19.828133,-1.661935,-27.363368,-67.064640,35.808915,-32.621153,-70.537737,-22.738074,-15.731395,-19.828133,-1.661935,-27.363368,90.000000,
-19.828133,-1.661935,-27.363368,14.749324,-27.186990,-33.994097,29.866251,20.610086,-18.479310,-19.828133,-1.661935,-27.363368,90.000000,
-19.828133,-1.661935,-27.363368,-67.064640,35.808915,-32.621153,-70.537737,-22.738074,-15.731395,-19.828133,-1.661935,-27.363368,90.000000,
-19.828133,-1.661935,-27.363368,14.749324,-27.186990,-33.994097,29.866251,20.610086,-18.479310,-19.828133,-1.661935,-27.363368,90.000000,
-19.828133,-1.661935,-27.363368,-67.064640,35.808915,-32.621153,-70.537737,-22.738074,-15.731395,-19.828133,-1.661935,-27.363368,90.000000,
-19.828133,-1.661935,-27.363368,14.749324,-27.186990,-33.994097,29.866251,20.610086,-18.479310,-19.828133,-1.661935,-27.363368,90.000000,
-19.828133,-1.661935,-27.363368,-67.064640,35.808915,-32.621153,-70.537737,-22.738074,-15.731395,-19.828133,-1.661935,-27.363368,90.000000,
-19.828133,-1.661935,-27.363368,14.749324,-27.186990,-33.994097,29.866251,20.610086,-18.479310,-19.828133,-1.661935,-27.363368,90.000000,
-19.828133,-1.661935,-27.363368,-67.064640,35.808915,-32.621153,-70.537737,-22.738074,-15.731395,-19.828133,-1.661935,-27.363368,90.000000,
-19.828133,-1.661935,-27.363368,14.749324,-27.186990,-33.994097,29.866251,20.610086,-18.479310,-19.828133,-1.661935,-27.363368,90.000000,
-19.828133,-1.661935,-27.363368,-67.064640,35.808915,-32.621153,-70.537737,-22.738074,-15.731395,-19.828133,-1.661935,-27.363368,90.000000,
-19.828133,-1.661935,-27.363368,14.749324,-27.186990,-33.994097,29.866251,20.610086,-18.479310,-19.828133,-1.661935,-27.363368,90.000000,
-19.828133,-1.661935,-27.363368,-67.064640,35.808915,-32.621153,-70.537737,-22.738074,-15.731395,-19.828133,-1.661935,-27.363368,90.000000,
-19.828133,-1.661935,-27.363368,14.749324,-27.186990,-33.994097,29.866251,20.610086,-18.479310,-19.828133,-1.661935,-27.363368,90.000000,
-19.828133,-1.661935,-27.363368,-67.064640,35.808915,-32.621153,-70.537737,-22.738074,-15.731395,-19.828133,-1.661935,-27.363368,90.000000,
-19.828133,-1.661935,-27.363368,14.749324,-27.186990,-33.994097,29.866251,20.610086,-18.479310,-19.828133,-1.661935,-27.363368,90.000000,
-19.828133,-1.661935,-27.363368,-67.064640,35.808915,-32.621153,-70.537737,-22.738074,-15.731395,-19.828133,-1.661935,-27.363368,90.000000,
-19.828133,-1.661935,-27.363368,14.749324,-27.186990,-33.994097,29.866251,20.610086,-18.479310,-19.828133,-1.661935,-27.363368,90.000000,
-19.828133,-1.661935,-27.363368,-67.064640,35.808915,-32.621153,-70.537737,-22.738074,-15.731395,-19.828133,-1.661935,-27.363368,90.000000,
-19.828133,-1.661935,-27.363368,14.749324,-27.186990,-33.994097,29.866251,20.610086,-18.479310,-19.828133,-1.661935,-27.363368,90.000000,
-19.828133,-1.661935,-27.363368,-67.064640,35.808915,-32.621153,-70.537737,-22.738074,-15.731395,-19.828133,-1.661935,-27.363368,90.000000,
-19.828133,-1.661935,-27.363368,14.749324,-27.186990,-33.994097,29.866251,20.610086,-18.479310,-19.828133,-1.661935,-27.363368,90.000000,
-19.828133,-1.661935,-27.363368,-67.064640,35.808915,-32.621153,-70.537737,-22.738074,-15.731395,-19.828133,-1.661935,-27.363368,90.000000,
-19.828133,-1.661935,-27.363368,14.749324,-27.186990,-33.994097,29.866251,20.610086,-18.479310,-19.828133,-1.661935,-27.363368,90.000000,
-19.828133,-1.661935,-27.363368,-67.064640,35.808915,-32.621153,-70.537737,-22.738074,-15.731395,-19.828133,-1.661935,-27.363368,90.000000,
-19.828133,-1.661935,-27.363368,14.749324,-27.186990,-33.994097,29.866251,20.610086,-18.479310,-19.828133,-1.661935,-27.363368,90.000000,
-19.828133,-1.661935,-27.363368,-67.064640,35.808915,-32.621153,-70.537737,-22.738074,-15.731395,-19.828133,-1.661935,-27.363368,90.000000,
-19.828133,-1.661935,-27.363368,14.749324,-27.186990,-33.994097,29.866251,20.610086,-18.479310,-19.828133,-1.661935,-27.363368,90.000000,
-19.828133,-1.661935,-27.363368,-67.064640,35.808915,-32.621153,-70.537737,-22.738074,-15.731395,-19.828133,-1.661935,-27.363368,90.000000,
-19.828133,-1.661935,-27.363368,14.749324,-27.186990,-33.994097,29.866251,20.610086,-18.479310,-19.828133,-1.661935,-27.363368,90.000000,
-19.828133,-1.661935,-27.363368,-67.064640,35.808915,-32.621153,-70.537737,-22.738074,-15.731395,-19.828133,-1.661935,-27.363368,90.000000,
-19.828133,-1.661935,-27.363368,14.749324,-27.186990,-33.994097,29.866251,20.610086,-18.479310,-19.828133,-1.661935,-27.363368,90.000000,
-19.828133,-1.661935,-27.363368,-67.064640,35.808915,-32.621153,-70.537737,-22.738074,-15.731395,-19.828133,-1.661935,-27.363368,90.000000,
-19.828133,-1.661935,-27.363368,14.749324,-27.186990,-33.994097,29.866251,20.610086,-18.479310,-19.828133,-1.661935,-27.363368,90.000000,
-19.828133,-1.661935,-27.363368,-67.064640,35.808915,-32.621153,-70.537737,-22.738074,-15.731395,-19.828133,-1.661935,-27.363368,90.000000,
-19.828133,-1.661935,-27.363368,14.749324,-27.186990,-33.994097,29.866251,20.610086,-18.479310,-19.828133,-1.661935,-27.363368,90.000000,
-19.828133,-1.661935,-27.363368,-67.064640,35.808915,-32.621153,-70.537737,-22.738074,-15.731395,-19.828133,-1.661935,-27.363368,90.000000,
-19.828133,-1.661935,-27.363368,14.749324,-27.186990,-33.994097,29.866251,20.610086,-18.479310,-19.828133,-1.661935,-27.363368,90.000000,
-19.828133,-1.661935,-27.363368,-67.064640,35.808915,-32.621153,-70.537737,-22.738074,-15.731395,-19.828133,-1.661935,-27.363368,90.000000,
-19.828133,-1.661935,-27.363368,14.749324,-27.186990,-33.994097,29.866251,20.610086,-18.479310,-19.828133,-1.661935,-27.363368,90.000000,
-19.828133,-1.661935,-27.363368,-67.064640,35.808915,-32.621153,-70.537737,-22.738074,-15.731395,-19.828133,-1.661935,-27.363368,90.000000,
-19.828133,-1.661935,-27.363368,14.749324,-27.186990,-33.994097,29.866251,20.610086,-18.479310,-19.828133,-1.661935,-27.363368,90.000000,
-19.828133,-1.661935,-27.363368,-67.064640,35.808915,-32.621153,-70.537737,-22.738074,-15.731395,-19.828133,-1.661935,-27.363368,90.000000,
-19.828133,-1.661935,-27.363368,14.749324,-27.186990,-33.994097,29.866251,20.610086,-18.479310,-19.828133,-1.661935,-27.363368,90.000000,
-19.828133,-1.661935,-27.363368,-67.064640,35.808915,-32.621153,-70.537737,-22.738074,-15.731395,-19.828133,-1.661935,-27.363368,90.000000,
-19.828133,-1.661935,-27.363368,14.749324,-27.186990,-33.994097,29.866251,20.610086,-18.479310,-19.828133,-1.661935,-27.363368,90.000000,
-19.828133,-1.661935,-27.363368,-67.064640,35.808915,-32.621153,-70.537737,-22.738074,-15.731395,-19.828133,-1.661935,-27.363368,90.000000,
-19.828133,-1.661935,-27.363368,14.749324,-27.186990,-33.994097,29.866251,20.610086,-18.479310,-19.828133,-1.661935,-27.363368,90.000000,
-19.828133,-1.661935,-27.363368,-67.064640,35.808915,-32.621153,-70.537737,-22.738074,-15.731395,-19.828133,-1.661935,-27.363368,90.000000,
-19.828133,-1.661935,-27.363368,14.749324,-27.186990,-33.994097,29.866251,20.610086,-18.479310,-19.828133,-1.661935,-27.363368,90.000000,
-19.828133,-1.661935,-27.363368,-67.064640,35.808915,-32.621153,-70.537737,-22.738074,-15.731395,-19.828133,-1.661935,-27.363368,90.000000,
-19.828133,-1.661935,-27.363368,14.749324,-27.186990,-33.994097,29.866251,20.610086,-18.479310,-19.828133,-1.661935,-27.363368,90.000000,
-19.828133,-1.661935,-27.363368,-67.064640,35.808915,-32.621153,-70.537737,-22.738074,-15.731395,-19.828133,-1.661935,-27.363368,90.000000,
-19.828133,-1.661935,-27.363368,14.749324,-27.186990,-33.994097,29.866251,20.610086,-18.479310,-19.828133,-1.661935,-27.363368,90.000000,
-19.828133,-1.661935,-27.363368,-67.064640,35.808915,-32.621153,-70.537737,-22.738074,-15.731395,-19.828133,-1.661935,-27.363368,90.000000,
-19.828133,-1.661935,-27.363368,14.749324,-27.186990,-33.994097,29.866251,20.610086,-18.479310,-19.828133,-1.661935,-27.363368,90.000000,
-19.828133,-1.661935,-27.363368,-67.064640,35.808915,-32.621153,-70.537737,-22.738074,-15.731395,-19.828133,-1.661935,-27.363368,90.000000,
-19.828133,-1.661935,-27.363368,14.749324,-27.186990,-33.994097,29.866251,20.610086,-18.479310,-19.828133,-1.661935,-27.363368,90.000000,
-19.828133,-1.661935,-27.363368,-67.064640,35.808915,-32.621153,-70.537737,-22.738074,-15.731395,-19.828133,-1.661935,-27.363368,90.000000,
-19.828133,-1.661935,-27.363368,14.749324,-27.186990,-33.994097,29.866251,20.610086,-18.479310,-19.828133,-1.661935,-27.363368,90.000000,
-19.828133,-1.661935,-27.363368,-67.064640,35.808915,-32.621153,-70.537737,-22.738074,-15.731395,-19.828133,-1.661935,-27.363368,90.000000,
-19.828133,-1.661935,-27.363368,14.749324,-27.186990,-33.994097,29.866251,20.610086,-18.479310,-19.828133,-1.661935,-27.363368,90.000000,
-19.828133,-1.661935,-27.363368,-67.064640,35.808915,-32.621153,-70.537737,-22.738074,-15.731395,-19.828133,-1.661935,-27.363368,90.000000,
-19.828133,-1.661935,-27.363368,14.749324,-27.186990,-33.994097,29.866251,20.610086,-18.479310,-19.828133,-1.661935,-27.363368,90.000000,
-19.828133,-1.661935,-27.363368,-67.064640,35.808915,-32.621153,-70.537737,-22.738074,-15.731395,-19.828133,-1.661935,-27.363368,90.000000,
-19.828133,-1.661935,-27.363368,14.749324,-27.186990,-33.994097,29.866251,20.610086,-18.479310,-19.828133,-1.661935,-27.363368,90.000000,
-19.828133,-1.661935,-27.363368,-67.064640,35.808915,-32.621153,-70.537737,-22.738074,-15.731395,-19.828133,-1.661935,-27.363368,90.000000,
-19.828133,-1.661935,-27.363368,14.749324,-27.186990,-33.994097,29.866251,20.610086,-18.479310,-19.828133,-1.661935,-27.363368,90.000000,
-19.828133,-1.661935,-27.363368,-67.064640,35.808915,-32.621153,-70.537737,-22.738074,-15.731395,-19.828133,-1.661935,-27.363368,90.000000,
-19.828133,-1.661935,-27.363368,14.749324,-27.186990,-33.994097,29.866251,20.610086,-18.479310,-19.828133,-1.661935,-27.363368,90.000000,
-19.828133,-1.661935,-27.363368,-67.064640,35.808915,-32.621153,-70.537737,-22.738074,-15.731395,-19.828133,-1.661935,-27.363368,90.000000,
-19.828133,-1.661935,-27.363368,14.749324,-27.186990,-33.994097,29.866251,20.610086,-18.479310,-19.828133,-1.661935,-27.363368,90.000000,
-19.828133,-1.661935,-27.363368,-67.064640,35.808915,-32.621153,-70.537737,-22.738074,-15.731395,-19.828133,-1.661935,-27.363368,90.000000,
-19.828133,-1.661935,-27.363368,14.749324,-27.186990,-33.994097,29.866251,20.610086,-18.479310,-19.828133,-1.661935,-27.363368,90.000000,
-19.828133,-1.661935,-27.363368,-67.064640,35.808915,-32.621153,-70.537737,-22.738074,-15.731395,-19.828133,-1.661935,-27.363368,90.000000,
-19.828133,-1.661935,-27.363368,14.749324,-27.186990,-33.994097,29.866251,20.610086,-18.479310,-19.828133,-1.661935,-27.363368,90.000000,
-19.828133,-1.661935,-27.363368,-67.064640,35.808915,-32.621153,-70.537737,-22.738074,-15.731395,-19.828133,-1.661935,-27.363368,90.000000,
-19.828133,-1.661935,-27.363368,14.749324,-27.186990,-33.994097,29.866251,20.610086,-18.479310,-19.828133,-1.661935,-27.363368,90.000000,
-19.828133,-1.661935,-27.363368,-67.064640,35.808915,-32.621153,-70.537737,-22.738074,-15.731395,-19.828133,-1.661935,-27.363368,90.000000,
-19.828133,-1.661935,-27.363368,14.749324,-27.186990,-33.994097,29.866251,20.610086,-18.479310,-19.828133,-1.661935,-27.363368,90.000000,
-19.828133,-1.661935,-27.363368,-67.064640,35.808915,-32.621153,-70.537737,-22.738074,-15.731395,-19.828133,-1.661935,-27.363368,90.000000,
-19.828133,-1.661935,-27.363368,14.749324,-27.186990,-33.994097,29.866251,20.610086,-18.479310,-19.828133,-1.661935,-27.363368,90.000000,
-19.828133,-1.661935,-27.363368,-67.064640,35.808915,-32.621153,-70.537737,-22.738074,-15.731395,-19.828133,-1.661935,-27.363368,90.000000,
-19.828133,-1.661935,-27.363368,14.749324,-27.186990,-33.994097,29.866251,20.610086,-18.479310,-19.828133,-1.661935,-27.363368,90.000000,
-19.828133,-1.661935,-27.363368,-67.064640,35.808915,-32.621153,-70.537737,-22.738074,-15.731395,-19.828133,-1.661935,-27.363368,90.000000,
-19.828133,-1.661935,-27.363368,14.749324,-27.186990,-33.994097,29.866251,20.610086,-18.479310,-19.828133,-1.661935,-27.363368,90.000000,
-19.828133,-1.661935,-27.363368,-67.064640,35.808915,-32.621153,-70.537737,-22.738074,-15.731395,-19.828133,-1.661935,-27.363368,90.000000,
-19.828133,-1.661935,-27.363368,14.749324,-27.186990,-33.994097,29.866251,20.610086,-18.479310,-19.828133,-1.661935,-27.363368,90.000000,
-19.828133,-1.661935,-27.363368,-67.064640,35.808915,-32.621153,-70.537737,-22.738074,-15.731395,-19.828133,-1.661935,-27.363368,90.000000,
-19.828133,-1.661935,-27.363368,14.749324,-27.186990,-33.994097,29.866251,20.610086,-18.479310,-19.828133,-1.661935,-27.363368,90.000000,
-19.828133,-1.661935,-27.363368,-67.064640,35.808915,-32.621153,-70.537737,-22.738074,-15.731395,-19.828133,-1.661935,-27.363368,90.000000,
-19.828133,-1.661935,-27.363368,14.749324,-27.186990,-33.994097,29.866251,20.610086,-18.479310,-19.828133,-1.661935,-27.363368,90.000000,
-19.828133,-1.661935,-27.363368,-67.064640,35.808915,-32.621153,-70.537737,-22.738074,-15.731395,-19.828133,-1.661935,-27.363368,90.000000,
-19.828133,-1.661935,-27.363368,14.749324,-27.186990,-33.994097,29.866251,20.610086,-18.479310,-19.828133,-1.661935,-27.363368,90.000000,
-19.828133,-1.661935,-27.363368,-67.064640,35.808915,-32.621153,-70.537737,-22.738074,-15.731395,-19.828133,-1.661935,-27.363368,90.000000,
-19.828133,-1.661935,-27.363368,14.749324,-27.186990,-33.994097,29.866251,20.610086,-18.479310,-19.828133,-1.661935,-27.363368,90.000000,
-19.828133,-1.661935,-27.363368,-67.064640,35.808915,-32.621153,-70.537737,-22.738074,-15.731395,-19.828133,-1.661935,-27.363368,90.000000,
-19.828133,-1.661935,-27.363368,14.749324,-27.186990,-33.994097,29.866251,20.610086,-18.479310,-19.828133,-1.661935,-27.363368,90.000000,
-19.828133,-1.661935,-27.363368,-67.064640,35.808915,-32.621153,-70.537737,-22.738074,-15.731395,-19.828133,-1.661935,-27.363368,90.000000,
-19.828133,-1.661935,-27.363368,14.749324,-27.186990,-33.994097,29.866251,20.610086,-18.479310,-19.828133,-1.661935,-27.363368,90.000000,
-19.828133,-1.661935,-27.363368,-67.064640,35.808915,-32.621153,-70.537737,-22.738074,-15.731395,-19.828133,-1.661935,-27.363368,90.000000,
-19.828133,-1.661935,-27.363368,14.749324,-27.186990,-33.994097,29.866251,20.610086,-18.479310,-19.828133,-1.661935,-27.363368,90.000000,
-19.828133,-1.661935,-27.363368,-67.064640,35.808915,-32.621153,-70.537737,-22.738074,-15.731395,-19.828133,-1.661935,-27.363368,90.000000,
-19.828133,-1.661935,-27.363368,14.749324,-27.186990,-33.994097,29.866251,20.610086,-18.479310,-19.828133,-1.661935,-27.363368,90.000000,
-19.828133,-1.661935,-27.363368,-67.064640,35.808915,-32.621153,-70.537737,-22.738074,-15.731395,-19.828133,-1.661935,-27.363368,90.000000,
-19.828133,-1.661935,-27.363368,14.749324,-27.186990,-33.994097,29.866251,20.610086,-18.479310,-19.828133,-1.661935,-27.363368,90.000000,
-19.828133,-1.661935,-27.363368,-67.064640,35.808915,-32.621153,-70.537737,-22.738074,-15.731395,-19.828133,-1.661935,-27.363368,90.000000,
-19.828133,-1.661935,-27.363368,14.749324,-27.186990,-33.994097,29.866251,20.610086,-18.479310,-19.828133,-1.661935,-27.363368,90.000000,
-19.828133,-1.661935,-27.363368,-67.064640,35.808915,-32.621153,-70.537737,-22.738074,-15.731395,-19.828133,-1.661935,-27.363368,90.000000,
-19.828133,-1.661935,-27.363368,14.749324,-27.186990,-33.994097,29.866251,20.610086,-18.479310,-19.828133,-1.661935,-27.363368,90.000000,
-19.828133,-1.661935,-27.363368,-67.064640,35.808915,-32.621153,-70.537737,-22.738074,-15.731395,-19.828133,-1.661935,-27.363368,90.000000,
-19.828133,-1.661935,-27.363368,14.749324,-27.186990,-33.994097,29.866251,20.610086,-18.479310,-19.828133,-1.661935,-27.363368,90.000000,
-19.828133,-1.661935,-27.363368,-67.064640,35.808915,-32.621153,-70.537737,-22.738074,-15.731395,-19.828133,-1.661935,-27.363368,90.000000,
-19.828133,-1.661935,-27.363368,14.749324,-27.186990,-33.994097,29.866251,20.610086,-18.479310,-19.828133,-1.661935,-27.363368,90.000000,
-19.828133,-1.661935,-27.363368,-67.064640,35.808915,-32.621153,-70.537737,-22.738074,-15.731395,-19.828133,-1.661935,-27.363368,90.000000,
-19.828133,-1.661935,-27.363368,14.749324,-27.186990,-33.994097,29.866251,20.610086,-18.479310,-19.828133,-1.661935,-27.363368,90.000000,
-19.828133,-1.661935,-27.363368,-67.064640,35.808915,-32.621153,-70.537737,-22.738074,-15.731395,-19.828133,-1.661935,-27.363368,90.000000,
-19.828133,-1.661935,-27.363368,14.749324,-27.186990,-33.994097,29.866251,20.610086,-18.479310,-19.828133,-1.661935,-27.363368,90.000000,
-19.828133,-1.661935,-27.363368,-67.064640,35.808915,-32.621153,-70.537737,-22.738074,-15.731395,-19.828133,-1.661935,-27.363368,90.000000,
-19.828133,-1.661935,-27.363368,14.749324,-27.186990,-33.994097,29.866251,20.610086,-18.479310,-19.828133,-1.661935,-27.363368,90.000000,
-19.828133,-1.661935,-27.363368,-67.064640,35.808915,-32.621153,-70.537737,-22.738074,-15.731395,-19.828133,-1.661935,-27.363368,90.000000,
-19.828133,-1.661935,-27.363368,14.749324,-27.186990,-33.994097,29.866251,20.610086,-18.479310,-19.828133,-1.661935,-27.363368,90.000000,
-19.828133,-1.661935,-27.363368,-67.064640,35.808915,-32.621153,-70.537737,-22.738074,-15.731395,-19.828133,-1.661935,-27.363368,90.000000,
-19.828133,-1.661935,-27.363368,14.749324,-27.186990,-33.994097,29.866251,20.610086,-18.479310,-19.828133,-1.661935,-27.363368,90.000000,
-19.828133,-1.661935,-27.363368,-67.064640,35.808915,-32.621153,-70.537737,-22.738074,-15.731395,-19.828133,-1.661935,-27.363368,90.000000,
-19.828133,-1.661935,-27.363368,14.749324,-27.186990,-33.994097,29.866251,20.610086,-18.479310,-19.828133,-1.661935,-27.363368,90.000000,
-19.828133,-1.661935,-27.363368,-67.064640,35.808915,-32.621153,-70.537737,-22.738074,-15.731395,-19.828133,-1.661935,-27.363368,90.000000,
-19.828133,-1.661935,-27.363368,14.749324,-27.186990,-33.994097,29.866251,20.610086,-18.479310,-19.828133,-1.661935,-27.363368,90.000000,
-19.828133,-1.661935,-27.363368,-67.064640,35.808915,-32.621153,-70.537737,-22.738074,-15.731395,-19.828133,-1.661935,-27.363368,90.000000,
-19.828133,-1.661935,-27.363368,14.749324,-27.186990,-33.994097,29.866251,20.610086,-18.479310,-19.828133,-1.661935,-27.363368,90.000000,
-19.828133,-1.661935,-27.363368,-67.064640,35.808915,-32.621153,-70.537737,-22.738074,-15.731395,-19.828133,-1.661935,-27.363368,90.000000,
-19.828133,-1.661935,-27.363368,14.749324,-27.186990,-33.994097,29.866251,20.610086,-18.479310,-19.828133,-1.661935,-27.363368,90.000000,
-19.828133,-1.661935,-27.363368,-67.064640,35.808915,-32.621153,-70.537737,-22.738074,-15.731395,-19.828133,-1.661935,-27.363368,90.000000,
-19.828133,-1.661935,-27.363368,14.749324,-27.186990,-33.994097,29.866251,20.610086,-18.479310,-19.828133,-1.661935,-27.363368,90.000000,
-19.828133,-1.661935,-27.363368,-67.064640,35.808915,-32.621153,-70.537737,-22.738074,-15.731395,-19.828133,-1.661935,-27.363368,90.000000,
-19.828133,-1.661935,-27.363368,14.749324,-27.186990,-33.994097,29.866251,20.610086,-18.479310,-19.828133,-1.661935,-27.363368,90.000000,
-19.828133,-1.661935,-27.363368,-67.064640,35.808915,-32.621153,-70.537737,-22.738074,-15.731395,-19.828133,-1.661935,-27.363368,90.000000,
-19.828133,-1.661935,-27.363368,14.749324,-27.186990,-33.994097,29.866251,20.610086,-18.479310,-19.828133,-1.661935,-27.363368,90.000000,
-19.828133,-1.661935,-27.363368,-67.064640,35.808915,-32.621153,-70.537737,-22.738074,-15.731395,-19.828133,-1.661935,-27.363368,90.000000,
-19.828133,-1.661935,-27.363368,14.749324,-27.186990,-33.994097,29.866251,20.610086,-18.479310,-19.828133,-1.661935,-27.363368,90.000000,
-19.828133,-1.661935,-27.363368,-67.064640,35.808915,-32.621153,-70.537737,-22.738074,-15.731395,-19.828133,-1.661935,-27.363368,90.000000,
-19.828133,-1.661935,-27.363368,14.749324,-27.186990,-33.994097,29.866251,20.610086,-18.479310,-19.828133,-1.661935,-27.363368,90.000000,
-19.828133,-1.661935,-27.363368,-67.064640,35.808915,-32.621153,-70.537737,-22.738074,-15.731395,-19.828133,-1.661935,-27.363368,90.000000,
-19.828133,-1.661935,-27.363368,14.749324,-27.186990,-33.994097,29.866251,20.610086,-18.479310,-19.828133,-1.661935,-27.363368,90.000000,
-19.828133,-1.661935,-27.363368,-67.064640,35.808915,-32.621153,-70.537737,-22.738074,-15.731395,-19.828133,-1.661935,-27.363368,90.000000,
-19.828133,-1.661935,-27.363368,14.749324,-27.186990,-33.994097,29.866251,20.610086,-18.479310,-19.828133,-1.661935,-27.363368,90.000000,
-19.828133,-1.661935,-27.363368,-67.064640,35.808915,-32.621153,-70.537737,-22.738074,-15.731395,-19.828133,-1.661935,-27.363368,90.000000,
-19.828133,-1.661935,-27.363368,14.749324,-27.186990,-33.994097,29.866251,20.610086,-18.479310,-19.828133,-1.661935,-27.363368,90.000000,
-19.828133,-1.661935,-27.363368,-67.064640,35.808915,-32.621153,-70.537737,-22.738074,-15.731395,-19.828133,-1.661935,-27.363368,90.000000,
-19.828133,-1.661935,-27.363368,14.749324,-27.186990,-33.994097,29.866251,20.610086,-18.479310,-19.828133,-1.661935,-27.363368,90.000000,
-19.828133,-1.661935,-27.363368,-67.064640,35.808915,-32.621153,-70.537737,-22.738074,-15.731395,-19.828133,-1.661935,-27.363368,90.000000,
-19.828133,-1.661935,-27.363368,14.749324,-27.186990,-33.994097,29.866251,20.610086,-18.479310,-19.828133,-1.661935,-27.363368,90.000000,
-19.828133,-1.661935,-27.363368,-67.064640,35.808915,-32.621153,-70.537737,-22.738074,-15.731395,-19.828133,-1.661935,-27.363368,90.000000,
-19.828133,-1.661935,-27.363368,14.749324,-27.186990,-33.994097,29.866251,20.610086,-18.479310,-19.828133,-1.661935,-27.363368,90.000000,
-19.828133,-1.661935,-27.363368,-67.064640,35.808915,-32.621153,-70.537737,-22.738074,-15.731395,-19.828133,-1.661935,-27.363368,90.000000,
-19.828133,-1.661935,-27.363368,14.749324,-27.186990,-33.994097,29.866251,20.610086,-18.479310,-19.828133,-1.661935,-27.363368,90.000000,
-19.828133,-1.661935,-27.363368,-67.064640,35.808915,-32.621153,-70.537737,-22.738074,-15.731395,-19.828133,-1.661935,-27.363368,90.000000,
-19.828133,-1.661935,-27.363368,14.749324,-27.186990,-33.994097,29.866251,20.610086,-18.479310,-19.828133,-1.661935,-27.363368,90.000000,
-19.828133,-1.661935,-27.363368,-67.064640,35.808915,-32.621153,-70.537737,-22.738074,-15.731395,-19.828133,-1.661935,-27.363368,90.000000,
-19.828133,-1.661935,-27.363368,14.749324,-27.186990,-33.994097,29.866251,20.610086,-18.479310,-19.828133,-1.661935,-27.363368,90.000000,
-19.828133,-1.661935,-27.363368,-67.064640,35.808915,-32.621153,-70.537737,-22.738074,-15.731395,-19.828133,-1.661935,-27.363368,90.000000,
-19.828133,-1.661935,-27.363368,14.749324,-27.186990,-33.994097,29.866251,20.610086,-18.479310,-19.828133,-1.661935,-27.363368,90.000000,
-19.828133,-1.661935,-27.363368,-67.064640,35.808915,-32.621153,-70.537737,-22.738074,-15.731395,-19.828133,-1.661935,-27.363368,90.000000,
-19.828133,-1.661935,-27.363368,14.749324,-27.186990,-33.994097,29.866251,20.610086,-18.479310,-19.828133,-1.661935,-27.363368,90.000000,
-19.828133,-1.661935,-27.363368,-67.064640,35.808915,-32.621153,-70.537737,-22.738074,-15.731395,-19.828133,-1.661935,-27.363368,90.000000,
-19.828133,-1.661935,-27.363368,14.749324,-27.186990,-33.994097,29.866251,20.610086,-18.479310,-19.828133,-1.661935,-27.363368,90.000000,
-19.828133,-1.661935,-27.363368,-67.064640,35.808915,-32.621153,-70.537737,-22.738074,-15.731395,-19.828133,-1.661935,-27.363368,90.000000,
-19.828133,-1.661935,-27.363368,14.749324,-27.186990,-33.994097,29.866251,20.610086,-18.479310,-19.828133,-1.661935,-27.363368,90.000000,
-19.828133,-1.661935,-27.363368,-67.064640,35.808915,-32.621153,-70.537737,-22.738074,-15.731395,-19.828133,-1.661935,-27.363368,90.000000,
-19.828133,-1.661935,-27.363368,14.749324,-27.186990,-33.994097,29.866251,20.610086,-18.479310,-19.828133,-1.661935,-27.363368,90.000000,
-19.828133,-1.661935,-27.363368,-67.064640,35.808915,-32.621153,-70.537737,-22.738074,-15.731395,-19.828133,-1.661935,-27.363368,90.000000,
-19.828133,-1.661935,-27.363368,14.749324,-27.186990,-33.994097,29.866251,20.610086,-18.479310,-19.828133,-1.661935,-27.363368,90.000000,
-19.828133,-1.661935,-27.363368,-67.064640,35.808915,-32.621153,-70.537737,-22.738074,-15.731395,-19.828133,-1.661935,-27.363368,90.000000,
-19.828133,-1.661935,-27.363368,14.749324,-27.186990,-33.994097,29.866251,20.610086,-18.479310,-19.828133,-1.661935,-27.363368,90.000000,
-19.828133,-1.661935,-27.363368,-67.064640,35.808915,-32.621153,-70.537737,-22.738074,-15.731395,-19.828133,-1.661935,-27.363368,90.000000,
-19.828133,-1.661935,-27.363368,14.749324,-27.186990,-33.994097,29.866251,20.610086,-18.479310,-19.828133,-1.661935,-27.363368,90.000000,
-19.828133,-1.661935,-27.363368,-67.064640,35.808915,-32.621153,-70.537737,-22.738074,-15.731395,-19.828133,-1.661935,-27.363368,90.000000,
-19.828133,-1.661935,-27.363368,14.749324,-27.186990,-33.994097,29.866251,20.610086,-18.479310,-19.828133,-1.661935,-27.363368,90.000000,
-19.828133,-1.661935,-27.363368,-67.064640,35.808915,-32.621153,-70.537737,-22.738074,-15.731395,-19.828133,-1.661935,-27.363368,90.000000,
-19.828133,-1.661935,-27.363368,14.749324,-27.186990,-33.994097,29.866251,20.610086,-18.479310,-19.828133,-1.661935,-27.363368,90.000000,
-19.828133,-1.661935,-27.363368,-67.064640,35.808915,-32.621153,-70.537737,-22.738074,-15.731395,-19.828133,-1.661935,-27.363368,90.000000,
-19.828133,-1.661935,-27.363368,14.749324,-27.186990,-33.994097,29.866251,20.610086,-18.479310,-19.828133,-1.661935,-27.363368,90.000000,
-19.828133,-1.661935,-27.363368,-67.064640,35.808915,-32.621153,-70.537737,-22.738074,-15.731395,-19.828133,-1.661935,-27.363368,90.000000,
-19.828133,-1.661935,-27.363368,14.749324,-27.186990,-33.994097,29.866251,20.610086,-18.479310,-19.828133,-1.661935,-27.363368,90.000000,
-19.828133,-1.661935,-27.363368,-67.064640,35.808915,-32.621153,-70.537737,-22.738074,-15.731395,-19.828133,-1.661935,-27.363368,90.000000,
-19.828133,-1.661935,-27.363368,14.749324,-27.186990,-33.994097,29.866251,20.610086,-18.479310,-19.828133,-1.661935,-27.363368,90.000000,
-19.828133,-1.661935,-27.363368,-67.064640,35.808915,-32.621153,-70.537737,-22.738074,-15.731395,-19.828133,-1.661935,-27.363368,90.000000,
-19.828133,-1.661935,-27.363368,14.749324,-27.186990,-33.994097,29.866251,20.610086,-18.479310,-19.828133,-1.661935,-27.363368,90.000000,
-19.828133,-1.661935,-27.363368,-67.064640,35.808915,-32.621153,-70.537737,-22.738074,-15.731395,-19.828133,-1.661935,-27.363368,90.000000,
-19.828133,-1.661935,-27.363368,14.749324,-27.186990,-33.994097,29.866251,20.610086,-18.479310,-19.828133,-1.661935,-27.363368,90.000000,
-19.828133,-1.661935,-27.363368,-67.064640,35.808915,-32.621153,-70.537737,-22.738074,-15.731395,-19.828133,-1.661935,-27.363368,90.000000,
-19.828133,-1.661935,-27.363368,14.749324,-27.186990,-33.994097,29.866251,20.610086,-18.479310,-19.828133,-1.661935,-27.363368,90.000000,
-19.828133,-1.661935,-27.363368,-67.064640,35.808915,-32.621153,-70.537737,-22.738074,-15.731395,-19.828133,-1.661935,-27.363368,90.000000,
-19.828133,-1.661935,-27.363368,14.749324,-27.186990,-33.994097,29.866251,20.610086,-18.479310,-19.828133,-1.661935,-27.363368,90.000000,
-19.828133,-1.661935,-27.363368,-67.064640,35.808915,-32.621153,-70.537737,-22.738074,-15.731395,-19.828133,-1.661935,-27.363368,90.000000,
-19.828133,-1.661935,-27.363368,14.749324,-27.186990,-33.994097,29.866251,20.610086,-18.479310,-19.828133,-1.661935,-27.363368,90.000000,
-19.828133,-1.661935,-27.363368,-67.064640,35.808915,-32.621153,-70.537737,-22.738074,-15.731395,-19.828133,-1.661935,-27.363368,90.000000,
-19.828133,-1.661935,-27.363368,14.749324,-27.186990,-33.994097,29.866251,20.610086,-18.479310,-19.828133,-1.661935,-27.363368,90.000000,
-19.828133,-1.661935,-27.363368,-67.064640,35.808915,-32.621153,-70.537737,-22.738074,-15.731395,-19.828133,-1.661935,-27.363368,90.000000,
-19.828133,-1.661935,-27.363368,14.749324,-27.186990,-33.994097,29.866251,20.610086,-18.479310,-19.828133,-1.661935,-27.363368,90.000000,
-19.828133,-1.661935,-27.363368,-67.064640,35.808915,-32.621153,-70.537737,-22.738074,-15.731395,-19.828133,-1.661935,-27.363368,90.000000,
-19.828133,-1.661935,-27.363368,14.749324,-27.186990,-33.994097,29.866251,20.610086,-18.479310,-19.828133,-1.661935,-27.363368,90.000000,
-19.828133,-1.661935,-27.363368,-67.064640,35.808915,-32.621153,-70.537737,-22.738074,-15.731395,-19.828133,-1.661935,-27.363368,90.000000,
-19.828133,-1.661935,-27.363368,14.749324,-27.186990,-33.994097,29.866251,20.610086,-18.479310,-19.828133,-1.661935,-27.363368,90.000000,
-19.828133,-1.661935,-27.363368,-67.064640,35.808915,-32.621153,-70.537737,-22.738074,-15.731395,-19.828133,-1.661935,-27.363368,90.000000,
-19.828133,-1.661935,-27.363368,14.749324,-27.186990,-33.994097,29.866251,20.610086,-18.479310,-19.828133,-1.661935,-27.363368,90.000000,
-19.828133,-1.661935,-27.363368,-67.064640,35.808915,-32.621153,-70.537737,-22.738074,-15.731395,-19.828133,-1.661935,-27.363368,90.000000,
-19.828133,-1.661935,-27.363368,14.749324,-27.186990,-33.994097,29.866251,20.610086,-18.479310,-19.828133,-1.661935,-27.363368,90.000000,
-19.828133,-1.661935,-27.363368,-67.064640,35.808915,-32.621153,-70.537737,-22.738074,-15.731395,-19.828133,-1.661935,-27.363368,90.000000,
-19.828133,-1.661935,-27.363368,14.749324,-27.186990,-33.994097,29.866251,20.610086,-18.479310,-19.828133,-1.661935,-27.363368,90.000000,
-19.828133,-1.661935,-27.363368,-67.064640,35.808915,-32.621153,-70.537737,-22.738074,-15.731395,-19.828133,-1.661935,-27.363368,90.000000,
-19.828133,-1.661935,-27.363368,14.749324,-27.186990,-33.994097,29.866251,20.610086,-18.479310,-19.828133,-1.661935,-27.363368,90.000000,
-19.828133,-1.661935,-27.363368,-67.064640,35.808915,-32.621153,-70.537737,-22.738074,-15.731395,-19.828133,-1.661935,-27.363368,90.000000,
-19.828133,-1.661935,-27.363368,14.749324,-27.186990,-33.994097,29.866251,20.610086,-18.479310,-19.828133,-1.661935,-27.363368,90.000000,
-19.828133,-1.661935,-27.363368,-67.064640,35.808915,-32.621153,-70.537737,-22.738074,-15.731395,-19.828133,-1.661935,-27.363368,90.000000,
-19.828133,-1.661935,-27.363368,14.749324,-27.186990,-33.994097,29.866251,20.610086,-18.479310,-19.828133,-1.661935,-27.363368,90.000000,
-19.828133,-1.661935,-27.363368,-67.064640,35.808915,-32.621153,-70.537737,-22.738074,-15.731395,-19.828133,-1.661935,-27.363368,90.000000,
-19.828133,-1.661935,-27.363368,14.749324,-27.186990,-33.994097,29.866251,20.610086,-18.479310,-19.828133,-1.661935,-27.363368,90.000000,
-19.828133,-1.661935,-27.363368,-67.064640,35.808915,-32.621153,-70.537737,-22.738074,-15.731395,-19.828133,-1.661935,-27.363368,90.000000,
-19.828133,-1.661935,-27.363368,14.749324,-27.186990,-33.994097,29.866251,20.610086,-18.479310,-19.828133,-1.661935,-27.363368,90.000000,
-19.828133,-1.661935,-27.363368,-67.064640,35.808915,-32.621153,-70.537737,-22.738074,-15.731395,-19.828133,-1.661935,-27.363368,90.000000,
-19.828133,-1.661935,-27.363368,14.749324,-27.186990,-33.994097,29.866251,20.610086,-18.479310,-19.828133,-1.661935,-27.363368,90.000000,
-19.828133,-1.661935,-27.363368,-67.064640,35.808915,-32.621153,-70.537737,-22.738074,-15.731395,-19.828133,-1.661935,-27.363368,90.000000,
-19.828133,-1.661935,-27.363368,14.749324,-27.186990,-33.994097,29.866251,20.610086,-18.479310,-19.828133,-1.661935,-27.363368,90.000000,
-19.828133,-1.661935,-27.363368,-67.064640,35.808915,-32.621153,-70.537737,-22.738074,-15.731395,-19.828133,-1.661935,-27.363368,90.000000,
-19.828133,-1.661935,-27.363368,14.749324,-27.186990,-33.994097,29.866251,20.610086,-18.479310,-19.828133,-1.661935,-27.363368,90.000000,
-19.828133,-1.661935,-27.363368,-67.064640,35.808915,-32.621153,-70.537737,-22.738074,-15.731395,-19.828133,-1.661935,-27.363368,90.000000,
-19.828133,-1.661935,-27.363368,14.749324,-27.186990,-33.994097,29.866251,20.610086,-18.479310,-19.828133,-1.661935,-27.363368,90.000000,
-19.828133,-1.661935,-27.363368,-67.064640,35.808915,-32.621153,-70.537737,-22.738074,-15.731395,-19.828133,-1.661935,-27.363368,90.000000,
-19.828133,-1.661935,-27.363368,14.749324,-27.186990,-33.994097,29.866251,20.610086,-18.479310,-19.828133,-1.661935,-27.363368,90.000000,
-19.828133,-1.661935,-27.363368,-67.064640,35.808915,-32.621153,-70.537737,-22.738074,-15.731395,-19.828133,-1.661935,-27.363368,90.000000,
-19.828133,-1.661935,-27.363368,14.749324,-27.186990,-33.994097,29.866251,20.610086,-18.479310,-19.828133,-1.661935,-27.363368,90.000000,
-19.828133,-1.661935,-27.363368,-67.064640,35.808915,-32.621153,-70.537737,-22.738074,-15.731395,-19.828133,-1.661935,-27.363368,90.000000,
-19.828133,-1.661935,-27.363368,14.749324,-27.186990,-33.994097,29.866251,20.610086,-18.479310,-19.828133,-1.661935,-27.363368,90.000000,
-19.828133,-1.661935,-27.363368,-67.064640,35.808915,-32.621153,-70.537737,-22.738074,-15.731395,-19.828133,-1.661935,-27.363368,90.000000,
-19.828133,-1.661935,-27.363368,14.749324,-27.186990,-33.994097,29.866251,20.610086,-18.479310,-19.828133,-1.661935,-27.363368,90.000000,
-19.828133,-1.661935,-27.363368,-67.064640,35.808915,-32.621153,-70.537737,-22.738074,-15.731395,-19.828133,-1.661935,-27.363368,90.000000,
-19.828133,-1.661935,-27.363368,14.749324,-27.186990,-33.994097,29.866251,20.610086,-18.479310,-19.828133,-1.661935,-27.363368,90.000000,
-19.828133,-1.661935,-27.363368,-67.064640,35.808915,-32.621153,-70.537737,-22.738074,-15.731395,-19.828133,-1.661935,-27.363368,90.000000,
-19.828133,-1.661935,-27.363368,14.749324,-27.186990,-33.994097,29.866251,20.610086,-18.479310,-19.828133,-1.661935,-27.363368,90.000000,
-19.828133,-1.661935,-27.363368,-67.064640,35.808915,-32.621153,-70.537737,-22.738074,-15.731395,-19.828133,-1.661935,-27.363368,90.000000,
-19.828133,-1.661935,-27.363368,14.749324,-27.186990,-33.994097,29.866251,20.610086,-18.479310,-19.828133,-1.661935,-27.363368,90.000000,
-19.828133,-1.661935,-27.363368,-67.064640,35.808915,-32.621153,-70.537737,-22.738074,-15.731395,-19.828133,-1.661935,-27.363368,90.000000,
-19.828133,-1.661935,-27.363368,14.749324,-27.186990,-33.994097,29.866251,20.610086,-18.479310,-19.828133,-1.661935,-27.363368,90.000000,
-19.828133,-1.661935,-27.363368,-67.064640,35.808915,-32.621153,-70.537737,-22.738074,-15.731395,-19.828133,-1.661935,-27.363368,90.000000,
-19.828133,-1.661935,-27.363368,14.749324,-27.186990,-33.994097,29.866251,20.610086,-18.479310,-19.828133,-1.661935,-27.363368,90.000000,
-19.828133,-1.661935,-27.363368,-67.064640,35.808915,-32.621153,-70.537737,-22.738074,-15.731395,-19.828133,-1.661935,-27.363368,90.000000,
-19.828133,-1.661935,-27.363368,14.749324,-27.186990,-33.994097,29.866251,20.610086,-18.479310,-19.828133,-1.661935,-27.363368,90.000000,
-19.828133,-1.661935,-27.363368,-67.064640,35.808915,-32.621153,-70.537737,-22.738074,-15.731395,-19.828133,-1.661935,-27.363368,90.000000,
-19.828133,-1.661935,-27.363368,14.749324,-27.186990,-33.994097,29.866251,20.610086,-18.479310,-19.828133,-1.661935,-27.363368,90.000000,
-19.828133,-1.661935,-27.363368,-67.064640,35.808915,-32.621153,-70.537737,-22.738074,-15.731395,-19.828133,-1.661935,-27.363368,90.000000,
-19.828133,-1.661935,-27.363368,14.749324,-27.186990,-33.994097,29.866251,20.610086,-18.479310,-19.828133,-1.661935,-27.363368,90.000000,
-19.828133,-1.661935,-27.363368,-67.064640,35.808915,-32.621153,-70.537737,-22.738074,-15.731395,-19.828133,-1.661935,-27.363368,90.000000,
-19.828133,-1.661935,-27.363368,14.749324,-27.186990,-33.994097,29.866251,20.610086,-18.479310,-19.828133,-1.661935,-27.363368,90.000000,
-19.828133,-1.661935,-27.363368,-67.064640,35.808915,-32.621153,-70.537737,-22.738074,-15.731395,-19.828133,-1.661935,-27.363368,90.000000,
-19.828133,-1.661935,-27.363368,14.749324,-27.186990,-33.994097,29.866251,20.610086,-18.479310,-19.828133,-1.661935,-27.363368,90.000000,
-19.828133,-1.661935,-27.363368,-67.064640,35.808915,-32.621153,-70.537737,-22.738074,-15.731395,-19.828133,-1.661935,-27.363368,90.000000,
-19.828133,-1.661935,-27.363368,14.749324,-27.186990,-33.994097,29.866251,20.610086,-18.479310,-19.828133,-1.661935,-27.363368,90.000000,
-19.828133,-1.661935,-27.363368,-67.064640,35.808915,-32.621153,-70.537737,-22.738074,-15.731395,-19.828133,-1.661935,-27.363368,90.000000,
-19.828133,-1.661935,-27.363368,14.749324,-27.186990,-33.994097,29.866251,20.610086,-18.479310,-19.828133,-1.661935,-27.363368,90.000000,
-19.828133,-1.661935,-27.363368,-67.064640,35.808915,-32.621153,-70.537737,-22.738074,-15.731395,-19.828133,-1.661935,-27.363368,90.000000,
-19.828133,-1.661935,-27.363368,14.749324,-27.186990,-33.994097,29.866251,20.610086,-18.479310,-19.828133,-1.661935,-27.363368,90.000000,
-19.828133,-1.661935,-27.363368,-67.064640,35.808915,-32.621153,-70.537737,-22.738074,-15.731395,-19.828133,-1.661935,-27.363368,90.000000,
-19.828133,-1.661935,-27.363368,14.749324,-27.186990,-33.994097,29.866251,20.610086,-18.479310,-19.828133,-1.661935,-27.363368,90.000000,
-19.828133,-1.661935,-27.363368,-67.064640,35.808915,-32.621153,-70.537737,-22.738074,-15.731395,-19.828133,-1.661935,-27.363368,90.000000,
-19.828133,-1.661935,-27.363368,14.749324,-27.186990,-33.994097,29.866251,20.610086,-18.479310,-19.828133,-1.661935,-27.363368,90.000000,
-19.828133,-1.661935,-27.363368,-67.064640,35.808915,-32.621153,-70.537737,-22.738074,-15.731395,-19.828133,-1.661935,-27.363368,90.000000,
-19.828133,-1.661935,-27.363368,14.749324,-27.186990,-33.994097,29.866251,20.610086,-18.479310,-19.828133,-1.661935,-27.363368,90.000000,
-19.828133,-1.661935,-27.363368,-67.064640,35.808915,-32.621153,-70.537737,-22.738074,-15.731395,-19.828133,-1.661935,-27.363368,90.000000,
-19.828133,-1.661935,-27.363368,14.749324,-27.186990,-33.994097,29.866251,20.610086,-18.479310,-19.828133,-1.661935,-27.363368,90.000000,
-19.828133,-1.661935,-27.363368,-67.064640,35.808915,-32.621153,-70.537737,-22.738074,-15.731395,-19.828133,-1.661935,-27.363368,90.000000,
-19.828133,-1.661935,-27.363368,14.749324,-27.186990,-33.994097,29.866251,20.610086,-18.479310,-19.828133,-1.661935,-27.363368,90.000000,
-19.828133,-1.661935,-27.363368,-67.064640,35.808915,-32.621153,-70.537737,-22.738074,-15.731395,-19.828133,-1.661935,-27.363368,90.000000,
-19.828133,-1.661935,-27.363368,14.749324,-27.186990,-33.994097,29.866251,20.610086,-18.479310,-19.828133,-1.661935,-27.363368,90.000000,
-19.828133,-1.661935,-27.363368,-67.064640,35.808915,-32.621153,-70.537737,-22.738074,-15.731395,-19.828133,-1.661935,-27.363368,90.000000,
-19.828133,-1.661935,-27.363368,14.749324,-27.186990,-33.994097,29.866251,20.610086,-18.479310,-19.828133,-1.661935,-27.363368,90.000000,
-19.828133,-1.661935,-27.363368,-67.064640,35.808915,-32.621153,-70.537737,-22.738074,-15.731395,-19.828133,-1.661935,-27.363368,90.000000,
-19.828133,-1.661935,-27.363368,14.749324,-27.186990,-33.994097,29.866251,20.610086,-18.479310,-19.828133,-1.661935,-27.363368,90.000000,
-19.828133,-1.661935,-27.363368,-67.064640,35.808915,-32.621153,-70.537737,-22.738074,-15.731395,-19.828133,-1.661935,-27.363368,90.000000,
-19.828133,-1.661935,-27.363368,14.749324,-27.186990,-33.994097,29.866251,20.610086,-18.479310,-19.828133,-1.661935,-27.363368,90.000000,
-19.828133,-1.661935,-27.363368,-67.064640,35.808915,-32.621153,-70.537737,-22.738074,-15.731395,-19.828133,-1.661935,-27.363368,90.000000,
-19.828133,-1.661935,-27.363368,14.749324,-27.186990,-33.994097,29.866251,20.610086,-18.479310,-19.828133,-1.661935,-27.363368,90.000000,
-19.828133,-1.661935,-27.363368,-67.064640,35.808915,-32.621153,-70.537737,-22.738074,-15.731395,-19.828133,-1.661935,-27.363368,90.000000,
-19.828133,-1.661935,-27.363368,14.749324,-27.186990,-33.994097,29.866251,20.610086,-18.479310,-19.828133,-1.661935,-27.363368,90.000000,
-19.828133,-1.661935,-27.363368,-67.064640,35.808915,-32.621153,-70.537737,-22.738074,-15.731395,-19.828133,-1.661935,-27.363368,90.000000,
-19.828133,-1.661935,-27.363368,14.749324,-27.186990,-33.994097,29.866251,20.610086,-18.479310,-19.828133,-1.661935,-27.363368,90.000000,
-19.828133,-1.661935,-27.363368,-67.064640,35.808915,-32.621153,-70.537737,-22.738074,-15.731395,-19.828133,-1.661935,-27.363368,90.000000,
-19.828133,-1.661935,-27.363368,14.749324,-27.186990,-33.994097,29.866251,20.610086,-18.479310,-19.828133,-1.661935,-27.363368,90.000000,
-19.828133,-1.661935,-27.363368,-67.064640,35.808915,-32.621153,-70.537737,-22.738074,-15.731395,-19.828133,-1.661935,-27.363368,90.000000,
-19.828133,-1.661935,-27.363368,14.749324,-27.186990,-33.994097,29.866251,20.610086,-18.479310,-19.828133,-1.661935,-27.363368,90.000000,
-19.828133,-1.661935,-27.363368,-67.064640,35.808915,-32.621153,-70.537737,-22.738074,-15.731395,-19.828133,-1.661935,-27.363368,90.000000,
-19.828133,-1.661935,-27.363368,14.749324,-27.186990,-33.994097,29.866251,20.610086,-18.479310,-19.828133,-1.661935,-27.363368,90.000000,
-19.828133,-1.661935,-27.363368,-67.064640,35.808915,-32.621153,-70.537737,-22.738074,-15.731395,-19.828133,-1.661935,-27.363368,90.000000,
-19.828133,-1.661935,-27.363368,14.749324,-27.186990,-33.994097,29.866251,20.610086,-18.479310,-19.828133,-1.661935,-27.363368,90.000000,
-19.828133,-1.661935,-27.363368,-67.064640,35.808915,-32.621153,-70.537737,-22.738074,-15.731395,-19.828133,-1.661935,-27.363368,90.000000,
-19.828133,-1.661935,-27.363368,14.749324,-27.186990,-33.994097,29.866251,20.610086,-18.479310,-19.828133,-1.661935,-27.363368,90.000000,
-19.828133,-1.661935,-27.363368,-67.064640,35.808915,-32.621153,-70.537737,-22.738074,-15.731395,-19.828133,-1.661935,-27.363368,90.000000,
-19.828133,-1.661935,-27.363368,14.749324,-27.186990,-33.994097,29.866251,20.610086,-18.479310,-19.828133,-1.661935,-27.363368,90.000000,
-19.828133,-1.661935,-27.363368,-67.064640,35.808915,-32.621153,-70.537737,-22.738074,-15.731395,-19.828133,-1.661935,-27.363368,90.000000,
-19.828133,-1.661935,-27.363368,14.749324,-27.186990,-33.994097,29.866251,20.610086,-18.479310,-19.828133,-1.661935,-27.363368,90.000000,
-19.828133,-1.661935,-27.363368,-67.064640,35.808915,-32.621153,-70.537737,-22.738074,-15.731395,-19.828133,-1.661935,-27.363368,90.000000,
-19.828133,-1.661935,-27.363368,14.749324,-27.186990,-33.994097,29.866251,20.610086,-18.479310,-19.828133,-1.661935,-27.363368,90.000000,
-19.828133,-1.661935,-27.363368,-67.064640,35.808915,-32.621153,-70.537737,-22.738074,-15.731395,-19.828133,-1.661935,-27.363368,90.000000,
-19.828133,-1.661935,-27.363368,14.749324,-27.186990,-33.994097,29.866251,20.610086,-18.479310,-19.828133,-1.661935,-27.363368,90.000000,
-19.828133,-1.661935,-27.363368,-67.064640,35.808915,-32.621153,-70.537737,-22.738074,-15.731395,-19.828133,-1.661935,-27.363368,90.000000,
-19.828133,-1.661935,-27.363368,14.749324,-27.186990,-33.994097,29.866251,20.610086,-18.479310,-19.828133,-1.661935,-27.363368,90.000000,
-19.828133,-1.661935,-27.363368,-67.064640,35.808915,-32.621153,-70.537737,-22.738074,-15.731395,-19.828133,-1.661935,-27.363368,90.000000,
-19.828133,-1.661935,-27.363368,14.749324,-27.186990,-33.994097,29.866251,20.610086,-18.479310,-19.828133,-1.661935,-27.363368,90.000000,
-19.828133,-1.661935,-27.363368,-67.064640,35.808915,-32.621153,-70.537737,-22.738074,-15.731395,-19.828133,-1.661935,-27.363368,90.000000,
-19.828133,-1.661935,-27.363368,14.749324,-27.186990,-33.994097,29.866251,20.610086,-18.479310,-19.828133,-1.661935,-27.363368,90.000000,
-19.828133,-1.661935,-27.363368,-67.064640,35.808915,-32.621153,-70.537737,-22.738074,-15.731395,-19.828133,-1.661935,-27.363368,90.000000,
-19.828133,-1.661935,-27.363368,14.749324,-27.186990,-33.994097,29.866251,20.610086,-18.479310,-19.828133,-1.661935,-27.363368,90.000000,
-19.828133,-1.661935,-27.363368,-67.064640,35.808915,-32.621153,-70.537737,-22.738074,-15.731395,-19.828133,-1.661935,-27.363368,90.000000,
-19.828133,-1.661935,-27.363368,14.749324,-27.186990,-33.994097,29.866251,20.610086,-18.479310,-19.828133,-1.661935,-27.363368,90.000000,
-19.828133,-1.661935,-27.363368,-67.064640,35.808915,-32.621153,-70.537737,-22.738074,-15.731395,-19.828133,-1.661935,-27.363368,90.000000,
-19.828133,-1.661935,-27.363368,14.749324,-27.186990,-33.994097,29.866251,20.610086,-18.479310,-19.828133,-1.661935,-27.363368,90.000000,
-19.828133,-1.661935,-27.363368,-67.064640,35.808915,-32.621153,-70.537737,-22.738074,-15.731395,-19.828133,-1.661935,-27.363368,90.000000,
-19.828133,-1.661935,-27.363368,14.749324,-27.186990,-33.994097,29.866251,20.610086,-18.479310,-19.828133,-1.661935,-27.363368,90.000000,
-19.828133,-1.661935,-27.363368,-67.064640,35.808915,-32.621153,-70.537737,-22.738074,-15.731395,-19.828133,-1.661935,-27.363368,90.000000,
-19.828133,-1.661935,-27.363368,14.749324,-27.186990,-33.994097,29.866251,20.610086,-18.479310,-19.828133,-1.661935,-27.363368,90.000000,
-19.828133,-1.661935,-27.363368,-67.064640,35.808915,-32.621153,-70.537737,-22.738074,-15.731395,-19.828133,-1.661935,-27.363368,90.000000,
-19.828133,-1.661935,-27.363368,14.749324,-27.186990,-33.994097,29.866251,20.610086,-18.479310,-19.828133,-1.661935,-27.363368,90.000000,
-19.828133,-1.661935,-27.363368,-67.064640,35.808915,-32.621153,-70.537737,-22.738074,-15.731395,-19.828133,-1.661935,-27.363368,90.000000,
-19.828133,-1.661935,-27.363368,14.749324,-27.186990,-33.994097,29.866251,20.610086,-18.479310,-19.828133,-1.661935,-27.363368,90.000000,
-19.828133,-1.661935,-27.363368,-67.064640,35.808915,-32.621153,-70.537737,-22.738074,-15.731395,-19.828133,-1.661935,-27.363368,90.000000,
-19.828133,-1.661935,-27.363368,14.749324,-27.186990,-33.994097,29.866251,20.610086,-18.479310,-19.828133,-1.661935,-27.363368,90.000000,
-19.828133,-1.661935,-27.363368,-67.064640,35.808915,-32.621153,-70.537737,-22.738074,-15.731395,-19.828133,-1.661935,-27.363368,90.000000,
-19.828133,-1.661935,-27.363368,14.749324,-27.186990,-33.994097,29.866251,20.610086,-18.479310,-19.828133,-1.661935,-27.363368,90.000000,
-19.828133,-1.661935,-27.363368,-67.064640,35.808915,-32.621153,-70.537737,-22.738074,-15.731395,-19.828133,-1.661935,-27.363368,90.000000,
-19.828133,-1.661935,-27.363368,14.749324,-27.186990,-33.994097,29.866251,20.610086,-18.479310,-19.828133,-1.661935,-27.363368,90.000000,
-19.828133,-1.661935,-27.363368,-67.064640,35.808915,-32.621153,-70.537737,-22.738074,-15.731395,-19.828133,-1.661935,-27.363368,90.000000,
-19.828133,-1.661935,-27.363368,14.749324,-27.186990,-33.994097,29.866251,20.610086,-18.479310,-19.828133,-1.661935,-27.363368,90.000000,
-19.828133,-1.661935,-27.363368,-67.064640,35.808915,-32.621153,-70.537737,-22.738074,-15.731395,-19.828133,-1.661935,-27.363368,90.000000,
-19.828133,-1.661935,-27.363368,14.749324,-27.186990,-33.994097,29.866251,20.610086,-18.479310,-19.828133,-1.661935,-27.363368,90.000000,
-19.828133,-1.661935,-27.363368,-67.064640,35.808915,-32.621153,-70.537737,-22.738074,-15.731395,-19.828133,-1.661935,-27.363368,90.000000,
-19.828133,-1.661935,-27.363368,14.749324,-27.186990,-33.994097,29.866251,20.610086,-18.479310,-19.828133,-1.661935,-27.363368,90.000000,
-19.828133,-1.661935,-27.363368,-67.064640,35.808915,-32.621153,-70.537737,-22.738074,-15.731395,-19.828133,-1.661935,-27.363368,90.000000,
-19.828133,-1.661935,-27.363368,14.749324,-27.186990,-33.994097,29.866251,20.610086,-18.479310,-19.828133,-1.661935,-27.363368,90.000000,
-19.828133,-1.661935,-27.363368,-67.064640,35.808915,-32.621153,-70.537737,-22.738074,-15.731395,-19.828133,-1.661935,-27.363368,90.000000,
-19.828133,-1.661935,-27.363368,14.749324,-27.186990,-33.994097,29.866251,20.610086,-18.479310,-19.828133,-1.661935,-27.363368,90.000000,
-19.828133,-1.661935,-27.363368,-67.064640,35.808915,-32.621153,-70.537737,-22.738074,-15.731395,-19.828133,-1.661935,-27.363368,90.000000,
-19.828133,-1.661935,-27.363368,14.749324,-27.186990,-33.994097,29.866251,20.610086,-18.479310,-19.828133,-1.661935,-27.363368,90.000000,
-19.828133,-1.661935,-27.363368,-67.064640,35.808915,-32.621153,-70.537737,-22.738074,-15.731395,-19.828133,-1.661935,-27.363368,90.000000,
-19.828133,-1.661935,-27.363368,14.749324,-27.186990,-33.994097,29.866251,20.610086,-18.479310,-19.828133,-1.661935,-27.363368,90.000000,
-19.828133,-1.661935,-27.363368,-67.064640,35.808915,-32.621153,-70.537737,-22.738074,-15.731395,-19.828133,-1.661935,-27.363368,90.000000,
-19.828133,-1.661935,-27.363368,14.749324,-27.186990,-33.994097,29.866251,20.610086,-18.479310,-19.828133,-1.661935,-27.363368,90.000000,
-19.828133,-1.661935,-27.363368,-67.064640,35.808915,-32.621153,-70.537737,-22.738074,-15.731395,-19.828133,-1.661935,-27.363368,90.000000,
-19.828133,-1.661935,-27.363368,14.749324,-27.186990,-33.994097,29.866251,20.610086,-18.479310,-19.828133,-1.661935,-27.363368,90.000000,
-19.828133,-1.661935,-27.363368,-67.064640,35.808915,-32.621153,-70.537737,-22.738074,-15.731395,-19.828133,-1.661935,-27.363368,90.000000,
-19.828133,-1.661935,-27.363368,14.749324,-27.186990,-33.994097,29.866251,20.610086,-18.479310,-19.828133,-1.661935,-27.363368,90.000000,
-19.828133,-1.661935,-27.363368,-67.064640,35.808915,-32.621153,-70.537737,-22.738074,-15.731395,-19.828133,-1.661935,-27.363368,90.000000,
-19.828133,-1.661935,-27.363368,14.749324,-27.186990,-33.994097,29.866251,20.610086,-18.479310,-19.828133,-1.661935,-27.363368,90.000000,
-19.828133,-1.661935,-27.363368,-67.064640,35.808915,-32.621153,-70.537737,-22.738074,-15.731395,-19.828133,-1.661935,-27.363368,90.000000,
-19.828133,-1.661935,-27.363368,14.749324,-27.186990,-33.994097,29.866251,20.610086,-18.479310,-19.828133,-1.661935,-27.363368,90.000000,
-19.828133,-1.661935,-27.363368,-67.064640,35.808915,-32.621153,-70.537737,-22.738074,-15.731395,-19.828133,-1.661935,-27.363368,90.000000,
-19.828133,-1.661935,-27.363368,14.749324,-27.186990,-33.994097,29.866251,20.610086,-18.479310,-19.828133,-1.661935,-27.363368,90.000000,
-19.828133,-1.661935,-27.363368,-67.064640,35.808915,-32.621153,-70.537737,-22.738074,-15.731395,-19.828133,-1.661935,-27.363368,90.000000,
-19.828133,-1.661935,-27.363368,14.749324,-27.186990,-33.994097,29.866251,20.610086,-18.479310,-19.828133,-1.661935,-27.363368,90.000000,
-19.828133,-1.661935,-27.363368,-67.064640,35.808915,-32.621153,-70.537737,-22.738074,-15.731395,-19.828133,-1.661935,-27.363368,90.000000,
-19.828133,-1.661935,-27.363368,14.749324,-27.186990,-33.994097,29.866251,20.610086,-18.479310,-19.828133,-1.661935,-27.363368,90.000000,
-19.828133,-1.661935,-27.363368,-67.064640,35.808915,-32.621153,-70.537737,-22.738074,-15.731395,-19.828133,-1.661935,-27.363368,90.000000,
-19.828133,-1.661935,-27.363368,14.749324,-27.186990,-33.994097,29.866251,20.610086,-18.479310,-19.828133,-1.661935,-27.363368,90.000000,
-19.828133,-1.661935,-27.363368,-67.064640,35.808915,-32.621153,-70.537737,-22.738074,-15.731395,-19.828133,-1.661935,-27.363368,90.000000,
-19.828133,-1.661935,-27.363368,14.749324,-27.186990,-33.994097,29.866251,20.610086,-18.479310,-19.828133,-1.661935,-27.363368,90.000000,
-19.828133,-1.661935,-27.363368,-67.064640,35.808915,-32.621153,-70.537737,-22.738074,-15.731395,-19.828133,-1.661935,-27.363368,90.000000,
-19.828133,-1.661935,-27.363368,14.749324,-27.186990,-33.994097,29.866251,20.610086,-18.479310,-19.828133,-1.661935,-27.363368,90.000000,
-19.828133,-1.661935,-27.363368,-67.064640,35.808915,-32.621153,-70.537737,-22.738074,-15.731395,-19.828133,-1.661935,-27.363368,90.000000,
-19.828133,-1.661935,-27.363368,14.749324,-27.186990,-33.994097,29.866251,20.610086,-18.479310,-19.828133,-1.661935,-27.363368,90.000000,
-19.828133,-1.661935,-27.363368,-67.064640,35.808915,-32.621153,-70.537737,-22.738074,-15.731395,-19.828133,-1.661935,-27.363368,90.000000,
-19.828133,-1.661935,-27.363368,14.749324,-27.186990,-33.994097,29.866251,20.610086,-18.479310,-19.828133,-1.661935,-27.363368,90.000000,
-19.828133,-1.661935,-27.363368,-67.064640,35.808915,-32.621153,-70.537737,-22.738074,-15.731395,-19.828133,-1.661935,-27.363368,90.000000,
-19.828133,-1.661935,-27.363368,14.749324,-27.186990,-33.994097,29.866251,20.610086,-18.479310,-19.828133,-1.661935,-27.363368,90.000000,
-19.828133,-1.661935,-27.363368,-67.064640,35.808915,-32.621153,-70.537737,-22.738074,-15.731395,-19.828133,-1.661935,-27.363368,90.000000,
-19.828133,-1.661935,-27.363368,14.749324,-27.186990,-33.994097,29.866251,20.610086,-18.479310,-19.828133,-1.661935,-27.363368,90.000000,
-19.828133,-1.661935,-27.363368,-67.064640,35.808915,-32.621153,-70.537737,-22.738074,-15.731395,-19.828133,-1.661935,-27.363368,90.000000,
-19.828133,-1.661935,-27.363368,14.749324,-27.186990,-33.994097,29.866251,20.610086,-18.479310,-19.828133,-1.661935,-27.363368,90.000000,
-19.828133,-1.661935,-27.363368,-67.064640,35.808915,-32.621153,-70.537737,-22.738074,-15.731395,-19.828133,-1.661935,-27.363368,90.000000,
-19.828133,-1.661935,-27.363368,14.749324,-27.186990,-33.994097,29.866251,20.610086,-18.479310,-19.828133,-1.661935,-27.363368,90.000000,
-19.828133,-1.661935,-27.363368,-67.064640,35.808915,-32.621153,-70.537737,-22.738074,-15.731395,-19.828133,-1.661935,-27.363368,90.000000,
-19.828133,-1.661935,-27.363368,14.749324,-27.186990,-33.994097,29.866251,20.610086,-18.479310,-19.828133,-1.661935,-27.363368,90.000000,
-19.828133,-1.661935,-27.363368,-67.064640,35.808915,-32.621153,-70.537737,-22.738074,-15.731395,-19.828133,-1.661935,-27.363368,90.000000,
-19.828133,-1.661935,-27.363368,14.749324,-27.186990,-33.994097,29.866251,20.610086,-18.479310,-19.828133,-1.661935,-27.363368,90.000000,
-19.828133,-1.661935,-27.363368,-67.064640,35.808915,-32.621153,-70.537737,-22.738074,-15.731395,-19.828133,-1.661935,-27.363368,90.000000,
-19.828133,-1.661935,-27.363368,14.749324,-27.186990,-33.994097,29.866251,20.610086,-18.479310,-19.828133,-1.661935,-27.363368,90.000000,
-19.828133,-1.661935,-27.363368,-67.064640,35.808915,-32.621153,-70.537737,-22.738074,-15.731395,-19.828133,-1.661935,-27.363368,90.000000,
-19.828133,-1.661935,-27.363368,14.749324,-27.186990,-33.994097,29.866251,20.610086,-18.479310,-19.828133,-1.661935,-27.363368,90.000000,
-19.828133,-1.661935,-27.363368,-67.064640,35.808915,-32.621153,-70.537737,-22.738074,-15.731395,-19.828133,-1.661935,-27.363368,90.000000,
-19.828133,-1.661935,-27.363368,14.749324,-27.186990,-33.994097,29.866251,20.610086,-18.479310,-19.828133,-1.661935,-27.363368,90.000000,
-19.828133,-1.661935,-27.363368,-67.064640,35.808915,-32.621153,-70.537737,-22.738074,-15.731395,-19.828133,-1.661935,-27.363368,90.000000,
-19.828133,-1.661935,-27.363368,14.749324,-27.186990,-33.994097,29.866251,20.610086,-18.479310,-19.828133,-1.661935,-27.363368,90.000000,
-19.828133,-1.661935,-27.363368,-67.064640,35.808915,-32.621153,-70.537737,-22.738074,-15.731395,-19.828133,-1.661935,-27.363368,90.000000,
-19.828133,-1.661935,-27.363368,14.749324,-27.186990,-33.994097,29.866251,20.610086,-18.479310,-19.828133,-1.661935,-27.363368,90.000000,
-19.828133,-1.661935,-27.363368,-67.064640,35.808915,-32.621153,-70.537737,-22.738074,-15.731395,-19.828133,-1.661935,-27.363368,90.000000,
-19.828133,-1.661935,-27.363368,14.749324,-27.186990,-33.994097,29.866251,20.610086,-18.479310,-19.828133,-1.661935,-27.363368,90.000000,
-19.828133,-1.661935,-27.363368,-67.064640,35.808915,-32.621153,-70.537737,-22.738074,-15.731395,-19.828133,-1.661935,-27.363368,90.000000,
-19.828133,-1.661935,-27.363368,14.749324,-27.186990,-33.994097,29.866251,20.610086,-18.479310,-19.828133,-1.661935,-27.363368,90.000000,
-19.828133,-1.661935,-27.363368,-67.064640,35.808915,-32.621153,-70.537737,-22.738074,-15.731395,-19.828133,-1.661935,-27.363368,90.000000,
-19.828133,-1.661935,-27.363368,14.749324,-27.186990,-33.994097,29.866251,20.610086,-18.479310,-19.828133,-1.661935,-27.363368,90.000000,
-19.828133,-1.661935,-27.363368,-67.064640,35.808915,-32.621153,-70.537737,-22.738074,-15.731395,-19.828133,-1.661935,-27.363368,90.000000,
-19.828133,-1.661935,-27.363368,14.749324,-27.186990,-33.994097,29.866251,20.610086,-18.479310,-19.828133,-1.661935,-27.363368,90.000000,
-19.828133,-1.661935,-27.363368,-67.064640,35.808915,-32.621153,-70.537737,-22.738074,-15.731395,-19.828133,-1.661935,-27.363368,90.000000,
-19.828133,-1.661935,-27.363368,14.749324,-27.186990,-33.994097,29.866251,20.610086,-18.479310,-19.828133,-1.661935,-27.363368,90.000000,
-19.828133,-1.661935,-27.363368,-67.064640,35.808915,-32.621153,-70.537737,-22.738074,-15.731395,-19.828133,-1.661935,-27.363368,90.000000,
-19.828133,-1.661935,-27.363368,14.749324,-27.186990,-33.994097,29.866251,20.610086,-18.479310,-19.828133,-1.661935,-27.363368,90.000000,
-19.828133,-1.661935,-27.363368,-67.064640,35.808915,-32.621153,-70.537737,-22.738074,-15.731395,-19.828133,-1.661935,-27.363368,90.000000,
-19.828133,-1.661935,-27.363368,14.749324,-27.186990,-33.994097,29.866251,20.610086,-18.479310,-19.828133,-1.661935,-27.363368,90.000000,
-19.828133,-1.661935,-27.363368,-67.064640,35.808915,-32.621153,-70.537737,-22.738074,-15.731395,-19.828133,-1.661935,-27.363368,90.000000,
-19.828133,-1.661935,-27.363368,14.749324,-27.186990,-33.994097,29.866251,20.610086,-18.479310,-19.828133,-1.661935,-27.363368,90.000000,
-19.828133,-1.661935,-27.363368,-67.064640,35.808915,-32.621153,-70.537737,-22.738074,-15.731395,-19.828133,-1.661935,-27.363368,90.000000,
-19.828133,-1.661935,-27.363368,14.749324,-27.186990,-33.994097,29.866251,20.610086,-18.479310,-19.828133,-1.661935,-27.363368,90.000000,
-19.828133,-1.661935,-27.363368,-67.064640,35.808915,-32.621153,-70.537737,-22.738074,-15.731395,-19.828133,-1.661935,-27.363368,90.000000,
-19.828133,-1.661935,-27.363368,14.749324,-27.186990,-33.994097,29.866251,20.610086,-18.479310,-19.828133,-1.661935,-27.363368,90.000000,
-19.828133,-1.661935,-27.363368,-67.064640,35.808915,-32.621153,-70.537737,-22.738074,-15.731395,-19.828133,-1.661935,-27.363368,90.000000,
-19.828133,-1.661935,-27.363368,14.749324,-27.186990,-33.994097,29.866251,20.610086,-18.479310,-19.828133,-1.661935,-27.363368,90.000000,
-19.828133,-1.661935,-27.363368,-67.064640,35.808915,-32.621153,-70.537737,-22.738074,-15.731395,-19.828133,-1.661935,-27.363368,90.000000,
-19.828133,-1.661935,-27.363368,14.749324,-27.186990,-33.994097,29.866251,20.610086,-18.479310,-19.828133,-1.661935,-27.363368,90.000000,
-19.828133,-1.661935,-27.363368,-67.064640,35.808915,-32.621153,-70.537737,-22.738074,-15.731395,-19.828133,-1.661935,-27.363368,90.000000,
-19.828133,-1.661935,-27.363368,14.749324,-27.186990,-33.994097,29.866251,20.610086,-18.479310,-19.828133,-1.661935,-27.363368,90.000000,
-19.828133,-1.661935,-27.363368,-67.064640,35.808915,-32.621153,-70.537737,-22.738074,-15.731395,-19.828133,-1.661935,-27.363368,90.000000,
-19.828133,-1.661935,-27.363368,14.749324,-27.186990,-33.994097,29.866251,20.610086,-18.479310,-19.828133,-1.661935,-27.363368,90.000000,
-19.828133,-1.661935,-27.363368,-67.064640,35.808915,-32.621153,-70.537737,-22.738074,-15.731395,-19.828133,-1.661935,-27.363368,90.000000,
-19.828133,-1.661935,-27.363368,14.749324,-27.186990,-33.994097,29.866251,20.610086,-18.479310,-19.828133,-1.661935,-27.363368,90.000000,
-19.828133,-1.661935,-27.363368,-67.064640,35.808915,-32.621153,-70.537737,-22.738074,-15.731395,-19.828133,-1.661935,-27.363368,90.000000,
-19.828133,-1.661935,-27.363368,14.749324,-27.186990,-33.994097,29.866251,20.610086,-18.479310,-19.828133,-1.661935,-27.363368,90.000000,
-19.828133,-1.661935,-27.363368,-67.064640,35.808915,-32.621153,-70.537737,-22.738074,-15.731395,-19.828133,-1.661935,-27.363368,90.000000,
-19.828133,-1.661935,-27.363368,14.749324,-27.186990,-33.994097,29.866251,20.610086,-18.479310,-19.828133,-1.661935,-27.363368,90.000000,
-19.828133,-1.661935,-27.363368,-67.064640,35.808915,-32.621153,-70.537737,-22.738074,-15.731395,-19.828133,-1.661935,-27.363368,90.000000,
-19.828133,-1.661935,-27.363368,14.749324,-27.186990,-33.994097,29.866251,20.610086,-18.479310,-19.828133,-1.661935,-27.363368,90.000000,
-19.828133,-1.661935,-27.363368,-67.064640,35.808915,-32.621153,-70.537737,-22.738074,-15.731395,-19.828133,-1.661935,-27.363368,90.000000,
-19.828133,-1.661935,-27.363368,14.749324,-27.186990,-33.994097,29.866251,20.610086,-18.479310,-19.828133,-1.661935,-27.363368,90.000000,
-19.828133,-1.661935,-27.363368,-67.064640,35.808915,-32.621153,-70.537737,-22.738074,-15.731395,-19.828133,-1.661935,-27.363368,90.000000,
-19.828133,-1.661935,-27.363368,14.749324,-27.186990,-33.994097,29.866251,20.610086,-18.479310,-19.828133,-1.661935,-27.363368,90.000000,
-19.828133,-1.661935,-27.363368,-67.064640,35.808915,-32.621153,-70.537737,-22.738074,-15.731395,-19.828133,-1.661935,-27.363368,90.000000,
-19.828133,-1.661935,-27.363368,14.749324,-27.186990,-33.994097,29.866251,20.610086,-18.479310,-19.828133,-1.661935,-27.363368,90.000000,
-19.828133,-1.661935,-27.363368,-67.064640,35.808915,-32.621153,-70.537737,-22.738074,-15.731395,-19.828133,-1.661935,-27.363368,90.000000,
-19.828133,-1.661935,-27.363368,14.749324,-27.186990,-33.994097,29.866251,20.610086,-18.479310,-19.828133,-1.661935,-27.363368,90.000000,
-19.828133,-1.661935,-27.363368,-67.064640,35.808915,-32.621153,-70.537737,-22.738074,-15.731395,-19.828133,-1.661935,-27.363368,90.000000,
-19.828133,-1.661935,-27.363368,14.749324,-27.186990,-33.994097,29.866251,20.610086,-18.479310,-19.828133,-1.661935,-27.363368,90.000000,
-19.828133,-1.661935,-27.363368,-67.064640,35.808915,-32.621153,-70.537737,-22.738074,-15.731395,-19.828133,-1.661935,-27.363368,90.000000,
-19.828133,-1.661935,-27.363368,14.749324,-27.186990,-33.994097,29.866251,20.610086,-18.479310,-19.828133,-1.661935,-27.363368,90.000000,
-19.828133,-1.661935,-27.363368,-67.064640,35.808915,-32.621153,-70.537737,-22.738074,-15.731395,-19.828133,-1.661935,-27.363368,90.000000,
-19.828133,-1.661935,-27.363368,14.749324,-27.186990,-33.994097,29.866251,20.610086,-18.479310,-19.828133,-1.661935,-27.363368,90.000000,
-19.828133,-1.661935,-27.363368,-67.064640,35.808915,-32.621153,-70.537737,-22.738074,-15.731395,-19.828133,-1.661935,-27.363368,90.000000,
-19.828133,-1.661935,-27.363368,14.749324,-27.186990,-33.994097,29.866251,20.610086,-18.479310,-19.828133,-1.661935,-27.363368,90.000000,
-19.828133,-1.661935,-27.363368,-67.064640,35.808915,-32.621153,-70.537737,-22.738074,-15.731395,-19.828133,-1.661935,-27.363368,90.000000,
-19.828133,-1.661935,-27.363368,14.749324,-27.186990,-33.994097,29.866251,20.610086,-18.479310,-19.828133,-1.661935,-27.363368,90.000000,
-19.828133,-1.661935,-27.363368,-67.064640,35.808915,-32.621153,-70.537737,-22.738074,-15.731395,-19.828133,-1.661935,-27.363368,90.000000,
-19.828133,-1.661935,-27.363368,14.749324,-27.186990,-33.994097,29.866251,20.610086,-18.479310,-19.828133,-1.661935,-27.363368,90.000000,
-19.828133,-1.661935,-27.363368,-67.064640,35.808915,-32.621153,-70.537737,-22.738074,-15.731395,-19.828133,-1.661935,-27.363368,90.000000,
-19.828133,-1.661935,-27.363368,14.749324,-27.186990,-33.994097,29.866251,20.610086,-18.479310,-19.828133,-1.661935,-27.363368,90.000000,
-19.828133,-1.661935,-27.363368,-67.064640,35.808915,-32.621153,-70.537737,-22.738074,-15.731395,-19.828133,-1.661935,-27.363368,90.000000,
-19.828133,-1.661935,-27.363368,14.749324,-27.186990,-33.994097,29.866251,20.610086,-18.479310,-19.828133,-1.661935,-27.363368,90.000000,
-19.828133,-1.661935,-27.363368,-67.064640,35.808915,-32.621153,-70.537737,-22.738074,-15.731395,-19.828133,-1.661935,-27.363368,90.000000,
-19.828133,-1.661935,-27.363368,14.749324,-27.186990,-33.994097,29.866251,20.610086,-18.479310,-19.828133,-1.661935,-27.363368,90.000000,
-19.828133,-1.661935,-27.363368,-67.064640,35.808915,-32.621153,-70.537737,-22.738074,-15.731395,-19.828133,-1.661935,-27.363368,90.000000,
-19.828133,-1.661935,-27.363368,14.749324,-27.186990,-33.994097,29.866251,20.610086,-18.479310,-19.828133,-1.661935,-27.363368,90.000000,
-19.828133,-1.661935,-27.363368,-67.064640,35.808915,-32.621153,-70.537737,-22.738074,-15.731395,-19.828133,-1.661935,-27.363368,90.000000,
-19.828133,-1.661935,-27.363368,14.749324,-27.186990,-33.994097,29.866251,20.610086,-18.479310,-19.828133,-1.661935,-27.363368,90.000000,
-19.828133,-1.661935,-27.363368,-67.064640,35.808915,-32.621153,-70.537737,-22.738074,-15.731395,-19.828133,-1.661935,-27.363368,90.000000,
-19.828133,-1.661935,-27.363368,14.749324,-27.186990,-33.994097,29.866251,20.610086,-18.479310,-19.828133,-1.661935,-27.363368,90.000000,
-19.828133,-1.661935,-27.363368,-67.064640,35.808915,-32.621153,-70.537737,-22.738074,-15.731395,-19.828133,-1.661935,-27.363368,90.000000,
-19.828133,-1.661935,-27.363368,14.749324,-27.186990,-33.994097,29.866251,20.610086,-18.479310,-19.828133,-1.661935,-27.363368,90.000000,
-19.828133,-1.661935,-27.363368,-67.064640,35.808915,-32.621153,-70.537737,-22.738074,-15.731395,-19.828133,-1.661935,-27.363368,90.000000,
-19.828133,-1.661935,-27.363368,14.749324,-27.186990,-33.994097,29.866251,20.610086,-18.479310,-19.828133,-1.661935,-27.363368,90.000000,
-19.828133,-1.661935,-27.363368,-67.064640,35.808915,-32.621153,-70.537737,-22.738074,-15.731395,-19.828133,-1.661935,-27.363368,90.000000,
-19.828133,-1.661935,-27.363368,14.749324,-27.186990,-33.994097,29.866251,20.610086,-18.479310,-19.828133,-1.661935,-27.363368,90.000000,
-19.828133,-1.661935,-27.363368,-67.064640,35.808915,-32.621153,-70.537737,-22.738074,-15.731395,-19.828133,-1.661935,-27.363368,90.000000,
-19.828133,-1.661935,-27.363368,14.749324,-27.186990,-33.994097,29.866251,20.610086,-18.479310,-19.828133,-1.661935,-27.363368,90.000000,
-19.828133,-1.661935,-27.363368,-67.064640,35.808915,-32.621153,-70.537737,-22.738074,-15.731395,-19.828133,-1.661935,-27.363368,90.000000,
-19.828133,-1.661935,-27.363368,14.749324,-27.186990,-33.994097,29.866251,20.610086,-18.479310,-19.828133,-1.661935,-27.363368,90.000000,
-19.828133,-1.661935,-27.363368,-67.064640,35.808915,-32.621153,-70.537737,-22.738074,-15.731395,-19.828133,-1.661935,-27.363368,90.000000,
-19.828133,-1.661935,-27.363368,14.749324,-27.186990,-33.994097,29.866251,20.610086,-18.479310,-19.828133,-1.661935,-27.363368,90.000000,
-19.828133,-1.661935,-27.363368,-67.064640,35.808915,-32.621153,-70.537737,-22.738074,-15.731395,-19.828133,-1.661935,-27.363368,90.000000,
-19.828133,-1.661935,-27.363368,14.749324,-27.186990,-33.994097,29.866251,20.610086,-18.479310,-19.828133,-1.661935,-27.363368,90.000000,
-19.828133,-1.661935,-27.363368,-67.064640,35.808915,-32.621153,-70.537737,-22.738074,-15.731395,-19.828133,-1.661935,-27.363368,90.000000,
-19.828133,-1.661935,-27.363368,14.749324,-27.186990,-33.994097,29.866251,20.610086,-18.479310,-19.828133,-1.661935,-27.363368,90.000000,
-19.828133,-1.661935,-27.363368,-67.064640,35.808915,-32.621153,-70.537737,-22.738074,-15.731395,-19.828133,-1.661935,-27.363368,90.000000,
-19.828133,-1.661935,-27.363368,14.749324,-27.186990,-33.994097,29.866251,20.610086,-18.479310,-19.828133,-1.661935,-27.363368,90.000000,
-19.828133,-1.661935,-27.363368,-67.064640,35.808915,-32.621153,-70.537737,-22.738074,-15.731395,-19.828133,-1.661935,-27.363368,90.000000,
-19.828133,-1.661935,-27.363368,14.749324,-27.186990,-33.994097,29.866251,20.610086,-18.479310,-19.828133,-1.661935,-27.363368,90.000000,
-19.828133,-1.661935,-27.363368,-67.064640,35.808915,-32.621153,-70.537737,-22.738074,-15.731395,-19.828133,-1.661935,-27.363368,90.000000,
-19.828133,-1.661935,-27.363368,14.749324,-27.186990,-33.994097,29.866251,20.610086,-18.479310,-19.828133,-1.661935,-27.363368,90.000000,
-19.828133,-1.661935,-27.363368,-67.064640,35.808915,-32.621153,-70.537737,-22.738074,-15.731395,-19.828133,-1.661935,-27.363368,90.000000,
-19.828133,-1.661935,-27.363368,14.749324,-27.186990,-33.994097,29.866251,20.610086,-18.479310,-19.828133,-1.661935,-27.363368,90.000000,
-19.828133,-1.661935,-27.363368,-67.064640,35.808915,-32.621153,-70.537737,-22.738074,-15.731395,-19.828133,-1.661935,-27.363368,90.000000,
-19.828133,-1.661935,-27.363368,14.749324,-27.186990,-33.994097,29.866251,20.610086,-18.479310,-19.828133,-1.661935,-27.363368,90.000000,
-19.828133,-1.661935,-27.363368,-67.064640,35.808915,-32.621153,-70.537737,-22.738074,-15.731395,-19.828133,-1.661935,-27.363368,90.000000,
-19.828133,-1.661935,-27.363368,14.749324,-27.186990,-33.994097,29.866251,20.610086,-18.479310,-19.828133,-1.661935,-27.363368,90.000000,
-19.828133,-1.661935,-27.363368,-67.064640,35.808915,-32.621153,-70.537737,-22.738074,-15.731395,-19.828133,-1.661935,-27.363368,90.000000,
-19.828133,-1.661935,-27.363368,14.749324,-27.186990,-33.994097,29.866251,20.610086,-18.479310,-19.828133,-1.661935,-27.363368,90.000000,
-19.828133,-1.661935,-27.363368,-67.064640,35.808915,-32.621153,-70.537737,-22.738074,-15.731395,-19.828133,-1.661935,-27.363368,90.000000,
-19.828133,-1.661935,-27.363368,14.749324,-27.186990,-33.994097,29.866251,20.610086,-18.479310,-19.828133,-1.661935,-27.363368,90.000000,
-19.828133,-1.661935,-27.363368,-67.064640,35.808915,-32.621153,-70.537737,-22.738074,-15.731395,-19.828133,-1.661935,-27.363368,90.000000,
-19.828133,-1.661935,-27.363368,14.749324,-27.186990,-33.994097,29.866251,20.610086,-18.479310,-19.828133,-1.661935,-27.363368,90.000000,
-19.828133,-1.661935,-27.363368,-67.064640,35.808915,-32.621153,-70.537737,-22.738074,-15.731395,-19.828133,-1.661935,-27.363368,90.000000,
-19.828133,-1.661935,-27.363368,14.749324,-27.186990,-33.994097,29.866251,20.610086,-18.479310,-19.828133,-1.661935,-27.363368,90.000000,
-19.828133,-1.661935,-27.363368,-67.064640,35.808915,-32.621153,-70.537737,-22.738074,-15.731395,-19.828133,-1.661935,-27.363368,90.000000,
-19.828133,-1.661935,-27.363368,14.749324,-27.186990,-33.994097,29.866251,20.610086,-18.479310,-19.828133,-1.661935,-27.363368,90.000000,
-19.828133,-1.661935,-27.363368,-67.064640,35.808915,-32.621153,-70.537737,-22.738074,-15.731395,-19.828133,-1.661935,-27.363368,90.000000,
-19.828133,-1.661935,-27.363368,14.749324,-27.186990,-33.994097,29.866251,20.610086,-18.479310,-19.828133,-1.661935,-27.363368,90.000000,
-19.828133,-1.661935,-27.363368,-67.064640,35.808915,-32.621153,-70.537737,-22.738074,-15.731395,-19.828133,-1.661935,-27.363368,90.000000,
-19.828133,-1.661935,-27.363368,14.749324,-27.186990,-33.994097,29.866251,20.610086,-18.479310,-19.828133,-1.661935,-27.363368,90.000000,
-19.828133,-1.661935,-27.363368,-67.064640,35.808915,-32.621153,-70.537737,-22.738074,-15.731395,-19.828133,-1.661935,-27.363368,90.000000,
-19.828133,-1.661935,-27.363368,14.749324,-27.186990,-33.994097,29.866251,20.610086,-18.479310,-19.828133,-1.661935,-27.363368,90.000000,
-19.828133,-1.661935,-27.363368,-67.064640,35.808915,-32.621153,-70.537737,-22.738074,-15.731395,-19.828133,-1.661935,-27.363368,90.000000,
-19.828133,-1.661935,-27.363368,14.749324,-27.186990,-33.994097,29.866251,20.610086,-18.479310,-19.828133,-1.661935,-27.363368,90.000000,
-19.828133,-1.661935,-27.363368,-67.064640,35.808915,-32.621153,-70.537737,-22.738074,-15.731395,-19.828133,-1.661935,-27.363368,90.000000,
-19.828133,-1.661935,-27.363368,14.749324,-27.186990,-33.994097,29.866251,20.610086,-18.479310,-19.828133,-1.661935,-27.363368,90.000000,
-19.828133,-1.661935,-27.363368,-67.064640,35.808915,-32.621153,-70.537737,-22.738074,-15.731395,-19.828133,-1.661935,-27.363368,90.000000,
-19.828133,-1.661935,-27.363368,14.749324,-27.186990,-33.994097,29.866251,20.610086,-18.479310,-19.828133,-1.661935,-27.363368,90.000000,
-19.828133,-1.661935,-27.363368,-67.064640,35.808915,-32.621153,-70.537737,-22.738074,-15.731395,-19.828133,-1.661935,-27.363368,90.000000,
-19.828133,-1.661935,-27.363368,14.749324,-27.186990,-33.994097,29.866251,20.610086,-18.479310,-19.828133,-1.661935,-27.363368,90.000000,
-19.828133,-1.661935,-27.363368,-67.064640,35.808915,-32.621153,-70.537737,-22.738074,-15.731395,-19.828133,-1.661935,-27.363368,90.000000,
-19.828133,-1.661935,-27.363368,14.749324,-27.186990,-33.994097,29.866251,20.610086,-18.479310,-19.828133,-1.661935,-27.363368,90.000000,
-19.828133,-1.661935,-27.363368,-67.064640,35.808915,-32.621153,-70.537737,-22.738074,-15.731395,-19.828133,-1.661935,-27.363368,90.000000,
-19.828133,-1.661935,-27.363368,14.749324,-27.186990,-33.994097,29.866251,20.610086,-18.479310,-19.828133,-1.661935,-27.363368,90.000000,
-19.828133,-1.661935,-27.363368,-67.064640,35.808915,-32.621153,-70.537737,-22.738074,-15.731395,-19.828133,-1.661935,-27.363368,90.000000,
-19.828133,-1.661935,-27.363368,14.749324,-27.186990,-33.994097,29.866251,20.610086,-18.479310,-19.828133,-1.661935,-27.363368,90.000000,
-19.828133,-1.661935,-27.363368,-67.064640,35.808915,-32.621153,-70.537737,-22.738074,-15.731395,-19.828133,-1.661935,-27.363368,90.000000,
-19.828133,-1.661935,-27.363368,14.749324,-27.186990,-33.994097,29.866251,20.610086,-18.479310,-19.828133,-1.661935,-27.363368,90.000000,
-19.828133,-1.661935,-27.363368,-67.064640,35.808915,-32.621153,-70.537737,-22.738074,-15.731395,-19.828133,-1.661935,-27.363368,90.000000,
-19.828133,-1.661935,-27.363368,14.749324,-27.186990,-33.994097,29.866251,20.610086,-18.479310,-19.828133,-1.661935,-27.363368,90.000000,
-19.828133,-1.661935,-27.363368,-67.064640,35.808915,-32.621153,-70.537737,-22.738074,-15.731395,-19.828133,-1.661935,-27.363368,90.000000,
-19.828133,-1.661935,-27.363368,14.749324,-27.186990,-33.994097,29.866251,20.610086,-18.479310,-19.828133,-1.661935,-27.363368,90.000000,
-19.828133,-1.661935,-27.363368,-67.064640,35.808915,-32.621153,-70.537737,-22.738074,-15.731395,-19.828133,-1.661935,-27.363368,90.000000,
-19.828133,-1.661935,-27.363368,14.749324,-27.186990,-33.994097,29.866251,20.610086,-18.479310,-19.828133,-1.661935,-27.363368,90.000000,
-19.828133,-1.661935,-27.363368,-67.064640,35.808915,-32.621153,-70.537737,-22.738074,-15.731395,-19.828133,-1.661935,-27.363368,90.000000,
-19.828133,-1.661935,-27.363368,14.749324,-27.186990,-33.994097,29.866251,20.610086,-18.479310,-19.828133,-1.661935,-27.363368,90.000000,
-19.828133,-1.661935,-27.363368,-67.064640,35.808915,-32.621153,-70.537737,-22.738074,-15.731395,-19.828133,-1.661935,-27.363368,90.000000,
-19.828133,-1.661935,-27.363368,14.749324,-27.186990,-33.994097,29.866251,20.610086,-18.479310,-19.828133,-1.661935,-27.363368,90.000000,
-19.828133,-1.661935,-27.363368,-67.064640,35.808915,-32.621153,-70.537737,-22.738074,-15.731395,-19.828133,-1.661935,-27.363368,90.000000,
-19.828133,-1.661935,-27.363368,14.749324,-27.186990,-33.994097,29.866251,20.610086,-18.479310,-19.828133,-1.661935,-27.363368,90.000000,
-19.828133,-1.661935,-27.363368,-67.064640,35.808915,-32.621153,-70.537737,-22.738074,-15.731395,-19.828133,-1.661935,-27.363368,90.000000,
-19.828133,-1.661935,-27.363368,14.749324,-27.186990,-33.994097,29.866251,20.610086,-18.479310,-19.828133,-1.661935,-27.363368,90.000000,
-19.828133,-1.661935,-27.363368,-67.064640,35.808915,-32.621153,-70.537737,-22.738074,-15.731395,-19.828133,-1.661935,-27.363368,90.000000,
-19.828133,-1.661935,-27.363368,14.749324,-27.186990,-33.994097,29.866251,20.610086,-18.479310,-19.828133,-1.661935,-27.363368,90.000000,
-19.828133,-1.661935,-27.363368,-67.064640,35.808915,-32.621153,-70.537737,-22.738074,-15.731395,-19.828133,-1.661935,-27.363368,90.000000,
-19.828133,-1.661935,-27.363368,14.749324,-27.186990,-33.994097,29.866251,20.610086,-18.479310,-19.828133,-1.661935,-27.363368,90.000000,
-19.828133,-1.661935,-27.363368,-67.064640,35.808915,-32.621153,-70.537737,-22.738074,-15.731395,-19.828133,-1.661935,-27.363368,90.000000,
-19.828133,-1.661935,-27.363368,14.749324,-27.186990,-33.994097,29.866251,20.610086,-18.479310,-19.828133,-1.661935,-27.363368,90.000000,
-19.828133,-1.661935,-27.363368,-67.064640,35.808915,-32.621153,-70.537737,-22.738074,-15.731395,-19.828133,-1.661935,-27.363368,90.000000,
-19.828133,-1.661935,-27.363368,14.749324,-27.186990,-33.994097,29.866251,20.610086,-18.479310,-19.828133,-1.661935,-27.363368,90.000000,
-19.828133,-1.661935,-27.363368,-67.064640,35.808915,-32.621153,-70.537737,-22.738074,-15.731395,-19.828133,-1.661935,-27.363368,90.000000,
-19.828133,-1.661935,-27.363368,14.749324,-27.186990,-33.994097,29.866251,20.610086,-18.479310,-19.828133,-1.661935,-27.363368,90.000000,
-19.828133,-1.661935,-27.363368,-67.064640,35.808915,-32.621153,-70.537737,-22.738074,-15.731395,-19.828133,-1.661935,-27.363368,90.000000,
-19.828133,-1.661935,-27.363368,14.749324,-27.186990,-33.994097,29.866251,20.610086,-18.479310,-19.828133,-1.661935,-27.363368,90.000000,
-19.828133,-1.661935,-27.363368,-67.064640,35.808915,-32.621153,-70.537737,-22.738074,-15.731395,-19.828133,-1.661935,-27.363368,90.000000,
-19.828133,-1.661935,-27.363368,14.749324,-27.186990,-33.994097,29.866251,20.610086,-18.479310,-19.828133,-1.661935,-27.363368,90.000000,
-19.828133,-1.661935,-27.363368,-67.064640,35.808915,-32.621153,-70.537737,-22.738074,-15.731395,-19.828133,-1.661935,-27.363368,90.000000,
-19.828133,-1.661935,-27.363368,14.749324,-27.186990,-33.994097,29.866251,20.610086,-18.479310,-19.828133,-1.661935,-27.363368,90.000000,
-19.828133,-1.661935,-27.363368,-67.064640,35.808915,-32.621153,-70.537737,-22.738074,-15.731395,-19.828133,-1.661935,-27.363368,90.000000,
-19.828133,-1.661935,-27.363368,14.749324,-27.186990,-33.994097,29.866251,20.610086,-18.479310,-19.828133,-1.661935,-27.363368,90.000000,
-19.828133,-1.661935,-27.363368,-67.064640,35.808915,-32.621153,-70.537737,-22.738074,-15.731395,-19.828133,-1.661935,-27.363368,90.000000,
-19.828133,-1.661935,-27.363368,14.749324,-27.186990,-33.994097,29.866251,20.610086,-18.479310,-19.828133,-1.661935,-27.363368,90.000000,
-19.828133,-1.661935,-27.363368,-67.064640,35.808915,-32.621153,-70.537737,-22.738074,-15.731395,-19.828133,-1.661935,-27.363368,90.000000,
-19.828133,-1.661935,-27.363368,14.749324,-27.186990,-33.994097,29.866251,20.610086,-18.479310,-19.828133,-1.661935,-27.363368,90.000000,
-19.828133,-1.661935,-27.363368,-67.064640,35.808915,-32.621153,-70.537737,-22.738074,-15.731395,-19.828133,-1.661935,-27.363368,90.000000,
-19.828133,-1.661935,-27.363368,14.749324,-27.186990,-33.994097,29.866251,20.610086,-18.479310,-19.828133,-1.661935,-27.363368,90.000000,
-19.828133,-1.661935,-27.363368,-67.064640,35.808915,-32.621153,-70.537737,-22.738074,-15.731395,-19.828133,-1.661935,-27.363368,90.000000,
-19.828133,-1.661935,-27.363368,14.749324,-27.186990,-33.994097,29.866251,20.610086,-18.479310,-19.828133,-1.661935,-27.363368,90.000000,
-19.828133,-1.661935,-27.363368,-67.064640,35.808915,-32.621153,-70.537737,-22.738074,-15.731395,-19.828133,-1.661935,-27.363368,90.000000,
-19.828133,-1.661935,-27.363368,14.749324,-27.186990,-33.994097,29.866251,20.610086,-18.479310,-19.828133,-1.661935,-27.363368,90.000000,
-19.828133,-1.661935,-27.363368,-67.064640,35.808915,-32.621153,-70.537737,-22.738074,-15.731395,-19.828133,-1.661935,-27.363368,90.000000,
-19.828133,-1.661935,-27.363368,14.749324,-27.186990,-33.994097,29.866251,20.610086,-18.479310,-19.828133,-1.661935,-27.363368,90.000000,
-19.828133,-1.661935,-27.363368,-67.064640,35.808915,-32.621153,-70.537737,-22.738074,-15.731395,-19.828133,-1.661935,-27.363368,90.000000,
-19.828133,-1.661935,-27.363368,14.749324,-27.186990,-33.994097,29.866251,20.610086,-18.479310,-19.828133,-1.661935,-27.363368,90.000000,
-19.828133,-1.661935,-27.363368,-67.064640,35.808915,-32.621153,-70.537737,-22.738074,-15.731395,-19.828133,-1.661935,-27.363368,90.000000,
-19.828133,-1.661935,-27.363368,14.749324,-27.186990,-33.994097,29.866251,20.610086,-18.479310,-19.828133,-1.661935,-27.363368,90.000000,
-19.828133,-1.661935,-27.363368,-67.064640,35.808915,-32.621153,-70.537737,-22.738074,-15.731395,-19.828133,-1.661935,-27.363368,90.000000,
-19.828133,-1.661935,-27.363368,14.749324,-27.186990,-33.994097,29.866251,20.610086,-18.479310,-19.828133,-1.661935,-27.363368,90.000000,
-19.828133,-1.661935,-27.363368,-67.064640,35.808915,-32.621153,-70.537737,-22.738074,-15.731395,-19.828133,-1.661935,-27.363368,90.000000,
-19.828133,-1.661935,-27.363368,14.749324,-27.186990,-33.994097,29.866251,20.610086,-18.479310,-19.828133,-1.661935,-27.363368,90.000000,
-19.828133,-1.661935,-27.363368,-67.064640,35.808915,-32.621153,-70.537737,-22.738074,-15.731395,-19.828133,-1.661935,-27.363368,90.000000,
-19.828133,-1.661935,-27.363368,14.749324,-27.186990,-33.994097,29.866251,20.610086,-18.479310,-19.828133,-1.661935,-27.363368,90.000000,
-19.828133,-1.661935,-27.363368,-67.064640,35.808915,-32.621153,-70.537737,-22.738074,-15.731395,-19.828133,-1.661935,-27.363368,90.000000,
-19.828133,-1.661935,-27.363368,14.749324,-27.186990,-33.994097,29.866251,20.610086,-18.479310,-19.828133,-1.661935,-27.363368,90.000000,
-19.828133,-1.661935,-27.363368,-67.064640,35.808915,-32.621153,-70.537737,-22.738074,-15.731395,-19.828133,-1.661935,-27.363368,90.000000,
-19.828133,-1.661935,-27.363368,14.749324,-27.186990,-33.994097,29.866251,20.610086,-18.479310,-19.828133,-1.661935,-27.363368,90.000000,
-19.828133,-1.661935,-27.363368,-67.064640,35.808915,-32.621153,-70.537737,-22.738074,-15.731395,-19.828133,-1.661935,-27.363368,90.000000,
-19.828133,-1.661935,-27.363368,14.749324,-27.186990,-33.994097,29.866251,20.610086,-18.479310,-19.828133,-1.661935,-27.363368,90.000000,
-19.828133,-1.661935,-27.363368,-67.064640,35.808915,-32.621153,-70.537737,-22.738074,-15.731395,-19.828133,-1.661935,-27.363368,90.000000,
-19.828133,-1.661935,-27.363368,14.749324,-27.186990,-33.994097,29.866251,20.610086,-18.479310,-19.828133,-1.661935,-27.363368,90.000000,
-19.828133,-1.661935,-27.363368,-67.064640,35.808915,-32.621153,-70.537737,-22.738074,-15.731395,-19.828133,-1.661935,-27.363368,90.000000,
-19.828133,-1.661935,-27.363368,14.749324,-27.186990,-33.994097,29.866251,20.610086,-18.479310,-19.828133,-1.661935,-27.363368,90.000000,
-19.828133,-1.661935,-27.363368,-67.064640,35.808915,-32.621153,-70.537737,-22.738074,-15.731395,-19.828133,-1.661935,-27.363368,90.000000,
-19.828133,-1.661935,-27.363368,14.749324,-27.186990,-33.994097,29.866251,20.610086,-18.479310,-19.828133,-1.661935,-27.363368,90.000000,
-19.828133,-1.661935,-27.363368,-67.064640,35.808915,-32.621153,-70.537737,-22.738074,-15.731395,-19.828133,-1.661935,-27.363368,90.000000,
-19.828133,-1.661935,-27.363368,14.749324,-27.186990,-33.994097,29.866251,20.610086,-18.479310,-19.828133,-1.661935,-27.363368,90.000000,
-19.828133,-1.661935,-27.363368,-67.064640,35.808915,-32.621153,-70.537737,-22.738074,-15.731395,-19.828133,-1.661935,-27.363368,90.000000,
-19.828133,-1.661935,-27.363368,14.749324,-27.186990,-33.994097,29.866251,20.610086,-18.479310,-19.828133,-1.661935,-27.363368,90.000000,
-19.828133,-1.661935,-27.363368,-67.064640,35.808915,-32.621153,-70.537737,-22.738074,-15.731395,-19.828133,-1.661935,-27.363368,90.000000,
-19.828133,-1.661935,-27.363368,14.749324,-27.186990,-33.994097,29.866251,20.610086,-18.479310,-19.828133,-1.661935,-27.363368,90.000000,
-19.828133,-1.661935,-27.363368,-67.064640,35.808915,-32.621153,-70.537737,-22.738074,-15.731395,-19.828133,-1.661935,-27.363368,90.000000,
-19.828133,-1.661935,-27.363368,14.749324,-27.186990,-33.994097,29.866251,20.610086,-18.479310,-19.828133,-1.661935,-27.363368,90.000000,
-19.828133,-1.661935,-27.363368,-67.064640,35.808915,-32.621153,-70.537737,-22.738074,-15.731395,-19.828133,-1.661935,-27.363368,90.000000,
-19.828133,-1.661935,-27.363368,14.749324,-27.186990,-33.994097,29.866251,20.610086,-18.479310,-19.828133,-1.661935,-27.363368,90.000000,
-19.828133,-1.661935,-27.363368,-67.064640,35.808915,-32.621153,-70.537737,-22.738074,-15.731395,-19.828133,-1.661935,-27.363368,90.000000,
-19.828133,-1.661935,-27.363368,14.749324,-27.186990,-33.994097,29.866251,20.610086,-18.479310,-19.828133,-1.661935,-27.363368,90.000000,
-19.828133,-1.661935,-27.363368,-67.064640,35.808915,-32.621153,-70.537737,-22.738074,-15.731395,-19.828133,-1.661935,-27.363368,90.000000,
-19.828133,-1.661935,-27.363368,14.749324,-27.186990,-33.994097,29.866251,20.610086,-18.479310,-19.828133,-1.661935,-27.363368,90.000000,
-19.828133,-1.661935,-27.363368,-67.064640,35.808915,-32.621153,-70.537737,-22.738074,-15.731395,-19.828133,-1.661935,-27.363368,90.000000,
-19.828133,-1.661935,-27.363368,14.749324,-27.186990,-33.994097,29.866251,20.610086,-18.479310,-19.828133,-1.661935,-27.363368,90.000000,
-19.828133,-1.661935,-27.363368,-67.064640,35.808915,-32.621153,-70.537737,-22.738074,-15.731395,-19.828133,-1.661935,-27.363368,90.000000,
-19.828133,-1.661935,-27.363368,14.749324,-27.186990,-33.994097,29.866251,20.610086,-18.479310,-19.828133,-1.661935,-27.363368,90.000000,
-19.828133,-1.661935,-27.363368,-67.064640,35.808915,-32.621153,-70.537737,-22.738074,-15.731395,-19.828133,-1.661935,-27.363368,90.000000,
-19.828133,-1.661935,-27.363368,14.749324,-27.186990,-33.994097,29.866251,20.610086,-18.479310,-19.828133,-1.661935,-27.363368,90.000000,
-19.828133,-1.661935,-27.363368,-67.064640,35.808915,-32.621153,-70.537737,-22.738074,-15.731395,-19.828133,-1.661935,-27.363368,90.000000,
-19.828133,-1.661935,-27.363368,14.749324,-27.186990,-33.994097,29.866251,20.610086,-18.479310,-19.828133,-1.661935,-27.363368,90.000000,
-19.828133,-1.661935,-27.363368,-67.064640,35.808915,-32.621153,-70.537737,-22.738074,-15.731395,-19.828133,-1.661935,-27.363368,90.000000,
-19.828133,-1.661935,-27.363368,14.749324,-27.186990,-33.994097,29.866251,20.610086,-18.479310,-19.828133,-1.661935,-27.363368,90.000000,
-19.828133,-1.661935,-27.363368,-67.064640,35.808915,-32.621153,-70.537737,-22.738074,-15.731395,-19.828133,-1.661935,-27.363368,90.000000,
-19.828133,-1.661935,-27.363368,14.749324,-27.186990,-33.994097,29.866251,20.610086,-18.479310,-19.828133,-1.661935,-27.363368,90.000000,
-19.828133,-1.661935,-27.363368,-67.064640,35.808915,-32.621153,-70.537737,-22.738074,-15.731395,-19.828133,-1.661935,-27.363368,90.000000,
-19.828133,-1.661935,-27.363368,14.749324,-27.186990,-33.994097,29.866251,20.610086,-18.479310,-19.828133,-1.661935,-27.363368,90.000000,
-19.828133,-1.661935,-27.363368,-67.064640,35.808915,-32.621153,-70.537737,-22.738074,-15.731395,-19.828133,-1.661935,-27.363368,90.000000,
-19.828133,-1.661935,-27.363368,14.749324,-27.186990,-33.994097,29.866251,20.610086,-18.479310,-19.828133,-1.661935,-27.363368,90.000000,
-19.828133,-1.661935,-27.363368,-67.064640,35.808915,-32.621153,-70.537737,-22.738074,-15.731395,-19.828133,-1.661935,-27.363368,90.000000,
-19.828133,-1.661935,-27.363368,14.749324,-27.186990,-33.994097,29.866251,20.610086,-18.479310,-19.828133,-1.661935,-27.363368,90.000000,
-19.828133,-1.661935,-27.363368,-67.064640,35.808915,-32.621153,-70.537737,-22.738074,-15.731395,-19.828133,-1.661935,-27.363368,90.000000,
-19.828133,-1.661935,-27.363368,14.749324,-27.186990,-33.994097,29.866251,20.610086,-18.479310,-19.828133,-1.661935,-27.363368,90.000000,
-19.828133,-1.661935,-27.363368,-67.064640,35.808915,-32.621153,-70.537737,-22.738074,-15.731395,-19.828133,-1.661935,-27.363368,90.000000,
-19.828133,-1.661935,-27.363368,14.749324,-27.186990,-33.994097,29.866251,20.610086,-18.479310,-19.828133,-1.661935,-27.363368,90.000000,
-19.828133,-1.661935,-27.363368,-67.064640,35.808915,-32.621153,-70.537737,-22.738074,-15.731395,-19.828133,-1.661935,-27.363368,90.000000,
-19.828133,-1.661935,-27.363368,14.749324,-27.186990,-33.994097,29.866251,20.610086,-18.479310,-19.828133,-1.661935,-27.363368,90.000000,
-19.828133,-1.661935,-27.363368,-67.064640,35.808915,-32.621153,-70.537737,-22.738074,-15.731395,-19.828133,-1.661935,-27.363368,90.000000,
-19.828133,-1.661935,-27.363368,14.749324,-27.186990,-33.994097,29.866251,20.610086,-18.479310,-19.828133,-1.661935,-27.363368,90.000000,
-19.828133,-1.661935,-27.363368,-67.064640,35.808915,-32.621153,-70.537737,-22.738074,-15.731395,-19.828133,-1.661935,-27.363368,90.000000,
-19.828133,-1.661935,-27.363368,14.749324,-27.186990,-33.994097,29.866251,20.610086,-18.479310,-19.828133,-1.661935,-27.363368,90.000000,
-19.828133,-1.661935,-27.363368,-67.064640,35.808915,-32.621153,-70.537737,-22.738074,-15.731395,-19.828133,-1.661935,-27.363368,90.000000,
-19.828133,-1.661935,-27.363368,14.749324,-27.186990,-33.994097,29.866251,20.610086,-18.479310,-19.828133,-1.661935,-27.363368,90.000000,
-19.828133,-1.661935,-27.363368,-67.064640,35.808915,-32.621153,-70.537737,-22.738074,-15.731395,-19.828133,-1.661935,-27.363368,90.000000,
-19.828133,-1.661935,-27.363368,14.749324,-27.186990,-33.994097,29.866251,20.610086,-18.479310,-19.828133,-1.661935,-27.363368,90.000000,
-19.828133,-1.661935,-27.363368,-67.064640,35.808915,-32.621153,-70.537737,-22.738074,-15.731395,-19.828133,-1.661935,-27.363368,90.000000,
-19.828133,-1.661935,-27.363368,14.749324,-27.186990,-33.994097,29.866251,20.610086,-18.479310,-19.828133,-1.661935,-27.363368,90.000000,
-19.828133,-1.661935,-27.363368,-67.064640,35.808915,-32.621153,-70.537737,-22.738074,-15.731395,-19.828133,-1.661935,-27.363368,90.000000,
-19.828133,-1.661935,-27.363368,14.749324,-27.186990,-33.994097,29.866251,20.610086,-18.479310,-19.828133,-1.661935,-27.363368,90.000000,
-19.828133,-1.661935,-27.363368,-67.064640,35.808915,-32.621153,-70.537737,-22.738074,-15.731395,-19.828133,-1.661935,-27.363368,90.000000,
-19.828133,-1.661935,-27.363368,14.749324,-27.186990,-33.994097,29.866251,20.610086,-18.479310,-19.828133,-1.661935,-27.363368,90.000000,
-19.828133,-1.661935,-27.363368,-67.064640,35.808915,-32.621153,-70.537737,-22.738074,-15.731395,-19.828133,-1.661935,-27.363368,90.000000,
-19.828133,-1.661935,-27.363368,14.749324,-27.186990,-33.994097,29.866251,20.610086,-18.479310,-19.828133,-1.661935,-27.363368,90.000000,
-19.828133,-1.661935,-27.363368,-67.064640,35.808915,-32.621153,-70.537737,-22.738074,-15.731395,-19.828133,-1.661935,-27.363368,90.000000,
-19.828133,-1.661935,-27.363368,14.749324,-27.186990,-33.994097,29.866251,20.610086,-18.479310,-19.828133,-1.661935,-27.363368,90.000000,
-19.828133,-1.661935,-27.363368,-67.064640,35.808915,-32.621153,-70.537737,-22.738074,-15.731395,-19.828133,-1.661935,-27.363368,90.000000,
-19.828133,-1.661935,-27.363368,14.749324,-27.186990,-33.994097,29.866251,20.610086,-18.479310,-19.828133,-1.661935,-27.363368,90.000000,
-19.828133,-1.661935,-27.363368,-67.064640,35.808915,-32.621153,-70.537737,-22.738074,-15.731395,-19.828133,-1.661935,-27.363368,90.000000,
-19.828133,-1.661935,-27.363368,14.749324,-27.186990,-33.994097,29.866251,20.610086,-18.479310,-19.828133,-1.661935,-27.363368,90.000000,
-19.828133,-1.661935,-27.363368,-67.064640,35.808915,-32.621153,-70.537737,-22.738074,-15.731395,-19.828133,-1.661935,-27.363368,90.000000,
-19.828133,-1.661935,-27.363368,14.749324,-27.186990,-33.994097,29.866251,20.610086,-18.479310,-19.828133,-1.661935,-27.363368,90.000000,
-19.828133,-1.661935,-27.363368,-67.064640,35.808915,-32.621153,-70.537737,-22.738074,-15.731395,-19.828133,-1.661935,-27.363368,90.000000,
-19.828133,-1.661935,-27.363368,14.749324,-27.186990,-33.994097,29.866251,20.610086,-18.479310,-19.828133,-1.661935,-27.363368,90.000000,
-19.828133,-1.661935,-27.363368,-67.064640,35.808915,-32.621153,-70.537737,-22.738074,-15.731395,-19.828133,-1.661935,-27.363368,90.000000,
-19.828133,-1.661935,-27.363368,14.749324,-27.186990,-33.994097,29.866251,20.610086,-18.479310,-19.828133,-1.661935,-27.363368,90.000000,
-19.828133,-1.661935,-27.363368,-67.064640,35.808915,-32.621153,-70.537737,-22.738074,-15.731395,-19.828133,-1.661935,-27.363368,90.000000,
-19.828133,-1.661935,-27.363368,14.749324,-27.186990,-33.994097,29.866251,20.610086,-18.479310,-19.828133,-1.661935,-27.363368,90.000000,
-19.828133,-1.661935,-27.363368,-67.064640,35.808915,-32.621153,-70.537737,-22.738074,-15.731395,-19.828133,-1.661935,-27.363368,90.000000,
-19.828133,-1.661935,-27.363368,14.749324,-27.186990,-33.994097,29.866251,20.610086,-18.479310,-19.828133,-1.661935,-27.363368,90.000000,
-19.828133,-1.661935,-27.363368,-67.064640,35.808915,-32.621153,-70.537737,-22.738074,-15.731395,-19.828133,-1.661935,-27.363368,90.000000,
-19.828133,-1.661935,-27.363368,14.749324,-27.186990,-33.994097,29.866251,20.610086,-18.479310,-19.828133,-1.661935,-27.363368,90.000000,
-19.828133,-1.661935,-27.363368,-67.064640,35.808915,-32.621153,-70.537737,-22.738074,-15.731395,-19.828133,-1.661935,-27.363368,90.000000,
-19.828133,-1.661935,-27.363368,14.749324,-27.186990,-33.994097,29.866251,20.610086,-18.479310,-19.828133,-1.661935,-27.363368,90.000000,
-19.828133,-1.661935,-27.363368,-67.064640,35.808915,-32.621153,-70.537737,-22.738074,-15.731395,-19.828133,-1.661935,-27.363368,90.000000,
-19.828133,-1.661935,-27.363368,14.749324,-27.186990,-33.994097,29.866251,20.610086,-18.479310,-19.828133,-1.661935,-27.363368,90.000000,
-19.828133,-1.661935,-27.363368,-67.064640,35.808915,-32.621153,-70.537737,-22.738074,-15.731395,-19.828133,-1.661935,-27.363368,90.000000,
-19.828133,-1.661935,-27.363368,14.749324,-27.186990,-33.994097,29.866251,20.610086,-18.479310,-19.828133,-1.661935,-27.363368,90.000000,
-19.828133,-1.661935,-27.363368,-67.064640,35.808915,-32.621153,-70.537737,-22.738074,-15.731395,-19.828133,-1.661935,-27.363368,90.000000,
-19.828133,-1.661935,-27.363368,14.749324,-27.186990,-33.994097,29.866251,20.610086,-18.479310,-19.828133,-1.661935,-27.363368,90.000000,
-19.828133,-1.661935,-27.363368,-67.064640,35.808915,-32.621153,-70.537737,-22.738074,-15.731395,-19.828133,-1.661935,-27.363368,90.000000,
-19.828133,-1.661935,-27.363368,14.749324,-27.186990,-33.994097,29.866251,20.610086,-18.479310,-19.828133,-1.661935,-27.363368,90.000000,
-19.828133,-1.661935,-27.363368,-67.064640,35.808915,-32.621153,-70.537737,-22.738074,-15.731395,-19.828133,-1.661935,-27.363368,90.000000,
-19.828133,-1.661935,-27.363368,14.749324,-27.186990,-33.994097,29.866251,20.610086,-18.479310,-19.828133,-1.661935,-27.363368,90.000000,
-19.828133,-1.661935,-27.363368,-67.064640,35.808915,-32.621153,-70.537737,-22.738074,-15.731395,-19.828133,-1.661935,-27.363368,90.000000,
-19.828133,-1.661935,-27.363368,14.749324,-27.186990,-33.994097,29.866251,20.610086,-18.479310,-19.828133,-1.661935,-27.363368,90.000000,
-19.828133,-1.661935,-27.363368,-67.064640,35.808915,-32.621153,-70.537737,-22.738074,-15.731395,-19.828133,-1.661935,-27.363368,90.000000,
-19.828133,-1.661935,-27.363368,14.749324,-27.186990,-33.994097,29.866251,20.610086,-18.479310,-19.828133,-1.661935,-27.363368,90.000000,
-19.828133,-1.661935,-27.363368,-67.064640,35.808915,-32.621153,-70.537737,-22.738074,-15.731395,-19.828133,-1.661935,-27.363368,90.000000,
-19.828133,-1.661935,-27.363368,14.749324,-27.186990,-33.994097,29.866251,20.610086,-18.479310,-19.828133,-1.661935,-27.363368,90.000000,
-19.828133,-1.661935,-27.363368,-67.064640,35.808915,-32.621153,-70.537737,-22.738074,-15.731395,-19.828133,-1.661935,-27.363368,90.000000,
-19.828133,-1.661935,-27.363368,14.749324,-27.186990,-33.994097,29.866251,20.610086,-18.479310,-19.828133,-1.661935,-27.363368,90.000000,
-19.828133,-1.661935,-27.363368,-67.064640,35.808915,-32.621153,-70.537737,-22.738074,-15.731395,-19.828133,-1.661935,-27.363368,90.000000,
-19.828133,-1.661935,-27.363368,14.749324,-27.186990,-33.994097,29.866251,20.610086,-18.479310,-19.828133,-1.661935,-27.363368,90.000000,
-19.828133,-1.661935,-27.363368,-67.064640,35.808915,-32.621153,-70.537737,-22.738074,-15.731395,-19.828133,-1.661935,-27.363368,90.000000,
-19.828133,-1.661935,-27.363368,14.749324,-27.186990,-33.994097,29.866251,20.610086,-18.479310,-19.828133,-1.661935,-27.363368,90.000000,
-19.828133,-1.661935,-27.363368,-67.064640,35.808915,-32.621153,-70.537737,-22.738074,-15.731395,-19.828133,-1.661935,-27.363368,90.000000,
-19.828133,-1.661935,-27.363368,14.749324,-27.186990,-33.994097,29.866251,20.610086,-18.479310,-19.828133,-1.661935,-27.363368,90.000000,
-19.828133,-1.661935,-27.363368,-67.064640,35.808915,-32.621153,-70.537737,-22.738074,-15.731395,-19.828133,-1.661935,-27.363368,90.000000,
-19.828133,-1.661935,-27.363368,14.749324,-27.186990,-33.994097,29.866251,20.610086,-18.479310,-19.828133,-1.661935,-27.363368,90.000000,
-19.828133,-1.661935,-27.363368,-67.064640,35.808915,-32.621153,-70.537737,-22.738074,-15.731395,-19.828133,-1.661935,-27.363368,90.000000,
-19.828133,-1.661935,-27.363368,14.749324,-27.186990,-33.994097,29.866251,20.610086,-18.479310,-19.828133,-1.661935,-27.363368,90.000000,
-19.828133,-1.661935,-27.363368,-67.064640,35.808915,-32.621153,-70.537737,-22.738074,-15.731395,-19.828133,-1.661935,-27.363368,90.000000,
-19.828133,-1.661935,-27.363368,14.749324,-27.186990,-33.994097,29.866251,20.610086,-18.479310,-19.828133,-1.661935,-27.363368,90.000000,
-19.828133,-1.661935,-27.363368,-67.064640,35.808915,-32.621153,-70.537737,-22.738074,-15.731395,-19.828133,-1.661935,-27.363368,90.000000,
-19.828133,-1.661935,-27.363368,14.749324,-27.186990,-33.994097,29.866251,20.610086,-18.479310,-19.828133,-1.661935,-27.363368,90.000000,
-19.828133,-1.661935,-27.363368,-67.064640,35.808915,-32.621153,-70.537737,-22.738074,-15.731395,-19.828133,-1.661935,-27.363368,90.000000,
-19.828133,-1.661935,-27.363368,14.749324,-27.186990,-33.994097,29.866251,20.610086,-18.479310,-19.828133,-1.661935,-27.363368,90.000000,
-19.828133,-1.661935,-27.363368,-67.064640,35.808915,-32.621153,-70.537737,-22.738074,-15.731395,-19.828133,-1.661935,-27.363368,90.000000,
-19.828133,-1.661935,-27.363368,14.749324,-27.186990,-33.994097,29.866251,20.610086,-18.479310,-19.828133,-1.661935,-27.363368,90.000000,
-19.828133,-1.661935,-27.363368,-67.064640,35.808915,-32.621153,-70.537737,-22.738074,-15.731395,-19.828133,-1.661935,-27.363368,90.000000,
-19.828133,-1.661935,-27.363368,14.749324,-27.186990,-33.994097,29.866251,20.610086,-18.479310,-19.828133,-1.661935,-27.363368,90.000000,
-19.828133,-1.661935,-27.363368,-67.064640,35.808915,-32.621153,-70.537737,-22.738074,-15.731395,-19.828133,-1.661935,-27.363368,90.000000,
-19.828133,-1.661935,-27.363368,14.749324,-27.186990,-33.994097,29.866251,20.610086,-18.479310,-19.828133,-1.661935,-27.363368,90.000000,
-19.828133,-1.661935,-27.363368,-67.064640,35.808915,-32.621153,-70.537737,-22.738074,-15.731395,-19.828133,-1.661935,-27.363368,90.000000,
-19.828133,-1.661935,-27.363368,14.749324,-27.186990,-33.994097,29.866251,20.610086,-18.479310,-19.828133,-1.661935,-27.363368,90.000000,
-19.828133,-1.661935,-27.363368,-67.064640,35.808915,-32.621153,-70.537737,-22.738074,-15.731395,-19.828133,-1.661935,-27.363368,90.000000,
-19.828133,-1.661935,-27.363368,14.749324,-27.186990,-33.994097,29.866251,20.610086,-18.479310,-19.828133,-1.661935,-27.363368,90.000000,
-19.828133,-1.661935,-27.363368,-67.064640,35.808915,-32.621153,-70.537737,-22.738074,-15.731395,-19.828133,-1.661935,-27.363368,90.000000,
-19.828133,-1.661935,-27.363368,14.749324,-27.186990,-33.994097,29.866251,20.610086,-18.479310,-19.828133,-1.661935,-27.363368,90.000000,
-19.828133,-1.661935,-27.363368,-67.064640,35.808915,-32.621153,-70.537737,-22.738074,-15.731395,-19.828133,-1.661935,-27.363368,90.000000,
-19.828133,-1.661935,-27.363368,14.749324,-27.186990,-33.994097,29.866251,20.610086,-18.479310,-19.828133,-1.661935,-27.363368,90.000000,
-19.828133,-1.661935,-27.363368,-67.064640,35.808915,-32.621153,-70.537737,-22.738074,-15.731395,-19.828133,-1.661935,-27.363368,90.000000,
-19.828133,-1.661935,-27.363368,14.749324,-27.186990,-33.994097,29.866251,20.610086,-18.479310,-19.828133,-1.661935,-27.363368,90.000000,
-19.828133,-1.661935,-27.363368,-67.064640,35.808915,-32.621153,-70.537737,-22.738074,-15.731395,-19.828133,-1.661935,-27.363368,90.000000,
-19.828133,-1.661935,-27.363368,14.749324,-27.186990,-33.994097,29.866251,20.610086,-18.479310,-19.828133,-1.661935,-27.363368,90.000000,
-19.828133,-1.661935,-27.363368,-67.064640,35.808915,-32.621153,-70.537737,-22.738074,-15.731395,-19.828133,-1.661935,-27.363368,90.000000,
-19.828133,-1.661935,-27.363368,14.749324,-27.186990,-33.994097,29.866251,20.610086,-18.479310,-19.828133,-1.661935,-27.363368,90.000000,
-19.828133,-1.661935,-27.363368,-67.064640,35.808915,-32.621153,-70.537737,-22.738074,-15.731395,-19.828133,-1.661935,-27.363368,90.000000,
-19.828133,-1.661935,-27.363368,14.749324,-27.186990,-33.994097,29.866251,20.610086,-18.479310,-19.828133,-1.661935,-27.363368,90.000000,
-19.828133,-1.661935,-27.363368,-67.064640,35.808915,-32.621153,-70.537737,-22.738074,-15.731395,-19.828133,-1.661935,-27.363368,90.000000,
-19.828133,-1.661935,-27.363368,14.749324,-27.186990,-33.994097,29.866251,20.610086,-18.479310,-19.828133,-1.661935,-27.363368,90.000000,
-19.828133,-1.661935,-27.363368,-67.064640,35.808915,-32.621153,-70.537737,-22.738074,-15.731395,-19.828133,-1.661935,-27.363368,90.000000,
-19.828133,-1.661935,-27.363368,14.749324,-27.186990,-33.994097,29.866251,20.610086,-18.479310,-19.828133,-1.661935,-27.363368,90.000000,
-19.828133,-1.661935,-27.363368,-67.064640,35.808915,-32.621153,-70.537737,-22.738074,-15.731395,-19.828133,-1.661935,-27.363368,90.000000,
-19.828133,-1.661935,-27.363368,14.749324,-27.186990,-33.994097,29.866251,20.610086,-18.479310,-19.828133,-1.661935,-27.363368,90.000000,
-19.828133,-1.661935,-27.363368,-67.064640,35.808915,-32.621153,-70.537737,-22.738074,-15.731395,-19.828133,-1.661935,-27.363368,90.000000,
-19.828133,-1.661935,-27.363368,14.749324,-27.186990,-33.994097,29.866251,20.610086,-18.479310,-19.828133,-1.661935,-27.363368,90.000000,
-19.828133,-1.661935,-27.363368,-67.064640,35.808915,-32.621153,-70.537737,-22.738074,-15.731395,-19.828133,-1.661935,-27.363368,90.000000,
-19.828133,-1.661935,-27.363368,14.749324,-27.186990,-33.994097,29.866251,20.610086,-18.479310,-19.828133,-1.661935,-27.363368,90.000000,
-19.828133,-1.661935,-27.363368,-67.064640,35.808915,-32.621153,-70.537737,-22.738074,-15.731395,-19.828133,-1.661935,-27.363368,90.000000,
-19.828133,-1.661935,-27.363368,14.749324,-27.186990,-33.994097,29.866251,20.610086,-18.479310,-19.828133,-1.661935,-27.363368,90.000000,
-19.828133,-1.661935,-27.363368,-67.064640,35.808915,-32.621153,-70.537737,-22.738074,-15.731395,-19.828133,-1.661935,-27.363368,90.000000,
-19.828133,-1.661935,-27.363368,14.749324,-27.186990,-33.994097,29.866251,20.610086,-18.479310,-19.828133,-1.661935,-27.363368,90.000000,
-19.828133,-1.661935,-27.363368,-67.064640,35.808915,-32.621153,-70.537737,-22.738074,-15.731395,-19.828133,-1.661935,-27.363368,90.000000,
-19.828133,-1.661935,-27.363368,14.749324,-27.186990,-33.994097,29.866251,20.610086,-18.479310,-19.828133,-1.661935,-27.363368,90.000000,
-19.828133,-1.661935,-27.363368,-67.064640,35.808915,-32.621153,-70.537737,-22.738074,-15.731395,-19.828133,-1.661935,-27.363368,90.000000,
-19.828133,-1.661935,-27.363368,14.749324,-27.186990,-33.994097,29.866251,20.610086,-18.479310,-19.828133,-1.661935,-27.363368,90.000000,
-19.828133,-1.661935,-27.363368,-67.064640,35.808915,-32.621153,-70.537737,-22.738074,-15.731395,-19.828133,-1.661935,-27.363368,90.000000,
-19.828133,-1.661935,-27.363368,14.749324,-27.186990,-33.994097,29.866251,20.610086,-18.479310,-19.828133,-1.661935,-27.363368,90.000000,
-19.828133,-1.661935,-27.363368,-67.064640,35.808915,-32.621153,-70.537737,-22.738074,-15.731395,-19.828133,-1.661935,-27.363368,90.000000,
-19.828133,-1.661935,-27.363368,14.749324,-27.186990,-33.994097,29.866251,20.610086,-18.479310,-19.828133,-1.661935,-27.363368,90.000000,
-19.828133,-1.661935,-27.363368,-67.064640,35.808915,-32.621153,-70.537737,-22.738074,-15.731395,-19.828133,-1.661935,-27.363368,90.000000,
-19.828133,-1.661935,-27.363368,14.749324,-27.186990,-33.994097,29.866251,20.610086,-18.479310,-19.828133,-1.661935,-27.363368,90.000000,
-19.828133,-1.661935,-27.363368,-67.064640,35.808915,-32.621153,-70.537737,-22.738074,-15.731395,-19.828133,-1.661935,-27.363368,90.000000,
-19.828133,-1.661935,-27.363368,14.749324,-27.186990,-33.994097,29.866251,20.610086,-18.479310,-19.828133,-1.661935,-27.363368,90.000000,
-19.828133,-1.661935,-27.363368,-67.064640,35.808915,-32.621153,-70.537737,-22.738074,-15.731395,-19.828133,-1.661935,-27.363368,90.000000,
-19.828133,-1.661935,-27.363368,14.749324,-27.186990,-33.994097,29.866251,20.610086,-18.479310,-19.828133,-1.661935,-27.363368,90.000000,
-19.828133,-1.661935,-27.363368,-67.064640,35.808915,-32.621153,-70.537737,-22.738074,-15.731395,-19.828133,-1.661935,-27.363368,90.000000,
-19.828133,-1.661935,-27.363368,14.749324,-27.186990,-33.994097,29.866251,20.610086,-18.479310,-19.828133,-1.661935,-27.363368,90.000000,
-19.828133,-1.661935,-27.363368,-67.064640,35.808915,-32.621153,-70.537737,-22.738074,-15.731395,-19.828133,-1.661935,-27.363368,90.000000,
-19.828133,-1.661935,-27.363368,14.749324,-27.186990,-33.994097,29.866251,20.610086,-18.479310,-19.828133,-1.661935,-27.363368,90.000000,
-19.828133,-1.661935,-27.363368,-67.064640,35.808915,-32.621153,-70.537737,-22.738074,-15.731395,-19.828133,-1.661935,-27.363368,90.000000,
-19.828133,-1.661935,-27.363368,14.749324,-27.186990,-33.994097,29.866251,20.610086,-18.479310,-19.828133,-1.661935,-27.363368,90.000000,
-19.828133,-1.661935,-27.363368,-67.064640,35.808915,-32.621153,-70.537737,-22.738074,-15.731395,-19.828133,-1.661935,-27.363368,90.000000,
-19.828133,-1.661935,-27.363368,14.749324,-27.186990,-33.994097,29.866251,20.610086,-18.479310,-19.828133,-1.661935,-27.363368,90.000000,
-19.828133,-1.661935,-27.363368,-67.064640,35.808915,-32.621153,-70.537737,-22.738074,-15.731395,-19.828133,-1.661935,-27.363368,90.000000,
-19.828133,-1.661935,-27.363368,14.749324,-27.186990,-33.994097,29.866251,20.610086,-18.479310,-19.828133,-1.661935,-27.363368,90.000000,
-19.828133,-1.661935,-27.363368,-67.064640,35.808915,-32.621153,-70.537737,-22.738074,-15.731395,-19.828133,-1.661935,-27.363368,90.000000,
-19.828133,-1.661935,-27.363368,14.749324,-27.186990,-33.994097,29.866251,20.610086,-18.479310,-19.828133,-1.661935,-27.363368,90.000000,
-19.828133,-1.661935,-27.363368,-67.064640,35.808915,-32.621153,-70.537737,-22.738074,-15.731395,-19.828133,-1.661935,-27.363368,90.000000,
-19.828133,-1.661935,-27.363368,14.749324,-27.186990,-33.994097,29.866251,20.610086,-18.479310,-19.828133,-1.661935,-27.363368,90.000000,
-19.828133,-1.661935,-27.363368,-67.064640,35.808915,-32.621153,-70.537737,-22.738074,-15.731395,-19.828133,-1.661935,-27.363368,90.000000,
-19.828133,-1.661935,-27.363368,14.749324,-27.186990,-33.994097,29.866251,20.610086,-18.479310,-19.828133,-1.661935,-27.363368,90.000000,
-19.828133,-1.661935,-27.363368,-67.064640,35.808915,-32.621153,-70.537737,-22.738074,-15.731395,-19.828133,-1.661935,-27.363368,90.000000,
-19.828133,-1.661935,-27.363368,14.749324,-27.186990,-33.994097,29.866251,20.610086,-18.479310,-19.828133,-1.661935,-27.363368,90.000000,
-19.828133,-1.661935,-27.363368,-67.064640,35.808915,-32.621153,-70.537737,-22.738074,-15.731395,-19.828133,-1.661935,-27.363368,90.000000,
-19.828133,-1.661935,-27.363368,14.749324,-27.186990,-33.994097,29.866251,20.610086,-18.479310,-19.828133,-1.661935,-27.363368,90.000000,
-19.828133,-1.661935,-27.363368,-67.064640,35.808915,-32.621153,-70.537737,-22.738074,-15.731395,-19.828133,-1.661935,-27.363368,90.000000,
-19.828133,-1.661935,-27.363368,14.749324,-27.186990,-33.994097,29.866251,20.610086,-18.479310,-19.828133,-1.661935,-27.363368,90.000000,
-19.828133,-1.661935,-27.363368,-67.064640,35.808915,-32.621153,-70.537737,-22.738074,-15.731395,-19.828133,-1.661935,-27.363368,90.000000,
-19.828133,-1.661935,-27.363368,14.749324,-27.186990,-33.994097,29.866251,20.610086,-18.479310,-19.828133,-1.661935,-27.363368,90.000000,
-19.828133,-1.661935,-27.363368,-67.064640,35.808915,-32.621153,-70.537737,-22.738074,-15.731395,-19.828133,-1.661935,-27.363368,90.000000,
-19.828133,-1.661935,-27.363368,14.749324,-27.186990,-33.994097,29.866251,20.610086,-18.479310,-19.828133,-1.661935,-27.363368,90.000000,
-19.828133,-1.661935,-27.363368,-67.064640,35.808915,-32.621153,-70.537737,-22.738074,-15.731395,-19.828133,-1.661935,-27.363368,90.000000,
-19.828133,-1.661935,-27.363368,14.749324,-27.186990,-33.994097,29.866251,20.610086,-18.479310,-19.828133,-1.661935,-27.363368,90.000000,
-19.828133,-1.661935,-27.363368,-67.064640,35.808915,-32.621153,-70.537737,-22.738074,-15.731395,-19.828133,-1.661935,-27.363368,90.000000,
-19.828133,-1.661935,-27.363368,14.749324,-27.186990,-33.994097,29.866251,20.610086,-18.479310,-19.828133,-1.661935,-27.363368,90.000000,
-19.828133,-1.661935,-27.363368,-67.064640,35.808915,-32.621153,-70.537737,-22.738074,-15.731395,-19.828133,-1.661935,-27.363368,90.000000,
-19.828133,-1.661935,-27.363368,14.749324,-27.186990,-33.994097,29.866251,20.610086,-18.479310,-19.828133,-1.661935,-27.363368,90.000000,
-19.828133,-1.661935,-27.363368,-67.064640,35.808915,-32.621153,-70.537737,-22.738074,-15.731395,-19.828133,-1.661935,-27.363368,90.000000,
-19.828133,-1.661935,-27.363368,14.749324,-27.186990,-33.994097,29.866251,20.610086,-18.479310,-19.828133,-1.661935,-27.363368,90.000000,
-19.828133,-1.661935,-27.363368,-67.064640,35.808915,-32.621153,-70.537737,-22.738074,-15.731395,-19.828133,-1.661935,-27.363368,90.000000,
-19.828133,-1.661935,-27.363368,14.749324,-27.186990,-33.994097,29.866251,20.610086,-18.479310,-19.828133,-1.661935,-27.363368,90.000000,
-19.828133,-1.661935,-27.363368,-67.064640,35.808915,-32.621153,-70.537737,-22.738074,-15.731395,-19.828133,-1.661935,-27.363368,90.000000,
-19.828133,-1.661935,-27.363368,14.749324,-27.186990,-33.994097,29.866251,20.610086,-18.479310,-19.828133,-1.661935,-27.363368,90.000000,
-19.828133,-1.661935,-27.363368,-67.064640,35.808915,-32.621153,-70.537737,-22.738074,-15.731395,-19.828133,-1.661935,-27.363368,90.000000,
-19.828133,-1.661935,-27.363368,14.749324,-27.186990,-33.994097,29.866251,20.610086,-18.479310,-19.828133,-1.661935,-27.363368,90.000000,
-19.828133,-1.661935,-27.363368,-67.064640,35.808915,-32.621153,-70.537737,-22.738074,-15.731395,-19.828133,-1.661935,-27.363368,90.000000,
-19.828133,-1.661935,-27.363368,14.749324,-27.186990,-33.994097,29.866251,20.610086,-18.479310,-19.828133,-1.661935,-27.363368,90.000000,
-19.828133,-1.661935,-27.363368,-67.064640,35.808915,-32.621153,-70.537737,-22.738074,-15.731395,-19.828133,-1.661935,-27.363368,90.000000,
-19.828133,-1.661935,-27.363368,14.749324,-27.186990,-33.994097,29.866251,20.610086,-18.479310,-19.828133,-1.661935,-27.363368,90.000000,
-19.828133,-1.661935,-27.363368,-67.064640,35.808915,-32.621153,-70.537737,-22.738074,-15.731395,-19.828133,-1.661935,-27.363368,90.000000,
-19.828133,-1.661935,-27.363368,14.749324,-27.186990,-33.994097,29.866251,20.610086,-18.479310,-19.828133,-1.661935,-27.363368,90.000000,
-19.828133,-1.661935,-27.363368,-67.064640,35.808915,-32.621153,-70.537737,-22.738074,-15.731395,-19.828133,-1.661935,-27.363368,90.000000,
-19.828133,-1.661935,-27.363368,14.749324,-27.186990,-33.994097,29.866251,20.610086,-18.479310,-19.828133,-1.661935,-27.363368,90.000000,
-19.828133,-1.661935,-27.363368,-67.064640,35.808915,-32.621153,-70.537737,-22.738074,-15.731395,-19.828133,-1.661935,-27.363368,90.000000,
-19.828133,-1.661935,-27.363368,14.749324,-27.186990,-33.994097,29.866251,20.610086,-18.479310,-19.828133,-1.661935,-27.363368,90.000000,
-19.828133,-1.661935,-27.363368,-67.064640,35.808915,-32.621153,-70.537737,-22.738074,-15.731395,-19.828133,-1.661935,-27.363368,90.000000,
-19.828133,-1.661935,-27.363368,14.749324,-27.186990,-33.994097,29.866251,20.610086,-18.479310,-19.828133,-1.661935,-27.363368,90.000000,
-19.828133,-1.661935,-27.363368,-67.064640,35.808915,-32.621153,-70.537737,-22.738074,-15.731395,-19.828133,-1.661935,-27.363368,90.000000,
-19.828133,-1.661935,-27.363368,14.749324,-27.186990,-33.994097,29.866251,20.610086,-18.479310,-19.828133,-1.661935,-27.363368,90.000000,
-19.828133,-1.661935,-27.363368,-67.064640,35.808915,-32.621153,-70.537737,-22.738074,-15.731395,-19.828133,-1.661935,-27.363368,90.000000,
-19.828133,-1.661935,-27.363368,14.749324,-27.186990,-33.994097,29.866251,20.610086,-18.479310,-19.828133,-1.661935,-27.363368,90.000000,
-19.828133,-1.661935,-27.363368,-67.064640,35.808915,-32.621153,-70.537737,-22.738074,-15.731395,-19.828133,-1.661935,-27.363368,90.000000,
-19.828133,-1.661935,-27.363368,14.749324,-27.186990,-33.994097,29.866251,20.610086,-18.479310,-19.828133,-1.661935,-27.363368,90.000000,
-19.828133,-1.661935,-27.363368,-67.064640,35.808915,-32.621153,-70.537737,-22.738074,-15.731395,-19.828133,-1.661935,-27.363368,90.000000,
-19.828133,-1.661935,-27.363368,14.749324,-27.186990,-33.994097,29.866251,20.610086,-18.479310,-19.828133,-1.661935,-27.363368,90.000000,
-19.828133,-1.661935,-27.363368,-67.064640,35.808915,-32.621153,-70.537737,-22.738074,-15.731395,-19.828133,-1.661935,-27.363368,90.000000,
-19.828133,-1.661935,-27.363368,14.749324,-27.186990,-33.994097,29.866251,20.610086,-18.479310,-19.828133,-1.661935,-27.363368,90.000000,
-19.828133,-1.661935,-27.363368,-67.064640,35.808915,-32.621153,-70.537737,-22.738074,-15.731395,-19.828133,-1.661935,-27.363368,90.000000,
-19.828133,-1.661935,-27.363368,14.749324,-27.186990,-33.994097,29.866251,20.610086,-18.479310,-19.828133,-1.661935,-27.363368,90.000000,
-19.828133,-1.661935,-27.363368,-67.064640,35.808915,-32.621153,-70.537737,-22.738074,-15.731395,-19.828133,-1.661935,-27.363368,90.000000,
-19.828133,-1.661935,-27.363368,14.749324,-27.186990,-33.994097,29.866251,20.610086,-18.479310,-19.828133,-1.661935,-27.363368,90.000000,
-19.828133,-1.661935,-27.363368,-67.064640,35.808915,-32.621153,-70.537737,-22.738074,-15.731395,-19.828133,-1.661935,-27.363368,90.000000,
-19.828133,-1.661935,-27.363368,14.749324,-27.186990,-33.994097,29.866251,20.610086,-18.479310,-19.828133,-1.661935,-27.363368,90.000000,
-19.828133,-1.661935,-27.363368,-67.064640,35.808915,-32.621153,-70.537737,-22.738074,-15.731395,-19.828133,-1.661935,-27.363368,90.000000,
-19.828133,-1.661935,-27.363368,14.749324,-27.186990,-33.994097,29.866251,20.610086,-18.479310,-19.828133,-1.661935,-27.363368,90.000000,
-19.828133,-1.661935,-27.363368,-67.064640,35.808915,-32.621153,-70.537737,-22.738074,-15.731395,-19.828133,-1.661935,-27.363368,90.000000,
-19.828133,-1.661935,-27.363368,14.749324,-27.186990,-33.994097,29.866251,20.610086,-18.479310,-19.828133,-1.661935,-27.363368,90.000000,
-19.828133,-1.661935,-27.363368,-67.064640,35.808915,-32.621153,-70.537737,-22.738074,-15.731395,-19.828133,-1.661935,-27.363368,90.000000,
-19.828133,-1.661935,-27.363368,14.749324,-27.186990,-33.994097,29.866251,20.610086,-18.479310,-19.828133,-1.661935,-27.363368,90.000000,
-19.828133,-1.661935,-27.363368,-67.064640,35.808915,-32.621153,-70.537737,-22.738074,-15.731395,-19.828133,-1.661935,-27.363368,90.000000,
-19.828133,-1.661935,-27.363368,14.749324,-27.186990,-33.994097,29.866251,20.610086,-18.479310,-19.828133,-1.661935,-27.363368,90.000000,
-19.828133,-1.661935,-27.363368,-67.064640,35.808915,-32.621153,-70.537737,-22.738074,-15.731395,-19.828133,-1.661935,-27.363368,90.000000,
-19.828133,-1.661935,-27.363368,14.749324,-27.186990,-33.994097,29.866251,20.610086,-18.479310,-19.828133,-1.661935,-27.363368,90.000000,
-19.828133,-1.661935,-27.363368,-67.064640,35.808915,-32.621153,-70.537737,-22.738074,-15.731395,-19.828133,-1.661935,-27.363368,90.000000,
-19.828133,-1.661935,-27.363368,14.749324,-27.186990,-33.994097,29.866251,20.610086,-18.479310,-19.828133,-1.661935,-27.363368,90.000000,
-19.828133,-1.661935,-27.363368,-67.064640,35.808915,-32.621153,-70.537737,-22.738074,-15.731395,-19.828133,-1.661935,-27.363368,90.000000,
-19.828133,-1.661935,-27.363368,14.749324,-27.186990,-33.994097,29.866251,20.610086,-18.479310,-19.828133,-1.661935,-27.363368,90.000000,
-19.828133,-1.661935,-27.363368,-67.064640,35.808915,-32.621153,-70.537737,-22.738074,-15.731395,-19.828133,-1.661935,-27.363368,90.000000,
-19.828133,-1.661935,-27.363368,14.749324,-27.186990,-33.994097,29.866251,20.610086,-18.479310,-19.828133,-1.661935,-27.363368,90.000000,
-19.828133,-1.661935,-27.363368,-67.064640,35.808915,-32.621153,-70.537737,-22.738074,-15.731395,-19.828133,-1.661935,-27.363368,90.000000,
-19.828133,-1.661935,-27.363368,14.749324,-27.186990,-33.994097,29.866251,20.610086,-18.479310,-19.828133,-1.661935,-27.363368,90.000000,
-19.828133,-1.661935,-27.363368,-67.064640,35.808915,-32.621153,-70.537737,-22.738074,-15.731395,-19.828133,-1.661935,-27.363368,90.000000,
-19.828133,-1.661935,-27.363368,14.749324,-27.186990,-33.994097,29.866251,20.610086,-18.479310,-19.828133,-1.661935,-27.363368,90.000000,
-19.828133,-1.661935,-27.363368,-67.064640,35.808915,-32.621153,-70.537737,-22.738074,-15.731395,-19.828133,-1.661935,-27.363368,90.000000,
-19.828133,-1.661935,-27.363368,14.749324,-27.186990,-33.994097,29.866251,20.610086,-18.479310,-19.828133,-1.661935,-27.363368,90.000000,
-19.828133,-1.661935,-27.363368,-67.064640,35.808915,-32.621153,-70.537737,-22.738074,-15.731395,-19.828133,-1.661935,-27.363368,90.000000,
-19.828133,-1.661935,-27.363368,14.749324,-27.186990,-33.994097,29.866251,20.610086,-18.479310,-19.828133,-1.661935,-27.363368,90.000000,
-19.828133,-1.661935,-27.363368,-67.064640,35.808915,-32.621153,-70.537737,-22.738074,-15.731395,-19.828133,-1.661935,-27.363368,90.000000,
-19.828133,-1.661935,-27.363368,14.749324,-27.186990,-33.994097,29.866251,20.610086,-18.479310,-19.828133,-1.661935,-27.363368,90.000000,
-19.828133,-1.661935,-27.363368,-67.064640,35.808915,-32.621153,-70.537737,-22.738074,-15.731395,-19.828133,-1.661935,-27.363368,90.000000,
-19.828133,-1.661935,-27.363368,14.749324,-27.186990,-33.994097,29.866251,20.610086,-18.479310,-19.828133,-1.661935,-27.363368,90.000000,
-19.828133,-1.661935,-27.363368,-67.064640,35.808915,-32.621153,-70.537737,-22.738074,-15.731395,-19.828133,-1.661935,-27.363368,90.000000,
-19.828133,-1.661935,-27.363368,14.749324,-27.186990,-33.994097,29.866251,20.610086,-18.479310,-19.828133,-1.661935,-27.363368,90.000000,
-19.828133,-1.661935,-27.363368,-67.064640,35.808915,-32.621153,-70.537737,-22.738074,-15.731395,-19.828133,-1.661935,-27.363368,90.000000,
-19.828133,-1.661935,-27.363368,14.749324,-27.186990,-33.994097,29.866251,20.610086,-18.479310,-19.828133,-1.661935,-27.363368,90.000000,
-19.828133,-1.661935,-27.363368,-67.064640,35.808915,-32.621153,-70.537737,-22.738074,-15.731395,-19.828133,-1.661935,-27.363368,90.000000,
-19.828133,-1.661935,-27.363368,14.749324,-27.186990,-33.994097,29.866251,20.610086,-18.479310,-19.828133,-1.661935,-27.363368,90.000000,
-19.828133,-1.661935,-27.363368,-67.064640,35.808915,-32.621153,-70.537737,-22.738074,-15.731395,-19.828133,-1.661935,-27.363368,90.000000,
-19.828133,-1.661935,-27.363368,14.749324,-27.186990,-33.994097,29.866251,20.610086,-18.479310,-19.828133,-1.661935,-27.363368,90.000000,
-19.828133,-1.661935,-27.363368,-67.064640,35.808915,-32.621153,-70.537737,-22.738074,-15.731395,-19.828133,-1.661935,-27.363368,90.000000,
-19.828133,-1.661935,-27.363368,14.749324,-27.186990,-33.994097,29.866251,20.610086,-18.479310,-19.828133,-1.661935,-27.363368,90.000000,
-19.828133,-1.661935,-27.363368,-67.064640,35.808915,-32.621153,-70.537737,-22.738074,-15.731395,-19.828133,-1.661935,-27.363368,90.000000,
-19.828133,-1.661935,-27.363368,14.749324,-27.186990,-33.994097,29.866251,20.610086,-18.479310,-19.828133,-1.661935,-27.363368,90.000000,
-19.828133,-1.661935,-27.363368,-67.064640,35.808915,-32.621153,-70.537737,-22.738074,-15.731395,-19.828133,-1.661935,-27.363368,90.000000,
-19.828133,-1.661935,-27.363368,14.749324,-27.186990,-33.994097,29.866251,20.610086,-18.479310,-19.828133,-1.661935,-27.363368,90.000000,
-19.828133,-1.661935,-27.363368,-67.064640,35.808915,-32.621153,-70.537737,-22.738074,-15.731395,-19.828133,-1.661935,-27.363368,90.000000,
-19.828133,-1.661935,-27.363368,14.749324,-27.186990,-33.994097,29.866251,20.610086,-18.479310,-19.828133,-1.661935,-27.363368,90.000000,
-19.828133,-1.661935,-27.363368,-67.064640,35.808915,-32.621153,-70.537737,-22.738074,-15.731395,-19.828133,-1.661935,-27.363368,90.000000,
-19.828133,-1.661935,-27.363368,14.749324,-27.186990,-33.994097,29.866251,20.610086,-18.479310,-19.828133,-1.661935,-27.363368,90.000000,
-19.828133,-1.661935,-27.363368,-67.064640,35.808915,-32.621153,-70.537737,-22.738074,-15.731395,-19.828133,-1.661935,-27.363368,90.000000,
-19.828133,-1.661935,-27.363368,14.749324,-27.186990,-33.994097,29.866251,20.610086,-18.479310,-19.828133,-1.661935,-27.363368,90.000000,
-19.828133,-1.661935,-27.363368,-67.064640,35.808915,-32.621153,-70.537737,-22.738074,-15.731395,-19.828133,-1.661935,-27.363368,90.000000,
-19.828133,-1.661935,-27.363368,14.749324,-27.186990,-33.994097,29.866251,20.610086,-18.479310,-19.828133,-1.661935,-27.363368,90.000000,
-19.828133,-1.661935,-27.363368,-67.064640,35.808915,-32.621153,-70.537737,-22.738074,-15.731395,-19.828133,-1.661935,-27.363368,90.000000,
-19.828133,-1.661935,-27.363368,14.749324,-27.186990,-33.994097,29.866251,20.610086,-18.479310,-19.828133,-1.661935,-27.363368,90.000000,
-19.828133,-1.661935,-27.363368,-67.064640,35.808915,-32.621153,-70.537737,-22.738074,-15.731395,-19.828133,-1.661935,-27.363368,90.000000,
-19.828133,-1.661935,-27.363368,14.749324,-27.186990,-33.994097,29.866251,20.610086,-18.479310,-19.828133,-1.661935,-27.363368,90.000000,
-19.828133,-1.661935,-27.363368,-67.064640,35.808915,-32.621153,-70.537737,-22.738074,-15.731395,-19.828133,-1.661935,-27.363368,90.000000,
-19.828133,-1.661935,-27.363368,14.749324,-27.186990,-33.994097,29.866251,20.610086,-18.479310,-19.828133,-1.661935,-27.363368,90.000000,
-19.828133,-1.661935,-27.363368,-67.064640,35.808915,-32.621153,-70.537737,-22.738074,-15.731395,-19.828133,-1.661935,-27.363368,90.000000,
-19.828133,-1.661935,-27.363368,14.749324,-27.186990,-33.994097,29.866251,20.610086,-18.479310,-19.828133,-1.661935,-27.363368,90.000000,
-19.828133,-1.661935,-27.363368,-67.064640,35.808915,-32.621153,-70.537737,-22.738074,-15.731395,-19.828133,-1.661935,-27.363368,90.000000,
-19.828133,-1.661935,-27.363368,14.749324,-27.186990,-33.994097,29.866251,20.610086,-18.479310,-19.828133,-1.661935,-27.363368,90.000000,
-19.828133,-1.661935,-27.363368,-67.064640,35.808915,-32.621153,-70.537737,-22.738074,-15.731395,-19.828133,-1.661935,-27.363368,90.000000,
-19.828133,-1.661935,-27.363368,14.749324,-27.186990,-33.994097,29.866251,20.610086,-18.479310,-19.828133,-1.661935,-27.363368,90.000000,
-19.828133,-1.661935,-27.363368,-67.064640,35.808915,-32.621153,-70.537737,-22.738074,-15.731395,-19.828133,-1.661935,-27.363368,90.000000,
-19.828133,-1.661935,-27.363368,14.749324,-27.186990,-33.994097,29.866251,20.610086,-18.479310,-19.828133,-1.661935,-27.363368,90.000000,
-19.828133,-1.661935,-27.363368,-67.064640,35.808915,-32.621153,-70.537737,-22.738074,-15.731395,-19.828133,-1.661935,-27.363368,90.000000,
-19.828133,-1.661935,-27.363368,14.749324,-27.186990,-33.994097,29.866251,20.610086,-18.479310,-19.828133,-1.661935,-27.363368,90.000000,
-19.828133,-1.661935,-27.363368,-67.064640,35.808915,-32.621153,-70.537737,-22.738074,-15.731395,-19.828133,-1.661935,-27.363368,90.000000,
-19.828133,-1.661935,-27.363368,14.749324,-27.186990,-33.994097,29.866251,20.610086,-18.479310,-19.828133,-1.661935,-27.363368,90.000000,
-19.828133,-1.661935,-27.363368,-67.064640,35.808915,-32.621153,-70.537737,-22.738074,-15.731395,-19.828133,-1.661935,-27.363368,90.000000,
-19.828133,-1.661935,-27.363368,14.749324,-27.186990,-33.994097,29.866251,20.610086,-18.479310,-19.828133,-1.661935,-27.363368,90.000000,
-19.828133,-1.661935,-27.363368,-67.064640,35.808915,-32.621153,-70.537737,-22.738074,-15.731395,-19.828133,-1.661935,-27.363368,90.000000,
-19.828133,-1.661935,-27.363368,14.749324,-27.186990,-33.994097,29.866251,20.610086,-18.479310,-19.828133,-1.661935,-27.363368,90.000000,
-19.828133,-1.661935,-27.363368,-67.064640,35.808915,-32.621153,-70.537737,-22.738074,-15.731395,-19.828133,-1.661935,-27.363368,90.000000,
-19.828133,-1.661935,-27.363368,14.749324,-27.186990,-33.994097,29.866251,20.610086,-18.479310,-19.828133,-1.661935,-27.363368,90.000000,
-19.828133,-1.661935,-27.363368,-67.064640,35.808915,-32.621153,-70.537737,-22.738074,-15.731395,-19.828133,-1.661935,-27.363368,90.000000,
-19.828133,-1.661935,-27.363368,14.749324,-27.186990,-33.994097,29.866251,20.610086,-18.479310,-19.828133,-1.661935,-27.363368,90.000000,
-19.828133,-1.661935,-27.363368,-67.064640,35.808915,-32.621153,-70.537737,-22.738074,-15.731395,-19.828133,-1.661935,-27.363368,90.000000,
-19.828133,-1.661935,-27.363368,14.749324,-27.186990,-33.994097,29.866251,20.610086,-18.479310,-19.828133,-1.661935,-27.363368,90.000000,
-19.828133,-1.661935,-27.363368,-67.064640,35.808915,-32.621153,-70.537737,-22.738074,-15.731395,-19.828133,-1.661935,-27.363368,90.000000,
-19.828133,-1.661935,-27.363368,14.749324,-27.186990,-33.994097,29.866251,20.610086,-18.479310,-19.828133,-1.661935,-27.363368,90.000000,
-19.828133,-1.661935,-27.363368,-67.064640,35.808915,-32.621153,-70.537737,-22.738074,-15.731395,-19.828133,-1.661935,-27.363368,90.000000,
-19.828133,-1.661935,-27.363368,14.749324,-27.186990,-33.994097,29.866251,20.610086,-18.479310,-19.828133,-1.661935,-27.363368,90.000000,
-19.828133,-1.661935,-27.363368,-67.064640,35.808915,-32.621153,-70.537737,-22.738074,-15.731395,-19.828133,-1.661935,-27.363368,90.000000,
-19.828133,-1.661935,-27.363368,14.749324,-27.186990,-33.994097,29.866251,20.610086,-18.479310,-19.828133,-1.661935,-27.363368,90.000000,
-19.828133,-1.661935,-27.363368,-67.064640,35.808915,-32.621153,-70.537737,-22.738074,-15.731395,-19.828133,-1.661935,-27.363368,90.000000,
-19.828133,-1.661935,-27.363368,14.749324,-27.186990,-33.994097,29.866251,20.610086,-18.479310,-19.828133,-1.661935,-27.363368,90.000000,
-19.828133,-1.661935,-27.363368,-67.064640,35.808915,-32.621153,-70.537737,-22.738074,-15.731395,-19.828133,-1.661935,-27.363368,90.000000,
-19.828133,-1.661935,-27.363368,14.749324,-27.186990,-33.994097,29.866251,20.610086,-18.479310,-19.828133,-1.661935,-27.363368,90.000000,
-19.828133,-1.661935,-27.363368,-67.064640,35.808915,-32.621153,-70.537737,-22.738074,-15.731395,-19.828133,-1.661935,-27.363368,90.000000,
-19.828133,-1.661935,-27.363368,14.749324,-27.186990,-33.994097,29.866251,20.610086,-18.479310,-19.828133,-1.661935,-27.363368,90.000000,
-19.828133,-1.661935,-27.363368,-67.064640,35.808915,-32.621153,-70.537737,-22.738074,-15.731395,-19.828133,-1.661935,-27.363368,90.000000,
-19.828133,-1.661935,-27.363368,14.749324,-27.186990,-33.994097,29.866251,20.610086,-18.479310,-19.828133,-1.661935,-27.363368,90.000000,
-19.828133,-1.661935,-27.363368,-67.064640,35.808915,-32.621153,-70.537737,-22.738074,-15.731395,-19.828133,-1.661935,-27.363368,90.000000,
-19.828133,-1.661935,-27.363368,14.749324,-27.186990,-33.994097,29.866251,20.610086,-18.479310,-19.828133,-1.661935,-27.363368,90.000000,
-19.828133,-1.661935,-27.363368,-67.064640,35.808915,-32.621153,-70.537737,-22.738074,-15.731395,-19.828133,-1.661935,-27.363368,90.000000,
-19.828133,-1.661935,-27.363368,14.749324,-27.186990,-33.994097,29.866251,20.610086,-18.479310,-19.828133,-1.661935,-27.363368,90.000000,
-19.828133,-1.661935,-27.363368,-67.064640,35.808915,-32.621153,-70.537737,-22.738074,-15.731395,-19.828133,-1.661935,-27.363368,90.000000,
-19.828133,-1.661935,-27.363368,14.749324,-27.186990,-33.994097,29.866251,20.610086,-18.479310,-19.828133,-1.661935,-27.363368,90.000000,
-19.828133,-1.661935,-27.363368,-67.064640,35.808915,-32.621153,-70.537737,-22.738074,-15.731395,-19.828133,-1.661935,-27.363368,90.000000,
-19.828133,-1.661935,-27.363368,14.749324,-27.186990,-33.994097,29.866251,20.610086,-18.479310,-19.828133,-1.661935,-27.363368,90.000000,
-19.828133,-1.661935,-27.363368,-67.064640,35.808915,-32.621153,-70.537737,-22.738074,-15.731395,-19.828133,-1.661935,-27.363368,90.000000,
-19.828133,-1.661935,-27.363368,14.749324,-27.186990,-33.994097,29.866251,20.610086,-18.479310,-19.828133,-1.661935,-27.363368,90.000000,
-19.828133,-1.661935,-27.363368,-67.064640,35.808915,-32.621153,-70.537737,-22.738074,-15.731395,-19.828133,-1.661935,-27.363368,90.000000,
-19.828133,-1.661935,-27.363368,14.749324,-27.186990,-33.994097,29.866251,20.610086,-18.479310,-19.828133,-1.661935,-27.363368,90.000000,
-19.828133,-1.661935,-27.363368,-67.064640,35.808915,-32.621153,-70.537737,-22.738074,-15.731395,-19.828133,-1.661935,-27.363368,90.000000,
-19.828133,-1.661935,-27.363368,14.749324,-27.186990,-33.994097,29.866251,20.610086,-18.479310,-19.828133,-1.661935,-27.363368,90.000000,
-19.828133,-1.661935,-27.363368,-67.064640,35.808915,-32.621153,-70.537737,-22.738074,-15.731395,-19.828133,-1.661935,-27.363368,90.000000,
-19.828133,-1.661935,-27.363368,14.749324,-27.186990,-33.994097,29.866251,20.610086,-18.479310,-19.828133,-1.661935,-27.363368,90.000000,
-19.828133,-1.661935,-27.363368,-67.064640,35.808915,-32.621153,-70.537737,-22.738074,-15.731395,-19.828133,-1.661935,-27.363368,90.000000,
-19.828133,-1.661935,-27.363368,14.749324,-27.186990,-33.994097,29.866251,20.610086,-18.479310,-19.828133,-1.661935,-27.363368,90.000000,
-19.828133,-1.661935,-27.363368,-67.064640,35.808915,-32.621153,-70.537737,-22.738074,-15.731395,-19.828133,-1.661935,-27.363368,90.000000,
-19.828133,-1.661935,-27.363368,14.749324,-27.186990,-33.994097,29.866251,20.610086,-18.479310,-19.828133,-1.661935,-27.363368,90.000000,
-19.828133,-1.661935,-27.363368,-67.064640,35.808915,-32.621153,-70.537737,-22.738074,-15.731395,-19.828133,-1.661935,-27.363368,90.000000,
-19.828133,-1.661935,-27.363368,14.749324,-27.186990,-33.994097,29.866251,20.610086,-18.479310,-19.828133,-1.661935,-27.363368,90.000000,
-19.828133,-1.661935,-27.363368,-67.064640,35.808915,-32.621153,-70.537737,-22.738074,-15.731395,-19.828133,-1.661935,-27.363368,90.000000,
-19.828133,-1.661935,-27.363368,14.749324,-27.186990,-33.994097,29.866251,20.610086,-18.479310,-19.828133,-1.661935,-27.363368,90.000000,
-19.828133,-1.661935,-27.363368,-67.064640,35.808915,-32.621153,-70.537737,-22.738074,-15.731395,-19.828133,-1.661935,-27.363368,90.000000,
-19.828133,-1.661935,-27.363368,14.749324,-27.186990,-33.994097,29.866251,20.610086,-18.479310,-19.828133,-1.661935,-27.363368,90.000000,
-19.828133,-1.661935,-27.363368,-67.064640,35.808915,-32.621153,-70.537737,-22.738074,-15.731395,-19.828133,-1.661935,-27.363368,90.000000,
-19.828133,-1.661935,-27.363368,14.749324,-27.186990,-33.994097,29.866251,20.610086,-18.479310,-19.828133,-1.661935,-27.363368,90.000000,
-19.828133,-1.661935,-27.363368,-67.064640,35.808915,-32.621153,-70.537737,-22.738074,-15.731395,-19.828133,-1.661935,-27.363368,90.000000,
-19.828133,-1.661935,-27.363368,14.749324,-27.186990,-33.994097,29.866251,20.610086,-18.479310,-19.828133,-1.661935,-27.363368,90.000000,
-19.828133,-1.661935,-27.363368,-67.064640,35.808915,-32.621153,-70.537737,-22.738074,-15.731395,-19.828133,-1.661935,-27.363368,90.000000,
-19.828133,-1.661935,-27.363368,14.749324,-27.186990,-33.994097,29.866251,20.610086,-18.479310,-19.828133,-1.661935,-27.363368,90.000000,
-19.828133,-1.661935,-27.363368,-67.064640,35.808915,-32.621153,-70.537737,-22.738074,-15.731395,-19.828133,-1.661935,-27.363368,90.000000,
-19.828133,-1.661935,-27.363368,14.749324,-27.186990,-33.994097,29.866251,20.610086,-18.479310,-19.828133,-1.661935,-27.363368,90.000000,
-19.828133,-1.661935,-27.363368,-67.064640,35.808915,-32.621153,-70.537737,-22.738074,-15.731395,-19.828133,-1.661935,-27.363368,90.000000,
-19.828133,-1.661935,-27.363368,14.749324,-27.186990,-33.994097,29.866251,20.610086,-18.479310,-19.828133,-1.661935,-27.363368,90.000000,
-19.828133,-1.661935,-27.363368,-67.064640,35.808915,-32.621153,-70.537737,-22.738074,-15.731395,-19.828133,-1.661935,-27.363368,90.000000,
-19.828133,-1.661935,-27.363368,14.749324,-27.186990,-33.994097,29.866251,20.610086,-18.479310,-19.828133,-1.661935,-27.363368,90.000000,
-19.828133,-1.661935,-27.363368,-67.064640,35.808915,-32.621153,-70.537737,-22.738074,-15.731395,-19.828133,-1.661935,-27.363368,90.000000,
-19.828133,-1.661935,-27.363368,14.749324,-27.186990,-33.994097,29.866251,20.610086,-18.479310,-19.828133,-1.661935,-27.363368,90.000000,
-19.828133,-1.661935,-27.363368,-67.064640,35.808915,-32.621153,-70.537737,-22.738074,-15.731395,-19.828133,-1.661935,-27.363368,90.000000,
-19.828133,-1.661935,-27.363368,14.749324,-27.186990,-33.994097,29.866251,20.610086,-18.479310,-19.828133,-1.661935,-27.363368,90.000000,
-19.828133,-1.661935,-27.363368,-67.064640,35.808915,-32.621153,-70.537737,-22.738074,-15.731395,-19.828133,-1.661935,-27.363368,90.000000,
-19.828133,-1.661935,-27.363368,14.749324,-27.186990,-33.994097,29.866251,20.610086,-18.479310,-19.828133,-1.661935,-27.363368,90.000000,
-19.828133,-1.661935,-27.363368,-67.064640,35.808915,-32.621153,-70.537737,-22.738074,-15.731395,-19.828133,-1.661935,-27.363368,90.000000,
-19.828133,-1.661935,-27.363368,14.749324,-27.186990,-33.994097,29.866251,20.610086,-18.479310,-19.828133,-1.661935,-27.363368,90.000000,
-19.828133,-1.661935,-27.363368,-67.064640,35.808915,-32.621153,-70.537737,-22.738074,-15.731395,-19.828133,-1.661935,-27.363368,90.000000,
-19.828133,-1.661935,-27.363368,14.749324,-27.186990,-33.994097,29.866251,20.610086,-18.479310,-19.828133,-1.661935,-27.363368,90.000000,
-19.828133,-1.661935,-27.363368,-67.064640,35.808915,-32.621153,-70.537737,-22.738074,-15.731395,-19.828133,-1.661935,-27.363368,90.000000,
-19.828133,-1.661935,-27.363368,14.749324,-27.186990,-33.994097,29.866251,20.610086,-18.479310,-19.828133,-1.661935,-27.363368,90.000000,
-19.828133,-1.661935,-27.363368,-67.064640,35.808915,-32.621153,-70.537737,-22.738074,-15.731395,-19.828133,-1.661935,-27.363368,90.000000,
-19.828133,-1.661935,-27.363368,14.749324,-27.186990,-33.994097,29.866251,20.610086,-18.479310,-19.828133,-1.661935,-27.363368,90.000000,
-19.828133,-1.661935,-27.363368,-67.064640,35.808915,-32.621153,-70.537737,-22.738074,-15.731395,-19.828133,-1.661935,-27.363368,90.000000,
-19.828133,-1.661935,-27.363368,14.749324,-27.186990,-33.994097,29.866251,20.610086,-18.479310,-19.828133,-1.661935,-27.363368,90.000000,
-19.828133,-1.661935,-27.363368,-67.064640,35.808915,-32.621153,-70.537737,-22.738074,-15.731395,-19.828133,-1.661935,-27.363368,90.000000,
-19.828133,-1.661935,-27.363368,14.749324,-27.186990,-33.994097,29.866251,20.610086,-18.479310,-19.828133,-1.661935,-27.363368,90.000000,
-19.828133,-1.661935,-27.363368,-67.064640,35.808915,-32.621153,-70.537737,-22.738074,-15.731395,-19.828133,-1.661935,-27.363368,90.000000,
-19.828133,-1.661935,-27.363368,14.749324,-27.186990,-33.994097,29.866251,20.610086,-18.479310,-19.828133,-1.661935,-27.363368,90.000000,
-19.828133,-1.661935,-27.363368,-67.064640,35.808915,-32.621153,-70.537737,-22.738074,-15.731395,-19.828133,-1.661935,-27.363368,90.000000,
-19.828133,-1.661935,-27.363368,14.749324,-27.186990,-33.994097,29.866251,20.610086,-18.479310,-19.828133,-1.661935,-27.363368,90.000000,
-19.828133,-1.661935,-27.363368,-67.064640,35.808915,-32.621153,-70.537737,-22.738074,-15.731395,-19.828133,-1.661935,-27.363368,90.000000,
-19.828133,-1.661935,-27.363368,14.749324,-27.186990,-33.994097,29.866251,20.610086,-18.479310,-19.828133,-1.661935,-27.363368,90.000000,
-19.828133,-1.661935,-27.363368,-67.064640,35.808915,-32.621153,-70.537737,-22.738074,-15.731395,-19.828133,-1.661935,-27.363368,90.000000,
-19.828133,-1.661935,-27.363368,14.749324,-27.186990,-33.994097,29.866251,20.610086,-18.479310,-19.828133,-1.661935,-27.363368,90.000000,
-19.828133,-1.661935,-27.363368,-67.064640,35.808915,-32.621153,-70.537737,-22.738074,-15.731395,-19.828133,-1.661935,-27.363368,90.000000,
-19.828133,-1.661935,-27.363368,14.749324,-27.186990,-33.994097,29.866251,20.610086,-18.479310,-19.828133,-1.661935,-27.363368,90.000000,
-19.828133,-1.661935,-27.363368,-67.064640,35.808915,-32.621153,-70.537737,-22.738074,-15.731395,-19.828133,-1.661935,-27.363368,90.000000,
-19.828133,-1.661935,-27.363368,14.749324,-27.186990,-33.994097,29.866251,20.610086,-18.479310,-19.828133,-1.661935,-27.363368,90.000000,
-19.828133,-1.661935,-27.363368,-67.064640,35.808915,-32.621153,-70.537737,-22.738074,-15.731395,-19.828133,-1.661935,-27.363368,90.000000,
-19.828133,-1.661935,-27.363368,14.749324,-27.186990,-33.994097,29.866251,20.610086,-18.479310,-19.828133,-1.661935,-27.363368,90.000000,
-19.828133,-1.661935,-27.363368,-67.064640,35.808915,-32.621153,-70.537737,-22.738074,-15.731395,-19.828133,-1.661935,-27.363368,90.000000,
-19.828133,-1.661935,-27.363368,14.749324,-27.186990,-33.994097,29.866251,20.610086,-18.479310,-19.828133,-1.661935,-27.363368,90.000000,
-19.828133,-1.661935,-27.363368,-67.064640,35.808915,-32.621153,-70.537737,-22.738074,-15.731395,-19.828133,-1.661935,-27.363368,90.000000,
-19.828133,-1.661935,-27.363368,14.749324,-27.186990,-33.994097,29.866251,20.610086,-18.479310,-19.828133,-1.661935,-27.363368,90.000000,
-19.828133,-1.661935,-27.363368,-67.064640,35.808915,-32.621153,-70.537737,-22.738074,-15.731395,-19.828133,-1.661935,-27.363368,90.000000,
-19.828133,-1.661935,-27.363368,14.749324,-27.186990,-33.994097,29.866251,20.610086,-18.479310,-19.828133,-1.661935,-27.363368,90.000000,
-19.828133,-1.661935,-27.363368,-67.064640,35.808915,-32.621153,-70.537737,-22.738074,-15.731395,-19.828133,-1.661935,-27.363368,90.000000,
-19.828133,-1.661935,-27.363368,14.749324,-27.186990,-33.994097,29.866251,20.610086,-18.479310,-19.828133,-1.661935,-27.363368,90.000000,
-19.828133,-1.661935,-27.363368,-67.064640,35.808915,-32.621153,-70.537737,-22.738074,-15.731395,-19.828133,-1.661935,-27.363368,90.000000,
-19.828133,-1.661935,-27.363368,14.749324,-27.186990,-33.994097,29.866251,20.610086,-18.479310,-19.828133,-1.661935,-27.363368,90.000000,
-19.828133,-1.661935,-27.363368,-67.064640,35.808915,-32.621153,-70.537737,-22.738074,-15.731395,-19.828133,-1.661935,-27.363368,90.000000,
-19.828133,-1.661935,-27.363368,14.749324,-27.186990,-33.994097,29.866251,20.610086,-18.479310,-19.828133,-1.661935,-27.363368,90.000000,
-19.828133,-1.661935,-27.363368,-67.064640,35.808915,-32.621153,-70.537737,-22.738074,-15.731395,-19.828133,-1.661935,-27.363368,90.000000,
-19.828133,-1.661935,-27.363368,14.749324,-27.186990,-33.994097,29.866251,20.610086,-18.479310,-19.828133,-1.661935,-27.363368,90.000000,
-19.828133,-1.661935,-27.363368,-67.064640,35.808915,-32.621153,-70.537737,-22.738074,-15.731395,-19.828133,-1.661935,-27.363368,90.000000,
-19.828133,-1.661935,-27.363368,14.749324,-27.186990,-33.994097,29.866251,20.610086,-18.479310,-19.828133,-1.661935,-27.363368,90.000000,
-19.828133,-1.661935,-27.363368,-67.064640,35.808915,-32.621153,-70.537737,-22.738074,-15.731395,-19.828133,-1.661935,-27.363368,90.000000,
-19.828133,-1.661935,-27.363368,14.749324,-27.186990,-33.994097,29.866251,20.610086,-18.479310,-19.828133,-1.661935,-27.363368,90.000000,
-19.828133,-1.661935,-27.363368,-67.064640,35.808915,-32.621153,-70.537737,-22.738074,-15.731395,-19.828133,-1.661935,-27.363368,90.000000,
-19.828133,-1.661935,-27.363368,14.749324,-27.186990,-33.994097,29.866251,20.610086,-18.479310,-19.828133,-1.661935,-27.363368,90.000000,
-19.828133,-1.661935,-27.363368,-67.064640,35.808915,-32.621153,-70.537737,-22.738074,-15.731395,-19.828133,-1.661935,-27.363368,90.000000,
-19.828133,-1.661935,-27.363368,14.749324,-27.186990,-33.994097,29.866251,20.610086,-18.479310,-19.828133,-1.661935,-27.363368,90.000000,
-19.828133,-1.661935,-27.363368,-67.064640,35.808915,-32.621153,-70.537737,-22.738074,-15.731395,-19.828133,-1.661935,-27.363368,90.000000,
-19.828133,-1.661935,-27.363368,14.749324,-27.186990,-33.994097,29.866251,20.610086,-18.479310,-19.828133,-1.661935,-27.363368,90.000000,
-19.828133,-1.661935,-27.363368,-67.064640,35.808915,-32.621153,-70.537737,-22.738074,-15.731395,-19.828133,-1.661935,-27.363368,90.000000,
-19.828133,-1.661935,-27.363368,14.749324,-27.186990,-33.994097,29.866251,20.610086,-18.479310,-19.828133,-1.661935,-27.363368,90.000000,
-19.828133,-1.661935,-27.363368,-67.064640,35.808915,-32.621153,-70.537737,-22.738074,-15.731395,-19.828133,-1.661935,-27.363368,90.000000,
-19.828133,-1.661935,-27.363368,14.749324,-27.186990,-33.994097,29.866251,20.610086,-18.479310,-19.828133,-1.661935,-27.363368,90.000000,
-19.828133,-1.661935,-27.363368,-67.064640,35.808915,-32.621153,-70.537737,-22.738074,-15.731395,-19.828133,-1.661935,-27.363368,90.000000,
-19.828133,-1.661935,-27.363368,14.749324,-27.186990,-33.994097,29.866251,20.610086,-18.479310,-19.828133,-1.661935,-27.363368,90.000000,
-19.828133,-1.661935,-27.363368,-67.064640,35.808915,-32.621153,-70.537737,-22.738074,-15.731395,-19.828133,-1.661935,-27.363368,90.000000,
-19.828133,-1.661935,-27.363368,14.749324,-27.186990,-33.994097,29.866251,20.610086,-18.479310,-19.828133,-1.661935,-27.363368,90.000000,
-19.828133,-1.661935,-27.363368,-67.064640,35.808915,-32.621153,-70.537737,-22.738074,-15.731395,-19.828133,-1.661935,-27.363368,90.000000,
-19.828133,-1.661935,-27.363368,14.749324,-27.186990,-33.994097,29.866251,20.610086,-18.479310,-19.828133,-1.661935,-27.363368,90.000000,
-19.828133,-1.661935,-27.363368,-67.064640,35.808915,-32.621153,-70.537737,-22.738074,-15.731395,-19.828133,-1.661935,-27.363368,90.000000,
-19.828133,-1.661935,-27.363368,14.749324,-27.186990,-33.994097,29.866251,20.610086,-18.479310,-19.828133,-1.661935,-27.363368,90.000000,
-19.828133,-1.661935,-27.363368,-67.064640,35.808915,-32.621153,-70.537737,-22.738074,-15.731395,-19.828133,-1.661935,-27.363368,90.000000,
-19.828133,-1.661935,-27.363368,14.749324,-27.186990,-33.994097,29.866251,20.610086,-18.479310,-19.828133,-1.661935,-27.363368,90.000000,
-19.828133,-1.661935,-27.363368,-67.064640,35.808915,-32.621153,-70.537737,-22.738074,-15.731395,-19.828133,-1.661935,-27.363368,90.000000,
-19.828133,-1.661935,-27.363368,14.749324,-27.186990,-33.994097,29.866251,20.610086,-18.479310,-19.828133,-1.661935,-27.363368,90.000000,
-19.828133,-1.661935,-27.363368,-67.064640,35.808915,-32.621153,-70.537737,-22.738074,-15.731395,-19.828133,-1.661935,-27.363368,90.000000,
-19.828133,-1.661935,-27.363368,14.749324,-27.186990,-33.994097,29.866251,20.610086,-18.479310,-19.828133,-1.661935,-27.363368,90.000000,
-19.828133,-1.661935,-27.363368,-67.064640,35.808915,-32.621153,-70.537737,-22.738074,-15.731395,-19.828133,-1.661935,-27.363368,90.000000,
-19.828133,-1.661935,-27.363368,14.749324,-27.186990,-33.994097,29.866251,20.610086,-18.479310,-19.828133,-1.661935,-27.363368,90.000000,
-19.828133,-1.661935,-27.363368,-67.064640,35.808915,-32.621153,-70.537737,-22.738074,-15.731395,-19.828133,-1.661935,-27.363368,90.000000,
-19.828133,-1.661935,-27.363368,14.749324,-27.186990,-33.994097,29.866251,20.610086,-18.479310,-19.828133,-1.661935,-27.363368,90.000000,
-19.828133,-1.661935,-27.363368,-67.064640,35.808915,-32.621153,-70.537737,-22.738074,-15.731395,-19.828133,-1.661935,-27.363368,90.000000,
-19.828133,-1.661935,-27.363368,14.749324,-27.186990,-33.994097,29.866251,20.610086,-18.479310,-19.828133,-1.661935,-27.363368,90.000000,
-19.828133,-1.661935,-27.363368,-67.064640,35.808915,-32.621153,-70.537737,-22.738074,-15.731395,-19.828133,-1.661935,-27.363368,90.000000,
-19.828133,-1.661935,-27.363368,14.749324,-27.186990,-33.994097,29.866251,20.610086,-18.479310,-19.828133,-1.661935,-27.363368,90.000000,
-19.828133,-1.661935,-27.363368,-67.064640,35.808915,-32.621153,-70.537737,-22.738074,-15.731395,-19.828133,-1.661935,-27.363368,90.000000,
-19.828133,-1.661935,-27.363368,14.749324,-27.186990,-33.994097,29.866251,20.610086,-18.479310,-19.828133,-1.661935,-27.363368,90.000000,
-19.828133,-1.661935,-27.363368,-67.064640,35.808915,-32.621153,-70.537737,-22.738074,-15.731395,-19.828133,-1.661935,-27.363368,90.000000,
-19.828133,-1.661935,-27.363368,14.749324,-27.186990,-33.994097,29.866251,20.610086,-18.479310,-19.828133,-1.661935,-27.363368,90.000000,
-19.828133,-1.661935,-27.363368,-67.064640,35.808915,-32.621153,-70.537737,-22.738074,-15.731395,-19.828133,-1.661935,-27.363368,90.000000,
-19.828133,-1.661935,-27.363368,14.749324,-27.186990,-33.994097,29.866251,20.610086,-18.479310,-19.828133,-1.661935,-27.363368,90.000000,
-19.828133,-1.661935,-27.363368,-67.064640,35.808915,-32.621153,-70.537737,-22.738074,-15.731395,-19.828133,-1.661935,-27.363368,90.000000,
-19.828133,-1.661935,-27.363368,14.749324,-27.186990,-33.994097,29.866251,20.610086,-18.479310,-19.828133,-1.661935,-27.363368,90.000000,
-19.828133,-1.661935,-27.363368,-67.064640,35.808915,-32.621153,-70.537737,-22.738074,-15.731395,-19.828133,-1.661935,-27.363368,90.000000,
-19.828133,-1.661935,-27.363368,14.749324,-27.186990,-33.994097,29.866251,20.610086,-18.479310,-19.828133,-1.661935,-27.363368,90.000000,
-19.828133,-1.661935,-27.363368,-67.064640,35.808915,-32.621153,-70.537737,-22.738074,-15.731395,-19.828133,-1.661935,-27.363368,90.000000,
-19.828133,-1.661935,-27.363368,14.749324,-27.186990,-33.994097,29.866251,20.610086,-18.479310,-19.828133,-1.661935,-27.363368,90.000000,
-19.828133,-1.661935,-27.363368,-67.064640,35.808915,-32.621153,-70.537737,-22.738074,-15.731395,-19.828133,-1.661935,-27.363368,90.000000,
-19.828133,-1.661935,-27.363368,14.749324,-27.186990,-33.994097,29.866251,20.610086,-18.479310,-19.828133,-1.661935,-27.363368,90.000000,
-19.828133,-1.661935,-27.363368,-67.064640,35.808915,-32.621153,-70.537737,-22.738074,-15.731395,-19.828133,-1.661935,-27.363368,90.000000,
-19.828133,-1.661935,-27.363368,14.749324,-27.186990,-33.994097,29.866251,20.610086,-18.479310,-19.828133,-1.661935,-27.363368,90.000000,
-19.828133,-1.661935,-27.363368,-67.064640,35.808915,-32.621153,-70.537737,-22.738074,-15.731395,-19.828133,-1.661935,-27.363368,90.000000,
-19.828133,-1.661935,-27.363368,14.749324,-27.186990,-33.994097,29.866251,20.610086,-18.479310,-19.828133,-1.661935,-27.363368,90.000000,
-19.828133,-1.661935,-27.363368,-67.064640,35.808915,-32.621153,-70.537737,-22.738074,-15.731395,-19.828133,-1.661935,-27.363368,90.000000,
-19.828133,-1.661935,-27.363368,14.749324,-27.186990,-33.994097,29.866251,20.610086,-18.479310,-19.828133,-1.661935,-27.363368,90.000000,
-19.828133,-1.661935,-27.363368,-67.064640,35.808915,-32.621153,-70.537737,-22.738074,-15.731395,-19.828133,-1.661935,-27.363368,90.000000,
-19.828133,-1.661935,-27.363368,14.749324,-27.186990,-33.994097,29.866251,20.610086,-18.479310,-19.828133,-1.661935,-27.363368,90.000000,
-19.828133,-1.661935,-27.363368,-67.064640,35.808915,-32.621153,-70.537737,-22.738074,-15.731395,-19.828133,-1.661935,-27.363368,90.000000,
-19.828133,-1.661935,-27.363368,14.749324,-27.186990,-33.994097,29.866251,20.610086,-18.479310,-19.828133,-1.661935,-27.363368,90.000000,
-19.828133,-1.661935,-27.363368,-67.064640,35.808915,-32.621153,-70.537737,-22.738074,-15.731395,-19.828133,-1.661935,-27.363368,90.000000,
-19.828133,-1.661935,-27.363368,14.749324,-27.186990,-33.994097,29.866251,20.610086,-18.479310,-19.828133,-1.661935,-27.363368,90.000000,
-19.828133,-1.661935,-27.363368,-67.064640,35.808915,-32.621153,-70.537737,-22.738074,-15.731395,-19.828133,-1.661935,-27.363368,90.000000,
-19.828133,-1.661935,-27.363368,14.749324,-27.186990,-33.994097,29.866251,20.610086,-18.479310,-19.828133,-1.661935,-27.363368,90.000000,
-19.828133,-1.661935,-27.363368,-67.064640,35.808915,-32.621153,-70.537737,-22.738074,-15.731395,-19.828133,-1.661935,-27.363368,90.000000,
-19.828133,-1.661935,-27.363368,14.749324,-27.186990,-33.994097,29.866251,20.610086,-18.479310,-19.828133,-1.661935,-27.363368,90.000000,
-19.828133,-1.661935,-27.363368,-67.064640,35.808915,-32.621153,-70.537737,-22.738074,-15.731395,-19.828133,-1.661935,-27.363368,90.000000,
-19.828133,-1.661935,-27.363368,14.749324,-27.186990,-33.994097,29.866251,20.610086,-18.479310,-19.828133,-1.661935,-27.363368,90.000000,
-19.828133,-1.661935,-27.363368,-67.064640,35.808915,-32.621153,-70.537737,-22.738074,-15.731395,-19.828133,-1.661935,-27.363368,90.000000,
-19.828133,-1.661935,-27.363368,14.749324,-27.186990,-33.994097,29.866251,20.610086,-18.479310,-19.828133,-1.661935,-27.363368,90.000000,
-19.828133,-1.661935,-27.363368,-67.064640,35.808915,-32.621153,-70.537737,-22.738074,-15.731395,-19.828133,-1.661935,-27.363368,90.000000,
-19.828133,-1.661935,-27.363368,14.749324,-27.186990,-33.994097,29.866251,20.610086,-18.479310,-19.828133,-1.661935,-27.363368,90.000000,
-19.828133,-1.661935,-27.363368,-67.064640,35.808915,-32.621153,-70.537737,-22.738074,-15.731395,-19.828133,-1.661935,-27.363368,90.000000,
-19.828133,-1.661935,-27.363368,14.749324,-27.186990,-33.994097,29.866251,20.610086,-18.479310,-19.828133,-1.661935,-27.363368,90.000000,
-19.828133,-1.661935,-27.363368,-67.064640,35.808915,-32.621153,-70.537737,-22.738074,-15.731395,-19.828133,-1.661935,-27.363368,90.000000,
-19.828133,-1.661935,-27.363368,14.749324,-27.186990,-33.994097,29.866251,20.610086,-18.479310,-19.828133,-1.661935,-27.363368,90.000000,
-19.828133,-1.661935,-27.363368,-67.064640,35.808915,-32.621153,-70.537737,-22.738074,-15.731395,-19.828133,-1.661935,-27.363368,90.000000,
-19.828133,-1.661935,-27.363368,14.749324,-27.186990,-33.994097,29.866251,20.610086,-18.479310,-19.828133,-1.661935,-27.363368,90.000000,
-19.828133,-1.661935,-27.363368,-67.064640,35.808915,-32.621153,-70.537737,-22.738074,-15.731395,-19.828133,-1.661935,-27.363368,90.000000,
-19.828133,-1.661935,-27.363368,14.749324,-27.186990,-33.994097,29.866251,20.610086,-18.479310,-19.828133,-1.661935,-27.363368,90.000000,
-19.828133,-1.661935,-27.363368,-67.064640,35.808915,-32.621153,-70.537737,-22.738074,-15.731395,-19.828133,-1.661935,-27.363368,90.000000,
-19.828133,-1.661935,-27.363368,14.749324,-27.186990,-33.994097,29.866251,20.610086,-18.479310,-19.828133,-1.661935,-27.363368,90.000000,
-19.828133,-1.661935,-27.363368,-67.064640,35.808915,-32.621153,-70.537737,-22.738074,-15.731395,-19.828133,-1.661935,-27.363368,90.000000,
-19.828133,-1.661935,-27.363368,14.749324,-27.186990,-33.994097,29.866251,20.610086,-18.479310,-19.828133,-1.661935,-27.363368,90.000000,
-19.828133,-1.661935,-27.363368,-67.064640,35.808915,-32.621153,-70.537737,-22.738074,-15.731395,-19.828133,-1.661935,-27.363368,90.000000,
-19.828133,-1.661935,-27.363368,14.749324,-27.186990,-33.994097,29.866251,20.610086,-18.479310,-19.828133,-1.661935,-27.363368,90.000000,
-19.828133,-1.661935,-27.363368,-67.064640,35.808915,-32.621153,-70.537737,-22.738074,-15.731395,-19.828133,-1.661935,-27.363368,90.000000,
-19.828133,-1.661935,-27.363368,14.749324,-27.186990,-33.994097,29.866251,20.610086,-18.479310,-19.828133,-1.661935,-27.363368,90.000000,
-19.828133,-1.661935,-27.363368,-67.064640,35.808915,-32.621153,-70.537737,-22.738074,-15.731395,-19.828133,-1.661935,-27.363368,90.000000,
-19.828133,-1.661935,-27.363368,14.749324,-27.186990,-33.994097,29.866251,20.610086,-18.479310,-19.828133,-1.661935,-27.363368,90.000000,
-19.828133,-1.661935,-27.363368,-67.064640,35.808915,-32.621153,-70.537737,-22.738074,-15.731395,-19.828133,-1.661935,-27.363368,90.000000,
-19.828133,-1.661935,-27.363368,14.749324,-27.186990,-33.994097,29.866251,20.610086,-18.479310,-19.828133,-1.661935,-27.363368,90.000000,
-19.828133,-1.661935,-27.363368,-67.064640,35.808915,-32.621153,-70.537737,-22.738074,-15.731395,-19.828133,-1.661935,-27.363368,90.000000,
-19.828133,-1.661935,-27.363368,14.749324,-27.186990,-33.994097,29.866251,20.610086,-18.479310,-19.828133,-1.661935,-27.363368,90.000000,
-19.828133,-1.661935,-27.363368,-67.064640,35.808915,-32.621153,-70.537737,-22.738074,-15.731395,-19.828133,-1.661935,-27.363368,90.000000,
-19.828133,-1.661935,-27.363368,14.749324,-27.186990,-33.994097,29.866251,20.610086,-18.479310,-19.828133,-1.661935,-27.363368,90.000000,
-19.828133,-1.661935,-27.363368,-67.064640,35.808915,-32.621153,-70.537737,-22.738074,-15.731395,-19.828133,-1.661935,-27.363368,90.000000,
-19.828133,-1.661935,-27.363368,14.749324,-27.186990,-33.994097,29.866251,20.610086,-18.479310,-19.828133,-1.661935,-27.363368,90.000000,
-19.828133,-1.661935,-27.363368,-67.064640,35.808915,-32.621153,-70.537737,-22.738074,-15.731395,-19.828133,-1.661935,-27.363368,90.000000,
-19.828133,-1.661935,-27.363368,14.749324,-27.186990,-33.994097,29.866251,20.610086,-18.479310,-19.828133,-1.661935,-27.363368,90.000000,
-19.828133,-1.661935,-27.363368,-67.064640,35.808915,-32.621153,-70.537737,-22.738074,-15.731395,-19.828133,-1.661935,-27.363368,90.000000,
-19.828133,-1.661935,-27.363368,14.749324,-27.186990,-33.994097,29.866251,20.610086,-18.479310,-19.828133,-1.661935,-27.363368,90.000000,
-19.828133,-1.661935,-27.363368,-67.064640,35.808915,-32.621153,-70.537737,-22.738074,-15.731395,-19.828133,-1.661935,-27.363368,90.000000,
-19.828133,-1.661935,-27.363368,14.749324,-27.186990,-33.994097,29.866251,20.610086,-18.479310,-19.828133,-1.661935,-27.363368,90.000000,
-19.828133,-1.661935,-27.363368,-67.064640,35.808915,-32.621153,-70.537737,-22.738074,-15.731395,-19.828133,-1.661935,-27.363368,90.000000,
-19.828133,-1.661935,-27.363368,14.749324,-27.186990,-33.994097,29.866251,20.610086,-18.479310,-19.828133,-1.661935,-27.363368,90.000000,
-19.828133,-1.661935,-27.363368,-67.064640,35.808915,-32.621153,-70.537737,-22.738074,-15.731395,-19.828133,-1.661935,-27.363368,90.000000,
-19.828133,-1.661935,-27.363368,14.749324,-27.186990,-33.994097,29.866251,20.610086,-18.479310,-19.828133,-1.661935,-27.363368,90.000000,
-19.828133,-1.661935,-27.363368,-67.064640,35.808915,-32.621153,-70.537737,-22.738074,-15.731395,-19.828133,-1.661935,-27.363368,90.000000,
-19.828133,-1.661935,-27.363368,14.749324,-27.186990,-33.994097,29.866251,20.610086,-18.479310,-19.828133,-1.661935,-27.363368,90.000000,
-19.828133,-1.661935,-27.363368,-67.064640,35.808915,-32.621153,-70.537737,-22.738074,-15.731395,-19.828133,-1.661935,-27.363368,90.000000,
-19.828133,-1.661935,-27.363368,14.749324,-27.186990,-33.994097,29.866251,20.610086,-18.479310,-19.828133,-1.661935,-27.363368,90.000000,
-19.828133,-1.661935,-27.363368,-67.064640,35.808915,-32.621153,-70.537737,-22.738074,-15.731395,-19.828133,-1.661935,-27.363368,90.000000,
-19.828133,-1.661935,-27.363368,14.749324,-27.186990,-33.994097,29.866251,20.610086,-18.479310,-19.828133,-1.661935,-27.363368,90.000000,
-19.828133,-1.661935,-27.363368,-67.064640,35.808915,-32.621153,-70.537737,-22.738074,-15.731395,-19.828133,-1.661935,-27.363368,90.000000,
-19.828133,-1.661935,-27.363368,14.749324,-27.186990,-33.994097,29.866251,20.610086,-18.479310,-19.828133,-1.661935,-27.363368,90.000000,
-19.828133,-1.661935,-27.363368,-67.064640,35.808915,-32.621153,-70.537737,-22.738074,-15.731395,-19.828133,-1.661935,-27.363368,90.000000,
-19.828133,-1.661935,-27.363368,14.749324,-27.186990,-33.994097,29.866251,20.610086,-18.479310,-19.828133,-1.661935,-27.363368,90.000000,
-19.828133,-1.661935,-27.363368,-67.064640,35.808915,-32.621153,-70.537737,-22.738074,-15.731395,-19.828133,-1.661935,-27.363368,90.000000,
-19.828133,-1.661935,-27.363368,14.749324,-27.186990,-33.994097,29.866251,20.610086,-18.479310,-19.828133,-1.661935,-27.363368,90.000000,
-19.828133,-1.661935,-27.363368,-67.064640,35.808915,-32.621153,-70.537737,-22.738074,-15.731395,-19.828133,-1.661935,-27.363368,90.000000,
-19.828133,-1.661935,-27.363368,14.749324,-27.186990,-33.994097,29.866251,20.610086,-18.479310,-19.828133,-1.661935,-27.363368,90.000000,
-19.828133,-1.661935,-27.363368,-67.064640,35.808915,-32.621153,-70.537737,-22.738074,-15.731395,-19.828133,-1.661935,-27.363368,90.000000,
-19.828133,-1.661935,-27.363368,14.749324,-27.186990,-33.994097,29.866251,20.610086,-18.479310,-19.828133,-1.661935,-27.363368,90.000000,
-19.828133,-1.661935,-27.363368,-67.064640,35.808915,-32.621153,-70.537737,-22.738074,-15.731395,-19.828133,-1.661935,-27.363368,90.000000,
-19.828133,-1.661935,-27.363368,14.749324,-27.186990,-33.994097,29.866251,20.610086,-18.479310,-19.828133,-1.661935,-27.363368,90.000000,
-19.828133,-1.661935,-27.363368,-67.064640,35.808915,-32.621153,-70.537737,-22.738074,-15.731395,-19.828133,-1.661935,-27.363368,90.000000,
-19.828133,-1.661935,-27.363368,14.749324,-27.186990,-33.994097,29.866251,20.610086,-18.479310,-19.828133,-1.661935,-27.363368,90.000000,
-19.828133,-1.661935,-27.363368,-67.064640,35.808915,-32.621153,-70.537737,-22.738074,-15.731395,-19.828133,-1.661935,-27.363368,90.000000,
-19.828133,-1.661935,-27.363368,14.749324,-27.186990,-33.994097,29.866251,20.610086,-18.479310,-19.828133,-1.661935,-27.363368,90.000000,
-19.828133,-1.661935,-27.363368,-67.064640,35.808915,-32.621153,-70.537737,-22.738074,-15.731395,-19.828133,-1.661935,-27.363368,90.000000,
-19.828133,-1.661935,-27.363368,14.749324,-27.186990,-33.994097,29.866251,20.610086,-18.479310,-19.828133,-1.661935,-27.363368,90.000000,
-19.828133,-1.661935,-27.363368,-67.064640,35.808915,-32.621153,-70.537737,-22.738074,-15.731395,-19.828133,-1.661935,-27.363368,90.000000,
-19.828133,-1.661935,-27.363368,14.749324,-27.186990,-33.994097,29.866251,20.610086,-18.479310,-19.828133,-1.661935,-27.363368,90.000000,
-19.828133,-1.661935,-27.363368,-67.064640,35.808915,-32.621153,-70.537737,-22.738074,-15.731395,-19.828133,-1.661935,-27.363368,90.000000,
-19.828133,-1.661935,-27.363368,14.749324,-27.186990,-33.994097,29.866251,20.610086,-18.479310,-19.828133,-1.661935,-27.363368,90.000000,
-19.828133,-1.661935,-27.363368,-67.064640,35.808915,-32.621153,-70.537737,-22.738074,-15.731395,-19.828133,-1.661935,-27.363368,90.000000,
-19.828133,-1.661935,-27.363368,14.749324,-27.186990,-33.994097,29.866251,20.610086,-18.479310,-19.828133,-1.661935,-27.363368,90.000000,
-19.828133,-1.661935,-27.363368,-67.064640,35.808915,-32.621153,-70.537737,-22.738074,-15.731395,-19.828133,-1.661935,-27.363368,90.000000,
-19.828133,-1.661935,-27.363368,14.749324,-27.186990,-33.994097,29.866251,20.610086,-18.479310,-19.828133,-1.661935,-27.363368,90.000000,
-19.828133,-1.661935,-27.363368,-67.064640,35.808915,-32.621153,-70.537737,-22.738074,-15.731395,-19.828133,-1.661935,-27.363368,90.000000,
-19.828133,-1.661935,-27.363368,14.749324,-27.186990,-33.994097,29.866251,20.610086,-18.479310,-19.828133,-1.661935,-27.363368,90.000000,
-19.828133,-1.661935,-27.363368,-67.064640,35.808915,-32.621153,-70.537737,-22.738074,-15.731395,-19.828133,-1.661935,-27.363368,90.000000,
-19.828133,-1.661935,-27.363368,14.749324,-27.186990,-33.994097,29.866251,20.610086,-18.479310,-19.828133,-1.661935,-27.363368,90.000000,
-19.828133,-1.661935,-27.363368,-67.064640,35.808915,-32.621153,-70.537737,-22.738074,-15.731395,-19.828133,-1.661935,-27.363368,90.000000,
-19.828133,-1.661935,-27.363368,14.749324,-27.186990,-33.994097,29.866251,20.610086,-18.479310,-19.828133,-1.661935,-27.363368,90.000000,
-19.828133,-1.661935,-27.363368,-67.064640,35.808915,-32.621153,-70.537737,-22.738074,-15.731395,-19.828133,-1.661935,-27.363368,90.000000,
-19.828133,-1.661935,-27.363368,14.749324,-27.186990,-33.994097,29.866251,20.610086,-18.479310,-19.828133,-1.661935,-27.363368,90.000000,
-19.828133,-1.661935,-27.363368,-67.064640,35.808915,-32.621153,-70.537737,-22.738074,-15.731395,-19.828133,-1.661935,-27.363368,90.000000,
-19.828133,-1.661935,-27.363368,14.749324,-27.186990,-33.994097,29.866251,20.610086,-18.479310,-19.828133,-1.661935,-27.363368,90.000000,
-19.828133,-1.661935,-27.363368,-67.064640,35.808915,-32.621153,-70.537737,-22.738074,-15.731395,-19.828133,-1.661935,-27.363368,90.000000,
-19.828133,-1.661935,-27.363368,14.749324,-27.186990,-33.994097,29.866251,20.610086,-18.479310,-19.828133,-1.661935,-27.363368,90.000000,
-19.828133,-1.661935,-27.363368,-67.064640,35.808915,-32.621153,-70.537737,-22.738074,-15.731395,-19.828133,-1.661935,-27.363368,90.000000,
-19.828133,-1.661935,-27.363368,14.749324,-27.186990,-33.994097,29.866251,20.610086,-18.479310,-19.828133,-1.661935,-27.363368,90.000000,
-19.828133,-1.661935,-27.363368,-67.064640,35.808915,-32.621153,-70.537737,-22.738074,-15.731395,-19.828133,-1.661935,-27.363368,90.000000,
-19.828133,-1.661935,-27.363368,14.749324,-27.186990,-33.994097,29.866251,20.610086,-18.479310,-19.828133,-1.661935,-27.363368,90.000000,
-19.828133,-1.661935,-27.363368,-67.064640,35.808915,-32.621153,-70.537737,-22.738074,-15.731395,-19.828133,-1.661935,-27.363368,90.000000,
-19.828133,-1.661935,-27.363368,14.749324,-27.186990,-33.994097,29.866251,20.610086,-18.479310,-19.828133,-1.661935,-27.363368,90.000000,
-19.828133,-1.661935,-27.363368,-67.064640,35.808915,-32.621153,-70.537737,-22.738074,-15.731395,-19.828133,-1.661935,-27.363368,90.000000,
-19.828133,-1.661935,-27.363368,14.749324,-27.186990,-33.994097,29.866251,20.610086,-18.479310,-19.828133,-1.661935,-27.363368,90.000000,
-19.828133,-1.661935,-27.363368,-67.064640,35.808915,-32.621153,-70.537737,-22.738074,-15.731395,-19.828133,-1.661935,-27.363368,90.000000,
-19.828133,-1.661935,-27.363368,14.749324,-27.186990,-33.994097,29.866251,20.610086,-18.479310,-19.828133,-1.661935,-27.363368,90.000000,
-19.828133,-1.661935,-27.363368,-67.064640,35.808915,-32.621153,-70.537737,-22.738074,-15.731395,-19.828133,-1.661935,-27.363368,90.000000,
-19.828133,-1.661935,-27.363368,14.749324,-27.186990,-33.994097,29.866251,20.610086,-18.479310,-19.828133,-1.661935,-27.363368,90.000000,
-19.828133,-1.661935,-27.363368,-67.064640,35.808915,-32.621153,-70.537737,-22.738074,-15.731395,-19.828133,-1.661935,-27.363368,90.000000,
-19.828133,-1.661935,-27.363368,14.749324,-27.186990,-33.994097,29.866251,20.610086,-18.479310,-19.828133,-1.661935,-27.363368,90.000000,
-19.828133,-1.661935,-27.363368,-67.064640,35.808915,-32.621153,-70.537737,-22.738074,-15.731395,-19.828133,-1.661935,-27.363368,90.000000,
-19.828133,-1.661935,-27.363368,14.749324,-27.186990,-33.994097,29.866251,20.610086,-18.479310,-19.828133,-1.661935,-27.363368,90.000000,
-19.828133,-1.661935,-27.363368,-67.064640,35.808915,-32.621153,-70.537737,-22.738074,-15.731395,-19.828133,-1.661935,-27.363368,90.000000,
-19.828133,-1.661935,-27.363368,14.749324,-27.186990,-33.994097,29.866251,20.610086,-18.479310,-19.828133,-1.661935,-27.363368,90.000000,
-19.828133,-1.661935,-27.363368,-67.064640,35.808915,-32.621153,-70.537737,-22.738074,-15.731395,-19.828133,-1.661935,-27.363368,90.000000,
-19.828133,-1.661935,-27.363368,14.749324,-27.186990,-33.994097,29.866251,20.610086,-18.479310,-19.828133,-1.661935,-27.363368,90.000000,
-19.828133,-1.661935,-27.363368,-67.064640,35.808915,-32.621153,-70.537737,-22.738074,-15.731395,-19.828133,-1.661935,-27.363368,90.000000,
-19.828133,-1.661935,-27.363368,14.749324,-27.186990,-33.994097,29.866251,20.610086,-18.479310,-19.828133,-1.661935,-27.363368,90.000000,
-19.828133,-1.661935,-27.363368,-67.064640,35.808915,-32.621153,-70.537737,-22.738074,-15.731395,-19.828133,-1.661935,-27.363368,90.000000,
-19.828133,-1.661935,-27.363368,14.749324,-27.186990,-33.994097,29.866251,20.610086,-18.479310,-19.828133,-1.661935,-27.363368,90.000000,
-19.828133,-1.661935,-27.363368,-67.064640,35.808915,-32.621153,-70.537737,-22.738074,-15.731395,-19.828133,-1.661935,-27.363368,90.000000,
-19.828133,-1.661935,-27.363368,14.749324,-27.186990,-33.994097,29.866251,20.610086,-18.479310,-19.828133,-1.661935,-27.363368,90.000000,
-19.828133,-1.661935,-27.363368,-67.064640,35.808915,-32.621153,-70.537737,-22.738074,-15.731395,-19.828133,-1.661935,-27.363368,90.000000,
-19.828133,-1.661935,-27.363368,14.749324,-27.186990,-33.994097,29.866251,20.610086,-18.479310,-19.828133,-1.661935,-27.363368,90.000000,
-19.828133,-1.661935,-27.363368,-67.064640,35.808915,-32.621153,-70.537737,-22.738074,-15.731395,-19.828133,-1.661935,-27.363368,90.000000,
-19.828133,-1.661935,-27.363368,14.749324,-27.186990,-33.994097,29.866251,20.610086,-18.479310,-19.828133,-1.661935,-27.363368,90.000000,
-19.828133,-1.661935,-27.363368,-67.064640,35.808915,-32.621153,-70.537737,-22.738074,-15.731395,-19.828133,-1.661935,-27.363368,90.000000,
-19.828133,-1.661935,-27.363368,14.749324,-27.186990,-33.994097,29.866251,20.610086,-18.479310,-19.828133,-1.661935,-27.363368,90.000000,
-19.828133,-1.661935,-27.363368,-67.064640,35.808915,-32.621153,-70.537737,-22.738074,-15.731395,-19.828133,-1.661935,-27.363368,90.000000,
-19.828133,-1.661935,-27.363368,14.749324,-27.186990,-33.994097,29.866251,20.610086,-18.479310,-19.828133,-1.661935,-27.363368,90.000000,
-19.828133,-1.661935,-27.363368,-67.064640,35.808915,-32.621153,-70.537737,-22.738074,-15.731395,-19.828133,-1.661935,-27.363368,90.000000,
-19.828133,-1.661935,-27.363368,14.749324,-27.186990,-33.994097,29.866251,20.610086,-18.479310,-19.828133,-1.661935,-27.363368,90.000000,
-19.828133,-1.661935,-27.363368,-67.064640,35.808915,-32.621153,-70.537737,-22.738074,-15.731395,-19.828133,-1.661935,-27.363368,90.000000,
-19.828133,-1.661935,-27.363368,14.749324,-27.186990,-33.994097,29.866251,20.610086,-18.479310,-19.828133,-1.661935,-27.363368,90.000000,
-19.828133,-1.661935,-27.363368,-67.064640,35.808915,-32.621153,-70.537737,-22.738074,-15.731395,-19.828133,-1.661935,-27.363368,90.000000,
-19.828133,-1.661935,-27.363368,14.749324,-27.186990,-33.994097,29.866251,20.610086,-18.479310,-19.828133,-1.661935,-27.363368,90.000000,
-19.828133,-1.661935,-27.363368,-67.064640,35.808915,-32.621153,-70.537737,-22.738074,-15.731395,-19.828133,-1.661935,-27.363368,90.000000,
-19.828133,-1.661935,-27.363368,14.749324,-27.186990,-33.994097,29.866251,20.610086,-18.479310,-19.828133,-1.661935,-27.363368,90.000000,
-19.828133,-1.661935,-27.363368,-67.064640,35.808915,-32.621153,-70.537737,-22.738074,-15.731395,-19.828133,-1.661935,-27.363368,90.000000,
-19.828133,-1.661935,-27.363368,14.749324,-27.186990,-33.994097,29.866251,20.610086,-18.479310,-19.828133,-1.661935,-27.363368,90.000000,
-19.828133,-1.661935,-27.363368,-67.064640,35.808915,-32.621153,-70.537737,-22.738074,-15.731395,-19.828133,-1.661935,-27.363368,90.000000,
-19.828133,-1.661935,-27.363368,14.749324,-27.186990,-33.994097,29.866251,20.610086,-18.479310,-19.828133,-1.661935,-27.363368,90.000000,
-19.828133,-1.661935,-27.363368,-67.064640,35.808915,-32.621153,-70.537737,-22.738074,-15.731395,-19.828133,-1.661935,-27.363368,90.000000,
-19.828133,-1.661935,-27.363368,14.749324,-27.186990,-33.994097,29.866251,20.610086,-18.479310,-19.828133,-1.661935,-27.363368,90.000000,
-19.828133,-1.661935,-27.363368,-67.064640,35.808915,-32.621153,-70.537737,-22.738074,-15.731395,-19.828133,-1.661935,-27.363368,90.000000,
-19.828133,-1.661935,-27.363368,14.749324,-27.186990,-33.994097,29.866251,20.610086,-18.479310,-19.828133,-1.661935,-27.363368,90.000000,
-19.828133,-1.661935,-27.363368,-67.064640,35.808915,-32.621153,-70.537737,-22.738074,-15.731395,-19.828133,-1.661935,-27.363368,90.000000,
-19.828133,-1.661935,-27.363368,14.749324,-27.186990,-33.994097,29.866251,20.610086,-18.479310,-19.828133,-1.661935,-27.363368,90.000000,
-19.828133,-1.661935,-27.363368,-67.064640,35.808915,-32.621153,-70.537737,-22.738074,-15.731395,-19.828133,-1.661935,-27.363368,90.000000,
-19.828133,-1.661935,-27.363368,14.749324,-27.186990,-33.994097,29.866251,20.610086,-18.479310,-19.828133,-1.661935,-27.363368,90.000000,
-19.828133,-1.661935,-27.363368,-67.064640,35.808915,-32.621153,-70.537737,-22.738074,-15.731395,-19.828133,-1.661935,-27.363368,90.000000,
-19.828133,-1.661935,-27.363368,14.749324,-27.186990,-33.994097,29.866251,20.610086,-18.479310,-19.828133,-1.661935,-27.363368,90.000000,
-19.828133,-1.661935,-27.363368,-67.064640,35.808915,-32.621153,-70.537737,-22.738074,-15.731395,-19.828133,-1.661935,-27.363368,90.000000,
-19.828133,-1.661935,-27.363368,14.749324,-27.186990,-33.994097,29.866251,20.610086,-18.479310,-19.828133,-1.661935,-27.363368,90.000000,
-19.828133,-1.661935,-27.363368,-67.064640,35.808915,-32.621153,-70.537737,-22.738074,-15.731395,-19.828133,-1.661935,-27.363368,90.000000,
-19.828133,-1.661935,-27.363368,14.749324,-27.186990,-33.994097,29.866251,20.610086,-18.479310,-19.828133,-1.661935,-27.363368,90.000000,
-19.828133,-1.661935,-27.363368,-67.064640,35.808915,-32.621153,-70.537737,-22.738074,-15.731395,-19.828133,-1.661935,-27.363368,90.000000,
-19.828133,-1.661935,-27.363368,14.749324,-27.186990,-33.994097,29.866251,20.610086,-18.479310,-19.828133,-1.661935,-27.363368,90.000000,
-19.828133,-1.661935,-27.363368,-67.064640,35.808915,-32.621153,-70.537737,-22.738074,-15.731395,-19.828133,-1.661935,-27.363368,90.000000,
-19.828133,-1.661935,-27.363368,14.749324,-27.186990,-33.994097,29.866251,20.610086,-18.479310,-19.828133,-1.661935,-27.363368,90.000000,
-19.828133,-1.661935,-27.363368,-67.064640,35.808915,-32.621153,-70.537737,-22.738074,-15.731395,-19.828133,-1.661935,-27.363368,90.000000,
-19.828133,-1.661935,-27.363368,14.749324,-27.186990,-33.994097,29.866251,20.610086,-18.479310,-19.828133,-1.661935,-27.363368,90.000000,
-19.828133,-1.661935,-27.363368,-67.064640,35.808915,-32.621153,-70.537737,-22.738074,-15.731395,-19.828133,-1.661935,-27.363368,90.000000,
-19.828133,-1.661935,-27.363368,14.749324,-27.186990,-33.994097,29.866251,20.610086,-18.479310,-19.828133,-1.661935,-27.363368,90.000000,
-19.828133,-1.661935,-27.363368,-67.064640,35.808915,-32.621153,-70.537737,-22.738074,-15.731395,-19.828133,-1.661935,-27.363368,90.000000,
-19.828133,-1.661935,-27.363368,14.749324,-27.186990,-33.994097,29.866251,20.610086,-18.479310,-19.828133,-1.661935,-27.363368,90.000000,
-19.828133,-1.661935,-27.363368,-67.064640,35.808915,-32.621153,-70.537737,-22.738074,-15.731395,-19.828133,-1.661935,-27.363368,90.000000,
-19.828133,-1.661935,-27.363368,14.749324,-27.186990,-33.994097,29.866251,20.610086,-18.479310,-19.828133,-1.661935,-27.363368,90.000000,
-19.828133,-1.661935,-27.363368,-67.064640,35.808915,-32.621153,-70.537737,-22.738074,-15.731395,-19.828133,-1.661935,-27.363368,90.000000,
-19.828133,-1.661935,-27.363368,14.749324,-27.186990,-33.994097,29.866251,20.610086,-18.479310,-19.828133,-1.661935,-27.363368,90.000000,
-19.828133,-1.661935,-27.363368,-67.064640,35.808915,-32.621153,-70.537737,-22.738074,-15.731395,-19.828133,-1.661935,-27.363368,90.000000,
-19.828133,-1.661935,-27.363368,14.749324,-27.186990,-33.994097,29.866251,20.610086,-18.479310,-19.828133,-1.661935,-27.363368,90.000000,
-19.828133,-1.661935,-27.363368,-67.064640,35.808915,-32.621153,-70.537737,-22.738074,-15.731395,-19.828133,-1.661935,-27.363368,90.000000,
-19.828133,-1.661935,-27.363368,14.749324,-27.186990,-33.994097,29.866251,20.610086,-18.479310,-19.828133,-1.661935,-27.363368,90.000000,
-19.828133,-1.661935,-27.363368,-67.064640,35.808915,-32.621153,-70.537737,-22.738074,-15.731395,-19.828133,-1.661935,-27.363368,90.000000,
-19.828133,-1.661935,-27.363368,14.749324,-27.186990,-33.994097,29.866251,20.610086,-18.479310,-19.828133,-1.661935,-27.363368,90.000000,
-19.828133,-1.661935,-27.363368,-67.064640,35.808915,-32.621153,-70.537737,-22.738074,-15.731395,-19.828133,-1.661935,-27.363368,90.000000,
-19.828133,-1.661935,-27.363368,14.749324,-27.186990,-33.994097,29.866251,20.610086,-18.479310,-19.828133,-1.661935,-27.363368,90.000000,
-19.828133,-1.661935,-27.363368,-67.064640,35.808915,-32.621153,-70.537737,-22.738074,-15.731395,-19.828133,-1.661935,-27.363368,90.000000,
-19.828133,-1.661935,-27.363368,14.749324,-27.186990,-33.994097,29.866251,20.610086,-18.479310,-19.828133,-1.661935,-27.363368,90.000000,
-19.828133,-1.661935,-27.363368,-67.064640,35.808915,-32.621153,-70.537737,-22.738074,-15.731395,-19.828133,-1.661935,-27.363368,90.000000,
-19.828133,-1.661935,-27.363368,14.749324,-27.186990,-33.994097,29.866251,20.610086,-18.479310,-19.828133,-1.661935,-27.363368,90.000000,
-19.828133,-1.661935,-27.363368,-67.064640,35.808915,-32.621153,-70.537737,-22.738074,-15.731395,-19.828133,-1.661935,-27.363368,90.000000,
-19.828133,-1.661935,-27.363368,14.749324,-27.186990,-33.994097,29.866251,20.610086,-18.479310,-19.828133,-1.661935,-27.363368,90.000000,
-19.828133,-1.661935,-27.363368,-67.064640,35.808915,-32.621153,-70.537737,-22.738074,-15.731395,-19.828133,-1.661935,-27.363368,90.000000,
-19.828133,-1.661935,-27.363368,14.749324,-27.186990,-33.994097,29.866251,20.610086,-18.479310,-19.828133,-1.661935,-27.363368,90.000000,
-19.828133,-1.661935,-27.363368,-67.064640,35.808915,-32.621153,-70.537737,-22.738074,-15.731395,-19.828133,-1.661935,-27.363368,90.000000,
-19.828133,-1.661935,-27.363368,14.749324,-27.186990,-33.994097,29.866251,20.610086,-18.479310,-19.828133,-1.661935,-27.363368,90.000000,
-19.828133,-1.661935,-27.363368,-67.064640,35.808915,-32.621153,-70.537737,-22.738074,-15.731395,-19.828133,-1.661935,-27.363368,90.000000,
-19.828133,-1.661935,-27.363368,14.749324,-27.186990,-33.994097,29.866251,20.610086,-18.479310,-19.828133,-1.661935,-27.363368,90.000000,
-19.828133,-1.661935,-27.363368,-67.064640,35.808915,-32.621153,-70.537737,-22.738074,-15.731395,-19.828133,-1.661935,-27.363368,90.000000,
-19.828133,-1.661935,-27.363368,14.749324,-27.186990,-33.994097,29.866251,20.610086,-18.479310,-19.828133,-1.661935,-27.363368,90.000000,
-19.828133,-1.661935,-27.363368,-67.064640,35.808915,-32.621153,-70.537737,-22.738074,-15.731395,-19.828133,-1.661935,-27.363368,90.000000,
-19.828133,-1.661935,-27.363368,14.749324,-27.186990,-33.994097,29.866251,20.610086,-18.479310,-19.828133,-1.661935,-27.363368,90.000000,
-19.828133,-1.661935,-27.363368,-67.064640,35.808915,-32.621153,-70.537737,-22.738074,-15.731395,-19.828133,-1.661935,-27.363368,90.000000,
-19.828133,-1.661935,-27.363368,14.749324,-27.186990,-33.994097,29.866251,20.610086,-18.479310,-19.828133,-1.661935,-27.363368,90.000000,
-19.828133,-1.661935,-27.363368,-67.064640,35.808915,-32.621153,-70.537737,-22.738074,-15.731395,-19.828133,-1.661935,-27.363368,90.000000,
-19.828133,-1.661935,-27.363368,14.749324,-27.186990,-33.994097,29.866251,20.610086,-18.479310,-19.828133,-1.661935,-27.363368,90.000000,
-19.828133,-1.661935,-27.363368,-67.064640,35.808915,-32.621153,-70.537737,-22.738074,-15.731395,-19.828133,-1.661935,-27.363368,90.000000,
-19.828133,-1.661935,-27.363368,14.749324,-27.186990,-33.994097,29.866251,20.610086,-18.479310,-19.828133,-1.661935,-27.363368,90.000000,
-19.828133,-1.661935,-27.363368,-67.064640,35.808915,-32.621153,-70.537737,-22.738074,-15.731395,-19.828133,-1.661935,-27.363368,90.000000,
-19.828133,-1.661935,-27.363368,14.749324,-27.186990,-33.994097,29.866251,20.610086,-18.479310,-19.828133,-1.661935,-27.363368,90.000000,
-19.828133,-1.661935,-27.363368,-67.064640,35.808915,-32.621153,-70.537737,-22.738074,-15.731395,-19.828133,-1.661935,-27.363368,90.000000,
-19.828133,-1.661935,-27.363368,14.749324,-27.186990,-33.994097,29.866251,20.610086,-18.479310,-19.828133,-1.661935,-27.363368,90.000000,
-19.828133,-1.661935,-27.363368,-67.064640,35.808915,-32.621153,-70.537737,-22.738074,-15.731395,-19.828133,-1.661935,-27.363368,90.000000,
-19.828133,-1.661935,-27.363368,14.749324,-27.186990,-33.994097,29.866251,20.610086,-18.479310,-19.828133,-1.661935,-27.363368,90.000000,
-19.828133,-1.661935,-27.363368,-67.064640,35.808915,-32.621153,-70.537737,-22.738074,-15.731395,-19.828133,-1.661935,-27.363368,90.000000,
-19.828133,-1.661935,-27.363368,14.749324,-27.186990,-33.994097,29.866251,20.610086,-18.479310,-19.828133,-1.661935,-27.363368,90.000000,
-19.828133,-1.661935,-27.363368,-67.064640,35.808915,-32.621153,-70.537737,-22.738074,-15.731395,-19.828133,-1.661935,-27.363368,90.000000,
-19.828133,-1.661935,-27.363368,14.749324,-27.186990,-33.994097,29.866251,20.610086,-18.479310,-19.828133,-1.661935,-27.363368,90.000000,
-19.828133,-1.661935,-27.363368,-67.064640,35.808915,-32.621153,-70.537737,-22.738074,-15.731395,-19.828133,-1.661935,-27.363368,90.000000,
-19.828133,-1.661935,-27.363368,14.749324,-27.186990,-33.994097,29.866251,20.610086,-18.479310,-19.828133,-1.661935,-27.363368,90.000000,
-19.828133,-1.661935,-27.363368,-67.064640,35.808915,-32.621153,-70.537737,-22.738074,-15.731395,-19.828133,-1.661935,-27.363368,90.000000,
-19.828133,-1.661935,-27.363368,14.749324,-27.186990,-33.994097,29.866251,20.610086,-18.479310,-19.828133,-1.661935,-27.363368,90.000000,
-19.828133,-1.661935,-27.363368,-67.064640,35.808915,-32.621153,-70.537737,-22.738074,-15.731395,-19.828133,-1.661935,-27.363368,90.000000,
-19.828133,-1.661935,-27.363368,14.749324,-27.186990,-33.994097,29.866251,20.610086,-18.479310,-19.828133,-1.661935,-27.363368,90.000000,
-19.828133,-1.661935,-27.363368,-67.064640,35.808915,-32.621153,-70.537737,-22.738074,-15.731395,-19.828133,-1.661935,-27.363368,90.000000,
-19.828133,-1.661935,-27.363368,14.749324,-27.186990,-33.994097,29.866251,20.610086,-18.479310,-19.828133,-1.661935,-27.363368,90.000000,
-19.828133,-1.661935,-27.363368,-67.064640,35.808915,-32.621153,-70.537737,-22.738074,-15.731395,-19.828133,-1.661935,-27.363368,90.000000,
-19.828133,-1.661935,-27.363368,14.749324,-27.186990,-33.994097,29.866251,20.610086,-18.479310,-19.828133,-1.661935,-27.363368,90.000000,
-19.828133,-1.661935,-27.363368,-67.064640,35.808915,-32.621153,-70.537737,-22.738074,-15.731395,-19.828133,-1.661935,-27.363368,90.000000,
-19.828133,-1.661935,-27.363368,14.749324,-27.186990,-33.994097,29.866251,20.610086,-18.479310,-19.828133,-1.661935,-27.363368,90.000000,
-19.828133,-1.661935,-27.363368,-67.064640,35.808915,-32.621153,-70.537737,-22.738074,-15.731395,-19.828133,-1.661935,-27.363368,90.000000,
-19.828133,-1.661935,-27.363368,14.749324,-27.186990,-33.994097,29.866251,20.610086,-18.479310,-19.828133,-1.661935,-27.363368,90.000000,
-19.828133,-1.661935,-27.363368,-67.064640,35.808915,-32.621153,-70.537737,-22.738074,-15.731395,-19.828133,-1.661935,-27.363368,90.000000,
-19.828133,-1.661935,-27.363368,14.749324,-27.186990,-33.994097,29.866251,20.610086,-18.479310,-19.828133,-1.661935,-27.363368,90.000000,
-19.828133,-1.661935,-27.363368,-67.064640,35.808915,-32.621153,-70.537737,-22.738074,-15.731395,-19.828133,-1.661935,-27.363368,90.000000,
-19.828133,-1.661935,-27.363368,14.749324,-27.186990,-33.994097,29.866251,20.610086,-18.479310,-19.828133,-1.661935,-27.363368,90.000000,
-19.828133,-1.661935,-27.363368,-67.064640,35.808915,-32.621153,-70.537737,-22.738074,-15.731395,-19.828133,-1.661935,-27.363368,90.000000,
-19.828133,-1.661935,-27.363368,14.749324,-27.186990,-33.994097,29.866251,20.610086,-18.479310,-19.828133,-1.661935,-27.363368,90.000000,
-19.828133,-1.661935,-27.363368,-67.064640,35.808915,-32.621153,-70.537737,-22.738074,-15.731395,-19.828133,-1.661935,-27.363368,90.000000,
-19.828133,-1.661935,-27.363368,14.749324,-27.186990,-33.994097,29.866251,20.610086,-18.479310,-19.828133,-1.661935,-27.363368,90.000000,
-19.828133,-1.661935,-27.363368,-67.064640,35.808915,-32.621153,-70.537737,-22.738074,-15.731395,-19.828133,-1.661935,-27.363368,90.000000,
-19.828133,-1.661935,-27.363368,14.749324,-27.186990,-33.994097,29.866251,20.610086,-18.479310,-19.828133,-1.661935,-27.363368,90.000000,
-19.828133,-1.661935,-27.363368,-67.064640,35.808915,-32.621153,-70.537737,-22.738074,-15.731395,-19.828133,-1.661935,-27.363368,90.000000,
-19.828133,-1.661935,-27.363368,14.749324,-27.186990,-33.994097,29.866251,20.610086,-18.479310,-19.828133,-1.661935,-27.363368,90.000000,
-19.828133,-1.661935,-27.363368,-67.064640,35.808915,-32.621153,-70.537737,-22.738074,-15.731395,-19.828133,-1.661935,-27.363368,90.000000,
-19.828133,-1.661935,-27.363368,14.749324,-27.186990,-33.994097,29.866251,20.610086,-18.479310,-19.828133,-1.661935,-27.363368,90.000000,
-19.828133,-1.661935,-27.363368,-67.064640,35.808915,-32.621153,-70.537737,-22.738074,-15.731395,-19.828133,-1.661935,-27.363368,90.000000,
-19.828133,-1.661935,-27.363368,14.749324,-27.186990,-33.994097,29.866251,20.610086,-18.479310,-19.828133,-1.661935,-27.363368,90.000000,
-19.828133,-1.661935,-27.363368,-67.064640,35.808915,-32.621153,-70.537737,-22.738074,-15.731395,-19.828133,-1.661935,-27.363368,90.000000,
-19.828133,-1.661935,-27.363368,14.749324,-27.186990,-33.994097,29.866251,20.610086,-18.479310,-19.828133,-1.661935,-27.363368,90.000000,
-19.828133,-1.661935,-27.363368,-67.064640,35.808915,-32.621153,-70.537737,-22.738074,-15.731395,-19.828133,-1.661935,-27.363368,90.000000,
-19.828133,-1.661935,-27.363368,14.749324,-27.186990,-33.994097,29.866251,20.610086,-18.479310,-19.828133,-1.661935,-27.363368,90.000000,
-19.828133,-1.661935,-27.363368,-67.064640,35.808915,-32.621153,-70.537737,-22.738074,-15.731395,-19.828133,-1.661935,-27.363368,90.000000,
-19.828133,-1.661935,-27.363368,14.749324,-27.186990,-33.994097,29.866251,20.610086,-18.479310,-19.828133,-1.661935,-27.363368,90.000000,
-19.828133,-1.661935,-27.363368,-67.064640,35.808915,-32.621153,-70.537737,-22.738074,-15.731395,-19.828133,-1.661935,-27.363368,90.000000,
-19.828133,-1.661935,-27.363368,14.749324,-27.186990,-33.994097,29.866251,20.610086,-18.479310,-19.828133,-1.661935,-27.363368,90.000000,
-19.828133,-1.661935,-27.363368,-67.064640,35.808915,-32.621153,-70.537737,-22.738074,-15.731395,-19.828133,-1.661935,-27.363368,90.000000,
-19.828133,-1.661935,-27.363368,14.749324,-27.186990,-33.994097,29.866251,20.610086,-18.479310,-19.828133,-1.661935,-27.363368,90.000000,
-19.828133,-1.661935,-27.363368,-67.064640,35.808915,-32.621153,-70.537737,-22.738074,-15.731395,-19.828133,-1.661935,-27.363368,90.000000,
-19.828133,-1.661935,-27.363368,14.749324,-27.186990,-33.994097,29.866251,20.610086,-18.479310,-19.828133,-1.661935,-27.363368,90.000000,
-19.828133,-1.661935,-27.363368,-67.064640,35.808915,-32.621153,-70.537737,-22.738074,-15.731395,-19.828133,-1.661935,-27.363368,90.000000,
-19.828133,-1.661935,-27.363368,14.749324,-27.186990,-33.994097,29.866251,20.610086,-18.479310,-19.828133,-1.661935,-27.363368,90.000000,
-19.828133,-1.661935,-27.363368,-67.064640,35.808915,-32.621153,-70.537737,-22.738074,-15.731395,-19.828133,-1.661935,-27.363368,90.000000,
-19.828133,-1.661935,-27.363368,14.749324,-27.186990,-33.994097,29.866251,20.610086,-18.479310,-19.828133,-1.661935,-27.363368,90.000000,
-19.828133,-1.661935,-27.363368,-67.064640,35.808915,-32.621153,-70.537737,-22.738074,-15.731395,-19.828133,-1.661935,-27.363368,90.000000,
-19.828133,-1.661935,-27.363368,14.749324,-27.186990,-33.994097,29.866251,20.610086,-18.479310,-19.828133,-1.661935,-27.363368,90.000000,
-19.828133,-1.661935,-27.363368,-67.064640,35.808915,-32.621153,-70.537737,-22.738074,-15.731395,-19.828133,-1.661935,-27.363368,90.000000,
-19.828133,-1.661935,-27.363368,14.749324,-27.186990,-33.994097,29.866251,20.610086,-18.479310,-19.828133,-1.661935,-27.363368,90.000000,
-19.828133,-1.661935,-27.363368,-67.064640,35.808915,-32.621153,-70.537737,-22.738074,-15.731395,-19.828133,-1.661935,-27.363368,90.000000,
-19.828133,-1.661935,-27.363368,14.749324,-27.186990,-33.994097,29.866251,20.610086,-18.479310,-19.828133,-1.661935,-27.363368,90.000000,
-19.828133,-1.661935,-27.363368,-67.064640,35.808915,-32.621153,-70.537737,-22.738074,-15.731395,-19.828133,-1.661935,-27.363368,90.000000,
-19.828133,-1.661935,-27.363368,14.749324,-27.186990,-33.994097,29.866251,20.610086,-18.479310,-19.828133,-1.661935,-27.363368,90.000000,
-19.828133,-1.661935,-27.363368,-67.064640,35.808915,-32.621153,-70.537737,-22.738074,-15.731395,-19.828133,-1.661935,-27.363368,90.000000,
-19.828133,-1.661935,-27.363368,14.749324,-27.186990,-33.994097,29.866251,20.610086,-18.479310,-19.828133,-1.661935,-27.363368,90.000000,
-19.828133,-1.661935,-27.363368,-67.064640,35.808915,-32.621153,-70.537737,-22.738074,-15.731395,-19.828133,-1.661935,-27.363368,90.000000,
-19.828133,-1.661935,-27.363368,14.749324,-27.186990,-33.994097,29.866251,20.610086,-18.479310,-19.828133,-1.661935,-27.363368,90.000000,
-19.828133,-1.661935,-27.363368,-67.064640,35.808915,-32.621153,-70.537737,-22.738074,-15.731395,-19.828133,-1.661935,-27.363368,90.000000,
-19.828133,-1.661935,-27.363368,14.749324,-27.186990,-33.994097,29.866251,20.610086,-18.479310,-19.828133,-1.661935,-27.363368,90.000000,
-19.828133,-1.661935,-27.363368,-67.064640,35.808915,-32.621153,-70.537737,-22.738074,-15.731395,-19.828133,-1.661935,-27.363368,90.000000,
-19.828133,-1.661935,-27.363368,14.749324,-27.186990,-33.994097,29.866251,20.610086,-18.479310,-19.828133,-1.661935,-27.363368,90.000000,
-19.828133,-1.661935,-27.363368,-67.064640,35.808915,-32.621153,-70.537737,-22.738074,-15.731395,-19.828133,-1.661935,-27.363368,90.000000,
-19.828133,-1.661935,-27.363368,14.749324,-27.186990,-33.994097,29.866251,20.610086,-18.479310,-19.828133,-1.661935,-27.363368,90.000000,
-19.828133,-1.661935,-27.363368,-67.064640,35.808915,-32.621153,-70.537737,-22.738074,-15.731395,-19.828133,-1.661935,-27.363368,90.000000,
-19.828133,-1.661935,-27.363368,14.749324,-27.186990,-33.994097,29.866251,20.610086,-18.479310,-19.828133,-1.661935,-27.363368,90.000000,
-19.828133,-1.661935,-27.363368,-67.064640,35.808915,-32.621153,-70.537737,-22.738074,-15.731395,-19.828133,-1.661935,-27.363368,90.000000,
-19.828133,-1.661935,-27.363368,14.749324,-27.186990,-33.994097,29.866251,20.610086,-18.479310,-19.828133,-1.661935,-27.363368,90.000000,
-19.828133,-1.661935,-27.363368,-67.064640,35.808915,-32.621153,-70.537737,-22.738074,-15.731395,-19.828133,-1.661935,-27.363368,90.000000,
-19.828133,-1.661935,-27.363368,14.749324,-27.186990,-33.994097,29.866251,20.610086,-18.479310,-19.828133,-1.661935,-27.363368,90.000000,
-19.828133,-1.661935,-27.363368,-67.064640,35.808915,-32.621153,-70.537737,-22.738074,-15.731395,-19.828133,-1.661935,-27.363368,90.000000,
-19.828133,-1.661935,-27.363368,14.749324,-27.186990,-33.994097,29.866251,20.610086,-18.479310,-19.828133,-1.661935,-27.363368,90.000000,
-19.828133,-1.661935,-27.363368,-67.064640,35.808915,-32.621153,-70.537737,-22.738074,-15.731395,-19.828133,-1.661935,-27.363368,90.000000,
-19.828133,-1.661935,-27.363368,14.749324,-27.186990,-33.994097,29.866251,20.610086,-18.479310,-19.828133,-1.661935,-27.363368,90.000000,
-19.828133,-1.661935,-27.363368,-67.064640,35.808915,-32.621153,-70.537737,-22.738074,-15.731395,-19.828133,-1.661935,-27.363368,90.000000,
-19.828133,-1.661935,-27.363368,14.749324,-27.186990,-33.994097,29.866251,20.610086,-18.479310,-19.828133,-1.661935,-27.363368,90.000000,
-19.828133,-1.661935,-27.363368,-67.064640,35.808915,-32.621153,-70.537737,-22.738074,-15.731395,-19.828133,-1.661935,-27.363368,90.000000,
-19.828133,-1.661935,-27.363368,14.749324,-27.186990,-33.994097,29.866251,20.610086,-18.479310,-19.828133,-1.661935,-27.363368,90.000000,
-19.828133,-1.661935,-27.363368,-67.064640,35.808915,-32.621153,-70.537737,-22.738074,-15.731395,-19.828133,-1.661935,-27.363368,90.000000,
-19.828133,-1.661935,-27.363368,14.749324,-27.186990,-33.994097,29.866251,20.610086,-18.479310,-19.828133,-1.661935,-27.363368,90.000000,
-19.828133,-1.661935,-27.363368,-67.064640,35.808915,-32.621153,-70.537737,-22.738074,-15.731395,-19.828133,-1.661935,-27.363368,90.000000,
-19.828133,-1.661935,-27.363368,14.749324,-27.186990,-33.994097,29.866251,20.610086,-18.479310,-19.828133,-1.661935,-27.363368,90.000000,
-19.828133,-1.661935,-27.363368,-67.064640,35.808915,-32.621153,-70.537737,-22.738074,-15.731395,-19.828133,-1.661935,-27.363368,90.000000,
-19.828133,-1.661935,-27.363368,14.749324,-27.186990,-33.994097,29.866251,20.610086,-18.479310,-19.828133,-1.661935,-27.363368,90.000000,
-19.828133,-1.661935,-27.363368,-67.064640,35.808915,-32.621153,-70.537737,-22.738074,-15.731395,-19.828133,-1.661935,-27.363368,90.000000,
-19.828133,-1.661935,-27.363368,14.749324,-27.186990,-33.994097,29.866251,20.610086,-18.479310,-19.828133,-1.661935,-27.363368,90.000000,
-19.828133,-1.661935,-27.363368,-67.064640,35.808915,-32.621153,-70.537737,-22.738074,-15.731395,-19.828133,-1.661935,-27.363368,90.000000,
-19.828133,-1.661935,-27.363368,14.749324,-27.186990,-33.994097,29.866251,20.610086,-18.479310,-19.828133,-1.661935,-27.363368,90.000000,
-19.828133,-1.661935,-27.363368,-67.064640,35.808915,-32.621153,-70.537737,-22.738074,-15.731395,-19.828133,-1.661935,-27.363368,90.000000,
-19.828133,-1.661935,-27.363368,14.749324,-27.186990,-33.994097,29.866251,20.610086,-18.479310,-19.828133,-1.661935,-27.363368,90.000000,
-19.828133,-1.661935,-27.363368,-67.064640,35.808915,-32.621153,-70.537737,-22.738074,-15.731395,-19.828133,-1.661935,-27.363368,90.000000,
-19.828133,-1.661935,-27.363368,14.749324,-27.186990,-33.994097,29.866251,20.610086,-18.479310,-19.828133,-1.661935,-27.363368,90.000000,
-19.828133,-1.661935,-27.363368,-67.064640,35.808915,-32.621153,-70.537737,-22.738074,-15.731395,-19.828133,-1.661935,-27.363368,90.000000,
-19.828133,-1.661935,-27.363368,14.749324,-27.186990,-33.994097,29.866251,20.610086,-18.479310,-19.828133,-1.661935,-27.363368,90.000000,
-19.828133,-1.661935,-27.363368,-67.064640,35.808915,-32.621153,-70.537737,-22.738074,-15.731395,-19.828133,-1.661935,-27.363368,90.000000,
-19.828133,-1.661935,-27.363368,14.749324,-27.186990,-33.994097,29.866251,20.610086,-18.479310,-19.828133,-1.661935,-27.363368,90.000000,
-19.828133,-1.661935,-27.363368,-67.064640,35.808915,-32.621153,-70.537737,-22.738074,-15.731395,-19.828133,-1.661935,-27.363368,90.000000,
-19.828133,-1.661935,-27.363368,14.749324,-27.186990,-33.994097,29.866251,20.610086,-18.479310,-19.828133,-1.661935,-27.363368,90.000000,
-19.828133,-1.661935,-27.363368,-67.064640,35.808915,-32.621153,-70.537737,-22.738074,-15.731395,-19.828133,-1.661935,-27.363368,90.000000,
-19.828133,-1.661935,-27.363368,14.749324,-27.186990,-33.994097,29.866251,20.610086,-18.479310,-19.828133,-1.661935,-27.363368,90.000000,
-19.828133,-1.661935,-27.363368,-67.064640,35.808915,-32.621153,-70.537737,-22.738074,-15.731395,-19.828133,-1.661935,-27.363368,90.000000,
-19.828133,-1.661935,-27.363368,14.749324,-27.186990,-33.994097,29.866251,20.610086,-18.479310,-19.828133,-1.661935,-27.363368,90.000000,
-19.828133,-1.661935,-27.363368,-67.064640,35.808915,-32.621153,-70.537737,-22.738074,-15.731395,-19.828133,-1.661935,-27.363368,90.000000,
-19.828133,-1.661935,-27.363368,14.749324,-27.186990,-33.994097,29.866251,20.610086,-18.479310,-19.828133,-1.661935,-27.363368,90.000000,
-19.828133,-1.661935,-27.363368,-67.064640,35.808915,-32.621153,-70.537737,-22.738074,-15.731395,-19.828133,-1.661935,-27.363368,90.000000,
-19.828133,-1.661935,-27.363368,14.749324,-27.186990,-33.994097,29.866251,20.610086,-18.479310,-19.828133,-1.661935,-27.363368,90.000000,
-19.828133,-1.661935,-27.363368,-67.064640,35.808915,-32.621153,-70.537737,-22.738074,-15.731395,-19.828133,-1.661935,-27.363368,90.000000,
-19.828133,-1.661935,-27.363368,14.749324,-27.186990,-33.994097,29.866251,20.610086,-18.479310,-19.828133,-1.661935,-27.363368,90.000000,
-19.828133,-1.661935,-27.363368,-67.064640,35.808915,-32.621153,-70.537737,-22.738074,-15.731395,-19.828133,-1.661935,-27.363368,90.000000,
-19.828133,-1.661935,-27.363368,14.749324,-27.186990,-33.994097,29.866251,20.610086,-18.479310,-19.828133,-1.661935,-27.363368,90.000000,
-19.828133,-1.661935,-27.363368,-67.064640,35.808915,-32.621153,-70.537737,-22.738074,-15.731395,-19.828133,-1.661935,-27.363368,90.000000,
-19.828133,-1.661935,-27.363368,14.749324,-27.186990,-33.994097,29.866251,20.610086,-18.479310,-19.828133,-1.661935,-27.363368,90.000000,
-19.828133,-1.661935,-27.363368,-67.064640,35.808915,-32.621153,-70.537737,-22.738074,-15.731395,-19.828133,-1.661935,-27.363368,90.000000,
-19.828133,-1.661935,-27.363368,14.749324,-27.186990,-33.994097,29.866251,20.610086,-18.479310,-19.828133,-1.661935,-27.363368,90.000000,
-19.828133,-1.661935,-27.363368,-67.064640,35.808915,-32.621153,-70.537737,-22.738074,-15.731395,-19.828133,-1.661935,-27.363368,90.000000,
-19.828133,-1.661935,-27.363368,14.749324,-27.186990,-33.994097,29.866251,20.610086,-18.479310,-19.828133,-1.661935,-27.363368,90.000000,
-19.828133,-1.661935,-27.363368,-67.064640,35.808915,-32.621153,-70.537737,-22.738074,-15.731395,-19.828133,-1.661935,-27.363368,90.000000,
-19.828133,-1.661935,-27.363368,14.749324,-27.186990,-33.994097,29.866251,20.610086,-18.479310,-19.828133,-1.661935,-27.363368,90.000000,
-19.828133,-1.661935,-27.363368,-67.064640,35.808915,-32.621153,-70.537737,-22.738074,-15.731395,-19.828133,-1.661935,-27.363368,90.000000,
-19.828133,-1.661935,-27.363368,14.749324,-27.186990,-33.994097,29.866251,20.610086,-18.479310,-19.828133,-1.661935,-27.363368,90.000000,
-19.828133,-1.661935,-27.363368,-67.064640,35.808915,-32.621153,-70.537737,-22.738074,-15.731395,-19.828133,-1.661935,-27.363368,90.000000,
-19.828133,-1.661935,-27.363368,14.749324,-27.186990,-33.994097,29.866251,20.610086,-18.479310,-19.828133,-1.661935,-27.363368,90.000000,
-19.828133,-1.661935,-27.363368,-67.064640,35.808915,-32.621153,-70.537737,-22.738074,-15.731395,-19.828133,-1.661935,-27.363368,90.000000,
-19.828133,-1.661935,-27.363368,14.749324,-27.186990,-33.994097,29.866251,20.610086,-18.479310,-19.828133,-1.661935,-27.363368,90.000000,
-19.828133,-1.661935,-27.363368,-67.064640,35.808915,-32.621153,-70.537737,-22.738074,-15.731395,-19.828133,-1.661935,-27.363368,90.000000,
-19.828133,-1.661935,-27.363368,14.749324,-27.186990,-33.994097,29.866251,20.610086,-18.479310,-19.828133,-1.661935,-27.363368,90.000000,
-19.828133,-1.661935,-27.363368,-67.064640,35.808915,-32.621153,-70.537737,-22.738074,-15.731395,-19.828133,-1.661935,-27.363368,90.000000,
-19.828133,-1.661935,-27.363368,14.749324,-27.186990,-33.994097,29.866251,20.610086,-18.479310,-19.828133,-1.661935,-27.363368,90.000000,
-19.828133,-1.661935,-27.363368,-67.064640,35.808915,-32.621153,-70.537737,-22.738074,-15.731395,-19.828133,-1.661935,-27.363368,90.000000,
-19.828133,-1.661935,-27.363368,14.749324,-27.186990,-33.994097,29.866251,20.610086,-18.479310,-19.828133,-1.661935,-27.363368,90.000000,
-19.828133,-1.661935,-27.363368,-67.064640,35.808915,-32.621153,-70.537737,-22.738074,-15.731395,-19.828133,-1.661935,-27.363368,90.000000,
-19.828133,-1.661935,-27.363368,14.749324,-27.186990,-33.994097,29.866251,20.610086,-18.479310,-19.828133,-1.661935,-27.363368,90.000000,
-19.828133,-1.661935,-27.363368,-67.064640,35.808915,-32.621153,-70.537737,-22.738074,-15.731395,-19.828133,-1.661935,-27.363368,90.000000,
-19.828133,-1.661935,-27.363368,14.749324,-27.186990,-33.994097,29.866251,20.610086,-18.479310,-19.828133,-1.661935,-27.363368,90.000000,
-19.828133,-1.661935,-27.363368,-67.064640,35.808915,-32.621153,-70.537737,-22.738074,-15.731395,-19.828133,-1.661935,-27.363368,90.000000,
-19.828133,-1.661935,-27.363368,14.749324,-27.186990,-33.994097,29.866251,20.610086,-18.479310,-19.828133,-1.661935,-27.363368,90.000000,
-19.828133,-1.661935,-27.363368,-67.064640,35.808915,-32.621153,-70.537737,-22.738074,-15.731395,-19.828133,-1.661935,-27.363368,90.000000,
-19.828133,-1.661935,-27.363368,14.749324,-27.186990,-33.994097,29.866251,20.610086,-18.479310,-19.828133,-1.661935,-27.363368,90.000000,
-19.828133,-1.661935,-27.363368,-67.064640,35.808915,-32.621153,-70.537737,-22.738074,-15.731395,-19.828133,-1.661935,-27.363368,90.000000,
-19.828133,-1.661935,-27.363368,14.749324,-27.186990,-33.994097,29.866251,20.610086,-18.479310,-19.828133,-1.661935,-27.363368,90.000000,
-19.828133,-1.661935,-27.363368,-67.064640,35.808915,-32.621153,-70.537737,-22.738074,-15.731395,-19.828133,-1.661935,-27.363368,90.000000,
-19.828133,-1.661935,-27.363368,14.749324,-27.186990,-33.994097,29.866251,20.610086,-18.479310,-19.828133,-1.661935,-27.363368,90.000000,
-19.828133,-1.661935,-27.363368,-67.064640,35.808915,-32.621153,-70.537737,-22.738074,-15.731395,-19.828133,-1.661935,-27.363368,90.000000,
-19.828133,-1.661935,-27.363368,14.749324,-27.186990,-33.994097,29.866251,20.610086,-18.479310,-19.828133,-1.661935,-27.363368,90.000000,
-19.828133,-1.661935,-27.363368,-67.064640,35.808915,-32.621153,-70.537737,-22.738074,-15.731395,-19.828133,-1.661935,-27.363368,90.000000,
-19.828133,-1.661935,-27.363368,14.749324,-27.186990,-33.994097,29.866251,20.610086,-18.479310,-19.828133,-1.661935,-27.363368,90.000000,
-19.828133,-1.661935,-27.363368,-67.064640,35.808915,-32.621153,-70.537737,-22.738074,-15.731395,-19.828133,-1.661935,-27.363368,90.000000,
-19.828133,-1.661935,-27.363368,14.749324,-27.186990,-33.994097,29.866251,20.610086,-18.479310,-19.828133,-1.661935,-27.363368,90.000000,
-19.828133,-1.661935,-27.363368,-67.064640,35.808915,-32.621153,-70.537737,-22.738074,-15.731395,-19.828133,-1.661935,-27.363368,90.000000,
-19.828133,-1.661935,-27.363368,14.749324,-27.186990,-33.994097,29.866251,20.610086,-18.479310,-19.828133,-1.661935,-27.363368,90.000000,
-19.828133,-1.661935,-27.363368,-67.064640,35.808915,-32.621153,-70.537737,-22.738074,-15.731395,-19.828133,-1.661935,-27.363368,90.000000,
-19.828133,-1.661935,-27.363368,14.749324,-27.186990,-33.994097,29.866251,20.610086,-18.479310,-19.828133,-1.661935,-27.363368,90.000000,
-19.828133,-1.661935,-27.363368,-67.064640,35.808915,-32.621153,-70.537737,-22.738074,-15.731395,-19.828133,-1.661935,-27.363368,90.000000,
-19.828133,-1.661935,-27.363368,14.749324,-27.186990,-33.994097,29.866251,20.610086,-18.479310,-19.828133,-1.661935,-27.363368,90.000000,
-19.828133,-1.661935,-27.363368,-67.064640,35.808915,-32.621153,-70.537737,-22.738074,-15.731395,-19.828133,-1.661935,-27.363368,90.000000,
-19.828133,-1.661935,-27.363368,14.749324,-27.186990,-33.994097,29.866251,20.610086,-18.479310,-19.828133,-1.661935,-27.363368,90.000000,
-19.828133,-1.661935,-27.363368,-67.064640,35.808915,-32.621153,-70.537737,-22.738074,-15.731395,-19.828133,-1.661935,-27.363368,90.000000,
-19.828133,-1.661935,-27.363368,14.749324,-27.186990,-33.994097,29.866251,20.610086,-18.479310,-19.828133,-1.661935,-27.363368,90.000000,
-19.828133,-1.661935,-27.363368,-67.064640,35.808915,-32.621153,-70.537737,-22.738074,-15.731395,-19.828133,-1.661935,-27.363368,90.000000,
-19.828133,-1.661935,-27.363368,14.749324,-27.186990,-33.994097,29.866251,20.610086,-18.479310,-19.828133,-1.661935,-27.363368,90.000000,
-19.828133,-1.661935,-27.363368,-67.064640,35.808915,-32.621153,-70.537737,-22.738074,-15.731395,-19.828133,-1.661935,-27.363368,90.000000,
-19.828133,-1.661935,-27.363368,14.749324,-27.186990,-33.994097,29.866251,20.610086,-18.479310,-19.828133,-1.661935,-27.363368,90.000000,
-19.828133,-1.661935,-27.363368,-67.064640,35.808915,-32.621153,-70.537737,-22.738074,-15.731395,-19.828133,-1.661935,-27.363368,90.000000,
-19.828133,-1.661935,-27.363368,14.749324,-27.186990,-33.994097,29.866251,20.610086,-18.479310,-19.828133,-1.661935,-27.363368,90.000000,
-19.828133,-1.661935,-27.363368,-67.064640,35.808915,-32.621153,-70.537737,-22.738074,-15.731395,-19.828133,-1.661935,-27.363368,90.000000,
-19.828133,-1.661935,-27.363368,14.749324,-27.186990,-33.994097,29.866251,20.610086,-18.479310,-19.828133,-1.661935,-27.363368,90.000000,
-19.828133,-1.661935,-27.363368,-67.064640,35.808915,-32.621153,-70.537737,-22.738074,-15.731395,-19.828133,-1.661935,-27.363368,90.000000,
-19.828133,-1.661935,-27.363368,14.749324,-27.186990,-33.994097,29.866251,20.610086,-18.479310,-19.828133,-1.661935,-27.363368,90.000000,
-19.828133,-1.661935,-27.363368,-67.064640,35.808915,-32.621153,-70.537737,-22.738074,-15.731395,-19.828133,-1.661935,-27.363368,90.000000,
-19.828133,-1.661935,-27.363368,14.749324,-27.186990,-33.994097,29.866251,20.610086,-18.479310,-19.828133,-1.661935,-27.363368,90.000000,
-19.828133,-1.661935,-27.363368,-67.064640,35.808915,-32.621153,-70.537737,-22.738074,-15.731395,-19.828133,-1.661935,-27.363368,90.000000,
-19.828133,-1.661935,-27.363368,14.749324,-27.186990,-33.994097,29.866251,20.610086,-18.479310,-19.828133,-1.661935,-27.363368,90.000000,
-19.828133,-1.661935,-27.363368,-67.064640,35.808915,-32.621153,-70.537737,-22.738074,-15.731395,-19.828133,-1.661935,-27.363368,90.000000,
-19.828133,-1.661935,-27.363368,14.749324,-27.186990,-33.994097,29.866251,20.610086,-18.479310,-19.828133,-1.661935,-27.363368,90.000000,
-19.828133,-1.661935,-27.363368,-67.064640,35.808915,-32.621153,-70.537737,-22.738074,-15.731395,-19.828133,-1.661935,-27.363368,90.000000,
-19.828133,-1.661935,-27.363368,14.749324,-27.186990,-33.994097,29.866251,20.610086,-18.479310,-19.828133,-1.661935,-27.363368,90.000000,
-19.828133,-1.661935,-27.363368,-67.064640,35.808915,-32.621153,-70.537737,-22.738074,-15.731395,-19.828133,-1.661935,-27.363368,90.000000,
-19.828133,-1.661935,-27.363368,14.749324,-27.186990,-33.994097,29.866251,20.610086,-18.479310,-19.828133,-1.661935,-27.363368,90.000000,
-19.828133,-1.661935,-27.363368,-67.064640,35.808915,-32.621153,-70.537737,-22.738074,-15.731395,-19.828133,-1.661935,-27.363368,90.000000,
-19.828133,-1.661935,-27.363368,14.749324,-27.186990,-33.994097,29.866251,20.610086,-18.479310,-19.828133,-1.661935,-27.363368,90.000000,
-19.828133,-1.661935,-27.363368,-67.064640,35.808915,-32.621153,-70.537737,-22.738074,-15.731395,-19.828133,-1.661935,-27.363368,90.000000,
-19.828133,-1.661935,-27.363368,14.749324,-27.186990,-33.994097,29.866251,20.610086,-18.479310,-19.828133,-1.661935,-27.363368,90.000000,
-19.828133,-1.661935,-27.363368,-67.064640,35.808915,-32.621153,-70.537737,-22.738074,-15.731395,-19.828133,-1.661935,-27.363368,90.000000,
-19.828133,-1.661935,-27.363368,14.749324,-27.186990,-33.994097,29.866251,20.610086,-18.479310,-19.828133,-1.661935,-27.363368,90.000000,
-19.828133,-1.661935,-27.363368,-67.064640,35.808915,-32.621153,-70.537737,-22.738074,-15.731395,-19.828133,-1.661935,-27.363368,90.000000,
-19.828133,-1.661935,-27.363368,14.749324,-27.186990,-33.994097,29.866251,20.610086,-18.479310,-19.828133,-1.661935,-27.363368,90.000000,
-19.828133,-1.661935,-27.363368,-67.064640,35.808915,-32.621153,-70.537737,-22.738074,-15.731395,-19.828133,-1.661935,-27.363368,90.000000,
-19.828133,-1.661935,-27.363368,14.749324,-27.186990,-33.994097,29.866251,20.610086,-18.479310,-19.828133,-1.661935,-27.363368,90.000000,
-19.828133,-1.661935,-27.363368,-67.064640,35.808915,-32.621153,-70.537737,-22.738074,-15.731395,-19.828133,-1.661935,-27.363368,90.000000,
-19.828133,-1.661935,-27.363368,14.749324,-27.186990,-33.994097,29.866251,20.610086,-18.479310,-19.828133,-1.661935,-27.363368,90.000000,
-19.828133,-1.661935,-27.363368,-67.064640,35.808915,-32.621153,-70.537737,-22.738074,-15.731395,-19.828133,-1.661935,-27.363368,90.000000,
-19.828133,-1.661935,-27.363368,14.749324,-27.186990,-33.994097,29.866251,20.610086,-18.479310,-19.828133,-1.661935,-27.363368,90.000000,
-19.828133,-1.661935,-27.363368,-67.064640,35.808915,-32.621153,-70.537737,-22.738074,-15.731395,-19.828133,-1.661935,-27.363368,90.000000,
-19.828133,-1.661935,-27.363368,14.749324,-27.186990,-33.994097,29.866251,20.610086,-18.479310,-19.828133,-1.661935,-27.363368,90.000000,
-19.828133,-1.661935,-27.363368,-67.064640,35.808915,-32.621153,-70.537737,-22.738074,-15.731395,-19.828133,-1.661935,-27.363368,90.000000,
-19.828133,-1.661935,-27.363368,14.749324,-27.186990,-33.994097,29.866251,20.610086,-18.479310,-19.828133,-1.661935,-27.363368,90.000000,
-19.828133,-1.661935,-27.363368,-67.064640,35.808915,-32.621153,-70.537737,-22.738074,-15.731395,-19.828133,-1.661935,-27.363368,90.000000,
-19.828133,-1.661935,-27.363368,14.749324,-27.186990,-33.994097,29.866251,20.610086,-18.479310,-19.828133,-1.661935,-27.363368,90.000000,
-19.828133,-1.661935,-27.363368,-67.064640,35.808915,-32.621153,-70.537737,-22.738074,-15.731395,-19.828133,-1.661935,-27.363368,90.000000,
-19.828133,-1.661935,-27.363368,14.749324,-27.186990,-33.994097,29.866251,20.610086,-18.479310,-19.828133,-1.661935,-27.363368,90.000000,
-19.828133,-1.661935,-27.363368,-67.064640,35.808915,-32.621153,-70.537737,-22.738074,-15.731395,-19.828133,-1.661935,-27.363368,90.000000,
-19.828133,-1.661935,-27.363368,14.749324,-27.186990,-33.994097,29.866251,20.610086,-18.479310,-19.828133,-1.661935,-27.363368,90.000000,
-19.828133,-1.661935,-27.363368,-67.064640,35.808915,-32.621153,-70.537737,-22.738074,-15.731395,-19.828133,-1.661935,-27.363368,90.000000,
-19.828133,-1.661935,-27.363368,14.749324,-27.186990,-33.994097,29.866251,20.610086,-18.479310,-19.828133,-1.661935,-27.363368,90.000000,
-19.828133,-1.661935,-27.363368,-67.064640,35.808915,-32.621153,-70.537737,-22.738074,-15.731395,-19.828133,-1.661935,-27.363368,90.000000,
-19.828133,-1.661935,-27.363368,14.749324,-27.186990,-33.994097,29.866251,20.610086,-18.479310,-19.828133,-1.661935,-27.363368,90.000000,
-19.828133,-1.661935,-27.363368,-67.064640,35.808915,-32.621153,-70.537737,-22.738074,-15.731395,-19.828133,-1.661935,-27.363368,90.000000,
-19.828133,-1.661935,-27.363368,14.749324,-27.186990,-33.994097,29.866251,20.610086,-18.479310,-19.828133,-1.661935,-27.363368,90.000000,
-19.828133,-1.661935,-27.363368,-67.064640,35.808915,-32.621153,-70.537737,-22.738074,-15.731395,-19.828133,-1.661935,-27.363368,90.000000,
-19.828133,-1.661935,-27.363368,14.749324,-27.186990,-33.994097,29.866251,20.610086,-18.479310,-19.828133,-1.661935,-27.363368,90.000000,
-19.828133,-1.661935,-27.363368,-67.064640,35.808915,-32.621153,-70.537737,-22.738074,-15.731395,-19.828133,-1.661935,-27.363368,90.000000,
-19.828133,-1.661935,-27.363368,14.749324,-27.186990,-33.994097,29.866251,20.610086,-18.479310,-19.828133,-1.661935,-27.363368,90.000000,
-19.828133,-1.661935,-27.363368,-67.064640,35.808915,-32.621153,-70.537737,-22.738074,-15.731395,-19.828133,-1.661935,-27.363368,90.000000,
-19.828133,-1.661935,-27.363368,14.749324,-27.186990,-33.994097,29.866251,20.610086,-18.479310,-19.828133,-1.661935,-27.363368,90.000000,
-19.828133,-1.661935,-27.363368,-67.064640,35.808915,-32.621153,-70.537737,-22.738074,-15.731395,-19.828133,-1.661935,-27.363368,90.000000,
-19.828133,-1.661935,-27.363368,14.749324,-27.186990,-33.994097,29.866251,20.610086,-18.479310,-19.828133,-1.661935,-27.363368,90.000000,
-19.828133,-1.661935,-27.363368,-67.064640,35.808915,-32.621153,-70.537737,-22.738074,-15.731395,-19.828133,-1.661935,-27.363368,90.000000,
-19.828133,-1.661935,-27.363368,14.749324,-27.186990,-33.994097,29.866251,20.610086,-18.479310,-19.828133,-1.661935,-27.363368,90.000000,
-19.828133,-1.661935,-27.363368,-67.064640,35.808915,-32.621153,-70.537737,-22.738074,-15.731395,-19.828133,-1.661935,-27.363368,90.000000,
-19.828133,-1.661935,-27.363368,14.749324,-27.186990,-33.994097,29.866251,20.610086,-18.479310,-19.828133,-1.661935,-27.363368,90.000000,
-19.828133,-1.661935,-27.363368,-67.064640,35.808915,-32.621153,-70.537737,-22.738074,-15.731395,-19.828133,-1.661935,-27.363368,90.000000,
-19.828133,-1.661935,-27.363368,14.749324,-27.186990,-33.994097,29.866251,20.610086,-18.479310,-19.828133,-1.661935,-27.363368,90.000000,
-19.828133,-1.661935,-27.363368,-67.064640,35.808915,-32.621153,-70.537737,-22.738074,-15.731395,-19.828133,-1.661935,-27.363368,90.000000,
-19.828133,-1.661935,-27.363368,14.749324,-27.186990,-33.994097,29.866251,20.610086,-18.479310,-19.828133,-1.661935,-27.363368,90.000000,
-19.828133,-1.661935,-27.363368,-67.064640,35.808915,-32.621153,-70.537737,-22.738074,-15.731395,-19.828133,-1.661935,-27.363368,90.000000,
-19.828133,-1.661935,-27.363368,14.749324,-27.186990,-33.994097,29.866251,20.610086,-18.479310,-19.828133,-1.661935,-27.363368,90.000000,
-19.828133,-1.661935,-27.363368,-67.064640,35.808915,-32.621153,-70.537737,-22.738074,-15.731395,-19.828133,-1.661935,-27.363368,90.000000,
-19.828133,-1.661935,-27.363368,14.749324,-27.186990,-33.994097,29.866251,20.610086,-18.479310,-19.828133,-1.661935,-27.363368,90.000000,
-19.828133,-1.661935,-27.363368,-67.064640,35.808915,-32.621153,-70.537737,-22.738074,-15.731395,-19.828133,-1.661935,-27.363368,90.000000,
-19.828133,-1.661935,-27.363368,14.749324,-27.186990,-33.994097,29.866251,20.610086,-18.479310,-19.828133,-1.661935,-27.363368,90.000000,
-19.828133,-1.661935,-27.363368,-67.064640,35.808915,-32.621153,-70.537737,-22.738074,-15.731395,-19.828133,-1.661935,-27.363368,90.000000,
-19.828133,-1.661935,-27.363368,14.749324,-27.186990,-33.994097,29.866251,20.610086,-18.479310,-19.828133,-1.661935,-27.363368,90.000000,
-19.828133,-1.661935,-27.363368,-67.064640,35.808915,-32.621153,-70.537737,-22.738074,-15.731395,-19.828133,-1.661935,-27.363368,90.000000,
-19.828133,-1.661935,-27.363368,14.749324,-27.186990,-33.994097,29.866251,20.610086,-18.479310,-19.828133,-1.661935,-27.363368,90.000000,
-19.828133,-1.661935,-27.363368,-67.064640,35.808915,-32.621153,-70.537737,-22.738074,-15.731395,-19.828133,-1.661935,-27.363368,90.000000,
-19.828133,-1.661935,-27.363368,14.749324,-27.186990,-33.994097,29.866251,20.610086,-18.479310,-19.828133,-1.661935,-27.363368,90.000000,
-19.828133,-1.661935,-27.363368,-67.064640,35.808915,-32.621153,-70.537737,-22.738074,-15.731395,-19.828133,-1.661935,-27.363368,90.000000,
-19.828133,-1.661935,-27.363368,14.749324,-27.186990,-33.994097,29.866251,20.610086,-18.479310,-19.828133,-1.661935,-27.363368,90.000000,
-19.828133,-1.661935,-27.363368,-67.064640,35.808915,-32.621153,-70.537737,-22.738074,-15.731395,-19.828133,-1.661935,-27.363368,90.000000,
-19.828133,-1.661935,-27.363368,14.749324,-27.186990,-33.994097,29.866251,20.610086,-18.479310,-19.828133,-1.661935,-27.363368,90.000000,
-19.828133,-1.661935,-27.363368,-67.064640,35.808915,-32.621153,-70.537737,-22.738074,-15.731395,-19.828133,-1.661935,-27.363368,90.000000,
-19.828133,-1.661935,-27.363368,14.749324,-27.186990,-33.994097,29.866251,20.610086,-18.479310,-19.828133,-1.661935,-27.363368,90.000000,
-19.828133,-1.661935,-27.363368,-67.064640,35.808915,-32.621153,-70.537737,-22.738074,-15.731395,-19.828133,-1.661935,-27.363368,90.000000,
-19.828133,-1.661935,-27.363368,14.749324,-27.186990,-33.994097,29.866251,20.610086,-18.479310,-19.828133,-1.661935,-27.363368,90.000000,
-19.828133,-1.661935,-27.363368,-67.064640,35.808915,-32.621153,-70.537737,-22.738074,-15.731395,-19.828133,-1.661935,-27.363368,90.000000,
-19.828133,-1.661935,-27.363368,14.749324,-27.186990,-33.994097,29.866251,20.610086,-18.479310,-19.828133,-1.661935,-27.363368,90.000000,
-19.828133,-1.661935,-27.363368,-67.064640,35.808915,-32.621153,-70.537737,-22.738074,-15.731395,-19.828133,-1.661935,-27.363368,90.000000,
-19.828133,-1.661935,-27.363368,14.749324,-27.186990,-33.994097,29.866251,20.610086,-18.479310,-19.828133,-1.661935,-27.363368,90.000000,
-19.828133,-1.661935,-27.363368,-67.064640,35.808915,-32.621153,-70.537737,-22.738074,-15.731395,-19.828133,-1.661935,-27.363368,90.000000,
-19.828133,-1.661935,-27.363368,14.749324,-27.186990,-33.994097,29.866251,20.610086,-18.479310,-19.828133,-1.661935,-27.363368,90.000000,
-19.828133,-1.661935,-27.363368,-67.064640,35.808915,-32.621153,-70.537737,-22.738074,-15.731395,-19.828133,-1.661935,-27.363368,90.000000,
-19.828133,-1.661935,-27.363368,14.749324,-27.186990,-33.994097,29.866251,20.610086,-18.479310,-19.828133,-1.661935,-27.363368,90.000000,
-19.828133,-1.661935,-27.363368,-67.064640,35.808915,-32.621153,-70.537737,-22.738074,-15.731395,-19.828133,-1.661935,-27.363368,90.000000,
-19.828133,-1.661935,-27.363368,14.749324,-27.186990,-33.994097,29.866251,20.610086,-18.479310,-19.828133,-1.661935,-27.363368,90.000000,
-19.828133,-1.661935,-27.363368,-67.064640,35.808915,-32.621153,-70.537737,-22.738074,-15.731395,-19.828133,-1.661935,-27.363368,90.000000,
-19.828133,-1.661935,-27.363368,14.749324,-27.186990,-33.994097,29.866251,20.610086,-18.479310,-19.828133,-1.661935,-27.363368,90.000000,
-19.828133,-1.661935,-27.363368,-67.064640,35.808915,-32.621153,-70.537737,-22.738074,-15.731395,-19.828133,-1.661935,-27.363368,90.000000,
-19.828133,-1.661935,-27.363368,14.749324,-27.186990,-33.994097,29.866251,20.610086,-18.479310,-19.828133,-1.661935,-27.363368,90.000000,
-19.828133,-1.661935,-27.363368,-67.064640,35.808915,-32.621153,-70.537737,-22.738074,-15.731395,-19.828133,-1.661935,-27.363368,90.000000,
-19.828133,-1.661935,-27.363368,14.749324,-27.186990,-33.994097,29.866251,20.610086,-18.479310,-19.828133,-1.661935,-27.363368,90.000000,
-19.828133,-1.661935,-27.363368,-67.064640,35.808915,-32.621153,-70.537737,-22.738074,-15.731395,-19.828133,-1.661935,-27.363368,90.000000,
-19.828133,-1.661935,-27.363368,14.749324,-27.186990,-33.994097,29.866251,20.610086,-18.479310,-19.828133,-1.661935,-27.363368,90.000000,
-19.828133,-1.661935,-27.363368,-67.064640,35.808915,-32.621153,-70.537737,-22.738074,-15.731395,-19.828133,-1.661935,-27.363368,90.000000,
-19.828133,-1.661935,-27.363368,14.749324,-27.186990,-33.994097,29.866251,20.610086,-18.479310,-19.828133,-1.661935,-27.363368,90.000000,
-19.828133,-1.661935,-27.363368,-67.064640,35.808915,-32.621153,-70.537737,-22.738074,-15.731395,-19.828133,-1.661935,-27.363368,90.000000,
-19.828133,-1.661935,-27.363368,14.749324,-27.186990,-33.994097,29.866251,20.610086,-18.479310,-19.828133,-1.661935,-27.363368,90.000000,
-19.828133,-1.661935,-27.363368,-67.064640,35.808915,-32.621153,-70.537737,-22.738074,-15.731395,-19.828133,-1.661935,-27.363368,90.000000,
-19.828133,-1.661935,-27.363368,14.749324,-27.186990,-33.994097,29.866251,20.610086,-18.479310,-19.828133,-1.661935,-27.363368,90.000000,
-19.828133,-1.661935,-27.363368,-67.064640,35.808915,-32.621153,-70.537737,-22.738074,-15.731395,-19.828133,-1.661935,-27.363368,90.000000,
-19.828133,-1.661935,-27.363368,14.749324,-27.186990,-33.994097,29.866251,20.610086,-18.479310,-19.828133,-1.661935,-27.363368,90.000000,
-19.828133,-1.661935,-27.363368,-67.064640,35.808915,-32.621153,-70.537737,-22.738074,-15.731395,-19.828133,-1.661935,-27.363368,90.000000,
-19.828133,-1.661935,-27.363368,14.749324,-27.186990,-33.994097,29.866251,20.610086,-18.479310,-19.828133,-1.661935,-27.363368,90.000000,
-19.828133,-1.661935,-27.363368,-67.064640,35.808915,-32.621153,-70.537737,-22.738074,-15.731395,-19.828133,-1.661935,-27.363368,90.000000,
-19.828133,-1.661935,-27.363368,14.749324,-27.186990,-33.994097,29.866251,20.610086,-18.479310,-19.828133,-1.661935,-27.363368,90.000000,
-19.828133,-1.661935,-27.363368,-67.064640,35.808915,-32.621153,-70.537737,-22.738074,-15.731395,-19.828133,-1.661935,-27.363368,90.000000,
-19.828133,-1.661935,-27.363368,14.749324,-27.186990,-33.994097,29.866251,20.610086,-18.479310,-19.828133,-1.661935,-27.363368,90.000000,
-19.828133,-1.661935,-27.363368,-67.064640,35.808915,-32.621153,-70.537737,-22.738074,-15.731395,-19.828133,-1.661935,-27.363368,90.000000,
-19.828133,-1.661935,-27.363368,14.749324,-27.186990,-33.994097,29.866251,20.610086,-18.479310,-19.828133,-1.661935,-27.363368,90.000000,
-19.828133,-1.661935,-27.363368,-67.064640,35.808915,-32.621153,-70.537737,-22.738074,-15.731395,-19.828133,-1.661935,-27.363368,90.000000,
-19.828133,-1.661935,-27.363368,14.749324,-27.186990,-33.994097,29.866251,20.610086,-18.479310,-19.828133,-1.661935,-27.363368,90.000000,
-19.828133,-1.661935,-27.363368,-67.064640,35.808915,-32.621153,-70.537737,-22.738074,-15.731395,-19.828133,-1.661935,-27.363368,90.000000,
-19.828133,-1.661935,-27.363368,14.749324,-27.186990,-33.994097,29.866251,20.610086,-18.479310,-19.828133,-1.661935,-27.363368,90.000000,
-19.828133,-1.661935,-27.363368,-67.064640,35.808915,-32.621153,-70.537737,-22.738074,-15.731395,-19.828133,-1.661935,-27.363368,90.000000,
-19.828133,-1.661935,-27.363368,14.749324,-27.186990,-33.994097,29.866251,20.610086,-18.479310,-19.828133,-1.661935,-27.363368,90.000000,
-19.828133,-1.661935,-27.363368,-67.064640,35.808915,-32.621153,-70.537737,-22.738074,-15.731395,-19.828133,-1.661935,-27.363368,90.000000,
-19.828133,-1.661935,-27.363368,14.749324,-27.186990,-33.994097,29.866251,20.610086,-18.479310,-19.828133,-1.661935,-27.363368,90.000000,
-19.828133,-1.661935,-27.363368,-67.064640,35.808915,-32.621153,-70.537737,-22.738074,-15.731395,-19.828133,-1.661935,-27.363368,90.000000,
-19.828133,-1.661935,-27.363368,14.749324,-27.186990,-33.994097,29.866251,20.610086,-18.479310,-19.828133,-1.661935,-27.363368,90.000000,
-19.828133,-1.661935,-27.363368,-67.064640,35.808915,-32.621153,-70.537737,-22.738074,-15.731395,-19.828133,-1.661935,-27.363368,90.000000,
-19.828133,-1.661935,-27.363368,14.749324,-27.186990,-33.994097,29.866251,20.610086,-18.479310,-19.828133,-1.661935,-27.363368,90.000000,
-19.828133,-1.661935,-27.363368,-67.064640,35.808915,-32.621153,-70.537737,-22.738074,-15.731395,-19.828133,-1.661935,-27.363368,90.000000,
-19.828133,-1.661935,-27.363368,14.749324,-27.186990,-33.994097,29.866251,20.610086,-18.479310,-19.828133,-1.661935,-27.363368,90.000000,
-19.828133,-1.661935,-27.363368,-67.064640,35.808915,-32.621153,-70.537737,-22.738074,-15.731395,-19.828133,-1.661935,-27.363368,90.000000,
-19.828133,-1.661935,-27.363368,14.749324,-27.186990,-33.994097,29.866251,20.610086,-18.479310,-19.828133,-1.661935,-27.363368,90.000000,
-19.828133,-1.661935,-27.363368,-67.064640,35.808915,-32.621153,-70.537737,-22.738074,-15.731395,-19.828133,-1.661935,-27.363368,90.000000,
-19.828133,-1.661935,-27.363368,14.749324,-27.186990,-33.994097,29.866251,20.610086,-18.479310,-19.828133,-1.661935,-27.363368,90.000000,
-19.828133,-1.661935,-27.363368,-67.064640,35.808915,-32.621153,-70.537737,-22.738074,-15.731395,-19.828133,-1.661935,-27.363368,90.000000,
-19.828133,-1.661935,-27.363368,14.749324,-27.186990,-33.994097,29.866251,20.610086,-18.479310,-19.828133,-1.661935,-27.363368,90.000000,
-19.828133,-1.661935,-27.363368,-67.064640,35.808915,-32.621153,-70.537737,-22.738074,-15.731395,-19.828133,-1.661935,-27.363368,90.000000,
-19.828133,-1.661935,-27.363368,14.749324,-27.186990,-33.994097,29.866251,20.610086,-18.479310,-19.828133,-1.661935,-27.363368,90.000000,
-19.828133,-1.661935,-27.363368,-67.064640,35.808915,-32.621153,-70.537737,-22.738074,-15.731395,-19.828133,-1.661935,-27.363368,90.000000,
-19.828133,-1.661935,-27.363368,14.749324,-27.186990,-33.994097,29.866251,20.610086,-18.479310,-19.828133,-1.661935,-27.363368,90.000000,
-19.828133,-1.661935,-27.363368,-67.064640,35.808915,-32.621153,-70.537737,-22.738074,-15.731395,-19.828133,-1.661935,-27.363368,90.000000,
-19.828133,-1.661935,-27.363368,14.749324,-27.186990,-33.994097,29.866251,20.610086,-18.479310,-19.828133,-1.661935,-27.363368,90.000000,
-19.828133,-1.661935,-27.363368,-67.064640,35.808915,-32.621153,-70.537737,-22.738074,-15.731395,-19.828133,-1.661935,-27.363368,90.000000,
-19.828133,-1.661935,-27.363368,14.749324,-27.186990,-33.994097,29.866251,20.610086,-18.479310,-19.828133,-1.661935,-27.363368,90.000000,
-19.828133,-1.661935,-27.363368,-67.064640,35.808915,-32.621153,-70.537737,-22.738074,-15.731395,-19.828133,-1.661935,-27.363368,90.000000,
-19.828133,-1.661935,-27.363368,14.749324,-27.186990,-33.994097,29.866251,20.610086,-18.479310,-19.828133,-1.661935,-27.363368,90.000000,
-19.828133,-1.661935,-27.363368,-67.064640,35.808915,-32.621153,-70.537737,-22.738074,-15.731395,-19.828133,-1.661935,-27.363368,90.000000,
-19.828133,-1.661935,-27.363368,14.749324,-27.186990,-33.994097,29.866251,20.610086,-18.479310,-19.828133,-1.661935,-27.363368,90.000000,
-19.828133,-1.661935,-27.363368,-67.064640,35.808915,-32.621153,-70.537737,-22.738074,-15.731395,-19.828133,-1.661935,-27.363368,90.000000,
-19.828133,-1.661935,-27.363368,14.749324,-27.186990,-33.994097,29.866251,20.610086,-18.479310,-19.828133,-1.661935,-27.363368,90.000000,
-19.828133,-1.661935,-27.363368,-67.064640,35.808915,-32.621153,-70.537737,-22.738074,-15.731395,-19.828133,-1.661935,-27.363368,90.000000,
-19.828133,-1.661935,-27.363368,14.749324,-27.186990,-33.994097,29.866251,20.610086,-18.479310,-19.828133,-1.661935,-27.363368,90.000000,
-19.828133,-1.661935,-27.363368,-67.064640,35.808915,-32.621153,-70.537737,-22.738074,-15.731395,-19.828133,-1.661935,-27.363368,90.000000,
-19.828133,-1.661935,-27.363368,14.749324,-27.186990,-33.994097,29.866251,20.610086,-18.479310,-19.828133,-1.661935,-27.363368,90.000000,
-19.828133,-1.661935,-27.363368,-67.064640,35.808915,-32.621153,-70.537737,-22.738074,-15.731395,-19.828133,-1.661935,-27.363368,90.000000,
-19.828133,-1.661935,-27.363368,14.749324,-27.186990,-33.994097,29.866251,20.610086,-18.479310,-19.828133,-1.661935,-27.363368,90.000000,
-19.828133,-1.661935,-27.363368,-67.064640,35.808915,-32.621153,-70.537737,-22.738074,-15.731395,-19.828133,-1.661935,-27.363368,90.000000,
-19.828133,-1.661935,-27.363368,14.749324,-27.186990,-33.994097,29.866251,20.610086,-18.479310,-19.828133,-1.661935,-27.363368,90.000000,
-19.828133,-1.661935,-27.363368,-67.064640,35.808915,-32.621153,-70.537737,-22.738074,-15.731395,-19.828133,-1.661935,-27.363368,90.000000,
-19.828133,-1.661935,-27.363368,14.749324,-27.186990,-33.994097,29.866251,20.610086,-18.479310,-19.828133,-1.661935,-27.363368,90.000000,
-19.828133,-1.661935,-27.363368,-67.064640,35.808915,-32.621153,-70.537737,-22.738074,-15.731395,-19.828133,-1.661935,-27.363368,90.000000,
-19.828133,-1.661935,-27.363368,14.749324,-27.186990,-33.994097,29.866251,20.610086,-18.479310,-19.828133,-1.661935,-27.363368,90.000000,
-19.828133,-1.661935,-27.363368,-67.064640,35.808915,-32.621153,-70.537737,-22.738074,-15.731395,-19.828133,-1.661935,-27.363368,90.000000,
-19.828133,-1.661935,-27.363368,14.749324,-27.186990,-33.994097,29.866251,20.610086,-18.479310,-19.828133,-1.661935,-27.363368,90.000000,
-19.828133,-1.661935,-27.363368,-67.064640,35.808915,-32.621153,-70.537737,-22.738074,-15.731395,-19.828133,-1.661935,-27.363368,90.000000,
-19.828133,-1.661935,-27.363368,14.749324,-27.186990,-33.994097,29.866251,20.610086,-18.479310,-19.828133,-1.661935,-27.363368,90.000000,
-19.828133,-1.661935,-27.363368,-67.064640,35.808915,-32.621153,-70.537737,-22.738074,-15.731395,-19.828133,-1.661935,-27.363368,90.000000,
-19.828133,-1.661935,-27.363368,14.749324,-27.186990,-33.994097,29.866251,20.610086,-18.479310,-19.828133,-1.661935,-27.363368,90.000000,
-19.828133,-1.661935,-27.363368,-67.064640,35.808915,-32.621153,-70.537737,-22.738074,-15.731395,-19.828133,-1.661935,-27.363368,90.000000,
-19.828133,-1.661935,-27.363368,14.749324,-27.186990,-33.994097,29.866251,20.610086,-18.479310,-19.828133,-1.661935,-27.363368,90.000000,
-19.828133,-1.661935,-27.363368,-67.064640,35.808915,-32.621153,-70.537737,-22.738074,-15.731395,-19.828133,-1.661935,-27.363368,90.000000,
-19.828133,-1.661935,-27.363368,14.749324,-27.186990,-33.994097,29.866251,20.610086,-18.479310,-19.828133,-1.661935,-27.363368,90.000000,
-19.828133,-1.661935,-27.363368,-67.064640,35.808915,-32.621153,-70.537737,-22.738074,-15.731395,-19.828133,-1.661935,-27.363368,90.000000,
-19.828133,-1.661935,-27.363368,14.749324,-27.186990,-33.994097,29.866251,20.610086,-18.479310,-19.828133,-1.661935,-27.363368,90.000000,
-19.828133,-1.661935,-27.363368,-67.064640,35.808915,-32.621153,-70.537737,-22.738074,-15.731395,-19.828133,-1.661935,-27.363368,90.000000,
-19.828133,-1.661935,-27.363368,14.749324,-27.186990,-33.994097,29.866251,20.610086,-18.479310,-19.828133,-1.661935,-27.363368,90.000000,
-19.828133,-1.661935,-27.363368,-67.064640,35.808915,-32.621153,-70.537737,-22.738074,-15.731395,-19.828133,-1.661935,-27.363368,90.000000,
-19.828133,-1.661935,-27.363368,14.749324,-27.186990,-33.994097,29.866251,20.610086,-18.479310,-19.828133,-1.661935,-27.363368,90.000000,
-19.828133,-1.661935,-27.363368,-67.064640,35.808915,-32.621153,-70.537737,-22.738074,-15.731395,-19.828133,-1.661935,-27.363368,90.000000,
-19.828133,-1.661935,-27.363368,14.749324,-27.186990,-33.994097,29.866251,20.610086,-18.479310,-19.828133,-1.661935,-27.363368,90.000000,
-19.828133,-1.661935,-27.363368,-67.064640,35.808915,-32.621153,-70.537737,-22.738074,-15.731395,-19.828133,-1.661935,-27.363368,90.000000,
-19.828133,-1.661935,-27.363368,14.749324,-27.186990,-33.994097,29.866251,20.610086,-18.479310,-19.828133,-1.661935,-27.363368,90.000000,
-19.828133,-1.661935,-27.363368,-67.064640,35.808915,-32.621153,-70.537737,-22.738074,-15.731395,-19.828133,-1.661935,-27.363368,90.000000,
-19.828133,-1.661935,-27.363368,14.749324,-27.186990,-33.994097,29.866251,20.610086,-18.479310,-19.828133,-1.661935,-27.363368,90.000000,
-19.828133,-1.661935,-27.363368,-67.064640,35.808915,-32.621153,-70.537737,-22.738074,-15.731395,-19.828133,-1.661935,-27.363368,90.000000,
-19.828133,-1.661935,-27.363368,14.749324,-27.186990,-33.994097,29.866251,20.610086,-18.479310,-19.828133,-1.661935,-27.363368,90.000000,
-19.828133,-1.661935,-27.363368,-67.064640,35.808915,-32.621153,-70.537737,-22.738074,-15.731395,-19.828133,-1.661935,-27.363368,90.000000,
-19.828133,-1.661935,-27.363368,14.749324,-27.186990,-33.994097,29.866251,20.610086,-18.479310,-19.828133,-1.661935,-27.363368,90.000000,
-19.828133,-1.661935,-27.363368,-67.064640,35.808915,-32.621153,-70.537737,-22.738074,-15.731395,-19.828133,-1.661935,-27.363368,90.000000,
-19.828133,-1.661935,-27.363368,14.749324,-27.186990,-33.994097,29.866251,20.610086,-18.479310,-19.828133,-1.661935,-27.363368,90.000000,
-19.828133,-1.661935,-27.363368,-67.064640,35.808915,-32.621153,-70.537737,-22.738074,-15.731395,-19.828133,-1.661935,-27.363368,90.000000,
-19.828133,-1.661935,-27.363368,14.749324,-27.186990,-33.994097,29.866251,20.610086,-18.479310,-19.828133,-1.661935,-27.363368,90.000000,
-19.828133,-1.661935,-27.363368,-67.064640,35.808915,-32.621153,-70.537737,-22.738074,-15.731395,-19.828133,-1.661935,-27.363368,90.000000,
-19.828133,-1.661935,-27.363368,14.749324,-27.186990,-33.994097,29.866251,20.610086,-18.479310,-19.828133,-1.661935,-27.363368,90.000000,
-19.828133,-1.661935,-27.363368,-67.064640,35.808915,-32.621153,-70.537737,-22.738074,-15.731395,-19.828133,-1.661935,-27.363368,90.000000,
-19.828133,-1.661935,-27.363368,14.749324,-27.186990,-33.994097,29.866251,20.610086,-18.479310,-19.828133,-1.661935,-27.363368,90.000000,
-19.828133,-1.661935,-27.363368,-67.064640,35.808915,-32.621153,-70.537737,-22.738074,-15.731395,-19.828133,-1.661935,-27.363368,90.000000,
-19.828133,-1.661935,-27.363368,14.749324,-27.186990,-33.994097,29.866251,20.610086,-18.479310,-19.828133,-1.661935,-27.363368,90.000000,
-19.828133,-1.661935,-27.363368,-67.064640,35.808915,-32.621153,-70.537737,-22.738074,-15.731395,-19.828133,-1.661935,-27.363368,90.000000,
-19.828133,-1.661935,-27.363368,14.749324,-27.186990,-33.994097,29.866251,20.610086,-18.479310,-19.828133,-1.661935,-27.363368,90.000000,
-19.828133,-1.661935,-27.363368,-67.064640,35.808915,-32.621153,-70.537737,-22.738074,-15.731395,-19.828133,-1.661935,-27.363368,90.000000,
-19.828133,-1.661935,-27.363368,14.749324,-27.186990,-33.994097,29.866251,20.610086,-18.479310,-19.828133,-1.661935,-27.363368,90.000000,
-19.828133,-1.661935,-27.363368,-67.064640,35.808915,-32.621153,-70.537737,-22.738074,-15.731395,-19.828133,-1.661935,-27.363368,90.000000,
-19.828133,-1.661935,-27.363368,14.749324,-27.186990,-33.994097,29.866251,20.610086,-18.479310,-19.828133,-1.661935,-27.363368,90.000000,
-19.828133,-1.661935,-27.363368,-67.064640,35.808915,-32.621153,-70.537737,-22.738074,-15.731395,-19.828133,-1.661935,-27.363368,90.000000,
-19.828133,-1.661935,-27.363368,14.749324,-27.186990,-33.994097,29.866251,20.610086,-18.479310,-19.828133,-1.661935,-27.363368,90.000000,
-19.828133,-1.661935,-27.363368,-67.064640,35.808915,-32.621153,-70.537737,-22.738074,-15.731395,-19.828133,-1.661935,-27.363368,90.000000,
-19.828133,-1.661935,-27.363368,14.749324,-27.186990,-33.994097,29.866251,20.610086,-18.479310,-19.828133,-1.661935,-27.363368,90.000000,
-19.828133,-1.661935,-27.363368,-67.064640,35.808915,-32.621153,-70.537737,-22.738074,-15.731395,-19.828133,-1.661935,-27.363368,90.000000,
-19.828133,-1.661935,-27.363368,14.749324,-27.186990,-33.994097,29.866251,20.610086,-18.479310,-19.828133,-1.661935,-27.363368,90.000000,
-19.828133,-1.661935,-27.363368,-67.064640,35.808915,-32.621153,-70.537737,-22.738074,-15.731395,-19.828133,-1.661935,-27.363368,90.000000,
-19.828133,-1.661935,-27.363368,14.749324,-27.186990,-33.994097,29.866251,20.610086,-18.479310,-19.828133,-1.661935,-27.363368,90.000000,
-19.828133,-1.661935,-27.363368,-67.064640,35.808915,-32.621153,-70.537737,-22.738074,-15.731395,-19.828133,-1.661935,-27.363368,90.000000,
-19.828133,-1.661935,-27.363368,14.749324,-27.186990,-33.994097,29.866251,20.610086,-18.479310,-19.828133,-1.661935,-27.363368,90.000000,
-19.828133,-1.661935,-27.363368,-67.064640,35.808915,-32.621153,-70.537737,-22.738074,-15.731395,-19.828133,-1.661935,-27.363368,90.000000,
-19.828133,-1.661935,-27.363368,14.749324,-27.186990,-33.994097,29.866251,20.610086,-18.479310,-19.828133,-1.661935,-27.363368,90.000000,
-19.828133,-1.661935,-27.363368,-67.064640,35.808915,-32.621153,-70.537737,-22.738074,-15.731395,-19.828133,-1.661935,-27.363368,90.000000,
-19.828133,-1.661935,-27.363368,14.749324,-27.186990,-33.994097,29.866251,20.610086,-18.479310,-19.828133,-1.661935,-27.363368,90.000000,
-19.828133,-1.661935,-27.363368,-67.064640,35.808915,-32.621153,-70.537737,-22.738074,-15.731395,-19.828133,-1.661935,-27.363368,90.000000,
-19.828133,-1.661935,-27.363368,14.749324,-27.186990,-33.994097,29.866251,20.610086,-18.479310,-19.828133,-1.661935,-27.363368,90.000000,
-19.828133,-1.661935,-27.363368,-67.064640,35.808915,-32.621153,-70.537737,-22.738074,-15.731395,-19.828133,-1.661935,-27.363368,90.000000,
-19.828133,-1.661935,-27.363368,14.749324,-27.186990,-33.994097,29.866251,20.610086,-18.479310,-19.828133,-1.661935,-27.363368,90.000000,
-19.828133,-1.661935,-27.363368,-67.064640,35.808915,-32.621153,-70.537737,-22.738074,-15.731395,-19.828133,-1.661935,-27.363368,90.000000,
-19.828133,-1.661935,-27.363368,14.749324,-27.186990,-33.994097,29.866251,20.610086,-18.479310,-19.828133,-1.661935,-27.363368,90.000000,
-19.828133,-1.661935,-27.363368,-67.064640,35.808915,-32.621153,-70.537737,-22.738074,-15.731395,-19.828133,-1.661935,-27.363368,90.000000,
-19.828133,-1.661935,-27.363368,14.749324,-27.186990,-33.994097,29.866251,20.610086,-18.479310,-19.828133,-1.661935,-27.363368,90.000000,
-19.828133,-1.661935,-27.363368,-67.064640,35.808915,-32.621153,-70.537737,-22.738074,-15.731395,-19.828133,-1.661935,-27.363368,90.000000,
-19.828133,-1.661935,-27.363368,14.749324,-27.186990,-33.994097,29.866251,20.610086,-18.479310,-19.828133,-1.661935,-27.363368,90.000000,
-19.828133,-1.661935,-27.363368,-67.064640,35.808915,-32.621153,-70.537737,-22.738074,-15.731395,-19.828133,-1.661935,-27.363368,90.000000,
-19.828133,-1.661935,-27.363368,14.749324,-27.186990,-33.994097,29.866251,20.610086,-18.479310,-19.828133,-1.661935,-27.363368,90.000000,
-19.828133,-1.661935,-27.363368,-67.064640,35.808915,-32.621153,-70.537737,-22.738074,-15.731395,-19.828133,-1.661935,-27.363368,90.000000,
-19.828133,-1.661935,-27.363368,14.749324,-27.186990,-33.994097,29.866251,20.610086,-18.479310,-19.828133,-1.661935,-27.363368,90.000000,
-19.828133,-1.661935,-27.363368,-67.064640,35.808915,-32.621153,-70.537737,-22.738074,-15.731395,-19.828133,-1.661935,-27.363368,90.000000,
-19.828133,-1.661935,-27.363368,14.749324,-27.186990,-33.994097,29.866251,20.610086,-18.479310,-19.828133,-1.661935,-27.363368,90.000000,
-19.828133,-1.661935,-27.363368,-67.064640,35.808915,-32.621153,-70.537737,-22.738074,-15.731395,-19.828133,-1.661935,-27.363368,90.000000,
-19.828133,-1.661935,-27.363368,14.749324,-27.186990,-33.994097,29.866251,20.610086,-18.479310,-19.828133,-1.661935,-27.363368,90.000000,
-19.828133,-1.661935,-27.363368,-67.064640,35.808915,-32.621153,-70.537737,-22.738074,-15.731395,-19.828133,-1.661935,-27.363368,90.000000,
-19.828133,-1.661935,-27.363368,14.749324,-27.186990,-33.994097,29.866251,20.610086,-18.479310,-19.828133,-1.661935,-27.363368,90.000000,
-19.828133,-1.661935,-27.363368,-67.064640,35.808915,-32.621153,-70.537737,-22.738074,-15.731395,-19.828133,-1.661935,-27.363368,90.000000,
-19.828133,-1.661935,-27.363368,14.749324,-27.186990,-33.994097,29.866251,20.610086,-18.479310,-19.828133,-1.661935,-27.363368,90.000000,
-19.828133,-1.661935,-27.363368,-67.064640,35.808915,-32.621153,-70.537737,-22.738074,-15.731395,-19.828133,-1.661935,-27.363368,90.000000,
-19.828133,-1.661935,-27.363368,14.749324,-27.186990,-33.994097,29.866251,20.610086,-18.479310,-19.828133,-1.661935,-27.363368,90.000000,
-19.828133,-1.661935,-27.363368,-67.064640,35.808915,-32.621153,-70.537737,-22.738074,-15.731395,-19.828133,-1.661935,-27.363368,90.000000,
-19.828133,-1.661935,-27.363368,14.749324,-27.186990,-33.994097,29.866251,20.610086,-18.479310,-19.828133,-1.661935,-27.363368,90.000000,
-19.828133,-1.661935,-27.363368,-67.064640,35.808915,-32.621153,-70.537737,-22.738074,-15.731395,-19.828133,-1.661935,-27.363368,90.000000,
-19.828133,-1.661935,-27.363368,14.749324,-27.186990,-33.994097,29.866251,20.610086,-18.479310,-19.828133,-1.661935,-27.363368,90.000000,
-19.828133,-1.661935,-27.363368,-67.064640,35.808915,-32.621153,-70.537737,-22.738074,-15.731395,-19.828133,-1.661935,-27.363368,90.000000,
-19.828133,-1.661935,-27.363368,14.749324,-27.186990,-33.994097,29.866251,20.610086,-18.479310,-19.828133,-1.661935,-27.363368,90.000000,
-19.828133,-1.661935,-27.363368,-67.064640,35.808915,-32.621153,-70.537737,-22.738074,-15.731395,-19.828133,-1.661935,-27.363368,90.000000,
-19.828133,-1.661935,-27.363368,14.749324,-27.186990,-33.994097,29.866251,20.610086,-18.479310,-19.828133,-1.661935,-27.363368,90.000000,
-19.828133,-1.661935,-27.363368,-67.064640,35.808915,-32.621153,-70.537737,-22.738074,-15.731395,-19.828133,-1.661935,-27.363368,90.000000,
-19.828133,-1.661935,-27.363368,14.749324,-27.186990,-33.994097,29.866251,20.610086,-18.479310,-19.828133,-1.661935,-27.363368,90.000000,
-19.828133,-1.661935,-27.363368,-67.064640,35.808915,-32.621153,-70.537737,-22.738074,-15.731395,-19.828133,-1.661935,-27.363368,90.000000,
-19.828133,-1.661935,-27.363368,14.749324,-27.186990,-33.994097,29.866251,20.610086,-18.479310,-19.828133,-1.661935,-27.363368,90.000000,
-19.828133,-1.661935,-27.363368,-67.064640,35.808915,-32.621153,-70.537737,-22.738074,-15.731395,-19.828133,-1.661935,-27.363368,90.000000,
-19.828133,-1.661935,-27.363368,14.749324,-27.186990,-33.994097,29.866251,20.610086,-18.479310,-19.828133,-1.661935,-27.363368,90.000000,
-19.828133,-1.661935,-27.363368,-67.064640,35.808915,-32.621153,-70.537737,-22.738074,-15.731395,-19.828133,-1.661935,-27.363368,90.000000,
-19.828133,-1.661935,-27.363368,14.749324,-27.186990,-33.994097,29.866251,20.610086,-18.479310,-19.828133,-1.661935,-27.363368,90.000000,
-19.828133,-1.661935,-27.363368,-67.064640,35.808915,-32.621153,-70.537737,-22.738074,-15.731395,-19.828133,-1.661935,-27.363368,90.000000,
-19.828133,-1.661935,-27.363368,14.749324,-27.186990,-33.994097,29.866251,20.610086,-18.479310,-19.828133,-1.661935,-27.363368,90.000000,
-19.828133,-1.661935,-27.363368,-67.064640,35.808915,-32.621153,-70.537737,-22.738074,-15.731395,-19.828133,-1.661935,-27.363368,90.000000,
-19.828133,-1.661935,-27.363368,14.749324,-27.186990,-33.994097,29.866251,20.610086,-18.479310,-19.828133,-1.661935,-27.363368,90.000000,
-19.828133,-1.661935,-27.363368,-67.064640,35.808915,-32.621153,-70.537737,-22.738074,-15.731395,-19.828133,-1.661935,-27.363368,90.000000,
-19.828133,-1.661935,-27.363368,14.749324,-27.186990,-33.994097,29.866251,20.610086,-18.479310,-19.828133,-1.661935,-27.363368,90.000000,
-19.828133,-1.661935,-27.363368,-67.064640,35.808915,-32.621153,-70.537737,-22.738074,-15.731395,-19.828133,-1.661935,-27.363368,90.000000,
-19.828133,-1.661935,-27.363368,14.749324,-27.186990,-33.994097,29.866251,20.610086,-18.479310,-19.828133,-1.661935,-27.363368,90.000000,
-19.828133,-1.661935,-27.363368,-67.064640,35.808915,-32.621153,-70.537737,-22.738074,-15.731395,-19.828133,-1.661935,-27.363368,90.000000,
-19.828133,-1.661935,-27.363368,14.749324,-27.186990,-33.994097,29.866251,20.610086,-18.479310,-19.828133,-1.661935,-27.363368,90.000000,
-19.828133,-1.661935,-27.363368,-67.064640,35.808915,-32.621153,-70.537737,-22.738074,-15.731395,-19.828133,-1.661935,-27.363368,90.000000,
-19.828133,-1.661935,-27.363368,14.749324,-27.186990,-33.994097,29.866251,20.610086,-18.479310,-19.828133,-1.661935,-27.363368,90.000000,
-19.828133,-1.661935,-27.363368,-67.064640,35.808915,-32.621153,-70.537737,-22.738074,-15.731395,-19.828133,-1.661935,-27.363368,90.000000,
-19.828133,-1.661935,-27.363368,14.749324,-27.186990,-33.994097,29.866251,20.610086,-18.479310,-19.828133,-1.661935,-27.363368,90.000000,
-19.828133,-1.661935,-27.363368,-67.064640,35.808915,-32.621153,-70.537737,-22.738074,-15.731395,-19.828133,-1.661935,-27.363368,90.000000,
-19.828133,-1.661935,-27.363368,14.749324,-27.186990,-33.994097,29.866251,20.610086,-18.479310,-19.828133,-1.661935,-27.363368,90.000000,
-19.828133,-1.661935,-27.363368,-67.064640,35.808915,-32.621153,-70.537737,-22.738074,-15.731395,-19.828133,-1.661935,-27.363368,90.000000,
-19.828133,-1.661935,-27.363368,14.749324,-27.186990,-33.994097,29.866251,20.610086,-18.479310,-19.828133,-1.661935,-27.363368,90.000000,
-19.828133,-1.661935,-27.363368,-67.064640,35.808915,-32.621153,-70.537737,-22.738074,-15.731395,-19.828133,-1.661935,-27.363368,90.000000,
-19.828133,-1.661935,-27.363368,14.749324,-27.186990,-33.994097,29.866251,20.610086,-18.479310,-19.828133,-1.661935,-27.363368,90.000000,
-19.828133,-1.661935,-27.363368,-67.064640,35.808915,-32.621153,-70.537737,-22.738074,-15.731395,-19.828133,-1.661935,-27.363368,90.000000,
-19.828133,-1.661935,-27.363368,14.749324,-27.186990,-33.994097,29.866251,20.610086,-18.479310,-19.828133,-1.661935,-27.363368,90.000000,
-19.828133,-1.661935,-27.363368,-67.064640,35.808915,-32.621153,-70.537737,-22.738074,-15.731395,-19.828133,-1.661935,-27.363368,90.000000,
-19.828133,-1.661935,-27.363368,14.749324,-27.186990,-33.994097,29.866251,20.610086,-18.479310,-19.828133,-1.661935,-27.363368,90.000000,
-19.828133,-1.661935,-27.363368,-67.064640,35.808915,-32.621153,-70.537737,-22.738074,-15.731395,-19.828133,-1.661935,-27.363368,90.000000,
-19.828133,-1.661935,-27.363368,14.749324,-27.186990,-33.994097,29.866251,20.610086,-18.479310,-19.828133,-1.661935,-27.363368,90.000000,
-19.828133,-1.661935,-27.363368,-67.064640,35.808915,-32.621153,-70.537737,-22.738074,-15.731395,-19.828133,-1.661935,-27.363368,90.000000,
-19.828133,-1.661935,-27.363368,14.749324,-27.186990,-33.994097,29.866251,20.610086,-18.479310,-19.828133,-1.661935,-27.363368,90.000000,
-19.828133,-1.661935,-27.363368,-67.064640,35.808915,-32.621153,-70.537737,-22.738074,-15.731395,-19.828133,-1.661935,-27.363368,90.000000,
-19.828133,-1.661935,-27.363368,14.749324,-27.186990,-33.994097,29.866251,20.610086,-18.479310,-19.828133,-1.661935,-27.363368,90.000000,
-19.828133,-1.661935,-27.363368,-67.064640,35.808915,-32.621153,-70.537737,-22.738074,-15.731395,-19.828133,-1.661935,-27.363368,90.000000,
-19.828133,-1.661935,-27.363368,14.749324,-27.186990,-33.994097,29.866251,20.610086,-18.479310,-19.828133,-1.661935,-27.363368,90.000000,
-19.828133,-1.661935,-27.363368,-67.064640,35.808915,-32.621153,-70.537737,-22.738074,-15.731395,-19.828133,-1.661935,-27.363368,90.000000,
-19.828133,-1.661935,-27.363368,14.749324,-27.186990,-33.994097,29.866251,20.610086,-18.479310,-19.828133,-1.661935,-27.363368,90.000000,
-19.828133,-1.661935,-27.363368,-67.064640,35.808915,-32.621153,-70.537737,-22.738074,-15.731395,-19.828133,-1.661935,-27.363368,90.000000,
-19.828133,-1.661935,-27.363368,14.749324,-27.186990,-33.994097,29.866251,20.610086,-18.479310,-19.828133,-1.661935,-27.363368,90.000000,
-19.828133,-1.661935,-27.363368,-67.064640,35.808915,-32.621153,-70.537737,-22.738074,-15.731395,-19.828133,-1.661935,-27.363368,90.000000,
-19.828133,-1.661935,-27.363368,14.749324,-27.186990,-33.994097,29.866251,20.610086,-18.479310,-19.828133,-1.661935,-27.363368,90.000000,
-19.828133,-1.661935,-27.363368,-67.064640,35.808915,-32.621153,-70.537737,-22.738074,-15.731395,-19.828133,-1.661935,-27.363368,90.000000,
-19.828133,-1.661935,-27.363368,14.749324,-27.186990,-33.994097,29.866251,20.610086,-18.479310,-19.828133,-1.661935,-27.363368,90.000000,
-19.828133,-1.661935,-27.363368,-67.064640,35.808915,-32.621153,-70.537737,-22.738074,-15.731395,-19.828133,-1.661935,-27.363368,90.000000,
-19.828133,-1.661935,-27.363368,14.749324,-27.186990,-33.994097,29.866251,20.610086,-18.479310,-19.828133,-1.661935,-27.363368,90.000000,
-19.828133,-1.661935,-27.363368,-67.064640,35.808915,-32.621153,-70.537737,-22.738074,-15.731395,-19.828133,-1.661935,-27.363368,90.000000,
-19.828133,-1.661935,-27.363368,14.749324,-27.186990,-33.994097,29.866251,20.610086,-18.479310,-19.828133,-1.661935,-27.363368,90.000000,
-19.828133,-1.661935,-27.363368,-67.064640,35.808915,-32.621153,-70.537737,-22.738074,-15.731395,-19.828133,-1.661935,-27.363368,90.000000,
-19.828133,-1.661935,-27.363368,14.749324,-27.186990,-33.994097,29.866251,20.610086,-18.479310,-19.828133,-1.661935,-27.363368,90.000000,
-19.828133,-1.661935,-27.363368,-67.064640,35.808915,-32.621153,-70.537737,-22.738074,-15.731395,-19.828133,-1.661935,-27.363368,90.000000,
-19.828133,-1.661935,-27.363368,14.749324,-27.186990,-33.994097,29.866251,20.610086,-18.479310,-19.828133,-1.661935,-27.363368,90.000000,
-19.828133,-1.661935,-27.363368,-67.064640,35.808915,-32.621153,-70.537737,-22.738074,-15.731395,-19.828133,-1.661935,-27.363368,90.000000,
-19.828133,-1.661935,-27.363368,14.749324,-27.186990,-33.994097,29.866251,20.610086,-18.479310,-19.828133,-1.661935,-27.363368,90.000000,
-19.828133,-1.661935,-27.363368,-67.064640,35.808915,-32.621153,-70.537737,-22.738074,-15.731395,-19.828133,-1.661935,-27.363368,90.000000,
-19.828133,-1.661935,-27.363368,14.749324,-27.186990,-33.994097,29.866251,20.610086,-18.479310,-19.828133,-1.661935,-27.363368,90.000000,
-19.828133,-1.661935,-27.363368,-67.064640,35.808915,-32.621153,-70.537737,-22.738074,-15.731395,-19.828133,-1.661935,-27.363368,90.000000,
-19.828133,-1.661935,-27.363368,14.749324,-27.186990,-33.994097,29.866251,20.610086,-18.479310,-19.828133,-1.661935,-27.363368,90.000000,
-19.828133,-1.661935,-27.363368,-67.064640,35.808915,-32.621153,-70.537737,-22.738074,-15.731395,-19.828133,-1.661935,-27.363368,90.000000,
-19.828133,-1.661935,-27.363368,14.749324,-27.186990,-33.994097,29.866251,20.610086,-18.479310,-19.828133,-1.661935,-27.363368,90.000000,
-19.828133,-1.661935,-27.363368,-67.064640,35.808915,-32.621153,-70.537737,-22.738074,-15.731395,-19.828133,-1.661935,-27.363368,90.000000,
-19.828133,-1.661935,-27.363368,14.749324,-27.186990,-33.994097,29.866251,20.610086,-18.479310,-19.828133,-1.661935,-27.363368,90.000000,
-19.828133,-1.661935,-27.363368,-67.064640,35.808915,-32.621153,-70.537737,-22.738074,-15.731395,-19.828133,-1.661935,-27.363368,90.000000,
-19.828133,-1.661935,-27.363368,14.749324,-27.186990,-33.994097,29.866251,20.610086,-18.479310,-19.828133,-1.661935,-27.363368,90.000000,
-19.828133,-1.661935,-27.363368,-67.064640,35.808915,-32.621153,-70.537737,-22.738074,-15.731395,-19.828133,-1.661935,-27.363368,90.000000,
-19.828133,-1.661935,-27.363368,14.749324,-27.186990,-33.994097,29.866251,20.610086,-18.479310,-19.828133,-1.661935,-27.363368,90.000000,
-19.828133,-1.661935,-27.363368,-67.064640,35.808915,-32.621153,-70.537737,-22.738074,-15.731395,-19.828133,-1.661935,-27.363368,90.000000,
-19.828133,-1.661935,-27.363368,14.749324,-27.186990,-33.994097,29.866251,20.610086,-18.479310,-19.828133,-1.661935,-27.363368,90.000000,
-19.828133,-1.661935,-27.363368,-67.064640,35.808915,-32.621153,-70.537737,-22.738074,-15.731395,-19.828133,-1.661935,-27.363368,90.000000,
-19.828133,-1.661935,-27.363368,14.749324,-27.186990,-33.994097,29.866251,20.610086,-18.479310,-19.828133,-1.661935,-27.363368,90.000000,
-19.828133,-1.661935,-27.363368,-67.064640,35.808915,-32.621153,-70.537737,-22.738074,-15.731395,-19.828133,-1.661935,-27.363368,90.000000,
-19.828133,-1.661935,-27.363368,14.749324,-27.186990,-33.994097,29.866251,20.610086,-18.479310,-19.828133,-1.661935,-27.363368,90.000000,
-19.828133,-1.661935,-27.363368,-67.064640,35.808915,-32.621153,-70.537737,-22.738074,-15.731395,-19.828133,-1.661935,-27.363368,90.000000,
-19.828133,-1.661935,-27.363368,14.749324,-27.186990,-33.994097,29.866251,20.610086,-18.479310,-19.828133,-1.661935,-27.363368,90.000000,
-19.828133,-1.661935,-27.363368,-67.064640,35.808915,-32.621153,-70.537737,-22.738074,-15.731395,-19.828133,-1.661935,-27.363368,90.000000,
-19.828133,-1.661935,-27.363368,14.749324,-27.186990,-33.994097,29.866251,20.610086,-18.479310,-19.828133,-1.661935,-27.363368,90.000000,
-19.828133,-1.661935,-27.363368,-67.064640,35.808915,-32.621153,-70.537737,-22.738074,-15.731395,-19.828133,-1.661935,-27.363368,90.000000,
-19.828133,-1.661935,-27.363368,14.749324,-27.186990,-33.994097,29.866251,20.610086,-18.479310,-19.828133,-1.661935,-27.363368,90.000000,
-19.828133,-1.661935,-27.363368,-67.064640,35.808915,-32.621153,-70.537737,-22.738074,-15.731395,-19.828133,-1.661935,-27.363368,90.000000,
-19.828133,-1.661935,-27.363368,14.749324,-27.186990,-33.994097,29.866251,20.610086,-18.479310,-19.828133,-1.661935,-27.363368,90.000000,
-19.828133,-1.661935,-27.363368,-67.064640,35.808915,-32.621153,-70.537737,-22.738074,-15.731395,-19.828133,-1.661935,-27.363368,90.000000,
-19.828133,-1.661935,-27.363368,14.749324,-27.186990,-33.994097,29.866251,20.610086,-18.479310,-19.828133,-1.661935,-27.363368,90.000000,
-19.828133,-1.661935,-27.363368,-67.064640,35.808915,-32.621153,-70.537737,-22.738074,-15.731395,-19.828133,-1.661935,-27.363368,90.000000,
-19.828133,-1.661935,-27.363368,14.749324,-27.186990,-33.994097,29.866251,20.610086,-18.479310,-19.828133,-1.661935,-27.363368,90.000000,
-19.828133,-1.661935,-27.363368,-67.064640,35.808915,-32.621153,-70.537737,-22.738074,-15.731395,-19.828133,-1.661935,-27.363368,90.000000,
-19.828133,-1.661935,-27.363368,14.749324,-27.186990,-33.994097,29.866251,20.610086,-18.479310,-19.828133,-1.661935,-27.363368,90.000000,
-19.828133,-1.661935,-27.363368,-67.064640,35.808915,-32.621153,-70.537737,-22.738074,-15.731395,-19.828133,-1.661935,-27.363368,90.000000,
-19.828133,-1.661935,-27.363368,14.749324,-27.186990,-33.994097,29.866251,20.610086,-18.479310,-19.828133,-1.661935,-27.363368,90.000000,
-19.828133,-1.661935,-27.363368,-67.064640,35.808915,-32.621153,-70.537737,-22.738074,-15.731395,-19.828133,-1.661935,-27.363368,90.000000,
-19.828133,-1.661935,-27.363368,14.749324,-27.186990,-33.994097,29.866251,20.610086,-18.479310,-19.828133,-1.661935,-27.363368,90.000000,
-19.828133,-1.661935,-27.363368,-67.064640,35.808915,-32.621153,-70.537737,-22.738074,-15.731395,-19.828133,-1.661935,-27.363368,90.000000,
-19.828133,-1.661935,-27.363368,14.749324,-27.186990,-33.994097,29.866251,20.610086,-18.479310,-19.828133,-1.661935,-27.363368,90.000000,
-19.828133,-1.661935,-27.363368,-67.064640,35.808915,-32.621153,-70.537737,-22.738074,-15.731395,-19.828133,-1.661935,-27.363368,90.000000,
-19.828133,-1.661935,-27.363368,14.749324,-27.186990,-33.994097,29.866251,20.610086,-18.479310,-19.828133,-1.661935,-27.363368,90.000000,
-19.828133,-1.661935,-27.363368,-67.064640,35.808915,-32.621153,-70.537737,-22.738074,-15.731395,-19.828133,-1.661935,-27.363368,90.000000,
-19.828133,-1.661935,-27.363368,14.749324,-27.186990,-33.994097,29.866251,20.610086,-18.479310,-19.828133,-1.661935,-27.363368,90.000000,
-19.828133,-1.661935,-27.363368,-67.064640,35.808915,-32.621153,-70.537737,-22.738074,-15.731395,-19.828133,-1.661935,-27.363368,90.000000,
-19.828133,-1.661935,-27.363368,14.749324,-27.186990,-33.994097,29.866251,20.610086,-18.479310,-19.828133,-1.661935,-27.363368,90.000000,
-19.828133,-1.661935,-27.363368,-67.064640,35.808915,-32.621153,-70.537737,-22.738074,-15.731395,-19.828133,-1.661935,-27.363368,90.000000,
-19.828133,-1.661935,-27.363368,14.749324,-27.186990,-33.994097,29.866251,20.610086,-18.479310,-19.828133,-1.661935,-27.363368,90.000000,
-19.828133,-1.661935,-27.363368,-67.064640,35.808915,-32.621153,-70.537737,-22.738074,-15.731395,-19.828133,-1.661935,-27.363368,90.000000,
-19.828133,-1.661935,-27.363368,14.749324,-27.186990,-33.994097,29.866251,20.610086,-18.479310,-19.828133,-1.661935,-27.363368,90.000000,
-19.828133,-1.661935,-27.363368,-67.064640,35.808915,-32.621153,-70.537737,-22.738074,-15.731395,-19.828133,-1.661935,-27.363368,90.000000,
-19.828133,-1.661935,-27.363368,14.749324,-27.186990,-33.994097,29.866251,20.610086,-18.479310,-19.828133,-1.661935,-27.363368,90.000000,
-19.828133,-1.661935,-27.363368,-67.064640,35.808915,-32.621153,-70.537737,-22.738074,-15.731395,-19.828133,-1.661935,-27.363368,90.000000,
-19.828133,-1.661935,-27.363368,14.749324,-27.186990,-33.994097,29.866251,20.610086,-18.479310,-19.828133,-1.661935,-27.363368,90.000000,
-19.828133,-1.661935,-27.363368,-67.064640,35.808915,-32.621153,-70.537737,-22.738074,-15.731395,-19.828133,-1.661935,-27.363368,90.000000,
-19.828133,-1.661935,-27.363368,14.749324,-27.186990,-33.994097,29.866251,20.610086,-18.479310,-19.828133,-1.661935,-27.363368,90.000000,
-19.828133,-1.661935,-27.363368,-67.064640,35.808915,-32.621153,-70.537737,-22.738074,-15.731395,-19.828133,-1.661935,-27.363368,90.000000,
-19.828133,-1.661935,-27.363368,14.749324,-27.186990,-33.994097,29.866251,20.610086,-18.479310,-19.828133,-1.661935,-27.363368,90.000000,
-19.828133,-1.661935,-27.363368,-67.064640,35.808915,-32.621153,-70.537737,-22.738074,-15.731395,-19.828133,-1.661935,-27.363368,90.000000,
-19.828133,-1.661935,-27.363368,14.749324,-27.186990,-33.994097,29.866251,20.610086,-18.479310,-19.828133,-1.661935,-27.363368,90.000000,
-19.828133,-1.661935,-27.363368,-67.064640,35.808915,-32.621153,-70.537737,-22.738074,-15.731395,-19.828133,-1.661935,-27.363368,90.000000,
-19.828133,-1.661935,-27.363368,14.749324,-27.186990,-33.994097,29.866251,20.610086,-18.479310,-19.828133,-1.661935,-27.363368,90.000000,
-19.828133,-1.661935,-27.363368,-67.064640,35.808915,-32.621153,-70.537737,-22.738074,-15.731395,-19.828133,-1.661935,-27.363368,90.000000,
-19.828133,-1.661935,-27.363368,14.749324,-27.186990,-33.994097,29.866251,20.610086,-18.479310,-19.828133,-1.661935,-27.363368,90.000000,
-19.828133,-1.661935,-27.363368,-67.064640,35.808915,-32.621153,-70.537737,-22.738074,-15.731395,-19.828133,-1.661935,-27.363368,90.000000,
-19.828133,-1.661935,-27.363368,14.749324,-27.186990,-33.994097,29.866251,20.610086,-18.479310,-19.828133,-1.661935,-27.363368,90.000000,
-19.828133,-1.661935,-27.363368,-67.064640,35.808915,-32.621153,-70.537737,-22.738074,-15.731395,-19.828133,-1.661935,-27.363368,90.000000,
-19.828133,-1.661935,-27.363368,14.749324,-27.186990,-33.994097,29.866251,20.610086,-18.479310,-19.828133,-1.661935,-27.363368,90.000000,
-19.828133,-1.661935,-27.363368,-67.064640,35.808915,-32.621153,-70.537737,-22.738074,-15.731395,-19.828133,-1.661935,-27.363368,90.000000,
-19.828133,-1.661935,-27.363368,14.749324,-27.186990,-33.994097,29.866251,20.610086,-18.479310,-19.828133,-1.661935,-27.363368,90.000000,
-19.828133,-1.661935,-27.363368,-67.064640,35.808915,-32.621153,-70.537737,-22.738074,-15.731395,-19.828133,-1.661935,-27.363368,90.000000,
-19.828133,-1.661935,-27.363368,14.749324,-27.186990,-33.994097,29.866251,20.610086,-18.479310,-19.828133,-1.661935,-27.363368,90.000000,
-19.828133,-1.661935,-27.363368,-67.064640,35.808915,-32.621153,-70.537737,-22.738074,-15.731395,-19.828133,-1.661935,-27.363368,90.000000,
-19.828133,-1.661935,-27.363368,14.749324,-27.186990,-33.994097,29.866251,20.610086,-18.479310,-19.828133,-1.661935,-27.363368,90.000000,
-19.828133,-1.661935,-27.363368,-67.064640,35.808915,-32.621153,-70.537737,-22.738074,-15.731395,-19.828133,-1.661935,-27.363368,90.000000,
-19.828133,-1.661935,-27.363368,14.749324,-27.186990,-33.994097,29.866251,20.610086,-18.479310,-19.828133,-1.661935,-27.363368,90.000000,
-19.828133,-1.661935,-27.363368,-67.064640,35.808915,-32.621153,-70.537737,-22.738074,-15.731395,-19.828133,-1.661935,-27.363368,90.000000,
-19.828133,-1.661935,-27.363368,14.749324,-27.186990,-33.994097,29.866251,20.610086,-18.479310,-19.828133,-1.661935,-27.363368,90.000000,
-19.828133,-1.661935,-27.363368,-67.064640,35.808915,-32.621153,-70.537737,-22.738074,-15.731395,-19.828133,-1.661935,-27.363368,90.000000,
-19.828133,-1.661935,-27.363368,14.749324,-27.186990,-33.994097,29.866251,20.610086,-18.479310,-19.828133,-1.661935,-27.363368,90.000000,
-19.828133,-1.661935,-27.363368,-67.064640,35.808915,-32.621153,-70.537737,-22.738074,-15.731395,-19.828133,-1.661935,-27.363368,90.000000,
-19.828133,-1.661935,-27.363368,14.749324,-27.186990,-33.994097,29.866251,20.610086,-18.479310,-19.828133,-1.661935,-27.363368,90.000000,
-19.828133,-1.661935,-27.363368,-67.064640,35.808915,-32.621153,-70.537737,-22.738074,-15.731395,-19.828133,-1.661935,-27.363368,90.000000,
-19.828133,-1.661935,-27.363368,14.749324,-27.186990,-33.994097,29.866251,20.610086,-18.479310,-19.828133,-1.661935,-27.363368,90.000000,
-19.828133,-1.661935,-27.363368,-67.064640,35.808915,-32.621153,-70.537737,-22.738074,-15.731395,-19.828133,-1.661935,-27.363368,90.000000,
-19.828133,-1.661935,-27.363368,14.749324,-27.186990,-33.994097,29.866251,20.610086,-18.479310,-19.828133,-1.661935,-27.363368,90.000000,
-19.828133,-1.661935,-27.363368,-67.064640,35.808915,-32.621153,-70.537737,-22.738074,-15.731395,-19.828133,-1.661935,-27.363368,90.000000,
-19.828133,-1.661935,-27.363368,14.749324,-27.186990,-33.994097,29.866251,20.610086,-18.479310,-19.828133,-1.661935,-27.363368,90.000000,
-19.828133,-1.661935,-27.363368,-67.064640,35.808915,-32.621153,-70.537737,-22.738074,-15.731395,-19.828133,-1.661935,-27.363368,90.000000,
-19.828133,-1.661935,-27.363368,14.749324,-27.186990,-33.994097,29.866251,20.610086,-18.479310,-19.828133,-1.661935,-27.363368,90.000000,
-19.828133,-1.661935,-27.363368,-67.064640,35.808915,-32.621153,-70.537737,-22.738074,-15.731395,-19.828133,-1.661935,-27.363368,90.000000,
-19.828133,-1.661935,-27.363368,14.749324,-27.186990,-33.994097,29.866251,20.610086,-18.479310,-19.828133,-1.661935,-27.363368,90.000000,
-19.828133,-1.661935,-27.363368,-67.064640,35.808915,-32.621153,-70.537737,-22.738074,-15.731395,-19.828133,-1.661935,-27.363368,90.000000,
-19.828133,-1.661935,-27.363368,14.749324,-27.186990,-33.994097,29.866251,20.610086,-18.479310,-19.828133,-1.661935,-27.363368,90.000000,
-19.828133,-1.661935,-27.363368,-67.064640,35.808915,-32.621153,-70.537737,-22.738074,-15.731395,-19.828133,-1.661935,-27.363368,90.000000,
-19.828133,-1.661935,-27.363368,14.749324,-27.186990,-33.994097,29.866251,20.610086,-18.479310,-19.828133,-1.661935,-27.363368,90.000000,
-19.828133,-1.661935,-27.363368,-67.064640,35.808915,-32.621153,-70.537737,-22.738074,-15.731395,-19.828133,-1.661935,-27.363368,90.000000,
-19.828133,-1.661935,-27.363368,14.749324,-27.186990,-33.994097,29.866251,20.610086,-18.479310,-19.828133,-1.661935,-27.363368,90.000000,
-19.828133,-1.661935,-27.363368,-67.064640,35.808915,-32.621153,-70.537737,-22.738074,-15.731395,-19.828133,-1.661935,-27.363368,90.000000,
-19.828133,-1.661935,-27.363368,14.749324,-27.186990,-33.994097,29.866251,20.610086,-18.479310,-19.828133,-1.661935,-27.363368,90.000000,
-19.828133,-1.661935,-27.363368,-67.064640,35.808915,-32.621153,-70.537737,-22.738074,-15.731395,-19.828133,-1.661935,-27.363368,90.000000,
-19.828133,-1.661935,-27.363368,14.749324,-27.186990,-33.994097,29.866251,20.610086,-18.479310,-19.828133,-1.661935,-27.363368,90.000000,
-19.828133,-1.661935,-27.363368,-67.064640,35.808915,-32.621153,-70.537737,-22.738074,-15.731395,-19.828133,-1.661935,-27.363368,90.000000,
-19.828133,-1.661935,-27.363368,14.749324,-27.186990,-33.994097,29.866251,20.610086,-18.479310,-19.828133,-1.661935,-27.363368,90.000000,
-19.828133,-1.661935,-27.363368,-67.064640,35.808915,-32.621153,-70.537737,-22.738074,-15.731395,-19.828133,-1.661935,-27.363368,90.000000,
-19.828133,-1.661935,-27.363368,14.749324,-27.186990,-33.994097,29.866251,20.610086,-18.479310,-19.828133,-1.661935,-27.363368,90.000000,
-19.828133,-1.661935,-27.363368,-67.064640,35.808915,-32.621153,-70.537737,-22.738074,-15.731395,-19.828133,-1.661935,-27.363368,90.000000,
-19.828133,-1.661935,-27.363368,14.749324,-27.186990,-33.994097,29.866251,20.610086,-18.479310,-19.828133,-1.661935,-27.363368,90.000000,
-19.828133,-1.661935,-27.363368,-67.064640,35.808915,-32.621153,-70.537737,-22.738074,-15.731395,-19.828133,-1.661935,-27.363368,90.000000,
-19.828133,-1.661935,-27.363368,14.749324,-27.186990,-33.994097,29.866251,20.610086,-18.479310,-19.828133,-1.661935,-27.363368,90.000000,
-19.828133,-1.661935,-27.363368,-67.064640,35.808915,-32.621153,-70.537737,-22.738074,-15.731395,-19.828133,-1.661935,-27.363368,90.000000,
-19.828133,-1.661935,-27.363368,14.749324,-27.186990,-33.994097,29.866251,20.610086,-18.479310,-19.828133,-1.661935,-27.363368,90.000000,
-19.828133,-1.661935,-27.363368,-67.064640,35.808915,-32.621153,-70.537737,-22.738074,-15.731395,-19.828133,-1.661935,-27.363368,90.000000,
-19.828133,-1.661935,-27.363368,14.749324,-27.186990,-33.994097,29.866251,20.610086,-18.479310,-19.828133,-1.661935,-27.363368,90.000000,
-19.828133,-1.661935,-27.363368,-67.064640,35.808915,-32.621153,-70.537737,-22.738074,-15.731395,-19.828133,-1.661935,-27.363368,90.000000,
-19.828133,-1.661935,-27.363368,14.749324,-27.186990,-33.994097,29.866251,20.610086,-18.479310,-19.828133,-1.661935,-27.363368,90.000000,
-19.828133,-1.661935,-27.363368,-67.064640,35.808915,-32.621153,-70.537737,-22.738074,-15.731395,-19.828133,-1.661935,-27.363368,90.000000,
-19.828133,-1.661935,-27.363368,14.749324,-27.186990,-33.994097,29.866251,20.610086,-18.479310,-19.828133,-1.661935,-27.363368,90.000000,
-19.828133,-1.661935,-27.363368,-67.064640,35.808915,-32.621153,-70.537737,-22.738074,-15.731395,-19.828133,-1.661935,-27.363368,90.000000,
-19.828133,-1.661935,-27.363368,14.749324,-27.186990,-33.994097,29.866251,20.610086,-18.479310,-19.828133,-1.661935,-27.363368,90.000000,
-19.828133,-1.661935,-27.363368,-67.064640,35.808915,-32.621153,-70.537737,-22.738074,-15.731395,-19.828133,-1.661935,-27.363368,90.000000,
-19.828133,-1.661935,-27.363368,14.749324,-27.186990,-33.994097,29.866251,20.610086,-18.479310,-19.828133,-1.661935,-27.363368,90.000000,
-19.828133,-1.661935,-27.363368,-67.064640,35.808915,-32.621153,-70.537737,-22.738074,-15.731395,-19.828133,-1.661935,-27.363368,90.000000,
-19.828133,-1.661935,-27.363368,14.749324,-27.186990,-33.994097,29.866251,20.610086,-18.479310,-19.828133,-1.661935,-27.363368,90.000000,
-19.828133,-1.661935,-27.363368,-67.064640,35.808915,-32.621153,-70.537737,-22.738074,-15.731395,-19.828133,-1.661935,-27.363368,90.000000,
-19.828133,-1.661935,-27.363368,14.749324,-27.186990,-33.994097,29.866251,20.610086,-18.479310,-19.828133,-1.661935,-27.363368,90.000000,
-19.828133,-1.661935,-27.363368,-67.064640,35.808915,-32.621153,-70.537737,-22.738074,-15.731395,-19.828133,-1.661935,-27.363368,90.000000,
-19.828133,-1.661935,-27.363368,14.749324,-27.186990,-33.994097,29.866251,20.610086,-18.479310,-19.828133,-1.661935,-27.363368,90.000000,
-19.828133,-1.661935,-27.363368,-67.064640,35.808915,-32.621153,-70.537737,-22.738074,-15.731395,-19.828133,-1.661935,-27.363368,90.000000,
-19.828133,-1.661935,-27.363368,14.749324,-27.186990,-33.994097,29.866251,20.610086,-18.479310,-19.828133,-1.661935,-27.363368,90.000000,
-19.828133,-1.661935,-27.363368,-67.064640,35.808915,-32.621153,-70.537737,-22.738074,-15.731395,-19.828133,-1.661935,-27.363368,90.000000,
-19.828133,-1.661935,-27.363368,14.749324,-27.186990,-33.994097,29.866251,20.610086,-18.479310,-19.828133,-1.661935,-27.363368,90.000000,
-19.828133,-1.661935,-27.363368,-67.064640,35.808915,-32.621153,-70.537737,-22.738074,-15.731395,-19.828133,-1.661935,-27.363368,90.000000,
-19.828133,-1.661935,-27.363368,14.749324,-27.186990,-33.994097,29.866251,20.610086,-18.479310,-19.828133,-1.661935,-27.363368,90.000000,
-19.828133,-1.661935,-27.363368,-67.064640,35.808915,-32.621153,-70.537737,-22.738074,-15.731395,-19.828133,-1.661935,-27.363368,90.000000,
-19.828133,-1.661935,-27.363368,14.749324,-27.186990,-33.994097,29.866251,20.610086,-18.479310,-19.828133,-1.661935,-27.363368,90.000000,
-19.828133,-1.661935,-27.363368,-67.064640,35.808915,-32.621153,-70.537737,-22.738074,-15.731395,-19.828133,-1.661935,-27.363368,90.000000,
-19.828133,-1.661935,-27.363368,14.749324,-27.186990,-33.994097,29.866251,20.610086,-18.479310,-19.828133,-1.661935,-27.363368,90.000000,
-19.828133,-1.661935,-27.363368,-67.064640,35.808915,-32.621153,-70.537737,-22.738074,-15.731395,-19.828133,-1.661935,-27.363368,90.000000,
-19.828133,-1.661935,-27.363368,14.749324,-27.186990,-33.994097,29.866251,20.610086,-18.479310,-19.828133,-1.661935,-27.363368,90.000000,
-19.828133,-1.661935,-27.363368,-67.064640,35.808915,-32.621153,-70.537737,-22.738074,-15.731395,-19.828133,-1.661935,-27.363368,90.000000,
-19.828133,-1.661935,-27.363368,14.749324,-27.186990,-33.994097,29.866251,20.610086,-18.479310,-19.828133,-1.661935,-27.363368,90.000000,
-19.828133,-1.661935,-27.363368,-67.064640,35.808915,-32.621153,-70.537737,-22.738074,-15.731395,-19.828133,-1.661935,-27.363368,90.000000,
-19.828133,-1.661935,-27.363368,14.749324,-27.186990,-33.994097,29.866251,20.610086,-18.479310,-19.828133,-1.661935,-27.363368,90.000000,
-19.828133,-1.661935,-27.363368,-67.064640,35.808915,-32.621153,-70.537737,-22.738074,-15.731395,-19.828133,-1.661935,-27.363368,90.000000,
-19.828133,-1.661935,-27.363368,14.749324,-27.186990,-33.994097,29.866251,20.610086,-18.479310,-19.828133,-1.661935,-27.363368,90.000000,
-19.828133,-1.661935,-27.363368,-67.064640,35.808915,-32.621153,-70.537737,-22.738074,-15.731395,-19.828133,-1.661935,-27.363368,90.000000,
-19.828133,-1.661935,-27.363368,14.749324,-27.186990,-33.994097,29.866251,20.610086,-18.479310,-19.828133,-1.661935,-27.363368,90.000000,
-19.828133,-1.661935,-27.363368,-67.064640,35.808915,-32.621153,-70.537737,-22.738074,-15.731395,-19.828133,-1.661935,-27.363368,90.000000,
-19.828133,-1.661935,-27.363368,14.749324,-27.186990,-33.994097,29.866251,20.610086,-18.479310,-19.828133,-1.661935,-27.363368,90.000000,
-19.828133,-1.661935,-27.363368,-67.064640,35.808915,-32.621153,-70.537737,-22.738074,-15.731395,-19.828133,-1.661935,-27.363368,90.000000,
-19.828133,-1.661935,-27.363368,14.749324,-27.186990,-33.994097,29.866251,20.610086,-18.479310,-19.828133,-1.661935,-27.363368,90.000000,
-19.828133,-1.661935,-27.363368,-67.064640,35.808915,-32.621153,-70.537737,-22.738074,-15.731395,-19.828133,-1.661935,-27.363368,90.000000,
-19.828133,-1.661935,-27.363368,14.749324,-27.186990,-33.994097,29.866251,20.610086,-18.479310,-19.828133,-1.661935,-27.363368,90.000000,
-19.828133,-1.661935,-27.363368,-67.064640,35.808915,-32.621153,-70.537737,-22.738074,-15.731395,-19.828133,-1.661935,-27.363368,90.000000,
-19.828133,-1.661935,-27.363368,14.749324,-27.186990,-33.994097,29.866251,20.610086,-18.479310,-19.828133,-1.661935,-27.363368,90.000000,
-19.828133,-1.661935,-27.363368,-67.064640,35.808915,-32.621153,-70.537737,-22.738074,-15.731395,-19.828133,-1.661935,-27.363368,90.000000,
-19.828133,-1.661935,-27.363368,14.749324,-27.186990,-33.994097,29.866251,20.610086,-18.479310,-19.828133,-1.661935,-27.363368,90.000000,
-19.828133,-1.661935,-27.363368,-67.064640,35.808915,-32.621153,-70.537737,-22.738074,-15.731395,-19.828133,-1.661935,-27.363368,90.000000,
-19.828133,-1.661935,-27.363368,14.749324,-27.186990,-33.994097,29.866251,20.610086,-18.479310,-19.828133,-1.661935,-27.363368,90.000000,
-19.828133,-1.661935,-27.363368,-67.064640,35.808915,-32.621153,-70.537737,-22.738074,-15.731395,-19.828133,-1.661935,-27.363368,90.000000,
-19.828133,-1.661935,-27.363368,14.749324,-27.186990,-33.994097,29.866251,20.610086,-18.479310,-19.828133,-1.661935,-27.363368,90.000000,
-19.828133,-1.661935,-27.363368,-67.064640,35.808915,-32.621153,-70.537737,-22.738074,-15.731395,-19.828133,-1.661935,-27.363368,90.000000,
-19.828133,-1.661935,-27.363368,14.749324,-27.186990,-33.994097,29.866251,20.610086,-18.479310,-19.828133,-1.661935,-27.363368,90.000000,
-19.828133,-1.661935,-27.363368,-67.064640,35.808915,-32.621153,-70.537737,-22.738074,-15.731395,-19.828133,-1.661935,-27.363368,90.000000,
-19.828133,-1.661935,-27.363368,14.749324,-27.186990,-33.994097,29.866251,20.610086,-18.479310,-19.828133,-1.661935,-27.363368,90.000000,
-19.828133,-1.661935,-27.363368,-67.064640,35.808915,-32.621153,-70.537737,-22.738074,-15.731395,-19.828133,-1.661935,-27.363368,90.000000,
-19.828133,-1.661935,-27.363368,14.749324,-27.186990,-33.994097,29.866251,20.610086,-18.479310,-19.828133,-1.661935,-27.363368,90.000000,
-19.828133,-1.661935,-27.363368,-67.064640,35.808915,-32.621153,-70.537737,-22.738074,-15.731395,-19.828133,-1.661935,-27.363368,90.000000,
-19.828133,-1.661935,-27.363368,14.749324,-27.186990,-33.994097,29.866251,20.610086,-18.479310,-19.828133,-1.661935,-27.363368,90.000000,
-19.828133,-1.661935,-27.363368,-67.064640,35.808915,-32.621153,-70.537737,-22.738074,-15.731395,-19.828133,-1.661935,-27.363368,90.000000,
-19.828133,-1.661935,-27.363368,14.749324,-27.186990,-33.994097,29.866251,20.610086,-18.479310,-19.828133,-1.661935,-27.363368,90.000000,
-19.828133,-1.661935,-27.363368,-67.064640,35.808915,-32.621153,-70.537737,-22.738074,-15.731395,-19.828133,-1.661935,-27.363368,90.000000,
-19.828133,-1.661935,-27.363368,14.749324,-27.186990,-33.994097,29.866251,20.610086,-18.479310,-19.828133,-1.661935,-27.363368,90.000000,
-19.828133,-1.661935,-27.363368,-67.064640,35.808915,-32.621153,-70.537737,-22.738074,-15.731395,-19.828133,-1.661935,-27.363368,90.000000,
-19.828133,-1.661935,-27.363368,14.749324,-27.186990,-33.994097,29.866251,20.610086,-18.479310,-19.828133,-1.661935,-27.363368,90.000000,
-19.828133,-1.661935,-27.363368,-67.064640,35.808915,-32.621153,-70.537737,-22.738074,-15.731395,-19.828133,-1.661935,-27.363368,90.000000,
-19.828133,-1.661935,-27.363368,14.749324,-27.186990,-33.994097,29.866251,20.610086,-18.479310,-19.828133,-1.661935,-27.363368,90.000000,
-19.828133,-1.661935,-27.363368,-67.064640,35.808915,-32.621153,-70.537737,-22.738074,-15.731395,-19.828133,-1.661935,-27.363368,90.000000,
-19.828133,-1.661935,-27.363368,14.749324,-27.186990,-33.994097,29.866251,20.610086,-18.479310,-19.828133,-1.661935,-27.363368,90.000000,
-19.828133,-1.661935,-27.363368,-67.064640,35.808915,-32.621153,-70.537737,-22.738074,-15.731395,-19.828133,-1.661935,-27.363368,90.000000,
-19.828133,-1.661935,-27.363368,14.749324,-27.186990,-33.994097,29.866251,20.610086,-18.479310,-19.828133,-1.661935,-27.363368,90.000000,
-19.828133,-1.661935,-27.363368,-67.064640,35.808915,-32.621153,-70.537737,-22.738074,-15.731395,-19.828133,-1.661935,-27.363368,90.000000,
-19.828133,-1.661935,-27.363368,14.749324,-27.186990,-33.994097,29.866251,20.610086,-18.479310,-19.828133,-1.661935,-27.363368,90.000000,
-19.828133,-1.661935,-27.363368,-67.064640,35.808915,-32.621153,-70.537737,-22.738074,-15.731395,-19.828133,-1.661935,-27.363368,90.000000,
-19.828133,-1.661935,-27.363368,14.749324,-27.186990,-33.994097,29.866251,20.610086,-18.479310,-19.828133,-1.661935,-27.363368,90.000000,
-19.828133,-1.661935,-27.363368,-67.064640,35.808915,-32.621153,-70.537737,-22.738074,-15.731395,-19.828133,-1.661935,-27.363368,90.000000,
-19.828133,-1.661935,-27.363368,14.749324,-27.186990,-33.994097,29.866251,20.610086,-18.479310,-19.828133,-1.661935,-27.363368,90.000000,
-19.828133,-1.661935,-27.363368,-67.064640,35.808915,-32.621153,-70.537737,-22.738074,-15.731395,-19.828133,-1.661935,-27.363368,90.000000,
-19.828133,-1.661935,-27.363368,14.749324,-27.186990,-33.994097,29.866251,20.610086,-18.479310,-19.828133,-1.661935,-27.363368,90.000000,
-19.828133,-1.661935,-27.363368,-67.064640,35.808915,-32.621153,-70.537737,-22.738074,-15.731395,-19.828133,-1.661935,-27.363368,90.000000,
-19.828133,-1.661935,-27.363368,14.749324,-27.186990,-33.994097,29.866251,20.610086,-18.479310,-19.828133,-1.661935,-27.363368,90.000000,
-19.828133,-1.661935,-27.363368,-67.064640,35.808915,-32.621153,-70.537737,-22.738074,-15.731395,-19.828133,-1.661935,-27.363368,90.000000,
-19.828133,-1.661935,-27.363368,14.749324,-27.186990,-33.994097,29.866251,20.610086,-18.479310,-19.828133,-1.661935,-27.363368,90.000000,
-19.828133,-1.661935,-27.363368,-67.064640,35.808915,-32.621153,-70.537737,-22.738074,-15.731395,-19.828133,-1.661935,-27.363368,90.000000,
-19.828133,-1.661935,-27.363368,14.749324,-27.186990,-33.994097,29.866251,20.610086,-18.479310,-19.828133,-1.661935,-27.363368,90.000000,
-19.828133,-1.661935,-27.363368,-67.064640,35.808915,-32.621153,-70.537737,-22.738074,-15.731395,-19.828133,-1.661935,-27.363368,90.000000,
-19.828133,-1.661935,-27.363368,14.749324,-27.186990,-33.994097,29.866251,20.610086,-18.479310,-19.828133,-1.661935,-27.363368,90.000000,
-19.828133,-1.661935,-27.363368,-67.064640,35.808915,-32.621153,-70.537737,-22.738074,-15.731395,-19.828133,-1.661935,-27.363368,90.000000,
-19.828133,-1.661935,-27.363368,14.749324,-27.186990,-33.994097,29.866251,20.610086,-18.479310,-19.828133,-1.661935,-27.363368,90.000000,
-19.828133,-1.661935,-27.363368,-67.064640,35.808915,-32.621153,-70.537737,-22.738074,-15.731395,-19.828133,-1.661935,-27.363368,90.000000,
-19.828133,-1.661935,-27.363368,14.749324,-27.186990,-33.994097,29.866251,20.610086,-18.479310,-19.828133,-1.661935,-27.363368,90.000000,
-19.828133,-1.661935,-27.363368,-67.064640,35.808915,-32.621153,-70.537737,-22.738074,-15.731395,-19.828133,-1.661935,-27.363368,90.000000,
-19.828133,-1.661935,-27.363368,14.749324,-27.186990,-33.994097,29.866251,20.610086,-18.479310,-19.828133,-1.661935,-27.363368,90.000000,
-19.828133,-1.661935,-27.363368,-67.064640,35.808915,-32.621153,-70.537737,-22.738074,-15.731395,-19.828133,-1.661935,-27.363368,90.000000,
-19.828133,-1.661935,-27.363368,14.749324,-27.186990,-33.994097,29.866251,20.610086,-18.479310,-19.828133,-1.661935,-27.363368,90.000000,
-19.828133,-1.661935,-27.363368,-67.064640,35.808915,-32.621153,-70.537737,-22.738074,-15.731395,-19.828133,-1.661935,-27.363368,90.000000,
-19.828133,-1.661935,-27.363368,14.749324,-27.186990,-33.994097,29.866251,20.610086,-18.479310,-19.828133,-1.661935,-27.363368,90.000000,
-19.828133,-1.661935,-27.363368,-67.064640,35.808915,-32.621153,-70.537737,-22.738074,-15.731395,-19.828133,-1.661935,-27.363368,90.000000,
-19.828133,-1.661935,-27.363368,14.749324,-27.186990,-33.994097,29.866251,20.610086,-18.479310,-19.828133,-1.661935,-27.363368,90.000000,
-19.828133,-1.661935,-27.363368,-67.064640,35.808915,-32.621153,-70.537737,-22.738074,-15.731395,-19.828133,-1.661935,-27.363368,90.000000,
-19.828133,-1.661935,-27.363368,14.749324,-27.186990,-33.994097,29.866251,20.610086,-18.479310,-19.828133,-1.661935,-27.363368,90.000000,
-19.828133,-1.661935,-27.363368,-67.064640,35.808915,-32.621153,-70.537737,-22.738074,-15.731395,-19.828133,-1.661935,-27.363368,90.000000,
-19.828133,-1.661935,-27.363368,14.749324,-27.186990,-33.994097,29.866251,20.610086,-18.479310,-19.828133,-1.661935,-27.363368,90.000000,
-19.828133,-1.661935,-27.363368,-67.064640,35.808915,-32.621153,-70.537737,-22.738074,-15.731395,-19.828133,-1.661935,-27.363368,90.000000,
-19.828133,-1.661935,-27.363368,14.749324,-27.186990,-33.994097,29.866251,20.610086,-18.479310,-19.828133,-1.661935,-27.363368,90.000000,
-19.828133,-1.661935,-27.363368,-67.064640,35.808915,-32.621153,-70.537737,-22.738074,-15.731395,-19.828133,-1.661935,-27.363368,90.000000,
-19.828133,-1.661935,-27.363368,14.749324,-27.186990,-33.994097,29.866251,20.610086,-18.479310,-19.828133,-1.661935,-27.363368,90.000000,
-19.828133,-1.661935,-27.363368,-67.064640,35.808915,-32.621153,-70.537737,-22.738074,-15.731395,-19.828133,-1.661935,-27.363368,90.000000,
-19.828133,-1.661935,-27.363368,14.749324,-27.186990,-33.994097,29.866251,20.610086,-18.479310,-19.828133,-1.661935,-27.363368,90.000000,
-19.828133,-1.661935,-27.363368,-67.064640,35.808915,-32.621153,-70.537737,-22.738074,-15.731395,-19.828133,-1.661935,-27.363368,90.000000,
-19.828133,-1.661935,-27.363368,14.749324,-27.186990,-33.994097,29.866251,20.610086,-18.479310,-19.828133,-1.661935,-27.363368,90.000000,
-19.828133,-1.661935,-27.363368,-67.064640,35.808915,-32.621153,-70.537737,-22.738074,-15.731395,-19.828133,-1.661935,-27.363368,90.000000,
-19.828133,-1.661935,-27.363368,14.749324,-27.186990,-33.994097,29.866251,20.610086,-18.479310,-19.828133,-1.661935,-27.363368,90.000000,
-19.828133,-1.661935,-27.363368,-67.064640,35.808915,-32.621153,-70.537737,-22.738074,-15.731395,-19.828133,-1.661935,-27.363368,90.000000,
-19.828133,-1.661935,-27.363368,14.749324,-27.186990,-33.994097,29.866251,20.610086,-18.479310,-19.828133,-1.661935,-27.363368,90.000000,
-19.828133,-1.661935,-27.363368,-67.064640,35.808915,-32.621153,-70.537737,-22.738074,-15.731395,-19.828133,-1.661935,-27.363368,90.000000,
-19.828133,-1.661935,-27.363368,14.749324,-27.186990,-33.994097,29.866251,20.610086,-18.479310,-19.828133,-1.661935,-27.363368,90.000000,
-19.828133,-1.661935,-27.363368,-67.064640,35.808915,-32.621153,-70.537737,-22.738074,-15.731395,-19.828133,-1.661935,-27.363368,90.000000,
-19.828133,-1.661935,-27.363368,14.749324,-27.186990,-33.994097,29.866251,20.610086,-18.479310,-19.828133,-1.661935,-27.363368,90.000000,
-19.828133,-1.661935,-27.363368,-67.064640,35.808915,-32.621153,-70.537737,-22.738074,-15.731395,-19.828133,-1.661935,-27.363368,90.000000,
-19.828133,-1.661935,-27.363368,14.749324,-27.186990,-33.994097,29.866251,20.610086,-18.479310,-19.828133,-1.661935,-27.363368,90.000000,
-19.828133,-1.661935,-27.363368,-67.064640,35.808915,-32.621153,-70.537737,-22.738074,-15.731395,-19.828133,-1.661935,-27.363368,90.000000,
-19.828133,-1.661935,-27.363368,14.749324,-27.186990,-33.994097,29.866251,20.610086,-18.479310,-19.828133,-1.661935,-27.363368,90.000000,
-19.828133,-1.661935,-27.363368,-67.064640,35.808915,-32.621153,-70.537737,-22.738074,-15.731395,-19.828133,-1.661935,-27.363368,90.000000,
-19.828133,-1.661935,-27.363368,14.749324,-27.186990,-33.994097,29.866251,20.610086,-18.479310,-19.828133,-1.661935,-27.363368,90.000000,
-19.828133,-1.661935,-27.363368,-67.064640,35.808915,-32.621153,-70.537737,-22.738074,-15.731395,-19.828133,-1.661935,-27.363368,90.000000,
-19.828133,-1.661935,-27.363368,14.749324,-27.186990,-33.994097,29.866251,20.610086,-18.479310,-19.828133,-1.661935,-27.363368,90.000000,
-19.828133,-1.661935,-27.363368,-67.064640,35.808915,-32.621153,-70.537737,-22.738074,-15.731395,-19.828133,-1.661935,-27.363368,90.000000,
-19.828133,-1.661935,-27.363368,14.749324,-27.186990,-33.994097,29.866251,20.610086,-18.479310,-19.828133,-1.661935,-27.363368,90.000000,
-19.828133,-1.661935,-27.363368,-67.064640,35.808915,-32.621153,-70.537737,-22.738074,-15.731395,-19.828133,-1.661935,-27.363368,90.000000,
-19.828133,-1.661935,-27.363368,14.749324,-27.186990,-33.994097,29.866251,20.610086,-18.479310,-19.828133,-1.661935,-27.363368,90.000000,
-19.828133,-1.661935,-27.363368,-67.064640,35.808915,-32.621153,-70.537737,-22.738074,-15.731395,-19.828133,-1.661935,-27.363368,90.000000,
-19.828133,-1.661935,-27.363368,14.749324,-27.186990,-33.994097,29.866251,20.610086,-18.479310,-19.828133,-1.661935,-27.363368,90.000000,
-19.828133,-1.661935,-27.363368,-67.064640,35.808915,-32.621153,-70.537737,-22.738074,-15.731395,-19.828133,-1.661935,-27.363368,90.000000,
-19.828133,-1.661935,-27.363368,14.749324,-27.186990,-33.994097,29.866251,20.610086,-18.479310,-19.828133,-1.661935,-27.363368,90.000000,
-19.828133,-1.661935,-27.363368,-67.064640,35.808915,-32.621153,-70.537737,-22.738074,-15.731395,-19.828133,-1.661935,-27.363368,90.000000,
-19.828133,-1.661935,-27.363368,14.749324,-27.186990,-33.994097,29.866251,20.610086,-18.479310,-19.828133,-1.661935,-27.363368,90.000000,
-19.828133,-1.661935,-27.363368,-67.064640,35.808915,-32.621153,-70.537737,-22.738074,-15.731395,-19.828133,-1.661935,-27.363368,90.000000,
-19.828133,-1.661935,-27.363368,14.749324,-27.186990,-33.994097,29.866251,20.610086,-18.479310,-19.828133,-1.661935,-27.363368,90.000000,
-19.828133,-1.661935,-27.363368,-67.064640,35.808915,-32.621153,-70.537737,-22.738074,-15.731395,-19.828133,-1.661935,-27.363368,90.000000,
-19.828133,-1.661935,-27.363368,14.749324,-27.186990,-33.994097,29.866251,20.610086,-18.479310,-19.828133,-1.661935,-27.363368,90.000000,
-19.828133,-1.661935,-27.363368,-67.064640,35.808915,-32.621153,-70.537737,-22.738074,-15.731395,-19.828133,-1.661935,-27.363368,90.000000,
-19.828133,-1.661935,-27.363368,14.749324,-27.186990,-33.994097,29.866251,20.610086,-18.479310,-19.828133,-1.661935,-27.363368,90.000000,
-19.828133,-1.661935,-27.363368,-67.064640,35.808915,-32.621153,-70.537737,-22.738074,-15.731395,-19.828133,-1.661935,-27.363368,90.000000,
-19.828133,-1.661935,-27.363368,14.749324,-27.186990,-33.994097,29.866251,20.610086,-18.479310,-19.828133,-1.661935,-27.363368,90.000000,
-19.828133,-1.661935,-27.363368,-67.064640,35.808915,-32.621153,-70.537737,-22.738074,-15.731395,-19.828133,-1.661935,-27.363368,90.000000,
-19.828133,-1.661935,-27.363368,14.749324,-27.186990,-33.994097,29.866251,20.610086,-18.479310,-19.828133,-1.661935,-27.363368,90.000000,
-19.828133,-1.661935,-27.363368,-67.064640,35.808915,-32.621153,-70.537737,-22.738074,-15.731395,-19.828133,-1.661935,-27.363368,90.000000,
-19.828133,-1.661935,-27.363368,14.749324,-27.186990,-33.994097,29.866251,20.610086,-18.479310,-19.828133,-1.661935,-27.363368,90.000000,
-19.828133,-1.661935,-27.363368,-67.064640,35.808915,-32.621153,-70.537737,-22.738074,-15.731395,-19.828133,-1.661935,-27.363368,90.000000,
-19.828133,-1.661935,-27.363368,14.749324,-27.186990,-33.994097,29.866251,20.610086,-18.479310,-19.828133,-1.661935,-27.363368,90.000000,
-19.828133,-1.661935,-27.363368,-67.064640,35.808915,-32.621153,-70.537737,-22.738074,-15.731395,-19.828133,-1.661935,-27.363368,90.000000,
-19.828133,-1.661935,-27.363368,14.749324,-27.186990,-33.994097,29.866251,20.610086,-18.479310,-19.828133,-1.661935,-27.363368,90.000000,
-19.828133,-1.661935,-27.363368,-67.064640,35.808915,-32.621153,-70.537737,-22.738074,-15.731395,-19.828133,-1.661935,-27.363368,90.000000,
-19.828133,-1.661935,-27.363368,14.749324,-27.186990,-33.994097,29.866251,20.610086,-18.479310,-19.828133,-1.661935,-27.363368,90.000000,
-19.828133,-1.661935,-27.363368,-67.064640,35.808915,-32.621153,-70.537737,-22.738074,-15.731395,-19.828133,-1.661935,-27.363368,90.000000,
-19.828133,-1.661935,-27.363368,14.749324,-27.186990,-33.994097,29.866251,20.610086,-18.479310,-19.828133,-1.661935,-27.363368,90.000000,
-19.828133,-1.661935,-27.363368,-67.064640,35.808915,-32.621153,-70.537737,-22.738074,-15.731395,-19.828133,-1.661935,-27.363368,90.000000,
-19.828133,-1.661935,-27.363368,14.749324,-27.186990,-33.994097,29.866251,20.610086,-18.479310,-19.828133,-1.661935,-27.363368,90.000000,
-19.828133,-1.661935,-27.363368,-67.064640,35.808915,-32.621153,-70.537737,-22.738074,-15.731395,-19.828133,-1.661935,-27.363368,90.000000,
-19.828133,-1.661935,-27.363368,14.749324,-27.186990,-33.994097,29.866251,20.610086,-18.479310,-19.828133,-1.661935,-27.363368,90.000000,
-19.828133,-1.661935,-27.363368,-67.064640,35.808915,-32.621153,-70.537737,-22.738074,-15.731395,-19.828133,-1.661935,-27.363368,90.000000,
-19.828133,-1.661935,-27.363368,14.749324,-27.186990,-33.994097,29.866251,20.610086,-18.479310,-19.828133,-1.661935,-27.363368,90.000000,
-19.828133,-1.661935,-27.363368,-67.064640,35.808915,-32.621153,-70.537737,-22.738074,-15.731395,-19.828133,-1.661935,-27.363368,90.000000,
-19.828133,-1.661935,-27.363368,14.749324,-27.186990,-33.994097,29.866251,20.610086,-18.479310,-19.828133,-1.661935,-27.363368,90.000000,
-19.828133,-1.661935,-27.363368,-67.064640,35.808915,-32.621153,-70.537737,-22.738074,-15.731395,-19.828133,-1.661935,-27.363368,90.000000,
-19.828133,-1.661935,-27.363368,14.749324,-27.186990,-33.994097,29.866251,20.610086,-18.479310,-19.828133,-1.661935,-27.363368,90.000000,
-19.828133,-1.661935,-27.363368,-67.064640,35.808915,-32.621153,-70.537737,-22.738074,-15.731395,-19.828133,-1.661935,-27.363368,90.000000,
-19.828133,-1.661935,-27.363368,14.749324,-27.186990,-33.994097,29.866251,20.610086,-18.479310,-19.828133,-1.661935,-27.363368,90.000000,
-19.828133,-1.661935,-27.363368,-67.064640,35.808915,-32.621153,-70.537737,-22.738074,-15.731395,-19.828133,-1.661935,-27.363368,90.000000,
-19.828133,-1.661935,-27.363368,14.749324,-27.186990,-33.994097,29.866251,20.610086,-18.479310,-19.828133,-1.661935,-27.363368,90.000000,
-19.828133,-1.661935,-27.363368,-67.064640,35.808915,-32.621153,-70.537737,-22.738074,-15.731395,-19.828133,-1.661935,-27.363368,90.000000,
-19.828133,-1.661935,-27.363368,14.749324,-27.186990,-33.994097,29.866251,20.610086,-18.479310,-19.828133,-1.661935,-27.363368,90.000000,
-19.828133,-1.661935,-27.363368,-67.064640,35.808915,-32.621153,-70.537737,-22.738074,-15.731395,-19.828133,-1.661935,-27.363368,90.000000,
-19.828133,-1.661935,-27.363368,14.749324,-27.186990,-33.994097,29.866251,20.610086,-18.479310,-19.828133,-1.661935,-27.363368,90.000000,
-19.828133,-1.661935,-27.363368,-67.064640,35.808915,-32.621153,-70.537737,-22.738074,-15.731395,-19.828133,-1.661935,-27.363368,90.000000,
-19.828133,-1.661935,-27.363368,14.749324,-27.186990,-33.994097,29.866251,20.610086,-18.479310,-19.828133,-1.661935,-27.363368,90.000000,
-19.828133,-1.661935,-27.363368,-67.064640,35.808915,-32.621153,-70.537737,-22.738074,-15.731395,-19.828133,-1.661935,-27.363368,90.000000,
-19.828133,-1.661935,-27.363368,14.749324,-27.186990,-33.994097,29.866251,20.610086,-18.479310,-19.828133,-1.661935,-27.363368,90.000000,
-19.828133,-1.661935,-27.363368,-67.064640,35.808915,-32.621153,-70.537737,-22.738074,-15.731395,-19.828133,-1.661935,-27.363368,90.000000,
-19.828133,-1.661935,-27.363368,14.749324,-27.186990,-33.994097,29.866251,20.610086,-18.479310,-19.828133,-1.661935,-27.363368,90.000000,
-19.828133,-1.661935,-27.363368,-67.064640,35.808915,-32.621153,-70.537737,-22.738074,-15.731395,-19.828133,-1.661935,-27.363368,90.000000,
-19.828133,-1.661935,-27.363368,14.749324,-27.186990,-33.994097,29.866251,20.610086,-18.479310,-19.828133,-1.661935,-27.363368,90.000000,
-19.828133,-1.661935,-27.363368,-67.064640,35.808915,-32.621153,-70.537737,-22.738074,-15.731395,-19.828133,-1.661935,-27.363368,90.000000,
-19.828133,-1.661935,-27.363368,14.749324,-27.186990,-33.994097,29.866251,20.610086,-18.479310,-19.828133,-1.661935,-27.363368,90.000000,
-19.828133,-1.661935,-27.363368,-67.064640,35.808915,-32.621153,-70.537737,-22.738074,-15.731395,-19.828133,-1.661935,-27.363368,90.000000,
-19.828133,-1.661935,-27.363368,14.749324,-27.186990,-33.994097,29.866251,20.610086,-18.479310,-19.828133,-1.661935,-27.363368,90.000000,
-19.828133,-1.661935,-27.363368,-67.064640,35.808915,-32.621153,-70.537737,-22.738074,-15.731395,-19.828133,-1.661935,-27.363368,90.000000,
-19.828133,-1.661935,-27.363368,14.749324,-27.186990,-33.994097,29.866251,20.610086,-18.479310,-19.828133,-1.661935,-27.363368,90.000000,
-19.828133,-1.661935,-27.363368,-67.064640,35.808915,-32.621153,-70.537737,-22.738074,-15.731395,-19.828133,-1.661935,-27.363368,90.000000,
-19.828133,-1.661935,-27.363368,14.749324,-27.186990,-33.994097,29.866251,20.610086,-18.479310,-19.828133,-1.661935,-27.363368,90.000000,
-19.828133,-1.661935,-27.363368,-67.064640,35.808915,-32.621153,-70.537737,-22.738074,-15.731395,-19.828133,-1.661935,-27.363368,90.000000,
-19.828133,-1.661935,-27.363368,14.749324,-27.186990,-33.994097,29.866251,20.610086,-18.479310,-19.828133,-1.661935,-27.363368,90.000000,
-19.828133,-1.661935,-27.363368,-67.064640,35.808915,-32.621153,-70.537737,-22.738074,-15.731395,-19.828133,-1.661935,-27.363368,90.000000,
-19.828133,-1.661935,-27.363368,14.749324,-27.186990,-33.994097,29.866251,20.610086,-18.479310,-19.828133,-1.661935,-27.363368,90.000000,
-19.828133,-1.661935,-27.363368,-67.064640,35.808915,-32.621153,-70.537737,-22.738074,-15.731395,-19.828133,-1.661935,-27.363368,90.000000,
-19.828133,-1.661935,-27.363368,14.749324,-27.186990,-33.994097,29.866251,20.610086,-18.479310,-19.828133,-1.661935,-27.363368,90.000000,
-19.828133,-1.661935,-27.363368,-67.064640,35.808915,-32.621153,-70.537737,-22.738074,-15.731395,-19.828133,-1.661935,-27.363368,90.000000,
-19.828133,-1.661935,-27.363368,14.749324,-27.186990,-33.994097,29.866251,20.610086,-18.479310,-19.828133,-1.661935,-27.363368,90.000000,
-19.828133,-1.661935,-27.363368,-67.064640,35.808915,-32.621153,-70.537737,-22.738074,-15.731395,-19.828133,-1.661935,-27.363368,90.000000,
-19.828133,-1.661935,-27.363368,14.749324,-27.186990,-33.994097,29.866251,20.610086,-18.479310,-19.828133,-1.661935,-27.363368,90.000000,
-19.828133,-1.661935,-27.363368,-67.064640,35.808915,-32.621153,-70.537737,-22.738074,-15.731395,-19.828133,-1.661935,-27.363368,90.000000,
-19.828133,-1.661935,-27.363368,14.749324,-27.186990,-33.994097,29.866251,20.610086,-18.479310,-19.828133,-1.661935,-27.363368,90.000000,
-19.828133,-1.661935,-27.363368,-67.064640,35.808915,-32.621153,-70.537737,-22.738074,-15.731395,-19.828133,-1.661935,-27.363368,90.000000,
-19.828133,-1.661935,-27.363368,14.749324,-27.186990,-33.994097,29.866251,20.610086,-18.479310,-19.828133,-1.661935,-27.363368,90.000000,
-19.828133,-1.661935,-27.363368,-67.064640,35.808915,-32.621153,-70.537737,-22.738074,-15.731395,-19.828133,-1.661935,-27.363368,90.000000,
-19.828133,-1.661935,-27.363368,14.749324,-27.186990,-33.994097,29.866251,20.610086,-18.479310,-19.828133,-1.661935,-27.363368,90.000000,
-19.828133,-1.661935,-27.363368,-67.064640,35.808915,-32.621153,-70.537737,-22.738074,-15.731395,-19.828133,-1.661935,-27.363368,90.000000,
-19.828133,-1.661935,-27.363368,14.749324,-27.186990,-33.994097,29.866251,20.610086,-18.479310,-19.828133,-1.661935,-27.363368,90.000000,
-19.828133,-1.661935,-27.363368,-67.064640,35.808915,-32.621153,-70.537737,-22.738074,-15.731395,-19.828133,-1.661935,-27.363368,90.000000,
-19.828133,-1.661935,-27.363368,14.749324,-27.186990,-33.994097,29.866251,20.610086,-18.479310,-19.828133,-1.661935,-27.363368,90.000000,
-19.828133,-1.661935,-27.363368,-67.064640,35.808915,-32.621153,-70.537737,-22.738074,-15.731395,-19.828133,-1.661935,-27.363368,90.000000,
-19.828133,-1.661935,-27.363368,14.749324,-27.186990,-33.994097,29.866251,20.610086,-18.479310,-19.828133,-1.661935,-27.363368,90.000000,
-19.828133,-1.661935,-27.363368,-67.064640,35.808915,-32.621153,-70.537737,-22.738074,-15.731395,-19.828133,-1.661935,-27.363368,90.000000,
-19.828133,-1.661935,-27.363368,14.749324,-27.186990,-33.994097,29.866251,20.610086,-18.479310,-19.828133,-1.661935,-27.363368,90.000000,
-19.828133,-1.661935,-27.363368,-67.064640,35.808915,-32.621153,-70.537737,-22.738074,-15.731395,-19.828133,-1.661935,-27.363368,90.000000,
-19.828133,-1.661935,-27.363368,14.749324,-27.186990,-33.994097,29.866251,20.610086,-18.479310,-19.828133,-1.661935,-27.363368,90.000000,
-19.828133,-1.661935,-27.363368,-67.064640,35.808915,-32.621153,-70.537737,-22.738074,-15.731395,-19.828133,-1.661935,-27.363368,90.000000,
-19.828133,-1.661935,-27.363368,14.749324,-27.186990,-33.994097,29.866251,20.610086,-18.479310,-19.828133,-1.661935,-27.363368,90.000000,
-19.828133,-1.661935,-27.363368,-67.064640,35.808915,-32.621153,-70.537737,-22.738074,-15.731395,-19.828133,-1.661935,-27.363368,90.000000,
-19.828133,-1.661935,-27.363368,14.749324,-27.186990,-33.994097,29.866251,20.610086,-18.479310,-19.828133,-1.661935,-27.363368,90.000000,
-19.828133,-1.661935,-27.363368,-67.064640,35.808915,-32.621153,-70.537737,-22.738074,-15.731395,-19.828133,-1.661935,-27.363368,90.000000,
-19.828133,-1.661935,-27.363368,14.749324,-27.186990,-33.994097,29.866251,20.610086,-18.479310,-19.828133,-1.661935,-27.363368,90.000000,
-19.828133,-1.661935,-27.363368,-67.064640,35.808915,-32.621153,-70.537737,-22.738074,-15.731395,-19.828133,-1.661935,-27.363368,90.000000,
-19.828133,-1.661935,-27.363368,14.749324,-27.186990,-33.994097,29.866251,20.610086,-18.479310,-19.828133,-1.661935,-27.363368,90.000000,
-19.828133,-1.661935,-27.363368,-67.064640,35.808915,-32.621153,-70.537737,-22.738074,-15.731395,-19.828133,-1.661935,-27.363368,90.000000,
-19.828133,-1.661935,-27.363368,14.749324,-27.186990,-33.994097,29.866251,20.610086,-18.479310,-19.828133,-1.661935,-27.363368,90.000000,
-19.828133,-1.661935,-27.363368,-67.064640,35.808915,-32.621153,-70.537737,-22.738074,-15.731395,-19.828133,-1.661935,-27.363368,90.000000,
-19.828133,-1.661935,-27.363368,14.749324,-27.186990,-33.994097,29.866251,20.610086,-18.479310,-19.828133,-1.661935,-27.363368,90.000000,
-19.828133,-1.661935,-27.363368,-67.064640,35.808915,-32.621153,-70.537737,-22.738074,-15.731395,-19.828133,-1.661935,-27.363368,90.000000,
-19.828133,-1.661935,-27.363368,14.749324,-27.186990,-33.994097,29.866251,20.610086,-18.479310,-19.828133,-1.661935,-27.363368,90.000000,
-19.828133,-1.661935,-27.363368,-67.064640,35.808915,-32.621153,-70.537737,-22.738074,-15.731395,-19.828133,-1.661935,-27.363368,90.000000,
-19.828133,-1.661935,-27.363368,14.749324,-27.186990,-33.994097,29.866251,20.610086,-18.479310,-19.828133,-1.661935,-27.363368,90.000000,
-19.828133,-1.661935,-27.363368,-67.064640,35.808915,-32.621153,-70.537737,-22.738074,-15.731395,-19.828133,-1.661935,-27.363368,90.000000,
-19.828133,-1.661935,-27.363368,14.749324,-27.186990,-33.994097,29.866251,20.610086,-18.479310,-19.828133,-1.661935,-27.363368,90.000000,
-19.828133,-1.661935,-27.363368,-67.064640,35.808915,-32.621153,-70.537737,-22.738074,-15.731395,-19.828133,-1.661935,-27.363368,90.000000,
-19.828133,-1.661935,-27.363368,14.749324,-27.186990,-33.994097,29.866251,20.610086,-18.479310,-19.828133,-1.661935,-27.363368,90.000000,
-19.828133,-1.661935,-27.363368,-67.064640,35.808915,-32.621153,-70.537737,-22.738074,-15.731395,-19.828133,-1.661935,-27.363368,90.000000,
-19.828133,-1.661935,-27.363368,14.749324,-27.186990,-33.994097,29.866251,20.610086,-18.479310,-19.828133,-1.661935,-27.363368,90.000000,
-19.828133,-1.661935,-27.363368,-67.064640,35.808915,-32.621153,-70.537737,-22.738074,-15.731395,-19.828133,-1.661935,-27.363368,90.000000,
-19.828133,-1.661935,-27.363368,14.749324,-27.186990,-33.994097,29.866251,20.610086,-18.479310,-19.828133,-1.661935,-27.363368,90.000000,
-19.828133,-1.661935,-27.363368,-67.064640,35.808915,-32.621153,-70.537737,-22.738074,-15.731395,-19.828133,-1.661935,-27.363368,90.000000,
-19.828133,-1.661935,-27.363368,14.749324,-27.186990,-33.994097,29.866251,20.610086,-18.479310,-19.828133,-1.661935,-27.363368,90.000000,
-19.828133,-1.661935,-27.363368,-67.064640,35.808915,-32.621153,-70.537737,-22.738074,-15.731395,-19.828133,-1.661935,-27.363368,90.000000,
-19.828133,-1.661935,-27.363368,14.749324,-27.186990,-33.994097,29.866251,20.610086,-18.479310,-19.828133,-1.661935,-27.363368,90.000000,
-19.828133,-1.661935,-27.363368,-67.064640,35.808915,-32.621153,-70.537737,-22.738074,-15.731395,-19.828133,-1.661935,-27.363368,90.000000,
-19.828133,-1.661935,-27.363368,14.749324,-27.186990,-33.994097,29.866251,20.610086,-18.479310,-19.828133,-1.661935,-27.363368,90.000000,
-19.828133,-1.661935,-27.363368,-67.064640,35.808915,-32.621153,-70.537737,-22.738074,-15.731395,-19.828133,-1.661935,-27.363368,90.000000,
-19.828133,-1.661935,-27.363368,14.749324,-27.186990,-33.994097,29.866251,20.610086,-18.479310,-19.828133,-1.661935,-27.363368,90.000000,
-19.828133,-1.661935,-27.363368,-67.064640,35.808915,-32.621153,-70.537737,-22.738074,-15.731395,-19.828133,-1.661935,-27.363368,90.000000,
-19.828133,-1.661935,-27.363368,14.749324,-27.186990,-33.994097,29.866251,20.610086,-18.479310,-19.828133,-1.661935,-27.363368,90.000000,
-19.828133,-1.661935,-27.363368,-67.064640,35.808915,-32.621153,-70.537737,-22.738074,-15.731395,-19.828133,-1.661935,-27.363368,90.000000,
-19.828133,-1.661935,-27.363368,14.749324,-27.186990,-33.994097,29.866251,20.610086,-18.479310,-19.828133,-1.661935,-27.363368,90.000000,
-19.828133,-1.661935,-27.363368,-67.064640,35.808915,-32.621153,-70.537737,-22.738074,-15.731395,-19.828133,-1.661935,-27.363368,90.000000,
-19.828133,-1.661935,-27.363368,14.749324,-27.186990,-33.994097,29.866251,20.610086,-18.479310,-19.828133,-1.661935,-27.363368,90.000000,
-19.828133,-1.661935,-27.363368,-67.064640,35.808915,-32.621153,-70.537737,-22.738074,-15.731395,-19.828133,-1.661935,-27.363368,90.000000,
-19.828133,-1.661935,-27.363368,14.749324,-27.186990,-33.994097,29.866251,20.610086,-18.479310,-19.828133,-1.661935,-27.363368,90.000000,
-19.828133,-1.661935,-27.363368,-67.064640,35.808915,-32.621153,-70.537737,-22.738074,-15.731395,-19.828133,-1.661935,-27.363368,90.000000,
-19.828133,-1.661935,-27.363368,14.749324,-27.186990,-33.994097,29.866251,20.610086,-18.479310,-19.828133,-1.661935,-27.363368,90.000000,
-19.828133,-1.661935,-27.363368,-67.064640,35.808915,-32.621153,-70.537737,-22.738074,-15.731395,-19.828133,-1.661935,-27.363368,90.000000,
-19.828133,-1.661935,-27.363368,14.749324,-27.186990,-33.994097,29.866251,20.610086,-18.479310,-19.828133,-1.661935,-27.363368,90.000000,
-19.828133,-1.661935,-27.363368,-67.064640,35.808915,-32.621153,-70.537737,-22.738074,-15.731395,-19.828133,-1.661935,-27.363368,90.000000,
-19.828133,-1.661935,-27.363368,14.749324,-27.186990,-33.994097,29.866251,20.610086,-18.479310,-19.828133,-1.661935,-27.363368,90.000000,
-19.828133,-1.661935,-27.363368,-67.064640,35.808915,-32.621153,-70.537737,-22.738074,-15.731395,-19.828133,-1.661935,-27.363368,90.000000,
-19.828133,-1.661935,-27.363368,14.749324,-27.186990,-33.994097,29.866251,20.610086,-18.479310,-19.828133,-1.661935,-27.363368,90.000000,
-19.828133,-1.661935,-27.363368,-67.064640,35.808915,-32.621153,-70.537737,-22.738074,-15.731395,-19.828133,-1.661935,-27.363368,90.000000,
-19.828133,-1.661935,-27.363368,14.749324,-27.186990,-33.994097,29.866251,20.610086,-18.479310,-19.828133,-1.661935,-27.363368,90.000000,
-19.828133,-1.661935,-27.363368,-67.064640,35.808915,-32.621153,-70.537737,-22.738074,-15.731395,-19.828133,-1.661935,-27.363368,90.000000,
-19.828133,-1.661935,-27.363368,14.749324,-27.186990,-33.994097,29.866251,20.610086,-18.479310,-19.828133,-1.661935,-27.363368,90.000000,
-19.828133,-1.661935,-27.363368,-67.064640,35.808915,-32.621153,-70.537737,-22.738074,-15.731395,-19.828133,-1.661935,-27.363368,90.000000,
-19.828133,-1.661935,-27.363368,14.749324,-27.186990,-33.994097,29.866251,20.610086,-18.479310,-19.828133,-1.661935,-27.363368,90.000000,
-19.828133,-1.661935,-27.363368,-67.064640,35.808915,-32.621153,-70.537737,-22.738074,-15.731395,-19.828133,-1.661935,-27.363368,90.000000,
-19.828133,-1.661935,-27.363368,14.749324,-27.186990,-33.994097,29.866251,20.610086,-18.479310,-19.828133,-1.661935,-27.363368,90.000000,
-19.828133,-1.661935,-27.363368,-67.064640,35.808915,-32.621153,-70.537737,-22.738074,-15.731395,-19.828133,-1.661935,-27.363368,90.000000,
-19.828133,-1.661935,-27.363368,14.749324,-27.186990,-33.994097,29.866251,20.610086,-18.479310,-19.828133,-1.661935,-27.363368,90.000000,
-19.828133,-1.661935,-27.363368,-67.064640,35.808915,-32.621153,-70.537737,-22.738074,-15.731395,-19.828133,-1.661935,-27.363368,90.000000,
-19.828133,-1.661935,-27.363368,14.749324,-27.186990,-33.994097,29.866251,20.610086,-18.479310,-19.828133,-1.661935,-27.363368,90.000000,
-19.828133,-1.661935,-27.363368,-67.064640,35.808915,-32.621153,-70.537737,-22.738074,-15.731395,-19.828133,-1.661935,-27.363368,90.000000,
-19.828133,-1.661935,-27.363368,14.749324,-27.186990,-33.994097,29.866251,20.610086,-18.479310,-19.828133,-1.661935,-27.363368,90.000000,
-19.828133,-1.661935,-27.363368,-67.064640,35.808915,-32.621153,-70.537737,-22.738074,-15.731395,-19.828133,-1.661935,-27.363368,90.000000,
-19.828133,-1.661935,-27.363368,14.749324,-27.186990,-33.994097,29.866251,20.610086,-18.479310,-19.828133,-1.661935,-27.363368,90.000000,
-19.828133,-1.661935,-27.363368,-67.064640,35.808915,-32.621153,-70.537737,-22.738074,-15.731395,-19.828133,-1.661935,-27.363368,90.000000,
-19.828133,-1.661935,-27.363368,14.749324,-27.186990,-33.994097,29.866251,20.610086,-18.479310,-19.828133,-1.661935,-27.363368,90.000000,
-19.828133,-1.661935,-27.363368,-67.064640,35.808915,-32.621153,-70.537737,-22.738074,-15.731395,-19.828133,-1.661935,-27.363368,90.000000,
-19.828133,-1.661935,-27.363368,14.749324,-27.186990,-33.994097,29.866251,20.610086,-18.479310,-19.828133,-1.661935,-27.363368,90.000000,
-19.828133,-1.661935,-27.363368,-67.064640,35.808915,-32.621153,-70.537737,-22.738074,-15.731395,-19.828133,-1.661935,-27.363368,90.000000,
-19.828133,-1.661935,-27.363368,14.749324,-27.186990,-33.994097,29.866251,20.610086,-18.479310,-19.828133,-1.661935,-27.363368,90.000000,
-19.828133,-1.661935,-27.363368,-67.064640,35.808915,-32.621153,-70.537737,-22.738074,-15.731395,-19.828133,-1.661935,-27.363368,90.000000,
-19.828133,-1.661935,-27.363368,14.749324,-27.186990,-33.994097,29.866251,20.610086,-18.479310,-19.828133,-1.661935,-27.363368,90.000000,
-19.828133,-1.661935,-27.363368,-67.064640,35.808915,-32.621153,-70.537737,-22.738074,-15.731395,-19.828133,-1.661935,-27.363368,90.000000,
-19.828133,-1.661935,-27.363368,14.749324,-27.186990,-33.994097,29.866251,20.610086,-18.479310,-19.828133,-1.661935,-27.363368,90.000000,
-19.828133,-1.661935,-27.363368,-67.064640,35.808915,-32.621153,-70.537737,-22.738074,-15.731395,-19.828133,-1.661935,-27.363368,90.000000,
-19.828133,-1.661935,-27.363368,14.749324,-27.186990,-33.994097,29.866251,20.610086,-18.479310,-19.828133,-1.661935,-27.363368,90.000000,
-19.828133,-1.661935,-27.363368,-67.064640,35.808915,-32.621153,-70.537737,-22.738074,-15.731395,-19.828133,-1.661935,-27.363368,90.000000,
-19.828133,-1.661935,-27.363368,14.749324,-27.186990,-33.994097,29.866251,20.610086,-18.479310,-19.828133,-1.661935,-27.363368,90.000000,
-19.828133,-1.661935,-27.363368,-67.064640,35.808915,-32.621153,-70.537737,-22.738074,-15.731395,-19.828133,-1.661935,-27.363368,90.000000,
-19.828133,-1.661935,-27.363368,14.749324,-27.186990,-33.994097,29.866251,20.610086,-18.479310,-19.828133,-1.661935,-27.363368,90.000000,
-19.828133,-1.661935,-27.363368,-67.064640,35.808915,-32.621153,-70.537737,-22.738074,-15.731395,-19.828133,-1.661935,-27.363368,90.000000,
-19.828133,-1.661935,-27.363368,14.749324,-27.186990,-33.994097,29.866251,20.610086,-18.479310,-19.828133,-1.661935,-27.363368,90.000000,
-19.828133,-1.661935,-27.363368,-67.064640,35.808915,-32.621153,-70.537737,-22.738074,-15.731395,-19.828133,-1.661935,-27.363368,90.000000,
-19.828133,-1.661935,-27.363368,14.749324,-27.186990,-33.994097,29.866251,20.610086,-18.479310,-19.828133,-1.661935,-27.363368,90.000000,
-19.828133,-1.661935,-27.363368,-67.064640,35.808915,-32.621153,-70.537737,-22.738074,-15.731395,-19.828133,-1.661935,-27.363368,90.000000,
-19.828133,-1.661935,-27.363368,14.749324,-27.186990,-33.994097,29.866251,20.610086,-18.479310,-19.828133,-1.661935,-27.363368,90.000000,
-19.828133,-1.661935,-27.363368,-67.064640,35.808915,-32.621153,-70.537737,-22.738074,-15.731395,-19.828133,-1.661935,-27.363368,90.000000,
-19.828133,-1.661935,-27.363368,14.749324,-27.186990,-33.994097,29.866251,20.610086,-18.479310,-19.828133,-1.661935,-27.363368,90.000000,
-19.828133,-1.661935,-27.363368,-67.064640,35.808915,-32.621153,-70.537737,-22.738074,-15.731395,-19.828133,-1.661935,-27.363368,90.000000,
-19.828133,-1.661935,-27.363368,14.749324,-27.186990,-33.994097,29.866251,20.610086,-18.479310,-19.828133,-1.661935,-27.363368,90.000000,
-19.828133,-1.661935,-27.363368,-67.064640,35.808915,-32.621153,-70.537737,-22.738074,-15.731395,-19.828133,-1.661935,-27.363368,90.000000,
-19.828133,-1.661935,-27.363368,14.749324,-27.186990,-33.994097,29.866251,20.610086,-18.479310,-19.828133,-1.661935,-27.363368,90.000000,
-19.828133,-1.661935,-27.363368,-67.064640,35.808915,-32.621153,-70.537737,-22.738074,-15.731395,-19.828133,-1.661935,-27.363368,90.000000,
-19.828133,-1.661935,-27.363368,14.749324,-27.186990,-33.994097,29.866251,20.610086,-18.479310,-19.828133,-1.661935,-27.363368,90.000000,
-19.828133,-1.661935,-27.363368,-67.064640,35.808915,-32.621153,-70.537737,-22.738074,-15.731395,-19.828133,-1.661935,-27.363368,90.000000,
-19.828133,-1.661935,-27.363368,14.749324,-27.186990,-33.994097,29.866251,20.610086,-18.479310,-19.828133,-1.661935,-27.363368,90.000000,
-19.828133,-1.661935,-27.363368,-67.064640,35.808915,-32.621153,-70.537737,-22.738074,-15.731395,-19.828133,-1.661935,-27.363368,90.000000,
-19.828133,-1.661935,-27.363368,14.749324,-27.186990,-33.994097,29.866251,20.610086,-18.479310,-19.828133,-1.661935,-27.363368,90.000000,
-19.828133,-1.661935,-27.363368,-67.064640,35.808915,-32.621153,-70.537737,-22.738074,-15.731395,-19.828133,-1.661935,-27.363368,90.000000,
-19.828133,-1.661935,-27.363368,14.749324,-27.186990,-33.994097,29.866251,20.610086,-18.479310,-19.828133,-1.661935,-27.363368,90.000000,
-19.828133,-1.661935,-27.363368,-67.064640,35.808915,-32.621153,-70.537737,-22.738074,-15.731395,-19.828133,-1.661935,-27.363368,90.000000,
-19.828133,-1.661935,-27.363368,14.749324,-27.186990,-33.994097,29.866251,20.610086,-18.479310,-19.828133,-1.661935,-27.363368,90.000000,
-19.828133,-1.661935,-27.363368,-67.064640,35.808915,-32.621153,-70.537737,-22.738074,-15.731395,-19.828133,-1.661935,-27.363368,90.000000,
-19.828133,-1.661935,-27.363368,14.749324,-27.186990,-33.994097,29.866251,20.610086,-18.479310,-19.828133,-1.661935,-27.363368,90.000000,
-19.828133,-1.661935,-27.363368,-67.064640,35.808915,-32.621153,-70.537737,-22.738074,-15.731395,-19.828133,-1.661935,-27.363368,90.000000,
-19.828133,-1.661935,-27.363368,14.749324,-27.186990,-33.994097,29.866251,20.610086,-18.479310,-19.828133,-1.661935,-27.363368,90.000000,
-19.828133,-1.661935,-27.363368,-67.064640,35.808915,-32.621153,-70.537737,-22.738074,-15.731395,-19.828133,-1.661935,-27.363368,90.000000,
-19.828133,-1.661935,-27.363368,14.749324,-27.186990,-33.994097,29.866251,20.610086,-18.479310,-19.828133,-1.661935,-27.363368,90.000000,
-19.828133,-1.661935,-27.363368,-67.064640,35.808915,-32.621153,-70.537737,-22.738074,-15.731395,-19.828133,-1.661935,-27.363368,90.000000,
-19.828133,-1.661935,-27.363368,14.749324,-27.186990,-33.994097,29.866251,20.610086,-18.479310,-19.828133,-1.661935,-27.363368,90.000000,
-19.828133,-1.661935,-27.363368,-67.064640,35.808915,-32.621153,-70.537737,-22.738074,-15.731395,-19.828133,-1.661935,-27.363368,90.000000,
-19.828133,-1.661935,-27.363368,14.749324,-27.186990,-33.994097,29.866251,20.610086,-18.479310,-19.828133,-1.661935,-27.363368,90.000000,
-19.828133,-1.661935,-27.363368,-67.064640,35.808915,-32.621153,-70.537737,-22.738074,-15.731395,-19.828133,-1.661935,-27.363368,90.000000,
-19.828133,-1.661935,-27.363368,14.749324,-27.186990,-33.994097,29.866251,20.610086,-18.479310,-19.828133,-1.661935,-27.363368,90.000000,
-19.828133,-1.661935,-27.363368,-67.064640,35.808915,-32.621153,-70.537737,-22.738074,-15.731395,-19.828133,-1.661935,-27.363368,90.000000,
-19.828133,-1.661935,-27.363368,14.749324,-27.186990,-33.994097,29.866251,20.610086,-18.479310,-19.828133,-1.661935,-27.363368,90.000000,
-19.828133,-1.661935,-27.363368,-67.064640,35.808915,-32.621153,-70.537737,-22.738074,-15.731395,-19.828133,-1.661935,-27.363368,90.000000,
-19.828133,-1.661935,-27.363368,14.749324,-27.186990,-33.994097,29.866251,20.610086,-18.479310,-19.828133,-1.661935,-27.363368,90.000000,
-19.828133,-1.661935,-27.363368,-67.064640,35.808915,-32.621153,-70.537737,-22.738074,-15.731395,-19.828133,-1.661935,-27.363368,90.000000,
-19.828133,-1.661935,-27.363368,14.749324,-27.186990,-33.994097,29.866251,20.610086,-18.479310,-19.828133,-1.661935,-27.363368,90.000000,
-19.828133,-1.661935,-27.363368,-67.064640,35.808915,-32.621153,-70.537737,-22.738074,-15.731395,-19.828133,-1.661935,-27.363368,90.000000,
-19.828133,-1.661935,-27.363368,14.749324,-27.186990,-33.994097,29.866251,20.610086,-18.479310,-19.828133,-1.661935,-27.363368,90.000000,
-19.828133,-1.661935,-27.363368,-67.064640,35.808915,-32.621153,-70.537737,-22.738074,-15.731395,-19.828133,-1.661935,-27.363368,90.000000,
-19.828133,-1.661935,-27.363368,14.749324,-27.186990,-33.994097,29.866251,20.610086,-18.479310,-19.828133,-1.661935,-27.363368,90.000000,
-19.828133,-1.661935,-27.363368,-67.064640,35.808915,-32.621153,-70.537737,-22.738074,-15.731395,-19.828133,-1.661935,-27.363368,90.000000,
-19.828133,-1.661935,-27.363368,14.749324,-27.186990,-33.994097,29.866251,20.610086,-18.479310,-19.828133,-1.661935,-27.363368,90.000000,
-19.828133,-1.661935,-27.363368,-67.064640,35.808915,-32.621153,-70.537737,-22.738074,-15.731395,-19.828133,-1.661935,-27.363368,90.000000,
-19.828133,-1.661935,-27.363368,14.749324,-27.186990,-33.994097,29.866251,20.610086,-18.479310,-19.828133,-1.661935,-27.363368,90.000000,
-19.828133,-1.661935,-27.363368,-67.064640,35.808915,-32.621153,-70.537737,-22.738074,-15.731395,-19.828133,-1.661935,-27.363368,90.000000,
-19.828133,-1.661935,-27.363368,14.749324,-27.186990,-33.994097,29.866251,20.610086,-18.479310,-19.828133,-1.661935,-27.363368,90.000000,
-19.828133,-1.661935,-27.363368,-67.064640,35.808915,-32.621153,-70.537737,-22.738074,-15.731395,-19.828133,-1.661935,-27.363368,90.000000,
-19.828133,-1.661935,-27.363368,14.749324,-27.186990,-33.994097,29.866251,20.610086,-18.479310,-19.828133,-1.661935,-27.363368,90.000000,
-19.828133,-1.661935,-27.363368,-67.064640,35.808915,-32.621153,-70.537737,-22.738074,-15.731395,-19.828133,-1.661935,-27.363368,90.000000,
-19.828133,-1.661935,-27.363368,14.749324,-27.186990,-33.994097,29.866251,20.610086,-18.479310,-19.828133,-1.661935,-27.363368,90.000000,
-19.828133,-1.661935,-27.363368,-67.064640,35.808915,-32.621153,-70.537737,-22.738074,-15.731395,-19.828133,-1.661935,-27.363368,90.000000,
-19.828133,-1.661935,-27.363368,14.749324,-27.186990,-33.994097,29.866251,20.610086,-18.479310,-19.828133,-1.661935,-27.363368,90.000000,
-19.828133,-1.661935,-27.363368,-67.064640,35.808915,-32.621153,-70.537737,-22.738074,-15.731395,-19.828133,-1.661935,-27.363368,90.000000,
-19.828133,-1.661935,-27.363368,14.749324,-27.186990,-33.994097,29.866251,20.610086,-18.479310,-19.828133,-1.661935,-27.363368,90.000000,
-19.828133,-1.661935,-27.363368,-67.064640,35.808915,-32.621153,-70.537737,-22.738074,-15.731395,-19.828133,-1.661935,-27.363368,90.000000,
-19.828133,-1.661935,-27.363368,14.749324,-27.186990,-33.994097,29.866251,20.610086,-18.479310,-19.828133,-1.661935,-27.363368,90.000000,
-19.828133,-1.661935,-27.363368,-67.064640,35.808915,-32.621153,-70.537737,-22.738074,-15.731395,-19.828133,-1.661935,-27.363368,90.000000,
-19.828133,-1.661935,-27.363368,14.749324,-27.186990,-33.994097,29.866251,20.610086,-18.479310,-19.828133,-1.661935,-27.363368,90.000000,
-19.828133,-1.661935,-27.363368,-67.064640,35.808915,-32.621153,-70.537737,-22.738074,-15.731395,-19.828133,-1.661935,-27.363368,90.000000,
-19.828133,-1.661935,-27.363368,14.749324,-27.186990,-33.994097,29.866251,20.610086,-18.479310,-19.828133,-1.661935,-27.363368,90.000000,
-19.828133,-1.661935,-27.363368,-67.064640,35.808915,-32.621153,-70.537737,-22.738074,-15.731395,-19.828133,-1.661935,-27.363368,90.000000,
-19.828133,-1.661935,-27.363368,14.749324,-27.186990,-33.994097,29.866251,20.610086,-18.479310,-19.828133,-1.661935,-27.363368,90.000000,
-19.828133,-1.661935,-27.363368,-67.064640,35.808915,-32.621153,-70.537737,-22.738074,-15.731395,-19.828133,-1.661935,-27.363368,90.000000,
-19.828133,-1.661935,-27.363368,14.749324,-27.186990,-33.994097,29.866251,20.610086,-18.479310,-19.828133,-1.661935,-27.363368,90.000000,
-19.828133,-1.661935,-27.363368,-67.064640,35.808915,-32.621153,-70.537737,-22.738074,-15.731395,-19.828133,-1.661935,-27.363368,90.000000,
-19.828133,-1.661935,-27.363368,14.749324,-27.186990,-33.994097,29.866251,20.610086,-18.479310,-19.828133,-1.661935,-27.363368,90.000000,
-19.828133,-1.661935,-27.363368,-67.064640,35.808915,-32.621153,-70.537737,-22.738074,-15.731395,-19.828133,-1.661935,-27.363368,90.000000,
-19.828133,-1.661935,-27.363368,14.749324,-27.186990,-33.994097,29.866251,20.610086,-18.479310,-19.828133,-1.661935,-27.363368,90.000000,
-19.828133,-1.661935,-27.363368,-67.064640,35.808915,-32.621153,-70.537737,-22.738074,-15.731395,-19.828133,-1.661935,-27.363368,90.000000,
-19.828133,-1.661935,-27.363368,14.749324,-27.186990,-33.994097,29.866251,20.610086,-18.479310,-19.828133,-1.661935,-27.363368,90.000000,
-19.828133,-1.661935,-27.363368,-67.064640,35.808915,-32.621153,-70.537737,-22.738074,-15.731395,-19.828133,-1.661935,-27.363368,90.000000,
-19.828133,-1.661935,-27.363368,14.749324,-27.186990,-33.994097,29.866251,20.610086,-18.479310,-19.828133,-1.661935,-27.363368,90.000000,
-19.828133,-1.661935,-27.363368,-67.064640,35.808915,-32.621153,-70.537737,-22.738074,-15.731395,-19.828133,-1.661935,-27.363368,90.000000,
-19.828133,-1.661935,-27.363368,14.749324,-27.186990,-33.994097,29.866251,20.610086,-18.479310,-19.828133,-1.661935,-27.363368,90.000000,
-19.828133,-1.661935,-27.363368,-67.064640,35.808915,-32.621153,-70.537737,-22.738074,-15.731395,-19.828133,-1.661935,-27.363368,90.000000,
-19.828133,-1.661935,-27.363368,14.749324,-27.186990,-33.994097,29.866251,20.610086,-18.479310,-19.828133,-1.661935,-27.363368,90.000000,
-19.828133,-1.661935,-27.363368,-67.064640,35.808915,-32.621153,-70.537737,-22.738074,-15.731395,-19.828133,-1.661935,-27.363368,90.000000,
-19.828133,-1.661935,-27.363368,14.749324,-27.186990,-33.994097,29.866251,20.610086,-18.479310,-19.828133,-1.661935,-27.363368,90.000000,
-19.828133,-1.661935,-27.363368,-67.064640,35.808915,-32.621153,-70.537737,-22.738074,-15.731395,-19.828133,-1.661935,-27.363368,90.000000,
-19.828133,-1.661935,-27.363368,14.749324,-27.186990,-33.994097,29.866251,20.610086,-18.479310,-19.828133,-1.661935,-27.363368,90.000000,
-19.828133,-1.661935,-27.363368,-67.064640,35.808915,-32.621153,-70.537737,-22.738074,-15.731395,-19.828133,-1.661935,-27.363368,90.000000,
-19.828133,-1.661935,-27.363368,14.749324,-27.186990,-33.994097,29.866251,20.610086,-18.479310,-19.828133,-1.661935,-27.363368,90.000000,
-19.828133,-1.661935,-27.363368,-67.064640,35.808915,-32.621153,-70.537737,-22.738074,-15.731395,-19.828133,-1.661935,-27.363368,90.000000,
-19.828133,-1.661935,-27.363368,14.749324,-27.186990,-33.994097,29.866251,20.610086,-18.479310,-19.828133,-1.661935,-27.363368,90.000000,
-19.828133,-1.661935,-27.363368,-67.064640,35.808915,-32.621153,-70.537737,-22.738074,-15.731395,-19.828133,-1.661935,-27.363368,90.000000,
-19.828133,-1.661935,-27.363368,14.749324,-27.186990,-33.994097,29.866251,20.610086,-18.479310,-19.828133,-1.661935,-27.363368,90.000000,
-19.828133,-1.661935,-27.363368,-67.064640,35.808915,-32.621153,-70.537737,-22.738074,-15.731395,-19.828133,-1.661935,-27.363368,90.000000,
-19.828133,-1.661935,-27.363368,14.749324,-27.186990,-33.994097,29.866251,20.610086,-18.479310,-19.828133,-1.661935,-27.363368,90.000000,
-19.828133,-1.661935,-27.363368,-67.064640,35.808915,-32.621153,-70.537737,-22.738074,-15.731395,-19.828133,-1.661935,-27.363368,90.000000,
-19.828133,-1.661935,-27.363368,14.749324,-27.186990,-33.994097,29.866251,20.610086,-18.479310,-19.828133,-1.661935,-27.363368,90.000000,
-19.828133,-1.661935,-27.363368,-67.064640,35.808915,-32.621153,-70.537737,-22.738074,-15.731395,-19.828133,-1.661935,-27.363368,90.000000,
-19.828133,-1.661935,-27.363368,14.749324,-27.186990,-33.994097,29.866251,20.610086,-18.479310,-19.828133,-1.661935,-27.363368,90.000000,
-19.828133,-1.661935,-27.363368,-67.064640,35.808915,-32.621153,-70.537737,-22.738074,-15.731395,-19.828133,-1.661935,-27.363368,90.000000,
-19.828133,-1.661935,-27.363368,14.749324,-27.186990,-33.994097,29.866251,20.610086,-18.479310,-19.828133,-1.661935,-27.363368,90.000000,
-19.828133,-1.661935,-27.363368,-67.064640,35.808915,-32.621153,-70.537737,-22.738074,-15.731395,-19.828133,-1.661935,-27.363368,90.000000,
-19.828133,-1.661935,-27.363368,14.749324,-27.186990,-33.994097,29.866251,20.610086,-18.479310,-19.828133,-1.661935,-27.363368,90.000000,
-19.828133,-1.661935,-27.363368,-67.064640,35.808915,-32.621153,-70.537737,-22.738074,-15.731395,-19.828133,-1.661935,-27.363368,90.000000,
-19.828133,-1.661935,-27.363368,14.749324,-27.186990,-33.994097,29.866251,20.610086,-18.479310,-19.828133,-1.661935,-27.363368,90.000000,
-19.828133,-1.661935,-27.363368,-67.064640,35.808915,-32.621153,-70.537737,-22.738074,-15.731395,-19.828133,-1.661935,-27.363368,90.000000,
-19.828133,-1.661935,-27.363368,14.749324,-27.186990,-33.994097,29.866251,20.610086,-18.479310,-19.828133,-1.661935,-27.363368,90.000000,
-19.828133,-1.661935,-27.363368,-67.064640,35.808915,-32.621153,-70.537737,-22.738074,-15.731395,-19.828133,-1.661935,-27.363368,90.000000,
-19.828133,-1.661935,-27.363368,14.749324,-27.186990,-33.994097,29.866251,20.610086,-18.479310,-19.828133,-1.661935,-27.363368,90.000000,
-19.828133,-1.661935,-27.363368,-67.064640,35.808915,-32.621153,-70.537737,-22.738074,-15.731395,-19.828133,-1.661935,-27.363368,90.000000,
-19.828133,-1.661935,-27.363368,14.749324,-27.186990,-33.994097,29.866251,20.610086,-18.479310,-19.828133,-1.661935,-27.363368,90.000000,
-19.828133,-1.661935,-27.363368,-67.064640,35.808915,-32.621153,-70.537737,-22.738074,-15.731395,-19.828133,-1.661935,-27.363368,90.000000,
-19.828133,-1.661935,-27.363368,14.749324,-27.186990,-33.994097,29.866251,20.610086,-18.479310,-19.828133,-1.661935,-27.363368,90.000000,
-19.828133,-1.661935,-27.363368,-67.064640,35.808915,-32.621153,-70.537737,-22.738074,-15.731395,-19.828133,-1.661935,-27.363368,90.000000,
-19.828133,-1.661935,-27.363368,14.749324,-27.186990,-33.994097,29.866251,20.610086,-18.479310,-19.828133,-1.661935,-27.363368,90.000000,
-19.828133,-1.661935,-27.363368,-67.064640,35.808915,-32.621153,-70.537737,-22.738074,-15.731395,-19.828133,-1.661935,-27.363368,90.000000,
-19.828133,-1.661935,-27.363368,14.749324,-27.186990,-33.994097,29.866251,20.610086,-18.479310,-19.828133,-1.661935,-27.363368,90.000000,
-19.828133,-1.661935,-27.363368,-67.064640,35.808915,-32.621153,-70.537737,-22.738074,-15.731395,-19.828133,-1.661935,-27.363368,90.000000,
-19.828133,-1.661935,-27.363368,14.749324,-27.186990,-33.994097,29.866251,20.610086,-18.479310,-19.828133,-1.661935,-27.363368,90.000000,
-19.828133,-1.661935,-27.363368,-67.064640,35.808915,-32.621153,-70.537737,-22.738074,-15.731395,-19.828133,-1.661935,-27.363368,90.000000,
-19.828133,-1.661935,-27.363368,14.749324,-27.186990,-33.994097,29.866251,20.610086,-18.479310,-19.828133,-1.661935,-27.363368,90.000000,
-19.828133,-1.661935,-27.363368,-67.064640,35.808915,-32.621153,-70.537737,-22.738074,-15.731395,-19.828133,-1.661935,-27.363368,90.000000,
-19.828133,-1.661935,-27.363368,14.749324,-27.186990,-33.994097,29.866251,20.610086,-18.479310,-19.828133,-1.661935,-27.363368,90.000000,
-19.828133,-1.661935,-27.363368,-67.064640,35.808915,-32.621153,-70.537737,-22.738074,-15.731395,-19.828133,-1.661935,-27.363368,90.000000,
-19.828133,-1.661935,-27.363368,14.749324,-27.186990,-33.994097,29.866251,20.610086,-18.479310,-19.828133,-1.661935,-27.363368,90.000000,
-19.828133,-1.661935,-27.363368,-67.064640,35.808915,-32.621153,-70.537737,-22.738074,-15.731395,-19.828133,-1.661935,-27.363368,90.000000,
-19.828133,-1.661935,-27.363368,14.749324,-27.186990,-33.994097,29.866251,20.610086,-18.479310,-19.828133,-1.661935,-27.363368,90.000000,
-19.828133,-1.661935,-27.363368,-67.064640,35.808915,-32.621153,-70.537737,-22.738074,-15.731395,-19.828133,-1.661935,-27.363368,90.000000,
-19.828133,-1.661935,-27.363368,14.749324,-27.186990,-33.994097,29.866251,20.610086,-18.479310,-19.828133,-1.661935,-27.363368,90.000000,
-19.828133,-1.661935,-27.363368,-67.064640,35.808915,-32.621153,-70.537737,-22.738074,-15.731395,-19.828133,-1.661935,-27.363368,90.000000,
-19.828133,-1.661935,-27.363368,14.749324,-27.186990,-33.994097,29.866251,20.610086,-18.479310,-19.828133,-1.661935,-27.363368,90.000000,
-19.828133,-1.661935,-27.363368,-67.064640,35.808915,-32.621153,-70.537737,-22.738074,-15.731395,-19.828133,-1.661935,-27.363368,90.000000,
-19.828133,-1.661935,-27.363368,14.749324,-27.186990,-33.994097,29.866251,20.610086,-18.479310,-19.828133,-1.661935,-27.363368,90.000000,
-19.828133,-1.661935,-27.363368,-67.064640,35.808915,-32.621153,-70.537737,-22.738074,-15.731395,-19.828133,-1.661935,-27.363368,90.000000,
-19.828133,-1.661935,-27.363368,14.749324,-27.186990,-33.994097,29.866251,20.610086,-18.479310,-19.828133,-1.661935,-27.363368,90.000000,
-19.828133,-1.661935,-27.363368,-67.064640,35.808915,-32.621153,-70.537737,-22.738074,-15.731395,-19.828133,-1.661935,-27.363368,90.000000,
-19.828133,-1.661935,-27.363368,14.749324,-27.186990,-33.994097,29.866251,20.610086,-18.479310,-19.828133,-1.661935,-27.363368,90.000000,
-19.828133,-1.661935,-27.363368,-67.064640,35.808915,-32.621153,-70.537737,-22.738074,-15.731395,-19.828133,-1.661935,-27.363368,90.000000,
-19.828133,-1.661935,-27.363368,14.749324,-27.186990,-33.994097,29.866251,20.610086,-18.479310,-19.828133,-1.661935,-27.363368,90.000000,
-19.828133,-1.661935,-27.363368,-67.064640,35.808915,-32.621153,-70.537737,-22.738074,-15.731395,-19.828133,-1.661935,-27.363368,90.000000,
-19.828133,-1.661935,-27.363368,14.749324,-27.186990,-33.994097,29.866251,20.610086,-18.479310,-19.828133,-1.661935,-27.363368,90.000000,
-19.828133,-1.661935,-27.363368,-67.064640,35.808915,-32.621153,-70.537737,-22.738074,-15.731395,-19.828133,-1.661935,-27.363368,90.000000,
-19.828133,-1.661935,-27.363368,14.749324,-27.186990,-33.994097,29.866251,20.610086,-18.479310,-19.828133,-1.661935,-27.363368,90.000000,
-19.828133,-1.661935,-27.363368,-67.064640,35.808915,-32.621153,-70.537737,-22.738074,-15.731395,-19.828133,-1.661935,-27.363368,90.000000,
-19.828133,-1.661935,-27.363368,14.749324,-27.186990,-33.994097,29.866251,20.610086,-18.479310,-19.828133,-1.661935,-27.363368,90.000000,
-19.828133,-1.661935,-27.363368,-67.064640,35.808915,-32.621153,-70.537737,-22.738074,-15.731395,-19.828133,-1.661935,-27.363368,90.000000,
-19.828133,-1.661935,-27.363368,14.749324,-27.186990,-33.994097,29.866251,20.610086,-18.479310,-19.828133,-1.661935,-27.363368,90.000000,
-19.828133,-1.661935,-27.363368,-67.064640,35.808915,-32.621153,-70.537737,-22.738074,-15.731395,-19.828133,-1.661935,-27.363368,90.000000,
-19.828133,-1.661935,-27.363368,14.749324,-27.186990,-33.994097,29.866251,20.610086,-18.479310,-19.828133,-1.661935,-27.363368,90.000000,
-19.828133,-1.661935,-27.363368,-67.064640,35.808915,-32.621153,-70.537737,-22.738074,-15.731395,-19.828133,-1.661935,-27.363368,90.000000,
-19.828133,-1.661935,-27.363368,14.749324,-27.186990,-33.994097,29.866251,20.610086,-18.479310,-19.828133,-1.661935,-27.363368,90.000000,
-19.828133,-1.661935,-27.363368,-67.064640,35.808915,-32.621153,-70.537737,-22.738074,-15.731395,-19.828133,-1.661935,-27.363368,90.000000,
-19.828133,-1.661935,-27.363368,14.749324,-27.186990,-33.994097,29.866251,20.610086,-18.479310,-19.828133,-1.661935,-27.363368,90.000000,
-19.828133,-1.661935,-27.363368,-67.064640,35.808915,-32.621153,-70.537737,-22.738074,-15.731395,-19.828133,-1.661935,-27.363368,90.000000,
-19.828133,-1.661935,-27.363368,14.749324,-27.186990,-33.994097,29.866251,20.610086,-18.479310,-19.828133,-1.661935,-27.363368,90.000000,
-19.828133,-1.661935,-27.363368,-67.064640,35.808915,-32.621153,-70.537737,-22.738074,-15.731395,-19.828133,-1.661935,-27.363368,90.000000,
-19.828133,-1.661935,-27.363368,14.749324,-27.186990,-33.994097,29.866251,20.610086,-18.479310,-19.828133,-1.661935,-27.363368,90.000000,
-19.828133,-1.661935,-27.363368,-67.064640,35.808915,-32.621153,-70.537737,-22.738074,-15.731395,-19.828133,-1.661935,-27.363368,90.000000,
-19.828133,-1.661935,-27.363368,14.749324,-27.186990,-33.994097,29.866251,20.610086,-18.479310,-19.828133,-1.661935,-27.363368,90.000000,
-19.828133,-1.661935,-27.363368,-67.064640,35.808915,-32.621153,-70.537737,-22.738074,-15.731395,-19.828133,-1.661935,-27.363368,90.000000,
-19.828133,-1.661935,-27.363368,14.749324,-27.186990,-33.994097,29.866251,20.610086,-18.479310,-19.828133,-1.661935,-27.363368,90.000000,
-19.828133,-1.661935,-27.363368,-67.064640,35.808915,-32.621153,-70.537737,-22.738074,-15.731395,-19.828133,-1.661935,-27.363368,90.000000,
-19.828133,-1.661935,-27.363368,14.749324,-27.186990,-33.994097,29.866251,20.610086,-18.479310,-19.828133,-1.661935,-27.363368,90.000000,
-19.828133,-1.661935,-27.363368,-67.064640,35.808915,-32.621153,-70.537737,-22.738074,-15.731395,-19.828133,-1.661935,-27.363368,90.000000,
-19.828133,-1.661935,-27.363368,14.749324,-27.186990,-33.994097,29.866251,20.610086,-18.479310,-19.828133,-1.661935,-27.363368,90.000000,
-19.828133,-1.661935,-27.363368,-67.064640,35.808915,-32.621153,-70.537737,-22.738074,-15.731395,-19.828133,-1.661935,-27.363368,90.000000,
-19.828133,-1.661935,-27.363368,14.749324,-27.186990,-33.994097,29.866251,20.610086,-18.479310,-19.828133,-1.661935,-27.363368,90.000000,
-19.828133,-1.661935,-27.363368,-67.064640,35.808915,-32.621153,-70.537737,-22.738074,-15.731395,-19.828133,-1.661935,-27.363368,90.000000,
-19.828133,-1.661935,-27.363368,14.749324,-27.186990,-33.994097,29.866251,20.610086,-18.479310,-19.828133,-1.661935,-27.363368,90.000000,
-19.828133,-1.661935,-27.363368,-67.064640,35.808915,-32.621153,-70.537737,-22.738074,-15.731395,-19.828133,-1.661935,-27.363368,90.000000,
-19.828133,-1.661935,-27.363368,14.749324,-27.186990,-33.994097,29.866251,20.610086,-18.479310,-19.828133,-1.661935,-27.363368,90.000000,
-19.828133,-1.661935,-27.363368,-67.064640,35.808915,-32.621153,-70.537737,-22.738074,-15.731395,-19.828133,-1.661935,-27.363368,90.000000,
-19.828133,-1.661935,-27.363368,14.749324,-27.186990,-33.994097,29.866251,20.610086,-18.479310,-19.828133,-1.661935,-27.363368,90.000000,
-19.828133,-1.661935,-27.363368,-67.064640,35.808915,-32.621153,-70.537737,-22.738074,-15.731395,-19.828133,-1.661935,-27.363368,90.000000,
-19.828133,-1.661935,-27.363368,14.749324,-27.186990,-33.994097,29.866251,20.610086,-18.479310,-19.828133,-1.661935,-27.363368,90.000000,
-19.828133,-1.661935,-27.363368,-67.064640,35.808915,-32.621153,-70.537737,-22.738074,-15.731395,-19.828133,-1.661935,-27.363368,90.000000,
-19.828133,-1.661935,-27.363368,14.749324,-27.186990,-33.994097,29.866251,20.610086,-18.479310,-19.828133,-1.661935,-27.363368,90.000000,
-19.828133,-1.661935,-27.363368,-67.064640,35.808915,-32.621153,-70.537737,-22.738074,-15.731395,-19.828133,-1.661935,-27.363368,90.000000,
-19.828133,-1.661935,-27.363368,14.749324,-27.186990,-33.994097,29.866251,20.610086,-18.479310,-19.828133,-1.661935,-27.363368,90.000000,
-19.828133,-1.661935,-27.363368,-67.064640,35.808915,-32.621153,-70.537737,-22.738074,-15.731395,-19.828133,-1.661935,-27.363368,90.000000,
-19.828133,-1.661935,-27.363368,14.749324,-27.186990,-33.994097,29.866251,20.610086,-18.479310,-19.828133,-1.661935,-27.363368,90.000000,
-19.828133,-1.661935,-27.363368,-67.064640,35.808915,-32.621153,-70.537737,-22.738074,-15.731395,-19.828133,-1.661935,-27.363368,90.000000,
-19.828133,-1.661935,-27.363368,14.749324,-27.186990,-33.994097,29.866251,20.610086,-18.479310,-19.828133,-1.661935,-27.363368,90.000000,
-19.828133,-1.661935,-27.363368,-67.064640,35.808915,-32.621153,-70.537737,-22.738074,-15.731395,-19.828133,-1.661935,-27.363368,90.000000,
-19.828133,-1.661935,-27.363368,14.749324,-27.186990,-33.994097,29.866251,20.610086,-18.479310,-19.828133,-1.661935,-27.363368,90.000000,
-19.828133,-1.661935,-27.363368,-67.064640,35.808915,-32.621153,-70.537737,-22.738074,-15.731395,-19.828133,-1.661935,-27.363368,90.000000,
-19.828133,-1.661935,-27.363368,14.749324,-27.186990,-33.994097,29.866251,20.610086,-18.479310,-19.828133,-1.661935,-27.363368,90.000000,
-19.828133,-1.661935,-27.363368,-67.064640,35.808915,-32.621153,-70.537737,-22.738074,-15.731395,-19.828133,-1.661935,-27.363368,90.000000,
-19.828133,-1.661935,-27.363368,14.749324,-27.186990,-33.994097,29.866251,20.610086,-18.479310,-19.828133,-1.661935,-27.363368,90.000000,
-19.828133,-1.661935,-27.363368,-67.064640,35.808915,-32.621153,-70.537737,-22.738074,-15.731395,-19.828133,-1.661935,-27.363368,90.000000,
-19.828133,-1.661935,-27.363368,14.749324,-27.186990,-33.994097,29.866251,20.610086,-18.479310,-19.828133,-1.661935,-27.363368,90.000000,
-19.828133,-1.661935,-27.363368,-67.064640,35.808915,-32.621153,-70.537737,-22.738074,-15.731395,-19.828133,-1.661935,-27.363368,90.000000,
-19.828133,-1.661935,-27.363368,14.749324,-27.186990,-33.994097,29.866251,20.610086,-18.479310,-19.828133,-1.661935,-27.363368,90.000000,
-19.828133,-1.661935,-27.363368,-67.064640,35.808915,-32.621153,-70.537737,-22.738074,-15.731395,-19.828133,-1.661935,-27.363368,90.000000,
-19.828133,-1.661935,-27.363368,14.749324,-27.186990,-33.994097,29.866251,20.610086,-18.479310,-19.828133,-1.661935,-27.363368,90.000000,
-19.828133,-1.661935,-27.363368,-67.064640,35.808915,-32.621153,-70.537737,-22.738074,-15.731395,-19.828133,-1.661935,-27.363368,90.000000,
-19.828133,-1.661935,-27.363368,14.749324,-27.186990,-33.994097,29.866251,20.610086,-18.479310,-19.828133,-1.661935,-27.363368,90.000000,
-19.828133,-1.661935,-27.363368,-67.064640,35.808915,-32.621153,-70.537737,-22.738074,-15.731395,-19.828133,-1.661935,-27.363368,90.000000,
-19.828133,-1.661935,-27.363368,14.749324,-27.186990,-33.994097,29.866251,20.610086,-18.479310,-19.828133,-1.661935,-27.363368,90.000000,
-19.828133,-1.661935,-27.363368,-67.064640,35.808915,-32.621153,-70.537737,-22.738074,-15.731395,-19.828133,-1.661935,-27.363368,90.000000,
-19.828133,-1.661935,-27.363368,14.749324,-27.186990,-33.994097,29.866251,20.610086,-18.479310,-19.828133,-1.661935,-27.363368,90.000000,
-19.828133,-1.661935,-27.363368,-67.064640,35.808915,-32.621153,-70.537737,-22.738074,-15.731395,-19.828133,-1.661935,-27.363368,90.000000,
-19.828133,-1.661935,-27.363368,14.749324,-27.186990,-33.994097,29.866251,20.610086,-18.479310,-19.828133,-1.661935,-27.363368,90.000000,
-19.828133,-1.661935,-27.363368,-67.064640,35.808915,-32.621153,-70.537737,-22.738074,-15.731395,-19.828133,-1.661935,-27.363368,90.000000,
-19.828133,-1.661935,-27.363368,14.749324,-27.186990,-33.994097,29.866251,20.610086,-18.479310,-19.828133,-1.661935,-27.363368,90.000000,
-19.828133,-1.661935,-27.363368,-67.064640,35.808915,-32.621153,-70.537737,-22.738074,-15.731395,-19.828133,-1.661935,-27.363368,90.000000,
-19.828133,-1.661935,-27.363368,14.749324,-27.186990,-33.994097,29.866251,20.610086,-18.479310,-19.828133,-1.661935,-27.363368,90.000000,
-19.828133,-1.661935,-27.363368,-67.064640,35.808915,-32.621153,-70.537737,-22.738074,-15.731395,-19.828133,-1.661935,-27.363368,90.000000,
-19.828133,-1.661935,-27.363368,14.749324,-27.186990,-33.994097,29.866251,20.610086,-18.479310,-19.828133,-1.661935,-27.363368,90.000000,
-19.828133,-1.661935,-27.363368,-67.064640,35.808915,-32.621153,-70.537737,-22.738074,-15.731395,-19.828133,-1.661935,-27.363368,90.000000,
-19.828133,-1.661935,-27.363368,14.749324,-27.186990,-33.994097,29.866251,20.610086,-18.479310,-19.828133,-1.661935,-27.363368,90.000000,
-19.828133,-1.661935,-27.363368,-67.064640,35.808915,-32.621153,-70.537737,-22.738074,-15.731395,-19.828133,-1.661935,-27.363368,90.000000,
-19.828133,-1.661935,-27.363368,14.749324,-27.186990,-33.994097,29.866251,20.610086,-18.479310,-19.828133,-1.661935,-27.363368,90.000000,
-19.828133,-1.661935,-27.363368,-67.064640,35.808915,-32.621153,-70.537737,-22.738074,-15.731395,-19.828133,-1.661935,-27.363368,90.000000,
-19.828133,-1.661935,-27.363368,14.749324,-27.186990,-33.994097,29.866251,20.610086,-18.479310,-19.828133,-1.661935,-27.363368,90.000000,
-19.828133,-1.661935,-27.363368,-67.064640,35.808915,-32.621153,-70.537737,-22.738074,-15.731395,-19.828133,-1.661935,-27.363368,90.000000,
-19.828133,-1.661935,-27.363368,14.749324,-27.186990,-33.994097,29.866251,20.610086,-18.479310,-19.828133,-1.661935,-27.363368,90.000000,
-19.828133,-1.661935,-27.363368,-67.064640,35.808915,-32.621153,-70.537737,-22.738074,-15.731395,-19.828133,-1.661935,-27.363368,90.000000,
-19.828133,-1.661935,-27.363368,14.749324,-27.186990,-33.994097,29.866251,20.610086,-18.479310,-19.828133,-1.661935,-27.363368,90.000000,
-19.828133,-1.661935,-27.363368,-67.064640,35.808915,-32.621153,-70.537737,-22.738074,-15.731395,-19.828133,-1.661935,-27.363368,90.000000,
-19.828133,-1.661935,-27.363368,14.749324,-27.186990,-33.994097,29.866251,20.610086,-18.479310,-19.828133,-1.661935,-27.363368,90.000000,
-19.828133,-1.661935,-27.363368,-67.064640,35.808915,-32.621153,-70.537737,-22.738074,-15.731395,-19.828133,-1.661935,-27.363368,90.000000,
-19.828133,-1.661935,-27.363368,14.749324,-27.186990,-33.994097,29.866251,20.610086,-18.479310,-19.828133,-1.661935,-27.363368,90.000000,
-19.828133,-1.661935,-27.363368,-67.064640,35.808915,-32.621153,-70.537737,-22.738074,-15.731395,-19.828133,-1.661935,-27.363368,90.000000,
-19.828133,-1.661935,-27.363368,14.749324,-27.186990,-33.994097,29.866251,20.610086,-18.479310,-19.828133,-1.661935,-27.363368,90.000000,
-19.828133,-1.661935,-27.363368,-67.064640,35.808915,-32.621153,-70.537737,-22.738074,-15.731395,-19.828133,-1.661935,-27.363368,90.000000,
-19.828133,-1.661935,-27.363368,14.749324,-27.186990,-33.994097,29.866251,20.610086,-18.479310,-19.828133,-1.661935,-27.363368,90.000000,
-19.828133,-1.661935,-27.363368,-67.064640,35.808915,-32.621153,-70.537737,-22.738074,-15.731395,-19.828133,-1.661935,-27.363368,90.000000,
-19.828133,-1.661935,-27.363368,14.749324,-27.186990,-33.994097,29.866251,20.610086,-18.479310,-19.828133,-1.661935,-27.363368,90.000000,
-19.828133,-1.661935,-27.363368,-67.064640,35.808915,-32.621153,-70.537737,-22.738074,-15.731395,-19.828133,-1.661935,-27.363368,90.000000,
-19.828133,-1.661935,-27.363368,14.749324,-27.186990,-33.994097,29.866251,20.610086,-18.479310,-19.828133,-1.661935,-27.363368,90.000000,
-19.828133,-1.661935,-27.363368,-67.064640,35.808915,-32.621153,-70.537737,-22.738074,-15.731395,-19.828133,-1.661935,-27.363368,90.000000,
-19.828133,-1.661935,-27.363368,14.749324,-27.186990,-33.994097,29.866251,20.610086,-18.479310,-19.828133,-1.661935,-27.363368,90.000000,
-19.828133,-1.661935,-27.363368,-67.064640,35.808915,-32.621153,-70.537737,-22.738074,-15.731395,-19.828133,-1.661935,-27.363368,90.000000,
-19.828133,-1.661935,-27.363368,14.749324,-27.186990,-33.994097,29.866251,20.610086,-18.479310,-19.828133,-1.661935,-27.363368,90.000000,
-19.828133,-1.661935,-27.363368,-67.064640,35.808915,-32.621153,-70.537737,-22.738074,-15.731395,-19.828133,-1.661935,-27.363368,90.000000,
-19.828133,-1.661935,-27.363368,14.749324,-27.186990,-33.994097,29.866251,20.610086,-18.479310,-19.828133,-1.661935,-27.363368,90.000000,
-19.828133,-1.661935,-27.363368,-67.064640,35.808915,-32.621153,-70.537737,-22.738074,-15.731395,-19.828133,-1.661935,-27.363368,90.000000,
-19.828133,-1.661935,-27.363368,14.749324,-27.186990,-33.994097,29.866251,20.610086,-18.479310,-19.828133,-1.661935,-27.363368,90.000000,
-19.828133,-1.661935,-27.363368,-67.064640,35.808915,-32.621153,-70.537737,-22.738074,-15.731395,-19.828133,-1.661935,-27.363368,90.000000,
-19.828133,-1.661935,-27.363368,14.749324,-27.186990,-33.994097,29.866251,20.610086,-18.479310,-19.828133,-1.661935,-27.363368,90.000000,
-19.828133,-1.661935,-27.363368,-67.064640,35.808915,-32.621153,-70.537737,-22.738074,-15.731395,-19.828133,-1.661935,-27.363368,90.000000,
-19.828133,-1.661935,-27.363368,14.749324,-27.186990,-33.994097,29.866251,20.610086,-18.479310,-19.828133,-1.661935,-27.363368,90.000000,
-19.828133,-1.661935,-27.363368,-67.064640,35.808915,-32.621153,-70.537737,-22.738074,-15.731395,-19.828133,-1.661935,-27.363368,90.000000,
-19.828133,-1.661935,-27.363368,14.749324,-27.186990,-33.994097,29.866251,20.610086,-18.479310,-19.828133,-1.661935,-27.363368,90.000000,
-19.828133,-1.661935,-27.363368,-67.064640,35.808915,-32.621153,-70.537737,-22.738074,-15.731395,-19.828133,-1.661935,-27.363368,90.000000,
-19.828133,-1.661935,-27.363368,14.749324,-27.186990,-33.994097,29.866251,20.610086,-18.479310,-19.828133,-1.661935,-27.363368,90.000000,
-19.828133,-1.661935,-27.363368,-67.064640,35.808915,-32.621153,-70.537737,-22.738074,-15.731395,-19.828133,-1.661935,-27.363368,90.000000,
-19.828133,-1.661935,-27.363368,14.749324,-27.186990,-33.994097,29.866251,20.610086,-18.479310,-19.828133,-1.661935,-27.363368,90.000000,
-19.828133,-1.661935,-27.363368,-67.064640,35.808915,-32.621153,-70.537737,-22.738074,-15.731395,-19.828133,-1.661935,-27.363368,90.000000,
-19.828133,-1.661935,-27.363368,14.749324,-27.186990,-33.994097,29.866251,20.610086,-18.479310,-19.828133,-1.661935,-27.363368,90.000000,
-19.828133,-1.661935,-27.363368,-67.064640,35.808915,-32.621153,-70.537737,-22.738074,-15.731395,-19.828133,-1.661935,-27.363368,90.000000,
-19.828133,-1.661935,-27.363368,14.749324,-27.186990,-33.994097,29.866251,20.610086,-18.479310,-19.828133,-1.661935,-27.363368,90.000000,
-19.828133,-1.661935,-27.363368,-67.064640,35.808915,-32.621153,-70.537737,-22.738074,-15.731395,-19.828133,-1.661935,-27.363368,90.000000,
-19.828133,-1.661935,-27.363368,14.749324,-27.186990,-33.994097,29.866251,20.610086,-18.479310,-19.828133,-1.661935,-27.363368,90.000000,
-19.828133,-1.661935,-27.363368,-67.064640,35.808915,-32.621153,-70.537737,-22.738074,-15.731395,-19.828133,-1.661935,-27.363368,90.000000,
-19.828133,-1.661935,-27.363368,14.749324,-27.186990,-33.994097,29.866251,20.610086,-18.479310,-19.828133,-1.661935,-27.363368,90.000000,
-19.828133,-1.661935,-27.363368,-67.064640,35.808915,-32.621153,-70.537737,-22.738074,-15.731395,-19.828133,-1.661935,-27.363368,90.000000,
-19.828133,-1.661935,-27.363368,14.749324,-27.186990,-33.994097,29.866251,20.610086,-18.479310,-19.828133,-1.661935,-27.363368,90.000000,
-19.828133,-1.661935,-27.363368,-67.064640,35.808915,-32.621153,-70.537737,-22.738074,-15.731395,-19.828133,-1.661935,-27.363368,90.000000,
-19.828133,-1.661935,-27.363368,14.749324,-27.186990,-33.994097,29.866251,20.610086,-18.479310,-19.828133,-1.661935,-27.363368,90.000000,
-19.828133,-1.661935,-27.363368,-67.064640,35.808915,-32.621153,-70.537737,-22.738074,-15.731395,-19.828133,-1.661935,-27.363368,90.000000,
-19.828133,-1.661935,-27.363368,14.749324,-27.186990,-33.994097,29.866251,20.610086,-18.479310,-19.828133,-1.661935,-27.363368,90.000000,
-19.828133,-1.661935,-27.363368,-67.064640,35.808915,-32.621153,-70.537737,-22.738074,-15.731395,-19.828133,-1.661935,-27.363368,90.000000,
-19.828133,-1.661935,-27.363368,14.749324,-27.186990,-33.994097,29.866251,20.610086,-18.479310,-19.828133,-1.661935,-27.363368,90.000000,
-19.828133,-1.661935,-27.363368,-67.064640,35.808915,-32.621153,-70.537737,-22.738074,-15.731395,-19.828133,-1.661935,-27.363368,90.000000,
-19.828133,-1.661935,-27.363368,14.749324,-27.186990,-33.994097,29.866251,20.610086,-18.479310,-19.828133,-1.661935,-27.363368,90.000000,
-19.828133,-1.661935,-27.363368,-67.064640,35.808915,-32.621153,-70.537737,-22.738074,-15.731395,-19.828133,-1.661935,-27.363368,90.000000,
-19.828133,-1.661935,-27.363368,14.749324,-27.186990,-33.994097,29.866251,20.610086,-18.479310,-19.828133,-1.661935,-27.363368,90.000000,
-19.828133,-1.661935,-27.363368,-67.064640,35.808915,-32.621153,-70.537737,-22.738074,-15.731395,-19.828133,-1.661935,-27.363368,90.000000,
-19.828133,-1.661935,-27.363368,14.749324,-27.186990,-33.994097,29.866251,20.610086,-18.479310,-19.828133,-1.661935,-27.363368,90.000000,
-19.828133,-1.661935,-27.363368,-67.064640,35.808915,-32.621153,-70.537737,-22.738074,-15.731395,-19.828133,-1.661935,-27.363368,90.000000,
-19.828133,-1.661935,-27.363368,14.749324,-27.186990,-33.994097,29.866251,20.610086,-18.479310,-19.828133,-1.661935,-27.363368,90.000000,
-19.828133,-1.661935,-27.363368,-67.064640,35.808915,-32.621153,-70.537737,-22.738074,-15.731395,-19.828133,-1.661935,-27.363368,90.000000,
-19.828133,-1.661935,-27.363368,14.749324,-27.186990,-33.994097,29.866251,20.610086,-18.479310,-19.828133,-1.661935,-27.363368,90.000000,
-19.828133,-1.661935,-27.363368,-67.064640,35.808915,-32.621153,-70.537737,-22.738074,-15.731395,-19.828133,-1.661935,-27.363368,90.000000,
-19.828133,-1.661935,-27.363368,14.749324,-27.186990,-33.994097,29.866251,20.610086,-18.479310,-19.828133,-1.661935,-27.363368,90.000000,
-19.828133,-1.661935,-27.363368,-67.064640,35.808915,-32.621153,-70.537737,-22.738074,-15.731395,-19.828133,-1.661935,-27.363368,90.000000,
-19.828133,-1.661935,-27.363368,14.749324,-27.186990,-33.994097,29.866251,20.610086,-18.479310,-19.828133,-1.661935,-27.363368,90.000000,
-19.828133,-1.661935,-27.363368,-67.064640,35.808915,-32.621153,-70.537737,-22.738074,-15.731395,-19.828133,-1.661935,-27.363368,90.000000,
-19.828133,-1.661935,-27.363368,14.749324,-27.186990,-33.994097,29.866251,20.610086,-18.479310,-19.828133,-1.661935,-27.363368,90.000000,
-19.828133,-1.661935,-27.363368,-67.064640,35.808915,-32.621153,-70.537737,-22.738074,-15.731395,-19.828133,-1.661935,-27.363368,90.000000,
-19.828133,-1.661935,-27.363368,14.749324,-27.186990,-33.994097,29.866251,20.610086,-18.479310,-19.828133,-1.661935,-27.363368,90.000000,
-19.828133,-1.661935,-27.363368,-67.064640,35.808915,-32.621153,-70.537737,-22.738074,-15.731395,-19.828133,-1.661935,-27.363368,90.000000,
-19.828133,-1.661935,-27.363368,14.749324,-27.186990,-33.994097,29.866251,20.610086,-18.479310,-19.828133,-1.661935,-27.363368,90.000000,
-19.828133,-1.661935,-27.363368,-67.064640,35.808915,-32.621153,-70.537737,-22.738074,-15.731395,-19.828133,-1.661935,-27.363368,90.000000,
-19.828133,-1.661935,-27.363368,14.749324,-27.186990,-33.994097,29.866251,20.610086,-18.479310,-19.828133,-1.661935,-27.363368,90.000000,
-19.828133,-1.661935,-27.363368,-67.064640,35.808915,-32.621153,-70.537737,-22.738074,-15.731395,-19.828133,-1.661935,-27.363368,90.000000,
-19.828133,-1.661935,-27.363368,14.749324,-27.186990,-33.994097,29.866251,20.610086,-18.479310,-19.828133,-1.661935,-27.363368,90.000000,
-19.828133,-1.661935,-27.363368,-67.064640,35.808915,-32.621153,-70.537737,-22.738074,-15.731395,-19.828133,-1.661935,-27.363368,90.000000,
-19.828133,-1.661935,-27.363368,14.749324,-27.186990,-33.994097,29.866251,20.610086,-18.479310,-19.828133,-1.661935,-27.363368,90.000000,
-19.828133,-1.661935,-27.363368,-67.064640,35.808915,-32.621153,-70.537737,-22.738074,-15.731395,-19.828133,-1.661935,-27.363368,90.000000,
-19.828133,-1.661935,-27.363368,14.749324,-27.186990,-33.994097,29.866251,20.610086,-18.479310,-19.828133,-1.661935,-27.363368,90.000000,
-19.828133,-1.661935,-27.363368,-67.064640,35.808915,-32.621153,-70.537737,-22.738074,-15.731395,-19.828133,-1.661935,-27.363368,90.000000,
-19.828133,-1.661935,-27.363368,14.749324,-27.186990,-33.994097,29.866251,20.610086,-18.479310,-19.828133,-1.661935,-27.363368,90.000000,
-19.828133,-1.661935,-27.363368,-67.064640,35.808915,-32.621153,-70.537737,-22.738074,-15.731395,-19.828133,-1.661935,-27.363368,90.000000,
-19.828133,-1.661935,-27.363368,14.749324,-27.186990,-33.994097,29.866251,20.610086,-18.479310,-19.828133,-1.661935,-27.363368,90.000000,
-19.828133,-1.661935,-27.363368,-67.064640,35.808915,-32.621153,-70.537737,-22.738074,-15.731395,-19.828133,-1.661935,-27.363368,90.000000,
-19.828133,-1.661935,-27.363368,14.749324,-27.186990,-33.994097,29.866251,20.610086,-18.479310,-19.828133,-1.661935,-27.363368,90.000000,
-19.828133,-1.661935,-27.363368,-67.064640,35.808915,-32.621153,-70.537737,-22.738074,-15.731395,-19.828133,-1.661935,-27.363368,90.000000,
-19.828133,-1.661935,-27.363368,14.749324,-27.186990,-33.994097,29.866251,20.610086,-18.479310,-19.828133,-1.661935,-27.363368,90.000000,
-19.828133,-1.661935,-27.363368,-67.064640,35.808915,-32.621153,-70.537737,-22.738074,-15.731395,-19.828133,-1.661935,-27.363368,90.000000,
-19.828133,-1.661935,-27.363368,14.749324,-27.186990,-33.994097,29.866251,20.610086,-18.479310,-19.828133,-1.661935,-27.363368,90.000000,
-19.828133,-1.661935,-27.363368,-67.064640,35.808915,-32.621153,-70.537737,-22.738074,-15.731395,-19.828133,-1.661935,-27.363368,90.000000,
-19.828133,-1.661935,-27.363368,14.749324,-27.186990,-33.994097,29.866251,20.610086,-18.479310,-19.828133,-1.661935,-27.363368,90.000000,
-19.828133,-1.661935,-27.363368,-67.064640,35.808915,-32.621153,-70.537737,-22.738074,-15.731395,-19.828133,-1.661935,-27.363368,90.000000,
-19.828133,-1.661935,-27.363368,14.749324,-27.186990,-33.994097,29.866251,20.610086,-18.479310,-19.828133,-1.661935,-27.363368,90.000000,
-19.828133,-1.661935,-27.363368,-67.064640,35.808915,-32.621153,-70.537737,-22.738074,-15.731395,-19.828133,-1.661935,-27.363368,90.000000,
-19.828133,-1.661935,-27.363368,14.749324,-27.186990,-33.994097,29.866251,20.610086,-18.479310,-19.828133,-1.661935,-27.363368,90.000000,
-19.828133,-1.661935,-27.363368,-67.064640,35.808915,-32.621153,-70.537737,-22.738074,-15.731395,-19.828133,-1.661935,-27.363368,90.000000,
-19.828133,-1.661935,-27.363368,14.749324,-27.186990,-33.994097,29.866251,20.610086,-18.479310,-19.828133,-1.661935,-27.363368,90.000000,
-19.828133,-1.661935,-27.363368,-67.064640,35.808915,-32.621153,-70.537737,-22.738074,-15.731395,-19.828133,-1.661935,-27.363368,90.000000,
-19.828133,-1.661935,-27.363368,14.749324,-27.186990,-33.994097,29.866251,20.610086,-18.479310,-19.828133,-1.661935,-27.363368,90.000000,
-19.828133,-1.661935,-27.363368,-67.064640,35.808915,-32.621153,-70.537737,-22.738074,-15.731395,-19.828133,-1.661935,-27.363368,90.000000,
-19.828133,-1.661935,-27.363368,14.749324,-27.186990,-33.994097,29.866251,20.610086,-18.479310,-19.828133,-1.661935,-27.363368,90.000000,
-19.828133,-1.661935,-27.363368,-67.064640,35.808915,-32.621153,-70.537737,-22.738074,-15.731395,-19.828133,-1.661935,-27.363368,90.000000,
-19.828133,-1.661935,-27.363368,14.749324,-27.186990,-33.994097,29.866251,20.610086,-18.479310,-19.828133,-1.661935,-27.363368,90.000000,
-19.828133,-1.661935,-27.363368,-67.064640,35.808915,-32.621153,-70.537737,-22.738074,-15.731395,-19.828133,-1.661935,-27.363368,90.000000,
-19.828133,-1.661935,-27.363368,14.749324,-27.186990,-33.994097,29.866251,20.610086,-18.479310,-19.828133,-1.661935,-27.363368,90.000000,
-19.828133,-1.661935,-27.363368,-67.064640,35.808915,-32.621153,-70.537737,-22.738074,-15.731395,-19.828133,-1.661935,-27.363368,90.000000,
-19.828133,-1.661935,-27.363368,14.749324,-27.186990,-33.994097,29.866251,20.610086,-18.479310,-19.828133,-1.661935,-27.363368,90.000000,
-19.828133,-1.661935,-27.363368,-67.064640,35.808915,-32.621153,-70.537737,-22.738074,-15.731395,-19.828133,-1.661935,-27.363368,90.000000,
-19.828133,-1.661935,-27.363368,14.749324,-27.186990,-33.994097,29.866251,20.610086,-18.479310,-19.828133,-1.661935,-27.363368,90.000000,
-19.828133,-1.661935,-27.363368,-67.064640,35.808915,-32.621153,-70.537737,-22.738074,-15.731395,-19.828133,-1.661935,-27.363368,90.000000,
-19.828133,-1.661935,-27.363368,14.749324,-27.186990,-33.994097,29.866251,20.610086,-18.479310,-19.828133,-1.661935,-27.363368,90.000000,
-19.828133,-1.661935,-27.363368,-67.064640,35.808915,-32.621153,-70.537737,-22.738074,-15.731395,-19.828133,-1.661935,-27.363368,90.000000,
-19.828133,-1.661935,-27.363368,14.749324,-27.186990,-33.994097,29.866251,20.610086,-18.479310,-19.828133,-1.661935,-27.363368,90.000000,
-19.828133,-1.661935,-27.363368,-67.064640,35.808915,-32.621153,-70.537737,-22.738074,-15.731395,-19.828133,-1.661935,-27.363368,90.000000,
-19.828133,-1.661935,-27.363368,14.749324,-27.186990,-33.994097,29.866251,20.610086,-18.479310,-19.828133,-1.661935,-27.363368,90.000000,
-19.828133,-1.661935,-27.363368,-67.064640,35.808915,-32.621153,-70.537737,-22.738074,-15.731395,-19.828133,-1.661935,-27.363368,90.000000,
-19.828133,-1.661935,-27.363368,14.749324,-27.186990,-33.994097,29.866251,20.610086,-18.479310,-19.828133,-1.661935,-27.363368,90.000000,
-19.828133,-1.661935,-27.363368,-67.064640,35.808915,-32.621153,-70.537737,-22.738074,-15.731395,-19.828133,-1.661935,-27.363368,90.000000,
-19.828133,-1.661935,-27.363368,14.749324,-27.186990,-33.994097,29.866251,20.610086,-18.479310,-19.828133,-1.661935,-27.363368,90.000000,
-19.828133,-1.661935,-27.363368,-67.064640,35.808915,-32.621153,-70.537737,-22.738074,-15.731395,-19.828133,-1.661935,-27.363368,90.000000,
-19.828133,-1.661935,-27.363368,14.749324,-27.186990,-33.994097,29.866251,20.610086,-18.479310,-19.828133,-1.661935,-27.363368,90.000000,
-19.828133,-1.661935,-27.363368,-67.064640,35.808915,-32.621153,-70.537737,-22.738074,-15.731395,-19.828133,-1.661935,-27.363368,90.000000,
-19.828133,-1.661935,-27.363368,14.749324,-27.186990,-33.994097,29.866251,20.610086,-18.479310,-19.828133,-1.661935,-27.363368,90.000000,
-19.828133,-1.661935,-27.363368,-67.064640,35.808915,-32.621153,-70.537737,-22.738074,-15.731395,-19.828133,-1.661935,-27.363368,90.000000,
-19.828133,-1.661935,-27.363368,14.749324,-27.186990,-33.994097,29.866251,20.610086,-18.479310,-19.828133,-1.661935,-27.363368,90.000000,
-19.828133,-1.661935,-27.363368,-67.064640,35.808915,-32.621153,-70.537737,-22.738074,-15.731395,-19.828133,-1.661935,-27.363368,90.000000,
-19.828133,-1.661935,-27.363368,14.749324,-27.186990,-33.994097,29.866251,20.610086,-18.479310,-19.828133,-1.661935,-27.363368,90.000000,
-19.828133,-1.661935,-27.363368,-67.064640,35.808915,-32.621153,-70.537737,-22.738074,-15.731395,-19.828133,-1.661935,-27.363368,90.000000,
-19.828133,-1.661935,-27.363368,14.749324,-27.186990,-33.994097,29.866251,20.610086,-18.479310,-19.828133,-1.661935,-27.363368,90.000000,
-19.828133,-1.661935,-27.363368,-67.064640,35.808915,-32.621153,-70.537737,-22.738074,-15.731395,-19.828133,-1.661935,-27.363368,90.000000,
-19.828133,-1.661935,-27.363368,14.749324,-27.186990,-33.994097,29.866251,20.610086,-18.479310,-19.828133,-1.661935,-27.363368,90.000000,
-19.828133,-1.661935,-27.363368,-67.064640,35.808915,-32.621153,-70.537737,-22.738074,-15.731395,-19.828133,-1.661935,-27.363368,90.000000,
-19.828133,-1.661935,-27.363368,14.749324,-27.186990,-33.994097,29.866251,20.610086,-18.479310,-19.828133,-1.661935,-27.363368,90.000000,
-19.828133,-1.661935,-27.363368,-67.064640,35.808915,-32.621153,-70.537737,-22.738074,-15.731395,-19.828133,-1.661935,-27.363368,90.000000,
-19.828133,-1.661935,-27.363368,14.749324,-27.186990,-33.994097,29.866251,20.610086,-18.479310,-19.828133,-1.661935,-27.363368,90.000000,
-19.828133,-1.661935,-27.363368,-67.064640,35.808915,-32.621153,-70.537737,-22.738074,-15.731395,-19.828133,-1.661935,-27.363368,90.000000,
-19.828133,-1.661935,-27.363368,14.749324,-27.186990,-33.994097,29.866251,20.610086,-18.479310,-19.828133,-1.661935,-27.363368,90.000000,
-19.828133,-1.661935,-27.363368,-67.064640,35.808915,-32.621153,-70.537737,-22.738074,-15.731395,-19.828133,-1.661935,-27.363368,90.000000,
-19.828133,-1.661935,-27.363368,14.749324,-27.186990,-33.994097,29.866251,20.610086,-18.479310,-19.828133,-1.661935,-27.363368,90.000000,
-19.828133,-1.661935,-27.363368,-67.064640,35.808915,-32.621153,-70.537737,-22.738074,-15.731395,-19.828133,-1.661935,-27.363368,90.000000,
-19.828133,-1.661935,-27.363368,14.749324,-27.186990,-33.994097,29.866251,20.610086,-18.479310,-19.828133,-1.661935,-27.363368,90.000000,
-19.828133,-1.661935,-27.363368,-67.064640,35.808915,-32.621153,-70.537737,-22.738074,-15.731395,-19.828133,-1.661935,-27.363368,90.000000,
-19.828133,-1.661935,-27.363368,14.749324,-27.186990,-33.994097,29.866251,20.610086,-18.479310,-19.828133,-1.661935,-27.363368,90.000000,
-19.828133,-1.661935,-27.363368,-67.064640,35.808915,-32.621153,-70.537737,-22.738074,-15.731395,-19.828133,-1.661935,-27.363368,90.000000,
-19.828133,-1.661935,-27.363368,14.749324,-27.186990,-33.994097,29.866251,20.610086,-18.479310,-19.828133,-1.661935,-27.363368,90.000000,
-19.828133,-1.661935,-27.363368,-67.064640,35.808915,-32.621153,-70.537737,-22.738074,-15.731395,-19.828133,-1.661935,-27.363368,90.000000,
-19.828133,-1.661935,-27.363368,14.749324,-27.186990,-33.994097,29.866251,20.610086,-18.479310,-19.828133,-1.661935,-27.363368,90.000000,
-19.828133,-1.661935,-27.363368,-67.064640,35.808915,-32.621153,-70.537737,-22.738074,-15.731395,-19.828133,-1.661935,-27.363368,90.000000,
-19.828133,-1.661935,-27.363368,14.749324,-27.186990,-33.994097,29.866251,20.610086,-18.479310,-19.828133,-1.661935,-27.363368,90.000000,
-19.828133,-1.661935,-27.363368,-67.064640,35.808915,-32.621153,-70.537737,-22.738074,-15.731395,-19.828133,-1.661935,-27.363368,90.000000,
-19.828133,-1.661935,-27.363368,14.749324,-27.186990,-33.994097,29.866251,20.610086,-18.479310,-19.828133,-1.661935,-27.363368,90.000000,
-19.828133,-1.661935,-27.363368,-67.064640,35.808915,-32.621153,-70.537737,-22.738074,-15.731395,-19.828133,-1.661935,-27.363368,90.000000,
-19.828133,-1.661935,-27.363368,14.749324,-27.186990,-33.994097,29.866251,20.610086,-18.479310,-19.828133,-1.661935,-27.363368,90.000000,
-19.828133,-1.661935,-27.363368,-67.064640,35.808915,-32.621153,-70.537737,-22.738074,-15.731395,-19.828133,-1.661935,-27.363368,90.000000,
-19.828133,-1.661935,-27.363368,14.749324,-27.186990,-33.994097,29.866251,20.610086,-18.479310,-19.828133,-1.661935,-27.363368,90.000000,
-19.828133,-1.661935,-27.363368,-67.064640,35.808915,-32.621153,-70.537737,-22.738074,-15.731395,-19.828133,-1.661935,-27.363368,90.000000,
-19.828133,-1.661935,-27.363368,14.749324,-27.186990,-33.994097,29.866251,20.610086,-18.479310,-19.828133,-1.661935,-27.363368,90.000000,
-19.828133,-1.661935,-27.363368,-67.064640,35.808915,-32.621153,-70.537737,-22.738074,-15.731395,-19.828133,-1.661935,-27.363368,90.000000,
-19.828133,-1.661935,-27.363368,14.749324,-27.186990,-33.994097,29.866251,20.610086,-18.479310,-19.828133,-1.661935,-27.363368,90.000000,
-19.828133,-1.661935,-27.363368,-67.064640,35.808915,-32.621153,-70.537737,-22.738074,-15.731395,-19.828133,-1.661935,-27.363368,90.000000,
-19.828133,-1.661935,-27.363368,14.749324,-27.186990,-33.994097,29.866251,20.610086,-18.479310,-19.828133,-1.661935,-27.363368,90.000000,
-19.828133,-1.661935,-27.363368,-67.064640,35.808915,-32.621153,-70.537737,-22.738074,-15.731395,-19.828133,-1.661935,-27.363368,90.000000,
-19.828133,-1.661935,-27.363368,14.749324,-27.186990,-33.994097,29.866251,20.610086,-18.479310,-19.828133,-1.661935,-27.363368,90.000000,
-19.828133,-1.661935,-27.363368,-67.064640,35.808915,-32.621153,-70.537737,-22.738074,-15.731395,-19.828133,-1.661935,-27.363368,90.000000,
-19.828133,-1.661935,-27.363368,14.749324,-27.186990,-33.994097,29.866251,20.610086,-18.479310,-19.828133,-1.661935,-27.363368,90.000000,
-19.828133,-1.661935,-27.363368,-67.064640,35.808915,-32.621153,-70.537737,-22.738074,-15.731395,-19.828133,-1.661935,-27.363368,90.000000,
-19.828133,-1.661935,-27.363368,14.749324,-27.186990,-33.994097,29.866251,20.610086,-18.479310,-19.828133,-1.661935,-27.363368,90.000000,
-19.828133,-1.661935,-27.363368,-67.064640,35.808915,-32.621153,-70.537737,-22.738074,-15.731395,-19.828133,-1.661935,-27.363368,90.000000,
-19.828133,-1.661935,-27.363368,14.749324,-27.186990,-33.994097,29.866251,20.610086,-18.479310,-19.828133,-1.661935,-27.363368,90.000000,
-19.828133,-1.661935,-27.363368,-67.064640,35.808915,-32.621153,-70.537737,-22.738074,-15.731395,-19.828133,-1.661935,-27.363368,90.000000,
-19.828133,-1.661935,-27.363368,14.749324,-27.186990,-33.994097,29.866251,20.610086,-18.479310,-19.828133,-1.661935,-27.363368,90.000000,
-19.828133,-1.661935,-27.363368,-67.064640,35.808915,-32.621153,-70.537737,-22.738074,-15.731395,-19.828133,-1.661935,-27.363368,90.000000,
-19.828133,-1.661935,-27.363368,14.749324,-27.186990,-33.994097,29.866251,20.610086,-18.479310,-19.828133,-1.661935,-27.363368,90.000000,
-19.828133,-1.661935,-27.363368,-67.064640,35.808915,-32.621153,-70.537737,-22.738074,-15.731395,-19.828133,-1.661935,-27.363368,90.000000,
-19.828133,-1.661935,-27.363368,14.749324,-27.186990,-33.994097,29.866251,20.610086,-18.479310,-19.828133,-1.661935,-27.363368,90.000000,
-19.828133,-1.661935,-27.363368,-67.064640,35.808915,-32.621153,-70.537737,-22.738074,-15.731395,-19.828133,-1.661935,-27.363368,90.000000,
-19.828133,-1.661935,-27.363368,14.749324,-27.186990,-33.994097,29.866251,20.610086,-18.479310,-19.828133,-1.661935,-27.363368,90.000000,
-19.828133,-1.661935,-27.363368,-67.064640,35.808915,-32.621153,-70.537737,-22.738074,-15.731395,-19.828133,-1.661935,-27.363368,90.000000,
-19.828133,-1.661935,-27.363368,14.749324,-27.186990,-33.994097,29.866251,20.610086,-18.479310,-19.828133,-1.661935,-27.363368,90.000000,
-19.828133,-1.661935,-27.363368,-67.064640,35.808915,-32.621153,-70.537737,-22.738074,-15.731395,-19.828133,-1.661935,-27.363368,90.000000,
-19.828133,-1.661935,-27.363368,14.749324,-27.186990,-33.994097,29.866251,20.610086,-18.479310,-19.828133,-1.661935,-27.363368,90.000000,
-19.828133,-1.661935,-27.363368,-67.064640,35.808915,-32.621153,-70.537737,-22.738074,-15.731395,-19.828133,-1.661935,-27.363368,90.000000,
-19.828133,-1.661935,-27.363368,14.749324,-27.186990,-33.994097,29.866251,20.610086,-18.479310,-19.828133,-1.661935,-27.363368,90.000000,
-19.828133,-1.661935,-27.363368,-67.064640,35.808915,-32.621153,-70.537737,-22.738074,-15.731395,-19.828133,-1.661935,-27.363368,90.000000,
-19.828133,-1.661935,-27.363368,14.749324,-27.186990,-33.994097,29.866251,20.610086,-18.479310,-19.828133,-1.661935,-27.363368,90.000000,
-19.828133,-1.661935,-27.363368,-67.064640,35.808915,-32.621153,-70.537737,-22.738074,-15.731395,-19.828133,-1.661935,-27.363368,90.000000,
-19.828133,-1.661935,-27.363368,14.749324,-27.186990,-33.994097,29.866251,20.610086,-18.479310,-19.828133,-1.661935,-27.363368,90.000000,
-19.828133,-1.661935,-27.363368,-67.064640,35.808915,-32.621153,-70.537737,-22.738074,-15.731395,-19.828133,-1.661935,-27.363368,90.000000,
-19.828133,-1.661935,-27.363368,14.749324,-27.186990,-33.994097,29.866251,20.610086,-18.479310,-19.828133,-1.661935,-27.363368,90.000000,
-19.828133,-1.661935,-27.363368,-67.064640,35.808915,-32.621153,-70.537737,-22.738074,-15.731395,-19.828133,-1.661935,-27.363368,90.000000,
-19.828133,-1.661935,-27.363368,14.749324,-27.186990,-33.994097,29.866251,20.610086,-18.479310,-19.828133,-1.661935,-27.363368,90.000000,
-19.828133,-1.661935,-27.363368,-67.064640,35.808915,-32.621153,-70.537737,-22.738074,-15.731395,-19.828133,-1.661935,-27.363368,90.000000,
-19.828133,-1.661935,-27.363368,14.749324,-27.186990,-33.994097,29.866251,20.610086,-18.479310,-19.828133,-1.661935,-27.363368,90.000000,
-19.828133,-1.661935,-27.363368,-67.064640,35.808915,-32.621153,-70.537737,-22.738074,-15.731395,-19.828133,-1.661935,-27.363368,90.000000,
-19.828133,-1.661935,-27.363368,14.749324,-27.186990,-33.994097,29.866251,20.610086,-18.479310,-19.828133,-1.661935,-27.363368,90.000000,
-19.828133,-1.661935,-27.363368,-67.064640,35.808915,-32.621153,-70.537737,-22.738074,-15.731395,-19.828133,-1.661935,-27.363368,90.000000,
-19.828133,-1.661935,-27.363368,14.749324,-27.186990,-33.994097,29.866251,20.610086,-18.479310,-19.828133,-1.661935,-27.363368,90.000000,
-19.828133,-1.661935,-27.363368,-67.064640,35.808915,-32.621153,-70.537737,-22.738074,-15.731395,-19.828133,-1.661935,-27.363368,90.000000,
-19.828133,-1.661935,-27.363368,14.749324,-27.186990,-33.994097,29.866251,20.610086,-18.479310,-19.828133,-1.661935,-27.363368,90.000000,
-19.828133,-1.661935,-27.363368,-67.064640,35.808915,-32.621153,-70.537737,-22.738074,-15.731395,-19.828133,-1.661935,-27.363368,90.000000,
-19.828133,-1.661935,-27.363368,14.749324,-27.186990,-33.994097,29.866251,20.610086,-18.479310,-19.828133,-1.661935,-27.363368,90.000000,
-19.828133,-1.661935,-27.363368,-67.064640,35.808915,-32.621153,-70.537737,-22.738074,-15.731395,-19.828133,-1.661935,-27.363368,90.000000,
-19.828133,-1.661935,-27.363368,14.749324,-27.186990,-33.994097,29.866251,20.610086,-18.479310,-19.828133,-1.661935,-27.363368,90.000000,
-19.828133,-1.661935,-27.363368,-67.064640,35.808915,-32.621153,-70.537737,-22.738074,-15.731395,-19.828133,-1.661935,-27.363368,90.000000,
-19.828133,-1.661935,-27.363368,14.749324,-27.186990,-33.994097,29.866251,20.610086,-18.479310,-19.828133,-1.661935,-27.363368,90.000000,
-19.828133,-1.661935,-27.363368,-67.064640,35.808915,-32.621153,-70.537737,-22.738074,-15.731395,-19.828133,-1.661935,-27.363368,90.000000,
-19.828133,-1.661935,-27.363368,14.749324,-27.186990,-33.994097,29.866251,20.610086,-18.479310,-19.828133,-1.661935,-27.363368,90.000000,
-19.828133,-1.661935,-27.363368,-67.064640,35.808915,-32.621153,-70.537737,-22.738074,-15.731395,-19.828133,-1.661935,-27.363368,90.000000,
-19.828133,-1.661935,-27.363368,14.749324,-27.186990,-33.994097,29.866251,20.610086,-18.479310,-19.828133,-1.661935,-27.363368,90.000000,
-19.828133,-1.661935,-27.363368,-67.064640,35.808915,-32.621153,-70.537737,-22.738074,-15.731395,-19.828133,-1.661935,-27.363368,90.000000,
-19.828133,-1.661935,-27.363368,14.749324,-27.186990,-33.994097,29.866251,20.610086,-18.479310,-19.828133,-1.661935,-27.363368,90.000000,
-19.828133,-1.661935,-27.363368,-67.064640,35.808915,-32.621153,-70.537737,-22.738074,-15.731395,-19.828133,-1.661935,-27.363368,90.000000,
-19.828133,-1.661935,-27.363368,14.749324,-27.186990,-33.994097,29.866251,20.610086,-18.479310,-19.828133,-1.661935,-27.363368,90.000000,
-19.828133,-1.661935,-27.363368,-67.064640,35.808915,-32.621153,-70.537737,-22.738074,-15.731395,-19.828133,-1.661935,-27.363368,90.000000,
-19.828133,-1.661935,-27.363368,14.749324,-27.186990,-33.994097,29.866251,20.610086,-18.479310,-19.828133,-1.661935,-27.363368,90.000000,
-19.828133,-1.661935,-27.363368,-67.064640,35.808915,-32.621153,-70.537737,-22.738074,-15.731395,-19.828133,-1.661935,-27.363368,90.000000,
-19.828133,-1.661935,-27.363368,14.749324,-27.186990,-33.994097,29.866251,20.610086,-18.479310,-19.828133,-1.661935,-27.363368,90.000000,
-19.828133,-1.661935,-27.363368,-67.064640,35.808915,-32.621153,-70.537737,-22.738074,-15.731395,-19.828133,-1.661935,-27.363368,90.000000,
-19.828133,-1.661935,-27.363368,14.749324,-27.186990,-33.994097,29.866251,20.610086,-18.479310,-19.828133,-1.661935,-27.363368,90.000000,
-19.828133,-1.661935,-27.363368,-67.064640,35.808915,-32.621153,-70.537737,-22.738074,-15.731395,-19.828133,-1.661935,-27.363368,90.000000,
-19.828133,-1.661935,-27.363368,14.749324,-27.186990,-33.994097,29.866251,20.610086,-18.479310,-19.828133,-1.661935,-27.363368,90.000000,
-19.828133,-1.661935,-27.363368,-67.064640,35.808915,-32.621153,-70.537737,-22.738074,-15.731395,-19.828133,-1.661935,-27.363368,90.000000,
-19.828133,-1.661935,-27.363368,14.749324,-27.186990,-33.994097,29.866251,20.610086,-18.479310,-19.828133,-1.661935,-27.363368,90.000000,
-19.828133,-1.661935,-27.363368,-67.064640,35.808915,-32.621153,-70.537737,-22.738074,-15.731395,-19.828133,-1.661935,-27.363368,90.000000,
-19.828133,-1.661935,-27.363368,14.749324,-27.186990,-33.994097,29.866251,20.610086,-18.479310,-19.828133,-1.661935,-27.363368,90.000000,
-19.828133,-1.661935,-27.363368,-67.064640,35.808915,-32.621153,-70.537737,-22.738074,-15.731395,-19.828133,-1.661935,-27.363368,90.000000,
-19.828133,-1.661935,-27.363368,14.749324,-27.186990,-33.994097,29.866251,20.610086,-18.479310,-19.828133,-1.661935,-27.363368,90.000000,
-19.828133,-1.661935,-27.363368,-67.064640,35.808915,-32.621153,-70.537737,-22.738074,-15.731395,-19.828133,-1.661935,-27.363368,90.000000,
-19.828133,-1.661935,-27.363368,14.749324,-27.186990,-33.994097,29.866251,20.610086,-18.479310,-19.828133,-1.661935,-27.363368,90.000000,
-19.828133,-1.661935,-27.363368,-67.064640,35.808915,-32.621153,-70.537737,-22.738074,-15.731395,-19.828133,-1.661935,-27.363368,90.000000,
-19.828133,-1.661935,-27.363368,14.749324,-27.186990,-33.994097,29.866251,20.610086,-18.479310,-19.828133,-1.661935,-27.363368,90.000000,
-19.828133,-1.661935,-27.363368,-67.064640,35.808915,-32.621153,-70.537737,-22.738074,-15.731395,-19.828133,-1.661935,-27.363368,90.000000,
-19.828133,-1.661935,-27.363368,14.749324,-27.186990,-33.994097,29.866251,20.610086,-18.479310,-19.828133,-1.661935,-27.363368,90.000000,
-19.828133,-1.661935,-27.363368,-67.064640,35.808915,-32.621153,-70.537737,-22.738074,-15.731395,-19.828133,-1.661935,-27.363368,90.000000,
-19.828133,-1.661935,-27.363368,14.749324,-27.186990,-33.994097,29.866251,20.610086,-18.479310,-19.828133,-1.661935,-27.363368,90.000000,
-19.828133,-1.661935,-27.363368,-67.064640,35.808915,-32.621153,-70.537737,-22.738074,-15.731395,-19.828133,-1.661935,-27.363368,90.000000,
-19.828133,-1.661935,-27.363368,14.749324,-27.186990,-33.994097,29.866251,20.610086,-18.479310,-19.828133,-1.661935,-27.363368,90.000000,
-19.828133,-1.661935,-27.363368,-67.064640,35.808915,-32.621153,-70.537737,-22.738074,-15.731395,-19.828133,-1.661935,-27.363368,90.000000,
-19.828133,-1.661935,-27.363368,14.749324,-27.186990,-33.994097,29.866251,20.610086,-18.479310,-19.828133,-1.661935,-27.363368,90.000000,
-19.828133,-1.661935,-27.363368,-67.064640,35.808915,-32.621153,-70.537737,-22.738074,-15.731395,-19.828133,-1.661935,-27.363368,90.000000,
-19.828133,-1.661935,-27.363368,14.749324,-27.186990,-33.994097,29.866251,20.610086,-18.479310,-19.828133,-1.661935,-27.363368,90.000000,
-19.828133,-1.661935,-27.363368,-67.064640,35.808915,-32.621153,-70.537737,-22.738074,-15.731395,-19.828133,-1.661935,-27.363368,90.000000,
-19.828133,-1.661935,-27.363368,14.749324,-27.186990,-33.994097,29.866251,20.610086,-18.479310,-19.828133,-1.661935,-27.363368,90.000000,
-19.828133,-1.661935,-27.363368,-67.064640,35.808915,-32.621153,-70.537737,-22.738074,-15.731395,-19.828133,-1.661935,-27.363368,90.000000,
-19.828133,-1.661935,-27.363368,14.749324,-27.186990,-33.994097,29.866251,20.610086,-18.479310,-19.828133,-1.661935,-27.363368,90.000000,
-19.828133,-1.661935,-27.363368,-67.064640,35.808915,-32.621153,-70.537737,-22.738074,-15.731395,-19.828133,-1.661935,-27.363368,90.000000,
-19.828133,-1.661935,-27.363368,14.749324,-27.186990,-33.994097,29.866251,20.610086,-18.479310,-19.828133,-1.661935,-27.363368,90.000000,
-19.828133,-1.661935,-27.363368,-67.064640,35.808915,-32.621153,-70.537737,-22.738074,-15.731395,-19.828133,-1.661935,-27.363368,90.000000,
-19.828133,-1.661935,-27.363368,14.749324,-27.186990,-33.994097,29.866251,20.610086,-18.479310,-19.828133,-1.661935,-27.363368,90.000000,
-19.828133,-1.661935,-27.363368,-67.064640,35.808915,-32.621153,-70.537737,-22.738074,-15.731395,-19.828133,-1.661935,-27.363368,90.000000,
-19.828133,-1.661935,-27.363368,14.749324,-27.186990,-33.994097,29.866251,20.610086,-18.479310,-19.828133,-1.661935,-27.363368,90.000000,
-19.828133,-1.661935,-27.363368,-67.064640,35.808915,-32.621153,-70.537737,-22.738074,-15.731395,-19.828133,-1.661935,-27.363368,90.000000,
-19.828133,-1.661935,-27.363368,14.749324,-27.186990,-33.994097,29.866251,20.610086,-18.479310,-19.828133,-1.661935,-27.363368,90.000000,
-19.828133,-1.661935,-27.363368,-67.064640,35.808915,-32.621153,-70.537737,-22.738074,-15.731395,-19.828133,-1.661935,-27.363368,90.000000,
-19.828133,-1.661935,-27.363368,14.749324,-27.186990,-33.994097,29.866251,20.610086,-18.479310,-19.828133,-1.661935,-27.363368,90.000000,
-19.828133,-1.661935,-27.363368,-67.064640,35.808915,-32.621153,-70.537737,-22.738074,-15.731395,-19.828133,-1.661935,-27.363368,90.000000,
-19.828133,-1.661935,-27.363368,14.749324,-27.186990,-33.994097,29.866251,20.610086,-18.479310,-19.828133,-1.661935,-27.363368,90.000000,
-19.828133,-1.661935,-27.363368,-67.064640,35.808915,-32.621153,-70.537737,-22.738074,-15.731395,-19.828133,-1.661935,-27.363368,90.000000,
-19.828133,-1.661935,-27.363368,14.749324,-27.186990,-33.994097,29.866251,20.610086,-18.479310,-19.828133,-1.661935,-27.363368,90.000000,
-19.828133,-1.661935,-27.363368,-67.064640,35.808915,-32.621153,-70.537737,-22.738074,-15.731395,-19.828133,-1.661935,-27.363368,90.000000,
-19.828133,-1.661935,-27.363368,14.749324,-27.186990,-33.994097,29.866251,20.610086,-18.479310,-19.828133,-1.661935,-27.363368,90.000000,
-19.828133,-1.661935,-27.363368,-67.064640,35.808915,-32.621153,-70.537737,-22.738074,-15.731395,-19.828133,-1.661935,-27.363368,90.000000,
-19.828133,-1.661935,-27.363368,14.749324,-27.186990,-33.994097,29.866251,20.610086,-18.479310,-19.828133,-1.661935,-27.363368,90.000000,
-19.828133,-1.661935,-27.363368,-67.064640,35.808915,-32.621153,-70.537737,-22.738074,-15.731395,-19.828133,-1.661935,-27.363368,90.000000,
-19.828133,-1.661935,-27.363368,14.749324,-27.186990,-33.994097,29.866251,20.610086,-18.479310,-19.828133,-1.661935,-27.363368,90.000000,
-19.828133,-1.661935,-27.363368,-67.064640,35.808915,-32.621153,-70.537737,-22.738074,-15.731395,-19.828133,-1.661935,-27.363368,90.000000,
-19.828133,-1.661935,-27.363368,14.749324,-27.186990,-33.994097,29.866251,20.610086,-18.479310,-19.828133,-1.661935,-27.363368,90.000000,
-19.828133,-1.661935,-27.363368,-67.064640,35.808915,-32.621153,-70.537737,-22.738074,-15.731395,-19.828133,-1.661935,-27.363368,90.000000,
-19.828133,-1.661935,-27.363368,14.749324,-27.186990,-33.994097,29.866251,20.610086,-18.479310,-19.828133,-1.661935,-27.363368,90.000000,
-19.828133,-1.661935,-27.363368,-67.064640,35.808915,-32.621153,-70.537737,-22.738074,-15.731395,-19.828133,-1.661935,-27.363368,90.000000,
-19.828133,-1.661935,-27.363368,14.749324,-27.186990,-33.994097,29.866251,20.610086,-18.479310,-19.828133,-1.661935,-27.363368,90.000000,
-19.828133,-1.661935,-27.363368,-67.064640,35.808915,-32.621153,-70.537737,-22.738074,-15.731395,-19.828133,-1.661935,-27.363368,90.000000,
-19.828133,-1.661935,-27.363368,14.749324,-27.186990,-33.994097,29.866251,20.610086,-18.479310,-19.828133,-1.661935,-27.363368,90.000000,
-19.828133,-1.661935,-27.363368,-67.064640,35.808915,-32.621153,-70.537737,-22.738074,-15.731395,-19.828133,-1.661935,-27.363368,90.000000,
-19.828133,-1.661935,-27.363368,14.749324,-27.186990,-33.994097,29.866251,20.610086,-18.479310,-19.828133,-1.661935,-27.363368,90.000000,
-19.828133,-1.661935,-27.363368,-67.064640,35.808915,-32.621153,-70.537737,-22.738074,-15.731395,-19.828133,-1.661935,-27.363368,90.000000,
-19.828133,-1.661935,-27.363368,14.749324,-27.186990,-33.994097,29.866251,20.610086,-18.479310,-19.828133,-1.661935,-27.363368,90.000000,
-19.828133,-1.661935,-27.363368,-67.064640,35.808915,-32.621153,-70.537737,-22.738074,-15.731395,-19.828133,-1.661935,-27.363368,90.000000,
-19.828133,-1.661935,-27.363368,14.749324,-27.186990,-33.994097,29.866251,20.610086,-18.479310,-19.828133,-1.661935,-27.363368,90.000000,
-19.828133,-1.661935,-27.363368,-67.064640,35.808915,-32.621153,-70.537737,-22.738074,-15.731395,-19.828133,-1.661935,-27.363368,90.000000,
-19.828133,-1.661935,-27.363368,14.749324,-27.186990,-33.994097,29.866251,20.610086,-18.479310,-19.828133,-1.661935,-27.363368,90.000000,
-19.828133,-1.661935,-27.363368,-67.064640,35.808915,-32.621153,-70.537737,-22.738074,-15.731395,-19.828133,-1.661935,-27.363368,90.000000,
-19.828133,-1.661935,-27.363368,14.749324,-27.186990,-33.994097,29.866251,20.610086,-18.479310,-19.828133,-1.661935,-27.363368,90.000000,
-19.828133,-1.661935,-27.363368,-67.064640,35.808915,-32.621153,-70.537737,-22.738074,-15.731395,-19.828133,-1.661935,-27.363368,90.000000,
-19.828133,-1.661935,-27.363368,14.749324,-27.186990,-33.994097,29.866251,20.610086,-18.479310,-19.828133,-1.661935,-27.363368,90.000000,
-19.828133,-1.661935,-27.363368,-67.064640,35.808915,-32.621153,-70.537737,-22.738074,-15.731395,-19.828133,-1.661935,-27.363368,90.000000,
-19.828133,-1.661935,-27.363368,14.749324,-27.186990,-33.994097,29.866251,20.610086,-18.479310,-19.828133,-1.661935,-27.363368,90.000000,
-19.828133,-1.661935,-27.363368,-67.064640,35.808915,-32.621153,-70.537737,-22.738074,-15.731395,-19.828133,-1.661935,-27.363368,90.000000,
-19.828133,-1.661935,-27.363368,14.749324,-27.186990,-33.994097,29.866251,20.610086,-18.479310,-19.828133,-1.661935,-27.363368,90.000000,
-19.828133,-1.661935,-27.363368,-67.064640,35.808915,-32.621153,-70.537737,-22.738074,-15.731395,-19.828133,-1.661935,-27.363368,90.000000,
-19.828133,-1.661935,-27.363368,14.749324,-27.186990,-33.994097,29.866251,20.610086,-18.479310,-19.828133,-1.661935,-27.363368,90.000000,
-19.828133,-1.661935,-27.363368,-67.064640,35.808915,-32.621153,-70.537737,-22.738074,-15.731395,-19.828133,-1.661935,-27.363368,90.000000,
-19.828133,-1.661935,-27.363368,14.749324,-27.186990,-33.994097,29.866251,20.610086,-18.479310,-19.828133,-1.661935,-27.363368,90.000000,
-19.828133,-1.661935,-27.363368,-67.064640,35.808915,-32.621153,-70.537737,-22.738074,-15.731395,-19.828133,-1.661935,-27.363368,90.000000,
-19.828133,-1.661935,-27.363368,14.749324,-27.186990,-33.994097,29.866251,20.610086,-18.479310,-19.828133,-1.661935,-27.363368,90.000000,
-19.828133,-1.661935,-27.363368,-67.064640,35.808915,-32.621153,-70.537737,-22.738074,-15.731395,-19.828133,-1.661935,-27.363368,90.000000,
-19.828133,-1.661935,-27.363368,14.749324,-27.186990,-33.994097,29.866251,20.610086,-18.479310,-19.828133,-1.661935,-27.363368,90.000000,
-19.828133,-1.661935,-27.363368,-67.064640,35.808915,-32.621153,-70.537737,-22.738074,-15.731395,-19.828133,-1.661935,-27.363368,90.000000,
-19.828133,-1.661935,-27.363368,14.749324,-27.186990,-33.994097,29.866251,20.610086,-18.479310,-19.828133,-1.661935,-27.363368,90.000000,
-19.828133,-1.661935,-27.363368,-67.064640,35.808915,-32.621153,-70.537737,-22.738074,-15.731395,-19.828133,-1.661935,-27.363368,90.000000,
-19.828133,-1.661935,-27.363368,14.749324,-27.186990,-33.994097,29.866251,20.610086,-18.479310,-19.828133,-1.661935,-27.363368,90.000000,
-19.828133,-1.661935,-27.363368,-67.064640,35.808915,-32.621153,-70.537737,-22.738074,-15.731395,-19.828133,-1.661935,-27.363368,90.000000,
-19.828133,-1.661935,-27.363368,14.749324,-27.186990,-33.994097,29.866251,20.610086,-18.479310,-19.828133,-1.661935,-27.363368,90.000000,
-19.828133,-1.661935,-27.363368,-67.064640,35.808915,-32.621153,-70.537737,-22.738074,-15.731395,-19.828133,-1.661935,-27.363368,90.000000,
-19.828133,-1.661935,-27.363368,14.749324,-27.186990,-33.994097,29.866251,20.610086,-18.479310,-19.828133,-1.661935,-27.363368,90.000000,
-19.828133,-1.661935,-27.363368,-67.064640,35.808915,-32.621153,-70.537737,-22.738074,-15.731395,-19.828133,-1.661935,-27.363368,90.000000,
-19.828133,-1.661935,-27.363368,14.749324,-27.186990,-33.994097,29.866251,20.610086,-18.479310,-19.828133,-1.661935,-27.363368,90.000000,
-19.828133,-1.661935,-27.363368,-67.064640,35.808915,-32.621153,-70.537737,-22.738074,-15.731395,-19.828133,-1.661935,-27.363368,90.000000,
-19.828133,-1.661935,-27.363368,14.749324,-27.186990,-33.994097,29.866251,20.610086,-18.479310,-19.828133,-1.661935,-27.363368,90.000000,
-19.828133,-1.661935,-27.363368,-67.064640,35.808915,-32.621153,-70.537737,-22.738074,-15.731395,-19.828133,-1.661935,-27.363368,90.000000,
-19.828133,-1.661935,-27.363368,14.749324,-27.186990,-33.994097,29.866251,20.610086,-18.479310,-19.828133,-1.661935,-27.363368,90.000000,
-19.828133,-1.661935,-27.363368,-67.064640,35.808915,-32.621153,-70.537737,-22.738074,-15.731395,-19.828133,-1.661935,-27.363368,90.000000,
-19.828133,-1.661935,-27.363368,14.749324,-27.186990,-33.994097,29.866251,20.610086,-18.479310,-19.828133,-1.661935,-27.363368,90.000000,
-19.828133,-1.661935,-27.363368,-67.064640,35.808915,-32.621153,-70.537737,-22.738074,-15.731395,-19.828133,-1.661935,-27.363368,90.000000,
-19.828133,-1.661935,-27.363368,14.749324,-27.186990,-33.994097,29.866251,20.610086,-18.479310,-19.828133,-1.661935,-27.363368,90.000000,
-19.828133,-1.661935,-27.363368,-67.064640,35.808915,-32.621153,-70.537737,-22.738074,-15.731395,-19.828133,-1.661935,-27.363368,90.000000,
-19.828133,-1.661935,-27.363368,14.749324,-27.186990,-33.994097,29.866251,20.610086,-18.479310,-19.828133,-1.661935,-27.363368,90.000000,
-19.828133,-1.661935,-27.363368,-67.064640,35.808915,-32.621153,-70.537737,-22.738074,-15.731395,-19.828133,-1.661935,-27.363368,90.000000,
-19.828133,-1.661935,-27.363368,14.749324,-27.186990,-33.994097,29.866251,20.610086,-18.479310,-19.828133,-1.661935,-27.363368,90.000000,
-19.828133,-1.661935,-27.363368,-67.064640,35.808915,-32.621153,-70.537737,-22.738074,-15.731395,-19.828133,-1.661935,-27.363368,90.000000,
-19.828133,-1.661935,-27.363368,14.749324,-27.186990,-33.994097,29.866251,20.610086,-18.479310,-19.828133,-1.661935,-27.363368,90.000000,
-19.828133,-1.661935,-27.363368,-67.064640,35.808915,-32.621153,-70.537737,-22.738074,-15.731395,-19.828133,-1.661935,-27.363368,90.000000,
-19.828133,-1.661935,-27.363368,14.749324,-27.186990,-33.994097,29.866251,20.610086,-18.479310,-19.828133,-1.661935,-27.363368,90.000000,
-19.828133,-1.661935,-27.363368,-67.064640,35.808915,-32.621153,-70.537737,-22.738074,-15.731395,-19.828133,-1.661935,-27.363368,90.000000,
-19.828133,-1.661935,-27.363368,14.749324,-27.186990,-33.994097,29.866251,20.610086,-18.479310,-19.828133,-1.661935,-27.363368,90.000000,
-19.828133,-1.661935,-27.363368,-67.064640,35.808915,-32.621153,-70.537737,-22.738074,-15.731395,-19.828133,-1.661935,-27.363368,90.000000,
-19.828133,-1.661935,-27.363368,14.749324,-27.186990,-33.994097,29.866251,20.610086,-18.479310,-19.828133,-1.661935,-27.363368,90.000000,
-19.828133,-1.661935,-27.363368,-67.064640,35.808915,-32.621153,-70.537737,-22.738074,-15.731395,-19.828133,-1.661935,-27.363368,90.000000,
-19.828133,-1.661935,-27.363368,14.749324,-27.186990,-33.994097,29.866251,20.610086,-18.479310,-19.828133,-1.661935,-27.363368,90.000000,
-19.828133,-1.661935,-27.363368,-67.064640,35.808915,-32.621153,-70.537737,-22.738074,-15.731395,-19.828133,-1.661935,-27.363368,90.000000,
-19.828133,-1.661935,-27.363368,14.749324,-27.186990,-33.994097,29.866251,20.610086,-18.479310,-19.828133,-1.661935,-27.363368,90.000000,
-19.828133,-1.661935,-27.363368,-67.064640,35.808915,-32.621153,-70.537737,-22.738074,-15.731395,-19.828133,-1.661935,-27.363368,90.000000,
-19.828133,-1.661935,-27.363368,14.749324,-27.186990,-33.994097,29.866251,20.610086,-18.479310,-19.828133,-1.661935,-27.363368,90.000000,
-19.828133,-1.661935,-27.363368,-67.064640,35.808915,-32.621153,-70.537737,-22.738074,-15.731395,-19.828133,-1.661935,-27.363368,90.000000,
-19.828133,-1.661935,-27.363368,14.749324,-27.186990,-33.994097,29.866251,20.610086,-18.479310,-19.828133,-1.661935,-27.363368,90.000000,
-19.828133,-1.661935,-27.363368,-67.064640,35.808915,-32.621153,-70.537737,-22.738074,-15.731395,-19.828133,-1.661935,-27.363368,90.000000,
-19.828133,-1.661935,-27.363368,14.749324,-27.186990,-33.994097,29.866251,20.610086,-18.479310,-19.828133,-1.661935,-27.363368,90.000000,
-19.828133,-1.661935,-27.363368,-67.064640,35.808915,-32.621153,-70.537737,-22.738074,-15.731395,-19.828133,-1.661935,-27.363368,90.000000,
-19.828133,-1.661935,-27.363368,14.749324,-27.186990,-33.994097,29.866251,20.610086,-18.479310,-19.828133,-1.661935,-27.363368,90.000000,
-19.828133,-1.661935,-27.363368,-67.064640,35.808915,-32.621153,-70.537737,-22.738074,-15.731395,-19.828133,-1.661935,-27.363368,90.000000,
-19.828133,-1.661935,-27.363368,14.749324,-27.186990,-33.994097,29.866251,20.610086,-18.479310,-19.828133,-1.661935,-27.363368,90.000000,
-19.828133,-1.661935,-27.363368,-67.064640,35.808915,-32.621153,-70.537737,-22.738074,-15.731395,-19.828133,-1.661935,-27.363368,90.000000,
-19.828133,-1.661935,-27.363368,14.749324,-27.186990,-33.994097,29.866251,20.610086,-18.479310,-19.828133,-1.661935,-27.363368,90.000000,
-19.828133,-1.661935,-27.363368,-67.064640,35.808915,-32.621153,-70.537737,-22.738074,-15.731395,-19.828133,-1.661935,-27.363368,90.000000,
-19.828133,-1.661935,-27.363368,14.749324,-27.186990,-33.994097,29.866251,20.610086,-18.479310,-19.828133,-1.661935,-27.363368,90.000000,
-19.828133,-1.661935,-27.363368,-67.064640,35.808915,-32.621153,-70.537737,-22.738074,-15.731395,-19.828133,-1.661935,-27.363368,90.000000,
-19.828133,-1.661935,-27.363368,14.749324,-27.186990,-33.994097,29.866251,20.610086,-18.479310,-19.828133,-1.661935,-27.363368,90.000000,
-19.828133,-1.661935,-27.363368,-67.064640,35.808915,-32.621153,-70.537737,-22.738074,-15.731395,-19.828133,-1.661935,-27.363368,90.000000,
-19.828133,-1.661935,-27.363368,14.749324,-27.186990,-33.994097,29.866251,20.610086,-18.479310,-19.828133,-1.661935,-27.363368,90.000000,
-19.828133,-1.661935,-27.363368,-67.064640,35.808915,-32.621153,-70.537737,-22.738074,-15.731395,-19.828133,-1.661935,-27.363368,90.000000,
-19.828133,-1.661935,-27.363368,14.749324,-27.186990,-33.994097,29.866251,20.610086,-18.479310,-19.828133,-1.661935,-27.363368,90.000000,
-19.828133,-1.661935,-27.363368,-67.064640,35.808915,-32.621153,-70.537737,-22.738074,-15.731395,-19.828133,-1.661935,-27.363368,90.000000,
-19.828133,-1.661935,-27.363368,14.749324,-27.186990,-33.994097,29.866251,20.610086,-18.479310,-19.828133,-1.661935,-27.363368,90.000000,
-19.828133,-1.661935,-27.363368,-67.064640,35.808915,-32.621153,-70.537737,-22.738074,-15.731395,-19.828133,-1.661935,-27.363368,90.000000,
-19.828133,-1.661935,-27.363368,14.749324,-27.186990,-33.994097,29.866251,20.610086,-18.479310,-19.828133,-1.661935,-27.363368,90.000000,
-19.828133,-1.661935,-27.363368,-67.064640,35.808915,-32.621153,-70.537737,-22.738074,-15.731395,-19.828133,-1.661935,-27.363368,90.000000,
-19.828133,-1.661935,-27.363368,14.749324,-27.186990,-33.994097,29.866251,20.610086,-18.479310,-19.828133,-1.661935,-27.363368,90.000000,
-19.828133,-1.661935,-27.363368,-67.064640,35.808915,-32.621153,-70.537737,-22.738074,-15.731395,-19.828133,-1.661935,-27.363368,90.000000,
-19.828133,-1.661935,-27.363368,14.749324,-27.186990,-33.994097,29.866251,20.610086,-18.479310,-19.828133,-1.661935,-27.363368,90.000000,
-19.828133,-1.661935,-27.363368,-67.064640,35.808915,-32.621153,-70.537737,-22.738074,-15.731395,-19.828133,-1.661935,-27.363368,90.000000,
-19.828133,-1.661935,-27.363368,14.749324,-27.186990,-33.994097,29.866251,20.610086,-18.479310,-19.828133,-1.661935,-27.363368,90.000000,
-19.828133,-1.661935,-27.363368,-67.064640,35.808915,-32.621153,-70.537737,-22.738074,-15.731395,-19.828133,-1.661935,-27.363368,90.000000,
-19.828133,-1.661935,-27.363368,14.749324,-27.186990,-33.994097,29.866251,20.610086,-18.479310,-19.828133,-1.661935,-27.363368,90.000000,
-19.828133,-1.661935,-27.363368,-67.064640,35.808915,-32.621153,-70.537737,-22.738074,-15.731395,-19.828133,-1.661935,-27.363368,90.000000,
-19.828133,-1.661935,-27.363368,14.749324,-27.186990,-33.994097,29.866251,20.610086,-18.479310,-19.828133,-1.661935,-27.363368,90.000000,
-19.828133,-1.661935,-27.363368,-67.064640,35.808915,-32.621153,-70.537737,-22.738074,-15.731395,-19.828133,-1.661935,-27.363368,90.000000,
-19.828133,-1.661935,-27.363368,14.749324,-27.186990,-33.994097,29.866251,20.610086,-18.479310,-19.828133,-1.661935,-27.363368,90.000000,
-19.828133,-1.661935,-27.363368,-67.064640,35.808915,-32.621153,-70.537737,-22.738074,-15.731395,-19.828133,-1.661935,-27.363368,90.000000,
-19.828133,-1.661935,-27.363368,14.749324,-27.186990,-33.994097,29.866251,20.610086,-18.479310,-19.828133,-1.661935,-27.363368,90.000000,
-19.828133,-1.661935,-27.363368,-67.064640,35.808915,-32.621153,-70.537737,-22.738074,-15.731395,-19.828133,-1.661935,-27.363368,90.000000,
-19.828133,-1.661935,-27.363368,14.749324,-27.186990,-33.994097,29.866251,20.610086,-18.479310,-19.828133,-1.661935,-27.363368,90.000000,
-19.828133,-1.661935,-27.363368,-67.064640,35.808915,-32.621153,-70.537737,-22.738074,-15.731395,-19.828133,-1.661935,-27.363368,90.000000,
-19.828133,-1.661935,-27.363368,14.749324,-27.186990,-33.994097,29.866251,20.610086,-18.479310,-19.828133,-1.661935,-27.363368,90.000000,
-19.828133,-1.661935,-27.363368,-67.064640,35.808915,-32.621153,-70.537737,-22.738074,-15.731395,-19.828133,-1.661935,-27.363368,90.000000,
-19.828133,-1.661935,-27.363368,14.749324,-27.186990,-33.994097,29.866251,20.610086,-18.479310,-19.828133,-1.661935,-27.363368,90.000000,
-19.828133,-1.661935,-27.363368,-67.064640,35.808915,-32.621153,-70.537737,-22.738074,-15.731395,-19.828133,-1.661935,-27.363368,90.000000,
-19.828133,-1.661935,-27.363368,14.749324,-27.186990,-33.994097,29.866251,20.610086,-18.479310,-19.828133,-1.661935,-27.363368,90.000000,
-19.828133,-1.661935,-27.363368,-67.064640,35.808915,-32.621153,-70.537737,-22.738074,-15.731395,-19.828133,-1.661935,-27.363368,90.000000,
-19.828133,-1.661935,-27.363368,14.749324,-27.186990,-33.994097,29.866251,20.610086,-18.479310,-19.828133,-1.661935,-27.363368,90.000000,
-19.828133,-1.661935,-27.363368,-67.064640,35.808915,-32.621153,-70.537737,-22.738074,-15.731395,-19.828133,-1.661935,-27.363368,90.000000,
-19.828133,-1.661935,-27.363368,14.749324,-27.186990,-33.994097,29.866251,20.610086,-18.479310,-19.828133,-1.661935,-27.363368,90.000000,
-19.828133,-1.661935,-27.363368,-67.064640,35.808915,-32.621153,-70.537737,-22.738074,-15.731395,-19.828133,-1.661935,-27.363368,90.000000,
-19.828133,-1.661935,-27.363368,14.749324,-27.186990,-33.994097,29.866251,20.610086,-18.479310,-19.828133,-1.661935,-27.363368,90.000000,
-19.828133,-1.661935,-27.363368,-67.064640,35.808915,-32.621153,-70.537737,-22.738074,-15.731395,-19.828133,-1.661935,-27.363368,90.000000,
-19.828133,-1.661935,-27.363368,14.749324,-27.186990,-33.994097,29.866251,20.610086,-18.479310,-19.828133,-1.661935,-27.363368,90.000000,
-19.828133,-1.661935,-27.363368,-67.064640,35.808915,-32.621153,-70.537737,-22.738074,-15.731395,-19.828133,-1.661935,-27.363368,90.000000,
-19.828133,-1.661935,-27.363368,14.749324,-27.186990,-33.994097,29.866251,20.610086,-18.479310,-19.828133,-1.661935,-27.363368,90.000000,
-19.828133,-1.661935,-27.363368,-67.064640,35.808915,-32.621153,-70.537737,-22.738074,-15.731395,-19.828133,-1.661935,-27.363368,90.000000,
-19.828133,-1.661935,-27.363368,14.749324,-27.186990,-33.994097,29.866251,20.610086,-18.479310,-19.828133,-1.661935,-27.363368,90.000000,
-19.828133,-1.661935,-27.363368,-67.064640,35.808915,-32.621153,-70.537737,-22.738074,-15.731395,-19.828133,-1.661935,-27.363368,90.000000,
-19.828133,-1.661935,-27.363368,14.749324,-27.186990,-33.994097,29.866251,20.610086,-18.479310,-19.828133,-1.661935,-27.363368,90.000000,
-19.828133,-1.661935,-27.363368,-67.064640,35.808915,-32.621153,-70.537737,-22.738074,-15.731395,-19.828133,-1.661935,-27.363368,90.000000,
-19.828133,-1.661935,-27.363368,14.749324,-27.186990,-33.994097,29.866251,20.610086,-18.479310,-19.828133,-1.661935,-27.363368,90.000000,
-19.828133,-1.661935,-27.363368,-67.064640,35.808915,-32.621153,-70.537737,-22.738074,-15.731395,-19.828133,-1.661935,-27.363368,90.000000,
-19.828133,-1.661935,-27.363368,14.749324,-27.186990,-33.994097,29.866251,20.610086,-18.479310,-19.828133,-1.661935,-27.363368,90.000000,
-19.828133,-1.661935,-27.363368,-67.064640,35.808915,-32.621153,-70.537737,-22.738074,-15.731395,-19.828133,-1.661935,-27.363368,90.000000,
-19.828133,-1.661935,-27.363368,14.749324,-27.186990,-33.994097,29.866251,20.610086,-18.479310,-19.828133,-1.661935,-27.363368,90.000000,
-19.828133,-1.661935,-27.363368,-67.064640,35.808915,-32.621153,-70.537737,-22.738074,-15.731395,-19.828133,-1.661935,-27.363368,90.000000,
-19.828133,-1.661935,-27.363368,14.749324,-27.186990,-33.994097,29.866251,20.610086,-18.479310,-19.828133,-1.661935,-27.363368,90.000000,
-19.828133,-1.661935,-27.363368,-67.064640,35.808915,-32.621153,-70.537737,-22.738074,-15.731395,-19.828133,-1.661935,-27.363368,90.000000,
-19.828133,-1.661935,-27.363368,14.749324,-27.186990,-33.994097,29.866251,20.610086,-18.479310,-19.828133,-1.661935,-27.363368,90.000000,
-19.828133,-1.661935,-27.363368,-67.064640,35.808915,-32.621153,-70.537737,-22.738074,-15.731395,-19.828133,-1.661935,-27.363368,90.000000,
-19.828133,-1.661935,-27.363368,14.749324,-27.186990,-33.994097,29.866251,20.610086,-18.479310,-19.828133,-1.661935,-27.363368,90.000000,
-19.828133,-1.661935,-27.363368,-67.064640,35.808915,-32.621153,-70.537737,-22.738074,-15.731395,-19.828133,-1.661935,-27.363368,90.000000,
-19.828133,-1.661935,-27.363368,14.749324,-27.186990,-33.994097,29.866251,20.610086,-18.479310,-19.828133,-1.661935,-27.363368,90.000000,
-19.828133,-1.661935,-27.363368,-67.064640,35.808915,-32.621153,-70.537737,-22.738074,-15.731395,-19.828133,-1.661935,-27.363368,90.000000,
-19.828133,-1.661935,-27.363368,14.749324,-27.186990,-33.994097,29.866251,20.610086,-18.479310,-19.828133,-1.661935,-27.363368,90.000000,
-19.828133,-1.661935,-27.363368,-67.064640,35.808915,-32.621153,-70.537737,-22.738074,-15.731395,-19.828133,-1.661935,-27.363368,90.000000,
-19.828133,-1.661935,-27.363368,14.749324,-27.186990,-33.994097,29.866251,20.610086,-18.479310,-19.828133,-1.661935,-27.363368,90.000000,
-19.828133,-1.661935,-27.363368,-67.064640,35.808915,-32.621153,-70.537737,-22.738074,-15.731395,-19.828133,-1.661935,-27.363368,90.000000,
-19.828133,-1.661935,-27.363368,14.749324,-27.186990,-33.994097,29.866251,20.610086,-18.479310,-19.828133,-1.661935,-27.363368,90.000000,
-19.828133,-1.661935,-27.363368,-67.064640,35.808915,-32.621153,-70.537737,-22.738074,-15.731395,-19.828133,-1.661935,-27.363368,90.000000,
-19.828133,-1.661935,-27.363368,14.749324,-27.186990,-33.994097,29.866251,20.610086,-18.479310,-19.828133,-1.661935,-27.363368,90.000000,
-19.828133,-1.661935,-27.363368,-67.064640,35.808915,-32.621153,-70.537737,-22.738074,-15.731395,-19.828133,-1.661935,-27.363368,90.000000,
-19.828133,-1.661935,-27.363368,14.749324,-27.186990,-33.994097,29.866251,20.610086,-18.479310,-19.828133,-1.661935,-27.363368,90.000000,
-19.828133,-1.661935,-27.363368,-67.064640,35.808915,-32.621153,-70.537737,-22.738074,-15.731395,-19.828133,-1.661935,-27.363368,90.000000,
-19.828133,-1.661935,-27.363368,14.749324,-27.186990,-33.994097,29.866251,20.610086,-18.479310,-19.828133,-1.661935,-27.363368,90.000000,
-19.828133,-1.661935,-27.363368,-67.064640,35.808915,-32.621153,-70.537737,-22.738074,-15.731395,-19.828133,-1.661935,-27.363368,90.000000,
-19.828133,-1.661935,-27.363368,14.749324,-27.186990,-33.994097,29.866251,20.610086,-18.479310,-19.828133,-1.661935,-27.363368,90.000000,
-19.828133,-1.661935,-27.363368,-67.064640,35.808915,-32.621153,-70.537737,-22.738074,-15.731395,-19.828133,-1.661935,-27.363368,90.000000,
-19.828133,-1.661935,-27.363368,14.749324,-27.186990,-33.994097,29.866251,20.610086,-18.479310,-19.828133,-1.661935,-27.363368,90.000000,
-19.828133,-1.661935,-27.363368,-67.064640,35.808915,-32.621153,-70.537737,-22.738074,-15.731395,-19.828133,-1.661935,-27.363368,90.000000,
-19.828133,-1.661935,-27.363368,14.749324,-27.186990,-33.994097,29.866251,20.610086,-18.479310,-19.828133,-1.661935,-27.363368,90.000000,
-19.828133,-1.661935,-27.363368,-67.064640,35.808915,-32.621153,-70.537737,-22.738074,-15.731395,-19.828133,-1.661935,-27.363368,90.000000,
-19.828133,-1.661935,-27.363368,14.749324,-27.186990,-33.994097,29.866251,20.610086,-18.479310,-19.828133,-1.661935,-27.363368,90.000000,
-19.828133,-1.661935,-27.363368,-67.064640,35.808915,-32.621153,-70.537737,-22.738074,-15.731395,-19.828133,-1.661935,-27.363368,90.000000,
-19.828133,-1.661935,-27.363368,14.749324,-27.186990,-33.994097,29.866251,20.610086,-18.479310,-19.828133,-1.661935,-27.363368,90.000000,
-19.828133,-1.661935,-27.363368,-67.064640,35.808915,-32.621153,-70.537737,-22.738074,-15.731395,-19.828133,-1.661935,-27.363368,90.000000,
-19.828133,-1.661935,-27.363368,14.749324,-27.186990,-33.994097,29.866251,20.610086,-18.479310,-19.828133,-1.661935,-27.363368,90.000000,
-19.828133,-1.661935,-27.363368,-67.064640,35.808915,-32.621153,-70.537737,-22.738074,-15.731395,-19.828133,-1.661935,-27.363368,90.000000,
-19.828133,-1.661935,-27.363368,14.749324,-27.186990,-33.994097,29.866251,20.610086,-18.479310,-19.828133,-1.661935,-27.363368,90.000000,
-19.828133,-1.661935,-27.363368,-67.064640,35.808915,-32.621153,-70.537737,-22.738074,-15.731395,-19.828133,-1.661935,-27.363368,90.000000,
-19.828133,-1.661935,-27.363368,14.749324,-27.186990,-33.994097,29.866251,20.610086,-18.479310,-19.828133,-1.661935,-27.363368,90.000000,
-19.828133,-1.661935,-27.363368,-67.064640,35.808915,-32.621153,-70.537737,-22.738074,-15.731395,-19.828133,-1.661935,-27.363368,90.000000,
-19.828133,-1.661935,-27.363368,14.749324,-27.186990,-33.994097,29.866251,20.610086,-18.479310,-19.828133,-1.661935,-27.363368,90.000000,
-19.828133,-1.661935,-27.363368,-67.064640,35.808915,-32.621153,-70.537737,-22.738074,-15.731395,-19.828133,-1.661935,-27.363368,90.000000,
-19.828133,-1.661935,-27.363368,14.749324,-27.186990,-33.994097,29.866251,20.610086,-18.479310,-19.828133,-1.661935,-27.363368,90.000000,
-19.828133,-1.661935,-27.363368,-67.064640,35.808915,-32.621153,-70.537737,-22.738074,-15.731395,-19.828133,-1.661935,-27.363368,90.000000,
-19.828133,-1.661935,-27.363368,14.749324,-27.186990,-33.994097,29.866251,20.610086,-18.479310,-19.828133,-1.661935,-27.363368,90.000000,
-19.828133,-1.661935,-27.363368,-67.064640,35.808915,-32.621153,-70.537737,-22.738074,-15.731395,-19.828133,-1.661935,-27.363368,90.000000,
-19.828133,-1.661935,-27.363368,14.749324,-27.186990,-33.994097,29.866251,20.610086,-18.479310,-19.828133,-1.661935,-27.363368,90.000000,
-19.828133,-1.661935,-27.363368,-67.064640,35.808915,-32.621153,-70.537737,-22.738074,-15.731395,-19.828133,-1.661935,-27.363368,90.000000,
-19.828133,-1.661935,-27.363368,14.749324,-27.186990,-33.994097,29.866251,20.610086,-18.479310,-19.828133,-1.661935,-27.363368,90.000000,
-19.828133,-1.661935,-27.363368,-67.064640,35.808915,-32.621153,-70.537737,-22.738074,-15.731395,-19.828133,-1.661935,-27.363368,90.000000,
-19.828133,-1.661935,-27.363368,14.749324,-27.186990,-33.994097,29.866251,20.610086,-18.479310,-19.828133,-1.661935,-27.363368,90.000000,
-19.828133,-1.661935,-27.363368,-67.064640,35.808915,-32.621153,-70.537737,-22.738074,-15.731395,-19.828133,-1.661935,-27.363368,90.000000,
-19.828133,-1.661935,-27.363368,14.749324,-27.186990,-33.994097,29.866251,20.610086,-18.479310,-19.828133,-1.661935,-27.363368,90.000000,
-19.828133,-1.661935,-27.363368,-67.064640,35.808915,-32.621153,-70.537737,-22.738074,-15.731395,-19.828133,-1.661935,-27.363368,90.000000,
-19.828133,-1.661935,-27.363368,14.749324,-27.186990,-33.994097,29.866251,20.610086,-18.479310,-19.828133,-1.661935,-27.363368,90.000000,
-19.828133,-1.661935,-27.363368,-67.064640,35.808915,-32.621153,-70.537737,-22.738074,-15.731395,-19.828133,-1.661935,-27.363368,90.000000,
-19.828133,-1.661935,-27.363368,14.749324,-27.186990,-33.994097,29.866251,20.610086,-18.479310,-19.828133,-1.661935,-27.363368,90.000000,
-19.828133,-1.661935,-27.363368,-67.064640,35.808915,-32.621153,-70.537737,-22.738074,-15.731395,-19.828133,-1.661935,-27.363368,90.000000,
-19.828133,-1.661935,-27.363368,14.749324,-27.186990,-33.994097,29.866251,20.610086,-18.479310,-19.828133,-1.661935,-27.363368,90.000000,
-19.828133,-1.661935,-27.363368,-67.064640,35.808915,-32.621153,-70.537737,-22.738074,-15.731395,-19.828133,-1.661935,-27.363368,90.000000,
-19.828133,-1.661935,-27.363368,14.749324,-27.186990,-33.994097,29.866251,20.610086,-18.479310,-19.828133,-1.661935,-27.363368,90.000000,
-19.828133,-1.661935,-27.363368,-67.064640,35.808915,-32.621153,-70.537737,-22.738074,-15.731395,-19.828133,-1.661935,-27.363368,90.000000,
-19.828133,-1.661935,-27.363368,14.749324,-27.186990,-33.994097,29.866251,20.610086,-18.479310,-19.828133,-1.661935,-27.363368,90.000000,
-19.828133,-1.661935,-27.363368,-67.064640,35.808915,-32.621153,-70.537737,-22.738074,-15.731395,-19.828133,-1.661935,-27.363368,90.000000,
-19.828133,-1.661935,-27.363368,14.749324,-27.186990,-33.994097,29.866251,20.610086,-18.479310,-19.828133,-1.661935,-27.363368,90.000000,
-19.828133,-1.661935,-27.363368,-67.064640,35.808915,-32.621153,-70.537737,-22.738074,-15.731395,-19.828133,-1.661935,-27.363368,90.000000,
-19.828133,-1.661935,-27.363368,14.749324,-27.186990,-33.994097,29.866251,20.610086,-18.479310,-19.828133,-1.661935,-27.363368,90.000000,
-19.828133,-1.661935,-27.363368,-67.064640,35.808915,-32.621153,-70.537737,-22.738074,-15.731395,-19.828133,-1.661935,-27.363368,90.000000,
-19.828133,-1.661935,-27.363368,14.749324,-27.186990,-33.994097,29.866251,20.610086,-18.479310,-19.828133,-1.661935,-27.363368,90.000000,
-19.828133,-1.661935,-27.363368,-67.064640,35.808915,-32.621153,-70.537737,-22.738074,-15.731395,-19.828133,-1.661935,-27.363368,90.000000,
-19.828133,-1.661935,-27.363368,14.749324,-27.186990,-33.994097,29.866251,20.610086,-18.479310,-19.828133,-1.661935,-27.363368,90.000000,
-19.828133,-1.661935,-27.363368,-67.064640,35.808915,-32.621153,-70.537737,-22.738074,-15.731395,-19.828133,-1.661935,-27.363368,90.000000,
-19.828133,-1.661935,-27.363368,14.749324,-27.186990,-33.994097,29.866251,20.610086,-18.479310,-19.828133,-1.661935,-27.363368,90.000000,
-19.828133,-1.661935,-27.363368,-67.064640,35.808915,-32.621153,-70.537737,-22.738074,-15.731395,-19.828133,-1.661935,-27.363368,90.000000,
-19.828133,-1.661935,-27.363368,14.749324,-27.186990,-33.994097,29.866251,20.610086,-18.479310,-19.828133,-1.661935,-27.363368,90.000000,
-19.828133,-1.661935,-27.363368,-67.064640,35.808915,-32.621153,-70.537737,-22.738074,-15.731395,-19.828133,-1.661935,-27.363368,90.000000,
-19.828133,-1.661935,-27.363368,14.749324,-27.186990,-33.994097,29.866251,20.610086,-18.479310,-19.828133,-1.661935,-27.363368,90.000000,
-19.828133,-1.661935,-27.363368,-67.064640,35.808915,-32.621153,-70.537737,-22.738074,-15.731395,-19.828133,-1.661935,-27.363368,90.000000,
-19.828133,-1.661935,-27.363368,14.749324,-27.186990,-33.994097,29.866251,20.610086,-18.479310,-19.828133,-1.661935,-27.363368,90.000000,
-19.828133,-1.661935,-27.363368,-67.064640,35.808915,-32.621153,-70.537737,-22.738074,-15.731395,-19.828133,-1.661935,-27.363368,90.000000,
-19.828133,-1.661935,-27.363368,14.749324,-27.186990,-33.994097,29.866251,20.610086,-18.479310,-19.828133,-1.661935,-27.363368,90.000000,
-19.828133,-1.661935,-27.363368,-67.064640,35.808915,-32.621153,-70.537737,-22.738074,-15.731395,-19.828133,-1.661935,-27.363368,90.000000,
-19.828133,-1.661935,-27.363368,14.749324,-27.186990,-33.994097,29.866251,20.610086,-18.479310,-19.828133,-1.661935,-27.363368,90.000000,
-19.828133,-1.661935,-27.363368,-67.064640,35.808915,-32.621153,-70.537737,-22.738074,-15.731395,-19.828133,-1.661935,-27.363368,90.000000,
-19.828133,-1.661935,-27.363368,14.749324,-27.186990,-33.994097,29.866251,20.610086,-18.479310,-19.828133,-1.661935,-27.363368,90.000000,
-19.828133,-1.661935,-27.363368,-67.064640,35.808915,-32.621153,-70.537737,-22.738074,-15.731395,-19.828133,-1.661935,-27.363368,90.000000,
-19.828133,-1.661935,-27.363368,14.749324,-27.186990,-33.994097,29.866251,20.610086,-18.479310,-19.828133,-1.661935,-27.363368,90.000000,
-19.828133,-1.661935,-27.363368,-67.064640,35.808915,-32.621153,-70.537737,-22.738074,-15.731395,-19.828133,-1.661935,-27.363368,90.000000,
-19.828133,-1.661935,-27.363368,14.749324,-27.186990,-33.994097,29.866251,20.610086,-18.479310,-19.828133,-1.661935,-27.363368,90.000000,
-19.828133,-1.661935,-27.363368,-67.064640,35.808915,-32.621153,-70.537737,-22.738074,-15.731395,-19.828133,-1.661935,-27.363368,90.000000,
-19.828133,-1.661935,-27.363368,14.749324,-27.186990,-33.994097,29.866251,20.610086,-18.479310,-19.828133,-1.661935,-27.363368,90.000000,
-19.828133,-1.661935,-27.363368,-67.064640,35.808915,-32.621153,-70.537737,-22.738074,-15.731395,-19.828133,-1.661935,-27.363368,90.000000,
-19.828133,-1.661935,-27.363368,14.749324,-27.186990,-33.994097,29.866251,20.610086,-18.479310,-19.828133,-1.661935,-27.363368,90.000000,
-19.828133,-1.661935,-27.363368,-67.064640,35.808915,-32.621153,-70.537737,-22.738074,-15.731395,-19.828133,-1.661935,-27.363368,90.000000,
-19.828133,-1.661935,-27.363368,14.749324,-27.186990,-33.994097,29.866251,20.610086,-18.479310,-19.828133,-1.661935,-27.363368,90.000000,
-19.828133,-1.661935,-27.363368,-67.064640,35.808915,-32.621153,-70.537737,-22.738074,-15.731395,-19.828133,-1.661935,-27.363368,90.000000,
-19.828133,-1.661935,-27.363368,14.749324,-27.186990,-33.994097,29.866251,20.610086,-18.479310,-19.828133,-1.661935,-27.363368,90.000000,
-19.828133,-1.661935,-27.363368,-67.064640,35.808915,-32.621153,-70.537737,-22.738074,-15.731395,-19.828133,-1.661935,-27.363368,90.000000,
-19.828133,-1.661935,-27.363368,14.749324,-27.186990,-33.994097,29.866251,20.610086,-18.479310,-19.828133,-1.661935,-27.363368,90.000000,
-19.828133,-1.661935,-27.363368,-67.064640,35.808915,-32.621153,-70.537737,-22.738074,-15.731395,-19.828133,-1.661935,-27.363368,90.000000,
-19.828133,-1.661935,-27.363368,14.749324,-27.186990,-33.994097,29.866251,20.610086,-18.479310,-19.828133,-1.661935,-27.363368,90.000000,
-19.828133,-1.661935,-27.363368,-67.064640,35.808915,-32.621153,-70.537737,-22.738074,-15.731395,-19.828133,-1.661935,-27.363368,90.000000,
-19.828133,-1.661935,-27.363368,14.749324,-27.186990,-33.994097,29.866251,20.610086,-18.479310,-19.828133,-1.661935,-27.363368,90.000000,
-19.828133,-1.661935,-27.363368,-67.064640,35.808915,-32.621153,-70.537737,-22.738074,-15.731395,-19.828133,-1.661935,-27.363368,90.000000,
-19.828133,-1.661935,-27.363368,14.749324,-27.186990,-33.994097,29.866251,20.610086,-18.479310,-19.828133,-1.661935,-27.363368,90.000000,
-19.828133,-1.661935,-27.363368,-67.064640,35.808915,-32.621153,-70.537737,-22.738074,-15.731395,-19.828133,-1.661935,-27.363368,90.000000,
-19.828133,-1.661935,-27.363368,14.749324,-27.186990,-33.994097,29.866251,20.610086,-18.479310,-19.828133,-1.661935,-27.363368,90.000000,
-19.828133,-1.661935,-27.363368,-67.064640,35.808915,-32.621153,-70.537737,-22.738074,-15.731395,-19.828133,-1.661935,-27.363368,90.000000,
-19.828133,-1.661935,-27.363368,14.749324,-27.186990,-33.994097,29.866251,20.610086,-18.479310,-19.828133,-1.661935,-27.363368,90.000000,
-19.828133,-1.661935,-27.363368,-67.064640,35.808915,-32.621153,-70.537737,-22.738074,-15.731395,-19.828133,-1.661935,-27.363368,90.000000,
-19.828133,-1.661935,-27.363368,14.749324,-27.186990,-33.994097,29.866251,20.610086,-18.479310,-19.828133,-1.661935,-27.363368,90.000000,
-19.828133,-1.661935,-27.363368,-67.064640,35.808915,-32.621153,-70.537737,-22.738074,-15.731395,-19.828133,-1.661935,-27.363368,90.000000,
-19.828133,-1.661935,-27.363368,14.749324,-27.186990,-33.994097,29.866251,20.610086,-18.479310,-19.828133,-1.661935,-27.363368,90.000000,
-19.828133,-1.661935,-27.363368,-67.064640,35.808915,-32.621153,-70.537737,-22.738074,-15.731395,-19.828133,-1.661935,-27.363368,90.000000,
-19.828133,-1.661935,-27.363368,14.749324,-27.186990,-33.994097,29.866251,20.610086,-18.479310,-19.828133,-1.661935,-27.363368,90.000000,
-19.828133,-1.661935,-27.363368,-67.064640,35.808915,-32.621153,-70.537737,-22.738074,-15.731395,-19.828133,-1.661935,-27.363368,90.000000,
-19.828133,-1.661935,-27.363368,14.749324,-27.186990,-33.994097,29.866251,20.610086,-18.479310,-19.828133,-1.661935,-27.363368,90.000000,
-19.828133,-1.661935,-27.363368,-67.064640,35.808915,-32.621153,-70.537737,-22.738074,-15.731395,-19.828133,-1.661935,-27.363368,90.000000,
-19.828133,-1.661935,-27.363368,14.749324,-27.186990,-33.994097,29.866251,20.610086,-18.479310,-19.828133,-1.661935,-27.363368,90.000000,
-19.828133,-1.661935,-27.363368,-67.064640,35.808915,-32.621153,-70.537737,-22.738074,-15.731395,-19.828133,-1.661935,-27.363368,90.000000,
-19.828133,-1.661935,-27.363368,14.749324,-27.186990,-33.994097,29.866251,20.610086,-18.479310,-19.828133,-1.661935,-27.363368,90.000000,
-19.828133,-1.661935,-27.363368,-67.064640,35.808915,-32.621153,-70.537737,-22.738074,-15.731395,-19.828133,-1.661935,-27.363368,90.000000,
-19.828133,-1.661935,-27.363368,14.749324,-27.186990,-33.994097,29.866251,20.610086,-18.479310,-19.828133,-1.661935,-27.363368,90.000000,
-19.828133,-1.661935,-27.363368,-67.064640,35.808915,-32.621153,-70.537737,-22.738074,-15.731395,-19.828133,-1.661935,-27.363368,90.000000,
-19.828133,-1.661935,-27.363368,14.749324,-27.186990,-33.994097,29.866251,20.610086,-18.479310,-19.828133,-1.661935,-27.363368,90.000000,
-19.828133,-1.661935,-27.363368,-67.064640,35.808915,-32.621153,-70.537737,-22.738074,-15.731395,-19.828133,-1.661935,-27.363368,90.000000,
-19.828133,-1.661935,-27.363368,14.749324,-27.186990,-33.994097,29.866251,20.610086,-18.479310,-19.828133,-1.661935,-27.363368,90.000000,
-19.828133,-1.661935,-27.363368,-67.064640,35.808915,-32.621153,-70.537737,-22.738074,-15.731395,-19.828133,-1.661935,-27.363368,90.000000,
-19.828133,-1.661935,-27.363368,14.749324,-27.186990,-33.994097,29.866251,20.610086,-18.479310,-19.828133,-1.661935,-27.363368,90.000000,
-19.828133,-1.661935,-27.363368,-67.064640,35.808915,-32.621153,-70.537737,-22.738074,-15.731395,-19.828133,-1.661935,-27.363368,90.000000,
-19.828133,-1.661935,-27.363368,14.749324,-27.186990,-33.994097,29.866251,20.610086,-18.479310,-19.828133,-1.661935,-27.363368,90.000000,
-19.828133,-1.661935,-27.363368,-67.064640,35.808915,-32.621153,-70.537737,-22.738074,-15.731395,-19.828133,-1.661935,-27.363368,90.000000,
-19.828133,-1.661935,-27.363368,14.749324,-27.186990,-33.994097,29.866251,20.610086,-18.479310,-19.828133,-1.661935,-27.363368,90.000000,
-19.828133,-1.661935,-27.363368,-67.064640,35.808915,-32.621153,-70.537737,-22.738074,-15.731395,-19.828133,-1.661935,-27.363368,90.000000,
-19.828133,-1.661935,-27.363368,14.749324,-27.186990,-33.994097,29.866251,20.610086,-18.479310,-19.828133,-1.661935,-27.363368,90.000000,
-19.828133,-1.661935,-27.363368,-67.064640,35.808915,-32.621153,-70.537737,-22.738074,-15.731395,-19.828133,-1.661935,-27.363368,90.000000,
-19.828133,-1.661935,-27.363368,14.749324,-27.186990,-33.994097,29.866251,20.610086,-18.479310,-19.828133,-1.661935,-27.363368,90.000000,
-19.828133,-1.661935,-27.363368,-67.064640,35.808915,-32.621153,-70.537737,-22.738074,-15.731395,-19.828133,-1.661935,-27.363368,90.000000,
-19.828133,-1.661935,-27.363368,14.749324,-27.186990,-33.994097,29.866251,20.610086,-18.479310,-19.828133,-1.661935,-27.363368,90.000000,
-19.828133,-1.661935,-27.363368,-67.064640,35.808915,-32.621153,-70.537737,-22.738074,-15.731395,-19.828133,-1.661935,-27.363368,90.000000,
-19.828133,-1.661935,-27.363368,14.749324,-27.186990,-33.994097,29.866251,20.610086,-18.479310,-19.828133,-1.661935,-27.363368,90.000000,
-19.828133,-1.661935,-27.363368,-67.064640,35.808915,-32.621153,-70.537737,-22.738074,-15.731395,-19.828133,-1.661935,-27.363368,90.000000,
-19.828133,-1.661935,-27.363368,14.749324,-27.186990,-33.994097,29.866251,20.610086,-18.479310,-19.828133,-1.661935,-27.363368,90.000000,
-19.828133,-1.661935,-27.363368,-67.064640,35.808915,-32.621153,-70.537737,-22.738074,-15.731395,-19.828133,-1.661935,-27.363368,90.000000,
-19.828133,-1.661935,-27.363368,14.749324,-27.186990,-33.994097,29.866251,20.610086,-18.479310,-19.828133,-1.661935,-27.363368,90.000000,
-19.828133,-1.661935,-27.363368,-67.064640,35.808915,-32.621153,-70.537737,-22.738074,-15.731395,-19.828133,-1.661935,-27.363368,90.000000,
-19.828133,-1.661935,-27.363368,14.749324,-27.186990,-33.994097,29.866251,20.610086,-18.479310,-19.828133,-1.661935,-27.363368,90.000000,
-19.828133,-1.661935,-27.363368,-67.064640,35.808915,-32.621153,-70.537737,-22.738074,-15.731395,-19.828133,-1.661935,-27.363368,90.000000,
-19.828133,-1.661935,-27.363368,14.749324,-27.186990,-33.994097,29.866251,20.610086,-18.479310,-19.828133,-1.661935,-27.363368,90.000000,
-19.828133,-1.661935,-27.363368,-67.064640,35.808915,-32.621153,-70.537737,-22.738074,-15.731395,-19.828133,-1.661935,-27.363368,90.000000,
-19.828133,-1.661935,-27.363368,14.749324,-27.186990,-33.994097,29.866251,20.610086,-18.479310,-19.828133,-1.661935,-27.363368,90.000000,
-19.828133,-1.661935,-27.363368,-67.064640,35.808915,-32.621153,-70.537737,-22.738074,-15.731395,-19.828133,-1.661935,-27.363368,90.000000,
-19.828133,-1.661935,-27.363368,14.749324,-27.186990,-33.994097,29.866251,20.610086,-18.479310,-19.828133,-1.661935,-27.363368,90.000000,
-19.828133,-1.661935,-27.363368,-67.064640,35.808915,-32.621153,-70.537737,-22.738074,-15.731395,-19.828133,-1.661935,-27.363368,90.000000,
-19.828133,-1.661935,-27.363368,14.749324,-27.186990,-33.994097,29.866251,20.610086,-18.479310,-19.828133,-1.661935,-27.363368,90.000000,
-19.828133,-1.661935,-27.363368,-67.064640,35.808915,-32.621153,-70.537737,-22.738074,-15.731395,-19.828133,-1.661935,-27.363368,90.000000,
-19.828133,-1.661935,-27.363368,14.749324,-27.186990,-33.994097,29.866251,20.610086,-18.479310,-19.828133,-1.661935,-27.363368,90.000000,
-19.828133,-1.661935,-27.363368,-67.064640,35.808915,-32.621153,-70.537737,-22.738074,-15.731395,-19.828133,-1.661935,-27.363368,90.000000,
-19.828133,-1.661935,-27.363368,14.749324,-27.186990,-33.994097,29.866251,20.610086,-18.479310,-19.828133,-1.661935,-27.363368,90.000000,
-19.828133,-1.661935,-27.363368,-67.064640,35.808915,-32.621153,-70.537737,-22.738074,-15.731395,-19.828133,-1.661935,-27.363368,90.000000,
-19.828133,-1.661935,-27.363368,14.749324,-27.186990,-33.994097,29.866251,20.610086,-18.479310,-19.828133,-1.661935,-27.363368,90.000000,
-19.828133,-1.661935,-27.363368,-67.064640,35.808915,-32.621153,-70.537737,-22.738074,-15.731395,-19.828133,-1.661935,-27.363368,90.000000,
-19.828133,-1.661935,-27.363368,14.749324,-27.186990,-33.994097,29.866251,20.610086,-18.479310,-19.828133,-1.661935,-27.363368,90.000000,
-19.828133,-1.661935,-27.363368,-67.064640,35.808915,-32.621153,-70.537737,-22.738074,-15.731395,-19.828133,-1.661935,-27.363368,90.000000,
-19.828133,-1.661935,-27.363368,14.749324,-27.186990,-33.994097,29.866251,20.610086,-18.479310,-19.828133,-1.661935,-27.363368,90.000000,
-19.828133,-1.661935,-27.363368,-67.064640,35.808915,-32.621153,-70.537737,-22.738074,-15.731395,-19.828133,-1.661935,-27.363368,90.000000,
-19.828133,-1.661935,-27.363368,14.749324,-27.186990,-33.994097,29.866251,20.610086,-18.479310,-19.828133,-1.661935,-27.363368,90.000000,
-19.828133,-1.661935,-27.363368,-67.064640,35.808915,-32.621153,-70.537737,-22.738074,-15.731395,-19.828133,-1.661935,-27.363368,90.000000,
-19.828133,-1.661935,-27.363368,14.749324,-27.186990,-33.994097,29.866251,20.610086,-18.479310,-19.828133,-1.661935,-27.363368,90.000000,
-19.828133,-1.661935,-27.363368,-67.064640,35.808915,-32.621153,-70.537737,-22.738074,-15.731395,-19.828133,-1.661935,-27.363368,90.000000,
-19.828133,-1.661935,-27.363368,14.749324,-27.186990,-33.994097,29.866251,20.610086,-18.479310,-19.828133,-1.661935,-27.363368,90.000000,
-19.828133,-1.661935,-27.363368,-67.064640,35.808915,-32.621153,-70.537737,-22.738074,-15.731395,-19.828133,-1.661935,-27.363368,90.000000,
-19.828133,-1.661935,-27.363368,14.749324,-27.186990,-33.994097,29.866251,20.610086,-18.479310,-19.828133,-1.661935,-27.363368,90.000000,
-19.828133,-1.661935,-27.363368,-67.064640,35.808915,-32.621153,-70.537737,-22.738074,-15.731395,-19.828133,-1.661935,-27.363368,90.000000,
-19.828133,-1.661935,-27.363368,14.749324,-27.186990,-33.994097,29.866251,20.610086,-18.479310,-19.828133,-1.661935,-27.363368,90.000000,
-19.828133,-1.661935,-27.363368,-67.064640,35.808915,-32.621153,-70.537737,-22.738074,-15.731395,-19.828133,-1.661935,-27.363368,90.000000,
-19.828133,-1.661935,-27.363368,14.749324,-27.186990,-33.994097,29.866251,20.610086,-18.479310,-19.828133,-1.661935,-27.363368,90.000000,
-19.828133,-1.661935,-27.363368,-67.064640,35.808915,-32.621153,-70.537737,-22.738074,-15.731395,-19.828133,-1.661935,-27.363368,90.000000,
-19.828133,-1.661935,-27.363368,14.749324,-27.186990,-33.994097,29.866251,20.610086,-18.479310,-19.828133,-1.661935,-27.363368,90.000000,
-19.828133,-1.661935,-27.363368,-67.064640,35.808915,-32.621153,-70.537737,-22.738074,-15.731395,-19.828133,-1.661935,-27.363368,90.000000,
-19.828133,-1.661935,-27.363368,14.749324,-27.186990,-33.994097,29.866251,20.610086,-18.479310,-19.828133,-1.661935,-27.363368,90.000000,
-19.828133,-1.661935,-27.363368,-67.064640,35.808915,-32.621153,-70.537737,-22.738074,-15.731395,-19.828133,-1.661935,-27.363368,90.000000,
-19.828133,-1.661935,-27.363368,14.749324,-27.186990,-33.994097,29.866251,20.610086,-18.479310,-19.828133,-1.661935,-27.363368,90.000000,
-19.828133,-1.661935,-27.363368,-67.064640,35.808915,-32.621153,-70.537737,-22.738074,-15.731395,-19.828133,-1.661935,-27.363368,90.000000,
-19.828133,-1.661935,-27.363368,14.749324,-27.186990,-33.994097,29.866251,20.610086,-18.479310,-19.828133,-1.661935,-27.363368,90.000000,
-19.828133,-1.661935,-27.363368,-67.064640,35.808915,-32.621153,-70.537737,-22.738074,-15.731395,-19.828133,-1.661935,-27.363368,90.000000,
-19.828133,-1.661935,-27.363368,14.749324,-27.186990,-33.994097,29.866251,20.610086,-18.479310,-19.828133,-1.661935,-27.363368,90.000000,
-19.828133,-1.661935,-27.363368,-67.064640,35.808915,-32.621153,-70.537737,-22.738074,-15.731395,-19.828133,-1.661935,-27.363368,90.000000,
-19.828133,-1.661935,-27.363368,14.749324,-27.186990,-33.994097,29.866251,20.610086,-18.479310,-19.828133,-1.661935,-27.363368,90.000000,
-19.828133,-1.661935,-27.363368,-67.064640,35.808915,-32.621153,-70.537737,-22.738074,-15.731395,-19.828133,-1.661935,-27.363368,90.000000,
-19.828133,-1.661935,-27.363368,14.749324,-27.186990,-33.994097,29.866251,20.610086,-18.479310,-19.828133,-1.661935,-27.363368,90.000000,
-19.828133,-1.661935,-27.363368,-67.064640,35.808915,-32.621153,-70.537737,-22.738074,-15.731395,-19.828133,-1.661935,-27.363368,90.000000,
-19.828133,-1.661935,-27.363368,14.749324,-27.186990,-33.994097,29.866251,20.610086,-18.479310,-19.828133,-1.661935,-27.363368,90.000000,
-19.828133,-1.661935,-27.363368,-67.064640,35.808915,-32.621153,-70.537737,-22.738074,-15.731395,-19.828133,-1.661935,-27.363368,90.000000,
-19.828133,-1.661935,-27.363368,14.749324,-27.186990,-33.994097,29.866251,20.610086,-18.479310,-19.828133,-1.661935,-27.363368,90.000000,
-19.828133,-1.661935,-27.363368,-67.064640,35.808915,-32.621153,-70.537737,-22.738074,-15.731395,-19.828133,-1.661935,-27.363368,90.000000,
-19.828133,-1.661935,-27.363368,14.749324,-27.186990,-33.994097,29.866251,20.610086,-18.479310,-19.828133,-1.661935,-27.363368,90.000000,
-19.828133,-1.661935,-27.363368,-67.064640,35.808915,-32.621153,-70.537737,-22.738074,-15.731395,-19.828133,-1.661935,-27.363368,90.000000,
-19.828133,-1.661935,-27.363368,14.749324,-27.186990,-33.994097,29.866251,20.610086,-18.479310,-19.828133,-1.661935,-27.363368,90.000000,
-19.828133,-1.661935,-27.363368,-67.064640,35.808915,-32.621153,-70.537737,-22.738074,-15.731395,-19.828133,-1.661935,-27.363368,90.000000,
-19.828133,-1.661935,-27.363368,14.749324,-27.186990,-33.994097,29.866251,20.610086,-18.479310,-19.828133,-1.661935,-27.363368,90.000000,
-19.828133,-1.661935,-27.363368,-67.064640,35.808915,-32.621153,-70.537737,-22.738074,-15.731395,-19.828133,-1.661935,-27.363368,90.000000,
-19.828133,-1.661935,-27.363368,14.749324,-27.186990,-33.994097,29.866251,20.610086,-18.479310,-19.828133,-1.661935,-27.363368,90.000000,
-19.828133,-1.661935,-27.363368,-67.064640,35.808915,-32.621153,-70.537737,-22.738074,-15.731395,-19.828133,-1.661935,-27.363368,90.000000,
-19.828133,-1.661935,-27.363368,14.749324,-27.186990,-33.994097,29.866251,20.610086,-18.479310,-19.828133,-1.661935,-27.363368,90.000000,
-19.828133,-1.661935,-27.363368,-67.064640,35.808915,-32.621153,-70.537737,-22.738074,-15.731395,-19.828133,-1.661935,-27.363368,90.000000,
-19.828133,-1.661935,-27.363368,14.749324,-27.186990,-33.994097,29.866251,20.610086,-18.479310,-19.828133,-1.661935,-27.363368,90.000000,
-19.828133,-1.661935,-27.363368,-67.064640,35.808915,-32.621153,-70.537737,-22.738074,-15.731395,-19.828133,-1.661935,-27.363368,90.000000,
-19.828133,-1.661935,-27.363368,14.749324,-27.186990,-33.994097,29.866251,20.610086,-18.479310,-19.828133,-1.661935,-27.363368,90.000000,
-19.828133,-1.661935,-27.363368,-67.064640,35.808915,-32.621153,-70.537737,-22.738074,-15.731395,-19.828133,-1.661935,-27.363368,90.000000,
-19.828133,-1.661935,-27.363368,14.749324,-27.186990,-33.994097,29.866251,20.610086,-18.479310,-19.828133,-1.661935,-27.363368,90.000000,
-19.828133,-1.661935,-27.363368,-67.064640,35.808915,-32.621153,-70.537737,-22.738074,-15.731395,-19.828133,-1.661935,-27.363368,90.000000,
-19.828133,-1.661935,-27.363368,14.749324,-27.186990,-33.994097,29.866251,20.610086,-18.479310,-19.828133,-1.661935,-27.363368,90.000000,
-19.828133,-1.661935,-27.363368,-67.064640,35.808915,-32.621153,-70.537737,-22.738074,-15.731395,-19.828133,-1.661935,-27.363368,90.000000,
-19.828133,-1.661935,-27.363368,14.749324,-27.186990,-33.994097,29.866251,20.610086,-18.479310,-19.828133,-1.661935,-27.363368,90.000000,
-19.828133,-1.661935,-27.363368,-67.064640,35.808915,-32.621153,-70.537737,-22.738074,-15.731395,-19.828133,-1.661935,-27.363368,90.000000,
-19.828133,-1.661935,-27.363368,14.749324,-27.186990,-33.994097,29.866251,20.610086,-18.479310,-19.828133,-1.661935,-27.363368,90.000000,
-19.828133,-1.661935,-27.363368,-67.064640,35.808915,-32.621153,-70.537737,-22.738074,-15.731395,-19.828133,-1.661935,-27.363368,90.000000,
-19.828133,-1.661935,-27.363368,14.749324,-27.186990,-33.994097,29.866251,20.610086,-18.479310,-19.828133,-1.661935,-27.363368,90.000000,
-19.828133,-1.661935,-27.363368,-67.064640,35.808915,-32.621153,-70.537737,-22.738074,-15.731395,-19.828133,-1.661935,-27.363368,90.000000,
-19.828133,-1.661935,-27.363368,14.749324,-27.186990,-33.994097,29.866251,20.610086,-18.479310,-19.828133,-1.661935,-27.363368,90.000000,
-19.828133,-1.661935,-27.363368,-67.064640,35.808915,-32.621153,-70.537737,-22.738074,-15.731395,-19.828133,-1.661935,-27.363368,90.000000,
-19.828133,-1.661935,-27.363368,14.749324,-27.186990,-33.994097,29.866251,20.610086,-18.479310,-19.828133,-1.661935,-27.363368,90.000000,
-19.828133,-1.661935,-27.363368,-67.064640,35.808915,-32.621153,-70.537737,-22.738074,-15.731395,-19.828133,-1.661935,-27.363368,90.000000,
-19.828133,-1.661935,-27.363368,14.749324,-27.186990,-33.994097,29.866251,20.610086,-18.479310,-19.828133,-1.661935,-27.363368,90.000000,
-19.828133,-1.661935,-27.363368,-67.064640,35.808915,-32.621153,-70.537737,-22.738074,-15.731395,-19.828133,-1.661935,-27.363368,90.000000,
-19.828133,-1.661935,-27.363368,14.749324,-27.186990,-33.994097,29.866251,20.610086,-18.479310,-19.828133,-1.661935,-27.363368,90.000000,
-19.828133,-1.661935,-27.363368,-67.064640,35.808915,-32.621153,-70.537737,-22.738074,-15.731395,-19.828133,-1.661935,-27.363368,90.000000,
-19.828133,-1.661935,-27.363368,14.749324,-27.186990,-33.994097,29.866251,20.610086,-18.479310,-19.828133,-1.661935,-27.363368,90.000000,
-19.828133,-1.661935,-27.363368,-67.064640,35.808915,-32.621153,-70.537737,-22.738074,-15.731395,-19.828133,-1.661935,-27.363368,90.000000,
-19.828133,-1.661935,-27.363368,14.749324,-27.186990,-33.994097,29.866251,20.610086,-18.479310,-19.828133,-1.661935,-27.363368,90.000000,
-19.828133,-1.661935,-27.363368,-67.064640,35.808915,-32.621153,-70.537737,-22.738074,-15.731395,-19.828133,-1.661935,-27.363368,90.000000,
-19.828133,-1.661935,-27.363368,14.749324,-27.186990,-33.994097,29.866251,20.610086,-18.479310,-19.828133,-1.661935,-27.363368,90.000000,
-19.828133,-1.661935,-27.363368,-67.064640,35.808915,-32.621153,-70.537737,-22.738074,-15.731395,-19.828133,-1.661935,-27.363368,90.000000,
-19.828133,-1.661935,-27.363368,14.749324,-27.186990,-33.994097,29.866251,20.610086,-18.479310,-19.828133,-1.661935,-27.363368,90.000000,
-19.828133,-1.661935,-27.363368,-67.064640,35.808915,-32.621153,-70.537737,-22.738074,-15.731395,-19.828133,-1.661935,-27.363368,90.000000,
-19.828133,-1.661935,-27.363368,14.749324,-27.186990,-33.994097,29.866251,20.610086,-18.479310,-19.828133,-1.661935,-27.363368,90.000000,
-19.828133,-1.661935,-27.363368,-67.064640,35.808915,-32.621153,-70.537737,-22.738074,-15.731395,-19.828133,-1.661935,-27.363368,90.000000,
-19.828133,-1.661935,-27.363368,14.749324,-27.186990,-33.994097,29.866251,20.610086,-18.479310,-19.828133,-1.661935,-27.363368,90.000000,
-19.828133,-1.661935,-27.363368,-67.064640,35.808915,-32.621153,-70.537737,-22.738074,-15.731395,-19.828133,-1.661935,-27.363368,90.000000,
-19.828133,-1.661935,-27.363368,14.749324,-27.186990,-33.994097,29.866251,20.610086,-18.479310,-19.828133,-1.661935,-27.363368,90.000000,
-19.828133,-1.661935,-27.363368,-67.064640,35.808915,-32.621153,-70.537737,-22.738074,-15.731395,-19.828133,-1.661935,-27.363368,90.000000,
-19.828133,-1.661935,-27.363368,14.749324,-27.186990,-33.994097,29.866251,20.610086,-18.479310,-19.828133,-1.661935,-27.363368,90.000000,
-19.828133,-1.661935,-27.363368,-67.064640,35.808915,-32.621153,-70.537737,-22.738074,-15.731395,-19.828133,-1.661935,-27.363368,90.000000,
-19.828133,-1.661935,-27.363368,14.749324,-27.186990,-33.994097,29.866251,20.610086,-18.479310,-19.828133,-1.661935,-27.363368,90.000000,
-19.828133,-1.661935,-27.363368,-67.064640,35.808915,-32.621153,-70.537737,-22.738074,-15.731395,-19.828133,-1.661935,-27.363368,90.000000,
-19.828133,-1.661935,-27.363368,14.749324,-27.186990,-33.994097,29.866251,20.610086,-18.479310,-19.828133,-1.661935,-27.363368,90.000000,
-19.828133,-1.661935,-27.363368,-67.064640,35.808915,-32.621153,-70.537737,-22.738074,-15.731395,-19.828133,-1.661935,-27.363368,90.000000,
-19.828133,-1.661935,-27.363368,14.749324,-27.186990,-33.994097,29.866251,20.610086,-18.479310,-19.828133,-1.661935,-27.363368,90.000000,
-19.828133,-1.661935,-27.363368,-67.064640,35.808915,-32.621153,-70.537737,-22.738074,-15.731395,-19.828133,-1.661935,-27.363368,90.000000,
-19.828133,-1.661935,-27.363368,14.749324,-27.186990,-33.994097,29.866251,20.610086,-18.479310,-19.828133,-1.661935,-27.363368,90.000000,
-19.828133,-1.661935,-27.363368,-67.064640,35.808915,-32.621153,-70.537737,-22.738074,-15.731395,-19.828133,-1.661935,-27.363368,90.000000,
-19.828133,-1.661935,-27.363368,14.749324,-27.186990,-33.994097,29.866251,20.610086,-18.479310,-19.828133,-1.661935,-27.363368,90.000000,
-19.828133,-1.661935,-27.363368,-67.064640,35.808915,-32.621153,-70.537737,-22.738074,-15.731395,-19.828133,-1.661935,-27.363368,90.000000,
-19.828133,-1.661935,-27.363368,14.749324,-27.186990,-33.994097,29.866251,20.610086,-18.479310,-19.828133,-1.661935,-27.363368,90.000000,
-19.828133,-1.661935,-27.363368,-67.064640,35.808915,-32.621153,-70.537737,-22.738074,-15.731395,-19.828133,-1.661935,-27.363368,90.000000,
-19.828133,-1.661935,-27.363368,14.749324,-27.186990,-33.994097,29.866251,20.610086,-18.479310,-19.828133,-1.661935,-27.363368,90.000000,
-19.828133,-1.661935,-27.363368,-67.064640,35.808915,-32.621153,-70.537737,-22.738074,-15.731395,-19.828133,-1.661935,-27.363368,90.000000,
-19.828133,-1.661935,-27.363368,14.749324,-27.186990,-33.994097,29.866251,20.610086,-18.479310,-19.828133,-1.661935,-27.363368,90.000000,
-19.828133,-1.661935,-27.363368,-67.064640,35.808915,-32.621153,-70.537737,-22.738074,-15.731395,-19.828133,-1.661935,-27.363368,90.000000,
-19.828133,-1.661935,-27.363368,14.749324,-27.186990,-33.994097,29.866251,20.610086,-18.479310,-19.828133,-1.661935,-27.363368,90.000000,
-19.828133,-1.661935,-27.363368,-67.064640,35.808915,-32.621153,-70.537737,-22.738074,-15.731395,-19.828133,-1.661935,-27.363368,90.000000,
-19.828133,-1.661935,-27.363368,14.749324,-27.186990,-33.994097,29.866251,20.610086,-18.479310,-19.828133,-1.661935,-27.363368,90.000000,
-19.828133,-1.661935,-27.363368,-67.064640,35.808915,-32.621153,-70.537737,-22.738074,-15.731395,-19.828133,-1.661935,-27.363368,90.000000,
-19.828133,-1.661935,-27.363368,14.749324,-27.186990,-33.994097,29.866251,20.610086,-18.479310,-19.828133,-1.661935,-27.363368,90.000000,
-19.828133,-1.661935,-27.363368,-67.064640,35.808915,-32.621153,-70.537737,-22.738074,-15.731395,-19.828133,-1.661935,-27.363368,90.000000,
-19.828133,-1.661935,-27.363368,14.749324,-27.186990,-33.994097,29.866251,20.610086,-18.479310,-19.828133,-1.661935,-27.363368,90.000000,
-19.828133,-1.661935,-27.363368,-67.064640,35.808915,-32.621153,-70.537737,-22.738074,-15.731395,-19.828133,-1.661935,-27.363368,90.000000,
-19.828133,-1.661935,-27.363368,14.749324,-27.186990,-33.994097,29.866251,20.610086,-18.479310,-19.828133,-1.661935,-27.363368,90.000000,
-19.828133,-1.661935,-27.363368,-67.064640,35.808915,-32.621153,-70.537737,-22.738074,-15.731395,-19.828133,-1.661935,-27.363368,90.000000,
-19.828133,-1.661935,-27.363368,14.749324,-27.186990,-33.994097,29.866251,20.610086,-18.479310,-19.828133,-1.661935,-27.363368,90.000000,
-19.828133,-1.661935,-27.363368,-67.064640,35.808915,-32.621153,-70.537737,-22.738074,-15.731395,-19.828133,-1.661935,-27.363368,90.000000,
-19.828133,-1.661935,-27.363368,14.749324,-27.186990,-33.994097,29.866251,20.610086,-18.479310,-19.828133,-1.661935,-27.363368,90.000000,
-19.828133,-1.661935,-27.363368,-67.064640,35.808915,-32.621153,-70.537737,-22.738074,-15.731395,-19.828133,-1.661935,-27.363368,90.000000,
-19.828133,-1.661935,-27.363368,14.749324,-27.186990,-33.994097,29.866251,20.610086,-18.479310,-19.828133,-1.661935,-27.363368,90.000000,
-19.828133,-1.661935,-27.363368,-67.064640,35.808915,-32.621153,-70.537737,-22.738074,-15.731395,-19.828133,-1.661935,-27.363368,90.000000,
-19.828133,-1.661935,-27.363368,14.749324,-27.186990,-33.994097,29.866251,20.610086,-18.479310,-19.828133,-1.661935,-27.363368,90.000000,
-19.828133,-1.661935,-27.363368,-67.064640,35.808915,-32.621153,-70.537737,-22.738074,-15.731395,-19.828133,-1.661935,-27.363368,90.000000,
-19.828133,-1.661935,-27.363368,14.749324,-27.186990,-33.994097,29.866251,20.610086,-18.479310,-19.828133,-1.661935,-27.363368,90.000000,
-19.828133,-1.661935,-27.363368,-67.064640,35.808915,-32.621153,-70.537737,-22.738074,-15.731395,-19.828133,-1.661935,-27.363368,90.000000,
-19.828133,-1.661935,-27.363368,14.749324,-27.186990,-33.994097,29.866251,20.610086,-18.479310,-19.828133,-1.661935,-27.363368,90.000000,
-19.828133,-1.661935,-27.363368,-67.064640,35.808915,-32.621153,-70.537737,-22.738074,-15.731395,-19.828133,-1.661935,-27.363368,90.000000,
-19.828133,-1.661935,-27.363368,14.749324,-27.186990,-33.994097,29.866251,20.610086,-18.479310,-19.828133,-1.661935,-27.363368,90.000000,
-19.828133,-1.661935,-27.363368,-67.064640,35.808915,-32.621153,-70.537737,-22.738074,-15.731395,-19.828133,-1.661935,-27.363368,90.000000,
-19.828133,-1.661935,-27.363368,14.749324,-27.186990,-33.994097,29.866251,20.610086,-18.479310,-19.828133,-1.661935,-27.363368,90.000000,
-19.828133,-1.661935,-27.363368,-67.064640,35.808915,-32.621153,-70.537737,-22.738074,-15.731395,-19.828133,-1.661935,-27.363368,90.000000,
-19.828133,-1.661935,-27.363368,14.749324,-27.186990,-33.994097,29.866251,20.610086,-18.479310,-19.828133,-1.661935,-27.363368,90.000000,
-19.828133,-1.661935,-27.363368,-67.064640,35.808915,-32.621153,-70.537737,-22.738074,-15.731395,-19.828133,-1.661935,-27.363368,90.000000,
-19.828133,-1.661935,-27.363368,14.749324,-27.186990,-33.994097,29.866251,20.610086,-18.479310,-19.828133,-1.661935,-27.363368,90.000000,
-19.828133,-1.661935,-27.363368,-67.064640,35.808915,-32.621153,-70.537737,-22.738074,-15.731395,-19.828133,-1.661935,-27.363368,90.000000,
-19.828133,-1.661935,-27.363368,14.749324,-27.186990,-33.994097,29.866251,20.610086,-18.479310,-19.828133,-1.661935,-27.363368,90.000000,
-19.828133,-1.661935,-27.363368,-67.064640,35.808915,-32.621153,-70.537737,-22.738074,-15.731395,-19.828133,-1.661935,-27.363368,90.000000,
-19.828133,-1.661935,-27.363368,14.749324,-27.186990,-33.994097,29.866251,20.610086,-18.479310,-19.828133,-1.661935,-27.363368,90.000000,
-19.828133,-1.661935,-27.363368,-67.064640,35.808915,-32.621153,-70.537737,-22.738074,-15.731395,-19.828133,-1.661935,-27.363368,90.000000,
-19.828133,-1.661935,-27.363368,14.749324,-27.186990,-33.994097,29.866251,20.610086,-18.479310,-19.828133,-1.661935,-27.363368,90.000000,
-19.828133,-1.661935,-27.363368,-67.064640,35.808915,-32.621153,-70.537737,-22.738074,-15.731395,-19.828133,-1.661935,-27.363368,90.000000,
-19.828133,-1.661935,-27.363368,14.749324,-27.186990,-33.994097,29.866251,20.610086,-18.479310,-19.828133,-1.661935,-27.363368,90.000000,
-19.828133,-1.661935,-27.363368,-67.064640,35.808915,-32.621153,-70.537737,-22.738074,-15.731395,-19.828133,-1.661935,-27.363368,90.000000,
-19.828133,-1.661935,-27.363368,14.749324,-27.186990,-33.994097,29.866251,20.610086,-18.479310,-19.828133,-1.661935,-27.363368,90.000000,
-19.828133,-1.661935,-27.363368,-67.064640,35.808915,-32.621153,-70.537737,-22.738074,-15.731395,-19.828133,-1.661935,-27.363368,90.000000,
-19.828133,-1.661935,-27.363368,14.749324,-27.186990,-33.994097,29.866251,20.610086,-18.479310,-19.828133,-1.661935,-27.363368,90.000000,
-19.828133,-1.661935,-27.363368,-67.064640,35.808915,-32.621153,-70.537737,-22.738074,-15.731395,-19.828133,-1.661935,-27.363368,90.000000,
-19.828133,-1.661935,-27.363368,14.749324,-27.186990,-33.994097,29.866251,20.610086,-18.479310,-19.828133,-1.661935,-27.363368,90.000000,
-19.828133,-1.661935,-27.363368,-67.064640,35.808915,-32.621153,-70.537737,-22.738074,-15.731395,-19.828133,-1.661935,-27.363368,90.000000,
-19.828133,-1.661935,-27.363368,14.749324,-27.186990,-33.994097,29.866251,20.610086,-18.479310,-19.828133,-1.661935,-27.363368,90.000000,
-19.828133,-1.661935,-27.363368,-67.064640,35.808915,-32.621153,-70.537737,-22.738074,-15.731395,-19.828133,-1.661935,-27.363368,90.000000,
-19.828133,-1.661935,-27.363368,14.749324,-27.186990,-33.994097,29.866251,20.610086,-18.479310,-19.828133,-1.661935,-27.363368,90.000000,
-19.828133,-1.661935,-27.363368,-67.064640,35.808915,-32.621153,-70.537737,-22.738074,-15.731395,-19.828133,-1.661935,-27.363368,90.000000,
-19.828133,-1.661935,-27.363368,14.749324,-27.186990,-33.994097,29.866251,20.610086,-18.479310,-19.828133,-1.661935,-27.363368,90.000000,
-19.828133,-1.661935,-27.363368,-67.064640,35.808915,-32.621153,-70.537737,-22.738074,-15.731395,-19.828133,-1.661935,-27.363368,90.000000,
-19.828133,-1.661935,-27.363368,14.749324,-27.186990,-33.994097,29.866251,20.610086,-18.479310,-19.828133,-1.661935,-27.363368,90.000000,
-19.828133,-1.661935,-27.363368,-67.064640,35.808915,-32.621153,-70.537737,-22.738074,-15.731395,-19.828133,-1.661935,-27.363368,90.000000,
-19.828133,-1.661935,-27.363368,14.749324,-27.186990,-33.994097,29.866251,20.610086,-18.479310,-19.828133,-1.661935,-27.363368,90.000000,
-19.828133,-1.661935,-27.363368,-67.064640,35.808915,-32.621153,-70.537737,-22.738074,-15.731395,-19.828133,-1.661935,-27.363368,90.000000,
-19.828133,-1.661935,-27.363368,14.749324,-27.186990,-33.994097,29.866251,20.610086,-18.479310,-19.828133,-1.661935,-27.363368,90.000000,
-19.828133,-1.661935,-27.363368,-67.064640,35.808915,-32.621153,-70.537737,-22.738074,-15.731395,-19.828133,-1.661935,-27.363368,90.000000,
-19.828133,-1.661935,-27.363368,14.749324,-27.186990,-33.994097,29.866251,20.610086,-18.479310,-19.828133,-1.661935,-27.363368,90.000000,
-19.828133,-1.661935,-27.363368,-67.064640,35.808915,-32.621153,-70.537737,-22.738074,-15.731395,-19.828133,-1.661935,-27.363368,90.000000,
-19.828133,-1.661935,-27.363368,14.749324,-27.186990,-33.994097,29.866251,20.610086,-18.479310,-19.828133,-1.661935,-27.363368,90.000000,
-19.828133,-1.661935,-27.363368,-67.064640,35.808915,-32.621153,-70.537737,-22.738074,-15.731395,-19.828133,-1.661935,-27.363368,90.000000,
-19.828133,-1.661935,-27.363368,14.749324,-27.186990,-33.994097,29.866251,20.610086,-18.479310,-19.828133,-1.661935,-27.363368,90.000000,
-19.828133,-1.661935,-27.363368,-67.064640,35.808915,-32.621153,-70.537737,-22.738074,-15.731395,-19.828133,-1.661935,-27.363368,90.000000,
-19.828133,-1.661935,-27.363368,14.749324,-27.186990,-33.994097,29.866251,20.610086,-18.479310,-19.828133,-1.661935,-27.363368,90.000000,
-19.828133,-1.661935,-27.363368,-67.064640,35.808915,-32.621153,-70.537737,-22.738074,-15.731395,-19.828133,-1.661935,-27.363368,90.000000,
-19.828133,-1.661935,-27.363368,14.749324,-27.186990,-33.994097,29.866251,20.610086,-18.479310,-19.828133,-1.661935,-27.363368,90.000000,
-19.828133,-1.661935,-27.363368,-67.064640,35.808915,-32.621153,-70.537737,-22.738074,-15.731395,-19.828133,-1.661935,-27.363368,90.000000,
-19.828133,-1.661935,-27.363368,14.749324,-27.186990,-33.994097,29.866251,20.610086,-18.479310,-19.828133,-1.661935,-27.363368,90.000000,
-19.828133,-1.661935,-27.363368,-67.064640,35.808915,-32.621153,-70.537737,-22.738074,-15.731395,-19.828133,-1.661935,-27.363368,90.000000,
-19.828133,-1.661935,-27.363368,14.749324,-27.186990,-33.994097,29.866251,20.610086,-18.479310,-19.828133,-1.661935,-27.363368,90.000000,
-19.828133,-1.661935,-27.363368,-67.064640,35.808915,-32.621153,-70.537737,-22.738074,-15.731395,-19.828133,-1.661935,-27.363368,90.000000,
-19.828133,-1.661935,-27.363368,14.749324,-27.186990,-33.994097,29.866251,20.610086,-18.479310,-19.828133,-1.661935,-27.363368,90.000000,
-19.828133,-1.661935,-27.363368,-67.064640,35.808915,-32.621153,-70.537737,-22.738074,-15.731395,-19.828133,-1.661935,-27.363368,90.000000,
-19.828133,-1.661935,-27.363368,14.749324,-27.186990,-33.994097,29.866251,20.610086,-18.479310,-19.828133,-1.661935,-27.363368,90.000000,
-19.828133,-1.661935,-27.363368,-67.064640,35.808915,-32.621153,-70.537737,-22.738074,-15.731395,-19.828133,-1.661935,-27.363368,90.000000,
-19.828133,-1.661935,-27.363368,14.749324,-27.186990,-33.994097,29.866251,20.610086,-18.479310,-19.828133,-1.661935,-27.363368,90.000000,
-19.828133,-1.661935,-27.363368,-67.064640,35.808915,-32.621153,-70.537737,-22.738074,-15.731395,-19.828133,-1.661935,-27.363368,90.000000,
-19.828133,-1.661935,-27.363368,14.749324,-27.186990,-33.994097,29.866251,20.610086,-18.479310,-19.828133,-1.661935,-27.363368,90.000000,
-19.828133,-1.661935,-27.363368,-67.064640,35.808915,-32.621153,-70.537737,-22.738074,-15.731395,-19.828133,-1.661935,-27.363368,90.000000,
-19.828133,-1.661935,-27.363368,14.749324,-27.186990,-33.994097,29.866251,20.610086,-18.479310,-19.828133,-1.661935,-27.363368,90.000000,
-19.828133,-1.661935,-27.363368,-67.064640,35.808915,-32.621153,-70.537737,-22.738074,-15.731395,-19.828133,-1.661935,-27.363368,90.000000,
-19.828133,-1.661935,-27.363368,14.749324,-27.186990,-33.994097,29.866251,20.610086,-18.479310,-19.828133,-1.661935,-27.363368,90.000000,
-19.828133,-1.661935,-27.363368,-67.064640,35.808915,-32.621153,-70.537737,-22.738074,-15.731395,-19.828133,-1.661935,-27.363368,90.000000,
-19.828133,-1.661935,-27.363368,14.749324,-27.186990,-33.994097,29.866251,20.610086,-18.479310,-19.828133,-1.661935,-27.363368,90.000000,
-19.828133,-1.661935,-27.363368,-67.064640,35.808915,-32.621153,-70.537737,-22.738074,-15.731395,-19.828133,-1.661935,-27.363368,90.000000,
-19.828133,-1.661935,-27.363368,14.749324,-27.186990,-33.994097,29.866251,20.610086,-18.479310,-19.828133,-1.661935,-27.363368,90.000000,
-19.828133,-1.661935,-27.363368,-67.064640,35.808915,-32.621153,-70.537737,-22.738074,-15.731395,-19.828133,-1.661935,-27.363368,90.000000,
-19.828133,-1.661935,-27.363368,14.749324,-27.186990,-33.994097,29.866251,20.610086,-18.479310,-19.828133,-1.661935,-27.363368,90.000000,
-19.828133,-1.661935,-27.363368,-67.064640,35.808915,-32.621153,-70.537737,-22.738074,-15.731395,-19.828133,-1.661935,-27.363368,90.000000,
-19.828133,-1.661935,-27.363368,14.749324,-27.186990,-33.994097,29.866251,20.610086,-18.479310,-19.828133,-1.661935,-27.363368,90.000000,
-19.828133,-1.661935,-27.363368,-67.064640,35.808915,-32.621153,-70.537737,-22.738074,-15.731395,-19.828133,-1.661935,-27.363368,90.000000,
-19.828133,-1.661935,-27.363368,14.749324,-27.186990,-33.994097,29.866251,20.610086,-18.479310,-19.828133,-1.661935,-27.363368,90.000000,
-19.828133,-1.661935,-27.363368,-67.064640,35.808915,-32.621153,-70.537737,-22.738074,-15.731395,-19.828133,-1.661935,-27.363368,90.000000,
-19.828133,-1.661935,-27.363368,14.749324,-27.186990,-33.994097,29.866251,20.610086,-18.479310,-19.828133,-1.661935,-27.363368,90.000000,
-19.828133,-1.661935,-27.363368,-67.064640,35.808915,-32.621153,-70.537737,-22.738074,-15.731395,-19.828133,-1.661935,-27.363368,90.000000,
-19.828133,-1.661935,-27.363368,14.749324,-27.186990,-33.994097,29.866251,20.610086,-18.479310,-19.828133,-1.661935,-27.363368,90.000000,
-19.828133,-1.661935,-27.363368,-67.064640,35.808915,-32.621153,-70.537737,-22.738074,-15.731395,-19.828133,-1.661935,-27.363368,90.000000,
-19.828133,-1.661935,-27.363368,14.749324,-27.186990,-33.994097,29.866251,20.610086,-18.479310,-19.828133,-1.661935,-27.363368,90.000000,
-19.828133,-1.661935,-27.363368,-67.064640,35.808915,-32.621153,-70.537737,-22.738074,-15.731395,-19.828133,-1.661935,-27.363368,90.000000,
-19.828133,-1.661935,-27.363368,14.749324,-27.186990,-33.994097,29.866251,20.610086,-18.479310,-19.828133,-1.661935,-27.363368,90.000000,
-19.828133,-1.661935,-27.363368,-67.064640,35.808915,-32.621153,-70.537737,-22.738074,-15.731395,-19.828133,-1.661935,-27.363368,90.000000,
-19.828133,-1.661935,-27.363368,14.749324,-27.186990,-33.994097,29.866251,20.610086,-18.479310,-19.828133,-1.661935,-27.363368,90.000000,
-19.828133,-1.661935,-27.363368,-67.064640,35.808915,-32.621153,-70.537737,-22.738074,-15.731395,-19.828133,-1.661935,-27.363368,90.000000,
-19.828133,-1.661935,-27.363368,14.749324,-27.186990,-33.994097,29.866251,20.610086,-18.479310,-19.828133,-1.661935,-27.363368,90.000000,
-19.828133,-1.661935,-27.363368,-67.064640,35.808915,-32.621153,-70.537737,-22.738074,-15.731395,-19.828133,-1.661935,-27.363368,90.000000,
-19.828133,-1.661935,-27.363368,14.749324,-27.186990,-33.994097,29.866251,20.610086,-18.479310,-19.828133,-1.661935,-27.363368,90.000000,
-19.828133,-1.661935,-27.363368,-67.064640,35.808915,-32.621153,-70.537737,-22.738074,-15.731395,-19.828133,-1.661935,-27.363368,90.000000,
-19.828133,-1.661935,-27.363368,14.749324,-27.186990,-33.994097,29.866251,20.610086,-18.479310,-19.828133,-1.661935,-27.363368,90.000000,
-19.828133,-1.661935,-27.363368,-67.064640,35.808915,-32.621153,-70.537737,-22.738074,-15.731395,-19.828133,-1.661935,-27.363368,90.000000,
-19.828133,-1.661935,-27.363368,14.749324,-27.186990,-33.994097,29.866251,20.610086,-18.479310,-19.828133,-1.661935,-27.363368,90.000000,
-19.828133,-1.661935,-27.363368,-67.064640,35.808915,-32.621153,-70.537737,-22.738074,-15.731395,-19.828133,-1.661935,-27.363368,90.000000,
-19.828133,-1.661935,-27.363368,14.749324,-27.186990,-33.994097,29.866251,20.610086,-18.479310,-19.828133,-1.661935,-27.363368,90.000000,
-19.828133,-1.661935,-27.363368,-67.064640,35.808915,-32.621153,-70.537737,-22.738074,-15.731395,-19.828133,-1.661935,-27.363368,90.000000,
-19.828133,-1.661935,-27.363368,14.749324,-27.186990,-33.994097,29.866251,20.610086,-18.479310,-19.828133,-1.661935,-27.363368,90.000000,
-19.828133,-1.661935,-27.363368,-67.064640,35.808915,-32.621153,-70.537737,-22.738074,-15.731395,-19.828133,-1.661935,-27.363368,90.000000,
-19.828133,-1.661935,-27.363368,14.749324,-27.186990,-33.994097,29.866251,20.610086,-18.479310,-19.828133,-1.661935,-27.363368,90.000000,
-19.828133,-1.661935,-27.363368,-67.064640,35.808915,-32.621153,-70.537737,-22.738074,-15.731395,-19.828133,-1.661935,-27.363368,90.000000,
-19.828133,-1.661935,-27.363368,14.749324,-27.186990,-33.994097,29.866251,20.610086,-18.479310,-19.828133,-1.661935,-27.363368,90.000000,
-19.828133,-1.661935,-27.363368,-67.064640,35.808915,-32.621153,-70.537737,-22.738074,-15.731395,-19.828133,-1.661935,-27.363368,90.000000,
-19.828133,-1.661935,-27.363368,14.749324,-27.186990,-33.994097,29.866251,20.610086,-18.479310,-19.828133,-1.661935,-27.363368,90.000000,
-19.828133,-1.661935,-27.363368,-67.064640,35.808915,-32.621153,-70.537737,-22.738074,-15.731395,-19.828133,-1.661935,-27.363368,90.000000,
-19.828133,-1.661935,-27.363368,14.749324,-27.186990,-33.994097,29.866251,20.610086,-18.479310,-19.828133,-1.661935,-27.363368,90.000000,
-19.828133,-1.661935,-27.363368,-67.064640,35.808915,-32.621153,-70.537737,-22.738074,-15.731395,-19.828133,-1.661935,-27.363368,90.000000,
-19.828133,-1.661935,-27.363368,14.749324,-27.186990,-33.994097,29.866251,20.610086,-18.479310,-19.828133,-1.661935,-27.363368,90.000000,
-19.828133,-1.661935,-27.363368,-67.064640,35.808915,-32.621153,-70.537737,-22.738074,-15.731395,-19.828133,-1.661935,-27.363368,90.000000,
-19.828133,-1.661935,-27.363368,14.749324,-27.186990,-33.994097,29.866251,20.610086,-18.479310,-19.828133,-1.661935,-27.363368,90.000000,
-19.828133,-1.661935,-27.363368,-67.064640,35.808915,-32.621153,-70.537737,-22.738074,-15.731395,-19.828133,-1.661935,-27.363368,90.000000,
-19.828133,-1.661935,-27.363368,14.749324,-27.186990,-33.994097,29.866251,20.610086,-18.479310,-19.828133,-1.661935,-27.363368,90.000000,
-19.828133,-1.661935,-27.363368,-67.064640,35.808915,-32.621153,-70.537737,-22.738074,-15.731395,-19.828133,-1.661935,-27.363368,90.000000,
-19.828133,-1.661935,-27.363368,14.749324,-27.186990,-33.994097,29.866251,20.610086,-18.479310,-19.828133,-1.661935,-27.363368,90.000000,
-19.828133,-1.661935,-27.363368,-67.064640,35.808915,-32.621153,-70.537737,-22.738074,-15.731395,-19.828133,-1.661935,-27.363368,90.000000,
-19.828133,-1.661935,-27.363368,14.749324,-27.186990,-33.994097,29.866251,20.610086,-18.479310,-19.828133,-1.661935,-27.363368,90.000000,
-19.828133,-1.661935,-27.363368,-67.064640,35.808915,-32.621153,-70.537737,-22.738074,-15.731395,-19.828133,-1.661935,-27.363368,90.000000,
-19.828133,-1.661935,-27.363368,14.749324,-27.186990,-33.994097,29.866251,20.610086,-18.479310,-19.828133,-1.661935,-27.363368,90.000000,
-19.828133,-1.661935,-27.363368,-67.064640,35.808915,-32.621153,-70.537737,-22.738074,-15.731395,-19.828133,-1.661935,-27.363368,90.000000,
-19.828133,-1.661935,-27.363368,14.749324,-27.186990,-33.994097,29.866251,20.610086,-18.479310,-19.828133,-1.661935,-27.363368,90.000000,
-19.828133,-1.661935,-27.363368,-67.064640,35.808915,-32.621153,-70.537737,-22.738074,-15.731395,-19.828133,-1.661935,-27.363368,90.000000,
-19.828133,-1.661935,-27.363368,14.749324,-27.186990,-33.994097,29.866251,20.610086,-18.479310,-19.828133,-1.661935,-27.363368,90.000000,
-19.828133,-1.661935,-27.363368,-67.064640,35.808915,-32.621153,-70.537737,-22.738074,-15.731395,-19.828133,-1.661935,-27.363368,90.000000,
-19.828133,-1.661935,-27.363368,14.749324,-27.186990,-33.994097,29.866251,20.610086,-18.479310,-19.828133,-1.661935,-27.363368,90.000000,
-19.828133,-1.661935,-27.363368,-67.064640,35.808915,-32.621153,-70.537737,-22.738074,-15.731395,-19.828133,-1.661935,-27.363368,90.000000,
-19.828133,-1.661935,-27.363368,14.749324,-27.186990,-33.994097,29.866251,20.610086,-18.479310,-19.828133,-1.661935,-27.363368,90.000000,
-19.828133,-1.661935,-27.363368,-67.064640,35.808915,-32.621153,-70.537737,-22.738074,-15.731395,-19.828133,-1.661935,-27.363368,90.000000,
-19.828133,-1.661935,-27.363368,14.749324,-27.186990,-33.994097,29.866251,20.610086,-18.479310,-19.828133,-1.661935,-27.363368,90.000000,
-19.828133,-1.661935,-27.363368,-67.064640,35.808915,-32.621153,-70.537737,-22.738074,-15.731395,-19.828133,-1.661935,-27.363368,90.000000,
-19.828133,-1.661935,-27.363368,14.749324,-27.186990,-33.994097,29.866251,20.610086,-18.479310,-19.828133,-1.661935,-27.363368,90.000000,
-19.828133,-1.661935,-27.363368,-67.064640,35.808915,-32.621153,-70.537737,-22.738074,-15.731395,-19.828133,-1.661935,-27.363368,90.000000,
-19.828133,-1.661935,-27.363368,14.749324,-27.186990,-33.994097,29.866251,20.610086,-18.479310,-19.828133,-1.661935,-27.363368,90.000000,
-19.828133,-1.661935,-27.363368,-67.064640,35.808915,-32.621153,-70.537737,-22.738074,-15.731395,-19.828133,-1.661935,-27.363368,90.000000,
-19.828133,-1.661935,-27.363368,14.749324,-27.186990,-33.994097,29.866251,20.610086,-18.479310,-19.828133,-1.661935,-27.363368,90.000000,
-19.828133,-1.661935,-27.363368,-67.064640,35.808915,-32.621153,-70.537737,-22.738074,-15.731395,-19.828133,-1.661935,-27.363368,90.000000,
-19.828133,-1.661935,-27.363368,14.749324,-27.186990,-33.994097,29.866251,20.610086,-18.479310,-19.828133,-1.661935,-27.363368,90.000000,
-19.828133,-1.661935,-27.363368,-67.064640,35.808915,-32.621153,-70.537737,-22.738074,-15.731395,-19.828133,-1.661935,-27.363368,90.000000,
-19.828133,-1.661935,-27.363368,14.749324,-27.186990,-33.994097,29.866251,20.610086,-18.479310,-19.828133,-1.661935,-27.363368,90.000000,
-19.828133,-1.661935,-27.363368,-67.064640,35.808915,-32.621153,-70.537737,-22.738074,-15.731395,-19.828133,-1.661935,-27.363368,90.000000,
-19.828133,-1.661935,-27.363368,14.749324,-27.186990,-33.994097,29.866251,20.610086,-18.479310,-19.828133,-1.661935,-27.363368,90.000000,
-19.828133,-1.661935,-27.363368,-67.064640,35.808915,-32.621153,-70.537737,-22.738074,-15.731395,-19.828133,-1.661935,-27.363368,90.000000,
-19.828133,-1.661935,-27.363368,14.749324,-27.186990,-33.994097,29.866251,20.610086,-18.479310,-19.828133,-1.661935,-27.363368,90.000000,
-19.828133,-1.661935,-27.363368,-67.064640,35.808915,-32.621153,-70.537737,-22.738074,-15.731395,-19.828133,-1.661935,-27.363368,90.000000,
-19.828133,-1.661935,-27.363368,14.749324,-27.186990,-33.994097,29.866251,20.610086,-18.479310,-19.828133,-1.661935,-27.363368,90.000000,
-19.828133,-1.661935,-27.363368,-67.064640,35.808915,-32.621153,-70.537737,-22.738074,-15.731395,-19.828133,-1.661935,-27.363368,90.000000,
-19.828133,-1.661935,-27.363368,14.749324,-27.186990,-33.994097,29.866251,20.610086,-18.479310,-19.828133,-1.661935,-27.363368,90.000000,
-19.828133,-1.661935,-27.363368,-67.064640,35.808915,-32.621153,-70.537737,-22.738074,-15.731395,-19.828133,-1.661935,-27.363368,90.000000,
-19.828133,-1.661935,-27.363368,14.749324,-27.186990,-33.994097,29.866251,20.610086,-18.479310,-19.828133,-1.661935,-27.363368,90.000000,
-19.828133,-1.661935,-27.363368,-67.064640,35.808915,-32.621153,-70.537737,-22.738074,-15.731395,-19.828133,-1.661935,-27.363368,90.000000,
-19.828133,-1.661935,-27.363368,14.749324,-27.186990,-33.994097,29.866251,20.610086,-18.479310,-19.828133,-1.661935,-27.363368,90.000000,
-19.828133,-1.661935,-27.363368,-67.064640,35.808915,-32.621153,-70.537737,-22.738074,-15.731395,-19.828133,-1.661935,-27.363368,90.000000,
-19.828133,-1.661935,-27.363368,14.749324,-27.186990,-33.994097,29.866251,20.610086,-18.479310,-19.828133,-1.661935,-27.363368,90.000000,
-19.828133,-1.661935,-27.363368,-67.064640,35.808915,-32.621153,-70.537737,-22.738074,-15.731395,-19.828133,-1.661935,-27.363368,90.000000,
-19.828133,-1.661935,-27.363368,14.749324,-27.186990,-33.994097,29.866251,20.610086,-18.479310,-19.828133,-1.661935,-27.363368,90.000000,
-19.828133,-1.661935,-27.363368,-67.064640,35.808915,-32.621153,-70.537737,-22.738074,-15.731395,-19.828133,-1.661935,-27.363368,90.000000,
-19.828133,-1.661935,-27.363368,14.749324,-27.186990,-33.994097,29.866251,20.610086,-18.479310,-19.828133,-1.661935,-27.363368,90.000000,
-19.828133,-1.661935,-27.363368,-67.064640,35.808915,-32.621153,-70.537737,-22.738074,-15.731395,-19.828133,-1.661935,-27.363368,90.000000,
-19.828133,-1.661935,-27.363368,14.749324,-27.186990,-33.994097,29.866251,20.610086,-18.479310,-19.828133,-1.661935,-27.363368,90.000000,
-19.828133,-1.661935,-27.363368,-67.064640,35.808915,-32.621153,-70.537737,-22.738074,-15.731395,-19.828133,-1.661935,-27.363368,90.000000,
-19.828133,-1.661935,-27.363368,14.749324,-27.186990,-33.994097,29.866251,20.610086,-18.479310,-19.828133,-1.661935,-27.363368,90.000000,
-19.828133,-1.661935,-27.363368,-67.064640,35.808915,-32.621153,-70.537737,-22.738074,-15.731395,-19.828133,-1.661935,-27.363368,90.000000,
-19.828133,-1.661935,-27.363368,14.749324,-27.186990,-33.994097,29.866251,20.610086,-18.479310,-19.828133,-1.661935,-27.363368,90.000000,
-19.828133,-1.661935,-27.363368,-67.064640,35.808915,-32.621153,-70.537737,-22.738074,-15.731395,-19.828133,-1.661935,-27.363368,90.000000,
-19.828133,-1.661935,-27.363368,14.749324,-27.186990,-33.994097,29.866251,20.610086,-18.479310,-19.828133,-1.661935,-27.363368,90.000000,
-19.828133,-1.661935,-27.363368,-67.064640,35.808915,-32.621153,-70.537737,-22.738074,-15.731395,-19.828133,-1.661935,-27.363368,90.000000,
-19.828133,-1.661935,-27.363368,14.749324,-27.186990,-33.994097,29.866251,20.610086,-18.479310,-19.828133,-1.661935,-27.363368,90.000000,
-19.828133,-1.661935,-27.363368,-67.064640,35.808915,-32.621153,-70.537737,-22.738074,-15.731395,-19.828133,-1.661935,-27.363368,90.000000,
-19.828133,-1.661935,-27.363368,14.749324,-27.186990,-33.994097,29.866251,20.610086,-18.479310,-19.828133,-1.661935,-27.363368,90.000000,
-19.828133,-1.661935,-27.363368,-67.064640,35.808915,-32.621153,-70.537737,-22.738074,-15.731395,-19.828133,-1.661935,-27.363368,90.000000,
-19.828133,-1.661935,-27.363368,14.749324,-27.186990,-33.994097,29.866251,20.610086,-18.479310,-19.828133,-1.661935,-27.363368,90.000000,
-19.828133,-1.661935,-27.363368,-67.064640,35.808915,-32.621153,-70.537737,-22.738074,-15.731395,-19.828133,-1.661935,-27.363368,90.000000,
-19.828133,-1.661935,-27.363368,14.749324,-27.186990,-33.994097,29.866251,20.610086,-18.479310,-19.828133,-1.661935,-27.363368,90.000000,
-19.828133,-1.661935,-27.363368,-67.064640,35.808915,-32.621153,-70.537737,-22.738074,-15.731395,-19.828133,-1.661935,-27.363368,90.000000,
-19.828133,-1.661935,-27.363368,14.749324,-27.186990,-33.994097,29.866251,20.610086,-18.479310,-19.828133,-1.661935,-27.363368,90.000000,
-19.828133,-1.661935,-27.363368,-67.064640,35.808915,-32.621153,-70.537737,-22.738074,-15.731395,-19.828133,-1.661935,-27.363368,90.000000,
-19.828133,-1.661935,-27.363368,14.749324,-27.186990,-33.994097,29.866251,20.610086,-18.479310,-19.828133,-1.661935,-27.363368,90.000000,
-19.828133,-1.661935,-27.363368,-67.064640,35.808915,-32.621153,-70.537737,-22.738074,-15.731395,-19.828133,-1.661935,-27.363368,90.000000,
-19.828133,-1.661935,-27.363368,14.749324,-27.186990,-33.994097,29.866251,20.610086,-18.479310,-19.828133,-1.661935,-27.363368,90.000000,
-19.828133,-1.661935,-27.363368,-67.064640,35.808915,-32.621153,-70.537737,-22.738074,-15.731395,-19.828133,-1.661935,-27.363368,90.000000,
-19.828133,-1.661935,-27.363368,14.749324,-27.186990,-33.994097,29.866251,20.610086,-18.479310,-19.828133,-1.661935,-27.363368,90.000000,
-19.828133,-1.661935,-27.363368,-67.064640,35.808915,-32.621153,-70.537737,-22.738074,-15.731395,-19.828133,-1.661935,-27.363368,90.000000,
-19.828133,-1.661935,-27.363368,14.749324,-27.186990,-33.994097,29.866251,20.610086,-18.479310,-19.828133,-1.661935,-27.363368,90.000000,
-19.828133,-1.661935,-27.363368,-67.064640,35.808915,-32.621153,-70.537737,-22.738074,-15.731395,-19.828133,-1.661935,-27.363368,90.000000,
-19.828133,-1.661935,-27.363368,14.749324,-27.186990,-33.994097,29.866251,20.610086,-18.479310,-19.828133,-1.661935,-27.363368,90.000000,
-19.828133,-1.661935,-27.363368,-67.064640,35.808915,-32.621153,-70.537737,-22.738074,-15.731395,-19.828133,-1.661935,-27.363368,90.000000,
-19.828133,-1.661935,-27.363368,14.749324,-27.186990,-33.994097,29.866251,20.610086,-18.479310,-19.828133,-1.661935,-27.363368,90.000000,
-19.828133,-1.661935,-27.363368,-67.064640,35.808915,-32.621153,-70.537737,-22.738074,-15.731395,-19.828133,-1.661935,-27.363368,90.000000,
-19.828133,-1.661935,-27.363368,14.749324,-27.186990,-33.994097,29.866251,20.610086,-18.479310,-19.828133,-1.661935,-27.363368,90.000000,
-19.828133,-1.661935,-27.363368,-67.064640,35.808915,-32.621153,-70.537737,-22.738074,-15.731395,-19.828133,-1.661935,-27.363368,90.000000,
-19.828133,-1.661935,-27.363368,14.749324,-27.186990,-33.994097,29.866251,20.610086,-18.479310,-19.828133,-1.661935,-27.363368,90.000000,
-19.828133,-1.661935,-27.363368,-67.064640,35.808915,-32.621153,-70.537737,-22.738074,-15.731395,-19.828133,-1.661935,-27.363368,90.000000,
-19.828133,-1.661935,-27.363368,14.749324,-27.186990,-33.994097,29.866251,20.610086,-18.479310,-19.828133,-1.661935,-27.363368,90.000000,
-19.828133,-1.661935,-27.363368,-67.064640,35.808915,-32.621153,-70.537737,-22.738074,-15.731395,-19.828133,-1.661935,-27.363368,90.000000,
-19.828133,-1.661935,-27.363368,14.749324,-27.186990,-33.994097,29.866251,20.610086,-18.479310,-19.828133,-1.661935,-27.363368,90.000000,
-19.828133,-1.661935,-27.363368,-67.064640,35.808915,-32.621153,-70.537737,-22.738074,-15.731395,-19.828133,-1.661935,-27.363368,90.000000,
-19.828133,-1.661935,-27.363368,14.749324,-27.186990,-33.994097,29.866251,20.610086,-18.479310,-19.828133,-1.661935,-27.363368,90.000000,
-19.828133,-1.661935,-27.363368,-67.064640,35.808915,-32.621153,-70.537737,-22.738074,-15.731395,-19.828133,-1.661935,-27.363368,90.000000,
-19.828133,-1.661935,-27.363368,14.749324,-27.186990,-33.994097,29.866251,20.610086,-18.479310,-19.828133,-1.661935,-27.363368,90.000000,
-19.828133,-1.661935,-27.363368,-67.064640,35.808915,-32.621153,-70.537737,-22.738074,-15.731395,-19.828133,-1.661935,-27.363368,90.000000,
-19.828133,-1.661935,-27.363368,14.749324,-27.186990,-33.994097,29.866251,20.610086,-18.479310,-19.828133,-1.661935,-27.363368,90.000000,
-19.828133,-1.661935,-27.363368,-67.064640,35.808915,-32.621153,-70.537737,-22.738074,-15.731395,-19.828133,-1.661935,-27.363368,90.000000,
-19.828133,-1.661935,-27.363368,14.749324,-27.186990,-33.994097,29.866251,20.610086,-18.479310,-19.828133,-1.661935,-27.363368,90.000000,
-19.828133,-1.661935,-27.363368,-67.064640,35.808915,-32.621153,-70.537737,-22.738074,-15.731395,-19.828133,-1.661935,-27.363368,90.000000,
-19.828133,-1.661935,-27.363368,14.749324,-27.186990,-33.994097,29.866251,20.610086,-18.479310,-19.828133,-1.661935,-27.363368,90.000000,
-19.828133,-1.661935,-27.363368,-67.064640,35.808915,-32.621153,-70.537737,-22.738074,-15.731395,-19.828133,-1.661935,-27.363368,90.000000,
-19.828133,-1.661935,-27.363368,14.749324,-27.186990,-33.994097,29.866251,20.610086,-18.479310,-19.828133,-1.661935,-27.363368,90.000000,
-19.828133,-1.661935,-27.363368,-67.064640,35.808915,-32.621153,-70.537737,-22.738074,-15.731395,-19.828133,-1.661935,-27.363368,90.000000,
-19.828133,-1.661935,-27.363368,14.749324,-27.186990,-33.994097,29.866251,20.610086,-18.479310,-19.828133,-1.661935,-27.363368,90.000000,
-19.828133,-1.661935,-27.363368,-67.064640,35.808915,-32.621153,-70.537737,-22.738074,-15.731395,-19.828133,-1.661935,-27.363368,90.000000,
-19.828133,-1.661935,-27.363368,14.749324,-27.186990,-33.994097,29.866251,20.610086,-18.479310,-19.828133,-1.661935,-27.363368,90.000000,
-19.828133,-1.661935,-27.363368,-67.064640,35.808915,-32.621153,-70.537737,-22.738074,-15.731395,-19.828133,-1.661935,-27.363368,90.000000,
-19.828133,-1.661935,-27.363368,14.749324,-27.186990,-33.994097,29.866251,20.610086,-18.479310,-19.828133,-1.661935,-27.363368,90.000000,
-19.828133,-1.661935,-27.363368,-67.064640,35.808915,-32.621153,-70.537737,-22.738074,-15.731395,-19.828133,-1.661935,-27.363368,90.000000,
-19.828133,-1.661935,-27.363368,14.749324,-27.186990,-33.994097,29.866251,20.610086,-18.479310,-19.828133,-1.661935,-27.363368,90.000000,
-19.828133,-1.661935,-27.363368,-67.064640,35.808915,-32.621153,-70.537737,-22.738074,-15.731395,-19.828133,-1.661935,-27.363368,90.000000,
-19.828133,-1.661935,-27.363368,14.749324,-27.186990,-33.994097,29.866251,20.610086,-18.479310,-19.828133,-1.661935,-27.363368,90.000000,
-19.828133,-1.661935,-27.363368,-67.064640,35.808915,-32.621153,-70.537737,-22.738074,-15.731395,-19.828133,-1.661935,-27.363368,90.000000,
-19.828133,-1.661935,-27.363368,14.749324,-27.186990,-33.994097,29.866251,20.610086,-18.479310,-19.828133,-1.661935,-27.363368,90.000000,
-19.828133,-1.661935,-27.363368,-67.064640,35.808915,-32.621153,-70.537737,-22.738074,-15.731395,-19.828133,-1.661935,-27.363368,90.000000,
-19.828133,-1.661935,-27.363368,14.749324,-27.186990,-33.994097,29.866251,20.610086,-18.479310,-19.828133,-1.661935,-27.363368,90.000000,
-19.828133,-1.661935,-27.363368,-67.064640,35.808915,-32.621153,-70.537737,-22.738074,-15.731395,-19.828133,-1.661935,-27.363368,90.000000,
-19.828133,-1.661935,-27.363368,14.749324,-27.186990,-33.994097,29.866251,20.610086,-18.479310,-19.828133,-1.661935,-27.363368,90.000000,
-19.828133,-1.661935,-27.363368,-67.064640,35.808915,-32.621153,-70.537737,-22.738074,-15.731395,-19.828133,-1.661935,-27.363368,90.000000,
-19.828133,-1.661935,-27.363368,14.749324,-27.186990,-33.994097,29.866251,20.610086,-18.479310,-19.828133,-1.661935,-27.363368,90.000000,
-19.828133,-1.661935,-27.363368,-67.064640,35.808915,-32.621153,-70.537737,-22.738074,-15.731395,-19.828133,-1.661935,-27.363368,90.000000,
-19.828133,-1.661935,-27.363368,14.749324,-27.186990,-33.994097,29.866251,20.610086,-18.479310,-19.828133,-1.661935,-27.363368,90.000000,
-19.828133,-1.661935,-27.363368,-67.064640,35.808915,-32.621153,-70.537737,-22.738074,-15.731395,-19.828133,-1.661935,-27.363368,90.000000,
-19.828133,-1.661935,-27.363368,14.749324,-27.186990,-33.994097,29.866251,20.610086,-18.479310,-19.828133,-1.661935,-27.363368,90.000000,
-19.828133,-1.661935,-27.363368,-67.064640,35.808915,-32.621153,-70.537737,-22.738074,-15.731395,-19.828133,-1.661935,-27.363368,90.000000,
-19.828133,-1.661935,-27.363368,14.749324,-27.186990,-33.994097,29.866251,20.610086,-18.479310,-19.828133,-1.661935,-27.363368,90.000000,
-19.828133,-1.661935,-27.363368,-67.064640,35.808915,-32.621153,-70.537737,-22.738074,-15.731395,-19.828133,-1.661935,-27.363368,90.000000,
-19.828133,-1.661935,-27.363368,14.749324,-27.186990,-33.994097,29.866251,20.610086,-18.479310,-19.828133,-1.661935,-27.363368,90.000000,
-19.828133,-1.661935,-27.363368,-67.064640,35.808915,-32.621153,-70.537737,-22.738074,-15.731395,-19.828133,-1.661935,-27.363368,90.000000,
-19.828133,-1.661935,-27.363368,14.749324,-27.186990,-33.994097,29.866251,20.610086,-18.479310,-19.828133,-1.661935,-27.363368,90.000000,
-19.828133,-1.661935,-27.363368,-67.064640,35.808915,-32.621153,-70.537737,-22.738074,-15.731395,-19.828133,-1.661935,-27.363368,90.000000,
-19.828133,-1.661935,-27.363368,14.749324,-27.186990,-33.994097,29.866251,20.610086,-18.479310,-19.828133,-1.661935,-27.363368,90.000000,
-19.828133,-1.661935,-27.363368,-67.064640,35.808915,-32.621153,-70.537737,-22.738074,-15.731395,-19.828133,-1.661935,-27.363368,90.000000,
-19.828133,-1.661935,-27.363368,14.749324,-27.186990,-33.994097,29.866251,20.610086,-18.479310,-19.828133,-1.661935,-27.363368,90.000000,
-19.828133,-1.661935,-27.363368,-67.064640,35.808915,-32.621153,-70.537737,-22.738074,-15.731395,-19.828133,-1.661935,-27.363368,90.000000,
-19.828133,-1.661935,-27.363368,14.749324,-27.186990,-33.994097,29.866251,20.610086,-18.479310,-19.828133,-1.661935,-27.363368,90.000000,
-19.828133,-1.661935,-27.363368,-67.064640,35.808915,-32.621153,-70.537737,-22.738074,-15.731395,-19.828133,-1.661935,-27.363368,90.000000,
-19.828133,-1.661935,-27.363368,14.749324,-27.186990,-33.994097,29.866251,20.610086,-18.479310,-19.828133,-1.661935,-27.363368,90.000000,
-19.828133,-1.661935,-27.363368,-67.064640,35.808915,-32.621153,-70.537737,-22.738074,-15.731395,-19.828133,-1.661935,-27.363368,90.000000,
-19.828133,-1.661935,-27.363368,14.749324,-27.186990,-33.994097,29.866251,20.610086,-18.479310,-19.828133,-1.661935,-27.363368,90.000000,
-19.828133,-1.661935,-27.363368,-67.064640,35.808915,-32.621153,-70.537737,-22.738074,-15.731395,-19.828133,-1.661935,-27.363368,90.000000,
-19.828133,-1.661935,-27.363368,14.749324,-27.186990,-33.994097,29.866251,20.610086,-18.479310,-19.828133,-1.661935,-27.363368,90.000000,
-19.828133,-1.661935,-27.363368,-67.064640,35.808915,-32.621153,-70.537737,-22.738074,-15.731395,-19.828133,-1.661935,-27.363368,90.000000,
-19.828133,-1.661935,-27.363368,14.749324,-27.186990,-33.994097,29.866251,20.610086,-18.479310,-19.828133,-1.661935,-27.363368,90.000000,
-19.828133,-1.661935,-27.363368,-67.064640,35.808915,-32.621153,-70.537737,-22.738074,-15.731395,-19.828133,-1.661935,-27.363368,90.000000,
-19.828133,-1.661935,-27.363368,14.749324,-27.186990,-33.994097,29.866251,20.610086,-18.479310,-19.828133,-1.661935,-27.363368,90.000000,
-19.828133,-1.661935,-27.363368,-67.064640,35.808915,-32.621153,-70.537737,-22.738074,-15.731395,-19.828133,-1.661935,-27.363368,90.000000,
-19.828133,-1.661935,-27.363368,14.749324,-27.186990,-33.994097,29.866251,20.610086,-18.479310,-19.828133,-1.661935,-27.363368,90.000000,
-19.828133,-1.661935,-27.363368,-67.064640,35.808915,-32.621153,-70.537737,-22.738074,-15.731395,-19.828133,-1.661935,-27.363368,90.000000,
-19.828133,-1.661935,-27.363368,14.749324,-27.186990,-33.994097,29.866251,20.610086,-18.479310,-19.828133,-1.661935,-27.363368,90.000000,
-19.828133,-1.661935,-27.363368,-67.064640,35.808915,-32.621153,-70.537737,-22.738074,-15.731395,-19.828133,-1.661935,-27.363368,90.000000,
-19.828133,-1.661935,-27.363368,14.749324,-27.186990,-33.994097,29.866251,20.610086,-18.479310,-19.828133,-1.661935,-27.363368,90.000000,
-19.828133,-1.661935,-27.363368,-67.064640,35.808915,-32.621153,-70.537737,-22.738074,-15.731395,-19.828133,-1.661935,-27.363368,90.000000,
-19.828133,-1.661935,-27.363368,14.749324,-27.186990,-33.994097,29.866251,20.610086,-18.479310,-19.828133,-1.661935,-27.363368,90.000000,
-19.828133,-1.661935,-27.363368,-67.064640,35.808915,-32.621153,-70.537737,-22.738074,-15.731395,-19.828133,-1.661935,-27.363368,90.000000,
-19.828133,-1.661935,-27.363368,14.749324,-27.186990,-33.994097,29.866251,20.610086,-18.479310,-19.828133,-1.661935,-27.363368,90.000000,
-19.828133,-1.661935,-27.363368,-67.064640,35.808915,-32.621153,-70.537737,-22.738074,-15.731395,-19.828133,-1.661935,-27.363368,90.000000,
-19.828133,-1.661935,-27.363368,14.749324,-27.186990,-33.994097,29.866251,20.610086,-18.479310,-19.828133,-1.661935,-27.363368,90.000000,
-19.828133,-1.661935,-27.363368,-67.064640,35.808915,-32.621153,-70.537737,-22.738074,-15.731395,-19.828133,-1.661935,-27.363368,90.000000,
-19.828133,-1.661935,-27.363368,14.749324,-27.186990,-33.994097,29.866251,20.610086,-18.479310,-19.828133,-1.661935,-27.363368,90.000000,
-19.828133,-1.661935,-27.363368,-67.064640,35.808915,-32.621153,-70.537737,-22.738074,-15.731395,-19.828133,-1.661935,-27.363368,90.000000,
-19.828133,-1.661935,-27.363368,14.749324,-27.186990,-33.994097,29.866251,20.610086,-18.479310,-19.828133,-1.661935,-27.363368,90.000000,
-19.828133,-1.661935,-27.363368,-67.064640,35.808915,-32.621153,-70.537737,-22.738074,-15.731395,-19.828133,-1.661935,-27.363368,90.000000,
-19.828133,-1.661935,-27.363368,14.749324,-27.186990,-33.994097,29.866251,20.610086,-18.479310,-19.828133,-1.661935,-27.363368,90.000000,
-19.828133,-1.661935,-27.363368,-67.064640,35.808915,-32.621153,-70.537737,-22.738074,-15.731395,-19.828133,-1.661935,-27.363368,90.000000,
-19.828133,-1.661935,-27.363368,14.749324,-27.186990,-33.994097,29.866251,20.610086,-18.479310,-19.828133,-1.661935,-27.363368,90.000000,
-19.828133,-1.661935,-27.363368,-67.064640,35.808915,-32.621153,-70.537737,-22.738074,-15.731395,-19.828133,-1.661935,-27.363368,90.000000,
-19.828133,-1.661935,-27.363368,14.749324,-27.186990,-33.994097,29.866251,20.610086,-18.479310,-19.828133,-1.661935,-27.363368,90.000000,
-19.828133,-1.661935,-27.363368,-67.064640,35.808915,-32.621153,-70.537737,-22.738074,-15.731395,-19.828133,-1.661935,-27.363368,90.000000,
-19.828133,-1.661935,-27.363368,14.749324,-27.186990,-33.994097,29.866251,20.610086,-18.479310,-19.828133,-1.661935,-27.363368,90.000000,
-19.828133,-1.661935,-27.363368,-67.064640,35.808915,-32.621153,-70.537737,-22.738074,-15.731395,-19.828133,-1.661935,-27.363368,90.000000,
-19.828133,-1.661935,-27.363368,14.749324,-27.186990,-33.994097,29.866251,20.610086,-18.479310,-19.828133,-1.661935,-27.363368,90.000000,
-19.828133,-1.661935,-27.363368,-67.064640,35.808915,-32.621153,-70.537737,-22.738074,-15.731395,-19.828133,-1.661935,-27.363368,90.000000,
-19.828133,-1.661935,-27.363368,14.749324,-27.186990,-33.994097,29.866251,20.610086,-18.479310,-19.828133,-1.661935,-27.363368,90.000000,
-19.828133,-1.661935,-27.363368,-67.064640,35.808915,-32.621153,-70.537737,-22.738074,-15.731395,-19.828133,-1.661935,-27.363368,90.000000,
-19.828133,-1.661935,-27.363368,14.749324,-27.186990,-33.994097,29.866251,20.610086,-18.479310,-19.828133,-1.661935,-27.363368,90.000000,
-19.828133,-1.661935,-27.363368,-67.064640,35.808915,-32.621153,-70.537737,-22.738074,-15.731395,-19.828133,-1.661935,-27.363368,90.000000,
-19.828133,-1.661935,-27.363368,14.749324,-27.186990,-33.994097,29.866251,20.610086,-18.479310,-19.828133,-1.661935,-27.363368,90.000000,
-19.828133,-1.661935,-27.363368,-67.064640,35.808915,-32.621153,-70.537737,-22.738074,-15.731395,-19.828133,-1.661935,-27.363368,90.000000,
-19.828133,-1.661935,-27.363368,14.749324,-27.186990,-33.994097,29.866251,20.610086,-18.479310,-19.828133,-1.661935,-27.363368,90.000000,
-19.828133,-1.661935,-27.363368,-67.064640,35.808915,-32.621153,-70.537737,-22.738074,-15.731395,-19.828133,-1.661935,-27.363368,90.000000,
-19.828133,-1.661935,-27.363368,14.749324,-27.186990,-33.994097,29.866251,20.610086,-18.479310,-19.828133,-1.661935,-27.363368,90.000000,
-19.828133,-1.661935,-27.363368,-67.064640,35.808915,-32.621153,-70.537737,-22.738074,-15.731395,-19.828133,-1.661935,-27.363368,90.000000,
-19.828133,-1.661935,-27.363368,14.749324,-27.186990,-33.994097,29.866251,20.610086,-18.479310,-19.828133,-1.661935,-27.363368,90.000000,
-19.828133,-1.661935,-27.363368,-67.064640,35.808915,-32.621153,-70.537737,-22.738074,-15.731395,-19.828133,-1.661935,-27.363368,90.000000,
-19.828133,-1.661935,-27.363368,14.749324,-27.186990,-33.994097,29.866251,20.610086,-18.479310,-19.828133,-1.661935,-27.363368,90.000000,
-19.828133,-1.661935,-27.363368,-67.064640,35.808915,-32.621153,-70.537737,-22.738074,-15.731395,-19.828133,-1.661935,-27.363368,90.000000,
-19.828133,-1.661935,-27.363368,14.749324,-27.186990,-33.994097,29.866251,20.610086,-18.479310,-19.828133,-1.661935,-27.363368,90.000000,
-19.828133,-1.661935,-27.363368,-67.064640,35.808915,-32.621153,-70.537737,-22.738074,-15.731395,-19.828133,-1.661935,-27.363368,90.000000,
-19.828133,-1.661935,-27.363368,14.749324,-27.186990,-33.994097,29.866251,20.610086,-18.479310,-19.828133,-1.661935,-27.363368,90.000000,
-19.828133,-1.661935,-27.363368,-67.064640,35.808915,-32.621153,-70.537737,-22.738074,-15.731395,-19.828133,-1.661935,-27.363368,90.000000,
-19.828133,-1.661935,-27.363368,14.749324,-27.186990,-33.994097,29.866251,20.610086,-18.479310,-19.828133,-1.661935,-27.363368,90.000000,
-19.828133,-1.661935,-27.363368,-67.064640,35.808915,-32.621153,-70.537737,-22.738074,-15.731395,-19.828133,-1.661935,-27.363368,90.000000,
-19.828133,-1.661935,-27.363368,14.749324,-27.186990,-33.994097,29.866251,20.610086,-18.479310,-19.828133,-1.661935,-27.363368,90.000000,
-19.828133,-1.661935,-27.363368,-67.064640,35.808915,-32.621153,-70.537737,-22.738074,-15.731395,-19.828133,-1.661935,-27.363368,90.000000,
-19.828133,-1.661935,-27.363368,14.749324,-27.186990,-33.994097,29.866251,20.610086,-18.479310,-19.828133,-1.661935,-27.363368,90.000000,
-19.828133,-1.661935,-27.363368,-67.064640,35.808915,-32.621153,-70.537737,-22.738074,-15.731395,-19.828133,-1.661935,-27.363368,90.000000,
-19.828133,-1.661935,-27.363368,14.749324,-27.186990,-33.994097,29.866251,20.610086,-18.479310,-19.828133,-1.661935,-27.363368,90.000000,
-19.828133,-1.661935,-27.363368,-67.064640,35.808915,-32.621153,-70.537737,-22.738074,-15.731395,-19.828133,-1.661935,-27.363368,90.000000,
-19.828133,-1.661935,-27.363368,14.749324,-27.186990,-33.994097,29.866251,20.610086,-18.479310,-19.828133,-1.661935,-27.363368,90.000000,
-19.828133,-1.661935,-27.363368,-67.064640,35.808915,-32.621153,-70.537737,-22.738074,-15.731395,-19.828133,-1.661935,-27.363368,90.000000,
-19.828133,-1.661935,-27.363368,14.749324,-27.186990,-33.994097,29.866251,20.610086,-18.479310,-19.828133,-1.661935,-27.363368,90.000000,
-19.828133,-1.661935,-27.363368,-67.064640,35.808915,-32.621153,-70.537737,-22.738074,-15.731395,-19.828133,-1.661935,-27.363368,90.000000,
-19.828133,-1.661935,-27.363368,14.749324,-27.186990,-33.994097,29.866251,20.610086,-18.479310,-19.828133,-1.661935,-27.363368,90.000000,
-19.828133,-1.661935,-27.363368,-67.064640,35.808915,-32.621153,-70.537737,-22.738074,-15.731395,-19.828133,-1.661935,-27.363368,90.000000,
-19.828133,-1.661935,-27.363368,14.749324,-27.186990,-33.994097,29.866251,20.610086,-18.479310,-19.828133,-1.661935,-27.363368,90.000000,
-19.828133,-1.661935,-27.363368,-67.064640,35.808915,-32.621153,-70.537737,-22.738074,-15.731395,-19.828133,-1.661935,-27.363368,90.000000,
-19.828133,-1.661935,-27.363368,14.749324,-27.186990,-33.994097,29.866251,20.610086,-18.479310,-19.828133,-1.661935,-27.363368,90.000000,
-19.828133,-1.661935,-27.363368,-67.064640,35.808915,-32.621153,-70.537737,-22.738074,-15.731395,-19.828133,-1.661935,-27.363368,90.000000,
-19.828133,-1.661935,-27.363368,14.749324,-27.186990,-33.994097,29.866251,20.610086,-18.479310,-19.828133,-1.661935,-27.363368,90.000000,
-19.828133,-1.661935,-27.363368,-67.064640,35.808915,-32.621153,-70.537737,-22.738074,-15.731395,-19.828133,-1.661935,-27.363368,90.000000,
-19.828133,-1.661935,-27.363368,14.749324,-27.186990,-33.994097,29.866251,20.610086,-18.479310,-19.828133,-1.661935,-27.363368,90.000000,
-19.828133,-1.661935,-27.363368,-67.064640,35.808915,-32.621153,-70.537737,-22.738074,-15.731395,-19.828133,-1.661935,-27.363368,90.000000,
-19.828133,-1.661935,-27.363368,14.749324,-27.186990,-33.994097,29.866251,20.610086,-18.479310,-19.828133,-1.661935,-27.363368,90.000000,
-19.828133,-1.661935,-27.363368,-67.064640,35.808915,-32.621153,-70.537737,-22.738074,-15.731395,-19.828133,-1.661935,-27.363368,90.000000,
-19.828133,-1.661935,-27.363368,14.749324,-27.186990,-33.994097,29.866251,20.610086,-18.479310,-19.828133,-1.661935,-27.363368,90.000000,
-19.828133,-1.661935,-27.363368,-67.064640,35.808915,-32.621153,-70.537737,-22.738074,-15.731395,-19.828133,-1.661935,-27.363368,90.000000,
-19.828133,-1.661935,-27.363368,14.749324,-27.186990,-33.994097,29.866251,20.610086,-18.479310,-19.828133,-1.661935,-27.363368,90.000000,
-19.828133,-1.661935,-27.363368,-67.064640,35.808915,-32.621153,-70.537737,-22.738074,-15.731395,-19.828133,-1.661935,-27.363368,90.000000,
-19.828133,-1.661935,-27.363368,14.749324,-27.186990,-33.994097,29.866251,20.610086,-18.479310,-19.828133,-1.661935,-27.363368,90.000000,
-19.828133,-1.661935,-27.363368,-67.064640,35.808915,-32.621153,-70.537737,-22.738074,-15.731395,-19.828133,-1.661935,-27.363368,90.000000,
-19.828133,-1.661935,-27.363368,14.749324,-27.186990,-33.994097,29.866251,20.610086,-18.479310,-19.828133,-1.661935,-27.363368,90.000000,
-19.828133,-1.661935,-27.363368,-67.064640,35.808915,-32.621153,-70.537737,-22.738074,-15.731395,-19.828133,-1.661935,-27.363368,90.000000,
-19.828133,-1.661935,-27.363368,14.749324,-27.186990,-33.994097,29.866251,20.610086,-18.479310,-19.828133,-1.661935,-27.363368,90.000000,
-19.828133,-1.661935,-27.363368,-67.064640,35.808915,-32.621153,-70.537737,-22.738074,-15.731395,-19.828133,-1.661935,-27.363368,90.000000,
-19.828133,-1.661935,-27.363368,14.749324,-27.186990,-33.994097,29.866251,20.610086,-18.479310,-19.828133,-1.661935,-27.363368,90.000000,
-19.828133,-1.661935,-27.363368,-67.064640,35.808915,-32.621153,-70.537737,-22.738074,-15.731395,-19.828133,-1.661935,-27.363368,90.000000,
-19.828133,-1.661935,-27.363368,14.749324,-27.186990,-33.994097,29.866251,20.610086,-18.479310,-19.828133,-1.661935,-27.363368,90.000000,
-19.828133,-1.661935,-27.363368,-67.064640,35.808915,-32.621153,-70.537737,-22.738074,-15.731395,-19.828133,-1.661935,-27.363368,90.000000,
-19.828133,-1.661935,-27.363368,14.749324,-27.186990,-33.994097,29.866251,20.610086,-18.479310,-19.828133,-1.661935,-27.363368,90.000000,
-19.828133,-1.661935,-27.363368,-67.064640,35.808915,-32.621153,-70.537737,-22.738074,-15.731395,-19.828133,-1.661935,-27.363368,90.000000,
-19.828133,-1.661935,-27.363368,14.749324,-27.186990,-33.994097,29.866251,20.610086,-18.479310,-19.828133,-1.661935,-27.363368,90.000000,
-19.828133,-1.661935,-27.363368,-67.064640,35.808915,-32.621153,-70.537737,-22.738074,-15.731395,-19.828133,-1.661935,-27.363368,90.000000,
-19.828133,-1.661935,-27.363368,14.749324,-27.186990,-33.994097,29.866251,20.610086,-18.479310,-19.828133,-1.661935,-27.363368,90.000000,
-19.828133,-1.661935,-27.363368,-67.064640,35.808915,-32.621153,-70.537737,-22.738074,-15.731395,-19.828133,-1.661935,-27.363368,90.000000,
-19.828133,-1.661935,-27.363368,14.749324,-27.186990,-33.994097,29.866251,20.610086,-18.479310,-19.828133,-1.661935,-27.363368,90.000000,
-19.828133,-1.661935,-27.363368,-67.064640,35.808915,-32.621153,-70.537737,-22.738074,-15.731395,-19.828133,-1.661935,-27.363368,90.000000,
-19.828133,-1.661935,-27.363368,14.749324,-27.186990,-33.994097,29.866251,20.610086,-18.479310,-19.828133,-1.661935,-27.363368,90.000000,
-19.828133,-1.661935,-27.363368,-67.064640,35.808915,-32.621153,-70.537737,-22.738074,-15.731395,-19.828133,-1.661935,-27.363368,90.000000,
-19.828133,-1.661935,-27.363368,14.749324,-27.186990,-33.994097,29.866251,20.610086,-18.479310,-19.828133,-1.661935,-27.363368,90.000000,
-19.828133,-1.661935,-27.363368,-67.064640,35.808915,-32.621153,-70.537737,-22.738074,-15.731395,-19.828133,-1.661935,-27.363368,90.000000,
-19.828133,-1.661935,-27.363368,14.749324,-27.186990,-33.994097,29.866251,20.610086,-18.479310,-19.828133,-1.661935,-27.363368,90.000000,
-19.828133,-1.661935,-27.363368,-67.064640,35.808915,-32.621153,-70.537737,-22.738074,-15.731395,-19.828133,-1.661935,-27.363368,90.000000,
-19.828133,-1.661935,-27.363368,14.749324,-27.186990,-33.994097,29.866251,20.610086,-18.479310,-19.828133,-1.661935,-27.363368,90.000000,
-19.828133,-1.661935,-27.363368,-67.064640,35.808915,-32.621153,-70.537737,-22.738074,-15.731395,-19.828133,-1.661935,-27.363368,90.000000,
-19.828133,-1.661935,-27.363368,14.749324,-27.186990,-33.994097,29.866251,20.610086,-18.479310,-19.828133,-1.661935,-27.363368,90.000000,
-19.828133,-1.661935,-27.363368,-67.064640,35.808915,-32.621153,-70.537737,-22.738074,-15.731395,-19.828133,-1.661935,-27.363368,90.000000,
-19.828133,-1.661935,-27.363368,14.749324,-27.186990,-33.994097,29.866251,20.610086,-18.479310,-19.828133,-1.661935,-27.363368,90.000000,
-19.828133,-1.661935,-27.363368,-67.064640,35.808915,-32.621153,-70.537737,-22.738074,-15.731395,-19.828133,-1.661935,-27.363368,90.000000,
-19.828133,-1.661935,-27.363368,14.749324,-27.186990,-33.994097,29.866251,20.610086,-18.479310,-19.828133,-1.661935,-27.363368,90.000000,
-19.828133,-1.661935,-27.363368,-67.064640,35.808915,-32.621153,-70.537737,-22.738074,-15.731395,-19.828133,-1.661935,-27.363368,90.000000,
-19.828133,-1.661935,-27.363368,14.749324,-27.186990,-33.994097,29.866251,20.610086,-18.479310,-19.828133,-1.661935,-27.363368,90.000000,
-19.828133,-1.661935,-27.363368,-67.064640,35.808915,-32.621153,-70.537737,-22.738074,-15.731395,-19.828133,-1.661935,-27.363368,90.000000,
-19.828133,-1.661935,-27.363368,14.749324,-27.186990,-33.994097,29.866251,20.610086,-18.479310,-19.828133,-1.661935,-27.363368,90.000000,
-19.828133,-1.661935,-27.363368,-67.064640,35.808915,-32.621153,-70.537737,-22.738074,-15.731395,-19.828133,-1.661935,-27.363368,90.000000,
-19.828133,-1.661935,-27.363368,14.749324,-27.186990,-33.994097,29.866251,20.610086,-18.479310,-19.828133,-1.661935,-27.363368,90.000000,
-19.828133,-1.661935,-27.363368,-67.064640,35.808915,-32.621153,-70.537737,-22.738074,-15.731395,-19.828133,-1.661935,-27.363368,90.000000,
-19.828133,-1.661935,-27.363368,14.749324,-27.186990,-33.994097,29.866251,20.610086,-18.479310,-19.828133,-1.661935,-27.363368,90.000000,
-19.828133,-1.661935,-27.363368,-67.064640,35.808915,-32.621153,-70.537737,-22.738074,-15.731395,-19.828133,-1.661935,-27.363368,90.000000,
-19.828133,-1.661935,-27.363368,14.749324,-27.186990,-33.994097,29.866251,20.610086,-18.479310,-19.828133,-1.661935,-27.363368,90.000000,
-19.828133,-1.661935,-27.363368,-67.064640,35.808915,-32.621153,-70.537737,-22.738074,-15.731395,-19.828133,-1.661935,-27.363368,90.000000,
-19.828133,-1.661935,-27.363368,14.749324,-27.186990,-33.994097,29.866251,20.610086,-18.479310,-19.828133,-1.661935,-27.363368,90.000000,
-19.828133,-1.661935,-27.363368,-67.064640,35.808915,-32.621153,-70.537737,-22.738074,-15.731395,-19.828133,-1.661935,-27.363368,90.000000,
-19.828133,-1.661935,-27.363368,14.749324,-27.186990,-33.994097,29.866251,20.610086,-18.479310,-19.828133,-1.661935,-27.363368,90.000000,
-19.828133,-1.661935,-27.363368,-67.064640,35.808915,-32.621153,-70.537737,-22.738074,-15.731395,-19.828133,-1.661935,-27.363368,90.000000,
-19.828133,-1.661935,-27.363368,14.749324,-27.186990,-33.994097,29.866251,20.610086,-18.479310,-19.828133,-1.661935,-27.363368,90.000000,
-19.828133,-1.661935,-27.363368,-67.064640,35.808915,-32.621153,-70.537737,-22.738074,-15.731395,-19.828133,-1.661935,-27.363368,90.000000,
-19.828133,-1.661935,-27.363368,14.749324,-27.186990,-33.994097,29.866251,20.610086,-18.479310,-19.828133,-1.661935,-27.363368,90.000000,
-19.828133,-1.661935,-27.363368,-67.064640,35.808915,-32.621153,-70.537737,-22.738074,-15.731395,-19.828133,-1.661935,-27.363368,90.000000,
-19.828133,-1.661935,-27.363368,14.749324,-27.186990,-33.994097,29.866251,20.610086,-18.479310,-19.828133,-1.661935,-27.363368,90.000000,
-19.828133,-1.661935,-27.363368,-67.064640,35.808915,-32.621153,-70.537737,-22.738074,-15.731395,-19.828133,-1.661935,-27.363368,90.000000,
-19.828133,-1.661935,-27.363368,14.749324,-27.186990,-33.994097,29.866251,20.610086,-18.479310,-19.828133,-1.661935,-27.363368,90.000000,
-19.828133,-1.661935,-27.363368,-67.064640,35.808915,-32.621153,-70.537737,-22.738074,-15.731395,-19.828133,-1.661935,-27.363368,90.000000,
-19.828133,-1.661935,-27.363368,14.749324,-27.186990,-33.994097,29.866251,20.610086,-18.479310,-19.828133,-1.661935,-27.363368,90.000000,
-19.828133,-1.661935,-27.363368,-67.064640,35.808915,-32.621153,-70.537737,-22.738074,-15.731395,-19.828133,-1.661935,-27.363368,90.000000,
-19.828133,-1.661935,-27.363368,14.749324,-27.186990,-33.994097,29.866251,20.610086,-18.479310,-19.828133,-1.661935,-27.363368,90.000000,
-19.828133,-1.661935,-27.363368,-67.064640,35.808915,-32.621153,-70.537737,-22.738074,-15.731395,-19.828133,-1.661935,-27.363368,90.000000,
-19.828133,-1.661935,-27.363368,14.749324,-27.186990,-33.994097,29.866251,20.610086,-18.479310,-19.828133,-1.661935,-27.363368,90.000000,
-19.828133,-1.661935,-27.363368,-67.064640,35.808915,-32.621153,-70.537737,-22.738074,-15.731395,-19.828133,-1.661935,-27.363368,90.000000,
-19.828133,-1.661935,-27.363368,14.749324,-27.186990,-33.994097,29.866251,20.610086,-18.479310,-19.828133,-1.661935,-27.363368,90.000000,
-19.828133,-1.661935,-27.363368,-67.064640,35.808915,-32.621153,-70.537737,-22.738074,-15.731395,-19.828133,-1.661935,-27.363368,90.000000,
-19.828133,-1.661935,-27.363368,14.749324,-27.186990,-33.994097,29.866251,20.610086,-18.479310,-19.828133,-1.661935,-27.363368,90.000000,
-19.828133,-1.661935,-27.363368,-67.064640,35.808915,-32.621153,-70.537737,-22.738074,-15.731395,-19.828133,-1.661935,-27.363368,90.000000,
-19.828133,-1.661935,-27.363368,14.749324,-27.186990,-33.994097,29.866251,20.610086,-18.479310,-19.828133,-1.661935,-27.363368,90.000000,
-19.828133,-1.661935,-27.363368,-67.064640,35.808915,-32.621153,-70.537737,-22.738074,-15.731395,-19.828133,-1.661935,-27.363368,90.000000,
-19.828133,-1.661935,-27.363368,14.749324,-27.186990,-33.994097,29.866251,20.610086,-18.479310,-19.828133,-1.661935,-27.363368,90.000000,
-19.828133,-1.661935,-27.363368,-67.064640,35.808915,-32.621153,-70.537737,-22.738074,-15.731395,-19.828133,-1.661935,-27.363368,90.000000,
-19.828133,-1.661935,-27.363368,14.749324,-27.186990,-33.994097,29.866251,20.610086,-18.479310,-19.828133,-1.661935,-27.363368,90.000000,
-19.828133,-1.661935,-27.363368,-67.064640,35.808915,-32.621153,-70.537737,-22.738074,-15.731395,-19.828133,-1.661935,-27.363368,90.000000,
-19.828133,-1.661935,-27.363368,14.749324,-27.186990,-33.994097,29.866251,20.610086,-18.479310,-19.828133,-1.661935,-27.363368,90.000000,
-19.828133,-1.661935,-27.363368,-67.064640,35.808915,-32.621153,-70.537737,-22.738074,-15.731395,-19.828133,-1.661935,-27.363368,90.000000,
-19.828133,-1.661935,-27.363368,14.749324,-27.186990,-33.994097,29.866251,20.610086,-18.479310,-19.828133,-1.661935,-27.363368,90.000000,
-19.828133,-1.661935,-27.363368,-67.064640,35.808915,-32.621153,-70.537737,-22.738074,-15.731395,-19.828133,-1.661935,-27.363368,90.000000,
-19.828133,-1.661935,-27.363368,14.749324,-27.186990,-33.994097,29.866251,20.610086,-18.479310,-19.828133,-1.661935,-27.363368,90.000000,
-19.828133,-1.661935,-27.363368,-67.064640,35.808915,-32.621153,-70.537737,-22.738074,-15.731395,-19.828133,-1.661935,-27.363368,90.000000,
-19.828133,-1.661935,-27.363368,14.749324,-27.186990,-33.994097,29.866251,20.610086,-18.479310,-19.828133,-1.661935,-27.363368,90.000000,
-19.828133,-1.661935,-27.363368,-67.064640,35.808915,-32.621153,-70.537737,-22.738074,-15.731395,-19.828133,-1.661935,-27.363368,90.000000,
-19.828133,-1.661935,-27.363368,14.749324,-27.186990,-33.994097,29.866251,20.610086,-18.479310,-19.828133,-1.661935,-27.363368,90.000000,
-19.828133,-1.661935,-27.363368,-67.064640,35.808915,-32.621153,-70.537737,-22.738074,-15.731395,-19.828133,-1.661935,-27.363368,90.000000,
-19.828133,-1.661935,-27.363368,14.749324,-27.186990,-33.994097,29.866251,20.610086,-18.479310,-19.828133,-1.661935,-27.363368,90.000000,
-19.828133,-1.661935,-27.363368,-67.064640,35.808915,-32.621153,-70.537737,-22.738074,-15.731395,-19.828133,-1.661935,-27.363368,90.000000,
-19.828133,-1.661935,-27.363368,14.749324,-27.186990,-33.994097,29.866251,20.610086,-18.479310,-19.828133,-1.661935,-27.363368,90.000000,
-19.828133,-1.661935,-27.363368,-67.064640,35.808915,-32.621153,-70.537737,-22.738074,-15.731395,-19.828133,-1.661935,-27.363368,90.000000,
-19.828133,-1.661935,-27.363368,14.749324,-27.186990,-33.994097,29.866251,20.610086,-18.479310,-19.828133,-1.661935,-27.363368,90.000000,
-19.828133,-1.661935,-27.363368,-67.064640,35.808915,-32.621153,-70.537737,-22.738074,-15.731395,-19.828133,-1.661935,-27.363368,90.000000,
-19.828133,-1.661935,-27.363368,14.749324,-27.186990,-33.994097,29.866251,20.610086,-18.479310,-19.828133,-1.661935,-27.363368,90.000000,
-19.828133,-1.661935,-27.363368,-67.064640,35.808915,-32.621153,-70.537737,-22.738074,-15.731395,-19.828133,-1.661935,-27.363368,90.000000,
-19.828133,-1.661935,-27.363368,14.749324,-27.186990,-33.994097,29.866251,20.610086,-18.479310,-19.828133,-1.661935,-27.363368,90.000000,
-19.828133,-1.661935,-27.363368,-67.064640,35.808915,-32.621153,-70.537737,-22.738074,-15.731395,-19.828133,-1.661935,-27.363368,90.000000,
-19.828133,-1.661935,-27.363368,14.749324,-27.186990,-33.994097,29.866251,20.610086,-18.479310,-19.828133,-1.661935,-27.363368,90.000000,
-19.828133,-1.661935,-27.363368,-67.064640,35.808915,-32.621153,-70.537737,-22.738074,-15.731395,-19.828133,-1.661935,-27.363368,90.000000,
-19.828133,-1.661935,-27.363368,14.749324,-27.186990,-33.994097,29.866251,20.610086,-18.479310,-19.828133,-1.661935,-27.363368,90.000000,
-19.828133,-1.661935,-27.363368,-67.064640,35.808915,-32.621153,-70.537737,-22.738074,-15.731395,-19.828133,-1.661935,-27.363368,90.000000,
-19.828133,-1.661935,-27.363368,14.749324,-27.186990,-33.994097,29.866251,20.610086,-18.479310,-19.828133,-1.661935,-27.363368,90.000000,
-19.828133,-1.661935,-27.363368,-67.064640,35.808915,-32.621153,-70.537737,-22.738074,-15.731395,-19.828133,-1.661935,-27.363368,90.000000,
-19.828133,-1.661935,-27.363368,14.749324,-27.186990,-33.994097,29.866251,20.610086,-18.479310,-19.828133,-1.661935,-27.363368,90.000000,
-19.828133,-1.661935,-27.363368,-67.064640,35.808915,-32.621153,-70.537737,-22.738074,-15.731395,-19.828133,-1.661935,-27.363368,90.000000,
-19.828133,-1.661935,-27.363368,14.749324,-27.186990,-33.994097,29.866251,20.610086,-18.479310,-19.828133,-1.661935,-27.363368,90.000000,
-19.828133,-1.661935,-27.363368,-67.064640,35.808915,-32.621153,-70.537737,-22.738074,-15.731395,-19.828133,-1.661935,-27.363368,90.000000,
-19.828133,-1.661935,-27.363368,14.749324,-27.186990,-33.994097,29.866251,20.610086,-18.479310,-19.828133,-1.661935,-27.363368,90.000000,
-19.828133,-1.661935,-27.363368,-67.064640,35.808915,-32.621153,-70.537737,-22.738074,-15.731395,-19.828133,-1.661935,-27.363368,90.000000,
-19.828133,-1.661935,-27.363368,14.749324,-27.186990,-33.994097,29.866251,20.610086,-18.479310,-19.828133,-1.661935,-27.363368,90.000000,
-19.828133,-1.661935,-27.363368,-67.064640,35.808915,-32.621153,-70.537737,-22.738074,-15.731395,-19.828133,-1.661935,-27.363368,90.000000,
-19.828133,-1.661935,-27.363368,14.749324,-27.186990,-33.994097,29.866251,20.610086,-18.479310,-19.828133,-1.661935,-27.363368,90.000000,
-19.828133,-1.661935,-27.363368,-67.064640,35.808915,-32.621153,-70.537737,-22.738074,-15.731395,-19.828133,-1.661935,-27.363368,90.000000,
-19.828133,-1.661935,-27.363368,14.749324,-27.186990,-33.994097,29.866251,20.610086,-18.479310,-19.828133,-1.661935,-27.363368,90.000000,
-19.828133,-1.661935,-27.363368,-67.064640,35.808915,-32.621153,-70.537737,-22.738074,-15.731395,-19.828133,-1.661935,-27.363368,90.000000,
-19.828133,-1.661935,-27.363368,14.749324,-27.186990,-33.994097,29.866251,20.610086,-18.479310,-19.828133,-1.661935,-27.363368,90.000000,
-19.828133,-1.661935,-27.363368,-67.064640,35.808915,-32.621153,-70.537737,-22.738074,-15.731395,-19.828133,-1.661935,-27.363368,90.000000,
-19.828133,-1.661935,-27.363368,14.749324,-27.186990,-33.994097,29.866251,20.610086,-18.479310,-19.828133,-1.661935,-27.363368,90.000000,
-19.828133,-1.661935,-27.363368,-67.064640,35.808915,-32.621153,-70.537737,-22.738074,-15.731395,-19.828133,-1.661935,-27.363368,90.000000,
-19.828133,-1.661935,-27.363368,14.749324,-27.186990,-33.994097,29.866251,20.610086,-18.479310,-19.828133,-1.661935,-27.363368,90.000000,
-19.828133,-1.661935,-27.363368,-67.064640,35.808915,-32.621153,-70.537737,-22.738074,-15.731395,-19.828133,-1.661935,-27.363368,90.000000,
-19.828133,-1.661935,-27.363368,14.749324,-27.186990,-33.994097,29.866251,20.610086,-18.479310,-19.828133,-1.661935,-27.363368,90.000000,
-19.828133,-1.661935,-27.363368,-67.064640,35.808915,-32.621153,-70.537737,-22.738074,-15.731395,-19.828133,-1.661935,-27.363368,90.000000,
-19.828133,-1.661935,-27.363368,14.749324,-27.186990,-33.994097,29.866251,20.610086,-18.479310,-19.828133,-1.661935,-27.363368,90.000000,
-19.828133,-1.661935,-27.363368,-67.064640,35.808915,-32.621153,-70.537737,-22.738074,-15.731395,-19.828133,-1.661935,-27.363368,90.000000,
-19.828133,-1.661935,-27.363368,14.749324,-27.186990,-33.994097,29.866251,20.610086,-18.479310,-19.828133,-1.661935,-27.363368,90.000000,
-19.828133,-1.661935,-27.363368,-67.064640,35.808915,-32.621153,-70.537737,-22.738074,-15.731395,-19.828133,-1.661935,-27.363368,90.000000,
-19.828133,-1.661935,-27.363368,14.749324,-27.186990,-33.994097,29.866251,20.610086,-18.479310,-19.828133,-1.661935,-27.363368,90.000000,
-19.828133,-1.661935,-27.363368,-67.064640,35.808915,-32.621153,-70.537737,-22.738074,-15.731395,-19.828133,-1.661935,-27.363368,90.000000,
-19.828133,-1.661935,-27.363368,14.749324,-27.186990,-33.994097,29.866251,20.610086,-18.479310,-19.828133,-1.661935,-27.363368,90.000000,
-19.828133,-1.661935,-27.363368,-67.064640,35.808915,-32.621153,-70.537737,-22.738074,-15.731395,-19.828133,-1.661935,-27.363368,90.000000,
-19.828133,-1.661935,-27.363368,14.749324,-27.186990,-33.994097,29.866251,20.610086,-18.479310,-19.828133,-1.661935,-27.363368,90.000000,
-19.828133,-1.661935,-27.363368,-67.064640,35.808915,-32.621153,-70.537737,-22.738074,-15.731395,-19.828133,-1.661935,-27.363368,90.000000,
-19.828133,-1.661935,-27.363368,14.749324,-27.186990,-33.994097,29.866251,20.610086,-18.479310,-19.828133,-1.661935,-27.363368,90.000000,
-19.828133,-1.661935,-27.363368,-67.064640,35.808915,-32.621153,-70.537737,-22.738074,-15.731395,-19.828133,-1.661935,-27.363368,90.000000,
-19.828133,-1.661935,-27.363368,14.749324,-27.186990,-33.994097,29.866251,20.610086,-18.479310,-19.828133,-1.661935,-27.363368,90.000000,
-19.828133,-1.661935,-27.363368,-67.064640,35.808915,-32.621153,-70.537737,-22.738074,-15.731395,-19.828133,-1.661935,-27.363368,90.000000,
-19.828133,-1.661935,-27.363368,14.749324,-27.186990,-33.994097,29.866251,20.610086,-18.479310,-19.828133,-1.661935,-27.363368,90.000000,
-19.828133,-1.661935,-27.363368,-67.064640,35.808915,-32.621153,-70.537737,-22.738074,-15.731395,-19.828133,-1.661935,-27.363368,90.000000,
-19.828133,-1.661935,-27.363368,14.749324,-27.186990,-33.994097,29.866251,20.610086,-18.479310,-19.828133,-1.661935,-27.363368,90.000000,
-19.828133,-1.661935,-27.363368,-67.064640,35.808915,-32.621153,-70.537737,-22.738074,-15.731395,-19.828133,-1.661935,-27.363368,90.000000,
-19.828133,-1.661935,-27.363368,14.749324,-27.186990,-33.994097,29.866251,20.610086,-18.479310,-19.828133,-1.661935,-27.363368,90.000000,
-19.828133,-1.661935,-27.363368,-67.064640,35.808915,-32.621153,-70.537737,-22.738074,-15.731395,-19.828133,-1.661935,-27.363368,90.000000,
-19.828133,-1.661935,-27.363368,14.749324,-27.186990,-33.994097,29.866251,20.610086,-18.479310,-19.828133,-1.661935,-27.363368,90.000000,
-19.828133,-1.661935,-27.363368,-67.064640,35.808915,-32.621153,-70.537737,-22.738074,-15.731395,-19.828133,-1.661935,-27.363368,90.000000,
-19.828133,-1.661935,-27.363368,14.749324,-27.186990,-33.994097,29.866251,20.610086,-18.479310,-19.828133,-1.661935,-27.363368,90.000000,
-19.828133,-1.661935,-27.363368,-67.064640,35.808915,-32.621153,-70.537737,-22.738074,-15.731395,-19.828133,-1.661935,-27.363368,90.000000,
-19.828133,-1.661935,-27.363368,14.749324,-27.186990,-33.994097,29.866251,20.610086,-18.479310,-19.828133,-1.661935,-27.363368,90.000000,
-19.828133,-1.661935,-27.363368,-67.064640,35.808915,-32.621153,-70.537737,-22.738074,-15.731395,-19.828133,-1.661935,-27.363368,90.000000,
-19.828133,-1.661935,-27.363368,14.749324,-27.186990,-33.994097,29.866251,20.610086,-18.479310,-19.828133,-1.661935,-27.363368,90.000000,
-19.828133,-1.661935,-27.363368,-67.064640,35.808915,-32.621153,-70.537737,-22.738074,-15.731395,-19.828133,-1.661935,-27.363368,90.000000,
-19.828133,-1.661935,-27.363368,14.749324,-27.186990,-33.994097,29.866251,20.610086,-18.479310,-19.828133,-1.661935,-27.363368,90.000000,
-19.828133,-1.661935,-27.363368,-67.064640,35.808915,-32.621153,-70.537737,-22.738074,-15.731395,-19.828133,-1.661935,-27.363368,90.000000,
-19.828133,-1.661935,-27.363368,14.749324,-27.186990,-33.994097,29.866251,20.610086,-18.479310,-19.828133,-1.661935,-27.363368,90.000000,
-19.828133,-1.661935,-27.363368,-67.064640,35.808915,-32.621153,-70.537737,-22.738074,-15.731395,-19.828133,-1.661935,-27.363368,90.000000,
-19.828133,-1.661935,-27.363368,14.749324,-27.186990,-33.994097,29.866251,20.610086,-18.479310,-19.828133,-1.661935,-27.363368,90.000000,
-19.828133,-1.661935,-27.363368,-67.064640,35.808915,-32.621153,-70.537737,-22.738074,-15.731395,-19.828133,-1.661935,-27.363368,90.000000,
-19.828133,-1.661935,-27.363368,14.749324,-27.186990,-33.994097,29.866251,20.610086,-18.479310,-19.828133,-1.661935,-27.363368,90.000000,
-19.828133,-1.661935,-27.363368,-67.064640,35.808915,-32.621153,-70.537737,-22.738074,-15.731395,-19.828133,-1.661935,-27.363368,90.000000,
-19.828133,-1.661935,-27.363368,14.749324,-27.186990,-33.994097,29.866251,20.610086,-18.479310,-19.828133,-1.661935,-27.363368,90.000000,
-19.828133,-1.661935,-27.363368,-67.064640,35.808915,-32.621153,-70.537737,-22.738074,-15.731395,-19.828133,-1.661935,-27.363368,90.000000,
-19.828133,-1.661935,-27.363368,14.749324,-27.186990,-33.994097,29.866251,20.610086,-18.479310,-19.828133,-1.661935,-27.363368,90.000000,
-19.828133,-1.661935,-27.363368,-67.064640,35.808915,-32.621153,-70.537737,-22.738074,-15.731395,-19.828133,-1.661935,-27.363368,90.000000,
-19.828133,-1.661935,-27.363368,14.749324,-27.186990,-33.994097,29.866251,20.610086,-18.479310,-19.828133,-1.661935,-27.363368,90.000000,
-19.828133,-1.661935,-27.363368,-67.064640,35.808915,-32.621153,-70.537737,-22.738074,-15.731395,-19.828133,-1.661935,-27.363368,90.000000,
-19.828133,-1.661935,-27.363368,14.749324,-27.186990,-33.994097,29.866251,20.610086,-18.479310,-19.828133,-1.661935,-27.363368,90.000000,
-19.828133,-1.661935,-27.363368,-67.064640,35.808915,-32.621153,-70.537737,-22.738074,-15.731395,-19.828133,-1.661935,-27.363368,90.000000,
-19.828133,-1.661935,-27.363368,14.749324,-27.186990,-33.994097,29.866251,20.610086,-18.479310,-19.828133,-1.661935,-27.363368,90.000000,
-19.828133,-1.661935,-27.363368,-67.064640,35.808915,-32.621153,-70.537737,-22.738074,-15.731395,-19.828133,-1.661935,-27.363368,90.000000,
-19.828133,-1.661935,-27.363368,14.749324,-27.186990,-33.994097,29.866251,20.610086,-18.479310,-19.828133,-1.661935,-27.363368,90.000000,
-19.828133,-1.661935,-27.363368,-67.064640,35.808915,-32.621153,-70.537737,-22.738074,-15.731395,-19.828133,-1.661935,-27.363368,90.000000,
-19.828133,-1.661935,-27.363368,14.749324,-27.186990,-33.994097,29.866251,20.610086,-18.479310,-19.828133,-1.661935,-27.363368,90.000000,
-19.828133,-1.661935,-27.363368,-67.064640,35.808915,-32.621153,-70.537737,-22.738074,-15.731395,-19.828133,-1.661935,-27.363368,90.000000,
-19.828133,-1.661935,-27.363368,14.749324,-27.186990,-33.994097,29.866251,20.610086,-18.479310,-19.828133,-1.661935,-27.363368,90.000000,
-19.828133,-1.661935,-27.363368,-67.064640,35.808915,-32.621153,-70.537737,-22.738074,-15.731395,-19.828133,-1.661935,-27.363368,90.000000,
-19.828133,-1.661935,-27.363368,14.749324,-27.186990,-33.994097,29.866251,20.610086,-18.479310,-19.828133,-1.661935,-27.363368,90.000000,
-19.828133,-1.661935,-27.363368,-67.064640,35.808915,-32.621153,-70.537737,-22.738074,-15.731395,-19.828133,-1.661935,-27.363368,90.000000,
-19.828133,-1.661935,-27.363368,14.749324,-27.186990,-33.994097,29.866251,20.610086,-18.479310,-19.828133,-1.661935,-27.363368,90.000000,
-19.828133,-1.661935,-27.363368,-67.064640,35.808915,-32.621153,-70.537737,-22.738074,-15.731395,-19.828133,-1.661935,-27.363368,90.000000,
-19.828133,-1.661935,-27.363368,14.749324,-27.186990,-33.994097,29.866251,20.610086,-18.479310,-19.828133,-1.661935,-27.363368,90.000000,
-19.828133,-1.661935,-27.363368,-67.064640,35.808915,-32.621153,-70.537737,-22.738074,-15.731395,-19.828133,-1.661935,-27.363368,90.000000,
-19.828133,-1.661935,-27.363368,14.749324,-27.186990,-33.994097,29.866251,20.610086,-18.479310,-19.828133,-1.661935,-27.363368,90.000000,
-19.828133,-1.661935,-27.363368,-67.064640,35.808915,-32.621153,-70.537737,-22.738074,-15.731395,-19.828133,-1.661935,-27.363368,90.000000,
-19.828133,-1.661935,-27.363368,14.749324,-27.186990,-33.994097,29.866251,20.610086,-18.479310,-19.828133,-1.661935,-27.363368,90.000000,
-19.828133,-1.661935,-27.363368,-67.064640,35.808915,-32.621153,-70.537737,-22.738074,-15.731395,-19.828133,-1.661935,-27.363368,90.000000,
-19.828133,-1.661935,-27.363368,14.749324,-27.186990,-33.994097,29.866251,20.610086,-18.479310,-19.828133,-1.661935,-27.363368,90.000000,
-19.828133,-1.661935,-27.363368,-67.064640,35.808915,-32.621153,-70.537737,-22.738074,-15.731395,-19.828133,-1.661935,-27.363368,90.000000,
-19.828133,-1.661935,-27.363368,14.749324,-27.186990,-33.994097,29.866251,20.610086,-18.479310,-19.828133,-1.661935,-27.363368,90.000000,
-19.828133,-1.661935,-27.363368,-67.064640,35.808915,-32.621153,-70.537737,-22.738074,-15.731395,-19.828133,-1.661935,-27.363368,90.000000,
-19.828133,-1.661935,-27.363368,14.749324,-27.186990,-33.994097,29.866251,20.610086,-18.479310,-19.828133,-1.661935,-27.363368,90.000000,
-19.828133,-1.661935,-27.363368,-67.064640,35.808915,-32.621153,-70.537737,-22.738074,-15.731395,-19.828133,-1.661935,-27.363368,90.000000,
-19.828133,-1.661935,-27.363368,14.749324,-27.186990,-33.994097,29.866251,20.610086,-18.479310,-19.828133,-1.661935,-27.363368,90.000000,
-19.828133,-1.661935,-27.363368,-67.064640,35.808915,-32.621153,-70.537737,-22.738074,-15.731395,-19.828133,-1.661935,-27.363368,90.000000,
-19.828133,-1.661935,-27.363368,14.749324,-27.186990,-33.994097,29.866251,20.610086,-18.479310,-19.828133,-1.661935,-27.363368,90.000000,
-19.828133,-1.661935,-27.363368,-67.064640,35.808915,-32.621153,-70.537737,-22.738074,-15.731395,-19.828133,-1.661935,-27.363368,90.000000,
-19.828133,-1.661935,-27.363368,14.749324,-27.186990,-33.994097,29.866251,20.610086,-18.479310,-19.828133,-1.661935,-27.363368,90.000000,
-19.828133,-1.661935,-27.363368,-67.064640,35.808915,-32.621153,-70.537737,-22.738074,-15.731395,-19.828133,-1.661935,-27.363368,90.000000,
-19.828133,-1.661935,-27.363368,14.749324,-27.186990,-33.994097,29.866251,20.610086,-18.479310,-19.828133,-1.661935,-27.363368,90.000000,
-19.828133,-1.661935,-27.363368,-67.064640,35.808915,-32.621153,-70.537737,-22.738074,-15.731395,-19.828133,-1.661935,-27.363368,90.000000,
-19.828133,-1.661935,-27.363368,14.749324,-27.186990,-33.994097,29.866251,20.610086,-18.479310,-19.828133,-1.661935,-27.363368,90.000000,
-19.828133,-1.661935,-27.363368,-67.064640,35.808915,-32.621153,-70.537737,-22.738074,-15.731395,-19.828133,-1.661935,-27.363368,90.000000,
-19.828133,-1.661935,-27.363368,14.749324,-27.186990,-33.994097,29.866251,20.610086,-18.479310,-19.828133,-1.661935,-27.363368,90.000000,
-19.828133,-1.661935,-27.363368,-67.064640,35.808915,-32.621153,-70.537737,-22.738074,-15.731395,-19.828133,-1.661935,-27.363368,90.000000,
-19.828133,-1.661935,-27.363368,14.749324,-27.186990,-33.994097,29.866251,20.610086,-18.479310,-19.828133,-1.661935,-27.363368,90.000000,
-19.828133,-1.661935,-27.363368,-67.064640,35.808915,-32.621153,-70.537737,-22.738074,-15.731395,-19.828133,-1.661935,-27.363368,90.000000,
-19.828133,-1.661935,-27.363368,14.749324,-27.186990,-33.994097,29.866251,20.610086,-18.479310,-19.828133,-1.661935,-27.363368,90.000000,
-19.828133,-1.661935,-27.363368,-67.064640,35.808915,-32.621153,-70.537737,-22.738074,-15.731395,-19.828133,-1.661935,-27.363368,90.000000,
-19.828133,-1.661935,-27.363368,14.749324,-27.186990,-33.994097,29.866251,20.610086,-18.479310,-19.828133,-1.661935,-27.363368,90.000000,
-19.828133,-1.661935,-27.363368,-67.064640,35.808915,-32.621153,-70.537737,-22.738074,-15.731395,-19.828133,-1.661935,-27.363368,90.000000,
-19.828133,-1.661935,-27.363368,14.749324,-27.186990,-33.994097,29.866251,20.610086,-18.479310,-19.828133,-1.661935,-27.363368,90.000000,
-19.828133,-1.661935,-27.363368,-67.064640,35.808915,-32.621153,-70.537737,-22.738074,-15.731395,-19.828133,-1.661935,-27.363368,90.000000,
-19.828133,-1.661935,-27.363368,14.749324,-27.186990,-33.994097,29.866251,20.610086,-18.479310,-19.828133,-1.661935,-27.363368,90.000000,
-19.828133,-1.661935,-27.363368,-67.064640,35.808915,-32.621153,-70.537737,-22.738074,-15.731395,-19.828133,-1.661935,-27.363368,90.000000,
-19.828133,-1.661935,-27.363368,14.749324,-27.186990,-33.994097,29.866251,20.610086,-18.479310,-19.828133,-1.661935,-27.363368,90.000000,
-19.828133,-1.661935,-27.363368,-67.064640,35.808915,-32.621153,-70.537737,-22.738074,-15.731395,-19.828133,-1.661935,-27.363368,90.000000,
-19.828133,-1.661935,-27.363368,14.749324,-27.186990,-33.994097,29.866251,20.610086,-18.479310,-19.828133,-1.661935,-27.363368,90.000000,
-19.828133,-1.661935,-27.363368,-67.064640,35.808915,-32.621153,-70.537737,-22.738074,-15.731395,-19.828133,-1.661935,-27.363368,90.000000,
-19.828133,-1.661935,-27.363368,14.749324,-27.186990,-33.994097,29.866251,20.610086,-18.479310,-19.828133,-1.661935,-27.363368,90.000000,
-19.828133,-1.661935,-27.363368,-67.064640,35.808915,-32.621153,-70.537737,-22.738074,-15.731395,-19.828133,-1.661935,-27.363368,90.000000,
-19.828133,-1.661935,-27.363368,14.749324,-27.186990,-33.994097,29.866251,20.610086,-18.479310,-19.828133,-1.661935,-27.363368,90.000000,
-19.828133,-1.661935,-27.363368,-67.064640,35.808915,-32.621153,-70.537737,-22.738074,-15.731395,-19.828133,-1.661935,-27.363368,90.000000,
-19.828133,-1.661935,-27.363368,14.749324,-27.186990,-33.994097,29.866251,20.610086,-18.479310,-19.828133,-1.661935,-27.363368,90.000000,
-19.828133,-1.661935,-27.363368,-67.064640,35.808915,-32.621153,-70.537737,-22.738074,-15.731395,-19.828133,-1.661935,-27.363368,90.000000,
-19.828133,-1.661935,-27.363368,14.749324,-27.186990,-33.994097,29.866251,20.610086,-18.479310,-19.828133,-1.661935,-27.363368,90.000000,
-19.828133,-1.661935,-27.363368,-67.064640,35.808915,-32.621153,-70.537737,-22.738074,-15.731395,-19.828133,-1.661935,-27.363368,90.000000,
-19.828133,-1.661935,-27.363368,14.749324,-27.186990,-33.994097,29.866251,20.610086,-18.479310,-19.828133,-1.661935,-27.363368,90.000000,
-19.828133,-1.661935,-27.363368,-67.064640,35.808915,-32.621153,-70.537737,-22.738074,-15.731395,-19.828133,-1.661935,-27.363368,90.000000,
-19.828133,-1.661935,-27.363368,14.749324,-27.186990,-33.994097,29.866251,20.610086,-18.479310,-19.828133,-1.661935,-27.363368,90.000000,
-19.828133,-1.661935,-27.363368,-67.064640,35.808915,-32.621153,-70.537737,-22.738074,-15.731395,-19.828133,-1.661935,-27.363368,90.000000,
-19.828133,-1.661935,-27.363368,14.749324,-27.186990,-33.994097,29.866251,20.610086,-18.479310,-19.828133,-1.661935,-27.363368,90.000000,
-19.828133,-1.661935,-27.363368,-67.064640,35.808915,-32.621153,-70.537737,-22.738074,-15.731395,-19.828133,-1.661935,-27.363368,90.000000,
-19.828133,-1.661935,-27.363368,14.749324,-27.186990,-33.994097,29.866251,20.610086,-18.479310,-19.828133,-1.661935,-27.363368,90.000000,
-19.828133,-1.661935,-27.363368,-67.064640,35.808915,-32.621153,-70.537737,-22.738074,-15.731395,-19.828133,-1.661935,-27.363368,90.000000,
-19.828133,-1.661935,-27.363368,14.749324,-27.186990,-33.994097,29.866251,20.610086,-18.479310,-19.828133,-1.661935,-27.363368,90.000000,
-19.828133,-1.661935,-27.363368,-67.064640,35.808915,-32.621153,-70.537737,-22.738074,-15.731395,-19.828133,-1.661935,-27.363368,90.000000,
-19.828133,-1.661935,-27.363368,14.749324,-27.186990,-33.994097,29.866251,20.610086,-18.479310,-19.828133,-1.661935,-27.363368,90.000000,
-19.828133,-1.661935,-27.363368,-67.064640,35.808915,-32.621153,-70.537737,-22.738074,-15.731395,-19.828133,-1.661935,-27.363368,90.000000,
-19.828133,-1.661935,-27.363368,14.749324,-27.186990,-33.994097,29.866251,20.610086,-18.479310,-19.828133,-1.661935,-27.363368,90.000000,
-19.828133,-1.661935,-27.363368,-67.064640,35.808915,-32.621153,-70.537737,-22.738074,-15.731395,-19.828133,-1.661935,-27.363368,90.000000,
-19.828133,-1.661935,-27.363368,14.749324,-27.186990,-33.994097,29.866251,20.610086,-18.479310,-19.828133,-1.661935,-27.363368,90.000000,
-19.828133,-1.661935,-27.363368,-67.064640,35.808915,-32.621153,-70.537737,-22.738074,-15.731395,-19.828133,-1.661935,-27.363368,90.000000,
-19.828133,-1.661935,-27.363368,14.749324,-27.186990,-33.994097,29.866251,20.610086,-18.479310,-19.828133,-1.661935,-27.363368,90.000000,
-19.828133,-1.661935,-27.363368,-67.064640,35.808915,-32.621153,-70.537737,-22.738074,-15.731395,-19.828133,-1.661935,-27.363368,90.000000,
-19.828133,-1.661935,-27.363368,14.749324,-27.186990,-33.994097,29.866251,20.610086,-18.479310,-19.828133,-1.661935,-27.363368,90.000000,
-19.828133,-1.661935,-27.363368,-67.064640,35.808915,-32.621153,-70.537737,-22.738074,-15.731395,-19.828133,-1.661935,-27.363368,90.000000,
-19.828133,-1.661935,-27.363368,14.749324,-27.186990,-33.994097,29.866251,20.610086,-18.479310,-19.828133,-1.661935,-27.363368,90.000000,
-19.828133,-1.661935,-27.363368,-67.064640,35.808915,-32.621153,-70.537737,-22.738074,-15.731395,-19.828133,-1.661935,-27.363368,90.000000,
-19.828133,-1.661935,-27.363368,14.749324,-27.186990,-33.994097,29.866251,20.610086,-18.479310,-19.828133,-1.661935,-27.363368,90.000000,
-19.828133,-1.661935,-27.363368,-67.064640,35.808915,-32.621153,-70.537737,-22.738074,-15.731395,-19.828133,-1.661935,-27.363368,90.000000,
-19.828133,-1.661935,-27.363368,14.749324,-27.186990,-33.994097,29.866251,20.610086,-18.479310,-19.828133,-1.661935,-27.363368,90.000000,
-19.828133,-1.661935,-27.363368,-67.064640,35.808915,-32.621153,-70.537737,-22.738074,-15.731395,-19.828133,-1.661935,-27.363368,90.000000,
-19.828133,-1.661935,-27.363368,14.749324,-27.186990,-33.994097,29.866251,20.610086,-18.479310,-19.828133,-1.661935,-27.363368,90.000000,
-19.828133,-1.661935,-27.363368,-67.064640,35.808915,-32.621153,-70.537737,-22.738074,-15.731395,-19.828133,-1.661935,-27.363368,90.000000,
-19.828133,-1.661935,-27.363368,14.749324,-27.186990,-33.994097,29.866251,20.610086,-18.479310,-19.828133,-1.661935,-27.363368,90.000000,
-19.828133,-1.661935,-27.363368,-67.064640,35.808915,-32.621153,-70.537737,-22.738074,-15.731395,-19.828133,-1.661935,-27.363368,90.000000,
-19.828133,-1.661935,-27.363368,14.749324,-27.186990,-33.994097,29.866251,20.610086,-18.479310,-19.828133,-1.661935,-27.363368,90.000000,
-19.828133,-1.661935,-27.363368,-67.064640,35.808915,-32.621153,-70.537737,-22.738074,-15.731395,-19.828133,-1.661935,-27.363368,90.000000,
-19.828133,-1.661935,-27.363368,14.749324,-27.186990,-33.994097,29.866251,20.610086,-18.479310,-19.828133,-1.661935,-27.363368,90.000000,
-19.828133,-1.661935,-27.363368,-67.064640,35.808915,-32.621153,-70.537737,-22.738074,-15.731395,-19.828133,-1.661935,-27.363368,90.000000,
-19.828133,-1.661935,-27.363368,14.749324,-27.186990,-33.994097,29.866251,20.610086,-18.479310,-19.828133,-1.661935,-27.363368,90.000000,
-19.828133,-1.661935,-27.363368,-67.064640,35.808915,-32.621153,-70.537737,-22.738074,-15.731395,-19.828133,-1.661935,-27.363368,90.000000,
-19.828133,-1.661935,-27.363368,14.749324,-27.186990,-33.994097,29.866251,20.610086,-18.479310,-19.828133,-1.661935,-27.363368,90.000000,
-19.828133,-1.661935,-27.363368,-67.064640,35.808915,-32.621153,-70.537737,-22.738074,-15.731395,-19.828133,-1.661935,-27.363368,90.000000,
-19.828133,-1.661935,-27.363368,14.749324,-27.186990,-33.994097,29.866251,20.610086,-18.479310,-19.828133,-1.661935,-27.363368,90.000000,
-19.828133,-1.661935,-27.363368,-67.064640,35.808915,-32.621153,-70.537737,-22.738074,-15.731395,-19.828133,-1.661935,-27.363368,90.000000,
-19.828133,-1.661935,-27.363368,14.749324,-27.186990,-33.994097,29.866251,20.610086,-18.479310,-19.828133,-1.661935,-27.363368,90.000000,
-19.828133,-1.661935,-27.363368,-67.064640,35.808915,-32.621153,-70.537737,-22.738074,-15.731395,-19.828133,-1.661935,-27.363368,90.000000,
-19.828133,-1.661935,-27.363368,14.749324,-27.186990,-33.994097,29.866251,20.610086,-18.479310,-19.828133,-1.661935,-27.363368,90.000000,
-19.828133,-1.661935,-27.363368,-67.064640,35.808915,-32.621153,-70.537737,-22.738074,-15.731395,-19.828133,-1.661935,-27.363368,90.000000,
-19.828133,-1.661935,-27.363368,14.749324,-27.186990,-33.994097,29.866251,20.610086,-18.479310,-19.828133,-1.661935,-27.363368,90.000000,
-19.828133,-1.661935,-27.363368,-67.064640,35.808915,-32.621153,-70.537737,-22.738074,-15.731395,-19.828133,-1.661935,-27.363368,90.000000,
-19.828133,-1.661935,-27.363368,14.749324,-27.186990,-33.994097,29.866251,20.610086,-18.479310,-19.828133,-1.661935,-27.363368,90.000000,
-19.828133,-1.661935,-27.363368,-67.064640,35.808915,-32.621153,-70.537737,-22.738074,-15.731395,-19.828133,-1.661935,-27.363368,90.000000,
-19.828133,-1.661935,-27.363368,14.749324,-27.186990,-33.994097,29.866251,20.610086,-18.479310,-19.828133,-1.661935,-27.363368,90.000000,
-19.828133,-1.661935,-27.363368,-67.064640,35.808915,-32.621153,-70.537737,-22.738074,-15.731395,-19.828133,-1.661935,-27.363368,90.000000,
-19.828133,-1.661935,-27.363368,14.749324,-27.186990,-33.994097,29.866251,20.610086,-18.479310,-19.828133,-1.661935,-27.363368,90.000000,
-19.828133,-1.661935,-27.363368,-67.064640,35.808915,-32.621153,-70.537737,-22.738074,-15.731395,-19.828133,-1.661935,-27.363368,90.000000,
-19.828133,-1.661935,-27.363368,14.749324,-27.186990,-33.994097,29.866251,20.610086,-18.479310,-19.828133,-1.661935,-27.363368,90.000000,
-19.828133,-1.661935,-27.363368,-67.064640,35.808915,-32.621153,-70.537737,-22.738074,-15.731395,-19.828133,-1.661935,-27.363368,90.000000,
-19.828133,-1.661935,-27.363368,14.749324,-27.186990,-33.994097,29.866251,20.610086,-18.479310,-19.828133,-1.661935,-27.363368,90.000000,
-19.828133,-1.661935,-27.363368,-67.064640,35.808915,-32.621153,-70.537737,-22.738074,-15.731395,-19.828133,-1.661935,-27.363368,90.000000,
-19.828133,-1.661935,-27.363368,14.749324,-27.186990,-33.994097,29.866251,20.610086,-18.479310,-19.828133,-1.661935,-27.363368,90.000000,
-19.828133,-1.661935,-27.363368,-67.064640,35.808915,-32.621153,-70.537737,-22.738074,-15.731395,-19.828133,-1.661935,-27.363368,90.000000,
-19.828133,-1.661935,-27.363368,14.749324,-27.186990,-33.994097,29.866251,20.610086,-18.479310,-19.828133,-1.661935,-27.363368,90.000000,
-19.828133,-1.661935,-27.363368,-67.064640,35.808915,-32.621153,-70.537737,-22.738074,-15.731395,-19.828133,-1.661935,-27.363368,90.000000,
-19.828133,-1.661935,-27.363368,14.749324,-27.186990,-33.994097,29.866251,20.610086,-18.479310,-19.828133,-1.661935,-27.363368,90.000000,
-19.828133,-1.661935,-27.363368,-67.064640,35.808915,-32.621153,-70.537737,-22.738074,-15.731395,-19.828133,-1.661935,-27.363368,90.000000,
-19.828133,-1.661935,-27.363368,14.749324,-27.186990,-33.994097,29.866251,20.610086,-18.479310,-19.828133,-1.661935,-27.363368,90.000000,
-19.828133,-1.661935,-27.363368,-67.064640,35.808915,-32.621153,-70.537737,-22.738074,-15.731395,-19.828133,-1.661935,-27.363368,90.000000,
-19.828133,-1.661935,-27.363368,14.749324,-27.186990,-33.994097,29.866251,20.610086,-18.479310,-19.828133,-1.661935,-27.363368,90.000000,
-19.828133,-1.661935,-27.363368,-67.064640,35.808915,-32.621153,-70.537737,-22.738074,-15.731395,-19.828133,-1.661935,-27.363368,90.000000,
-19.828133,-1.661935,-27.363368,14.749324,-27.186990,-33.994097,29.866251,20.610086,-18.479310,-19.828133,-1.661935,-27.363368,90.000000,
-19.828133,-1.661935,-27.363368,-67.064640,35.808915,-32.621153,-70.537737,-22.738074,-15.731395,-19.828133,-1.661935,-27.363368,90.000000,
-19.828133,-1.661935,-27.363368,14.749324,-27.186990,-33.994097,29.866251,20.610086,-18.479310,-19.828133,-1.661935,-27.363368,90.000000,
-19.828133,-1.661935,-27.363368,-67.064640,35.808915,-32.621153,-70.537737,-22.738074,-15.731395,-19.828133,-1.661935,-27.363368,90.000000,
-19.828133,-1.661935,-27.363368,14.749324,-27.186990,-33.994097,29.866251,20.610086,-18.479310,-19.828133,-1.661935,-27.363368,90.000000,
-19.828133,-1.661935,-27.363368,-67.064640,35.808915,-32.621153,-70.537737,-22.738074,-15.731395,-19.828133,-1.661935,-27.363368,90.000000,
-19.828133,-1.661935,-27.363368,14.749324,-27.186990,-33.994097,29.866251,20.610086,-18.479310,-19.828133,-1.661935,-27.363368,90.000000,
-19.828133,-1.661935,-27.363368,-67.064640,35.808915,-32.621153,-70.537737,-22.738074,-15.731395,-19.828133,-1.661935,-27.363368,90.000000,
-19.828133,-1.661935,-27.363368,14.749324,-27.186990,-33.994097,29.866251,20.610086,-18.479310,-19.828133,-1.661935,-27.363368,90.000000,
-19.828133,-1.661935,-27.363368,-67.064640,35.808915,-32.621153,-70.537737,-22.738074,-15.731395,-19.828133,-1.661935,-27.363368,90.000000,
-19.828133,-1.661935,-27.363368,14.749324,-27.186990,-33.994097,29.866251,20.610086,-18.479310,-19.828133,-1.661935,-27.363368,90.000000,
-19.828133,-1.661935,-27.363368,-67.064640,35.808915,-32.621153,-70.537737,-22.738074,-15.731395,-19.828133,-1.661935,-27.363368,90.000000,
-19.828133,-1.661935,-27.363368,14.749324,-27.186990,-33.994097,29.866251,20.610086,-18.479310,-19.828133,-1.661935,-27.363368,90.000000,
-19.828133,-1.661935,-27.363368,-67.064640,35.808915,-32.621153,-70.537737,-22.738074,-15.731395,-19.828133,-1.661935,-27.363368,90.000000,
-19.828133,-1.661935,-27.363368,14.749324,-27.186990,-33.994097,29.866251,20.610086,-18.479310,-19.828133,-1.661935,-27.363368,90.000000,
-19.828133,-1.661935,-27.363368,-67.064640,35.808915,-32.621153,-70.537737,-22.738074,-15.731395,-19.828133,-1.661935,-27.363368,90.000000,
-19.828133,-1.661935,-27.363368,14.749324,-27.186990,-33.994097,29.866251,20.610086,-18.479310,-19.828133,-1.661935,-27.363368,90.000000,
-19.828133,-1.661935,-27.363368,-67.064640,35.808915,-32.621153,-70.537737,-22.738074,-15.731395,-19.828133,-1.661935,-27.363368,90.000000,
-19.828133,-1.661935,-27.363368,14.749324,-27.186990,-33.994097,29.866251,20.610086,-18.479310,-19.828133,-1.661935,-27.363368,90.000000,
-19.828133,-1.661935,-27.363368,-67.064640,35.808915,-32.621153,-70.537737,-22.738074,-15.731395,-19.828133,-1.661935,-27.363368,90.000000,
-19.828133,-1.661935,-27.363368,14.749324,-27.186990,-33.994097,29.866251,20.610086,-18.479310,-19.828133,-1.661935,-27.363368,90.000000,
-19.828133,-1.661935,-27.363368,-67.064640,35.808915,-32.621153,-70.537737,-22.738074,-15.731395,-19.828133,-1.661935,-27.363368,90.000000,
-19.828133,-1.661935,-27.363368,14.749324,-27.186990,-33.994097,29.866251,20.610086,-18.479310,-19.828133,-1.661935,-27.363368,90.000000,
-19.828133,-1.661935,-27.363368,-67.064640,35.808915,-32.621153,-70.537737,-22.738074,-15.731395,-19.828133,-1.661935,-27.363368,90.000000,
-19.828133,-1.661935,-27.363368,14.749324,-27.186990,-33.994097,29.866251,20.610086,-18.479310,-19.828133,-1.661935,-27.363368,90.000000,
-19.828133,-1.661935,-27.363368,-67.064640,35.808915,-32.621153,-70.537737,-22.738074,-15.731395,-19.828133,-1.661935,-27.363368,90.000000,
-19.828133,-1.661935,-27.363368,14.749324,-27.186990,-33.994097,29.866251,20.610086,-18.479310,-19.828133,-1.661935,-27.363368,90.000000,
-19.828133,-1.661935,-27.363368,-67.064640,35.808915,-32.621153,-70.537737,-22.738074,-15.731395,-19.828133,-1.661935,-27.363368,90.000000,
-19.828133,-1.661935,-27.363368,14.749324,-27.186990,-33.994097,29.866251,20.610086,-18.479310,-19.828133,-1.661935,-27.363368,90.000000,
-19.828133,-1.661935,-27.363368,-67.064640,35.808915,-32.621153,-70.537737,-22.738074,-15.731395,-19.828133,-1.661935,-27.363368,90.000000,
-19.828133,-1.661935,-27.363368,14.749324,-27.186990,-33.994097,29.866251,20.610086,-18.479310,-19.828133,-1.661935,-27.363368,90.000000,
-19.828133,-1.661935,-27.363368,-67.064640,35.808915,-32.621153,-70.537737,-22.738074,-15.731395,-19.828133,-1.661935,-27.363368,90.000000,
-19.828133,-1.661935,-27.363368,14.749324,-27.186990,-33.994097,29.866251,20.610086,-18.479310,-19.828133,-1.661935,-27.363368,90.000000,
-19.828133,-1.661935,-27.363368,-67.064640,35.808915,-32.621153,-70.537737,-22.738074,-15.731395,-19.828133,-1.661935,-27.363368,90.000000,
-19.828133,-1.661935,-27.363368,14.749324,-27.186990,-33.994097,29.866251,20.610086,-18.479310,-19.828133,-1.661935,-27.363368,90.000000,
-19.828133,-1.661935,-27.363368,-67.064640,35.808915,-32.621153,-70.537737,-22.738074,-15.731395,-19.828133,-1.661935,-27.363368,90.000000,
-19.828133,-1.661935,-27.363368,14.749324,-27.186990,-33.994097,29.866251,20.610086,-18.479310,-19.828133,-1.661935,-27.363368,90.000000,
-19.828133,-1.661935,-27.363368,-67.064640,35.808915,-32.621153,-70.537737,-22.738074,-15.731395,-19.828133,-1.661935,-27.363368,90.000000,
-19.828133,-1.661935,-27.363368,14.749324,-27.186990,-33.994097,29.866251,20.610086,-18.479310,-19.828133,-1.661935,-27.363368,90.000000,
-19.828133,-1.661935,-27.363368,-67.064640,35.808915,-32.621153,-70.537737,-22.738074,-15.731395,-19.828133,-1.661935,-27.363368,90.000000,
-19.828133,-1.661935,-27.363368,14.749324,-27.186990,-33.994097,29.866251,20.610086,-18.479310,-19.828133,-1.661935,-27.363368,90.000000,
-19.828133,-1.661935,-27.363368,-67.064640,35.808915,-32.621153,-70.537737,-22.738074,-15.731395,-19.828133,-1.661935,-27.363368,90.000000,
-19.828133,-1.661935,-27.363368,14.749324,-27.186990,-33.994097,29.866251,20.610086,-18.479310,-19.828133,-1.661935,-27.363368,90.000000,
-19.828133,-1.661935,-27.363368,-67.064640,35.808915,-32.621153,-70.537737,-22.738074,-15.731395,-19.828133,-1.661935,-27.363368,90.000000,
-19.828133,-1.661935,-27.363368,14.749324,-27.186990,-33.994097,29.866251,20.610086,-18.479310,-19.828133,-1.661935,-27.363368,90.000000,
-19.828133,-1.661935,-27.363368,-67.064640,35.808915,-32.621153,-70.537737,-22.738074,-15.731395,-19.828133,-1.661935,-27.363368,90.000000,
-19.828133,-1.661935,-27.363368,14.749324,-27.186990,-33.994097,29.866251,20.610086,-18.479310,-19.828133,-1.661935,-27.363368,90.000000,
-19.828133,-1.661935,-27.363368,-67.064640,35.808915,-32.621153,-70.537737,-22.738074,-15.731395,-19.828133,-1.661935,-27.363368,90.000000,
-19.828133,-1.661935,-27.363368,14.749324,-27.186990,-33.994097,29.866251,20.610086,-18.479310,-19.828133,-1.661935,-27.363368,90.000000,
-19.828133,-1.661935,-27.363368,-67.064640,35.808915,-32.621153,-70.537737,-22.738074,-15.731395,-19.828133,-1.661935,-27.363368,90.000000,
-19.828133,-1.661935,-27.363368,14.749324,-27.186990,-33.994097,29.866251,20.610086,-18.479310,-19.828133,-1.661935,-27.363368,90.000000,
-19.828133,-1.661935,-27.363368,-67.064640,35.808915,-32.621153,-70.537737,-22.738074,-15.731395,-19.828133,-1.661935,-27.363368,90.000000,
-19.828133,-1.661935,-27.363368,14.749324,-27.186990,-33.994097,29.866251,20.610086,-18.479310,-19.828133,-1.661935,-27.363368,90.000000,
-19.828133,-1.661935,-27.363368,-67.064640,35.808915,-32.621153,-70.537737,-22.738074,-15.731395,-19.828133,-1.661935,-27.363368,90.000000,
-19.828133,-1.661935,-27.363368,14.749324,-27.186990,-33.994097,29.866251,20.610086,-18.479310,-19.828133,-1.661935,-27.363368,90.000000,
-19.828133,-1.661935,-27.363368,-67.064640,35.808915,-32.621153,-70.537737,-22.738074,-15.731395,-19.828133,-1.661935,-27.363368,90.000000,
-19.828133,-1.661935,-27.363368,14.749324,-27.186990,-33.994097,29.866251,20.610086,-18.479310,-19.828133,-1.661935,-27.363368,90.000000,
-19.828133,-1.661935,-27.363368,-67.064640,35.808915,-32.621153,-70.537737,-22.738074,-15.731395,-19.828133,-1.661935,-27.363368,90.000000,
-19.828133,-1.661935,-27.363368,14.749324,-27.186990,-33.994097,29.866251,20.610086,-18.479310,-19.828133,-1.661935,-27.363368,90.000000,
-19.828133,-1.661935,-27.363368,-67.064640,35.808915,-32.621153,-70.537737,-22.738074,-15.731395,-19.828133,-1.661935,-27.363368,90.000000,
-19.828133,-1.661935,-27.363368,14.749324,-27.186990,-33.994097,29.866251,20.610086,-18.479310,-19.828133,-1.661935,-27.363368,90.000000,
-19.828133,-1.661935,-27.363368,-67.064640,35.808915,-32.621153,-70.537737,-22.738074,-15.731395,-19.828133,-1.661935,-27.363368,90.000000,
-19.828133,-1.661935,-27.363368,14.749324,-27.186990,-33.994097,29.866251,20.610086,-18.479310,-19.828133,-1.661935,-27.363368,90.000000,
-19.828133,-1.661935,-27.363368,-67.064640,35.808915,-32.621153,-70.537737,-22.738074,-15.731395,-19.828133,-1.661935,-27.363368,90.000000,
-19.828133,-1.661935,-27.363368,14.749324,-27.186990,-33.994097,29.866251,20.610086,-18.479310,-19.828133,-1.661935,-27.363368,90.000000,
-19.828133,-1.661935,-27.363368,-67.064640,35.808915,-32.621153,-70.537737,-22.738074,-15.731395,-19.828133,-1.661935,-27.363368,90.000000,
-19.828133,-1.661935,-27.363368,14.749324,-27.186990,-33.994097,29.866251,20.610086,-18.479310,-19.828133,-1.661935,-27.363368,90.000000,
-19.828133,-1.661935,-27.363368,-67.064640,35.808915,-32.621153,-70.537737,-22.738074,-15.731395,-19.828133,-1.661935,-27.363368,90.000000,
-19.828133,-1.661935,-27.363368,14.749324,-27.186990,-33.994097,29.866251,20.610086,-18.479310,-19.828133,-1.661935,-27.363368,90.000000,
-19.828133,-1.661935,-27.363368,-67.064640,35.808915,-32.621153,-70.537737,-22.738074,-15.731395,-19.828133,-1.661935,-27.363368,90.000000,
-19.828133,-1.661935,-27.363368,14.749324,-27.186990,-33.994097,29.866251,20.610086,-18.479310,-19.828133,-1.661935,-27.363368,90.000000,
-19.828133,-1.661935,-27.363368,-67.064640,35.808915,-32.621153,-70.537737,-22.738074,-15.731395,-19.828133,-1.661935,-27.363368,90.000000,
-19.828133,-1.661935,-27.363368,14.749324,-27.186990,-33.994097,29.866251,20.610086,-18.479310,-19.828133,-1.661935,-27.363368,90.000000,
-19.828133,-1.661935,-27.363368,-67.064640,35.808915,-32.621153,-70.537737,-22.738074,-15.731395,-19.828133,-1.661935,-27.363368,90.000000,
-19.828133,-1.661935,-27.363368,14.749324,-27.186990,-33.994097,29.866251,20.610086,-18.479310,-19.828133,-1.661935,-27.363368,90.000000,
-19.828133,-1.661935,-27.363368,-67.064640,35.808915,-32.621153,-70.537737,-22.738074,-15.731395,-19.828133,-1.661935,-27.363368,90.000000,
-19.828133,-1.661935,-27.363368,14.749324,-27.186990,-33.994097,29.866251,20.610086,-18.479310,-19.828133,-1.661935,-27.363368,90.000000,
-19.828133,-1.661935,-27.363368,-67.064640,35.808915,-32.621153,-70.537737,-22.738074,-15.731395,-19.828133,-1.661935,-27.363368,90.000000,
-19.828133,-1.661935,-27.363368,14.749324,-27.186990,-33.994097,29.866251,20.610086,-18.479310,-19.828133,-1.661935,-27.363368,90.000000,
-19.828133,-1.661935,-27.363368,-67.064640,35.808915,-32.621153,-70.537737,-22.738074,-15.731395,-19.828133,-1.661935,-27.363368,90.000000,
-19.828133,-1.661935,-27.363368,14.749324,-27.186990,-33.994097,29.866251,20.610086,-18.479310,-19.828133,-1.661935,-27.363368,90.000000,
-19.828133,-1.661935,-27.363368,-67.064640,35.808915,-32.621153,-70.537737,-22.738074,-15.731395,-19.828133,-1.661935,-27.363368,90.000000,
-19.828133,-1.661935,-27.363368,14.749324,-27.186990,-33.994097,29.866251,20.610086,-18.479310,-19.828133,-1.661935,-27.363368,90.000000,
-19.828133,-1.661935,-27.363368,-67.064640,35.808915,-32.621153,-70.537737,-22.738074,-15.731395,-19.828133,-1.661935,-27.363368,90.000000,
-19.828133,-1.661935,-27.363368,14.749324,-27.186990,-33.994097,29.866251,20.610086,-18.479310,-19.828133,-1.661935,-27.363368,90.000000,
-19.828133,-1.661935,-27.363368,-67.064640,35.808915,-32.621153,-70.537737,-22.738074,-15.731395,-19.828133,-1.661935,-27.363368,90.000000,
-19.828133,-1.661935,-27.363368,14.749324,-27.186990,-33.994097,29.866251,20.610086,-18.479310,-19.828133,-1.661935,-27.363368,90.000000,
-19.828133,-1.661935,-27.363368,-67.064640,35.808915,-32.621153,-70.537737,-22.738074,-15.731395,-19.828133,-1.661935,-27.363368,90.000000,
-19.828133,-1.661935,-27.363368,14.749324,-27.186990,-33.994097,29.866251,20.610086,-18.479310,-19.828133,-1.661935,-27.363368,90.000000,
-19.828133,-1.661935,-27.363368,-67.064640,35.808915,-32.621153,-70.537737,-22.738074,-15.731395,-19.828133,-1.661935,-27.363368,90.000000,
-19.828133,-1.661935,-27.363368,14.749324,-27.186990,-33.994097,29.866251,20.610086,-18.479310,-19.828133,-1.661935,-27.363368,90.000000,
-19.828133,-1.661935,-27.363368,-67.064640,35.808915,-32.621153,-70.537737,-22.738074,-15.731395,-19.828133,-1.661935,-27.363368,90.000000,
-19.828133,-1.661935,-27.363368,14.749324,-27.186990,-33.994097,29.866251,20.610086,-18.479310,-19.828133,-1.661935,-27.363368,90.000000,
-19.828133,-1.661935,-27.363368,-67.064640,35.808915,-32.621153,-70.537737,-22.738074,-15.731395,-19.828133,-1.661935,-27.363368,90.000000,
-19.828133,-1.661935,-27.363368,14.749324,-27.186990,-33.994097,29.866251,20.610086,-18.479310,-19.828133,-1.661935,-27.363368,90.000000,
-19.828133,-1.661935,-27.363368,-67.064640,35.808915,-32.621153,-70.537737,-22.738074,-15.731395,-19.828133,-1.661935,-27.363368,90.000000,
-19.828133,-1.661935,-27.363368,14.749324,-27.186990,-33.994097,29.866251,20.610086,-18.479310,-19.828133,-1.661935,-27.363368,90.000000,
-19.828133,-1.661935,-27.363368,-67.064640,35.808915,-32.621153,-70.537737,-22.738074,-15.731395,-19.828133,-1.661935,-27.363368,90.000000,
-19.828133,-1.661935,-27.363368,14.749324,-27.186990,-33.994097,29.866251,20.610086,-18.479310,-19.828133,-1.661935,-27.363368,90.000000,
-19.828133,-1.661935,-27.363368,-67.064640,35.808915,-32.621153,-70.537737,-22.738074,-15.731395,-19.828133,-1.661935,-27.363368,90.000000,
-19.828133,-1.661935,-27.363368,14.749324,-27.186990,-33.994097,29.866251,20.610086,-18.479310,-19.828133,-1.661935,-27.363368,90.000000,
-19.828133,-1.661935,-27.363368,-67.064640,35.808915,-32.621153,-70.537737,-22.738074,-15.731395,-19.828133,-1.661935,-27.363368,90.000000,
-19.828133,-1.661935,-27.363368,14.749324,-27.186990,-33.994097,29.866251,20.610086,-18.479310,-19.828133,-1.661935,-27.363368,90.000000,
-19.828133,-1.661935,-27.363368,-67.064640,35.808915,-32.621153,-70.537737,-22.738074,-15.731395,-19.828133,-1.661935,-27.363368,90.000000,
-19.828133,-1.661935,-27.363368,14.749324,-27.186990,-33.994097,29.866251,20.610086,-18.479310,-19.828133,-1.661935,-27.363368,90.000000,
-19.828133,-1.661935,-27.363368,-67.064640,35.808915,-32.621153,-70.537737,-22.738074,-15.731395,-19.828133,-1.661935,-27.363368,90.000000,
-19.828133,-1.661935,-27.363368,14.749324,-27.186990,-33.994097,29.866251,20.610086,-18.479310,-19.828133,-1.661935,-27.363368,90.000000,
-19.828133,-1.661935,-27.363368,-67.064640,35.808915,-32.621153,-70.537737,-22.738074,-15.731395,-19.828133,-1.661935,-27.363368,90.000000,
-19.828133,-1.661935,-27.363368,14.749324,-27.186990,-33.994097,29.866251,20.610086,-18.479310,-19.828133,-1.661935,-27.363368,90.000000,
-19.828133,-1.661935,-27.363368,-67.064640,35.808915,-32.621153,-70.537737,-22.738074,-15.731395,-19.828133,-1.661935,-27.363368,90.000000,
-19.828133,-1.661935,-27.363368,14.749324,-27.186990,-33.994097,29.866251,20.610086,-18.479310,-19.828133,-1.661935,-27.363368,90.000000,
-19.828133,-1.661935,-27.363368,-67.064640,35.808915,-32.621153,-70.537737,-22.738074,-15.731395,-19.828133,-1.661935,-27.363368,90.000000,
-19.828133,-1.661935,-27.363368,14.749324,-27.186990,-33.994097,29.866251,20.610086,-18.479310,-19.828133,-1.661935,-27.363368,90.000000,
-19.828133,-1.661935,-27.363368,-67.064640,35.808915,-32.621153,-70.537737,-22.738074,-15.731395,-19.828133,-1.661935,-27.363368,90.000000,
-19.828133,-1.661935,-27.363368,14.749324,-27.186990,-33.994097,29.866251,20.610086,-18.479310,-19.828133,-1.661935,-27.363368,90.000000,
-19.828133,-1.661935,-27.363368,-67.064640,35.808915,-32.621153,-70.537737,-22.738074,-15.731395,-19.828133,-1.661935,-27.363368,90.000000,
-19.828133,-1.661935,-27.363368,14.749324,-27.186990,-33.994097,29.866251,20.610086,-18.479310,-19.828133,-1.661935,-27.363368,90.000000,
-19.828133,-1.661935,-27.363368,-67.064640,35.808915,-32.621153,-70.537737,-22.738074,-15.731395,-19.828133,-1.661935,-27.363368,90.000000,
-19.828133,-1.661935,-27.363368,14.749324,-27.186990,-33.994097,29.866251,20.610086,-18.479310,-19.828133,-1.661935,-27.363368,90.000000,
-19.828133,-1.661935,-27.363368,-67.064640,35.808915,-32.621153,-70.537737,-22.738074,-15.731395,-19.828133,-1.661935,-27.363368,90.000000,
-19.828133,-1.661935,-27.363368,14.749324,-27.186990,-33.994097,29.866251,20.610086,-18.479310,-19.828133,-1.661935,-27.363368,90.000000,
-19.828133,-1.661935,-27.363368,-67.064640,35.808915,-32.621153,-70.537737,-22.738074,-15.731395,-19.828133,-1.661935,-27.363368,90.000000,
-19.828133,-1.661935,-27.363368,14.749324,-27.186990,-33.994097,29.866251,20.610086,-18.479310,-19.828133,-1.661935,-27.363368,90.000000,
-19.828133,-1.661935,-27.363368,-67.064640,35.808915,-32.621153,-70.537737,-22.738074,-15.731395,-19.828133,-1.661935,-27.363368,90.000000,
-19.828133,-1.661935,-27.363368,14.749324,-27.186990,-33.994097,29.866251,20.610086,-18.479310,-19.828133,-1.661935,-27.363368,90.000000,
-19.828133,-1.661935,-27.363368,-67.064640,35.808915,-32.621153,-70.537737,-22.738074,-15.731395,-19.828133,-1.661935,-27.363368,90.000000,
-19.828133,-1.661935,-27.363368,14.749324,-27.186990,-33.994097,29.866251,20.610086,-18.479310,-19.828133,-1.661935,-27.363368,90.000000,
-19.828133,-1.661935,-27.363368,-67.064640,35.808915,-32.621153,-70.537737,-22.738074,-15.731395,-19.828133,-1.661935,-27.363368,90.000000,
-19.828133,-1.661935,-27.363368,14.749324,-27.186990,-33.994097,29.866251,20.610086,-18.479310,-19.828133,-1.661935,-27.363368,90.000000,
-19.828133,-1.661935,-27.363368,-67.064640,35.808915,-32.621153,-70.537737,-22.738074,-15.731395,-19.828133,-1.661935,-27.363368,90.000000,
-19.828133,-1.661935,-27.363368,14.749324,-27.186990,-33.994097,29.866251,20.610086,-18.479310,-19.828133,-1.661935,-27.363368,90.000000,
-19.828133,-1.661935,-27.363368,-67.064640,35.808915,-32.621153,-70.537737,-22.738074,-15.731395,-19.828133,-1.661935,-27.363368,90.000000,
-19.828133,-1.661935,-27.363368,14.749324,-27.186990,-33.994097,29.866251,20.610086,-18.479310,-19.828133,-1.661935,-27.363368,90.000000,
-19.828133,-1.661935,-27.363368,-67.064640,35.808915,-32.621153,-70.537737,-22.738074,-15.731395,-19.828133,-1.661935,-27.363368,90.000000,
-19.828133,-1.661935,-27.363368,14.749324,-27.186990,-33.994097,29.866251,20.610086,-18.479310,-19.828133,-1.661935,-27.363368,90.000000,
-19.828133,-1.661935,-27.363368,-67.064640,35.808915,-32.621153,-70.537737,-22.738074,-15.731395,-19.828133,-1.661935,-27.363368,90.000000,
-19.828133,-1.661935,-27.363368,14.749324,-27.186990,-33.994097,29.866251,20.610086,-18.479310,-19.828133,-1.661935,-27.363368,90.000000,
-19.828133,-1.661935,-27.363368,-67.064640,35.808915,-32.621153,-70.537737,-22.738074,-15.731395,-19.828133,-1.661935,-27.363368,90.000000,
-19.828133,-1.661935,-27.363368,14.749324,-27.186990,-33.994097,29.866251,20.610086,-18.479310,-19.828133,-1.661935,-27.363368,90.000000,
-19.828133,-1.661935,-27.363368,-67.064640,35.808915,-32.621153,-70.537737,-22.738074,-15.731395,-19.828133,-1.661935,-27.363368,90.000000,
-19.828133,-1.661935,-27.363368,14.749324,-27.186990,-33.994097,29.866251,20.610086,-18.479310,-19.828133,-1.661935,-27.363368,90.000000,
-19.828133,-1.661935,-27.363368,-67.064640,35.808915,-32.621153,-70.537737,-22.738074,-15.731395,-19.828133,-1.661935,-27.363368,90.000000,
-19.828133,-1.661935,-27.363368,14.749324,-27.186990,-33.994097,29.866251,20.610086,-18.479310,-19.828133,-1.661935,-27.363368,90.000000,
-19.828133,-1.661935,-27.363368,-67.064640,35.808915,-32.621153,-70.537737,-22.738074,-15.731395,-19.828133,-1.661935,-27.363368,90.000000,
-19.828133,-1.661935,-27.363368,14.749324,-27.186990,-33.994097,29.866251,20.610086,-18.479310,-19.828133,-1.661935,-27.363368,90.000000,
-19.828133,-1.661935,-27.363368,-67.064640,35.808915,-32.621153,-70.537737,-22.738074,-15.731395,-19.828133,-1.661935,-27.363368,90.000000,
-19.828133,-1.661935,-27.363368,14.749324,-27.186990,-33.994097,29.866251,20.610086,-18.479310,-19.828133,-1.661935,-27.363368,90.000000,
-19.828133,-1.661935,-27.363368,-67.064640,35.808915,-32.621153,-70.537737,-22.738074,-15.731395,-19.828133,-1.661935,-27.363368,90.000000,
-19.828133,-1.661935,-27.363368,14.749324,-27.186990,-33.994097,29.866251,20.610086,-18.479310,-19.828133,-1.661935,-27.363368,90.000000,
-19.828133,-1.661935,-27.363368,-67.064640,35.808915,-32.621153,-70.537737,-22.738074,-15.731395,-19.828133,-1.661935,-27.363368,90.000000,
-19.828133,-1.661935,-27.363368,14.749324,-27.186990,-33.994097,29.866251,20.610086,-18.479310,-19.828133,-1.661935,-27.363368,90.000000,
-19.828133,-1.661935,-27.363368,-67.064640,35.808915,-32.621153,-70.537737,-22.738074,-15.731395,-19.828133,-1.661935,-27.363368,90.000000,
-19.828133,-1.661935,-27.363368,14.749324,-27.186990,-33.994097,29.866251,20.610086,-18.479310,-19.828133,-1.661935,-27.363368,90.000000,
-19.828133,-1.661935,-27.363368,-67.064640,35.808915,-32.621153,-70.537737,-22.738074,-15.731395,-19.828133,-1.661935,-27.363368,90.000000,
-19.828133,-1.661935,-27.363368,14.749324,-27.186990,-33.994097,29.866251,20.610086,-18.479310,-19.828133,-1.661935,-27.363368,90.000000,
-19.828133,-1.661935,-27.363368,-67.064640,35.808915,-32.621153,-70.537737,-22.738074,-15.731395,-19.828133,-1.661935,-27.363368,90.000000,
-19.828133,-1.661935,-27.363368,14.749324,-27.186990,-33.994097,29.866251,20.610086,-18.479310,-19.828133,-1.661935,-27.363368,90.000000,
-19.828133,-1.661935,-27.363368,-67.064640,35.808915,-32.621153,-70.537737,-22.738074,-15.731395,-19.828133,-1.661935,-27.363368,90.000000,
-19.828133,-1.661935,-27.363368,14.749324,-27.186990,-33.994097,29.866251,20.610086,-18.479310,-19.828133,-1.661935,-27.363368,90.000000,
-19.828133,-1.661935,-27.363368,-67.064640,35.808915,-32.621153,-70.537737,-22.738074,-15.731395,-19.828133,-1.661935,-27.363368,90.000000,
-19.828133,-1.661935,-27.363368,14.749324,-27.186990,-33.994097,29.866251,20.610086,-18.479310,-19.828133,-1.661935,-27.363368,90.000000,
-19.828133,-1.661935,-27.363368,-67.064640,35.808915,-32.621153,-70.537737,-22.738074,-15.731395,-19.828133,-1.661935,-27.363368,90.000000,
-19.828133,-1.661935,-27.363368,14.749324,-27.186990,-33.994097,29.866251,20.610086,-18.479310,-19.828133,-1.661935,-27.363368,90.000000,
-19.828133,-1.661935,-27.363368,-67.064640,35.808915,-32.621153,-70.537737,-22.738074,-15.731395,-19.828133,-1.661935,-27.363368,90.000000,
-19.828133,-1.661935,-27.363368,14.749324,-27.186990,-33.994097,29.866251,20.610086,-18.479310,-19.828133,-1.661935,-27.363368,90.000000,
-19.828133,-1.661935,-27.363368,-67.064640,35.808915,-32.621153,-70.537737,-22.738074,-15.731395,-19.828133,-1.661935,-27.363368,90.000000,
-19.828133,-1.661935,-27.363368,14.749324,-27.186990,-33.994097,29.866251,20.610086,-18.479310,-19.828133,-1.661935,-27.363368,90.000000,
-19.828133,-1.661935,-27.363368,-67.064640,35.808915,-32.621153,-70.537737,-22.738074,-15.731395,-19.828133,-1.661935,-27.363368,90.000000,
-19.828133,-1.661935,-27.363368,14.749324,-27.186990,-33.994097,29.866251,20.610086,-18.479310,-19.828133,-1.661935,-27.363368,90.000000,
-19.828133,-1.661935,-27.363368,-67.064640,35.808915,-32.621153,-70.537737,-22.738074,-15.731395,-19.828133,-1.661935,-27.363368,90.000000,
-19.828133,-1.661935,-27.363368,14.749324,-27.186990,-33.994097,29.866251,20.610086,-18.479310,-19.828133,-1.661935,-27.363368,90.000000,
-19.828133,-1.661935,-27.363368,-67.064640,35.808915,-32.621153,-70.537737,-22.738074,-15.731395,-19.828133,-1.661935,-27.363368,90.000000,
-19.828133,-1.661935,-27.363368,14.749324,-27.186990,-33.994097,29.866251,20.610086,-18.479310,-19.828133,-1.661935,-27.363368,90.000000,
-19.828133,-1.661935,-27.363368,-67.064640,35.808915,-32.621153,-70.537737,-22.738074,-15.731395,-19.828133,-1.661935,-27.363368,90.000000,
-19.828133,-1.661935,-27.363368,14.749324,-27.186990,-33.994097,29.866251,20.610086,-18.479310,-19.828133,-1.661935,-27.363368,90.000000,
-19.828133,-1.661935,-27.363368,-67.064640,35.808915,-32.621153,-70.537737,-22.738074,-15.731395,-19.828133,-1.661935,-27.363368,90.000000,
-19.828133,-1.661935,-27.363368,14.749324,-27.186990,-33.994097,29.866251,20.610086,-18.479310,-19.828133,-1.661935,-27.363368,90.000000,
-19.828133,-1.661935,-27.363368,-67.064640,35.808915,-32.621153,-70.537737,-22.738074,-15.731395,-19.828133,-1.661935,-27.363368,90.000000,
-19.828133,-1.661935,-27.363368,14.749324,-27.186990,-33.994097,29.866251,20.610086,-18.479310,-19.828133,-1.661935,-27.363368,90.000000,
-19.828133,-1.661935,-27.363368,-67.064640,35.808915,-32.621153,-70.537737,-22.738074,-15.731395,-19.828133,-1.661935,-27.363368,90.000000,
-19.828133,-1.661935,-27.363368,14.749324,-27.186990,-33.994097,29.866251,20.610086,-18.479310,-19.828133,-1.661935,-27.363368,90.000000,
-19.828133,-1.661935,-27.363368,-67.064640,35.808915,-32.621153,-70.537737,-22.738074,-15.731395,-19.828133,-1.661935,-27.363368,90.000000,
-19.828133,-1.661935,-27.363368,14.749324,-27.186990,-33.994097,29.866251,20.610086,-18.479310,-19.828133,-1.661935,-27.363368,90.000000,
-19.828133,-1.661935,-27.363368,-67.064640,35.808915,-32.621153,-70.537737,-22.738074,-15.731395,-19.828133,-1.661935,-27.363368,90.000000,
-19.828133,-1.661935,-27.363368,14.749324,-27.186990,-33.994097,29.866251,20.610086,-18.479310,-19.828133,-1.661935,-27.363368,90.000000,
-19.828133,-1.661935,-27.363368,-67.064640,35.808915,-32.621153,-70.537737,-22.738074,-15.731395,-19.828133,-1.661935,-27.363368,90.000000,
-19.828133,-1.661935,-27.363368,14.749324,-27.186990,-33.994097,29.866251,20.610086,-18.479310,-19.828133,-1.661935,-27.363368,90.000000,
-19.828133,-1.661935,-27.363368,-67.064640,35.808915,-32.621153,-70.537737,-22.738074,-15.731395,-19.828133,-1.661935,-27.363368,90.000000,
-19.828133,-1.661935,-27.363368,14.749324,-27.186990,-33.994097,29.866251,20.610086,-18.479310,-19.828133,-1.661935,-27.363368,90.000000,
-19.828133,-1.661935,-27.363368,-67.064640,35.808915,-32.621153,-70.537737,-22.738074,-15.731395,-19.828133,-1.661935,-27.363368,90.000000,
-19.828133,-1.661935,-27.363368,14.749324,-27.186990,-33.994097,29.866251,20.610086,-18.479310,-19.828133,-1.661935,-27.363368,90.000000,
-19.828133,-1.661935,-27.363368,-67.064640,35.808915,-32.621153,-70.537737,-22.738074,-15.731395,-19.828133,-1.661935,-27.363368,90.000000,
-19.828133,-1.661935,-27.363368,14.749324,-27.186990,-33.994097,29.866251,20.610086,-18.479310,-19.828133,-1.661935,-27.363368,90.000000,
-19.828133,-1.661935,-27.363368,-67.064640,35.808915,-32.621153,-70.537737,-22.738074,-15.731395,-19.828133,-1.661935,-27.363368,90.000000,
-19.828133,-1.661935,-27.363368,14.749324,-27.186990,-33.994097,29.866251,20.610086,-18.479310,-19.828133,-1.661935,-27.363368,90.000000,
-19.828133,-1.661935,-27.363368,-67.064640,35.808915,-32.621153,-70.537737,-22.738074,-15.731395,-19.828133,-1.661935,-27.363368,90.000000,
-19.828133,-1.661935,-27.363368,14.749324,-27.186990,-33.994097,29.866251,20.610086,-18.479310,-19.828133,-1.661935,-27.363368,90.000000,
-19.828133,-1.661935,-27.363368,-67.064640,35.808915,-32.621153,-70.537737,-22.738074,-15.731395,-19.828133,-1.661935,-27.363368,90.000000,
-19.828133,-1.661935,-27.363368,14.749324,-27.186990,-33.994097,29.866251,20.610086,-18.479310,-19.828133,-1.661935,-27.363368,90.000000,
-19.828133,-1.661935,-27.363368,-67.064640,35.808915,-32.621153,-70.537737,-22.738074,-15.731395,-19.828133,-1.661935,-27.363368,90.000000,
-19.828133,-1.661935,-27.363368,14.749324,-27.186990,-33.994097,29.866251,20.610086,-18.479310,-19.828133,-1.661935,-27.363368,90.000000,
-19.828133,-1.661935,-27.363368,-67.064640,35.808915,-32.621153,-70.537737,-22.738074,-15.731395,-19.828133,-1.661935,-27.363368,90.000000,
-19.828133,-1.661935,-27.363368,14.749324,-27.186990,-33.994097,29.866251,20.610086,-18.479310,-19.828133,-1.661935,-27.363368,90.000000,
-19.828133,-1.661935,-27.363368,-67.064640,35.808915,-32.621153,-70.537737,-22.738074,-15.731395,-19.828133,-1.661935,-27.363368,90.000000,
-19.828133,-1.661935,-27.363368,14.749324,-27.186990,-33.994097,29.866251,20.610086,-18.479310,-19.828133,-1.661935,-27.363368,90.000000,
-19.828133,-1.661935,-27.363368,-67.064640,35.808915,-32.621153,-70.537737,-22.738074,-15.731395,-19.828133,-1.661935,-27.363368,90.000000,
-19.828133,-1.661935,-27.363368,14.749324,-27.186990,-33.994097,29.866251,20.610086,-18.479310,-19.828133,-1.661935,-27.363368,90.000000,
-19.828133,-1.661935,-27.363368,-67.064640,35.808915,-32.621153,-70.537737,-22.738074,-15.731395,-19.828133,-1.661935,-27.363368,90.000000,
-19.828133,-1.661935,-27.363368,14.749324,-27.186990,-33.994097,29.866251,20.610086,-18.479310,-19.828133,-1.661935,-27.363368,90.000000,
-19.828133,-1.661935,-27.363368,-67.064640,35.808915,-32.621153,-70.537737,-22.738074,-15.731395,-19.828133,-1.661935,-27.363368,90.000000,
-19.828133,-1.661935,-27.363368,14.749324,-27.186990,-33.994097,29.866251,20.610086,-18.479310,-19.828133,-1.661935,-27.363368,90.000000,
-19.828133,-1.661935,-27.363368,-67.064640,35.808915,-32.621153,-70.537737,-22.738074,-15.731395,-19.828133,-1.661935,-27.363368,90.000000,
-19.828133,-1.661935,-27.363368,14.749324,-27.186990,-33.994097,29.866251,20.610086,-18.479310,-19.828133,-1.661935,-27.363368,90.000000,
-19.828133,-1.661935,-27.363368,-67.064640,35.808915,-32.621153,-70.537737,-22.738074,-15.731395,-19.828133,-1.661935,-27.363368,90.000000,
-19.828133,-1.661935,-27.363368,14.749324,-27.186990,-33.994097,29.866251,20.610086,-18.479310,-19.828133,-1.661935,-27.363368,90.000000,
-19.828133,-1.661935,-27.363368,-67.064640,35.808915,-32.621153,-70.537737,-22.738074,-15.731395,-19.828133,-1.661935,-27.363368,90.000000,
-19.828133,-1.661935,-27.363368,14.749324,-27.186990,-33.994097,29.866251,20.610086,-18.479310,-19.828133,-1.661935,-27.363368,90.000000,
-19.828133,-1.661935,-27.363368,-67.064640,35.808915,-32.621153,-70.537737,-22.738074,-15.731395,-19.828133,-1.661935,-27.363368,90.000000,
-19.828133,-1.661935,-27.363368,14.749324,-27.186990,-33.994097,29.866251,20.610086,-18.479310,-19.828133,-1.661935,-27.363368,90.000000,
-19.828133,-1.661935,-27.363368,-67.064640,35.808915,-32.621153,-70.537737,-22.738074,-15.731395,-19.828133,-1.661935,-27.363368,90.000000,
-19.828133,-1.661935,-27.363368,14.749324,-27.186990,-33.994097,29.866251,20.610086,-18.479310,-19.828133,-1.661935,-27.363368,90.000000,
-19.828133,-1.661935,-27.363368,-67.064640,35.808915,-32.621153,-70.537737,-22.738074,-15.731395,-19.828133,-1.661935,-27.363368,90.000000,
-19.828133,-1.661935,-27.363368,14.749324,-27.186990,-33.994097,29.866251,20.610086,-18.479310,-19.828133,-1.661935,-27.363368,90.000000,
-19.828133,-1.661935,-27.363368,-67.064640,35.808915,-32.621153,-70.537737,-22.738074,-15.731395,-19.828133,-1.661935,-27.363368,90.000000,
-19.828133,-1.661935,-27.363368,14.749324,-27.186990,-33.994097,29.866251,20.610086,-18.479310,-19.828133,-1.661935,-27.363368,90.000000,
-19.828133,-1.661935,-27.363368,-67.064640,35.808915,-32.621153,-70.537737,-22.738074,-15.731395,-19.828133,-1.661935,-27.363368,90.000000,
-19.828133,-1.661935,-27.363368,14.749324,-27.186990,-33.994097,29.866251,20.610086,-18.479310,-19.828133,-1.661935,-27.363368,90.000000,
-19.828133,-1.661935,-27.363368,-67.064640,35.808915,-32.621153,-70.537737,-22.738074,-15.731395,-19.828133,-1.661935,-27.363368,90.000000,
-19.828133,-1.661935,-27.363368,14.749324,-27.186990,-33.994097,29.866251,20.610086,-18.479310,-19.828133,-1.661935,-27.363368,90.000000,
-19.828133,-1.661935,-27.363368,-67.064640,35.808915,-32.621153,-70.537737,-22.738074,-15.731395,-19.828133,-1.661935,-27.363368,90.000000,
-19.828133,-1.661935,-27.363368,14.749324,-27.186990,-33.994097,29.866251,20.610086,-18.479310,-19.828133,-1.661935,-27.363368,90.000000,
-19.828133,-1.661935,-27.363368,-67.064640,35.808915,-32.621153,-70.537737,-22.738074,-15.731395,-19.828133,-1.661935,-27.363368,90.000000,
-19.828133,-1.661935,-27.363368,14.749324,-27.186990,-33.994097,29.866251,20.610086,-18.479310,-19.828133,-1.661935,-27.363368,90.000000,
-19.828133,-1.661935,-27.363368,-67.064640,35.808915,-32.621153,-70.537737,-22.738074,-15.731395,-19.828133,-1.661935,-27.363368,90.000000,
-19.828133,-1.661935,-27.363368,14.749324,-27.186990,-33.994097,29.866251,20.610086,-18.479310,-19.828133,-1.661935,-27.363368,90.000000,
-19.828133,-1.661935,-27.363368,-67.064640,35.808915,-32.621153,-70.537737,-22.738074,-15.731395,-19.828133,-1.661935,-27.363368,90.000000,
-19.828133,-1.661935,-27.363368,14.749324,-27.186990,-33.994097,29.866251,20.610086,-18.479310,-19.828133,-1.661935,-27.363368,90.000000,
-19.828133,-1.661935,-27.363368,-67.064640,35.808915,-32.621153,-70.537737,-22.738074,-15.731395,-19.828133,-1.661935,-27.363368,90.000000,
-19.828133,-1.661935,-27.363368,14.749324,-27.186990,-33.994097,29.866251,20.610086,-18.479310,-19.828133,-1.661935,-27.363368,90.000000,
-19.828133,-1.661935,-27.363368,-67.064640,35.808915,-32.621153,-70.537737,-22.738074,-15.731395,-19.828133,-1.661935,-27.363368,90.000000,
-19.828133,-1.661935,-27.363368,14.749324,-27.186990,-33.994097,29.866251,20.610086,-18.479310,-19.828133,-1.661935,-27.363368,90.000000,
-19.828133,-1.661935,-27.363368,-67.064640,35.808915,-32.621153,-70.537737,-22.738074,-15.731395,-19.828133,-1.661935,-27.363368,90.000000,
-19.828133,-1.661935,-27.363368,14.749324,-27.186990,-33.994097,29.866251,20.610086,-18.479310,-19.828133,-1.661935,-27.363368,90.000000,
-19.828133,-1.661935,-27.363368,-67.064640,35.808915,-32.621153,-70.537737,-22.738074,-15.731395,-19.828133,-1.661935,-27.363368,90.000000,
-19.828133,-1.661935,-27.363368,14.749324,-27.186990,-33.994097,29.866251,20.610086,-18.479310,-19.828133,-1.661935,-27.363368,90.000000,
-19.828133,-1.661935,-27.363368,-67.064640,35.808915,-32.621153,-70.537737,-22.738074,-15.731395,-19.828133,-1.661935,-27.363368,90.000000,
-19.828133,-1.661935,-27.363368,14.749324,-27.186990,-33.994097,29.866251,20.610086,-18.479310,-19.828133,-1.661935,-27.363368,90.000000,
-19.828133,-1.661935,-27.363368,-67.064640,35.808915,-32.621153,-70.537737,-22.738074,-15.731395,-19.828133,-1.661935,-27.363368,90.000000,
-19.828133,-1.661935,-27.363368,14.749324,-27.186990,-33.994097,29.866251,20.610086,-18.479310,-19.828133,-1.661935,-27.363368,90.000000,
-19.828133,-1.661935,-27.363368,-67.064640,35.808915,-32.621153,-70.537737,-22.738074,-15.731395,-19.828133,-1.661935,-27.363368,90.000000,
-19.828133,-1.661935,-27.363368,14.749324,-27.186990,-33.994097,29.866251,20.610086,-18.479310,-19.828133,-1.661935,-27.363368,90.000000,
-19.828133,-1.661935,-27.363368,-67.064640,35.808915,-32.621153,-70.537737,-22.738074,-15.731395,-19.828133,-1.661935,-27.363368,90.000000,
-19.828133,-1.661935,-27.363368,14.749324,-27.186990,-33.994097,29.866251,20.610086,-18.479310,-19.828133,-1.661935,-27.363368,90.000000,
-19.828133,-1.661935,-27.363368,-67.064640,35.808915,-32.621153,-70.537737,-22.738074,-15.731395,-19.828133,-1.661935,-27.363368,90.000000,
-19.828133,-1.661935,-27.363368,14.749324,-27.186990,-33.994097,29.866251,20.610086,-18.479310,-19.828133,-1.661935,-27.363368,90.000000,
-19.828133,-1.661935,-27.363368,-67.064640,35.808915,-32.621153,-70.537737,-22.738074,-15.731395,-19.828133,-1.661935,-27.363368,90.000000,
-19.828133,-1.661935,-27.363368,14.749324,-27.186990,-33.994097,29.866251,20.610086,-18.479310,-19.828133,-1.661935,-27.363368,90.000000,
-19.828133,-1.661935,-27.363368,-67.064640,35.808915,-32.621153,-70.537737,-22.738074,-15.731395,-19.828133,-1.661935,-27.363368,90.000000,
-19.828133,-1.661935,-27.363368,14.749324,-27.186990,-33.994097,29.866251,20.610086,-18.479310,-19.828133,-1.661935,-27.363368,90.000000,
-19.828133,-1.661935,-27.363368,-67.064640,35.808915,-32.621153,-70.537737,-22.738074,-15.731395,-19.828133,-1.661935,-27.363368,90.000000,
-19.828133,-1.661935,-27.363368,14.749324,-27.186990,-33.994097,29.866251,20.610086,-18.479310,-19.828133,-1.661935,-27.363368,90.000000,
-19.828133,-1.661935,-27.363368,-67.064640,35.808915,-32.621153,-70.537737,-22.738074,-15.731395,-19.828133,-1.661935,-27.363368,90.000000,
-19.828133,-1.661935,-27.363368,14.749324,-27.186990,-33.994097,29.866251,20.610086,-18.479310,-19.828133,-1.661935,-27.363368,90.000000,
-19.828133,-1.661935,-27.363368,-67.064640,35.808915,-32.621153,-70.537737,-22.738074,-15.731395,-19.828133,-1.661935,-27.363368,90.000000,
-19.828133,-1.661935,-27.363368,14.749324,-27.186990,-33.994097,29.866251,20.610086,-18.479310,-19.828133,-1.661935,-27.363368,90.000000,
-19.828133,-1.661935,-27.363368,-67.064640,35.808915,-32.621153,-70.537737,-22.738074,-15.731395,-19.828133,-1.661935,-27.363368,90.000000,
-19.828133,-1.661935,-27.363368,14.749324,-27.186990,-33.994097,29.866251,20.610086,-18.479310,-19.828133,-1.661935,-27.363368,90.000000,
-19.828133,-1.661935,-27.363368,-67.064640,35.808915,-32.621153,-70.537737,-22.738074,-15.731395,-19.828133,-1.661935,-27.363368,90.000000,
-19.828133,-1.661935,-27.363368,14.749324,-27.186990,-33.994097,29.866251,20.610086,-18.479310,-19.828133,-1.661935,-27.363368,90.000000,
-19.828133,-1.661935,-27.363368,-67.064640,35.808915,-32.621153,-70.537737,-22.738074,-15.731395,-19.828133,-1.661935,-27.363368,90.000000,
-19.828133,-1.661935,-27.363368,14.749324,-27.186990,-33.994097,29.866251,20.610086,-18.479310,-19.828133,-1.661935,-27.363368,90.000000,
-19.828133,-1.661935,-27.363368,-67.064640,35.808915,-32.621153,-70.537737,-22.738074,-15.731395,-19.828133,-1.661935,-27.363368,90.000000,
-19.828133,-1.661935,-27.363368,14.749324,-27.186990,-33.994097,29.866251,20.610086,-18.479310,-19.828133,-1.661935,-27.363368,90.000000,
-19.828133,-1.661935,-27.363368,-67.064640,35.808915,-32.621153,-70.537737,-22.738074,-15.731395,-19.828133,-1.661935,-27.363368,90.000000,
-19.828133,-1.661935,-27.363368,14.749324,-27.186990,-33.994097,29.866251,20.610086,-18.479310,-19.828133,-1.661935,-27.363368,90.000000,
-19.828133,-1.661935,-27.363368,-67.064640,35.808915,-32.621153,-70.537737,-22.738074,-15.731395,-19.828133,-1.661935,-27.363368,90.000000,
-19.828133,-1.661935,-27.363368,14.749324,-27.186990,-33.994097,29.866251,20.610086,-18.479310,-19.828133,-1.661935,-27.363368,90.000000,
-19.828133,-1.661935,-27.363368,-67.064640,35.808915,-32.621153,-70.537737,-22.738074,-15.731395,-19.828133,-1.661935,-27.363368,90.000000,
-19.828133,-1.661935,-27.363368,14.749324,-27.186990,-33.994097,29.866251,20.610086,-18.479310,-19.828133,-1.661935,-27.363368,90.000000,
-19.828133,-1.661935,-27.363368,-67.064640,35.808915,-32.621153,-70.537737,-22.738074,-15.731395,-19.828133,-1.661935,-27.363368,90.000000,
-19.828133,-1.661935,-27.363368,14.749324,-27.186990,-33.994097,29.866251,20.610086,-18.479310,-19.828133,-1.661935,-27.363368,90.000000,
-19.828133,-1.661935,-27.363368,-67.064640,35.808915,-32.621153,-70.537737,-22.738074,-15.731395,-19.828133,-1.661935,-27.363368,90.000000,
-19.828133,-1.661935,-27.363368,14.749324,-27.186990,-33.994097,29.866251,20.610086,-18.479310,-19.828133,-1.661935,-27.363368,90.000000,
-19.828133,-1.661935,-27.363368,-67.064640,35.808915,-32.621153,-70.537737,-22.738074,-15.731395,-19.828133,-1.661935,-27.363368,90.000000,
-19.828133,-1.661935,-27.363368,14.749324,-27.186990,-33.994097,29.866251,20.610086,-18.479310,-19.828133,-1.661935,-27.363368,90.000000,
-19.828133,-1.661935,-27.363368,-67.064640,35.808915,-32.621153,-70.537737,-22.738074,-15.731395,-19.828133,-1.661935,-27.363368,90.000000,
-19.828133,-1.661935,-27.363368,14.749324,-27.186990,-33.994097,29.866251,20.610086,-18.479310,-19.828133,-1.661935,-27.363368,90.000000,
-19.828133,-1.661935,-27.363368,-67.064640,35.808915,-32.621153,-70.537737,-22.738074,-15.731395,-19.828133,-1.661935,-27.363368,90.000000,
-19.828133,-1.661935,-27.363368,14.749324,-27.186990,-33.994097,29.866251,20.610086,-18.479310,-19.828133,-1.661935,-27.363368,90.000000,
-19.828133,-1.661935,-27.363368,-67.064640,35.808915,-32.621153,-70.537737,-22.738074,-15.731395,-19.828133,-1.661935,-27.363368,90.000000,
-19.828133,-1.661935,-27.363368,14.749324,-27.186990,-33.994097,29.866251,20.610086,-18.479310,-19.828133,-1.661935,-27.363368,90.000000,
-19.828133,-1.661935,-27.363368,-67.064640,35.808915,-32.621153,-70.537737,-22.738074,-15.731395,-19.828133,-1.661935,-27.363368,90.000000,
-19.828133,-1.661935,-27.363368,14.749324,-27.186990,-33.994097,29.866251,20.610086,-18.479310,-19.828133,-1.661935,-27.363368,90.000000,
-19.828133,-1.661935,-27.363368,-67.064640,35.808915,-32.621153,-70.537737,-22.738074,-15.731395,-19.828133,-1.661935,-27.363368,90.000000,
-19.828133,-1.661935,-27.363368,14.749324,-27.186990,-33.994097,29.866251,20.610086,-18.479310,-19.828133,-1.661935,-27.363368,90.000000,
-19.828133,-1.661935,-27.363368,-67.064640,35.808915,-32.621153,-70.537737,-22.738074,-15.731395,-19.828133,-1.661935,-27.363368,90.000000,
-19.828133,-1.661935,-27.363368,14.749324,-27.186990,-33.994097,29.866251,20.610086,-18.479310,-19.828133,-1.661935,-27.363368,90.000000,
-19.828133,-1.661935,-27.363368,-67.064640,35.808915,-32.621153,-70.537737,-22.738074,-15.731395,-19.828133,-1.661935,-27.363368,90.000000,
-19.828133,-1.661935,-27.363368,14.749324,-27.186990,-33.994097,29.866251,20.610086,-18.479310,-19.828133,-1.661935,-27.363368,90.000000,
-19.828133,-1.661935,-27.363368,-67.064640,35.808915,-32.621153,-70.537737,-22.738074,-15.731395,-19.828133,-1.661935,-27.363368,90.000000,
-19.828133,-1.661935,-27.363368,14.749324,-27.186990,-33.994097,29.866251,20.610086,-18.479310,-19.828133,-1.661935,-27.363368,90.000000,
-19.828133,-1.661935,-27.363368,-67.064640,35.808915,-32.621153,-70.537737,-22.738074,-15.731395,-19.828133,-1.661935,-27.363368,90.000000,
-19.828133,-1.661935,-27.363368,14.749324,-27.186990,-33.994097,29.866251,20.610086,-18.479310,-19.828133,-1.661935,-27.363368,90.000000,
-19.828133,-1.661935,-27.363368,-67.064640,35.808915,-32.621153,-70.537737,-22.738074,-15.731395,-19.828133,-1.661935,-27.363368,90.000000,
-19.828133,-1.661935,-27.363368,14.749324,-27.186990,-33.994097,29.866251,20.610086,-18.479310,-19.828133,-1.661935,-27.363368,90.000000,
-19.828133,-1.661935,-27.363368,-67.064640,35.808915,-32.621153,-70.537737,-22.738074,-15.731395,-19.828133,-1.661935,-27.363368,90.000000,
-19.828133,-1.661935,-27.363368,14.749324,-27.186990,-33.994097,29.866251,20.610086,-18.479310,-19.828133,-1.661935,-27.363368,90.000000,
-19.828133,-1.661935,-27.363368,-67.064640,35.808915,-32.621153,-70.537737,-22.738074,-15.731395,-19.828133,-1.661935,-27.363368,90.000000,
-19.828133,-1.661935,-27.363368,14.749324,-27.186990,-33.994097,29.866251,20.610086,-18.479310,-19.828133,-1.661935,-27.363368,90.000000,
-19.828133,-1.661935,-27.363368,-67.064640,35.808915,-32.621153,-70.537737,-22.738074,-15.731395,-19.828133,-1.661935,-27.363368,90.000000,
-19.828133,-1.661935,-27.363368,14.749324,-27.186990,-33.994097,29.866251,20.610086,-18.479310,-19.828133,-1.661935,-27.363368,90.000000,
-19.828133,-1.661935,-27.363368,-67.064640,35.808915,-32.621153,-70.537737,-22.738074,-15.731395,-19.828133,-1.661935,-27.363368,90.000000,
-19.828133,-1.661935,-27.363368,14.749324,-27.186990,-33.994097,29.866251,20.610086,-18.479310,-19.828133,-1.661935,-27.363368,90.000000,
-19.828133,-1.661935,-27.363368,-67.064640,35.808915,-32.621153,-70.537737,-22.738074,-15.731395,-19.828133,-1.661935,-27.363368,90.000000,
-19.828133,-1.661935,-27.363368,14.749324,-27.186990,-33.994097,29.866251,20.610086,-18.479310,-19.828133,-1.661935,-27.363368,90.000000,
-19.828133,-1.661935,-27.363368,-67.064640,35.808915,-32.621153,-70.537737,-22.738074,-15.731395,-19.828133,-1.661935,-27.363368,90.000000,
-19.828133,-1.661935,-27.363368,14.749324,-27.186990,-33.994097,29.866251,20.610086,-18.479310,-19.828133,-1.661935,-27.363368,90.000000,
-19.828133,-1.661935,-27.363368,-67.064640,35.808915,-32.621153,-70.537737,-22.738074,-15.731395,-19.828133,-1.661935,-27.363368,90.000000,
-19.828133,-1.661935,-27.363368,14.749324,-27.186990,-33.994097,29.866251,20.610086,-18.479310,-19.828133,-1.661935,-27.363368,90.000000,
-19.828133,-1.661935,-27.363368,-67.064640,35.808915,-32.621153,-70.537737,-22.738074,-15.731395,-19.828133,-1.661935,-27.363368,90.000000,
-19.828133,-1.661935,-27.363368,14.749324,-27.186990,-33.994097,29.866251,20.610086,-18.479310,-19.828133,-1.661935,-27.363368,90.000000,
-19.828133,-1.661935,-27.363368,-67.064640,35.808915,-32.621153,-70.537737,-22.738074,-15.731395,-19.828133,-1.661935,-27.363368,90.000000,
-19.828133,-1.661935,-27.363368,14.749324,-27.186990,-33.994097,29.866251,20.610086,-18.479310,-19.828133,-1.661935,-27.363368,90.000000,
-19.828133,-1.661935,-27.363368,-67.064640,35.808915,-32.621153,-70.537737,-22.738074,-15.731395,-19.828133,-1.661935,-27.363368,90.000000,
-19.828133,-1.661935,-27.363368,14.749324,-27.186990,-33.994097,29.866251,20.610086,-18.479310,-19.828133,-1.661935,-27.363368,90.000000,
-19.828133,-1.661935,-27.363368,-67.064640,35.808915,-32.621153,-70.537737,-22.738074,-15.731395,-19.828133,-1.661935,-27.363368,90.000000,
-19.828133,-1.661935,-27.363368,14.749324,-27.186990,-33.994097,29.866251,20.610086,-18.479310,-19.828133,-1.661935,-27.363368,90.000000,
-19.828133,-1.661935,-27.363368,-67.064640,35.808915,-32.621153,-70.537737,-22.738074,-15.731395,-19.828133,-1.661935,-27.363368,90.000000,
-19.828133,-1.661935,-27.363368,14.749324,-27.186990,-33.994097,29.866251,20.610086,-18.479310,-19.828133,-1.661935,-27.363368,90.000000,
-19.828133,-1.661935,-27.363368,-67.064640,35.808915,-32.621153,-70.537737,-22.738074,-15.731395,-19.828133,-1.661935,-27.363368,90.000000,
-19.828133,-1.661935,-27.363368,14.749324,-27.186990,-33.994097,29.866251,20.610086,-18.479310,-19.828133,-1.661935,-27.363368,90.000000,
-19.828133,-1.661935,-27.363368,-67.064640,35.808915,-32.621153,-70.537737,-22.738074,-15.731395,-19.828133,-1.661935,-27.363368,90.000000,
-19.828133,-1.661935,-27.363368,14.749324,-27.186990,-33.994097,29.866251,20.610086,-18.479310,-19.828133,-1.661935,-27.363368,90.000000,
-19.828133,-1.661935,-27.363368,-67.064640,35.808915,-32.621153,-70.537737,-22.738074,-15.731395,-19.828133,-1.661935,-27.363368,90.000000,
-19.828133,-1.661935,-27.363368,14.749324,-27.186990,-33.994097,29.866251,20.610086,-18.479310,-19.828133,-1.661935,-27.363368,90.000000,
-19.828133,-1.661935,-27.363368,-67.064640,35.808915,-32.621153,-70.537737,-22.738074,-15.731395,-19.828133,-1.661935,-27.363368,90.000000,
-19.828133,-1.661935,-27.363368,14.749324,-27.186990,-33.994097,29.866251,20.610086,-18.479310,-19.828133,-1.661935,-27.363368,90.000000,
-19.828133,-1.661935,-27.363368,-67.064640,35.808915,-32.621153,-70.537737,-22.738074,-15.731395,-19.828133,-1.661935,-27.363368,90.000000,
-19.828133,-1.661935,-27.363368,14.749324,-27.186990,-33.994097,29.866251,20.610086,-18.479310,-19.828133,-1.661935,-27.363368,90.000000,
-19.828133,-1.661935,-27.363368,-67.064640,35.808915,-32.621153,-70.537737,-22.738074,-15.731395,-19.828133,-1.661935,-27.363368,90.000000,
-19.828133,-1.661935,-27.363368,14.749324,-27.186990,-33.994097,29.866251,20.610086,-18.479310,-19.828133,-1.661935,-27.363368,90.000000,
-19.828133,-1.661935,-27.363368,-67.064640,35.808915,-32.621153,-70.537737,-22.738074,-15.731395,-19.828133,-1.661935,-27.363368,90.000000,
-19.828133,-1.661935,-27.363368,14.749324,-27.186990,-33.994097,29.866251,20.610086,-18.479310,-19.828133,-1.661935,-27.363368,90.000000,
-19.828133,-1.661935,-27.363368,-67.064640,35.808915,-32.621153,-70.537737,-22.738074,-15.731395,-19.828133,-1.661935,-27.363368,90.000000,
-19.828133,-1.661935,-27.363368,14.749324,-27.186990,-33.994097,29.866251,20.610086,-18.479310,-19.828133,-1.661935,-27.363368,90.000000,
-19.828133,-1.661935,-27.363368,-67.064640,35.808915,-32.621153,-70.537737,-22.738074,-15.731395,-19.828133,-1.661935,-27.363368,90.000000,
-19.828133,-1.661935,-27.363368,14.749324,-27.186990,-33.994097,29.866251,20.610086,-18.479310,-19.828133,-1.661935,-27.363368,90.000000,
-19.828133,-1.661935,-27.363368,-67.064640,35.808915,-32.621153,-70.537737,-22.738074,-15.731395,-19.828133,-1.661935,-27.363368,90.000000,
-19.828133,-1.661935,-27.363368,14.749324,-27.186990,-33.994097,29.866251,20.610086,-18.479310,-19.828133,-1.661935,-27.363368,90.000000,
-19.828133,-1.661935,-27.363368,-67.064640,35.808915,-32.621153,-70.537737,-22.738074,-15.731395,-19.828133,-1.661935,-27.363368,90.000000,
-19.828133,-1.661935,-27.363368,14.749324,-27.186990,-33.994097,29.866251,20.610086,-18.479310,-19.828133,-1.661935,-27.363368,90.000000,
-19.828133,-1.661935,-27.363368,-67.064640,35.808915,-32.621153,-70.537737,-22.738074,-15.731395,-19.828133,-1.661935,-27.363368,90.000000,
-19.828133,-1.661935,-27.363368,14.749324,-27.186990,-33.994097,29.866251,20.610086,-18.479310,-19.828133,-1.661935,-27.363368,90.000000,
-19.828133,-1.661935,-27.363368,-67.064640,35.808915,-32.621153,-70.537737,-22.738074,-15.731395,-19.828133,-1.661935,-27.363368,90.000000,
-19.828133,-1.661935,-27.363368,14.749324,-27.186990,-33.994097,29.866251,20.610086,-18.479310,-19.828133,-1.661935,-27.363368,90.000000,
-19.828133,-1.661935,-27.363368,-67.064640,35.808915,-32.621153,-70.537737,-22.738074,-15.731395,-19.828133,-1.661935,-27.363368,90.000000,
-19.828133,-1.661935,-27.363368,14.749324,-27.186990,-33.994097,29.866251,20.610086,-18.479310,-19.828133,-1.661935,-27.363368,90.000000,
-19.828133,-1.661935,-27.363368,-67.064640,35.808915,-32.621153,-70.537737,-22.738074,-15.731395,-19.828133,-1.661935,-27.363368,90.000000,
-19.828133,-1.661935,-27.363368,14.749324,-27.186990,-33.994097,29.866251,20.610086,-18.479310,-19.828133,-1.661935,-27.363368,90.000000,
-19.828133,-1.661935,-27.363368,-67.064640,35.808915,-32.621153,-70.537737,-22.738074,-15.731395,-19.828133,-1.661935,-27.363368,90.000000,
-19.828133,-1.661935,-27.363368,14.749324,-27.186990,-33.994097,29.866251,20.610086,-18.479310,-19.828133,-1.661935,-27.363368,90.000000,
-19.828133,-1.661935,-27.363368,-67.064640,35.808915,-32.621153,-70.537737,-22.738074,-15.731395,-19.828133,-1.661935,-27.363368,90.000000,
-19.828133,-1.661935,-27.363368,14.749324,-27.186990,-33.994097,29.866251,20.610086,-18.479310,-19.828133,-1.661935,-27.363368,90.000000,
-19.828133,-1.661935,-27.363368,-67.064640,35.808915,-32.621153,-70.537737,-22.738074,-15.731395,-19.828133,-1.661935,-27.363368,90.000000,
-19.828133,-1.661935,-27.363368,14.749324,-27.186990,-33.994097,29.866251,20.610086,-18.479310,-19.828133,-1.661935,-27.363368,90.000000,
-19.828133,-1.661935,-27.363368,-67.064640,35.808915,-32.621153,-70.537737,-22.738074,-15.731395,-19.828133,-1.661935,-27.363368,90.000000,
-19.828133,-1.661935,-27.363368,14.749324,-27.186990,-33.994097,29.866251,20.610086,-18.479310,-19.828133,-1.661935,-27.363368,90.000000,
-19.828133,-1.661935,-27.363368,-67.064640,35.808915,-32.621153,-70.537737,-22.738074,-15.731395,-19.828133,-1.661935,-27.363368,90.000000,
-19.828133,-1.661935,-27.363368,14.749324,-27.186990,-33.994097,29.866251,20.610086,-18.479310,-19.828133,-1.661935,-27.363368,90.000000,
-19.828133,-1.661935,-27.363368,-67.064640,35.808915,-32.621153,-70.537737,-22.738074,-15.731395,-19.828133,-1.661935,-27.363368,90.000000,
-19.828133,-1.661935,-27.363368,14.749324,-27.186990,-33.994097,29.866251,20.610086,-18.479310,-19.828133,-1.661935,-27.363368,90.000000,
-19.828133,-1.661935,-27.363368,-67.064640,35.808915,-32.621153,-70.537737,-22.738074,-15.731395,-19.828133,-1.661935,-27.363368,90.000000,
-19.828133,-1.661935,-27.363368,14.749324,-27.186990,-33.994097,29.866251,20.610086,-18.479310,-19.828133,-1.661935,-27.363368,90.000000,
-19.828133,-1.661935,-27.363368,-67.064640,35.808915,-32.621153,-70.537737,-22.738074,-15.731395,-19.828133,-1.661935,-27.363368,90.000000,
-19.828133,-1.661935,-27.363368,14.749324,-27.186990,-33.994097,29.866251,20.610086,-18.479310,-19.828133,-1.661935,-27.363368,90.000000,
-19.828133,-1.661935,-27.363368,-67.064640,35.808915,-32.621153,-70.537737,-22.738074,-15.731395,-19.828133,-1.661935,-27.363368,90.000000,
-19.828133,-1.661935,-27.363368,14.749324,-27.186990,-33.994097,29.866251,20.610086,-18.479310,-19.828133,-1.661935,-27.363368,90.000000,
-19.828133,-1.661935,-27.363368,-67.064640,35.808915,-32.621153,-70.537737,-22.738074,-15.731395,-19.828133,-1.661935,-27.363368,90.000000,
-19.828133,-1.661935,-27.363368,14.749324,-27.186990,-33.994097,29.866251,20.610086,-18.479310,-19.828133,-1.661935,-27.363368,90.000000,
-19.828133,-1.661935,-27.363368,-67.064640,35.808915,-32.621153,-70.537737,-22.738074,-15.731395,-19.828133,-1.661935,-27.363368,90.000000,
-19.828133,-1.661935,-27.363368,14.749324,-27.186990,-33.994097,29.866251,20.610086,-18.479310,-19.828133,-1.661935,-27.363368,90.000000,
-19.828133,-1.661935,-27.363368,-67.064640,35.808915,-32.621153,-70.537737,-22.738074,-15.731395,-19.828133,-1.661935,-27.363368,90.000000,
-19.828133,-1.661935,-27.363368,14.749324,-27.186990,-33.994097,29.866251,20.610086,-18.479310,-19.828133,-1.661935,-27.363368,90.000000,
-19.828133,-1.661935,-27.363368,-67.064640,35.808915,-32.621153,-70.537737,-22.738074,-15.731395,-19.828133,-1.661935,-27.363368,90.000000,
-19.828133,-1.661935,-27.363368,14.749324,-27.186990,-33.994097,29.866251,20.610086,-18.479310,-19.828133,-1.661935,-27.363368,90.000000,
-19.828133,-1.661935,-27.363368,-67.064640,35.808915,-32.621153,-70.537737,-22.738074,-15.731395,-19.828133,-1.661935,-27.363368,90.000000,
-19.828133,-1.661935,-27.363368,14.749324,-27.186990,-33.994097,29.866251,20.610086,-18.479310,-19.828133,-1.661935,-27.363368,90.000000,
-19.828133,-1.661935,-27.363368,-67.064640,35.808915,-32.621153,-70.537737,-22.738074,-15.731395,-19.828133,-1.661935,-27.363368,90.000000,
-19.828133,-1.661935,-27.363368,14.749324,-27.186990,-33.994097,29.866251,20.610086,-18.479310,-19.828133,-1.661935,-27.363368,90.000000,
-19.828133,-1.661935,-27.363368,-67.064640,35.808915,-32.621153,-70.537737,-22.738074,-15.731395,-19.828133,-1.661935,-27.363368,90.000000,
-19.828133,-1.661935,-27.363368,14.749324,-27.186990,-33.994097,29.866251,20.610086,-18.479310,-19.828133,-1.661935,-27.363368,90.000000,
-19.828133,-1.661935,-27.363368,-67.064640,35.808915,-32.621153,-70.537737,-22.738074,-15.731395,-19.828133,-1.661935,-27.363368,90.000000,
-19.828133,-1.661935,-27.363368,14.749324,-27.186990,-33.994097,29.866251,20.610086,-18.479310,-19.828133,-1.661935,-27.363368,90.000000,
-19.828133,-1.661935,-27.363368,-67.064640,35.808915,-32.621153,-70.537737,-22.738074,-15.731395,-19.828133,-1.661935,-27.363368,90.000000,
-19.828133,-1.661935,-27.363368,14.749324,-27.186990,-33.994097,29.866251,20.610086,-18.479310,-19.828133,-1.661935,-27.363368,90.000000,
-19.828133,-1.661935,-27.363368,-67.064640,35.808915,-32.621153,-70.537737,-22.738074,-15.731395,-19.828133,-1.661935,-27.363368,90.000000,
-19.828133,-1.661935,-27.363368,14.749324,-27.186990,-33.994097,29.866251,20.610086,-18.479310,-19.828133,-1.661935,-27.363368,90.000000,
-19.828133,-1.661935,-27.363368,-67.064640,35.808915,-32.621153,-70.537737,-22.738074,-15.731395,-19.828133,-1.661935,-27.363368,90.000000,
-19.828133,-1.661935,-27.363368,14.749324,-27.186990,-33.994097,29.866251,20.610086,-18.479310,-19.828133,-1.661935,-27.363368,90.000000,
-19.828133,-1.661935,-27.363368,-67.064640,35.808915,-32.621153,-70.537737,-22.738074,-15.731395,-19.828133,-1.661935,-27.363368,90.000000,
-19.828133,-1.661935,-27.363368,14.749324,-27.186990,-33.994097,29.866251,20.610086,-18.479310,-19.828133,-1.661935,-27.363368,90.000000,
-19.828133,-1.661935,-27.363368,-67.064640,35.808915,-32.621153,-70.537737,-22.738074,-15.731395,-19.828133,-1.661935,-27.363368,90.000000,
-19.828133,-1.661935,-27.363368,14.749324,-27.186990,-33.994097,29.866251,20.610086,-18.479310,-19.828133,-1.661935,-27.363368,90.000000,
-19.828133,-1.661935,-27.363368,-67.064640,35.808915,-32.621153,-70.537737,-22.738074,-15.731395,-19.828133,-1.661935,-27.363368,90.000000,
-19.828133,-1.661935,-27.363368,14.749324,-27.186990,-33.994097,29.866251,20.610086,-18.479310,-19.828133,-1.661935,-27.363368,90.000000,
-19.828133,-1.661935,-27.363368,-67.064640,35.808915,-32.621153,-70.537737,-22.738074,-15.731395,-19.828133,-1.661935,-27.363368,90.000000,
-19.828133,-1.661935,-27.363368,14.749324,-27.186990,-33.994097,29.866251,20.610086,-18.479310,-19.828133,-1.661935,-27.363368,90.000000,
-19.828133,-1.661935,-27.363368,-67.064640,35.808915,-32.621153,-70.537737,-22.738074,-15.731395,-19.828133,-1.661935,-27.363368,90.000000,
-19.828133,-1.661935,-27.363368,14.749324,-27.186990,-33.994097,29.866251,20.610086,-18.479310,-19.828133,-1.661935,-27.363368,90.000000,
-19.828133,-1.661935,-27.363368,-67.064640,35.808915,-32.621153,-70.537737,-22.738074,-15.731395,-19.828133,-1.661935,-27.363368,90.000000,
-19.828133,-1.661935,-27.363368,14.749324,-27.186990,-33.994097,29.866251,20.610086,-18.479310,-19.828133,-1.661935,-27.363368,90.000000,
-19.828133,-1.661935,-27.363368,-67.064640,35.808915,-32.621153,-70.537737,-22.738074,-15.731395,-19.828133,-1.661935,-27.363368,90.000000,
-19.828133,-1.661935,-27.363368,14.749324,-27.186990,-33.994097,29.866251,20.610086,-18.479310,-19.828133,-1.661935,-27.363368,90.000000,
-19.828133,-1.661935,-27.363368,-67.064640,35.808915,-32.621153,-70.537737,-22.738074,-15.731395,-19.828133,-1.661935,-27.363368,90.000000,
-19.828133,-1.661935,-27.363368,14.749324,-27.186990,-33.994097,29.866251,20.610086,-18.479310,-19.828133,-1.661935,-27.363368,90.000000,
-19.828133,-1.661935,-27.363368,-67.064640,35.808915,-32.621153,-70.537737,-22.738074,-15.731395,-19.828133,-1.661935,-27.363368,90.000000,
-19.828133,-1.661935,-27.363368,14.749324,-27.186990,-33.994097,29.866251,20.610086,-18.479310,-19.828133,-1.661935,-27.363368,90.000000,
-19.828133,-1.661935,-27.363368,-67.064640,35.808915,-32.621153,-70.537737,-22.738074,-15.731395,-19.828133,-1.661935,-27.363368,90.000000,
-19.828133,-1.661935,-27.363368,14.749324,-27.186990,-33.994097,29.866251,20.610086,-18.479310,-19.828133,-1.661935,-27.363368,90.000000,
-19.828133,-1.661935,-27.363368,-67.064640,35.808915,-32.621153,-70.537737,-22.738074,-15.731395,-19.828133,-1.661935,-27.363368,90.000000,
-19.828133,-1.661935,-27.363368,14.749324,-27.186990,-33.994097,29.866251,20.610086,-18.479310,-19.828133,-1.661935,-27.363368,90.000000,
-19.828133,-1.661935,-27.363368,-67.064640,35.808915,-32.621153,-70.537737,-22.738074,-15.731395,-19.828133,-1.661935,-27.363368,90.000000,
-19.828133,-1.661935,-27.363368,14.749324,-27.186990,-33.994097,29.866251,20.610086,-18.479310,-19.828133,-1.661935,-27.363368,90.000000,
-19.828133,-1.661935,-27.363368,-67.064640,35.808915,-32.621153,-70.537737,-22.738074,-15.731395,-19.828133,-1.661935,-27.363368,90.000000,
-19.828133,-1.661935,-27.363368,14.749324,-27.186990,-33.994097,29.866251,20.610086,-18.479310,-19.828133,-1.661935,-27.363368,90.000000,
-19.828133,-1.661935,-27.363368,-67.064640,35.808915,-32.621153,-70.537737,-22.738074,-15.731395,-19.828133,-1.661935,-27.363368,90.000000,
-19.828133,-1.661935,-27.363368,14.749324,-27.186990,-33.994097,29.866251,20.610086,-18.479310,-19.828133,-1.661935,-27.363368,90.000000,
-19.828133,-1.661935,-27.363368,-67.064640,35.808915,-32.621153,-70.537737,-22.738074,-15.731395,-19.828133,-1.661935,-27.363368,90.000000,
-19.828133,-1.661935,-27.363368,14.749324,-27.186990,-33.994097,29.866251,20.610086,-18.479310,-19.828133,-1.661935,-27.363368,90.000000,
-19.828133,-1.661935,-27.363368,-67.064640,35.808915,-32.621153,-70.537737,-22.738074,-15.731395,-19.828133,-1.661935,-27.363368,90.000000,
-19.828133,-1.661935,-27.363368,14.749324,-27.186990,-33.994097,29.866251,20.610086,-18.479310,-19.828133,-1.661935,-27.363368,90.000000,
-19.828133,-1.661935,-27.363368,-67.064640,35.808915,-32.621153,-70.537737,-22.738074,-15.731395,-19.828133,-1.661935,-27.363368,90.000000,
-19.828133,-1.661935,-27.363368,14.749324,-27.186990,-33.994097,29.866251,20.610086,-18.479310,-19.828133,-1.661935,-27.363368,90.000000,
-19.828133,-1.661935,-27.363368,-67.064640,35.808915,-32.621153,-70.537737,-22.738074,-15.731395,-19.828133,-1.661935,-27.363368,90.000000,
-19.828133,-1.661935,-27.363368,14.749324,-27.186990,-33.994097,29.866251,20.610086,-18.479310,-19.828133,-1.661935,-27.363368,90.000000,
-19.828133,-1.661935,-27.363368,-67.064640,35.808915,-32.621153,-70.537737,-22.738074,-15.731395,-19.828133,-1.661935,-27.363368,90.000000,
-19.828133,-1.661935,-27.363368,14.749324,-27.186990,-33.994097,29.866251,20.610086,-18.479310,-19.828133,-1.661935,-27.363368,90.000000,
-19.828133,-1.661935,-27.363368,-67.064640,35.808915,-32.621153,-70.537737,-22.738074,-15.731395,-19.828133,-1.661935,-27.363368,90.000000,
-19.828133,-1.661935,-27.363368,14.749324,-27.186990,-33.994097,29.866251,20.610086,-18.479310,-19.828133,-1.661935,-27.363368,90.000000,
-19.828133,-1.661935,-27.363368,-67.064640,35.808915,-32.621153,-70.537737,-22.738074,-15.731395,-19.828133,-1.661935,-27.363368,90.000000,
-19.828133,-1.661935,-27.363368,14.749324,-27.186990,-33.994097,29.866251,20.610086,-18.479310,-19.828133,-1.661935,-27.363368,90.000000,
-19.828133,-1.661935,-27.363368,-67.064640,35.808915,-32.621153,-70.537737,-22.738074,-15.731395,-19.828133,-1.661935,-27.363368,90.000000,
-19.828133,-1.661935,-27.363368,14.749324,-27.186990,-33.994097,29.866251,20.610086,-18.479310,-19.828133,-1.661935,-27.363368,90.000000,
-19.828133,-1.661935,-27.363368,-67.064640,35.808915,-32.621153,-70.537737,-22.738074,-15.731395,-19.828133,-1.661935,-27.363368,90.000000,
-19.828133,-1.661935,-27.363368,14.749324,-27.186990,-33.994097,29.866251,20.610086,-18.479310,-19.828133,-1.661935,-27.363368,90.000000,
-19.828133,-1.661935,-27.363368,-67.064640,35.808915,-32.621153,-70.537737,-22.738074,-15.731395,-19.828133,-1.661935,-27.363368,90.000000,
-19.828133,-1.661935,-27.363368,14.749324,-27.186990,-33.994097,29.866251,20.610086,-18.479310,-19.828133,-1.661935,-27.363368,90.000000,
-19.828133,-1.661935,-27.363368,-67.064640,35.808915,-32.621153,-70.537737,-22.738074,-15.731395,-19.828133,-1.661935,-27.363368,90.000000,
-19.828133,-1.661935,-27.363368,14.749324,-27.186990,-33.994097,29.866251,20.610086,-18.479310,-19.828133,-1.661935,-27.363368,90.000000,
-19.828133,-1.661935,-27.363368,-67.064640,35.808915,-32.621153,-70.537737,-22.738074,-15.731395,-19.828133,-1.661935,-27.363368,90.000000,
-19.828133,-1.661935,-27.363368,14.749324,-27.186990,-33.994097,29.866251,20.610086,-18.479310,-19.828133,-1.661935,-27.363368,90.000000,
-19.828133,-1.661935,-27.363368,-67.064640,35.808915,-32.621153,-70.537737,-22.738074,-15.731395,-19.828133,-1.661935,-27.363368,90.000000,
-19.828133,-1.661935,-27.363368,14.749324,-27.186990,-33.994097,29.866251,20.610086,-18.479310,-19.828133,-1.661935,-27.363368,90.000000,
-19.828133,-1.661935,-27.363368,-67.064640,35.808915,-32.621153,-70.537737,-22.738074,-15.731395,-19.828133,-1.661935,-27.363368,90.000000,
-19.828133,-1.661935,-27.363368,14.749324,-27.186990,-33.994097,29.866251,20.610086,-18.479310,-19.828133,-1.661935,-27.363368,90.000000,
-19.828133,-1.661935,-27.363368,-67.064640,35.808915,-32.621153,-70.537737,-22.738074,-15.731395,-19.828133,-1.661935,-27.363368,90.000000,
-19.828133,-1.661935,-27.363368,14.749324,-27.186990,-33.994097,29.866251,20.610086,-18.479310,-19.828133,-1.661935,-27.363368,90.000000,
-19.828133,-1.661935,-27.363368,-67.064640,35.808915,-32.621153,-70.537737,-22.738074,-15.731395,-19.828133,-1.661935,-27.363368,90.000000,
-19.828133,-1.661935,-27.363368,14.749324,-27.186990,-33.994097,29.866251,20.610086,-18.479310,-19.828133,-1.661935,-27.363368,90.000000,
-19.828133,-1.661935,-27.363368,-67.064640,35.808915,-32.621153,-70.537737,-22.738074,-15.731395,-19.828133,-1.661935,-27.363368,90.000000,
-19.828133,-1.661935,-27.363368,14.749324,-27.186990,-33.994097,29.866251,20.610086,-18.479310,-19.828133,-1.661935,-27.363368,90.000000,
-19.828133,-1.661935,-27.363368,-67.064640,35.808915,-32.621153,-70.537737,-22.738074,-15.731395,-19.828133,-1.661935,-27.363368,90.000000,
-19.828133,-1.661935,-27.363368,14.749324,-27.186990,-33.994097,29.866251,20.610086,-18.479310,-19.828133,-1.661935,-27.363368,90.000000,
-19.828133,-1.661935,-27.363368,-67.064640,35.808915,-32.621153,-70.537737,-22.738074,-15.731395,-19.828133,-1.661935,-27.363368,90.000000,
-19.828133,-1.661935,-27.363368,14.749324,-27.186990,-33.994097,29.866251,20.610086,-18.479310,-19.828133,-1.661935,-27.363368,90.000000,
-19.828133,-1.661935,-27.363368,-67.064640,35.808915,-32.621153,-70.537737,-22.738074,-15.731395,-19.828133,-1.661935,-27.363368,90.000000,
-19.828133,-1.661935,-27.363368,14.749324,-27.186990,-33.994097,29.866251,20.610086,-18.479310,-19.828133,-1.661935,-27.363368,90.000000,
-19.828133,-1.661935,-27.363368,-67.064640,35.808915,-32.621153,-70.537737,-22.738074,-15.731395,-19.828133,-1.661935,-27.363368,90.000000,
-19.828133,-1.661935,-27.363368,14.749324,-27.186990,-33.994097,29.866251,20.610086,-18.479310,-19.828133,-1.661935,-27.363368,90.000000,
-19.828133,-1.661935,-27.363368,-67.064640,35.808915,-32.621153,-70.537737,-22.738074,-15.731395,-19.828133,-1.661935,-27.363368,90.000000,
-19.828133,-1.661935,-27.363368,14.749324,-27.186990,-33.994097,29.866251,20.610086,-18.479310,-19.828133,-1.661935,-27.363368,90.000000,
-19.828133,-1.661935,-27.363368,-67.064640,35.808915,-32.621153,-70.537737,-22.738074,-15.731395,-19.828133,-1.661935,-27.363368,90.000000,
-19.828133,-1.661935,-27.363368,14.749324,-27.186990,-33.994097,29.866251,20.610086,-18.479310,-19.828133,-1.661935,-27.363368,90.000000,
-19.828133,-1.661935,-27.363368,-67.064640,35.808915,-32.621153,-70.537737,-22.738074,-15.731395,-19.828133,-1.661935,-27.363368,90.000000,
-19.828133,-1.661935,-27.363368,14.749324,-27.186990,-33.994097,29.866251,20.610086,-18.479310,-19.828133,-1.661935,-27.363368,90.000000,
-19.828133,-1.661935,-27.363368,-67.064640,35.808915,-32.621153,-70.537737,-22.738074,-15.731395,-19.828133,-1.661935,-27.363368,90.000000,
-19.828133,-1.661935,-27.363368,14.749324,-27.186990,-33.994097,29.866251,20.610086,-18.479310,-19.828133,-1.661935,-27.363368,90.000000,
-19.828133,-1.661935,-27.363368,-67.064640,35.808915,-32.621153,-70.537737,-22.738074,-15.731395,-19.828133,-1.661935,-27.363368,90.000000,
-19.828133,-1.661935,-27.363368,14.749324,-27.186990,-33.994097,29.866251,20.610086,-18.479310,-19.828133,-1.661935,-27.363368,90.000000,
-19.828133,-1.661935,-27.363368,-67.064640,35.808915,-32.621153,-70.537737,-22.738074,-15.731395,-19.828133,-1.661935,-27.363368,90.000000,
-19.828133,-1.661935,-27.363368,14.749324,-27.186990,-33.994097,29.866251,20.610086,-18.479310,-19.828133,-1.661935,-27.363368,90.000000,
-19.828133,-1.661935,-27.363368,-67.064640,35.808915,-32.621153,-70.537737,-22.738074,-15.731395,-19.828133,-1.661935,-27.363368,90.000000,
-19.828133,-1.661935,-27.363368,14.749324,-27.186990,-33.994097,29.866251,20.610086,-18.479310,-19.828133,-1.661935,-27.363368,90.000000,
-19.828133,-1.661935,-27.363368,-67.064640,35.808915,-32.621153,-70.537737,-22.738074,-15.731395,-19.828133,-1.661935,-27.363368,90.000000,
-19.828133,-1.661935,-27.363368,14.749324,-27.186990,-33.994097,29.866251,20.610086,-18.479310,-19.828133,-1.661935,-27.363368,90.000000,
-19.828133,-1.661935,-27.363368,-67.064640,35.808915,-32.621153,-70.537737,-22.738074,-15.731395,-19.828133,-1.661935,-27.363368,90.000000,
-19.828133,-1.661935,-27.363368,14.749324,-27.186990,-33.994097,29.866251,20.610086,-18.479310,-19.828133,-1.661935,-27.363368,90.000000,
-19.828133,-1.661935,-27.363368,-67.064640,35.808915,-32.621153,-70.537737,-22.738074,-15.731395,-19.828133,-1.661935,-27.363368,90.000000,
-19.828133,-1.661935,-27.363368,14.749324,-27.186990,-33.994097,29.866251,20.610086,-18.479310,-19.828133,-1.661935,-27.363368,90.000000,
-19.828133,-1.661935,-27.363368,-67.064640,35.808915,-32.621153,-70.537737,-22.738074,-15.731395,-19.828133,-1.661935,-27.363368,90.000000,
-19.828133,-1.661935,-27.363368,14.749324,-27.186990,-33.994097,29.866251,20.610086,-18.479310,-19.828133,-1.661935,-27.363368,90.000000,
-19.828133,-1.661935,-27.363368,-67.064640,35.808915,-32.621153,-70.537737,-22.738074,-15.731395,-19.828133,-1.661935,-27.363368,90.000000,
-19.828133,-1.661935,-27.363368,14.749324,-27.186990,-33.994097,29.866251,20.610086,-18.479310,-19.828133,-1.661935,-27.363368,90.000000,
-19.828133,-1.661935,-27.363368,-67.064640,35.808915,-32.621153,-70.537737,-22.738074,-15.731395,-19.828133,-1.661935,-27.363368,90.000000,
-19.828133,-1.661935,-27.363368,14.749324,-27.186990,-33.994097,29.866251,20.610086,-18.479310,-19.828133,-1.661935,-27.363368,90.000000,
-19.828133,-1.661935,-27.363368,-67.064640,35.808915,-32.621153,-70.537737,-22.738074,-15.731395,-19.828133,-1.661935,-27.363368,90.000000,
-19.828133,-1.661935,-27.363368,14.749324,-27.186990,-33.994097,29.866251,20.610086,-18.479310,-19.828133,-1.661935,-27.363368,90.000000,
-19.828133,-1.661935,-27.363368,-67.064640,35.808915,-32.621153,-70.537737,-22.738074,-15.731395,-19.828133,-1.661935,-27.363368,90.000000,
-19.828133,-1.661935,-27.363368,14.749324,-27.186990,-33.994097,29.866251,20.610086,-18.479310,-19.828133,-1.661935,-27.363368,90.000000,
-19.828133,-1.661935,-27.363368,-67.064640,35.808915,-32.621153,-70.537737,-22.738074,-15.731395,-19.828133,-1.661935,-27.363368,90.000000,
-19.828133,-1.661935,-27.363368,14.749324,-27.186990,-33.994097,29.866251,20.610086,-18.479310,-19.828133,-1.661935,-27.363368,90.000000,
-19.828133,-1.661935,-27.363368,-67.064640,35.808915,-32.621153,-70.537737,-22.738074,-15.731395,-19.828133,-1.661935,-27.363368,90.000000,
-19.828133,-1.661935,-27.363368,14.749324,-27.186990,-33.994097,29.866251,20.610086,-18.479310,-19.828133,-1.661935,-27.363368,90.000000,
-19.828133,-1.661935,-27.363368,-67.064640,35.808915,-32.621153,-70.537737,-22.738074,-15.731395,-19.828133,-1.661935,-27.363368,90.000000,
-19.828133,-1.661935,-27.363368,14.749324,-27.186990,-33.994097,29.866251,20.610086,-18.479310,-19.828133,-1.661935,-27.363368,90.000000,
-19.828133,-1.661935,-27.363368,-67.064640,35.808915,-32.621153,-70.537737,-22.738074,-15.731395,-19.828133,-1.661935,-27.363368,90.000000,
-19.828133,-1.661935,-27.363368,14.749324,-27.186990,-33.994097,29.866251,20.610086,-18.479310,-19.828133,-1.661935,-27.363368,90.000000,
-19.828133,-1.661935,-27.363368,-67.064640,35.808915,-32.621153,-70.537737,-22.738074,-15.731395,-19.828133,-1.661935,-27.363368,90.000000,
-19.828133,-1.661935,-27.363368,14.749324,-27.186990,-33.994097,29.866251,20.610086,-18.479310,-19.828133,-1.661935,-27.363368,90.000000,
-19.828133,-1.661935,-27.363368,-67.064640,35.808915,-32.621153,-70.537737,-22.738074,-15.731395,-19.828133,-1.661935,-27.363368,90.000000,
-19.828133,-1.661935,-27.363368,14.749324,-27.186990,-33.994097,29.866251,20.610086,-18.479310,-19.828133,-1.661935,-27.363368,90.000000,
-19.828133,-1.661935,-27.363368,-67.064640,35.808915,-32.621153,-70.537737,-22.738074,-15.731395,-19.828133,-1.661935,-27.363368,90.000000,
-19.828133,-1.661935,-27.363368,14.749324,-27.186990,-33.994097,29.866251,20.610086,-18.479310,-19.828133,-1.661935,-27.363368,90.000000,
-19.828133,-1.661935,-27.363368,-67.064640,35.808915,-32.621153,-70.537737,-22.738074,-15.731395,-19.828133,-1.661935,-27.363368,90.000000,
-19.828133,-1.661935,-27.363368,14.749324,-27.186990,-33.994097,29.866251,20.610086,-18.479310,-19.828133,-1.661935,-27.363368,90.000000,
-19.828133,-1.661935,-27.363368,-67.064640,35.808915,-32.621153,-70.537737,-22.738074,-15.731395,-19.828133,-1.661935,-27.363368,90.000000,
-19.828133,-1.661935,-27.363368,14.749324,-27.186990,-33.994097,29.866251,20.610086,-18.479310,-19.828133,-1.661935,-27.363368,90.000000,
-19.828133,-1.661935,-27.363368,-67.064640,35.808915,-32.621153,-70.537737,-22.738074,-15.731395,-19.828133,-1.661935,-27.363368,90.000000,
-19.828133,-1.661935,-27.363368,14.749324,-27.186990,-33.994097,29.866251,20.610086,-18.479310,-19.828133,-1.661935,-27.363368,90.000000,
-19.828133,-1.661935,-27.363368,-67.064640,35.808915,-32.621153,-70.537737,-22.738074,-15.731395,-19.828133,-1.661935,-27.363368,90.000000,
-19.828133,-1.661935,-27.363368,14.749324,-27.186990,-33.994097,29.866251,20.610086,-18.479310,-19.828133,-1.661935,-27.363368,90.000000,
-19.828133,-1.661935,-27.363368,-67.064640,35.808915,-32.621153,-70.537737,-22.738074,-15.731395,-19.828133,-1.661935,-27.363368,90.000000,
-19.828133,-1.661935,-27.363368,14.749324,-27.186990,-33.994097,29.866251,20.610086,-18.479310,-19.828133,-1.661935,-27.363368,90.000000,
-19.828133,-1.661935,-27.363368,-67.064640,35.808915,-32.621153,-70.537737,-22.738074,-15.731395,-19.828133,-1.661935,-27.363368,90.000000,
-19.828133,-1.661935,-27.363368,14.749324,-27.186990,-33.994097,29.866251,20.610086,-18.479310,-19.828133,-1.661935,-27.363368,90.000000,
-19.828133,-1.661935,-27.363368,-67.064640,35.808915,-32.621153,-70.537737,-22.738074,-15.731395,-19.828133,-1.661935,-27.363368,90.000000,
-19.828133,-1.661935,-27.363368,14.749324,-27.186990,-33.994097,29.866251,20.610086,-18.479310,-19.828133,-1.661935,-27.363368,90.000000,
-19.828133,-1.661935,-27.363368,-67.064640,35.808915,-32.621153,-70.537737,-22.738074,-15.731395,-19.828133,-1.661935,-27.363368,90.000000,
-19.828133,-1.661935,-27.363368,14.749324,-27.186990,-33.994097,29.866251,20.610086,-18.479310,-19.828133,-1.661935,-27.363368,90.000000,
-19.828133,-1.661935,-27.363368,-67.064640,35.808915,-32.621153,-70.537737,-22.738074,-15.731395,-19.828133,-1.661935,-27.363368,90.000000,
-19.828133,-1.661935,-27.363368,14.749324,-27.186990,-33.994097,29.866251,20.610086,-18.479310,-19.828133,-1.661935,-27.363368,90.000000,
-19.828133,-1.661935,-27.363368,-67.064640,35.808915,-32.621153,-70.537737,-22.738074,-15.731395,-19.828133,-1.661935,-27.363368,90.000000,
-19.828133,-1.661935,-27.363368,14.749324,-27.186990,-33.994097,29.866251,20.610086,-18.479310,-19.828133,-1.661935,-27.363368,90.000000,
-19.828133,-1.661935,-27.363368,-67.064640,35.808915,-32.621153,-70.537737,-22.738074,-15.731395,-19.828133,-1.661935,-27.363368,90.000000,
-19.828133,-1.661935,-27.363368,14.749324,-27.186990,-33.994097,29.866251,20.610086,-18.479310,-19.828133,-1.661935,-27.363368,90.000000,
-19.828133,-1.661935,-27.363368,-67.064640,35.808915,-32.621153,-70.537737,-22.738074,-15.731395,-19.828133,-1.661935,-27.363368,90.000000,
-19.828133,-1.661935,-27.363368,14.749324,-27.186990,-33.994097,29.866251,20.610086,-18.479310,-19.828133,-1.661935,-27.363368,90.000000,
-19.828133,-1.661935,-27.363368,-67.064640,35.808915,-32.621153,-70.537737,-22.738074,-15.731395,-19.828133,-1.661935,-27.363368,90.000000,
-19.828133,-1.661935,-27.363368,14.749324,-27.186990,-33.994097,29.866251,20.610086,-18.479310,-19.828133,-1.661935,-27.363368,90.000000,
-19.828133,-1.661935,-27.363368,-67.064640,35.808915,-32.621153,-70.537737,-22.738074,-15.731395,-19.828133,-1.661935,-27.363368,90.000000,
-19.828133,-1.661935,-27.363368,14.749324,-27.186990,-33.994097,29.866251,20.610086,-18.479310,-19.828133,-1.661935,-27.363368,90.000000,
-19.828133,-1.661935,-27.363368,-67.064640,35.808915,-32.621153,-70.537737,-22.738074,-15.731395,-19.828133,-1.661935,-27.363368,90.000000,
-19.828133,-1.661935,-27.363368,14.749324,-27.186990,-33.994097,29.866251,20.610086,-18.479310,-19.828133,-1.661935,-27.363368,90.000000,
-19.828133,-1.661935,-27.363368,-67.064640,35.808915,-32.621153,-70.537737,-22.738074,-15.731395,-19.828133,-1.661935,-27.363368,90.000000,
-19.828133,-1.661935,-27.363368,14.749324,-27.186990,-33.994097,29.866251,20.610086,-18.479310,-19.828133,-1.661935,-27.363368,90.000000,
-19.828133,-1.661935,-27.363368,-67.064640,35.808915,-32.621153,-70.537737,-22.738074,-15.731395,-19.828133,-1.661935,-27.363368,90.000000,
-19.828133,-1.661935,-27.363368,14.749324,-27.186990,-33.994097,29.866251,20.610086,-18.479310,-19.828133,-1.661935,-27.363368,90.000000,
-19.828133,-1.661935,-27.363368,-67.064640,35.808915,-32.621153,-70.537737,-22.738074,-15.731395,-19.828133,-1.661935,-27.363368,90.000000,
-19.828133,-1.661935,-27.363368,14.749324,-27.186990,-33.994097,29.866251,20.610086,-18.479310,-19.828133,-1.661935,-27.363368,90.000000,
-19.828133,-1.661935,-27.363368,-67.064640,35.808915,-32.621153,-70.537737,-22.738074,-15.731395,-19.828133,-1.661935,-27.363368,90.000000,
-19.828133,-1.661935,-27.363368,14.749324,-27.186990,-33.994097,29.866251,20.610086,-18.479310,-19.828133,-1.661935,-27.363368,90.000000,
-19.828133,-1.661935,-27.363368,-67.064640,35.808915,-32.621153,-70.537737,-22.738074,-15.731395,-19.828133,-1.661935,-27.363368,90.000000,
-19.828133,-1.661935,-27.363368,14.749324,-27.186990,-33.994097,29.866251,20.610086,-18.479310,-19.828133,-1.661935,-27.363368,90.000000,
-19.828133,-1.661935,-27.363368,-67.064640,35.808915,-32.621153,-70.537737,-22.738074,-15.731395,-19.828133,-1.661935,-27.363368,90.000000,
-19.828133,-1.661935,-27.363368,14.749324,-27.186990,-33.994097,29.866251,20.610086,-18.479310,-19.828133,-1.661935,-27.363368,90.000000,
-19.828133,-1.661935,-27.363368,-67.064640,35.808915,-32.621153,-70.537737,-22.738074,-15.731395,-19.828133,-1.661935,-27.363368,90.000000,
-19.828133,-1.661935,-27.363368,14.749324,-27.186990,-33.994097,29.866251,20.610086,-18.479310,-19.828133,-1.661935,-27.363368,90.000000,
-19.828133,-1.661935,-27.363368,-67.064640,35.808915,-32.621153,-70.537737,-22.738074,-15.731395,-19.828133,-1.661935,-27.363368,90.000000,
-19.828133,-1.661935,-27.363368,14.749324,-27.186990,-33.994097,29.866251,20.610086,-18.479310,-19.828133,-1.661935,-27.363368,90.000000,
-19.828133,-1.661935,-27.363368,-67.064640,35.808915,-32.621153,-70.537737,-22.738074,-15.731395,-19.828133,-1.661935,-27.363368,90.000000,
-19.828133,-1.661935,-27.363368,14.749324,-27.186990,-33.994097,29.866251,20.610086,-18.479310,-19.828133,-1.661935,-27.363368,90.000000,
-19.828133,-1.661935,-27.363368,-67.064640,35.808915,-32.621153,-70.537737,-22.738074,-15.731395,-19.828133,-1.661935,-27.363368,90.000000,
-19.828133,-1.661935,-27.363368,14.749324,-27.186990,-33.994097,29.866251,20.610086,-18.479310,-19.828133,-1.661935,-27.363368,90.000000,
-19.828133,-1.661935,-27.363368,-67.064640,35.808915,-32.621153,-70.537737,-22.738074,-15.731395,-19.828133,-1.661935,-27.363368,90.000000,
-19.828133,-1.661935,-27.363368,14.749324,-27.186990,-33.994097,29.866251,20.610086,-18.479310,-19.828133,-1.661935,-27.363368,90.000000,
-19.828133,-1.661935,-27.363368,-67.064640,35.808915,-32.621153,-70.537737,-22.738074,-15.731395,-19.828133,-1.661935,-27.363368,90.000000,
-19.828133,-1.661935,-27.363368,14.749324,-27.186990,-33.994097,29.866251,20.610086,-18.479310,-19.828133,-1.661935,-27.363368,90.000000,
-19.828133,-1.661935,-27.363368,-67.064640,35.808915,-32.621153,-70.537737,-22.738074,-15.731395,-19.828133,-1.661935,-27.363368,90.000000,
-19.828133,-1.661935,-27.363368,14.749324,-27.186990,-33.994097,29.866251,20.610086,-18.479310,-19.828133,-1.661935,-27.363368,90.000000,
-19.828133,-1.661935,-27.363368,-67.064640,35.808915,-32.621153,-70.537737,-22.738074,-15.731395,-19.828133,-1.661935,-27.363368,90.000000,
-19.828133,-1.661935,-27.363368,14.749324,-27.186990,-33.994097,29.866251,20.610086,-18.479310,-19.828133,-1.661935,-27.363368,90.000000,
-19.828133,-1.661935,-27.363368,-67.064640,35.808915,-32.621153,-70.537737,-22.738074,-15.731395,-19.828133,-1.661935,-27.363368,90.000000,
-19.828133,-1.661935,-27.363368,14.749324,-27.186990,-33.994097,29.866251,20.610086,-18.479310,-19.828133,-1.661935,-27.363368,90.000000,
-19.828133,-1.661935,-27.363368,-67.064640,35.808915,-32.621153,-70.537737,-22.738074,-15.731395,-19.828133,-1.661935,-27.363368,90.000000,
-19.828133,-1.661935,-27.363368,14.749324,-27.186990,-33.994097,29.866251,20.610086,-18.479310,-19.828133,-1.661935,-27.363368,90.000000,
-19.828133,-1.661935,-27.363368,-67.064640,35.808915,-32.621153,-70.537737,-22.738074,-15.731395,-19.828133,-1.661935,-27.363368,90.000000,
-19.828133,-1.661935,-27.363368,14.749324,-27.186990,-33.994097,29.866251,20.610086,-18.479310,-19.828133,-1.661935,-27.363368,90.000000,
-19.828133,-1.661935,-27.363368,-67.064640,35.808915,-32.621153,-70.537737,-22.738074,-15.731395,-19.828133,-1.661935,-27.363368,90.000000,
-19.828133,-1.661935,-27.363368,14.749324,-27.186990,-33.994097,29.866251,20.610086,-18.479310,-19.828133,-1.661935,-27.363368,90.000000,
-19.828133,-1.661935,-27.363368,-67.064640,35.808915,-32.621153,-70.537737,-22.738074,-15.731395,-19.828133,-1.661935,-27.363368,90.000000,
-19.828133,-1.661935,-27.363368,14.749324,-27.186990,-33.994097,29.866251,20.610086,-18.479310,-19.828133,-1.661935,-27.363368,90.000000,
-19.828133,-1.661935,-27.363368,-67.064640,35.808915,-32.621153,-70.537737,-22.738074,-15.731395,-19.828133,-1.661935,-27.363368,90.000000,
-19.828133,-1.661935,-27.363368,14.749324,-27.186990,-33.994097,29.866251,20.610086,-18.479310,-19.828133,-1.661935,-27.363368,90.000000,
-19.828133,-1.661935,-27.363368,-67.064640,35.808915,-32.621153,-70.537737,-22.738074,-15.731395,-19.828133,-1.661935,-27.363368,90.000000,
-19.828133,-1.661935,-27.363368,14.749324,-27.186990,-33.994097,29.866251,20.610086,-18.479310,-19.828133,-1.661935,-27.363368,90.000000,
-19.828133,-1.661935,-27.363368,-67.064640,35.808915,-32.621153,-70.537737,-22.738074,-15.731395,-19.828133,-1.661935,-27.363368,90.000000,
-19.828133,-1.661935,-27.363368,14.749324,-27.186990,-33.994097,29.866251,20.610086,-18.479310,-19.828133,-1.661935,-27.363368,90.000000,
-19.828133,-1.661935,-27.363368,-67.064640,35.808915,-32.621153,-70.537737,-22.738074,-15.731395,-19.828133,-1.661935,-27.363368,90.000000,
-19.828133,-1.661935,-27.363368,14.749324,-27.186990,-33.994097,29.866251,20.610086,-18.479310,-19.828133,-1.661935,-27.363368,90.000000,
-19.828133,-1.661935,-27.363368,-67.064640,35.808915,-32.621153,-70.537737,-22.738074,-15.731395,-19.828133,-1.661935,-27.363368,90.000000,
-19.828133,-1.661935,-27.363368,14.749324,-27.186990,-33.994097,29.866251,20.610086,-18.479310,-19.828133,-1.661935,-27.363368,90.000000,
-19.828133,-1.661935,-27.363368,-67.064640,35.808915,-32.621153,-70.537737,-22.738074,-15.731395,-19.828133,-1.661935,-27.363368,90.000000,
-19.828133,-1.661935,-27.363368,14.749324,-27.186990,-33.994097,29.866251,20.610086,-18.479310,-19.828133,-1.661935,-27.363368,90.000000,
-19.828133,-1.661935,-27.363368,-67.064640,35.808915,-32.621153,-70.537737,-22.738074,-15.731395,-19.828133,-1.661935,-27.363368,90.000000,
-19.828133,-1.661935,-27.363368,14.749324,-27.186990,-33.994097,29.866251,20.610086,-18.479310,-19.828133,-1.661935,-27.363368,90.000000,
-19.828133,-1.661935,-27.363368,-67.064640,35.808915,-32.621153,-70.537737,-22.738074,-15.731395,-19.828133,-1.661935,-27.363368,90.000000,
-19.828133,-1.661935,-27.363368,14.749324,-27.186990,-33.994097,29.866251,20.610086,-18.479310,-19.828133,-1.661935,-27.363368,90.000000,
-19.828133,-1.661935,-27.363368,-67.064640,35.808915,-32.621153,-70.537737,-22.738074,-15.731395,-19.828133,-1.661935,-27.363368,90.000000,
-19.828133,-1.661935,-27.363368,14.749324,-27.186990,-33.994097,29.866251,20.610086,-18.479310,-19.828133,-1.661935,-27.363368,90.000000,
-19.828133,-1.661935,-27.363368,-67.064640,35.808915,-32.621153,-70.537737,-22.738074,-15.731395,-19.828133,-1.661935,-27.363368,90.000000,
-19.828133,-1.661935,-27.363368,14.749324,-27.186990,-33.994097,29.866251,20.610086,-18.479310,-19.828133,-1.661935,-27.363368,90.000000,
-19.828133,-1.661935,-27.363368,-67.064640,35.808915,-32.621153,-70.537737,-22.738074,-15.731395,-19.828133,-1.661935,-27.363368,90.000000,
-19.828133,-1.661935,-27.363368,14.749324,-27.186990,-33.994097,29.866251,20.610086,-18.479310,-19.828133,-1.661935,-27.363368,90.000000,
-19.828133,-1.661935,-27.363368,-67.064640,35.808915,-32.621153,-70.537737,-22.738074,-15.731395,-19.828133,-1.661935,-27.363368,90.000000,
-19.828133,-1.661935,-27.363368,14.749324,-27.186990,-33.994097,29.866251,20.610086,-18.479310,-19.828133,-1.661935,-27.363368,90.000000,
-19.828133,-1.661935,-27.363368,-67.064640,35.808915,-32.621153,-70.537737,-22.738074,-15.731395,-19.828133,-1.661935,-27.363368,90.000000,
-19.828133,-1.661935,-27.363368,14.749324,-27.186990,-33.994097,29.866251,20.610086,-18.479310,-19.828133,-1.661935,-27.363368,90.000000,
-19.828133,-1.661935,-27.363368,-67.064640,35.808915,-32.621153,-70.537737,-22.738074,-15.731395,-19.828133,-1.661935,-27.363368,90.000000,
-19.828133,-1.661935,-27.363368,14.749324,-27.186990,-33.994097,29.866251,20.610086,-18.479310,-19.828133,-1.661935,-27.363368,90.000000,
-19.828133,-1.661935,-27.363368,-67.064640,35.808915,-32.621153,-70.537737,-22.738074,-15.731395,-19.828133,-1.661935,-27.363368,90.000000,
-19.828133,-1.661935,-27.363368,14.749324,-27.186990,-33.994097,29.866251,20.610086,-18.479310,-19.828133,-1.661935,-27.363368,90.000000,
-19.828133,-1.661935,-27.363368,-67.064640,35.808915,-32.621153,-70.537737,-22.738074,-15.731395,-19.828133,-1.661935,-27.363368,90.000000,
-19.828133,-1.661935,-27.363368,14.749324,-27.186990,-33.994097,29.866251,20.610086,-18.479310,-19.828133,-1.661935,-27.363368,90.000000,
-19.828133,-1.661935,-27.363368,-67.064640,35.808915,-32.621153,-70.537737,-22.738074,-15.731395,-19.828133,-1.661935,-27.363368,90.000000,
-19.828133,-1.661935,-27.363368,14.749324,-27.186990,-33.994097,29.866251,20.610086,-18.479310,-19.828133,-1.661935,-27.363368,90.000000,
-19.828133,-1.661935,-27.363368,-67.064640,35.808915,-32.621153,-70.537737,-22.738074,-15.731395,-19.828133,-1.661935,-27.363368,90.000000,
-19.828133,-1.661935,-27.363368,14.749324,-27.186990,-33.994097,29.866251,20.610086,-18.479310,-19.828133,-1.661935,-27.363368,90.000000,
-19.828133,-1.661935,-27.363368,-67.064640,35.808915,-32.621153,-70.537737,-22.738074,-15.731395,-19.828133,-1.661935,-27.363368,90.000000,
-19.828133,-1.661935,-27.363368,14.749324,-27.186990,-33.994097,29.866251,20.610086,-18.479310,-19.828133,-1.661935,-27.363368,90.000000,
-19.828133,-1.661935,-27.363368,-67.064640,35.808915,-32.621153,-70.537737,-22.738074,-15.731395,-19.828133,-1.661935,-27.363368,90.000000,
-19.828133,-1.661935,-27.363368,14.749324,-27.186990,-33.994097,29.866251,20.610086,-18.479310,-19.828133,-1.661935,-27.363368,90.000000,
-19.828133,-1.661935,-27.363368,-67.064640,35.808915,-32.621153,-70.537737,-22.738074,-15.731395,-19.828133,-1.661935,-27.363368,90.000000,
-19.828133,-1.661935,-27.363368,14.749324,-27.186990,-33.994097,29.866251,20.610086,-18.479310,-19.828133,-1.661935,-27.363368,90.000000,
-19.828133,-1.661935,-27.363368,-67.064640,35.808915,-32.621153,-70.537737,-22.738074,-15.731395,-19.828133,-1.661935,-27.363368,90.000000,
-19.828133,-1.661935,-27.363368,14.749324,-27.186990,-33.994097,29.866251,20.610086,-18.479310,-19.828133,-1.661935,-27.363368,90.000000,
-19.828133,-1.661935,-27.363368,-67.064640,35.808915,-32.621153,-70.537737,-22.738074,-15.731395,-19.828133,-1.661935,-27.363368,90.000000,
-19.828133,-1.661935,-27.363368,14.749324,-27.186990,-33.994097,29.866251,20.610086,-18.479310,-19.828133,-1.661935,-27.363368,90.000000,
-19.828133,-1.661935,-27.363368,-67.064640,35.808915,-32.621153,-70.537737,-22.738074,-15.731395,-19.828133,-1.661935,-27.363368,90.000000,
-19.828133,-1.661935,-27.363368,14.749324,-27.186990,-33.994097,29.866251,20.610086,-18.479310,-19.828133,-1.661935,-27.363368,90.000000,
-19.828133,-1.661935,-27.363368,-67.064640,35.808915,-32.621153,-70.537737,-22.738074,-15.731395,-19.828133,-1.661935,-27.363368,90.000000,
-19.828133,-1.661935,-27.363368,14.749324,-27.186990,-33.994097,29.866251,20.610086,-18.479310,-19.828133,-1.661935,-27.363368,90.000000,
-19.828133,-1.661935,-27.363368,-67.064640,35.808915,-32.621153,-70.537737,-22.738074,-15.731395,-19.828133,-1.661935,-27.363368,90.000000,
-19.828133,-1.661935,-27.363368,14.749324,-27.186990,-33.994097,29.866251,20.610086,-18.479310,-19.828133,-1.661935,-27.363368,90.000000,
-19.828133,-1.661935,-27.363368,-67.064640,35.808915,-32.621153,-70.537737,-22.738074,-15.731395,-19.828133,-1.661935,-27.363368,90.000000,
-19.828133,-1.661935,-27.363368,14.749324,-27.186990,-33.994097,29.866251,20.610086,-18.479310,-19.828133,-1.661935,-27.363368,90.000000,
-19.828133,-1.661935,-27.363368,-67.064640,35.808915,-32.621153,-70.537737,-22.738074,-15.731395,-19.828133,-1.661935,-27.363368,90.000000,
-19.828133,-1.661935,-27.363368,14.749324,-27.186990,-33.994097,29.866251,20.610086,-18.479310,-19.828133,-1.661935,-27.363368,90.000000,
-19.828133,-1.661935,-27.363368,-67.064640,35.808915,-32.621153,-70.537737,-22.738074,-15.731395,-19.828133,-1.661935,-27.363368,90.000000,
-19.828133,-1.661935,-27.363368,14.749324,-27.186990,-33.994097,29.866251,20.610086,-18.479310,-19.828133,-1.661935,-27.363368,90.000000,
-19.828133,-1.661935,-27.363368,-67.064640,35.808915,-32.621153,-70.537737,-22.738074,-15.731395,-19.828133,-1.661935,-27.363368,90.000000,
-19.828133,-1.661935,-27.363368,14.749324,-27.186990,-33.994097,29.866251,20.610086,-18.479310,-19.828133,-1.661935,-27.363368,90.000000,
-19.828133,-1.661935,-27.363368,-67.064640,35.808915,-32.621153,-70.537737,-22.738074,-15.731395,-19.828133,-1.661935,-27.363368,90.000000,
-19.828133,-1.661935,-27.363368,14.749324,-27.186990,-33.994097,29.866251,20.610086,-18.479310,-19.828133,-1.661935,-27.363368,90.000000,
-19.828133,-1.661935,-27.363368,-67.064640,35.808915,-32.621153,-70.537737,-22.738074,-15.731395,-19.828133,-1.661935,-27.363368,90.000000,
-19.828133,-1.661935,-27.363368,14.749324,-27.186990,-33.994097,29.866251,20.610086,-18.479310,-19.828133,-1.661935,-27.363368,90.000000,
-19.828133,-1.661935,-27.363368,-67.064640,35.808915,-32.621153,-70.537737,-22.738074,-15.731395,-19.828133,-1.661935,-27.363368,90.000000,
-19.828133,-1.661935,-27.363368,14.749324,-27.186990,-33.994097,29.866251,20.610086,-18.479310,-19.828133,-1.661935,-27.363368,90.000000,
-19.828133,-1.661935,-27.363368,-67.064640,35.808915,-32.621153,-70.537737,-22.738074,-15.731395,-19.828133,-1.661935,-27.363368,90.000000,
-19.828133,-1.661935,-27.363368,14.749324,-27.186990,-33.994097,29.866251,20.610086,-18.479310,-19.828133,-1.661935,-27.363368,90.000000,
-19.828133,-1.661935,-27.363368,-67.064640,35.808915,-32.621153,-70.537737,-22.738074,-15.731395,-19.828133,-1.661935,-27.363368,90.000000,
-19.828133,-1.661935,-27.363368,14.749324,-27.186990,-33.994097,29.866251,20.610086,-18.479310,-19.828133,-1.661935,-27.363368,90.000000,
-19.828133,-1.661935,-27.363368,-67.064640,35.808915,-32.621153,-70.537737,-22.738074,-15.731395,-19.828133,-1.661935,-27.363368,90.000000,
-19.828133,-1.661935,-27.363368,14.749324,-27.186990,-33.994097,29.866251,20.610086,-18.479310,-19.828133,-1.661935,-27.363368,90.000000,
-19.828133,-1.661935,-27.363368,-67.064640,35.808915,-32.621153,-70.537737,-22.738074,-15.731395,-19.828133,-1.661935,-27.363368,90.000000,
-19.828133,-1.661935,-27.363368,14.749324,-27.186990,-33.994097,29.866251,20.610086,-18.479310,-19.828133,-1.661935,-27.363368,90.000000,
-19.828133,-1.661935,-27.363368,-67.064640,35.808915,-32.621153,-70.537737,-22.738074,-15.731395,-19.828133,-1.661935,-27.363368,90.000000,
-19.828133,-1.661935,-27.363368,14.749324,-27.186990,-33.994097,29.866251,20.610086,-18.479310,-19.828133,-1.661935,-27.363368,90.000000,
-19.828133,-1.661935,-27.363368,-67.064640,35.808915,-32.621153,-70.537737,-22.738074,-15.731395,-19.828133,-1.661935,-27.363368,90.000000,
-19.828133,-1.661935,-27.363368,14.749324,-27.186990,-33.994097,29.866251,20.610086,-18.479310,-19.828133,-1.661935,-27.363368,90.000000,
-19.828133,-1.661935,-27.363368,-67.064640,35.808915,-32.621153,-70.537737,-22.738074,-15.731395,-19.828133,-1.661935,-27.363368,90.000000,
-19.828133,-1.661935,-27.363368,14.749324,-27.186990,-33.994097,29.866251,20.610086,-18.479310,-19.828133,-1.661935,-27.363368,90.000000,
-19.828133,-1.661935,-27.363368,-67.064640,35.808915,-32.621153,-70.537737,-22.738074,-15.731395,-19.828133,-1.661935,-27.363368,90.000000,
-19.828133,-1.661935,-27.363368,14.749324,-27.186990,-33.994097,29.866251,20.610086,-18.479310,-19.828133,-1.661935,-27.363368,90.000000,
-19.828133,-1.661935,-27.363368,-67.064640,35.808915,-32.621153,-70.537737,-22.738074,-15.731395,-19.828133,-1.661935,-27.363368,90.000000,
-19.828133,-1.661935,-27.363368,14.749324,-27.186990,-33.994097,29.866251,20.610086,-18.479310,-19.828133,-1.661935,-27.363368,90.000000,
-19.828133,-1.661935,-27.363368,-67.064640,35.808915,-32.621153,-70.537737,-22.738074,-15.731395,-19.828133,-1.661935,-27.363368,90.000000,
-19.828133,-1.661935,-27.363368,14.749324,-27.186990,-33.994097,29.866251,20.610086,-18.479310,-19.828133,-1.661935,-27.363368,90.000000,
-19.828133,-1.661935,-27.363368,-67.064640,35.808915,-32.621153,-70.537737,-22.738074,-15.731395,-19.828133,-1.661935,-27.363368,90.000000,
-19.828133,-1.661935,-27.363368,14.749324,-27.186990,-33.994097,29.866251,20.610086,-18.479310,-19.828133,-1.661935,-27.363368,90.000000,
-19.828133,-1.661935,-27.363368,-67.064640,35.808915,-32.621153,-70.537737,-22.738074,-15.731395,-19.828133,-1.661935,-27.363368,90.000000,
-19.828133,-1.661935,-27.363368,14.749324,-27.186990,-33.994097,29.866251,20.610086,-18.479310,-19.828133,-1.661935,-27.363368,90.000000,
-19.828133,-1.661935,-27.363368,-67.064640,35.808915,-32.621153,-70.537737,-22.738074,-15.731395,-19.828133,-1.661935,-27.363368,90.000000,
-19.828133,-1.661935,-27.363368,14.749324,-27.186990,-33.994097,29.866251,20.610086,-18.479310,-19.828133,-1.661935,-27.363368,90.000000,
-19.828133,-1.661935,-27.363368,-67.064640,35.808915,-32.621153,-70.537737,-22.738074,-15.731395,-19.828133,-1.661935,-27.363368,90.000000,
-19.828133,-1.661935,-27.363368,14.749324,-27.186990,-33.994097,29.866251,20.610086,-18.479310,-19.828133,-1.661935,-27.363368,90.000000,
-19.828133,-1.661935,-27.363368,-67.064640,35.808915,-32.621153,-70.537737,-22.738074,-15.731395,-19.828133,-1.661935,-27.363368,90.000000,
-19.828133,-1.661935,-27.363368,14.749324,-27.186990,-33.994097,29.866251,20.610086,-18.479310,-19.828133,-1.661935,-27.363368,90.000000,
-19.828133,-1.661935,-27.363368,-67.064640,35.808915,-32.621153,-70.537737,-22.738074,-15.731395,-19.828133,-1.661935,-27.363368,90.000000,
-19.828133,-1.661935,-27.363368,14.749324,-27.186990,-33.994097,29.866251,20.610086,-18.479310,-19.828133,-1.661935,-27.363368,90.000000,
-19.828133,-1.661935,-27.363368,-67.064640,35.808915,-32.621153,-70.537737,-22.738074,-15.731395,-19.828133,-1.661935,-27.363368,90.000000,
-19.828133,-1.661935,-27.363368,14.749324,-27.186990,-33.994097,29.866251,20.610086,-18.479310,-19.828133,-1.661935,-27.363368,90.000000,
-19.828133,-1.661935,-27.363368,-67.064640,35.808915,-32.621153,-70.537737,-22.738074,-15.731395,-19.828133,-1.661935,-27.363368,90.000000,
-19.828133,-1.661935,-27.363368,14.749324,-27.186990,-33.994097,29.866251,20.610086,-18.479310,-19.828133,-1.661935,-27.363368,90.000000,
-19.828133,-1.661935,-27.363368,-67.064640,35.808915,-32.621153,-70.537737,-22.738074,-15.731395,-19.828133,-1.661935,-27.363368,90.000000,
-19.828133,-1.661935,-27.363368,14.749324,-27.186990,-33.994097,29.866251,20.610086,-18.479310,-19.828133,-1.661935,-27.363368,90.000000,
-19.828133,-1.661935,-27.363368,-67.064640,35.808915,-32.621153,-70.537737,-22.738074,-15.731395,-19.828133,-1.661935,-27.363368,90.000000,
-19.828133,-1.661935,-27.363368,14.749324,-27.186990,-33.994097,29.866251,20.610086,-18.479310,-19.828133,-1.661935,-27.363368,90.000000,
-19.828133,-1.661935,-27.363368,-67.064640,35.808915,-32.621153,-70.537737,-22.738074,-15.731395,-19.828133,-1.661935,-27.363368,90.000000,
-19.828133,-1.661935,-27.363368,14.749324,-27.186990,-33.994097,29.866251,20.610086,-18.479310,-19.828133,-1.661935,-27.363368,90.000000,
-19.828133,-1.661935,-27.363368,-67.064640,35.808915,-32.621153,-70.537737,-22.738074,-15.731395,-19.828133,-1.661935,-27.363368,90.000000,
-19.828133,-1.661935,-27.363368,14.749324,-27.186990,-33.994097,29.866251,20.610086,-18.479310,-19.828133,-1.661935,-27.363368,90.000000,
-19.828133,-1.661935,-27.363368,-67.064640,35.808915,-32.621153,-70.537737,-22.738074,-15.731395,-19.828133,-1.661935,-27.363368,90.000000,
-19.828133,-1.661935,-27.363368,14.749324,-27.186990,-33.994097,29.866251,20.610086,-18.479310,-19.828133,-1.661935,-27.363368,90.000000,
-19.828133,-1.661935,-27.363368,-67.064640,35.808915,-32.621153,-70.537737,-22.738074,-15.731395,-19.828133,-1.661935,-27.363368,90.000000,
-19.828133,-1.661935,-27.363368,14.749324,-27.186990,-33.994097,29.866251,20.610086,-18.479310,-19.828133,-1.661935,-27.363368,90.000000,
-19.828133,-1.661935,-27.363368,-67.064640,35.808915,-32.621153,-70.537737,-22.738074,-15.731395,-19.828133,-1.661935,-27.363368,90.000000,
-19.828133,-1.661935,-27.363368,14.749324,-27.186990,-33.994097,29.866251,20.610086,-18.479310,-19.828133,-1.661935,-27.363368,90.000000,
-19.828133,-1.661935,-27.363368,-67.064640,35.808915,-32.621153,-70.537737,-22.738074,-15.731395,-19.828133,-1.661935,-27.363368,90.000000,
-19.828133,-1.661935,-27.363368,14.749324,-27.186990,-33.994097,29.866251,20.610086,-18.479310,-19.828133,-1.661935,-27.363368,90.000000,
-19.828133,-1.661935,-27.363368,-67.064640,35.808915,-32.621153,-70.537737,-22.738074,-15.731395,-19.828133,-1.661935,-27.363368,90.000000,
-19.828133,-1.661935,-27.363368,14.749324,-27.186990,-33.994097,29.866251,20.610086,-18.479310,-19.828133,-1.661935,-27.363368,90.000000,
-19.828133,-1.661935,-27.363368,-67.064640,35.808915,-32.621153,-70.537737,-22.738074,-15.731395,-19.828133,-1.661935,-27.363368,90.000000,
-19.828133,-1.661935,-27.363368,14.749324,-27.186990,-33.994097,29.866251,20.610086,-18.479310,-19.828133,-1.661935,-27.363368,90.000000,
-19.828133,-1.661935,-27.363368,-67.064640,35.808915,-32.621153,-70.537737,-22.738074,-15.731395,-19.828133,-1.661935,-27.363368,90.000000,
-19.828133,-1.661935,-27.363368,14.749324,-27.186990,-33.994097,29.866251,20.610086,-18.479310,-19.828133,-1.661935,-27.363368,90.000000,
-19.828133,-1.661935,-27.363368,-67.064640,35.808915,-32.621153,-70.537737,-22.738074,-15.731395,-19.828133,-1.661935,-27.363368,90.000000,
-19.828133,-1.661935,-27.363368,14.749324,-27.186990,-33.994097,29.866251,20.610086,-18.479310,-19.828133,-1.661935,-27.363368,90.000000,
-19.828133,-1.661935,-27.363368,-67.064640,35.808915,-32.621153,-70.537737,-22.738074,-15.731395,-19.828133,-1.661935,-27.363368,90.000000,
-19.828133,-1.661935,-27.363368,14.749324,-27.186990,-33.994097,29.866251,20.610086,-18.479310,-19.828133,-1.661935,-27.363368,90.000000,
-19.828133,-1.661935,-27.363368,-67.064640,35.808915,-32.621153,-70.537737,-22.738074,-15.731395,-19.828133,-1.661935,-27.363368,90.000000,
-19.828133,-1.661935,-27.363368,14.749324,-27.186990,-33.994097,29.866251,20.610086,-18.479310,-19.828133,-1.661935,-27.363368,90.000000,
-19.828133,-1.661935,-27.363368,-67.064640,35.808915,-32.621153,-70.537737,-22.738074,-15.731395,-19.828133,-1.661935,-27.363368,90.000000,
-19.828133,-1.661935,-27.363368,14.749324,-27.186990,-33.994097,29.866251,20.610086,-18.479310,-19.828133,-1.661935,-27.363368,90.000000,
-19.828133,-1.661935,-27.363368,-67.064640,35.808915,-32.621153,-70.537737,-22.738074,-15.731395,-19.828133,-1.661935,-27.363368,90.000000,
-19.828133,-1.661935,-27.363368,14.749324,-27.186990,-33.994097,29.866251,20.610086,-18.479310,-19.828133,-1.661935,-27.363368,90.000000,
-19.828133,-1.661935,-27.363368,-67.064640,35.808915,-32.621153,-70.537737,-22.738074,-15.731395,-19.828133,-1.661935,-27.363368,90.000000,
-19.828133,-1.661935,-27.363368,14.749324,-27.186990,-33.994097,29.866251,20.610086,-18.479310,-19.828133,-1.661935,-27.363368,90.000000,
-19.828133,-1.661935,-27.363368,-67.064640,35.808915,-32.621153,-70.537737,-22.738074,-15.731395,-19.828133,-1.661935,-27.363368,90.000000,
-19.828133,-1.661935,-27.363368,14.749324,-27.186990,-33.994097,29.866251,20.610086,-18.479310,-19.828133,-1.661935,-27.363368,90.000000,
-19.828133,-1.661935,-27.363368,-67.064640,35.808915,-32.621153,-70.537737,-22.738074,-15.731395,-19.828133,-1.661935,-27.363368,90.000000,
-19.828133,-1.661935,-27.363368,14.749324,-27.186990,-33.994097,29.866251,20.610086,-18.479310,-19.828133,-1.661935,-27.363368,90.000000,
-19.828133,-1.661935,-27.363368,-67.064640,35.808915,-32.621153,-70.537737,-22.738074,-15.731395,-19.828133,-1.661935,-27.363368,90.000000,
-19.828133,-1.661935,-27.363368,14.749324,-27.186990,-33.994097,29.866251,20.610086,-18.479310,-19.828133,-1.661935,-27.363368,90.000000,
-19.828133,-1.661935,-27.363368,-67.064640,35.808915,-32.621153,-70.537737,-22.738074,-15.731395,-19.828133,-1.661935,-27.363368,90.000000,
-19.828133,-1.661935,-27.363368,14.749324,-27.186990,-33.994097,29.866251,20.610086,-18.479310,-19.828133,-1.661935,-27.363368,90.000000,
-19.828133,-1.661935,-27.363368,-67.064640,35.808915,-32.621153,-70.537737,-22.738074,-15.731395,-19.828133,-1.661935,-27.363368,90.000000,
-19.828133,-1.661935,-27.363368,14.749324,-27.186990,-33.994097,29.866251,20.610086,-18.479310,-19.828133,-1.661935,-27.363368,90.000000,
-19.828133,-1.661935,-27.363368,-67.064640,35.808915,-32.621153,-70.537737,-22.738074,-15.731395,-19.828133,-1.661935,-27.363368,90.000000,
-19.828133,-1.661935,-27.363368,14.749324,-27.186990,-33.994097,29.866251,20.610086,-18.479310,-19.828133,-1.661935,-27.363368,90.000000,
-19.828133,-1.661935,-27.363368,-67.064640,35.808915,-32.621153,-70.537737,-22.738074,-15.731395,-19.828133,-1.661935,-27.363368,90.000000,
-19.828133,-1.661935,-27.363368,14.749324,-27.186990,-33.994097,29.866251,20.610086,-18.479310,-19.828133,-1.661935,-27.363368,90.000000,
-19.828133,-1.661935,-27.363368,-67.064640,35.808915,-32.621153,-70.537737,-22.738074,-15.731395,-19.828133,-1.661935,-27.363368,90.000000,
-19.828133,-1.661935,-27.363368,14.749324,-27.186990,-33.994097,29.866251,20.610086,-18.479310,-19.828133,-1.661935,-27.363368,90.000000,
-19.828133,-1.661935,-27.363368,-67.064640,35.808915,-32.621153,-70.537737,-22.738074,-15.731395,-19.828133,-1.661935,-27.363368,90.000000,
-19.828133,-1.661935,-27.363368,14.749324,-27.186990,-33.994097,29.866251,20.610086,-18.479310,-19.828133,-1.661935,-27.363368,90.000000,
-19.828133,-1.661935,-27.363368,-67.064640,35.808915,-32.621153,-70.537737,-22.738074,-15.731395,-19.828133,-1.661935,-27.363368,90.000000,
-19.828133,-1.661935,-27.363368,14.749324,-27.186990,-33.994097,29.866251,20.610086,-18.479310,-19.828133,-1.661935,-27.363368,90.000000,
-19.828133,-1.661935,-27.363368,-67.064640,35.808915,-32.621153,-70.537737,-22.738074,-15.731395,-19.828133,-1.661935,-27.363368,90.000000,
-19.828133,-1.661935,-27.363368,14.749324,-27.186990,-33.994097,29.866251,20.610086,-18.479310,-19.828133,-1.661935,-27.363368,90.000000,
-19.828133,-1.661935,-27.363368,-67.064640,35.808915,-32.621153,-70.537737,-22.738074,-15.731395,-19.828133,-1.661935,-27.363368,90.000000,
-19.828133,-1.661935,-27.363368,14.749324,-27.186990,-33.994097,29.866251,20.610086,-18.479310,-19.828133,-1.661935,-27.363368,90.000000,
-19.828133,-1.661935,-27.363368,-67.064640,35.808915,-32.621153,-70.537737,-22.738074,-15.731395,-19.828133,-1.661935,-27.363368,90.000000,
-19.828133,-1.661935,-27.363368,14.749324,-27.186990,-33.994097,29.866251,20.610086,-18.479310,-19.828133,-1.661935,-27.363368,90.000000,
-19.828133,-1.661935,-27.363368,-67.064640,35.808915,-32.621153,-70.537737,-22.738074,-15.731395,-19.828133,-1.661935,-27.363368,90.000000,
-19.828133,-1.661935,-27.363368,14.749324,-27.186990,-33.994097,29.866251,20.610086,-18.479310,-19.828133,-1.661935,-27.363368,90.000000,
-19.828133,-1.661935,-27.363368,-67.064640,35.808915,-32.621153,-70.537737,-22.738074,-15.731395,-19.828133,-1.661935,-27.363368,90.000000,
-19.828133,-1.661935,-27.363368,14.749324,-27.186990,-33.994097,29.866251,20.610086,-18.479310,-19.828133,-1.661935,-27.363368,90.000000,
-19.828133,-1.661935,-27.363368,-67.064640,35.808915,-32.621153,-70.537737,-22.738074,-15.731395,-19.828133,-1.661935,-27.363368,90.000000,
-19.828133,-1.661935,-27.363368,14.749324,-27.186990,-33.994097,29.866251,20.610086,-18.479310,-19.828133,-1.661935,-27.363368,90.000000,
-19.828133,-1.661935,-27.363368,-67.064640,35.808915,-32.621153,-70.537737,-22.738074,-15.731395,-19.828133,-1.661935,-27.363368,90.000000,
-19.828133,-1.661935,-27.363368,14.749324,-27.186990,-33.994097,29.866251,20.610086,-18.479310,-19.828133,-1.661935,-27.363368,90.000000,
-19.828133,-1.661935,-27.363368,-67.064640,35.808915,-32.621153,-70.537737,-22.738074,-15.731395,-19.828133,-1.661935,-27.363368,90.000000,
-19.828133,-1.661935,-27.363368,14.749324,-27.186990,-33.994097,29.866251,20.610086,-18.479310,-19.828133,-1.661935,-27.363368,90.000000,
-19.828133,-1.661935,-27.363368,-67.064640,35.808915,-32.621153,-70.537737,-22.738074,-15.731395,-19.828133,-1.661935,-27.363368,90.000000,
-19.828133,-1.661935,-27.363368,14.749324,-27.186990,-33.994097,29.866251,20.610086,-18.479310,-19.828133,-1.661935,-27.363368,90.000000,
-19.828133,-1.661935,-27.363368,-67.064640,35.808915,-32.621153,-70.537737,-22.738074,-15.731395,-19.828133,-1.661935,-27.363368,90.000000,
-19.828133,-1.661935,-27.363368,14.749324,-27.186990,-33.994097,29.866251,20.610086,-18.479310,-19.828133,-1.661935,-27.363368,90.000000,
-19.828133,-1.661935,-27.363368,-67.064640,35.808915,-32.621153,-70.537737,-22.738074,-15.731395,-19.828133,-1.661935,-27.363368,90.000000,
-19.828133,-1.661935,-27.363368,14.749324,-27.186990,-33.994097,29.866251,20.610086,-18.479310,-19.828133,-1.661935,-27.363368,90.000000,
-19.828133,-1.661935,-27.363368,-67.064640,35.808915,-32.621153,-70.537737,-22.738074,-15.731395,-19.828133,-1.661935,-27.363368,90.000000,
-19.828133,-1.661935,-27.363368,14.749324,-27.186990,-33.994097,29.866251,20.610086,-18.479310,-19.828133,-1.661935,-27.363368,90.000000,
-19.828133,-1.661935,-27.363368,-67.064640,35.808915,-32.621153,-70.537737,-22.738074,-15.731395,-19.828133,-1.661935,-27.363368,90.000000,
-19.828133,-1.661935,-27.363368,14.749324,-27.186990,-33.994097,29.866251,20.610086,-18.479310,-19.828133,-1.661935,-27.363368,90.000000,
-19.828133,-1.661935,-27.363368,-67.064640,35.808915,-32.621153,-70.537737,-22.738074,-15.731395,-19.828133,-1.661935,-27.363368,90.000000,
-19.828133,-1.661935,-27.363368,14.749324,-27.186990,-33.994097,29.866251,20.610086,-18.479310,-19.828133,-1.661935,-27.363368,90.000000,
-19.828133,-1.661935,-27.363368,-67.064640,35.808915,-32.621153,-70.537737,-22.738074,-15.731395,-19.828133,-1.661935,-27.363368,90.000000,
-19.828133,-1.661935,-27.363368,14.749324,-27.186990,-33.994097,29.866251,20.610086,-18.479310,-19.828133,-1.661935,-27.363368,90.000000,
-19.828133,-1.661935,-27.363368,-67.064640,35.808915,-32.621153,-70.537737,-22.738074,-15.731395,-19.828133,-1.661935,-27.363368,90.000000,
-19.828133,-1.661935,-27.363368,14.749324,-27.186990,-33.994097,29.866251,20.610086,-18.479310,-19.828133,-1.661935,-27.363368,90.000000,
-19.828133,-1.661935,-27.363368,-67.064640,35.808915,-32.621153,-70.537737,-22.738074,-15.731395,-19.828133,-1.661935,-27.363368,90.000000,
-19.828133,-1.661935,-27.363368,14.749324,-27.186990,-33.994097,29.866251,20.610086,-18.479310,-19.828133,-1.661935,-27.363368,90.000000,
-19.828133,-1.661935,-27.363368,-67.064640,35.808915,-32.621153,-70.537737,-22.738074,-15.731395,-19.828133,-1.661935,-27.363368,90.000000,
-19.828133,-1.661935,-27.363368,14.749324,-27.186990,-33.994097,29.866251,20.610086,-18.479310,-19.828133,-1.661935,-27.363368,90.000000,
-19.828133,-1.661935,-27.363368,-67.064640,35.808915,-32.621153,-70.537737,-22.738074,-15.731395,-19.828133,-1.661935,-27.363368,90.000000,
-19.828133,-1.661935,-27.363368,14.749324,-27.186990,-33.994097,29.866251,20.610086,-18.479310,-19.828133,-1.661935,-27.363368,90.000000,
-19.828133,-1.661935,-27.363368,-67.064640,35.808915,-32.621153,-70.537737,-22.738074,-15.731395,-19.828133,-1.661935,-27.363368,90.000000,
-19.828133,-1.661935,-27.363368,14.749324,-27.186990,-33.994097,29.866251,20.610086,-18.479310,-19.828133,-1.661935,-27.363368,90.000000,
-19.828133,-1.661935,-27.363368,-67.064640,35.808915,-32.621153,-70.537737,-22.738074,-15.731395,-19.828133,-1.661935,-27.363368,90.000000,
-19.828133,-1.661935,-27.363368,14.749324,-27.186990,-33.994097,29.866251,20.610086,-18.479310,-19.828133,-1.661935,-27.363368,90.000000,
-19.828133,-1.661935,-27.363368,-67.064640,35.808915,-32.621153,-70.537737,-22.738074,-15.731395,-19.828133,-1.661935,-27.363368,90.000000,
-19.828133,-1.661935,-27.363368,14.749324,-27.186990,-33.994097,29.866251,20.610086,-18.479310,-19.828133,-1.661935,-27.363368,90.000000,
-19.828133,-1.661935,-27.363368,-67.064640,35.808915,-32.621153,-70.537737,-22.738074,-15.731395,-19.828133,-1.661935,-27.363368,90.000000,
-19.828133,-1.661935,-27.363368,14.749324,-27.186990,-33.994097,29.866251,20.610086,-18.479310,-19.828133,-1.661935,-27.363368,90.000000,
-19.828133,-1.661935,-27.363368,-67.064640,35.808915,-32.621153,-70.537737,-22.738074,-15.731395,-19.828133,-1.661935,-27.363368,90.000000,
-19.828133,-1.661935,-27.363368,14.749324,-27.186990,-33.994097,29.866251,20.610086,-18.479310,-19.828133,-1.661935,-27.363368,90.000000,
-19.828133,-1.661935,-27.363368,-67.064640,35.808915,-32.621153,-70.537737,-22.738074,-15.731395,-19.828133,-1.661935,-27.363368,90.000000,
-19.828133,-1.661935,-27.363368,14.749324,-27.186990,-33.994097,29.866251,20.610086,-18.479310,-19.828133,-1.661935,-27.363368,90.000000,
-19.828133,-1.661935,-27.363368,-67.064640,35.808915,-32.621153,-70.537737,-22.738074,-15.731395,-19.828133,-1.661935,-27.363368,90.000000,
-19.828133,-1.661935,-27.363368,14.749324,-27.186990,-33.994097,29.866251,20.610086,-18.479310,-19.828133,-1.661935,-27.363368,90.000000,
-19.828133,-1.661935,-27.363368,-67.064640,35.808915,-32.621153,-70.537737,-22.738074,-15.731395,-19.828133,-1.661935,-27.363368,90.000000,
-19.828133,-1.661935,-27.363368,14.749324,-27.186990,-33.994097,29.866251,20.610086,-18.479310,-19.828133,-1.661935,-27.363368,90.000000,
-19.828133,-1.661935,-27.363368,-67.064640,35.808915,-32.621153,-70.537737,-22.738074,-15.731395,-19.828133,-1.661935,-27.363368,90.000000,
-19.828133,-1.661935,-27.363368,14.749324,-27.186990,-33.994097,29.866251,20.610086,-18.479310,-19.828133,-1.661935,-27.363368,90.000000,
-19.828133,-1.661935,-27.363368,-67.064640,35.808915,-32.621153,-70.537737,-22.738074,-15.731395,-19.828133,-1.661935,-27.363368,90.000000,
-19.828133,-1.661935,-27.363368,14.749324,-27.186990,-33.994097,29.866251,20.610086,-18.479310,-19.828133,-1.661935,-27.363368,90.000000,
-19.828133,-1.661935,-27.363368,-67.064640,35.808915,-32.621153,-70.537737,-22.738074,-15.731395,-19.828133,-1.661935,-27.363368,90.000000,
-19.828133,-1.661935,-27.363368,14.749324,-27.186990,-33.994097,29.866251,20.610086,-18.479310,-19.828133,-1.661935,-27.363368,90.000000,
-19.828133,-1.661935,-27.363368,-67.064640,35.808915,-32.621153,-70.537737,-22.738074,-15.731395,-19.828133,-1.661935,-27.363368,90.000000,
-19.828133,-1.661935,-27.363368,14.749324,-27.186990,-33.994097,29.866251,20.610086,-18.479310,-19.828133,-1.661935,-27.363368,90.000000,
-19.828133,-1.661935,-27.363368,-67.064640,35.808915,-32.621153,-70.537737,-22.738074,-15.731395,-19.828133,-1.661935,-27.363368,90.000000,
-19.828133,-1.661935,-27.363368,14.749324,-27.186990,-33.994097,29.866251,20.610086,-18.479310,-19.828133,-1.661935,-27.363368,90.000000,
-19.828133,-1.661935,-27.363368,-67.064640,35.808915,-32.621153,-70.537737,-22.738074,-15.731395,-19.828133,-1.661935,-27.363368,90.000000,
-19.828133,-1.661935,-27.363368,14.749324,-27.186990,-33.994097,29.866251,20.610086,-18.479310,-19.828133,-1.661935,-27.363368,90.000000,
-19.828133,-1.661935,-27.363368,-67.064640,35.808915,-32.621153,-70.537737,-22.738074,-15.731395,-19.828133,-1.661935,-27.363368,90.000000,
-19.828133,-1.661935,-27.363368,14.749324,-27.186990,-33.994097,29.866251,20.610086,-18.479310,-19.828133,-1.661935,-27.363368,90.000000,
-19.828133,-1.661935,-27.363368,-67.064640,35.808915,-32.621153,-70.537737,-22.738074,-15.731395,-19.828133,-1.661935,-27.363368,90.000000,
-19.828133,-1.661935,-27.363368,14.749324,-27.186990,-33.994097,29.866251,20.610086,-18.479310,-19.828133,-1.661935,-27.363368,90.000000,
-19.828133,-1.661935,-27.363368,-67.064640,35.808915,-32.621153,-70.537737,-22.738074,-15.731395,-19.828133,-1.661935,-27.363368,90.000000,
-19.828133,-1.661935,-27.363368,14.749324,-27.186990,-33.994097,29.866251,20.610086,-18.479310,-19.828133,-1.661935,-27.363368,90.000000,
-19.828133,-1.661935,-27.363368,-67.064640,35.808915,-32.621153,-70.537737,-22.738074,-15.731395,-19.828133,-1.661935,-27.363368,90.000000,
-19.828133,-1.661935,-27.363368,14.749324,-27.186990,-33.994097,29.866251,20.610086,-18.479310,-19.828133,-1.661935,-27.363368,90.000000,
-19.828133,-1.661935,-27.363368,-67.064640,35.808915,-32.621153,-70.537737,-22.738074,-15.731395,-19.828133,-1.661935,-27.363368,90.000000,
-19.828133,-1.661935,-27.363368,14.749324,-27.186990,-33.994097,29.866251,20.610086,-18.479310,-19.828133,-1.661935,-27.363368,90.000000,
-19.828133,-1.661935,-27.363368,-67.064640,35.808915,-32.621153,-70.537737,-22.738074,-15.731395,-19.828133,-1.661935,-27.363368,90.000000,
-19.828133,-1.661935,-27.363368,14.749324,-27.186990,-33.994097,29.866251,20.610086,-18.479310,-19.828133,-1.661935,-27.363368,90.000000,
-19.828133,-1.661935,-27.363368,-67.064640,35.808915,-32.621153,-70.537737,-22.738074,-15.731395,-19.828133,-1.661935,-27.363368,90.000000,
-19.828133,-1.661935,-27.363368,14.749324,-27.186990,-33.994097,29.866251,20.610086,-18.479310,-19.828133,-1.661935,-27.363368,90.000000,
-19.828133,-1.661935,-27.363368,-67.064640,35.808915,-32.621153,-70.537737,-22.738074,-15.731395,-19.828133,-1.661935,-27.363368,90.000000,
-19.828133,-1.661935,-27.363368,14.749324,-27.186990,-33.994097,29.866251,20.610086,-18.479310,-19.828133,-1.661935,-27.363368,90.000000,
-19.828133,-1.661935,-27.363368,-67.064640,35.808915,-32.621153,-70.537737,-22.738074,-15.731395,-19.828133,-1.661935,-27.363368,90.000000,
-19.828133,-1.661935,-27.363368,14.749324,-27.186990,-33.994097,29.866251,20.610086,-18.479310,-19.828133,-1.661935,-27.363368,90.000000,
-19.828133,-1.661935,-27.363368,-67.064640,35.808915,-32.621153,-70.537737,-22.738074,-15.731395,-19.828133,-1.661935,-27.363368,90.000000,
-19.828133,-1.661935,-27.363368,14.749324,-27.186990,-33.994097,29.866251,20.610086,-18.479310,-19.828133,-1.661935,-27.363368,90.000000,
-19.828133,-1.661935,-27.363368,-67.064640,35.808915,-32.621153,-70.537737,-22.738074,-15.731395,-19.828133,-1.661935,-27.363368,90.000000,
-19.828133,-1.661935,-27.363368,14.749324,-27.186990,-33.994097,29.866251,20.610086,-18.479310,-19.828133,-1.661935,-27.363368,90.000000,
-19.828133,-1.661935,-27.363368,-67.064640,35.808915,-32.621153,-70.537737,-22.738074,-15.731395,-19.828133,-1.661935,-27.363368,90.000000,
-19.828133,-1.661935,-27.363368,14.749324,-27.186990,-33.994097,29.866251,20.610086,-18.479310,-19.828133,-1.661935,-27.363368,90.000000,
-19.828133,-1.661935,-27.363368,-67.064640,35.808915,-32.621153,-70.537737,-22.738074,-15.731395,-19.828133,-1.661935,-27.363368,90.000000,
-19.828133,-1.661935,-27.363368,14.749324,-27.186990,-33.994097,29.866251,20.610086,-18.479310,-19.828133,-1.661935,-27.363368,90.000000,
-19.828133,-1.661935,-27.363368,-67.064640,35.808915,-32.621153,-70.537737,-22.738074,-15.731395,-19.828133,-1.661935,-27.363368,90.000000,
-19.828133,-1.661935,-27.363368,14.749324,-27.186990,-33.994097,29.866251,20.610086,-18.479310,-19.828133,-1.661935,-27.363368,90.000000,
-19.828133,-1.661935,-27.363368,-67.064640,35.808915,-32.621153,-70.537737,-22.738074,-15.731395,-19.828133,-1.661935,-27.363368,90.000000,
-19.828133,-1.661935,-27.363368,14.749324,-27.186990,-33.994097,29.866251,20.610086,-18.479310,-19.828133,-1.661935,-27.363368,90.000000,
-19.828133,-1.661935,-27.363368,-67.064640,35.808915,-32.621153,-70.537737,-22.738074,-15.731395,-19.828133,-1.661935,-27.363368,90.000000,
-19.828133,-1.661935,-27.363368,14.749324,-27.186990,-33.994097,29.866251,20.610086,-18.479310,-19.828133,-1.661935,-27.363368,90.000000,
-19.828133,-1.661935,-27.363368,-67.064640,35.808915,-32.621153,-70.537737,-22.738074,-15.731395,-19.828133,-1.661935,-27.363368,90.000000,
-19.828133,-1.661935,-27.363368,14.749324,-27.186990,-33.994097,29.866251,20.610086,-18.479310,-19.828133,-1.661935,-27.363368,90.000000,
-19.828133,-1.661935,-27.363368,-67.064640,35.808915,-32.621153,-70.537737,-22.738074,-15.731395,-19.828133,-1.661935,-27.363368,90.000000,
-19.828133,-1.661935,-27.363368,14.749324,-27.186990,-33.994097,29.866251,20.610086,-18.479310,-19.828133,-1.661935,-27.363368,90.000000,
-19.828133,-1.661935,-27.363368,-67.064640,35.808915,-32.621153,-70.537737,-22.738074,-15.731395,-19.828133,-1.661935,-27.363368,90.000000,
-19.828133,-1.661935,-27.363368,14.749324,-27.186990,-33.994097,29.866251,20.610086,-18.479310,-19.828133,-1.661935,-27.363368,90.000000,
-19.828133,-1.661935,-27.363368,-67.064640,35.808915,-32.621153,-70.537737,-22.738074,-15.731395,-19.828133,-1.661935,-27.363368,90.000000,
-19.828133,-1.661935,-27.363368,14.749324,-27.186990,-33.994097,29.866251,20.610086,-18.479310,-19.828133,-1.661935,-27.363368,90.000000,
-19.828133,-1.661935,-27.363368,-67.064640,35.808915,-32.621153,-70.537737,-22.738074,-15.731395,-19.828133,-1.661935,-27.363368,90.000000,
-19.828133,-1.661935,-27.363368,14.749324,-27.186990,-33.994097,29.866251,20.610086,-18.479310,-19.828133,-1.661935,-27.363368,90.000000,
-19.828133,-1.661935,-27.363368,-67.064640,35.808915,-32.621153,-70.537737,-22.738074,-15.731395,-19.828133,-1.661935,-27.363368,90.000000,
-19.828133,-1.661935,-27.363368,14.749324,-27.186990,-33.994097,29.866251,20.610086,-18.479310,-19.828133,-1.661935,-27.363368,90.000000,
-19.828133,-1.661935,-27.363368,-67.064640,35.808915,-32.621153,-70.537737,-22.738074,-15.731395,-19.828133,-1.661935,-27.363368,90.000000,
-19.828133,-1.661935,-27.363368,14.749324,-27.186990,-33.994097,29.866251,20.610086,-18.479310,-19.828133,-1.661935,-27.363368,90.000000,
-19.828133,-1.661935,-27.363368,-67.064640,35.808915,-32.621153,-70.537737,-22.738074,-15.731395,-19.828133,-1.661935,-27.363368,90.000000,
-19.828133,-1.661935,-27.363368,14.749324,-27.186990,-33.994097,29.866251,20.610086,-18.479310,-19.828133,-1.661935,-27.363368,90.000000,
-19.828133,-1.661935,-27.363368,-67.064640,35.808915,-32.621153,-70.537737,-22.738074,-15.731395,-19.828133,-1.661935,-27.363368,90.000000,
-19.828133,-1.661935,-27.363368,14.749324,-27.186990,-33.994097,29.866251,20.610086,-18.479310,-19.828133,-1.661935,-27.363368,90.000000,
-19.828133,-1.661935,-27.363368,-67.064640,35.808915,-32.621153,-70.537737,-22.738074,-15.731395,-19.828133,-1.661935,-27.363368,90.000000,
-19.828133,-1.661935,-27.363368,14.749324,-27.186990,-33.994097,29.866251,20.610086,-18.479310,-19.828133,-1.661935,-27.363368,90.000000,
-19.828133,-1.661935,-27.363368,-67.064640,35.808915,-32.621153,-70.537737,-22.738074,-15.731395,-19.828133,-1.661935,-27.363368,90.000000,
-19.828133,-1.661935,-27.363368,14.749324,-27.186990,-33.994097,29.866251,20.610086,-18.479310,-19.828133,-1.661935,-27.363368,90.000000,
-19.828133,-1.661935,-27.363368,-67.064640,35.808915,-32.621153,-70.537737,-22.738074,-15.731395,-19.828133,-1.661935,-27.363368,90.000000,
-19.828133,-1.661935,-27.363368,14.749324,-27.186990,-33.994097,29.866251,20.610086,-18.479310,-19.828133,-1.661935,-27.363368,90.000000,
-19.828133,-1.661935,-27.363368,-67.064640,35.808915,-32.621153,-70.537737,-22.738074,-15.731395,-19.828133,-1.661935,-27.363368,90.000000,
-19.828133,-1.661935,-27.363368,14.749324,-27.186990,-33.994097,29.866251,20.610086,-18.479310,-19.828133,-1.661935,-27.363368,90.000000,
-19.828133,-1.661935,-27.363368,-67.064640,35.808915,-32.621153,-70.537737,-22.738074,-15.731395,-19.828133,-1.661935,-27.363368,90.000000,
-19.828133,-1.661935,-27.363368,14.749324,-27.186990,-33.994097,29.866251,20.610086,-18.479310,-19.828133,-1.661935,-27.363368,90.000000,
-19.828133,-1.661935,-27.363368,-67.064640,35.808915,-32.621153,-70.537737,-22.738074,-15.731395,-19.828133,-1.661935,-27.363368,90.000000,
-19.828133,-1.661935,-27.363368,14.749324,-27.186990,-33.994097,29.866251,20.610086,-18.479310,-19.828133,-1.661935,-27.363368,90.000000,
-19.828133,-1.661935,-27.363368,-67.064640,35.808915,-32.621153,-70.537737,-22.738074,-15.731395,-19.828133,-1.661935,-27.363368,90.000000,
-19.828133,-1.661935,-27.363368,14.749324,-27.186990,-33.994097,29.866251,20.610086,-18.479310,-19.828133,-1.661935,-27.363368,90.000000,
-19.828133,-1.661935,-27.363368,-67.064640,35.808915,-32.621153,-70.537737,-22.738074,-15.731395,-19.828133,-1.661935,-27.363368,90.000000,
-19.828133,-1.661935,-27.363368,14.749324,-27.186990,-33.994097,29.866251,20.610086,-18.479310,-19.828133,-1.661935,-27.363368,90.000000,
-19.828133,-1.661935,-27.363368,-67.064640,35.808915,-32.621153,-70.537737,-22.738074,-15.731395,-19.828133,-1.661935,-27.363368,90.000000,
-19.828133,-1.661935,-27.363368,14.749324,-27.186990,-33.994097,29.866251,20.610086,-18.479310,-19.828133,-1.661935,-27.363368,90.000000,
-19.828133,-1.661935,-27.363368,-67.064640,35.808915,-32.621153,-70.537737,-22.738074,-15.731395,-19.828133,-1.661935,-27.363368,90.000000,
-19.828133,-1.661935,-27.363368,14.749324,-27.186990,-33.994097,29.866251,20.610086,-18.479310,-19.828133,-1.661935,-27.363368,90.000000,
-19.828133,-1.661935,-27.363368,-67.064640,35.808915,-32.621153,-70.537737,-22.738074,-15.731395,-19.828133,-1.661935,-27.363368,90.000000,
-19.828133,-1.661935,-27.363368,14.749324,-27.186990,-33.994097,29.866251,20.610086,-18.479310,-19.828133,-1.661935,-27.363368,90.000000,
-19.828133,-1.661935,-27.363368,-67.064640,35.808915,-32.621153,-70.537737,-22.738074,-15.731395,-19.828133,-1.661935,-27.363368,90.000000,
-19.828133,-1.661935,-27.363368,14.749324,-27.186990,-33.994097,29.866251,20.610086,-18.479310,-19.828133,-1.661935,-27.363368,90.000000,
-19.828133,-1.661935,-27.363368,-67.064640,35.808915,-32.621153,-70.537737,-22.738074,-15.731395,-19.828133,-1.661935,-27.363368,90.000000,
-19.828133,-1.661935,-27.363368,14.749324,-27.186990,-33.994097,29.866251,20.610086,-18.479310,-19.828133,-1.661935,-27.363368,90.000000,
-19.828133,-1.661935,-27.363368,-67.064640,35.808915,-32.621153,-70.537737,-22.738074,-15.731395,-19.828133,-1.661935,-27.363368,90.000000,
-19.828133,-1.661935,-27.363368,14.749324,-27.186990,-33.994097,29.866251,20.610086,-18.479310,-19.828133,-1.661935,-27.363368,90.000000,
-19.828133,-1.661935,-27.363368,-67.064640,35.808915,-32.621153,-70.537737,-22.738074,-15.731395,-19.828133,-1.661935,-27.363368,90.000000,
-19.828133,-1.661935,-27.363368,14.749324,-27.186990,-33.994097,29.866251,20.610086,-18.479310,-19.828133,-1.661935,-27.363368,90.000000,
-19.828133,-1.661935,-27.363368,-67.064640,35.808915,-32.621153,-70.537737,-22.738074,-15.731395,-19.828133,-1.661935,-27.363368,90.000000,
-19.828133,-1.661935,-27.363368,14.749324,-27.186990,-33.994097,29.866251,20.610086,-18.479310,-19.828133,-1.661935,-27.363368,90.000000,
-19.828133,-1.661935,-27.363368,-67.064640,35.808915,-32.621153,-70.537737,-22.738074,-15.731395,-19.828133,-1.661935,-27.363368,90.000000,
-19.828133,-1.661935,-27.363368,14.749324,-27.186990,-33.994097,29.866251,20.610086,-18.479310,-19.828133,-1.661935,-27.363368,90.000000,
-19.828133,-1.661935,-27.363368,-67.064640,35.808915,-32.621153,-70.537737,-22.738074,-15.731395,-19.828133,-1.661935,-27.363368,90.000000,
-19.828133,-1.661935,-27.363368,14.749324,-27.186990,-33.994097,29.866251,20.610086,-18.479310,-19.828133,-1.661935,-27.363368,90.000000,
-19.828133,-1.661935,-27.363368,-67.064640,35.808915,-32.621153,-70.537737,-22.738074,-15.731395,-19.828133,-1.661935,-27.363368,90.000000,
-19.828133,-1.661935,-27.363368,14.749324,-27.186990,-33.994097,29.866251,20.610086,-18.479310,-19.828133,-1.661935,-27.363368,90.000000,
-19.828133,-1.661935,-27.363368,-67.064640,35.808915,-32.621153,-70.537737,-22.738074,-15.731395,-19.828133,-1.661935,-27.363368,90.000000,
-19.828133,-1.661935,-27.363368,14.749324,-27.186990,-33.994097,29.866251,20.610086,-18.479310,-19.828133,-1.661935,-27.363368,90.000000,
-19.828133,-1.661935,-27.363368,-67.064640,35.808915,-32.621153,-70.537737,-22.738074,-15.731395,-19.828133,-1.661935,-27.363368,90.000000,
-19.828133,-1.661935,-27.363368,14.749324,-27.186990,-33.994097,29.866251,20.610086,-18.479310,-19.828133,-1.661935,-27.363368,90.000000,
-19.828133,-1.661935,-27.363368,-67.064640,35.808915,-32.621153,-70.537737,-22.738074,-15.731395,-19.828133,-1.661935,-27.363368,90.000000,
-19.828133,-1.661935,-27.363368,14.749324,-27.186990,-33.994097,29.866251,20.610086,-18.479310,-19.828133,-1.661935,-27.363368,90.000000,
-19.828133,-1.661935,-27.363368,-67.064640,35.808915,-32.621153,-70.537737,-22.738074,-15.731395,-19.828133,-1.661935,-27.363368,90.000000,
-19.828133,-1.661935,-27.363368,14.749324,-27.186990,-33.994097,29.866251,20.610086,-18.479310,-19.828133,-1.661935,-27.363368,90.000000,
-19.828133,-1.661935,-27.363368,-67.064640,35.808915,-32.621153,-70.537737,-22.738074,-15.731395,-19.828133,-1.661935,-27.363368,90.000000,
-19.828133,-1.661935,-27.363368,14.749324,-27.186990,-33.994097,29.866251,20.610086,-18.479310,-19.828133,-1.661935,-27.363368,90.000000,
-19.828133,-1.661935,-27.363368,-67.064640,35.808915,-32.621153,-70.537737,-22.738074,-15.731395,-19.828133,-1.661935,-27.363368,90.000000,
-19.828133,-1.661935,-27.363368,14.749324,-27.186990,-33.994097,29.866251,20.610086,-18.479310,-19.828133,-1.661935,-27.363368,90.000000,
-19.828133,-1.661935,-27.363368,-67.064640,35.808915,-32.621153,-70.537737,-22.738074,-15.731395,-19.828133,-1.661935,-27.363368,90.000000,
-19.828133,-1.661935,-27.363368,14.749324,-27.186990,-33.994097,29.866251,20.610086,-18.479310,-19.828133,-1.661935,-27.363368,90.000000,
-19.828133,-1.661935,-27.363368,-67.064640,35.808915,-32.621153,-70.537737,-22.738074,-15.731395,-19.828133,-1.661935,-27.363368,90.000000,
-19.828133,-1.661935,-27.363368,14.749324,-27.186990,-33.994097,29.866251,20.610086,-18.479310,-19.828133,-1.661935,-27.363368,90.000000,
-19.828133,-1.661935,-27.363368,-67.064640,35.808915,-32.621153,-70.537737,-22.738074,-15.731395,-19.828133,-1.661935,-27.363368,90.000000,
-19.828133,-1.661935,-27.363368,14.749324,-27.186990,-33.994097,29.866251,20.610086,-18.479310,-19.828133,-1.661935,-27.363368,90.000000,
-19.828133,-1.661935,-27.363368,-67.064640,35.808915,-32.621153,-70.537737,-22.738074,-15.731395,-19.828133,-1.661935,-27.363368,90.000000,
-19.828133,-1.661935,-27.363368,14.749324,-27.186990,-33.994097,29.866251,20.610086,-18.479310,-19.828133,-1.661935,-27.363368,90.000000,
-19.828133,-1.661935,-27.363368,-67.064640,35.808915,-32.621153,-70.537737,-22.738074,-15.731395,-19.828133,-1.661935,-27.363368,90.000000,
-19.828133,-1.661935,-27.363368,14.749324,-27.186990,-33.994097,29.866251,20.610086,-18.479310,-19.828133,-1.661935,-27.363368,90.000000,
-19.828133,-1.661935,-27.363368,-67.064640,35.808915,-32.621153,-70.537737,-22.738074,-15.731395,-19.828133,-1.661935,-27.363368,90.000000,
-19.828133,-1.661935,-27.363368,14.749324,-27.186990,-33.994097,29.866251,20.610086,-18.479310,-19.828133,-1.661935,-27.363368,90.000000,
-19.828133,-1.661935,-27.363368,-67.064640,35.808915,-32.621153,-70.537737,-22.738074,-15.731395,-19.828133,-1.661935,-27.363368,90.000000,
-19.828133,-1.661935,-27.363368,14.749324,-27.186990,-33.994097,29.866251,20.610086,-18.479310,-19.828133,-1.661935,-27.363368,90.000000,
-19.828133,-1.661935,-27.363368,-67.064640,35.808915,-32.621153,-70.537737,-22.738074,-15.731395,-19.828133,-1.661935,-27.363368,90.000000,
-19.828133,-1.661935,-27.363368,14.749324,-27.186990,-33.994097,29.866251,20.610086,-18.479310,-19.828133,-1.661935,-27.363368,90.000000,
-19.828133,-1.661935,-27.363368,-67.064640,35.808915,-32.621153,-70.537737,-22.738074,-15.731395,-19.828133,-1.661935,-27.363368,90.000000,
-19.828133,-1.661935,-27.363368,14.749324,-27.186990,-33.994097,29.866251,20.610086,-18.479310,-19.828133,-1.661935,-27.363368,90.000000,
-19.828133,-1.661935,-27.363368,-67.064640,35.808915,-32.621153,-70.537737,-22.738074,-15.731395,-19.828133,-1.661935,-27.363368,90.000000,
-19.828133,-1.661935,-27.363368,14.749324,-27.186990,-33.994097,29.866251,20.610086,-18.479310,-19.828133,-1.661935,-27.363368,90.000000,
-19.828133,-1.661935,-27.363368,-67.064640,35.808915,-32.621153,-70.537737,-22.738074,-15.731395,-19.828133,-1.661935,-27.363368,90.000000,
-19.828133,-1.661935,-27.363368,14.749324,-27.186990,-33.994097,29.866251,20.610086,-18.479310,-19.828133,-1.661935,-27.363368,90.000000,
-19.828133,-1.661935,-27.363368,-67.064640,35.808915,-32.621153,-70.537737,-22.738074,-15.731395,-19.828133,-1.661935,-27.363368,90.000000,
-19.828133,-1.661935,-27.363368,14.749324,-27.186990,-33.994097,29.866251,20.610086,-18.479310,-19.828133,-1.661935,-27.363368,90.000000,
-19.828133,-1.661935,-27.363368,-67.064640,35.808915,-32.621153,-70.537737,-22.738074,-15.731395,-19.828133,-1.661935,-27.363368,90.000000,
-19.828133,-1.661935,-27.363368,14.749324,-27.186990,-33.994097,29.866251,20.610086,-18.479310,-19.828133,-1.661935,-27.363368,90.000000,
-19.828133,-1.661935,-27.363368,-67.064640,35.808915,-32.621153,-70.537737,-22.738074,-15.731395,-19.828133,-1.661935,-27.363368,90.000000,
-19.828133,-1.661935,-27.363368,14.749324,-27.186990,-33.994097,29.866251,20.610086,-18.479310,-19.828133,-1.661935,-27.363368,90.000000,
-19.828133,-1.661935,-27.363368,-67.064640,35.808915,-32.621153,-70.537737,-22.738074,-15.731395,-19.828133,-1.661935,-27.363368,90.000000,
-19.828133,-1.661935,-27.363368,14.749324,-27.186990,-33.994097,29.866251,20.610086,-18.479310,-19.828133,-1.661935,-27.363368,90.000000,
-19.828133,-1.661935,-27.363368,-67.064640,35.808915,-32.621153,-70.537737,-22.738074,-15.731395,-19.828133,-1.661935,-27.363368,90.000000,
-19.828133,-1.661935,-27.363368,14.749324,-27.186990,-33.994097,29.866251,20.610086,-18.479310,-19.828133,-1.661935,-27.363368,90.000000,
-19.828133,-1.661935,-27.363368,-67.064640,35.808915,-32.621153,-70.537737,-22.738074,-15.731395,-19.828133,-1.661935,-27.363368,90.000000,
-19.828133,-1.661935,-27.363368,14.749324,-27.186990,-33.994097,29.866251,20.610086,-18.479310,-19.828133,-1.661935,-27.363368,90.000000,
-19.828133,-1.661935,-27.363368,-67.064640,35.808915,-32.621153,-70.537737,-22.738074,-15.731395,-19.828133,-1.661935,-27.363368,90.000000,
-19.828133,-1.661935,-27.363368,14.749324,-27.186990,-33.994097,29.866251,20.610086,-18.479310,-19.828133,-1.661935,-27.363368,90.000000,
-19.828133,-1.661935,-27.363368,-67.064640,35.808915,-32.621153,-70.537737,-22.738074,-15.731395,-19.828133,-1.661935,-27.363368,90.000000,
-19.828133,-1.661935,-27.363368,14.749324,-27.186990,-33.994097,29.866251,20.610086,-18.479310,-19.828133,-1.661935,-27.363368,90.000000,
-19.828133,-1.661935,-27.363368,-67.064640,35.808915,-32.621153,-70.537737,-22.738074,-15.731395,-19.828133,-1.661935,-27.363368,90.000000,
-19.828133,-1.661935,-27.363368,14.749324,-27.186990,-33.994097,29.866251,20.610086,-18.479310,-19.828133,-1.661935,-27.363368,90.000000,
-19.828133,-1.661935,-27.363368,-67.064640,35.808915,-32.621153,-70.537737,-22.738074,-15.731395,-19.828133,-1.661935,-27.363368,90.000000,
-19.828133,-1.661935,-27.363368,14.749324,-27.186990,-33.994097,29.866251,20.610086,-18.479310,-19.828133,-1.661935,-27.363368,90.000000,
-19.828133,-1.661935,-27.363368,-67.064640,35.808915,-32.621153,-70.537737,-22.738074,-15.731395,-19.828133,-1.661935,-27.363368,90.000000,
-19.828133,-1.661935,-27.363368,14.749324,-27.186990,-33.994097,29.866251,20.610086,-18.479310,-19.828133,-1.661935,-27.363368,90.000000,
-19.828133,-1.661935,-27.363368,-67.064640,35.808915,-32.621153,-70.537737,-22.738074,-15.731395,-19.828133,-1.661935,-27.363368,90.000000,
-19.828133,-1.661935,-27.363368,14.749324,-27.186990,-33.994097,29.866251,20.610086,-18.479310,-19.828133,-1.661935,-27.363368,90.000000,
-19.828133,-1.661935,-27.363368,-67.064640,35.808915,-32.621153,-70.537737,-22.738074,-15.731395,-19.828133,-1.661935,-27.363368,90.000000,
-19.828133,-1.661935,-27.363368,14.749324,-27.186990,-33.994097,29.866251,20.610086,-18.479310,-19.828133,-1.661935,-27.363368,90.000000,
-19.828133,-1.661935,-27.363368,-67.064640,35.808915,-32.621153,-70.537737,-22.738074,-15.731395,-19.828133,-1.661935,-27.363368,90.000000,
-19.828133,-1.661935,-27.363368,14.749324,-27.186990,-33.994097,29.866251,20.610086,-18.479310,-19.828133,-1.661935,-27.363368,90.000000,
-19.828133,-1.661935,-27.363368,-67.064640,35.808915,-32.621153,-70.537737,-22.738074,-15.731395,-19.828133,-1.661935,-27.363368,90.000000,
-19.828133,-1.661935,-27.363368,14.749324,-27.186990,-33.994097,29.866251,20.610086,-18.479310,-19.828133,-1.661935,-27.363368,90.000000,
-19.828133,-1.661935,-27.363368,-67.064640,35.808915,-32.621153,-70.537737,-22.738074,-15.731395,-19.828133,-1.661935,-27.363368,90.000000,
-19.828133,-1.661935,-27.363368,14.749324,-27.186990,-33.994097,29.866251,20.610086,-18.479310,-19.828133,-1.661935,-27.363368,90.000000,
-19.828133,-1.661935,-27.363368,-67.064640,35.808915,-32.621153,-70.537737,-22.738074,-15.731395,-19.828133,-1.661935,-27.363368,90.000000,
-19.828133,-1.661935,-27.363368,14.749324,-27.186990,-33.994097,29.866251,20.610086,-18.479310,-19.828133,-1.661935,-27.363368,90.000000,
-19.828133,-1.661935,-27.363368,-67.064640,35.808915,-32.621153,-70.537737,-22.738074,-15.731395,-19.828133,-1.661935,-27.363368,90.000000,
-19.828133,-1.661935,-27.363368,14.749324,-27.186990,-33.994097,29.866251,20.610086,-18.479310,-19.828133,-1.661935,-27.363368,90.000000,
-19.828133,-1.661935,-27.363368,-67.064640,35.808915,-32.621153,-70.537737,-22.738074,-15.731395,-19.828133,-1.661935,-27.363368,90.000000,
-19.828133,-1.661935,-27.363368,14.749324,-27.186990,-33.994097,29.866251,20.610086,-18.479310,-19.828133,-1.661935,-27.363368,90.000000,
-19.828133,-1.661935,-27.363368,-67.064640,35.808915,-32.621153,-70.537737,-22.738074,-15.731395,-19.828133,-1.661935,-27.363368,90.000000,
-19.828133,-1.661935,-27.363368,14.749324,-27.186990,-33.994097,29.866251,20.610086,-18.479310,-19.828133,-1.661935,-27.363368,90.000000,
-19.828133,-1.661935,-27.363368,-67.064640,35.808915,-32.621153,-70.537737,-22.738074,-15.731395,-19.828133,-1.661935,-27.363368,90.000000,
-19.828133,-1.661935,-27.363368,14.749324,-27.186990,-33.994097,29.866251,20.610086,-18.479310,-19.828133,-1.661935,-27.363368,90.000000,
-19.828133,-1.661935,-27.363368,-67.064640,35.808915,-32.621153,-70.537737,-22.738074,-15.731395,-19.828133,-1.661935,-27.363368,90.000000,
-19.828133,-1.661935,-27.363368,14.749324,-27.186990,-33.994097,29.866251,20.610086,-18.479310,-19.828133,-1.661935,-27.363368,90.000000,
-19.828133,-1.661935,-27.363368,-67.064640,35.808915,-32.621153,-70.537737,-22.738074,-15.731395,-19.828133,-1.661935,-27.363368,90.000000,
-19.828133,-1.661935,-27.363368,14.749324,-27.186990,-33.994097,29.866251,20.610086,-18.479310,-19.828133,-1.661935,-27.363368,90.000000,
-19.828133,-1.661935,-27.363368,-67.064640,35.808915,-32.621153,-70.537737,-22.738074,-15.731395,-19.828133,-1.661935,-27.363368,90.000000,
-19.828133,-1.661935,-27.363368,14.749324,-27.186990,-33.994097,29.866251,20.610086,-18.479310,-19.828133,-1.661935,-27.363368,90.000000,
-19.828133,-1.661935,-27.363368,-67.064640,35.808915,-32.621153,-70.537737,-22.738074,-15.731395,-19.828133,-1.661935,-27.363368,90.000000,
-19.828133,-1.661935,-27.363368,14.749324,-27.186990,-33.994097,29.866251,20.610086,-18.479310,-19.828133,-1.661935,-27.363368,90.000000,
-19.828133,-1.661935,-27.363368,-67.064640,35.808915,-32.621153,-70.537737,-22.738074,-15.731395,-19.828133,-1.661935,-27.363368,90.000000,
-19.828133,-1.661935,-27.363368,14.749324,-27.186990,-33.994097,29.866251,20.610086,-18.479310,-19.828133,-1.661935,-27.363368,90.000000,
-19.828133,-1.661935,-27.363368,-67.064640,35.808915,-32.621153,-70.537737,-22.738074,-15.731395,-19.828133,-1.661935,-27.363368,90.000000,
-19.828133,-1.661935,-27.363368,14.749324,-27.186990,-33.994097,29.866251,20.610086,-18.479310,-19.828133,-1.661935,-27.363368,90.000000,
-19.828133,-1.661935,-27.363368,-67.064640,35.808915,-32.621153,-70.537737,-22.738074,-15.731395,-19.828133,-1.661935,-27.363368,90.000000,
-19.828133,-1.661935,-27.363368,14.749324,-27.186990,-33.994097,29.866251,20.610086,-18.479310,-19.828133,-1.661935,-27.363368,90.000000,
-19.828133,-1.661935,-27.363368,-67.064640,35.808915,-32.621153,-70.537737,-22.738074,-15.731395,-19.828133,-1.661935,-27.363368,90.000000,
-19.828133,-1.661935,-27.363368,14.749324,-27.186990,-33.994097,29.866251,20.610086,-18.479310,-19.828133,-1.661935,-27.363368,90.000000,
-19.828133,-1.661935,-27.363368,-67.064640,35.808915,-32.621153,-70.537737,-22.738074,-15.731395,-19.828133,-1.661935,-27.363368,90.000000,
-19.828133,-1.661935,-27.363368,14.749324,-27.186990,-33.994097,29.866251,20.610086,-18.479310,-19.828133,-1.661935,-27.363368,90.000000,
-19.828133,-1.661935,-27.363368,-67.064640,35.808915,-32.621153,-70.537737,-22.738074,-15.731395,-19.828133,-1.661935,-27.363368,90.000000,
-19.828133,-1.661935,-27.363368,14.749324,-27.186990,-33.994097,29.866251,20.610086,-18.479310,-19.828133,-1.661935,-27.363368,90.000000,
-19.828133,-1.661935,-27.363368,-67.064640,35.808915,-32.621153,-70.537737,-22.738074,-15.731395,-19.828133,-1.661935,-27.363368,90.000000,
-19.828133,-1.661935,-27.363368,14.749324,-27.186990,-33.994097,29.866251,20.610086,-18.479310,-19.828133,-1.661935,-27.363368,90.000000,
-19.828133,-1.661935,-27.363368,-67.064640,35.808915,-32.621153,-70.537737,-22.738074,-15.731395,-19.828133,-1.661935,-27.363368,90.000000,
-19.828133,-1.661935,-27.363368,14.749324,-27.186990,-33.994097,29.866251,20.610086,-18.479310,-19.828133,-1.661935,-27.363368,90.000000,
-19.828133,-1.661935,-27.363368,-67.064640,35.808915,-32.621153,-70.537737,-22.738074,-15.731395,-19.828133,-1.661935,-27.363368,90.000000,
-19.828133,-1.661935,-27.363368,14.749324,-27.186990,-33.994097,29.866251,20.610086,-18.479310,-19.828133,-1.661935,-27.363368,90.000000,
-19.828133,-1.661935,-27.363368,-67.064640,35.808915,-32.621153,-70.537737,-22.738074,-15.731395,-19.828133,-1.661935,-27.363368,90.000000,
-19.828133,-1.661935,-27.363368,14.749324,-27.186990,-33.994097,29.866251,20.610086,-18.479310,-19.828133,-1.661935,-27.363368,90.000000,
-19.828133,-1.661935,-27.363368,-67.064640,35.808915,-32.621153,-70.537737,-22.738074,-15.731395,-19.828133,-1.661935,-27.363368,90.000000,
-19.828133,-1.661935,-27.363368,14.749324,-27.186990,-33.994097,29.866251,20.610086,-18.479310,-19.828133,-1.661935,-27.363368,90.000000,
-19.828133,-1.661935,-27.363368,-67.064640,35.808915,-32.621153,-70.537737,-22.738074,-15.731395,-19.828133,-1.661935,-27.363368,90.000000,
-19.828133,-1.661935,-27.363368,14.749324,-27.186990,-33.994097,29.866251,20.610086,-18.479310,-19.828133,-1.661935,-27.363368,90.000000,
-19.828133,-1.661935,-27.363368,-67.064640,35.808915,-32.621153,-70.537737,-22.738074,-15.731395,-19.828133,-1.661935,-27.363368,90.000000,
-19.828133,-1.661935,-27.363368,14.749324,-27.186990,-33.994097,29.866251,20.610086,-18.479310,-19.828133,-1.661935,-27.363368,90.000000,
-19.828133,-1.661935,-27.363368,-67.064640,35.808915,-32.621153,-70.537737,-22.738074,-15.731395,-19.828133,-1.661935,-27.363368,90.000000,
-19.828133,-1.661935,-27.363368,14.749324,-27.186990,-33.994097,29.866251,20.610086,-18.479310,-19.828133,-1.661935,-27.363368,90.000000,
-19.828133,-1.661935,-27.363368,-67.064640,35.808915,-32.621153,-70.537737,-22.738074,-15.731395,-19.828133,-1.661935,-27.363368,90.000000,
-19.828133,-1.661935,-27.363368,14.749324,-27.186990,-33.994097,29.866251,20.610086,-18.479310,-19.828133,-1.661935,-27.363368,90.000000,
-19.828133,-1.661935,-27.363368,-67.064640,35.808915,-32.621153,-70.537737,-22.738074,-15.731395,-19.828133,-1.661935,-27.363368,90.000000,
-19.828133,-1.661935,-27.363368,14.749324,-27.186990,-33.994097,29.866251,20.610086,-18.479310,-19.828133,-1.661935,-27.363368,90.000000,
-19.828133,-1.661935,-27.363368,-67.064640,35.808915,-32.621153,-70.537737,-22.738074,-15.731395,-19.828133,-1.661935,-27.363368,90.000000,
-19.828133,-1.661935,-27.363368,14.749324,-27.186990,-33.994097,29.866251,20.610086,-18.479310,-19.828133,-1.661935,-27.363368,90.000000,
-19.828133,-1.661935,-27.363368,-67.064640,35.808915,-32.621153,-70.537737,-22.738074,-15.731395,-19.828133,-1.661935,-27.363368,90.000000,
-19.828133,-1.661935,-27.363368,14.749324,-27.186990,-33.994097,29.866251,20.610086,-18.479310,-19.828133,-1.661935,-27.363368,90.000000,
-19.828133,-1.661935,-27.363368,-67.064640,35.808915,-32.621153,-70.537737,-22.738074,-15.731395,-19.828133,-1.661935,-27.363368,90.000000,
-19.828133,-1.661935,-27.363368,14.749324,-27.186990,-33.994097,29.866251,20.610086,-18.479310,-19.828133,-1.661935,-27.363368,90.000000,
-19.828133,-1.661935,-27.363368,-67.064640,35.808915,-32.621153,-70.537737,-22.738074,-15.731395,-19.828133,-1.661935,-27.363368,90.000000,
-19.828133,-1.661935,-27.363368,14.749324,-27.186990,-33.994097,29.866251,20.610086,-18.479310,-19.828133,-1.661935,-27.363368,90.000000,
-19.828133,-1.661935,-27.363368,-67.064640,35.808915,-32.621153,-70.537737,-22.738074,-15.731395,-19.828133,-1.661935,-27.363368,90.000000,
-19.828133,-1.661935,-27.363368,14.749324,-27.186990,-33.994097,29.866251,20.610086,-18.479310,-19.828133,-1.661935,-27.363368,90.000000,
-19.828133,-1.661935,-27.363368,-67.064640,35.808915,-32.621153,-70.537737,-22.738074,-15.731395,-19.828133,-1.661935,-27.363368,90.000000,
-19.828133,-1.661935,-27.363368,14.749324,-27.186990,-33.994097,29.866251,20.610086,-18.479310,-19.828133,-1.661935,-27.363368,90.000000,
-19.828133,-1.661935,-27.363368,-67.064640,35.808915,-32.621153,-70.537737,-22.738074,-15.731395,-19.828133,-1.661935,-27.363368,90.000000,
-19.828133,-1.661935,-27.363368,14.749324,-27.186990,-33.994097,29.866251,20.610086,-18.479310,-19.828133,-1.661935,-27.363368,90.000000,
-19.828133,-1.661935,-27.363368,-67.064640,35.808915,-32.621153,-70.537737,-22.738074,-15.731395,-19.828133,-1.661935,-27.363368,90.000000,
-19.828133,-1.661935,-27.363368,14.749324,-27.186990,-33.994097,29.866251,20.610086,-18.479310,-19.828133,-1.661935,-27.363368,90.000000,
-19.828133,-1.661935,-27.363368,-67.064640,35.808915,-32.621153,-70.537737,-22.738074,-15.731395,-19.828133,-1.661935,-27.363368,90.000000,
-19.828133,-1.661935,-27.363368,14.749324,-27.186990,-33.994097,29.866251,20.610086,-18.479310,-19.828133,-1.661935,-27.363368,90.000000,
-19.828133,-1.661935,-27.363368,-67.064640,35.808915,-32.621153,-70.537737,-22.738074,-15.731395,-19.828133,-1.661935,-27.363368,90.000000,
-19.828133,-1.661935,-27.363368,14.749324,-27.186990,-33.994097,29.866251,20.610086,-18.479310,-19.828133,-1.661935,-27.363368,90.000000,
-19.828133,-1.661935,-27.363368,-67.064640,35.808915,-32.621153,-70.537737,-22.738074,-15.731395,-19.828133,-1.661935,-27.363368,90.000000,
-19.828133,-1.661935,-27.363368,14.749324,-27.186990,-33.994097,29.866251,20.610086,-18.479310,-19.828133,-1.661935,-27.363368,90.000000,
-19.828133,-1.661935,-27.363368,-67.064640,35.808915,-32.621153,-70.537737,-22.738074,-15.731395,-19.828133,-1.661935,-27.363368,90.000000,
-19.828133,-1.661935,-27.363368,14.749324,-27.186990,-33.994097,29.866251,20.610086,-18.479310,-19.828133,-1.661935,-27.363368,90.000000,
-19.828133,-1.661935,-27.363368,-67.064640,35.808915,-32.621153,-70.537737,-22.738074,-15.731395,-19.828133,-1.661935,-27.363368,90.000000,
-19.828133,-1.661935,-27.363368,14.749324,-27.186990,-33.994097,29.866251,20.610086,-18.479310,-19.828133,-1.661935,-27.363368,90.000000,
-19.828133,-1.661935,-27.363368,-67.064640,35.808915,-32.621153,-70.537737,-22.738074,-15.731395,-19.828133,-1.661935,-27.363368,90.000000,
-19.828133,-1.661935,-27.363368,14.749324,-27.186990,-33.994097,29.866251,20.610086,-18.479310,-19.828133,-1.661935,-27.363368,90.000000,
-19.828133,-1.661935,-27.363368,-67.064640,35.808915,-32.621153,-70.537737,-22.738074,-15.731395,-19.828133,-1.661935,-27.363368,90.000000,
-19.828133,-1.661935,-27.363368,14.749324,-27.186990,-33.994097,29.866251,20.610086,-18.479310,-19.828133,-1.661935,-27.363368,90.000000,
-19.828133,-1.661935,-27.363368,-67.064640,35.808915,-32.621153,-70.537737,-22.738074,-15.731395,-19.828133,-1.661935,-27.363368,90.000000,
-19.828133,-1.661935,-27.363368,14.749324,-27.186990,-33.994097,29.866251,20.610086,-18.479310,-19.828133,-1.661935,-27.363368,90.000000,
-19.828133,-1.661935,-27.363368,-67.064640,35.808915,-32.621153,-70.537737,-22.738074,-15.731395,-19.828133,-1.661935,-27.363368,90.000000,
-19.828133,-1.661935,-27.363368,14.749324,-27.186990,-33.994097,29.866251,20.610086,-18.479310,-19.828133,-1.661935,-27.363368,90.000000,
-19.828133,-1.661935,-27.363368,-67.064640,35.808915,-32.621153,-70.537737,-22.738074,-15.731395,-19.828133,-1.661935,-27.363368,90.000000,
-19.828133,-1.661935,-27.363368,14.749324,-27.186990,-33.994097,29.866251,20.610086,-18.479310,-19.828133,-1.661935,-27.363368,90.000000,
-19.828133,-1.661935,-27.363368,-67.064640,35.808915,-32.621153,-70.537737,-22.738074,-15.731395,-19.828133,-1.661935,-27.363368,90.000000,
-19.828133,-1.661935,-27.363368,14.749324,-27.186990,-33.994097,29.866251,20.610086,-18.479310,-19.828133,-1.661935,-27.363368,90.000000,
-19.828133,-1.661935,-27.363368,-67.064640,35.808915,-32.621153,-70.537737,-22.738074,-15.731395,-19.828133,-1.661935,-27.363368,90.000000,
-19.828133,-1.661935,-27.363368,14.749324,-27.186990,-33.994097,29.866251,20.610086,-18.479310,-19.828133,-1.661935,-27.363368,90.000000,
-19.828133,-1.661935,-27.363368,-67.064640,35.808915,-32.621153,-70.537737,-22.738074,-15.731395,-19.828133,-1.661935,-27.363368,90.000000,
-19.828133,-1.661935,-27.363368,14.749324,-27.186990,-33.994097,29.866251,20.610086,-18.479310,-19.828133,-1.661935,-27.363368,90.000000,
-19.828133,-1.661935,-27.363368,-67.064640,35.808915,-32.621153,-70.537737,-22.738074,-15.731395,-19.828133,-1.661935,-27.363368,90.000000,
-19.828133,-1.661935,-27.363368,14.749324,-27.186990,-33.994097,29.866251,20.610086,-18.479310,-19.828133,-1.661935,-27.363368,90.000000,
-19.828133,-1.661935,-27.363368,-67.064640,35.808915,-32.621153,-70.537737,-22.738074,-15.731395,-19.828133,-1.661935,-27.363368,90.000000,
-19.828133,-1.661935,-27.363368,14.749324,-27.186990,-33.994097,29.866251,20.610086,-18.479310,-19.828133,-1.661935,-27.363368,90.000000,
-19.828133,-1.661935,-27.363368,-67.064640,35.808915,-32.621153,-70.537737,-22.738074,-15.731395,-19.828133,-1.661935,-27.363368,90.000000,
-19.828133,-1.661935,-27.363368,14.749324,-27.186990,-33.994097,29.866251,20.610086,-18.479310,-19.828133,-1.661935,-27.363368,90.000000,
-19.828133,-1.661935,-27.363368,-67.064640,35.808915,-32.621153,-70.537737,-22.738074,-15.731395,-19.828133,-1.661935,-27.363368,90.000000,
-19.828133,-1.661935,-27.363368,14.749324,-27.186990,-33.994097,29.866251,20.610086,-18.479310,-19.828133,-1.661935,-27.363368,90.000000,
-19.828133,-1.661935,-27.363368,-67.064640,35.808915,-32.621153,-70.537737,-22.738074,-15.731395,-19.828133,-1.661935,-27.363368,90.000000,
-19.828133,-1.661935,-27.363368,14.749324,-27.186990,-33.994097,29.866251,20.610086,-18.479310,-19.828133,-1.661935,-27.363368,90.000000,
-19.828133,-1.661935,-27.363368,-67.064640,35.808915,-32.621153,-70.537737,-22.738074,-15.731395,-19.828133,-1.661935,-27.363368,90.000000,
-19.828133,-1.661935,-27.363368,14.749324,-27.186990,-33.994097,29.866251,20.610086,-18.479310,-19.828133,-1.661935,-27.363368,90.000000,
-19.828133,-1.661935,-27.363368,-67.064640,35.808915,-32.621153,-70.537737,-22.738074,-15.731395,-19.828133,-1.661935,-27.363368,90.000000,
-19.828133,-1.661935,-27.363368,14.749324,-27.186990,-33.994097,29.866251,20.610086,-18.479310,-19.828133,-1.661935,-27.363368,90.000000,
-19.828133,-1.661935,-27.363368,-67.064640,35.808915,-32.621153,-70.537737,-22.738074,-15.731395,-19.828133,-1.661935,-27.363368,90.000000,
-19.828133,-1.661935,-27.363368,14.749324,-27.186990,-33.994097,29.866251,20.610086,-18.479310,-19.828133,-1.661935,-27.363368,90.000000,
-19.828133,-1.661935,-27.363368,-67.064640,35.808915,-32.621153,-70.537737,-22.738074,-15.731395,-19.828133,-1.661935,-27.363368,90.000000,
-19.828133,-1.661935,-27.363368,14.749324,-27.186990,-33.994097,29.866251,20.610086,-18.479310,-19.828133,-1.661935,-27.363368,90.000000,
-19.828133,-1.661935,-27.363368,-67.064640,35.808915,-32.621153,-70.537737,-22.738074,-15.731395,-19.828133,-1.661935,-27.363368,90.000000,
-19.828133,-1.661935,-27.363368,14.749324,-27.186990,-33.994097,29.866251,20.610086,-18.479310,-19.828133,-1.661935,-27.363368,90.000000,
-19.828133,-1.661935,-27.363368,-67.064640,35.808915,-32.621153,-70.537737,-22.738074,-15.731395,-19.828133,-1.661935,-27.363368,90.000000,
-19.828133,-1.661935,-27.363368,14.749324,-27.186990,-33.994097,29.866251,20.610086,-18.479310,-19.828133,-1.661935,-27.363368,90.000000,
-19.828133,-1.661935,-27.363368,-67.064640,35.808915,-32.621153,-70.537737,-22.738074,-15.731395,-19.828133,-1.661935,-27.363368,90.000000,
-19.828133,-1.661935,-27.363368,14.749324,-27.186990,-33.994097,29.866251,20.610086,-18.479310,-19.828133,-1.661935,-27.363368,90.000000,
-19.828133,-1.661935,-27.363368,-67.064640,35.808915,-32.621153,-70.537737,-22.738074,-15.731395,-19.828133,-1.661935,-27.363368,90.000000,
-19.828133,-1.661935,-27.363368,14.749324,-27.186990,-33.994097,29.866251,20.610086,-18.479310,-19.828133,-1.661935,-27.363368,90.000000,
-19.828133,-1.661935,-27.363368,-67.064640,35.808915,-32.621153,-70.537737,-22.738074,-15.731395,-19.828133,-1.661935,-27.363368,90.000000,
-19.828133,-1.661935,-27.363368,14.749324,-27.186990,-33.994097,29.866251,20.610086,-18.479310,-19.828133,-1.661935,-27.363368,90.000000,
-19.828133,-1.661935,-27.363368,-67.064640,35.808915,-32.621153,-70.537737,-22.738074,-15.731395,-19.828133,-1.661935,-27.363368,90.000000,
-19.828133,-1.661935,-27.363368,14.749324,-27.186990,-33.994097,29.866251,20.610086,-18.479310,-19.828133,-1.661935,-27.363368,90.000000,
-19.828133,-1.661935,-27.363368,-67.064640,35.808915,-32.621153,-70.537737,-22.738074,-15.731395,-19.828133,-1.661935,-27.363368,90.000000,
-19.828133,-1.661935,-27.363368,14.749324,-27.186990,-33.994097,29.866251,20.610086,-18.479310,-19.828133,-1.661935,-27.363368,90.000000,
-19.828133,-1.661935,-27.363368,-67.064640,35.808915,-32.621153,-70.537737,-22.738074,-15.731395,-19.828133,-1.661935,-27.363368,90.000000,
-19.828133,-1.661935,-27.363368,14.749324,-27.186990,-33.994097,29.866251,20.610086,-18.479310,-19.828133,-1.661935,-27.363368,90.000000,
-19.828133,-1.661935,-27.363368,-67.064640,35.808915,-32.621153,-70.537737,-22.738074,-15.731395,-19.828133,-1.661935,-27.363368,90.000000,
-19.828133,-1.661935,-27.363368,14.749324,-27.186990,-33.994097,29.866251,20.610086,-18.479310,-19.828133,-1.661935,-27.363368,90.000000,
-19.828133,-1.661935,-27.363368,-67.064640,35.808915,-32.621153,-70.537737,-22.738074,-15.731395,-19.828133,-1.661935,-27.363368,90.000000,
-19.828133,-1.661935,-27.363368,14.749324,-27.186990,-33.994097,29.866251,20.610086,-18.479310,-19.828133,-1.661935,-27.363368,90.000000,
-19.828133,-1.661935,-27.363368,-67.064640,35.808915,-32.621153,-70.537737,-22.738074,-15.731395,-19.828133,-1.661935,-27.363368,90.000000,
-19.828133,-1.661935,-27.363368,14.749324,-27.186990,-33.994097,29.866251,20.610086,-18.479310,-19.828133,-1.661935,-27.363368,90.000000,
-19.828133,-1.661935,-27.363368,-67.064640,35.808915,-32.621153,-70.537737,-22.738074,-15.731395,-19.828133,-1.661935,-27.363368,90.000000,
-19.828133,-1.661935,-27.363368,14.749324,-27.186990,-33.994097,29.866251,20.610086,-18.479310,-19.828133,-1.661935,-27.363368,90.000000,
-19.828133,-1.661935,-27.363368,-67.064640,35.808915,-32.621153,-70.537737,-22.738074,-15.731395,-19.828133,-1.661935,-27.363368,90.000000,
-19.828133,-1.661935,-27.363368,14.749324,-27.186990,-33.994097,29.866251,20.610086,-18.479310,-19.828133,-1.661935,-27.363368,90.000000,
-19.828133,-1.661935,-27.363368,-67.064640,35.808915,-32.621153,-70.537737,-22.738074,-15.731395,-19.828133,-1.661935,-27.363368,90.000000,
-19.828133,-1.661935,-27.363368,14.749324,-27.186990,-33.994097,29.866251,20.610086,-18.479310,-19.828133,-1.661935,-27.363368,90.000000,
-19.828133,-1.661935,-27.363368,-67.064640,35.808915,-32.621153,-70.537737,-22.738074,-15.731395,-19.828133,-1.661935,-27.363368,90.000000,
-19.828133,-1.661935,-27.363368,14.749324,-27.186990,-33.994097,29.866251,20.610086,-18.479310,-19.828133,-1.661935,-27.363368,90.000000,
-19.828133,-1.661935,-27.363368,-67.064640,35.808915,-32.621153,-70.537737,-22.738074,-15.731395,-19.828133,-1.661935,-27.363368,90.000000,
-19.828133,-1.661935,-27.363368,14.749324,-27.186990,-33.994097,29.866251,20.610086,-18.479310,-19.828133,-1.661935,-27.363368,90.000000,
-19.828133,-1.661935,-27.363368,-67.064640,35.808915,-32.621153,-70.537737,-22.738074,-15.731395,-19.828133,-1.661935,-27.363368,90.000000,
-19.828133,-1.661935,-27.363368,14.749324,-27.186990,-33.994097,29.866251,20.610086,-18.479310,-19.828133,-1.661935,-27.363368,90.000000,
-19.828133,-1.661935,-27.363368,-67.064640,35.808915,-32.621153,-70.537737,-22.738074,-15.731395,-19.828133,-1.661935,-27.363368,90.000000,
-19.828133,-1.661935,-27.363368,14.749324,-27.186990,-33.994097,29.866251,20.610086,-18.479310,-19.828133,-1.661935,-27.363368,90.000000,
-19.828133,-1.661935,-27.363368,-67.064640,35.808915,-32.621153,-70.537737,-22.738074,-15.731395,-19.828133,-1.661935,-27.363368,90.000000,
-19.828133,-1.661935,-27.363368,14.749324,-27.186990,-33.994097,29.866251,20.610086,-18.479310,-19.828133,-1.661935,-27.363368,90.000000,
-19.828133,-1.661935,-27.363368,-67.064640,35.808915,-32.621153,-70.537737,-22.738074,-15.731395,-19.828133,-1.661935,-27.363368,90.000000,
-19.828133,-1.661935,-27.363368,14.749324,-27.186990,-33.994097,29.866251,20.610086,-18.479310,-19.828133,-1.661935,-27.363368,90.000000,
-19.828133,-1.661935,-27.363368,-67.064640,35.808915,-32.621153,-70.537737,-22.738074,-15.731395,-19.828133,-1.661935,-27.363368,90.000000,
-19.828133,-1.661935,-27.363368,14.749324,-27.186990,-33.994097,29.866251,20.610086,-18.479310,-19.828133,-1.661935,-27.363368,90.000000,
-19.828133,-1.661935,-27.363368,-67.064640,35.808915,-32.621153,-70.537737,-22.738074,-15.731395,-19.828133,-1.661935,-27.363368,90.000000,
-19.828133,-1.661935,-27.363368,14.749324,-27.186990,-33.994097,29.866251,20.610086,-18.479310,-19.828133,-1.661935,-27.363368,90.000000,
-19.828133,-1.661935,-27.363368,-67.064640,35.808915,-32.621153,-70.537737,-22.738074,-15.731395,-19.828133,-1.661935,-27.363368,90.000000,
-19.828133,-1.661935,-27.363368,14.749324,-27.186990,-33.994097,29.866251,20.610086,-18.479310,-19.828133,-1.661935,-27.363368,90.000000,
-19.828133,-1.661935,-27.363368,-67.064640,35.808915,-32.621153,-70.537737,-22.738074,-15.731395,-19.828133,-1.661935,-27.363368,90.000000,
-19.828133,-1.661935,-27.363368,14.749324,-27.186990,-33.994097,29.866251,20.610086,-18.479310,-19.828133,-1.661935,-27.363368,90.000000,
-19.828133,-1.661935,-27.363368,-67.064640,35.808915,-32.621153,-70.537737,-22.738074,-15.731395,-19.828133,-1.661935,-27.363368,90.000000,
-19.828133,-1.661935,-27.363368,14.749324,-27.186990,-33.994097,29.866251,20.610086,-18.479310,-19.828133,-1.661935,-27.363368,90.000000,
-19.828133,-1.661935,-27.363368,-67.064640,35.808915,-32.621153,-70.537737,-22.738074,-15.731395,-19.828133,-1.661935,-27.363368,90.000000,
-19.828133,-1.661935,-27.363368,14.749324,-27.186990,-33.994097,29.866251,20.610086,-18.479310,-19.828133,-1.661935,-27.363368,90.000000,
-19.828133,-1.661935,-27.363368,-67.064640,35.808915,-32.621153,-70.537737,-22.738074,-15.731395,-19.828133,-1.661935,-27.363368,90.000000,
-19.828133,-1.661935,-27.363368,14.749324,-27.186990,-33.994097,29.866251,20.610086,-18.479310,-19.828133,-1.661935,-27.363368,90.000000,
-19.828133,-1.661935,-27.363368,-67.064640,35.808915,-32.621153,-70.537737,-22.738074,-15.731395,-19.828133,-1.661935,-27.363368,90.000000,
-19.828133,-1.661935,-27.363368,14.749324,-27.186990,-33.994097,29.866251,20.610086,-18.479310,-19.828133,-1.661935,-27.363368,90.000000,
-19.828133,-1.661935,-27.363368,-67.064640,35.808915,-32.621153,-70.537737,-22.738074,-15.731395,-19.828133,-1.661935,-27.363368,90.000000,
-19.828133,-1.661935,-27.363368,14.749324,-27.186990,-33.994097,29.866251,20.610086,-18.479310,-19.828133,-1.661935,-27.363368,90.000000,
-19.828133,-1.661935,-27.363368,-67.064640,35.808915,-32.621153,-70.537737,-22.738074,-15.731395,-19.828133,-1.661935,-27.363368,90.000000,
-19.828133,-1.661935,-27.363368,14.749324,-27.186990,-33.994097,29.866251,20.610086,-18.479310,-19.828133,-1.661935,-27.363368,90.000000,
-19.828133,-1.661935,-27.363368,-67.064640,35.808915,-32.621153,-70.537737,-22.738074,-15.731395,-19.828133,-1.661935,-27.363368,90.000000,
-19.828133,-1.661935,-27.363368,14.749324,-27.186990,-33.994097,29.866251,20.610086,-18.479310,-19.828133,-1.661935,-27.363368,90.000000,
-19.828133,-1.661935,-27.363368,-67.064640,35.808915,-32.621153,-70.537737,-22.738074,-15.731395,-19.828133,-1.661935,-27.363368,90.000000,
-19.828133,-1.661935,-27.363368,14.749324,-27.186990,-33.994097,29.866251,20.610086,-18.479310,-19.828133,-1.661935,-27.363368,90.000000,
-19.828133,-1.661935,-27.363368,-67.064640,35.808915,-32.621153,-70.537737,-22.738074,-15.731395,-19.828133,-1.661935,-27.363368,90.000000,
-19.828133,-1.661935,-27.363368,14.749324,-27.186990,-33.994097,29.866251,20.610086,-18.479310,-19.828133,-1.661935,-27.363368,90.000000,
-19.828133,-1.661935,-27.363368,-67.064640,35.808915,-32.621153,-70.537737,-22.738074,-15.731395,-19.828133,-1.661935,-27.363368,90.000000,
-19.828133,-1.661935,-27.363368,14.749324,-27.186990,-33.994097,29.866251,20.610086,-18.479310,-19.828133,-1.661935,-27.363368,90.000000,
-19.828133,-1.661935,-27.363368,-67.064640,35.808915,-32.621153,-70.537737,-22.738074,-15.731395,-19.828133,-1.661935,-27.363368,90.000000,
-19.828133,-1.661935,-27.363368,14.749324,-27.186990,-33.994097,29.866251,20.610086,-18.479310,-19.828133,-1.661935,-27.363368,90.000000,
-19.828133,-1.661935,-27.363368,-67.064640,35.808915,-32.621153,-70.537737,-22.738074,-15.731395,-19.828133,-1.661935,-27.363368,90.000000,
-19.828133,-1.661935,-27.363368,14.749324,-27.186990,-33.994097,29.866251,20.610086,-18.479310,-19.828133,-1.661935,-27.363368,90.000000,
-19.828133,-1.661935,-27.363368,-67.064640,35.808915,-32.621153,-70.537737,-22.738074,-15.731395,-19.828133,-1.661935,-27.363368,90.000000,
-19.828133,-1.661935,-27.363368,14.749324,-27.186990,-33.994097,29.866251,20.610086,-18.479310,-19.828133,-1.661935,-27.363368,90.000000,
-19.828133,-1.661935,-27.363368,-67.064640,35.808915,-32.621153,-70.537737,-22.738074,-15.731395,-19.828133,-1.661935,-27.363368,90.000000,
-19.828133,-1.661935,-27.363368,14.749324,-27.186990,-33.994097,29.866251,20.610086,-18.479310,-19.828133,-1.661935,-27.363368,90.000000,
-19.828133,-1.661935,-27.363368,-67.064640,35.808915,-32.621153,-70.537737,-22.738074,-15.731395,-19.828133,-1.661935,-27.363368,90.000000,
-19.828133,-1.661935,-27.363368,14.749324,-27.186990,-33.994097,29.866251,20.610086,-18.479310,-19.828133,-1.661935,-27.363368,90.000000,
-19.828133,-1.661935,-27.363368,-67.064640,35.808915,-32.621153,-70.537737,-22.738074,-15.731395,-19.828133,-1.661935,-27.363368,90.000000,
-19.828133,-1.661935,-27.363368,14.749324,-27.186990,-33.994097,29.866251,20.610086,-18.479310,-19.828133,-1.661935,-27.363368,90.000000,
-19.828133,-1.661935,-27.363368,-67.064640,35.808915,-32.621153,-70.537737,-22.738074,-15.731395,-19.828133,-1.661935,-27.363368,90.000000,
-19.828133,-1.661935,-27.363368,14.749324,-27.186990,-33.994097,29.866251,20.610086,-18.479310,-19.828133,-1.661935,-27.363368,90.000000,
-19.828133,-1.661935,-27.363368,-67.064640,35.808915,-32.621153,-70.537737,-22.738074,-15.731395,-19.828133,-1.661935,-27.363368,90.000000,
-19.828133,-1.661935,-27.363368,14.749324,-27.186990,-33.994097,29.866251,20.610086,-18.479310,-19.828133,-1.661935,-27.363368,90.000000,
-19.828133,-1.661935,-27.363368,-67.064640,35.808915,-32.621153,-70.537737,-22.738074,-15.731395,-19.828133,-1.661935,-27.363368,90.000000,
-19.828133,-1.661935,-27.363368,14.749324,-27.186990,-33.994097,29.866251,20.610086,-18.479310,-19.828133,-1.661935,-27.363368,90.000000,
-19.828133,-1.661935,-27.363368,-67.064640,35.808915,-32.621153,-70.537737,-22.738074,-15.731395,-19.828133,-1.661935,-27.363368,90.000000,
-19.828133,-1.661935,-27.363368,14.749324,-27.186990,-33.994097,29.866251,20.610086,-18.479310,-19.828133,-1.661935,-27.363368,90.000000,
-19.828133,-1.661935,-27.363368,-67.064640,35.808915,-32.621153,-70.537737,-22.738074,-15.731395,-19.828133,-1.661935,-27.363368,90.000000,
-19.828133,-1.661935,-27.363368,14.749324,-27.186990,-33.994097,29.866251,20.610086,-18.479310,-19.828133,-1.661935,-27.363368,90.000000,
-19.828133,-1.661935,-27.363368,-67.064640,35.808915,-32.621153,-70.537737,-22.738074,-15.731395,-19.828133,-1.661935,-27.363368,90.000000,
-19.828133,-1.661935,-27.363368,14.749324,-27.186990,-33.994097,29.866251,20.610086,-18.479310,-19.828133,-1.661935,-27.363368,90.000000,
-19.828133,-1.661935,-27.363368,-67.064640,35.808915,-32.621153,-70.537737,-22.738074,-15.731395,-19.828133,-1.661935,-27.363368,90.000000,
-19.828133,-1.661935,-27.363368,14.749324,-27.186990,-33.994097,29.866251,20.610086,-18.479310,-19.828133,-1.661935,-27.363368,90.000000,
-19.828133,-1.661935,-27.363368,-67.064640,35.808915,-32.621153,-70.537737,-22.738074,-15.731395,-19.828133,-1.661935,-27.363368,90.000000,
-19.828133,-1.661935,-27.363368,14.749324,-27.186990,-33.994097,29.866251,20.610086,-18.479310,-19.828133,-1.661935,-27.363368,90.000000,
-19.828133,-1.661935,-27.363368,-67.064640,35.808915,-32.621153,-70.537737,-22.738074,-15.731395,-19.828133,-1.661935,-27.363368,90.000000,
-19.828133,-1.661935,-27.363368,14.749324,-27.186990,-33.994097,29.866251,20.610086,-18.479310,-19.828133,-1.661935,-27.363368,90.000000,
-19.828133,-1.661935,-27.363368,-67.064640,35.808915,-32.621153,-70.537737,-22.738074,-15.731395,-19.828133,-1.661935,-27.363368,90.000000,
-19.828133,-1.661935,-27.363368,14.749324,-27.186990,-33.994097,29.866251,20.610086,-18.479310,-19.828133,-1.661935,-27.363368,90.000000,
-19.828133,-1.661935,-27.363368,-67.064640,35.808915,-32.621153,-70.537737,-22.738074,-15.731395,-19.828133,-1.661935,-27.363368,90.000000,
-19.828133,-1.661935,-27.363368,14.749324,-27.186990,-33.994097,29.866251,20.610086,-18.479310,-19.828133,-1.661935,-27.363368,90.000000,
-19.828133,-1.661935,-27.363368,-67.064640,35.808915,-32.621153,-70.537737,-22.738074,-15.731395,-19.828133,-1.661935,-27.363368,90.000000,
-19.828133,-1.661935,-27.363368,14.749324,-27.186990,-33.994097,29.866251,20.610086,-18.479310,-19.828133,-1.661935,-27.363368,90.000000,
-19.828133,-1.661935,-27.363368,-67.064640,35.808915,-32.621153,-70.537737,-22.738074,-15.731395,-19.828133,-1.661935,-27.363368,90.000000,
-19.828133,-1.661935,-27.363368,14.749324,-27.186990,-33.994097,29.866251,20.610086,-18.479310,-19.828133,-1.661935,-27.363368,90.000000,
-19.828133,-1.661935,-27.363368,-67.064640,35.808915,-32.621153,-70.537737,-22.738074,-15.731395,-19.828133,-1.661935,-27.363368,90.000000,
-19.828133,-1.661935,-27.363368,14.749324,-27.186990,-33.994097,29.866251,20.610086,-18.479310,-19.828133,-1.661935,-27.363368,90.000000,
-19.828133,-1.661935,-27.363368,-67.064640,35.808915,-32.621153,-70.537737,-22.738074,-15.731395,-19.828133,-1.661935,-27.363368,90.000000,
-19.828133,-1.661935,-27.363368,14.749324,-27.186990,-33.994097,29.866251,20.610086,-18.479310,-19.828133,-1.661935,-27.363368,90.000000,
-19.828133,-1.661935,-27.363368,-67.064640,35.808915,-32.621153,-70.537737,-22.738074,-15.731395,-19.828133,-1.661935,-27.363368,90.000000,
-19.828133,-1.661935,-27.363368,14.749324,-27.186990,-33.994097,29.866251,20.610086,-18.479310,-19.828133,-1.661935,-27.363368,90.000000,
-19.828133,-1.661935,-27.363368,-67.064640,35.808915,-32.621153,-70.537737,-22.738074,-15.731395,-19.828133,-1.661935,-27.363368,90.000000,
-19.828133,-1.661935,-27.363368,14.749324,-27.186990,-33.994097,29.866251,20.610086,-18.479310,-19.828133,-1.661935,-27.363368,90.000000,
-19.828133,-1.661935,-27.363368,-67.064640,35.808915,-32.621153,-70.537737,-22.738074,-15.731395,-19.828133,-1.661935,-27.363368,90.000000,
-19.828133,-1.661935,-27.363368,14.749324,-27.186990,-33.994097,29.866251,20.610086,-18.479310,-19.828133,-1.661935,-27.363368,90.000000,
-19.828133,-1.661935,-27.363368,-67.064640,35.808915,-32.621153,-70.537737,-22.738074,-15.731395,-19.828133,-1.661935,-27.363368,90.000000,
-19.828133,-1.661935,-27.363368,14.749324,-27.186990,-33.994097,29.866251,20.610086,-18.479310,-19.828133,-1.661935,-27.363368,90.000000,
-19.828133,-1.661935,-27.363368,-67.064640,35.808915,-32.621153,-70.537737,-22.738074,-15.731395,-19.828133,-1.661935,-27.363368,90.000000,
-19.828133,-1.661935,-27.363368,14.749324,-27.186990,-33.994097,29.866251,20.610086,-18.479310,-19.828133,-1.661935,-27.363368,90.000000,
-19.828133,-1.661935,-27.363368,-67.064640,35.808915,-32.621153,-70.537737,-22.738074,-15.731395,-19.828133,-1.661935,-27.363368,90.000000,
-19.828133,-1.661935,-27.363368,14.749324,-27.186990,-33.994097,29.866251,20.610086,-18.479310,-19.828133,-1.661935,-27.363368,90.000000,
-19.828133,-1.661935,-27.363368,-67.064640,35.808915,-32.621153,-70.537737,-22.738074,-15.731395,-19.828133,-1.661935,-27.363368,90.000000,
-19.828133,-1.661935,-27.363368,14.749324,-27.186990,-33.994097,29.866251,20.610086,-18.479310,-19.828133,-1.661935,-27.363368,90.000000,
-19.828133,-1.661935,-27.363368,-67.064640,35.808915,-32.621153,-70.537737,-22.738074,-15.731395,-19.828133,-1.661935,-27.363368,90.000000,
-19.828133,-1.661935,-27.363368,14.749324,-27.186990,-33.994097,29.866251,20.610086,-18.479310,-19.828133,-1.661935,-27.363368,90.000000,
-19.828133,-1.661935,-27.363368,-67.064640,35.808915,-32.621153,-70.537737,-22.738074,-15.731395,-19.828133,-1.661935,-27.363368,90.000000,
-19.828133,-1.661935,-27.363368,14.749324,-27.186990,-33.994097,29.866251,20.610086,-18.479310,-19.828133,-1.661935,-27.363368,90.000000,
-19.828133,-1.661935,-27.363368,-67.064640,35.808915,-32.621153,-70.537737,-22.738074,-15.731395,-19.828133,-1.661935,-27.363368,90.000000,
-19.828133,-1.661935,-27.363368,14.749324,-27.186990,-33.994097,29.866251,20.610086,-18.479310,-19.828133,-1.661935,-27.363368,90.000000,
-19.828133,-1.661935,-27.363368,-67.064640,35.808915,-32.621153,-70.537737,-22.738074,-15.731395,-19.828133,-1.661935,-27.363368,90.000000,
-19.828133,-1.661935,-27.363368,14.749324,-27.186990,-33.994097,29.866251,20.610086,-18.479310,-19.828133,-1.661935,-27.363368,90.000000,
-19.828133,-1.661935,-27.363368,-67.064640,35.808915,-32.621153,-70.537737,-22.738074,-15.731395,-19.828133,-1.661935,-27.363368,90.000000,
-19.828133,-1.661935,-27.363368,14.749324,-27.186990,-33.994097,29.866251,20.610086,-18.479310,-19.828133,-1.661935,-27.363368,90.000000,
-19.828133,-1.661935,-27.363368,-67.064640,35.808915,-32.621153,-70.537737,-22.738074,-15.731395,-19.828133,-1.661935,-27.363368,90.000000,
-19.828133,-1.661935,-27.363368,14.749324,-27.186990,-33.994097,29.866251,20.610086,-18.479310,-19.828133,-1.661935,-27.363368,90.000000,
-19.828133,-1.661935,-27.363368,-67.064640,35.808915,-32.621153,-70.537737,-22.738074,-15.731395,-19.828133,-1.661935,-27.363368,90.000000,
-19.828133,-1.661935,-27.363368,14.749324,-27.186990,-33.994097,29.866251,20.610086,-18.479310,-19.828133,-1.661935,-27.363368,90.000000,
-19.828133,-1.661935,-27.363368,-67.064640,35.808915,-32.621153,-70.537737,-22.738074,-15.731395,-19.828133,-1.661935,-27.363368,90.000000,
-19.828133,-1.661935,-27.363368,14.749324,-27.186990,-33.994097,29.866251,20.610086,-18.479310,-19.828133,-1.661935,-27.363368,90.000000,
-19.828133,-1.661935,-27.363368,-67.064640,35.808915,-32.621153,-70.537737,-22.738074,-15.731395,-19.828133,-1.661935,-27.363368,90.000000,
-19.828133,-1.661935,-27.363368,14.749324,-27.186990,-33.994097,29.866251,20.610086,-18.479310,-19.828133,-1.661935,-27.363368,90.000000,
-19.828133,-1.661935,-27.363368,-67.064640,35.808915,-32.621153,-70.537737,-22.738074,-15.731395,-19.828133,-1.661935,-27.363368,90.000000,
-19.828133,-1.661935,-27.363368,14.749324,-27.186990,-33.994097,29.866251,20.610086,-18.479310,-19.828133,-1.661935,-27.363368,90.000000,
-19.828133,-1.661935,-27.363368,-67.064640,35.808915,-32.621153,-70.537737,-22.738074,-15.731395,-19.828133,-1.661935,-27.363368,90.000000,
-19.828133,-1.661935,-27.363368,14.749324,-27.186990,-33.994097,29.866251,20.610086,-18.479310,-19.828133,-1.661935,-27.363368,90.000000,
-19.828133,-1.661935,-27.363368,-67.064640,35.808915,-32.621153,-70.537737,-22.738074,-15.731395,-19.828133,-1.661935,-27.363368,90.000000,
-19.828133,-1.661935,-27.363368,14.749324,-27.186990,-33.994097,29.866251,20.610086,-18.479310,-19.828133,-1.661935,-27.363368,90.000000,
-19.828133,-1.661935,-27.363368,-67.064640,35.808915,-32.621153,-70.537737,-22.738074,-15.731395,-19.828133,-1.661935,-27.363368,90.000000,
-19.828133,-1.661935,-27.363368,14.749324,-27.186990,-33.994097,29.866251,20.610086,-18.479310,-19.828133,-1.661935,-27.363368,90.000000,
-19.828133,-1.661935,-27.363368,-67.064640,35.808915,-32.621153,-70.537737,-22.738074,-15.731395,-19.828133,-1.661935,-27.363368,90.000000,
-19.828133,-1.661935,-27.363368,14.749324,-27.186990,-33.994097,29.866251,20.610086,-18.479310,-19.828133,-1.661935,-27.363368,90.000000,
-19.828133,-1.661935,-27.363368,-67.064640,35.808915,-32.621153,-70.537737,-22.738074,-15.731395,-19.828133,-1.661935,-27.363368,90.000000,
-19.828133,-1.661935,-27.363368,14.749324,-27.186990,-33.994097,29.866251,20.610086,-18.479310,-19.828133,-1.661935,-27.363368,90.000000,
-19.828133,-1.661935,-27.363368,-67.064640,35.808915,-32.621153,-70.537737,-22.738074,-15.731395,-19.828133,-1.661935,-27.363368,90.000000,
-19.828133,-1.661935,-27.363368,14.749324,-27.186990,-33.994097,29.866251,20.610086,-18.479310,-19.828133,-1.661935,-27.363368,90.000000,
-19.828133,-1.661935,-27.363368,-67.064640,35.808915,-32.621153,-70.537737,-22.738074,-15.731395,-19.828133,-1.661935,-27.363368,90.000000,
-19.828133,-1.661935,-27.363368,14.749324,-27.186990,-33.994097,29.866251,20.610086,-18.479310,-19.828133,-1.661935,-27.363368,90.000000,
-19.828133,-1.661935,-27.363368,-67.064640,35.808915,-32.621153,-70.537737,-22.738074,-15.731395,-19.828133,-1.661935,-27.363368,90.000000,
-19.828133,-1.661935,-27.363368,14.749324,-27.186990,-33.994097,29.866251,20.610086,-18.479310,-19.828133,-1.661935,-27.363368,90.000000,
-19.828133,-1.661935,-27.363368,-67.064640,35.808915,-32.621153,-70.537737,-22.738074,-15.731395,-19.828133,-1.661935,-27.363368,90.000000,
-19.828133,-1.661935,-27.363368,14.749324,-27.186990,-33.994097,29.866251,20.610086,-18.479310,-19.828133,-1.661935,-27.363368,90.000000,
-19.828133,-1.661935,-27.363368,-67.064640,35.808915,-32.621153,-70.537737,-22.738074,-15.731395,-19.828133,-1.661935,-27.363368,90.000000,
-19.828133,-1.661935,-27.363368,14.749324,-27.186990,-33.994097,29.866251,20.610086,-18.479310,-19.828133,-1.661935,-27.363368,90.000000,
-19.828133,-1.661935,-27.363368,-67.064640,35.808915,-32.621153,-70.537737,-22.738074,-15.731395,-19.828133,-1.661935,-27.363368,90.000000,
-19.828133,-1.661935,-27.363368,14.749324,-27.186990,-33.994097,29.866251,20.610086,-18.479310,-19.828133,-1.661935,-27.363368,90.000000,
-19.828133,-1.661935,-27.363368,-67.064640,35.808915,-32.621153,-70.537737,-22.738074,-15.731395,-19.828133,-1.661935,-27.363368,90.000000,
-19.828133,-1.661935,-27.363368,14.749324,-27.186990,-33.994097,29.866251,20.610086,-18.479310,-19.828133,-1.661935,-27.363368,90.000000,
-19.828133,-1.661935,-27.363368,-67.064640,35.808915,-32.621153,-70.537737,-22.738074,-15.731395,-19.828133,-1.661935,-27.363368,90.000000,
-19.828133,-1.661935,-27.363368,14.749324,-27.186990,-33.994097,29.866251,20.610086,-18.479310,-19.828133,-1.661935,-27.363368,90.000000,
-19.828133,-1.661935,-27.363368,-67.064640,35.808915,-32.621153,-70.537737,-22.738074,-15.731395,-19.828133,-1.661935,-27.363368,90.000000,
-19.828133,-1.661935,-27.363368,14.749324,-27.186990,-33.994097,29.866251,20.610086,-18.479310,-19.828133,-1.661935,-27.363368,90.000000,
-19.828133,-1.661935,-27.363368,-67.064640,35.808915,-32.621153,-70.537737,-22.738074,-15.731395,-19.828133,-1.661935,-27.363368,90.000000,
-19.828133,-1.661935,-27.363368,14.749324,-27.186990,-33.994097,29.866251,20.610086,-18.479310,-19.828133,-1.661935,-27.363368,90.000000,
-19.828133,-1.661935,-27.363368,-67.064640,35.808915,-32.621153,-70.537737,-22.738074,-15.731395,-19.828133,-1.661935,-27.363368,90.000000,
-19.828133,-1.661935,-27.363368,14.749324,-27.186990,-33.994097,29.866251,20.610086,-18.479310,-19.828133,-1.661935,-27.363368,90.000000,
-19.828133,-1.661935,-27.363368,-67.064640,35.808915,-32.621153,-70.537737,-22.738074,-15.731395,-19.828133,-1.661935,-27.363368,90.000000,
-19.828133,-1.661935,-27.363368,14.749324,-27.186990,-33.994097,29.866251,20.610086,-18.479310,-19.828133,-1.661935,-27.363368,90.000000,
-19.828133,-1.661935,-27.363368,-67.064640,35.808915,-32.621153,-70.537737,-22.738074,-15.731395,-19.828133,-1.661935,-27.363368,90.000000,
-19.828133,-1.661935,-27.363368,14.749324,-27.186990,-33.994097,29.866251,20.610086,-18.479310,-19.828133,-1.661935,-27.363368,90.000000,
-19.828133,-1.661935,-27.363368,-67.064640,35.808915,-32.621153,-70.537737,-22.738074,-15.731395,-19.828133,-1.661935,-27.363368,90.000000,
-19.828133,-1.661935,-27.363368,14.749324,-27.186990,-33.994097,29.866251,20.610086,-18.479310,-19.828133,-1.661935,-27.363368,90.000000,
-19.828133,-1.661935,-27.363368,-67.064640,35.808915,-32.621153,-70.537737,-22.738074,-15.731395,-19.828133,-1.661935,-27.363368,90.000000,
-19.828133,-1.661935,-27.363368,14.749324,-27.186990,-33.994097,29.866251,20.610086,-18.479310,-19.828133,-1.661935,-27.363368,90.000000,
-19.828133,-1.661935,-27.363368,-67.064640,35.808915,-32.621153,-70.537737,-22.738074,-15.731395,-19.828133,-1.661935,-27.363368,90.000000,
-19.828133,-1.661935,-27.363368,14.749324,-27.186990,-33.994097,29.866251,20.610086,-18.479310,-19.828133,-1.661935,-27.363368,90.000000,
-19.828133,-1.661935,-27.363368,-67.064640,35.808915,-32.621153,-70.537737,-22.738074,-15.731395,-19.828133,-1.661935,-27.363368,90.000000,
-19.828133,-1.661935,-27.363368,14.749324,-27.186990,-33.994097,29.866251,20.610086,-18.479310,-19.828133,-1.661935,-27.363368,90.000000,
-19.828133,-1.661935,-27.363368,-67.064640,35.808915,-32.621153,-70.537737,-22.738074,-15.731395,-19.828133,-1.661935,-27.363368,90.000000,
-19.828133,-1.661935,-27.363368,14.749324,-27.186990,-33.994097,29.866251,20.610086,-18.479310,-19.828133,-1.661935,-27.363368,90.000000,
-19.828133,-1.661935,-27.363368,-67.064640,35.808915,-32.621153,-70.537737,-22.738074,-15.731395,-19.828133,-1.661935,-27.363368,90.000000,
-19.828133,-1.661935,-27.363368,14.749324,-27.186990,-33.994097,29.866251,20.610086,-18.479310,-19.828133,-1.661935,-27.363368,90.000000,
-19.828133,-1.661935,-27.363368,-67.064640,35.808915,-32.621153,-70.537737,-22.738074,-15.731395,-19.828133,-1.661935,-27.363368,90.000000,
-19.828133,-1.661935,-27.363368,14.749324,-27.186990,-33.994097,29.866251,20.610086,-18.479310,-19.828133,-1.661935,-27.363368,90.000000,
-19.828133,-1.661935,-27.363368,-67.064640,35.808915,-32.621153,-70.537737,-22.738074,-15.731395,-19.828133,-1.661935,-27.363368,90.000000,
-19.828133,-1.661935,-27.363368,14.749324,-27.186990,-33.994097,29.866251,20.610086,-18.479310,-19.828133,-1.661935,-27.363368,90.000000,
-19.828133,-1.661935,-27.363368,-67.064640,35.808915,-32.621153,-70.537737,-22.738074,-15.731395,-19.828133,-1.661935,-27.363368,90.000000,
-19.828133,-1.661935,-27.363368,14.749324,-27.186990,-33.994097,29.866251,20.610086,-18.479310,-19.828133,-1.661935,-27.363368,90.000000,
-19.828133,-1.661935,-27.363368,-67.064640,35.808915,-32.621153,-70.537737,-22.738074,-15.731395,-19.828133,-1.661935,-27.363368,90.000000,
-19.828133,-1.661935,-27.363368,14.749324,-27.186990,-33.994097,29.866251,20.610086,-18.479310,-19.828133,-1.661935,-27.363368,90.000000,
-19.828133,-1.661935,-27.363368,-67.064640,35.808915,-32.621153,-70.537737,-22.738074,-15.731395,-19.828133,-1.661935,-27.363368,90.000000,
-19.828133,-1.661935,-27.363368,14.749324,-27.186990,-33.994097,29.866251,20.610086,-18.479310,-19.828133,-1.661935,-27.363368,90.000000,
-19.828133,-1.661935,-27.363368,-67.064640,35.808915,-32.621153,-70.537737,-22.738074,-15.731395,-19.828133,-1.661935,-27.363368,90.000000,
-19.828133,-1.661935,-27.363368,14.749324,-27.186990,-33.994097,29.866251,20.610086,-18.479310,-19.828133,-1.661935,-27.363368,90.000000,
-19.828133,-1.661935,-27.363368,-67.064640,35.808915,-32.621153,-70.537737,-22.738074,-15.731395,-19.828133,-1.661935,-27.363368,90.000000,
-19.828133,-1.661935,-27.363368,14.749324,-27.186990,-33.994097,29.866251,20.610086,-18.479310,-19.828133,-1.661935,-27.363368,90.000000,
-19.828133,-1.661935,-27.363368,-67.064640,35.808915,-32.621153,-70.537737,-22.738074,-15.731395,-19.828133,-1.661935,-27.363368,90.000000,
-19.828133,-1.661935,-27.363368,14.749324,-27.186990,-33.994097,29.866251,20.610086,-18.479310,-19.828133,-1.661935,-27.363368,90.000000,
-19.828133,-1.661935,-27.363368,-67.064640,35.808915,-32.621153,-70.537737,-22.738074,-15.731395,-19.828133,-1.661935,-27.363368,90.000000,
-19.828133,-1.661935,-27.363368,14.749324,-27.186990,-33.994097,29.866251,20.610086,-18.479310,-19.828133,-1.661935,-27.363368,90.000000,
-19.828133,-1.661935,-27.363368,-67.064640,35.808915,-32.621153,-70.537737,-22.738074,-15.731395,-19.828133,-1.661935,-27.363368,90.000000,
-19.828133,-1.661935,-27.363368,14.749324,-27.186990,-33.994097,29.866251,20.610086,-18.479310,-19.828133,-1.661935,-27.363368,90.000000,
-19.828133,-1.661935,-27.363368,-67.064640,35.808915,-32.621153,-70.537737,-22.738074,-15.731395,-19.828133,-1.661935,-27.363368,90.000000,
-19.828133,-1.661935,-27.363368,14.749324,-27.186990,-33.994097,29.866251,20.610086,-18.479310,-19.828133,-1.661935,-27.363368,90.000000,
-19.828133,-1.661935,-27.363368,-67.064640,35.808915,-32.621153,-70.537737,-22.738074,-15.731395,-19.828133,-1.661935,-27.363368,90.000000,
-19.828133,-1.661935,-27.363368,14.749324,-27.186990,-33.994097,29.866251,20.610086,-18.479310,-19.828133,-1.661935,-27.363368,90.000000,
-19.828133,-1.661935,-27.363368,-67.064640,35.808915,-32.621153,-70.537737,-22.738074,-15.731395,-19.828133,-1.661935,-27.363368,90.000000,
-19.828133,-1.661935,-27.363368,14.749324,-27.186990,-33.994097,29.866251,20.610086,-18.479310,-19.828133,-1.661935,-27.363368,90.000000,
-19.828133,-1.661935,-27.363368,-67.064640,35.808915,-32.621153,-70.537737,-22.738074,-15.731395,-19.828133,-1.661935,-27.363368,90.000000,
-19.828133,-1.661935,-27.363368,14.749324,-27.186990,-33.994097,29.866251,20.610086,-18.479310,-19.828133,-1.661935,-27.363368,90.000000,
-19.828133,-1.661935,-27.363368,-67.064640,35.808915,-32.621153,-70.537737,-22.738074,-15.731395,-19.828133,-1.661935,-27.363368,90.000000,
-19.828133,-1.661935,-27.363368,14.749324,-27.186990,-33.994097,29.866251,20.610086,-18.479310,-19.828133,-1.661935,-27.363368,90.000000,
-19.828133,-1.661935,-27.363368,-67.064640,35.808915,-32.621153,-70.537737,-22.738074,-15.731395,-19.828133,-1.661935,-27.363368,90.000000,
-19.828133,-1.661935,-27.363368,14.749324,-27.186990,-33.994097,29.866251,20.610086,-18.479310,-19.828133,-1.661935,-27.363368,90.000000,
-19.828133,-1.661935,-27.363368,-67.064640,35.808915,-32.621153,-70.537737,-22.738074,-15.731395,-19.828133,-1.661935,-27.363368,90.000000,
-19.828133,-1.661935,-27.363368,14.749324,-27.186990,-33.994097,29.866251,20.610086,-18.479310,-19.828133,-1.661935,-27.363368,90.000000,
-19.828133,-1.661935,-27.363368,-67.064640,35.808915,-32.621153,-70.537737,-22.738074,-15.731395,-19.828133,-1.661935,-27.363368,90.000000,
-19.828133,-1.661935,-27.363368,14.749324,-27.186990,-33.994097,29.866251,20.610086,-18.479310,-19.828133,-1.661935,-27.363368,90.000000,
-19.828133,-1.661935,-27.363368,-67.064640,35.808915,-32.621153,-70.537737,-22.738074,-15.731395,-19.828133,-1.661935,-27.363368,90.000000,
-19.828133,-1.661935,-27.363368,14.749324,-27.186990,-33.994097,29.866251,20.610086,-18.479310,-19.828133,-1.661935,-27.363368,90.000000,
-19.828133,-1.661935,-27.363368,-67.064640,35.808915,-32.621153,-70.537737,-22.738074,-15.731395,-19.828133,-1.661935,-27.363368,90.000000,
-19.828133,-1.661935,-27.363368,14.749324,-27.186990,-33.994097,29.866251,20.610086,-18.479310,-19.828133,-1.661935,-27.363368,90.000000,
-19.828133,-1.661935,-27.363368,-67.064640,35.808915,-32.621153,-70.537737,-22.738074,-15.731395,-19.828133,-1.661935,-27.363368,90.000000,
-19.828133,-1.661935,-27.363368,14.749324,-27.186990,-33.994097,29.866251,20.610086,-18.479310,-19.828133,-1.661935,-27.363368,90.000000,
-19.828133,-1.661935,-27.363368,-67.064640,35.808915,-32.621153,-70.537737,-22.738074,-15.731395,-19.828133,-1.661935,-27.363368,90.000000,
-19.828133,-1.661935,-27.363368,14.749324,-27.186990,-33.994097,29.866251,20.610086,-18.479310,-19.828133,-1.661935,-27.363368,90.000000,
-19.828133,-1.661935,-27.363368,-67.064640,35.808915,-32.621153,-70.537737,-22.738074,-15.731395,-19.828133,-1.661935,-27.363368,90.000000,
-19.828133,-1.661935,-27.363368,14.749324,-27.186990,-33.994097,29.866251,20.610086,-18.479310,-19.828133,-1.661935,-27.363368,90.000000,
-19.828133,-1.661935,-27.363368,-67.064640,35.808915,-32.621153,-70.537737,-22.738074,-15.731395,-19.828133,-1.661935,-27.363368,90.000000,
-19.828133,-1.661935,-27.363368,14.749324,-27.186990,-33.994097,29.866251,20.610086,-18.479310,-19.828133,-1.661935,-27.363368,90.000000,
-19.828133,-1.661935,-27.363368,-67.064640,35.808915,-32.621153,-70.537737,-22.738074,-15.731395,-19.828133,-1.661935,-27.363368,90.000000,
-19.828133,-1.661935,-27.363368,14.749324,-27.186990,-33.994097,29.866251,20.610086,-18.479310,-19.828133,-1.661935,-27.363368,90.000000,
-19.828133,-1.661935,-27.363368,-67.064640,35.808915,-32.621153,-70.537737,-22.738074,-15.731395,-19.828133,-1.661935,-27.363368,90.000000,
-19.828133,-1.661935,-27.363368,14.749324,-27.186990,-33.994097,29.866251,20.610086,-18.479310,-19.828133,-1.661935,-27.363368,90.000000,
-19.828133,-1.661935,-27.363368,-67.064640,35.808915,-32.621153,-70.537737,-22.738074,-15.731395,-19.828133,-1.661935,-27.363368,90.000000,
-19.828133,-1.661935,-27.363368,14.749324,-27.186990,-33.994097,29.866251,20.610086,-18.479310,-19.828133,-1.661935,-27.363368,90.000000,
-19.828133,-1.661935,-27.363368,-67.064640,35.808915,-32.621153,-70.537737,-22.738074,-15.731395,-19.828133,-1.661935,-27.363368,90.000000,
-19.828133,-1.661935,-27.363368,14.749324,-27.186990,-33.994097,29.866251,20.610086,-18.479310,-19.828133,-1.661935,-27.363368,90.000000,
-19.828133,-1.661935,-27.363368,-67.064640,35.808915,-32.621153,-70.537737,-22.738074,-15.731395,-19.828133,-1.661935,-27.363368,90.000000,
-19.828133,-1.661935,-27.363368,14.749324,-27.186990,-33.994097,29.866251,20.610086,-18.479310,-19.828133,-1.661935,-27.363368,90.000000,
-19.828133,-1.661935,-27.363368,-67.064640,35.808915,-32.621153,-70.537737,-22.738074,-15.731395,-19.828133,-1.661935,-27.363368,90.000000,
-19.828133,-1.661935,-27.363368,14.749324,-27.186990,-33.994097,29.866251,20.610086,-18.479310,-19.828133,-1.661935,-27.363368,90.000000,
-19.828133,-1.661935,-27.363368,-67.064640,35.808915,-32.621153,-70.537737,-22.738074,-15.731395,-19.828133,-1.661935,-27.363368,90.000000,
-19.828133,-1.661935,-27.363368,14.749324,-27.186990,-33.994097,29.866251,20.610086,-18.479310,-19.828133,-1.661935,-27.363368,90.000000,
-19.828133,-1.661935,-27.363368,-67.064640,35.808915,-32.621153,-70.537737,-22.738074,-15.731395,-19.828133,-1.661935,-27.363368,90.000000,
-19.828133,-1.661935,-27.363368,14.749324,-27.186990,-33.994097,29.866251,20.610086,-18.479310,-19.828133,-1.661935,-27.363368,90.000000,
-19.828133,-1.661935,-27.363368,-67.064640,35.808915,-32.621153,-70.537737,-22.738074,-15.731395,-19.828133,-1.661935,-27.363368,90.000000,
-19.828133,-1.661935,-27.363368,14.749324,-27.186990,-33.994097,29.866251,20.610086,-18.479310,-19.828133,-1.661935,-27.363368,90.000000,
-19.828133,-1.661935,-27.363368,-67.064640,35.808915,-32.621153,-70.537737,-22.738074,-15.731395,-19.828133,-1.661935,-27.363368,90.000000,
-19.828133,-1.661935,-27.363368,14.749324,-27.186990,-33.994097,29.866251,20.610086,-18.479310,-19.828133,-1.661935,-27.363368,90.000000,
-19.828133,-1.661935,-27.363368,-67.064640,35.808915,-32.621153,-70.537737,-22.738074,-15.731395,-19.828133,-1.661935,-27.363368,90.000000,
-19.828133,-1.661935,-27.363368,14.749324,-27.186990,-33.994097,29.866251,20.610086,-18.479310,-19.828133,-1.661935,-27.363368,90.000000,
-19.828133,-1.661935,-27.363368,-67.064640,35.808915,-32.621153,-70.537737,-22.738074,-15.731395,-19.828133,-1.661935,-27.363368,90.000000,
-19.828133,-1.661935,-27.363368,14.749324,-27.186990,-33.994097,29.866251,20.610086,-18.479310,-19.828133,-1.661935,-27.363368,90.000000,
-19.828133,-1.661935,-27.363368,-67.064640,35.808915,-32.621153,-70.537737,-22.738074,-15.731395,-19.828133,-1.661935,-27.363368,90.000000,
-19.828133,-1.661935,-27.363368,14.749324,-27.186990,-33.994097,29.866251,20.610086,-18.479310,-19.828133,-1.661935,-27.363368,90.000000,
-19.828133,-1.661935,-27.363368,-67.064640,35.808915,-32.621153,-70.537737,-22.738074,-15.731395,-19.828133,-1.661935,-27.363368,90.000000,
-19.828133,-1.661935,-27.363368,14.749324,-27.186990,-33.994097,29.866251,20.610086,-18.479310,-19.828133,-1.661935,-27.363368,90.000000,
-19.828133,-1.661935,-27.363368,-67.064640,35.808915,-32.621153,-70.537737,-22.738074,-15.731395,-19.828133,-1.661935,-27.363368,90.000000,
-19.828133,-1.661935,-27.363368,14.749324,-27.186990,-33.994097,29.866251,20.610086,-18.479310,-19.828133,-1.661935,-27.363368,90.000000,
-19.828133,-1.661935,-27.363368,-67.064640,35.808915,-32.621153,-70.537737,-22.738074,-15.731395,-19.828133,-1.661935,-27.363368,90.000000,
-19.828133,-1.661935,-27.363368,14.749324,-27.186990,-33.994097,29.866251,20.610086,-18.479310,-19.828133,-1.661935,-27.363368,90.000000,
-19.828133,-1.661935,-27.363368,-67.064640,35.808915,-32.621153,-70.537737,-22.738074,-15.731395,-19.828133,-1.661935,-27.363368,90.000000,
-19.828133,-1.661935,-27.363368,14.749324,-27.186990,-33.994097,29.866251,20.610086,-18.479310,-19.828133,-1.661935,-27.363368,90.000000,
-19.828133,-1.661935,-27.363368,-67.064640,35.808915,-32.621153,-70.537737,-22.738074,-15.731395,-19.828133,-1.661935,-27.363368,90.000000,
-19.828133,-1.661935,-27.363368,14.749324,-27.186990,-33.994097,29.866251,20.610086,-18.479310,-19.828133,-1.661935,-27.363368,90.000000,
-19.828133,-1.661935,-27.363368,-67.064640,35.808915,-32.621153,-70.537737,-22.738074,-15.731395,-19.828133,-1.661935,-27.363368,90.000000,
-19.828133,-1.661935,-27.363368,14.749324,-27.186990,-33.994097,29.866251,20.610086,-18.479310,-19.828133,-1.661935,-27.363368,90.000000,
-19.828133,-1.661935,-27.363368,-67.064640,35.808915,-32.621153,-70.537737,-22.738074,-15.731395,-19.828133,-1.661935,-27.363368,90.000000,
-19.828133,-1.661935,-27.363368,14.749324,-27.186990,-33.994097,29.866251,20.610086,-18.479310,-19.828133,-1.661935,-27.363368,90.000000,
-19.828133,-1.661935,-27.363368,-67.064640,35.808915,-32.621153,-70.537737,-22.738074,-15.731395,-19.828133,-1.661935,-27.363368,90.000000,
-19.828133,-1.661935,-27.363368,14.749324,-27.186990,-33.994097,29.866251,20.610086,-18.479310,-19.828133,-1.661935,-27.363368,90.000000,
-19.828133,-1.661935,-27.363368,-67.064640,35.808915,-32.621153,-70.537737,-22.738074,-15.731395,-19.828133,-1.661935,-27.363368,90.000000,
-19.828133,-1.661935,-27.363368,14.749324,-27.186990,-33.994097,29.866251,20.610086,-18.479310,-19.828133,-1.661935,-27.363368,90.000000,
-19.828133,-1.661935,-27.363368,-67.064640,35.808915,-32.621153,-70.537737,-22.738074,-15.731395,-19.828133,-1.661935,-27.363368,90.000000,
-19.828133,-1.661935,-27.363368,14.749324,-27.186990,-33.994097,29.866251,20.610086,-18.479310,-19.828133,-1.661935,-27.363368,90.000000,
-19.828133,-1.661935,-27.363368,-67.064640,35.808915,-32.621153,-70.537737,-22.738074,-15.731395,-19.828133,-1.661935,-27.363368,90.000000,
-19.828133,-1.661935,-27.363368,14.749324,-27.186990,-33.994097,29.866251,20.610086,-18.479310,-19.828133,-1.661935,-27.363368,90.000000,
-19.828133,-1.661935,-27.363368,-67.064640,35.808915,-32.621153,-70.537737,-22.738074,-15.731395,-19.828133,-1.661935,-27.363368,90.000000,
-19.828133,-1.661935,-27.363368,14.749324,-27.186990,-33.994097,29.866251,20.610086,-18.479310,-19.828133,-1.661935,-27.363368,90.000000,
-19.828133,-1.661935,-27.363368,-67.064640,35.808915,-32.621153,-70.537737,-22.738074,-15.731395,-19.828133,-1.661935,-27.363368,90.000000,
-19.828133,-1.661935,-27.363368,14.749324,-27.186990,-33.994097,29.866251,20.610086,-18.479310,-19.828133,-1.661935,-27.363368,90.000000,
-19.828133,-1.661935,-27.363368,-67.064640,35.808915,-32.621153,-70.537737,-22.738074,-15.731395,-19.828133,-1.661935,-27.363368,90.000000,
-19.828133,-1.661935,-27.363368,14.749324,-27.186990,-33.994097,29.866251,20.610086,-18.479310,-19.828133,-1.661935,-27.363368,90.000000,
-19.828133,-1.661935,-27.363368,-67.064640,35.808915,-32.621153,-70.537737,-22.738074,-15.731395,-19.828133,-1.661935,-27.363368,90.000000,
-19.828133,-1.661935,-27.363368,14.749324,-27.186990,-33.994097,29.866251,20.610086,-18.479310,-19.828133,-1.661935,-27.363368,90.000000,
-19.828133,-1.661935,-27.363368,-67.064640,35.808915,-32.621153,-70.537737,-22.738074,-15.731395,-19.828133,-1.661935,-27.363368,90.000000,
-19.828133,-1.661935,-27.363368,14.749324,-27.186990,-33.994097,29.866251,20.610086,-18.479310,-19.828133,-1.661935,-27.363368,90.000000,
-19.828133,-1.661935,-27.363368,-67.064640,35.808915,-32.621153,-70.537737,-22.738074,-15.731395,-19.828133,-1.661935,-27.363368,90.000000,
-19.828133,-1.661935,-27.363368,14.749324,-27.186990,-33.994097,29.866251,20.610086,-18.479310,-19.828133,-1.661935,-27.363368,90.000000,
-19.828133,-1.661935,-27.363368,-67.064640,35.808915,-32.621153,-70.537737,-22.738074,-15.731395,-19.828133,-1.661935,-27.363368,90.000000,
-19.828133,-1.661935,-27.363368,14.749324,-27.186990,-33.994097,29.866251,20.610086,-18.479310,-19.828133,-1.661935,-27.363368,90.000000,
-19.828133,-1.661935,-27.363368,-67.064640,35.808915,-32.621153,-70.537737,-22.738074,-15.731395,-19.828133,-1.661935,-27.363368,90.000000,
-19.828133,-1.661935,-27.363368,14.749324,-27.186990,-33.994097,29.866251,20.610086,-18.479310,-19.828133,-1.661935,-27.363368,90.000000,
-19.828133,-1.661935,-27.363368,-67.064640,35.808915,-32.621153,-70.537737,-22.738074,-15.731395,-19.828133,-1.661935,-27.363368,90.000000,
-19.828133,-1.661935,-27.363368,14.749324,-27.186990,-33.994097,29.866251,20.610086,-18.479310,-19.828133,-1.661935,-27.363368,90.000000,
-19.828133,-1.661935,-27.363368,-67.064640,35.808915,-32.621153,-70.537737,-22.738074,-15.731395,-19.828133,-1.661935,-27.363368,90.000000,
-19.828133,-1.661935,-27.363368,14.749324,-27.186990,-33.994097,29.866251,20.610086,-18.479310,-19.828133,-1.661935,-27.363368,90.000000,
-19.828133,-1.661935,-27.363368,-67.064640,35.808915,-32.621153,-70.537737,-22.738074,-15.731395,-19.828133,-1.661935,-27.363368,90.000000,
-19.828133,-1.661935,-27.363368,14.749324,-27.186990,-33.994097,29.866251,20.610086,-18.479310,-19.828133,-1.661935,-27.363368,90.000000,
-19.828133,-1.661935,-27.363368,-67.064640,35.808915,-32.621153,-70.537737,-22.738074,-15.731395,-19.828133,-1.661935,-27.363368,90.000000,
-19.828133,-1.661935,-27.363368,14.749324,-27.186990,-33.994097,29.866251,20.610086,-18.479310,-19.828133,-1.661935,-27.363368,90.000000,
-19.828133,-1.661935,-27.363368,-67.064640,35.808915,-32.621153,-70.537737,-22.738074,-15.731395,-19.828133,-1.661935,-27.363368,90.000000,
-19.828133,-1.661935,-27.363368,14.749324,-27.186990,-33.994097,29.866251,20.610086,-18.479310,-19.828133,-1.661935,-27.363368,90.000000,
-19.828133,-1.661935,-27.363368,-67.064640,35.808915,-32.621153,-70.537737,-22.738074,-15.731395,-19.828133,-1.661935,-27.363368,90.000000,
-19.828133,-1.661935,-27.363368,14.749324,-27.186990,-33.994097,29.866251,20.610086,-18.479310,-19.828133,-1.661935,-27.363368,90.000000,
-19.828133,-1.661935,-27.363368,-67.064640,35.808915,-32.621153,-70.537737,-22.738074,-15.731395,-19.828133,-1.661935,-27.363368,90.000000,
-19.828133,-1.661935,-27.363368,14.749324,-27.186990,-33.994097,29.866251,20.610086,-18.479310,-19.828133,-1.661935,-27.363368,90.000000,
-19.828133,-1.661935,-27.363368,-67.064640,35.808915,-32.621153,-70.537737,-22.738074,-15.731395,-19.828133,-1.661935,-27.363368,90.000000,
-19.828133,-1.661935,-27.363368,14.749324,-27.186990,-33.994097,29.866251,20.610086,-18.479310,-19.828133,-1.661935,-27.363368,90.000000,
-19.828133,-1.661935,-27.363368,-67.064640,35.808915,-32.621153,-70.537737,-22.738074,-15.731395,-19.828133,-1.661935,-27.363368,90.000000,
-19.828133,-1.661935,-27.363368,14.749324,-27.186990,-33.994097,29.866251,20.610086,-18.479310,-19.828133,-1.661935,-27.363368,90.000000,
-19.828133,-1.661935,-27.363368,-67.064640,35.808915,-32.621153,-70.537737,-22.738074,-15.731395,-19.828133,-1.661935,-27.363368,90.000000,
-19.828133,-1.661935,-27.363368,14.749324,-27.186990,-33.994097,29.866251,20.610086,-18.479310,-19.828133,-1.661935,-27.363368,90.000000,
-19.828133,-1.661935,-27.363368,-67.064640,35.808915,-32.621153,-70.537737,-22.738074,-15.731395,-19.828133,-1.661935,-27.363368,90.000000,
-19.828133,-1.661935,-27.363368,14.749324,-27.186990,-33.994097,29.866251,20.610086,-18.479310,-19.828133,-1.661935,-27.363368,90.000000,
-19.828133,-1.661935,-27.363368,-67.064640,35.808915,-32.621153,-70.537737,-22.738074,-15.731395,-19.828133,-1.661935,-27.363368,90.000000,
-19.828133,-1.661935,-27.363368,14.749324,-27.186990,-33.994097,29.866251,20.610086,-18.479310,-19.828133,-1.661935,-27.363368,90.000000,
-19.828133,-1.661935,-27.363368,-67.064640,35.808915,-32.621153,-70.537737,-22.738074,-15.731395,-19.828133,-1.661935,-27.363368,90.000000,
-19.828133,-1.661935,-27.363368,14.749324,-27.186990,-33.994097,29.866251,20.610086,-18.479310,-19.828133,-1.661935,-27.363368,90.000000,
-19.828133,-1.661935,-27.363368,-67.064640,35.808915,-32.621153,-70.537737,-22.738074,-15.731395,-19.828133,-1.661935,-27.363368,90.000000,
-19.828133,-1.661935,-27.363368,14.749324,-27.186990,-33.994097,29.866251,20.610086,-18.479310,-19.828133,-1.661935,-27.363368,90.000000,
-19.828133,-1.661935,-27.363368,-67.064640,35.808915,-32.621153,-70.537737,-22.738074,-15.731395,-19.828133,-1.661935,-27.363368,90.000000,
-19.828133,-1.661935,-27.363368,14.749324,-27.186990,-33.994097,29.866251,20.610086,-18.479310,-19.828133,-1.661935,-27.363368,90.000000,
-19.828133,-1.661935,-27.363368,-67.064640,35.808915,-32.621153,-70.537737,-22.738074,-15.731395,-19.828133,-1.661935,-27.363368,90.000000,
-19.828133,-1.661935,-27.363368,14.749324,-27.186990,-33.994097,29.866251,20.610086,-18.479310,-19.828133,-1.661935,-27.363368,90.000000,
-19.828133,-1.661935,-27.363368,-67.064640,35.808915,-32.621153,-70.537737,-22.738074,-15.731395,-19.828133,-1.661935,-27.363368,90.000000,
-19.828133,-1.661935,-27.363368,14.749324,-27.186990,-33.994097,29.866251,20.610086,-18.479310,-19.828133,-1.661935,-27.363368,90.000000,
-19.828133,-1.661935,-27.363368,-67.064640,35.808915,-32.621153,-70.537737,-22.738074,-15.731395,-19.828133,-1.661935,-27.363368,90.000000,
-19.828133,-1.661935,-27.363368,14.749324,-27.186990,-33.994097,29.866251,20.610086,-18.479310,-19.828133,-1.661935,-27.363368,90.000000,
-19.828133,-1.661935,-27.363368,-67.064640,35.808915,-32.621153,-70.537737,-22.738074,-15.731395,-19.828133,-1.661935,-27.363368,90.000000,
-19.828133,-1.661935,-27.363368,14.749324,-27.186990,-33.994097,29.866251,20.610086,-18.479310,-19.828133,-1.661935,-27.363368,90.000000,
-19.828133,-1.661935,-27.363368,-67.064640,35.808915,-32.621153,-70.537737,-22.738074,-15.731395,-19.828133,-1.661935,-27.363368,90.000000,
-19.828133,-1.661935,-27.363368,14.749324,-27.186990,-33.994097,29.866251,20.610086,-18.479310,-19.828133,-1.661935,-27.363368,90.000000,
-19.828133,-1.661935,-27.363368,-67.064640,35.808915,-32.621153,-70.537737,-22.738074,-15.731395,-19.828133,-1.661935,-27.363368,90.000000,
-19.828133,-1.661935,-27.363368,14.749324,-27.186990,-33.994097,29.866251,20.610086,-18.479310,-19.828133,-1.661935,-27.363368,90.000000,
-19.828133,-1.661935,-27.363368,-67.064640,35.808915,-32.621153,-70.537737,-22.738074,-15.731395,-19.828133,-1.661935,-27.363368,90.000000,
-19.828133,-1.661935,-27.363368,14.749324,-27.186990,-33.994097,29.866251,20.610086,-18.479310,-19.828133,-1.661935,-27.363368,90.000000,
-19.828133,-1.661935,-27.363368,-67.064640,35.808915,-32.621153,-70.537737,-22.738074,-15.731395,-19.828133,-1.661935,-27.363368,90.000000,
-19.828133,-1.661935,-27.363368,14.749324,-27.186990,-33.994097,29.866251,20.610086,-18.479310,-19.828133,-1.661935,-27.363368,90.000000,
-19.828133,-1.661935,-27.363368,-67.064640,35.808915,-32.621153,-70.537737,-22.738074,-15.731395,-19.828133,-1.661935,-27.363368,90.000000,
-19.828133,-1.661935,-27.363368,14.749324,-27.186990,-33.994097,29.866251,20.610086,-18.479310,-19.828133,-1.661935,-27.363368,90.000000,
-19.828133,-1.661935,-27.363368,-67.064640,35.808915,-32.621153,-70.537737,-22.738074,-15.731395,-19.828133,-1.661935,-27.363368,90.000000,
-19.828133,-1.661935,-27.363368,14.749324,-27.186990,-33.994097,29.866251,20.610086,-18.479310,-19.828133,-1.661935,-27.363368,90.000000,
-19.828133,-1.661935,-27.363368,-67.064640,35.808915,-32.621153,-70.537737,-22.738074,-15.731395,-19.828133,-1.661935,-27.363368,90.000000,
-19.828133,-1.661935,-27.363368,14.749324,-27.186990,-33.994097,29.866251,20.610086,-18.479310,-19.828133,-1.661935,-27.363368,90.000000,
-19.828133,-1.661935,-27.363368,-67.064640,35.808915,-32.621153,-70.537737,-22.738074,-15.731395,-19.828133,-1.661935,-27.363368,90.000000,
-19.828133,-1.661935,-27.363368,14.749324,-27.186990,-33.994097,29.866251,20.610086,-18.479310,-19.828133,-1.661935,-27.363368,90.000000,
-19.828133,-1.661935,-27.363368,-67.064640,35.808915,-32.621153,-70.537737,-22.738074,-15.731395,-19.828133,-1.661935,-27.363368,90.000000,
-19.828133,-1.661935,-27.363368,14.749324,-27.186990,-33.994097,29.866251,20.610086,-18.479310,-19.828133,-1.661935,-27.363368,90.000000,
-19.828133,-1.661935,-27.363368,-67.064640,35.808915,-32.621153,-70.537737,-22.738074,-15.731395,-19.828133,-1.661935,-27.363368,90.000000,
-19.828133,-1.661935,-27.363368,14.749324,-27.186990,-33.994097,29.866251,20.610086,-18.479310,-19.828133,-1.661935,-27.363368,90.000000,
-19.828133,-1.661935,-27.363368,-67.064640,35.808915,-32.621153,-70.537737,-22.738074,-15.731395,-19.828133,-1.661935,-27.363368,90.000000,
-19.828133,-1.661935,-27.363368,14.749324,-27.186990,-33.994097,29.866251,20.610086,-18.479310,-19.828133,-1.661935,-27.363368,90.000000,
-19.828133,-1.661935,-27.363368,-67.064640,35.808915,-32.621153,-70.537737,-22.738074,-15.731395,-19.828133,-1.661935,-27.363368,90.000000,
-19.828133,-1.661935,-27.363368,14.749324,-27.186990,-33.994097,29.866251,20.610086,-18.479310,-19.828133,-1.661935,-27.363368,90.000000,
-19.828133,-1.661935,-27.363368,-67.064640,35.808915,-32.621153,-70.537737,-22.738074,-15.731395,-19.828133,-1.661935,-27.363368,90.000000,
-19.828133,-1.661935,-27.363368,14.749324,-27.186990,-33.994097,29.866251,20.610086,-18.479310,-19.828133,-1.661935,-27.363368,90.000000,
-19.828133,-1.661935,-27.363368,-67.064640,35.808915,-32.621153,-70.537737,-22.738074,-15.731395,-19.828133,-1.661935,-27.363368,90.000000,
-19.828133,-1.661935,-27.363368,14.749324,-27.186990,-33.994097,29.866251,20.610086,-18.479310,-19.828133,-1.661935,-27.363368,90.000000,
-19.828133,-1.661935,-27.363368,-67.064640,35.808915,-32.621153,-70.537737,-22.738074,-15.731395,-19.828133,-1.661935,-27.363368,90.000000,
-19.828133,-1.661935,-27.363368,14.749324,-27.186990,-33.994097,29.866251,20.610086,-18.479310,-19.828133,-1.661935,-27.363368,90.000000,
-19.828133,-1.661935,-27.363368,-67.064640,35.808915,-32.621153,-70.537737,-22.738074,-15.731395,-19.828133,-1.661935,-27.363368,90.000000,
-19.828133,-1.661935,-27.363368,14.749324,-27.186990,-33.994097,29.866251,20.610086,-18.479310,-19.828133,-1.661935,-27.363368,90.000000,
-19.828133,-1.661935,-27.363368,-67.064640,35.808915,-32.621153,-70.537737,-22.738074,-15.731395,-19.828133,-1.661935,-27.363368,90.000000,
-19.828133,-1.661935,-27.363368,14.749324,-27.186990,-33.994097,29.866251,20.610086,-18.479310,-19.828133,-1.661935,-27.363368,90.000000,
-19.828133,-1.661935,-27.363368,-67.064640,35.808915,-32.621153,-70.537737,-22.738074,-15.731395,-19.828133,-1.661935,-27.363368,90.000000,
-19.828133,-1.661935,-27.363368,14.749324,-27.186990,-33.994097,29.866251,20.610086,-18.479310,-19.828133,-1.661935,-27.363368,90.000000,
-19.828133,-1.661935,-27.363368,-67.064640,35.808915,-32.621153,-70.537737,-22.738074,-15.731395,-19.828133,-1.661935,-27.363368,90.000000,
-19.828133,-1.661935,-27.363368,14.749324,-27.186990,-33.994097,29.866251,20.610086,-18.479310,-19.828133,-1.661935,-27.363368,90.000000,
-19.828133,-1.661935,-27.363368,-67.064640,35.808915,-32.621153,-70.537737,-22.738074,-15.731395,-19.828133,-1.661935,-27.363368,90.000000,
-19.828133,-1.661935,-27.363368,14.749324,-27.186990,-33.994097,29.866251,20.610086,-18.479310,-19.828133,-1.661935,-27.363368,90.000000,
-19.828133,-1.661935,-27.363368,-67.064640,35.808915,-32.621153,-70.537737,-22.738074,-15.731395,-19.828133,-1.661935,-27.363368,90.000000,
-19.828133,-1.661935,-27.363368,14.749324,-27.186990,-33.994097,29.866251,20.610086,-18.479310,-19.828133,-1.661935,-27.363368,90.000000,
-19.828133,-1.661935,-27.363368,-67.064640,35.808915,-32.621153,-70.537737,-22.738074,-15.731395,-19.828133,-1.661935,-27.363368,90.000000,
-19.828133,-1.661935,-27.363368,14.749324,-27.186990,-33.994097,29.866251,20.610086,-18.479310,-19.828133,-1.661935,-27.363368,90.000000,
-19.828133,-1.661935,-27.363368,-67.064640,35.808915,-32.621153,-70.537737,-22.738074,-15.731395,-19.828133,-1.661935,-27.363368,90.000000,
-19.828133,-1.661935,-27.363368,14.749324,-27.186990,-33.994097,29.866251,20.610086,-18.479310,-19.828133,-1.661935,-27.363368,90.000000,
-19.828133,-1.661935,-27.363368,-67.064640,35.808915,-32.621153,-70.537737,-22.738074,-15.731395,-19.828133,-1.661935,-27.363368,90.000000,
-19.828133,-1.661935,-27.363368,14.749324,-27.186990,-33.994097,29.866251,20.610086,-18.479310,-19.828133,-1.661935,-27.363368,90.000000,
-19.828133,-1.661935,-27.363368,-67.064640,35.808915,-32.621153,-70.537737,-22.738074,-15.731395,-19.828133,-1.661935,-27.363368,90.000000,
-19.828133,-1.661935,-27.363368,14.749324,-27.186990,-33.994097,29.866251,20.610086,-18.479310,-19.828133,-1.661935,-27.363368,90.000000,
-19.828133,-1.661935,-27.363368,-67.064640,35.808915,-32.621153,-70.537737,-22.738074,-15.731395,-19.828133,-1.661935,-27.363368,90.000000,
-19.828133,-1.661935,-27.363368,14.749324,-27.186990,-33.994097,29.866251,20.610086,-18.479310,-19.828133,-1.661935,-27.363368,90.000000,
-19.828133,-1.661935,-27.363368,-67.064640,35.808915,-32.621153,-70.537737,-22.738074,-15.731395,-19.828133,-1.661935,-27.363368,90.000000,
-19.828133,-1.661935,-27.363368,14.749324,-27.186990,-33.994097,29.866251,20.610086,-18.479310,-19.828133,-1.661935,-27.363368,90.000000,
-19.828133,-1.661935,-27.363368,-67.064640,35.808915,-32.621153,-70.537737,-22.738074,-15.731395,-19.828133,-1.661935,-27.363368,90.000000,
-19.828133,-1.661935,-27.363368,14.749324,-27.186990,-33.994097,29.866251,20.610086,-18.479310,-19.828133,-1.661935,-27.363368,90.000000,
-19.828133,-1.661935,-27.363368,-67.064640,35.808915,-32.621153,-70.537737,-22.738074,-15.731395,-19.828133,-1.661935,-27.363368,90.000000,
-19.828133,-1.661935,-27.363368,14.749324,-27.186990,-33.994097,29.866251,20.610086,-18.479310,-19.828133,-1.661935,-27.363368,90.000000,
-19.828133,-1.661935,-27.363368,-67.064640,35.808915,-32.621153,-70.537737,-22.738074,-15.731395,-19.828133,-1.661935,-27.363368,90.000000,
-19.828133,-1.661935,-27.363368,14.749324,-27.186990,-33.994097,29.866251,20.610086,-18.479310,-19.828133,-1.661935,-27.363368,90.000000,
-19.828133,-1.661935,-27.363368,-67.064640,35.808915,-32.621153,-70.537737,-22.738074,-15.731395,-19.828133,-1.661935,-27.363368,90.000000,
-19.828133,-1.661935,-27.363368,14.749324,-27.186990,-33.994097,29.866251,20.610086,-18.479310,-19.828133,-1.661935,-27.363368,90.000000,
-19.828133,-1.661935,-27.363368,-67.064640,35.808915,-32.621153,-70.537737,-22.738074,-15.731395,-19.828133,-1.661935,-27.363368,90.000000,
-19.828133,-1.661935,-27.363368,14.749324,-27.186990,-33.994097,29.866251,20.610086,-18.479310,-19.828133,-1.661935,-27.363368,90.000000,
-19.828133,-1.661935,-27.363368,-67.064640,35.808915,-32.621153,-70.537737,-22.738074,-15.731395,-19.828133,-1.661935,-27.363368,90.000000,
-19.828133,-1.661935,-27.363368,14.749324,-27.186990,-33.994097,29.866251,20.610086,-18.479310,-19.828133,-1.661935,-27.363368,90.000000,
-19.828133,-1.661935,-27.363368,-67.064640,35.808915,-32.621153,-70.537737,-22.738074,-15.731395,-19.828133,-1.661935,-27.363368,90.000000,
-19.828133,-1.661935,-27.363368,14.749324,-27.186990,-33.994097,29.866251,20.610086,-18.479310,-19.828133,-1.661935,-27.363368,90.000000,
-19.828133,-1.661935,-27.363368,-67.064640,35.808915,-32.621153,-70.537737,-22.738074,-15.731395,-19.828133,-1.661935,-27.363368,90.000000,
-19.828133,-1.661935,-27.363368,14.749324,-27.186990,-33.994097,29.866251,20.610086,-18.479310,-19.828133,-1.661935,-27.363368,90.000000,
-19.828133,-1.661935,-27.363368,-67.064640,35.808915,-32.621153,-70.537737,-22.738074,-15.731395,-19.828133,-1.661935,-27.363368,90.000000,
-19.828133,-1.661935,-27.363368,14.749324,-27.186990,-33.994097,29.866251,20.610086,-18.479310,-19.828133,-1.661935,-27.363368,90.000000,
-19.828133,-1.661935,-27.363368,-67.064640,35.808915,-32.621153,-70.537737,-22.738074,-15.731395,-19.828133,-1.661935,-27.363368,90.000000,
-19.828133,-1.661935,-27.363368,14.749324,-27.186990,-33.994097,29.866251,20.610086,-18.479310,-19.828133,-1.661935,-27.363368,90.000000,
-19.828133,-1.661935,-27.363368,-67.064640,35.808915,-32.621153,-70.537737,-22.738074,-15.731395,-19.828133,-1.661935,-27.363368,90.000000,
-19.828133,-1.661935,-27.363368,14.749324,-27.186990,-33.994097,29.866251,20.610086,-18.479310,-19.828133,-1.661935,-27.363368,90.000000,
-19.828133,-1.661935,-27.363368,-67.064640,35.808915,-32.621153,-70.537737,-22.738074,-15.731395,-19.828133,-1.661935,-27.363368,90.000000,
-19.828133,-1.661935,-27.363368,14.749324,-27.186990,-33.994097,29.866251,20.610086,-18.479310,-19.828133,-1.661935,-27.363368,90.000000,
-19.828133,-1.661935,-27.363368,-67.064640,35.808915,-32.621153,-70.537737,-22.738074,-15.731395,-19.828133,-1.661935,-27.363368,90.000000,
-19.828133,-1.661935,-27.363368,14.749324,-27.186990,-33.994097,29.866251,20.610086,-18.479310,-19.828133,-1.661935,-27.363368,90.000000,
-19.828133,-1.661935,-27.363368,-67.064640,35.808915,-32.621153,-70.537737,-22.738074,-15.731395,-19.828133,-1.661935,-27.363368,90.000000,
-19.828133,-1.661935,-27.363368,14.749324,-27.186990,-33.994097,29.866251,20.610086,-18.479310,-19.828133,-1.661935,-27.363368,90.000000,
-19.828133,-1.661935,-27.363368,-67.064640,35.808915,-32.621153,-70.537737,-22.738074,-15.731395,-19.828133,-1.661935,-27.363368,90.000000,
-19.828133,-1.661935,-27.363368,14.749324,-27.186990,-33.994097,29.866251,20.610086,-18.479310,-19.828133,-1.661935,-27.363368,90.000000,
-19.828133,-1.661935,-27.363368,-67.064640,35.808915,-32.621153,-70.537737,-22.738074,-15.731395,-19.828133,-1.661935,-27.363368,90.000000,
-19.828133,-1.661935,-27.363368,14.749324,-27.186990,-33.994097,29.866251,20.610086,-18.479310,-19.828133,-1.661935,-27.363368,90.000000,
-19.828133,-1.661935,-27.363368,-67.064640,35.808915,-32.621153,-70.537737,-22.738074,-15.731395,-19.828133,-1.661935,-27.363368,90.000000,
-19.828133,-1.661935,-27.363368,14.749324,-27.186990,-33.994097,29.866251,20.610086,-18.479310,-19.828133,-1.661935,-27.363368,90.000000,
-19.828133,-1.661935,-27.363368,-67.064640,35.808915,-32.621153,-70.537737,-22.738074,-15.731395,-19.828133,-1.661935,-27.363368,90.000000,
-19.828133,-1.661935,-27.363368,14.749324,-27.186990,-33.994097,29.866251,20.610086,-18.479310,-19.828133,-1.661935,-27.363368,90.000000,
-19.828133,-1.661935,-27.363368,-67.064640,35.808915,-32.621153,-70.537737,-22.738074,-15.731395,-19.828133,-1.661935,-27.363368,90.000000,
-19.828133,-1.661935,-27.363368,14.749324,-27.186990,-33.994097,29.866251,20.610086,-18.479310,-19.828133,-1.661935,-27.363368,90.000000,
-19.828133,-1.661935,-27.363368,-67.064640,35.808915,-32.621153,-70.537737,-22.738074,-15.731395,-19.828133,-1.661935,-27.363368,90.000000,
-19.828133,-1.661935,-27.363368,14.749324,-27.186990,-33.994097,29.866251,20.610086,-18.479310,-19.828133,-1.661935,-27.363368,90.000000,
-19.828133,-1.661935,-27.363368,-67.064640,35.808915,-32.621153,-70.537737,-22.738074,-15.731395,-19.828133,-1.661935,-27.363368,90.000000,
-19.828133,-1.661935,-27.363368,14.749324,-27.186990,-33.994097,29.866251,20.610086,-18.479310,-19.828133,-1.661935,-27.363368,90.000000,
-19.828133,-1.661935,-27.363368,-67.064640,35.808915,-32.621153,-70.537737,-22.738074,-15.731395,-19.828133,-1.661935,-27.363368,90.000000,
-19.828133,-1.661935,-27.363368,14.749324,-27.186990,-33.994097,29.866251,20.610086,-18.479310,-19.828133,-1.661935,-27.363368,90.000000,
-19.828133,-1.661935,-27.363368,-67.064640,35.808915,-32.621153,-70.537737,-22.738074,-15.731395,-19.828133,-1.661935,-27.363368,90.000000,
-19.828133,-1.661935,-27.363368,14.749324,-27.186990,-33.994097,29.866251,20.610086,-18.479310,-19.828133,-1.661935,-27.363368,90.000000,
-19.828133,-1.661935,-27.363368,-67.064640,35.808915,-32.621153,-70.537737,-22.738074,-15.731395,-19.828133,-1.661935,-27.363368,90.000000,
-19.828133,-1.661935,-27.363368,14.749324,-27.186990,-33.994097,29.866251,20.610086,-18.479310,-19.828133,-1.661935,-27.363368,90.000000,
-19.828133,-1.661935,-27.363368,-67.064640,35.808915,-32.621153,-70.537737,-22.738074,-15.731395,-19.828133,-1.661935,-27.363368,90.000000,
-19.828133,-1.661935,-27.363368,14.749324,-27.186990,-33.994097,29.866251,20.610086,-18.479310,-19.828133,-1.661935,-27.363368,90.000000,
-19.828133,-1.661935,-27.363368,-67.064640,35.808915,-32.621153,-70.537737,-22.738074,-15.731395,-19.828133,-1.661935,-27.363368,90.000000,
-19.828133,-1.661935,-27.363368,14.749324,-27.186990,-33.994097,29.866251,20.610086,-18.479310,-19.828133,-1.661935,-27.363368,90.000000,
-19.828133,-1.661935,-27.363368,-67.064640,35.808915,-32.621153,-70.537737,-22.738074,-15.731395,-19.828133,-1.661935,-27.363368,90.000000,
-19.828133,-1.661935,-27.363368,14.749324,-27.186990,-33.994097,29.866251,20.610086,-18.479310,-19.828133,-1.661935,-27.363368,90.000000,
-19.828133,-1.661935,-27.363368,-67.064640,35.808915,-32.621153,-70.537737,-22.738074,-15.731395,-19.828133,-1.661935,-27.363368,90.000000,
-19.828133,-1.661935,-27.363368,14.749324,-27.186990,-33.994097,29.866251,20.610086,-18.479310,-19.828133,-1.661935,-27.363368,90.000000,
-19.828133,-1.661935,-27.363368,-67.064640,35.808915,-32.621153,-70.537737,-22.738074,-15.731395,-19.828133,-1.661935,-27.363368,90.000000,
-19.828133,-1.661935,-27.363368,14.749324,-27.186990,-33.994097,29.866251,20.610086,-18.479310,-19.828133,-1.661935,-27.363368,90.000000,
-19.828133,-1.661935,-27.363368,-67.064640,35.808915,-32.621153,-70.537737,-22.738074,-15.731395,-19.828133,-1.661935,-27.363368,90.000000,
-19.828133,-1.661935,-27.363368,14.749324,-27.186990,-33.994097,29.866251,20.610086,-18.479310,-19.828133,-1.661935,-27.363368,90.000000,
-19.828133,-1.661935,-27.363368,-67.064640,35.808915,-32.621153,-70.537737,-22.738074,-15.731395,-19.828133,-1.661935,-27.363368,90.000000,
-19.828133,-1.661935,-27.363368,14.749324,-27.186990,-33.994097,29.866251,20.610086,-18.479310,-19.828133,-1.661935,-27.363368,90.000000,
-19.828133,-1.661935,-27.363368,-67.064640,35.808915,-32.621153,-70.537737,-22.738074,-15.731395,-19.828133,-1.661935,-27.363368,90.000000,
-19.828133,-1.661935,-27.363368,14.749324,-27.186990,-33.994097,29.866251,20.610086,-18.479310,-19.828133,-1.661935,-27.363368,90.000000,
-19.828133,-1.661935,-27.363368,-67.064640,35.808915,-32.621153,-70.537737,-22.738074,-15.731395,-19.828133,-1.661935,-27.363368,90.000000,
-19.828133,-1.661935,-27.363368,14.749324,-27.186990,-33.994097,29.866251,20.610086,-18.479310,-19.828133,-1.661935,-27.363368,90.000000,
-19.828133,-1.661935,-27.363368,-67.064640,35.808915,-32.621153,-70.537737,-22.738074,-15.731395,-19.828133,-1.661935,-27.363368,90.000000,
-19.828133,-1.661935,-27.363368,14.749324,-27.186990,-33.994097,29.866251,20.610086,-18.479310,-19.828133,-1.661935,-27.363368,90.000000,
-19.828133,-1.661935,-27.363368,-67.064640,35.808915,-32.621153,-70.537737,-22.738074,-15.731395,-19.828133,-1.661935,-27.363368,90.000000,
-19.828133,-1.661935,-27.363368,14.749324,-27.186990,-33.994097,29.866251,20.610086,-18.479310,-19.828133,-1.661935,-27.363368,90.000000,
-19.828133,-1.661935,-27.363368,-67.064640,35.808915,-32.621153,-70.537737,-22.738074,-15.731395,-19.828133,-1.661935,-27.363368,90.000000,
-19.828133,-1.661935,-27.363368,14.749324,-27.186990,-33.994097,29.866251,20.610086,-18.479310,-19.828133,-1.661935,-27.363368,90.000000,
-19.828133,-1.661935,-27.363368,-67.064640,35.808915,-32.621153,-70.537737,-22.738074,-15.731395,-19.828133,-1.661935,-27.363368,90.000000,
-19.828133,-1.661935,-27.363368,14.749324,-27.186990,-33.994097,29.866251,20.610086,-18.479310,-19.828133,-1.661935,-27.363368,90.000000,
-19.828133,-1.661935,-27.363368,-67.064640,35.808915,-32.621153,-70.537737,-22.738074,-15.731395,-19.828133,-1.661935,-27.363368,90.000000,
-19.828133,-1.661935,-27.363368,14.749324,-27.186990,-33.994097,29.866251,20.610086,-18.479310,-19.828133,-1.661935,-27.363368,90.000000,
-19.828133,-1.661935,-27.363368,-67.064640,35.808915,-32.621153,-70.537737,-22.738074,-15.731395,-19.828133,-1.661935,-27.363368,90.000000,
-19.828133,-1.661935,-27.363368,14.749324,-27.186990,-33.994097,29.866251,20.610086,-18.479310,-19.828133,-1.661935,-27.363368,90.000000,
-19.828133,-1.661935,-27.363368,-67.064640,35.808915,-32.621153,-70.537737,-22.738074,-15.731395,-19.828133,-1.661935,-27.363368,90.000000,
-19.828133,-1.661935,-27.363368,14.749324,-27.186990,-33.994097,29.866251,20.610086,-18.479310,-19.828133,-1.661935,-27.363368,90.000000,
-19.828133,-1.661935,-27.363368,-67.064640,35.808915,-32.621153,-70.537737,-22.738074,-15.731395,-19.828133,-1.661935,-27.363368,90.000000,
-19.828133,-1.661935,-27.363368,14.749324,-27.186990,-33.994097,29.866251,20.610086,-18.479310,-19.828133,-1.661935,-27.363368,90.000000,
-19.828133,-1.661935,-27.363368,-67.064640,35.808915,-32.621153,-70.537737,-22.738074,-15.731395,-19.828133,-1.661935,-27.363368,90.000000,
-19.828133,-1.661935,-27.363368,14.749324,-27.186990,-33.994097,29.866251,20.610086,-18.479310,-19.828133,-1.661935,-27.363368,90.000000,
-19.828133,-1.661935,-27.363368,-67.064640,35.808915,-32.621153,-70.537737,-22.738074,-15.731395,-19.828133,-1.661935,-27.363368,90.000000,
-19.828133,-1.661935,-27.363368,14.749324,-27.186990,-33.994097,29.866251,20.610086,-18.479310,-19.828133,-1.661935,-27.363368,90.000000,
-19.828133,-1.661935,-27.363368,-67.064640,35.808915,-32.621153,-70.537737,-22.738074,-15.731395,-19.828133,-1.661935,-27.363368,90.000000,
-19.828133,-1.661935,-27.363368,14.749324,-27.186990,-33.994097,29.866251,20.610086,-18.479310,-19.828133,-1.661935,-27.363368,90.000000,
-19.828133,-1.661935,-27.363368,-67.064640,35.808915,-32.621153,-70.537737,-22.738074,-15.731395,-19.828133,-1.661935,-27.363368,90.000000,
-19.828133,-1.661935,-27.363368,14.749324,-27.186990,-33.994097,29.866251,20.610086,-18.479310,-19.828133,-1.661935,-27.363368,90.000000,
-19.828133,-1.661935,-27.363368,-67.064640,35.808915,-32.621153,-70.537737,-22.738074,-15.731395,-19.828133,-1.661935,-27.363368,90.000000,
-19.828133,-1.661935,-27.363368,14.749324,-27.186990,-33.994097,29.866251,20.610086,-18.479310,-19.828133,-1.661935,-27.363368,90.000000,
-19.828133,-1.661935,-27.363368,-67.064640,35.808915,-32.621153,-70.537737,-22.738074,-15.731395,-19.828133,-1.661935,-27.363368,90.000000,
-19.828133,-1.661935,-27.363368,14.749324,-27.186990,-33.994097,29.866251,20.610086,-18.479310,-19.828133,-1.661935,-27.363368,90.000000,
-19.828133,-1.661935,-27.363368,-67.064640,35.808915,-32.621153,-70.537737,-22.738074,-15.731395,-19.828133,-1.661935,-27.363368,90.000000,
-19.828133,-1.661935,-27.363368,14.749324,-27.186990,-33.994097,29.866251,20.610086,-18.479310,-19.828133,-1.661935,-27.363368,90.000000,
-19.828133,-1.661935,-27.363368,-67.064640,35.808915,-32.621153,-70.537737,-22.738074,-15.731395,-19.828133,-1.661935,-27.363368,90.000000,
-19.828133,-1.661935,-27.363368,14.749324,-27.186990,-33.994097,29.866251,20.610086,-18.479310,-19.828133,-1.661935,-27.363368,90.000000,
-19.828133,-1.661935,-27.363368,-67.064640,35.808915,-32.621153,-70.537737,-22.738074,-15.731395,-19.828133,-1.661935,-27.363368,90.000000,
-19.828133,-1.661935,-27.363368,14.749324,-27.186990,-33.994097,29.866251,20.610086,-18.479310,-19.828133,-1.661935,-27.363368,90.000000,
-19.828133,-1.661935,-27.363368,-67.064640,35.808915,-32.621153,-70.537737,-22.738074,-15.731395,-19.828133,-1.661935,-27.363368,90.000000,
-19.828133,-1.661935,-27.363368,14.749324,-27.186990,-33.994097,29.866251,20.610086,-18.479310,-19.828133,-1.661935,-27.363368,90.000000,
-19.828133,-1.661935,-27.363368,-67.064640,35.808915,-32.621153,-70.537737,-22.738074,-15.731395,-19.828133,-1.661935,-27.363368,90.000000,
-19.828133,-1.661935,-27.363368,14.749324,-27.186990,-33.994097,29.866251,20.610086,-18.479310,-19.828133,-1.661935,-27.363368,90.000000,
-19.828133,-1.661935,-27.363368,-67.064640,35.808915,-32.621153,-70.537737,-22.738074,-15.731395,-19.828133,-1.661935,-27.363368,90.000000,
-19.828133,-1.661935,-27.363368,14.749324,-27.186990,-33.994097,29.866251,20.610086,-18.479310,-19.828133,-1.661935,-27.363368,90.000000,
-19.828133,-1.661935,-27.363368,-67.064640,35.808915,-32.621153,-70.537737,-22.738074,-15.731395,-19.828133,-1.661935,-27.363368,90.000000,
-19.828133,-1.661935,-27.363368,14.749324,-27.186990,-33.994097,29.866251,20.610086,-18.479310,-19.828133,-1.661935,-27.363368,90.000000,
-19.828133,-1.661935,-27.363368,-67.064640,35.808915,-32.621153,-70.537737,-22.738074,-15.731395,-19.828133,-1.661935,-27.363368,90.000000,
-19.828133,-1.661935,-27.363368,14.749324,-27.186990,-33.994097,29.866251,20.610086,-18.479310,-19.828133,-1.661935,-27.363368,90.000000,
-19.828133,-1.661935,-27.363368,-67.064640,35.808915,-32.621153,-70.537737,-22.738074,-15.731395,-19.828133,-1.661935,-27.363368,90.000000,
-19.828133,-1.661935,-27.363368,14.749324,-27.186990,-33.994097,29.866251,20.610086,-18.479310,-19.828133,-1.661935,-27.363368,90.000000,
-19.828133,-1.661935,-27.363368,-67.064640,35.808915,-32.621153,-70.537737,-22.738074,-15.731395,-19.828133,-1.661935,-27.363368,90.000000,
-19.828133,-1.661935,-27.363368,14.749324,-27.186990,-33.994097,29.866251,20.610086,-18.479310,-19.828133,-1.661935,-27.363368,90.000000,
-19.828133,-1.661935,-27.363368,-67.064640,35.808915,-32.621153,-70.537737,-22.738074,-15.731395,-19.828133,-1.661935,-27.363368,90.000000,
-19.828133,-1.661935,-27.363368,14.749324,-27.186990,-33.994097,29.866251,20.610086,-18.479310,-19.828133,-1.661935,-27.363368,90.000000,
-19.828133,-1.661935,-27.363368,-67.064640,35.808915,-32.621153,-70.537737,-22.738074,-15.731395,-19.828133,-1.661935,-27.363368,90.000000,
-19.828133,-1.661935,-27.363368,14.749324,-27.186990,-33.994097,29.866251,20.610086,-18.479310,-19.828133,-1.661935,-27.363368,90.000000,
-19.828133,-1.661935,-27.363368,-67.064640,35.808915,-32.621153,-70.537737,-22.738074,-15.731395,-19.828133,-1.661935,-27.363368,90.000000,
-19.828133,-1.661935,-27.363368,14.749324,-27.186990,-33.994097,29.866251,20.610086,-18.479310,-19.828133,-1.661935,-27.363368,90.000000,
-19.828133,-1.661935,-27.363368,-67.064640,35.808915,-32.621153,-70.537737,-22.738074,-15.731395,-19.828133,-1.661935,-27.363368,90.000000,
-19.828133,-1.661935,-27.363368,14.749324,-27.186990,-33.994097,29.866251,20.610086,-18.479310,-19.828133,-1.661935,-27.363368,90.000000,
-19.828133,-1.661935,-27.363368,-67.064640,35.808915,-32.621153,-70.537737,-22.738074,-15.731395,-19.828133,-1.661935,-27.363368,90.000000,
-19.828133,-1.661935,-27.363368,14.749324,-27.186990,-33.994097,29.866251,20.610086,-18.479310,-19.828133,-1.661935,-27.363368,90.000000,
-19.828133,-1.661935,-27.363368,-67.064640,35.808915,-32.621153,-70.537737,-22.738074,-15.731395,-19.828133,-1.661935,-27.363368,90.000000,
-19.828133,-1.661935,-27.363368,14.749324,-27.186990,-33.994097,29.866251,20.610086,-18.479310,-19.828133,-1.661935,-27.363368,90.000000,
-19.828133,-1.661935,-27.363368,-67.064640,35.808915,-32.621153,-70.537737,-22.738074,-15.731395,-19.828133,-1.661935,-27.363368,90.000000,
-19.828133,-1.661935,-27.363368,14.749324,-27.186990,-33.994097,29.866251,20.610086,-18.479310,-19.828133,-1.661935,-27.363368,90.000000,
-19.828133,-1.661935,-27.363368,-67.064640,35.808915,-32.621153,-70.537737,-22.738074,-15.731395,-19.828133,-1.661935,-27.363368,90.000000,
-19.828133,-1.661935,-27.363368,14.749324,-27.186990,-33.994097,29.866251,20.610086,-18.479310,-19.828133,-1.661935,-27.363368,90.000000,
-19.828133,-1.661935,-27.363368,-67.064640,35.808915,-32.621153,-70.537737,-22.738074,-15.731395,-19.828133,-1.661935,-27.363368,90.000000,
-19.828133,-1.661935,-27.363368,14.749324,-27.186990,-33.994097,29.866251,20.610086,-18.479310,-19.828133,-1.661935,-27.363368,90.000000,
-19.828133,-1.661935,-27.363368,-67.064640,35.808915,-32.621153,-70.537737,-22.738074,-15.731395,-19.828133,-1.661935,-27.363368,90.000000,
-19.828133,-1.661935,-27.363368,14.749324,-27.186990,-33.994097,29.866251,20.610086,-18.479310,-19.828133,-1.661935,-27.363368,90.000000,
-19.828133,-1.661935,-27.363368,-67.064640,35.808915,-32.621153,-70.537737,-22.738074,-15.731395,-19.828133,-1.661935,-27.363368,90.000000,
-19.828133,-1.661935,-27.363368,14.749324,-27.186990,-33.994097,29.866251,20.610086,-18.479310,-19.828133,-1.661935,-27.363368,90.000000,
-19.828133,-1.661935,-27.363368,-67.064640,35.808915,-32.621153,-70.537737,-22.738074,-15.731395,-19.828133,-1.661935,-27.363368,90.000000,
-19.828133,-1.661935,-27.363368,14.749324,-27.186990,-33.994097,29.866251,20.610086,-18.479310,-19.828133,-1.661935,-27.363368,90.000000,
-19.828133,-1.661935,-27.363368,-67.064640,35.808915,-32.621153,-70.537737,-22.738074,-15.731395,-19.828133,-1.661935,-27.363368,90.000000,
-19.828133,-1.661935,-27.363368,14.749324,-27.186990,-33.994097,29.866251,20.610086,-18.479310,-19.828133,-1.661935,-27.363368,90.000000,
-19.828133,-1.661935,-27.363368,-67.064640,35.808915,-32.621153,-70.537737,-22.738074,-15.731395,-19.828133,-1.661935,-27.363368,90.000000,
-19.828133,-1.661935,-27.363368,14.749324,-27.186990,-33.994097,29.866251,20.610086,-18.479310,-19.828133,-1.661935,-27.363368,90.000000,
-19.828133,-1.661935,-27.363368,-67.064640,35.808915,-32.621153,-70.537737,-22.738074,-15.731395,-19.828133,-1.661935,-27.363368,90.000000,
-19.828133,-1.661935,-27.363368,14.749324,-27.186990,-33.994097,29.866251,20.610086,-18.479310,-19.828133,-1.661935,-27.363368,90.000000,
-19.828133,-1.661935,-27.363368,-67.064640,35.808915,-32.621153,-70.537737,-22.738074,-15.731395,-19.828133,-1.661935,-27.363368,90.000000,
-19.828133,-1.661935,-27.363368,14.749324,-27.186990,-33.994097,29.866251,20.610086,-18.479310,-19.828133,-1.661935,-27.363368,90.000000,
-19.828133,-1.661935,-27.363368,-67.064640,35.808915,-32.621153,-70.537737,-22.738074,-15.731395,-19.828133,-1.661935,-27.363368,90.000000,
-19.828133,-1.661935,-27.363368,14.749324,-27.186990,-33.994097,29.866251,20.610086,-18.479310,-19.828133,-1.661935,-27.363368,90.000000,
-19.828133,-1.661935,-27.363368,-67.064640,35.808915,-32.621153,-70.537737,-22.738074,-15.731395,-19.828133,-1.661935,-27.363368,90.000000,
-19.828133,-1.661935,-27.363368,14.749324,-27.186990,-33.994097,29.866251,20.610086,-18.479310,-19.828133,-1.661935,-27.363368,90.000000,
-19.828133,-1.661935,-27.363368,-67.064640,35.808915,-32.621153,-70.537737,-22.738074,-15.731395,-19.828133,-1.661935,-27.363368,90.000000,
-19.828133,-1.661935,-27.363368,14.749324,-27.186990,-33.994097,29.866251,20.610086,-18.479310,-19.828133,-1.661935,-27.363368,90.000000,
-19.828133,-1.661935,-27.363368,-67.064640,35.808915,-32.621153,-70.537737,-22.738074,-15.731395,-19.828133,-1.661935,-27.363368,90.000000,
-19.828133,-1.661935,-27.363368,14.749324,-27.186990,-33.994097,29.866251,20.610086,-18.479310,-19.828133,-1.661935,-27.363368,90.000000,
-19.828133,-1.661935,-27.363368,-67.064640,35.808915,-32.621153,-70.537737,-22.738074,-15.731395,-19.828133,-1.661935,-27.363368,90.000000,
-19.828133,-1.661935,-27.363368,14.749324,-27.186990,-33.994097,29.866251,20.610086,-18.479310,-19.828133,-1.661935,-27.363368,90.000000,
-19.828133,-1.661935,-27.363368,-67.064640,35.808915,-32.621153,-70.537737,-22.738074,-15.731395,-19.828133,-1.661935,-27.363368,90.000000,
-19.828133,-1.661935,-27.363368,14.749324,-27.186990,-33.994097,29.866251,20.610086,-18.479310,-19.828133,-1.661935,-27.363368,90.000000,
-19.828133,-1.661935,-27.363368,-67.064640,35.808915,-32.621153,-70.537737,-22.738074,-15.731395,-19.828133,-1.661935,-27.363368,90.000000,
-19.828133,-1.661935,-27.363368,14.749324,-27.186990,-33.994097,29.866251,20.610086,-18.479310,-19.828133,-1.661935,-27.363368,90.000000,
-19.828133,-1.661935,-27.363368,-67.064640,35.808915,-32.621153,-70.537737,-22.738074,-15.731395,-19.828133,-1.661935,-27.363368,90.000000,
-19.828133,-1.661935,-27.363368,14.749324,-27.186990,-33.994097,29.866251,20.610086,-18.479310,-19.828133,-1.661935,-27.363368,90.000000,
-19.828133,-1.661935,-27.363368,-67.064640,35.808915,-32.621153,-70.537737,-22.738074,-15.731395,-19.828133,-1.661935,-27.363368,90.000000,
-19.828133,-1.661935,-27.363368,14.749324,-27.186990,-33.994097,29.866251,20.610086,-18.479310,-19.828133,-1.661935,-27.363368,90.000000,
-19.828133,-1.661935,-27.363368,-67.064640,35.808915,-32.621153,-70.537737,-22.738074,-15.731395,-19.828133,-1.661935,-27.363368,90.000000,
-19.828133,-1.661935,-27.363368,14.749324,-27.186990,-33.994097,29.866251,20.610086,-18.479310,-19.828133,-1.661935,-27.363368,90.000000,
-19.828133,-1.661935,-27.363368,-67.064640,35.808915,-32.621153,-70.537737,-22.738074,-15.731395,-19.828133,-1.661935,-27.363368,90.000000,
-19.828133,-1.661935,-27.363368,14.749324,-27.186990,-33.994097,29.866251,20.610086,-18.479310,-19.828133,-1.661935,-27.363368,90.000000,
-19.828133,-1.661935,-27.363368,-67.064640,35.808915,-32.621153,-70.537737,-22.738074,-15.731395,-19.828133,-1.661935,-27.363368,90.000000,
-19.828133,-1.661935,-27.363368,14.749324,-27.186990,-33.994097,29.866251,20.610086,-18.479310,-19.828133,-1.661935,-27.363368,90.000000,
-19.828133,-1.661935,-27.363368,-67.064640,35.808915,-32.621153,-70.537737,-22.738074,-15.731395,-19.828133,-1.661935,-27.363368,90.000000,
-19.828133,-1.661935,-27.363368,14.749324,-27.186990,-33.994097,29.866251,20.610086,-18.479310,-19.828133,-1.661935,-27.363368,90.000000,
-19.828133,-1.661935,-27.363368,-67.064640,35.808915,-32.621153,-70.537737,-22.738074,-15.731395,-19.828133,-1.661935,-27.363368,90.000000,
-19.828133,-1.661935,-27.363368,14.749324,-27.186990,-33.994097,29.866251,20.610086,-18.479310,-19.828133,-1.661935,-27.363368,90.000000,
-19.828133,-1.661935,-27.363368,-67.064640,35.808915,-32.621153,-70.537737,-22.738074,-15.731395,-19.828133,-1.661935,-27.363368,90.000000,
-19.828133,-1.661935,-27.363368,14.749324,-27.186990,-33.994097,29.866251,20.610086,-18.479310,-19.828133,-1.661935,-27.363368,90.000000,
-19.828133,-1.661935,-27.363368,-67.064640,35.808915,-32.621153,-70.537737,-22.738074,-15.731395,-19.828133,-1.661935,-27.363368,90.000000,
-19.828133,-1.661935,-27.363368,14.749324,-27.186990,-33.994097,29.866251,20.610086,-18.479310,-19.828133,-1.661935,-27.363368,90.000000,
-19.828133,-1.661935,-27.363368,-67.064640,35.808915,-32.621153,-70.537737,-22.738074,-15.731395,-19.828133,-1.661935,-27.363368,90.000000,
-19.828133,-1.661935,-27.363368,14.749324,-27.186990,-33.994097,29.866251,20.610086,-18.479310,-19.828133,-1.661935,-27.363368,90.000000,
-19.828133,-1.661935,-27.363368,-67.064640,35.808915,-32.621153,-70.537737,-22.738074,-15.731395,-19.828133,-1.661935,-27.363368,90.000000,
-19.828133,-1.661935,-27.363368,14.749324,-27.186990,-33.994097,29.866251,20.610086,-18.479310,-19.828133,-1.661935,-27.363368,90.000000,
-19.828133,-1.661935,-27.363368,-67.064640,35.808915,-32.621153,-70.537737,-22.738074,-15.731395,-19.828133,-1.661935,-27.363368,90.000000,
-19.828133,-1.661935,-27.363368,14.749324,-27.186990,-33.994097,29.866251,20.610086,-18.479310,-19.828133,-1.661935,-27.363368,90.000000,
-19.828133,-1.661935,-27.363368,-67.064640,35.808915,-32.621153,-70.537737,-22.738074,-15.731395,-19.828133,-1.661935,-27.363368,90.000000,
-19.828133,-1.661935,-27.363368,14.749324,-27.186990,-33.994097,29.866251,20.610086,-18.479310,-19.828133,-1.661935,-27.363368,90.000000,
-19.828133,-1.661935,-27.363368,-67.064640,35.808915,-32.621153,-70.537737,-22.738074,-15.731395,-19.828133,-1.661935,-27.363368,90.000000,
-19.828133,-1.661935,-27.363368,14.749324,-27.186990,-33.994097,29.866251,20.610086,-18.479310,-19.828133,-1.661935,-27.363368,90.000000,
-19.828133,-1.661935,-27.363368,-67.064640,35.808915,-32.621153,-70.537737,-22.738074,-15.731395,-19.828133,-1.661935,-27.363368,90.000000,
-19.828133,-1.661935,-27.363368,14.749324,-27.186990,-33.994097,29.866251,20.610086,-18.479310,-19.828133,-1.661935,-27.363368,90.000000,
-19.828133,-1.661935,-27.363368,-67.064640,35.808915,-32.621153,-70.537737,-22.738074,-15.731395,-19.828133,-1.661935,-27.363368,90.000000,
-19.828133,-1.661935,-27.363368,14.749324,-27.186990,-33.994097,29.866251,20.610086,-18.479310,-19.828133,-1.661935,-27.363368,90.000000,
-19.828133,-1.661935,-27.363368,-67.064640,35.808915,-32.621153,-70.537737,-22.738074,-15.731395,-19.828133,-1.661935,-27.363368,90.000000,
-19.828133,-1.661935,-27.363368,14.749324,-27.186990,-33.994097,29.866251,20.610086,-18.479310,-19.828133,-1.661935,-27.363368,90.000000,
-19.828133,-1.661935,-27.363368,-67.064640,35.808915,-32.621153,-70.537737,-22.738074,-15.731395,-19.828133,-1.661935,-27.363368,90.000000,
-19.828133,-1.661935,-27.363368,14.749324,-27.186990,-33.994097,29.866251,20.610086,-18.479310,-19.828133,-1.661935,-27.363368,90.000000,
-19.828133,-1.661935,-27.363368,-67.064640,35.808915,-32.621153,-70.537737,-22.738074,-15.731395,-19.828133,-1.661935,-27.363368,90.000000,
-19.828133,-1.661935,-27.363368,14.749324,-27.186990,-33.994097,29.866251,20.610086,-18.479310,-19.828133,-1.661935,-27.363368,90.000000,
-19.828133,-1.661935,-27.363368,-67.064640,35.808915,-32.621153,-70.537737,-22.738074,-15.731395,-19.828133,-1.661935,-27.363368,90.000000,
-19.828133,-1.661935,-27.363368,14.749324,-27.186990,-33.994097,29.866251,20.610086,-18.479310,-19.828133,-1.661935,-27.363368,90.000000,
-19.828133,-1.661935,-27.363368,-67.064640,35.808915,-32.621153,-70.537737,-22.738074,-15.731395,-19.828133,-1.661935,-27.363368,90.000000,
-19.828133,-1.661935,-27.363368,14.749324,-27.186990,-33.994097,29.866251,20.610086,-18.479310,-19.828133,-1.661935,-27.363368,90.000000,
-19.828133,-1.661935,-27.363368,-67.064640,35.808915,-32.621153,-70.537737,-22.738074,-15.731395,-19.828133,-1.661935,-27.363368,90.000000,
-19.828133,-1.661935,-27.363368,14.749324,-27.186990,-33.994097,29.866251,20.610086,-18.479310,-19.828133,-1.661935,-27.363368,90.000000,
-19.828133,-1.661935,-27.363368,-67.064640,35.808915,-32.621153,-70.537737,-22.738074,-15.731395,-19.828133,-1.661935,-27.363368,90.000000,
-19.828133,-1.661935,-27.363368,14.749324,-27.186990,-33.994097,29.866251,20.610086,-18.479310,-19.828133,-1.661935,-27.363368,90.000000,
-19.828133,-1.661935,-27.363368,-67.064640,35.808915,-32.621153,-70.537737,-22.738074,-15.731395,-19.828133,-1.661935,-27.363368,90.000000,
-19.828133,-1.661935,-27.363368,14.749324,-27.186990,-33.994097,29.866251,20.610086,-18.479310,-19.828133,-1.661935,-27.363368,90.000000,
-19.828133,-1.661935,-27.363368,-67.064640,35.808915,-32.621153,-70.537737,-22.738074,-15.731395,-19.828133,-1.661935,-27.363368,90.000000,
-19.828133,-1.661935,-27.363368,14.749324,-27.186990,-33.994097,29.866251,20.610086,-18.479310,-19.828133,-1.661935,-27.363368,90.000000,
-19.828133,-1.661935,-27.363368,-67.064640,35.808915,-32.621153,-70.537737,-22.738074,-15.731395,-19.828133,-1.661935,-27.363368,90.000000,
-19.828133,-1.661935,-27.363368,14.749324,-27.186990,-33.994097,29.866251,20.610086,-18.479310,-19.828133,-1.661935,-27.363368,90.000000,
-19.828133,-1.661935,-27.363368,-67.064640,35.808915,-32.621153,-70.537737,-22.738074,-15.731395,-19.828133,-1.661935,-27.363368,90.000000,
-19.828133,-1.661935,-27.363368,14.749324,-27.186990,-33.994097,29.866251,20.610086,-18.479310,-19.828133,-1.661935,-27.363368,90.000000,
-19.828133,-1.661935,-27.363368,-67.064640,35.808915,-32.621153,-70.537737,-22.738074,-15.731395,-19.828133,-1.661935,-27.363368,90.000000,
-19.828133,-1.661935,-27.363368,14.749324,-27.186990,-33.994097,29.866251,20.610086,-18.479310,-19.828133,-1.661935,-27.363368,90.000000,
-19.828133,-1.661935,-27.363368,-67.064640,35.808915,-32.621153,-70.537737,-22.738074,-15.731395,-19.828133,-1.661935,-27.363368,90.000000,
-19.828133,-1.661935,-27.363368,14.749324,-27.186990,-33.994097,29.866251,20.610086,-18.479310,-19.828133,-1.661935,-27.363368,90.000000,
-19.828133,-1.661935,-27.363368,-67.064640,35.808915,-32.621153,-70.537737,-22.738074,-15.731395,-19.828133,-1.661935,-27.363368,90.000000,
-19.828133,-1.661935,-27.363368,14.749324,-27.186990,-33.994097,29.866251,20.610086,-18.479310,-19.828133,-1.661935,-27.363368,90.000000,
-19.828133,-1.661935,-27.363368,-67.064640,35.808915,-32.621153,-70.537737,-22.738074,-15.731395,-19.828133,-1.661935,-27.363368,90.000000,
-19.828133,-1.661935,-27.363368,14.749324,-27.186990,-33.994097,29.866251,20.610086,-18.479310,-19.828133,-1.661935,-27.363368,90.000000,
-19.828133,-1.661935,-27.363368,-67.064640,35.808915,-32.621153,-70.537737,-22.738074,-15.731395,-19.828133,-1.661935,-27.363368,90.000000,
-19.828133,-1.661935,-27.363368,14.749324,-27.186990,-33.994097,29.866251,20.610086,-18.479310,-19.828133,-1.661935,-27.363368,90.000000,
-19.828133,-1.661935,-27.363368,-67.064640,35.808915,-32.621153,-70.537737,-22.738074,-15.731395,-19.828133,-1.661935,-27.363368,90.000000,
-19.828133,-1.661935,-27.363368,14.749324,-27.186990,-33.994097,29.866251,20.610086,-18.479310,-19.828133,-1.661935,-27.363368,90.000000,
-19.828133,-1.661935,-27.363368,-67.064640,35.808915,-32.621153,-70.537737,-22.738074,-15.731395,-19.828133,-1.661935,-27.363368,90.000000,
-19.828133,-1.661935,-27.363368,14.749324,-27.186990,-33.994097,29.866251,20.610086,-18.479310,-19.828133,-1.661935,-27.363368,90.000000,
-19.828133,-1.661935,-27.363368,-67.064640,35.808915,-32.621153,-70.537737,-22.738074,-15.731395,-19.828133,-1.661935,-27.363368,90.000000,
-19.828133,-1.661935,-27.363368,14.749324,-27.186990,-33.994097,29.866251,20.610086,-18.479310,-19.828133,-1.661935,-27.363368,90.000000,
-19.828133,-1.661935,-27.363368,-67.064640,35.808915,-32.621153,-70.537737,-22.738074,-15.731395,-19.828133,-1.661935,-27.363368,90.000000,
-19.828133,-1.661935,-27.363368,14.749324,-27.186990,-33.994097,29.866251,20.610086,-18.479310,-19.828133,-1.661935,-27.363368,90.000000,
-19.828133,-1.661935,-27.363368,-67.064640,35.808915,-32.621153,-70.537737,-22.738074,-15.731395,-19.828133,-1.661935,-27.363368,90.000000,
-19.828133,-1.661935,-27.363368,14.749324,-27.186990,-33.994097,29.866251,20.610086,-18.479310,-19.828133,-1.661935,-27.363368,90.000000,
-19.828133,-1.661935,-27.363368,-67.064640,35.808915,-32.621153,-70.537737,-22.738074,-15.731395,-19.828133,-1.661935,-27.363368,90.000000,
-19.828133,-1.661935,-27.363368,14.749324,-27.186990,-33.994097,29.866251,20.610086,-18.479310,-19.828133,-1.661935,-27.363368,90.000000,
-19.828133,-1.661935,-27.363368,-67.064640,35.808915,-32.621153,-70.537737,-22.738074,-15.731395,-19.828133,-1.661935,-27.363368,90.000000,
-19.828133,-1.661935,-27.363368,14.749324,-27.186990,-33.994097,29.866251,20.610086,-18.479310,-19.828133,-1.661935,-27.363368,90.000000,
-19.828133,-1.661935,-27.363368,-67.064640,35.808915,-32.621153,-70.537737,-22.738074,-15.731395,-19.828133,-1.661935,-27.363368,90.000000,
-19.828133,-1.661935,-27.363368,14.749324,-27.186990,-33.994097,29.866251,20.610086,-18.479310,-19.828133,-1.661935,-27.363368,90.000000,
-19.828133,-1.661935,-27.363368,-67.064640,35.808915,-32.621153,-70.537737,-22.738074,-15.731395,-19.828133,-1.661935,-27.363368,90.000000,
-19.828133,-1.661935,-27.363368,14.749324,-27.186990,-33.994097,29.866251,20.610086,-18.479310,-19.828133,-1.661935,-27.363368,90.000000,
-19.828133,-1.661935,-27.363368,-67.064640,35.808915,-32.621153,-70.537737,-22.738074,-15.731395,-19.828133,-1.661935,-27.363368,90.000000,
-19.828133,-1.661935,-27.363368,14.749324,-27.186990,-33.994097,29.866251,20.610086,-18.479310,-19.828133,-1.661935,-27.363368,90.000000,
-19.828133,-1.661935,-27.363368,-67.064640,35.808915,-32.621153,-70.537737,-22.738074,-15.731395,-19.828133,-1.661935,-27.363368,90.000000,
-19.828133,-1.661935,-27.363368,14.749324,-27.186990,-33.994097,29.866251,20.610086,-18.479310,-19.828133,-1.661935,-27.363368,90.000000,
-19.828133,-1.661935,-27.363368,-67.064640,35.808915,-32.621153,-70.537737,-22.738074,-15.731395,-19.828133,-1.661935,-27.363368,90.000000,
-19.828133,-1.661935,-27.363368,14.749324,-27.186990,-33.994097,29.866251,20.610086,-18.479310,-19.828133,-1.661935,-27.363368,90.000000,
-19.828133,-1.661935,-27.363368,-67.064640,35.808915,-32.621153,-70.537737,-22.738074,-15.731395,-19.828133,-1.661935,-27.363368,90.000000,
-19.828133,-1.661935,-27.363368,14.749324,-27.186990,-33.994097,29.866251,20.610086,-18.479310,-19.828133,-1.661935,-27.363368,90.000000,
-19.828133,-1.661935,-27.363368,-67.064640,35.808915,-32.621153,-70.537737,-22.738074,-15.731395,-19.828133,-1.661935,-27.363368,90.000000,
-19.828133,-1.661935,-27.363368,14.749324,-27.186990,-33.994097,29.866251,20.610086,-18.479310,-19.828133,-1.661935,-27.363368,90.000000,
-19.828133,-1.661935,-27.363368,-67.064640,35.808915,-32.621153,-70.537737,-22.738074,-15.731395,-19.828133,-1.661935,-27.363368,90.000000,
-19.828133,-1.661935,-27.363368,14.749324,-27.186990,-33.994097,29.866251,20.610086,-18.479310,-19.828133,-1.661935,-27.363368,90.000000,
-19.828133,-1.661935,-27.363368,-67.064640,35.808915,-32.621153,-70.537737,-22.738074,-15.731395,-19.828133,-1.661935,-27.363368,90.000000,
-19.828133,-1.661935,-27.363368,14.749324,-27.186990,-33.994097,29.866251,20.610086,-18.479310,-19.828133,-1.661935,-27.363368,90.000000,
-19.828133,-1.661935,-27.363368,-67.064640,35.808915,-32.621153,-70.537737,-22.738074,-15.731395,-19.828133,-1.661935,-27.363368,90.000000,
-19.828133,-1.661935,-27.363368,14.749324,-27.186990,-33.994097,29.866251,20.610086,-18.479310,-19.828133,-1.661935,-27.363368,90.000000,
-19.828133,-1.661935,-27.363368,-67.064640,35.808915,-32.621153,-70.537737,-22.738074,-15.731395,-19.828133,-1.661935,-27.363368,90.000000,
-19.828133,-1.661935,-27.363368,14.749324,-27.186990,-33.994097,29.866251,20.610086,-18.479310,-19.828133,-1.661935,-27.363368,90.000000,
-19.828133,-1.661935,-27.363368,-67.064640,35.808915,-32.621153,-70.537737,-22.738074,-15.731395,-19.828133,-1.661935,-27.363368,90.000000,
-19.828133,-1.661935,-27.363368,14.749324,-27.186990,-33.994097,29.866251,20.610086,-18.479310,-19.828133,-1.661935,-27.363368,90.000000,
-19.828133,-1.661935,-27.363368,-67.064640,35.808915,-32.621153,-70.537737,-22.738074,-15.731395,-19.828133,-1.661935,-27.363368,90.000000,
-19.828133,-1.661935,-27.363368,14.749324,-27.186990,-33.994097,29.866251,20.610086,-18.479310,-19.828133,-1.661935,-27.363368,90.000000,
-19.828133,-1.661935,-27.363368,-67.064640,35.808915,-32.621153,-70.537737,-22.738074,-15.731395,-19.828133,-1.661935,-27.363368,90.000000,
-19.828133,-1.661935,-27.363368,14.749324,-27.186990,-33.994097,29.866251,20.610086,-18.479310,-19.828133,-1.661935,-27.363368,90.000000,
-19.828133,-1.661935,-27.363368,-67.064640,35.808915,-32.621153,-70.537737,-22.738074,-15.731395,-19.828133,-1.661935,-27.363368,90.000000,
-19.828133,-1.661935,-27.363368,14.749324,-27.186990,-33.994097,29.866251,20.610086,-18.479310,-19.828133,-1.661935,-27.363368,90.000000,
-19.828133,-1.661935,-27.363368,-67.064640,35.808915,-32.621153,-70.537737,-22.738074,-15.731395,-19.828133,-1.661935,-27.363368,90.000000,
-19.828133,-1.661935,-27.363368,14.749324,-27.186990,-33.994097,29.866251,20.610086,-18.479310,-19.828133,-1.661935,-27.363368,90.000000,
-19.828133,-1.661935,-27.363368,-67.064640,35.808915,-32.621153,-70.537737,-22.738074,-15.731395,-19.828133,-1.661935,-27.363368,90.000000,
-19.828133,-1.661935,-27.363368,14.749324,-27.186990,-33.994097,29.866251,20.610086,-18.479310,-19.828133,-1.661935,-27.363368,90.000000,
-19.828133,-1.661935,-27.363368,-67.064640,35.808915,-32.621153,-70.537737,-22.738074,-15.731395,-19.828133,-1.661935,-27.363368,90.000000,
-19.828133,-1.661935,-27.363368,14.749324,-27.186990,-33.994097,29.866251,20.610086,-18.479310,-19.828133,-1.661935,-27.363368,90.000000,
-19.828133,-1.661935,-27.363368,-67.064640,35.808915,-32.621153,-70.537737,-22.738074,-15.731395,-19.828133,-1.661935,-27.363368,90.000000,
-19.828133,-1.661935,-27.363368,14.749324,-27.186990,-33.994097,29.866251,20.610086,-18.479310,-19.828133,-1.661935,-27.363368,90.000000,
-19.828133,-1.661935,-27.363368,-67.064640,35.808915,-32.621153,-70.537737,-22.738074,-15.731395,-19.828133,-1.661935,-27.363368,90.000000,
-19.828133,-1.661935,-27.363368,14.749324,-27.186990,-33.994097,29.866251,20.610086,-18.479310,-19.828133,-1.661935,-27.363368,90.000000,
-19.828133,-1.661935,-27.363368,-67.064640,35.808915,-32.621153,-70.537737,-22.738074,-15.731395,-19.828133,-1.661935,-27.363368,90.000000,
-19.828133,-1.661935,-27.363368,14.749324,-27.186990,-33.994097,29.866251,20.610086,-18.479310,-19.828133,-1.661935,-27.363368,90.000000,
-19.828133,-1.661935,-27.363368,-67.064640,35.808915,-32.621153,-70.537737,-22.738074,-15.731395,-19.828133,-1.661935,-27.363368,90.000000,
-19.828133,-1.661935,-27.363368,14.749324,-27.186990,-33.994097,29.866251,20.610086,-18.479310,-19.828133,-1.661935,-27.363368,90.000000,
-19.828133,-1.661935,-27.363368,-67.064640,35.808915,-32.621153,-70.537737,-22.738074,-15.731395,-19.828133,-1.661935,-27.363368,90.000000,
-19.828133,-1.661935,-27.363368,14.749324,-27.186990,-33.994097,29.866251,20.610086,-18.479310,-19.828133,-1.661935,-27.363368,90.000000,
-19.828133,-1.661935,-27.363368,-67.064640,35.808915,-32.621153,-70.537737,-22.738074,-15.731395,-19.828133,-1.661935,-27.363368,90.000000,
-19.828133,-1.661935,-27.363368,14.749324,-27.186990,-33.994097,29.866251,20.610086,-18.479310,-19.828133,-1.661935,-27.363368,90.000000,
-19.828133,-1.661935,-27.363368,-67.064640,35.808915,-32.621153,-70.537737,-22.738074,-15.731395,-19.828133,-1.661935,-27.363368,90.000000,
-19.828133,-1.661935,-27.363368,14.749324,-27.186990,-33.994097,29.866251,20.610086,-18.479310,-19.828133,-1.661935,-27.363368,90.000000,
-19.828133,-1.661935,-27.363368,-67.064640,35.808915,-32.621153,-70.537737,-22.738074,-15.731395,-19.828133,-1.661935,-27.363368,90.000000,
-19.828133,-1.661935,-27.363368,14.749324,-27.186990,-33.994097,29.866251,20.610086,-18.479310,-19.828133,-1.661935,-27.363368,90.000000,
-19.828133,-1.661935,-27.363368,-67.064640,35.808915,-32.621153,-70.537737,-22.738074,-15.731395,-19.828133,-1.661935,-27.363368,90.000000,
-19.828133,-1.661935,-27.363368,14.749324,-27.186990,-33.994097,29.866251,20.610086,-18.479310,-19.828133,-1.661935,-27.363368,90.000000,
-19.828133,-1.661935,-27.363368,-67.064640,35.808915,-32.621153,-70.537737,-22.738074,-15.731395,-19.828133,-1.661935,-27.363368,90.000000,
-19.828133,-1.661935,-27.363368,14.749324,-27.186990,-33.994097,29.866251,20.610086,-18.479310,-19.828133,-1.661935,-27.363368,90.000000,
-19.828133,-1.661935,-27.363368,-67.064640,35.808915,-32.621153,-70.537737,-22.738074,-15.731395,-19.828133,-1.661935,-27.363368,90.000000,
-19.828133,-1.661935,-27.363368,14.749324,-27.186990,-33.994097,29.866251,20.610086,-18.479310,-19.828133,-1.661935,-27.363368,90.000000,
-19.828133,-1.661935,-27.363368,-67.064640,35.808915,-32.621153,-70.537737,-22.738074,-15.731395,-19.828133,-1.661935,-27.363368,90.000000,
-19.828133,-1.661935,-27.363368,14.749324,-27.186990,-33.994097,29.866251,20.610086,-18.479310,-19.828133,-1.661935,-27.363368,90.000000,
-19.828133,-1.661935,-27.363368,-67.064640,35.808915,-32.621153,-70.537737,-22.738074,-15.731395,-19.828133,-1.661935,-27.363368,90.000000,
-19.828133,-1.661935,-27.363368,14.749324,-27.186990,-33.994097,29.866251,20.610086,-18.479310,-19.828133,-1.661935,-27.363368,90.000000,
-19.828133,-1.661935,-27.363368,-67.064640,35.808915,-32.621153,-70.537737,-22.738074,-15.731395,-19.828133,-1.661935,-27.363368,90.000000,
-19.828133,-1.661935,-27.363368,14.749324,-27.186990,-33.994097,29.866251,20.610086,-18.479310,-19.828133,-1.661935,-27.363368,90.000000,
-19.828133,-1.661935,-27.363368,-67.064640,35.808915,-32.621153,-70.537737,-22.738074,-15.731395,-19.828133,-1.661935,-27.363368,90.000000,
-19.828133,-1.661935,-27.363368,14.749324,-27.186990,-33.994097,29.866251,20.610086,-18.479310,-19.828133,-1.661935,-27.363368,90.000000,
-19.828133,-1.661935,-27.363368,-67.064640,35.808915,-32.621153,-70.537737,-22.738074,-15.731395,-19.828133,-1.661935,-27.363368,90.000000,
-19.828133,-1.661935,-27.363368,14.749324,-27.186990,-33.994097,29.866251,20.610086,-18.479310,-19.828133,-1.661935,-27.363368,90.000000,
-19.828133,-1.661935,-27.363368,-67.064640,35.808915,-32.621153,-70.537737,-22.738074,-15.731395,-19.828133,-1.661935,-27.363368,90.000000,
-19.828133,-1.661935,-27.363368,14.749324,-27.186990,-33.994097,29.866251,20.610086,-18.479310,-19.828133,-1.661935,-27.363368,90.000000,
-19.828133,-1.661935,-27.363368,-67.064640,35.808915,-32.621153,-70.537737,-22.738074,-15.731395,-19.828133,-1.661935,-27.363368,90.000000,
-19.828133,-1.661935,-27.363368,14.749324,-27.186990,-33.994097,29.866251,20.610086,-18.479310,-19.828133,-1.661935,-27.363368,90.000000,
-19.828133,-1.661935,-27.363368,-67.064640,35.808915,-32.621153,-70.537737,-22.738074,-15.731395,-19.828133,-1.661935,-27.363368,90.000000,
-19.828133,-1.661935,-27.363368,14.749324,-27.186990,-33.994097,29.866251,20.610086,-18.479310,-19.828133,-1.661935,-27.363368,90.000000,
-19.828133,-1.661935,-27.363368,-67.064640,35.808915,-32.621153,-70.537737,-22.738074,-15.731395,-19.828133,-1.661935,-27.363368,90.000000,
-19.828133,-1.661935,-27.363368,14.749324,-27.186990,-33.994097,29.866251,20.610086,-18.479310,-19.828133,-1.661935,-27.363368,90.000000,
-19.828133,-1.661935,-27.363368,-67.064640,35.808915,-32.621153,-70.537737,-22.738074,-15.731395,-19.828133,-1.661935,-27.363368,90.000000,
-19.828133,-1.661935,-27.363368,14.749324,-27.186990,-33.994097,29.866251,20.610086,-18.479310,-19.828133,-1.661935,-27.363368,90.000000,
-19.828133,-1.661935,-27.363368,-67.064640,35.808915,-32.621153,-70.537737,-22.738074,-15.731395,-19.828133,-1.661935,-27.363368,90.000000,
-19.828133,-1.661935,-27.363368,14.749324,-27.186990,-33.994097,29.866251,20.610086,-18.479310,-19.828133,-1.661935,-27.363368,90.000000,
-19.828133,-1.661935,-27.363368,-67.064640,35.808915,-32.621153,-70.537737,-22.738074,-15.731395,-19.828133,-1.661935,-27.363368,90.000000,
-19.828133,-1.661935,-27.363368,14.749324,-27.186990,-33.994097,29.866251,20.610086,-18.479310,-19.828133,-1.661935,-27.363368,90.000000,
-19.828133,-1.661935,-27.363368,-67.064640,35.808915,-32.621153,-70.537737,-22.738074,-15.731395,-19.828133,-1.661935,-27.363368,90.000000,
-19.828133,-1.661935,-27.363368,14.749324,-27.186990,-33.994097,29.866251,20.610086,-18.479310,-19.828133,-1.661935,-27.363368,90.000000,
-19.828133,-1.661935,-27.363368,-67.064640,35.808915,-32.621153,-70.537737,-22.738074,-15.731395,-19.828133,-1.661935,-27.363368,90.000000,
-19.828133,-1.661935,-27.363368,14.749324,-27.186990,-33.994097,29.866251,20.610086,-18.479310,-19.828133,-1.661935,-27.363368,90.000000,
-19.828133,-1.661935,-27.363368,-67.064640,35.808915,-32.621153,-70.537737,-22.738074,-15.731395,-19.828133,-1.661935,-27.363368,90.000000,
-19.828133,-1.661935,-27.363368,14.749324,-27.186990,-33.994097,29.866251,20.610086,-18.479310,-19.828133,-1.661935,-27.363368,90.000000,
-19.828133,-1.661935,-27.363368,-67.064640,35.808915,-32.621153,-70.537737,-22.738074,-15.731395,-19.828133,-1.661935,-27.363368,90.000000,
-19.828133,-1.661935,-27.363368,14.749324,-27.186990,-33.994097,29.866251,20.610086,-18.479310,-19.828133,-1.661935,-27.363368,90.000000,
-19.828133,-1.661935,-27.363368,-67.064640,35.808915,-32.621153,-70.537737,-22.738074,-15.731395,-19.828133,-1.661935,-27.363368,90.000000,
-19.828133,-1.661935,-27.363368,14.749324,-27.186990,-33.994097,29.866251,20.610086,-18.479310,-19.828133,-1.661935,-27.363368,90.000000,
-19.828133,-1.661935,-27.363368,-67.064640,35.808915,-32.621153,-70.537737,-22.738074,-15.731395,-19.828133,-1.661935,-27.363368,90.000000,
-19.828133,-1.661935,-27.363368,14.749324,-27.186990,-33.994097,29.866251,20.610086,-18.479310,-19.828133,-1.661935,-27.363368,90.000000,
-19.828133,-1.661935,-27.363368,-67.064640,35.808915,-32.621153,-70.537737,-22.738074,-15.731395,-19.828133,-1.661935,-27.363368,90.000000,
-19.828133,-1.661935,-27.363368,14.749324,-27.186990,-33.994097,29.866251,20.610086,-18.479310,-19.828133,-1.661935,-27.363368,90.000000,
-19.828133,-1.661935,-27.363368,-67.064640,35.808915,-32.621153,-70.537737,-22.738074,-15.731395,-19.828133,-1.661935,-27.363368,90.000000,
-19.828133,-1.661935,-27.363368,14.749324,-27.186990,-33.994097,29.866251,20.610086,-18.479310,-19.828133,-1.661935,-27.363368,90.000000,
-19.828133,-1.661935,-27.363368,-67.064640,35.808915,-32.621153,-70.537737,-22.738074,-15.731395,-19.828133,-1.661935,-27.363368,90.000000,
-19.828133,-1.661935,-27.363368,14.749324,-27.186990,-33.994097,29.866251,20.610086,-18.479310,-19.828133,-1.661935,-27.363368,90.000000,
-19.828133,-1.661935,-27.363368,-67.064640,35.808915,-32.621153,-70.537737,-22.738074,-15.731395,-19.828133,-1.661935,-27.363368,90.000000,
-19.828133,-1.661935,-27.363368,14.749324,-27.186990,-33.994097,29.866251,20.610086,-18.479310,-19.828133,-1.661935,-27.363368,90.000000,
-19.828133,-1.661935,-27.363368,-67.064640,35.808915,-32.621153,-70.537737,-22.738074,-15.731395,-19.828133,-1.661935,-27.363368,90.000000,
-19.828133,-1.661935,-27.363368,14.749324,-27.186990,-33.994097,29.866251,20.610086,-18.479310,-19.828133,-1.661935,-27.363368,90.000000,
-19.828133,-1.661935,-27.363368,-67.064640,35.808915,-32.621153,-70.537737,-22.738074,-15.731395,-19.828133,-1.661935,-27.363368,90.000000,
-19.828133,-1.661935,-27.363368,14.749324,-27.186990,-33.994097,29.866251,20.610086,-18.479310,-19.828133,-1.661935,-27.363368,90.000000,
-19.828133,-1.661935,-27.363368,-67.064640,35.808915,-32.621153,-70.537737,-22.738074,-15.731395,-19.828133,-1.661935,-27.363368,90.000000,
-19.828133,-1.661935,-27.363368,14.749324,-27.186990,-33.994097,29.866251,20.610086,-18.479310,-19.828133,-1.661935,-27.363368,90.000000,
-19.828133,-1.661935,-27.363368,-67.064640,35.808915,-32.621153,-70.537737,-22.738074,-15.731395,-19.828133,-1.661935,-27.363368,90.000000,
-19.828133,-1.661935,-27.363368,14.749324,-27.186990,-33.994097,29.866251,20.610086,-18.479310,-19.828133,-1.661935,-27.363368,90.000000,
-19.828133,-1.661935,-27.363368,-67.064640,35.808915,-32.621153,-70.537737,-22.738074,-15.731395,-19.828133,-1.661935,-27.363368,90.000000,
-19.828133,-1.661935,-27.363368,14.749324,-27.186990,-33.994097,29.866251,20.610086,-18.479310,-19.828133,-1.661935,-27.363368,90.000000,
-19.828133,-1.661935,-27.363368,-67.064640,35.808915,-32.621153,-70.537737,-22.738074,-15.731395,-19.828133,-1.661935,-27.363368,90.000000,
-19.828133,-1.661935,-27.363368,14.749324,-27.186990,-33.994097,29.866251,20.610086,-18.479310,-19.828133,-1.661935,-27.363368,90.000000,
-19.828133,-1.661935,-27.363368,-67.064640,35.808915,-32.621153,-70.537737,-22.738074,-15.731395,-19.828133,-1.661935,-27.363368,90.000000,
-19.828133,-1.661935,-27.363368,14.749324,-27.186990,-33.994097,29.866251,20.610086,-18.479310,-19.828133,-1.661935,-27.363368,90.000000,
-19.828133,-1.661935,-27.363368,-67.064640,35.808915,-32.621153,-70.537737,-22.738074,-15.731395,-19.828133,-1.661935,-27.363368,90.000000,
-19.828133,-1.661935,-27.363368,14.749324,-27.186990,-33.994097,29.866251,20.610086,-18.479310,-19.828133,-1.661935,-27.363368,90.000000,
-19.828133,-1.661935,-27.363368,-67.064640,35.808915,-32.621153,-70.537737,-22.738074,-15.731395,-19.828133,-1.661935,-27.363368,90.000000,
-19.828133,-1.661935,-27.363368,14.749324,-27.186990,-33.994097,29.866251,20.610086,-18.479310,-19.828133,-1.661935,-27.363368,90.000000,
-19.828133,-1.661935,-27.363368,-67.064640,35.808915,-32.621153,-70.537737,-22.738074,-15.731395,-19.828133,-1.661935,-27.363368,90.000000,
-19.828133,-1.661935,-27.363368,14.749324,-27.186990,-33.994097,29.866251,20.610086,-18.479310,-19.828133,-1.661935,-27.363368,90.000000,
-19.828133,-1.661935,-27.363368,-67.064640,35.808915,-32.621153,-70.537737,-22.738074,-15.731395,-19.828133,-1.661935,-27.363368,90.000000,
-19.828133,-1.661935,-27.363368,14.749324,-27.186990,-33.994097,29.866251,20.610086,-18.479310,-19.828133,-1.661935,-27.363368,90.000000,
-19.828133,-1.661935,-27.363368,-67.064640,35.808915,-32.621153,-70.537737,-22.738074,-15.731395,-19.828133,-1.661935,-27.363368,90.000000,
-19.828133,-1.661935,-27.363368,14.749324,-27.186990,-33.994097,29.866251,20.610086,-18.479310,-19.828133,-1.661935,-27.363368,90.000000,
-19.828133,-1.661935,-27.363368,-67.064640,35.808915,-32.621153,-70.537737,-22.738074,-15.731395,-19.828133,-1.661935,-27.363368,90.000000,
-19.828133,-1.661935,-27.363368,14.749324,-27.186990,-33.994097,29.866251,20.610086,-18.479310,-19.828133,-1.661935,-27.363368,90.000000,
-19.828133,-1.661935,-27.363368,-67.064640,35.808915,-32.621153,-70.537737,-22.738074,-15.731395,-19.828133,-1.661935,-27.363368,90.000000,
-19.828133,-1.661935,-27.363368,14.749324,-27.186990,-33.994097,29.866251,20.610086,-18.479310,-19.828133,-1.661935,-27.363368,90.000000,
-19.828133,-1.661935,-27.363368,-67.064640,35.808915,-32.621153,-70.537737,-22.738074,-15.731395,-19.828133,-1.661935,-27.363368,90.000000,
-19.828133,-1.661935,-27.363368,14.749324,-27.186990,-33.994097,29.866251,20.610086,-18.479310,-19.828133,-1.661935,-27.363368,90.000000,
-19.828133,-1.661935,-27.363368,-67.064640,35.808915,-32.621153,-70.537737,-22.738074,-15.731395,-19.828133,-1.661935,-27.363368,90.000000,
-19.828133,-1.661935,-27.363368,14.749324,-27.186990,-33.994097,29.866251,20.610086,-18.479310,-19.828133,-1.661935,-27.363368,90.000000,
-19.828133,-1.661935,-27.363368,-67.064640,35.808915,-32.621153,-70.537737,-22.738074,-15.731395,-19.828133,-1.661935,-27.363368,90.000000,
-19.828133,-1.661935,-27.363368,14.749324,-27.186990,-33.994097,29.866251,20.610086,-18.479310,-19.828133,-1.661935,-27.363368,90.000000,
-19.828133,-1.661935,-27.363368,-67.064640,35.808915,-32.621153,-70.537737,-22.738074,-15.731395,-19.828133,-1.661935,-27.363368,90.000000,
-19.828133,-1.661935,-27.363368,14.749324,-27.186990,-33.994097,29.866251,20.610086,-18.479310,-19.828133,-1.661935,-27.363368,90.000000,
-19.828133,-1.661935,-27.363368,-67.064640,35.808915,-32.621153,-70.537737,-22.738074,-15.731395,-19.828133,-1.661935,-27.363368,90.000000,
-19.828133,-1.661935,-27.363368,14.749324,-27.186990,-33.994097,29.866251,20.610086,-18.479310,-19.828133,-1.661935,-27.363368,90.000000,
-19.828133,-1.661935,-27.363368,-67.064640,35.808915,-32.621153,-70.537737,-22.738074,-15.731395,-19.828133,-1.661935,-27.363368,90.000000,
-19.828133,-1.661935,-27.363368,14.749324,-27.186990,-33.994097,29.866251,20.610086,-18.479310,-19.828133,-1.661935,-27.363368,90.000000,
-19.828133,-1.661935,-27.363368,-67.064640,35.808915,-32.621153,-70.537737,-22.738074,-15.731395,-19.828133,-1.661935,-27.363368,90.000000,
-19.828133,-1.661935,-27.363368,14.749324,-27.186990,-33.994097,29.866251,20.610086,-18.479310,-19.828133,-1.661935,-27.363368,90.000000,
-19.828133,-1.661935,-27.363368,-67.064640,35.808915,-32.621153,-70.537737,-22.738074,-15.731395,-19.828133,-1.661935,-27.363368,90.000000,
-19.828133,-1.661935,-27.363368,14.749324,-27.186990,-33.994097,29.866251,20.610086,-18.479310,-19.828133,-1.661935,-27.363368,90.000000,
-19.828133,-1.661935,-27.363368,-67.064640,35.808915,-32.621153,-70.537737,-22.738074,-15.731395,-19.828133,-1.661935,-27.363368,90.000000,
-19.828133,-1.661935,-27.363368,14.749324,-27.186990,-33.994097,29.866251,20.610086,-18.479310,-19.828133,-1.661935,-27.363368,90.000000,
-19.828133,-1.661935,-27.363368,-67.064640,35.808915,-32.621153,-70.537737,-22.738074,-15.731395,-19.828133,-1.661935,-27.363368,90.000000,
-19.828133,-1.661935,-27.363368,14.749324,-27.186990,-33.994097,29.866251,20.610086,-18.479310,-19.828133,-1.661935,-27.363368,90.000000,
-19.828133,-1.661935,-27.363368,-67.064640,35.808915,-32.621153,-70.537737,-22.738074,-15.731395,-19.828133,-1.661935,-27.363368,90.000000,
-19.828133,-1.661935,-27.363368,14.749324,-27.186990,-33.994097,29.866251,20.610086,-18.479310,-19.828133,-1.661935,-27.363368,90.000000,
-19.828133,-1.661935,-27.363368,-67.064640,35.808915,-32.621153,-70.537737,-22.738074,-15.731395,-19.828133,-1.661935,-27.363368,90.000000,
-19.828133,-1.661935,-27.363368,14.749324,-27.186990,-33.994097,29.866251,20.610086,-18.479310,-19.828133,-1.661935,-27.363368,90.000000,
-19.828133,-1.661935,-27.363368,-67.064640,35.808915,-32.621153,-70.537737,-22.738074,-15.731395,-19.828133,-1.661935,-27.363368,90.000000,
-19.828133,-1.661935,-27.363368,14.749324,-27.186990,-33.994097,29.866251,20.610086,-18.479310,-19.828133,-1.661935,-27.363368,90.000000,
-19.828133,-1.661935,-27.363368,-67.064640,35.808915,-32.621153,-70.537737,-22.738074,-15.731395,-19.828133,-1.661935,-27.363368,90.000000,
-19.828133,-1.661935,-27.363368,14.749324,-27.186990,-33.994097,29.866251,20.610086,-18.479310,-19.828133,-1.661935,-27.363368,90.000000,
-19.828133,-1.661935,-27.363368,-67.064640,35.808915,-32.621153,-70.537737,-22.738074,-15.731395,-19.828133,-1.661935,-27.363368,90.000000,
-19.828133,-1.661935,-27.363368,14.749324,-27.186990,-33.994097,29.866251,20.610086,-18.479310,-19.828133,-1.661935,-27.363368,90.000000,
-19.828133,-1.661935,-27.363368,-67.064640,35.808915,-32.621153,-70.537737,-22.738074,-15.731395,-19.828133,-1.661935,-27.363368,90.000000,
-19.828133,-1.661935,-27.363368,14.749324,-27.186990,-33.994097,29.866251,20.610086,-18.479310,-19.828133,-1.661935,-27.363368,90.000000,
-19.828133,-1.661935,-27.363368,-67.064640,35.808915,-32.621153,-70.537737,-22.738074,-15.731395,-19.828133,-1.661935,-27.363368,90.000000,
-19.828133,-1.661935,-27.363368,14.749324,-27.186990,-33.994097,29.866251,20.610086,-18.479310,-19.828133,-1.661935,-27.363368,90.000000,
-19.828133,-1.661935,-27.363368,-67.064640,35.808915,-32.621153,-70.537737,-22.738074,-15.731395,-19.828133,-1.661935,-27.363368,90.000000,
-19.828133,-1.661935,-27.363368,14.749324,-27.186990,-33.994097,29.866251,20.610086,-18.479310,-19.828133,-1.661935,-27.363368,90.000000,
-19.828133,-1.661935,-27.363368,-67.064640,35.808915,-32.621153,-70.537737,-22.738074,-15.731395,-19.828133,-1.661935,-27.363368,90.000000,
-19.828133,-1.661935,-27.363368,14.749324,-27.186990,-33.994097,29.866251,20.610086,-18.479310,-19.828133,-1.661935,-27.363368,90.000000,
-19.828133,-1.661935,-27.363368,-67.064640,35.808915,-32.621153,-70.537737,-22.738074,-15.731395,-19.828133,-1.661935,-27.363368,90.000000,
-19.828133,-1.661935,-27.363368,14.749324,-27.186990,-33.994097,29.866251,20.610086,-18.479310,-19.828133,-1.661935,-27.363368,90.000000,
-19.828133,-1.661935,-27.363368,-67.064640,35.808915,-32.621153,-70.537737,-22.738074,-15.731395,-19.828133,-1.661935,-27.363368,90.000000,
-19.828133,-1.661935,-27.363368,14.749324,-27.186990,-33.994097,29.866251,20.610086,-18.479310,-19.828133,-1.661935,-27.363368,90.000000,
-19.828133,-1.661935,-27.363368,-67.064640,35.808915,-32.621153,-70.537737,-22.738074,-15.731395,-19.828133,-1.661935,-27.363368,90.000000,
-19.828133,-1.661935,-27.363368,14.749324,-27.186990,-33.994097,29.866251,20.610086,-18.479310,-19.828133,-1.661935,-27.363368,90.000000,
-19.828133,-1.661935,-27.363368,-67.064640,35.808915,-32.621153,-70.537737,-22.738074,-15.731395,-19.828133,-1.661935,-27.363368,90.000000,
-19.828133,-1.661935,-27.363368,14.749324,-27.186990,-33.994097,29.866251,20.610086,-18.479310,-19.828133,-1.661935,-27.363368,90.000000,
-19.828133,-1.661935,-27.363368,-67.064640,35.808915,-32.621153,-70.537737,-22.738074,-15.731395,-19.828133,-1.661935,-27.363368,90.000000,
-19.828133,-1.661935,-27.363368,14.749324,-27.186990,-33.994097,29.866251,20.610086,-18.479310,-19.828133,-1.661935,-27.363368,90.000000,
-19.828133,-1.661935,-27.363368,-67.064640,35.808915,-32.621153,-70.537737,-22.738074,-15.731395,-19.828133,-1.661935,-27.363368,90.000000,
-19.828133,-1.661935,-27.363368,14.749324,-27.186990,-33.994097,29.866251,20.610086,-18.479310,-19.828133,-1.661935,-27.363368,90.000000,
-19.828133,-1.661935,-27.363368,-67.064640,35.808915,-32.621153,-70.537737,-22.738074,-15.731395,-19.828133,-1.661935,-27.363368,90.000000,
-19.828133,-1.661935,-27.363368,14.749324,-27.186990,-33.994097,29.866251,20.610086,-18.479310,-19.828133,-1.661935,-27.363368,90.000000,
-19.828133,-1.661935,-27.363368,-67.064640,35.808915,-32.621153,-70.537737,-22.738074,-15.731395,-19.828133,-1.661935,-27.363368,90.000000,
-19.828133,-1.661935,-27.363368,14.749324,-27.186990,-33.994097,29.866251,20.610086,-18.479310,-19.828133,-1.661935,-27.363368,90.000000,
-19.828133,-1.661935,-27.363368,-67.064640,35.808915,-32.621153,-70.537737,-22.738074,-15.731395,-19.828133,-1.661935,-27.363368,90.000000,
-19.828133,-1.661935,-27.363368,14.749324,-27.186990,-33.994097,29.866251,20.610086,-18.479310,-19.828133,-1.661935,-27.363368,90.000000,
-19.828133,-1.661935,-27.363368,-67.064640,35.808915,-32.621153,-70.537737,-22.738074,-15.731395,-19.828133,-1.661935,-27.363368,90.000000,
-19.828133,-1.661935,-27.363368,14.749324,-27.186990,-33.994097,29.866251,20.610086,-18.479310,-19.828133,-1.661935,-27.363368,90.000000,
-19.828133,-1.661935,-27.363368,-67.064640,35.808915,-32.621153,-70.537737,-22.738074,-15.731395,-19.828133,-1.661935,-27.363368,90.000000,
-19.828133,-1.661935,-27.363368,14.749324,-27.186990,-33.994097,29.866251,20.610086,-18.479310,-19.828133,-1.661935,-27.363368,90.000000,
-19.828133,-1.661935,-27.363368,-67.064640,35.808915,-32.621153,-70.537737,-22.738074,-15.731395,-19.828133,-1.661935,-27.363368,90.000000,
-19.828133,-1.661935,-27.363368,14.749324,-27.186990,-33.994097,29.866251,20.610086,-18.479310,-19.828133,-1.661935,-27.363368,90.000000,
-19.828133,-1.661935,-27.363368,-67.064640,35.808915,-32.621153,-70.537737,-22.738074,-15.731395,-19.828133,-1.661935,-27.363368,90.000000,
-19.828133,-1.661935,-27.363368,14.749324,-27.186990,-33.994097,29.866251,20.610086,-18.479310,-19.828133,-1.661935,-27.363368,90.000000,
-19.828133,-1.661935,-27.363368,-67.064640,35.808915,-32.621153,-70.537737,-22.738074,-15.731395,-19.828133,-1.661935,-27.363368,90.000000,
-19.828133,-1.661935,-27.363368,14.749324,-27.186990,-33.994097,29.866251,20.610086,-18.479310,-19.828133,-1.661935,-27.363368,90.000000,
-19.828133,-1.661935,-27.363368,-67.064640,35.808915,-32.621153,-70.537737,-22.738074,-15.731395,-19.828133,-1.661935,-27.363368,90.000000,
-19.828133,-1.661935,-27.363368,14.749324,-27.186990,-33.994097,29.866251,20.610086,-18.479310,-19.828133,-1.661935,-27.363368,90.000000,
-19.828133,-1.661935,-27.363368,-67.064640,35.808915,-32.621153,-70.537737,-22.738074,-15.731395,-19.828133,-1.661935,-27.363368,90.000000,
-19.828133,-1.661935,-27.363368,14.749324,-27.186990,-33.994097,29.866251,20.610086,-18.479310,-19.828133,-1.661935,-27.363368,90.000000,
-19.828133,-1.661935,-27.363368,-67.064640,35.808915,-32.621153,-70.537737,-22.738074,-15.731395,-19.828133,-1.661935,-27.363368,90.000000,
-19.828133,-1.661935,-27.363368,14.749324,-27.186990,-33.994097,29.866251,20.610086,-18.479310,-19.828133,-1.661935,-27.363368,90.000000,
-19.828133,-1.661935,-27.363368,-67.064640,35.808915,-32.621153,-70.537737,-22.738074,-15.731395,-19.828133,-1.661935,-27.363368,90.000000,
-19.828133,-1.661935,-27.363368,14.749324,-27.186990,-33.994097,29.866251,20.610086,-18.479310,-19.828133,-1.661935,-27.363368,90.000000,
-19.828133,-1.661935,-27.363368,-67.064640,35.808915,-32.621153,-70.537737,-22.738074,-15.731395,-19.828133,-1.661935,-27.363368,90.000000,
-19.828133,-1.661935,-27.363368,14.749324,-27.186990,-33.994097,29.866251,20.610086,-18.479310,-19.828133,-1.661935,-27.363368,90.000000,
-19.828133,-1.661935,-27.363368,-67.064640,35.808915,-32.621153,-70.537737,-22.738074,-15.731395,-19.828133,-1.661935,-27.363368,90.000000,
-19.828133,-1.661935,-27.363368,14.749324,-27.186990,-33.994097,29.866251,20.610086,-18.479310,-19.828133,-1.661935,-27.363368,90.000000,
-19.828133,-1.661935,-27.363368,-67.064640,35.808915,-32.621153,-70.537737,-22.738074,-15.731395,-19.828133,-1.661935,-27.363368,90.000000,
-19.828133,-1.661935,-27.363368,14.749324,-27.186990,-33.994097,29.866251,20.610086,-18.479310,-19.828133,-1.661935,-27.363368,90.000000,
-19.828133,-1.661935,-27.363368,-67.064640,35.808915,-32.621153,-70.537737,-22.738074,-15.731395,-19.828133,-1.661935,-27.363368,90.000000,
-19.828133,-1.661935,-27.363368,14.749324,-27.186990,-33.994097,29.866251,20.610086,-18.479310,-19.828133,-1.661935,-27.363368,90.000000,
-19.828133,-1.661935,-27.363368,-67.064640,35.808915,-32.621153,-70.537737,-22.738074,-15.731395,-19.828133,-1.661935,-27.363368,90.000000,
-19.828133,-1.661935,-27.363368,14.749324,-27.186990,-33.994097,29.866251,20.610086,-18.479310,-19.828133,-1.661935,-27.363368,90.000000,
-19.828133,-1.661935,-27.363368,-67.064640,35.808915,-32.621153,-70.537737,-22.738074,-15.731395,-19.828133,-1.661935,-27.363368,90.000000,
-19.828133,-1.661935,-27.363368,14.749324,-27.186990,-33.994097,29.866251,20.610086,-18.479310,-19.828133,-1.661935,-27.363368,90.000000,
-19.828133,-1.661935,-27.363368,-67.064640,35.808915,-32.621153,-70.537737,-22.738074,-15.731395,-19.828133,-1.661935,-27.363368,90.000000,
-19.828133,-1.661935,-27.363368,14.749324,-27.186990,-33.994097,29.866251,20.610086,-18.479310,-19.828133,-1.661935,-27.363368,90.000000,
-19.828133,-1.661935,-27.363368,-67.064640,35.808915,-32.621153,-70.537737,-22.738074,-15.731395,-19.828133,-1.661935,-27.363368,90.000000,
-19.828133,-1.661935,-27.363368,14.749324,-27.186990,-33.994097,29.866251,20.610086,-18.479310,-19.828133,-1.661935,-27.363368,90.000000,
-19.828133,-1.661935,-27.363368,-67.064640,35.808915,-32.621153,-70.537737,-22.738074,-15.731395,-19.828133,-1.661935,-27.363368,90.000000,
-19.828133,-1.661935,-27.363368,14.749324,-27.186990,-33.994097,29.866251,20.610086,-18.479310,-19.828133,-1.661935,-27.363368,90.000000,
-19.828133,-1.661935,-27.363368,-67.064640,35.808915,-32.621153,-70.537737,-22.738074,-15.731395,-19.828133,-1.661935,-27.363368,90.000000,
-19.828133,-1.661935,-27.363368,14.749324,-27.186990,-33.994097,29.866251,20.610086,-18.479310,-19.828133,-1.661935,-27.363368,90.000000,
-19.828133,-1.661935,-27.363368,-67.064640,35.808915,-32.621153,-70.537737,-22.738074,-15.731395,-19.828133,-1.661935,-27.363368,90.000000,
-19.828133,-1.661935,-27.363368,14.749324,-27.186990,-33.994097,29.866251,20.610086,-18.479310,-19.828133,-1.661935,-27.363368,90.000000,
-19.828133,-1.661935,-27.363368,-67.064640,35.808915,-32.621153,-70.537737,-22.738074,-15.731395,-19.828133,-1.661935,-27.363368,90.000000,
-19.828133,-1.661935,-27.363368,14.749324,-27.186990,-33.994097,29.866251,20.610086,-18.479310,-19.828133,-1.661935,-27.363368,90.000000,
-19.828133,-1.661935,-27.363368,-67.064640,35.808915,-32.621153,-70.537737,-22.738074,-15.731395,-19.828133,-1.661935,-27.363368,90.000000,
-19.828133,-1.661935,-27.363368,14.749324,-27.186990,-33.994097,29.866251,20.610086,-18.479310,-19.828133,-1.661935,-27.363368,90.000000,
-19.828133,-1.661935,-27.363368,-67.064640,35.808915,-32.621153,-70.537737,-22.738074,-15.731395,-19.828133,-1.661935,-27.363368,90.000000,
-19.828133,-1.661935,-27.363368,14.749324,-27.186990,-33.994097,29.866251,20.610086,-18.479310,-19.828133,-1.661935,-27.363368,90.000000,
-19.828133,-1.661935,-27.363368,-67.064640,35.808915,-32.621153,-70.537737,-22.738074,-15.731395,-19.828133,-1.661935,-27.363368,90.000000,
-19.828133,-1.661935,-27.363368,14.749324,-27.186990,-33.994097,29.866251,20.610086,-18.479310,-19.828133,-1.661935,-27.363368,90.000000,
-19.828133,-1.661935,-27.363368,-67.064640,35.808915,-32.621153,-70.537737,-22.738074,-15.731395,-19.828133,-1.661935,-27.363368,90.000000,
-19.828133,-1.661935,-27.363368,14.749324,-27.186990,-33.994097,29.866251,20.610086,-18.479310,-19.828133,-1.661935,-27.363368,90.000000,
-19.828133,-1.661935,-27.363368,-67.064640,35.808915,-32.621153,-70.537737,-22.738074,-15.731395,-19.828133,-1.661935,-27.363368,90.000000,
-19.828133,-1.661935,-27.363368,14.749324,-27.186990,-33.994097,29.866251,20.610086,-18.479310,-19.828133,-1.661935,-27.363368,90.000000,
-19.828133,-1.661935,-27.363368,-67.064640,35.808915,-32.621153,-70.537737,-22.738074,-15.731395,-19.828133,-1.661935,-27.363368,90.000000,
-19.828133,-1.661935,-27.363368,14.749324,-27.186990,-33.994097,29.866251,20.610086,-18.479310,-19.828133,-1.661935,-27.363368,90.000000,
-19.828133,-1.661935,-27.363368,-67.064640,35.808915,-32.621153,-70.537737,-22.738074,-15.731395,-19.828133,-1.661935,-27.363368,90.000000,
-19.828133,-1.661935,-27.363368,14.749324,-27.186990,-33.994097,29.866251,20.610086,-18.479310,-19.828133,-1.661935,-27.363368,90.000000,
-19.828133,-1.661935,-27.363368,-67.064640,35.808915,-32.621153,-70.537737,-22.738074,-15.731395,-19.828133,-1.661935,-27.363368,90.000000,
-19.828133,-1.661935,-27.363368,14.749324,-27.186990,-33.994097,29.866251,20.610086,-18.479310,-19.828133,-1.661935,-27.363368,90.000000,
-19.828133,-1.661935,-27.363368,-67.064640,35.808915,-32.621153,-70.537737,-22.738074,-15.731395,-19.828133,-1.661935,-27.363368,90.000000,
-19.828133,-1.661935,-27.363368,14.749324,-27.186990,-33.994097,29.866251,20.610086,-18.479310,-19.828133,-1.661935,-27.363368,90.000000,
-19.828133,-1.661935,-27.363368,-67.064640,35.808915,-32.621153,-70.537737,-22.738074,-15.731395,-19.828133,-1.661935,-27.363368,90.000000,
-19.828133,-1.661935,-27.363368,14.749324,-27.186990,-33.994097,29.866251,20.610086,-18.479310,-19.828133,-1.661935,-27.363368,90.000000,
-19.828133,-1.661935,-27.363368,-67.064640,35.808915,-32.621153,-70.537737,-22.738074,-15.731395,-19.828133,-1.661935,-27.363368,90.000000,
-19.828133,-1.661935,-27.363368,14.749324,-27.186990,-33.994097,29.866251,20.610086,-18.479310,-19.828133,-1.661935,-27.363368,90.000000,
-19.828133,-1.661935,-27.363368,-67.064640,35.808915,-32.621153,-70.537737,-22.738074,-15.731395,-19.828133,-1.661935,-27.363368,90.000000,
-19.828133,-1.661935,-27.363368,14.749324,-27.186990,-33.994097,29.866251,20.610086,-18.479310,-19.828133,-1.661935,-27.363368,90.000000,
-19.828133,-1.661935,-27.363368,-67.064640,35.808915,-32.621153,-70.537737,-22.738074,-15.731395,-19.828133,-1.661935,-27.363368,90.000000,
-19.828133,-1.661935,-27.363368,14.749324,-27.186990,-33.994097,29.866251,20.610086,-18.479310,-19.828133,-1.661935,-27.363368,90.000000,
-19.828133,-1.661935,-27.363368,-67.064640,35.808915,-32.621153,-70.537737,-22.738074,-15.731395,-19.828133,-1.661935,-27.363368,90.000000,
-19.828133,-1.661935,-27.363368,14.749324,-27.186990,-33.994097,29.866251,20.610086,-18.479310,-19.828133,-1.661935,-27.363368,90.000000,
-19.828133,-1.661935,-27.363368,-67.064640,35.808915,-32.621153,-70.537737,-22.738074,-15.731395,-19.828133,-1.661935,-27.363368,90.000000,
-19.828133,-1.661935,-27.363368,14.749324,-27.186990,-33.994097,29.866251,20.610086,-18.479310,-19.828133,-1.661935,-27.363368,90.000000,
-19.828133,-1.661935,-27.363368,-67.064640,35.808915,-32.621153,-70.537737,-22.738074,-15.731395,-19.828133,-1.661935,-27.363368,90.000000,
-19.828133,-1.661935,-27.363368,14.749324,-27.186990,-33.994097,29.866251,20.610086,-18.479310,-19.828133,-1.661935,-27.363368,90.000000,
-19.828133,-1.661935,-27.363368,-67.064640,35.808915,-32.621153,-70.537737,-22.738074,-15.731395,-19.828133,-1.661935,-27.363368,90.000000,
-19.828133,-1.661935,-27.363368,14.749324,-27.186990,-33.994097,29.866251,20.610086,-18.479310,-19.828133,-1.661935,-27.363368,90.000000,
-19.828133,-1.661935,-27.363368,-67.064640,35.808915,-32.621153,-70.537737,-22.738074,-15.731395,-19.828133,-1.661935,-27.363368,90.000000,
-19.828133,-1.661935,-27.363368,14.749324,-27.186990,-33.994097,29.866251,20.610086,-18.479310,-19.828133,-1.661935,-27.363368,90.000000,
-19.828133,-1.661935,-27.363368,-67.064640,35.808915,-32.621153,-70.537737,-22.738074,-15.731395,-19.828133,-1.661935,-27.363368,90.000000,
-19.828133,-1.661935,-27.363368,14.749324,-27.186990,-33.994097,29.866251,20.610086,-18.479310,-19.828133,-1.661935,-27.363368,90.000000,
-19.828133,-1.661935,-27.363368,-67.064640,35.808915,-32.621153,-70.537737,-22.738074,-15.731395,-19.828133,-1.661935,-27.363368,90.000000,
-19.828133,-1.661935,-27.363368,14.749324,-27.186990,-33.994097,29.866251,20.610086,-18.479310,-19.828133,-1.661935,-27.363368,90.000000,
-19.828133,-1.661935,-27.363368,-67.064640,35.808915,-32.621153,-70.537737,-22.738074,-15.731395,-19.828133,-1.661935,-27.363368,90.000000,
-19.828133,-1.661935,-27.363368,14.749324,-27.186990,-33.994097,29.866251,20.610086,-18.479310,-19.828133,-1.661935,-27.363368,90.000000,
-19.828133,-1.661935,-27.363368,-67.064640,35.808915,-32.621153,-70.537737,-22.738074,-15.731395,-19.828133,-1.661935,-27.363368,90.000000,
-19.828133,-1.661935,-27.363368,14.749324,-27.186990,-33.994097,29.866251,20.610086,-18.479310,-19.828133,-1.661935,-27.363368,90.000000,
-19.828133,-1.661935,-27.363368,-67.064640,35.808915,-32.621153,-70.537737,-22.738074,-15.731395,-19.828133,-1.661935,-27.363368,90.000000,
-19.828133,-1.661935,-27.363368,14.749324,-27.186990,-33.994097,29.866251,20.610086,-18.479310,-19.828133,-1.661935,-27.363368,90.000000,
-19.828133,-1.661935,-27.363368,-67.064640,35.808915,-32.621153,-70.537737,-22.738074,-15.731395,-19.828133,-1.661935,-27.363368,90.000000,
-19.828133,-1.661935,-27.363368,14.749324,-27.186990,-33.994097,29.866251,20.610086,-18.479310,-19.828133,-1.661935,-27.363368,90.000000,
-19.828133,-1.661935,-27.363368,-67.064640,35.808915,-32.621153,-70.537737,-22.738074,-15.731395,-19.828133,-1.661935,-27.363368,90.000000,
-19.828133,-1.661935,-27.363368,14.749324,-27.186990,-33.994097,29.866251,20.610086,-18.479310,-19.828133,-1.661935,-27.363368,90.000000,
-19.828133,-1.661935,-27.363368,-67.064640,35.808915,-32.621153,-70.537737,-22.738074,-15.731395,-19.828133,-1.661935,-27.363368,90.000000,
-19.828133,-1.661935,-27.363368,14.749324,-27.186990,-33.994097,29.866251,20.610086,-18.479310,-19.828133,-1.661935,-27.363368,90.000000,
-19.828133,-1.661935,-27.363368,-67.064640,35.808915,-32.621153,-70.537737,-22.738074,-15.731395,-19.828133,-1.661935,-27.363368,90.000000,
-19.828133,-1.661935,-27.363368,14.749324,-27.186990,-33.994097,29.866251,20.610086,-18.479310,-19.828133,-1.661935,-27.363368,90.000000,
-19.828133,-1.661935,-27.363368,-67.064640,35.808915,-32.621153,-70.537737,-22.738074,-15.731395,-19.828133,-1.661935,-27.363368,90.000000,
-19.828133,-1.661935,-27.363368,14.749324,-27.186990,-33.994097,29.866251,20.610086,-18.479310,-19.828133,-1.661935,-27.363368,90.000000,
-19.828133,-1.661935,-27.363368,-67.064640,35.808915,-32.621153,-70.537737,-22.738074,-15.731395,-19.828133,-1.661935,-27.363368,90.000000,
-19.828133,-1.661935,-27.363368,14.749324,-27.186990,-33.994097,29.866251,20.610086,-18.479310,-19.828133,-1.661935,-27.363368,90.000000,
-19.828133,-1.661935,-27.363368,-67.064640,35.808915,-32.621153,-70.537737,-22.738074,-15.731395,-19.828133,-1.661935,-27.363368,90.000000,
-19.828133,-1.661935,-27.363368,14.749324,-27.186990,-33.994097,29.866251,20.610086,-18.479310,-19.828133,-1.661935,-27.363368,90.000000,
-19.828133,-1.661935,-27.363368,-67.064640,35.808915,-32.621153,-70.537737,-22.738074,-15.731395,-19.828133,-1.661935,-27.363368,90.000000,
-19.828133,-1.661935,-27.363368,14.749324,-27.186990,-33.994097,29.866251,20.610086,-18.479310,-19.828133,-1.661935,-27.363368,90.000000,
-19.828133,-1.661935,-27.363368,-67.064640,35.808915,-32.621153,-70.537737,-22.738074,-15.731395,-19.828133,-1.661935,-27.363368,90.000000,
-19.828133,-1.661935,-27.363368,14.749324,-27.186990,-33.994097,29.866251,20.610086,-18.479310,-19.828133,-1.661935,-27.363368,90.000000,
-19.828133,-1.661935,-27.363368,-67.064640,35.808915,-32.621153,-70.537737,-22.738074,-15.731395,-19.828133,-1.661935,-27.363368,90.000000,
-19.828133,-1.661935,-27.363368,14.749324,-27.186990,-33.994097,29.866251,20.610086,-18.479310,-19.828133,-1.661935,-27.363368,90.000000,
-19.828133,-1.661935,-27.363368,-67.064640,35.808915,-32.621153,-70.537737,-22.738074,-15.731395,-19.828133,-1.661935,-27.363368,90.000000,
-19.828133,-1.661935,-27.363368,14.749324,-27.186990,-33.994097,29.866251,20.610086,-18.479310,-19.828133,-1.661935,-27.363368,90.000000,
-19.828133,-1.661935,-27.363368,-67.064640,35.808915,-32.621153,-70.537737,-22.738074,-15.731395,-19.828133,-1.661935,-27.363368,90.000000,
-19.828133,-1.661935,-27.363368,14.749324,-27.186990,-33.994097,29.866251,20.610086,-18.479310,-19.828133,-1.661935,-27.363368,90.000000,
-19.828133,-1.661935,-27.363368,-67.064640,35.808915,-32.621153,-70.537737,-22.738074,-15.731395,-19.828133,-1.661935,-27.363368,90.000000,
-19.828133,-1.661935,-27.363368,14.749324,-27.186990,-33.994097,29.866251,20.610086,-18.479310,-19.828133,-1.661935,-27.363368,90.000000,
-19.828133,-1.661935,-27.363368,-67.064640,35.808915,-32.621153,-70.537737,-22.738074,-15.731395,-19.828133,-1.661935,-27.363368,90.000000,
-19.828133,-1.661935,-27.363368,14.749324,-27.186990,-33.994097,29.866251,20.610086,-18.479310,-19.828133,-1.661935,-27.363368,90.000000,
-19.828133,-1.661935,-27.363368,-67.064640,35.808915,-32.621153,-70.537737,-22.738074,-15.731395,-19.828133,-1.661935,-27.363368,90.000000,
-19.828133,-1.661935,-27.363368,14.749324,-27.186990,-33.994097,29.866251,20.610086,-18.479310,-19.828133,-1.661935,-27.363368,90.000000,
-19.828133,-1.661935,-27.363368,-67.064640,35.808915,-32.621153,-70.537737,-22.738074,-15.731395,-19.828133,-1.661935,-27.363368,90.000000,
-19.828133,-1.661935,-27.363368,14.749324,-27.186990,-33.994097,29.866251,20.610086,-18.479310,-19.828133,-1.661935,-27.363368,90.000000,
-19.828133,-1.661935,-27.363368,-67.064640,35.808915,-32.621153,-70.537737,-22.738074,-15.731395,-19.828133,-1.661935,-27.363368,90.000000,
-19.828133,-1.661935,-27.363368,14.749324,-27.186990,-33.994097,29.866251,20.610086,-18.479310,-19.828133,-1.661935,-27.363368,90.000000,
-19.828133,-1.661935,-27.363368,-67.064640,35.808915,-32.621153,-70.537737,-22.738074,-15.731395,-19.828133,-1.661935,-27.363368,90.000000,
-19.828133,-1.661935,-27.363368,14.749324,-27.186990,-33.994097,29.866251,20.610086,-18.479310,-19.828133,-1.661935,-27.363368,90.000000,
-19.828133,-1.661935,-27.363368,-67.064640,35.808915,-32.621153,-70.537737,-22.738074,-15.731395,-19.828133,-1.661935,-27.363368,90.000000,
-19.828133,-1.661935,-27.363368,14.749324,-27.186990,-33.994097,29.866251,20.610086,-18.479310,-19.828133,-1.661935,-27.363368,90.000000,
-19.828133,-1.661935,-27.363368,-67.064640,35.808915,-32.621153,-70.537737,-22.738074,-15.731395,-19.828133,-1.661935,-27.363368,90.000000,
-19.828133,-1.661935,-27.363368,14.749324,-27.186990,-33.994097,29.866251,20.610086,-18.479310,-19.828133,-1.661935,-27.363368,90.000000,
-19.828133,-1.661935,-27.363368,-67.064640,35.808915,-32.621153,-70.537737,-22.738074,-15.731395,-19.828133,-1.661935,-27.363368,90.000000,
-19.828133,-1.661935,-27.363368,14.749324,-27.186990,-33.994097,29.866251,20.610086,-18.479310,-19.828133,-1.661935,-27.363368,90.000000,
-19.828133,-1.661935,-27.363368,-67.064640,35.808915,-32.621153,-70.537737,-22.738074,-15.731395,-19.828133,-1.661935,-27.363368,90.000000,
-19.828133,-1.661935,-27.363368,14.749324,-27.186990,-33.994097,29.866251,20.610086,-18.479310,-19.828133,-1.661935,-27.363368,90.000000,
-19.828133,-1.661935,-27.363368,-67.064640,35.808915,-32.621153,-70.537737,-22.738074,-15.731395,-19.828133,-1.661935,-27.363368,90.000000,
-19.828133,-1.661935,-27.363368,14.749324,-27.186990,-33.994097,29.866251,20.610086,-18.479310,-19.828133,-1.661935,-27.363368,90.000000,
-19.828133,-1.661935,-27.363368,-67.064640,35.808915,-32.621153,-70.537737,-22.738074,-15.731395,-19.828133,-1.661935,-27.363368,90.000000,
-19.828133,-1.661935,-27.363368,14.749324,-27.186990,-33.994097,29.866251,20.610086,-18.479310,-19.828133,-1.661935,-27.363368,90.000000,
-19.828133,-1.661935,-27.363368,-67.064640,35.808915,-32.621153,-70.537737,-22.738074,-15.731395,-19.828133,-1.661935,-27.363368,90.000000,
-19.828133,-1.661935,-27.363368,14.749324,-27.186990,-33.994097,29.866251,20.610086,-18.479310,-19.828133,-1.661935,-27.363368,90.000000,
-19.828133,-1.661935,-27.363368,-67.064640,35.808915,-32.621153,-70.537737,-22.738074,-15.731395,-19.828133,-1.661935,-27.363368,90.000000,
-19.828133,-1.661935,-27.363368,14.749324,-27.186990,-33.994097,29.866251,20.610086,-18.479310,-19.828133,-1.661935,-27.363368,90.000000,
-19.828133,-1.661935,-27.363368,-67.064640,35.808915,-32.621153,-70.537737,-22.738074,-15.731395,-19.828133,-1.661935,-27.363368,90.000000,
-19.828133,-1.661935,-27.363368,14.749324,-27.186990,-33.994097,29.866251,20.610086,-18.479310,-19.828133,-1.661935,-27.363368,90.000000,
-19.828133,-1.661935,-27.363368,-67.064640,35.808915,-32.621153,-70.537737,-22.738074,-15.731395,-19.828133,-1.661935,-27.363368,90.000000,
-19.828133,-1.661935,-27.363368,14.749324,-27.186990,-33.994097,29.866251,20.610086,-18.479310,-19.828133,-1.661935,-27.363368,90.000000,
-19.828133,-1.661935,-27.363368,-67.064640,35.808915,-32.621153,-70.537737,-22.738074,-15.731395,-19.828133,-1.661935,-27.363368,90.000000,
-19.828133,-1.661935,-27.363368,14.749324,-27.186990,-33.994097,29.866251,20.610086,-18.479310,-19.828133,-1.661935,-27.363368,90.000000,
-19.828133,-1.661935,-27.363368,-67.064640,35.808915,-32.621153,-70.537737,-22.738074,-15.731395,-19.828133,-1.661935,-27.363368,90.000000,
-19.828133,-1.661935,-27.363368,14.749324,-27.186990,-33.994097,29.866251,20.610086,-18.479310,-19.828133,-1.661935,-27.363368,90.000000,
-19.828133,-1.661935,-27.363368,-67.064640,35.808915,-32.621153,-70.537737,-22.738074,-15.731395,-19.828133,-1.661935,-27.363368,90.000000,
-19.828133,-1.661935,-27.363368,14.749324,-27.186990,-33.994097,29.866251,20.610086,-18.479310,-19.828133,-1.661935,-27.363368,90.000000,
-19.828133,-1.661935,-27.363368,-67.064640,35.808915,-32.621153,-70.537737,-22.738074,-15.731395,-19.828133,-1.661935,-27.363368,90.000000,
-19.828133,-1.661935,-27.363368,14.749324,-27.186990,-33.994097,29.866251,20.610086,-18.479310,-19.828133,-1.661935,-27.363368,90.000000,
-19.828133,-1.661935,-27.363368,-67.064640,35.808915,-32.621153,-70.537737,-22.738074,-15.731395,-19.828133,-1.661935,-27.363368,90.000000,
-19.828133,-1.661935,-27.363368,14.749324,-27.186990,-33.994097,29.866251,20.610086,-18.479310,-19.828133,-1.661935,-27.363368,90.000000,
-19.828133,-1.661935,-27.363368,-67.064640,35.808915,-32.621153,-70.537737,-22.738074,-15.731395,-19.828133,-1.661935,-27.363368,90.000000,
-19.828133,-1.661935,-27.363368,14.749324,-27.186990,-33.994097,29.866251,20.610086,-18.479310,-19.828133,-1.661935,-27.363368,90.000000,
-19.828133,-1.661935,-27.363368,-67.064640,35.808915,-32.621153,-70.537737,-22.738074,-15.731395,-19.828133,-1.661935,-27.363368,90.000000,
-19.828133,-1.661935,-27.363368,14.749324,-27.186990,-33.994097,29.866251,20.610086,-18.479310,-19.828133,-1.661935,-27.363368,90.000000,
-19.828133,-1.661935,-27.363368,-67.064640,35.808915,-32.621153,-70.537737,-22.738074,-15.731395,-19.828133,-1.661935,-27.363368,90.000000,
-19.828133,-1.661935,-27.363368,14.749324,-27.186990,-33.994097,29.866251,20.610086,-18.479310,-19.828133,-1.661935,-27.363368,90.000000,
-19.828133,-1.661935,-27.363368,-67.064640,35.808915,-32.621153,-70.537737,-22.738074,-15.731395,-19.828133,-1.661935,-27.363368,90.000000,
-19.828133,-1.661935,-27.363368,14.749324,-27.186990,-33.994097,29.866251,20.610086,-18.479310,-19.828133,-1.661935,-27.363368,90.000000,
-19.828133,-1.661935,-27.363368,-67.064640,35.808915,-32.621153,-70.537737,-22.738074,-15.731395,-19.828133,-1.661935,-27.363368,90.000000,
-19.828133,-1.661935,-27.363368,14.749324,-27.186990,-33.994097,29.866251,20.610086,-18.479310,-19.828133,-1.661935,-27.363368,90.000000,
-19.828133,-1.661935,-27.363368,-67.064640,35.808915,-32.621153,-70.537737,-22.738074,-15.731395,-19.828133,-1.661935,-27.363368,90.000000,
-19.828133,-1.661935,-27.363368,14.749324,-27.186990,-33.994097,29.866251,20.610086,-18.479310,-19.828133,-1.661935,-27.363368,90.000000,
-19.828133,-1.661935,-27.363368,-67.064640,35.808915,-32.621153,-70.537737,-22.738074,-15.731395,-19.828133,-1.661935,-27.363368,90.000000,
-19.828133,-1.661935,-27.363368,14.749324,-27.186990,-33.994097,29.866251,20.610086,-18.479310,-19.828133,-1.661935,-27.363368,90.000000,
-19.828133,-1.661935,-27.363368,-67.064640,35.808915,-32.621153,-70.537737,-22.738074,-15.731395,-19.828133,-1.661935,-27.363368,90.000000,
-19.828133,-1.661935,-27.363368,14.749324,-27.186990,-33.994097,29.866251,20.610086,-18.479310,-19.828133,-1.661935,-27.363368,90.000000,
-19.828133,-1.661935,-27.363368,-67.064640,35.808915,-32.621153,-70.537737,-22.738074,-15.731395,-19.828133,-1.661935,-27.363368,90.000000,
-19.828133,-1.661935,-27.363368,14.749324,-27.186990,-33.994097,29.866251,20.610086,-18.479310,-19.828133,-1.661935,-27.363368,90.000000,
-19.828133,-1.661935,-27.363368,-67.064640,35.808915,-32.621153,-70.537737,-22.738074,-15.731395,-19.828133,-1.661935,-27.363368,90.000000,
-19.828133,-1.661935,-27.363368,14.749324,-27.186990,-33.994097,29.866251,20.610086,-18.479310,-19.828133,-1.661935,-27.363368,90.000000,
-19.828133,-1.661935,-27.363368,-67.064640,35.808915,-32.621153,-70.537737,-22.738074,-15.731395,-19.828133,-1.661935,-27.363368,90.000000,
-19.828133,-1.661935,-27.363368,14.749324,-27.186990,-33.994097,29.866251,20.610086,-18.479310,-19.828133,-1.661935,-27.363368,90.000000,
-19.828133,-1.661935,-27.363368,-67.064640,35.808915,-32.621153,-70.537737,-22.738074,-15.731395,-19.828133,-1.661935,-27.363368,90.000000,
-19.828133,-1.661935,-27.363368,14.749324,-27.186990,-33.994097,29.866251,20.610086,-18.479310,-19.828133,-1.661935,-27.363368,90.000000,
-19.828133,-1.661935,-27.363368,-67.064640,35.808915,-32.621153,-70.537737,-22.738074,-15.731395,-19.828133,-1.661935,-27.363368,90.000000,
-19.828133,-1.661935,-27.363368,14.749324,-27.186990,-33.994097,29.866251,20.610086,-18.479310,-19.828133,-1.661935,-27.363368,90.000000,
-19.828133,-1.661935,-27.363368,-67.064640,35.808915,-32.621153,-70.537737,-22.738074,-15.731395,-19.828133,-1.661935,-27.363368,90.000000,
-19.828133,-1.661935,-27.363368,14.749324,-27.186990,-33.994097,29.866251,20.610086,-18.479310,-19.828133,-1.661935,-27.363368,90.000000,
-19.828133,-1.661935,-27.363368,-67.064640,35.808915,-32.621153,-70.537737,-22.738074,-15.731395,-19.828133,-1.661935,-27.363368,90.000000,
-19.828133,-1.661935,-27.363368,14.749324,-27.186990,-33.994097,29.866251,20.610086,-18.479310,-19.828133,-1.661935,-27.363368,90.000000,
-19.828133,-1.661935,-27.363368,-67.064640,35.808915,-32.621153,-70.537737,-22.738074,-15.731395,-19.828133,-1.661935,-27.363368,90.000000,
-19.828133,-1.661935,-27.363368,14.749324,-27.186990,-33.994097,29.866251,20.610086,-18.479310,-19.828133,-1.661935,-27.363368,90.000000,
-19.828133,-1.661935,-27.363368,-67.064640,35.808915,-32.621153,-70.537737,-22.738074,-15.731395,-19.828133,-1.661935,-27.363368,90.000000,
-19.828133,-1.661935,-27.363368,14.749324,-27.186990,-33.994097,29.866251,20.610086,-18.479310,-19.828133,-1.661935,-27.363368,90.000000,
-19.828133,-1.661935,-27.363368,-67.064640,35.808915,-32.621153,-70.537737,-22.738074,-15.731395,-19.828133,-1.661935,-27.363368,90.000000,
-19.828133,-1.661935,-27.363368,14.749324,-27.186990,-33.994097,29.866251,20.610086,-18.479310,-19.828133,-1.661935,-27.363368,90.000000,
-19.828133,-1.661935,-27.363368,-67.064640,35.808915,-32.621153,-70.537737,-22.738074,-15.731395,-19.828133,-1.661935,-27.363368,90.000000,
-19.828133,-1.661935,-27.363368,14.749324,-27.186990,-33.994097,29.866251,20.610086,-18.479310,-19.828133,-1.661935,-27.363368,90.000000,
-19.828133,-1.661935,-27.363368,-67.064640,35.808915,-32.621153,-70.537737,-22.738074,-15.731395,-19.828133,-1.661935,-27.363368,90.000000,
-19.828133,-1.661935,-27.363368,14.749324,-27.186990,-33.994097,29.866251,20.610086,-18.479310,-19.828133,-1.661935,-27.363368,90.000000,
-19.828133,-1.661935,-27.363368,-67.064640,35.808915,-32.621153,-70.537737,-22.738074,-15.731395,-19.828133,-1.661935,-27.363368,90.000000,
-19.828133,-1.661935,-27.363368,14.749324,-27.186990,-33.994097,29.866251,20.610086,-18.479310,-19.828133,-1.661935,-27.363368,90.000000,
-19.828133,-1.661935,-27.363368,-67.064640,35.808915,-32.621153,-70.537737,-22.738074,-15.731395,-19.828133,-1.661935,-27.363368,90.000000,
-19.828133,-1.661935,-27.363368,14.749324,-27.186990,-33.994097,29.866251,20.610086,-18.479310,-19.828133,-1.661935,-27.363368,90.000000,
-19.828133,-1.661935,-27.363368,-67.064640,35.808915,-32.621153,-70.537737,-22.738074,-15.731395,-19.828133,-1.661935,-27.363368,90.000000,
-19.828133,-1.661935,-27.363368,14.749324,-27.186990,-33.994097,29.866251,20.610086,-18.479310,-19.828133,-1.661935,-27.363368,90.000000,
-19.828133,-1.661935,-27.363368,-67.064640,35.808915,-32.621153,-70.537737,-22.738074,-15.731395,-19.828133,-1.661935,-27.363368,90.000000,
-19.828133,-1.661935,-27.363368,14.749324,-27.186990,-33.994097,29.866251,20.610086,-18.479310,-19.828133,-1.661935,-27.363368,90.000000,
-19.828133,-1.661935,-27.363368,-67.064640,35.808915,-32.621153,-70.537737,-22.738074,-15.731395,-19.828133,-1.661935,-27.363368,90.000000,
-19.828133,-1.661935,-27.363368,14.749324,-27.186990,-33.994097,29.866251,20.610086,-18.479310,-19.828133,-1.661935,-27.363368,90.000000,
-19.828133,-1.661935,-27.363368,-67.064640,35.808915,-32.621153,-70.537737,-22.738074,-15.731395,-19.828133,-1.661935,-27.363368,90.000000,
-19.828133,-1.661935,-27.363368,14.749324,-27.186990,-33.994097,29.866251,20.610086,-18.479310,-19.828133,-1.661935,-27.363368,90.000000,
-19.828133,-1.661935,-27.363368,-67.064640,35.808915,-32.621153,-70.537737,-22.738074,-15.731395,-19.828133,-1.661935,-27.363368,90.000000,
-19.828133,-1.661935,-27.363368,14.749324,-27.186990,-33.994097,29.866251,20.610086,-18.479310,-19.828133,-1.661935,-27.363368,90.000000,
-19.828133,-1.661935,-27.363368,-67.064640,35.808915,-32.621153,-70.537737,-22.738074,-15.731395,-19.828133,-1.661935,-27.363368,90.000000,
-19.828133,-1.661935,-27.363368,14.749324,-27.186990,-33.994097,29.866251,20.610086,-18.479310,-19.828133,-1.661935,-27.363368,90.000000,
-19.828133,-1.661935,-27.363368,-67.064640,35.808915,-32.621153,-70.537737,-22.738074,-15.731395,-19.828133,-1.661935,-27.363368,90.000000,
-19.828133,-1.661935,-27.363368,14.749324,-27.186990,-33.994097,29.866251,20.610086,-18.479310,-19.828133,-1.661935,-27.363368,90.000000,
-19.828133,-1.661935,-27.363368,-67.064640,35.808915,-32.621153,-70.537737,-22.738074,-15.731395,-19.828133,-1.661935,-27.363368,90.000000,
-19.828133,-1.661935,-27.363368,14.749324,-27.186990,-33.994097,29.866251,20.610086,-18.479310,-19.828133,-1.661935,-27.363368,90.000000,
-19.828133,-1.661935,-27.363368,-67.064640,35.808915,-32.621153,-70.537737,-22.738074,-15.731395,-19.828133,-1.661935,-27.363368,90.000000,
-19.828133,-1.661935,-27.363368,14.749324,-27.186990,-33.994097,29.866251,20.610086,-18.479310,-19.828133,-1.661935,-27.363368,90.000000,
-19.828133,-1.661935,-27.363368,-67.064640,35.808915,-32.621153,-70.537737,-22.738074,-15.731395,-19.828133,-1.661935,-27.363368,90.000000,
-19.828133,-1.661935,-27.363368,14.749324,-27.186990,-33.994097,29.866251,20.610086,-18.479310,-19.828133,-1.661935,-27.363368,90.000000,
-19.828133,-1.661935,-27.363368,-67.064640,35.808915,-32.621153,-70.537737,-22.738074,-15.731395,-19.828133,-1.661935,-27.363368,90.000000,
-19.828133,-1.661935,-27.363368,14.749324,-27.186990,-33.994097,29.866251,20.610086,-18.479310,-19.828133,-1.661935,-27.363368,90.000000,
-19.828133,-1.661935,-27.363368,-67.064640,35.808915,-32.621153,-70.537737,-22.738074,-15.731395,-19.828133,-1.661935,-27.363368,90.000000,
-19.828133,-1.661935,-27.363368,14.749324,-27.186990,-33.994097,29.866251,20.610086,-18.479310,-19.828133,-1.661935,-27.363368,90.000000,
-19.828133,-1.661935,-27.363368,-67.064640,35.808915,-32.621153,-70.537737,-22.738074,-15.731395,-19.828133,-1.661935,-27.363368,90.000000,
-19.828133,-1.661935,-27.363368,14.749324,-27.186990,-33.994097,29.866251,20.610086,-18.479310,-19.828133,-1.661935,-27.363368,90.000000,
-19.828133,-1.661935,-27.363368,-67.064640,35.808915,-32.621153,-70.537737,-22.738074,-15.731395,-19.828133,-1.661935,-27.363368,90.000000,
-19.828133,-1.661935,-27.363368,14.749324,-27.186990,-33.994097,29.866251,20.610086,-18.479310,-19.828133,-1.661935,-27.363368,90.000000,
-19.828133,-1.661935,-27.363368,-67.064640,35.808915,-32.621153,-70.537737,-22.738074,-15.731395,-19.828133,-1.661935,-27.363368,90.000000,
-19.828133,-1.661935,-27.363368,14.749324,-27.186990,-33.994097,29.866251,20.610086,-18.479310,-19.828133,-1.661935,-27.363368,90.000000,
-19.828133,-1.661935,-27.363368,-67.064640,35.808915,-32.621153,-70.537737,-22.738074,-15.731395,-19.828133,-1.661935,-27.363368,90.000000,
-19.828133,-1.661935,-27.363368,14.749324,-27.186990,-33.994097,29.866251,20.610086,-18.479310,-19.828133,-1.661935,-27.363368,90.000000,
-19.828133,-1.661935,-27.363368,-67.064640,35.808915,-32.621153,-70.537737,-22.738074,-15.731395,-19.828133,-1.661935,-27.363368,90.000000,
-19.828133,-1.661935,-27.363368,14.749324,-27.186990,-33.994097,29.866251,20.610086,-18.479310,-19.828133,-1.661935,-27.363368,90.000000,
-19.828133,-1.661935,-27.363368,-67.064640,35.808915,-32.621153,-70.537737,-22.738074,-15.731395,-19.828133,-1.661935,-27.363368,90.000000,
-19.828133,-1.661935,-27.363368,14.749324,-27.186990,-33.994097,29.866251,20.610086,-18.479310,-19.828133,-1.661935,-27.363368,90.000000,
-19.828133,-1.661935,-27.363368,-67.064640,35.808915,-32.621153,-70.537737,-22.738074,-15.731395,-19.828133,-1.661935,-27.363368,90.000000,
-19.828133,-1.661935,-27.363368,14.749324,-27.186990,-33.994097,29.866251,20.610086,-18.479310,-19.828133,-1.661935,-27.363368,90.000000,
-19.828133,-1.661935,-27.363368,-67.064640,35.808915,-32.621153,-70.537737,-22.738074,-15.731395,-19.828133,-1.661935,-27.363368,90.000000,
-19.828133,-1.661935,-27.363368,14.749324,-27.186990,-33.994097,29.866251,20.610086,-18.479310,-19.828133,-1.661935,-27.363368,90.000000,
-19.828133,-1.661935,-27.363368,-67.064640,35.808915,-32.621153,-70.537737,-22.738074,-15.731395,-19.828133,-1.661935,-27.363368,90.000000,
-19.828133,-1.661935,-27.363368,14.749324,-27.186990,-33.994097,29.866251,20.610086,-18.479310,-19.828133,-1.661935,-27.363368,90.000000,
-19.828133,-1.661935,-27.363368,-67.064640,35.808915,-32.621153,-70.537737,-22.738074,-15.731395,-19.828133,-1.661935,-27.363368,90.000000,
-19.828133,-1.661935,-27.363368,14.749324,-27.186990,-33.994097,29.866251,20.610086,-18.479310,-19.828133,-1.661935,-27.363368,90.000000,
-19.828133,-1.661935,-27.363368,-67.064640,35.808915,-32.621153,-70.537737,-22.738074,-15.731395,-19.828133,-1.661935,-27.363368,90.000000,
-19.828133,-1.661935,-27.363368,14.749324,-27.186990,-33.994097,29.866251,20.610086,-18.479310,-19.828133,-1.661935,-27.363368,90.000000,
-19.828133,-1.661935,-27.363368,-67.064640,35.808915,-32.621153,-70.537737,-22.738074,-15.731395,-19.828133,-1.661935,-27.363368,90.000000,
-19.828133,-1.661935,-27.363368,14.749324,-27.186990,-33.994097,29.866251,20.610086,-18.479310,-19.828133,-1.661935,-27.363368,90.000000,
-19.828133,-1.661935,-27.363368,-67.064640,35.808915,-32.621153,-70.537737,-22.738074,-15.731395,-19.828133,-1.661935,-27.363368,90.000000,
-19.828133,-1.661935,-27.363368,14.749324,-27.186990,-33.994097,29.866251,20.610086,-18.479310,-19.828133,-1.661935,-27.363368,90.000000,
-19.828133,-1.661935,-27.363368,-67.064640,35.808915,-32.621153,-70.537737,-22.738074,-15.731395,-19.828133,-1.661935,-27.363368,90.000000,
-19.828133,-1.661935,-27.363368,14.749324,-27.186990,-33.994097,29.866251,20.610086,-18.479310,-19.828133,-1.661935,-27.363368,90.000000,
-19.828133,-1.661935,-27.363368,-67.064640,35.808915,-32.621153,-70.537737,-22.738074,-15.731395,-19.828133,-1.661935,-27.363368,90.000000,
-19.828133,-1.661935,-27.363368,14.749324,-27.186990,-33.994097,29.866251,20.610086,-18.479310,-19.828133,-1.661935,-27.363368,90.000000,
-19.828133,-1.661935,-27.363368,-67.064640,35.808915,-32.621153,-70.537737,-22.738074,-15.731395,-19.828133,-1.661935,-27.363368,90.000000,
-19.828133,-1.661935,-27.363368,14.749324,-27.186990,-33.994097,29.866251,20.610086,-18.479310,-19.828133,-1.661935,-27.363368,90.000000,
-19.828133,-1.661935,-27.363368,-67.064640,35.808915,-32.621153,-70.537737,-22.738074,-15.731395,-19.828133,-1.661935,-27.363368,90.000000,
-19.828133,-1.661935,-27.363368,14.749324,-27.186990,-33.994097,29.866251,20.610086,-18.479310,-19.828133,-1.661935,-27.363368,90.000000,
-19.828133,-1.661935,-27.363368,-67.064640,35.808915,-32.621153,-70.537737,-22.738074,-15.731395,-19.828133,-1.661935,-27.363368,90.000000,
-19.828133,-1.661935,-27.363368,14.749324,-27.186990,-33.994097,29.866251,20.610086,-18.479310,-19.828133,-1.661935,-27.363368,90.000000,
-19.828133,-1.661935,-27.363368,-67.064640,35.808915,-32.621153,-70.537737,-22.738074,-15.731395,-19.828133,-1.661935,-27.363368,90.000000,
-19.828133,-1.661935,-27.363368,14.749324,-27.186990,-33.994097,29.866251,20.610086,-18.479310,-19.828133,-1.661935,-27.363368,90.000000,
-19.828133,-1.661935,-27.363368,-67.064640,35.808915,-32.621153,-70.537737,-22.738074,-15.731395,-19.828133,-1.661935,-27.363368,90.000000,
-19.828133,-1.661935,-27.363368,14.749324,-27.186990,-33.994097,29.866251,20.610086,-18.479310,-19.828133,-1.661935,-27.363368,90.000000,
-19.828133,-1.661935,-27.363368,-67.064640,35.808915,-32.621153,-70.537737,-22.738074,-15.731395,-19.828133,-1.661935,-27.363368,90.000000,
-19.828133,-1.661935,-27.363368,14.749324,-27.186990,-33.994097,29.866251,20.610086,-18.479310,-19.828133,-1.661935,-27.363368,90.000000,
-19.828133,-1.661935,-27.363368,-67.064640,35.808915,-32.621153,-70.537737,-22.738074,-15.731395,-19.828133,-1.661935,-27.363368,90.000000,
-19.828133,-1.661935,-27.363368,14.749324,-27.186990,-33.994097,29.866251,20.610086,-18.479310,-19.828133,-1.661935,-27.363368,90.000000,
-19.828133,-1.661935,-27.363368,-67.064640,35.808915,-32.621153,-70.537737,-22.738074,-15.731395,-19.828133,-1.661935,-27.363368,90.000000,
-19.828133,-1.661935,-27.363368,14.749324,-27.186990,-33.994097,29.866251,20.610086,-18.479310,-19.828133,-1.661935,-27.363368,90.000000,
-19.828133,-1.661935,-27.363368,-67.064640,35.808915,-32.621153,-70.537737,-22.738074,-15.731395,-19.828133,-1.661935,-27.363368,90.000000,
-19.828133,-1.661935,-27.363368,14.749324,-27.186990,-33.994097,29.866251,20.610086,-18.479310,-19.828133,-1.661935,-27.363368,90.000000,
-19.828133,-1.661935,-27.363368,-67.064640,35.808915,-32.621153,-70.537737,-22.738074,-15.731395,-19.828133,-1.661935,-27.363368,90.000000,
-19.828133,-1.661935,-27.363368,14.749324,-27.186990,-33.994097,29.866251,20.610086,-18.479310,-19.828133,-1.661935,-27.363368,90.000000,
-19.828133,-1.661935,-27.363368,-67.064640,35.808915,-32.621153,-70.537737,-22.738074,-15.731395,-19.828133,-1.661935,-27.363368,90.000000,
-19.828133,-1.661935,-27.363368,14.749324,-27.186990,-33.994097,29.866251,20.610086,-18.479310,-19.828133,-1.661935,-27.363368,90.000000,
-19.828133,-1.661935,-27.363368,-67.064640,35.808915,-32.621153,-70.537737,-22.738074,-15.731395,-19.828133,-1.661935,-27.363368,90.000000,
-19.828133,-1.661935,-27.363368,14.749324,-27.186990,-33.994097,29.866251,20.610086,-18.479310,-19.828133,-1.661935,-27.363368,90.000000,
-19.828133,-1.661935,-27.363368,-67.064640,35.808915,-32.621153,-70.537737,-22.738074,-15.731395,-19.828133,-1.661935,-27.363368,90.000000,
-19.828133,-1.661935,-27.363368,14.749324,-27.186990,-33.994097,29.866251,20.610086,-18.479310,-19.828133,-1.661935,-27.363368,90.000000,
-19.828133,-1.661935,-27.363368,-67.064640,35.808915,-32.621153,-70.537737,-22.738074,-15.731395,-19.828133,-1.661935,-27.363368,90.000000,
-19.828133,-1.661935,-27.363368,14.749324,-27.186990,-33.994097,29.866251,20.610086,-18.479310,-19.828133,-1.661935,-27.363368,90.000000,
-19.828133,-1.661935,-27.363368,-67.064640,35.808915,-32.621153,-70.537737,-22.738074,-15.731395,-19.828133,-1.661935,-27.363368,90.000000,
-19.828133,-1.661935,-27.363368,14.749324,-27.186990,-33.994097,29.866251,20.610086,-18.479310,-19.828133,-1.661935,-27.363368,90.000000,
-19.828133,-1.661935,-27.363368,-67.064640,35.808915,-32.621153,-70.537737,-22.738074,-15.731395,-19.828133,-1.661935,-27.363368,90.000000,
-19.828133,-1.661935,-27.363368,14.749324,-27.186990,-33.994097,29.866251,20.610086,-18.479310,-19.828133,-1.661935,-27.363368,90.000000,
-19.828133,-1.661935,-27.363368,-67.064640,35.808915,-32.621153,-70.537737,-22.738074,-15.731395,-19.828133,-1.661935,-27.363368,90.000000,
-19.828133,-1.661935,-27.363368,14.749324,-27.186990,-33.994097,29.866251,20.610086,-18.479310,-19.828133,-1.661935,-27.363368,90.000000,
-19.828133,-1.661935,-27.363368,-67.064640,35.808915,-32.621153,-70.537737,-22.738074,-15.731395,-19.828133,-1.661935,-27.363368,90.000000,
-19.828133,-1.661935,-27.363368,14.749324,-27.186990,-33.994097,29.866251,20.610086,-18.479310,-19.828133,-1.661935,-27.363368,90.000000,
-19.828133,-1.661935,-27.363368,-67.064640,35.808915,-32.621153,-70.537737,-22.738074,-15.731395,-19.828133,-1.661935,-27.363368,90.000000,
-19.828133,-1.661935,-27.363368,14.749324,-27.186990,-33.994097,29.866251,20.610086,-18.479310,-19.828133,-1.661935,-27.363368,90.000000,
-19.828133,-1.661935,-27.363368,-67.064640,35.808915,-32.621153,-70.537737,-22.738074,-15.731395,-19.828133,-1.661935,-27.363368,90.000000,
-19.828133,-1.661935,-27.363368,14.749324,-27.186990,-33.994097,29.866251,20.610086,-18.479310,-19.828133,-1.661935,-27.363368,90.000000,
-19.828133,-1.661935,-27.363368,-67.064640,35.808915,-32.621153,-70.537737,-22.738074,-15.731395,-19.828133,-1.661935,-27.363368,90.000000,
-19.828133,-1.661935,-27.363368,14.749324,-27.186990,-33.994097,29.866251,20.610086,-18.479310,-19.828133,-1.661935,-27.363368,90.000000,
-19.828133,-1.661935,-27.363368,-67.064640,35.808915,-32.621153,-70.537737,-22.738074,-15.731395,-19.828133,-1.661935,-27.363368,90.000000,
-19.828133,-1.661935,-27.363368,14.749324,-27.186990,-33.994097,29.866251,20.610086,-18.479310,-19.828133,-1.661935,-27.363368,90.000000,
-19.828133,-1.661935,-27.363368,-67.064640,35.808915,-32.621153,-70.537737,-22.738074,-15.731395,-19.828133,-1.661935,-27.363368,90.000000,
-19.828133,-1.661935,-27.363368,14.749324,-27.186990,-33.994097,29.866251,20.610086,-18.479310,-19.828133,-1.661935,-27.363368,90.000000,
-19.828133,-1.661935,-27.363368,-67.064640,35.808915,-32.621153,-70.537737,-22.738074,-15.731395,-19.828133,-1.661935,-27.363368,90.000000,
-19.828133,-1.661935,-27.363368,14.749324,-27.186990,-33.994097,29.866251,20.610086,-18.479310,-19.828133,-1.661935,-27.363368,90.000000,
-19.828133,-1.661935,-27.363368,-67.064640,35.808915,-32.621153,-70.537737,-22.738074,-15.731395,-19.828133,-1.661935,-27.363368,90.000000,
-19.828133,-1.661935,-27.363368,14.749324,-27.186990,-33.994097,29.866251,20.610086,-18.479310,-19.828133,-1.661935,-27.363368,90.000000,
-19.828133,-1.661935,-27.363368,-67.064640,35.808915,-32.621153,-70.537737,-22.738074,-15.731395,-19.828133,-1.661935,-27.363368,90.000000,
-19.828133,-1.661935,-27.363368,14.749324,-27.186990,-33.994097,29.866251,20.610086,-18.479310,-19.828133,-1.661935,-27.363368,90.000000,
-19.828133,-1.661935,-27.363368,-67.064640,35.808915,-32.621153,-70.537737,-22.738074,-15.731395,-19.828133,-1.661935,-27.363368,90.000000,
-19.828133,-1.661935,-27.363368,14.749324,-27.186990,-33.994097,29.866251,20.610086,-18.479310,-19.828133,-1.661935,-27.363368,90.000000,
-19.828133,-1.661935,-27.363368,-67.064640,35.808915,-32.621153,-70.537737,-22.738074,-15.731395,-19.828133,-1.661935,-27.363368,90.000000,
-19.828133,-1.661935,-27.363368,14.749324,-27.186990,-33.994097,29.866251,20.610086,-18.479310,-19.828133,-1.661935,-27.363368,90.000000,
-19.828133,-1.661935,-27.363368,-67.064640,35.808915,-32.621153,-70.537737,-22.738074,-15.731395,-19.828133,-1.661935,-27.363368,90.000000,
-19.828133,-1.661935,-27.363368,14.749324,-27.186990,-33.994097,29.866251,20.610086,-18.479310,-19.828133,-1.661935,-27.363368,90.000000,
-19.828133,-1.661935,-27.363368,-67.064640,35.808915,-32.621153,-70.537737,-22.738074,-15.731395,-19.828133,-1.661935,-27.363368,90.000000,
-19.828133,-1.661935,-27.363368,14.749324,-27.186990,-33.994097,29.866251,20.610086,-18.479310,-19.828133,-1.661935,-27.363368,90.000000,
-19.828133,-1.661935,-27.363368,-67.064640,35.808915,-32.621153,-70.537737,-22.738074,-15.731395,-19.828133,-1.661935,-27.363368,90.000000,
-19.828133,-1.661935,-27.363368,14.749324,-27.186990,-33.994097,29.866251,20.610086,-18.479310,-19.828133,-1.661935,-27.363368,90.000000,
-19.828133,-1.661935,-27.363368,-67.064640,35.808915,-32.621153,-70.537737,-22.738074,-15.731395,-19.828133,-1.661935,-27.363368,90.000000,
-19.828133,-1.661935,-27.363368,14.749324,-27.186990,-33.994097,29.866251,20.610086,-18.479310,-19.828133,-1.661935,-27.363368,90.000000,
-19.828133,-1.661935,-27.363368,-67.064640,35.808915,-32.621153,-70.537737,-22.738074,-15.731395,-19.828133,-1.661935,-27.363368,90.000000,
-19.828133,-1.661935,-27.363368,14.749324,-27.186990,-33.994097,29.866251,20.610086,-18.479310,-19.828133,-1.661935,-27.363368,90.000000,
-19.828133,-1.661935,-27.363368,-67.064640,35.808915,-32.621153,-70.537737,-22.738074,-15.731395,-19.828133,-1.661935,-27.363368,90.000000,
-19.828133,-1.661935,-27.363368,14.749324,-27.186990,-33.994097,29.866251,20.610086,-18.479310,-19.828133,-1.661935,-27.363368,90.000000,
-19.828133,-1.661935,-27.363368,-67.064640,35.808915,-32.621153,-70.537737,-22.738074,-15.731395,-19.828133,-1.661935,-27.363368,90.000000,
-19.828133,-1.661935,-27.363368,14.749324,-27.186990,-33.994097,29.866251,20.610086,-18.479310,-19.828133,-1.661935,-27.363368,90.000000,
-19.828133,-1.661935,-27.363368,-67.064640,35.808915,-32.621153,-70.537737,-22.738074,-15.731395,-19.828133,-1.661935,-27.363368,90.000000,
-19.828133,-1.661935,-27.363368,14.749324,-27.186990,-33.994097,29.866251,20.610086,-18.479310,-19.828133,-1.661935,-27.363368,90.000000,
-19.828133,-1.661935,-27.363368,-67.064640,35.808915,-32.621153,-70.537737,-22.738074,-15.731395,-19.828133,-1.661935,-27.363368,90.000000,
-19.828133,-1.661935,-27.363368,14.749324,-27.186990,-33.994097,29.866251,20.610086,-18.479310,-19.828133,-1.661935,-27.363368,90.000000,
-19.828133,-1.661935,-27.363368,-67.064640,35.808915,-32.621153,-70.537737,-22.738074,-15.731395,-19.828133,-1.661935,-27.363368,90.000000,
-19.828133,-1.661935,-27.363368,14.749324,-27.186990,-33.994097,29.866251,20.610086,-18.479310,-19.828133,-1.661935,-27.363368,90.000000,
-19.828133,-1.661935,-27.363368,-67.064640,35.808915,-32.621153,-70.537737,-22.738074,-15.731395,-19.828133,-1.661935,-27.363368,90.000000,
-19.828133,-1.661935,-27.363368,14.749324,-27.186990,-33.994097,29.866251,20.610086,-18.479310,-19.828133,-1.661935,-27.363368,90.000000,
-19.828133,-1.661935,-27.363368,-67.064640,35.808915,-32.621153,-70.537737,-22.738074,-15.731395,-19.828133,-1.661935,-27.363368,90.000000,
-19.828133,-1.661935,-27.363368,14.749324,-27.186990,-33.994097,29.866251,20.610086,-18.479310,-19.828133,-1.661935,-27.363368,90.000000,
-19.828133,-1.661935,-27.363368,-67.064640,35.808915,-32.621153,-70.537737,-22.738074,-15.731395,-19.828133,-1.661935,-27.363368,90.000000,
-19.828133,-1.661935,-27.363368,14.749324,-27.186990,-33.994097,29.866251,20.610086,-18.479310,-19.828133,-1.661935,-27.363368,90.000000,
-19.828133,-1.661935,-27.363368,-67.064640,35.808915,-32.621153,-70.537737,-22.738074,-15.731395,-19.828133,-1.661935,-27.363368,90.000000,
-19.828133,-1.661935,-27.363368,14.749324,-27.186990,-33.994097,29.866251,20.610086,-18.479310,-19.828133,-1.661935,-27.363368,90.000000,
-19.828133,-1.661935,-27.363368,-67.064640,35.808915,-32.621153,-70.537737,-22.738074,-15.731395,-19.828133,-1.661935,-27.363368,90.000000,
-19.828133,-1.661935,-27.363368,14.749324,-27.186990,-33.994097,29.866251,20.610086,-18.479310,-19.828133,-1.661935,-27.363368,90.000000,
-19.828133,-1.661935,-27.363368,-67.064640,35.808915,-32.621153,-70.537737,-22.738074,-15.731395,-19.828133,-1.661935,-27.363368,90.000000,
-19.828133,-1.661935,-27.363368,14.749324,-27.186990,-33.994097,29.866251,20.610086,-18.479310,-19.828133,-1.661935,-27.363368,90.000000,
-19.828133,-1.661935,-27.363368,-67.064640,35.808915,-32.621153,-70.537737,-22.738074,-15.731395,-19.828133,-1.661935,-27.363368,90.000000,
-19.828133,-1.661935,-27.363368,14.749324,-27.186990,-33.994097,29.866251,20.610086,-18.479310,-19.828133,-1.661935,-27.363368,90.000000,
-19.828133,-1.661935,-27.363368,-67.064640,35.808915,-32.621153,-70.537737,-22.738074,-15.731395,-19.828133,-1.661935,-27.363368,90.000000,
-19.828133,-1.661935,-27.363368,14.749324,-27.186990,-33.994097,29.866251,20.610086,-18.479310,-19.828133,-1.661935,-27.363368,90.000000,
-19.828133,-1.661935,-27.363368,-67.064640,35.808915,-32.621153,-70.537737,-22.738074,-15.731395,-19.828133,-1.661935,-27.363368,90.000000,
-19.828133,-1.661935,-27.363368,14.749324,-27.186990,-33.994097,29.866251,20.610086,-18.479310,-19.828133,-1.661935,-27.363368,90.000000,
-19.828133,-1.661935,-27.363368,-67.064640,35.808915,-32.621153,-70.537737,-22.738074,-15.731395,-19.828133,-1.661935,-27.363368,90.000000,
-19.828133,-1.661935,-27.363368,14.749324,-27.186990,-33.994097,29.866251,20.610086,-18.479310,-19.828133,-1.661935,-27.363368,90.000000,
-19.828133,-1.661935,-27.363368,-67.064640,35.808915,-32.621153,-70.537737,-22.738074,-15.731395,-19.828133,-1.661935,-27.363368,90.000000,
-19.828133,-1.661935,-27.363368,14.749324,-27.186990,-33.994097,29.866251,20.610086,-18.479310,-19.828133,-1.661935,-27.363368,90.000000,
-19.828133,-1.661935,-27.363368,-67.064640,35.808915,-32.621153,-70.537737,-22.738074,-15.731395,-19.828133,-1.661935,-27.363368,90.000000,
-19.828133,-1.661935,-27.363368,14.749324,-27.186990,-33.994097,29.866251,20.610086,-18.479310,-19.828133,-1.661935,-27.363368,90.000000,
-19.828133,-1.661935,-27.363368,-67.064640,35.808915,-32.621153,-70.537737,-22.738074,-15.731395,-19.828133,-1.661935,-27.363368,90.000000,
-19.828133,-1.661935,-27.363368,14.749324,-27.186990,-33.994097,29.866251,20.610086,-18.479310,-19.828133,-1.661935,-27.363368,90.000000,
-19.828133,-1.661935,-27.363368,-67.064640,35.808915,-32.621153,-70.537737,-22.738074,-15.731395,-19.828133,-1.661935,-27.363368,90.000000,
-19.828133,-1.661935,-27.363368,14.749324,-27.186990,-33.994097,29.866251,20.610086,-18.479310,-19.828133,-1.661935,-27.363368,90.000000,
-19.828133,-1.661935,-27.363368,-67.064640,35.808915,-32.621153,-70.537737,-22.738074,-15.731395,-19.828133,-1.661935,-27.363368,90.000000,
-19.828133,-1.661935,-27.363368,14.749324,-27.186990,-33.994097,29.866251,20.610086,-18.479310,-19.828133,-1.661935,-27.363368,90.000000,
-19.828133,-1.661935,-27.363368,-67.064640,35.808915,-32.621153,-70.537737,-22.738074,-15.731395,-19.828133,-1.661935,-27.363368,90.000000,
-19.828133,-1.661935,-27.363368,14.749324,-27.186990,-33.994097,29.866251,20.610086,-18.479310,-19.828133,-1.661935,-27.363368,90.000000,
-19.828133,-1.661935,-27.363368,-67.064640,35.808915,-32.621153,-70.537737,-22.738074,-15.731395,-19.828133,-1.661935,-27.363368,90.000000,
-19.828133,-1.661935,-27.363368,14.749324,-27.186990,-33.994097,29.866251,20.610086,-18.479310,-19.828133,-1.661935,-27.363368,90.000000,
-19.828133,-1.661935,-27.363368,-67.064640,35.808915,-32.621153,-70.537737,-22.738074,-15.731395,-19.828133,-1.661935,-27.363368,90.000000,
-19.828133,-1.661935,-27.363368,14.749324,-27.186990,-33.994097,29.866251,20.610086,-18.479310,-19.828133,-1.661935,-27.363368,90.000000,
-19.828133,-1.661935,-27.363368,-67.064640,35.808915,-32.621153,-70.537737,-22.738074,-15.731395,-19.828133,-1.661935,-27.363368,90.000000,
-19.828133,-1.661935,-27.363368,14.749324,-27.186990,-33.994097,29.866251,20.610086,-18.479310,-19.828133,-1.661935,-27.363368,90.000000,
-19.828133,-1.661935,-27.363368,-67.064640,35.808915,-32.621153,-70.537737,-22.738074,-15.731395,-19.828133,-1.661935,-27.363368,90.000000,
-19.828133,-1.661935,-27.363368,14.749324,-27.186990,-33.994097,29.866251,20.610086,-18.479310,-19.828133,-1.661935,-27.363368,90.000000,
-19.828133,-1.661935,-27.363368,-67.064640,35.808915,-32.621153,-70.537737,-22.738074,-15.731395,-19.828133,-1.661935,-27.363368,90.000000,
-19.828133,-1.661935,-27.363368,14.749324,-27.186990,-33.994097,29.866251,20.610086,-18.479310,-19.828133,-1.661935,-27.363368,90.000000,
-19.828133,-1.661935,-27.363368,-67.064640,35.808915,-32.621153,-70.537737,-22.738074,-15.731395,-19.828133,-1.661935,-27.363368,90.000000,
-19.828133,-1.661935,-27.363368,14.749324,-27.186990,-33.994097,29.866251,20.610086,-18.479310,-19.828133,-1.661935,-27.363368,90.000000,
-19.828133,-1.661935,-27.363368,-67.064640,35.808915,-32.621153,-70.537737,-22.738074,-15.731395,-19.828133,-1.661935,-27.363368,90.000000,
-19.828133,-1.661935,-27.363368,14.749324,-27.186990,-33.994097,29.866251,20.610086,-18.479310,-19.828133,-1.661935,-27.363368,90.000000,
-19.828133,-1.661935,-27.363368,-67.064640,35.808915,-32.621153,-70.537737,-22.738074,-15.731395,-19.828133,-1.661935,-27.363368,90.000000,
-19.828133,-1.661935,-27.363368,14.749324,-27.186990,-33.994097,29.866251,20.610086,-18.479310,-19.828133,-1.661935,-27.363368,90.000000,
-19.828133,-1.661935,-27.363368,-67.064640,35.808915,-32.621153,-70.537737,-22.738074,-15.731395,-19.828133,-1.661935,-27.363368,90.000000,
-19.828133,-1.661935,-27.363368,14.749324,-27.186990,-33.994097,29.866251,20.610086,-18.479310,-19.828133,-1.661935,-27.363368,90.000000,
-19.828133,-1.661935,-27.363368,-67.064640,35.808915,-32.621153,-70.537737,-22.738074,-15.731395,-19.828133,-1.661935,-27.363368,90.000000,
-19.828133,-1.661935,-27.363368,14.749324,-27.186990,-33.994097,29.866251,20.610086,-18.479310,-19.828133,-1.661935,-27.363368,90.000000,
-19.828133,-1.661935,-27.363368,-67.064640,35.808915,-32.621153,-70.537737,-22.738074,-15.731395,-19.828133,-1.661935,-27.363368,90.000000,
-19.828133,-1.661935,-27.363368,14.749324,-27.186990,-33.994097,29.866251,20.610086,-18.479310,-19.828133,-1.661935,-27.363368,90.000000,
-19.828133,-1.661935,-27.363368,-67.064640,35.808915,-32.621153,-70.537737,-22.738074,-15.731395,-19.828133,-1.661935,-27.363368,90.000000,
-19.828133,-1.661935,-27.363368,14.749324,-27.186990,-33.994097,29.866251,20.610086,-18.479310,-19.828133,-1.661935,-27.363368,90.000000,
-19.828133,-1.661935,-27.363368,-67.064640,35.808915,-32.621153,-70.537737,-22.738074,-15.731395,-19.828133,-1.661935,-27.363368,90.000000,
-19.828133,-1.661935,-27.363368,14.749324,-27.186990,-33.994097,29.866251,20.610086,-18.479310,-19.828133,-1.661935,-27.363368,90.000000,
-19.828133,-1.661935,-27.363368,-67.064640,35.808915,-32.621153,-70.537737,-22.738074,-15.731395,-19.828133,-1.661935,-27.363368,90.000000,
-19.828133,-1.661935,-27.363368,14.749324,-27.186990,-33.994097,29.866251,20.610086,-18.479310,-19.828133,-1.661935,-27.363368,90.000000,
-19.828133,-1.661935,-27.363368,-67.064640,35.808915,-32.621153,-70.537737,-22.738074,-15.731395,-19.828133,-1.661935,-27.363368,90.000000,
-19.828133,-1.661935,-27.363368,14.749324,-27.186990,-33.994097,29.866251,20.610086,-18.479310,-19.828133,-1.661935,-27.363368,90.000000,
-19.828133,-1.661935,-27.363368,-67.064640,35.808915,-32.621153,-70.537737,-22.738074,-15.731395,-19.828133,-1.661935,-27.363368,90.000000,
-19.828133,-1.661935,-27.363368,14.749324,-27.186990,-33.994097,29.866251,20.610086,-18.479310,-19.828133,-1.661935,-27.363368,90.000000,
-19.828133,-1.661935,-27.363368,-67.064640,35.808915,-32.621153,-70.537737,-22.738074,-15.731395,-19.828133,-1.661935,-27.363368,90.000000,
-19.828133,-1.661935,-27.363368,14.749324,-27.186990,-33.994097,29.866251,20.610086,-18.479310,-19.828133,-1.661935,-27.363368,90.000000,
-19.828133,-1.661935,-27.363368,-67.064640,35.808915,-32.621153,-70.537737,-22.738074,-15.731395,-19.828133,-1.661935,-27.363368,90.000000,
-19.828133,-1.661935,-27.363368,14.749324,-27.186990,-33.994097,29.866251,20.610086,-18.479310,-19.828133,-1.661935,-27.363368,90.000000,
-19.828133,-1.661935,-27.363368,-67.064640,35.808915,-32.621153,-70.537737,-22.738074,-15.731395,-19.828133,-1.661935,-27.363368,90.000000,
-19.828133,-1.661935,-27.363368,14.749324,-27.186990,-33.994097,29.866251,20.610086,-18.479310,-19.828133,-1.661935,-27.363368,90.000000,
-19.828133,-1.661935,-27.363368,-67.064640,35.808915,-32.621153,-70.537737,-22.738074,-15.731395,-19.828133,-1.661935,-27.363368,90.000000,
-19.828133,-1.661935,-27.363368,14.749324,-27.186990,-33.994097,29.866251,20.610086,-18.479310,-19.828133,-1.661935,-27.363368,90.000000,
-19.828133,-1.661935,-27.363368,-67.064640,35.808915,-32.621153,-70.537737,-22.738074,-15.731395,-19.828133,-1.661935,-27.363368,90.000000,
-19.828133,-1.661935,-27.363368,14.749324,-27.186990,-33.994097,29.866251,20.610086,-18.479310,-19.828133,-1.661935,-27.363368,90.000000,
-19.828133,-1.661935,-27.363368,-67.064640,35.808915,-32.621153,-70.537737,-22.738074,-15.731395,-19.828133,-1.661935,-27.363368,90.000000,
-19.828133,-1.661935,-27.363368,14.749324,-27.186990,-33.994097,29.866251,20.610086,-18.479310,-19.828133,-1.661935,-27.363368,90.000000,
-19.828133,-1.661935,-27.363368,-67.064640,35.808915,-32.621153,-70.537737,-22.738074,-15.731395,-19.828133,-1.661935,-27.363368,90.000000,
-19.828133,-1.661935,-27.363368,14.749324,-27.186990,-33.994097,29.866251,20.610086,-18.479310,-19.828133,-1.661935,-27.363368,90.000000,
-19.828133,-1.661935,-27.363368,-67.064640,35.808915,-32.621153,-70.537737,-22.738074,-15.731395,-19.828133,-1.661935,-27.363368,90.000000,
-19.828133,-1.661935,-27.363368,14.749324,-27.186990,-33.994097,29.866251,20.610086,-18.479310,-19.828133,-1.661935,-27.363368,90.000000,
-19.828133,-1.661935,-27.363368,-67.064640,35.808915,-32.621153,-70.537737,-22.738074,-15.731395,-19.828133,-1.661935,-27.363368,90.000000,
-19.828133,-1.661935,-27.363368,14.749324,-27.186990,-33.994097,29.866251,20.610086,-18.479310,-19.828133,-1.661935,-27.363368,90.000000,
-19.828133,-1.661935,-27.363368,-67.064640,35.808915,-32.621153,-70.537737,-22.738074,-15.731395,-19.828133,-1.661935,-27.363368,90.000000,
-19.828133,-1.661935,-27.363368,14.749324,-27.186990,-33.994097,29.866251,20.610086,-18.479310,-19.828133,-1.661935,-27.363368,90.000000,
-19.828133,-1.661935,-27.363368,-67.064640,35.808915,-32.621153,-70.537737,-22.738074,-15.731395,-19.828133,-1.661935,-27.363368,90.000000,
-19.828133,-1.661935,-27.363368,14.749324,-27.186990,-33.994097,29.866251,20.610086,-18.479310,-19.828133,-1.661935,-27.363368,90.000000,
-19.828133,-1.661935,-27.363368,-67.064640,35.808915,-32.621153,-70.537737,-22.738074,-15.731395,-19.828133,-1.661935,-27.363368,90.000000,
-19.828133,-1.661935,-27.363368,14.749324,-27.186990,-33.994097,29.866251,20.610086,-18.479310,-19.828133,-1.661935,-27.363368,90.000000,
-19.828133,-1.661935,-27.363368,-67.064640,35.808915,-32.621153,-70.537737,-22.738074,-15.731395,-19.828133,-1.661935,-27.363368,90.000000,
-19.828133,-1.661935,-27.363368,14.749324,-27.186990,-33.994097,29.866251,20.610086,-18.479310,-19.828133,-1.661935,-27.363368,90.000000,
-19.828133,-1.661935,-27.363368,-67.064640,35.808915,-32.621153,-70.537737,-22.738074,-15.731395,-19.828133,-1.661935,-27.363368,90.000000,
-19.828133,-1.661935,-27.363368,14.749324,-27.186990,-33.994097,29.866251,20.610086,-18.479310,-19.828133,-1.661935,-27.363368,90.000000,
-19.828133,-1.661935,-27.363368,-67.064640,35.808915,-32.621153,-70.537737,-22.738074,-15.731395,-19.828133,-1.661935,-27.363368,90.000000,
-19.828133,-1.661935,-27.363368,14.749324,-27.186990,-33.994097,29.866251,20.610086,-18.479310,-19.828133,-1.661935,-27.363368,90.000000,
-19.828133,-1.661935,-27.363368,-67.064640,35.808915,-32.621153,-70.537737,-22.738074,-15.731395,-19.828133,-1.661935,-27.363368,90.000000,
-19.828133,-1.661935,-27.363368,14.749324,-27.186990,-33.994097,29.866251,20.610086,-18.479310,-19.828133,-1.661935,-27.363368,90.000000,
-19.828133,-1.661935,-27.363368,-67.064640,35.808915,-32.621153,-70.537737,-22.738074,-15.731395,-19.828133,-1.661935,-27.363368,90.000000,
-19.828133,-1.661935,-27.363368,14.749324,-27.186990,-33.994097,29.866251,20.610086,-18.479310,-19.828133,-1.661935,-27.363368,90.000000,
-19.828133,-1.661935,-27.363368,-67.064640,35.808915,-32.621153,-70.537737,-22.738074,-15.731395,-19.828133,-1.661935,-27.363368,90.000000,
-19.828133,-1.661935,-27.363368,14.749324,-27.186990,-33.994097,29.866251,20.610086,-18.479310,-19.828133,-1.661935,-27.363368,90.000000,
-19.828133,-1.661935,-27.363368,-67.064640,35.808915,-32.621153,-70.537737,-22.738074,-15.731395,-19.828133,-1.661935,-27.363368,90.000000,
-19.828133,-1.661935,-27.363368,14.749324,-27.186990,-33.994097,29.866251,20.610086,-18.479310,-19.828133,-1.661935,-27.363368,90.000000,
-19.828133,-1.661935,-27.363368,-67.064640,35.808915,-32.621153,-70.537737,-22.738074,-15.731395,-19.828133,-1.661935,-27.363368,90.000000,
-19.828133,-1.661935,-27.363368,14.749324,-27.186990,-33.994097,29.866251,20.610086,-18.479310,-19.828133,-1.661935,-27.363368,90.000000,
-19.828133,-1.661935,-27.363368,-67.064640,35.808915,-32.621153,-70.537737,-22.738074,-15.731395,-19.828133,-1.661935,-27.363368,90.000000,
-19.828133,-1.661935,-27.363368,14.749324,-27.186990,-33.994097,29.866251,20.610086,-18.479310,-19.828133,-1.661935,-27.363368,90.000000,
-19.828133,-1.661935,-27.363368,-67.064640,35.808915,-32.621153,-70.537737,-22.738074,-15.731395,-19.828133,-1.661935,-27.363368,90.000000,
-19.828133,-1.661935,-27.363368,14.749324,-27.186990,-33.994097,29.866251,20.610086,-18.479310,-19.828133,-1.661935,-27.363368,90.000000,
-19.828133,-1.661935,-27.363368,-67.064640,35.808915,-32.621153,-70.537737,-22.738074,-15.731395,-19.828133,-1.661935,-27.363368,90.000000,
-19.828133,-1.661935,-27.363368,14.749324,-27.186990,-33.994097,29.866251,20.610086,-18.479310,-19.828133,-1.661935,-27.363368,90.000000,
-19.828133,-1.661935,-27.363368,-67.064640,35.808915,-32.621153,-70.537737,-22.738074,-15.731395,-19.828133,-1.661935,-27.363368,90.000000,
-19.828133,-1.661935,-27.363368,14.749324,-27.186990,-33.994097,29.866251,20.610086,-18.479310,-19.828133,-1.661935,-27.363368,90.000000,
-19.828133,-1.661935,-27.363368,-67.064640,35.808915,-32.621153,-70.537737,-22.738074,-15.731395,-19.828133,-1.661935,-27.363368,90.000000,
-19.828133,-1.661935,-27.363368,14.749324,-27.186990,-33.994097,29.866251,20.610086,-18.479310,-19.828133,-1.661935,-27.363368,90.000000,
-19.828133,-1.661935,-27.363368,-67.064640,35.808915,-32.621153,-70.537737,-22.738074,-15.731395,-19.828133,-1.661935,-27.363368,90.000000,
-19.828133,-1.661935,-27.363368,14.749324,-27.186990,-33.994097,29.866251,20.610086,-18.479310,-19.828133,-1.661935,-27.363368,90.000000,
-19.828133,-1.661935,-27.363368,-67.064640,35.808915,-32.621153,-70.537737,-22.738074,-15.731395,-19.828133,-1.661935,-27.363368,90.000000,
-19.828133,-1.661935,-27.363368,14.749324,-27.186990,-33.994097,29.866251,20.610086,-18.479310,-19.828133,-1.661935,-27.363368,90.000000,
-19.828133,-1.661935,-27.363368,-67.064640,35.808915,-32.621153,-70.537737,-22.738074,-15.731395,-19.828133,-1.661935,-27.363368,90.000000,
-19.828133,-1.661935,-27.363368,14.749324,-27.186990,-33.994097,29.866251,20.610086,-18.479310,-19.828133,-1.661935,-27.363368,90.000000,
-19.828133,-1.661935,-27.363368,-67.064640,35.808915,-32.621153,-70.537737,-22.738074,-15.731395,-19.828133,-1.661935,-27.363368,90.000000,
-19.828133,-1.661935,-27.363368,14.749324,-27.186990,-33.994097,29.866251,20.610086,-18.479310,-19.828133,-1.661935,-27.363368,90.000000,
-19.828133,-1.661935,-27.363368,-67.064640,35.808915,-32.621153,-70.537737,-22.738074,-15.731395,-19.828133,-1.661935,-27.363368,90.000000,
-19.828133,-1.661935,-27.363368,14.749324,-27.186990,-33.994097,29.866251,20.610086,-18.479310,-19.828133,-1.661935,-27.363368,90.000000,
-19.828133,-1.661935,-27.363368,-67.064640,35.808915,-32.621153,-70.537737,-22.738074,-15.731395,-19.828133,-1.661935,-27.363368,90.000000,
-19.828133,-1.661935,-27.363368,14.749324,-27.186990,-33.994097,29.866251,20.610086,-18.479310,-19.828133,-1.661935,-27.363368,90.000000,
-19.828133,-1.661935,-27.363368,-67.064640,35.808915,-32.621153,-70.537737,-22.738074,-15.731395,-19.828133,-1.661935,-27.363368,90.000000,
-19.828133,-1.661935,-27.363368,14.749324,-27.186990,-33.994097,29.866251,20.610086,-18.479310,-19.828133,-1.661935,-27.363368,90.000000,
-19.828133,-1.661935,-27.363368,-67.064640,35.808915,-32.621153,-70.537737,-22.738074,-15.731395,-19.828133,-1.661935,-27.363368,90.000000,
-19.828133,-1.661935,-27.363368,14.749324,-27.186990,-33.994097,29.866251,20.610086,-18.479310,-19.828133,-1.661935,-27.363368,90.000000,
-19.828133,-1.661935,-27.363368,-67.064640,35.808915,-32.621153,-70.537737,-22.738074,-15.731395,-19.828133,-1.661935,-27.363368,90.000000,
-19.828133,-1.661935,-27.363368,14.749324,-27.186990,-33.994097,29.866251,20.610086,-18.479310,-19.828133,-1.661935,-27.363368,90.000000,
-19.828133,-1.661935,-27.363368,-67.064640,35.808915,-32.621153,-70.537737,-22.738074,-15.731395,-19.828133,-1.661935,-27.363368,90.000000,
-19.828133,-1.661935,-27.363368,14.749324,-27.186990,-33.994097,29.866251,20.610086,-18.479310,-19.828133,-1.661935,-27.363368,90.000000,
-19.828133,-1.661935,-27.363368,-67.064640,35.808915,-32.621153,-70.537737,-22.738074,-15.731395,-19.828133,-1.661935,-27.363368,90.000000,
-19.828133,-1.661935,-27.363368,14.749324,-27.186990,-33.994097,29.866251,20.610086,-18.479310,-19.828133,-1.661935,-27.363368,90.000000,
-19.828133,-1.661935,-27.363368,-67.064640,35.808915,-32.621153,-70.537737,-22.738074,-15.731395,-19.828133,-1.661935,-27.363368,90.000000,
-19.828133,-1.661935,-27.363368,14.749324,-27.186990,-33.994097,29.866251,20.610086,-18.479310,-19.828133,-1.661935,-27.363368,90.000000,
-19.828133,-1.661935,-27.363368,-67.064640,35.808915,-32.621153,-70.537737,-22.738074,-15.731395,-19.828133,-1.661935,-27.363368,90.000000,
-19.828133,-1.661935,-27.363368,14.749324,-27.186990,-33.994097,29.866251,20.610086,-18.479310,-19.828133,-1.661935,-27.363368,90.000000,
-19.828133,-1.661935,-27.363368,-67.064640,35.808915,-32.621153,-70.537737,-22.738074,-15.731395,-19.828133,-1.661935,-27.363368,90.000000,
-19.828133,-1.661935,-27.363368,14.749324,-27.186990,-33.994097,29.866251,20.610086,-18.479310,-19.828133,-1.661935,-27.363368,90.000000,
-19.828133,-1.661935,-27.363368,-67.064640,35.808915,-32.621153,-70.537737,-22.738074,-15.731395,-19.828133,-1.661935,-27.363368,90.000000,
-19.828133,-1.661935,-27.363368,14.749324,-27.186990,-33.994097,29.866251,20.610086,-18.479310,-19.828133,-1.661935,-27.363368,90.000000,
-19.828133,-1.661935,-27.363368,-67.064640,35.808915,-32.621153,-70.537737,-22.738074,-15.731395,-19.828133,-1.661935,-27.363368,90.000000,
-19.828133,-1.661935,-27.363368,14.749324,-27.186990,-33.994097,29.866251,20.610086,-18.479310,-19.828133,-1.661935,-27.363368,90.000000,
-19.828133,-1.661935,-27.363368,-67.064640,35.808915,-32.621153,-70.537737,-22.738074,-15.731395,-19.828133,-1.661935,-27.363368,90.000000,
-19.828133,-1.661935,-27.363368,14.749324,-27.186990,-33.994097,29.866251,20.610086,-18.479310,-19.828133,-1.661935,-27.363368,90.000000,
-19.828133,-1.661935,-27.363368,-67.064640,35.808915,-32.621153,-70.537737,-22.738074,-15.731395,-19.828133,-1.661935,-27.363368,90.000000,
-19.828133,-1.661935,-27.363368,14.749324,-27.186990,-33.994097,29.866251,20.610086,-18.479310,-19.828133,-1.661935,-27.363368,90.000000,
-19.828133,-1.661935,-27.363368,-67.064640,35.808915,-32.621153,-70.537737,-22.738074,-15.731395,-19.828133,-1.661935,-27.363368,90.000000,
-19.828133,-1.661935,-27.363368,14.749324,-27.186990,-33.994097,29.866251,20.610086,-18.479310,-19.828133,-1.661935,-27.363368,90.000000,
-19.828133,-1.661935,-27.363368,-67.064640,35.808915,-32.621153,-70.537737,-22.738074,-15.731395,-19.828133,-1.661935,-27.363368,90.000000,
-19.828133,-1.661935,-27.363368,14.749324,-27.186990,-33.994097,29.866251,20.610086,-18.479310,-19.828133,-1.661935,-27.363368,90.000000,
-19.828133,-1.661935,-27.363368,-67.064640,35.808915,-32.621153,-70.537737,-22.738074,-15.731395,-19.828133,-1.661935,-27.363368,90.000000,
-19.828133,-1.661935,-27.363368,14.749324,-27.186990,-33.994097,29.866251,20.610086,-18.479310,-19.828133,-1.661935,-27.363368,90.000000,
-19.828133,-1.661935,-27.363368,-67.064640,35.808915,-32.621153,-70.537737,-22.738074,-15.731395,-19.828133,-1.661935,-27.363368,90.000000,
-19.828133,-1.661935,-27.363368,14.749324,-27.186990,-33.994097,29.866251,20.610086,-18.479310,-19.828133,-1.661935,-27.363368,90.000000,
-19.828133,-1.661935,-27.363368,-67.064640,35.808915,-32.621153,-70.537737,-22.738074,-15.731395,-19.828133,-1.661935,-27.363368,90.000000,
-19.828133,-1.661935,-27.363368,14.749324,-27.186990,-33.994097,29.866251,20.610086,-18.479310,-19.828133,-1.661935,-27.363368,90.000000,
-19.828133,-1.661935,-27.363368,-67.064640,35.808915,-32.621153,-70.537737,-22.738074,-15.731395,-19.828133,-1.661935,-27.363368,90.000000,
-19.828133,-1.661935,-27.363368,14.749324,-27.186990,-33.994097,29.866251,20.610086,-18.479310,-19.828133,-1.661935,-27.363368,90.000000,
-19.828133,-1.661935,-27.363368,-67.064640,35.808915,-32.621153,-70.537737,-22.738074,-15.731395,-19.828133,-1.661935,-27.363368,90.000000,
-19.828133,-1.661935,-27.363368,14.749324,-27.186990,-33.994097,29.866251,20.610086,-18.479310,-19.828133,-1.661935,-27.363368,90.000000,
-19.828133,-1.661935,-27.363368,-67.064640,35.808915,-32.621153,-70.537737,-22.738074,-15.731395,-19.828133,-1.661935,-27.363368,90.000000,
-19.828133,-1.661935,-27.363368,14.749324,-27.186990,-33.994097,29.866251,20.610086,-18.479310,-19.828133,-1.661935,-27.363368,90.000000,
-19.828133,-1.661935,-27.363368,-67.064640,35.808915,-32.621153,-70.537737,-22.738074,-15.731395,-19.828133,-1.661935,-27.363368,90.000000,
-19.828133,-1.661935,-27.363368,14.749324,-27.186990,-33.994097,29.866251,20.610086,-18.479310,-19.828133,-1.661935,-27.363368,90.000000,
-19.828133,-1.661935,-27.363368,-67.064640,35.808915,-32.621153,-70.537737,-22.738074,-15.731395,-19.828133,-1.661935,-27.363368,90.000000,
-19.828133,-1.661935,-27.363368,14.749324,-27.186990,-33.994097,29.866251,20.610086,-18.479310,-19.828133,-1.661935,-27.363368,90.000000,
-19.828133,-1.661935,-27.363368,-67.064640,35.808915,-32.621153,-70.537737,-22.738074,-15.731395,-19.828133,-1.661935,-27.363368,90.000000,
-19.828133,-1.661935,-27.363368,14.749324,-27.186990,-33.994097,29.866251,20.610086,-18.479310,-19.828133,-1.661935,-27.363368,90.000000,
-19.828133,-1.661935,-27.363368,-67.064640,35.808915,-32.621153,-70.537737,-22.738074,-15.731395,-19.828133,-1.661935,-27.363368,90.000000,
-19.828133,-1.661935,-27.363368,14.749324,-27.186990,-33.994097,29.866251,20.610086,-18.479310,-19.828133,-1.661935,-27.363368,90.000000,
-19.828133,-1.661935,-27.363368,-67.064640,35.808915,-32.621153,-70.537737,-22.738074,-15.731395,-19.828133,-1.661935,-27.363368,90.000000,
-19.828133,-1.661935,-27.363368,14.749324,-27.186990,-33.994097,29.866251,20.610086,-18.479310,-19.828133,-1.661935,-27.363368,90.000000,
-19.828133,-1.661935,-27.363368,-67.064640,35.808915,-32.621153,-70.537737,-22.738074,-15.731395,-19.828133,-1.661935,-27.363368,90.000000,
-19.828133,-1.661935,-27.363368,14.749324,-27.186990,-33.994097,29.866251,20.610086,-18.479310,-19.828133,-1.661935,-27.363368,90.000000,
-19.828133,-1.661935,-27.363368,-67.064640,35.808915,-32.621153,-70.537737,-22.738074,-15.731395,-19.828133,-1.661935,-27.363368,90.000000,
-19.828133,-1.661935,-27.363368,14.749324,-27.186990,-33.994097,29.866251,20.610086,-18.479310,-19.828133,-1.661935,-27.363368,90.000000,
-19.828133,-1.661935,-27.363368,-67.064640,35.808915,-32.621153,-70.537737,-22.738074,-15.731395,-19.828133,-1.661935,-27.363368,90.000000,
-19.828133,-1.661935,-27.363368,14.749324,-27.186990,-33.994097,29.866251,20.610086,-18.479310,-19.828133,-1.661935,-27.363368,90.000000,
-19.828133,-1.661935,-27.363368,-67.064640,35.808915,-32.621153,-70.537737,-22.738074,-15.731395,-19.828133,-1.661935,-27.363368,90.000000,
-19.828133,-1.661935,-27.363368,14.749324,-27.186990,-33.994097,29.866251,20.610086,-18.479310,-19.828133,-1.661935,-27.363368,90.000000,
-19.828133,-1.661935,-27.363368,-67.064640,35.808915,-32.621153,-70.537737,-22.738074,-15.731395,-19.828133,-1.661935,-27.363368,90.000000,
-19.828133,-1.661935,-27.363368,14.749324,-27.186990,-33.994097,29.866251,20.610086,-18.479310,-19.828133,-1.661935,-27.363368,90.000000,
-19.828133,-1.661935,-27.363368,-67.064640,35.808915,-32.621153,-70.537737,-22.738074,-15.731395,-19.828133,-1.661935,-27.363368,90.000000,
-19.828133,-1.661935,-27.363368,14.749324,-27.186990,-33.994097,29.866251,20.610086,-18.479310,-19.828133,-1.661935,-27.363368,90.000000,
-19.828133,-1.661935,-27.363368,-67.064640,35.808915,-32.621153,-70.537737,-22.738074,-15.731395,-19.828133,-1.661935,-27.363368,90.000000,
-19.828133,-1.661935,-27.363368,14.749324,-27.186990,-33.994097,29.866251,20.610086,-18.479310,-19.828133,-1.661935,-27.363368,90.000000,
-19.828133,-1.661935,-27.363368,-67.064640,35.808915,-32.621153,-70.537737,-22.738074,-15.731395,-19.828133,-1.661935,-27.363368,90.000000,
-19.828133,-1.661935,-27.363368,14.749324,-27.186990,-33.994097,29.866251,20.610086,-18.479310,-19.828133,-1.661935,-27.363368,90.000000,
-19.828133,-1.661935,-27.363368,-67.064640,35.808915,-32.621153,-70.537737,-22.738074,-15.731395,-19.828133,-1.661935,-27.363368,90.000000,
-19.828133,-1.661935,-27.363368,14.749324,-27.186990,-33.994097,29.866251,20.610086,-18.479310,-19.828133,-1.661935,-27.363368,90.000000,
-19.828133,-1.661935,-27.363368,-67.064640,35.808915,-32.621153,-70.537737,-22.738074,-15.731395,-19.828133,-1.661935,-27.363368,90.000000,
-19.828133,-1.661935,-27.363368,14.749324,-27.186990,-33.994097,29.866251,20.610086,-18.479310,-19.828133,-1.661935,-27.363368,90.000000,
-19.828133,-1.661935,-27.363368,-67.064640,35.808915,-32.621153,-70.537737,-22.738074,-15.731395,-19.828133,-1.661935,-27.363368,90.000000,
-19.828133,-1.661935,-27.363368,14.749324,-27.186990,-33.994097,29.866251,20.610086,-18.479310,-19.828133,-1.661935,-27.363368,90.000000,
-19.828133,-1.661935,-27.363368,-67.064640,35.808915,-32.621153,-70.537737,-22.738074,-15.731395,-19.828133,-1.661935,-27.363368,90.000000,
-19.828133,-1.661935,-27.363368,14.749324,-27.186990,-33.994097,29.866251,20.610086,-18.479310,-19.828133,-1.661935,-27.363368,90.000000,
-19.828133,-1.661935,-27.363368,-67.064640,35.808915,-32.621153,-70.537737,-22.738074,-15.731395,-19.828133,-1.661935,-27.363368,90.000000,
-19.828133,-1.661935,-27.363368,14.749324,-27.186990,-33.994097,29.866251,20.610086,-18.479310,-19.828133,-1.661935,-27.363368,90.000000,
-19.828133,-1.661935,-27.363368,-67.064640,35.808915,-32.621153,-70.537737,-22.738074,-15.731395,-19.828133,-1.661935,-27.363368,90.000000,
-19.828133,-1.661935,-27.363368,14.749324,-27.186990,-33.994097,29.866251,20.610086,-18.479310,-19.828133,-1.661935,-27.363368,90.000000,
-19.828133,-1.661935,-27.363368,-67.064640,35.808915,-32.621153,-70.537737,-22.738074,-15.731395,-19.828133,-1.661935,-27.363368,90.000000,
-19.828133,-1.661935,-27.363368,14.749324,-27.186990,-33.994097,29.866251,20.610086,-18.479310,-19.828133,-1.661935,-27.363368,90.000000,
-19.828133,-1.661935,-27.363368,-67.064640,35.808915,-32.621153,-70.537737,-22.738074,-15.731395,-19.828133,-1.661935,-27.363368,90.000000,
-19.828133,-1.661935,-27.363368,14.749324,-27.186990,-33.994097,29.866251,20.610086,-18.479310,-19.828133,-1.661935,-27.363368,90.000000,
-19.828133,-1.661935,-27.363368,-67.064640,35.808915,-32.621153,-70.537737,-22.738074,-15.731395,-19.828133,-1.661935,-27.363368,90.000000,
-19.828133,-1.661935,-27.363368,14.749324,-27.186990,-33.994097,29.866251,20.610086,-18.479310,-19.828133,-1.661935,-27.363368,90.000000,
-19.828133,-1.661935,-27.363368,-67.064640,35.808915,-32.621153,-70.537737,-22.738074,-15.731395,-19.828133,-1.661935,-27.363368,90.000000,
-19.828133,-1.661935,-27.363368,14.749324,-27.186990,-33.994097,29.866251,20.610086,-18.479310,-19.828133,-1.661935,-27.363368,90.000000,
-19.828133,-1.661935,-27.363368,-67.064640,35.808915,-32.621153,-70.537737,-22.738074,-15.731395,-19.828133,-1.661935,-27.363368,90.000000,
-19.828133,-1.661935,-27.363368,14.749324,-27.186990,-33.994097,29.866251,20.610086,-18.479310,-19.828133,-1.661935,-27.363368,90.000000,
-19.828133,-1.661935,-27.363368,-67.064640,35.808915,-32.621153,-70.537737,-22.738074,-15.731395,-19.828133,-1.661935,-27.363368,90.000000,
-19.828133,-1.661935,-27.363368,14.749324,-27.186990,-33.994097,29.866251,20.610086,-18.479310,-19.828133,-1.661935,-27.363368,90.000000,
-19.828133,-1.661935,-27.363368,-67.064640,35.808915,-32.621153,-70.537737,-22.738074,-15.731395,-19.828133,-1.661935,-27.363368,90.000000,
-19.828133,-1.661935,-27.363368,14.749324,-27.186990,-33.994097,29.866251,20.610086,-18.479310,-19.828133,-1.661935,-27.363368,90.000000,
-19.828133,-1.661935,-27.363368,-67.064640,35.808915,-32.621153,-70.537737,-22.738074,-15.731395,-19.828133,-1.661935,-27.363368,90.000000,
-19.828133,-1.661935,-27.363368,14.749324,-27.186990,-33.994097,29.866251,20.610086,-18.479310,-19.828133,-1.661935,-27.363368,90.000000,
-19.828133,-1.661935,-27.363368,-67.064640,35.808915,-32.621153,-70.537737,-22.738074,-15.731395,-19.828133,-1.661935,-27.363368,90.000000,
-19.828133,-1.661935,-27.363368,14.749324,-27.186990,-33.994097,29.866251,20.610086,-18.479310,-19.828133,-1.661935,-27.363368,90.000000,
-19.828133,-1.661935,-27.363368,-67.064640,35.808915,-32.621153,-70.537737,-22.738074,-15.731395,-19.828133,-1.661935,-27.363368,90.000000,
-19.828133,-1.661935,-27.363368,14.749324,-27.186990,-33.994097,29.866251,20.610086,-18.479310,-19.828133,-1.661935,-27.363368,90.000000,
-19.828133,-1.661935,-27.363368,-67.064640,35.808915,-32.621153,-70.537737,-22.738074,-15.731395,-19.828133,-1.661935,-27.363368,90.000000,
-19.828133,-1.661935,-27.363368,14.749324,-27.186990,-33.994097,29.866251,20.610086,-18.479310,-19.828133,-1.661935,-27.363368,90.000000,
-19.828133,-1.661935,-27.363368,-67.064640,35.808915,-32.621153,-70.537737,-22.738074,-15.731395,-19.828133,-1.661935,-27.363368,90.000000,
-19.828133,-1.661935,-27.363368,14.749324,-27.186990,-33.994097,29.866251,20.610086,-18.479310,-19.828133,-1.661935,-27.363368,90.000000,
-19.828133,-1.661935,-27.363368,-67.064640,35.808915,-32.621153,-70.537737,-22.738074,-15.731395,-19.828133,-1.661935,-27.363368,90.000000,
-19.828133,-1.661935,-27.363368,14.749324,-27.186990,-33.994097,29.866251,20.610086,-18.479310,-19.828133,-1.661935,-27.363368,90.000000,
-19.828133,-1.661935,-27.363368,-67.064640,35.808915,-32.621153,-70.537737,-22.738074,-15.731395,-19.828133,-1.661935,-27.363368,90.000000,
-19.828133,-1.661935,-27.363368,14.749324,-27.186990,-33.994097,29.866251,20.610086,-18.479310,-19.828133,-1.661935,-27.363368,90.000000,
-19.828133,-1.661935,-27.363368,-67.064640,35.808915,-32.621153,-70.537737,-22.738074,-15.731395,-19.828133,-1.661935,-27.363368,90.000000,
-19.828133,-1.661935,-27.363368,14.749324,-27.186990,-33.994097,29.866251,20.610086,-18.479310,-19.828133,-1.661935,-27.363368,90.000000,
-19.828133,-1.661935,-27.363368,-67.064640,35.808915,-32.621153,-70.537737,-22.738074,-15.731395,-19.828133,-1.661935,-27.363368,90.000000,
-19.828133,-1.661935,-27.363368,14.749324,-27.186990,-33.994097,29.866251,20.610086,-18.479310,-19.828133,-1.661935,-27.363368,90.000000,
-19.828133,-1.661935,-27.363368,-67.064640,35.808915,-32.621153,-70.537737,-22.738074,-15.731395,-19.828133,-1.661935,-27.363368,90.000000,
-19.828133,-1.661935,-27.363368,14.749324,-27.186990,-33.994097,29.866251,20.610086,-18.479310,-19.828133,-1.661935,-27.363368,90.000000,
-19.828133,-1.661935,-27.363368,-67.064640,35.808915,-32.621153,-70.537737,-22.738074,-15.731395,-19.828133,-1.661935,-27.363368,90.000000,
-19.828133,-1.661935,-27.363368,14.749324,-27.186990,-33.994097,29.866251,20.610086,-18.479310,-19.828133,-1.661935,-27.363368,90.000000,
-19.828133,-1.661935,-27.363368,-67.064640,35.808915,-32.621153,-70.537737,-22.738074,-15.731395,-19.828133,-1.661935,-27.363368,90.000000,
-19.828133,-1.661935,-27.363368,14.749324,-27.186990,-33.994097,29.866251,20.610086,-18.479310,-19.828133,-1.661935,-27.363368,90.000000,
-19.828133,-1.661935,-27.363368,-67.064640,35.808915,-32.621153,-70.537737,-22.738074,-15.731395,-19.828133,-1.661935,-27.363368,90.000000,
-19.828133,-1.661935,-27.363368,14.749324,-27.186990,-33.994097,29.866251,20.610086,-18.479310,-19.828133,-1.661935,-27.363368,90.000000,
-19.828133,-1.661935,-27.363368,-67.064640,35.808915,-32.621153,-70.537737,-22.738074,-15.731395,-19.828133,-1.661935,-27.363368,90.000000,
-19.828133,-1.661935,-27.363368,14.749324,-27.186990,-33.994097,29.866251,20.610086,-18.479310,-19.828133,-1.661935,-27.363368,90.000000,
-19.828133,-1.661935,-27.363368,-67.064640,35.808915,-32.621153,-70.537737,-22.738074,-15.731395,-19.828133,-1.661935,-27.363368,90.000000,
-19.828133,-1.661935,-27.363368,14.749324,-27.186990,-33.994097,29.866251,20.610086,-18.479310,-19.828133,-1.661935,-27.363368,90.000000,
-19.828133,-1.661935,-27.363368,-67.064640,35.808915,-32.621153,-70.537737,-22.738074,-15.731395,-19.828133,-1.661935,-27.363368,90.000000,
-19.828133,-1.661935,-27.363368,14.749324,-27.186990,-33.994097,29.866251,20.610086,-18.479310,-19.828133,-1.661935,-27.363368,90.000000,
-19.828133,-1.661935,-27.363368,-67.064640,35.808915,-32.621153,-70.537737,-22.738074,-15.731395,-19.828133,-1.661935,-27.363368,90.000000,
-19.828133,-1.661935,-27.363368,14.749324,-27.186990,-33.994097,29.866251,20.610086,-18.479310,-19.828133,-1.661935,-27.363368,90.000000,
-19.828133,-1.661935,-27.363368,-67.064640,35.808915,-32.621153,-70.537737,-22.738074,-15.731395,-19.828133,-1.661935,-27.363368,90.000000,
-19.828133,-1.661935,-27.363368,14.749324,-27.186990,-33.994097,29.866251,20.610086,-18.479310,-19.828133,-1.661935,-27.363368,90.000000,
-19.828133,-1.661935,-27.363368,-67.064640,35.808915,-32.621153,-70.537737,-22.738074,-15.731395,-19.828133,-1.661935,-27.363368,90.000000,
-19.828133,-1.661935,-27.363368,14.749324,-27.186990,-33.994097,29.866251,20.610086,-18.479310,-19.828133,-1.661935,-27.363368,90.000000,
-19.828133,-1.661935,-27.363368,-67.064640,35.808915,-32.621153,-70.537737,-22.738074,-15.731395,-19.828133,-1.661935,-27.363368,90.000000,
-19.828133,-1.661935,-27.363368,14.749324,-27.186990,-33.994097,29.866251,20.610086,-18.479310,-19.828133,-1.661935,-27.363368,90.000000,
-19.828133,-1.661935,-27.363368,-67.064640,35.808915,-32.621153,-70.537737,-22.738074,-15.731395,-19.828133,-1.661935,-27.363368,90.000000,
-19.828133,-1.661935,-27.363368,14.749324,-27.186990,-33.994097,29.866251,20.610086,-18.479310,-19.828133,-1.661935,-27.363368,90.000000,
-19.828133,-1.661935,-27.363368,-67.064640,35.808915,-32.621153,-70.537737,-22.738074,-15.731395,-19.828133,-1.661935,-27.363368,90.000000,
-19.828133,-1.661935,-27.363368,14.749324,-27.186990,-33.994097,29.866251,20.610086,-18.479310,-19.828133,-1.661935,-27.363368,90.000000,
-19.828133,-1.661935,-27.363368,-67.064640,35.808915,-32.621153,-70.537737,-22.738074,-15.731395,-19.828133,-1.661935,-27.363368,90.000000,
-19.828133,-1.661935,-27.363368,14.749324,-27.186990,-33.994097,29.866251,20.610086,-18.479310,-19.828133,-1.661935,-27.363368,90.000000,
-19.828133,-1.661935,-27.363368,-67.064640,35.808915,-32.621153,-70.537737,-22.738074,-15.731395,-19.828133,-1.661935,-27.363368,90.000000,
-19.828133,-1.661935,-27.363368,14.749324,-27.186990,-33.994097,29.866251,20.610086,-18.479310,-19.828133,-1.661935,-27.363368,90.000000,
-19.828133,-1.661935,-27.363368,-67.064640,35.808915,-32.621153,-70.537737,-22.738074,-15.731395,-19.828133,-1.661935,-27.363368,90.000000,
-19.828133,-1.661935,-27.363368,14.749324,-27.186990,-33.994097,29.866251,20.610086,-18.479310,-19.828133,-1.661935,-27.363368,90.000000,
-19.828133,-1.661935,-27.363368,-67.064640,35.808915,-32.621153,-70.537737,-22.738074,-15.731395,-19.828133,-1.661935,-27.363368,90.000000,
-19.828133,-1.661935,-27.363368,14.749324,-27.186990,-33.994097,29.866251,20.610086,-18.479310,-19.828133,-1.661935,-27.363368,90.000000,
-19.828133,-1.661935,-27.363368,-67.064640,35.808915,-32.621153,-70.537737,-22.738074,-15.731395,-19.828133,-1.661935,-27.363368,90.000000,
-19.828133,-1.661935,-27.363368,14.749324,-27.186990,-33.994097,29.866251,20.610086,-18.479310,-19.828133,-1.661935,-27.363368,90.000000,
-19.828133,-1.661935,-27.363368,-67.064640,35.808915,-32.621153,-70.537737,-22.738074,-15.731395,-19.828133,-1.661935,-27.363368,90.000000,
-19.828133,-1.661935,-27.363368,14.749324,-27.186990,-33.994097,29.866251,20.610086,-18.479310,-19.828133,-1.661935,-27.363368,90.000000,
-19.828133,-1.661935,-27.363368,-67.064640,35.808915,-32.621153,-70.537737,-22.738074,-15.731395,-19.828133,-1.661935,-27.363368,90.000000,
-19.828133,-1.661935,-27.363368,14.749324,-27.186990,-33.994097,29.866251,20.610086,-18.479310,-19.828133,-1.661935,-27.363368,90.000000,
-19.828133,-1.661935,-27.363368,-67.064640,35.808915,-32.621153,-70.537737,-22.738074,-15.731395,-19.828133,-1.661935,-27.363368,90.000000,
-19.828133,-1.661935,-27.363368,14.749324,-27.186990,-33.994097,29.866251,20.610086,-18.479310,-19.828133,-1.661935,-27.363368,90.000000,
-19.828133,-1.661935,-27.363368,-67.064640,35.808915,-32.621153,-70.537737,-22.738074,-15.731395,-19.828133,-1.661935,-27.363368,90.000000,
-19.828133,-1.661935,-27.363368,14.749324,-27.186990,-33.994097,29.866251,20.610086,-18.479310,-19.828133,-1.661935,-27.363368,90.000000,
-19.828133,-1.661935,-27.363368,-67.064640,35.808915,-32.621153,-70.537737,-22.738074,-15.731395,-19.828133,-1.661935,-27.363368,90.000000,
-19.828133,-1.661935,-27.363368,14.749324,-27.186990,-33.994097,29.866251,20.610086,-18.479310,-19.828133,-1.661935,-27.363368,90.000000,
-19.828133,-1.661935,-27.363368,-67.064640,35.808915,-32.621153,-70.537737,-22.738074,-15.731395,-19.828133,-1.661935,-27.363368,90.000000,
-19.828133,-1.661935,-27.363368,14.749324,-27.186990,-33.994097,29.866251,20.610086,-18.479310,-19.828133,-1.661935,-27.363368,90.000000,
-19.828133,-1.661935,-27.363368,-67.064640,35.808915,-32.621153,-70.537737,-22.738074,-15.731395,-19.828133,-1.661935,-27.363368,90.000000,
-19.828133,-1.661935,-27.363368,14.749324,-27.186990,-33.994097,29.866251,20.610086,-18.479310,-19.828133,-1.661935,-27.363368,90.000000,
-19.828133,-1.661935,-27.363368,-67.064640,35.808915,-32.621153,-70.537737,-22.738074,-15.731395,-19.828133,-1.661935,-27.363368,90.000000,
-19.828133,-1.661935,-27.363368,14.749324,-27.186990,-33.994097,29.866251,20.610086,-18.479310,-19.828133,-1.661935,-27.363368,90.000000,
-19.828133,-1.661935,-27.363368,-67.064640,35.808915,-32.621153,-70.537737,-22.738074,-15.731395,-19.828133,-1.661935,-27.363368,90.000000,
-19.828133,-1.661935,-27.363368,14.749324,-27.186990,-33.994097,29.866251,20.610086,-18.479310,-19.828133,-1.661935,-27.363368,90.000000,
-19.828133,-1.661935,-27.363368,-67.064640,35.808915,-32.621153,-70.537737,-22.738074,-15.731395,-19.828133,-1.661935,-27.363368,90.000000,
-19.828133,-1.661935,-27.363368,14.749324,-27.186990,-33.994097,29.866251,20.610086,-18.479310,-19.828133,-1.661935,-27.363368,90.000000,
-19.828133,-1.661935,-27.363368,-67.064640,35.808915,-32.621153,-70.537737,-22.738074,-15.731395,-19.828133,-1.661935,-27.363368,90.000000,
-19.828133,-1.661935,-27.363368,14.749324,-27.186990,-33.994097,29.866251,20.610086,-18.479310,-19.828133,-1.661935,-27.363368,90.000000,
-19.828133,-1.661935,-27.363368,-67.064640,35.808915,-32.621153,-70.537737,-22.738074,-15.731395,-19.828133,-1.661935,-27.363368,90.000000,
-19.828133,-1.661935,-27.363368,14.749324,-27.186990,-33.994097,29.866251,20.610086,-18.479310,-19.828133,-1.661935,-27.363368,90.000000,
-19.828133,-1.661935,-27.363368,-67.064640,35.808915,-32.621153,-70.537737,-22.738074,-15.731395,-19.828133,-1.661935,-27.363368,90.000000,
-19.828133,-1.661935,-27.363368,14.749324,-27.186990,-33.994097,29.866251,20.610086,-18.479310,-19.828133,-1.661935,-27.363368,90.000000,
-19.828133,-1.661935,-27.363368,-67.064640,35.808915,-32.621153,-70.537737,-22.738074,-15.731395,-19.828133,-1.661935,-27.363368,90.000000,
-19.828133,-1.661935,-27.363368,14.749324,-27.186990,-33.994097,29.866251,20.610086,-18.479310,-19.828133,-1.661935,-27.363368,90.000000,
-19.828133,-1.661935,-27.363368,-67.064640,35.808915,-32.621153,-70.537737,-22.738074,-15.731395,-19.828133,-1.661935,-27.363368,90.000000,
-19.828133,-1.661935,-27.363368,14.749324,-27.186990,-33.994097,29.866251,20.610086,-18.479310,-19.828133,-1.661935,-27.363368,90.000000,
-19.828133,-1.661935,-27.363368,-67.064640,35.808915,-32.621153,-70.537737,-22.738074,-15.731395,-19.828133,-1.661935,-27.363368,90.000000,
-19.828133,-1.661935,-27.363368,14.749324,-27.186990,-33.994097,29.866251,20.610086,-18.479310,-19.828133,-1.661935,-27.363368,90.000000,
-19.828133,-1.661935,-27.363368,-67.064640,35.808915,-32.621153,-70.537737,-22.738074,-15.731395,-19.828133,-1.661935,-27.363368,90.000000,
-19.828133,-1.661935,-27.363368,14.749324,-27.186990,-33.994097,29.866251,20.610086,-18.479310,-19.828133,-1.661935,-27.363368,90.000000,
-19.828133,-1.661935,-27.363368,-67.064640,35.808915,-32.621153,-70.537737,-22.738074,-15.731395,-19.828133,-1.661935,-27.363368,90.000000,
-19.828133,-1.661935,-27.363368,14.749324,-27.186990,-33.994097,29.866251,20.610086,-18.479310,-19.828133,-1.661935,-27.363368,90.000000,
-19.828133,-1.661935,-27.363368,-67.064640,35.808915,-32.621153,-70.537737,-22.738074,-15.731395,-19.828133,-1.661935,-27.363368,90.000000,
-19.828133,-1.661935,-27.363368,14.749324,-27.186990,-33.994097,29.866251,20.610086,-18.479310,-19.828133,-1.661935,-27.363368,90.000000,
-19.828133,-1.661935,-27.363368,-67.064640,35.808915,-32.621153,-70.537737,-22.738074,-15.731395,-19.828133,-1.661935,-27.363368,90.000000,
-19.828133,-1.661935,-27.363368,14.749324,-27.186990,-33.994097,29.866251,20.610086,-18.479310,-19.828133,-1.661935,-27.363368,90.000000,
-19.828133,-1.661935,-27.363368,-67.064640,35.808915,-32.621153,-70.537737,-22.738074,-15.731395,-19.828133,-1.661935,-27.363368,90.000000,
-19.828133,-1.661935,-27.363368,14.749324,-27.186990,-33.994097,29.866251,20.610086,-18.479310,-19.828133,-1.661935,-27.363368,90.000000,
-19.828133,-1.661935,-27.363368,-67.064640,35.808915,-32.621153,-70.537737,-22.738074,-15.731395,-19.828133,-1.661935,-27.363368,90.000000,
-19.828133,-1.661935,-27.363368,14.749324,-27.186990,-33.994097,29.866251,20.610086,-18.479310,-19.828133,-1.661935,-27.363368,90.000000,
-19.828133,-1.661935,-27.363368,-67.064640,35.808915,-32.621153,-70.537737,-22.738074,-15.731395,-19.828133,-1.661935,-27.363368,90.000000,
-19.828133,-1.661935,-27.363368,14.749324,-27.186990,-33.994097,29.866251,20.610086,-18.479310,-19.828133,-1.661935,-27.363368,90.000000,
-19.828133,-1.661935,-27.363368,-67.064640,35.808915,-32.621153,-70.537737,-22.738074,-15.731395,-19.828133,-1.661935,-27.363368,90.000000,
-19.828133,-1.661935,-27.363368,14.749324,-27.186990,-33.994097,29.866251,20.610086,-18.479310,-19.828133,-1.661935,-27.363368,90.000000,
-19.828133,-1.661935,-27.363368,-67.064640,35.808915,-32.621153,-70.537737,-22.738074,-15.731395,-19.828133,-1.661935,-27.363368,90.000000,
-19.828133,-1.661935,-27.363368,14.749324,-27.186990,-33.994097,29.866251,20.610086,-18.479310,-19.828133,-1.661935,-27.363368,90.000000,
-19.828133,-1.661935,-27.363368,-67.064640,35.808915,-32.621153,-70.537737,-22.738074,-15.731395,-19.828133,-1.661935,-27.363368,90.000000,
-19.828133,-1.661935,-27.363368,14.749324,-27.186990,-33.994097,29.866251,20.610086,-18.479310,-19.828133,-1.661935,-27.363368,90.000000,
-19.828133,-1.661935,-27.363368,-67.064640,35.808915,-32.621153,-70.537737,-22.738074,-15.731395,-19.828133,-1.661935,-27.363368,90.000000,
-19.828133,-1.661935,-27.363368,14.749324,-27.186990,-33.994097,29.866251,20.610086,-18.479310,-19.828133,-1.661935,-27.363368,90.000000,
-19.828133,-1.661935,-27.363368,-67.064640,35.808915,-32.621153,-70.537737,-22.738074,-15.731395,-19.828133,-1.661935,-27.363368,90.000000,
-19.828133,-1.661935,-27.363368,14.749324,-27.186990,-33.994097,29.866251,20.610086,-18.479310,-19.828133,-1.661935,-27.363368,90.000000,
-19.828133,-1.661935,-27.363368,-67.064640,35.808915,-32.621153,-70.537737,-22.738074,-15.731395,-19.828133,-1.661935,-27.363368,90.000000,
-19.828133,-1.661935,-27.363368,14.749324,-27.186990,-33.994097,29.866251,20.610086,-18.479310,-19.828133,-1.661935,-27.363368,90.000000,
-19.828133,-1.661935,-27.363368,-67.064640,35.808915,-32.621153,-70.537737,-22.738074,-15.731395,-19.828133,-1.661935,-27.363368,90.000000,
-19.828133,-1.661935,-27.363368,14.749324,-27.186990,-33.994097,29.866251,20.610086,-18.479310,-19.828133,-1.661935,-27.363368,90.000000,
-19.828133,-1.661935,-27.363368,-67.064640,35.808915,-32.621153,-70.537737,-22.738074,-15.731395,-19.828133,-1.661935,-27.363368,90.000000,
-19.828133,-1.661935,-27.363368,14.749324,-27.186990,-33.994097,29.866251,20.610086,-18.479310,-19.828133,-1.661935,-27.363368,90.000000,
-19.828133,-1.661935,-27.363368,-67.064640,35.808915,-32.621153,-70.537737,-22.738074,-15.731395,-19.828133,-1.661935,-27.363368,90.000000,
-19.828133,-1.661935,-27.363368,14.749324,-27.186990,-33.994097,29.866251,20.610086,-18.479310,-19.828133,-1.661935,-27.363368,90.000000,
-19.828133,-1.661935,-27.363368,-67.064640,35.808915,-32.621153,-70.537737,-22.738074,-15.731395,-19.828133,-1.661935,-27.363368,90.000000,
-19.828133,-1.661935,-27.363368,14.749324,-27.186990,-33.994097,29.866251,20.610086,-18.479310,-19.828133,-1.661935,-27.363368,90.000000,
-19.828133,-1.661935,-27.363368,-67.064640,35.808915,-32.621153,-70.537737,-22.738074,-15.731395,-19.828133,-1.661935,-27.363368,90.000000,
-19.828133,-1.661935,-27.363368,14.749324,-27.186990,-33.994097,29.866251,20.610086,-18.479310,-19.828133,-1.661935,-27.363368,90.000000,
-19.828133,-1.661935,-27.363368,-67.064640,35.808915,-32.621153,-70.537737,-22.738074,-15.731395,-19.828133,-1.661935,-27.363368,90.000000,
-19.828133,-1.661935,-27.363368,14.749324,-27.186990,-33.994097,29.866251,20.610086,-18.479310,-19.828133,-1.661935,-27.363368,90.000000,
-19.828133,-1.661935,-27.363368,-67.064640,35.808915,-32.621153,-70.537737,-22.738074,-15.731395,-19.828133,-1.661935,-27.363368,90.000000,
-19.828133,-1.661935,-27.363368,14.749324,-27.186990,-33.994097,29.866251,20.610086,-18.479310,-19.828133,-1.661935,-27.363368,90.000000,
-19.828133,-1.661935,-27.363368,-67.064640,35.808915,-32.621153,-70.537737,-22.738074,-15.731395,-19.828133,-1.661935,-27.363368,90.000000,
-19.828133,-1.661935,-27.363368,14.749324,-27.186990,-33.994097,29.866251,20.610086,-18.479310,-19.828133,-1.661935,-27.363368,90.000000,
-19.828133,-1.661935,-27.363368,-67.064640,35.808915,-32.621153,-70.537737,-22.738074,-15.731395,-19.828133,-1.661935,-27.363368,90.000000,
-19.828133,-1.661935,-27.363368,14.749324,-27.186990,-33.994097,29.866251,20.610086,-18.479310,-19.828133,-1.661935,-27.363368,90.000000,
-19.828133,-1.661935,-27.363368,-67.064640,35.808915,-32.621153,-70.537737,-22.738074,-15.731395,-19.828133,-1.661935,-27.363368,90.000000,
-19.828133,-1.661935,-27.363368,14.749324,-27.186990,-33.994097,29.866251,20.610086,-18.479310,-19.828133,-1.661935,-27.363368,90.000000,
-19.828133,-1.661935,-27.363368,-67.064640,35.808915,-32.621153,-70.537737,-22.738074,-15.731395,-19.828133,-1.661935,-27.363368,90.000000,
-19.828133,-1.661935,-27.363368,14.749324,-27.186990,-33.994097,29.866251,20.610086,-18.479310,-19.828133,-1.661935,-27.363368,90.000000,
-19.828133,-1.661935,-27.363368,-67.064640,35.808915,-32.621153,-70.537737,-22.738074,-15.731395,-19.828133,-1.661935,-27.363368,90.000000,
-19.828133,-1.661935,-27.363368,14.749324,-27.186990,-33.994097,29.866251,20.610086,-18.479310,-19.828133,-1.661935,-27.363368,90.000000,
-19.828133,-1.661935,-27.363368,-67.064640,35.808915,-32.621153,-70.537737,-22.738074,-15.731395,-19.828133,-1.661935,-27.363368,90.000000,
-19.828133,-1.661935,-27.363368,14.749324,-27.186990,-33.994097,29.866251,20.610086,-18.479310,-19.828133,-1.661935,-27.363368,90.000000,
-19.828133,-1.661935,-27.363368,-67.064640,35.808915,-32.621153,-70.537737,-22.738074,-15.731395,-19.828133,-1.661935,-27.363368,90.000000,
-19.828133,-1.661935,-27.363368,14.749324,-27.186990,-33.994097,29.866251,20.610086,-18.479310,-19.828133,-1.661935,-27.363368,90.000000,
-19.828133,-1.661935,-27.363368,-67.064640,35.808915,-32.621153,-70.537737,-22.738074,-15.731395,-19.828133,-1.661935,-27.363368,90.000000,
-19.828133,-1.661935,-27.363368,14.749324,-27.186990,-33.994097,29.866251,20.610086,-18.479310,-19.828133,-1.661935,-27.363368,90.000000,
-19.828133,-1.661935,-27.363368,-67.064640,35.808915,-32.621153,-70.537737,-22.738074,-15.731395,-19.828133,-1.661935,-27.363368,90.000000,
-19.828133,-1.661935,-27.363368,14.749324,-27.186990,-33.994097,29.866251,20.610086,-18.479310,-19.828133,-1.661935,-27.363368,90.000000,
-19.828133,-1.661935,-27.363368,-67.064640,35.808915,-32.621153,-70.537737,-22.738074,-15.731395,-19.828133,-1.661935,-27.363368,90.000000,
-19.828133,-1.661935,-27.363368,14.749324,-27.186990,-33.994097,29.866251,20.610086,-18.479310,-19.828133,-1.661935,-27.363368,90.000000,
-19.828133,-1.661935,-27.363368,-67.064640,35.808915,-32.621153,-70.537737,-22.738074,-15.731395,-19.828133,-1.661935,-27.363368,90.000000,
-19.828133,-1.661935,-27.363368,14.749324,-27.186990,-33.994097,29.866251,20.610086,-18.479310,-19.828133,-1.661935,-27.363368,90.000000,
-19.828133,-1.661935,-27.363368,-67.064640,35.808915,-32.621153,-70.537737,-22.738074,-15.731395,-19.828133,-1.661935,-27.363368,90.000000,
-19.828133,-1.661935,-27.363368,14.749324,-27.186990,-33.994097,29.866251,20.610086,-18.479310,-19.828133,-1.661935,-27.363368,90.000000,
-19.828133,-1.661935,-27.363368,-67.064640,35.808915,-32.621153,-70.537737,-22.738074,-15.731395,-19.828133,-1.661935,-27.363368,90.000000,
-19.828133,-1.661935,-27.363368,14.749324,-27.186990,-33.994097,29.866251,20.610086,-18.479310,-19.828133,-1.661935,-27.363368,90.000000,
-19.828133,-1.661935,-27.363368,-67.064640,35.808915,-32.621153,-70.537737,-22.738074,-15.731395,-19.828133,-1.661935,-27.363368,90.000000,
-19.828133,-1.661935,-27.363368,14.749324,-27.186990,-33.994097,29.866251,20.610086,-18.479310,-19.828133,-1.661935,-27.363368,90.000000,
-19.828133,-1.661935,-27.363368,-67.064640,35.808915,-32.621153,-70.537737,-22.738074,-15.731395,-19.828133,-1.661935,-27.363368,90.000000,
-19.828133,-1.661935,-27.363368,14.749324,-27.186990,-33.994097,29.866251,20.610086,-18.479310,-19.828133,-1.661935,-27.363368,90.000000,
-19.828133,-1.661935,-27.363368,-67.064640,35.808915,-32.621153,-70.537737,-22.738074,-15.731395,-19.828133,-1.661935,-27.363368,90.000000,
-19.828133,-1.661935,-27.363368,14.749324,-27.186990,-33.994097,29.866251,20.610086,-18.479310,-19.828133,-1.661935,-27.363368,90.000000,
-19.828133,-1.661935,-27.363368,-67.064640,35.808915,-32.621153,-70.537737,-22.738074,-15.731395,-19.828133,-1.661935,-27.363368,90.000000,
-19.828133,-1.661935,-27.363368,14.749324,-27.186990,-33.994097,29.866251,20.610086,-18.479310,-19.828133,-1.661935,-27.363368,90.000000,
-19.828133,-1.661935,-27.363368,-67.064640,35.808915,-32.621153,-70.537737,-22.738074,-15.731395,-19.828133,-1.661935,-27.363368,90.000000,
-19.828133,-1.661935,-27.363368,14.749324,-27.186990,-33.994097,29.866251,20.610086,-18.479310,-19.828133,-1.661935,-27.363368,90.000000,
-19.828133,-1.661935,-27.363368,-67.064640,35.808915,-32.621153,-70.537737,-22.738074,-15.731395,-19.828133,-1.661935,-27.363368,90.000000,
-19.828133,-1.661935,-27.363368,14.749324,-27.186990,-33.994097,29.866251,20.610086,-18.479310,-19.828133,-1.661935,-27.363368,90.000000,
-19.828133,-1.661935,-27.363368,-67.064640,35.808915,-32.621153,-70.537737,-22.738074,-15.731395,-19.828133,-1.661935,-27.363368,90.000000,
-19.828133,-1.661935,-27.363368,14.749324,-27.186990,-33.994097,29.866251,20.610086,-18.479310,-19.828133,-1.661935,-27.363368,90.000000,
-19.828133,-1.661935,-27.363368,-67.064640,35.808915,-32.621153,-70.537737,-22.738074,-15.731395,-19.828133,-1.661935,-27.363368,90.000000,
-19.828133,-1.661935,-27.363368,14.749324,-27.186990,-33.994097,29.866251,20.610086,-18.479310,-19.828133,-1.661935,-27.363368,90.000000,
-19.828133,-1.661935,-27.363368,-67.064640,35.808915,-32.621153,-70.537737,-22.738074,-15.731395,-19.828133,-1.661935,-27.363368,90.000000,
-19.828133,-1.661935,-27.363368,14.749324,-27.186990,-33.994097,29.866251,20.610086,-18.479310,-19.828133,-1.661935,-27.363368,90.000000,
-19.828133,-1.661935,-27.363368,-67.064640,35.808915,-32.621153,-70.537737,-22.738074,-15.731395,-19.828133,-1.661935,-27.363368,90.000000,
-19.828133,-1.661935,-27.363368,14.749324,-27.186990,-33.994097,29.866251,20.610086,-18.479310,-19.828133,-1.661935,-27.363368,90.000000,
-19.828133,-1.661935,-27.363368,-67.064640,35.808915,-32.621153,-70.537737,-22.738074,-15.731395,-19.828133,-1.661935,-27.363368,90.000000,
-19.828133,-1.661935,-27.363368,14.749324,-27.186990,-33.994097,29.866251,20.610086,-18.479310,-19.828133,-1.661935,-27.363368,90.000000,
-19.828133,-1.661935,-27.363368,-67.064640,35.808915,-32.621153,-70.537737,-22.738074,-15.731395,-19.828133,-1.661935,-27.363368,90.000000,
-19.828133,-1.661935,-27.363368,14.749324,-27.186990,-33.994097,29.866251,20.610086,-18.479310,-19.828133,-1.661935,-27.363368,90.000000,
-19.828133,-1.661935,-27.363368,-67.064640,35.808915,-32.621153,-70.537737,-22.738074,-15.731395,-19.828133,-1.661935,-27.363368,90.000000,
-19.828133,-1.661935,-27.363368,14.749324,-27.186990,-33.994097,29.866251,20.610086,-18.479310,-19.828133,-1.661935,-27.363368,90.000000,
-19.828133,-1.661935,-27.363368,-67.064640,35.808915,-32.621153,-70.537737,-22.738074,-15.731395,-19.828133,-1.661935,-27.363368,90.000000,
-19.828133,-1.661935,-27.363368,14.749324,-27.186990,-33.994097,29.866251,20.610086,-18.479310,-19.828133,-1.661935,-27.363368,90.000000,
-19.828133,-1.661935,-27.363368,-67.064640,35.808915,-32.621153,-70.537737,-22.738074,-15.731395,-19.828133,-1.661935,-27.363368,90.000000,
-19.828133,-1.661935,-27.363368,14.749324,-27.186990,-33.994097,29.866251,20.610086,-18.479310,-19.828133,-1.661935,-27.363368,90.000000,
-19.828133,-1.661935,-27.363368,-67.064640,35.808915,-32.621153,-70.537737,-22.738074,-15.731395,-19.828133,-1.661935,-27.363368,90.000000,
-19.828133,-1.661935,-27.363368,14.749324,-27.186990,-33.994097,29.866251,20.610086,-18.479310,-19.828133,-1.661935,-27.363368,90.000000,
-19.828133,-1.661935,-27.363368,-67.064640,35.808915,-32.621153,-70.537737,-22.738074,-15.731395,-19.828133,-1.661935,-27.363368,90.000000,
-19.828133,-1.661935,-27.363368,14.749324,-27.186990,-33.994097,29.866251,20.610086,-18.479310,-19.828133,-1.661935,-27.363368,90.000000,
-19.828133,-1.661935,-27.363368,-67.064640,35.808915,-32.621153,-70.537737,-22.738074,-15.731395,-19.828133,-1.661935,-27.363368,90.000000,
-19.828133,-1.661935,-27.363368,14.749324,-27.186990,-33.994097,29.866251,20.610086,-18.479310,-19.828133,-1.661935,-27.363368,90.000000,
-19.828133,-1.661935,-27.363368,-67.064640,35.808915,-32.621153,-70.537737,-22.738074,-15.731395,-19.828133,-1.661935,-27.363368,90.000000,
-19.828133,-1.661935,-27.363368,14.749324,-27.186990,-33.994097,29.866251,20.610086,-18.479310,-19.828133,-1.661935,-27.363368,90.000000,
-19.828133,-1.661935,-27.363368,-67.064640,35.808915,-32.621153,-70.537737,-22.738074,-15.731395,-19.828133,-1.661935,-27.363368,90.000000,
-19.828133,-1.661935,-27.363368,14.749324,-27.186990,-33.994097,29.866251,20.610086,-18.479310,-19.828133,-1.661935,-27.363368,90.000000,
-19.828133,-1.661935,-27.363368,-67.064640,35.808915,-32.621153,-70.537737,-22.738074,-15.731395,-19.828133,-1.661935,-27.363368,90.000000,
-19.828133,-1.661935,-27.363368,14.749324,-27.186990,-33.994097,29.866251,20.610086,-18.479310,-19.828133,-1.661935,-27.363368,90.000000,
-19.828133,-1.661935,-27.363368,-67.064640,35.808915,-32.621153,-70.537737,-22.738074,-15.731395,-19.828133,-1.661935,-27.363368,90.000000,
-19.828133,-1.661935,-27.363368,14.749324,-27.186990,-33.994097,29.866251,20.610086,-18.479310,-19.828133,-1.661935,-27.363368,90.000000,
-19.828133,-1.661935,-27.363368,-67.064640,35.808915,-32.621153,-70.537737,-22.738074,-15.731395,-19.828133,-1.661935,-27.363368,90.000000,
-19.828133,-1.661935,-27.363368,14.749324,-27.186990,-33.994097,29.866251,20.610086,-18.479310,-19.828133,-1.661935,-27.363368,90.000000,
-19.828133,-1.661935,-27.363368,-67.064640,35.808915,-32.621153,-70.537737,-22.738074,-15.731395,-19.828133,-1.661935,-27.363368,90.000000,
-19.828133,-1.661935,-27.363368,14.749324,-27.186990,-33.994097,29.866251,20.610086,-18.479310,-19.828133,-1.661935,-27.363368,90.000000,
-19.828133,-1.661935,-27.363368,-67.064640,35.808915,-32.621153,-70.537737,-22.738074,-15.731395,-19.828133,-1.661935,-27.363368,90.000000,
-19.828133,-1.661935,-27.363368,14.749324,-27.186990,-33.994097,29.866251,20.610086,-18.479310,-19.828133,-1.661935,-27.363368,90.000000,
-19.828133,-1.661935,-27.363368,-67.064640,35.808915,-32.621153,-70.537737,-22.738074,-15.731395,-19.828133,-1.661935,-27.363368,90.000000,
-19.828133,-1.661935,-27.363368,14.749324,-27.186990,-33.994097,29.866251,20.610086,-18.479310,-19.828133,-1.661935,-27.363368,90.000000,
-19.828133,-1.661935,-27.363368,-67.064640,35.808915,-32.621153,-70.537737,-22.738074,-15.731395,-19.828133,-1.661935,-27.363368,90.000000,
-19.828133,-1.661935,-27.363368,14.749324,-27.186990,-33.994097,29.866251,20.610086,-18.479310,-19.828133,-1.661935,-27.363368,90.000000,
-19.828133,-1.661935,-27.363368,-67.064640,35.808915,-32.621153,-70.537737,-22.738074,-15.731395,-19.828133,-1.661935,-27.363368,90.000000,
-19.828133,-1.661935,-27.363368,14.749324,-27.186990,-33.994097,29.866251,20.610086,-18.479310,-19.828133,-1.661935,-27.363368,90.000000,
-19.828133,-1.661935,-27.363368,-67.064640,35.808915,-32.621153,-70.537737,-22.738074,-15.731395,-19.828133,-1.661935,-27.363368,90.000000,
-19.828133,-1.661935,-27.363368,14.749324,-27.186990,-33.994097,29.866251,20.610086,-18.479310,-19.828133,-1.661935,-27.363368,90.000000,
-19.828133,-1.661935,-27.363368,-67.064640,35.808915,-32.621153,-70.537737,-22.738074,-15.731395,-19.828133,-1.661935,-27.363368,90.000000,
-19.828133,-1.661935,-27.363368,14.749324,-27.186990,-33.994097,29.866251,20.610086,-18.479310,-19.828133,-1.661935,-27.363368,90.000000,
-19.828133,-1.661935,-27.363368,-67.064640,35.808915,-32.621153,-70.537737,-22.738074,-15.731395,-19.828133,-1.661935,-27.363368,90.000000,
-19.828133,-1.661935,-27.363368,14.749324,-27.186990,-33.994097,29.866251,20.610086,-18.479310,-19.828133,-1.661935,-27.363368,90.000000,
-19.828133,-1.661935,-27.363368,-67.064640,35.808915,-32.621153,-70.537737,-22.738074,-15.731395,-19.828133,-1.661935,-27.363368,90.000000,
-19.828133,-1.661935,-27.363368,14.749324,-27.186990,-33.994097,29.866251,20.610086,-18.479310,-19.828133,-1.661935,-27.363368,90.000000,
-19.828133,-1.661935,-27.363368,-67.064640,35.808915,-32.621153,-70.537737,-22.738074,-15.731395,-19.828133,-1.661935,-27.363368,90.000000,
-19.828133,-1.661935,-27.363368,14.749324,-27.186990,-33.994097,29.866251,20.610086,-18.479310,-19.828133,-1.661935,-27.363368,90.000000,
-19.828133,-1.661935,-27.363368,-67.064640,35.808915,-32.621153,-70.537737,-22.738074,-15.731395,-19.828133,-1.661935,-27.363368,90.000000,
-19.828133,-1.661935,-27.363368,14.749324,-27.186990,-33.994097,29.866251,20.610086,-18.479310,-19.828133,-1.661935,-27.363368,90.000000,
-19.828133,-1.661935,-27.363368,-67.064640,35.808915,-32.621153,-70.537737,-22.738074,-15.731395,-19.828133,-1.661935,-27.363368,90.000000,
-19.828133,-1.661935,-27.363368,14.749324,-27.186990,-33.994097,29.866251,20.610086,-18.479310,-19.828133,-1.661935,-27.363368,90.000000,
-19.828133,-1.661935,-27.363368,-67.064640,35.808915,-32.621153,-70.537737,-22.738074,-15.731395,-19.828133,-1.661935,-27.363368,90.000000,
-19.828133,-1.661935,-27.363368,14.749324,-27.186990,-33.994097,29.866251,20.610086,-18.479310,-19.828133,-1.661935,-27.363368,90.000000,
-19.828133,-1.661935,-27.363368,-67.064640,35.808915,-32.621153,-70.537737,-22.738074,-15.731395,-19.828133,-1.661935,-27.363368,90.000000,
-19.828133,-1.661935,-27.363368,14.749324,-27.186990,-33.994097,29.866251,20.610086,-18.479310,-19.828133,-1.661935,-27.363368,90.000000,
-19.828133,-1.661935,-27.363368,-67.064640,35.808915,-32.621153,-70.537737,-22.738074,-15.731395,-19.828133,-1.661935,-27.363368,90.000000,
-19.828133,-1.661935,-27.363368,14.749324,-27.186990,-33.994097,29.866251,20.610086,-18.479310,-19.828133,-1.661935,-27.363368,90.000000,
-19.828133,-1.661935,-27.363368,-67.064640,35.808915,-32.621153,-70.537737,-22.738074,-15.731395,-19.828133,-1.661935,-27.363368,90.000000,
-19.828133,-1.661935,-27.363368,14.749324,-27.186990,-33.994097,29.866251,20.610086,-18.479310,-19.828133,-1.661935,-27.363368,90.000000,
-19.828133,-1.661935,-27.363368,-67.064640,35.808915,-32.621153,-70.537737,-22.738074,-15.731395,-19.828133,-1.661935,-27.363368,90.000000,
-19.828133,-1.661935,-27.363368,14.749324,-27.186990,-33.994097,29.866251,20.610086,-18.479310,-19.828133,-1.661935,-27.363368,90.000000,
-19.828133,-1.661935,-27.363368,-67.064640,35.808915,-32.621153,-70.537737,-22.738074,-15.731395,-19.828133,-1.661935,-27.363368,90.000000,
-19.828133,-1.661935,-27.363368,14.749324,-27.186990,-33.994097,29.866251,20.610086,-18.479310,-19.828133,-1.661935,-27.363368,90.000000,
-19.828133,-1.661935,-27.363368,-67.064640,35.808915,-32.621153,-70.537737,-22.738074,-15.731395,-19.828133,-1.661935,-27.363368,90.000000,
-19.828133,-1.661935,-27.363368,14.749324,-27.186990,-33.994097,29.866251,20.610086,-18.479310,-19.828133,-1.661935,-27.363368,90.000000,
-19.828133,-1.661935,-27.363368,-67.064640,35.808915,-32.621153,-70.537737,-22.738074,-15.731395,-19.828133,-1.661935,-27.363368,90.000000,
-19.828133,-1.661935,-27.363368,14.749324,-27.186990,-33.994097,29.866251,20.610086,-18.479310,-19.828133,-1.661935,-27.363368,90.000000,
-19.828133,-1.661935,-27.363368,-67.064640,35.808915,-32.621153,-70.537737,-22.738074,-15.731395,-19.828133,-1.661935,-27.363368,90.000000,
-19.828133,-1.661935,-27.363368,14.749324,-27.186990,-33.994097,29.866251,20.610086,-18.479310,-19.828133,-1.661935,-27.363368,90.000000,
-19.828133,-1.661935,-27.363368,-67.064640,35.808915,-32.621153,-70.537737,-22.738074,-15.731395,-19.828133,-1.661935,-27.363368,90.000000,
-19.828133,-1.661935,-27.363368,14.749324,-27.186990,-33.994097,29.866251,20.610086,-18.479310,-19.828133,-1.661935,-27.363368,90.000000,
-19.828133,-1.661935,-27.363368,-67.064640,35.808915,-32.621153,-70.537737,-22.738074,-15.731395,-19.828133,-1.661935,-27.363368,90.000000,
-19.828133,-1.661935,-27.363368,14.749324,-27.186990,-33.994097,29.866251,20.610086,-18.479310,-19.828133,-1.661935,-27.363368,90.000000,
-19.828133,-1.661935,-27.363368,-67.064640,35.808915,-32.621153,-70.537737,-22.738074,-15.731395,-19.828133,-1.661935,-27.363368,90.000000,
-19.828133,-1.661935,-27.363368,14.749324,-27.186990,-33.994097,29.866251,20.610086,-18.479310,-19.828133,-1.661935,-27.363368,90.000000,
-19.828133,-1.661935,-27.363368,-67.064640,35.808915,-32.621153,-70.537737,-22.738074,-15.731395,-19.828133,-1.661935,-27.363368,90.000000,
-19.828133,-1.661935,-27.363368,14.749324,-27.186990,-33.994097,29.866251,20.610086,-18.479310,-19.828133,-1.661935,-27.363368,90.000000,
-19.828133,-1.661935,-27.363368,-67.064640,35.808915,-32.621153,-70.537737,-22.738074,-15.731395,-19.828133,-1.661935,-27.363368,90.000000,
-19.828133,-1.661935,-27.363368,14.749324,-27.186990,-33.994097,29.866251,20.610086,-18.479310,-19.828133,-1.661935,-27.363368,90.000000,
-19.828133,-1.661935,-27.363368,-67.064640,35.808915,-32.621153,-70.537737,-22.738074,-15.731395,-19.828133,-1.661935,-27.363368,90.000000,
-19.828133,-1.661935,-27.363368,14.749324,-27.186990,-33.994097,29.866251,20.610086,-18.479310,-19.828133,-1.661935,-27.363368,90.000000,
-19.828133,-1.661935,-27.363368,-67.064640,35.808915,-32.621153,-70.537737,-22.738074,-15.731395,-19.828133,-1.661935,-27.363368,90.000000,
-19.828133,-1.661935,-27.363368,14.749324,-27.186990,-33.994097,29.866251,20.610086,-18.479310,-19.828133,-1.661935,-27.363368,90.000000,
-19.828133,-1.661935,-27.363368,-67.064640,35.808915,-32.621153,-70.537737,-22.738074,-15.731395,-19.828133,-1.661935,-27.363368,90.000000,
-19.828133,-1.661935,-27.363368,14.749324,-27.186990,-33.994097,29.866251,20.610086,-18.479310,-19.828133,-1.661935,-27.363368,90.000000,
-19.828133,-1.661935,-27.363368,-67.064640,35.808915,-32.621153,-70.537737,-22.738074,-15.731395,-19.828133,-1.661935,-27.363368,90.000000,
-19.828133,-1.661935,-27.363368,14.749324,-27.186990,-33.994097,29.866251,20.610086,-18.479310,-19.828133,-1.661935,-27.363368,90.000000,
-19.828133,-1.661935,-27.363368,-67.064640,35.808915,-32.621153,-70.537737,-22.738074,-15.731395,-19.828133,-1.661935,-27.363368,90.000000,
-19.828133,-1.661935,-27.363368,14.749324,-27.186990,-33.994097,29.866251,20.610086,-18.479310,-19.828133,-1.661935,-27.363368,90.000000,
-19.828133,-1.661935,-27.363368,-67.064640,35.808915,-32.621153,-70.537737,-22.738074,-15.731395,-19.828133,-1.661935,-27.363368,90.000000,
-19.828133,-1.661935,-27.363368,14.749324,-27.186990,-33.994097,29.866251,20.610086,-18.479310,-19.828133,-1.661935,-27.363368,90.000000,
-19.828133,-1.661935,-27.363368,-67.064640,35.808915,-32.621153,-70.537737,-22.738074,-15.731395,-19.828133,-1.661935,-27.363368,90.000000,
-19.828133,-1.661935,-27.363368,14.749324,-27.186990,-33.994097,29.866251,20.610086,-18.479310,-19.828133,-1.661935,-27.363368,90.000000,
-19.828133,-1.661935,-27.363368,-67.064640,35.808915,-32.621153,-70.537737,-22.738074,-15.731395,-19.828133,-1.661935,-27.363368,90.000000,
-19.828133,-1.661935,-27.363368,14.749324,-27.186990,-33.994097,29.866251,20.610086,-18.479310,-19.828133,-1.661935,-27.363368,90.000000,
-19.828133,-1.661935,-27.363368,-67.064640,35.808915,-32.621153,-70.537737,-22.738074,-15.731395,-19.828133,-1.661935,-27.363368,90.000000,
-19.828133,-1.661935,-27.363368,14.749324,-27.186990,-33.994097,29.866251,20.610086,-18.479310,-19.828133,-1.661935,-27.363368,90.000000,
-19.828133,-1.661935,-27.363368,-67.064640,35.808915,-32.621153,-70.537737,-22.738074,-15.731395,-19.828133,-1.661935,-27.363368,90.000000,
-19.828133,-1.661935,-27.363368,14.749324,-27.186990,-33.994097,29.866251,20.610086,-18.479310,-19.828133,-1.661935,-27.363368,90.000000,
-19.828133,-1.661935,-27.363368,-67.064640,35.808915,-32.621153,-70.537737,-22.738074,-15.731395,-19.828133,-1.661935,-27.363368,90.000000,
-19.828133,-1.661935,-27.363368,14.749324,-27.186990,-33.994097,29.866251,20.610086,-18.479310,-19.828133,-1.661935,-27.363368,90.000000,
-19.828133,-1.661935,-27.363368,-67.064640,35.808915,-32.621153,-70.537737,-22.738074,-15.731395,-19.828133,-1.661935,-27.363368,90.000000,
-19.828133,-1.661935,-27.363368,14.749324,-27.186990,-33.994097,29.866251,20.610086,-18.479310,-19.828133,-1.661935,-27.363368,90.000000,
-19.828133,-1.661935,-27.363368,-67.064640,35.808915,-32.621153,-70.537737,-22.738074,-15.731395,-19.828133,-1.661935,-27.363368,90.000000,
-19.828133,-1.661935,-27.363368,14.749324,-27.186990,-33.994097,29.866251,20.610086,-18.479310,-19.828133,-1.661935,-27.363368,90.000000,
-19.828133,-1.661935,-27.363368,-67.064640,35.808915,-32.621153,-70.537737,-22.738074,-15.731395,-19.828133,-1.661935,-27.363368,90.000000,
-19.828133,-1.661935,-27.363368,14.749324,-27.186990,-33.994097,29.866251,20.610086,-18.479310,-19.828133,-1.661935,-27.363368,90.000000,
-19.828133,-1.661935,-27.363368,-67.064640,35.808915,-32.621153,-70.537737,-22.738074,-15.731395,-19.828133,-1.661935,-27.363368,90.000000,
-19.828133,-1.661935,-27.363368,14.749324,-27.186990,-33.994097,29.866251,20.610086,-18.479310,-19.828133,-1.661935,-27.363368,90.000000,
-19.828133,-1.661935,-27.363368,-67.064640,35.808915,-32.621153,-70.537737,-22.738074,-15.731395,-19.828133,-1.661935,-27.363368,90.000000,
-19.828133,-1.661935,-27.363368,14.749324,-27.186990,-33.994097,29.866251,20.610086,-18.479310,-19.828133,-1.661935,-27.363368,90.000000,
-19.828133,-1.661935,-27.363368,-67.064640,35.808915,-32.621153,-70.537737,-22.738074,-15.731395,-19.828133,-1.661935,-27.363368,90.000000,
-19.828133,-1.661935,-27.363368,14.749324,-27.186990,-33.994097,29.866251,20.610086,-18.479310,-19.828133,-1.661935,-27.363368,90.000000,
-19.828133,-1.661935,-27.363368,-67.064640,35.808915,-32.621153,-70.537737,-22.738074,-15.731395,-19.828133,-1.661935,-27.363368,90.000000,
-19.828133,-1.661935,-27.363368,14.749324,-27.186990,-33.994097,29.866251,20.610086,-18.479310,-19.828133,-1.661935,-27.363368,90.000000,
-19.828133,-1.661935,-27.363368,-67.064640,35.808915,-32.621153,-70.537737,-22.738074,-15.731395,-19.828133,-1.661935,-27.363368,90.000000,
-19.828133,-1.661935,-27.363368,14.749324,-27.186990,-33.994097,29.866251,20.610086,-18.479310,-19.828133,-1.661935,-27.363368,90.000000,
-19.828133,-1.661935,-27.363368,-67.064640,35.808915,-32.621153,-70.537737,-22.738074,-15.731395,-19.828133,-1.661935,-27.363368,90.000000,
-19.828133,-1.661935,-27.363368,14.749324,-27.186990,-33.994097,29.866251,20.610086,-18.479310,-19.828133,-1.661935,-27.363368,90.000000,
-19.828133,-1.661935,-27.363368,-67.064640,35.808915,-32.621153,-70.537737,-22.738074,-15.731395,-19.828133,-1.661935,-27.363368,90.000000,
-19.828133,-1.661935,-27.363368,14.749324,-27.186990,-33.994097,29.866251,20.610086,-18.479310,-19.828133,-1.661935,-27.363368,90.000000,
-19.828133,-1.661935,-27.363368,-67.064640,35.808915,-32.621153,-70.537737,-22.738074,-15.731395,-19.828133,-1.661935,-27.363368,90.000000,
-19.828133,-1.661935,-27.363368,14.749324,-27.186990,-33.994097,29.866251,20.610086,-18.479310,-19.828133,-1.661935,-27.363368,90.000000,
-19.828133,-1.661935,-27.363368,-67.064640,35.808915,-32.621153,-70.537737,-22.738074,-15.731395,-19.828133,-1.661935,-27.363368,90.000000,
-19.828133,-1.661935,-27.363368,14.749324,-27.186990,-33.994097,29.866251,20.610086,-18.479310,-19.828133,-1.661935,-27.363368,90.000000,
-19.828133,-1.661935,-27.363368,-67.064640,35.808915,-32.621153,-70.537737,-22.738074,-15.731395,-19.828133,-1.661935,-27.363368,90.000000,
-19.828133,-1.661935,-27.363368,14.749324,-27.186990,-33.994097,29.866251,20.610086,-18.479310,-19.828133,-1.661935,-27.363368,90.000000,
-19.828133,-1.661935,-27.363368,-67.064640,35.808915,-32.621153,-70.537737,-22.738074,-15.731395,-19.828133,-1.661935,-27.363368,90.000000,
-19.828133,-1.661935,-27.363368,14.749324,-27.186990,-33.994097,29.866251,20.610086,-18.479310,-19.828133,-1.661935,-27.363368,90.000000,
-19.828133,-1.661935,-27.363368,-67.064640,35.808915,-32.621153,-70.537737,-22.738074,-15.731395,-19.828133,-1.661935,-27.363368,90.000000,
-19.828133,-1.661935,-27.363368,14.749324,-27.186990,-33.994097,29.866251,20.610086,-18.479310,-19.828133,-1.661935,-27.363368,90.000000,
-19.828133,-1.661935,-27.363368,-67.064640,35.808915,-32.621153,-70.537737,-22.738074,-15.731395,-19.828133,-1.661935,-27.363368,90.000000,
-19.828133,-1.661935,-27.363368,14.749324,-27.186990,-33.994097,29.866251,20.610086,-18.479310,-19.828133,-1.661935,-27.363368,90.000000,
-19.828133,-1.661935,-27.363368,-67.064640,35.808915,-32.621153,-70.537737,-22.738074,-15.731395,-19.828133,-1.661935,-27.363368,90.000000,
-19.828133,-1.661935,-27.363368,14.749324,-27.186990,-33.994097,29.866251,20.610086,-18.479310,-19.828133,-1.661935,-27.363368,90.000000,
-19.828133,-1.661935,-27.363368,-67.064640,35.808915,-32.621153,-70.537737,-22.738074,-15.731395,-19.828133,-1.661935,-27.363368,90.000000,
-19.828133,-1.661935,-27.363368,14.749324,-27.186990,-33.994097,29.866251,20.610086,-18.479310,-19.828133,-1.661935,-27.363368,90.000000,
-19.828133,-1.661935,-27.363368,-67.064640,35.808915,-32.621153,-70.537737,-22.738074,-15.731395,-19.828133,-1.661935,-27.363368,90.000000,
-19.828133,-1.661935,-27.363368,14.749324,-27.186990,-33.994097,29.866251,20.610086,-18.479310,-19.828133,-1.661935,-27.363368,90.000000,
-19.828133,-1.661935,-27.363368,-67.064640,35.808915,-32.621153,-70.537737,-22.738074,-15.731395,-19.828133,-1.661935,-27.363368,90.000000,
-19.828133,-1.661935,-27.363368,14.749324,-27.186990,-33.994097,29.866251,20.610086,-18.479310,-19.828133,-1.661935,-27.363368,90.000000,
-19.828133,-1.661935,-27.363368,-67.064640,35.808915,-32.621153,-70.537737,-22.738074,-15.731395,-19.828133,-1.661935,-27.363368,90.000000,
-19.828133,-1.661935,-27.363368,14.749324,-27.186990,-33.994097,29.866251,20.610086,-18.479310,-19.828133,-1.661935,-27.363368,90.000000,
-19.828133,-1.661935,-27.363368,-67.064640,35.808915,-32.621153,-70.537737,-22.738074,-15.731395,-19.828133,-1.661935,-27.363368,90.000000,
-19.828133,-1.661935,-27.363368,14.749324,-27.186990,-33.994097,29.866251,20.610086,-18.479310,-19.828133,-1.661935,-27.363368,90.000000,
-19.828133,-1.661935,-27.363368,-67.064640,35.808915,-32.621153,-70.537737,-22.738074,-15.731395,-19.828133,-1.661935,-27.363368,90.000000,
-19.828133,-1.661935,-27.363368,14.749324,-27.186990,-33.994097,29.866251,20.610086,-18.479310,-19.828133,-1.661935,-27.363368,90.000000,
-19.828133,-1.661935,-27.363368,-67.064640,35.808915,-32.621153,-70.537737,-22.738074,-15.731395,-19.828133,-1.661935,-27.363368,90.000000,
-19.828133,-1.661935,-27.363368,14.749324,-27.186990,-33.994097,29.866251,20.610086,-18.479310,-19.828133,-1.661935,-27.363368,90.000000,
-19.828133,-1.661935,-27.363368,-67.064640,35.808915,-32.621153,-70.537737,-22.738074,-15.731395,-19.828133,-1.661935,-27.363368,90.000000,
-19.828133,-1.661935,-27.363368,14.749324,-27.186990,-33.994097,29.866251,20.610086,-18.479310,-19.828133,-1.661935,-27.363368,90.000000,
-19.828133,-1.661935,-27.363368,-67.064640,35.808915,-32.621153,-70.537737,-22.738074,-15.731395,-19.828133,-1.661935,-27.363368,90.000000,
-19.828133,-1.661935,-27.363368,14.749324,-27.186990,-33.994097,29.866251,20.610086,-18.479310,-19.828133,-1.661935,-27.363368,90.000000,
-19.828133,-1.661935,-27.363368,-67.064640,35.808915,-32.621153,-70.537737,-22.738074,-15.731395,-19.828133,-1.661935,-27.363368,90.000000,
-19.828133,-1.661935,-27.363368,14.749324,-27.186990,-33.994097,29.866251,20.610086,-18.479310,-19.828133,-1.661935,-27.363368,90.000000,
-19.828133,-1.661935,-27.363368,-67.064640,35.808915,-32.621153,-70.537737,-22.738074,-15.731395,-19.828133,-1.661935,-27.363368,90.000000,
-19.828133,-1.661935,-27.363368,14.749324,-27.186990,-33.994097,29.866251,20.610086,-18.479310,-19.828133,-1.661935,-27.363368,90.000000,
-19.828133,-1.661935,-27.363368,-67.064640,35.808915,-32.621153,-70.537737,-22.738074,-15.731395,-19.828133,-1.661935,-27.363368,90.000000,
-19.828133,-1.661935,-27.363368,14.749324,-27.186990,-33.994097,29.866251,20.610086,-18.479310,-19.828133,-1.661935,-27.363368,90.000000,
-19.828133,-1.661935,-27.363368,-67.064640,35.808915,-32.621153,-70.537737,-22.738074,-15.731395,-19.828133,-1.661935,-27.363368,90.000000,
-19.828133,-1.661935,-27.363368,14.749324,-27.186990,-33.994097,29.866251,20.610086,-18.479310,-19.828133,-1.661935,-27.363368,90.000000,
-19.828133,-1.661935,-27.363368,-67.064640,35.808915,-32.621153,-70.537737,-22.738074,-15.731395,-19.828133,-1.661935,-27.363368,90.000000,
-19.828133,-1.661935,-27.363368,14.749324,-27.186990,-33.994097,29.866251,20.610086,-18.479310,-19.828133,-1.661935,-27.363368,90.000000,
-19.828133,-1.661935,-27.363368,-67.064640,35.808915,-32.621153,-70.537737,-22.738074,-15.731395,-19.828133,-1.661935,-27.363368,90.000000,
-19.828133,-1.661935,-27.363368,14.749324,-27.186990,-33.994097,29.866251,20.610086,-18.479310,-19.828133,-1.661935,-27.363368,90.000000,
-19.828133,-1.661935,-27.363368,-67.064640,35.808915,-32.621153,-70.537737,-22.738074,-15.731395,-19.828133,-1.661935,-27.363368,90.000000,
-19.828133,-1.661935,-27.363368,14.749324,-27.186990,-33.994097,29.866251,20.610086,-18.479310,-19.828133,-1.661935,-27.363368,90.000000,
-19.828133,-1.661935,-27.363368,-67.064640,35.808915,-32.621153,-70.537737,-22.738074,-15.731395,-19.828133,-1.661935,-27.363368,90.000000,
-19.828133,-1.661935,-27.363368,14.749324,-27.186990,-33.994097,29.866251,20.610086,-18.479310,-19.828133,-1.661935,-27.363368,90.000000,
-19.828133,-1.661935,-27.363368,-67.064640,35.808915,-32.621153,-70.537737,-22.738074,-15.731395,-19.828133,-1.661935,-27.363368,90.000000,
-19.828133,-1.661935,-27.363368,14.749324,-27.186990,-33.994097,29.866251,20.610086,-18.479310,-19.828133,-1.661935,-27.363368,90.000000,
-19.828133,-1.661935,-27.363368,-67.064640,35.808915,-32.621153,-70.537737,-22.738074,-15.731395,-19.828133,-1.661935,-27.363368,90.000000,
-19.828133,-1.661935,-27.363368,14.749324,-27.186990,-33.994097,29.866251,20.610086,-18.479310,-19.828133,-1.661935,-27.363368,90.000000,
-19.828133,-1.661935,-27.363368,-67.064640,35.808915,-32.621153,-70.537737,-22.738074,-15.731395,-19.828133,-1.661935,-27.363368,90.000000,
-19.828133,-1.661935,-27.363368,14.749324,-27.186990,-33.994097,29.866251,20.610086,-18.479310,-19.828133,-1.661935,-27.363368,90.000000,
-19.828133,-1.661935,-27.363368,-67.064640,35.808915,-32.621153,-70.537737,-22.738074,-15.731395,-19.828133,-1.661935,-27.363368,90.000000,
-19.828133,-1.661935,-27.363368,14.749324,-27.186990,-33.994097,29.866251,20.610086,-18.479310,-19.828133,-1.661935,-27.363368,90.000000,
-19.828133,-1.661935,-27.363368,-67.064640,35.808915,-32.621153,-70.537737,-22.738074,-15.731395,-19.828133,-1.661935,-27.363368,90.000000,
-19.828133,-1.661935,-27.363368,14.749324,-27.186990,-33.994097,29.866251,20.610086,-18.479310,-19.828133,-1.661935,-27.363368,90.000000,
-19.828133,-1.661935,-27.363368,-67.064640,35.808915,-32.621153,-70.537737,-22.738074,-15.731395,-19.828133,-1.661935,-27.363368,90.000000,
-19.828133,-1.661935,-27.363368,14.749324,-27.186990,-33.994097,29.866251,20.610086,-18.479310,-19.828133,-1.661935,-27.363368,90.000000,
-19.828133,-1.661935,-27.363368,-67.064640,35.808915,-32.621153,-70.537737,-22.738074,-15.731395,-19.828133,-1.661935,-27.363368,90.000000,
-19.828133,-1.661935,-27.363368,14.749324,-27.186990,-33.994097,29.866251,20.610086,-18.479310,-19.828133,-1.661935,-27.363368,90.000000,
-19.828133,-1.661935,-27.363368,-67.064640,35.808915,-32.621153,-70.537737,-22.738074,-15.731395,-19.828133,-1.661935,-27.363368,90.000000,
-19.828133,-1.661935,-27.363368,14.749324,-27.186990,-33.994097,29.866251,20.610086,-18.479310,-19.828133,-1.661935,-27.363368,90.000000,
-19.828133,-1.661935,-27.363368,-67.064640,35.808915,-32.621153,-70.537737,-22.738074,-15.731395,-19.828133,-1.661935,-27.363368,90.000000,
-19.828133,-1.661935,-27.363368,14.749324,-27.186990,-33.994097,29.866251,20.610086,-18.479310,-19.828133,-1.661935,-27.363368,90.000000,
-19.828133,-1.661935,-27.363368,-67.064640,35.808915,-32.621153,-70.537737,-22.738074,-15.731395,-19.828133,-1.661935,-27.363368,90.000000,
-19.828133,-1.661935,-27.363368,14.749324,-27.186990,-33.994097,29.866251,20.610086,-18.479310,-19.828133,-1.661935,-27.363368,90.000000,
-19.828133,-1.661935,-27.363368,-67.064640,35.808915,-32.621153,-70.537737,-22.738074,-15.731395,-19.828133,-1.661935,-27.363368,90.000000,
-19.828133,-1.661935,-27.363368,14.749324,-27.186990,-33.994097,29.866251,20.610086,-18.479310,-19.828133,-1.661935,-27.363368,90.000000,
-19.828133,-1.661935,-27.363368,-67.064640,35.808915,-32.621153,-70.537737,-22.738074,-15.731395,-19.828133,-1.661935,-27.363368,90.000000,
-19.828133,-1.661935,-27.363368,14.749324,-27.186990,-33.994097,29.866251,20.610086,-18.479310,-19.828133,-1.661935,-27.363368,90.000000,
-19.828133,-1.661935,-27.363368,-67.064640,35.808915,-32.621153,-70.537737,-22.738074,-15.731395,-19.828133,-1.661935,-27.363368,90.000000,
-19.828133,-1.661935,-27.363368,14.749324,-27.186990,-33.994097,29.866251,20.610086,-18.479310,-19.828133,-1.661935,-27.363368,90.000000,
-19.828133,-1.661935,-27.363368,-67.064640,35.808915,-32.621153,-70.537737,-22.738074,-15.731395,-19.828133,-1.661935,-27.363368,90.000000,
-19.828133,-1.661935,-27.363368,14.749324,-27.186990,-33.994097,29.866251,20.610086,-18.479310,-19.828133,-1.661935,-27.363368,90.000000,
-19.828133,-1.661935,-27.363368,-67.064640,35.808915,-32.621153,-70.537737,-22.738074,-15.731395,-19.828133,-1.661935,-27.363368,90.000000,
-19.828133,-1.661935,-27.363368,14.749324,-27.186990,-33.994097,29.866251,20.610086,-18.479310,-19.828133,-1.661935,-27.363368,90.000000,
-19.828133,-1.661935,-27.363368,-67.064640,35.808915,-32.621153,-70.537737,-22.738074,-15.731395,-19.828133,-1.661935,-27.363368,90.000000,
-19.828133,-1.661935,-27.363368,14.749324,-27.186990,-33.994097,29.866251,20.610086,-18.479310,-19.828133,-1.661935,-27.363368,90.000000,
-19.828133,-1.661935,-27.363368,-67.064640,35.808915,-32.621153,-70.537737,-22.738074,-15.731395,-19.828133,-1.661935,-27.363368,90.000000,
-19.828133,-1.661935,-27.363368,14.749324,-27.186990,-33.994097,29.866251,20.610086,-18.479310,-19.828133,-1.661935,-27.363368,90.000000,
-19.828133,-1.661935,-27.363368,-67.064640,35.808915,-32.621153,-70.537737,-22.738074,-15.731395,-19.828133,-1.661935,-27.363368,90.000000,
-19.828133,-1.661935,-27.363368,14.749324,-27.186990,-33.994097,29.866251,20.610086,-18.479310,-19.828133,-1.661935,-27.363368,90.000000,
-19.828133,-1.661935,-27.363368,-67.064640,35.808915,-32.621153,-70.537737,-22.738074,-15.731395,-19.828133,-1.661935,-27.363368,90.000000,
-19.828133,-1.661935,-27.363368,14.749324,-27.186990,-33.994097,29.866251,20.610086,-18.479310,-19.828133,-1.661935,-27.363368,90.000000,
-19.828133,-1.661935,-27.363368,-67.064640,35.808915,-32.621153,-70.537737,-22.738074,-15.731395,-19.828133,-1.661935,-27.363368,90.000000,
-19.828133,-1.661935,-27.363368,14.749324,-27.186990,-33.994097,29.866251,20.610086,-18.479310,-19.828133,-1.661935,-27.363368,90.000000,
-19.828133,-1.661935,-27.363368,-67.064640,35.808915,-32.621153,-70.537737,-22.738074,-15.731395,-19.828133,-1.661935,-27.363368,90.000000,
-19.828133,-1.661935,-27.363368,14.749324,-27.186990,-33.994097,29.866251,20.610086,-18.479310,-19.828133,-1.661935,-27.363368,90.000000,
-19.828133,-1.661935,-27.363368,-67.064640,35.808915,-32.621153,-70.537737,-22.738074,-15.731395,-19.828133,-1.661935,-27.363368,90.000000,
-19.828133,-1.661935,-27.363368,14.749324,-27.186990,-33.994097,29.866251,20.610086,-18.479310,-19.828133,-1.661935,-27.363368,90.000000,
-19.828133,-1.661935,-27.363368,-67.064640,35.808915,-32.621153,-70.537737,-22.738074,-15.731395,-19.828133,-1.661935,-27.363368,90.000000,
-19.828133,-1.661935,-27.363368,14.749324,-27.186990,-33.994097,29.866251,20.610086,-18.479310,-19.828133,-1.661935,-27.363368,90.000000,
-19.828133,-1.661935,-27.363368,-67.064640,35.808915,-32.621153,-70.537737,-22.738074,-15.731395,-19.828133,-1.661935,-27.363368,90.000000,
-19.828133,-1.661935,-27.363368,14.749324,-27.186990,-33.994097,29.866251,20.610086,-18.479310,-19.828133,-1.661935,-27.363368,90.000000,
-19.828133,-1.661935,-27.363368,-67.064640,35.808915,-32.621153,-70.537737,-22.738074,-15.731395,-19.828133,-1.661935,-27.363368,90.000000,
-19.828133,-1.661935,-27.363368,14.749324,-27.186990,-33.994097,29.866251,20.610086,-18.479310,-19.828133,-1.661935,-27.363368,90.000000,
-19.828133,-1.661935,-27.363368,-67.064640,35.808915,-32.621153,-70.537737,-22.738074,-15.731395,-19.828133,-1.661935,-27.363368,90.000000,
-19.828133,-1.661935,-27.363368,14.749324,-27.186990,-33.994097,29.866251,20.610086,-18.479310,-19.828133,-1.661935,-27.363368,90.000000,
-19.828133,-1.661935,-27.363368,-67.064640,35.808915,-32.621153,-70.537737,-22.738074,-15.731395,-19.828133,-1.661935,-27.363368,90.000000,
-19.828133,-1.661935,-27.363368,14.749324,-27.186990,-33.994097,29.866251,20.610086,-18.479310,-19.828133,-1.661935,-27.363368,90.000000,
-19.828133,-1.661935,-27.363368,-67.064640,35.808915,-32.621153,-70.537737,-22.738074,-15.731395,-19.828133,-1.661935,-27.363368,90.000000,
-19.828133,-1.661935,-27.363368,14.749324,-27.186990,-33.994097,29.866251,20.610086,-18.479310,-19.828133,-1.661935,-27.363368,90.000000,
-19.828133,-1.661935,-27.363368,-67.064640,35.808915,-32.621153,-70.537737,-22.738074,-15.731395,-19.828133,-1.661935,-27.363368,90.000000,
-19.828133,-1.661935,-27.363368,14.749324,-27.186990,-33.994097,29.866251,20.610086,-18.479310,-19.828133,-1.661935,-27.363368,90.000000,
-19.828133,-1.661935,-27.363368,-67.064640,35.808915,-32.621153,-70.537737,-22.738074,-15.731395,-19.828133,-1.661935,-27.363368,90.000000,
-19.828133,-1.661935,-27.363368,14.749324,-27.186990,-33.994097,29.866251,20.610086,-18.479310,-19.828133,-1.661935,-27.363368,90.000000,
-19.828133,-1.661935,-27.363368,-67.064640,35.808915,-32.621153,-70.537737,-22.738074,-15.731395,-19.828133,-1.661935,-27.363368,90.000000,
-19.828133,-1.661935,-27.363368,14.749324,-27.186990,-33.994097,29.866251,20.610086,-18.479310,-19.828133,-1.661935,-27.363368,90.000000,
-19.828133,-1.661935,-27.363368,-67.064640,35.808915,-32.621153,-70.537737,-22.738074,-15.731395,-19.828133,-1.661935,-27.363368,90.000000,
-19.828133,-1.661935,-27.363368,14.749324,-27.186990,-33.994097,29.866251,20.610086,-18.479310,-19.828133,-1.661935,-27.363368,90.000000,
-19.828133,-1.661935,-27.363368,-67.064640,35.808915,-32.621153,-70.537737,-22.738074,-15.731395,-19.828133,-1.661935,-27.363368,90.000000,
-19.828133,-1.661935,-27.363368,14.749324,-27.186990,-33.994097,29.866251,20.610086,-18.479310,-19.828133,-1.661935,-27.363368,90.000000,
-19.828133,-1.661935,-27.363368,-67.064640,35.808915,-32.621153,-70.537737,-22.738074,-15.731395,-19.828133,-1.661935,-27.363368,90.000000,
-19.828133,-1.661935,-27.363368,14.749324,-27.186990,-33.994097,29.866251,20.610086,-18.479310,-19.828133,-1.661935,-27.363368,90.000000,
-19.828133,-1.661935,-27.363368,-67.064640,35.808915,-32.621153,-70.537737,-22.738074,-15.731395,-19.828133,-1.661935,-27.363368,90.000000,
-19.828133,-1.661935,-27.363368,14.749324,-27.186990,-33.994097,29.866251,20.610086,-18.479310,-19.828133,-1.661935,-27.363368,90.000000,
-19.828133,-1.661935,-27.363368,-67.064640,35.808915,-32.621153,-70.537737,-22.738074,-15.731395,-19.828133,-1.661935,-27.363368,90.000000,
-19.828133,-1.661935,-27.363368,14.749324,-27.186990,-33.994097,29.866251,20.610086,-18.479310,-19.828133,-1.661935,-27.363368,90.000000,
-19.828133,-1.661935,-27.363368,-67.064640,35.808915,-32.621153,-70.537737,-22.738074,-15.731395,-19.828133,-1.661935,-27.363368,90.000000,
-19.828133,-1.661935,-27.363368,14.749324,-27.186990,-33.994097,29.866251,20.610086,-18.479310,-19.828133,-1.661935,-27.363368,90.000000,
-19.828133,-1.661935,-27.363368,-67.064640,35.808915,-32.621153,-70.537737,-22.738074,-15.731395,-19.828133,-1.661935,-27.363368,90.000000,
-19.828133,-1.661935,-27.363368,14.749324,-27.186990,-33.994097,29.866251,20.610086,-18.479310,-19.828133,-1.661935,-27.363368,90.000000,
-19.828133,-1.661935,-27.363368,-67.064640,35.808915,-32.621153,-70.537737,-22.738074,-15.731395,-19.828133,-1.661935,-27.363368,90.000000,
-19.828133,-1.661935,-27.363368,14.749324,-27.186990,-33.994097,29.866251,20.610086,-18.479310,-19.828133,-1.661935,-27.363368,90.000000,
-19.828133,-1.661935,-27.363368,-67.064640,35.808915,-32.621153,-70.537737,-22.738074,-15.731395,-19.828133,-1.661935,-27.363368,90.000000,
-19.828133,-1.661935,-27.363368,14.749324,-27.186990,-33.994097,29.866251,20.610086,-18.479310,-19.828133,-1.661935,-27.363368,90.000000,
-19.828133,-1.661935,-27.363368,-67.064640,35.808915,-32.621153,-70.537737,-22.738074,-15.731395,-19.828133,-1.661935,-27.363368,90.000000,
-19.828133,-1.661935,-27.363368,14.749324,-27.186990,-33.994097,29.866251,20.610086,-18.479310,-19.828133,-1.661935,-27.363368,90.000000,
-19.828133,-1.661935,-27.363368,-67.064640,35.808915,-32.621153,-70.537737,-22.738074,-15.731395,-19.828133,-1.661935,-27.363368,90.000000,
-19.828133,-1.661935,-27.363368,14.749324,-27.186990,-33.994097,29.866251,20.610086,-18.479310,-19.828133,-1.661935,-27.363368,90.000000,
-19.828133,-1.661935,-27.363368,-67.064640,35.808915,-32.621153,-70.537737,-22.738074,-15.731395,-19.828133,-1.661935,-27.363368,90.000000,
-19.828133,-1.661935,-27.363368,14.749324,-27.186990,-33.994097,29.866251,20.610086,-18.479310,-19.828133,-1.661935,-27.363368,90.000000,
-19.828133,-1.661935,-27.363368,-67.064640,35.808915,-32.621153,-70.537737,-22.738074,-15.731395,-19.828133,-1.661935,-27.363368,90.000000,
-19.828133,-1.661935,-27.363368,14.749324,-27.186990,-33.994097,29.866251,20.610086,-18.479310,-19.828133,-1.661935,-27.363368,90.000000,
-19.828133,-1.661935,-27.363368,-67.064640,35.808915,-32.621153,-70.537737,-22.738074,-15.731395,-19.828133,-1.661935,-27.363368,90.000000,
-19.828133,-1.661935,-27.363368,14.749324,-27.186990,-33.994097,29.866251,20.610086,-18.479310,-19.828133,-1.661935,-27.363368,90.000000,
-19.828133,-1.661935,-27.363368,-67.064640,35.808915,-32.621153,-70.537737,-22.738074,-15.731395,-19.828133,-1.661935,-27.363368,90.000000,
-19.828133,-1.661935,-27.363368,14.749324,-27.186990,-33.994097,29.866251,20.610086,-18.479310,-19.828133,-1.661935,-27.363368,90.000000,
-19.828133,-1.661935,-27.363368,-67.064640,35.808915,-32.621153,-70.537737,-22.738074,-15.731395,-19.828133,-1.661935,-27.363368,90.000000,
-19.828133,-1.661935,-27.363368,14.749324,-27.186990,-33.994097,29.866251,20.610086,-18.479310,-19.828133,-1.661935,-27.363368,90.000000,
-19.828133,-1.661935,-27.363368,-67.064640,35.808915,-32.621153,-70.537737,-22.738074,-15.731395,-19.828133,-1.661935,-27.363368,90.000000,
-19.828133,-1.661935,-27.363368,14.749324,-27.186990,-33.994097,29.866251,20.610086,-18.479310,-19.828133,-1.661935,-27.363368,90.000000,
-19.828133,-1.661935,-27.363368,-67.064640,35.808915,-32.621153,-70.537737,-22.738074,-15.731395,-19.828133,-1.661935,-27.363368,90.000000,
-19.828133,-1.661935,-27.363368,14.749324,-27.186990,-33.994097,29.866251,20.610086,-18.479310,-19.828133,-1.661935,-27.363368,90.000000,
-19.828133,-1.661935,-27.363368,-67.064640,35.808915,-32.621153,-70.537737,-22.738074,-15.731395,-19.828133,-1.661935,-27.363368,90.000000,
-19.828133,-1.661935,-27.363368,14.749324,-27.186990,-33.994097,29.866251,20.610086,-18.479310,-19.828133,-1.661935,-27.363368,90.000000,
-19.828133,-1.661935,-27.363368,-67.064640,35.808915,-32.621153,-70.537737,-22.738074,-15.731395,-19.828133,-1.661935,-27.363368,90.000000,
-19.828133,-1.661935,-27.363368,14.749324,-27.186990,-33.994097,29.866251,20.610086,-18.479310,-19.828133,-1.661935,-27.363368,90.000000,
-19.828133,-1.661935,-27.363368,-67.064640,35.808915,-32.621153,-70.537737,-22.738074,-15.731395,-19.828133,-1.661935,-27.363368,90.000000,
-19.828133,-1.661935,-27.363368,14.749324,-27.186990,-33.994097,29.866251,20.610086,-18.479310,-19.828133,-1.661935,-27.363368,90.000000,
-19.828133,-1.661935,-27.363368,-67.064640,35.808915,-32.621153,-70.537737,-22.738074,-15.731395,-19.828133,-1.661935,-27.363368,90.000000,
-19.828133,-1.661935,-27.363368,14.749324,-27.186990,-33.994097,29.866251,20.610086,-18.479310,-19.828133,-1.661935,-27.363368,90.000000,
-19.828133,-1.661935,-27.363368,-67.064640,35.808915,-32.621153,-70.537737,-22.738074,-15.731395,-19.828133,-1.661935,-27.363368,90.000000,
-19.828133,-1.661935,-27.363368,14.749324,-27.186990,-33.994097,29.866251,20.610086,-18.479310,-19.828133,-1.661935,-27.363368,90.000000,
-19.828133,-1.661935,-27.363368,-67.064640,35.808915,-32.621153,-70.537737,-22.738074,-15.731395,-19.828133,-1.661935,-27.363368,90.000000,
-19.828133,-1.661935,-27.363368,14.749324,-27.186990,-33.994097,29.866251,20.610086,-18.479310,-19.828133,-1.661935,-27.363368,90.000000,
-19.828133,-1.661935,-27.363368,-67.064640,35.808915,-32.621153,-70.537737,-22.738074,-15.731395,-19.828133,-1.661935,-27.363368,90.000000,
-19.828133,-1.661935,-27.363368,14.749324,-27.186990,-33.994097,29.866251,20.610086,-18.479310,-19.828133,-1.661935,-27.363368,90.000000,
-19.828133,-1.661935,-27.363368,-67.064640,35.808915,-32.621153,-70.537737,-22.738074,-15.731395,-19.828133,-1.661935,-27.363368,90.000000,
-19.828133,-1.661935,-27.363368,14.749324,-27.186990,-33.994097,29.866251,20.610086,-18.479310,-19.828133,-1.661935,-27.363368,90.000000,
-19.828133,-1.661935,-27.363368,-67.064640,35.808915,-32.621153,-70.537737,-22.738074,-15.731395,-19.828133,-1.661935,-27.363368,90.000000,
-19.828133,-1.661935,-27.363368,14.749324,-27.186990,-33.994097,29.866251,20.610086,-18.479310,-19.828133,-1.661935,-27.363368,90.000000,
-19.828133,-1.661935,-27.363368,-67.064640,35.808915,-32.621153,-70.537737,-22.738074,-15.731395,-19.828133,-1.661935,-27.363368,90.000000,
-19.828133,-1.661935,-27.363368,14.749324,-27.186990,-33.994097,29.866251,20.610086,-18.479310,-19.828133,-1.661935,-27.363368,90.000000,
-19.828133,-1.661935,-27.363368,-67.064640,35.808915,-32.621153,-70.537737,-22.738074,-15.731395,-19.828133,-1.661935,-27.363368,90.000000,
-19.828133,-1.661935,-27.363368,14.749324,-27.186990,-33.994097,29.866251,20.610086,-18.479310,-19.828133,-1.661935,-27.363368,90.000000,
-19.828133,-1.661935,-27.363368,-67.064640,35.808915,-32.621153,-70.537737,-22.738074,-15.731395,-19.828133,-1.661935,-27.363368,90.000000,
-19.828133,-1.661935,-27.363368,14.749324,-27.186990,-33.994097,29.866251,20.610086,-18.479310,-19.828133,-1.661935,-27.363368,90.000000,
-19.828133,-1.661935,-27.363368,-67.064640,35.808915,-32.621153,-70.537737,-22.738074,-15.731395,-19.828133,-1.661935,-27.363368,90.000000,
-19.828133,-1.661935,-27.363368,14.749324,-27.186990,-33.994097,29.866251,20.610086,-18.479310,-19.828133,-1.661935,-27.363368,90.000000,
-19.828133,-1.661935,-27.363368,-67.064640,35.808915,-32.621153,-70.537737,-22.738074,-15.731395,-19.828133,-1.661935,-27.363368,90.000000,
-19.828133,-1.661935,-27.363368,14.749324,-27.186990,-33.994097,29.866251,20.610086,-18.479310,-19.828133,-1.661935,-27.363368,90.000000,
-19.828133,-1.661935,-27.363368,-67.064640,35.808915,-32.621153,-70.537737,-22.738074,-15.731395,-19.828133,-1.661935,-27.363368,90.000000,
-19.828133,-1.661935,-27.363368,14.749324,-27.186990,-33.994097,29.866251,20.610086,-18.479310,-19.828133,-1.661935,-27.363368,90.000000,
-19.828133,-1.661935,-27.363368,-67.064640,35.808915,-32.621153,-70.537737,-22.738074,-15.731395,-19.828133,-1.661935,-27.363368,90.000000,
-19.828133,-1.661935,-27.363368,14.749324,-27.186990,-33.994097,29.866251,20.610086,-18.479310,-19.828133,-1.661935,-27.363368,90.000000,
-19.828133,-1.661935,-27.363368,-67.064640,35.808915,-32.621153,-70.537737,-22.738074,-15.731395,-19.828133,-1.661935,-27.363368,90.000000,
-19.828133,-1.661935,-27.363368,14.749324,-27.186990,-33.994097,29.866251,20.610086,-18.479310,-19.828133,-1.661935,-27.363368,90.000000,
-19.828133,-1.661935,-27.363368,-67.064640,35.808915,-32.621153,-70.537737,-22.738074,-15.731395,-19.828133,-1.661935,-27.363368,90.000000,
-19.828133,-1.661935,-27.363368,14.749324,-27.186990,-33.994097,29.866251,20.610086,-18.479310,-19.828133,-1.661935,-27.363368,90.000000,
-19.828133,-1.661935,-27.363368,-67.064640,35.808915,-32.621153,-70.537737,-22.738074,-15.731395,-19.828133,-1.661935,-27.363368,90.000000,
-19.828133,-1.661935,-27.363368,14.749324,-27.186990,-33.994097,29.866251,20.610086,-18.479310,-19.828133,-1.661935,-27.363368,90.000000,
-19.828133,-1.661935,-27.363368,-67.064640,35.808915,-32.621153,-70.537737,-22.738074,-15.731395,-19.828133,-1.661935,-27.363368,90.000000,
-19.828133,-1.661935,-27.363368,14.749324,-27.186990,-33.994097,29.866251,20.610086,-18.479310,-19.828133,-1.661935,-27.363368,90.000000,
-19.828133,-1.661935,-27.363368,-67.064640,35.808915,-32.621153,-70.537737,-22.738074,-15.731395,-19.828133,-1.661935,-27.363368,90.000000,
-19.828133,-1.661935,-27.363368,14.749324,-27.186990,-33.994097,29.866251,20.610086,-18.479310,-19.828133,-1.661935,-27.363368,90.000000,
-19.828133,-1.661935,-27.363368,-67.064640,35.808915,-32.621153,-70.537737,-22.738074,-15.731395,-19.828133,-1.661935,-27.363368,90.000000,
-19.828133,-1.661935,-27.363368,14.749324,-27.186990,-33.994097,29.866251,20.610086,-18.479310,-19.828133,-1.661935,-27.363368,90.000000,
-19.828133,-1.661935,-27.363368,-67.064640,35.808915,-32.621153,-70.537737,-22.738074,-15.731395,-19.828133,-1.661935,-27.363368,90.000000,
-19.828133,-1.661935,-27.363368,14.749324,-27.186990,-33.994097,29.866251,20.610086,-18.479310,-19.828133,-1.661935,-27.363368,90.000000,
-19.828133,-1.661935,-27.363368,-67.064640,35.808915,-32.621153,-70.537737,-22.738074,-15.731395,-19.828133,-1.661935,-27.363368,90.000000,
-19.828133,-1.661935,-27.363368,14.749324,-27.186990,-33.994097,29.866251,20.610086,-18.479310,-19.828133,-1.661935,-27.363368,90.000000,
-19.828133,-1.661935,-27.363368,-67.064640,35.808915,-32.621153,-70.537737,-22.738074,-15.731395,-19.828133,-1.661935,-27.363368,90.000000,
-19.828133,-1.661935,-27.363368,14.749324,-27.186990,-33.994097,29.866251,20.610086,-18.479310,-19.828133,-1.661935,-27.363368,90.000000,
-19.828133,-1.661935,-27.363368,-67.064640,35.808915,-32.621153,-70.537737,-22.738074,-15.731395,-19.828133,-1.661935,-27.363368,90.000000,
-19.828133,-1.661935,-27.363368,14.749324,-27.186990,-33.994097,29.866251,20.610086,-18.479310,-19.828133,-1.661935,-27.363368,90.000000,
-19.828133,-1.661935,-27.363368,-67.064640,35.808915,-32.621153,-70.537737,-22.738074,-15.731395,-19.828133,-1.661935,-27.363368,90.000000,
-19.828133,-1.661935,-27.363368,14.749324,-27.186990,-33.994097,29.866251,20.610086,-18.479310,-19.828133,-1.661935,-27.363368,90.000000,
-19.828133,-1.661935,-27.363368,-67.064640,35.808915,-32.621153,-70.537737,-22.738074,-15.731395,-19.828133,-1.661935,-27.363368,90.000000,
-19.828133,-1.661935,-27.363368,14.749324,-27.186990,-33.994097,29.866251,20.610086,-18.479310,-19.828133,-1.661935,-27.363368,90.000000,
-19.828133,-1.661935,-27.363368,-67.064640,35.808915,-32.621153,-70.537737,-22.738074,-15.731395,-19.828133,-1.661935,-27.363368,90.000000,
-19.828133,-1.661935,-27.363368,14.749324,-27.186990,-33.994097,29.866251,20.610086,-18.479310,-19.828133,-1.661935,-27.363368,90.000000,
-19.828133,-1.661935,-27.363368,-67.064640,35.808915,-32.621153,-70.537737,-22.738074,-15.731395,-19.828133,-1.661935,-27.363368,90.000000,
-19.828133,-1.661935,-27.363368,14.749324,-27.186990,-33.994097,29.866251,20.610086,-18.479310,-19.828133,-1.661935,-27.363368,90.000000,
-19.828133,-1.661935,-27.363368,-67.064640,35.808915,-32.621153,-70.537737,-22.738074,-15.731395,-19.828133,-1.661935,-27.363368,90.000000,
-19.828133,-1.661935,-27.363368,14.749324,-27.186990,-33.994097,29.866251,20.610086,-18.479310,-19.828133,-1.661935,-27.363368,90.000000,
-19.828133,-1.661935,-27.363368,-67.064640,35.808915,-32.621153,-70.537737,-22.738074,-15.731395,-19.828133,-1.661935,-27.363368,90.000000,
-19.828133,-1.661935,-27.363368,14.749324,-27.186990,-33.994097,29.866251,20.610086,-18.479310,-19.828133,-1.661935,-27.363368,90.000000,
-19.828133,-1.661935,-27.363368,-67.064640,35.808915,-32.621153,-70.537737,-22.738074,-15.731395,-19.828133,-1.661935,-27.363368,90.000000,
-19.828133,-1.661935,-27.363368,14.749324,-27.186990,-33.994097,29.866251,20.610086,-18.479310,-19.828133,-1.661935,-27.363368,90.000000,
-19.828133,-1.661935,-27.363368,-67.064640,35.808915,-32.621153,-70.537737,-22.738074,-15.731395,-19.828133,-1.661935,-27.363368,90.000000,
-19.828133,-1.661935,-27.363368,14.749324,-27.186990,-33.994097,29.866251,20.610086,-18.479310,-19.828133,-1.661935,-27.363368,90.000000,
-19.828133,-1.661935,-27.363368,-67.064640,35.808915,-32.621153,-70.537737,-22.738074,-15.731395,-19.828133,-1.661935,-27.363368,90.000000,
-19.828133,-1.661935,-27.363368,14.749324,-27.186990,-33.994097,29.866251,20.610086,-18.479310,-19.828133,-1.661935,-27.363368,90.000000,
-19.828133,-1.661935,-27.363368,-67.064640,35.808915,-32.621153,-70.537737,-22.738074,-15.731395,-19.828133,-1.661935,-27.363368,90.000000,
-19.828133,-1.661935,-27.363368,14.749324,-27.186990,-33.994097,29.866251,20.610086,-18.479310,-19.828133,-1.661935,-27.363368,90.000000,
-19.828133,-1.661935,-27.363368,-67.064640,35.808915,-32.621153,-70.537737,-22.738074,-15.731395,-19.828133,-1.661935,-27.363368,90.000000,
-19.828133,-1.661935,-27.363368,14.749324,-27.186990,-33.994097,29.866251,20.610086,-18.479310,-19.828133,-1.661935,-27.363368,90.000000,
-19.828133,-1.661935,-27.363368,-67.064640,35.808915,-32.621153,-70.537737,-22.738074,-15.731395,-19.828133,-1.661935,-27.363368,90.000000,
-19.828133,-1.661935,-27.363368,14.749324,-27.186990,-33.994097,29.866251,20.610086,-18.479310,-19.828133,-1.661935,-27.363368,90.000000,
-19.828133,-1.661935,-27.363368,-67.064640,35.808915,-32.621153,-70.537737,-22.738074,-15.731395,-19.828133,-1.661935,-27.363368,90.000000,
-19.828133,-1.661935,-27.363368,14.749324,-27.186990,-33.994097,29.866251,20.610086,-18.479310,-19.828133,-1.661935,-27.363368,90.000000,
-19.828133,-1.661935,-27.363368,-67.064640,35.808915,-32.621153,-70.537737,-22.738074,-15.731395,-19.828133,-1.661935,-27.363368,90.000000,
-19.828133,-1.661935,-27.363368,14.749324,-27.186990,-33.994097,29.866251,20.610086,-18.479310,-19.828133,-1.661935,-27.363368,90.000000,
-19.828133,-1.661935,-27.363368,-67.064640,35.808915,-32.621153,-70.537737,-22.738074,-15.731395,-19.828133,-1.661935,-27.363368,90.000000,
-19.828133,-1.661935,-27.363368,14.749324,-27.186990,-33.994097,29.866251,20.610086,-18.479310,-19.828133,-1.661935,-27.363368,90.000000,
-19.828133,-1.661935,-27.363368,-67.064640,35.808915,-32.621153,-70.537737,-22.738074,-15.731395,-19.828133,-1.661935,-27.363368,90.000000,
-19.828133,-1.661935,-27.363368,14.749324,-27.186990,-33.994097,29.866251,20.610086,-18.479310,-19.828133,-1.661935,-27.363368,90.000000,
-19.828133,-1.661935,-27.363368,-67.064640,35.808915,-32.621153,-70.537737,-22.738074,-15.731395,-19.828133,-1.661935,-27.363368,90.000000,
-19.828133,-1.661935,-27.363368,14.749324,-27.186990,-33.994097,29.866251,20.610086,-18.479310,-19.828133,-1.661935,-27.363368,90.000000,
-19.828133,-1.661935,-27.363368,-67.064640,35.808915,-32.621153,-70.537737,-22.738074,-15.731395,-19.828133,-1.661935,-27.363368,90.000000,
-19.828133,-1.661935,-27.363368,14.749324,-27.186990,-33.994097,29.866251,20.610086,-18.479310,-19.828133,-1.661935,-27.363368,90.000000,
-19.828133,-1.661935,-27.363368,-67.064640,35.808915,-32.621153,-70.537737,-22.738074,-15.731395,-19.828133,-1.661935,-27.363368,90.000000,
-19.828133,-1.661935,-27.363368,14.749324,-27.186990,-33.994097,29.866251,20.610086,-18.479310,-19.828133,-1.661935,-27.363368,90.000000,
-19.828133,-1.661935,-27.363368,-67.064640,35.808915,-32.621153,-70.537737,-22.738074,-15.731395,-19.828133,-1.661935,-27.363368,90.000000,
-19.828133,-1.661935,-27.363368,14.749324,-27.186990,-33.994097,29.866251,20.610086,-18.479310,-19.828133,-1.661935,-27.363368,90.000000,
-19.828133,-1.661935,-27.363368,-67.064640,35.808915,-32.621153,-70.537737,-22.738074,-15.731395,-19.828133,-1.661935,-27.363368,90.000000,
-19.828133,-1.661935,-27.363368,14.749324,-27.186990,-33.994097,29.866251,20.610086,-18.479310,-19.828133,-1.661935,-27.363368,90.000000,
-19.828133,-1.661935,-27.363368,-67.064640,35.808915,-32.621153,-70.537737,-22.738074,-15.731395,-19.828133,-1.661935,-27.363368,90.000000,
-19.828133,-1.661935,-27.363368,14.749324,-27.186990,-33.994097,29.866251,20.610086,-18.479310,-19.828133,-1.661935,-27.363368,90.000000,
-19.828133,-1.661935,-27.363368,-67.064640,35.808915,-32.621153,-70.537737,-22.738074,-15.731395,-19.828133,-1.661935,-27.363368,90.000000,
-19.828133,-1.661935,-27.363368,14.749324,-27.186990,-33.994097,29.866251,20.610086,-18.479310,-19.828133,-1.661935,-27.363368,90.000000,
-19.828133,-1.661935,-27.363368,-67.064640,35.808915,-32.621153,-70.537737,-22.738074,-15.731395,-19.828133,-1.661935,-27.363368,90.000000,
-19.828133,-1.661935,-27.363368,14.749324,-27.186990,-33.994097,29.866251,20.610086,-18.479310,-19.828133,-1.661935,-27.363368,90.000000,
-19.828133,-1.661935,-27.363368,-67.064640,35.808915,-32.621153,-70.537737,-22.738074,-15.731395,-19.828133,-1.661935,-27.363368,90.000000,
-19.828133,-1.661935,-27.363368,14.749324,-27.186990,-33.994097,29.866251,20.610086,-18.479310,-19.828133,-1.661935,-27.363368,90.000000,
-19.828133,-1.661935,-27.363368,-67.064640,35.808915,-32.621153,-70.537737,-22.738074,-15.731395,-19.828133,-1.661935,-27.363368,90.000000,
-19.828133,-1.661935,-27.363368,14.749324,-27.186990,-33.994097,29.866251,20.610086,-18.479310,-19.828133,-1.661935,-27.363368,90.000000,
-19.828133,-1.661935,-27.363368,-67.064640,35.808915,-32.621153,-70.537737,-22.738074,-15.731395,-19.828133,-1.661935,-27.363368,90.000000,
-19.828133,-1.661935,-27.363368,14.749324,-27.186990,-33.994097,29.866251,20.610086,-18.479310,-19.828133,-1.661935,-27.363368,90.000000,
-19.828133,-1.661935,-27.363368,-67.064640,35.808915,-32.621153,-70.537737,-22.738074,-15.731395,-19.828133,-1.661935,-27.363368,90.000000,
-19.828133,-1.661935,-27.363368,14.749324,-27.186990,-33.994097,29.866251,20.610086,-18.479310,-19.828133,-1.661935,-27.363368,90.000000,
-19.828133,-1.661935,-27.363368,-67.064640,35.808915,-32.621153,-70.537737,-22.738074,-15.731395,-19.828133,-1.661935,-27.363368,90.000000,
-19.828133,-1.661935,-27.363368,14.749324,-27.186990,-33.994097,29.866251,20.610086,-18.479310,-19.828133,-1.661935,-27.363368,90.000000,
-19.828133,-1.661935,-27.363368,-67.064640,35.808915,-32.621153,-70.537737,-22.738074,-15.731395,-19.828133,-1.661935,-27.363368,90.000000,
-19.828133,-1.661935,-27.363368,14.749324,-27.186990,-33.994097,29.866251,20.610086,-18.479310,-19.828133,-1.661935,-27.363368,90.000000,
-19.828133,-1.661935,-27.363368,-67.064640,35.808915,-32.621153,-70.537737,-22.738074,-15.731395,-19.828133,-1.661935,-27.363368,90.000000,
-19.828133,-1.661935,-27.363368,14.749324,-27.186990,-33.994097,29.866251,20.610086,-18.479310,-19.828133,-1.661935,-27.363368,90.000000,
-19.828133,-1.661935,-27.363368,-67.064640,35.808915,-32.621153,-70.537737,-22.738074,-15.731395,-19.828133,-1.661935,-27.363368,90.000000,
-19.828133,-1.661935,-27.363368,14.749324,-27.186990,-33.994097,29.866251,20.610086,-18.479310,-19.828133,-1.661935,-27.363368,90.000000,
-19.828133,-1.661935,-27.363368,-67.064640,35.808915,-32.621153,-70.537737,-22.738074,-15.731395,-19.828133,-1.661935,-27.363368,90.000000,
-19.828133,-1.661935,-27.363368,14.749324,-27.186990,-33.994097,29.866251,20.610086,-18.479310,-19.828133,-1.661935,-27.363368,90.000000,
-19.828133,-1.661935,-27.363368,-67.064640,35.808915,-32.621153,-70.537737,-22.738074,-15.731395,-19.828133,-1.661935,-27.363368,90.000000,
-19.828133,-1.661935,-27.363368,14.749324,-27.186990,-33.994097,29.866251,20.610086,-18.479310,-19.828133,-1.661935,-27.363368,90.000000,
-19.828133,-1.661935,-27.363368,-67.064640,35.808915,-32.621153,-70.537737,-22.738074,-15.731395,-19.828133,-1.661935,-27.363368,90.000000,
-19.828133,-1.661935,-27.363368,14.749324,-27.186990,-33.994097,29.866251,20.610086,-18.479310,-19.828133,-1.661935,-27.363368,90.000000,
-19.828133,-1.661935,-27.363368,-67.064640,35.808915,-32.621153,-70.537737,-22.738074,-15.731395,-19.828133,-1.661935,-27.363368,90.000000,
-19.828133,-1.661935,-27.363368,14.749324,-27.186990,-33.994097,29.866251,20.610086,-18.479310,-19.828133,-1.661935,-27.363368,90.000000,
-19.828133,-1.661935,-27.363368,-67.064640,35.808915,-32.621153,-70.537737,-22.738074,-15.731395,-19.828133,-1.661935,-27.363368,90.000000,
-19.828133,-1.661935,-27.363368,14.749324,-27.186990,-33.994097,29.866251,20.610086,-18.479310,-19.828133,-1.661935,-27.363368,90.000000,
-19.828133,-1.661935,-27.363368,-67.064640,35.808915,-32.621153,-70.537737,-22.738074,-15.731395,-19.828133,-1.661935,-27.363368,90.000000,
-19.828133,-1.661935,-27.363368,14.749324,-27.186990,-33.994097,29.866251,20.610086,-18.479310,-19.828133,-1.661935,-27.363368,90.000000,
-19.828133,-1.661935,-27.363368,-67.064640,35.808915,-32.621153,-70.537737,-22.738074,-15.731395,-19.828133,-1.661935,-27.363368,90.000000,
-19.828133,-1.661935,-27.363368,14.749324,-27.186990,-33.994097,29.866251,20.610086,-18.479310,-19.828133,-1.661935,-27.363368,90.000000,
-19.828133,-1.661935,-27.363368,-67.064640,35.808915,-32.621153,-70.537737,-22.738074,-15.731395,-19.828133,-1.661935,-27.363368,90.000000,
-19.828133,-1.661935,-27.363368,14.749324,-27.186990,-33.994097,29.866251,20.610086,-18.479310,-19.828133,-1.661935,-27.363368,90.000000,
-19.828133,-1.661935,-27.363368,-67.064640,35.808915,-32.621153,-70.537737,-22.738074,-15.731395,-19.828133,-1.661935,-27.363368,90.000000,
-19.828133,-1.661935,-27.363368,14.749324,-27.186990,-33.994097,29.866251,20.610086,-18.479310,-19.828133,-1.661935,-27.363368,90.000000,
-19.828133,-1.661935,-27.363368,-67.064640,35.808915,-32.621153,-70.537737,-22.738074,-15.731395,-19.828133,-1.661935,-27.363368,90.000000,
-19.828133,-1.661935,-27.363368,14.749324,-27.186990,-33.994097,29.866251,20.610086,-18.479310,-19.828133,-1.661935,-27.363368,90.000000,
-19.828133,-1.661935,-27.363368,-67.064640,35.808915,-32.621153,-70.537737,-22.738074,-15.731395,-19.828133,-1.661935,-27.363368,90.000000,
-19.828133,-1.661935,-27.363368,14.749324,-27.186990,-33.994097,29.866251,20.610086,-18.479310,-19.828133,-1.661935,-27.363368,90.000000,
-19.828133,-1.661935,-27.363368,-67.064640,35.808915,-32.621153,-70.537737,-22.738074,-15.731395,-19.828133,-1.661935,-27.363368,90.000000,
-19.828133,-1.661935,-27.363368,14.749324,-27.186990,-33.994097,29.866251,20.610086,-18.479310,-19.828133,-1.661935,-27.363368,90.000000,
-19.828133,-1.661935,-27.363368,-67.064640,35.808915,-32.621153,-70.537737,-22.738074,-15.731395,-19.828133,-1.661935,-27.363368,90.000000,
-19.828133,-1.661935,-27.363368,14.749324,-27.186990,-33.994097,29.866251,20.610086,-18.479310,-19.828133,-1.661935,-27.363368,90.000000,
-19.828133,-1.661935,-27.363368,-67.064640,35.808915,-32.621153,-70.537737,-22.738074,-15.731395,-19.828133,-1.661935,-27.363368,90.000000,
-19.828133,-1.661935,-27.363368,14.749324,-27.186990,-33.994097,29.866251,20.610086,-18.479310,-19.828133,-1.661935,-27.363368,90.000000,
-19.828133,-1.661935,-27.363368,-67.064640,35.808915,-32.621153,-70.537737,-22.738074,-15.731395,-19.828133,-1.661935,-27.363368,90.000000,
-19.828133,-1.661935,-27.363368,14.749324,-27.186990,-33.994097,29.866251,20.610086,-18.479310,-19.828133,-1.661935,-27.363368,90.000000,
-19.828133,-1.661935,-27.363368,-67.064640,35.808915,-32.621153,-70.537737,-22.738074,-15.731395,-19.828133,-1.661935,-27.363368,90.000000,
-19.828133,-1.661935,-27.363368,14.749324,-27.186990,-33.994097,29.866251,20.610086,-18.479310,-19.828133,-1.661935,-27.363368,90.000000,
-19.828133,-1.661935,-27.363368,-67.064640,35.808915,-32.621153,-70.537737,-22.738074,-15.731395,-19.828133,-1.661935,-27.363368,90.000000,
-19.828133,-1.661935,-27.363368,14.749324,-27.186990,-33.994097,29.866251,20.610086,-18.479310,-19.828133,-1.661935,-27.363368,90.000000,
-19.828133,-1.661935,-27.363368,-67.064640,35.808915,-32.621153,-70.537737,-22.738074,-15.731395,-19.828133,-1.661935,-27.363368,90.000000,
-19.828133,-1.661935,-27.363368,14.749324,-27.186990,-33.994097,29.866251,20.610086,-18.479310,-19.828133,-1.661935,-27.363368,90.000000,
-19.828133,-1.661935,-27.363368,-67.064640,35.808915,-32.621153,-70.537737,-22.738074,-15.731395,-19.828133,-1.661935,-27.363368,90.000000,
-19.828133,-1.661935,-27.363368,14.749324,-27.186990,-33.994097,29.866251,20.610086,-18.479310,-19.828133,-1.661935,-27.363368,90.000000,
-19.828133,-1.661935,-27.363368,-67.064640,35.808915,-32.621153,-70.537737,-22.738074,-15.731395,-19.828133,-1.661935,-27.363368,90.000000,
-19.828133,-1.661935,-27.363368,14.749324,-27.186990,-33.994097,29.866251,20.610086,-18.479310,-19.828133,-1.661935,-27.363368,90.000000,
-19.828133,-1.661935,-27.363368,-67.064640,35.808915,-32.621153,-70.537737,-22.738074,-15.731395,-19.828133,-1.661935,-27.363368,90.000000,
-19.828133,-1.661935,-27.363368,14.749324,-27.186990,-33.994097,29.866251,20.610086,-18.479310,-19.828133,-1.661935,-27.363368,90.000000,
-19.828133,-1.661935,-27.363368,-67.064640,35.808915,-32.621153,-70.537737,-22.738074,-15.731395,-19.828133,-1.661935,-27.363368,90.000000,
-19.828133,-1.661935,-27.363368,14.749324,-27.186990,-33.994097,29.866251,20.610086,-18.479310,-19.828133,-1.661935,-27.363368,90.000000,
-19.828133,-1.661935,-27.363368,-67.064640,35.808915,-32.621153,-70.537737,-22.738074,-15.731395,-19.828133,-1.661935,-27.363368,90.000000,
-19.828133,-1.661935,-27.363368,14.749324,-27.186990,-33.994097,29.866251,20.610086,-18.479310,-19.828133,-1.661935,-27.363368,90.000000,
-19.828133,-1.661935,-27.363368,-67.064640,35.808915,-32.621153,-70.537737,-22.738074,-15.731395,-19.828133,-1.661935,-27.363368,90.000000,
-19.828133,-1.661935,-27.363368,14.749324,-27.186990,-33.994097,29.866251,20.610086,-18.479310,-19.828133,-1.661935,-27.363368,90.000000,
-19.828133,-1.661935,-27.363368,-67.064640,35.808915,-32.621153,-70.537737,-22.738074,-15.731395,-19.828133,-1.661935,-27.363368,90.000000,
-19.828133,-1.661935,-27.363368,14.749324,-27.186990,-33.994097,29.866251,20.610086,-18.479310,-19.828133,-1.661935,-27.363368,90.000000,
-19.828133,-1.661935,-27.363368,-67.064640,35.808915,-32.621153,-70.537737,-22.738074,-15.731395,-19.828133,-1.661935,-27.363368,90.000000,
-19.828133,-1.661935,-27.363368,14.749324,-27.186990,-33.994097,29.866251,20.610086,-18.479310,-19.828133,-1.661935,-27.363368,90.000000,
-19.828133,-1.661935,-27.363368,-67.064640,35.808915,-32.621153,-70.537737,-22.738074,-15.731395,-19.828133,-1.661935,-27.363368,90.000000,
-19.828133,-1.661935,-27.363368,14.749324,-27.186990,-33.994097,29.866251,20.610086,-18.479310,-19.828133,-1.661935,-27.363368,90.000000,
-19.828133,-1.661935,-27.363368,-67.064640,35.808915,-32.621153,-70.537737,-22.738074,-15.731395,-19.828133,-1.661935,-27.363368,90.000000,
-19.828133,-1.661935,-27.363368,14.749324,-27.186990,-33.994097,29.866251,20.610086,-18.479310,-19.828133,-1.661935,-27.363368,90.000000,
-19.828133,-1.661935,-27.363368,-67.064640,35.808915,-32.621153,-70.537737,-22.738074,-15.731395,-19.828133,-1.661935,-27.363368,90.000000,
-19.828133,-1.661935,-27.363368,14.749324,-27.186990,-33.994097,29.866251,20.610086,-18.479310,-19.828133,-1.661935,-27.363368,90.000000,
-19.828133,-1.661935,-27.363368,-67.064640,35.808915,-32.621153,-70.537737,-22.738074,-15.731395,-19.828133,-1.661935,-27.363368,90.000000,
-19.828133,-1.661935,-27.363368,14.749324,-27.186990,-33.994097,29.866251,20.610086,-18.479310,-19.828133,-1.661935,-27.363368,90.000000,
-19.828133,-1.661935,-27.363368,-67.064640,35.808915,-32.621153,-70.537737,-22.738074,-15.731395,-19.828133,-1.661935,-27.363368,90.000000,
-19.828133,-1.661935,-27.363368,14.749324,-27.186990,-33.994097,29.866251,20.610086,-18.479310,-19.828133,-1.661935,-27.363368,90.000000,
-19.828133,-1.661935,-27.363368,-67.064640,35.808915,-32.621153,-70.537737,-22.738074,-15.731395,-19.828133,-1.661935,-27.363368,90.000000,
-19.828133,-1.661935,-27.363368,14.749324,-27.186990,-33.994097,29.866251,20.610086,-18.479310,-19.828133,-1.661935,-27.363368,90.000000,
-19.828133,-1.661935,-27.363368,-67.064640,35.808915,-32.621153,-70.537737,-22.738074,-15.731395,-19.828133,-1.661935,-27.363368,90.000000,
-19.828133,-1.661935,-27.363368,14.749324,-27.186990,-33.994097,29.866251,20.610086,-18.479310,-19.828133,-1.661935,-27.363368,90.000000,
-19.828133,-1.661935,-27.363368,-67.064640,35.808915,-32.621153,-70.537737,-22.738074,-15.731395,-19.828133,-1.661935,-27.363368,90.000000,
-19.828133,-1.661935,-27.363368,14.749324,-27.186990,-33.994097,29.866251,20.610086,-18.479310,-19.828133,-1.661935,-27.363368,90.000000,
-19.828133,-1.661935,-27.363368,-67.064640,35.808915,-32.621153,-70.537737,-22.738074,-15.731395,-19.828133,-1.661935,-27.363368,90.000000,
-19.828133,-1.661935,-27.363368,14.749324,-27.186990,-33.994097,29.866251,20.610086,-18.479310,-19.828133,-1.661935,-27.363368,90.000000,
-19.828133,-1.661935,-27.363368,-67.064640,35.808915,-32.621153,-70.537737,-22.738074,-15.731395,-19.828133,-1.661935,-27.363368,90.000000,
-19.828133,-1.661935,-27.363368,14.749324,-27.186990,-33.994097,29.866251,20.610086,-18.479310,-19.828133,-1.661935,-27.363368,90.000000,
-19.828133,-1.661935,-27.363368,-67.064640,35.808915,-32.621153,-70.537737,-22.738074,-15.731395,-19.828133,-1.661935,-27.363368,90.000000,
-19.828133,-1.661935,-27.363368,14.749324,-27.186990,-33.994097,29.866251,20.610086,-18.479310,-19.828133,-1.661935,-27.363368,90.000000,
-19.828133,-1.661935,-27.363368,-67.064640,35.808915,-32.621153,-70.537737,-22.738074,-15.731395,-19.828133,-1.661935,-27.363368,90.000000,
-19.828133,-1.661935,-27.363368,14.749324,-27.186990,-33.994097,29.866251,20.610086,-18.479310,-19.828133,-1.661935,-27.363368,90.000000,
-19.828133,-1.661935,-27.363368,-67.064640,35.808915,-32.621153,-70.537737,-22.738074,-15.731395,-19.828133,-1.661935,-27.363368,90.000000,
-19.828133,-1.661935,-27.363368,14.749324,-27.186990,-33.994097,29.866251,20.610086,-18.479310,-19.828133,-1.661935,-27.363368,90.000000,
-19.828133,-1.661935,-27.363368,-67.064640,35.808915,-32.621153,-70.537737,-22.738074,-15.731395,-19.828133,-1.661935,-27.363368,90.000000,
-19.828133,-1.661935,-27.363368,14.749324,-27.186990,-33.994097,29.866251,20.610086,-18.479310,-19.828133,-1.661935,-27.363368,90.000000,
-19.828133,-1.661935,-27.363368,-67.064640,35.808915,-32.621153,-70.537737,-22.738074,-15.731395,-19.828133,-1.661935,-27.363368,90.000000,
-19.828133,-1.661935,-27.363368,14.749324,-27.186990,-33.994097,29.866251,20.610086,-18.479310,-19.828133,-1.661935,-27.363368,90.000000,
-19.828133,-1.661935,-27.363368,-67.064640,35.808915,-32.621153,-70.537737,-22.738074,-15.731395,-19.828133,-1.661935,-27.363368,90.000000,
-19.828133,-1.661935,-27.363368,14.749324,-27.186990,-33.994097,29.866251,20.610086,-18.479310,-19.828133,-1.661935,-27.363368,90.000000,
-19.828133,-1.661935,-27.363368,-67.064640,35.808915,-32.621153,-70.537737,-22.738074,-15.731395,-19.828133,-1.661935,-27.363368,90.000000,
-19.828133,-1.661935,-27.363368,14.749324,-27.186990,-33.994097,29.866251,20.610086,-18.479310,-19.828133,-1.661935,-27.363368,90.000000,
-19.828133,-1.661935,-27.363368,-67.064640,35.808915,-32.621153,-70.537737,-22.738074,-15.731395,-19.828133,-1.661935,-27.363368,90.000000,
-19.828133,-1.661935,-27.363368,14.749324,-27.186990,-33.994097,29.866251,20.610086,-18.479310,-19.828133,-1.661935,-27.363368,90.000000,
-19.828133,-1.661935,-27.363368,-67.064640,35.808915,-32.621153,-70.537737,-22.738074,-15.731395,-19.828133,-1.661935,-27.363368,90.000000,
-19.828133,-1.661935,-27.363368,14.749324,-27.186990,-33.994097,29.866251,20.610086,-18.479310,-19.828133,-1.661935,-27.363368,90.000000,
-19.828133,-1.661935,-27.363368,-67.064640,35.808915,-32.621153,-70.537737,-22.738074,-15.731395,-19.828133,-1.661935,-27.363368,90.000000,
-19.828133,-1.661935,-27.363368,14.749324,-27.186990,-33.994097,29.866251,20.610086,-18.479310,-19.828133,-1.661935,-27.363368,90.000000,
-19.828133,-1.661935,-27.363368,-67.064640,35.808915,-32.621153,-70.537737,-22.738074,-15.731395,-19.828133,-1.661935,-27.363368,90.000000,
-19.828133,-1.661935,-27.363368,14.749324,-27.186990,-33.994097,29.866251,20.610086,-18.479310,-19.828133,-1.661935,-27.363368,90.000000,
-19.828133,-1.661935,-27.363368,-67.064640,35.808915,-32.621153,-70.537737,-22.738074,-15.731395,-19.828133,-1.661935,-27.363368,90.000000,
-19.828133,-1.661935,-27.363368,14.749324,-27.186990,-33.994097,29.866251,20.610086,-18.479310,-19.828133,-1.661935,-27.363368,90.000000,
-19.828133,-1.661935,-27.363368,-67.064640,35.808915,-32.621153,-70.537737,-22.738074,-15.731395,-19.828133,-1.661935,-27.363368,90.000000,
-19.828133,-1.661935,-27.363368,14.749324,-27.186990,-33.994097,29.866251,20.610086,-18.479310,-19.828133,-1.661935,-27.363368,90.000000,
-19.828133,-1.661935,-27.363368,-67.064640,35.808915,-32.621153,-70.537737,-22.738074,-15.731395,-19.828133,-1.661935,-27.363368,90.000000,
-19.828133,-1.661935,-27.363368,14.749324,-27.186990,-33.994097,29.866251,20.610086,-18.479310,-19.828133,-1.661935,-27.363368,90.000000,
-19.828133,-1.661935,-27.363368,-67.064640,35.808915,-32.621153,-70.537737,-22.738074,-15.731395,-19.828133,-1.661935,-27.363368,90.000000,
-19.828133,-1.661935,-27.363368,14.749324,-27.186990,-33.994097,29.866251,20.610086,-18.479310,-19.828133,-1.661935,-27.363368,90.000000,
-19.828133,-1.661935,-27.363368,-67.064640,35.808915,-32.621153,-70.537737,-22.738074,-15.731395,-19.828133,-1.661935,-27.363368,90.000000,
-19.828133,-1.661935,-27.363368,14.749324,-27.186990,-33.994097,29.866251,20.610086,-18.479310,-19.828133,-1.661935,-27.363368,90.000000,
-19.828133,-1.661935,-27.363368,-67.064640,35.808915,-32.621153,-70.537737,-22.738074,-15.731395,-19.828133,-1.661935,-27.363368,90.000000,
-19.828133,-1.661935,-27.363368,14.749324,-27.186990,-33.994097,29.866251,20.610086,-18.479310,-19.828133,-1.661935,-27.363368,90.000000,
-19.828133,-1.661935,-27.363368,-67.064640,35.808915,-32.621153,-70.537737,-22.738074,-15.731395,-19.828133,-1.661935,-27.363368,90.000000,
-19.828133,-1.661935,-27.363368,14.749324,-27.186990,-33.994097,29.866251,20.610086,-18.479310,-19.828133,-1.661935,-27.363368,90.000000,
-19.828133,-1.661935,-27.363368,-67.064640,35.808915,-32.621153,-70.537737,-22.738074,-15.731395,-19.828133,-1.661935,-27.363368,90.000000,
-19.828133,-1.661935,-27.363368,14.749324,-27.186990,-33.994097,29.866251,20.610086,-18.479310,-19.828133,-1.661935,-27.363368,90.000000,
-19.828133,-1.661935,-27.363368,-67.064640,35.808915,-32.621153,-70.537737,-22.738074,-15.731395,-19.828133,-1.661935,-27.363368,90.000000,
-19.828133,-1.661935,-27.363368,14.749324,-27.186990,-33.994097,29.866251,20.610086,-18.479310,-19.828133,-1.661935,-27.363368,90.000000,
-19.828133,-1.661935,-27.363368,-67.064640,35.808915,-32.621153,-70.537737,-22.738074,-15.731395,-19.828133,-1.661935,-27.363368,90.000000,
-19.828133,-1.661935,-27.363368,14.749324,-27.186990,-33.994097,29.866251,20.610086,-18.479310,-19.828133,-1.661935,-27.363368,90.000000,
-19.828133,-1.661935,-27.363368,-67.064640,35.808915,-32.621153,-70.537737,-22.738074,-15.731395,-19.828133,-1.661935,-27.363368,90.000000,
-19.828133,-1.661935,-27.363368,14.749324,-27.186990,-33.994097,29.866251,20.610086,-18.479310,-19.828133,-1.661935,-27.363368,90.000000,
-19.828133,-1.661935,-27.363368,-67.064640,35.808915,-32.621153,-70.537737,-22.738074,-15.731395,-19.828133,-1.661935,-27.363368,90.000000,
-19.828133,-1.661935,-27.363368,14.749324,-27.186990,-33.994097,29.866251,20.610086,-18.479310,-19.828133,-1.661935,-27.363368,90.000000,
-19.828133,-1.661935,-27.363368,-67.064640,35.808915,-32.621153,-70.537737,-22.738074,-15.731395,-19.828133,-1.661935,-27.363368,90.000000,
-19.828133,-1.661935,-27.363368,14.749324,-27.186990,-33.994097,29.866251,20.610086,-18.479310,-19.828133,-1.661935,-27.363368,90.000000,
-19.828133,-1.661935,-27.363368,-67.064640,35.808915,-32.621153,-70.537737,-22.738074,-15.731395,-19.828133,-1.661935,-27.363368,90.000000,
-19.828133,-1.661935,-27.363368,14.749324,-27.186990,-33.994097,29.866251,20.610086,-18.479310,-19.828133,-1.661935,-27.363368,90.000000,
-19.828133,-1.661935,-27.363368,-67.064640,35.808915,-32.621153,-70.537737,-22.738074,-15.731395,-19.828133,-1.661935,-27.363368,90.000000,
-19.828133,-1.661935,-27.363368,14.749324,-27.186990,-33.994097,29.866251,20.610086,-18.479310,-19.828133,-1.661935,-27.363368,90.000000,
-19.828133,-1.661935,-27.363368,-67.064640,35.808915,-32.621153,-70.537737,-22.738074,-15.731395,-19.828133,-1.661935,-27.363368,90.000000,
-19.828133,-1.661935,-27.363368,14.749324,-27.186990,-33.994097,29.866251,20.610086,-18.479310,-19.828133,-1.661935,-27.363368,90.000000,
-19.828133,-1.661935,-27.363368,-67.064640,35.808915,-32.621153,-70.537737,-22.738074,-15.731395,-19.828133,-1.661935,-27.363368,90.000000,
-19.828133,-1.661935,-27.363368,14.749324,-27.186990,-33.994097,29.866251,20.610086,-18.479310,-19.828133,-1.661935,-27.363368,90.000000,
-19.828133,-1.661935,-27.363368,-67.064640,35.808915,-32.621153,-70.537737,-22.738074,-15.731395,-19.828133,-1.661935,-27.363368,90.000000,
-19.828133,-1.661935,-27.363368,14.749324,-27.186990,-33.994097,29.866251,20.610086,-18.479310,-19.828133,-1.661935,-27.363368,90.000000,
-19.828133,-1.661935,-27.363368,-67.064640,35.808915,-32.621153,-70.537737,-22.738074,-15.731395,-19.828133,-1.661935,-27.363368,90.000000,
-19.828133,-1.661935,-27.363368,14.749324,-27.186990,-33.994097,29.866251,20.610086,-18.479310,-19.828133,-1.661935,-27.363368,90.000000,
-19.828133,-1.661935,-27.363368,-67.064640,35.808915,-32.621153,-70.537737,-22.738074,-15.731395,-19.828133,-1.661935,-27.363368,90.000000,
-19.828133,-1.661935,-27.363368,14.749324,-27.186990,-33.994097,29.866251,20.610086,-18.479310,-19.828133,-1.661935,-27.363368,90.000000,
-19.828133,-1.661935,-27.363368,-67.064640,35.808915,-32.621153,-70.537737,-22.738074,-15.731395,-19.828133,-1.661935,-27.363368,90.000000,
-19.828133,-1.661935,-27.363368,14.749324,-27.186990,-33.994097,29.866251,20.610086,-18.479310,-19.828133,-1.661935,-27.363368,90.000000,
-19.828133,-1.661935,-27.363368,-67.064640,35.808915,-32.621153,-70.537737,-22.738074,-15.731395,-19.828133,-1.661935,-27.363368,90.000000,
-19.828133,-1.661935,-27.363368,14.749324,-27.186990,-33.994097,29.866251,20.610086,-18.479310,-19.828133,-1.661935,-27.363368,90.000000,
-19.828133,-1.661935,-27.363368,-67.064640,35.808915,-32.621153,-70.537737,-22.738074,-15.731395,-19.828133,-1.661935,-27.363368,90.000000,
-19.828133,-1.661935,-27.363368,14.749324,-27.186990,-33.994097,29.866251,20.610086,-18.479310,-19.828133,-1.661935,-27.363368,90.000000,
-19.828133,-1.661935,-27.363368,-67.064640,35.808915,-32.621153,-70.537737,-22.738074,-15.731395,-19.828133,-1.661935,-27.363368,90.000000,
-19.828133,-1.661935,-27.363368,14.749324,-27.186990,-33.994097,29.866251,20.610086,-18.479310,-19.828133,-1.661935,-27.363368,90.000000,
-19.828133,-1.661935,-27.363368,-67.064640,35.808915,-32.621153,-70.537737,-22.738074,-15.731395,-19.828133,-1.661935,-27.363368,90.000000,
-19.828133,-1.661935,-27.363368,14.749324,-27.186990,-33.994097,29.866251,20.610086,-18.479310,-19.828133,-1.661935,-27.363368,90.000000,
-19.828133,-1.661935,-27.363368,-67.064640,35.808915,-32.621153,-70.537737,-22.738074,-15.731395,-19.828133,-1.661935,-27.363368,90.000000,
-19.828133,-1.661935,-27.363368,14.749324,-27.186990,-33.994097,29.866251,20.610086,-18.479310,-19.828133,-1.661935,-27.363368,90.000000,
-19.828133,-1.661935,-27.363368,-67.064640,35.808915,-32.621153,-70.537737,-22.738074,-15.731395,-19.828133,-1.661935,-27.363368,90.000000,
-19.828133,-1.661935,-27.363368,14.749324,-27.186990,-33.994097,29.866251,20.610086,-18.479310,-19.828133,-1.661935,-27.363368,90.000000,
-19.828133,-1.661935,-27.363368,-67.064640,35.808915,-32.621153,-70.537737,-22.738074,-15.731395,-19.828133,-1.661935,-27.363368,90.000000,
-19.828133,-1.661935,-27.363368,14.749324,-27.186990,-33.994097,29.866251,20.610086,-18.479310,-19.828133,-1.661935,-27.363368,90.000000,
-19.828133,-1.661935,-27.363368,-67.064640,35.808915,-32.621153,-70.537737,-22.738074,-15.731395,-19.828133,-1.661935,-27.363368,90.000000,
-19.828133,-1.661935,-27.363368,14.749324,-27.186990,-33.994097,29.866251,20.610086,-18.479310,-19.828133,-1.661935,-27.363368,90.000000,
-19.828133,-1.661935,-27.363368,-67.064640,35.808915,-32.621153,-70.537737,-22.738074,-15.731395,-19.828133,-1.661935,-27.363368,90.000000,
-19.828133,-1.661935,-27.363368,14.749324,-27.186990,-33.994097,29.866251,20.610086,-18.479310,-19.828133,-1.661935,-27.363368,90.000000,
-19.828133,-1.661935,-27.363368,-67.064640,35.808915,-32.621153,-70.537737,-22.738074,-15.731395,-19.828133,-1.661935,-27.363368,90.000000,
-19.828133,-1.661935,-27.363368,14.749324,-27.186990,-33.994097,29.866251,20.610086,-18.479310,-19.828133,-1.661935,-27.363368,90.000000,
-19.828133,-1.661935,-27.363368,-67.064640,35.808915,-32.621153,-70.537737,-22.738074,-15.731395,-19.828133,-1.661935,-27.363368,90.000000,
-19.828133,-1.661935,-27.363368,14.749324,-27.186990,-33.994097,29.866251,20.610086,-18.479310,-19.828133,-1.661935,-27.363368,90.000000,
-19.828133,-1.661935,-27.363368,-67.064640,35.808915,-32.621153,-70.537737,-22.738074,-15.731395,-19.828133,-1.661935,-27.363368,90.000000,
-19.828133,-1.661935,-27.363368,14.749324,-27.186990,-33.994097,29.866251,20.610086,-18.479310,-19.828133,-1.661935,-27.363368,90.000000,
-19.828133,-1.661935,-27.363368,-67.064640,35.808915,-32.621153,-70.537737,-22.738074,-15.731395,-19.828133,-1.661935,-27.363368,90.000000,
-19.828133,-1.661935,-27.363368,14.749324,-27.186990,-33.994097,29.866251,20.610086,-18.479310,-19.828133,-1.661935,-27.363368,90.000000,
-19.828133,-1.661935,-27.363368,-67.064640,35.808915,-32.621153,-70.537737,-22.738074,-15.731395,-19.828133,-1.661935,-27.363368,90.000000,
-19.828133,-1.661935,-27.363368,14.749324,-27.186990,-33.994097,29.866251,20.610086,-18.479310,-19.828133,-1.661935,-27.363368,90.000000,
-19.828133,-1.661935,-27.363368,-67.064640,35.808915,-32.621153,-70.537737,-22.738074,-15.731395,-19.828133,-1.661935,-27.363368,90.000000,
-19.828133,-1.661935,-27.363368,14.749324,-27.186990,-33.994097,29.866251,20.610086,-18.479310,-19.828133,-1.661935,-27.363368,90.000000,
-19.828133,-1.661935,-27.363368,-67.064640,35.808915,-32.621153,-70.537737,-22.738074,-15.731395,-19.828133,-1.661935,-27.363368,90.000000,
-19.828133,-1.661935,-27.363368,14.749324,-27.186990,-33.994097,29.866251,20.610086,-18.479310,-19.828133,-1.661935,-27.363368,90.000000,
-19.828133,-1.661935,-27.363368,-67.064640,35.808915,-32.621153,-70.537737,-22.738074,-15.731395,-19.828133,-1.661935,-27.363368,90.000000,
-19.828133,-1.661935,-27.363368,14.749324,-27.186990,-33.994097,29.866251,20.610086,-18.479310,-19.828133,-1.661935,-27.363368,90.000000,
-19.828133,-1.661935,-27.363368,-67.064640,35.808915,-32.621153,-70.537737,-22.738074,-15.731395,-19.828133,-1.661935,-27.363368,90.000000,
-19.828133,-1.661935,-27.363368,14.749324,-27.186990,-33.994097,29.866251,20.610086,-18.479310,-19.828133,-1.661935,-27.363368,90.000000,
-19.828133,-1.661935,-27.363368,-67.064640,35.808915,-32.621153,-70.537737,-22.738074,-15.731395,-19.828133,-1.661935,-27.363368,90.000000,
-19.828133,-1.661935,-27.363368,14.749324,-27.186990,-33.994097,29.866251,20.610086,-18.479310,-19.828133,-1.661935,-27.363368,90.000000,
-19.828133,-1.661935,-27.363368,-67.064640,35.808915,-32.621153,-70.537737,-22.738074,-15.731395,-19.828133,-1.661935,-27.363368,90.000000,
-19.828133,-1.661935,-27.363368,14.749324,-27.186990,-33.994097,29.866251,20.610086,-18.479310,-19.828133,-1.661935,-27.363368,90.000000,
-19.828133,-1.661935,-27.363368,-67.064640,35.808915,-32.621153,-70.537737,-22.738074,-15.731395,-19.828133,-1.661935,-27.363368,90.000000,
-19.828133,-1.661935,-27.363368,14.749324,-27.186990,-33.994097,29.866251,20.610086,-18.479310,-19.828133,-1.661935,-27.363368,90.000000,
-19.828133,-1.661935,-27.363368,-67.064640,35.808915,-32.621153,-70.537737,-22.738074,-15.731395,-19.828133,-1.661935,-27.363368,90.000000,
-19.828133,-1.661935,-27.363368,14.749324,-27.186990,-33.994097,29.866251,20.610086,-18.479310,-19.828133,-1.661935,-27.363368,90.000000,
-19.828133,-1.661935,-27.363368,-67.064640,35.808915,-32.621153,-70.537737,-22.738074,-15.731395,-19.828133,-1.661935,-27.363368,90.000000,
-19.828133,-1.661935,-27.363368,14.749324,-27.186990,-33.994097,29.866251,20.610086,-18.479310,-19.828133,-1.661935,-27.363368,90.000000,
-19.828133,-1.661935,-27.363368,-67.064640,35.808915,-32.621153,-70.537737,-22.738074,-15.731395,-19.828133,-1.661935,-27.363368,90.000000,
-19.828133,-1.661935,-27.363368,14.749324,-27.186990,-33.994097,29.866251,20.610086,-18.479310,-19.828133,-1.661935,-27.363368,90.000000,
-19.828133,-1.661935,-27.363368,-67.064640,35.808915,-32.621153,-70.537737,-22.738074,-15.731395,-19.828133,-1.661935,-27.363368,90.000000,
-19.828133,-1.661935,-27.363368,14.749324,-27.186990,-33.994097,29.866251,20.610086,-18.479310,-19.828133,-1.661935,-27.363368,90.000000,
-19.828133,-1.661935,-27.363368,-67.064640,35.808915,-32.621153,-70.537737,-22.738074,-15.731395,-19.828133,-1.661935,-27.363368,90.000000,
-19.828133,-1.661935,-27.363368,14.749324,-27.186990,-33.994097,29.866251,20.610086,-18.479310,-19.828133,-1.661935,-27.363368,90.000000,
-19.828133,-1.661935,-27.363368,-67.064640,35.808915,-32.621153,-70.537737,-22.738074,-15.731395,-19.828133,-1.661935,-27.363368,90.000000,
-19.828133,-1.661935,-27.363368,14.749324,-27.186990,-33.994097,29.866251,20.610086,-18.479310,-19.828133,-1.661935,-27.363368,90.000000,
-19.828133,-1.661935,-27.363368,-67.064640,35.808915,-32.621153,-70.537737,-22.738074,-15.731395,-19.828133,-1.661935,-27.363368,90.000000,
-19.828133,-1.661935,-27.363368,14.749324,-27.186990,-33.994097,29.866251,20.610086,-18.479310,-19.828133,-1.661935,-27.363368,90.000000,
-19.828133,-1.661935,-27.363368,-67.064640,35.808915,-32.621153,-70.537737,-22.738074,-15.731395,-19.828133,-1.661935,-27.363368,90.000000,
-19.828133,-1.661935,-27.363368,14.749324,-27.186990,-33.994097,29.866251,20.610086,-18.479310,-19.828133,-1.661935,-27.363368,90.000000,
-19.828133,-1.661935,-27.363368,-67.064640,35.808915,-32.621153,-70.537737,-22.738074,-15.731395,-19.828133,-1.661935,-27.363368,90.000000,
-19.828133,-1.661935,-27.363368,14.749324,-27.186990,-33.994097,29.866251,20.610086,-18.479310,-19.828133,-1.661935,-27.363368,90.000000,
-19.828133,-1.661935,-27.363368,-67.064640,35.808915,-32.621153,-70.537737,-22.738074,-15.731395,-19.828133,-1.661935,-27.363368,90.000000,
-19.828133,-1.661935,-27.363368,14.749324,-27.186990,-33.994097,29.866251,20.610086,-18.479310,-19.828133,-1.661935,-27.363368,90.000000,
-19.828133,-1.661935,-27.363368,-67.064640,35.808915,-32.621153,-70.537737,-22.738074,-15.731395,-19.828133,-1.661935,-27.363368,90.000000,
-19.828133,-1.661935,-27.363368,14.749324,-27.186990,-33.994097,29.866251,20.610086,-18.479310,-19.828133,-1.661935,-27.363368,90.000000,
-19.828133,-1.661935,-27.363368,-67.064640,35.808915,-32.621153,-70.537737,-22.738074,-15.731395,-19.828133,-1.661935,-27.363368,90.000000,
-19.828133,-1.661935,-27.363368,14.749324,-27.186990,-33.994097,29.866251,20.610086,-18.479310,-19.828133,-1.661935,-27.363368,90.000000,
-19.828133,-1.661935,-27.363368,-67.064640,35.808915,-32.621153,-70.537737,-22.738074,-15.731395,-19.828133,-1.661935,-27.363368,90.000000,
-19.828133,-1.661935,-27.363368,14.749324,-27.186990,-33.994097,29.866251,20.610086,-18.479310,-19.828133,-1.661935,-27.363368,90.000000,
-19.828133,-1.661935,-27.363368,-67.064640,35.808915,-32.621153,-70.537737,-22.738074,-15.731395,-19.828133,-1.661935,-27.363368,90.000000,
-19.828133,-1.661935,-27.363368,14.749324,-27.186990,-33.994097,29.866251,20.610086,-18.479310,-19.828133,-1.661935,-27.363368,90.000000,
-19.828133,-1.661935,-27.363368,-67.064640,35.808915,-32.621153,-70.537737,-22.738074,-15.731395,-19.828133,-1.661935,-27.363368,90.000000,
-19.828133,-1.661935,-27.363368,14.749324,-27.186990,-33.994097,29.866251,20.610086,-18.479310,-19.828133,-1.661935,-27.363368,90.000000,
-19.828133,-1.661935,-27.363368,-67.064640,35.808915,-32.621153,-70.537737,-22.738074,-15.731395,-19.828133,-1.661935,-27.363368,90.000000,
-19.828133,-1.661935,-27.363368,14.749324,-27.186990,-33.994097,29.866251,20.610086,-18.479310,-19.828133,-1.661935,-27.363368,90.000000,
-19.828133,-1.661935,-27.363368,-67.064640,35.808915,-32.621153,-70.537737,-22.738074,-15.731395,-19.828133,-1.661935,-27.363368,90.000000,
-19.828133,-1.661935,-27.363368,14.749324,-27.186990,-33.994097,29.866251,20.610086,-18.479310,-19.828133,-1.661935,-27.363368,90.000000,
-19.828133,-1.661935,-27.363368,-67.064640,35.808915,-32.621153,-70.537737,-22.738074,-15.731395,-19.828133,-1.661935,-27.363368,90.000000,
-19.828133,-1.661935,-27.363368,14.749324,-27.186990,-33.994097,29.866251,20.610086,-18.479310,-19.828133,-1.661935,-27.363368,90.000000,
-19.828133,-1.661935,-27.363368,-67.064640,35.808915,-32.621153,-70.537737,-22.738074,-15.731395,-19.828133,-1.661935,-27.363368,90.000000,
-19.828133,-1.661935,-27.363368,14.749324,-27.186990,-33.994097,29.866251,20.610086,-18.479310,-19.828133,-1.661935,-27.363368,90.000000,
-19.828133,-1.661935,-27.363368,-67.064640,35.808915,-32.621153,-70.537737,-22.738074,-15.731395,-19.828133,-1.661935,-27.363368,90.000000,
-19.828133,-1.661935,-27.363368,14.749324,-27.186990,-33.994097,29.866251,20.610086,-18.479310,-19.828133,-1.661935,-27.363368,90.000000,
-19.828133,-1.661935,-27.363368,-67.064640,35.808915,-32.621153,-70.537737,-22.738074,-15.731395,-19.828133,-1.661935,-27.363368,90.000000,
-19.828133,-1.661935,-27.363368,14.749324,-27.186990,-33.994097,29.866251,20.610086,-18.479310,-19.828133,-1.661935,-27.363368,90.000000,
-19.828133,-1.661935,-27.363368,-67.064640,35.808915,-32.621153,-70.537737,-22.738074,-15.731395,-19.828133,-1.661935,-27.363368,90.000000,
-19.828133,-1.661935,-27.363368,14.749324,-27.186990,-33.994097,29.866251,20.610086,-18.479310,-19.828133,-1.661935,-27.363368,90.000000,
-19.828133,-1.661935,-27.363368,-67.064640,35.808915,-32.621153,-70.537737,-22.738074,-15.731395,-19.828133,-1.661935,-27.363368,90.000000,
-19.828133,-1.661935,-27.363368,14.749324,-27.186990,-33.994097,29.866251,20.610086,-18.479310,-19.828133,-1.661935,-27.363368,90.000000,
-19.828133,-1.661935,-27.363368,-67.064640,35.808915,-32.621153,-70.537737,-22.738074,-15.731395,-19.828133,-1.661935,-27.363368,90.000000,
-19.828133,-1.661935,-27.363368,14.749324,-27.186990,-33.994097,29.866251,20.610086,-18.479310,-19.828133,-1.661935,-27.363368,90.000000,
-19.828133,-1.661935,-27.363368,-67.064640,35.808915,-32.621153,-70.537737,-22.738074,-15.731395,-19.828133,-1.661935,-27.363368,90.000000,
-19.828133,-1.661935,-27.363368,14.749324,-27.186990,-33.994097,29.866251,20.610086,-18.479310,-19.828133,-1.661935,-27.363368,90.000000,
-19.828133,-1.661935,-27.363368,-67.064640,35.808915,-32.621153,-70.537737,-22.738074,-15.731395,-19.828133,-1.661935,-27.363368,90.000000,
-19.828133,-1.661935,-27.363368,14.749324,-27.186990,-33.994097,29.866251,20.610086,-18.479310,-19.828133,-1.661935,-27.363368,90.000000,
-19.828133,-1.661935,-27.363368,-67.064640,35.808915,-32.621153,-70.537737,-22.738074,-15.731395,-19.828133,-1.661935,-27.363368,90.000000,
-19.828133,-1.661935,-27.363368,14.749324,-27.186990,-33.994097,29.866251,20.610086,-18.479310,-19.828133,-1.661935,-27.363368,90.000000,
-19.828133,-1.661935,-27.363368,-67.064640,35.808915,-32.621153,-70.537737,-22.738074,-15.731395,-19.828133,-1.661935,-27.363368,90.000000,
-19.828133,-1.661935,-27.363368,14.749324,-27.186990,-33.994097,29.866251,20.610086,-18.479310,-19.828133,-1.661935,-27.363368,90.000000,
-19.828133,-1.661935,-27.363368,-67.064640,35.808915,-32.621153,-70.537737,-22.738074,-15.731395,-19.828133,-1.661935,-27.363368,90.000000,
-19.828133,-1.661935,-27.363368,14.749324,-27.186990,-33.994097,29.866251,20.610086,-18.479310,-19.828133,-1.661935,-27.363368,90.000000,
-19.828133,-1.661935,-27.363368,-67.064640,35.808915,-32.621153,-70.537737,-22.738074,-15.731395,-19.828133,-1.661935,-27.363368,90.000000,
-19.828133,-1.661935,-27.363368,14.749324,-27.186990,-33.994097,29.866251,20.610086,-18.479310,-19.828133,-1.661935,-27.363368,90.000000,
-19.828133,-1.661935,-27.363368,-67.064640,35.808915,-32.621153,-70.537737,-22.738074,-15.731395,-19.828133,-1.661935,-27.363368,90.000000,
-19.828133,-1.661935,-27.363368,14.749324,-27.186990,-33.994097,29.866251,20.610086,-18.479310,-19.828133,-1.661935,-27.363368,90.000000,
-19.828133,-1.661935,-27.363368,-67.064640,35.808915,-32.621153,-70.537737,-22.738074,-15.731395,-19.828133,-1.661935,-27.363368,90.000000,
-19.828133,-1.661935,-27.363368,14.749324,-27.186990,-33.994097,29.866251,20.610086,-18.479310,-19.828133,-1.661935,-27.363368,90.000000,
-19.828133,-1.661935,-27.363368,-67.064640,35.808915,-32.621153,-70.537737,-22.738074,-15.731395,-19.828133,-1.661935,-27.363368,90.000000,
-19.828133,-1.661935,-27.363368,14.749324,-27.186990,-33.994097,29.866251,20.610086,-18.479310,-19.828133,-1.661935,-27.363368,90.000000,
-19.828133,-1.661935,-27.363368,-67.064640,35.808915,-32.621153,-70.537737,-22.738074,-15.731395,-19.828133,-1.661935,-27.363368,90.000000,
-19.828133,-1.661935,-27.363368,14.749324,-27.186990,-33.994097,29.866251,20.610086,-18.479310,-19.828133,-1.661935,-27.363368,90.000000,
-19.828133,-1.661935,-27.363368,-67.064640,35.808915,-32.621153,-70.537737,-22.738074,-15.731395,-19.828133,-1.661935,-27.363368,90.000000,
-19.828133,-1.661935,-27.363368,14.749324,-27.186990,-33.994097,29.866251,20.610086,-18.479310,-19.828133,-1.661935,-27.363368,90.000000,
-19.828133,-1.661935,-27.363368,-67.064640,35.808915,-32.621153,-70.537737,-22.738074,-15.731395,-19.828133,-1.661935,-27.363368,90.000000,
-19.828133,-1.661935,-27.363368,14.749324,-27.186990,-33.994097,29.866251,20.610086,-18.479310,-19.828133,-1.661935,-27.363368,90.000000,
-19.828133,-1.661935,-27.363368,-67.064640,35.808915,-32.621153,-70.537737,-22.738074,-15.731395,-19.828133,-1.661935,-27.363368,90.000000,
-19.828133,-1.661935,-27.363368,14.749324,-27.186990,-33.994097,29.866251,20.610086,-18.479310,-19.828133,-1.661935,-27.363368,90.000000,
-19.828133,-1.661935,-27.363368,-67.064640,35.808915,-32.621153,-70.537737,-22.738074,-15.731395,-19.828133,-1.661935,-27.363368,90.000000,
-19.828133,-1.661935,-27.363368,14.749324,-27.186990,-33.994097,29.866251,20.610086,-18.479310,-19.828133,-1.661935,-27.363368,90.000000,
-19.828133,-1.661935,-27.363368,-67.064640,35.808915,-32.621153,-70.537737,-22.738074,-15.731395,-19.828133,-1.661935,-27.363368,90.000000,
-19.828133,-1.661935,-27.363368,14.749324,-27.186990,-33.994097,29.866251,20.610086,-18.479310,-19.828133,-1.661935,-27.363368,90.000000,
-19.828133,-1.661935,-27.363368,-67.064640,35.808915,-32.621153,-70.537737,-22.738074,-15.731395,-19.828133,-1.661935,-27.363368,90.000000,
-19.828133,-1.661935,-27.363368,14.749324,-27.186990,-33.994097,29.866251,20.610086,-18.479310,-19.828133,-1.661935,-27.363368,90.000000,
-19.828133,-1.661935,-27.363368,-67.064640,35.808915,-32.621153,-70.537737,-22.738074,-15.731395,-19.828133,-1.661935,-27.363368,90.000000,
-19.828133,-1.661935,-27.363368,14.749324,-27.186990,-33.994097,29.866251,20.610086,-18.479310,-19.828133,-1.661935,-27.363368,90.000000,
-19.828133,-1.661935,-27.363368,-67.064640,35.808915,-32.621153,-70.537737,-22.738074,-15.731395,-19.828133,-1.661935,-27.363368,90.000000,
-19.828133,-1.661935,-27.363368,14.749324,-27.186990,-33.994097,29.866251,20.610086,-18.479310,-19.828133,-1.661935,-27.363368,90.000000,
-19.828133,-1.661935,-27.363368,-67.064640,35.808915,-32.621153,-70.537737,-22.738074,-15.731395,-19.828133,-1.661935,-27.363368,90.000000,
-19.828133,-1.661935,-27.363368,14.749324,-27.186990,-33.994097,29.866251,20.610086,-18.479310,-19.828133,-1.661935,-27.363368,90.000000,
-19.828133,-1.661935,-27.363368,-67.064640,35.808915,-32.621153,-70.537737,-22.738074,-15.731395,-19.828133,-1.661935,-27.363368,90.000000,
-19.828133,-1.661935,-27.363368,14.749324,-27.186990,-33.994097,29.866251,20.610086,-18.479310,-19.828133,-1.661935,-27.363368,90.000000,
-19.828133,-1.661935,-27.363368,-67.064640,35.808915,-32.621153,-70.537737,-22.738074,-15.731395,-19.828133,-1.661935,-27.363368,90.000000,
-19.828133,-1.661935,-27.363368,14.749324,-27.186990,-33.994097,29.866251,20.610086,-18.479310,-19.828133,-1.661935,-27.363368,90.000000,
-19.828133,-1.661935,-27.363368,-67.064640,35.808915,-32.621153,-70.537737,-22.738074,-15.731395,-19.828133,-1.661935,-27.363368,90.000000,
-19.828133,-1.661935,-27.363368,14.749324,-27.186990,-33.994097,29.866251,20.610086,-18.479310,-19.828133,-1.661935,-27.363368,90.000000,
-19.828133,-1.661935,-27.363368,-67.064640,35.808915,-32.621153,-70.537737,-22.738074,-15.731395,-19.828133,-1.661935,-27.363368,90.000000,
-19.828133,-1.661935,-27.363368,14.749324,-27.186990,-33.994097,29.866251,20.610086,-18.479310,-19.828133,-1.661935,-27.363368,90.000000,
-19.828133,-1.661935,-27.363368,-67.064640,35.808915,-32.621153,-70.537737,-22.738074,-15.731395,-19.828133,-1.661935,-27.363368,90.000000,
-19.828133,-1.661935,-27.363368,14.749324,-27.186990,-33.994097,29.866251,20.610086,-18.479310,-19.828133,-1.661935,-27.363368,90.000000,
-19.828133,-1.661935,-27.363368,-67.064640,35.808915,-32.621153,-70.537737,-22.738074,-15.731395,-19.828133,-1.661935,-27.363368,90.000000,
-19.828133,-1.661935,-27.363368,14.749324,-27.186990,-33.994097,29.866251,20.610086,-18.479310,-19.828133,-1.661935,-27.363368,90.000000,
-19.828133,-1.661935,-27.363368,-67.064640,35.808915,-32.621153,-70.537737,-22.738074,-15.731395,-19.828133,-1.661935,-27.363368,90.000000,
-19.828133,-1.661935,-27.363368,14.749324,-27.186990,-33.994097,29.866251,20.610086,-18.479310,-19.828133,-1.661935,-27.363368,90.000000,
-19.828133,-1.661935,-27.363368,-67.064640,35.808915,-32.621153,-70.537737,-22.738074,-15.731395,-19.828133,-1.661935,-27.363368,90.000000,
-19.828133,-1.661935,-27.363368,14.749324,-27.186990,-33.994097,29.866251,20.610086,-18.479310,-19.828133,-1.661935,-27.363368,90.000000,
-19.828133,-1.661935,-27.363368,-67.064640,35.808915,-32.621153,-70.537737,-22.738074,-15.731395,-19.828133,-1.661935,-27.363368,90.000000,
-19.828133,-1.661935,-27.363368,14.749324,-27.186990,-33.994097,29.866251,20.610086,-18.479310,-19.828133,-1.661935,-27.363368,90.000000,
-19.828133,-1.661935,-27.363368,-67.064640,35.808915,-32.621153,-70.537737,-22.738074,-15.731395,-19.828133,-1.661935,-27.363368,90.000000,
-19.828133,-1.661935,-27.363368,14.749324,-27.186990,-33.994097,29.866251,20.610086,-18.479310,-19.828133,-1.661935,-27.363368,90.000000,
-19.828133,-1.661935,-27.363368,-67.064640,35.808915,-32.621153,-70.537737,-22.738074,-15.731395,-19.828133,-1.661935,-27.363368,90.000000,
-19.828133,-1.661935,-27.363368,14.749324,-27.186990,-33.994097,29.866251,20.610086,-18.479310,-19.828133,-1.661935,-27.363368,90.000000,
-19.828133,-1.661935,-27.363368,-67.064640,35.808915,-32.621153,-70.537737,-22.738074,-15.731395,-19.828133,-1.661935,-27.363368,90.000000,
-19.828133,-1.661935,-27.363368,14.749324,-27.186990,-33.994097,29.866251,20.610086,-18.479310,-19.828133,-1.661935,-27.363368,90.000000,
-19.828133,-1.661935,-27.363368,-67.064640,35.808915,-32.621153,-70.537737,-22.738074,-15.731395,-19.828133,-1.661935,-27.363368,90.000000,
-19.828133,-1.661935,-27.363368,14.749324,-27.186990,-33.994097,29.866251,20.610086,-18.479310,-19.828133,-1.661935,-27.363368,90.000000,
-19.828133,-1.661935,-27.363368,-67.064640,35.808915,-32.621153,-70.537737,-22.738074,-15.731395,-19.828133,-1.661935,-27.363368,90.000000,
-19.828133,-1.661935,-27.363368,14.749324,-27.186990,-33.994097,29.866251,20.610086,-18.479310,-19.828133,-1.661935,-27.363368,90.000000,
-19.828133,-1.661935,-27.363368,-67.064640,35.808915,-32.621153,-70.537737,-22.738074,-15.731395,-19.828133,-1.661935,-27.363368,90.000000,
-19.828133,-1.661935,-27.363368,14.749324,-27.186990,-33.994097,29.866251,20.610086,-18.479310,-19.828133,-1.661935,-27.363368,90.000000,
-19.828133,-1.661935,-27.363368,-67.064640,35.808915,-32.621153,-70.537737,-22.738074,-15.731395,-19.828133,-1.661935,-27.363368,90.000000,
-19.828133,-1.661935,-27.363368,14.749324,-27.186990,-33.994097,29.866251,20.610086,-18.479310,-19.828133,-1.661935,-27.363368,90.000000,
-19.828133,-1.661935,-27.363368,-67.064640,35.808915,-32.621153,-70.537737,-22.738074,-15.731395,-19.828133,-1.661935,-27.363368,90.000000,
-19.828133,-1.661935,-27.363368,14.749324,-27.186990,-33.994097,29.866251,20.610086,-18.479310,-19.828133,-1.661935,-27.363368,90.000000,
-19.828133,-1.661935,-27.363368,-67.064640,35.808915,-32.621153,-70.537737,-22.738074,-15.731395,-19.828133,-1.661935,-27.363368,90.000000,
-19.828133,-1.661935,-27.363368,14.749324,-27.186990,-33.994097,29.866251,20.610086,-18.479310,-19.828133,-1.661935,-27.363368,90.000000,
-19.828133,-1.661935,-27.363368,-67.064640,35.808915,-32.621153,-70.537737,-22.738074,-15.731395,-19.828133,-1.661935,-27.363368,90.000000,
-19.828133,-1.661935,-27.363368,14.749324,-27.186990,-33.994097,29.866251,20.610086,-18.479310,-19.828133,-1.661935,-27.363368,90.000000,
-19.828133,-1.661935,-27.363368,-67.064640,35.808915,-32.621153,-70.537737,-22.738074,-15.731395,-19.828133,-1.661935,-27.363368,90.000000,
-19.828133,-1.661935,-27.363368,14.749324,-27.186990,-33.994097,29.866251,20.610086,-18.479310,-19.828133,-1.661935,-27.363368,90.000000,
-19.828133,-1.661935,-27.363368,-67.064640,35.808915,-32.621153,-70.537737,-22.738074,-15.731395,-19.828133,-1.661935,-27.363368,90.000000,
-19.828133,-1.661935,-27.363368,14.749324,-27.186990,-33.994097,29.866251,20.610086,-18.479310,-19.828133,-1.661935,-27.363368,90.000000,
-19.828133,-1.661935,-27.363368,-67.064640,35.808915,-32.621153,-70.537737,-22.738074,-15.731395,-19.828133,-1.661935,-27.363368,90.000000,
-19.828133,-1.661935,-27.363368,14.749324,-27.186990,-33.994097,29.866251,20.610086,-18.479310,-19.828133,-1.661935,-27.363368,90.000000,
-19.828133,-1.661935,-27.363368,-67.064640,35.808915,-32.621153,-70.537737,-22.738074,-15.731395,-19.828133,-1.661935,-27.363368,90.000000,
-19.828133,-1.661935,-27.363368,14.749324,-27.186990,-33.994097,29.866251,20.610086,-18.479310,-19.828133,-1.661935,-27.363368,90.000000,
-19.828133,-1.661935,-27.363368,-67.064640,35.808915,-32.621153,-70.537737,-22.738074,-15.731395,-19.828133,-1.661935,-27.363368,90.000000,
-19.828133,-1.661935,-27.363368,14.749324,-27.186990,-33.994097,29.866251,20.610086,-18.479310,-19.828133,-1.661935,-27.363368,90.000000,
-19.828133,-1.661935,-27.363368,-67.064640,35.808915,-32.621153,-70.537737,-22.738074,-15.731395,-19.828133,-1.661935,-27.363368,90.000000,
-19.828133,-1.661935,-27.363368,14.749324,-27.186990,-33.994097,29.866251,20.610086,-18.479310,-19.828133,-1.661935,-27.363368,90.000000,
-19.828133,-1.661935,-27.363368,-67.064640,35.808915,-32.621153,-70.537737,-22.738074,-15.731395,-19.828133,-1.661935,-27.363368,90.000000,
-19.828133,-1.661935,-27.363368,14.749324,-27.186990,-33.994097,29.866251,20.610086,-18.479310,-19.828133,-1.661935,-27.363368,90.000000,
-19.828133,-1.661935,-27.363368,-67.064640,35.808915,-32.621153,-70.537737,-22.738074,-15.731395,-19.828133,-1.661935,-27.363368,90.000000,
-19.828133,-1.661935,-27.363368,14.749324,-27.186990,-33.994097,29.866251,20.610086,-18.479310,-19.828133,-1.661935,-27.363368,90.000000,
-19.828133,-1.661935,-27.363368,-67.064640,35.808915,-32.621153,-70.537737,-22.738074,-15.731395,-19.828133,-1.661935,-27.363368,90.000000,
-19.828133,-1.661935,-27.363368,14.749324,-27.186990,-33.994097,29.866251,20.610086,-18.479310,-19.828133,-1.661935,-27.363368,90.000000,
-19.828133,-1.661935,-27.363368,-67.064640,35.808915,-32.621153,-70.537737,-22.738074,-15.731395,-19.828133,-1.661935,-27.363368,90.000000,
-19.828133,-1.661935,-27.363368,14.749324,-27.186990,-33.994097,29.866251,20.610086,-18.479310,-19.828133,-1.661935,-27.363368,90.000000,
-19.828133,-1.661935,-27.363368,-67.064640,35.808915,-32.621153,-70.537737,-22.738074,-15.731395,-19.828133,-1.661935,-27.363368,90.000000,
-19.828133,-1.661935,-27.363368,14.749324,-27.186990,-33.994097,29.866251,20.610086,-18.479310,-19.828133,-1.661935,-27.363368,90.000000,
-19.828133,-1.661935,-27.363368,-67.064640,35.808915,-32.621153,-70.537737,-22.738074,-15.731395,-19.828133,-1.661935,-27.363368,90.000000,
-19.828133,-1.661935,-27.363368,14.749324,-27.186990,-33.994097,29.866251,20.610086,-18.479310,-19.828133,-1.661935,-27.363368,90.000000,
-19.828133,-1.661935,-27.363368,-67.064640,35.808915,-32.621153,-70.537737,-22.738074,-15.731395,-19.828133,-1.661935,-27.363368,90.000000,
-19.828133,-1.661935,-27.363368,14.749324,-27.186990,-33.994097,29.866251,20.610086,-18.479310,-19.828133,-1.661935,-27.363368,90.000000,
-19.828133,-1.661935,-27.363368,-67.064640,35.808915,-32.621153,-70.537737,-22.738074,-15.731395,-19.828133,-1.661935,-27.363368,90.000000,
-19.828133,-1.661935,-27.363368,14.749324,-27.186990,-33.994097,29.866251,20.610086,-18.479310,-19.828133,-1.661935,-27.363368,90.000000,
-19.828133,-1.661935,-27.363368,-67.064640,35.808915,-32.621153,-70.537737,-22.738074,-15.731395,-19.828133,-1.661935,-27.363368,90.000000,
-19.828133,-1.661935,-27.363368,14.749324,-27.186990,-33.994097,29.866251,20.610086,-18.479310,-19.828133,-1.661935,-27.363368,90.000000,
-19.828133,-1.661935,-27.363368,-67.064640,35.808915,-32.621153,-70.537737,-22.738074,-15.731395,-19.828133,-1.661935,-27.363368,90.000000,
-19.828133,-1.661935,-27.363368,14.749324,-27.186990,-33.994097,29.866251,20.610086,-18.479310,-19.828133,-1.661935,-27.363368,90.000000,
-19.828133,-1.661935,-27.363368,-67.064640,35.808915,-32.621153,-70.537737,-22.738074,-15.731395,-19.828133,-1.661935,-27.363368,90.000000,
-19.828133,-1.661935,-27.363368,14.749324,-27.186990,-33.994097,29.866251,20.610086,-18.479310,-19.828133,-1.661935,-27.363368,90.000000,
-19.828133,-1.661935,-27.363368,-67.064640,35.808915,-32.621153,-70.537737,-22.738074,-15.731395,-19.828133,-1.661935,-27.363368,90.000000,
-19.828133,-1.661935,-27.363368,14.749324,-27.186990,-33.994097,29.866251,20.610086,-18.479310,-19.828133,-1.661935,-27.363368,90.000000,
-19.828133,-1.661935,-27.363368,-67.064640,35.808915,-32.621153,-70.537737,-22.738074,-15.731395,-19.828133,-1.661935,-27.363368,90.000000,
-19.828133,-1.661935,-27.363368,14.749324,-27.186990,-33.994097,29.866251,20.610086,-18.479310,-19.828133,-1.661935,-27.363368,90.000000,
-19.828133,-1.661935,-27.363368,-67.064640,35.808915,-32.621153,-70.537737,-22.738074,-15.731395,-19.828133,-1.661935,-27.363368,90.000000,
-19.828133,-1.661935,-27.363368,14.749324,-27.186990,-33.994097,29.866251,20.610086,-18.479310,-19.828133,-1.661935,-27.363368,90.000000,
-19.828133,-1.661935,-27.363368,-67.064640,35.808915,-32.621153,-70.537737,-22.738074,-15.731395,-19.828133,-1.661935,-27.363368,90.000000,
-19.828133,-1.661935,-27.363368,14.749324,-27.186990,-33.994097,29.866251,20.610086,-18.479310,-19.828133,-1.661935,-27.363368,90.000000,
-19.828133,-1.661935,-27.363368,-67.064640,35.808915,-32.621153,-70.537737,-22.738074,-15.731395,-19.828133,-1.661935,-27.363368,90.000000,
-19.828133,-1.661935,-27.363368,14.749324,-27.186990,-33.994097,29.866251,20.610086,-18.479310,-19.828133,-1.661935,-27.363368,90.000000,
-19.828133,-1.661935,-27.363368,-67.064640,35.808915,-32.621153,-70.537737,-22.738074,-15.731395,-19.828133,-1.661935,-27.363368,90.000000,
-19.828133,-1.661935,-27.363368,14.749324,-27.186990,-33.994097,29.866251,20.610086,-18.479310,-19.828133,-1.661935,-27.363368,90.000000,
-19.828133,-1.661935,-27.363368,-67.064640,35.808915,-32.621153,-70.537737,-22.738074,-15.731395,-19.828133,-1.661935,-27.363368,90.000000,
-19.828133,-1.661935,-27.363368,14.749324,-27.186990,-33.994097,29.866251,20.610086,-18.479310,-19.828133,-1.661935,-27.363368,90.000000,
-19.828133,-1.661935,-27.363368,-67.064640,35.808915,-32.621153,-70.537737,-22.738074,-15.731395,-19.828133,-1.661935,-27.363368,90.000000,
-19.828133,-1.661935,-27.363368,14.749324,-27.186990,-33.994097,29.866251,20.610086,-18.479310,-19.828133,-1.661935,-27.363368,90.000000,
-19.828133,-1.661935,-27.363368,-67.064640,35.808915,-32.621153,-70.537737,-22.738074,-15.731395,-19.828133,-1.661935,-27.363368,90.000000,
-19.828133,-1.661935,-27.363368,14.749324,-27.186990,-33.994097,29.866251,20.610086,-18.479310,-19.828133,-1.661935,-27.363368,90.000000,
-19.828133,-1.661935,-27.363368,-67.064640,35.808915,-32.621153,-70.537737,-22.738074,-15.731395,-19.828133,-1.661935,-27.363368,90.000000,
-19.828133,-1.661935,-27.363368,14.749324,-27.186990,-33.994097,29.866251,20.610086,-18.479310,-19.828133,-1.661935,-27.363368,90.000000,
-19.828133,-1.661935,-27.363368,-67.064640,35.808915,-32.621153,-70.537737,-22.738074,-15.731395,-19.828133,-1.661935,-27.363368,90.000000,
-19.828133,-1.661935,-27.363368,14.749324,-27.186990,-33.994097,29.866251,20.610086,-18.479310,-19.828133,-1.661935,-27.363368,90.000000,
-19.828133,-1.661935,-27.363368,-67.064640,35.808915,-32.621153,-70.537737,-22.738074,-15.731395,-19.828133,-1.661935,-27.363368,90.000000,
-19.828133,-1.661935,-27.363368,14.749324,-27.186990,-33.994097,29.866251,20.610086,-18.479310,-19.828133,-1.661935,-27.363368,90.000000,
-19.828133,-1.661935,-27.363368,-67.064640,35.808915,-32.621153,-70.537737,-22.738074,-15.731395,-19.828133,-1.661935,-27.363368,90.000000,
-19.828133,-1.661935,-27.363368,14.749324,-27.186990,-33.994097,29.866251,20.610086,-18.479310,-19.828133,-1.661935,-27.363368,90.000000,
-19.828133,-1.661935,-27.363368,-67.064640,35.808915,-32.621153,-70.537737,-22.738074,-15.731395,-19.828133,-1.661935,-27.363368,90.000000,
-19.828133,-1.661935,-27.363368,14.749324,-27.186990,-33.994097,29.866251,20.610086,-18.479310,-19.828133,-1.661935,-27.363368,90.000000,
-19.828133,-1.661935,-27.363368,-67.064640,35.808915,-32.621153,-70.537737,-22.738074,-15.731395,-19.828133,-1.661935,-27.363368,90.000000,
-19.828133,-1.661935,-27.363368,14.749324,-27.186990,-33.994097,29.866251,20.610086,-18.479310,-19.828133,-1.661935,-27.363368,90.000000,
-19.828133,-1.661935,-27.363368,-67.064640,35.808915,-32.621153,-70.537737,-22.738074,-15.731395,-19.828133,-1.661935,-27.363368,90.000000,
-19.828133,-1.661935,-27.363368,14.749324,-27.186990,-33.994097,29.866251,20.610086,-18.479310,-19.828133,-1.661935,-27.363368,90.000000,
-19.828133,-1.661935,-27.363368,-67.064640,35.808915,-32.621153,-70.537737,-22.738074,-15.731395,-19.828133,-1.661935,-27.363368,90.000000,
-19.828133,-1.661935,-27.363368,14.749324,-27.186990,-33.994097,29.866251,20.610086,-18.479310,-19.828133,-1.661935,-27.363368,90.000000,
-19.828133,-1.661935,-27.363368,-67.064640,35.808915,-32.621153,-70.537737,-22.738074,-15.731395,-19.828133,-1.661935,-27.363368,90.000000,
-19.828133,-1.661935,-27.363368,14.749324,-27.186990,-33.994097,29.866251,20.610086,-18.479310,-19.828133,-1.661935,-27.363368,90.000000,
-19.828133,-1.661935,-27.363368,-67.064640,35.808915,-32.621153,-70.537737,-22.738074,-15.731395,-19.828133,-1.661935,-27.363368,90.000000,
-19.828133,-1.661935,-27.363368,14.749324,-27.186990,-33.994097,29.866251,20.610086,-18.479310,-19.828133,-1.661935,-27.363368,90.000000,
-19.828133,-1.661935,-27.363368,-67.064640,35.808915,-32.621153,-70.537737,-22.738074,-15.731395,-19.828133,-1.661935,-27.363368,90.000000,
-19.828133,-1.661935,-27.363368,14.749324,-27.186990,-33.994097,29.866251,20.610086,-18.479310,-19.828133,-1.661935,-27.363368,90.000000,
-19.828133,-1.661935,-27.363368,-67.064640,35.808915,-32.621153,-70.537737,-22.738074,-15.731395,-19.828133,-1.661935,-27.363368,90.000000,
-19.828133,-1.661935,-27.363368,14.749324,-27.186990,-33.994097,29.866251,20.610086,-18.479310,-19.828133,-1.661935,-27.363368,90.000000,
-19.828133,-1.661935,-27.363368,-67.064640,35.808915,-32.621153,-70.537737,-22.738074,-15.731395,-19.828133,-1.661935,-27.363368,90.000000,
-19.828133,-1.661935,-27.363368,14.749324,-27.186990,-33.994097,29.866251,20.610086,-18.479310,-19.828133,-1.661935,-27.363368,90.000000,
-19.828133,-1.661935,-27.363368,-67.064640,35.808915,-32.621153,-70.537737,-22.738074,-15.731395,-19.828133,-1.661935,-27.363368,90.000000,
-19.828133,-1.661935,-27.363368,14.749324,-27.186990,-33.994097,29.866251,20.610086,-18.479310,-19.828133,-1.661935,-27.363368,90.000000,
-19.828133,-1.661935,-27.363368,-67.064640,35.808915,-32.621153,-70.537737,-22.738074,-15.731395,-19.828133,-1.661935,-27.363368,90.000000,
-19.828133,-1.661935,-27.363368,14.749324,-27.186990,-33.994097,29.866251,20.610086,-18.479310,-19.828133,-1.661935,-27.363368,90.000000,
-19.828133,-1.661935,-27.363368,-67.064640,35.808915,-32.621153,-70.537737,-22.738074,-15.731395,-19.828133,-1.661935,-27.363368,90.000000,
-19.828133,-1.661935,-27.363368,14.749324,-27.186990,-33.994097,29.866251,20.610086,-18.479310,-19.828133,-1.661935,-27.363368,90.000000,
-19.828133,-1.661935,-27.363368,-67.064640,35.808915,-32.621153,-70.537737,-22.738074,-15.731395,-19.828133,-1.661935,-27.363368,90.000000,
-19.828133,-1.661935,-27.363368,14.749324,-27.186990,-33.994097,29.866251,20.610086,-18.479310,-19.828133,-1.661935,-27.363368,90.000000,
-19.828133,-1.661935,-27.363368,-67.064640,35.808915,-32.621153,-70.537737,-22.738074,-15.731395,-19.828133,-1.661935,-27.363368,90.000000,
-19.828133,-1.661935,-27.363368,14.749324,-27.186990,-33.994097,29.866251,20.610086,-18.479310,-19.828133,-1.661935,-27.363368,90.000000,
-19.828133,-1.661935,-27.363368,-67.064640,35.808915,-32.621153,-70.537737,-22.738074,-15.731395,-19.828133,-1.661935,-27.363368,90.000000,
-19.828133,-1.661935,-27.363368,14.749324,-27.186990,-33.994097,29.866251,20.610086,-18.479310,-19.828133,-1.661935,-27.363368,90.000000,
-19.828133,-1.661935,-27.363368,-67.064640,35.808915,-32.621153,-70.537737,-22.738074,-15.731395,-19.828133,-1.661935,-27.363368,90.000000,
-19.828133,-1.661935,-27.363368,14.749324,-27.186990,-33.994097,29.866251,20.610086,-18.479310,-19.828133,-1.661935,-27.363368,90.000000,
-19.828133,-1.661935,-27.363368,-67.064640,35.808915,-32.621153,-70.537737,-22.738074,-15.731395,-19.828133,-1.661935,-27.363368,90.000000,
-19.828133,-1.661935,-27.363368,14.749324,-27.186990,-33.994097,29.866251,20.610086,-18.479310,-19.828133,-1.661935,-27.363368,90.000000,
-19.828133,-1.661935,-27.363368,-67.064640,35.808915,-32.621153,-70.537737,-22.738074,-15.731395,-19.828133,-1.661935,-27.363368,90.000000,
-19.828133,-1.661935,-27.363368,14.749324,-27.186990,-33.994097,29.866251,20.610086,-18.479310,-19.828133,-1.661935,-27.363368,90.000000,
-19.828133,-1.661935,-27.363368,-67.064640,35.808915,-32.621153,-70.537737,-22.738074,-15.731395,-19.828133,-1.661935,-27.363368,90.000000,
-19.828133,-1.661935,-27.363368,14.749324,-27.186990,-33.994097,29.866251,20.610086,-18.479310,-19.828133,-1.661935,-27.363368,90.000000,
-19.828133,-1.661935,-27.363368,-67.064640,35.808915,-32.621153,-70.537737,-22.738074,-15.731395,-19.828133,-1.661935,-27.363368,90.000000,
-19.828133,-1.661935,-27.363368,14.749324,-27.186990,-33.994097,29.866251,20.610086,-18.479310,-19.828133,-1.661935,-27.363368,90.000000,
-19.828133,-1.661935,-27.363368,-67.064640,35.808915,-32.621153,-70.537737,-22.738074,-15.731395,-19.828133,-1.661935,-27.363368,90.000000,
-19.828133,-1.661935,-27.363368,14.749324,-27.186990,-33.994097,29.866251,20.610086,-18.479310,-19.828133,-1.661935,-27.363368,90.000000,
-19.828133,-1.661935,-27.363368,-67.064640,35.808915,-32.621153,-70.537737,-22.738074,-15.731395,-19.828133,-1.661935,-27.363368,90.000000,
-19.828133,-1.661935,-27.363368,14.749324,-27.186990,-33.994097,29.866251,20.610086,-18.479310,-19.828133,-1.661935,-27.363368,90.000000,
-19.828133,-1.661935,-27.363368,-67.064640,35.808915,-32.621153,-70.537737,-22.738074,-15.731395,-19.828133,-1.661935,-27.363368,90.000000,
-19.828133,-1.661935,-27.363368,14.749324,-27.186990,-33.994097,29.866251,20.610086,-18.479310,-19.828133,-1.661935,-27.363368,90.000000,
-19.828133,-1.661935,-27.363368,-67.064640,35.808915,-32.621153,-70.537737,-22.738074,-15.731395,-19.828133,-1.661935,-27.363368,90.000000,
-19.828133,-1.661935,-27.363368,14.749324,-27.186990,-33.994097,29.866251,20.610086,-18.479310,-19.828133,-1.661935,-27.363368,90.000000,
-19.828133,-1.661935,-27.363368,-67.064640,35.808915,-32.621153,-70.537737,-22.738074,-15.731395,-19.828133,-1.661935,-27.363368,90.000000,
-19.828133,-1.661935,-27.363368,14.749324,-27.186990,-33.994097,29.866251,20.610086,-18.479310,-19.828133,-1.661935,-27.363368,90.000000,
-19.828133,-1.661935,-27.363368,-67.064640,35.808915,-32.621153,-70.537737,-22.738074,-15.731395,-19.828133,-1.661935,-27.363368,90.000000,
-19.828133,-1.661935,-27.363368,14.749324,-27.186990,-33.994097,29.866251,20.610086,-18.479310,-19.828133,-1.661935,-27.363368,90.000000,
-19.828133,-1.661935,-27.363368,-67.064640,35.808915,-32.621153,-70.537737,-22.738074,-15.731395,-19.828133,-1.661935,-27.363368,90.000000,
-19.828133,-1.661935,-27.363368,14.749324,-27.186990,-33.994097,29.866251,20.610086,-18.479310,-19.828133,-1.661935,-27.363368,90.000000,
-19.828133,-1.661935,-27.363368,-67.064640,35.808915,-32.621153,-70.537737,-22.738074,-15.731395,-19.828133,-1.661935,-27.363368,90.000000,
-19.828133,-1.661935,-27.363368,14.749324,-27.186990,-33.994097,29.866251,20.610086,-18.479310,-19.828133,-1.661935,-27.363368,90.000000,
-19.828133,-1.661935,-27.363368,-67.064640,35.808915,-32.621153,-70.537737,-22.738074,-15.731395,-19.828133,-1.661935,-27.363368,90.000000,
-19.828133,-1.661935,-27.363368,14.749324,-27.186990,-33.994097,29.866251,20.610086,-18.479310,-19.828133,-1.661935,-27.363368,90.000000,
-19.828133,-1.661935,-27.363368,-67.064640,35.808915,-32.621153,-70.537737,-22.738074,-15.731395,-19.828133,-1.661935,-27.363368,90.000000,
-19.828133,-1.661935,-27.363368,14.749324,-27.186990,-33.994097,29.866251,20.610086,-18.479310,-19.828133,-1.661935,-27.363368,90.000000,
-19.828133,-1.661935,-27.363368,-67.064640,35.808915,-32.621153,-70.537737,-22.738074,-15.731395,-19.828133,-1.661935,-27.363368,90.000000,
-19.828133,-1.661935,-27.363368,14.749324,-27.186990,-33.994097,29.866251,20.610086,-18.479310,-19.828133,-1.661935,-27.363368,90.000000,
-19.828133,-1.661935,-27.363368,-67.064640,35.808915,-32.621153,-70.537737,-22.738074,-15.731395,-19.828133,-1.661935,-27.363368,90.000000,
-19.828133,-1.661935,-27.363368,14.749324,-27.186990,-33.994097,29.866251,20.610086,-18.479310,-19.828133,-1.661935,-27.363368,90.000000,
-19.828133,-1.661935,-27.363368,-67.064640,35.808915,-32.621153,-70.537737,-22.738074,-15.731395,-19.828133,-1.661935,-27.363368,90.000000,
-19.828133,-1.661935,-27.363368,14.749324,-27.186990,-33.994097,29.866251,20.610086,-18.479310,-19.828133,-1.661935,-27.363368,90.000000,
-19.828133,-1.661935,-27.363368,-67.064640,35.808915,-32.621153,-70.537737,-22.738074,-15.731395,-19.828133,-1.661935,-27.363368,90.000000,
-19.828133,-1.661935,-27.363368,14.749324,-27.186990,-33.994097,29.866251,20.610086,-18.479310,-19.828133,-1.661935,-27.363368,90.000000,
-19.828133,-1.661935,-27.363368,-67.064640,35.808915,-32.621153,-70.537737,-22.738074,-15.731395,-19.828133,-1.661935,-27.363368,90.000000,
-19.828133,-1.661935,-27.363368,14.749324,-27.186990,-33.994097,29.866251,20.610086,-18.479310,-19.828133,-1.661935,-27.363368,90.000000,
-19.828133,-1.661935,-27.363368,-67.064640,35.808915,-32.621153,-70.537737,-22.738074,-15.731395,-19.828133,-1.661935,-27.363368,90.000000,
-19.828133,-1.661935,-27.363368,14.749324,-27.186990,-33.994097,29.866251,20.610086,-18.479310,-19.828133,-1.661935,-27.363368,90.000000,
-19.828133,-1.661935,-27.363368,-67.064640,35.808915,-32.621153,-70.537737,-22.738074,-15.731395,-19.828133,-1.661935,-27.363368,90.000000,
-19.828133,-1.661935,-27.363368,14.749324,-27.186990,-33.994097,29.866251,20.610086,-18.479310,-19.828133,-1.661935,-27.363368,90.000000,
-19.828133,-1.661935,-27.363368,-67.064640,35.808915,-32.621153,-70.537737,-22.738074,-15.731395,-19.828133,-1.661935,-27.363368,90.000000,
-19.828133,-1.661935,-27.363368,14.749324,-27.186990,-33.994097,29.866251,20.610086,-18.479310,-19.828133,-1.661935,-27.363368,90.000000,
-19.828133,-1.661935,-27.363368,-67.064640,35.808915,-32.621153,-70.537737,-22.738074,-15.731395,-19.828133,-1.661935,-27.363368,90.000000,
-19.828133,-1.661935,-27.363368,14.749324,-27.186990,-33.994097,29.866251,20.610086,-18.479310,-19.828133,-1.661935,-27.363368,90.000000,
-19.828133,-1.661935,-27.363368,-67.064640,35.808915,-32.621153,-70.537737,-22.738074,-15.731395,-19.828133,-1.661935,-27.363368,90.000000,
-19.828133,-1.661935,-27.363368,14.749324,-27.186990,-33.994097,29.866251,20.610086,-18.479310,-19.828133,-1.661935,-27.363368,90.000000,
-19.828133,-1.661935,-27.363368,-67.064640,35.808915,-32.621153,-70.537737,-22.738074,-15.731395,-19.828133,-1.661935,-27.363368,90.000000,
-19.828133,-1.661935,-27.363368,14.749324,-27.186990,-33.994097,29.866251,20.610086,-18.479310,-19.828133,-1.661935,-27.363368,90.000000,
-19.828133,-1.661935,-27.363368,-67.064640,35.808915,-32.621153,-70.537737,-22.738074,-15.731395,-19.828133,-1.661935,-27.363368,90.000000,
-19.828133,-1.661935,-27.363368,14.749324,-27.186990,-33.994097,29.866251,20.610086,-18.479310,-19.828133,-1.661935,-27.363368,90.000000,
-19.828133,-1.661935,-27.363368,-67.064640,35.808915,-32.621153,-70.537737,-22.738074,-15.731395,-19.828133,-1.661935,-27.363368,90.000000,
-19.828133,-1.661935,-27.363368,14.749324,-27.186990,-33.994097,29.866251,20.610086,-18.479310,-19.828133,-1.661935,-27.363368,90.000000,
-19.828133,-1.661935,-27.363368,-67.064640,35.808915,-32.621153,-70.537737,-22.738074,-15.731395,-19.828133,-1.661935,-27.363368,90.000000,
-19.828133,-1.661935,-27.363368,14.749324,-27.186990,-33.994097,29.866251,20.610086,-18.479310,-19.828133,-1.661935,-27.363368,90.000000,
-19.828133,-1.661935,-27.363368,-67.064640,35.808915,-32.621153,-70.537737,-22.738074,-15.731395,-19.828133,-1.661935,-27.363368,90.000000,
-19.828133,-1.661935,-27.363368,14.749324,-27.186990,-33.994097,29.866251,20.610086,-18.479310,-19.828133,-1.661935,-27.363368,90.000000,
-19.828133,-1.661935,-27.363368,-67.064640,35.808915,-32.621153,-70.537737,-22.738074,-15.731395,-19.828133,-1.661935,-27.363368,90.000000,
-19.828133,-1.661935,-27.363368,14.749324,-27.186990,-33.994097,29.866251,20.610086,-18.479310,-19.828133,-1.661935,-27.363368,90.000000,
-19.828133,-1.661935,-27.363368,-67.064640,35.808915,-32.621153,-70.537737,-22.738074,-15.731395,-19.828133,-1.661935,-27.363368,90.000000,
-19.828133,-1.661935,-27.363368,14.749324,-27.186990,-33.994097,29.866251,20.610086,-18.479310,-19.828133,-1.661935,-27.363368,90.000000,
-19.828133,-1.661935,-27.363368,-67.064640,35.808915,-32.621153,-70.537737,-22.738074,-15.731395,-19.828133,-1.661935,-27.363368,90.000000,
-19.828133,-1.661935,-27.363368,14.749324,-27.186990,-33.994097,29.866251,20.610086,-18.479310,-19.828133,-1.661935,-27.363368,90.000000,
-19.828133,-1.661935,-27.363368,-67.064640,35.808915,-32.621153,-70.537737,-22.738074,-15.731395,-19.828133,-1.661935,-27.363368,90.000000,
-19.828133,-1.661935,-27.363368,14.749324,-27.186990,-33.994097,29.866251,20.610086,-18.479310,-19.828133,-1.661935,-27.363368,90.000000,
-19.828133,-1.661935,-27.363368,-67.064640,35.808915,-32.621153,-70.537737,-22.738074,-15.731395,-19.828133,-1.661935,-27.363368,90.000000,
-19.828133,-1.661935,-27.363368,14.749324,-27.186990,-33.994097,29.866251,20.610086,-18.479310,-19.828133,-1.661935,-27.363368,90.000000,
-19.828133,-1.661935,-27.363368,-67.064640,35.808915,-32.621153,-70.537737,-22.738074,-15.731395,-19.828133,-1.661935,-27.363368,90.000000,
-19.828133,-1.661935,-27.363368,14.749324,-27.186990,-33.994097,29.866251,20.610086,-18.479310,-19.828133,-1.661935,-27.363368,90.000000,
-19.828133,-1.661935,-27.363368,-67.064640,35.808915,-32.621153,-70.537737,-22.738074,-15.731395,-19.828133,-1.661935,-27.363368,90.000000,
-19.828133,-1.661935,-27.363368,14.749324,-27.186990,-33.994097,29.866251,20.610086,-18.479310,-19.828133,-1.661935,-27.363368,90.000000,
-19.828133,-1.661935,-27.363368,-67.064640,35.808915,-32.621153,-70.537737,-22.738074,-15.731395,-19.828133,-1.661935,-27.363368,90.000000,
-19.828133,-1.661935,-27.363368,14.749324,-27.186990,-33.994097,29.866251,20.610086,-18.479310,-19.828133,-1.661935,-27.363368,90.000000,
-19.828133,-1.661935,-27.363368,-67.064640,35.808915,-32.621153,-70.537737,-22.738074,-15.731395,-19.828133,-1.661935,-27.363368,90.000000,
-19.828133,-1.661935,-27.363368,14.749324,-27.186990,-33.994097,29.866251,20.610086,-18.479310,-19.828133,-1.661935,-27.363368,90.000000,
-19.828133,-1.661935,-27.363368,-67.064640,35.808915,-32.621153,-70.537737,-22.738074,-15.731395,-19.828133,-1.661935,-27.363368,90.000000,
-19.828133,-1.661935,-27.363368,14.749324,-27.186990,-33.994097,29.866251,20.610086,-18.479310,-19.828133,-1.661935,-27.363368,90.000000,
-19.828133,-1.661935,-27.363368,-67.064640,35.808915,-32.621153,-70.537737,-22.738074,-15.731395,-19.828133,-1.661935,-27.363368,90.000000,
-19.828133,-1.661935,-27.363368,14.749324,-27.186990,-33.994097,29.866251,20.610086,-18.479310,-19.828133,-1.661935,-27.363368,90.000000,
-19.828133,-1.661935,-27.363368,-67.064640,35.808915,-32.621153,-70.537737,-22.738074,-15.731395,-19.828133,-1.661935,-27.363368,90.000000,
-19.828133,-1.661935,-27.363368,14.749324,-27.186990,-33.994097,29.866251,20.610086,-18.479310,-19.828133,-1.661935,-27.363368,90.000000,
-19.828133,-1.661935,-27.363368,-67.064640,35.808915,-32.621153,-70.537737,-22.738074,-15.731395,-19.828133,-1.661935,-27.363368,90.000000,
-19.828133,-1.661935,-27.363368,14.749324,-27.186990,-33.994097,29.866251,20.610086,-18.479310,-19.828133,-1.661935,-27.363368,90.000000,
-19.828133,-1.661935,-27.363368,-67.064640,35.808915,-32.621153,-70.537737,-22.738074,-15.731395,-19.828133,-1.661935,-27.363368,90.000000,
-19.828133,-1.661935,-27.363368,14.749324,-27.186990,-33.994097,29.866251,20.610086,-18.479310,-19.828133,-1.661935,-27.363368,90.000000,
-19.828133,-1.661935,-27.363368,-67.064640,35.808915,-32.621153,-70.537737,-22.738074,-15.731395,-19.828133,-1.661935,-27.363368,90.000000,
-19.828133,-1.661935,-27.363368,14.749324,-27.186990,-33.994097,29.866251,20.610086,-18.479310,-19.828133,-1.661935,-27.363368,90.000000,
-19.828133,-1.661935,-27.363368,-67.064640,35.808915,-32.621153,-70.537737,-22.738074,-15.731395,-19.828133,-1.661935,-27.363368,90.000000,
-19.828133,-1.661935,-27.363368,14.749324,-27.186990,-33.994097,29.866251,20.610086,-18.479310,-19.828133,-1.661935,-27.363368,90.000000,
-19.828133,-1.661935,-27.363368,-67.064640,35.808915,-32.621153,-70.537737,-22.738074,-15.731395,-19.828133,-1.661935,-27.363368,90.000000,
-19.828133,-1.661935,-27.363368,14.749324,-27.186990,-33.994097,29.866251,20.610086,-18.479310,-19.828133,-1.661935,-27.363368,90.000000,
-19.828133,-1.661935,-27.363368,-67.064640,35.808915,-32.621153,-70.537737,-22.738074,-15.731395,-19.828133,-1.661935,-27.363368,90.000000,
-19.828133,-1.661935,-27.363368,14.749324,-27.186990,-33.994097,29.866251,20.610086,-18.479310,-19.828133,-1.661935,-27.363368,90.000000,
-19.828133,-1.661935,-27.363368,-67.064640,35.808915,-32.621153,-70.537737,-22.738074,-15.731395,-19.828133,-1.661935,-27.363368,90.000000,
-19.828133,-1.661935,-27.363368,14.749324,-27.186990,-33.994097,29.866251,20.610086,-18.479310,-19.828133,-1.661935,-27.363368,90.000000,
-19.828133,-1.661935,-27.363368,-67.064640,35.808915,-32.621153,-70.537737,-22.738074,-15.731395,-19.828133,-1.661935,-27.363368,90.000000,
-19.828133,-1.661935,-27.363368,14.749324,-27.186990,-33.994097,29.866251,20.610086,-18.479310,-19.828133,-1.661935,-27.363368,90.000000,
-19.828133,-1.661935,-27.363368,-67.064640,35.808915,-32.621153,-70.537737,-22.738074,-15.731395,-19.828133,-1.661935,-27.363368,90.000000,
-19.828133,-1.661935,-27.363368,14.749324,-27.186990,-33.994097,29.866251,20.610086,-18.479310,-19.828133,-1.661935,-27.363368,90.000000,
-19.828133,-1.661935,-27.363368,-67.064640,35.808915,-32.621153,-70.537737,-22.738074,-15.731395,-19.828133,-1.661935,-27.363368,90.000000,
-19.828133,-1.661935,-27.363368,14.749324,-27.186990,-33.994097,29.866251,20.610086,-18.479310,-19.828133,-1.661935,-27.363368,90.000000,
-19.828133,-1.661935,-27.363368,-67.064640,35.808915,-32.621153,-70.537737,-22.738074,-15.731395,-19.828133,-1.661935,-27.363368,90.000000,
-19.828133,-1.661935,-27.363368,14.749324,-27.186990,-33.994097,29.866251,20.610086,-18.479310,-19.828133,-1.661935,-27.363368,90.000000,
-19.828133,-1.661935,-27.363368,-67.064640,35.808915,-32.621153,-70.537737,-22.738074,-15.731395,-19.828133,-1.661935,-27.363368,90.000000,
-19.828133,-1.661935,-27.363368,14.749324,-27.186990,-33.994097,29.866251,20.610086,-18.479310,-19.828133,-1.661935,-27.363368,90.000000,
-19.828133,-1.661935,-27.363368,-67.064640,35.808915,-32.621153,-70.537737,-22.738074,-15.731395,-19.828133,-1.661935,-27.363368,90.000000,
-19.828133,-1.661935,-27.363368,14.749324,-27.186990,-33.994097,29.866251,20.610086,-18.479310,-19.828133,-1.661935,-27.363368,90.000000,
-19.828133,-1.661935,-27.363368,-67.064640,35.808915,-32.621153,-70.537737,-22.738074,-15.731395,-19.828133,-1.661935,-27.363368,90.000000,
-19.828133,-1.661935,-27.363368,14.749324,-27.186990,-33.994097,29.866251,20.610086,-18.479310,-19.828133,-1.661935,-27.363368,90.000000,
-19.828133,-1.661935,-27.363368,-67.064640,35.808915,-32.621153,-70.537737,-22.738074,-15.731395,-19.828133,-1.661935,-27.363368,90.000000,
-19.828133,-1.661935,-27.363368,14.749324,-27.186990,-33.994097,29.866251,20.610086,-18.479310,-19.828133,-1.661935,-27.363368,90.000000,
-19.828133,-1.661935,-27.363368,-67.064640,35.808915,-32.621153,-70.537737,-22.738074,-15.731395,-19.828133,-1.661935,-27.363368,90.000000,
-19.828133,-1.661935,-27.363368,14.749324,-27.186990,-33.994097,29.866251,20.610086,-18.479310,-19.828133,-1.661935,-27.363368,90.000000,
-19.828133,-1.661935,-27.363368,-67.064640,35.808915,-32.621153,-70.537737,-22.738074,-15.731395,-19.828133,-1.661935,-27.363368,90.000000,
-19.828133,-1.661935,-27.363368,14.749324,-27.186990,-33.994097,29.866251,20.610086,-18.479310,-19.828133,-1.661935,-27.363368,90.000000,
-19.828133,-1.661935,-27.363368,-67.064640,35.808915,-32.621153,-70.537737,-22.738074,-15.731395,-19.828133,-1.661935,-27.363368,90.000000,
-19.828133,-1.661935,-27.363368,14.749324,-27.186990,-33.994097,29.866251,20.610086,-18.479310,-19.828133,-1.661935,-27.363368,90.000000,
-19.828133,-1.661935,-27.363368,-67.064640,35.808915,-32.621153,-70.537737,-22.738074,-15.731395,-19.828133,-1.661935,-27.363368,90.000000,
-19.828133,-1.661935,-27.363368,14.749324,-27.186990,-33.994097,29.866251,20.610086,-18.479310,-19.828133,-1.661935,-27.363368,90.000000,
-19.828133,-1.661935,-27.363368,-67.064640,35.808915,-32.621153,-70.537737,-22.738074,-15.731395,-19.828133,-1.661935,-27.363368,90.000000,
-19.828133,-1.661935,-27.363368,14.749324,-27.186990,-33.994097,29.866251,20.610086,-18.479310,-19.828133,-1.661935,-27.363368,90.000000,
-19.828133,-1.661935,-27.363368,-67.064640,35.808915,-32.621153,-70.537737,-22.738074,-15.731395,-19.828133,-1.661935,-27.363368,90.000000,
-19.828133,-1.661935,-27.363368,14.749324,-27.186990,-33.994097,29.866251,20.610086,-18.479310,-19.828133,-1.661935,-27.363368,90.000000,
-19.828133,-1.661935,-27.363368,-67.064640,35.808915,-32.621153,-70.537737,-22.738074,-15.731395,-19.828133,-1.661935,-27.363368,90.000000,
-19.828133,-1.661935,-27.363368,14.749324,-27.186990,-33.994097,29.866251,20.610086,-18.479310,-19.828133,-1.661935,-27.363368,90.000000,
-19.828133,-1.661935,-27.363368,-67.064640,35.808915,-32.621153,-70.537737,-22.738074,-15.731395,-19.828133,-1.661935,-27.363368,90.000000,
-19.828133,-1.661935,-27.363368,14.749324,-27.186990,-33.994097,29.866251,20.610086,-18.479310,-19.828133,-1.661935,-27.363368,90.000000,
-19.828133,-1.661935,-27.363368,-67.064640,35.808915,-32.621153,-70.537737,-22.738074,-15.731395,-19.828133,-1.661935,-27.363368,90.000000,
-19.828133,-1.661935,-27.363368,14.749324,-27.186990,-33.994097,29.866251,20.610086,-18.479310,-19.828133,-1.661935,-27.363368,90.000000,
-19.828133,-1.661935,-27.363368,-67.064640,35.808915,-32.621153,-70.537737,-22.738074,-15.731395,-19.828133,-1.661935,-27.363368,90.000000,
-19.828133,-1.661935,-27.363368,14.749324,-27.186990,-33.994097,29.866251,20.610086,-18.479310,-19.828133,-1.661935,-27.363368,90.000000,
-19.828133,-1.661935,-27.363368,-67.064640,35.808915,-32.621153,-70.537737,-22.738074,-15.731395,-19.828133,-1.661935,-27.363368,90.000000,
-19.828133,-1.661935,-27.363368,14.749324,-27.186990,-33.994097,29.866251,20.610086,-18.479310,-19.828133,-1.661935,-27.363368,90.000000,
-19.828133,-1.661935,-27.363368,-67.064640,35.808915,-32.621153,-70.537737,-22.738074,-15.731395,-19.828133,-1.661935,-27.363368,90.000000,
-19.828133,-1.661935,-27.363368,14.749324,-27.186990,-33.994097,29.866251,20.610086,-18.479310,-19.828133,-1.661935,-27.363368,90.000000,
-19.828133,-1.661935,-27.363368,-67.064640,35.808915,-32.621153,-70.537737,-22.738074,-15.731395,-19.828133,-1.661935,-27.363368,90.000000,
-19.828133,-1.661935,-27.363368,14.749324,-27.186990,-33.994097,29.866251,20.610086,-18.479310,-19.828133,-1.661935,-27.363368,90.000000,
-19.828133,-1.661935,-27.363368,-67.064640,35.808915,-32.621153,-70.537737,-22.738074,-15.731395,-19.828133,-1.661935,-27.363368,90.000000,
-19.828133,-1.661935,-27.363368,14.749324,-27.186990,-33.994097,29.866251,20.610086,-18.479310,-19.828133,-1.661935,-27.363368,90.000000,
-19.828133,-1.661935,-27.363368,-67.064640,35.808915,-32.621153,-70.537737,-22.738074,-15.731395,-19.828133,-1.661935,-27.363368,90.000000,
-19.828133,-1.661935,-27.363368,14.749324,-27.186990,-33.994097,29.866251,20.610086,-18.479310,-19.828133,-1.661935,-27.363368,90.000000,
-19.828133,-1.661935,-27.363368,-67.064640,35.808915,-32.621153,-70.537737,-22.738074,-15.731395,-19.828133,-1.661935,-27.363368,90.000000,
-19.828133,-1.661935,-27.363368,14.749324,-27.186990,-33.994097,29.866251,20.610086,-18.479310,-19.828133,-1.661935,-27.363368,90.000000,
-19.828133,-1.661935,-27.363368,-67.064640,35.808915,-32.621153,-70.537737,-22.738074,-15.731395,-19.828133,-1.661935,-27.363368,90.000000,
-19.828133,-1.661935,-27.363368,14.749324,-27.186990,-33.994097,29.866251,20.610086,-18.479310,-19.828133,-1.661935,-27.363368,90.000000,
-19.828133,-1.661935,-27.363368,-67.064640,35.808915,-32.621153,-70.537737,-22.738074,-15.731395,-19.828133,-1.661935,-27.363368,90.000000,
-19.828133,-1.661935,-27.363368,14.749324,-27.186990,-33.994097,29.866251,20.610086,-18.479310,-19.828133,-1.661935,-27.363368,90.000000,
-19.828133,-1.661935,-27.363368,-67.064640,35.808915,-32.621153,-70.537737,-22.738074,-15.731395,-19.828133,-1.661935,-27.363368,90.000000,
-19.828133,-1.661935,-27.363368,14.749324,-27.186990,-33.994097,29.866251,20.610086,-18.479310,-19.828133,-1.661935,-27.363368,90.000000,
-19.828133,-1.661935,-27.363368,-67.064640,35.808915,-32.621153,-70.537737,-22.738074,-15.731395,-19.828133,-1.661935,-27.363368,90.000000,
-19.828133,-1.661935,-27.363368,14.749324,-27.186990,-33.994097,29.866251,20.610086,-18.479310,-19.828133,-1.661935,-27.363368,90.000000,
-19.828133,-1.661935,-27.363368,-67.064640,35.808915,-32.621153,-70.537737,-22.738074,-15.731395,-19.828133,-1.661935,-27.363368,90.000000,
-19.828133,-1.661935,-27.363368,14.749324,-27.186990,-33.994097,29.866251,20.610086,-18.479310,-19.828133,-1.661935,-27.363368,90.000000,
-19.828133,-1.661935,-27.363368,-67.064640,35.808915,-32.621153,-70.537737,-22.738074,-15.731395,-19.828133,-1.661935,-27.363368,90.000000,
-19.828133,-1.661935,-27.363368,14.749324,-27.186990,-33.994097,29.866251,20.610086,-18.479310,-19.828133,-1.661935,-27.363368,90.000000,
-19.828133,-1.661935,-27.363368,-67.064640,35.808915,-32.621153,-70.537737,-22.738074,-15.731395,-19.828133,-1.661935,-27.363368,90.000000,
-19.828133,-1.661935,-27.363368,14.749324,-27.186990,-33.994097,29.866251,20.610086,-18.479310,-19.828133,-1.661935,-27.363368,90.000000,
-19.828133,-1.661935,-27.363368,-67.064640,35.808915,-32.621153,-70.537737,-22.738074,-15.731395,-19.828133,-1.661935,-27.363368,90.000000,
-19.828133,-1.661935,-27.363368,14.749324,-27.186990,-33.994097,29.866251,20.610086,-18.479310,-19.828133,-1.661935,-27.363368,90.000000,
-19.828133,-1.661935,-27.363368,-67.064640,35.808915,-32.621153,-70.537737,-22.738074,-15.731395,-19.828133,-1.661935,-27.363368,90.000000,
-19.828133,-1.661935,-27.363368,14.749324,-27.186990,-33.994097,29.866251,20.610086,-18.479310,-19.828133,-1.661935,-27.363368,90.000000,
-19.828133,-1.661935,-27.363368,-67.064640,35.808915,-32.621153,-70.537737,-22.738074,-15.731395,-19.828133,-1.661935,-27.363368,90.000000,
-19.828133,-1.661935,-27.363368,14.749324,-27.186990,-33.994097,29.866251,20.610086,-18.479310,-19.828133,-1.661935,-27.363368,90.000000,
-19.828133,-1.661935,-27.363368,-67.064640,35.808915,-32.621153,-70.537737,-22.738074,-15.731395,-19.828133,-1.661935,-27.363368,90.000000,
-19.828133,-1.661935,-27.363368,14.749324,-27.186990,-33.994097,29.866251,20.610086,-18.479310,-19.828133,-1.661935,-27.363368,90.000000,
-19.828133,-1.661935,-27.363368,-67.064640,35.808915,-32.621153,-70.537737,-22.738074,-15.731395,-19.828133,-1.661935,-27.363368,90.000000,
-19.828133,-1.661935,-27.363368,14.749324,-27.186990,-33.994097,29.866251,20.610086,-18.479310,-19.828133,-1.661935,-27.363368,90.000000,
-19.828133,-1.661935,-27.363368,-67.064640,35.808915,-32.621153,-70.537737,-22.738074,-15.731395,-19.828133,-1.661935,-27.363368,90.000000,
-19.828133,-1.661935,-27.363368,14.749324,-27.186990,-33.994097,29.866251,20.610086,-18.479310,-19.828133,-1.661935,-27.363368,90.000000,
-19.828133,-1.661935,-27.363368,-67.064640,35.808915,-32.621153,-70.537737,-22.738074,-15.731395,-19.828133,-1.661935,-27.363368,90.000000,
-19.828133,-1.661935,-27.363368,14.749324,-27.186990,-33.994097,29.866251,20.610086,-18.479310,-19.828133,-1.661935,-27.363368,90.000000,
-19.828133,-1.661935,-27.363368,-67.064640,35.808915,-32.621153,-70.537737,-22.738074,-15.731395,-19.828133,-1.661935,-27.363368,90.000000,
-19.828133,-1.661935,-27.363368,14.749324,-27.186990,-33.994097,29.866251,20.610086,-18.479310,-19.828133,-1.661935,-27.363368,90.000000,
-19.828133,-1.661935,-27.363368,-67.064640,35.808915,-32.621153,-70.537737,-22.738074,-15.731395,-19.828133,-1.661935,-27.363368,90.000000,
-19.828133,-1.661935,-27.363368,14.749324,-27.186990,-33.994097,29.866251,20.610086,-18.479310,-19.828133,-1.661935,-27.363368,90.000000,
-19.828133,-1.661935,-27.363368,-67.064640,35.808915,-32.621153,-70.537737,-22.738074,-15.731395,-19.828133,-1.661935,-27.363368,90.000000,
-19.828133,-1.661935,-27.363368,14.749324,-27.186990,-33.994097,29.866251,20.610086,-18.479310,-19.828133,-1.661935,-27.363368,90.000000,
-19.828133,-1.661935,-27.363368,-67.064640,35.808915,-32.621153,-70.537737,-22.738074,-15.731395,-19.828133,-1.661935,-27.363368,90.000000,
-19.828133,-1.661935,-27.363368,14.749324,-27.186990,-33.994097,29.866251,20.610086,-18.479310,-19.828133,-1.661935,-27.363368,90.000000,
-19.828133,-1.661935,-27.363368,-67.064640,35.808915,-32.621153,-70.537737,-22.738074,-15.731395,-19.828133,-1.661935,-27.363368,90.000000,
-19.828133,-1.661935,-27.363368,14.749324,-27.186990,-33.994097,29.866251,20.610086,-18.479310,-19.828133,-1.661935,-27.363368,90.000000,
-19.828133,-1.661935,-27.363368,-67.064640,35.808915,-32.621153,-70.537737,-22.738074,-15.731395,-19.828133,-1.661935,-27.363368,90.000000,
-19.828133,-1.661935,-27.363368,14.749324,-27.186990,-33.994097,29.866251,20.610086,-18.479310,-19.828133,-1.661935,-27.363368,90.000000,
-19.828133,-1.661935,-27.363368,-67.064640,35.808915,-32.621153,-70.537737,-22.738074,-15.731395,-19.828133,-1.661935,-27.363368,90.000000,
-19.828133,-1.661935,-27.363368,14.749324,-27.186990,-33.994097,29.866251,20.610086,-18.479310,-19.828133,-1.661935,-27.363368,90.000000,
-19.828133,-1.661935,-27.363368,-67.064640,35.808915,-32.621153,-70.537737,-22.738074,-15.731395,-19.828133,-1.661935,-27.363368,90.000000,
-19.828133,-1.661935,-27.363368,14.749324,-27.186990,-33.994097,29.866251,20.610086,-18.479310,-19.828133,-1.661935,-27.363368,90.000000,
-19.828133,-1.661935,-27.363368,-67.064640,35.808915,-32.621153,-70.537737,-22.738074,-15.731395,-19.828133,-1.661935,-27.363368,90.000000,
-19.828133,-1.661935,-27.363368,14.749324,-27.186990,-33.994097,29.866251,20.610086,-18.479310,-19.828133,-1.661935,-27.363368,90.000000,
-19.828133,-1.661935,-27.363368,-67.064640,35.808915,-32.621153,-70.537737,-22.738074,-15.731395,-19.828133,-1.661935,-27.363368,90.000000,
-19.828133,-1.661935,-27.363368,14.749324,-27.186990,-33.994097,29.866251,20.610086,-18.479310,-19.828133,-1.661935,-27.363368,90.000000,
-19.828133,-1.661935,-27.363368,-67.064640,35.808915,-32.621153,-70.537737,-22.738074,-15.731395,-19.828133,-1.661935,-27.363368,90.000000,
-19.828133,-1.661935,-27.363368,14.749324,-27.186990,-33.994097,29.866251,20.610086,-18.479310,-19.828133,-1.661935,-27.363368,90.000000,
-19.828133,-1.661935,-27.363368,-67.064640,35.808915,-32.621153,-70.537737,-22.738074,-15.731395,-19.828133,-1.661935,-27.363368,90.000000,
-19.828133,-1.661935,-27.363368,14.749324,-27.186990,-33.994097,29.866251,20.610086,-18.479310,-19.828133,-1.661935,-27.363368,90.000000,
-19.828133,-1.661935,-27.363368,-67.064640,35.808915,-32.621153,-70.537737,-22.738074,-15.731395,-19.828133,-1.661935,-27.363368,90.000000,
-19.828133,-1.661935,-27.363368,14.749324,-27.186990,-33.994097,29.866251,20.610086,-18.479310,-19.828133,-1.661935,-27.363368,90.000000,
-19.828133,-1.661935,-27.363368,-67.064640,35.808915,-32.621153,-70.537737,-22.738074,-15.731395,-19.828133,-1.661935,-27.363368,90.000000,
-19.828133,-1.661935,-27.363368,14.749324,-27.186990,-33.994097,29.866251,20.610086,-18.479310,-19.828133,-1.661935,-27.363368,90.000000,
-19.828133,-1.661935,-27.363368,-67.064640,35.808915,-32.621153,-70.537737,-22.738074,-15.731395,-19.828133,-1.661935,-27.363368,90.000000,
-19.828133,-1.661935,-27.363368,14.749324,-27.186990,-33.994097,29.866251,20.610086,-18.479310,-19.828133,-1.661935,-27.363368,90.000000,
-19.828133,-1.661935,-27.363368,-67.064640,35.808915,-32.621153,-70.537737,-22.738074,-15.731395,-19.828133,-1.661935,-27.363368,90.000000,
-19.828133,-1.661935,-27.363368,14.749324,-27.186990,-33.994097,29.866251,20.610086,-18.479310,-19.828133,-1.661935,-27.363368,90.000000,
-19.828133,-1.661935,-27.363368,-67.064640,35.808915,-32.621153,-70.537737,-22.738074,-15.731395,-19.828133,-1.661935,-27.363368,90.000000,
-19.828133,-1.661935,-27.363368,14.749324,-27.186990,-33.994097,29.866251,20.610086,-18.479310,-19.828133,-1.661935,-27.363368,90.000000,
-19.828133,-1.661935,-27.363368,-67.064640,35.808915,-32.621153,-70.537737,-22.738074,-15.731395,-19.828133,-1.661935,-27.363368,90.000000,
-19.828133,-1.661935,-27.363368,14.749324,-27.186990,-33.994097,29.866251,20.610086,-18.479310,-19.828133,-1.661935,-27.363368,90.000000,
-19.828133,-1.661935,-27.363368,-67.064640,35.808915,-32.621153,-70.537737,-22.738074,-15.731395,-19.828133,-1.661935,-27.363368,90.000000,
-19.828133,-1.661935,-27.363368,14.749324,-27.186990,-33.994097,29.866251,20.610086,-18.479310,-19.828133,-1.661935,-27.363368,90.000000,
-19.828133,-1.661935,-27.363368,-67.064640,35.808915,-32.621153,-70.537737,-22.738074,-15.731395,-19.828133,-1.661935,-27.363368,90.000000,
-19.828133,-1.661935,-27.363368,14.749324,-27.186990,-33.994097,29.866251,20.610086,-18.479310,-19.828133,-1.661935,-27.363368,90.000000,
-19.828133,-1.661935,-27.363368,-67.064640,35.808915,-32.621153,-70.537737,-22.738074,-15.731395,-19.828133,-1.661935,-27.363368,90.000000,
-19.828133,-1.661935,-27.363368,14.749324,-27.186990,-33.994097,29.866251,20.610086,-18.479310,-19.828133,-1.661935,-27.363368,90.000000,
-19.828133,-1.661935,-27.363368,-67.064640,35.808915,-32.621153,-70.537737,-22.738074,-15.731395,-19.828133,-1.661935,-27.363368,90.000000,
-19.828133,-1.661935,-27.363368,14.749324,-27.186990,-33.994097,29.866251,20.610086,-18.479310,-19.828133,-1.661935,-27.363368,90.000000,
-19.828133,-1.661935,-27.363368,-67.064640,35.808915,-32.621153,-70.537737,-22.738074,-15.731395,-19.828133,-1.661935,-27.363368,90.000000,
-19.828133,-1.661935,-27.363368,14.749324,-27.186990,-33.994097,29.866251,20.610086,-18.479310,-19.828133,-1.661935,-27.363368,90.000000,
-19.828133,-1.661935,-27.363368,-67.064640,35.808915,-32.621153,-70.537737,-22.738074,-15.731395,-19.828133,-1.661935,-27.363368,90.000000,
-19.828133,-1.661935,-27.363368,14.749324,-27.186990,-33.994097,29.866251,20.610086,-18.479310,-19.828133,-1.661935,-27.363368,90.000000,
-19.828133,-1.661935,-27.363368,-67.064640,35.808915,-32.621153,-70.537737,-22.738074,-15.731395,-19.828133,-1.661935,-27.363368,90.000000,
-19.828133,-1.661935,-27.363368,14.749324,-27.186990,-33.994097,29.866251,20.610086,-18.479310,-19.828133,-1.661935,-27.363368,90.000000,
-19.828133,-1.661935,-27.363368,-67.064640,35.808915,-32.621153,-70.537737,-22.738074,-15.731395,-19.828133,-1.661935,-27.363368,90.000000,
-19.828133,-1.661935,-27.363368,14.749324,-27.186990,-33.994097,29.866251,20.610086,-18.479310,-19.828133,-1.661935,-27.363368,90.000000,
-19.828133,-1.661935,-27.363368,-67.064640,35.808915,-32.621153,-70.537737,-22.738074,-15.731395,-19.828133,-1.661935,-27.363368,90.000000,
-19.828133,-1.661935,-27.363368,14.749324,-27.186990,-33.994097,29.866251,20.610086,-18.479310,-19.828133,-1.661935,-27.363368,90.000000,
-19.828133,-1.661935,-27.363368,-67.064640,35.808915,-32.621153,-70.537737,-22.738074,-15.731395,-19.828133,-1.661935,-27.363368,90.000000,
-19.828133,-1.661935,-27.363368,14.749324,-27.186990,-33.994097,29.866251,20.610086,-18.479310,-19.828133,-1.661935,-27.363368,90.000000,
-19.828133,-1.661935,-27.363368,-67.064640,35.808915,-32.621153,-70.537737,-22.738074,-15.731395,-19.828133,-1.661935,-27.363368,90.000000,
-19.828133,-1.661935,-27.363368,14.749324,-27.186990,-33.994097,29.866251,20.610086,-18.479310,-19.828133,-1.661935,-27.363368,90.000000,
-19.828133,-1.661935,-27.363368,-67.064640,35.808915,-32.621153,-70.537737,-22.738074,-15.731395,-19.828133,-1.661935,-27.363368,90.000000,
-19.828133,-1.661935,-27.363368,14.749324,-27.186990,-33.994097,29.866251,20.610086,-18.479310,-19.828133,-1.661935,-27.363368,90.000000,
-19.828133,-1.661935,-27.363368,-67.064640,35.808915,-32.621153,-70.537737,-22.738074,-15.731395,-19.828133,-1.661935,-27.363368,90.000000,
-19.828133,-1.661935,-27.363368,14.749324,-27.186990,-33.994097,29.866251,20.610086,-18.479310,-19.828133,-1.661935,-27.363368,90.000000,
-19.828133,-1.661935,-27.363368,-67.064640,35.808915,-32.621153,-70.537737,-22.738074,-15.731395,-19.828133,-1.661935,-27.363368,90.000000,
-19.828133,-1.661935,-27.363368,14.749324,-27.186990,-33.994097,29.866251,20.610086,-18.479310,-19.828133,-1.661935,-27.363368,90.000000,
-19.828133,-1.661935,-27.363368,-67.064640,35.808915,-32.621153,-70.537737,-22.738074,-15.731395,-19.828133,-1.661935,-27.363368,90.000000,
-19.828133,-1.661935,-27.363368,14.749324,-27.186990,-33.994097,29.866251,20.610086,-18.479310,-19.828133,-1.661935,-27.363368,90.000000,
-19.828133,-1.661935,-27.363368,-67.064640,35.808915,-32.621153,-70.537737,-22.738074,-15.731395,-19.828133,-1.661935,-27.363368,90.000000,
-19.828133,-1.661935,-27.363368,14.749324,-27.186990,-33.994097,29.866251,20.610086,-18.479310,-19.828133,-1.661935,-27.363368,90.000000,
-19.828133,-1.661935,-27.363368,-67.064640,35.808915,-32.621153,-70.537737,-22.738074,-15.731395,-19.828133,-1.661935,-27.363368,90.000000,
-19.828133,-1.661935,-27.363368,14.749324,-27.186990,-33.994097,29.866251,20.610086,-18.479310,-19.828133,-1.661935,-27.363368,90.000000,
-19.828133,-1.661935,-27.363368,-67.064640,35.808915,-32.621153,-70.537737,-22.738074,-15.731395,-19.828133,-1.661935,-27.363368,90.000000,
-19.828133,-1.661935,-27.363368,14.749324,-27.186990,-33.994097,29.866251,20.610086,-18.479310,-19.828133,-1.661935,-27.363368,90.000000,
-19.828133,-1.661935,-27.363368,-67.064640,35.808915,-32.621153,-70.537737,-22.738074,-15.731395,-19.828133,-1.661935,-27.363368,90.000000,
-19.828133,-1.661935,-27.363368,14.749324,-27.186990,-33.994097,29.866251,20.610086,-18.479310,-19.828133,-1.661935,-27.363368,90.000000,
-19.828133,-1.661935,-27.363368,-67.064640,35.808915,-32.621153,-70.537737,-22.738074,-15.731395,-19.828133,-1.661935,-27.363368,90.000000,
-19.828133,-1.661935,-27.363368,14.749324,-27.186990,-33.994097,29.866251,20.610086,-18.479310,-19.828133,-1.661935,-27.363368,90.000000,
-19.828133,-1.661935,-27.363368,-67.064640,35.808915,-32.621153,-70.537737,-22.738074,-15.731395,-19.828133,-1.661935,-27.363368,90.000000,
-19.828133,-1.661935,-27.363368,14.749324,-27.186990,-33.994097,29.866251,20.610086,-18.479310,-19.828133,-1.661935,-27.363368,90.000000,
-19.828133,-1.661935,-27.363368,-67.064640,35.808915,-32.621153,-70.537737,-22.738074,-15.731395,-19.828133,-1.661935,-27.363368,90.000000,
-19.828133,-1.661935,-27.363368,14.749324,-27.186990,-33.994097,29.866251,20.610086,-18.479310,-19.828133,-1.661935,-27.363368,90.000000,
-19.828133,-1.661935,-27.363368,-67.064640,35.808915,-32.621153,-70.537737,-22.738074,-15.731395,-19.828133,-1.661935,-27.363368,90.000000,
-19.828133,-1.661935,-27.363368,14.749324,-27.186990,-33.994097,29.866251,20.610086,-18.479310,-19.828133,-1.661935,-27.363368,90.000000,
-19.828133,-1.661935,-27.363368,-67.064640,35.808915,-32.621153,-70.537737,-22.738074,-15.731395,-19.828133,-1.661935,-27.363368,90.000000,
-19.828133,-1.661935,-27.363368,14.749324,-27.186990,-33.994097,29.866251,20.610086,-18.479310,-19.828133,-1.661935,-27.363368,90.000000,
-19.828133,-1.661935,-27.363368,-67.064640,35.808915,-32.621153,-70.537737,-22.738074,-15.731395,-19.828133,-1.661935,-27.363368,90.000000,
-19.828133,-1.661935,-27.363368,14.749324,-27.186990,-33.994097,29.866251,20.610086,-18.479310,-19.828133,-1.661935,-27.363368,90.000000,
-19.828133,-1.661935,-27.363368,-67.064640,35.808915,-32.621153,-70.537737,-22.738074,-15.731395,-19.828133,-1.661935,-27.363368,90.000000,
-19.828133,-1.661935,-27.363368,14.749324,-27.186990,-33.994097,29.866251,20.610086,-18.479310,-19.828133,-1.661935,-27.363368,90.000000,
-19.828133,-1.661935,-27.363368,-67.064640,35.808915,-32.621153,-70.537737,-22.738074,-15.731395,-19.828133,-1.661935,-27.363368,90.000000,
-19.828133,-1.661935,-27.363368,14.749324,-27.186990,-33.994097,29.866251,20.610086,-18.479310,-19.828133,-1.661935,-27.363368,90.000000,
-19.828133,-1.661935,-27.363368,-67.064640,35.808915,-32.621153,-70.537737,-22.738074,-15.731395,-19.828133,-1.661935,-27.363368,90.000000,
-19.828133,-1.661935,-27.363368,14.749324,-27.186990,-33.994097,29.866251,20.610086,-18.479310,-19.828133,-1.661935,-27.363368,90.000000,
-19.828133,-1.661935,-27.363368,-67.064640,35.808915,-32.621153,-70.537737,-22.738074,-15.731395,-19.828133,-1.661935,-27.363368,90.000000,
-19.828133,-1.661935,-27.363368,14.749324,-27.186990,-33.994097,29.866251,20.610086,-18.479310,-19.828133,-1.661935,-27.363368,90.000000,
-19.828133,-1.661935,-27.363368,-67.064640,35.808915,-32.621153,-70.537737,-22.738074,-15.731395,-19.828133,-1.661935,-27.363368,90.000000,
-19.828133,-1.661935,-27.363368,14.749324,-27.186990,-33.994097,29.866251,20.610086,-18.479310,-19.828133,-1.661935,-27.363368,90.000000,
-19.828133,-1.661935,-27.363368,-67.064640,35.808915,-32.621153,-70.537737,-22.738074,-15.731395,-19.828133,-1.661935,-27.363368,90.000000,
-19.828133,-1.661935,-27.363368,14.749324,-27.186990,-33.994097,29.866251,20.610086,-18.479310,-19.828133,-1.661935,-27.363368,90.000000,
-19.828133,-1.661935,-27.363368,-67.064640,35.808915,-32.621153,-70.537737,-22.738074,-15.731395,-19.828133,-1.661935,-27.363368,90.000000,
-19.828133,-1.661935,-27.363368,14.749324,-27.186990,-33.994097,29.866251,20.610086,-18.479310,-19.828133,-1.661935,-27.363368,90.000000,
-19.828133,-1.661935,-27.363368,-67.064640,35.808915,-32.621153,-70.537737,-22.738074,-15.731395,-19.828133,-1.661935,-27.363368,90.000000,
-19.828133,-1.661935,-27.363368,14.749324,-27.186990,-33.994097,29.866251,20.610086,-18.479310,-19.828133,-1.661935,-27.363368,90.000000,
-19.828133,-1.661935,-27.363368,-67.064640,35.808915,-32.621153,-70.537737,-22.738074,-15.731395,-19.828133,-1.661935,-27.363368,90.000000,
-19.828133,-1.661935,-27.363368,14.749324,-27.186990,-33.994097,29.866251,20.610086,-18.479310,-19.828133,-1.661935,-27.363368,90.000000,
-19.828133,-1.661935,-27.363368,-67.064640,35.808915,-32.621153,-70.537737,-22.738074,-15.731395,-19.828133,-1.661935,-27.363368,90.000000,
-19.828133,-1.661935,-27.363368,14.749324,-27.186990,-33.994097,29.866251,20.610086,-18.479310,-19.828133,-1.661935,-27.363368,90.000000,
-19.828133,-1.661935,-27.363368,-67.064640,35.808915,-32.621153,-70.537737,-22.738074,-15.731395,-19.828133,-1.661935,-27.363368,90.000000,
-19.828133,-1.661935,-27.363368,14.749324,-27.186990,-33.994097,29.866251,20.610086,-18.479310,-19.828133,-1.661935,-27.363368,90.000000,
-19.828133,-1.661935,-27.363368,-67.064640,35.808915,-32.621153,-70.537737,-22.738074,-15.731395,-19.828133,-1.661935,-27.363368,90.000000,
-19.828133,-1.661935,-27.363368,14.749324,-27.186990,-33.994097,29.866251,20.610086,-18.479310,-19.828133,-1.661935,-27.363368,90.000000,
-19.828133,-1.661935,-27.363368,-67.064640,35.808915,-32.621153,-70.537737,-22.738074,-15.731395,-19.828133,-1.661935,-27.363368,90.000000,
-19.828133,-1.661935,-27.363368,14.749324,-27.186990,-33.994097,29.866251,20.610086,-18.479310,-19.828133,-1.661935,-27.363368,90.000000,
-19.828133,-1.661935,-27.363368,-67.064640,35.808915,-32.621153,-70.537737,-22.738074,-15.731395,-19.828133,-1.661935,-27.363368,90.000000,
-19.828133,-1.661935,-27.363368,14.749324,-27.186990,-33.994097,29.866251,20.610086,-18.479310,-19.828133,-1.661935,-27.363368,90.000000,
-19.828133,-1.661935,-27.363368,-67.064640,35.808915,-32.621153,-70.537737,-22.738074,-15.731395,-19.828133,-1.661935,-27.363368,90.000000,
-19.828133,-1.661935,-27.363368,14.749324,-27.186990,-33.994097,29.866251,20.610086,-18.479310,-19.828133,-1.661935,-27.363368,90.000000,
-19.828133,-1.661935,-27.363368,-67.064640,35.808915,-32.621153,-70.537737,-22.738074,-15.731395,-19.828133,-1.661935,-27.363368,90.000000,
-19.828133,-1.661935,-27.363368,14.749324,-27.186990,-33.994097,29.866251,20.610086,-18.479310,-19.828133,-1.661935,-27.363368,90.000000,
-19.828133,-1.661935,-27.363368,-67.064640,35.808915,-32.621153,-70.537737,-22.738074,-15.731395,-19.828133,-1.661935,-27.363368,90.000000,
-19.828133,-1.661935,-27.363368,14.749324,-27.186990,-33.994097,29.866251,20.610086,-18.479310,-19.828133,-1.661935,-27.363368,90.000000,
-19.828133,-1.661935,-27.363368,-67.064640,35.808915,-32.621153,-70.537737,-22.738074,-15.731395,-19.828133,-1.661935,-27.363368,90.000000,
-19.828133,-1.661935,-27.363368,14.749324,-27.186990,-33.994097,29.866251,20.610086,-18.479310,-19.828133,-1.661935,-27.363368,90.000000,
-19.828133,-1.661935,-27.363368,-67.064640,35.808915,-32.621153,-70.537737,-22.738074,-15.731395,-19.828133,-1.661935,-27.363368,90.000000,
-19.828133,-1.661935,-27.363368,14.749324,-27.186990,-33.994097,29.866251,20.610086,-18.479310,-19.828133,-1.661935,-27.363368,90.000000,
-19.828133,-1.661935,-27.363368,-67.064640,35.808915,-32.621153,-70.537737,-22.738074,-15.731395,-19.828133,-1.661935,-27.363368,90.000000,
-19.828133,-1.661935,-27.363368,14.749324,-27.186990,-33.994097,29.866251,20.610086,-18.479310,-19.828133,-1.661935,-27.363368,90.000000,
-19.828133,-1.661935,-27.363368,-67.064640,35.808915,-32.621153,-70.537737,-22.738074,-15.731395,-19.828133,-1.661935,-27.363368,90.000000,
-19.828133,-1.661935,-27.363368,14.749324,-27.186990,-33.994097,29.866251,20.610086,-18.479310,-19.828133,-1.661935,-27.363368,90.000000,
-19.828133,-1.661935,-27.363368,-67.064640,35.808915,-32.621153,-70.537737,-22.738074,-15.731395,-19.828133,-1.661935,-27.363368,90.000000,
-19.828133,-1.661935,-27.363368,14.749324,-27.186990,-33.994097,29.866251,20.610086,-18.479310,-19.828133,-1.661935,-27.363368,90.000000,
-19.828133,-1.661935,-27.363368,-67.064640,35.808915,-32.621153,-70.537737,-22.738074,-15.731395,-19.828133,-1.661935,-27.363368,90.000000,
-19.828133,-1.661935,-27.363368,14.749324,-27.186990,-33.994097,29.866251,20.610086,-18.479310,-19.828133,-1.661935,-27.363368,90.000000,
-19.828133,-1.661935,-27.363368,-67.064640,35.808915,-32.621153,-70.537737,-22.738074,-15.731395,-19.828133,-1.661935,-27.363368,90.000000,
-19.828133,-1.661935,-27.363368,14.749324,-27.186990,-33.994097,29.866251,20.610086,-18.479310,-19.828133,-1.661935,-27.363368,90.000000,
-19.828133,-1.661935,-27.363368,-67.064640,35.808915,-32.621153,-70.537737,-22.738074,-15.731395,-19.828133,-1.661935,-27.363368,90.000000,
-19.828133,-1.661935,-27.363368,14.749324,-27.186990,-33.994097,29.866251,20.610086,-18.479310,-19.828133,-1.661935,-27.363368,90.000000,
-19.828133,-1.661935,-27.363368,-67.064640,35.808915,-32.621153,-70.537737,-22.738074,-15.731395,-19.828133,-1.661935,-27.363368,90.000000,
-19.828133,-1.661935,-27.363368,14.749324,-27.186990,-33.994097,29.866251,20.610086,-18.479310,-19.828133,-1.661935,-27.363368,90.000000,
-19.828133,-1.661935,-27.363368,-67.064640,35.808915,-32.621153,-70.537737,-22.738074,-15.731395,-19.828133,-1.661935,-27.363368,90.000000,
-19.828133,-1.661935,-27.363368,14.749324,-27.186990,-33.994097,29.866251,20.610086,-18.479310,-19.828133,-1.661935,-27.363368,90.000000,
-19.828133,-1.661935,-27.363368,-67.064640,35.808915,-32.621153,-70.537737,-22.738074,-15.731395,-19.828133,-1.661935,-27.363368,90.000000,
-19.828133,-1.661935,-27.363368,14.749324,-27.186990,-33.994097,29.866251,20.610086,-18.479310,-19.828133,-1.661935,-27.363368,90.000000,
-19.828133,-1.661935,-27.363368,-67.064640,35.808915,-32.621153,-70.537737,-22.738074,-15.731395,-19.828133,-1.661935,-27.363368,90.000000,
-19.828133,-1.661935,-27.363368,14.749324,-27.186990,-33.994097,29.866251,20.610086,-18.479310,-19.828133,-1.661935,-27.363368,90.000000,
-19.828133,-1.661935,-27.363368,-67.064640,35.808915,-32.621153,-70.537737,-22.738074,-15.731395,-19.828133,-1.661935,-27.363368,90.000000,
-19.828133,-1.661935,-27.363368,14.749324,-27.186990,-33.994097,29.866251,20.610086,-18.479310,-19.828133,-1.661935,-27.363368,90.000000,
-19.828133,-1.661935,-27.363368,-67.064640,35.808915,-32.621153,-70.537737,-22.738074,-15.731395,-19.828133,-1.661935,-27.363368,90.000000,
-19.828133,-1.661935,-27.363368,14.749324,-27.186990,-33.994097,29.866251,20.610086,-18.479310,-19.828133,-1.661935,-27.363368,90.000000,
-19.828133,-1.661935,-27.363368,-67.064640,35.808915,-32.621153,-70.537737,-22.738074,-15.731395,-19.828133,-1.661935,-27.363368,90.000000,
-19.828133,-1.661935,-27.363368,14.749324,-27.186990,-33.994097,29.866251,20.610086,-18.479310,-19.828133,-1.661935,-27.363368,90.000000,
-19.828133,-1.661935,-27.363368,-67.064640,35.808915,-32.621153,-70.537737,-22.738074,-15.731395,-19.828133,-1.661935,-27.363368,90.000000,
-19.828133,-1.661935,-27.363368,14.749324,-27.186990,-33.994097,29.866251,20.610086,-18.479310,-19.828133,-1.661935,-27.363368,90.000000,
-19.828133,-1.661935,-27.363368,-67.064640,35.808915,-32.621153,-70.537737,-22.738074,-15.731395,-19.828133,-1.661935,-27.363368,90.000000,
-19.828133,-1.661935,-27.363368,14.749324,-27.186990,-33.994097,29.866251,20.610086,-18.479310,-19.828133,-1.661935,-27.363368,90.000000,
-19.828133,-1.661935,-27.363368,-67.064640,35.808915,-32.621153,-70.537737,-22.738074,-15.731395,-19.828133,-1.661935,-27.363368,90.000000,
-19.828133,-1.661935,-27.363368,14.749324,-27.186990,-33.994097,29.866251,20.610086,-18.479310,-19.828133,-1.661935,-27.363368,90.000000,
-19.828133,-1.661935,-27.363368,-67.064640,35.808915,-32.621153,-70.537737,-22.738074,-15.731395,-19.828133,-1.661935,-27.363368,90.000000,
-19.828133,-1.661935,-27.363368,14.749324,-27.186990,-33.994097,29.866251,20.610086,-18.479310,-19.828133,-1.661935,-27.363368,90.000000,
-19.828133,-1.661935,-27.363368,-67.064640,35.808915,-32.621153,-70.537737,-22.738074,-15.731395,-19.828133,-1.661935,-27.363368,90.000000,
-19.828133,-1.661935,-27.363368,14.749324,-27.186990,-33.994097,29.866251,20.610086,-18.479310,-19.828133,-1.661935,-27.363368,90.000000,
-19.828133,-1.661935,-27.363368,-67.064640,35.808915,-32.621153,-70.537737,-22.738074,-15.731395,-19.828133,-1.661935,-27.363368,90.000000,
-19.828133,-1.661935,-27.363368,14.749324,-27.186990,-33.994097,29.866251,20.610086,-18.479310,-19.828133,-1.661935,-27.363368,90.000000,
-19.828133,-1.661935,-27.363368,-67.064640,35.808915,-32.621153,-70.537737,-22.738074,-15.731395,-19.828133,-1.661935,-27.363368,90.000000,
-19.828133,-1.661935,-27.363368,14.749324,-27.186990,-33.994097,29.866251,20.610086,-18.479310,-19.828133,-1.661935,-27.363368,90.000000,
-19.828133,-1.661935,-27.363368,-67.064640,35.808915,-32.621153,-70.537737,-22.738074,-15.731395,-19.828133,-1.661935,-27.363368,90.000000,
-19.828133,-1.661935,-27.363368,14.749324,-27.186990,-33.994097,29.866251,20.610086,-18.479310,-19.828133,-1.661935,-27.363368,90.000000,
-19.828133,-1.661935,-27.363368,-67.064640,35.808915,-32.621153,-70.537737,-22.738074,-15.731395,-19.828133,-1.661935,-27.363368,90.000000,
-19.828133,-1.661935,-27.363368,14.749324,-27.186990,-33.994097,29.866251,20.610086,-18.479310,-19.828133,-1.661935,-27.363368,90.000000,
-19.828133,-1.661935,-27.363368,-67.064640,35.808915,-32.621153,-70.537737,-22.738074,-15.731395,-19.828133,-1.661935,-27.363368,90.000000,
-19.828133,-1.661935,-27.363368,14.749324,-27.186990,-33.994097,29.866251,20.610086,-18.479310,-19.828133,-1.661935,-27.363368,90.000000,
-19.828133,-1.661935,-27.363368,-67.064640,35.808915,-32.621153,-70.537737,-22.738074,-15.731395,-19.828133,-1.661935,-27.363368,90.000000,
-19.828133,-1.661935,-27.363368,14.749324,-27.186990,-33.994097,29.866251,20.610086,-18.479310,-19.828133,-1.661935,-27.363368,90.000000,
-19.828133,-1.661935,-27.363368,-67.064640,35.808915,-32.621153,-70.537737,-22.738074,-15.731395,-19.828133,-1.661935,-27.363368,90.000000,
-19.828133,-1.661935,-27.363368,14.749324,-27.186990,-33.994097,29.866251,20.610086,-18.479310,-19.828133,-1.661935,-27.363368,90.000000,
-19.828133,-1.661935,-27.363368,-67.064640,35.808915,-32.621153,-70.537737,-22.738074,-15.731395,-19.828133,-1.661935,-27.363368,90.000000,
-19.828133,-1.661935,-27.363368,14.749324,-27.186990,-33.994097,29.866251,20.610086,-18.479310,-19.828133,-1.661935,-27.363368,90.000000,
-19.828133,-1.661935,-27.363368,-67.064640,35.808915,-32.621153,-70.537737,-22.738074,-15.731395,-19.828133,-1.661935,-27.363368,90.000000,
-19.828133,-1.661935,-27.363368,14.749324,-27.186990,-33.994097,29.866251,20.610086,-18.479310,-19.828133,-1.661935,-27.363368,90.000000,
-19.828133,-1.661935,-27.363368,-67.064640,35.808915,-32.621153,-70.537737,-22.738074,-15.731395,-19.828133,-1.661935,-27.363368,90.000000,
-19.828133,-1.661935,-27.363368,14.749324,-27.186990,-33.994097,29.866251,20.610086,-18.479310,-19.828133,-1.661935,-27.363368,90.000000,
-19.828133,-1.661935,-27.363368,-67.064640,35.808915,-32.621153,-70.537737,-22.738074,-15.731395,-19.828133,-1.661935,-27.363368,90.000000,
-19.828133,-1.661935,-27.363368,14.749324,-27.186990,-33.994097,29.866251,20.610086,-18.479310,-19.828133,-1.661935,-27.363368,90.000000,
-19.828133,-1.661935,-27.363368,-67.064640,35.808915,-32.621153,-70.537737,-22.738074,-15.731395,-19.828133,-1.661935,-27.363368,90.000000,
-19.828133,-1.661935,-27.363368,14.749324,-27.186990,-33.994097,29.866251,20.610086,-18.479310,-19.828133,-1.661935,-27.363368,90.000000,
-19.828133,-1.661935,-27.363368,-67.064640,35.808915,-32.621153,-70.537737,-22.738074,-15.731395,-19.828133,-1.661935,-27.363368,90.000000,
-19.828133,-1.661935,-27.363368,14.749324,-27.186990,-33.994097,29.866251,20.610086,-18.479310,-19.828133,-1.661935,-27.363368,90.000000,
-19.828133,-1.661935,-27.363368,-67.064640,35.808915,-32.621153,-70.537737,-22.738074,-15.731395,-19.828133,-1.661935,-27.363368,90.000000,
-19.828133,-1.661935,-27.363368,14.749324,-27.186990,-33.994097,29.866251,20.610086,-18.479310,-19.828133,-1.661935,-27.363368,90.000000,
-19.828133,-1.661935,-27.363368,-67.064640,35.808915,-32.621153,-70.537737,-22.738074,-15.731395,-19.828133,-1.661935,-27.363368,90.000000,
-19.828133,-1.661935,-27.363368,14.749324,-27.186990,-33.994097,29.866251,20.610086,-18.479310,-19.828133,-1.661935,-27.363368,90.000000,
-19.828133,-1.661935,-27.363368,-67.064640,35.808915,-32.621153,-70.537737,-22.738074,-15.731395,-19.828133,-1.661935,-27.363368,90.000000,
-19.828133,-1.661935,-27.363368,14.749324,-27.186990,-33.994097,29.866251,20.610086,-18.479310,-19.828133,-1.661935,-27.363368,90.000000,
-19.828133,-1.661935,-27.363368,-67.064640,35.808915,-32.621153,-70.537737,-22.738074,-15.731395,-19.828133,-1.661935,-27.363368,90.000000,
-19.828133,-1.661935,-27.363368,14.749324,-27.186990,-33.994097,29.866251,20.610086,-18.479310,-19.828133,-1.661935,-27.363368,90.000000,
-19.828133,-1.661935,-27.363368,-67.064640,35.808915,-32.621153,-70.537737,-22.738074,-15.731395,-19.828133,-1.661935,-27.363368,90.000000,
-19.828133,-1.661935,-27.363368,14.749324,-27.186990,-33.994097,29.866251,20.610086,-18.479310,-19.828133,-1.661935,-27.363368,90.000000,
-19.828133,-1.661935,-27.363368,-67.064640,35.808915,-32.621153,-70.537737,-22.738074,-15.731395,-19.828133,-1.661935,-27.363368,90.000000,
-19.828133,-1.661935,-27.363368,14.749324,-27.186990,-33.994097,29.866251,20.610086,-18.479310,-19.828133,-1.661935,-27.363368,90.000000,
-19.828133,-1.661935,-27.363368,-67.064640,35.808915,-32.621153,-70.537737,-22.738074,-15.731395,-19.828133,-1.661935,-27.363368,90.000000,
-19.828133,-1.661935,-27.363368,14.749324,-27.186990,-33.994097,29.866251,20.610086,-18.479310,-19.828133,-1.661935,-27.363368,90.000000,
-19.828133,-1.661935,-27.363368,-67.064640,35.808915,-32.621153,-70.537737,-22.738074,-15.731395,-19.828133,-1.661935,-27.363368,90.000000,
-19.828133,-1.661935,-27.363368,14.749324,-27.186990,-33.994097,29.866251,20.610086,-18.479310,-19.828133,-1.661935,-27.363368,90.000000,
-19.828133,-1.661935,-27.363368,-67.064640,35.808915,-32.621153,-70.537737,-22.738074,-15.731395,-19.828133,-1.661935,-27.363368,90.000000,
-19.828133,-1.661935,-27.363368,14.749324,-27.186990,-33.994097,29.866251,20.610086,-18.479310,-19.828133,-1.661935,-27.363368,90.000000,
-19.828133,-1.661935,-27.363368,-67.064640,35.808915,-32.621153,-70.537737,-22.738074,-15.731395,-19.828133,-1.661935,-27.363368,90.000000,
-19.828133,-1.661935,-27.363368,14.749324,-27.186990,-33.994097,29.866251,20.610086,-18.479310,-19.828133,-1.661935,-27.363368,90.000000,
-19.828133,-1.661935,-27.363368,-67.064640,35.808915,-32.621153,-70.537737,-22.738074,-15.731395,-19.828133,-1.661935,-27.363368,90.000000,
-19.828133,-1.661935,-27.363368,14.749324,-27.186990,-33.994097,29.866251,20.610086,-18.479310,-19.828133,-1.661935,-27.363368,90.000000,
-19.828133,-1.661935,-27.363368,-67.064640,35.808915,-32.621153,-70.537737,-22.738074,-15.731395,-19.828133,-1.661935,-27.363368,90.000000,
-19.828133,-1.661935,-27.363368,14.749324,-27.186990,-33.994097,29.866251,20.610086,-18.479310,-19.828133,-1.661935,-27.363368,90.000000,
-19.828133,-1.661935,-27.363368,-67.064640,35.808915,-32.621153,-70.537737,-22.738074,-15.731395,-19.828133,-1.661935,-27.363368,90.000000,
-19.828133,-1.661935,-27.363368,14.749324,-27.186990,-33.994097,29.866251,20.610086,-18.479310,-19.828133,-1.661935,-27.363368,90.000000,
-19.828133,-1.661935,-27.363368,-67.064640,35.808915,-32.621153,-70.537737,-22.738074,-15.731395,-19.828133,-1.661935,-27.363368,90.000000,
-19.828133,-1.661935,-27.363368,14.749324,-27.186990,-33.994097,29.866251,20.610086,-18.479310,-19.828133,-1.661935,-27.363368,90.000000,
-19.828133,-1.661935,-27.363368,-67.064640,35.808915,-32.621153,-70.537737,-22.738074,-15.731395,-19.828133,-1.661935,-27.363368,90.000000,
-19.828133,-1.661935,-27.363368,14.749324,-27.186990,-33.994097,29.866251,20.610086,-18.479310,-19.828133,-1.661935,-27.363368,90.000000,
-19.828133,-1.661935,-27.363368,-67.064640,35.808915,-32.621153,-70.537737,-22.738074,-15.731395,-19.828133,-1.661935,-27.363368,90.000000,
-19.828133,-1.661935,-27.363368,14.749324,-27.186990,-33.994097,29.866251,20.610086,-18.479310,-19.828133,-1.661935,-27.363368,90.000000,
-19.828133,-1.661935,-27.363368,-67.064640,35.808915,-32.621153,-70.537737,-22.738074,-15.731395,-19.828133,-1.661935,-27.363368,90.000000,
-19.828133,-1.661935,-27.363368,14.749324,-27.186990,-33.994097,29.866251,20.610086,-18.479310,-19.828133,-1.661935,-27.363368,90.000000,
-19.828133,-1.661935,-27.363368,-67.064640,35.808915,-32.621153,-70.537737,-22.738074,-15.731395,-19.828133,-1.661935,-27.363368,90.000000,
-19.828133,-1.661935,-27.363368,14.749324,-27.186990,-33.994097,29.866251,20.610086,-18.479310,-19.828133,-1.661935,-27.363368,90.000000,
-19.828133,-1.661935,-27.363368,-67.064640,35.808915,-32.621153,-70.537737,-22.738074,-15.731395,-19.828133,-1.661935,-27.363368,90.000000,
-19.828133,-1.661935,-27.363368,14.749324,-27.186990,-33.994097,29.866251,20.610086,-18.479310,-19.828133,-1.661935,-27.363368,90.000000,
-19.828133,-1.661935,-27.363368,-67.064640,35.808915,-32.621153,-70.537737,-22.738074,-15.731395,-19.828133,-1.661935,-27.363368,90.000000,
-19.828133,-1.661935,-27.363368,14.749324,-27.186990,-33.994097,29.866251,20.610086,-18.479310,-19.828133,-1.661935,-27.363368,90.000000,
-19.828133,-1.661935,-27.363368,-67.064640,35.808915,-32.621153,-70.537737,-22.738074,-15.731395,-19.828133,-1.661935,-27.363368,90.000000,
-19.828133,-1.661935,-27.363368,14.749324,-27.186990,-33.994097,29.866251,20.610086,-18.479310,-19.828133,-1.661935,-27.363368,90.000000,
-19.828133,-1.661935,-27.363368,-67.064640,35.808915,-32.621153,-70.537737,-22.738074,-15.731395,-19.828133,-1.661935,-27.363368,90.000000,
-19.828133,-1.661935,-27.363368,14.749324,-27.186990,-33.994097,29.866251,20.610086,-18.479310,-19.828133,-1.661935,-27.363368,90.000000,
-19.828133,-1.661935,-27.363368,-67.064640,35.808915,-32.621153,-70.537737,-22.738074,-15.731395,-19.828133,-1.661935,-27.363368,90.000000,
-19.828133,-1.661935,-27.363368,14.749324,-27.186990,-33.994097,29.866251,20.610086,-18.479310,-19.828133,-1.661935,-27.363368,90.000000,
-19.828133,-1.661935,-27.363368,-67.064640,35.808915,-32.621153,-70.537737,-22.738074,-15.731395,-19.828133,-1.661935,-27.363368,90.000000,
-19.828133,-1.661935,-27.363368,14.749324,-27.186990,-33.994097,29.866251,20.610086,-18.479310,-19.828133,-1.661935,-27.363368,90.000000,
-19.828133,-1.661935,-27.363368,-67.064640,35.808915,-32.621153,-70.537737,-22.738074,-15.731395,-19.828133,-1.661935,-27.363368,90.000000,
-19.828133,-1.661935,-27.363368,14.749324,-27.186990,-33.994097,29.866251,20.610086,-18.479310,-19.828133,-1.661935,-27.363368,90.000000,
-19.828133,-1.661935,-27.363368,-67.064640,35.808915,-32.621153,-70.537737,-22.738074,-15.731395,-19.828133,-1.661935,-27.363368,90.000000,
-19.828133,-1.661935,-27.363368,14.749324,-27.186990,-33.994097,29.866251,20.610086,-18.479310,-19.828133,-1.661935,-27.363368,90.000000,
-19.828133,-1.661935,-27.363368,-67.064640,35.808915,-32.621153,-70.537737,-22.738074,-15.731395,-19.828133,-1.661935,-27.363368,90.000000,
-19.828133,-1.661935,-27.363368,14.749324,-27.186990,-33.994097,29.866251,20.610086,-18.479310,-19.828133,-1.661935,-27.363368,90.000000,
-19.828133,-1.661935,-27.363368,-67.064640,35.808915,-32.621153,-70.537737,-22.738074,-15.731395,-19.828133,-1.661935,-27.363368,90.000000,
-19.828133,-1.661935,-27.363368,14.749324,-27.186990,-33.994097,29.866251,20.610086,-18.479310,-19.828133,-1.661935,-27.363368,90.000000,
-19.828133,-1.661935,-27.363368,-67.064640,35.808915,-32.621153,-70.537737,-22.738074,-15.731395,-19.828133,-1.661935,-27.363368,90.000000,
-19.828133,-1.661935,-27.363368,14.749324,-27.186990,-33.994097,29.866251,20.610086,-18.479310,-19.828133,-1.661935,-27.363368,90.000000,
-19.828133,-1.661935,-27.363368,-67.064640,35.808915,-32.621153,-70.537737,-22.738074,-15.731395,-19.828133,-1.661935,-27.363368,90.000000,
-19.828133,-1.661935,-27.363368,14.749324,-27.186990,-33.994097,29.866251,20.610086,-18.479310,-19.828133,-1.661935,-27.363368,90.000000,
-19.828133,-1.661935,-27.363368,-67.064640,35.808915,-32.621153,-70.537737,-22.738074,-15.731395,-19.828133,-1.661935,-27.363368,90.000000,
-19.828133,-1.661935,-27.363368,14.749324,-27.186990,-33.994097,29.866251,20.610086,-18.479310,-19.828133,-1.661935,-27.363368,90.000000,
-19.828133,-1.661935,-27.363368,-67.064640,35.808915,-32.621153,-70.537737,-22.738074,-15.731395,-19.828133,-1.661935,-27.363368,90.000000,
-19.828133,-1.661935,-27.363368,14.749324,-27.186990,-33.994097,29.866251,20.610086,-18.479310,-19.828133,-1.661935,-27.363368,90.000000,
-19.828133,-1.661935,-27.363368,-67.064640,35.808915,-32.621153,-70.537737,-22.738074,-15.731395,-19.828133,-1.661935,-27.363368,90.000000,
-19.828133,-1.661935,-27.363368,14.749324,-27.186990,-33.994097,29.866251,20.610086,-18.479310,-19.828133,-1.661935,-27.363368,90.000000,
-19.828133,-1.661935,-27.363368,-67.064640,35.808915,-32.621153,-70.537737,-22.738074,-15.731395,-19.828133,-1.661935,-27.363368,90.000000,
-19.828133,-1.661935,-27.363368,14.749324,-27.186990,-33.994097,29.866251,20.610086,-18.479310,-19.828133,-1.661935,-27.363368,90.000000,
-19.828133,-1.661935,-27.363368,-67.064640,35.808915,-32.621153,-70.537737,-22.738074,-15.731395,-19.828133,-1.661935,-27.363368,90.000000,
-19.828133,-1.661935,-27.363368,14.749324,-27.186990,-33.994097,29.866251,20.610086,-18.479310,-19.828133,-1.661935,-27.363368,90.000000,
-19.828133,-1.661935,-27.363368,-67.064640,35.808915,-32.621153,-70.537737,-22.738074,-15.731395,-19.828133,-1.661935,-27.363368,90.000000,
-19.828133,-1.661935,-27.363368,14.749324,-27.186990,-33.994097,29.866251,20.610086,-18.479310,-19.828133,-1.661935,-27.363368,90.000000,
-19.828133,-1.661935,-27.363368,-67.064640,35.808915,-32.621153,-70.537737,-22.738074,-15.731395,-19.828133,-1.661935,-27.363368,90.000000,
-19.828133,-1.661935,-27.363368,14.749324,-27.186990,-33.994097,29.866251,20.610086,-18.479310,-19.828133,-1.661935,-27.363368,90.000000,
-19.828133,-1.661935,-27.363368,-67.064640,35.808915,-32.621153,-70.537737,-22.738074,-15.731395,-19.828133,-1.661935,-27.363368,90.000000,
-19.828133,-1.661935,-27.363368,14.749324,-27.186990,-33.994097,29.866251,20.610086,-18.479310,-19.828133,-1.661935,-27.363368,90.000000,
-19.828133,-1.661935,-27.363368,-67.064640,35.808915,-32.621153,-70.537737,-22.738074,-15.731395,-19.828133,-1.661935,-27.363368,90.000000,
-19.828133,-1.661935,-27.363368,14.749324,-27.186990,-33.994097,29.866251,20.610086,-18.479310,-19.828133,-1.661935,-27.363368,90.000000,
-19.828133,-1.661935,-27.363368,-67.064640,35.808915,-32.621153,-70.537737,-22.738074,-15.731395,-19.828133,-1.661935,-27.363368,90.000000,
-19.828133,-1.661935,-27.363368,14.749324,-27.186990,-33.994097,29.866251,20.610086,-18.479310,-19.828133,-1.661935,-27.363368,90.000000,
-19.828133,-1.661935,-27.363368,-67.064640,35.808915,-32.621153,-70.537737,-22.738074,-15.731395,-19.828133,-1.661935,-27.363368,90.000000,
-19.828133,-1.661935,-27.363368,14.749324,-27.186990,-33.994097,29.866251,20.610086,-18.479310,-19.828133,-1.661935,-27.363368,90.000000,
-19.828133,-1.661935,-27.363368,-67.064640,35.808915,-32.621153,-70.537737,-22.738074,-15.731395,-19.828133,-1.661935,-27.363368,90.000000,
-19.828133,-1.661935,-27.363368,14.749324,-27.186990,-33.994097,29.866251,20.610086,-18.479310,-19.828133,-1.661935,-27.363368,90.000000,
-19.828133,-1.661935,-27.363368,-67.064640,35.808915,-32.621153,-70.537737,-22.738074,-15.731395,-19.828133,-1.661935,-27.363368,90.000000,
-19.828133,-1.661935,-27.363368,14.749324,-27.186990,-33.994097,29.866251,20.610086,-18.479310,-19.828133,-1.661935,-27.363368,90.000000,
-19.828133,-1.661935,-27.363368,-67.064640,35.808915,-32.621153,-70.537737,-22.738074,-15.731395,-19.828133,-1.661935,-27.363368,90.000000,
-19.828133,-1.661935,-27.363368,14.749324,-27.186990,-33.994097,29.866251,20.610086,-18.479310,-19.828133,-1.661935,-27.363368,90.000000,
-19.828133,-1.661935,-27.363368,-67.064640,35.808915,-32.621153,-70.537737,-22.738074,-15.731395,-19.828133,-1.661935,-27.363368,90.000000,
-19.828133,-1.661935,-27.363368,14.749324,-27.186990,-33.994097,29.866251,20.610086,-18.479310,-19.828133,-1.661935,-27.363368,90.000000,
-19.828133,-1.661935,-27.363368,-67.064640,35.808915,-32.621153,-70.537737,-22.738074,-15.731395,-19.828133,-1.661935,-27.363368,90.000000,
-19.828133,-1.661935,-27.363368,14.749324,-27.186990,-33.994097,29.866251,20.610086,-18.479310,-19.828133,-1.661935,-27.363368,90.000000,
-19.828133,-1.661935,-27.363368,-67.064640,35.808915,-32.621153,-70.537737,-22.738074,-15.731395,-19.828133,-1.661935,-27.363368,90.000000,
-19.828133,-1.661935,-27.363368,14.749324,-27.186990,-33.994097,29.866251,20.610086,-18.479310,-19.828133,-1.661935,-27.363368,90.000000,
-19.828133,-1.661935,-27.363368,-67.064640,35.808915,-32.621153,-70.537737,-22.738074,-15.731395,-19.828133,-1.661935,-27.363368,90.000000,
-19.828133,-1.661935,-27.363368,14.749324,-27.186990,-33.994097,29.866251,20.610086,-18.479310,-19.828133,-1.661935,-27.363368,90.000000,
-19.828133,-1.661935,-27.363368,-67.064640,35.808915,-32.621153,-70.537737,-22.738074,-15.731395,-19.828133,-1.661935,-27.363368,90.000000,
-19.828133,-1.661935,-27.363368,14.749324,-27.186990,-33.994097,29.866251,20.610086,-18.479310,-19.828133,-1.661935,-27.363368,90.000000,
-19.828133,-1.661935,-27.363368,-67.064640,35.808915,-32.621153,-70.537737,-22.738074,-15.731395,-19.828133,-1.661935,-27.363368,90.000000,
-19.828133,-1.661935,-27.363368,14.749324,-27.186990,-33.994097,29.866251,20.610086,-18.479310,-19.828133,-1.661935,-27.363368,90.000000,
-19.828133,-1.661935,-27.363368,-67.064640,35.808915,-32.621153,-70.537737,-22.738074,-15.731395,-19.828133,-1.661935,-27.363368,90.000000,
-19.828133,-1.661935,-27.363368,14.749324,-27.186990,-33.994097,29.866251,20.610086,-18.479310,-19.828133,-1.661935,-27.363368,90.000000,
-19.828133,-1.661935,-27.363368,-67.064640,35.808915,-32.621153,-70.537737,-22.738074,-15.731395,-19.828133,-1.661935,-27.363368,90.000000,
-19.828133,-1.661935,-27.363368,14.749324,-27.186990,-33.994097,29.866251,20.610086,-18.479310,-19.828133,-1.661935,-27.363368,90.000000,
-19.828133,-1.661935,-27.363368,-67.064640,35.808915,-32.621153,-70.537737,-22.738074,-15.731395,-19.828133,-1.661935,-27.363368,90.000000,
-19.828133,-1.661935,-27.363368,14.749324,-27.186990,-33.994097,29.866251,20.610086,-18.479310,-19.828133,-1.661935,-27.363368,90.000000,
-19.828133,-1.661935,-27.363368,-67.064640,35.808915,-32.621153,-70.537737,-22.738074,-15.731395,-19.828133,-1.661935,-27.363368,90.000000,
-19.828133,-1.661935,-27.363368,14.749324,-27.186990,-33.994097,29.866251,20.610086,-18.479310,-19.828133,-1.661935,-27.363368,90.000000,
-19.828133,-1.661935,-27.363368,-67.064640,35.808915,-32.621153,-70.537737,-22.738074,-15.731395,-19.828133,-1.661935,-27.363368,90.000000,
-19.828133,-1.661935,-27.363368,14.749324,-27.186990,-33.994097,29.866251,20.610086,-18.479310,-19.828133,-1.661935,-27.363368,90.000000,
-19.828133,-1.661935,-27.363368,-67.064640,35.808915,-32.621153,-70.537737,-22.738074,-15.731395,-19.828133,-1.661935,-27.363368,90.000000,
-19.828133,-1.661935,-27.363368,14.749324,-27.186990,-33.994097,29.866251,20.610086,-18.479310,-19.828133,-1.661935,-27.363368,90.000000,
-19.828133,-1.661935,-27.363368,-67.064640,35.808915,-32.621153,-70.537737,-22.738074,-15.731395,-19.828133,-1.661935,-27.363368,90.000000,
-19.828133,-1.661935,-27.363368,14.749324,-27.186990,-33.994097,29.866251,20.610086,-18.479310,-19.828133,-1.661935,-27.363368,90.000000,
-19.828133,-1.661935,-27.363368,-67.064640,35.808915,-32.621153,-70.537737,-22.738074,-15.731395,-19.828133,-1.661935,-27.363368,90.000000,
-19.828133,-1.661935,-27.363368,14.749324,-27.186990,-33.994097,29.866251,20.610086,-18.479310,-19.828133,-1.661935,-27.363368,90.000000,
-19.828133,-1.661935,-27.363368,-67.064640,35.808915,-32.621153,-70.537737,-22.738074,-15.731395,-19.828133,-1.661935,-27.363368,90.000000,
-19.828133,-1.661935,-27.363368,14.749324,-27.186990,-33.994097,29.866251,20.610086,-18.479310,-19.828133,-1.661935,-27.363368,90.000000,
-19.828133,-1.661935,-27.363368,-67.064640,35.808915,-32.621153,-70.537737,-22.738074,-15.731395,-19.828133,-1.661935,-27.363368,90.000000,
-19.828133,-1.661935,-27.363368,14.749324,-27.186990,-33.994097,29.866251,20.610086,-18.479310,-19.828133,-1.661935,-27.363368,90.000000,
-19.828133,-1.661935,-27.363368,-67.064640,35.808915,-32.621153,-70.537737,-22.738074,-15.731395,-19.828133,-1.661935,-27.363368,90.000000,
-19.828133,-1.661935,-27.363368,14.749324,-27.186990,-33.994097,29.866251,20.610086,-18.479310,-19.828133,-1.661935,-27.363368,90.000000,
-19.828133,-1.661935,-27.363368,-67.064640,35.808915,-32.621153,-70.537737,-22.738074,-15.731395,-19.828133,-1.661935,-27.363368,90.000000,
-19.828133,-1.661935,-27.363368,14.749324,-27.186990,-33.994097,29.866251,20.610086,-18.479310,-19.828133,-1.661935,-27.363368,90.000000,
-19.828133,-1.661935,-27.363368,-67.064640,35.808915,-32.621153,-70.537737,-22.738074,-15.731395,-19.828133,-1.661935,-27.363368,90.000000,
-19.828133,-1.661935,-27.363368,14.749324,-27.186990,-33.994097,29.866251,20.610086,-18.479310,-19.828133,-1.661935,-27.363368,90.000000,
-19.828133,-1.661935,-27.363368,-67.064640,35.808915,-32.621153,-70.537737,-22.738074,-15.731395,-19.828133,-1.661935,-27.363368,90.000000,
-19.828133,-1.661935,-27.363368,14.749324,-27.186990,-33.994097,29.866251,20.610086,-18.479310,-19.828133,-1.661935,-27.363368,90.000000,
-19.828133,-1.661935,-27.363368,-67.064640,35.808915,-32.621153,-70.537737,-22.738074,-15.731395,-19.828133,-1.661935,-27.363368,90.000000,
-19.828133,-1.661935,-27.363368,14.749324,-27.186990,-33.994097,29.866251,20.610086,-18.479310,-19.828133,-1.661935,-27.363368,90.000000,
-19.828133,-1.661935,-27.363368,-67.064640,35.808915,-32.621153,-70.537737,-22.738074,-15.731395,-19.828133,-1.661935,-27.363368,90.000000,
-19.828133,-1.661935,-27.363368,14.749324,-27.186990,-33.994097,29.866251,20.610086,-18.479310,-19.828133,-1.661935,-27.363368,90.000000,
-19.828133,-1.661935,-27.363368,-67.064640,35.808915,-32.621153,-70.537737,-22.738074,-15.731395,-19.828133,-1.661935,-27.363368,90.000000,
-19.828133,-1.661935,-27.363368,14.749324,-27.186990,-33.994097,29.866251,20.610086,-18.479310,-19.828133,-1.661935,-27.363368,90.000000,
-19.828133,-1.661935,-27.363368,-67.064640,35.808915,-32.621153,-70.537737,-22.738074,-15.731395,-19.828133,-1.661935,-27.363368,90.000000,
-19.828133,-1.661935,-27.363368,14.749324,-27.186990,-33.994097,29.866251,20.610086,-18.479310,-19.828133,-1.661935,-27.363368,90.000000,
-19.828133,-1.661935,-27.363368,-67.064640,35.808915,-32.621153,-70.537737,-22.738074,-15.731395,-19.828133,-1.661935,-27.363368,90.000000,
-19.828133,-1.661935,-27.363368,14.749324,-27.186990,-33.994097,29.866251,20.610086,-18.479310,-19.828133,-1.661935,-27.363368,90.000000,
-19.828133,-1.661935,-27.363368,-67.064640,35.808915,-32.621153,-70.537737,-22.738074,-15.731395,-19.828133,-1.661935,-27.363368,90.000000,
-19.828133,-1.661935,-27.363368,14.749324,-27.186990,-33.994097,29.866251,20.610086,-18.479310,-19.828133,-1.661935,-27.363368,90.000000,
-19.828133,-1.661935,-27.363368,-67.064640,35.808915,-32.621153,-70.537737,-22.738074,-15.731395,-19.828133,-1.661935,-27.363368,90.000000,
-19.828133,-1.661935,-27.363368,14.749324,-27.186990,-33.994097,29.866251,20.610086,-18.479310,-19.828133,-1.661935,-27.363368,90.000000,
-19.828133,-1.661935,-27.363368,-67.064640,35.808915,-32.621153,-70.537737,-22.738074,-15.731395,-19.828133,-1.661935,-27.363368,90.000000,
-19.828133,-1.661935,-27.363368,14.749324,-27.186990,-33.994097,29.866251,20.610086,-18.479310,-19.828133,-1.661935,-27.363368,90.000000,
-19.828133,-1.661935,-27.363368,-67.064640,35.808915,-32.621153,-70.537737,-22.738074,-15.731395,-19.828133,-1.661935,-27.363368,90.000000,
-19.828133,-1.661935,-27.363368,14.749324,-27.186990,-33.994097,29.866251,20.610086,-18.479310,-19.828133,-1.661935,-27.363368,90.000000,
-19.828133,-1.661935,-27.363368,-67.064640,35.808915,-32.621153,-70.537737,-22.738074,-15.731395,-19.828133,-1.661935,-27.363368,90.000000,
-19.828133,-1.661935,-27.363368,14.749324,-27.186990,-33.994097,29.866251,20.610086,-18.479310,-19.828133,-1.661935,-27.363368,90.000000,
-19.828133,-1.661935,-27.363368,-67.064640,35.808915,-32.621153,-70.537737,-22.738074,-15.731395,-19.828133,-1.661935,-27.363368,90.000000,
-19.828133,-1.661935,-27.363368,14.749324,-27.186990,-33.994097,29.866251,20.610086,-18.479310,-19.828133,-1.661935,-27.363368,90.000000,
-19.828133,-1.661935,-27.363368,-67.064640,35.808915,-32.621153,-70.537737,-22.738074,-15.731395,-19.828133,-1.661935,-27.363368,90.000000,
-19.828133,-1.661935,-27.363368,14.749324,-27.186990,-33.994097,29.866251,20.610086,-18.479310,-19.828133,-1.661935,-27.363368,90.000000,
-19.828133,-1.661935,-27.363368,-67.064640,35.808915,-32.621153,-70.537737,-22.738074,-15.731395,-19.828133,-1.661935,-27.363368,90.000000,
-19.828133,-1.661935,-27.363368,14.749324,-27.186990,-33.994097,29.866251,20.610086,-18.479310,-19.828133,-1.661935,-27.363368,90.000000,
-19.828133,-1.661935,-27.363368,-67.064640,35.808915,-32.621153,-70.537737,-22.738074,-15.731395,-19.828133,-1.661935,-27.363368,90.000000,
-19.828133,-1.661935,-27.363368,14.749324,-27.186990,-33.994097,29.866251,20.610086,-18.479310,-19.828133,-1.661935,-27.363368,90.000000,
-19.828133,-1.661935,-27.363368,-67.064640,35.808915,-32.621153,-70.537737,-22.738074,-15.731395,-19.828133,-1.661935,-27.363368,90.000000,
-19.828133,-1.661935,-27.363368,14.749324,-27.186990,-33.994097,29.866251,20.610086,-18.479310,-19.828133,-1.661935,-27.363368,90.000000,
-19.828133,-1.661935,-27.363368,-67.064640,35.808915,-32.621153,-70.537737,-22.738074,-15.731395,-19.828133,-1.661935,-27.363368,90.000000,
-19.828133,-1.661935,-27.363368,14.749324,-27.186990,-33.994097,29.866251,20.610086,-18.479310,-19.828133,-1.661935,-27.363368,90.000000,
-19.828133,-1.661935,-27.363368,-67.064640,35.808915,-32.621153,-70.537737,-22.738074,-15.731395,-19.828133,-1.661935,-27.363368,90.000000,
-19.828133,-1.661935,-27.363368,14.749324,-27.186990,-33.994097,29.866251,20.610086,-18.479310,-19.828133,-1.661935,-27.363368,90.000000,
-19.828133,-1.661935,-27.363368,-67.064640,35.808915,-32.621153,-70.537737,-22.738074,-15.731395,-19.828133,-1.661935,-27.363368,90.000000,
-19.828133,-1.661935,-27.363368,14.749324,-27.186990,-33.994097,29.866251,20.610086,-18.479310,-19.828133,-1.661935,-27.363368,90.000000,
-19.828133,-1.661935,-27.363368,-67.064640,35.808915,-32.621153,-70.537737,-22.738074,-15.731395,-19.828133,-1.661935,-27.363368,90.000000,
-19.828133,-1.661935,-27.363368,14.749324,-27.186990,-33.994097,29.866251,20.610086,-18.479310,-19.828133,-1.661935,-27.363368,90.000000,
-19.828133,-1.661935,-27.363368,-67.064640,35.808915,-32.621153,-70.537737,-22.738074,-15.731395,-19.828133,-1.661935,-27.363368,90.000000,
-19.828133,-1.661935,-27.363368,14.749324,-27.186990,-33.994097,29.866251,20.610086,-18.479310,-19.828133,-1.661935,-27.363368,90.000000,
-19.828133,-1.661935,-27.363368,-67.064640,35.808915,-32.621153,-70.537737,-22.738074,-15.731395,-19.828133,-1.661935,-27.363368,90.000000,
-19.828133,-1.661935,-27.363368,14.749324,-27.186990,-33.994097,29.866251,20.610086,-18.479310,-19.828133,-1.661935,-27.363368,90.000000,
-19.828133,-1.661935,-27.363368,-67.064640,35.808915,-32.621153,-70.537737,-22.738074,-15.731395,-19.828133,-1.661935,-27.363368,90.000000,
-19.828133,-1.661935,-27.363368,14.749324,-27.186990,-33.994097,29.866251,20.610086,-18.479310,-19.828133,-1.661935,-27.363368,90.000000,
-19.828133,-1.661935,-27.363368,-67.064640,35.808915,-32.621153,-70.537737,-22.738074,-15.731395,-19.828133,-1.661935,-27.363368,90.000000,
-19.828133,-1.661935,-27.363368,14.749324,-27.186990,-33.994097,29.866251,20.610086,-18.479310,-19.828133,-1.661935,-27.363368,90.000000,
-19.828133,-1.661935,-27.363368,-67.064640,35.808915,-32.621153,-70.537737,-22.738074,-15.731395,-19.828133,-1.661935,-27.363368,90.000000,
-19.828133,-1.661935,-27.363368,14.749324,-27.186990,-33.994097,29.866251,20.610086,-18.479310,-19.828133,-1.661935,-27.363368,90.000000,
-19.828133,-1.661935,-27.363368,-67.064640,35.808915,-32.621153,-70.537737,-22.738074,-15.731395,-19.828133,-1.661935,-27.363368,90.000000,
-19.828133,-1.661935,-27.363368,14.749324,-27.186990,-33.994097,29.866251,20.610086,-18.479310,-19.828133,-1.661935,-27.363368,90.000000,
-19.828133,-1.661935,-27.363368,-67.064640,35.808915,-32.621153,-70.537737,-22.738074,-15.731395,-19.828133,-1.661935,-27.363368,90.000000,
-19.828133,-1.661935,-27.363368,14.749324,-27.186990,-33.994097,29.866251,20.610086,-18.479310,-19.828133,-1.661935,-27.363368,90.000000,
-19.828133,-1.661935,-27.363368,-67.064640,35.808915,-32.621153,-70.537737,-22.738074,-15.731395,-19.828133,-1.661935,-27.363368,90.000000,
-19.828133,-1.661935,-27.363368,14.749324,-27.186990,-33.994097,29.866251,20.610086,-18.479310,-19.828133,-1.661935,-27.363368,90.000000,
-19.828133,-1.661935,-27.363368,-67.064640,35.808915,-32.621153,-70.537737,-22.738074,-15.731395,-19.828133,-1.661935,-27.363368,90.000000,
-19.828133,-1.661935,-27.363368,14.749324,-27.186990,-33.994097,29.866251,20.610086,-18.479310,-19.828133,-1.661935,-27.363368,90.000000,
-19.828133,-1.661935,-27.363368,-67.064640,35.808915,-32.621153,-70.537737,-22.738074,-15.731395,-19.828133,-1.661935,-27.363368,90.000000,
-19.828133,-1.661935,-27.363368,14.749324,-27.186990,-33.994097,29.866251,20.610086,-18.479310,-19.828133,-1.661935,-27.363368,90.000000,
-19.828133,-1.661935,-27.363368,-67.064640,35.808915,-32.621153,-70.537737,-22.738074,-15.731395,-19.828133,-1.661935,-27.363368,90.000000,
-19.828133,-1.661935,-27.363368,14.749324,-27.186990,-33.994097,29.866251,20.610086,-18.479310,-19.828133,-1.661935,-27.363368,90.000000,
-19.828133,-1.661935,-27.363368,-67.064640,35.808915,-32.621153,-70.537737,-22.738074,-15.731395,-19.828133,-1.661935,-27.363368,90.000000,
-19.828133,-1.661935,-27.363368,14.749324,-27.186990,-33.994097,29.866251,20.610086,-18.479310,-19.828133,-1.661935,-27.363368,90.000000,
-19.828133,-1.661935,-27.363368,-67.064640,35.808915,-32.621153,-70.537737,-22.738074,-15.731395,-19.828133,-1.661935,-27.363368,90.000000,
-19.828133,-1.661935,-27.363368,14.749324,-27.186990,-33.994097,29.866251,20.610086,-18.479310,-19.828133,-1.661935,-27.363368,90.000000,
-19.828133,-1.661935,-27.363368,-67.064640,35.808915,-32.621153,-70.537737,-22.738074,-15.731395,-19.828133,-1.661935,-27.363368,90.000000,
-19.828133,-1.661935,-27.363368,14.749324,-27.186990,-33.994097,29.866251,20.610086,-18.479310,-19.828133,-1.661935,-27.363368,90.000000,
-19.828133,-1.661935,-27.363368,-67.064640,35.808915,-32.621153,-70.537737,-22.738074,-15.731395,-19.828133,-1.661935,-27.363368,90.000000,
-19.828133,-1.661935,-27.363368,14.749324,-27.186990,-33.994097,29.866251,20.610086,-18.479310,-19.828133,-1.661935,-27.363368,90.000000,
-19.828133,-1.661935,-27.363368,-67.064640,35.808915,-32.621153,-70.537737,-22.738074,-15.731395,-19.828133,-1.661935,-27.363368,90.000000,
-19.828133,-1.661935,-27.363368,14.749324,-27.186990,-33.994097,29.866251,20.610086,-18.479310,-19.828133,-1.661935,-27.363368,90.000000,
-19.828133,-1.661935,-27.363368,-67.064640,35.808915,-32.621153,-70.537737,-22.738074,-15.731395,-19.828133,-1.661935,-27.363368,90.000000,
-19.828133,-1.661935,-27.363368,14.749324,-27.186990,-33.994097,29.866251,20.610086,-18.479310,-19.828133,-1.661935,-27.363368,90.000000,
-19.828133,-1.661935,-27.363368,-67.064640,35.808915,-32.621153,-70.537737,-22.738074,-15.731395,-19.828133,-1.661935,-27.363368,90.000000,
-19.828133,-1.661935,-27.363368,14.749324,-27.186990,-33.994097,29.866251,20.610086,-18.479310,-19.828133,-1.661935,-27.363368,90.000000,
-19.828133,-1.661935,-27.363368,-67.064640,35.808915,-32.621153,-70.537737,-22.738074,-15.731395,-19.828133,-1.661935,-27.363368,90.000000,
-19.828133,-1.661935,-27.363368,14.749324,-27.186990,-33.994097,29.866251,20.610086,-18.479310,-19.828133,-1.661935,-27.363368,90.000000,
-19.828133,-1.661935,-27.363368,-67.064640,35.808915,-32.621153,-70.537737,-22.738074,-15.731395,-19.828133,-1.661935,-27.363368,90.000000,
-19.828133,-1.661935,-27.363368,14.749324,-27.186990,-33.994097,29.866251,20.610086,-18.479310,-19.828133,-1.661935,-27.363368,90.000000,
-19.828133,-1.661935,-27.363368,-67.064640,35.808915,-32.621153,-70.537737,-22.738074,-15.731395,-19.828133,-1.661935,-27.363368,90.000000,
-19.828133,-1.661935,-27.363368,14.749324,-27.186990,-33.994097,29.866251,20.610086,-18.479310,-19.828133,-1.661935,-27.363368,90.000000,
-19.828133,-1.661935,-27.363368,-67.064640,35.808915,-32.621153,-70.537737,-22.738074,-15.731395,-19.828133,-1.661935,-27.363368,90.000000,
-19.828133,-1.661935,-27.363368,14.749324,-27.186990,-33.994097,29.866251,20.610086,-18.479310,-19.828133,-1.661935,-27.363368,90.000000,
-19.828133,-1.661935,-27.363368,-67.064640,35.808915,-32.621153,-70.537737,-22.738074,-15.731395,-19.828133,-1.661935,-27.363368,90.000000,
-19.828133,-1.661935,-27.363368,14.749324,-27.186990,-33.994097,29.866251,20.610086,-18.479310,-19.828133,-1.661935,-27.363368,90.000000,
-19.828133,-1.661935,-27.363368,-67.064640,35.808915,-32.621153,-70.537737,-22.738074,-15.731395,-19.828133,-1.661935,-27.363368,90.000000,
-19.828133,-1.661935,-27.363368,14.749324,-27.186990,-33.994097,29.866251,20.610086,-18.479310,-19.828133,-1.661935,-27.363368,90.000000,
-19.828133,-1.661935,-27.363368,-67.064640,35.808915,-32.621153,-70.537737,-22.738074,-15.731395,-19.828133,-1.661935,-27.363368,90.000000,
-19.828133,-1.661935,-27.363368,14.749324,-27.186990,-33.994097,29.866251,20.610086,-18.479310,-19.828133,-1.661935,-27.363368,90.000000,
-19.828133,-1.661935,-27.363368,-67.064640,35.808915,-32.621153,-70.537737,-22.738074,-15.731395,-19.828133,-1.661935,-27.363368,90.000000,
-19.828133,-1.661935,-27.363368,14.749324,-27.186990,-33.994097,29.866251,20.610086,-18.479310,-19.828133,-1.661935,-27.363368,90.000000,
-19.828133,-1.661935,-27.363368,-67.064640,35.808915,-32.621153,-70.537737,-22.738074,-15.731395,-19.828133,-1.661935,-27.363368,90.000000,
-19.828133,-1.661935,-27.363368,14.749324,-27.186990,-33.994097,29.866251,20.610086,-18.479310,-19.828133,-1.661935,-27.363368,90.000000,
-19.828133,-1.661935,-27.363368,-67.064640,35.808915,-32.621153,-70.537737,-22.738074,-15.731395,-19.828133,-1.661935,-27.363368,90.000000,
-19.828133,-1.661935,-27.363368,14.749324,-27.186990,-33.994097,29.866251,20.610086,-18.479310,-19.828133,-1.661935,-27.363368,90.000000,
-19.828133,-1.661935,-27.363368,-67.064640,35.808915,-32.621153,-70.537737,-22.738074,-15.731395,-19.828133,-1.661935,-27.363368,90.000000,
-19.828133,-1.661935,-27.363368,14.749324,-27.186990,-33.994097,29.866251,20.610086,-18.479310,-19.828133,-1.661935,-27.363368,90.000000,
-19.828133,-1.661935,-27.363368,-67.064640,35.808915,-32.621153,-70.537737,-22.738074,-15.731395,-19.828133,-1.661935,-27.363368,90.000000,
-19.828133,-1.661935,-27.363368,14.749324,-27.186990,-33.994097,29.866251,20.610086,-18.479310,-19.828133,-1.661935,-27.363368,90.000000,
-19.828133,-1.661935,-27.363368,-67.064640,35.808915,-32.621153,-70.537737,-22.738074,-15.731395,-19.828133,-1.661935,-27.363368,90.000000,
-19.828133,-1.661935,-27.363368,14.749324,-27.186990,-33.994097,29.866251,20.610086,-18.479310,-19.828133,-1.661935,-27.363368,90.000000,
-19.828133,-1.661935,-27.363368,-67.064640,35.808915,-32.621153,-70.537737,-22.738074,-15.731395,-19.828133,-1.661935,-27.363368,90.000000,
-19.828133,-1.661935,-27.363368,14.749324,-27.186990,-33.994097,29.866251,20.610086,-18.479310,-19.828133,-1.661935,-27.363368,90.000000,
-19.828133,-1.661935,-27.363368,-67.064640,35.808915,-32.621153,-70.537737,-22.738074,-15.731395,-19.828133,-1.661935,-27.363368,90.000000,
-19.828133,-1.661935,-27.363368,14.749324,-27.186990,-33.994097,29.866251,20.610086,-18.479310,-19.828133,-1.661935,-27.363368,90.000000,
-19.828133,-1.661935,-27.363368,-67.064640,35.808915,-32.621153,-70.537737,-22.738074,-15.731395,-19.828133,-1.661935,-27.363368,90.000000,
-19.828133,-1.661935,-27.363368,14.749324,-27.186990,-33.994097,29.866251,20.610086,-18.479310,-19.828133,-1.661935,-27.363368,90.000000,
-19.828133,-1.661935,-27.363368,-67.064640,35.808915,-32.621153,-70.537737,-22.738074,-15.731395,-19.828133,-1.661935,-27.363368,90.000000,
-19.828133,-1.661935,-27.363368,14.749324,-27.186990,-33.994097,29.866251,20.610086,-18.479310,-19.828133,-1.661935,-27.363368,90.000000,
-19.828133,-1.661935,-27.363368,-67.064640,35.808915,-32.621153,-70.537737,-22.738074,-15.731395,-19.828133,-1.661935,-27.363368,90.000000,
-19.828133,-1.661935,-27.363368,14.749324,-27.186990,-33.994097,29.866251,20.610086,-18.479310,-19.828133,-1.661935,-27.363368,90.000000,
-19.828133,-1.661935,-27.363368,-67.064640,35.808915,-32.621153,-70.537737,-22.738074,-15.731395,-19.828133,-1.661935,-27.363368,90.000000,
-19.828133,-1.661935,-27.363368,14.749324,-27.186990,-33.994097,29.866251,20.610086,-18.479310,-19.828133,-1.661935,-27.363368,90.000000,
-19.828133,-1.661935,-27.363368,-67.064640,35.808915,-32.621153,-70.537737,-22.738074,-15.731395,-19.828133,-1.661935,-27.363368,90.000000,
-19.828133,-1.661935,-27.363368,14.749324,-27.186990,-33.994097,29.866251,20.610086,-18.479310,-19.828133,-1.661935,-27.363368,90.000000,
-19.828133,-1.661935,-27.363368,-67.064640,35.808915,-32.621153,-70.537737,-22.738074,-15.731395,-19.828133,-1.661935,-27.363368,90.000000,
-19.828133,-1.661935,-27.363368,14.749324,-27.186990,-33.994097,29.866251,20.610086,-18.479310,-19.828133,-1.661935,-27.363368,90.000000,
-19.828133,-1.661935,-27.363368,-67.064640,35.808915,-32.621153,-70.537737,-22.738074,-15.731395,-19.828133,-1.661935,-27.363368,90.000000,
-19.828133,-1.661935,-27.363368,14.749324,-27.186990,-33.994097,29.866251,20.610086,-18.479310,-19.828133,-1.661935,-27.363368,90.000000,
-19.828133,-1.661935,-27.363368,-67.064640,35.808915,-32.621153,-70.537737,-22.738074,-15.731395,-19.828133,-1.661935,-27.363368,90.000000,
-19.828133,-1.661935,-27.363368,14.749324,-27.186990,-33.994097,29.866251,20.610086,-18.479310,-19.828133,-1.661935,-27.363368,90.000000,
-19.828133,-1.661935,-27.363368,-67.064640,35.808915,-32.621153,-70.537737,-22.738074,-15.731395,-19.828133,-1.661935,-27.363368,90.000000,
-19.828133,-1.661935,-27.363368,14.749324,-27.186990,-33.994097,29.866251,20.610086,-18.479310,-19.828133,-1.661935,-27.363368,90.000000,
-19.828133,-1.661935,-27.363368,-67.064640,35.808915,-32.621153,-70.537737,-22.738074,-15.731395,-19.828133,-1.661935,-27.363368,90.000000,
-19.828133,-1.661935,-27.363368,14.749324,-27.186990,-33.994097,29.866251,20.610086,-18.479310,-19.828133,-1.661935,-27.363368,90.000000,
-19.828133,-1.661935,-27.363368,-67.064640,35.808915,-32.621153,-70.537737,-22.738074,-15.731395,-19.828133,-1.661935,-27.363368,90.000000,
-19.828133,-1.661935,-27.363368,14.749324,-27.186990,-33.994097,29.866251,20.610086,-18.479310,-19.828133,-1.661935,-27.363368,90.000000,
-19.828133,-1.661935,-27.363368,-67.064640,35.808915,-32.621153,-70.537737,-22.738074,-15.731395,-19.828133,-1.661935,-27.363368,90.000000,
-19.828133,-1.661935,-27.363368,14.749324,-27.186990,-33.994097,29.866251,20.610086,-18.479310,-19.828133,-1.661935,-27.363368,90.000000,
-19.828133,-1.661935,-27.363368,-67.064640,35.808915,-32.621153,-70.537737,-22.738074,-15.731395,-19.828133,-1.661935,-27.363368,90.000000,
-19.828133,-1.661935,-27.363368,14.749324,-27.186990,-33.994097,29.866251,20.610086,-18.479310,-19.828133,-1.661935,-27.363368,90.000000,
-19.828133,-1.661935,-27.363368,-67.064640,35.808915,-32.621153,-70.537737,-22.738074,-15.731395,-19.828133,-1.661935,-27.363368,90.000000,
-19.828133,-1.661935,-27.363368,14.749324,-27.186990,-33.994097,29.866251,20.610086,-18.479310,-19.828133,-1.661935,-27.363368,90.000000,
-19.828133,-1.661935,-27.363368,-67.064640,35.808915,-32.621153,-70.537737,-22.738074,-15.731395,-19.828133,-1.661935,-27.363368,90.000000,
-19.828133,-1.661935,-27.363368,14.749324,-27.186990,-33.994097,29.866251,20.610086,-18.479310,-19.828133,-1.661935,-27.363368,90.000000,
-19.828133,-1.661935,-27.363368,-67.064640,35.808915,-32.621153,-70.537737,-22.738074,-15.731395,-19.828133,-1.661935,-27.363368,90.000000,
-19.828133,-1.661935,-27.363368,14.749324,-27.186990,-33.994097,29.866251,20.610086,-18.479310,-19.828133,-1.661935,-27.363368,90.000000,
-19.828133,-1.661935,-27.363368,-67.064640,35.808915,-32.621153,-70.537737,-22.738074,-15.731395,-19.828133,-1.661935,-27.363368,90.000000,
-19.828133,-1.661935,-27.363368,14.749324,-27.186990,-33.994097,29.866251,20.610086,-18.479310,-19.828133,-1.661935,-27.363368,90.000000,
-19.828133,-1.661935,-27.363368,-67.064640,35.808915,-32.621153,-70.537737,-22.738074,-15.731395,-19.828133,-1.661935,-27.363368,90.000000,
-19.828133,-1.661935,-27.363368,14.749324,-27.186990,-33.994097,29.866251,20.610086,-18.479310,-19.828133,-1.661935,-27.363368,90.000000,
-19.828133,-1.661935,-27.363368,-67.064640,35.808915,-32.621153,-70.537737,-22.738074,-15.731395,-19.828133,-1.661935,-27.363368,90.000000,
-19.828133,-1.661935,-27.363368,14.749324,-27.186990,-33.994097,29.866251,20.610086,-18.479310,-19.828133,-1.661935,-27.363368,90.000000,
-19.828133,-1.661935,-27.363368,-67.064640,35.808915,-32.621153,-70.537737,-22.738074,-15.731395,-19.828133,-1.661935,-27.363368,90.000000,
-19.828133,-1.661935,-27.363368,14.749324,-27.186990,-33.994097,29.866251,20.610086,-18.479310,-19.828133,-1.661935,-27.363368,90.000000,
-19.828133,-1.661935,-27.363368,-67.064640,35.808915,-32.621153,-70.537737,-22.738074,-15.731395,-19.828133,-1.661935,-27.363368,90.000000,
-19.828133,-1.661935,-27.363368,14.749324,-27.186990,-33.994097,29.866251,20.610086,-18.479310,-19.828133,-1.661935,-27.363368,90.000000,
-19.828133,-1.661935,-27.363368,-67.064640,35.808915,-32.621153,-70.537737,-22.738074,-15.731395,-19.828133,-1.661935,-27.363368,90.000000,
-19.828133,-1.661935,-27.363368,14.749324,-27.186990,-33.994097,29.866251,20.610086,-18.479310,-19.828133,-1.661935,-27.363368,90.000000,
-19.828133,-1.661935,-27.363368,-67.064640,35.808915,-32.621153,-70.537737,-22.738074,-15.731395,-19.828133,-1.661935,-27.363368,90.000000,
-19.828133,-1.661935,-27.363368,14.749324,-27.186990,-33.994097,29.866251,20.610086,-18.479310,-19.828133,-1.661935,-27.363368,90.000000,
-19.828133,-1.661935,-27.363368,-67.064640,35.808915,-32.621153,-70.537737,-22.738074,-15.731395,-19.828133,-1.661935,-27.363368,90.000000,
-19.828133,-1.661935,-27.363368,14.749324,-27.186990,-33.994097,29.866251,20.610086,-18.479310,-19.828133,-1.661935,-27.363368,90.000000,
-19.828133,-1.661935,-27.363368,-67.064640,35.808915,-32.621153,-70.537737,-22.738074,-15.731395,-19.828133,-1.661935,-27.363368,90.000000,
-19.828133,-1.661935,-27.363368,14.749324,-27.186990,-33.994097,29.866251,20.610086,-18.479310,-19.828133,-1.661935,-27.363368,90.000000,
-19.828133,-1.661935,-27.363368,-67.064640,35.808915,-32.621153,-70.537737,-22.738074,-15.731395,-19.828133,-1.661935,-27.363368,90.000000,
-19.828133,-1.661935,-27.363368,14.749324,-27.186990,-33.994097,29.866251,20.610086,-18.479310,-19.828133,-1.661935,-27.363368,90.000000,
-19.828133,-1.661935,-27.363368,-67.064640,35.808915,-32.621153,-70.537737,-22.738074,-15.731395,-19.828133,-1.661935,-27.363368,90.000000,
-19.828133,-1.661935,-27.363368,14.749324,-27.186990,-33.994097,29.866251,20.610086,-18.479310,-19.828133,-1.661935,-27.363368,90.000000,
-19.828133,-1.661935,-27.363368,-67.064640,35.808915,-32.621153,-70.537737,-22.738074,-15.731395,-19.828133,-1.661935,-27.363368,90.000000,
-19.828133,-1.661935,-27.363368,14.749324,-27.186990,-33.994097,29.866251,20.610086,-18.479310,-19.828133,-1.661935,-27.363368,90.000000,
-19.828133,-1.661935,-27.363368,-67.064640,35.808915,-32.621153,-70.537737,-22.738074,-15.731395,-19.828133,-1.661935,-27.363368,90.000000,
-19.828133,-1.661935,-27.363368,14.749324,-27.186990,-33.994097,29.866251,20.610086,-18.479310,-19.828133,-1.661935,-27.363368,90.000000,
-19.828133,-1.661935,-27.363368,-67.064640,35.808915,-32.621153,-70.537737,-22.738074,-15.731395,-19.828133,-1.661935,-27.363368,90.000000,
-19.828133,-1.661935,-27.363368,14.749324,-27.186990,-33.994097,29.866251,20.610086,-18.479310,-19.828133,-1.661935,-27.363368,90.000000,
-19.828133,-1.661935,-27.363368,-67.064640,35.808915,-32.621153,-70.537737,-22.738074,-15.731395,-19.828133,-1.661935,-27.363368,90.000000,
-19.828133,-1.661935,-27.363368,14.749324,-27.186990,-33.994097,29.866251,20.610086,-18.479310,-19.828133,-1.661935,-27.363368,90.000000,
-19.828133,-1.661935,-27.363368,-67.064640,35.808915,-32.621153,-70.537737,-22.738074,-15.731395,-19.828133,-1.661935,-27.363368,90.000000,
-19.828133,-1.661935,-27.363368,14.749324,-27.186990,-33.994097,29.866251,20.610086,-18.479310,-19.828133,-1.661935,-27.363368,90.000000,
-19.828133,-1.661935,-27.363368,-67.064640,35.808915,-32.621153,-70.537737,-22.738074,-15.731395,-19.828133,-1.661935,-27.363368,90.000000,
-19.828133,-1.661935,-27.363368,14.749324,-27.186990,-33.994097,29.866251,20.610086,-18.479310,-19.828133,-1.661935,-27.363368,90.000000,
-19.828133,-1.661935,-27.363368,-67.064640,35.808915,-32.621153,-70.537737,-22.738074,-15.731395,-19.828133,-1.661935,-27.363368,90.000000,
-19.828133,-1.661935,-27.363368,14.749324,-27.186990,-33.994097,29.866251,20.610086,-18.479310,-19.828133,-1.661935,-27.363368,90.000000,
-19.828133,-1.661935,-27.363368,-67.064640,35.808915,-32.621153,-70.537737,-22.738074,-15.731395,-19.828133,-1.661935,-27.363368,90.000000,
-19.828133,-1.661935,-27.363368,14.749324,-27.186990,-33.994097,29.866251,20.610086,-18.479310,-19.828133,-1.661935,-27.363368,90.000000,
-19.828133,-1.661935,-27.363368,-67.064640,35.808915,-32.621153,-70.537737,-22.738074,-15.731395,-19.828133,-1.661935,-27.363368,90.000000,
-19.828133,-1.661935,-27.363368,14.749324,-27.186990,-33.994097,29.866251,20.610086,-18.479310,-19.828133,-1.661935,-27.363368,90.000000,
-19.828133,-1.661935,-27.363368,-67.064640,35.808915,-32.621153,-70.537737,-22.738074,-15.731395,-19.828133,-1.661935,-27.363368,90.000000,
-19.828133,-1.661935,-27.363368,14.749324,-27.186990,-33.994097,29.866251,20.610086,-18.479310,-19.828133,-1.661935,-27.363368,90.000000,
-19.828133,-1.661935,-27.363368,-67.064640,35.808915,-32.621153,-70.537737,-22.738074,-15.731395,-19.828133,-1.661935,-27.363368,90.000000,
-19.828133,-1.661935,-27.363368,14.749324,-27.186990,-33.994097,29.866251,20.610086,-18.479310,-19.828133,-1.661935,-27.363368,90.000000,
-19.828133,-1.661935,-27.363368,-67.064640,35.808915,-32.621153,-70.537737,-22.738074,-15.731395,-19.828133,-1.661935,-27.363368,90.000000,
-19.828133,-1.661935,-27.363368,14.749324,-27.186990,-33.994097,29.866251,20.610086,-18.479310,-19.828133,-1.661935,-27.363368,90.000000,
-19.828133,-1.661935,-27.363368,-67.064640,35.808915,-32.621153,-70.537737,-22.738074,-15.731395,-19.828133,-1.661935,-27.363368,90.000000,
-19.828133,-1.661935,-27.363368,14.749324,-27.186990,-33.994097,29.866251,20.610086,-18.479310,-19.828133,-1.661935,-27.363368,90.000000,
-19.828133,-1.661935,-27.363368,-67.064640,35.808915,-32.621153,-70.537737,-22.738074,-15.731395,-19.828133,-1.661935,-27.363368,90.000000,
-19.828133,-1.661935,-27.363368,14.749324,-27.186990,-33.994097,29.866251,20.610086,-18.479310,-19.828133,-1.661935,-27.363368,90.000000,
-19.828133,-1.661935,-27.363368,-67.064640,35.808915,-32.621153,-70.537737,-22.738074,-15.731395,-19.828133,-1.661935,-27.363368,90.000000,
-19.828133,-1.661935,-27.363368,14.749324,-27.186990,-33.994097,29.866251,20.610086,-18.479310,-19.828133,-1.661935,-27.363368,90.000000,
-19.828133,-1.661935,-27.363368,-67.064640,35.808915,-32.621153,-70.537737,-22.738074,-15.731395,-19.828133,-1.661935,-27.363368,90.000000,
-19.828133,-1.661935,-27.363368,14.749324,-27.186990,-33.994097,29.866251,20.610086,-18.479310,-19.828133,-1.661935,-27.363368,90.000000,
-19.828133,-1.661935,-27.363368,-67.064640,35.808915,-32.621153,-70.537737,-22.738074,-15.731395,-19.828133,-1.661935,-27.363368,90.000000,
-19.828133,-1.661935,-27.363368,14.749324,-27.186990,-33.994097,29.866251,20.610086,-18.479310,-19.828133,-1.661935,-27.363368,90.000000,
-19.828133,-1.661935,-27.363368,-67.064640,35.808915,-32.621153,-70.537737,-22.738074,-15.731395,-19.828133,-1.661935,-27.363368,90.000000,
-19.828133,-1.661935,-27.363368,14.749324,-27.186990,-33.994097,29.866251,20.610086,-18.479310,-19.828133,-1.661935,-27.363368,90.000000,
-19.828133,-1.661935,-27.363368,-67.064640,35.808915,-32.621153,-70.537737,-22.738074,-15.731395,-19.828133,-1.661935,-27.363368,90.000000,
-19.828133,-1.661935,-27.363368,14.749324,-27.186990,-33.994097,29.866251,20.610086,-18.479310,-19.828133,-1.661935,-27.363368,90.000000,
-19.828133,-1.661935,-27.363368,-67.064640,35.808915,-32.621153,-70.537737,-22.738074,-15.731395,-19.828133,-1.661935,-27.363368,90.000000,
-19.828133,-1.661935,-27.363368,14.749324,-27.186990,-33.994097,29.866251,20.610086,-18.479310,-19.828133,-1.661935,-27.363368,90.000000,
-19.828133,-1.661935,-27.363368,-67.064640,35.808915,-32.621153,-70.537737,-22.738074,-15.731395,-19.828133,-1.661935,-27.363368,90.000000,
-19.828133,-1.661935,-27.363368,14.749324,-27.186990,-33.994097,29.866251,20.610086,-18.479310,-19.828133,-1.661935,-27.363368,90.000000,
-19.828133,-1.661935,-27.363368,-67.064640,35.808915,-32.621153,-70.537737,-22.738074,-15.731395,-19.828133,-1.661935,-27.363368,90.000000,
-19.828133,-1.661935,-27.363368,14.749324,-27.186990,-33.994097,29.866251,20.610086,-18.479310,-19.828133,-1.661935,-27.363368,90.000000,
-19.828133,-1.661935,-27.363368,-67.064640,35.808915,-32.621153,-70.537737,-22.738074,-15.731395,-19.828133,-1.661935,-27.363368,90.000000,
-19.828133,-1.661935,-27.363368,14.749324,-27.186990,-33.994097,29.866251,20.610086,-18.479310,-19.828133,-1.661935,-27.363368,90.000000,
-19.828133,-1.661935,-27.363368,-67.064640,35.808915,-32.621153,-70.537737,-22.738074,-15.731395,-19.828133,-1.661935,-27.363368,90.000000,
-19.828133,-1.661935,-27.363368,14.749324,-27.186990,-33.994097,29.866251,20.610086,-18.479310,-19.828133,-1.661935,-27.363368,90.000000,
-19.828133,-1.661935,-27.363368,-67.064640,35.808915,-32.621153,-70.537737,-22.738074,-15.731395,-19.828133,-1.661935,-27.363368,90.000000,
-19.828133,-1.661935,-27.363368,14.749324,-27.186990,-33.994097,29.866251,20.610086,-18.479310,-19.828133,-1.661935,-27.363368,90.000000,
-19.828133,-1.661935,-27.363368,-67.064640,35.808915,-32.621153,-70.537737,-22.738074,-15.731395,-19.828133,-1.661935,-27.363368,90.000000,
-19.828133,-1.661935,-27.363368,14.749324,-27.186990,-33.994097,29.866251,20.610086,-18.479310,-19.828133,-1.661935,-27.363368,90.000000,
-19.828133,-1.661935,-27.363368,-67.064640,35.808915,-32.621153,-70.537737,-22.738074,-15.731395,-19.828133,-1.661935,-27.363368,90.000000,
-19.828133,-1.661935,-27.363368,14.749324,-27.186990,-33.994097,29.866251,20.610086,-18.479310,-19.828133,-1.661935,-27.363368,90.000000,
-19.828133,-1.661935,-27.363368,-67.064640,35.808915,-32.621153,-70.537737,-22.738074,-15.731395,-19.828133,-1.661935,-27.363368,90.000000,
-19.828133,-1.661935,-27.363368,14.749324,-27.186990,-33.994097,29.866251,20.610086,-18.479310,-19.828133,-1.661935,-27.363368,90.000000,
-19.828133,-1.661935,-27.363368,-67.064640,35.808915,-32.621153,-70.537737,-22.738074,-15.731395,-19.828133,-1.661935,-27.363368,90.000000,
-19.828133,-1.661935,-27.363368,14.749324,-27.186990,-33.994097,29.866251,20.610086,-18.479310,-19.828133,-1.661935,-27.363368,90.000000,
-19.828133,-1.661935,-27.363368,-67.064640,35.808915,-32.621153,-70.537737,-22.738074,-15.731395,-19.828133,-1.661935,-27.363368,90.000000,
-19.828133,-1.661935,-27.363368,14.749324,-27.186990,-33.994097,29.866251,20.610086,-18.479310,-19.828133,-1.661935,-27.363368,90.000000,
-19.828133,-1.661935,-27.363368,-67.064640,35.808915,-32.621153,-70.537737,-22.738074,-15.731395,-19.828133,-1.661935,-27.363368,90.000000,
-19.828133,-1.661935,-27.363368,14.749324,-27.186990,-33.994097,29.866251,20.610086,-18.479310,-19.828133,-1.661935,-27.363368,90.000000,
-19.828133,-1.661935,-27.363368,-67.064640,35.808915,-32.621153,-70.537737,-22.738074,-15.731395,-19.828133,-1.661935,-27.363368,90.000000,
-19.828133,-1.661935,-27.363368,14.749324,-27.186990,-33.994097,29.866251,20.610086,-18.479310,-19.828133,-1.661935,-27.363368,90.000000,
-19.828133,-1.661935,-27.363368,-67.064640,35.808915,-32.621153,-70.537737,-22.738074,-15.731395,-19.828133,-1.661935,-27.363368,90.000000,
-19.828133,-1.661935,-27.363368,14.749324,-27.186990,-33.994097,29.866251,20.610086,-18.479310,-19.828133,-1.661935,-27.363368,90.000000,
-19.828133,-1.661935,-27.363368,-67.064640,35.808915,-32.621153,-70.537737,-22.738074,-15.731395,-19.828133,-1.661935,-27.363368,90.000000,
-19.828133,-1.661935,-27.363368,14.749324,-27.186990,-33.994097,29.866251,20.610086,-18.479310,-19.828133,-1.661935,-27.363368,90.000000,
-19.828133,-1.661935,-27.363368,-67.064640,35.808915,-32.621153,-70.537737,-22.738074,-15.731395,-19.828133,-1.661935,-27.363368,90.000000,
-19.828133,-1.661935,-27.363368,14.749324,-27.186990,-33.994097,29.866251,20.610086,-18.479310,-19.828133,-1.661935,-27.363368,90.000000,
-19.828133,-1.661935,-27.363368,-67.064640,35.808915,-32.621153,-70.537737,-22.738074,-15.731395,-19.828133,-1.661935,-27.363368,90.000000,
-19.828133,-1.661935,-27.363368,14.749324,-27.186990,-33.994097,29.866251,20.610086,-18.479310,-19.828133,-1.661935,-27.363368,90.000000,
-19.828133,-1.661935,-27.363368,-67.064640,35.808915,-32.621153,-70.537737,-22.738074,-15.731395,-19.828133,-1.661935,-27.363368,90.000000,
-19.828133,-1.661935,-27.363368,14.749324,-27.186990,-33.994097,29.866251,20.610086,-18.479310,-19.828133,-1.661935,-27.363368,90.000000,
-19.828133,-1.661935,-27.363368,-67.064640,35.808915,-32.621153,-70.537737,-22.738074,-15.731395,-19.828133,-1.661935,-27.363368,90.000000,
-19.828133,-1.661935,-27.363368,14.749324,-27.186990,-33.994097,29.866251,20.610086,-18.479310,-19.828133,-1.661935,-27.363368,90.000000,
-19.828133,-1.661935,-27.363368,-67.064640,35.808915,-32.621153,-70.537737,-22.738074,-15.731395,-19.828133,-1.661935,-27.363368,90.000000,
-19.828133,-1.661935,-27.363368,14.749324,-27.186990,-33.994097,29.866251,20.610086,-18.479310,-19.828133,-1.661935,-27.363368,90.000000,
-19.828133,-1.661935,-27.363368,-67.064640,35.808915,-32.621153,-70.537737,-22.738074,-15.731395,-19.828133,-1.661935,-27.363368,90.000000,
-19.828133,-1.661935,-27.363368,14.749324,-27.186990,-33.994097,29.866251,20.610086,-18.479310,-19.828133,-1.661935,-27.363368,90.000000,
-19.828133,-1.661935,-27.363368,-67.064640,35.808915,-32.621153,-70.537737,-22.738074,-15.731395,-19.828133,-1.661935,-27.363368,90.000000,
-19.828133,-1.661935,-27.363368,14.749324,-27.186990,-33.994097,29.866251,20.610086,-18.479310,-19.828133,-1.661935,-27.363368,90.000000,
-19.828133,-1.661935,-27.363368,-67.064640,35.808915,-32.621153,-70.537737,-22.738074,-15.731395,-19.828133,-1.661935,-27.363368,90.000000,
-19.828133,-1.661935,-27.363368,14.749324,-27.186990,-33.994097,29.866251,20.610086,-18.479310,-19.828133,-1.661935,-27.363368,90.000000,
-19.828133,-1.661935,-27.363368,-67.064640,35.808915,-32.621153,-70.537737,-22.738074,-15.731395,-19.828133,-1.661935,-27.363368,90.000000,
-19.828133,-1.661935,-27.363368,14.749324,-27.186990,-33.994097,29.866251,20.610086,-18.479310,-19.828133,-1.661935,-27.363368,90.000000,
-19.828133,-1.661935,-27.363368,-67.064640,35.808915,-32.621153,-70.537737,-22.738074,-15.731395,-19.828133,-1.661935,-27.363368,90.000000,
-19.828133,-1.661935,-27.363368,14.749324,-27.186990,-33.994097,29.866251,20.610086,-18.479310,-19.828133,-1.661935,-27.363368,90.000000,
-19.828133,-1.661935,-27.363368,-67.064640,35.808915,-32.621153,-70.537737,-22.738074,-15.731395,-19.828133,-1.661935,-27.363368,90.000000,
-19.828133,-1.661935,-27.363368,14.749324,-27.186990,-33.994097,29.866251,20.610086,-18.479310,-19.828133,-1.661935,-27.363368,90.000000,
-19.828133,-1.661935,-27.363368,-67.064640,35.808915,-32.621153,-70.537737,-22.738074,-15.731395,-19.828133,-1.661935,-27.363368,90.000000,
-19.828133,-1.661935,-27.363368,14.749324,-27.186990,-33.994097,29.866251,20.610086,-18.479310,-19.828133,-1.661935,-27.363368,90.000000,
-19.828133,-1.661935,-27.363368,-67.064640,35.808915,-32.621153,-70.537737,-22.738074,-15.731395,-19.828133,-1.661935,-27.363368,90.000000,
-19.828133,-1.661935,-27.363368,14.749324,-27.186990,-33.994097,29.866251,20.610086,-18.479310,-19.828133,-1.661935,-27.363368,90.000000,
-19.828133,-1.661935,-27.363368,-67.064640,35.808915,-32.621153,-70.537737,-22.738074,-15.731395,-19.828133,-1.661935,-27.363368,90.000000,
-19.828133,-1.661935,-27.363368,14.749324,-27.186990,-33.994097,29.866251,20.610086,-18.479310,-19.828133,-1.661935,-27.363368,90.000000,
-19.828133,-1.661935,-27.363368,-67.064640,35.808915,-32.621153,-70.537737,-22.738074,-15.731395,-19.828133,-1.661935,-27.363368,90.000000,
-19.828133,-1.661935,-27.363368,14.749324,-27.186990,-33.994097,29.866251,20.610086,-18.479310,-19.828133,-1.661935,-27.363368,90.000000,
-19.828133,-1.661935,-27.363368,-67.064640,35.808915,-32.621153,-70.537737,-22.738074,-15.731395,-19.828133,-1.661935,-27.363368,90.000000,
-19.828133,-1.661935,-27.363368,14.749324,-27.186990,-33.994097,29.866251,20.610086,-18.479310,-19.828133,-1.661935,-27.363368,90.000000,
-19.828133,-1.661935,-27.363368,-67.064640,35.808915,-32.621153,-70.537737,-22.738074,-15.731395,-19.828133,-1.661935,-27.363368,90.000000,
-19.828133,-1.661935,-27.363368,14.749324,-27.186990,-33.994097,29.866251,20.610086,-18.479310,-19.828133,-1.661935,-27.363368,90.000000,
-19.828133,-1.661935,-27.363368,-67.064640,35.808915,-32.621153,-70.537737,-22.738074,-15.731395,-19.828133,-1.661935,-27.363368,90.000000,
-19.828133,-1.661935,-27.363368,14.749324,-27.186990,-33.994097,29.866251,20.610086,-18.479310,-19.828133,-1.661935,-27.363368,90.000000,
-19.828133,-1.661935,-27.363368,-67.064640,35.808915,-32.621153,-70.537737,-22.738074,-15.731395,-19.828133,-1.661935,-27.363368,90.000000,
-19.828133,-1.661935,-27.363368,14.749324,-27.186990,-33.994097,29.866251,20.610086,-18.479310,-19.828133,-1.661935,-27.363368,90.000000,
-19.828133,-1.661935,-27.363368,-67.064640,35.808915,-32.621153,-70.537737,-22.738074,-15.731395,-19.828133,-1.661935,-27.363368,90.000000,
-19.828133,-1.661935,-27.363368,14.749324,-27.186990,-33.994097,29.866251,20.610086,-18.479310,-19.828133,-1.661935,-27.363368,90.000000,
-19.828133,-1.661935,-27.363368,-67.064640,35.808915,-32.621153,-70.537737,-22.738074,-15.731395,-19.828133,-1.661935,-27.363368,90.000000,
-19.828133,-1.661935,-27.363368,14.749324,-27.186990,-33.994097,29.866251,20.610086,-18.479310,-19.828133,-1.661935,-27.363368,90.000000,
-19.828133,-1.661935,-27.363368,-67.064640,35.808915,-32.621153,-70.537737,-22.738074,-15.731395,-19.828133,-1.661935,-27.363368,90.000000,
-19.828133,-1.661935,-27.363368,14.749324,-27.186990,-33.994097,29.866251,20.610086,-18.479310,-19.828133,-1.661935,-27.363368,90.000000,
-19.828133,-1.661935,-27.363368,-67.064640,35.808915,-32.621153,-70.537737,-22.738074,-15.731395,-19.828133,-1.661935,-27.363368,90.000000,
-19.828133,-1.661935,-27.363368,14.749324,-27.186990,-33.994097,29.866251,20.610086,-18.479310,-19.828133,-1.661935,-27.363368,90.000000,
-19.828133,-1.661935,-27.363368,-67.064640,35.808915,-32.621153,-70.537737,-22.738074,-15.731395,-19.828133,-1.661935,-27.363368,90.000000,
-19.828133,-1.661935,-27.363368,14.749324,-27.186990,-33.994097,29.866251,20.610086,-18.479310,-19.828133,-1.661935,-27.363368,90.000000,
-19.828133,-1.661935,-27.363368,-67.064640,35.808915,-32.621153,-70.537737,-22.738074,-15.731395,-19.828133,-1.661935,-27.363368,90.000000,
-19.828133,-1.661935,-27.363368,14.749324,-27.186990,-33.994097,29.866251,20.610086,-18.479310,-19.828133,-1.661935,-27.363368,90.000000,
-19.828133,-1.661935,-27.363368,-67.064640,35.808915,-32.621153,-70.537737,-22.738074,-15.731395,-19.828133,-1.661935,-27.363368,90.000000,
-19.828133,-1.661935,-27.363368,14.749324,-27.186990,-33.994097,29.866251,20.610086,-18.479310,-19.828133,-1.661935,-27.363368,90.000000,
-19.828133,-1.661935,-27.363368,-67.064640,35.808915,-32.621153,-70.537737,-22.738074,-15.731395,-19.828133,-1.661935,-27.363368,90.000000,
-19.828133,-1.661935,-27.363368,14.749324,-27.186990,-33.994097,29.866251,20.610086,-18.479310,-19.828133,-1.661935,-27.363368,90.000000,
-19.828133,-1.661935,-27.363368,-67.064640,35.808915,-32.621153,-70.537737,-22.738074,-15.731395,-19.828133,-1.661935,-27.363368,90.000000,
-19.828133,-1.661935,-27.363368,14.749324,-27.186990,-33.994097,29.866251,20.610086,-18.479310,-19.828133,-1.661935,-27.363368,90.000000,
-19.828133,-1.661935,-27.363368,-67.064640,35.808915,-32.621153,-70.537737,-22.738074,-15.731395,-19.828133,-1.661935,-27.363368,90.000000,
-19.828133,-1.661935,-27.363368,14.749324,-27.186990,-33.994097,29.866251,20.610086,-18.479310,-19.828133,-1.661935,-27.363368,90.000000,
-19.828133,-1.661935,-27.363368,-67.064640,35.808915,-32.621153,-70.537737,-22.738074,-15.731395,-19.828133,-1.661935,-27.363368,90.000000,
-19.828133,-1.661935,-27.363368,14.749324,-27.186990,-33.994097,29.866251,20.610086,-18.479310,-19.828133,-1.661935,-27.363368,90.000000,
-19.828133,-1.661935,-27.363368,-67.064640,35.808915,-32.621153,-70.537737,-22.738074,-15.731395,-19.828133,-1.661935,-27.363368,90.000000,
-19.828133,-1.661935,-27.363368,14.749324,-27.186990,-33.994097,29.866251,20.610086,-18.479310,-19.828133,-1.661935,-27.363368,90.000000,
-19.828133,-1.661935,-27.363368,-67.064640,35.808915,-32.621153,-70.537737,-22.738074,-15.731395,-19.828133,-1.661935,-27.363368,90.000000,
-19.828133,-1.661935,-27.363368,14.749324,-27.186990,-33.994097,29.866251,20.610086,-18.479310,-19.828133,-1.661935,-27.363368,90.000000,
-19.828133,-1.661935,-27.363368,-67.064640,35.808915,-32.621153,-70.537737,-22.738074,-15.731395,-19.828133,-1.661935,-27.363368,90.000000,
-19.828133,-1.661935,-27.363368,14.749324,-27.186990,-33.994097,29.866251,20.610086,-18.479310,-19.828133,-1.661935,-27.363368,90.000000,
-19.828133,-1.661935,-27.363368,-67.064640,35.808915,-32.621153,-70.537737,-22.738074,-15.731395,-19.828133,-1.661935,-27.363368,90.000000,
-19.828133,-1.661935,-27.363368,14.749324,-27.186990,-33.994097,29.866251,20.610086,-18.479310,-19.828133,-1.661935,-27.363368,90.000000,
-19.828133,-1.661935,-27.363368,-67.064640,35.808915,-32.621153,-70.537737,-22.738074,-15.731395,-19.828133,-1.661935,-27.363368,90.000000,
-19.828133,-1.661935,-27.363368,14.749324,-27.186990,-33.994097,29.866251,20.610086,-18.479310,-19.828133,-1.661935,-27.363368,90.000000,
-19.828133,-1.661935,-27.363368,-67.064640,35.808915,-32.621153,-70.537737,-22.738074,-15.731395,-19.828133,-1.661935,-27.363368,90.000000,
-19.828133,-1.661935,-27.363368,14.749324,-27.186990,-33.994097,29.866251,20.610086,-18.479310,-19.828133,-1.661935,-27.363368,90.000000,
-19.828133,-1.661935,-27.363368,-67.064640,35.808915,-32.621153,-70.537737,-22.738074,-15.731395,-19.828133,-1.661935,-27.363368,90.000000,
-19.828133,-1.661935,-27.363368,14.749324,-27.186990,-33.994097,29.866251,20.610086,-18.479310,-19.828133,-1.661935,-27.363368,90.000000,
-19.828133,-1.661935,-27.363368,-67.064640,35.808915,-32.621153,-70.537737,-22.738074,-15.731395,-19.828133,-1.661935,-27.363368,90.000000,
-19.828133,-1.661935,-27.363368,14.749324,-27.186990,-33.994097,29.866251,20.610086,-18.479310,-19.828133,-1.661935,-27.363368,90.000000,
-19.828133,-1.661935,-27.363368,-67.064640,35.808915,-32.621153,-70.537737,-22.738074,-15.731395,-19.828133,-1.661935,-27.363368,90.000000,
-19.828133,-1.661935,-27.363368,14.749324,-27.186990,-33.994097,29.866251,20.610086,-18.479310,-19.828133,-1.661935,-27.363368,90.000000,
-19.828133,-1.661935,-27.363368,-67.064640,35.808915,-32.621153,-70.537737,-22.738074,-15.731395,-19.828133,-1.661935,-27.363368,90.000000,
-19.828133,-1.661935,-27.363368,14.749324,-27.186990,-33.994097,29.866251,20.610086,-18.479310,-19.828133,-1.661935,-27.363368,90.000000,
-19.828133,-1.661935,-27.363368,-67.064640,35.808915,-32.621153,-70.537737,-22.738074,-15.731395,-19.828133,-1.661935,-27.363368,90.000000,
-19.828133,-1.661935,-27.363368,14.749324,-27.186990,-33.994097,29.866251,20.610086,-18.479310,-19.828133,-1.661935,-27.363368,90.000000,
-19.828133,-1.661935,-27.363368,-67.064640,35.808915,-32.621153,-70.537737,-22.738074,-15.731395,-19.828133,-1.661935,-27.363368,90.000000,
-19.828133,-1.661935,-27.363368,14.749324,-27.186990,-33.994097,29.866251,20.610086,-18.479310,-19.828133,-1.661935,-27.363368,90.000000,
-19.828133,-1.661935,-27.363368,-67.064640,35.808915,-32.621153,-70.537737,-22.738074,-15.731395,-19.828133,-1.661935,-27.363368,90.000000,
-19.828133,-1.661935,-27.363368,14.749324,-27.186990,-33.994097,29.866251,20.610086,-18.479310,-19.828133,-1.661935,-27.363368,90.000000,
-19.828133,-1.661935,-27.363368,-67.064640,35.808915,-32.621153,-70.537737,-22.738074,-15.731395,-19.828133,-1.661935,-27.363368,90.000000,
-19.828133,-1.661935,-27.363368,14.749324,-27.186990,-33.994097,29.866251,20.610086,-18.479310,-19.828133,-1.661935,-27.363368,90.000000,
-19.828133,-1.661935,-27.363368,-67.064640,35.808915,-32.621153,-70.537737,-22.738074,-15.731395,-19.828133,-1.661935,-27.363368,90.000000,
-19.828133,-1.661935,-27.363368,14.749324,-27.186990,-33.994097,29.866251,20.610086,-18.479310,-19.828133,-1.661935,-27.363368,90.000000,
-19.828133,-1.661935,-27.363368,-67.064640,35.808915,-32.621153,-70.537737,-22.738074,-15.731395,-19.828133,-1.661935,-27.363368,90.000000,
-19.828133,-1.661935,-27.363368,14.749324,-27.186990,-33.994097,29.866251,20.610086,-18.479310,-19.828133,-1.661935,-27.363368,90.000000,
-19.828133,-1.661935,-27.363368,-67.064640,35.808915,-32.621153,-70.537737,-22.738074,-15.731395,-19.828133,-1.661935,-27.363368,90.000000,
-19.828133,-1.661935,-27.363368,14.749324,-27.186990,-33.994097,29.866251,20.610086,-18.479310,-19.828133,-1.661935,-27.363368,90.000000,
-19.828133,-1.661935,-27.363368,-67.064640,35.808915,-32.621153,-70.537737,-22.738074,-15.731395,-19.828133,-1.661935,-27.363368,90.000000,
-19.828133,-1.661935,-27.363368,14.749324,-27.186990,-33.994097,29.866251,20.610086,-18.479310,-19.828133,-1.661935,-27.363368,90.000000,
-19.828133,-1.661935,-27.363368,-67.064640,35.808915,-32.621153,-70.537737,-22.738074,-15.731395,-19.828133,-1.661935,-27.363368,90.000000,
-19.828133,-1.661935,-27.363368,14.749324,-27.186990,-33.994097,29.866251,20.610086,-18.479310,-19.828133,-1.661935,-27.363368,90.000000,
-19.828133,-1.661935,-27.363368,-67.064640,35.808915,-32.621153,-70.537737,-22.738074,-15.731395,-19.828133,-1.661935,-27.363368,90.000000,
-19.828133,-1.661935,-27.363368,14.749324,-27.186990,-33.994097,29.866251,20.610086,-18.479310,-19.828133,-1.661935,-27.363368,90.000000,
-19.828133,-1.661935,-27.363368,-67.064640,35.808915,-32.621153,-70.537737,-22.738074,-15.731395,-19.828133,-1.661935,-27.363368,90.000000,
-19.828133,-1.661935,-27.363368,14.749324,-27.186990,-33.994097,29.866251,20.610086,-18.479310,-19.828133,-1.661935,-27.363368,90.000000,
-19.828133,-1.661935,-27.363368,-67.064640,35.808915,-32.621153,-70.537737,-22.738074,-15.731395,-19.828133,-1.661935,-27.363368,90.000000,
-19.828133,-1.661935,-27.363368,14.749324,-27.186990,-33.994097,29.866251,20.610086,-18.479310,-19.828133,-1.661935,-27.363368,90.000000,
-19.828133,-1.661935,-27.363368,-67.064640,35.808915,-32.621153,-70.537737,-22.738074,-15.731395,-19.828133,-1.661935,-27.363368,90.000000,
-19.828133,-1.661935,-27.363368,14.749324,-27.186990,-33.994097,29.866251,20.610086,-18.479310,-19.828133,-1.661935,-27.363368,90.000000,
-19.828133,-1.661935,-27.363368,-67.064640,35.808915,-32.621153,-70.537737,-22.738074,-15.731395,-19.828133,-1.661935,-27.363368,90.000000,
-19.828133,-1.661935,-27.363368,14.749324,-27.186990,-33.994097,29.866251,20.610086,-18.479310,-19.828133,-1.661935,-27.363368,90.000000,
-19.828133,-1.661935,-27.363368,-67.064640,35.808915,-32.621153,-70.537737,-22.738074,-15.731395,-19.828133,-1.661935,-27.363368,90.000000,
-19.828133,-1.661935,-27.363368,14.749324,-27.186990,-33.994097,29.866251,20.610086,-18.479310,-19.828133,-1.661935,-27.363368,90.000000,
-19.828133,-1.661935,-27.363368,-67.064640,35.808915,-32.621153,-70.537737,-22.738074,-15.731395,-19.828133,-1.661935,-27.363368,90.000000,
-19.828133,-1.661935,-27.363368,14.749324,-27.186990,-33.994097,29.866251,20.610086,-18.479310,-19.828133,-1.661935,-27.363368,90.000000,
-19.828133,-1.661935,-27.363368,-67.064640,35.808915,-32.621153,-70.537737,-22.738074,-15.731395,-19.828133,-1.661935,-27.363368,90.000000,
-19.828133,-1.661935,-27.363368,14.749324,-27.186990,-33.994097,29.866251,20.610086,-18.479310,-19.828133,-1.661935,-27.363368,90.000000,
-19.828133,-1.661935,-27.363368,-67.064640,35.808915,-32.621153,-70.537737,-22.738074,-15.731395,-19.828133,-1.661935,-27.363368,90.000000,
-19.828133,-1.661935,-27.363368,14.749324,-27.186990,-33.994097,29.866251,20.610086,-18.479310,-19.828133,-1.661935,-27.363368,90.000000,
-19.828133,-1.661935,-27.363368,-67.064640,35.808915,-32.621153,-70.537737,-22.738074,-15.731395,-19.828133,-1.661935,-27.363368,90.000000,
-19.828133,-1.661935,-27.363368,14.749324,-27.186990,-33.994097,29.866251,20.610086,-18.479310,-19.828133,-1.661935,-27.363368,90.000000,
-19.828133,-1.661935,-27.363368,-67.064640,35.808915,-32.621153,-70.537737,-22.738074,-15.731395,-19.828133,-1.661935,-27.363368,90.000000,
-19.828133,-1.661935,-27.363368,14.749324,-27.186990,-33.994097,29.866251,20.610086,-18.479310,-19.828133,-1.661935,-27.363368,90.000000,
-19.828133,-1.661935,-27.363368,-67.064640,35.808915,-32.621153,-70.537737,-22.738074,-15.731395,-19.828133,-1.661935,-27.363368,90.000000,
-19.828133,-1.661935,-27.363368,14.749324,-27.186990,-33.994097,29.866251,20.610086,-18.479310,-19.828133,-1.661935,-27.363368,90.000000,
-19.828133,-1.661935,-27.363368,-67.064640,35.808915,-32.621153,-70.537737,-22.738074,-15.731395,-19.828133,-1.661935,-27.363368,90.000000,
-19.828133,-1.661935,-27.363368,14.749324,-27.186990,-33.994097,29.866251,20.610086,-18.479310,-19.828133,-1.661935,-27.363368,90.000000,
-19.828133,-1.661935,-27.363368,-67.064640,35.808915,-32.621153,-70.537737,-22.738074,-15.731395,-19.828133,-1.661935,-27.363368,90.000000,
-19.828133,-1.661935,-27.363368,14.749324,-27.186990,-33.994097,29.866251,20.610086,-18.479310,-19.828133,-1.661935,-27.363368,90.000000,
-19.828133,-1.661935,-27.363368,-67.064640,35.808915,-32.621153,-70.537737,-22.738074,-15.731395,-19.828133,-1.661935,-27.363368,90.000000,
-19.828133,-1.661935,-27.363368,14.749324,-27.186990,-33.994097,29.866251,20.610086,-18.479310,-19.828133,-1.661935,-27.363368,90.000000,
-19.828133,-1.661935,-27.363368,-67.064640,35.808915,-32.621153,-70.537737,-22.738074,-15.731395,-19.828133,-1.661935,-27.363368,90.000000,
-19.828133,-1.661935,-27.363368,14.749324,-27.186990,-33.994097,29.866251,20.610086,-18.479310,-19.828133,-1.661935,-27.363368,90.000000,
-19.828133,-1.661935,-27.363368,-67.064640,35.808915,-32.621153,-70.537737,-22.738074,-15.731395,-19.828133,-1.661935,-27.363368,90.000000,
-19.828133,-1.661935,-27.363368,14.749324,-27.186990,-33.994097,29.866251,20.610086,-18.479310,-19.828133,-1.661935,-27.363368,90.000000,
-19.828133,-1.661935,-27.363368,-67.064640,35.808915,-32.621153,-70.537737,-22.738074,-15.731395,-19.828133,-1.661935,-27.363368,90.000000,
-19.828133,-1.661935,-27.363368,14.749324,-27.186990,-33.994097,29.866251,20.610086,-18.479310,-19.828133,-1.661935,-27.363368,90.000000,
-19.828133,-1.661935,-27.363368,-67.064640,35.808915,-32.621153,-70.537737,-22.738074,-15.731395,-19.828133,-1.661935,-27.363368,90.000000,
-19.828133,-1.661935,-27.363368,14.749324,-27.186990,-33.994097,29.866251,20.610086,-18.479310,-19.828133,-1.661935,-27.363368,90.000000,
-19.828133,-1.661935,-27.363368,-67.064640,35.808915,-32.621153,-70.537737,-22.738074,-15.731395,-19.828133,-1.661935,-27.363368,90.000000,
-19.828133,-1.661935,-27.363368,14.749324,-27.186990,-33.994097,29.866251,20.610086,-18.479310,-19.828133,-1.661935,-27.363368,90.000000,
-19.828133,-1.661935,-27.363368,-67.064640,35.808915,-32.621153,-70.537737,-22.738074,-15.731395,-19.828133,-1.661935,-27.363368,90.000000,
-19.828133,-1.661935,-27.363368,14.749324,-27.186990,-33.994097,29.866251,20.610086,-18.479310,-19.828133,-1.661935,-27.363368,90.000000,
-19.828133,-1.661935,-27.363368,-67.064640,35.808915,-32.621153,-70.537737,-22.738074,-15.731395,-19.828133,-1.661935,-27.363368,90.000000,
-19.828133,-1.661935,-27.363368,14.749324,-27.186990,-33.994097,29.866251,20.610086,-18.479310,-19.828133,-1.661935,-27.363368,90.000000,
-19.828133,-1.661935,-27.363368,-67.064640,35.808915,-32.621153,-70.537737,-22.738074,-15.731395,-19.828133,-1.661935,-27.363368,90.000000,
-19.828133,-1.661935,-27.363368,14.749324,-27.186990,-33.994097,29.866251,20.610086,-18.479310,-19.828133,-1.661935,-27.363368,90.000000,
-19.828133,-1.661935,-27.363368,-67.064640,35.808915,-32.621153,-70.537737,-22.738074,-15.731395,-19.828133,-1.661935,-27.363368,90.000000,
-19.828133,-1.661935,-27.363368,14.749324,-27.186990,-33.994097,29.866251,20.610086,-18.479310,-19.828133,-1.661935,-27.363368,90.000000,
-19.828133,-1.661935,-27.363368,-67.064640,35.808915,-32.621153,-70.537737,-22.738074,-15.731395,-19.828133,-1.661935,-27.363368,90.000000,
-19.828133,-1.661935,-27.363368,14.749324,-27.186990,-33.994097,29.866251,20.610086,-18.479310,-19.828133,-1.661935,-27.363368,90.000000,
-19.828133,-1.661935,-27.363368,-67.064640,35.808915,-32.621153,-70.537737,-22.738074,-15.731395,-19.828133,-1.661935,-27.363368,90.000000,
-19.828133,-1.661935,-27.363368,14.749324,-27.186990,-33.994097,29.866251,20.610086,-18.479310,-19.828133,-1.661935,-27.363368,90.000000,
-19.828133,-1.661935,-27.363368,-67.064640,35.808915,-32.621153,-70.537737,-22.738074,-15.731395,-19.828133,-1.661935,-27.363368,90.000000,
-19.828133,-1.661935,-27.363368,14.749324,-27.186990,-33.994097,29.866251,20.610086,-18.479310,-19.828133,-1.661935,-27.363368,90.000000,
-19.828133,-1.661935,-27.363368,-67.064640,35.808915,-32.621153,-70.537737,-22.738074,-15.731395,-19.828133,-1.661935,-27.363368,90.000000,
-19.828133,-1.661935,-27.363368,14.749324,-27.186990,-33.994097,29.866251,20.610086,-18.479310,-19.828133,-1.661935,-27.363368,90.000000,
-19.828133,-1.661935,-27.363368,-67.064640,35.808915,-32.621153,-70.537737,-22.738074,-15.731395,-19.828133,-1.661935,-27.363368,90.000000,
-19.828133,-1.661935,-27.363368,14.749324,-27.186990,-33.994097,29.866251,20.610086,-18.479310,-19.828133,-1.661935,-27.363368,90.000000,
-19.828133,-1.661935,-27.363368,-67.064640,35.808915,-32.621153,-70.537737,-22.738074,-15.731395,-19.828133,-1.661935,-27.363368,90.000000,
-19.828133,-1.661935,-27.363368,14.749324,-27.186990,-33.994097,29.866251,20.610086,-18.479310,-19.828133,-1.661935,-27.363368,90.000000,
-19.828133,-1.661935,-27.363368,-67.064640,35.808915,-32.621153,-70.537737,-22.738074,-15.731395,-19.828133,-1.661935,-27.363368,90.000000,
-19.828133,-1.661935,-27.363368,14.749324,-27.186990,-33.994097,29.866251,20.610086,-18.479310,-19.828133,-1.661935,-27.363368,90.000000,
-19.828133,-1.661935,-27.363368,-67.064640,35.808915,-32.621153,-70.537737,-22.738074,-15.731395,-19.828133,-1.661935,-27.363368,90.000000,
-19.828133,-1.661935,-27.363368,14.749324,-27.186990,-33.994097,29.866251,20.610086,-18.479310,-19.828133,-1.661935,-27.363368,90.000000,
-19.828133,-1.661935,-27.363368,-67.064640,35.808915,-32.621153,-70.537737,-22.738074,-15.731395,-19.828133,-1.661935,-27.363368,90.000000,
-19.828133,-1.661935,-27.363368,14.749324,-27.186990,-33.994097,29.866251,20.610086,-18.479310,-19.828133,-1.661935,-27.363368,90.000000,
-19.828133,-1.661935,-27.363368,-67.064640,35.808915,-32.621153,-70.537737,-22.738074,-15.731395,-19.828133,-1.661935,-27.363368,90.000000,
-19.828133,-1.661935,-27.363368,14.749324,-27.186990,-33.994097,29.866251,20.610086,-18.479310,-19.828133,-1.661935,-27.363368,90.000000,
-19.828133,-1.661935,-27.363368,-67.064640,35.808915,-32.621153,-70.537737,-22.738074,-15.731395,-19.828133,-1.661935,-27.363368,90.000000,
-19.828133,-1.661935,-27.363368,14.749324,-27.186990,-33.994097,29.866251,20.610086,-18.479310,-19.828133,-1.661935,-27.363368,90.000000,
-19.828133,-1.661935,-27.363368,-67.064640,35.808915,-32.621153,-70.537737,-22.738074,-15.731395,-19.828133,-1.661935,-27.363368,90.000000,
-19.828133,-1.661935,-27.363368,14.749324,-27.186990,-33.994097,29.866251,20.610086,-18.479310,-19.828133,-1.661935,-27.363368,90.000000,
-19.828133,-1.661935,-27.363368,-67.064640,35.808915,-32.621153,-70.537737,-22.738074,-15.731395,-19.828133,-1.661935,-27.363368,90.000000,
-19.828133,-1.661935,-27.363368,14.749324,-27.186990,-33.994097,29.866251,20.610086,-18.479310,-19.828133,-1.661935,-27.363368,90.000000,
-19.828133,-1.661935,-27.363368,-67.064640,35.808915,-32.621153,-70.537737,-22.738074,-15.731395,-19.828133,-1.661935,-27.363368,90.000000,
-19.828133,-1.661935,-27.363368,14.749324,-27.186990,-33.994097,29.866251,20.610086,-18.479310,-19.828133,-1.661935,-27.363368,90.000000,
-19.828133,-1.661935,-27.363368,-67.064640,35.808915,-32.621153,-70.537737,-22.738074,-15.731395,-19.828133,-1.661935,-27.363368,90.000000,
-19.828133,-1.661935,-27.363368,14.749324,-27.186990,-33.994097,29.866251,20.610086,-18.479310,-19.828133,-1.661935,-27.363368,90.000000,
-19.828133,-1.661935,-27.363368,-67.064640,35.808915,-32.621153,-70.537737,-22.738074,-15.731395,-19.828133,-1.661935,-27.363368,90.000000,
-19.828133,-1.661935,-27.363368,14.749324,-27.186990,-33.994097,29.866251,20.610086,-18.479310,-19.828133,-1.661935,-27.363368,90.000000,
-19.828133,-1.661935,-27.363368,-67.064640,35.808915,-32.621153,-70.537737,-22.738074,-15.731395,-19.828133,-1.661935,-27.363368,90.000000,
-19.828133,-1.661935,-27.363368,14.749324,-27.186990,-33.994097,29.866251,20.610086,-18.479310,-19.828133,-1.661935,-27.363368,90.000000,
-19.828133,-1.661935,-27.363368,-67.064640,35.808915,-32.621153,-70.537737,-22.738074,-15.731395,-19.828133,-1.661935,-27.363368,90.000000,
-19.828133,-1.661935,-27.363368,14.749324,-27.186990,-33.994097,29.866251,20.610086,-18.479310,-19.828133,-1.661935,-27.363368,90.000000,
-19.828133,-1.661935,-27.363368,-67.064640,35.808915,-32.621153,-70.537737,-22.738074,-15.731395,-19.828133,-1.661935,-27.363368,90.000000,
-19.828133,-1.661935,-27.363368,14.749324,-27.186990,-33.994097,29.866251,20.610086,-18.479310,-19.828133,-1.661935,-27.363368,90.000000,
-19.828133,-1.661935,-27.363368,-67.064640,35.808915,-32.621153,-70.537737,-22.738074,-15.731395,-19.828133,-1.661935,-27.363368,90.000000,
-19.828133,-1.661935,-27.363368,14.749324,-27.186990,-33.994097,29.866251,20.610086,-18.479310,-19.828133,-1.661935,-27.363368,90.000000,
-19.828133,-1.661935,-27.363368,-67.064640,35.808915,-32.621153,-70.537737,-22.738074,-15.731395,-19.828133,-1.661935,-27.363368,90.000000,
-19.828133,-1.661935,-27.363368,14.749324,-27.186990,-33.994097,29.866251,20.610086,-18.479310,-19.828133,-1.661935,-27.363368,90.000000,
-19.828133,-1.661935,-27.363368,-67.064640,35.808915,-32.621153,-70.537737,-22.738074,-15.731395,-19.828133,-1.661935,-27.363368,90.000000,
-19.828133,-1.661935,-27.363368,14.749324,-27.186990,-33.994097,29.866251,20.610086,-18.479310,-19.828133,-1.661935,-27.363368,90.000000,
-19.828133,-1.661935,-27.363368,-67.064640,35.808915,-32.621153,-70.537737,-22.738074,-15.731395,-19.828133,-1.661935,-27.363368,90.000000,
-19.828133,-1.661935,-27.363368,14.749324,-27.186990,-33.994097,29.866251,20.610086,-18.479310,-19.828133,-1.661935,-27.363368,90.000000,
-19.828133,-1.661935,-27.363368,-67.064640,35.808915,-32.621153,-70.537737,-22.738074,-15.731395,-19.828133,-1.661935,-27.363368,90.000000,
-19.828133,-1.661935,-27.363368,14.749324,-27.186990,-33.994097,29.866251,20.610086,-18.479310,-19.828133,-1.661935,-27.363368,90.000000,
-19.828133,-1.661935,-27.363368,-67.064640,35.808915,-32.621153,-70.537737,-22.738074,-15.731395,-19.828133,-1.661935,-27.363368,90.000000,
-19.828133,-1.661935,-27.363368,14.749324,-27.186990,-33.994097,29.866251,20.610086,-18.479310,-19.828133,-1.661935,-27.363368,90.000000,
-19.828133,-1.661935,-27.363368,-67.064640,35.808915,-32.621153,-70.537737,-22.738074,-15.731395,-19.828133,-1.661935,-27.363368,90.000000,
-19.828133,-1.661935,-27.363368,14.749324,-27.186990,-33.994097,29.866251,20.610086,-18.479310,-19.828133,-1.661935,-27.363368,90.000000,
-19.828133,-1.661935,-27.363368,-67.064640,35.808915,-32.621153,-70.537737,-22.738074,-15.731395,-19.828133,-1.661935,-27.363368,90.000000,
-19.828133,-1.661935,-27.363368,14.749324,-27.186990,-33.994097,29.866251,20.610086,-18.479310,-19.828133,-1.661935,-27.363368,90.000000,
-19.828133,-1.661935,-27.363368,-67.064640,35.808915,-32.621153,-70.537737,-22.738074,-15.731395,-19.828133,-1.661935,-27.363368,90.000000,
-19.828133,-1.661935,-27.363368,14.749324,-27.186990,-33.994097,29.866251,20.610086,-18.479310,-19.828133,-1.661935,-27.363368,90.000000,
-19.828133,-1.661935,-27.363368,-67.064640,35.808915,-32.621153,-70.537737,-22.738074,-15.731395,-19.828133,-1.661935,-27.363368,90.000000,
-19.828133,-1.661935,-27.363368,14.749324,-27.186990,-33.994097,29.866251,20.610086,-18.479310,-19.828133,-1.661935,-27.363368,90.000000,
-19.828133,-1.661935,-27.363368,-67.064640,35.808915,-32.621153,-70.537737,-22.738074,-15.731395,-19.828133,-1.661935,-27.363368,90.000000,
-19.828133,-1.661935,-27.363368,14.749324,-27.186990,-33.994097,29.866251,20.610086,-18.479310,-19.828133,-1.661935,-27.363368,90.000000,
-19.828133,-1.661935,-27.363368,-67.064640,35.808915,-32.621153,-70.537737,-22.738074,-15.731395,-19.828133,-1.661935,-27.363368,90.000000,
-19.828133,-1.661935,-27.363368,14.749324,-27.186990,-33.994097,29.866251,20.610086,-18.479310,-19.828133,-1.661935,-27.363368,90.000000,
-19.828133,-1.661935,-27.363368,-67.064640,35.808915,-32.621153,-70.537737,-22.738074,-15.731395,-19.828133,-1.661935,-27.363368,90.000000,
-19.828133,-1.661935,-27.363368,14.749324,-27.186990,-33.994097,29.866251,20.610086,-18.479310,-19.828133,-1.661935,-27.363368,90.000000,
-19.828133,-1.661935,-27.363368,-67.064640,35.808915,-32.621153,-70.537737,-22.738074,-15.731395,-19.828133,-1.661935,-27.363368,90.000000,
-19.828133,-1.661935,-27.363368,14.749324,-27.186990,-33.994097,29.866251,20.610086,-18.479310,-19.828133,-1.661935,-27.363368,90.000000,
-19.828133,-1.661935,-27.363368,-67.064640,35.808915,-32.621153,-70.537737,-22.738074,-15.731395,-19.828133,-1.661935,-27.363368,90.000000,
-19.828133,-1.661935,-27.363368,14.749324,-27.186990,-33.994097,29.866251,20.610086,-18.479310,-19.828133,-1.661935,-27.363368,90.000000,
-19.828133,-1.661935,-27.363368,-67.064640,35.808915,-32.621153,-70.537737,-22.738074,-15.731395,-19.828133,-1.661935,-27.363368,90.000000,
-19.828133,-1.661935,-27.363368,14.749324,-27.186990,-33.994097,29.866251,20.610086,-18.479310,-19.828133,-1.661935,-27.363368,90.000000,
-19.828133,-1.661935,-27.363368,-67.064640,35.808915,-32.621153,-70.537737,-22.738074,-15.731395,-19.828133,-1.661935,-27.363368,90.000000,
-19.828133,-1.661935,-27.363368,14.749324,-27.186990,-33.994097,29.866251,20.610086,-18.479310,-19.828133,-1.661935,-27.363368,90.000000,
-19.828133,-1.661935,-27.363368,-67.064640,35.808915,-32.621153,-70.537737,-22.738074,-15.731395,-19.828133,-1.661935,-27.363368,90.000000,
-19.828133,-1.661935,-27.363368,14.749324,-27.186990,-33.994097,29.866251,20.610086,-18.479310,-19.828133,-1.661935,-27.363368,90.000000,
-19.828133,-1.661935,-27.363368,-67.064640,35.808915,-32.621153,-70.537737,-22.738074,-15.731395,-19.828133,-1.661935,-27.363368,90.000000,
-19.828133,-1.661935,-27.363368,14.749324,-27.186990,-33.994097,29.866251,20.610086,-18.479310,-19.828133,-1.661935,-27.363368,90.000000,
-19.828133,-1.661935,-27.363368,-67.064640,35.808915,-32.621153,-70.537737,-22.738074,-15.731395,-19.828133,-1.661935,-27.363368,90.000000,
-19.828133,-1.661935,-27.363368,14.749324,-27.186990,-33.994097,29.866251,20.610086,-18.479310,-19.828133,-1.661935,-27.363368,90.000000,
-19.828133,-1.661935,-27.363368,-67.064640,35.808915,-32.621153,-70.537737,-22.738074,-15.731395,-19.828133,-1.661935,-27.363368,90.000000,
-19.828133,-1.661935,-27.363368,14.749324,-27.186990,-33.994097,29.866251,20.610086,-18.479310,-19.828133,-1.661935,-27.363368,90.000000,
-19.828133,-1.661935,-27.363368,-67.064640,35.808915,-32.621153,-70.537737,-22.738074,-15.731395,-19.828133,-1.661935,-27.363368,90.000000,
-19.828133,-1.661935,-27.363368,14.749324,-27.186990,-33.994097,29.866251,20.610086,-18.479310,-19.828133,-1.661935,-27.363368,90.000000,
-19.828133,-1.661935,-27.363368,-67.064640,35.808915,-32.621153,-70.537737,-22.738074,-15.731395,-19.828133,-1.661935,-27.363368,90.000000,
-19.828133,-1.661935,-27.363368,14.749324,-27.186990,-33.994097,29.866251,20.610086,-18.479310,-19.828133,-1.661935,-27.363368,90.000000,
-19.828133,-1.661935,-27.363368,-67.064640,35.808915,-32.621153,-70.537737,-22.738074,-15.731395,-19.828133,-1.661935,-27.363368,90.000000,
-19.828133,-1.661935,-27.363368,14.749324,-27.186990,-33.994097,29.866251,20.610086,-18.479310,-19.828133,-1.661935,-27.363368,90.000000,
-19.828133,-1.661935,-27.363368,-67.064640,35.808915,-32.621153,-70.537737,-22.738074,-15.731395,-19.828133,-1.661935,-27.363368,90.000000,
-19.828133,-1.661935,-27.363368,14.749324,-27.186990,-33.994097,29.866251,20.610086,-18.479310,-19.828133,-1.661935,-27.363368,90.000000,
-19.828133,-1.661935,-27.363368,-67.064640,35.808915,-32.621153,-70.537737,-22.738074,-15.731395,-19.828133,-1.661935,-27.363368,90.000000,
-19.828133,-1.661935,-27.363368,14.749324,-27.186990,-33.994097,29.866251,20.610086,-18.479310,-19.828133,-1.661935,-27.363368,90.000000,
-19.828133,-1.661935,-27.363368,-67.064640,35.808915,-32.621153,-70.537737,-22.738074,-15.731395,-19.828133,-1.661935,-27.363368,90.000000,
-19.828133,-1.661935,-27.363368,14.749324,-27.186990,-33.994097,29.866251,20.610086,-18.479310,-19.828133,-1.661935,-27.363368,90.000000,
-19.828133,-1.661935,-27.363368,-67.064640,35.808915,-32.621153,-70.537737,-22.738074,-15.731395,-19.828133,-1.661935,-27.363368,90.000000,
-19.828133,-1.661935,-27.363368,14.749324,-27.186990,-33.994097,29.866251,20.610086,-18.479310,-19.828133,-1.661935,-27.363368,90.000000,
-19.828133,-1.661935,-27.363368,-67.064640,35.808915,-32.621153,-70.537737,-22.738074,-15.731395,-19.828133,-1.661935,-27.363368,90.000000,
-19.828133,-1.661935,-27.363368,14.749324,-27.186990,-33.994097,29.866251,20.610086,-18.479310,-19.828133,-1.661935,-27.363368,90.000000,
-19.828133,-1.661935,-27.363368,-67.064640,35.808915,-32.621153,-70.537737,-22.738074,-15.731395,-19.828133,-1.661935,-27.363368,90.000000,
-19.828133,-1.661935,-27.363368,14.749324,-27.186990,-33.994097,29.866251,20.610086,-18.479310,-19.828133,-1.661935,-27.363368,90.000000,
-19.828133,-1.661935,-27.363368,-67.064640,35.808915,-32.621153,-70.537737,-22.738074,-15.731395,-19.828133,-1.661935,-27.363368,90.000000,
-19.828133,-1.661935,-27.363368,14.749324,-27.186990,-33.994097,29.866251,20.610086,-18.479310,-19.828133,-1.661935,-27.363368,90.000000,
-19.828133,-1.661935,-27.363368,-67.064640,35.808915,-32.621153,-70.537737,-22.738074,-15.731395,-19.828133,-1.661935,-27.363368,90.000000,
-19.828133,-1.661935,-27.363368,14.749324,-27.186990,-33.994097,29.866251,20.610086,-18.479310,-19.828133,-1.661935,-27.363368,90.000000,
-19.828133,-1.661935,-27.363368,-67.064640,35.808915,-32.621153,-70.537737,-22.738074,-15.731395,-19.828133,-1.661935,-27.363368,90.000000,
-19.828133,-1.661935,-27.363368,14.749324,-27.186990,-33.994097,29.866251,20.610086,-18.479310,-19.828133,-1.661935,-27.363368,90.000000,
-19.828133,-1.661935,-27.363368,-67.064640,35.808915,-32.621153,-70.537737,-22.738074,-15.731395,-19.828133,-1.661935,-27.363368,90.000000,
-19.828133,-1.661935,-27.363368,14.749324,-27.186990,-33.994097,29.866251,20.610086,-18.479310,-19.828133,-1.661935,-27.363368,90.000000,
-19.828133,-1.661935,-27.363368,-67.064640,35.808915,-32.621153,-70.537737,-22.738074,-15.731395,-19.828133,-1.661935,-27.363368,90.000000,
-19.828133,-1.661935,-27.363368,14.749324,-27.186990,-33.994097,29.866251,20.610086,-18.479310,-19.828133,-1.661935,-27.363368,90.000000,
-19.828133,-1.661935,-27.363368,-67.064640,35.808915,-32.621153,-70.537737,-22.738074,-15.731395,-19.828133,-1.661935,-27.363368,90.000000,
-19.828133,-1.661935,-27.363368,14.749324,-27.186990,-33.994097,29.866251,20.610086,-18.479310,-19.828133,-1.661935,-27.363368,90.000000,
-19.828133,-1.661935,-27.363368,-67.064640,35.808915,-32.621153,-70.537737,-22.738074,-15.731395,-19.828133,-1.661935,-27.363368,90.000000,
-19.828133,-1.661935,-27.363368,14.749324,-27.186990,-33.994097,29.866251,20.610086,-18.479310,-19.828133,-1.661935,-27.363368,90.000000,
-19.828133,-1.661935,-27.363368,-67.064640,35.808915,-32.621153,-70.537737,-22.738074,-15.731395,-19.828133,-1.661935,-27.363368,90.000000,
-19.828133,-1.661935,-27.363368,14.749324,-27.186990,-33.994097,29.866251,20.610086,-18.479310,-19.828133,-1.661935,-27.363368,90.000000,
-19.828133,-1.661935,-27.363368,-67.064640,35.808915,-32.621153,-70.537737,-22.738074,-15.731395,-19.828133,-1.661935,-27.363368,90.000000,
-19.828133,-1.661935,-27.363368,14.749324,-27.186990,-33.994097,29.866251,20.610086,-18.479310,-19.828133,-1.661935,-27.363368,90.000000,
-19.828133,-1.661935,-27.363368,-67.064640,35.808915,-32.621153,-70.537737,-22.738074,-15.731395,-19.828133,-1.661935,-27.363368,90.000000,
-19.828133,-1.661935,-27.363368,14.749324,-27.186990,-33.994097,29.866251,20.610086,-18.479310,-19.828133,-1.661935,-27.363368,90.000000,
-19.828133,-1.661935,-27.363368,-67.064640,35.808915,-32.621153,-70.537737,-22.738074,-15.731395,-19.828133,-1.661935,-27.363368,90.000000,
-19.828133,-1.661935,-27.363368,14.749324,-27.186990,-33.994097,29.866251,20.610086,-18.479310,-19.828133,-1.661935,-27.363368,90.000000,
-19.828133,-1.661935,-27.363368,-67.064640,35.808915,-32.621153,-70.537737,-22.738074,-15.731395,-19.828133,-1.661935,-27.363368,90.000000,
-19.828133,-1.661935,-27.363368,14.749324,-27.186990,-33.994097,29.866251,20.610086,-18.479310,-19.828133,-1.661935,-27.363368,90.000000,
-19.828133,-1.661935,-27.363368,-67.064640,35.808915,-32.621153,-70.537737,-22.738074,-15.731395,-19.828133,-1.661935,-27.363368,90.000000,
-19.828133,-1.661935,-27.363368,14.749324,-27.186990,-33.994097,29.866251,20.610086,-18.479310,-19.828133,-1.661935,-27.363368,90.000000,
-19.828133,-1.661935,-27.363368,-67.064640,35.808915,-32.621153,-70.537737,-22.738074,-15.731395,-19.828133,-1.661935,-27.363368,90.000000,
-19.828133,-1.661935,-27.363368,14.749324,-27.186990,-33.994097,29.866251,20.610086,-18.479310,-19.828133,-1.661935,-27.363368,90.000000,
-19.828133,-1.661935,-27.363368,-67.064640,35.808915,-32.621153,-70.537737,-22.738074,-15.731395,-19.828133,-1.661935,-27.363368,90.000000,
-19.828133,-1.661935,-27.363368,14.749324,-27.186990,-33.994097,29.866251,20.610086,-18.479310,-19.828133,-1.661935,-27.363368,90.000000,
-19.828133,-1.661935,-27.363368,-67.064640,35.808915,-32.621153,-70.537737,-22.738074,-15.731395,-19.828133,-1.661935,-27.363368,90.000000,
-19.828133,-1.661935,-27.363368,14.749324,-27.186990,-33.994097,29.866251,20.610086,-18.479310,-19.828133,-1.661935,-27.363368,90.000000,
-19.828133,-1.661935,-27.363368,-67.064640,35.808915,-32.621153,-70.537737,-22.738074,-15.731395,-19.828133,-1.661935,-27.363368,90.000000,
-19.828133,-1.661935,-27.363368,14.749324,-27.186990,-33.994097,29.866251,20.610086,-18.479310,-19.828133,-1.661935,-27.363368,90.000000,
-19.828133,-1.661935,-27.363368,-67.064640,35.808915,-32.621153,-70.537737,-22.738074,-15.731395,-19.828133,-1.661935,-27.363368,90.000000,
-19.828133,-1.661935,-27.363368,14.749324,-27.186990,-33.994097,29.866251,20.610086,-18.479310,-19.828133,-1.661935,-27.363368,90.000000,
-19.828133,-1.661935,-27.363368,-67.064640,35.808915,-32.621153,-70.537737,-22.738074,-15.731395,-19.828133,-1.661935,-27.363368,90.000000,
-19.828133,-1.661935,-27.363368,14.749324,-27.186990,-33.994097,29.866251,20.610086,-18.479310,-19.828133,-1.661935,-27.363368,90.000000,
-19.828133,-1.661935,-27.363368,-67.064640,35.808915,-32.621153,-70.537737,-22.738074,-15.731395,-19.828133,-1.661935,-27.363368,90.000000,
-19.828133,-1.661935,-27.363368,14.749324,-27.186990,-33.994097,29.866251,20.610086,-18.479310,-19.828133,-1.661935,-27.363368,90.000000,
-19.828133,-1.661935,-27.363368,-67.064640,35.808915,-32.621153,-70.537737,-22.738074,-15.731395,-19.828133,-1.661935,-27.363368,90.000000,
-19.828133,-1.661935,-27.363368,14.749324,-27.186990,-33.994097,29.866251,20.610086,-18.479310,-19.828133,-1.661935,-27.363368,90.000000,
-19.828133,-1.661935,-27.363368,-67.064640,35.808915,-32.621153,-70.537737,-22.738074,-15.731395,-19.828133,-1.661935,-27.363368,90.000000,
-19.828133,-1.661935,-27.363368,14.749324,-27.186990,-33.994097,29.866251,20.610086,-18.479310,-19.828133,-1.661935,-27.363368,90.000000,
-19.828133,-1.661935,-27.363368,-67.064640,35.808915,-32.621153,-70.537737,-22.738074,-15.731395,-19.828133,-1.661935,-27.363368,90.000000,
-19.828133,-1.661935,-27.363368,14.749324,-27.186990,-33.994097,29.866251,20.610086,-18.479310,-19.828133,-1.661935,-27.363368,90.000000,
-19.828133,-1.661935,-27.363368,-67.064640,35.808915,-32.621153,-70.537737,-22.738074,-15.731395,-19.828133,-1.661935,-27.363368,90.000000,
-19.828133,-1.661935,-27.363368,14.749324,-27.186990,-33.994097,29.866251,20.610086,-18.479310,-19.828133,-1.661935,-27.363368,90.000000,
-19.828133,-1.661935,-27.363368,-67.064640,35.808915,-32.621153,-70.537737,-22.738074,-15.731395,-19.828133,-1.661935,-27.363368,90.000000,
-19.828133,-1.661935,-27.363368,14.749324,-27.186990,-33.994097,29.866251,20.610086,-18.479310,-19.828133,-1.661935,-27.363368,90.000000,
-19.828133,-1.661935,-27.363368,-67.064640,35.808915,-32.621153,-70.537737,-22.738074,-15.731395,-19.828133,-1.661935,-27.363368,90.000000,
-19.828133,-1.661935,-27.363368,14.749324,-27.186990,-33.994097,29.866251,20.610086,-18.479310,-19.828133,-1.661935,-27.363368,90.000000,
-19.828133,-1.661935,-27.363368,-67.064640,35.808915,-32.621153,-70.537737,-22.738074,-15.731395,-19.828133,-1.661935,-27.363368,90.000000,
-19.828133,-1.661935,-27.363368,14.749324,-27.186990,-33.994097,29.866251,20.610086,-18.479310,-19.828133,-1.661935,-27.363368,90.000000,
-19.828133,-1.661935,-27.363368,-67.064640,35.808915,-32.621153,-70.537737,-22.738074,-15.731395,-19.828133,-1.661935,-27.363368,90.000000,
-19.828133,-1.661935,-27.363368,14.749324,-27.186990,-33.994097,29.866251,20.610086,-18.479310,-19.828133,-1.661935,-27.363368,90.000000,
-19.828133,-1.661935,-27.363368,-67.064640,35.808915,-32.621153,-70.537737,-22.738074,-15.731395,-19.828133,-1.661935,-27.363368,90.000000,
-19.828133,-1.661935,-27.363368,14.749324,-27.186990,-33.994097,29.866251,20.610086,-18.479310,-19.828133,-1.661935,-27.363368,90.000000,
-19.828133,-1.661935,-27.363368,-67.064640,35.808915,-32.621153,-70.537737,-22.738074,-15.731395,-19.828133,-1.661935,-27.363368,90.000000,
-19.828133,-1.661935,-27.363368,14.749324,-27.186990,-33.994097,29.866251,20.610086,-18.479310,-19.828133,-1.661935,-27.363368,90.000000,
-19.828133,-1.661935,-27.363368,-67.064640,35.808915,-32.621153,-70.537737,-22.738074,-15.731395,-19.828133,-1.661935,-27.363368,90.000000,
-19.828133,-1.661935,-27.363368,14.749324,-27.186990,-33.994097,29.866251,20.610086,-18.479310,-19.828133,-1.661935,-27.363368,90.000000,
-19.828133,-1.661935,-27.363368,-67.064640,35.808915,-32.621153,-70.537737,-22.738074,-15.731395,-19.828133,-1.661935,-27.363368,90.000000,
-19.828133,-1.661935,-27.363368,14.749324,-27.186990,-33.994097,29.866251,20.610086,-18.479310,-19.828133,-1.661935,-27.363368,90.000000,
-19.828133,-1.661935,-27.363368,-67.064640,35.808915,-32.621153,-70.537737,-22.738074,-15.731395,-19.828133,-1.661935,-27.363368,90.000000,
-19.828133,-1.661935,-27.363368,14.749324,-27.186990,-33.994097,29.866251,20.610086,-18.479310,-19.828133,-1.661935,-27.363368,90.000000,
-19.828133,-1.661935,-27.363368,-67.064640,35.808915,-32.621153,-70.537737,-22.738074,-15.731395,-19.828133,-1.661935,-27.363368,90.000000,
-19.828133,-1.661935,-27.363368,14.749324,-27.186990,-33.994097,29.866251,20.610086,-18.479310,-19.828133,-1.661935,-27.363368,90.000000,
-19.828133,-1.661935,-27.363368,-67.064640,35.808915,-32.621153,-70.537737,-22.738074,-15.731395,-19.828133,-1.661935,-27.363368,90.000000,
-19.828133,-1.661935,-27.363368,14.749324,-27.186990,-33.994097,29.866251,20.610086,-18.479310,-19.828133,-1.661935,-27.363368,90.000000,
-19.828133,-1.661935,-27.363368,-67.064640,35.808915,-32.621153,-70.537737,-22.738074,-15.731395,-19.828133,-1.661935,-27.363368,90.000000,
-19.828133,-1.661935,-27.363368,14.749324,-27.186990,-33.994097,29.866251,20.610086,-18.479310,-19.828133,-1.661935,-27.363368,90.000000,
-19.828133,-1.661935,-27.363368,-67.064640,35.808915,-32.621153,-70.537737,-22.738074,-15.731395,-19.828133,-1.661935,-27.363368,90.000000,
-19.828133,-1.661935,-27.363368,14.749324,-27.186990,-33.994097,29.866251,20.610086,-18.479310,-19.828133,-1.661935,-27.363368,90.000000,
-19.828133,-1.661935,-27.363368,-67.064640,35.808915,-32.621153,-70.537737,-22.738074,-15.731395,-19.828133,-1.661935,-27.363368,90.000000,
-19.828133,-1.661935,-27.363368,14.749324,-27.186990,-33.994097,29.866251,20.610086,-18.479310,-19.828133,-1.661935,-27.363368,90.000000,
-19.828133,-1.661935,-27.363368,-67.064640,35.808915,-32.621153,-70.537737,-22.738074,-15.731395,-19.828133,-1.661935,-27.363368,90.000000,
-19.828133,-1.661935,-27.363368,14.749324,-27.186990,-33.994097,29.866251,20.610086,-18.479310,-19.828133,-1.661935,-27.363368,90.000000,
-19.828133,-1.661935,-27.363368,-67.064640,35.808915,-32.621153,-70.537737,-22.738074,-15.731395,-19.828133,-1.661935,-27.363368,90.000000,
-19.828133,-1.661935,-27.363368,14.749324,-27.186990,-33.994097,29.866251,20.610086,-18.479310,-19.828133,-1.661935,-27.363368,90.000000,
-19.828133,-1.661935,-27.363368,-67.064640,35.808915,-32.621153,-70.537737,-22.738074,-15.731395,-19.828133,-1.661935,-27.363368,90.000000,
-19.828133,-1.661935,-27.363368,14.749324,-27.186990,-33.994097,29.866251,20.610086,-18.479310,-19.828133,-1.661935,-27.363368,90.000000,
-19.828133,-1.661935,-27.363368,-67.064640,35.808915,-32.621153,-70.537737,-22.738074,-15.731395,-19.828133,-1.661935,-27.363368,90.000000,
-19.828133,-1.661935,-27.363368,14.749324,-27.186990,-33.994097,29.866251,20.610086,-18.479310,-19.828133,-1.661935,-27.363368,90.000000,
-19.828133,-1.661935,-27.363368,-67.064640,35.808915,-32.621153,-70.537737,-22.738074,-15.731395,-19.828133,-1.661935,-27.363368,90.000000,
-19.828133,-1.661935,-27.363368,14.749324,-27.186990,-33.994097,29.866251,20.610086,-18.479310,-19.828133,-1.661935,-27.363368,90.000000,
-19.828133,-1.661935,-27.363368,-67.064640,35.808915,-32.621153,-70.537737,-22.738074,-15.731395,-19.828133,-1.661935,-27.363368,90.000000,
-19.828133,-1.661935,-27.363368,14.749324,-27.186990,-33.994097,29.866251,20.610086,-18.479310,-19.828133,-1.661935,-27.363368,90.000000,
-19.828133,-1.661935,-27.363368,-67.064640,35.808915,-32.621153,-70.537737,-22.738074,-15.731395,-19.828133,-1.661935,-27.363368,90.000000,
-19.828133,-1.661935,-27.363368,14.749324,-27.186990,-33.994097,29.866251,20.610086,-18.479310,-19.828133,-1.661935,-27.363368,90.000000,
-19.828133,-1.661935,-27.363368,-67.064640,35.808915,-32.621153,-70.537737,-22.738074,-15.731395,-19.828133,-1.661935,-27.363368,90.000000,
-19.828133,-1.661935,-27.363368,14.749324,-27.186990,-33.994097,29.866251,20.610086,-18.479310,-19.828133,-1.661935,-27.363368,90.000000,
-19.828133,-1.661935,-27.363368,-67.064640,35.808915,-32.621153,-70.537737,-22.738074,-15.731395,-19.828133,-1.661935,-27.363368,90.000000,
-19.828133,-1.661935,-27.363368,14.749324,-27.186990,-33.994097,29.866251,20.610086,-18.479310,-19.828133,-1.661935,-27.363368,90.000000,
-19.828133,-1.661935,-27.363368,-67.064640,35.808915,-32.621153,-70.537737,-22.738074,-15.731395,-19.828133,-1.661935,-27.363368,90.000000,
-19.828133,-1.661935,-27.363368,14.749324,-27.186990,-33.994097,29.866251,20.610086,-18.479310,-19.828133,-1.661935,-27.363368,90.000000,
-19.828133,-1.661935,-27.363368,-67.064640,35.808915,-32.621153,-70.537737,-22.738074,-15.731395,-19.828133,-1.661935,-27.363368,90.000000,
-19.828133,-1.661935,-27.363368,14.749324,-27.186990,-33.994097,29.866251,20.610086,-18.479310,-19.828133,-1.661935,-27.363368,90.000000,
-19.828133,-1.661935,-27.363368,-67.064640,35.808915,-32.621153,-70.537737,-22.738074,-15.731395,-19.828133,-1.661935,-27.363368,90.000000,
-19.828133,-1.661935,-27.363368,14.749324,-27.186990,-33.994097,29.866251,20.610086,-18.479310,-19.828133,-1.661935,-27.363368,90.000000,
-19.828133,-1.661935,-27.363368,-67.064640,35.808915,-32.621153,-70.537737,-22.738074,-15.731395,-19.828133,-1.661935,-27.363368,90.000000,
-19.828133,-1.661935,-27.363368,14.749324,-27.186990,-33.994097,29.866251,20.610086,-18.479310,-19.828133,-1.661935,-27.363368,90.000000,
-19.828133,-1.661935,-27.363368,-67.064640,35.808915,-32.621153,-70.537737,-22.738074,-15.731395,-19.828133,-1.661935,-27.363368,90.000000,
-19.828133,-1.661935,-27.363368,14.749324,-27.186990,-33.994097,29.866251,20.610086,-18.479310,-19.828133,-1.661935,-27.363368,90.000000,
-19.828133,-1.661935,-27.363368,-67.064640,35.808915,-32.621153,-70.537737,-22.738074,-15.731395,-19.828133,-1.661935,-27.363368,90.000000,
-19.828133,-1.661935,-27.363368,14.749324,-27.186990,-33.994097,29.866251,20.610086,-18.479310,-19.828133,-1.661935,-27.363368,90.000000,
-19.828133,-1.661935,-27.363368,-67.064640,35.808915,-32.621153,-70.537737,-22.738074,-15.731395,-19.828133,-1.661935,-27.363368,90.000000,
-19.828133,-1.661935,-27.363368,14.749324,-27.186990,-33.994097,29.866251,20.610086,-18.479310,-19.828133,-1.661935,-27.363368,90.000000,
-19.828133,-1.661935,-27.363368,-67.064640,35.808915,-32.621153,-70.537737,-22.738074,-15.731395,-19.828133,-1.661935,-27.363368,90.000000,
-19.828133,-1.661935,-27.363368,14.749324,-27.186990,-33.994097,29.866251,20.610086,-18.479310,-19.828133,-1.661935,-27.363368,90.000000,
-19.828133,-1.661935,-27.363368,-67.064640,35.808915,-32.621153,-70.537737,-22.738074,-15.731395,-19.828133,-1.661935,-27.363368,90.000000,
-19.828133,-1.661935,-27.363368,14.749324,-27.186990,-33.994097,29.866251,20.610086,-18.479310,-19.828133,-1.661935,-27.363368,90.000000,
-19.828133,-1.661935,-27.363368,-67.064640,35.808915,-32.621153,-70.537737,-22.738074,-15.731395,-19.828133,-1.661935,-27.363368,90.000000,
-19.828133,-1.661935,-27.363368,14.749324,-27.186990,-33.994097,29.866251,20.610086,-18.479310,-19.828133,-1.661935,-27.363368,90.000000,
-19.828133,-1.661935,-27.363368,-67.064640,35.808915,-32.621153,-70.537737,-22.738074,-15.731395,-19.828133,-1.661935,-27.363368,90.000000,
-19.828133,-1.661935,-27.363368,14.749324,-27.186990,-33.994097,29.866251,20.610086,-18.479310,-19.828133,-1.661935,-27.363368,90.000000,
-19.828133,-1.661935,-27.363368,-67.064640,35.808915,-32.621153,-70.537737,-22.738074,-15.731395,-19.828133,-1.661935,-27.363368,90.000000,
-19.828133,-1.661935,-27.363368,14.749324,-27.186990,-33.994097,29.866251,20.610086,-18.479310,-19.828133,-1.661935,-27.363368,90.000000,
-19.828133,-1.661935,-27.363368,-67.064640,35.808915,-32.621153,-70.537737,-22.738074,-15.731395,-19.828133,-1.661935,-27.363368,90.000000,
-19.828133,-1.661935,-27.363368,14.749324,-27.186990,-33.994097,29.866251,20.610086,-18.479310,-19.828133,-1.661935,-27.363368,90.000000,
-19.828133,-1.661935,-27.363368,-67.064640,35.808915,-32.621153,-70.537737,-22.738074,-15.731395,-19.828133,-1.661935,-27.363368,90.000000,
-19.828133,-1.661935,-27.363368,14.749324,-27.186990,-33.994097,29.866251,20.610086,-18.479310,-19.828133,-1.661935,-27.363368,90.000000,
-19.828133,-1.661935,-27.363368,-67.064640,35.808915,-32.621153,-70.537737,-22.738074,-15.731395,-19.828133,-1.661935,-27.363368,90.000000,
-19.828133,-1.661935,-27.363368,14.749324,-27.186990,-33.994097,29.866251,20.610086,-18.479310,-19.828133,-1.661935,-27.363368,90.000000,
-19.828133,-1.661935,-27.363368,-67.064640,35.808915,-32.621153,-70.537737,-22.738074,-15.731395,-19.828133,-1.661935,-27.363368,90.000000,
-19.828133,-1.661935,-27.363368,14.749324,-27.186990,-33.994097,29.866251,20.610086,-18.479310,-19.828133,-1.661935,-27.363368,90.000000,
-19.828133,-1.661935,-27.363368,-67.064640,35.808915,-32.621153,-70.537737,-22.738074,-15.731395,-19.828133,-1.661935,-27.363368,90.000000,
-19.828133,-1.661935,-27.363368,14.749324,-27.186990,-33.994097,29.866251,20.610086,-18.479310,-19.828133,-1.661935,-27.363368,90.000000,
-19.828133,-1.661935,-27.363368,-67.064640,35.808915,-32.621153,-70.537737,-22.738074,-15.731395,-19.828133,-1.661935,-27.363368,90.000000,
-19.828133,-1.661935,-27.363368,14.749324,-27.186990,-33.994097,29.866251,20.610086,-18.479310,-19.828133,-1.661935,-27.363368,90.000000,
-19.828133,-1.661935,-27.363368,-67.064640,35.808915,-32.621153,-70.537737,-22.738074,-15.731395,-19.828133,-1.661935,-27.363368,90.000000,
-19.828133,-1.661935,-27.363368,14.749324,-27.186990,-33.994097,29.866251,20.610086,-18.479310,-19.828133,-1.661935,-27.363368,90.000000,
-19.828133,-1.661935,-27.363368,-67.064640,35.808915,-32.621153,-70.537737,-22.738074,-15.731395,-19.828133,-1.661935,-27.363368,90.000000,
-19.828133,-1.661935,-27.363368,14.749324,-27.186990,-33.994097,29.866251,20.610086,-18.479310,-19.828133,-1.661935,-27.363368,90.000000,
-19.828133,-1.661935,-27.363368,-67.064640,35.808915,-32.621153,-70.537737,-22.738074,-15.731395,-19.828133,-1.661935,-27.363368,90.000000,
-19.828133,-1.661935,-27.363368,14.749324,-27.186990,-33.994097,29.866251,20.610086,-18.479310,-19.828133,-1.661935,-27.363368,90.000000,
-19.828133,-1.661935,-27.363368,-67.064640,35.808915,-32.621153,-70.537737,-22.738074,-15.731395,-19.828133,-1.661935,-27.363368,90.000000,
-19.828133,-1.661935,-27.363368,14.749324,-27.186990,-33.994097,29.866251,20.610086,-18.479310,-19.828133,-1.661935,-27.363368,90.000000,
-19.828133,-1.661935,-27.363368,-67.064640,35.808915,-32.621153,-70.537737,-22.738074,-15.731395,-19.828133,-1.661935,-27.363368,90.000000,
-19.828133,-1.661935,-27.363368,14.749324,-27.186990,-33.994097,29.866251,20.610086,-18.479310,-19.828133,-1.661935,-27.363368,90.000000,
-19.828133,-1.661935,-27.363368,-67.064640,35.808915,-32.621153,-70.537737,-22.738074,-15.731395,-19.828133,-1.661935,-27.363368,90.000000,
-19.828133,-1.661935,-27.363368,14.749324,-27.186990,-33.994097,29.866251,20.610086,-18.479310,-19.828133,-1.661935,-27.363368,90.000000,
-19.828133,-1.661935,-27.363368,-67.064640,35.808915,-32.621153,-70.537737,-22.738074,-15.731395,-19.828133,-1.661935,-27.363368,90.000000,
-19.828133,-1.661935,-27.363368,14.749324,-27.186990,-33.994097,29.866251,20.610086,-18.479310,-19.828133,-1.661935,-27.363368,90.000000,
-19.828133,-1.661935,-27.363368,-67.064640,35.808915,-32.621153,-70.537737,-22.738074,-15.731395,-19.828133,-1.661935,-27.363368,90.000000,
-19.828133,-1.661935,-27.363368,14.749324,-27.186990,-33.994097,29.866251,20.610086,-18.479310,-19.828133,-1.661935,-27.363368,90.000000,
-19.828133,-1.661935,-27.363368,-67.064640,35.808915,-32.621153,-70.537737,-22.738074,-15.731395,-19.828133,-1.661935,-27.363368,90.000000,
-19.828133,-1.661935,-27.363368,14.749324,-27.186990,-33.994097,29.866251,20.610086,-18.479310,-19.828133,-1.661935,-27.363368,90.000000,
-19.828133,-1.661935,-27.363368,-67.064640,35.808915,-32.621153,-70.537737,-22.738074,-15.731395,-19.828133,-1.661935,-27.363368,90.000000,
-19.828133,-1.661935,-27.363368,14.749324,-27.186990,-33.994097,29.866251,20.610086,-18.479310,-19.828133,-1.661935,-27.363368,90.000000,
-19.828133,-1.661935,-27.363368,-67.064640,35.808915,-32.621153,-70.537737,-22.738074,-15.731395,-19.828133,-1.661935,-27.363368,90.000000,
-19.828133,-1.661935,-27.363368,14.749324,-27.186990,-33.994097,29.866251,20.610086,-18.479310,-19.828133,-1.661935,-27.363368,90.000000,
-19.828133,-1.661935,-27.363368,-67.064640,35.808915,-32.621153,-70.537737,-22.738074,-15.731395,-19.828133,-1.661935,-27.363368,90.000000,
-19.828133,-1.661935,-27.363368,14.749324,-27.186990,-33.994097,29.866251,20.610086,-18.479310,-19.828133,-1.661935,-27.363368,90.000000,
-19.828133,-1.661935,-27.363368,-67.064640,35.808915,-32.621153,-70.537737,-22.738074,-15.731395,-19.828133,-1.661935,-27.363368,90.000000,
-19.828133,-1.661935,-27.363368,14.749324,-27.186990,-33.994097,29.866251,20.610086,-18.479310,-19.828133,-1.661935,-27.363368,90.000000,
-19.828133,-1.661935,-27.363368,-67.064640,35.808915,-32.621153,-70.537737,-22.738074,-15.731395,-19.828133,-1.661935,-27.363368,90.000000,
-19.828133,-1.661935,-27.363368,14.749324,-27.186990,-33.994097,29.866251,20.610086,-18.479310,-19.828133,-1.661935,-27.363368,90.000000,
-19.828133,-1.661935,-27.363368,-67.064640,35.808915,-32.621153,-70.537737,-22.738074,-15.731395,-19.828133,-1.661935,-27.363368,90.000000,
-19.828133,-1.661935,-27.363368,14.749324,-27.186990,-33.994097,29.866251,20.610086,-18.479310,-19.828133,-1.661935,-27.363368,90.000000,
-19.828133,-1.661935,-27.363368,-67.064640,35.808915,-32.621153,-70.537737,-22.738074,-15.731395,-19.828133,-1.661935,-27.363368,90.000000,
-19.828133,-1.661935,-27.363368,14.749324,-27.186990,-33.994097,29.866251,20.610086,-18.479310,-19.828133,-1.661935,-27.363368,90.000000,
-19.828133,-1.661935,-27.363368,-67.064640,35.808915,-32.621153,-70.537737,-22.738074,-15.731395,-19.828133,-1.661935,-27.363368,90.000000,
-19.828133,-1.661935,-27.363368,14.749324,-27.186990,-33.994097,29.866251,20.610086,-18.479310,-19.828133,-1.661935,-27.363368,90.000000,
-19.828133,-1.661935,-27.363368,-67.064640,35.808915,-32.621153,-70.537737,-22.738074,-15.731395,-19.828133,-1.661935,-27.363368,90.000000,
-19.828133,-1.661935,-27.363368,14.749324,-27.186990,-33.994097,29.866251,20.610086,-18.479310,-19.828133,-1.661935,-27.363368,90.000000,
-19.828133,-1.661935,-27.363368,-67.064640,35.808915,-32.621153,-70.537737,-22.738074,-15.731395,-19.828133,-1.661935,-27.363368,90.000000,
-19.828133,-1.661935,-27.363368,14.749324,-27.186990,-33.994097,29.866251,20.610086,-18.479310,-19.828133,-1.661935,-27.363368,90.000000,
-19.828133,-1.661935,-27.363368,-67.064640,35.808915,-32.621153,-70.537737,-22.738074,-15.731395,-19.828133,-1.661935,-27.363368,90.000000,
-19.828133,-1.661935,-27.363368,14.749324,-27.186990,-33.994097,29.866251,20.610086,-18.479310,-19.828133,-1.661935,-27.363368,90.000000,
-19.828133,-1.661935,-27.363368,-67.064640,35.808915,-32.621153,-70.537737,-22.738074,-15.731395,-19.828133,-1.661935,-27.363368,90.000000,
-19.828133,-1.661935,-27.363368,14.749324,-27.186990,-33.994097,29.866251,20.610086,-18.479310,-19.828133,-1.661935,-27.363368,90.000000,
-19.828133,-1.661935,-27.363368,-67.064640,35.808915,-32.621153,-70.537737,-22.738074,-15.731395,-19.828133,-1.661935,-27.363368,90.000000,
-19.828133,-1.661935,-27.363368,14.749324,-27.186990,-33.994097,29.866251,20.610086,-18.479310,-19.828133,-1.661935,-27.363368,90.000000,
-19.828133,-1.661935,-27.363368,-67.064640,35.808915,-32.621153,-70.537737,-22.738074,-15.731395,-19.828133,-1.661935,-27.363368,90.000000,
-19.828133,-1.661935,-27.363368,14.749324,-27.186990,-33.994097,29.866251,20.610086,-18.479310,-19.828133,-1.661935,-27.363368,90.000000,
-19.828133,-1.661935,-27.363368,-67.064640,35.808915,-32.621153,-70.537737,-22.738074,-15.731395,-19.828133,-1.661935,-27.363368,90.000000,
-19.828133,-1.661935,-27.363368,14.749324,-27.186990,-33.994097,29.866251,20.610086,-18.479310,-19.828133,-1.661935,-27.363368,90.000000,
-19.828133,-1.661935,-27.363368,-67.064640,35.808915,-32.621153,-70.537737,-22.738074,-15.731395,-19.828133,-1.661935,-27.363368,90.000000,
-19.828133,-1.661935,-27.363368,14.749324,-27.186990,-33.994097,29.866251,20.610086,-18.479310,-19.828133,-1.661935,-27.363368,90.000000,
-19.828133,-1.661935,-27.363368,-67.064640,35.808915,-32.621153,-70.537737,-22.738074,-15.731395,-19.828133,-1.661935,-27.363368,90.000000,
-19.828133,-1.661935,-27.363368,14.749324,-27.186990,-33.994097,29.866251,20.610086,-18.479310,-19.828133,-1.661935,-27.363368,90.000000,
-19.828133,-1.661935,-27.363368,-67.064640,35.808915,-32.621153,-70.537737,-22.738074,-15.731395,-19.828133,-1.661935,-27.363368,90.000000,
-19.828133,-1.661935,-27.363368,14.749324,-27.186990,-33.994097,29.866251,20.610086,-18.479310,-19.828133,-1.661935,-27.363368,90.000000,
-19.828133,-1.661935,-27.363368,-67.064640,35.808915,-32.621153,-70.537737,-22.738074,-15.731395,-19.828133,-1.661935,-27.363368,90.000000,
-19.828133,-1.661935,-27.363368,14.749324,-27.186990,-33.994097,29.866251,20.610086,-18.479310,-19.828133,-1.661935,-27.363368,90.000000,
-19.828133,-1.661935,-27.363368,-67.064640,35.808915,-32.621153,-70.537737,-22.738074,-15.731395,-19.828133,-1.661935,-27.363368,90.000000,
-19.828133,-1.661935,-27.363368,14.749324,-27.186990,-33.994097,29.866251,20.610086,-18.479310,-19.828133,-1.661935,-27.363368,90.000000,
-19.828133,-1.661935,-27.363368,-67.064640,35.808915,-32.621153,-70.537737,-22.738074,-15.731395,-19.828133,-1.661935,-27.363368,90.000000,
-19.828133,-1.661935,-27.363368,14.749324,-27.186990,-33.994097,29.866251,20.610086,-18.479310,-19.828133,-1.661935,-27.363368,90.000000,
-19.828133,-1.661935,-27.363368,-67.064640,35.808915,-32.621153,-70.537737,-22.738074,-15.731395,-19.828133,-1.661935,-27.363368,90.000000,
-19.828133,-1.661935,-27.363368,14.749324,-27.186990,-33.994097,29.866251,20.610086,-18.479310,-19.828133,-1.661935,-27.363368,90.000000,
-19.828133,-1.661935,-27.363368,-67.064640,35.808915,-32.621153,-70.537737,-22.738074,-15.731395,-19.828133,-1.661935,-27.363368,90.000000,
-19.828133,-1.661935,-27.363368,14.749324,-27.186990,-33.994097,29.866251,20.610086,-18.479310,-19.828133,-1.661935,-27.363368,90.000000,
-19.828133,-1.661935,-27.363368,-67.064640,35.808915,-32.621153,-70.537737,-22.738074,-15.731395,-19.828133,-1.661935,-27.363368,90.000000,
-19.828133,-1.661935,-27.363368,14.749324,-27.186990,-33.994097,29.866251,20.610086,-18.479310,-19.828133,-1.661935,-27.363368,90.000000,
-19.828133,-1.661935,-27.363368,-67.064640,35.808915,-32.621153,-70.537737,-22.738074,-15.731395,-19.828133,-1.661935,-27.363368,90.000000,
-19.828133,-1.661935,-27.363368,14.749324,-27.186990,-33.994097,29.866251,20.610086,-18.479310,-19.828133,-1.661935,-27.363368,90.000000,
-19.828133,-1.661935,-27.363368,-67.064640,35.808915,-32.621153,-70.537737,-22.738074,-15.731395,-19.828133,-1.661935,-27.363368,90.000000,
-19.828133,-1.661935,-27.363368,14.749324,-27.186990,-33.994097,29.866251,20.610086,-18.479310,-19.828133,-1.661935,-27.363368,90.000000,
-19.828133,-1.661935,-27.363368,-67.064640,35.808915,-32.621153,-70.537737,-22.738074,-15.731395,-19.828133,-1.661935,-27.363368,90.000000,
-19.828133,-1.661935,-27.363368,14.749324,-27.186990,-33.994097,29.866251,20.610086,-18.479310,-19.828133,-1.661935,-27.363368,90.000000,
-19.828133,-1.661935,-27.363368,-67.064640,35.808915,-32.621153,-70.537737,-22.738074,-15.731395,-19.828133,-1.661935,-27.363368,90.000000,
-19.828133,-1.661935,-27.363368,14.749324,-27.186990,-33.994097,29.866251,20.610086,-18.479310,-19.828133,-1.661935,-27.363368,90.000000,
-19.828133,-1.661935,-27.363368,-67.064640,35.808915,-32.621153,-70.537737,-22.738074,-15.731395,-19.828133,-1.661935,-27.363368,90.000000,
-19.828133,-1.661935,-27.363368,14.749324,-27.186990,-33.994097,29.866251,20.610086,-18.479310,-19.828133,-1.661935,-27.363368,90.000000,
-19.828133,-1.661935,-27.363368,-67.064640,35.808915,-32.621153,-70.537737,-22.738074,-15.731395,-19.828133,-1.661935,-27.363368,90.000000,
-19.828133,-1.661935,-27.363368,14.749324,-27.186990,-33.994097,29.866251,20.610086,-18.479310,-19.828133,-1.661935,-27.363368,90.000000,
-19.828133,-1.661935,-27.363368,-67.064640,35.808915,-32.621153,-70.537737,-22.738074,-15.731395,-19.828133,-1.661935,-27.363368,90.000000,
-19.828133,-1.661935,-27.363368,14.749324,-27.186990,-33.994097,29.866251,20.610086,-18.479310,-19.828133,-1.661935,-27.363368,90.000000,
-19.828133,-1.661935,-27.363368,-67.064640,35.808915,-32.621153,-70.537737,-22.738074,-15.731395,-19.828133,-1.661935,-27.363368,90.000000,
-19.828133,-1.661935,-27.363368,14.749324,-27.186990,-33.994097,29.866251,20.610086,-18.479310,-19.828133,-1.661935,-27.363368,90.000000,
-19.828133,-1.661935,-27.363368,-67.064640,35.808915,-32.621153,-70.537737,-22.738074,-15.731395,-19.828133,-1.661935,-27.363368,90.000000,
-19.828133,-1.661935,-27.363368,14.749324,-27.186990,-33.994097,29.866251,20.610086,-18.479310,-19.828133,-1.661935,-27.363368,90.000000,
-19.828133,-1.661935,-27.363368,-67.064640,35.808915,-32.621153,-70.537737,-22.738074,-15.731395,-19.828133,-1.661935,-27.363368,90.000000,
-19.828133,-1.661935,-27.363368,14.749324,-27.186990,-33.994097,29.866251,20.610086,-18.479310,-19.828133,-1.661935,-27.363368,90.000000,
-19.828133,-1.661935,-27.363368,-67.064640,35.808915,-32.621153,-70.537737,-22.738074,-15.731395,-19.828133,-1.661935,-27.363368,90.000000,
-19.828133,-1.661935,-27.363368,14.749324,-27.186990,-33.994097,29.866251,20.610086,-18.479310,-19.828133,-1.661935,-27.363368,90.000000,
-19.828133,-1.661935,-27.363368,-67.064640,35.808915,-32.621153,-70.537737,-22.738074,-15.731395,-19.828133,-1.661935,-27.363368,90.000000,
-19.828133,-1.661935,-27.363368,14.749324,-27.186990,-33.994097,29.866251,20.610086,-18.479310,-19.828133,-1.661935,-27.363368,90.000000,
-19.828133,-1.661935,-27.363368,-67.064640,35.808915,-32.621153,-70.537737,-22.738074,-15.731395,-19.828133,-1.661935,-27.363368,90.000000,
-19.828133,-1.661935,-27.363368,14.749324,-27.186990,-33.994097,29.866251,20.610086,-18.479310,-19.828133,-1.661935,-27.363368,90.000000,
-19.828133,-1.661935,-27.363368,-67.064640,35.808915,-32.621153,-70.537737,-22.738074,-15.731395,-19.828133,-1.661935,-27.363368,90.000000,
-19.828133,-1.661935,-27.363368,14.749324,-27.186990,-33.994097,29.866251,20.610086,-18.479310,-19.828133,-1.661935,-27.363368,90.000000,
-19.828133,-1.661935,-27.363368,-67.064640,35.808915,-32.621153,-70.537737,-22.738074,-15.731395,-19.828133,-1.661935,-27.363368,90.000000,
-19.828133,-1.661935,-27.363368,14.749324,-27.186990,-33.994097,29.866251,20.610086,-18.479310,-19.828133,-1.661935,-27.363368,90.000000,
-19.828133,-1.661935,-27.363368,-67.064640,35.808915,-32.621153,-70.537737,-22.738074,-15.731395,-19.828133,-1.661935,-27.363368,90.000000,
-19.828133,-1.661935,-27.363368,14.749324,-27.186990,-33.994097,29.866251,20.610086,-18.479310,-19.828133,-1.661935,-27.363368,90.000000,
-19.828133,-1.661935,-27.363368,-67.064640,35.808915,-32.621153,-70.537737,-22.738074,-15.731395,-19.828133,-1.661935,-27.363368,90.000000,
-19.828133,-1.661935,-27.363368,14.749324,-27.186990,-33.994097,29.866251,20.610086,-18.479310,-19.828133,-1.661935,-27.363368,90.000000,
-19.828133,-1.661935,-27.363368,-67.064640,35.808915,-32.621153,-70.537737,-22.738074,-15.731395,-19.828133,-1.661935,-27.363368,90.000000,
-19.828133,-1.661935,-27.363368,14.749324,-27.186990,-33.994097,29.866251,20.610086,-18.479310,-19.828133,-1.661935,-27.363368,90.000000,
-19.828133,-1.661935,-27.363368,-67.064640,35.808915,-32.621153,-70.537737,-22.738074,-15.731395,-19.828133,-1.661935,-27.363368,90.000000,
-19.828133,-1.661935,-27.363368,14.749324,-27.186990,-33.994097,29.866251,20.610086,-18.479310,-19.828133,-1.661935,-27.363368,90.000000,
-19.828133,-1.661935,-27.363368,-67.064640,35.808915,-32.621153,-70.537737,-22.738074,-15.731395,-19.828133,-1.661935,-27.363368,90.000000,
-19.828133,-1.661935,-27.363368,14.749324,-27.186990,-33.994097,29.866251,20.610086,-18.479310,-19.828133,-1.661935,-27.363368,90.000000,
-19.828133,-1.661935,-27.363368,-67.064640,35.808915,-32.621153,-70.537737,-22.738074,-15.731395,-19.828133,-1.661935,-27.363368,90.000000,
-19.828133,-1.661935,-27.363368,14.749324,-27.186990,-33.994097,29.866251,20.610086,-18.479310,-19.828133,-1.661935,-27.363368,90.000000,
-19.828133,-1.661935,-27.363368,-67.064640,35.808915,-32.621153,-70.537737,-22.738074,-15.731395,-19.828133,-1.661935,-27.363368,90.000000,
-19.828133,-1.661935,-27.363368,14.749324,-27.186990,-33.994097,29.866251,20.610086,-18.479310,-19.828133,-1.661935,-27.363368,90.000000,
-19.828133,-1.661935,-27.363368,-67.064640,35.808915,-32.621153,-70.537737,-22.738074,-15.731395,-19.828133,-1.661935,-27.363368,90.000000,
-19.828133,-1.661935,-27.363368,14.749324,-27.186990,-33.994097,29.866251,20.610086,-18.479310,-19.828133,-1.661935,-27.363368,90.000000,
-19.828133,-1.661935,-27.363368,-67.064640,35.808915,-32.621153,-70.537737,-22.738074,-15.731395,-19.828133,-1.661935,-27.363368,90.000000,
-19.828133,-1.661935,-27.363368,14.749324,-27.186990,-33.994097,29.866251,20.610086,-18.479310,-19.828133,-1.661935,-27.363368,90.000000,
-19.828133,-1.661935,-27.363368,-67.064640,35.808915,-32.621153,-70.537737,-22.738074,-15.731395,-19.828133,-1.661935,-27.363368,90.000000,
-19.828133,-1.661935,-27.363368,14.749324,-27.186990,-33.994097,29.866251,20.610086,-18.479310,-19.828133,-1.661935,-27.363368,90.000000,
-19.828133,-1.661935,-27.363368,-67.064640,35.808915,-32.621153,-70.537737,-22.738074,-15.731395,-19.828133,-1.661935,-27.363368,90.000000,
-19.828133,-1.661935,-27.363368,14.749324,-27.186990,-33.994097,29.866251,20.610086,-18.479310,-19.828133,-1.661935,-27.363368,90.000000,
-19.828133,-1.661935,-27.363368,-67.064640,35.808915,-32.621153,-70.537737,-22.738074,-15.731395,-19.828133,-1.661935,-27.363368,90.000000,
-19.828133,-1.661935,-27.363368,14.749324,-27.186990,-33.994097,29.866251,20.610086,-18.479310,-19.828133,-1.661935,-27.363368,90.000000,
-19.828133,-1.661935,-27.363368,-67.064640,35.808915,-32.621153,-70.537737,-22.738074,-15.731395,-19.828133,-1.661935,-27.363368,90.000000,
-19.828133,-1.661935,-27.363368,14.749324,-27.186990,-33.994097,29.866251,20.610086,-18.479310,-19.828133,-1.661935,-27.363368,90.000000,
-19.828133,-1.661935,-27.363368,-67.064640,35.808915,-32.621153,-70.537737,-22.738074,-15.731395,-19.828133,-1.661935,-27.363368,90.000000,
-19.828133,-1.661935,-27.363368,14.749324,-27.186990,-33.994097,29.866251,20.610086,-18.479310,-19.828133,-1.661935,-27.363368,90.000000,
-19.828133,-1.661935,-27.363368,-67.064640,35.808915,-32.621153,-70.537737,-22.738074,-15.731395,-19.828133,-1.661935,-27.363368,90.000000,
-19.828133,-1.661935,-27.363368,14.749324,-27.186990,-33.994097,29.866251,20.610086,-18.479310,-19.828133,-1.661935,-27.363368,90.000000,
-19.828133,-1.661935,-27.363368,-67.064640,35.808915,-32.621153,-70.537737,-22.738074,-15.731395,-19.828133,-1.661935,-27.363368,90.000000,
-19.828133,-1.661935,-27.363368,14.749324,-27.186990,-33.994097,29.866251,20.610086,-18.479310,-19.828133,-1.661935,-27.363368,90.000000,
-19.828133,-1.661935,-27.363368,-67.064640,35.808915,-32.621153,-70.537737,-22.738074,-15.731395,-19.828133,-1.661935,-27.363368,90.000000,
-19.828133,-1.661935,-27.363368,14.749324,-27.186990,-33.994097,29.866251,20.610086,-18.479310,-19.828133,-1.661935,-27.363368,90.000000,
-19.828133,-1.661935,-27.363368,-67.064640,35.808915,-32.621153,-70.537737,-22.738074,-15.731395,-19.828133,-1.661935,-27.363368,90.000000,
-19.828133,-1.661935,-27.363368,14.749324,-27.186990,-33.994097,29.866251,20.610086,-18.479310,-19.828133,-1.661935,-27.363368,90.000000,
-19.828133,-1.661935,-27.363368,-67.064640,35.808915,-32.621153,-70.537737,-22.738074,-15.731395,-19.828133,-1.661935,-27.363368,90.000000,
-19.828133,-1.661935,-27.363368,14.749324,-27.186990,-33.994097,29.866251,20.610086,-18.479310,-19.828133,-1.661935,-27.363368,90.000000,
-19.828133,-1.661935,-27.363368,-67.064640,35.808915,-32.621153,-70.537737,-22.738074,-15.731395,-19.828133,-1.661935,-27.363368,90.000000,
-19.828133,-1.661935,-27.363368,14.749324,-27.186990,-33.994097,29.866251,20.610086,-18.479310,-19.828133,-1.661935,-27.363368,90.000000,
-19.828133,-1.661935,-27.363368,-67.064640,35.808915,-32.621153,-70.537737,-22.738074,-15.731395,-19.828133,-1.661935,-27.363368,90.000000,
-19.828133,-1.661935,-27.363368,14.749324,-27.186990,-33.994097,29.866251,20.610086,-18.479310,-19.828133,-1.661935,-27.363368,90.000000,
-19.828133,-1.661935,-27.363368,-67.064640,35.808915,-32.621153,-70.537737,-22.738074,-15.731395,-19.828133,-1.661935,-27.363368,90.000000,
-19.828133,-1.661935,-27.363368,14.749324,-27.186990,-33.994097,29.866251,20.610086,-18.479310,-19.828133,-1.661935,-27.363368,90.000000,
-19.828133,-1.661935,-27.363368,-67.064640,35.808915,-32.621153,-70.537737,-22.738074,-15.731395,-19.828133,-1.661935,-27.363368,90.000000,
-19.828133,-1.661935,-27.363368,14.749324,-27.186990,-33.994097,29.866251,20.610086,-18.479310,-19.828133,-1.661935,-27.363368,90.000000,
-19.828133,-1.661935,-27.363368,-67.064640,35.808915,-32.621153,-70.537737,-22.738074,-15.731395,-19.828133,-1.661935,-27.363368,90.000000,
-19.828133,-1.661935,-27.363368,14.749324,-27.186990,-33.994097,29.866251,20.610086,-18.479310,-19.828133,-1.661935,-27.363368,90.000000,
-19.828133,-1.661935,-27.363368,-67.064640,35.808915,-32.621153,-70.537737,-22.738074,-15.731395,-19.828133,-1.661935,-27.363368,90.000000,
-19.828133,-1.661935,-27.363368,14.749324,-27.186990,-33.994097,29.866251,20.610086,-18.479310,-19.828133,-1.661935,-27.363368,90.000000,
-19.828133,-1.661935,-27.363368,-67.064640,35.808915,-32.621153,-70.537737,-22.738074,-15.731395,-19.828133,-1.661935,-27.363368,90.000000,
-19.828133,-1.661935,-27.363368,14.749324,-27.186990,-33.994097,29.866251,20.610086,-18.479310,-19.828133,-1.661935,-27.363368,90.000000,
-19.828133,-1.661935,-27.363368,-67.064640,35.808915,-32.621153,-70.537737,-22.738074,-15.731395,-19.828133,-1.661935,-27.363368,90.000000,
-19.828133,-1.661935,-27.363368,14.749324,-27.186990,-33.994097,29.866251,20.610086,-18.479310,-19.828133,-1.661935,-27.363368,90.000000,
-19.828133,-1.661935,-27.363368,-67.064640,35.808915,-32.621153,-70.537737,-22.738074,-15.731395,-19.828133,-1.661935,-27.363368,90.000000,
-19.828133,-1.661935,-27.363368,14.749324,-27.186990,-33.994097,29.866251,20.610086,-18.479310,-19.828133,-1.661935,-27.363368,90.000000,
-19.828133,-1.661935,-27.363368,-67.064640,35.808915,-32.621153,-70.537737,-22.738074,-15.731395,-19.828133,-1.661935,-27.363368,90.000000,
-19.828133,-1.661935,-27.363368,14.749324,-27.186990,-33.994097,29.866251,20.610086,-18.479310,-19.828133,-1.661935,-27.363368,90.000000,
-19.828133,-1.661935,-27.363368,-67.064640,35.808915,-32.621153,-70.537737,-22.738074,-15.731395,-19.828133,-1.661935,-27.363368,90.000000,
-19.828133,-1.661935,-27.363368,14.749324,-27.186990,-33.994097,29.866251,20.610086,-18.479310,-19.828133,-1.661935,-27.363368,90.000000,
-19.828133,-1.661935,-27.363368,-67.064640,35.808915,-32.621153,-70.537737,-22.738074,-15.731395,-19.828133,-1.661935,-27.363368,90.000000,
-19.828133,-1.661935,-27.363368,14.749324,-27.186990,-33.994097,29.866251,20.610086,-18.479310,-19.828133,-1.661935,-27.363368,90.000000,
-19.828133,-1.661935,-27.363368,-67.064640,35.808915,-32.621153,-70.537737,-22.738074,-15.731395,-19.828133,-1.661935,-27.363368,90.000000,
-19.828133,-1.661935,-27.363368,14.749324,-27.186990,-33.994097,29.866251,20.610086,-18.479310,-19.828133,-1.661935,-27.363368,90.000000,
-19.828133,-1.661935,-27.363368,-67.064640,35.808915,-32.621153,-70.537737,-22.738074,-15.731395,-19.828133,-1.661935,-27.363368,90.000000,
-19.828133,-1.661935,-27.363368,14.749324,-27.186990,-33.994097,29.866251,20.610086,-18.479310,-19.828133,-1.661935,-27.363368,90.000000,
-19.828133,-1.661935,-27.363368,-67.064640,35.808915,-32.621153,-70.537737,-22.738074,-15.731395,-19.828133,-1.661935,-27.363368,90.000000,
-19.828133,-1.661935,-27.363368,14.749324,-27.186990,-33.994097,29.866251,20.610086,-18.479310,-19.828133,-1.661935,-27.363368,90.000000,
-19.828133,-1.661935,-27.363368,-67.064640,35.808915,-32.621153,-70.537737,-22.738074,-15.731395,-19.828133,-1.661935,-27.363368,90.000000,
-19.828133,-1.661935,-27.363368,14.749324,-27.186990,-33.994097,29.866251,20.610086,-18.479310,-19.828133,-1.661935,-27.363368,90.000000,
-19.828133,-1.661935,-27.363368,-67.064640,35.808915,-32.621153,-70.537737,-22.738074,-15.731395,-19.828133,-1.661935,-27.363368,90.000000,
-19.828133,-1.661935,-27.363368,14.749324,-27.186990,-33.994097,29.866251,20.610086,-18.479310,-19.828133,-1.661935,-27.363368,90.000000,
-19.828133,-1.661935,-27.363368,-67.064640,35.808915,-32.621153,-70.537737,-22.738074,-15.731395,-19.828133,-1.661935,-27.363368,90.000000,
-19.828133,-1.661935,-27.363368,14.749324,-27.186990,-33.994097,29.866251,20.610086,-18.479310,-19.828133,-1.661935,-27.363368,90.000000,
-19.828133,-1.661935,-27.363368,-67.064640,35.808915,-32.621153,-70.537737,-22.738074,-15.731395,-19.828133,-1.661935,-27.363368,90.000000,
-19.828133,-1.661935,-27.363368,14.749324,-27.186990,-33.994097,29.866251,20.610086,-18.479310,-19.828133,-1.661935,-27.363368,90.000000,
-19.828133,-1.661935,-27.363368,-67.064640,35.808915,-32.621153,-70.537737,-22.738074,-15.731395,-19.828133,-1.661935,-27.363368,90.000000,
-19.828133,-1.661935,-27.363368,14.749324,-27.186990,-33.994097,29.866251,20.610086,-18.479310,-19.828133,-1.661935,-27.363368,90.000000,
-19.828133,-1.661935,-27.363368,-67.064640,35.808915,-32.621153,-70.537737,-22.738074,-15.731395,-19.828133,-1.661935,-27.363368,90.000000,
-19.828133,-1.661935,-27.363368,14.749324,-27.186990,-33.994097,29.866251,20.610086,-18.479310,-19.828133,-1.661935,-27.363368,90.000000,
-19.828133,-1.661935,-27.363368,-67.064640,35.808915,-32.621153,-70.537737,-22.738074,-15.731395,-19.828133,-1.661935,-27.363368,90.000000,
-19.828133,-1.661935,-27.363368,14.749324,-27.186990,-33.994097,29.866251,20.610086,-18.479310,-19.828133,-1.661935,-27.363368,90.000000,
-19.828133,-1.661935,-27.363368,-67.064640,35.808915,-32.621153,-70.537737,-22.738074,-15.731395,-19.828133,-1.661935,-27.363368,90.000000,
-19.828133,-1.661935,-27.363368,14.749324,-27.186990,-33.994097,29.866251,20.610086,-18.479310,-19.828133,-1.661935,-27.363368,90.000000,
-19.828133,-1.661935,-27.363368,-67.064640,35.808915,-32.621153,-70.537737,-22.738074,-15.731395,-19.828133,-1.661935,-27.363368,90.000000,
-19.828133,-1.661935,-27.363368,14.749324,-27.186990,-33.994097,29.866251,20.610086,-18.479310,-19.828133,-1.661935,-27.363368,90.000000,
-19.828133,-1.661935,-27.363368,-67.064640,35.808915,-32.621153,-70.537737,-22.738074,-15.731395,-19.828133,-1.661935,-27.363368,90.000000,
-19.828133,-1.661935,-27.363368,14.749324,-27.186990,-33.994097,29.866251,20.610086,-18.479310,-19.828133,-1.661935,-27.363368,90.000000,
-19.828133,-1.661935,-27.363368,-67.064640,35.808915,-32.621153,-70.537737,-22.738074,-15.731395,-19.828133,-1.661935,-27.363368,90.000000,
-19.828133,-1.661935,-27.363368,14.749324,-27.186990,-33.994097,29.866251,20.610086,-18.479310,-19.828133,-1.661935,-27.363368,90.000000,
-19.828133,-1.661935,-27.363368,-67.064640,35.808915,-32.621153,-70.537737,-22.738074,-15.731395,-19.828133,-1.661935,-27.363368,90.000000,
-19.828133,-1.661935,-27.363368,14.749324,-27.186990,-33.994097,29.866251,20.610086,-18.479310,-19.828133,-1.661935,-27.363368,90.000000,
-19.828133,-1.661935,-27.363368,-67.064640,35.808915,-32.621153,-70.537737,-22.738074,-15.731395,-19.828133,-1.661935,-27.363368,90.000000,
-19.828133,-1.661935,-27.363368,14.749324,-27.186990,-33.994097,29.866251,20.610086,-18.479310,-19.828133,-1.661935,-27.363368,90.000000,
-19.828133,-1.661935,-27.363368,-67.064640,35.808915,-32.621153,-70.537737,-22.738074,-15.731395,-19.828133,-1.661935,-27.363368,90.000000,
-19.828133,-1.661935,-27.363368,14.749324,-27.186990,-33.994097,29.866251,20.610086,-18.479310,-19.828133,-1.661935,-27.363368,90.000000,
-19.828133,-1.661935,-27.363368,-67.064640,35.808915,-32.621153,-70.537737,-22.738074,-15.731395,-19.828133,-1.661935,-27.363368,90.000000,
-19.828133,-1.661935,-27.363368,14.749324,-27.186990,-33.994097,29.866251,20.610086,-18.479310,-19.828133,-1.661935,-27.363368,90.000000,
-19.828133,-1.661935,-27.363368,-67.064640,35.808915,-32.621153,-70.537737,-22.738074,-15.731395,-19.828133,-1.661935,-27.363368,90.000000,
-19.828133,-1.661935,-27.363368,14.749324,-27.186990,-33.994097,29.866251,20.610086,-18.479310,-19.828133,-1.661935,-27.363368,90.000000,
-19.828133,-1.661935,-27.363368,-67.064640,35.808915,-32.621153,-70.537737,-22.738074,-15.731395,-19.828133,-1.661935,-27.363368,90.000000,
-19.828133,-1.661935,-27.363368,14.749324,-27.186990,-33.994097,29.866251,20.610086,-18.479310,-19.828133,-1.661935,-27.363368,90.000000,
-19.828133,-1.661935,-27.363368,-67.064640,35.808915,-32.621153,-70.537737,-22.738074,-15.731395,-19.828133,-1.661935,-27.363368,90.000000,
-19.828133,-1.661935,-27.363368,14.749324,-27.186990,-33.994097,29.866251,20.610086,-18.479310,-19.828133,-1.661935,-27.363368,90.000000,
-19.828133,-1.661935,-27.363368,-67.064640,35.808915,-32.621153,-70.537737,-22.738074,-15.731395,-19.828133,-1.661935,-27.363368,90.000000,
-19.828133,-1.661935,-27.363368,14.749324,-27.186990,-33.994097,29.866251,20.610086,-18.479310,-19.828133,-1.661935,-27.363368,90.000000,
-19.828133,-1.661935,-27.363368,-67.064640,35.808915,-32.621153,-70.537737,-22.738074,-15.731395,-19.828133,-1.661935,-27.363368,90.000000,
-19.828133,-1.661935,-27.363368,14.749324,-27.186990,-33.994097,29.866251,20.610086,-18.479310,-19.828133,-1.661935,-27.363368,90.000000,
-19.828133,-1.661935,-27.363368,-67.064640,35.808915,-32.621153,-70.537737,-22.738074,-15.731395,-19.828133,-1.661935,-27.363368,90.000000,
-19.828133,-1.661935,-27.363368,14.749324,-27.186990,-33.994097,29.866251,20.610086,-18.479310,-19.828133,-1.661935,-27.363368,90.000000,
-19.828133,-1.661935,-27.363368,-67.064640,35.808915,-32.621153,-70.537737,-22.738074,-15.731395,-19.828133,-1.661935,-27.363368,90.000000,
-19.828133,-1.661935,-27.363368,14.749324,-27.186990,-33.994097,29.866251,20.610086,-18.479310,-19.828133,-1.661935,-27.363368,90.000000,
-19.828133,-1.661935,-27.363368,-67.064640,35.808915,-32.621153,-70.537737,-22.738074,-15.731395,-19.828133,-1.661935,-27.363368,90.000000,
-19.828133,-1.661935,-27.363368,14.749324,-27.186990,-33.994097,29.866251,20.610086,-18.479310,-19.828133,-1.661935,-27.363368,90.000000,
-19.828133,-1.661935,-27.363368,-67.064640,35.808915,-32.621153,-70.537737,-22.738074,-15.731395,-19.828133,-1.661935,-27.363368,90.000000,
-19.828133,-1.661935,-27.363368,14.749324,-27.186990,-33.994097,29.866251,20.610086,-18.479310,-19.828133,-1.661935,-27.363368,90.000000,
-19.828133,-1.661935,-27.363368,-67.064640,35.808915,-32.621153,-70.537737,-22.738074,-15.731395,-19.828133,-1.661935,-27.363368,90.000000,
-19.828133,-1.661935,-27.363368,14.749324,-27.186990,-33.994097,29.866251,20.610086,-18.479310,-19.828133,-1.661935,-27.363368,90.000000,
-19.828133,-1.661935,-27.363368,-67.064640,35.808915,-32.621153,-70.537737,-22.738074,-15.731395,-19.828133,-1.661935,-27.363368,90.000000,
-19.828133,-1.661935,-27.363368,14.749324,-27.186990,-33.994097,29.866251,20.610086,-18.479310,-19.828133,-1.661935,-27.363368,90.000000,
-19.828133,-1.661935,-27.363368,-67.064640,35.808915,-32.621153,-70.537737,-22.738074,-15.731395,-19.828133,-1.661935,-27.363368,90.000000,
-19.828133,-1.661935,-27.363368,14.749324,-27.186990,-33.994097,29.866251,20.610086,-18.479310,-19.828133,-1.661935,-27.363368,90.000000,
-19.828133,-1.661935,-27.363368,-67.064640,35.808915,-32.621153,-70.537737,-22.738074,-15.731395,-19.828133,-1.661935,-27.363368,90.000000,
-19.828133,-1.661935,-27.363368,14.749324,-27.186990,-33.994097,29.866251,20.610086,-18.479310,-19.828133,-1.661935,-27.363368,90.000000,
-19.828133,-1.661935,-27.363368,-67.064640,35.808915,-32.621153,-70.537737,-22.738074,-15.731395,-19.828133,-1.661935,-27.363368,90.000000,
-19.828133,-1.661935,-27.363368,14.749324,-27.186990,-33.994097,29.866251,20.610086,-18.479310,-19.828133,-1.661935,-27.363368,90.000000,
-19.828133,-1.661935,-27.363368,-67.064640,35.808915,-32.621153,-70.537737,-22.738074,-15.731395,-19.828133,-1.661935,-27.363368,90.000000,
-19.828133,-1.661935,-27.363368,14.749324,-27.186990,-33.994097,29.866251,20.610086,-18.479310,-19.828133,-1.661935,-27.363368,90.000000,
-19.828133,-1.661935,-27.363368,-67.064640,35.808915,-32.621153,-70.537737,-22.738074,-15.731395,-19.828133,-1.661935,-27.363368,90.000000,
-19.828133,-1.661935,-27.363368,14.749324,-27.186990,-33.994097,29.866251,20.610086,-18.479310,-19.828133,-1.661935,-27.363368,90.000000,
-19.828133,-1.661935,-27.363368,-67.064640,35.808915,-32.621153,-70.537737,-22.738074,-15.731395,-19.828133,-1.661935,-27.363368,90.000000,
-19.828133,-1.661935,-27.363368,14.749324,-27.186990,-33.994097,29.866251,20.610086,-18.479310,-19.828133,-1.661935,-27.363368,90.000000,
-19.828133,-1.661935,-27.363368,-67.064640,35.808915,-32.621153,-70.537737,-22.738074,-15.731395,-19.828133,-1.661935,-27.363368,90.000000,
-19.828133,-1.661935,-27.363368,14.749324,-27.186990,-33.994097,29.866251,20.610086,-18.479310,-19.828133,-1.661935,-27.363368,90.000000,
-19.828133,-1.661935,-27.363368,-67.064640,35.808915,-32.621153,-70.537737,-22.738074,-15.731395,-19.828133,-1.661935,-27.363368,90.000000,
-19.828133,-1.661935,-27.363368,14.749324,-27.186990,-33.994097,29.866251,20.610086,-18.479310,-19.828133,-1.661935,-27.363368,90.000000,
-19.828133,-1.661935,-27.363368,-67.064640,35.808915,-32.621153,-70.537737,-22.738074,-15.731395,-19.828133,-1.661935,-27.363368,90.000000,
-19.828133,-1.661935,-27.363368,14.749324,-27.186990,-33.994097,29.866251,20.610086,-18.479310,-19.828133,-1.661935,-27.363368,90.000000,
-19.828133,-1.661935,-27.363368,-67.064640,35.808915,-32.621153,-70.537737,-22.738074,-15.731395,-19.828133,-1.661935,-27.363368,90.000000,
-19.828133,-1.661935,-27.363368,14.749324,-27.186990,-33.994097,29.866251,20.610086,-18.479310,-19.828133,-1.661935,-27.363368,90.000000,
-19.828133,-1.661935,-27.363368,-67.064640,35.808915,-32.621153,-70.537737,-22.738074,-15.731395,-19.828133,-1.661935,-27.363368,90.000000,
-19.828133,-1.661935,-27.363368,14.749324,-27.186990,-33.994097,29.866251,20.610086,-18.479310,-19.828133,-1.661935,-27.363368,90.000000,
-19.828133,-1.661935,-27.363368,-67.064640,35.808915,-32.621153,-70.537737,-22.738074,-15.731395,-19.828133,-1.661935,-27.363368,90.000000,
-19.828133,-1.661935,-27.363368,14.749324,-27.186990,-33.994097,29.866251,20.610086,-18.479310,-19.828133,-1.661935,-27.363368,90.000000,
-19.828133,-1.661935,-27.363368,-67.064640,35.808915,-32.621153,-70.537737,-22.738074,-15.731395,-19.828133,-1.661935,-27.363368,90.000000,
-19.828133,-1.661935,-27.363368,14.749324,-27.186990,-33.994097,29.866251,20.610086,-18.479310,-19.828133,-1.661935,-27.363368,90.000000,
-19.828133,-1.661935,-27.363368,-67.064640,35.808915,-32.621153,-70.537737,-22.738074,-15.731395,-19.828133,-1.661935,-27.363368,90.000000,
-19.828133,-1.661935,-27.363368,14.749324,-27.186990,-33.994097,29.866251,20.610086,-18.479310,-19.828133,-1.661935,-27.363368,90.000000,
-19.828133,-1.661935,-27.363368,-67.064640,35.808915,-32.621153,-70.537737,-22.738074,-15.731395,-19.828133,-1.661935,-27.363368,90.000000,
-19.828133,-1.661935,-27.363368,14.749324,-27.186990,-33.994097,29.866251,20.610086,-18.479310,-19.828133,-1.661935,-27.363368,90.000000,
-19.828133,-1.661935,-27.363368,-67.064640,35.808915,-32.621153,-70.537737,-22.738074,-15.731395,-19.828133,-1.661935,-27.363368,90.000000,
-19.828133,-1.661935,-27.363368,14.749324,-27.186990,-33.994097,29.866251,20.610086,-18.479310,-19.828133,-1.661935,-27.363368,90.000000,
-19.828133,-1.661935,-27.363368,-67.064640,35.808915,-32.621153,-70.537737,-22.738074,-15.731395,-19.828133,-1.661935,-27.363368,90.000000,
-19.828133,-1.661935,-27.363368,14.749324,-27.186990,-33.994097,29.866251,20.610086,-18.479310,-19.828133,-1.661935,-27.363368,90.000000,
-19.828133,-1.661935,-27.363368,-67.064640,35.808915,-32.621153,-70.537737,-22.738074,-15.731395,-19.828133,-1.661935,-27.363368,90.000000,
-19.828133,-1.661935,-27.363368,14.749324,-27.186990,-33.994097,29.866251,20.610086,-18.479310,-19.828133,-1.661935,-27.363368,90.000000,
-19.828133,-1.661935,-27.363368,-67.064640,35.808915,-32.621153,-70.537737,-22.738074,-15.731395,-19.828133,-1.661935,-27.363368,90.000000,
-19.828133,-1.661935,-27.363368,14.749324,-27.186990,-33.994097,29.866251,20.610086,-18.479310,-19.828133,-1.661935,-27.363368,90.000000,
-19.828133,-1.661935,-27.363368,-67.064640,35.808915,-32.621153,-70.537737,-22.738074,-15.731395,-19.828133,-1.661935,-27.363368,90.000000,
-19.828133,-1.661935,-27.363368,14.749324,-27.186990,-33.994097,29.866251,20.610086,-18.479310,-19.828133,-1.661935,-27.363368,90.000000,
-19.828133,-1.661935,-27.363368,-67.064640,35.808915,-32.621153,-70.537737,-22.738074,-15.731395,-19.828133,-1.661935,-27.363368,90.000000,
-19.828133,-1.661935,-27.363368,14.749324,-27.186990,-33.994097,29.866251,20.610086,-18.479310,-19.828133,-1.661935,-27.363368,90.000000,
-19.828133,-1.661935,-27.363368,-67.064640,35.808915,-32.621153,-70.537737,-22.738074,-15.731395,-19.828133,-1.661935,-27.363368,90.000000,
-19.828133,-1.661935,-27.363368,14.749324,-27.186990,-33.994097,29.866251,20.610086,-18.479310,-19.828133,-1.661935,-27.363368,90.000000,
-19.828133,-1.661935,-27.363368,-67.064640,35.808915,-32.621153,-70.537737,-22.738074,-15.731395,-19.828133,-1.661935,-27.363368,90.000000,
-19.828133,-1.661935,-27.363368,14.749324,-27.186990,-33.994097,29.866251,20.610086,-18.479310,-19.828133,-1.661935,-27.363368,90.000000,
-19.828133,-1.661935,-27.363368,-67.064640,35.808915,-32.621153,-70.537737,-22.738074,-15.731395,-19.828133,-1.661935,-27.363368,90.000000,
-19.828133,-1.661935,-27.363368,14.749324,-27.186990,-33.994097,29.866251,20.610086,-18.479310,-19.828133,-1.661935,-27.363368,90.000000,
-19.828133,-1.661935,-27.363368,-67.064640,35.808915,-32.621153,-70.537737,-22.738074,-15.731395,-19.828133,-1.661935,-27.363368,90.000000,
-19.828133,-1.661935,-27.363368,14.749324,-27.186990,-33.994097,29.866251,20.610086,-18.479310,-19.828133,-1.661935,-27.363368,90.000000,
-19.828133,-1.661935,-27.363368,-67.064640,35.808915,-32.621153,-70.537737,-22.738074,-15.731395,-19.828133,-1.661935,-27.363368,90.000000,
-19.828133,-1.661935,-27.363368,14.749324,-27.186990,-33.994097,29.866251,20.610086,-18.479310,-19.828133,-1.661935,-27.363368,90.000000,
-19.828133,-1.661935,-27.363368,-67.064640,35.808915,-32.621153,-70.537737,-22.738074,-15.731395,-19.828133,-1.661935,-27.363368,90.000000,
-19.828133,-1.661935,-27.363368,14.749324,-27.186990,-33.994097,29.866251,20.610086,-18.479310,-19.828133,-1.661935,-27.363368,90.000000,
-19.828133,-1.661935,-27.363368,-67.064640,35.808915,-32.621153,-70.537737,-22.738074,-15.731395,-19.828133,-1.661935,-27.363368,90.000000,
-19.828133,-1.661935,-27.363368,14.749324,-27.186990,-33.994097,29.866251,20.610086,-18.479310,-19.828133,-1.661935,-27.363368,90.000000,
-19.828133,-1.661935,-27.363368,-67.064640,35.808915,-32.621153,-70.537737,-22.738074,-15.731395,-19.828133,-1.661935,-27.363368,90.000000,
-19.828133,-1.661935,-27.363368,14.749324,-27.186990,-33.994097,29.866251,20.610086,-18.479310,-19.828133,-1.661935,-27.363368,90.000000,
-19.828133,-1.661935,-27.363368,-67.064640,35.808915,-32.621153,-70.537737,-22.738074,-15.731395,-19.828133,-1.661935,-27.363368,90.000000,
-19.828133,-1.661935,-27.363368,14.749324,-27.186990,-33.994097,29.866251,20.610086,-18.479310,-19.828133,-1.661935,-27.363368,90.000000,
-19.828133,-1.661935,-27.363368,-67.064640,35.808915,-32.621153,-70.537737,-22.738074,-15.731395,-19.828133,-1.661935,-27.363368,90.000000,
-19.828133,-1.661935,-27.363368,14.749324,-27.186990,-33.994097,29.866251,20.610086,-18.479310,-19.828133,-1.661935,-27.363368,90.000000,
-19.828133,-1.661935,-27.363368,-67.064640,35.808915,-32.621153,-70.537737,-22.738074,-15.731395,-19.828133,-1.661935,-27.363368,90.000000,
-19.828133,-1.661935,-27.363368,14.749324,-27.186990,-33.994097,29.866251,20.610086,-18.479310,-19.828133,-1.661935,-27.363368,90.000000,
-19.828133,-1.661935,-27.363368,-67.064640,35.808915,-32.621153,-70.537737,-22.738074,-15.731395,-19.828133,-1.661935,-27.363368,90.000000,
-19.828133,-1.661935,-27.363368,14.749324,-27.186990,-33.994097,29.866251,20.610086,-18.479310,-19.828133,-1.661935,-27.363368,90.000000,
-19.828133,-1.661935,-27.363368,-67.064640,35.808915,-32.621153,-70.537737,-22.738074,-15.731395,-19.828133,-1.661935,-27.363368,90.000000,
-19.828133,-1.661935,-27.363368,14.749324,-27.186990,-33.994097,29.866251,20.610086,-18.479310,-19.828133,-1.661935,-27.363368,90.000000,
-19.828133,-1.661935,-27.363368,-67.064640,35.808915,-32.621153,-70.537737,-22.738074,-15.731395,-19.828133,-1.661935,-27.363368,90.000000,
-19.828133,-1.661935,-27.363368,14.749324,-27.186990,-33.994097,29.866251,20.610086,-18.479310,-19.828133,-1.661935,-27.363368,90.000000,
-19.828133,-1.661935,-27.363368,-67.064640,35.808915,-32.621153,-70.537737,-22.738074,-15.731395,-19.828133,-1.661935,-27.363368,90.000000,
-19.828133,-1.661935,-27.363368,14.749324,-27.186990,-33.994097,29.866251,20.610086,-18.479310,-19.828133,-1.661935,-27.363368,90.000000,
-19.828133,-1.661935,-27.363368,-67.064640,35.808915,-32.621153,-70.537737,-22.738074,-15.731395,-19.828133,-1.661935,-27.363368,90.000000,
-19.828133,-1.661935,-27.363368,14.749324,-27.186990,-33.994097,29.866251,20.610086,-18.479310,-19.828133,-1.661935,-27.363368,90.000000,
-19.828133,-1.661935,-27.363368,-67.064640,35.808915,-32.621153,-70.537737,-22.738074,-15.731395,-19.828133,-1.661935,-27.363368,90.000000,
-19.828133,-1.661935,-27.363368,14.749324,-27.186990,-33.994097,29.866251,20.610086,-18.479310,-19.828133,-1.661935,-27.363368,90.000000,
-19.828133,-1.661935,-27.363368,-67.064640,35.808915,-32.621153,-70.537737,-22.738074,-15.731395,-19.828133,-1.661935,-27.363368,90.000000,
-19.828133,-1.661935,-27.363368,14.749324,-27.186990,-33.994097,29.866251,20.610086,-18.479310,-19.828133,-1.661935,-27.363368,90.000000,
-19.828133,-1.661935,-27.363368,-67.064640,35.808915,-32.621153,-70.537737,-22.738074,-15.731395,-19.828133,-1.661935,-27.363368,90.000000,
-19.828133,-1.661935,-27.363368,14.749324,-27.186990,-33.994097,29.866251,20.610086,-18.479310,-19.828133,-1.661935,-27.363368,90.000000,
-19.828133,-1.661935,-27.363368,-67.064640,35.808915,-32.621153,-70.537737,-22.738074,-15.731395,-19.828133,-1.661935,-27.363368,90.000000,
-19.828133,-1.661935,-27.363368,14.749324,-27.186990,-33.994097,29.866251,20.610086,-18.479310,-19.828133,-1.661935,-27.363368,90.000000,
-19.828133,-1.661935,-27.363368,-67.064640,35.808915,-32.621153,-70.537737,-22.738074,-15.731395,-19.828133,-1.661935,-27.363368,90.000000,
-19.828133,-1.661935,-27.363368,14.749324,-27.186990,-33.994097,29.866251,20.610086,-18.479310,-19.828133,-1.661935,-27.363368,90.000000,
-19.828133,-1.661935,-27.363368,-67.064640,35.808915,-32.621153,-70.537737,-22.738074,-15.731395,-19.828133,-1.661935,-27.363368,90.000000,
-19.828133,-1.661935,-27.363368,14.749324,-27.186990,-33.994097,29.866251,20.610086,-18.479310,-19.828133,-1.661935,-27.363368,90.000000,
-19.828133,-1.661935,-27.363368,-67.064640,35.808915,-32.621153,-70.537737,-22.738074,-15.731395,-19.828133,-1.661935,-27.363368,90.000000,
-19.828133,-1.661935,-27.363368,14.749324,-27.186990,-33.994097,29.866251,20.610086,-18.479310,-19.828133,-1.661935,-27.363368,90.000000,
-19.828133,-1.661935,-27.363368,-67.064640,35.808915,-32.621153,-70.537737,-22.738074,-15.731395,-19.828133,-1.661935,-27.363368,90.000000,
-19.828133,-1.661935,-27.363368,14.749324,-27.186990,-33.994097,29.866251,20.610086,-18.479310,-19.828133,-1.661935,-27.363368,90.000000,
-19.828133,-1.661935,-27.363368,-67.064640,35.808915,-32.621153,-70.537737,-22.738074,-15.731395,-19.828133,-1.661935,-27.363368,90.000000,
-19.828133,-1.661935,-27.363368,14.749324,-27.186990,-33.994097,29.866251,20.610086,-18.479310,-19.828133,-1.661935,-27.363368,90.000000,
-19.828133,-1.661935,-27.363368,-67.064640,35.808915,-32.621153,-70.537737,-22.738074,-15.731395,-19.828133,-1.661935,-27.363368,90.000000,
-19.828133,-1.661935,-27.363368,14.749324,-27.186990,-33.994097,29.866251,20.610086,-18.479310,-19.828133,-1.661935,-27.363368,90.000000,
-19.828133,-1.661935,-27.363368,-67.064640,35.808915,-32.621153,-70.537737,-22.738074,-15.731395,-19.828133,-1.661935,-27.363368,90.000000,
-19.828133,-1.661935,-27.363368,14.749324,-27.186990,-33.994097,29.866251,20.610086,-18.479310,-19.828133,-1.661935,-27.363368,90.000000,
-19.828133,-1.661935,-27.363368,-67.064640,35.808915,-32.621153,-70.537737,-22.738074,-15.731395,-19.828133,-1.661935,-27.363368,90.000000,
-19.828133,-1.661935,-27.363368,14.749324,-27.186990,-33.994097,29.866251,20.610086,-18.479310,-19.828133,-1.661935,-27.363368,90.000000,
-19.828133,-1.661935,-27.363368,-67.064640,35.808915,-32.621153,-70.537737,-22.738074,-15.731395,-19.828133,-1.661935,-27.363368,90.000000,
-19.828133,-1.661935,-27.363368,14.749324,-27.186990,-33.994097,29.866251,20.610086,-18.479310,-19.828133,-1.661935,-27.363368,90.000000,
-19.828133,-1.661935,-27.363368,-67.064640,35.808915,-32.621153,-70.537737,-22.738074,-15.731395,-19.828133,-1.661935,-27.363368,90.000000,
-19.828133,-1.661935,-27.363368,14.749324,-27.186990,-33.994097,29.866251,20.610086,-18.479310,-19.828133,-1.661935,-27.363368,90.000000,
-19.828133,-1.661935,-27.363368,-67.064640,35.808915,-32.621153,-70.537737,-22.738074,-15.731395,-19.828133,-1.661935,-27.363368,90.000000,
-19.828133,-1.661935,-27.363368,14.749324,-27.186990,-33.994097,29.866251,20.610086,-18.479310,-19.828133,-1.661935,-27.363368,90.000000,
-19.828133,-1.661935,-27.363368,-67.064640,35.808915,-32.621153,-70.537737,-22.738074,-15.731395,-19.828133,-1.661935,-27.363368,90.000000,
-19.828133,-1.661935,-27.363368,14.749324,-27.186990,-33.994097,29.866251,20.610086,-18.479310,-19.828133,-1.661935,-27.363368,90.000000,
-19.828133,-1.661935,-27.363368,-67.064640,35.808915,-32.621153,-70.537737,-22.738074,-15.731395,-19.828133,-1.661935,-27.363368,90.000000,
-19.828133,-1.661935,-27.363368,14.749324,-27.186990,-33.994097,29.866251,20.610086,-18.479310,-19.828133,-1.661935,-27.363368,90.000000,
-19.828133,-1.661935,-27.363368,-67.064640,35.808915,-32.621153,-70.537737,-22.738074,-15.731395,-19.828133,-1.661935,-27.363368,90.000000,
-19.828133,-1.661935,-27.363368,14.749324,-27.186990,-33.994097,29.866251,20.610086,-18.479310,-19.828133,-1.661935,-27.363368,90.000000,
-19.828133,-1.661935,-27.363368,-67.064640,35.808915,-32.621153,-70.537737,-22.738074,-15.731395,-19.828133,-1.661935,-27.363368,90.000000,
-19.828133,-1.661935,-27.363368,14.749324,-27.186990,-33.994097,29.866251,20.610086,-18.479310,-19.828133,-1.661935,-27.363368,90.000000,
-19.828133,-1.661935,-27.363368,-67.064640,35.808915,-32.621153,-70.537737,-22.738074,-15.731395,-19.828133,-1.661935,-27.363368,90.000000,
-19.828133,-1.661935,-27.363368,14.749324,-27.186990,-33.994097,29.866251,20.610086,-18.479310,-19.828133,-1.661935,-27.363368,90.000000,
-19.828133,-1.661935,-27.363368,-67.064640,35.808915,-32.621153,-70.537737,-22.738074,-15.731395,-19.828133,-1.661935,-27.363368,90.000000,
-19.828133,-1.661935,-27.363368,14.749324,-27.186990,-33.994097,29.866251,20.610086,-18.479310,-19.828133,-1.661935,-27.363368,90.000000,
-19.828133,-1.661935,-27.363368,-67.064640,35.808915,-32.621153,-70.537737,-22.738074,-15.731395,-19.828133,-1.661935,-27.363368,90.000000,
-19.828133,-1.661935,-27.363368,14.749324,-27.186990,-33.994097,29.866251,20.610086,-18.479310,-19.828133,-1.661935,-27.363368,90.000000,
-19.828133,-1.661935,-27.363368,-67.064640,35.808915,-32.621153,-70.537737,-22.738074,-15.731395,-19.828133,-1.661935,-27.363368,90.000000,
-19.828133,-1.661935,-27.363368,14.749324,-27.186990,-33.994097,29.866251,20.610086,-18.479310,-19.828133,-1.661935,-27.363368,90.000000,
-19.828133,-1.661935,-27.363368,-67.064640,35.808915,-32.621153,-70.537737,-22.738074,-15.731395,-19.828133,-1.661935,-27.363368,90.000000,
-19.828133,-1.661935,-27.363368,14.749324,-27.186990,-33.994097,29.866251,20.610086,-18.479310,-19.828133,-1.661935,-27.363368,90.000000,
-19.828133,-1.661935,-27.363368,-67.064640,35.808915,-32.621153,-70.537737,-22.738074,-15.731395,-19.828133,-1.661935,-27.363368,90.000000,
-19.828133,-1.661935,-27.363368,14.749324,-27.186990,-33.994097,29.866251,20.610086,-18.479310,-19.828133,-1.661935,-27.363368,90.000000,
-19.828133,-1.661935,-27.363368,-67.064640,35.808915,-32.621153,-70.537737,-22.738074,-15.731395,-19.828133,-1.661935,-27.363368,90.000000,
-19.828133,-1.661935,-27.363368,14.749324,-27.186990,-33.994097,29.866251,20.610086,-18.479310,-19.828133,-1.661935,-27.363368,90.000000,
-19.828133,-1.661935,-27.363368,-67.064640,35.808915,-32.621153,-70.537737,-22.738074,-15.731395,-19.828133,-1.661935,-27.363368,90.000000,
-19.828133,-1.661935,-27.363368,14.749324,-27.186990,-33.994097,29.866251,20.610086,-18.479310,-19.828133,-1.661935,-27.363368,90.000000,
-19.828133,-1.661935,-27.363368,-67.064640,35.808915,-32.621153,-70.537737,-22.738074,-15.731395,-19.828133,-1.661935,-27.363368,90.000000,
-19.828133,-1.661935,-27.363368,14.749324,-27.186990,-33.994097,29.866251,20.610086,-18.479310,-19.828133,-1.661935,-27.363368,90.000000,
-19.828133,-1.661935,-27.363368,-67.064640,35.808915,-32.621153,-70.537737,-22.738074,-15.731395,-19.828133,-1.661935,-27.363368,90.000000,
-19.828133,-1.661935,-27.363368,14.749324,-27.186990,-33.994097,29.866251,20.610086,-18.479310,-19.828133,-1.661935,-27.363368,90.000000,
-19.828133,-1.661935,-27.363368,-67.064640,35.808915,-32.621153,-70.537737,-22.738074,-15.731395,-19.828133,-1.661935,-27.363368,90.000000,
-19.828133,-1.661935,-27.363368,14.749324,-27.186990,-33.994097,29.866251,20.610086,-18.479310,-19.828133,-1.661935,-27.363368,90.000000,
-19.828133,-1.661935,-27.363368,-67.064640,35.808915,-32.621153,-70.537737,-22.738074,-15.731395,-19.828133,-1.661935,-27.363368,90.000000,
-19.828133,-1.661935,-27.363368,14.749324,-27.186990,-33.994097,29.866251,20.610086,-18.479310,-19.828133,-1.661935,-27.363368,90.000000,
-19.828133,-1.661935,-27.363368,-67.064640,35.808915,-32.621153,-70.537737,-22.738074,-15.731395,-19.828133,-1.661935,-27.363368,90.000000,
-19.828133,-1.661935,-27.363368,14.749324,-27.186990,-33.994097,29.866251,20.610086,-18.479310,-19.828133,-1.661935,-27.363368,90.000000,
-19.828133,-1.661935,-27.363368,-67.064640,35.808915,-32.621153,-70.537737,-22.738074,-15.731395,-19.828133,-1.661935,-27.363368,90.000000,
-19.828133,-1.661935,-27.363368,14.749324,-27.186990,-33.994097,29.866251,20.610086,-18.479310,-19.828133,-1.661935,-27.363368,90.000000,
-19.828133,-1.661935,-27.363368,-67.064640,35.808915,-32.621153,-70.537737,-22.738074,-15.731395,-19.828133,-1.661935,-27.363368,90.000000,
-19.828133,-1.661935,-27.363368,14.749324,-27.186990,-33.994097,29.866251,20.610086,-18.479310,-19.828133,-1.661935,-27.363368,90.000000,
-19.828133,-1.661935,-27.363368,-67.064640,35.808915,-32.621153,-70.537737,-22.738074,-15.731395,-19.828133,-1.661935,-27.363368,90.000000,
-19.828133,-1.661935,-27.363368,14.749324,-27.186990,-33.994097,29.866251,20.610086,-18.479310,-19.828133,-1.661935,-27.363368,90.000000,
-19.828133,-1.661935,-27.363368,-67.064640,35.808915,-32.621153,-70.537737,-22.738074,-15.731395,-19.828133,-1.661935,-27.363368,90.000000,
-19.828133,-1.661935,-27.363368,14.749324,-27.186990,-33.994097,29.866251,20.610086,-18.479310,-19.828133,-1.661935,-27.363368,90.000000,
-19.828133,-1.661935,-27.363368,-67.064640,35.808915,-32.621153,-70.537737,-22.738074,-15.731395,-19.828133,-1.661935,-27.363368,90.000000,
-19.828133,-1.661935,-27.363368,14.749324,-27.186990,-33.994097,29.866251,20.610086,-18.479310,-19.828133,-1.661935,-27.363368,90.000000,
-19.828133,-1.661935,-27.363368,-67.064640,35.808915,-32.621153,-70.537737,-22.738074,-15.731395,-19.828133,-1.661935,-27.363368,90.000000,
-19.828133,-1.661935,-27.363368,14.749324,-27.186990,-33.994097,29.866251,20.610086,-18.479310,-19.828133,-1.661935,-27.363368,90.000000,
-19.828133,-1.661935,-27.363368,-67.064640,35.808915,-32.621153,-70.537737,-22.738074,-15.731395,-19.828133,-1.661935,-27.363368,90.000000,
-19.828133,-1.661935,-27.363368,14.749324,-27.186990,-33.994097,29.866251,20.610086,-18.479310,-19.828133,-1.661935,-27.363368,90.000000,
-19.828133,-1.661935,-27.363368,-67.064640,35.808915,-32.621153,-70.537737,-22.738074,-15.731395,-19.828133,-1.661935,-27.363368,90.000000,
-19.828133,-1.661935,-27.363368,14.749324,-27.186990,-33.994097,29.866251,20.610086,-18.479310,-19.828133,-1.661935,-27.363368,90.000000,
-19.828133,-1.661935,-27.363368,-67.064640,35.808915,-32.621153,-70.537737,-22.738074,-15.731395,-19.828133,-1.661935,-27.363368,90.000000,
-19.828133,-1.661935,-27.363368,14.749324,-27.186990,-33.994097,29.866251,20.610086,-18.479310,-19.828133,-1.661935,-27.363368,90.000000,
-19.828133,-1.661935,-27.363368,-67.064640,35.808915,-32.621153,-70.537737,-22.738074,-15.731395,-19.828133,-1.661935,-27.363368,90.000000,
-19.828133,-1.661935,-27.363368,14.749324,-27.186990,-33.994097,29.866251,20.610086,-18.479310,-19.828133,-1.661935,-27.363368,90.000000,
-19.828133,-1.661935,-27.363368,-67.064640,35.808915,-32.621153,-70.537737,-22.738074,-15.731395,-19.828133,-1.661935,-27.363368,90.000000,
-19.828133,-1.661935,-27.363368,14.749324,-27.186990,-33.994097,29.866251,20.610086,-18.479310,-19.828133,-1.661935,-27.363368,90.000000,
-19.828133,-1.661935,-27.363368,-67.064640,35.808915,-32.621153,-70.537737,-22.738074,-15.731395,-19.828133,-1.661935,-27.363368,90.000000,
-19.828133,-1.661935,-27.363368,14.749324,-27.186990,-33.994097,29.866251,20.610086,-18.479310,-19.828133,-1.661935,-27.363368,90.000000,
-19.828133,-1.661935,-27.363368,-67.064640,35.808915,-32.621153,-70.537737,-22.738074,-15.731395,-19.828133,-1.661935,-27.363368,90.000000,
-19.828133,-1.661935,-27.363368,14.749324,-27.186990,-33.994097,29.866251,20.610086,-18.479310,-19.828133,-1.661935,-27.363368,90.000000,
-19.828133,-1.661935,-27.363368,-67.064640,35.808915,-32.621153,-70.537737,-22.738074,-15.731395,-19.828133,-1.661935,-27.363368,90.000000,
-19.828133,-1.661935,-27.363368,14.749324,-27.186990,-33.994097,29.866251,20.610086,-18.479310,-19.828133,-1.661935,-27.363368,90.000000,
-19.828133,-1.661935,-27.363368,-67.064640,35.808915,-32.621153,-70.537737,-22.738074,-15.731395,-19.828133,-1.661935,-27.363368,90.000000,
-19.828133,-1.661935,-27.363368,14.749324,-27.186990,-33.994097,29.866251,20.610086,-18.479310,-19.828133,-1.661935,-27.363368,90.000000,
-19.828133,-1.661935,-27.363368,-67.064640,35.808915,-32.621153,-70.537737,-22.738074,-15.731395,-19.828133,-1.661935,-27.363368,90.000000,
-19.828133,-1.661935,-27.363368,14.749324,-27.186990,-33.994097,29.866251,20.610086,-18.479310,-19.828133,-1.661935,-27.363368,90.000000,
-19.828133,-1.661935,-27.363368,-67.064640,35.808915,-32.621153,-70.537737,-22.738074,-15.731395,-19.828133,-1.661935,-27.363368,90.000000,
-19.828133,-1.661935,-27.363368,14.749324,-27.186990,-33.994097,29.866251,20.610086,-18.479310,-19.828133,-1.661935,-27.363368,90.000000,
-19.828133,-1.661935,-27.363368,-67.064640,35.808915,-32.621153,-70.537737,-22.738074,-15.731395,-19.828133,-1.661935,-27.363368,90.000000,
-19.828133,-1.661935,-27.363368,14.749324,-27.186990,-33.994097,29.866251,20.610086,-18.479310,-19.828133,-1.661935,-27.363368,90.000000,
-19.828133,-1.661935,-27.363368,-67.064640,35.808915,-32.621153,-70.537737,-22.738074,-15.731395,-19.828133,-1.661935,-27.363368,90.000000,
-19.828133,-1.661935,-27.363368,14.749324,-27.186990,-33.994097,29.866251,20.610086,-18.479310,-19.828133,-1.661935,-27.363368,90.000000,
-19.828133,-1.661935,-27.363368,-67.064640,35.808915,-32.621153,-70.537737,-22.738074,-15.731395,-19.828133,-1.661935,-27.363368,90.000000,
-19.828133,-1.661935,-27.363368,14.749324,-27.186990,-33.994097,29.866251,20.610086,-18.479310,-19.828133,-1.661935,-27.363368,90.000000,
-19.828133,-1.661935,-27.363368,-67.064640,35.808915,-32.621153,-70.537737,-22.738074,-15.731395,-19.828133,-1.661935,-27.363368,90.000000,
-19.828133,-1.661935,-27.363368,14.749324,-27.186990,-33.994097,29.866251,20.610086,-18.479310,-19.828133,-1.661935,-27.363368,90.000000,
-19.828133,-1.661935,-27.363368,-67.064640,35.808915,-32.621153,-70.537737,-22.738074,-15.731395,-19.828133,-1.661935,-27.363368,90.000000,
-19.828133,-1.661935,-27.363368,14.749324,-27.186990,-33.994097,29.866251,20.610086,-18.479310,-19.828133,-1.661935,-27.363368,90.000000,
-19.828133,-1.661935,-27.363368,-67.064640,35.808915,-32.621153,-70.537737,-22.738074,-15.731395,-19.828133,-1.661935,-27.363368,90.000000,
-19.828133,-1.661935,-27.363368,14.749324,-27.186990,-33.994097,29.866251,20.610086,-18.479310,-19.828133,-1.661935,-27.363368,90.000000,
-19.828133,-1.661935,-27.363368,-67.064640,35.808915,-32.621153,-70.537737,-22.738074,-15.731395,-19.828133,-1.661935,-27.363368,90.000000,
-19.828133,-1.661935,-27.363368,14.749324,-27.186990,-33.994097,29.866251,20.610086,-18.479310,-19.828133,-1.661935,-27.363368,90.000000,
-19.828133,-1.661935,-27.363368,-67.064640,35.808915,-32.621153,-70.537737,-22.738074,-15.731395,-19.828133,-1.661935,-27.363368,90.000000,
-19.828133,-1.661935,-27.363368,14.749324,-27.186990,-33.994097,29.866251,20.610086,-18.479310,-19.828133,-1.661935,-27.363368,90.000000,
-19.828133,-1.661935,-27.363368,-67.064640,35.808915,-32.621153,-70.537737,-22.738074,-15.731395,-19.828133,-1.661935,-27.363368,90.000000,
-19.828133,-1.661935,-27.363368,14.749324,-27.186990,-33.994097,29.866251,20.610086,-18.479310,-19.828133,-1.661935,-27.363368,90.000000,
-19.828133,-1.661935,-27.363368,-67.064640,35.808915,-32.621153,-70.537737,-22.738074,-15.731395,-19.828133,-1.661935,-27.363368,90.000000,
-19.828133,-1.661935,-27.363368,14.749324,-27.186990,-33.994097,29.866251,20.610086,-18.479310,-19.828133,-1.661935,-27.363368,90.000000,
-19.828133,-1.661935,-27.363368,-67.064640,35.808915,-32.621153,-70.537737,-22.738074,-15.731395,-19.828133,-1.661935,-27.363368,90.000000,
-19.828133,-1.661935,-27.363368,14.749324,-27.186990,-33.994097,29.866251,20.610086,-18.479310,-19.828133,-1.661935,-27.363368,90.000000,
-19.828133,-1.661935,-27.363368,-67.064640,35.808915,-32.621153,-70.537737,-22.738074,-15.731395,-19.828133,-1.661935,-27.363368,90.000000,
-19.828133,-1.661935,-27.363368,14.749324,-27.186990,-33.994097,29.866251,20.610086,-18.479310,-19.828133,-1.661935,-27.363368,90.000000,
-19.828133,-1.661935,-27.363368,-67.064640,35.808915,-32.621153,-70.537737,-22.738074,-15.731395,-19.828133,-1.661935,-27.363368,90.000000,
-19.828133,-1.661935,-27.363368,14.749324,-27.186990,-33.994097,29.866251,20.610086,-18.479310,-19.828133,-1.661935,-27.363368,90.000000,
-19.828133,-1.661935,-27.363368,-67.064640,35.808915,-32.621153,-70.537737,-22.738074,-15.731395,-19.828133,-1.661935,-27.363368,90.000000,
-19.828133,-1.661935,-27.363368,14.749324,-27.186990,-33.994097,29.866251,20.610086,-18.479310,-19.828133,-1.661935,-27.363368,90.000000,
-19.828133,-1.661935,-27.363368,-67.064640,35.808915,-32.621153,-70.537737,-22.738074,-15.731395,-19.828133,-1.661935,-27.363368,90.000000,
-19.828133,-1.661935,-27.363368,14.749324,-27.186990,-33.994097,29.866251,20.610086,-18.479310,-19.828133,-1.661935,-27.363368,90.000000,
-19.828133,-1.661935,-27.363368,-67.064640,35.808915,-32.621153,-70.537737,-22.738074,-15.731395,-19.828133,-1.661935,-27.363368,90.000000,
-19.828133,-1.661935,-27.363368,14.749324,-27.186990,-33.994097,29.866251,20.610086,-18.479310,-19.828133,-1.661935,-27.363368,90.000000,
-19.828133,-1.661935,-27.363368,-67.064640,35.808915,-32.621153,-70.537737,-22.738074,-15.731395,-19.828133,-1.661935,-27.363368,90.000000,
-19.828133,-1.661935,-27.363368,14.749324,-27.186990,-33.994097,29.866251,20.610086,-18.479310,-19.828133,-1.661935,-27.363368,90.000000,
-19.828133,-1.661935,-27.363368,-67.064640,35.808915,-32.621153,-70.537737,-22.738074,-15.731395,-19.828133,-1.661935,-27.363368,90.000000,
-19.828133,-1.661935,-27.363368,14.749324,-27.186990,-33.994097,29.866251,20.610086,-18.479310,-19.828133,-1.661935,-27.363368,90.000000,
-19.828133,-1.661935,-27.363368,-67.064640,35.808915,-32.621153,-70.537737,-22.738074,-15.731395,-19.828133,-1.661935,-27.363368,90.000000,
-19.828133,-1.661935,-27.363368,14.749324,-27.186990,-33.994097,29.866251,20.610086,-18.479310,-19.828133,-1.661935,-27.363368,90.000000,
-19.828133,-1.661935,-27.363368,-67.064640,35.808915,-32.621153,-70.537737,-22.738074,-15.731395,-19.828133,-1.661935,-27.363368,90.000000,
-19.828133,-1.661935,-27.363368,14.749324,-27.186990,-33.994097,29.866251,20.610086,-18.479310,-19.828133,-1.661935,-27.363368,90.000000,
-19.828133,-1.661935,-27.363368,-67.064640,35.808915,-32.621153,-70.537737,-22.738074,-15.731395,-19.828133,-1.661935,-27.363368,90.000000,
-19.828133,-1.661935,-27.363368,14.749324,-27.186990,-33.994097,29.866251,20.610086,-18.479310,-19.828133,-1.661935,-27.363368,90.000000,
-19.828133,-1.661935,-27.363368,-67.064640,35.808915,-32.621153,-70.537737,-22.738074,-15.731395,-19.828133,-1.661935,-27.363368,90.000000,
-19.828133,-1.661935,-27.363368,14.749324,-27.186990,-33.994097,29.866251,20.610086,-18.479310,-19.828133,-1.661935,-27.363368,90.000000,
-19.828133,-1.661935,-27.363368,-67.064640,35.808915,-32.621153,-70.537737,-22.738074,-15.731395,-19.828133,-1.661935,-27.363368,90.000000,
-19.828133,-1.661935,-27.363368,14.749324,-27.186990,-33.994097,29.866251,20.610086,-18.479310,-19.828133,-1.661935,-27.363368,90.000000,
-19.828133,-1.661935,-27.363368,-67.064640,35.808915,-32.621153,-70.537737,-22.738074,-15.731395,-19.828133,-1.661935,-27.363368,90.000000,
-19.828133,-1.661935,-27.363368,14.749324,-27.186990,-33.994097,29.866251,20.610086,-18.479310,-19.828133,-1.661935,-27.363368,90.000000,
-19.828133,-1.661935,-27.363368,-67.064640,35.808915,-32.621153,-70.537737,-22.738074,-15.731395,-19.828133,-1.661935,-27.363368,90.000000,
-19.828133,-1.661935,-27.363368,14.749324,-27.186990,-33.994097,29.866251,20.610086,-18.479310,-19.828133,-1.661935,-27.363368,90.000000,
-19.828133,-1.661935,-27.363368,-67.064640,35.808915,-32.621153,-70.537737,-22.738074,-15.731395,-19.828133,-1.661935,-27.363368,90.000000,
-19.828133,-1.661935,-27.363368,14.749324,-27.186990,-33.994097,29.866251,20.610086,-18.479310,-19.828133,-1.661935,-27.363368,90.000000,
-19.828133,-1.661935,-27.363368,-67.064640,35.808915,-32.621153,-70.537737,-22.738074,-15.731395,-19.828133,-1.661935,-27.363368,90.000000,
-19.828133,-1.661935,-27.363368,14.749324,-27.186990,-33.994097,29.866251,20.610086,-18.479310,-19.828133,-1.661935,-27.363368,90.000000,
-19.828133,-1.661935,-27.363368,-67.064640,35.808915,-32.621153,-70.537737,-22.738074,-15.731395,-19.828133,-1.661935,-27.363368,90.000000,
-19.828133,-1.661935,-27.363368,14.749324,-27.186990,-33.994097,29.866251,20.610086,-18.479310,-19.828133,-1.661935,-27.363368,90.000000,
-19.828133,-1.661935,-27.363368,-67.064640,35.808915,-32.621153,-70.537737,-22.738074,-15.731395,-19.828133,-1.661935,-27.363368,90.000000,
-19.828133,-1.661935,-27.363368,14.749324,-27.186990,-33.994097,29.866251,20.610086,-18.479310,-19.828133,-1.661935,-27.363368,90.000000,
-19.828133,-1.661935,-27.363368,-67.064640,35.808915,-32.621153,-70.537737,-22.738074,-15.731395,-19.828133,-1.661935,-27.363368,90.000000,
-19.828133,-1.661935,-27.363368,14.749324,-27.186990,-33.994097,29.866251,20.610086,-18.479310,-19.828133,-1.661935,-27.363368,90.000000,
-19.828133,-1.661935,-27.363368,-67.064640,35.808915,-32.621153,-70.537737,-22.738074,-15.731395,-19.828133,-1.661935,-27.363368,90.000000,
-19.828133,-1.661935,-27.363368,14.749324,-27.186990,-33.994097,29.866251,20.610086,-18.479310,-19.828133,-1.661935,-27.363368,90.000000,
-19.828133,-1.661935,-27.363368,-67.064640,35.808915,-32.621153,-70.537737,-22.738074,-15.731395,-19.828133,-1.661935,-27.363368,90.000000,
-19.828133,-1.661935,-27.363368,14.749324,-27.186990,-33.994097,29.866251,20.610086,-18.479310,-19.828133,-1.661935,-27.363368,90.000000,
-19.828133,-1.661935,-27.363368,-67.064640,35.808915,-32.621153,-70.537737,-22.738074,-15.731395,-19.828133,-1.661935,-27.363368,90.000000,
-19.828133,-1.661935,-27.363368,14.749324,-27.186990,-33.994097,29.866251,20.610086,-18.479310,-19.828133,-1.661935,-27.363368,90.000000,
-19.828133,-1.661935,-27.363368,-67.064640,35.808915,-32.621153,-70.537737,-22.738074,-15.731395,-19.828133,-1.661935,-27.363368,90.000000,
-19.828133,-1.661935,-27.363368,14.749324,-27.186990,-33.994097,29.866251,20.610086,-18.479310,-19.828133,-1.661935,-27.363368,90.000000,
-19.828133,-1.661935,-27.363368,-67.064640,35.808915,-32.621153,-70.537737,-22.738074,-15.731395,-19.828133,-1.661935,-27.363368,90.000000,
-19.828133,-1.661935,-27.363368,14.749324,-27.186990,-33.994097,29.866251,20.610086,-18.479310,-19.828133,-1.661935,-27.363368,90.000000,
-19.828133,-1.661935,-27.363368,-67.064640,35.808915,-32.621153,-70.537737,-22.738074,-15.731395,-19.828133,-1.661935,-27.363368,90.000000,
-19.828133,-1.661935,-27.363368,14.749324,-27.186990,-33.994097,29.866251,20.610086,-18.479310,-19.828133,-1.661935,-27.363368,90.000000,
-19.828133,-1.661935,-27.363368,-67.064640,35.808915,-32.621153,-70.537737,-22.738074,-15.731395,-19.828133,-1.661935,-27.363368,90.000000,
-19.828133,-1.661935,-27.363368,14.749324,-27.186990,-33.994097,29.866251,20.610086,-18.479310,-19.828133,-1.661935,-27.363368,90.000000,
-19.828133,-1.661935,-27.363368,-67.064640,35.808915,-32.621153,-70.537737,-22.738074,-15.731395,-19.828133,-1.661935,-27.363368,90.000000,
-19.828133,-1.661935,-27.363368,14.749324,-27.186990,-33.994097,29.866251,20.610086,-18.479310,-19.828133,-1.661935,-27.363368,90.000000,
-19.828133,-1.661935,-27.363368,-67.064640,35.808915,-32.621153,-70.537737,-22.738074,-15.731395,-19.828133,-1.661935,-27.363368,90.000000,
-19.828133,-1.661935,-27.363368,14.749324,-27.186990,-33.994097,29.866251,20.610086,-18.479310,-19.828133,-1.661935,-27.363368,90.000000,
-19.828133,-1.661935,-27.363368,-67.064640,35.808915,-32.621153,-70.537737,-22.738074,-15.731395,-19.828133,-1.661935,-27.363368,90.000000,
-19.828133,-1.661935,-27.363368,14.749324,-27.186990,-33.994097,29.866251,20.610086,-18.479310,-19.828133,-1.661935,-27.363368,90.000000,
-19.828133,-1.661935,-27.363368,-67.064640,35.808915,-32.621153,-70.537737,-22.738074,-15.731395,-19.828133,-1.661935,-27.363368,90.000000,
-19.828133,-1.661935,-27.363368,14.749324,-27.186990,-33.994097,29.866251,20.610086,-18.479310,-19.828133,-1.661935,-27.363368,90.000000,
-19.828133,-1.661935,-27.363368,-67.064640,35.808915,-32.621153,-70.537737,-22.738074,-15.731395,-19.828133,-1.661935,-27.363368,90.000000,
-19.828133,-1.661935,-27.363368,14.749324,-27.186990,-33.994097,29.866251,20.610086,-18.479310,-19.828133,-1.661935,-27.363368,90.000000,
-19.828133,-1.661935,-27.363368,-67.064640,35.808915,-32.621153,-70.537737,-22.738074,-15.731395,-19.828133,-1.661935,-27.363368,90.000000,
-19.828133,-1.661935,-27.363368,14.749324,-27.186990,-33.994097,29.866251,20.610086,-18.479310,-19.828133,-1.661935,-27.363368,90.000000,
-19.828133,-1.661935,-27.363368,-67.064640,35.808915,-32.621153,-70.537737,-22.738074,-15.731395,-19.828133,-1.661935,-27.363368,90.000000,
-19.828133,-1.661935,-27.363368,14.749324,-27.186990,-33.994097,29.866251,20.610086,-18.479310,-19.828133,-1.661935,-27.363368,90.000000,
-19.828133,-1.661935,-27.363368,-67.064640,35.808915,-32.621153,-70.537737,-22.738074,-15.731395,-19.828133,-1.661935,-27.363368,90.000000,
-19.828133,-1.661935,-27.363368,14.749324,-27.186990,-33.994097,29.866251,20.610086,-18.479310,-19.828133,-1.661935,-27.363368,90.000000,
-19.828133,-1.661935,-27.363368,-67.064640,35.808915,-32.621153,-70.537737,-22.738074,-15.731395,-19.828133,-1.661935,-27.363368,90.000000,
-19.828133,-1.661935,-27.363368,14.749324,-27.186990,-33.994097,29.866251,20.610086,-18.479310,-19.828133,-1.661935,-27.363368,90.000000,
-19.828133,-1.661935,-27.363368,-67.064640,35.808915,-32.621153,-70.537737,-22.738074,-15.731395,-19.828133,-1.661935,-27.363368,90.000000,
-19.828133,-1.661935,-27.363368,14.749324,-27.186990,-33.994097,29.866251,20.610086,-18.479310,-19.828133,-1.661935,-27.363368,90.000000,
-19.828133,-1.661935,-27.363368,-67.064640,35.808915,-32.621153,-70.537737,-22.738074,-15.731395,-19.828133,-1.661935,-27.363368,90.000000,
-19.828133,-1.661935,-27.363368,14.749324,-27.186990,-33.994097,29.866251,20.610086,-18.479310,-19.828133,-1.661935,-27.363368,90.000000,
-19.828133,-1.661935,-27.363368,-67.064640,35.808915,-32.621153,-70.537737,-22.738074,-15.731395,-19.828133,-1.661935,-27.363368,90.000000,
-19.828133,-1.661935,-27.363368,14.749324,-27.186990,-33.994097,29.866251,20.610086,-18.479310,-19.828133,-1.661935,-27.363368,90.000000,
-19.828133,-1.661935,-27.363368,-67.064640,35.808915,-32.621153,-70.537737,-22.738074,-15.731395,-19.828133,-1.661935,-27.363368,90.000000,
-19.828133,-1.661935,-27.363368,14.749324,-27.186990,-33.994097,29.866251,20.610086,-18.479310,-19.828133,-1.661935,-27.363368,90.000000,
-19.828133,-1.661935,-27.363368,-67.064640,35.808915,-32.621153,-70.537737,-22.738074,-15.731395,-19.828133,-1.661935,-27.363368,90.000000,
-19.828133,-1.661935,-27.363368,14.749324,-27.186990,-33.994097,29.866251,20.610086,-18.479310,-19.828133,-1.661935,-27.363368,90.000000,
-19.828133,-1.661935,-27.363368,-67.064640,35.808915,-32.621153,-70.537737,-22.738074,-15.731395,-19.828133,-1.661935,-27.363368,90.000000,
-19.828133,-1.661935,-27.363368,14.749324,-27.186990,-33.994097,29.866251,20.610086,-18.479310,-19.828133,-1.661935,-27.363368,90.000000,
-19.828133,-1.661935,-27.363368,-67.064640,35.808915,-32.621153,-70.537737,-22.738074,-15.731395,-19.828133,-1.661935,-27.363368,90.000000,
-19.828133,-1.661935,-27.363368,14.749324,-27.186990,-33.994097,29.866251,20.610086,-18.479310,-19.828133,-1.661935,-27.363368,90.000000,
-19.828133,-1.661935,-27.363368,-67.064640,35.808915,-32.621153,-70.537737,-22.738074,-15.731395,-19.828133,-1.661935,-27.363368,90.000000,
-19.828133,-1.661935,-27.363368,14.749324,-27.186990,-33.994097,29.866251,20.610086,-18.479310,-19.828133,-1.661935,-27.363368,90.000000,
-19.828133,-1.661935,-27.363368,-67.064640,35.808915,-32.621153,-70.537737,-22.738074,-15.731395,-19.828133,-1.661935,-27.363368,90.000000,
-19.828133,-1.661935,-27.363368,14.749324,-27.186990,-33.994097,29.866251,20.610086,-18.479310,-19.828133,-1.661935,-27.363368,90.000000,
-19.828133,-1.661935,-27.363368,-67.064640,35.808915,-32.621153,-70.537737,-22.738074,-15.731395,-19.828133,-1.661935,-27.363368,90.000000,
-19.828133,-1.661935,-27.363368,14.749324,-27.186990,-33.994097,29.866251,20.610086,-18.479310,-19.828133,-1.661935,-27.363368,90.000000,
-19.828133,-1.661935,-27.363368,-67.064640,35.808915,-32.621153,-70.537737,-22.738074,-15.731395,-19.828133,-1.661935,-27.363368,90.000000,
-19.828133,-1.661935,-27.363368,14.749324,-27.186990,-33.994097,29.866251,20.610086,-18.479310,-19.828133,-1.661935,-27.363368,90.000000,
-19.828133,-1.661935,-27.363368,-67.064640,35.808915,-32.621153,-70.537737,-22.738074,-15.731395,-19.828133,-1.661935,-27.363368,90.000000,
-19.828133,-1.661935,-27.363368,14.749324,-27.186990,-33.994097,29.866251,20.610086,-18.479310,-19.828133,-1.661935,-27.363368,90.000000,
-19.828133,-1.661935,-27.363368,-67.064640,35.808915,-32.621153,-70.537737,-22.738074,-15.731395,-19.828133,-1.661935,-27.363368,90.000000,
-19.828133,-1.661935,-27.363368,14.749324,-27.186990,-33.994097,29.866251,20.610086,-18.479310,-19.828133,-1.661935,-27.363368,90.000000,
-19.828133,-1.661935,-27.363368,-67.064640,35.808915,-32.621153,-70.537737,-22.738074,-15.731395,-19.828133,-1.661935,-27.363368,90.000000,
-19.828133,-1.661935,-27.363368,14.749324,-27.186990,-33.994097,29.866251,20.610086,-18.479310,-19.828133,-1.661935,-27.363368,90.000000,
-19.828133,-1.661935,-27.363368,-67.064640,35.808915,-32.621153,-70.537737,-22.738074,-15.731395,-19.828133,-1.661935,-27.363368,90.000000,
-19.828133,-1.661935,-27.363368,14.749324,-27.186990,-33.994097,29.866251,20.610086,-18.479310,-19.828133,-1.661935,-27.363368,90.000000,
-19.828133,-1.661935,-27.363368,-67.064640,35.808915,-32.621153,-70.537737,-22.738074,-15.731395,-19.828133,-1.661935,-27.363368,90.000000,
-19.828133,-1.661935,-27.363368,14.749324,-27.186990,-33.994097,29.866251,20.610086,-18.479310,-19.828133,-1.661935,-27.363368,90.000000,
-19.828133,-1.661935,-27.363368,-67.064640,35.808915,-32.621153,-70.537737,-22.738074,-15.731395,-19.828133,-1.661935,-27.363368,90.000000,
-19.828133,-1.661935,-27.363368,14.749324,-27.186990,-33.994097,29.866251,20.610086,-18.479310,-19.828133,-1.661935,-27.363368,90.000000,
-19.828133,-1.661935,-27.363368,-67.064640,35.808915,-32.621153,-70.537737,-22.738074,-15.731395,-19.828133,-1.661935,-27.363368,90.000000,
-19.828133,-1.661935,-27.363368,14.749324,-27.186990,-33.994097,29.866251,20.610086,-18.479310,-19.828133,-1.661935,-27.363368,90.000000,
-19.828133,-1.661935,-27.363368,-67.064640,35.808915,-32.621153,-70.537737,-22.738074,-15.731395,-19.828133,-1.661935,-27.363368,90.000000,
-19.828133,-1.661935,-27.363368,14.749324,-27.186990,-33.994097,29.866251,20.610086,-18.479310,-19.828133,-1.661935,-27.363368,90.000000,
-19.828133,-1.661935,-27.363368,-67.064640,35.808915,-32.621153,-70.537737,-22.738074,-15.731395,-19.828133,-1.661935,-27.363368,90.000000,
-19.828133,-1.661935,-27.363368,14.749324,-27.186990,-33.994097,29.866251,20.610086,-18.479310,-19.828133,-1.661935,-27.363368,90.000000,
-19.828133,-1.661935,-27.363368,-67.064640,35.808915,-32.621153,-70.537737,-22.738074,-15.731395,-19.828133,-1.661935,-27.363368,90.000000,
-19.828133,-1.661935,-27.363368,14.749324,-27.186990,-33.994097,29.866251,20.610086,-18.479310,-19.828133,-1.661935,-27.363368,90.000000,
-19.828133,-1.661935,-27.363368,-67.064640,35.808915,-32.621153,-70.537737,-22.738074,-15.731395,-19.828133,-1.661935,-27.363368,90.000000,
-19.828133,-1.661935,-27.363368,14.749324,-27.186990,-33.994097,29.866251,20.610086,-18.479310,-19.828133,-1.661935,-27.363368,90.000000,
-19.828133,-1.661935,-27.363368,-67.064640,35.808915,-32.621153,-70.537737,-22.738074,-15.731395,-19.828133,-1.661935,-27.363368,90.000000,
-19.828133,-1.661935,-27.363368,14.749324,-27.186990,-33.994097,29.866251,20.610086,-18.479310,-19.828133,-1.661935,-27.363368,90.000000,
-19.828133,-1.661935,-27.363368,-67.064640,35.808915,-32.621153,-70.537737,-22.738074,-15.731395,-19.828133,-1.661935,-27.363368,90.000000,
-19.828133,-1.661935,-27.363368,14.749324,-27.186990,-33.994097,29.866251,20.610086,-18.479310,-19.828133,-1.661935,-27.363368,90.000000,
-19.828133,-1.661935,-27.363368,-67.064640,35.808915,-32.621153,-70.537737,-22.738074,-15.731395,-19.828133,-1.661935,-27.363368,90.000000,
-19.828133,-1.661935,-27.363368,14.749324,-27.186990,-33.994097,29.866251,20.610086,-18.479310,-19.828133,-1.661935,-27.363368,90.000000,
-19.828133,-1.661935,-27.363368,-67.064640,35.808915,-32.621153,-70.537737,-22.738074,-15.731395,-19.828133,-1.661935,-27.363368,90.000000,
-19.828133,-1.661935,-27.363368,14.749324,-27.186990,-33.994097,29.866251,20.610086,-18.479310,-19.828133,-1.661935,-27.363368,90.000000,
-19.828133,-1.661935,-27.363368,-67.064640,35.808915,-32.621153,-70.537737,-22.738074,-15.731395,-19.828133,-1.661935,-27.363368,90.000000,
-19.828133,-1.661935,-27.363368,14.749324,-27.186990,-33.994097,29.866251,20.610086,-18.479310,-19.828133,-1.661935,-27.363368,90.000000,
-19.828133,-1.661935,-27.363368,-67.064640,35.808915,-32.621153,-70.537737,-22.738074,-15.731395,-19.828133,-1.661935,-27.363368,90.000000,
-19.828133,-1.661935,-27.363368,14.749324,-27.186990,-33.994097,29.866251,20.610086,-18.479310,-19.828133,-1.661935,-27.363368,90.000000,
-19.828133,-1.661935,-27.363368,-67.064640,35.808915,-32.621153,-70.537737,-22.738074,-15.731395,-19.828133,-1.661935,-27.363368,90.000000,
-19.828133,-1.661935,-27.363368,14.749324,-27.186990,-33.994097,29.866251,20.610086,-18.479310,-19.828133,-1.661935,-27.363368,90.000000,
-19.828133,-1.661935,-27.363368,-67.064640,35.808915,-32.621153,-70.537737,-22.738074,-15.731395,-19.828133,-1.661935,-27.363368,90.000000,
-19.828133,-1.661935,-27.363368,14.749324,-27.186990,-33.994097,29.866251,20.610086,-18.479310,-19.828133,-1.661935,-27.363368,90.000000,
-19.828133,-1.661935,-27.363368,-67.064640,35.808915,-32.621153,-70.537737,-22.738074,-15.731395,-19.828133,-1.661935,-27.363368,90.000000,
-19.828133,-1.661935,-27.363368,14.749324,-27.186990,-33.994097,29.866251,20.610086,-18.479310,-19.828133,-1.661935,-27.363368,90.000000,
-19.828133,-1.661935,-27.363368,-67.064640,35.808915,-32.621153,-70.537737,-22.738074,-15.731395,-19.828133,-1.661935,-27.363368,90.000000,
-19.828133,-1.661935,-27.363368,14.749324,-27.186990,-33.994097,29.866251,20.610086,-18.479310,-19.828133,-1.661935,-27.363368,90.000000,
-19.828133,-1.661935,-27.363368,-67.064640,35.808915,-32.621153,-70.537737,-22.738074,-15.731395,-19.828133,-1.661935,-27.363368,90.000000,
-19.828133,-1.661935,-27.363368,14.749324,-27.186990,-33.994097,29.866251,20.610086,-18.479310,-19.828133,-1.661935,-27.363368,90.000000,
-19.828133,-1.661935,-27.363368,-67.064640,35.808915,-32.621153,-70.537737,-22.738074,-15.731395,-19.828133,-1.661935,-27.363368,90.000000,
-19.828133,-1.661935,-27.363368,14.749324,-27.186990,-33.994097,29.866251,20.610086,-18.479310,-19.828133,-1.661935,-27.363368,90.000000,
-19.828133,-1.661935,-27.363368,-67.064640,35.808915,-32.621153,-70.537737,-22.738074,-15.731395,-19.828133,-1.661935,-27.363368,90.000000,
-19.828133,-1.661935,-27.363368,14.749324,-27.186990,-33.994097,29.866251,20.610086,-18.479310,-19.828133,-1.661935,-27.363368,90.000000,
-19.828133,-1.661935,-27.363368,-67.064640,35.808915,-32.621153,-70.537737,-22.738074,-15.731395,-19.828133,-1.661935,-27.363368,90.000000,
-19.828133,-1.661935,-27.363368,14.749324,-27.186990,-33.994097,29.866251,20.610086,-18.479310,-19.828133,-1.661935,-27.363368,90.000000,
-19.828133,-1.661935,-27.363368,-67.064640,35.808915,-32.621153,-70.537737,-22.738074,-15.731395,-19.828133,-1.661935,-27.363368,90.000000,
-19.828133,-1.661935,-27.363368,14.749324,-27.186990,-33.994097,29.866251,20.610086,-18.479310,-19.828133,-1.661935,-27.363368,90.000000,
-19.828133,-1.661935,-27.363368,-67.064640,35.808915,-32.621153,-70.537737,-22.738074,-15.731395,-19.828133,-1.661935,-27.363368,90.000000,
-19.828133,-1.661935,-27.363368,14.749324,-27.186990,-33.994097,29.866251,20.610086,-18.479310,-19.828133,-1.661935,-27.363368,90.000000,
-19.828133,-1.661935,-27.363368,-67.064640,35.808915,-32.621153,-70.537737,-22.738074,-15.731395,-19.828133,-1.661935,-27.363368,90.000000,
-19.828133,-1.661935,-27.363368,14.749324,-27.186990,-33.994097,29.866251,20.610086,-18.479310,-19.828133,-1.661935,-27.363368,90.000000,
-19.828133,-1.661935,-27.363368,-67.064640,35.808915,-32.621153,-70.537737,-22.738074,-15.731395,-19.828133,-1.661935,-27.363368,90.000000,
-19.828133,-1.661935,-27.363368,14.749324,-27.186990,-33.994097,29.866251,20.610086,-18.479310,-19.828133,-1.661935,-27.363368,90.000000,
-19.828133,-1.661935,-27.363368,-67.064640,35.808915,-32.621153,-70.537737,-22.738074,-15.731395,-19.828133,-1.661935,-27.363368,90.000000,
-19.828133,-1.661935,-27.363368,14.749324,-27.186990,-33.994097,29.866251,20.610086,-18.479310,-19.828133,-1.661935,-27.363368,90.000000,
-19.828133,-1.661935,-27.363368,-67.064640,35.808915,-32.621153,-70.537737,-22.738074,-15.731395,-19.828133,-1.661935,-27.363368,90.000000,
-19.828133,-1.661935,-27.363368,14.749324,-27.186990,-33.994097,29.866251,20.610086,-18.479310,-19.828133,-1.661935,-27.363368,90.000000,
-19.828133,-1.661935,-27.363368,-67.064640,35.808915,-32.621153,-70.537737,-22.738074,-15.731395,-19.828133,-1.661935,-27.363368,90.000000,
-19.828133,-1.661935,-27.363368,14.749324,-27.186990,-33.994097,29.866251,20.610086,-18.479310,-19.828133,-1.661935,-27.363368,90.000000,
-19.828133,-1.661935,-27.363368,-67.064640,35.808915,-32.621153,-70.537737,-22.738074,-15.731395,-19.828133,-1.661935,-27.363368,90.000000,
-19.828133,-1.661935,-27.363368,14.749324,-27.186990,-33.994097,29.866251,20.610086,-18.479310,-19.828133,-1.661935,-27.363368,90.000000,
-19.828133,-1.661935,-27.363368,-67.064640,35.808915,-32.621153,-70.537737,-22.738074,-15.731395,-19.828133,-1.661935,-27.363368,90.000000,
-19.828133,-1.661935,-27.363368,14.749324,-27.186990,-33.994097,29.866251,20.610086,-18.479310,-19.828133,-1.661935,-27.363368,90.000000,
-19.828133,-1.661935,-27.363368,-67.064640,35.808915,-32.621153,-70.537737,-22.738074,-15.731395,-19.828133,-1.661935,-27.363368,90.000000,
-19.828133,-1.661935,-27.363368,14.749324,-27.186990,-33.994097,29.866251,20.610086,-18.479310,-19.828133,-1.661935,-27.363368,90.000000,
-19.828133,-1.661935,-27.363368,-67.064640,35.808915,-32.621153,-70.537737,-22.738074,-15.731395,-19.828133,-1.661935,-27.363368,90.000000,
-19.828133,-1.661935,-27.363368,14.749324,-27.186990,-33.994097,29.866251,20.610086,-18.479310,-19.828133,-1.661935,-27.363368,90.000000,
-19.828133,-1.661935,-27.363368,-67.064640,35.808915,-32.621153,-70.537737,-22.738074,-15.731395,-19.828133,-1.661935,-27.363368,90.000000,
-19.828133,-1.661935,-27.363368,14.749324,-27.186990,-33.994097,29.866251,20.610086,-18.479310,-19.828133,-1.661935,-27.363368,90.000000,
-19.828133,-1.661935,-27.363368,-67.064640,35.808915,-32.621153,-70.537737,-22.738074,-15.731395,-19.828133,-1.661935,-27.363368,90.000000,
-19.828133,-1.661935,-27.363368,14.749324,-27.186990,-33.994097,29.866251,20.610086,-18.479310,-19.828133,-1.661935,-27.363368,90.000000,
-19.828133,-1.661935,-27.363368,-67.064640,35.808915,-32.621153,-70.537737,-22.738074,-15.731395,-19.828133,-1.661935,-27.363368,90.000000,
-19.828133,-1.661935,-27.363368,14.749324,-27.186990,-33.994097,29.866251,20.610086,-18.479310,-19.828133,-1.661935,-27.363368,90.000000,
-19.828133,-1.661935,-27.363368,-67.064640,35.808915,-32.621153,-70.537737,-22.738074,-15.731395,-19.828133,-1.661935,-27.363368,90.000000,
-19.828133,-1.661935,-27.363368,14.749324,-27.186990,-33.994097,29.866251,20.610086,-18.479310,-19.828133,-1.661935,-27.363368,90.000000,
-19.828133,-1.661935,-27.363368,-67.064640,35.808915,-32.621153,-70.537737,-22.738074,-15.731395,-19.828133,-1.661935,-27.363368,90.000000,
-19.828133,-1.661935,-27.363368,14.749324,-27.186990,-33.994097,29.866251,20.610086,-18.479310,-19.828133,-1.661935,-27.363368,90.000000,
-19.828133,-1.661935,-27.363368,-67.064640,35.808915,-32.621153,-70.537737,-22.738074,-15.731395,-19.828133,-1.661935,-27.363368,90.000000,
-19.828133,-1.661935,-27.363368,14.749324,-27.186990,-33.994097,29.866251,20.610086,-18.479310,-19.828133,-1.661935,-27.363368,90.000000,
-19.828133,-1.661935,-27.363368,-67.064640,35.808915,-32.621153,-70.537737,-22.738074,-15.731395,-19.828133,-1.661935,-27.363368,90.000000,
-19.828133,-1.661935,-27.363368,14.749324,-27.186990,-33.994097,29.866251,20.610086,-18.479310,-19.828133,-1.661935,-27.363368,90.000000,
-19.828133,-1.661935,-27.363368,-67.064640,35.808915,-32.621153,-70.537737,-22.738074,-15.731395,-19.828133,-1.661935,-27.363368,90.000000,
-19.828133,-1.661935,-27.363368,14.749324,-27.186990,-33.994097,29.866251,20.610086,-18.479310,-19.828133,-1.661935,-27.363368,90.000000,
-19.828133,-1.661935,-27.363368,-67.064640,35.808915,-32.621153,-70.537737,-22.738074,-15.731395,-19.828133,-1.661935,-27.363368,90.000000,
-19.828133,-1.661935,-27.363368,14.749324,-27.186990,-33.994097,29.866251,20.610086,-18.479310,-19.828133,-1.661935,-27.363368,90.000000,
-19.828133,-1.661935,-27.363368,-67.064640,35.808915,-32.621153,-70.537737,-22.738074,-15.731395,-19.828133,-1.661935,-27.363368,90.000000,
-19.828133,-1.661935,-27.363368,14.749324,-27.186990,-33.994097,29.866251,20.610086,-18.479310,-19.828133,-1.661935,-27.363368,90.000000,
-19.828133,-1.661935,-27.363368,-67.064640,35.808915,-32.621153,-70.537737,-22.738074,-15.731395,-19.828133,-1.661935,-27.363368,90.000000,
-19.828133,-1.661935,-27.363368,14.749324,-27.186990,-33.994097,29.866251,20.610086,-18.479310,-19.828133,-1.661935,-27.363368,90.000000,
-19.828133,-1.661935,-27.363368,-67.064640,35.808915,-32.621153,-70.537737,-22.738074,-15.731395,-19.828133,-1.661935,-27.363368,90.000000,
-19.828133,-1.661935,-27.363368,14.749324,-27.186990,-33.994097,29.866251,20.610086,-18.479310,-19.828133,-1.661935,-27.363368,90.000000,
-19.828133,-1.661935,-27.363368,-67.064640,35.808915,-32.621153,-70.537737,-22.738074,-15.731395,-19.828133,-1.661935,-27.363368,90.000000,
-19.828133,-1.661935,-27.363368,14.749324,-27.186990,-33.994097,29.866251,20.610086,-18.479310,-19.828133,-1.661935,-27.363368,90.000000,
-19.828133,-1.661935,-27.363368,-67.064640,35.808915,-32.621153,-70.537737,-22.738074,-15.731395,-19.828133,-1.661935,-27.363368,90.000000,
-19.828133,-1.661935,-27.363368,14.749324,-27.186990,-33.994097,29.866251,20.610086,-18.479310,-19.828133,-1.661935,-27.363368,90.000000,
-19.828133,-1.661935,-27.363368,-67.064640,35.808915,-32.621153,-70.537737,-22.738074,-15.731395,-19.828133,-1.661935,-27.363368,90.000000,
-19.828133,-1.661935,-27.363368,14.749324,-27.186990,-33.994097,29.866251,20.610086,-18.479310,-19.828133,-1.661935,-27.363368,90.000000,
-19.828133,-1.661935,-27.363368,-67.064640,35.808915,-32.621153,-70.537737,-22.738074,-15.731395,-19.828133,-1.661935,-27.363368,90.000000,
-19.828133,-1.661935,-27.363368,14.749324,-27.186990,-33.994097,29.866251,20.610086,-18.479310,-19.828133,-1.661935,-27.363368,90.000000,
-19.828133,-1.661935,-27.363368,-67.064640,35.808915,-32.621153,-70.537737,-22.738074,-15.731395,-19.828133,-1.661935,-27.363368,90.000000,
-19.828133,-1.661935,-27.363368,14.749324,-27.186990,-33.994097,29.866251,20.610086,-18.479310,-19.828133,-1.661935,-27.363368,90.000000,
-19.828133,-1.661935,-27.363368,-67.064640,35.808915,-32.621153,-70.537737,-22.738074,-15.731395,-19.828133,-1.661935,-27.363368,90.000000,
-19.828133,-1.661935,-27.363368,14.749324,-27.186990,-33.994097,29.866251,20.610086,-18.479310,-19.828133,-1.661935,-27.363368,90.000000,
-19.828133,-1.661935,-27.363368,-67.064640,35.808915,-32.621153,-70.537737,-22.738074,-15.731395,-19.828133,-1.661935,-27.363368,90.000000,
-19.828133,-1.661935,-27.363368,14.749324,-27.186990,-33.994097,29.866251,20.610086,-18.479310,-19.828133,-1.661935,-27.363368,90.000000,
-19.828133,-1.661935,-27.363368,-67.064640,35.808915,-32.621153,-70.537737,-22.738074,-15.731395,-19.828133,-1.661935,-27.363368,90.000000,
-19.828133,-1.661935,-27.363368,14.749324,-27.186990,-33.994097,29.866251,20.610086,-18.479310,-19.828133,-1.661935,-27.363368,90.000000,
-19.828133,-1.661935,-27.363368,-67.064640,35.808915,-32.621153,-70.537737,-22.738074,-15.731395,-19.828133,-1.661935,-27.363368,90.000000,
-19.828133,-1.661935,-27.363368,14.749324,-27.186990,-33.994097,29.866251,20.610086,-18.479310,-19.828133,-1.661935,-27.363368,90.000000,
-19.828133,-1.661935,-27.363368,-67.064640,35.808915,-32.621153,-70.537737,-22.738074,-15.731395,-19.828133,-1.661935,-27.363368,90.000000,
-19.828133,-1.661935,-27.363368,14.749324,-27.186990,-33.994097,29.866251,20.610086,-18.479310,-19.828133,-1.661935,-27.363368,90.000000,
-19.828133,-1.661935,-27.363368,-67.064640,35.808915,-32.621153,-70.537737,-22.738074,-15.731395,-19.828133,-1.661935,-27.363368,90.000000,
-19.828133,-1.661935,-27.363368,14.749324,-27.186990,-33.994097,29.866251,20.610086,-18.479310,-19.828133,-1.661935,-27.363368,90.000000,
-19.828133,-1.661935,-27.363368,-67.064640,35.808915,-32.621153,-70.537737,-22.738074,-15.731395,-19.828133,-1.661935,-27.363368,90.000000,
-19.828133,-1.661935,-27.363368,14.749324,-27.186990,-33.994097,29.866251,20.610086,-18.479310,-19.828133,-1.661935,-27.363368,90.000000,
-19.828133,-1.661935,-27.363368,-67.064640,35.808915,-32.621153,-70.537737,-22.738074,-15.731395,-19.828133,-1.661935,-27.363368,90.000000,
-19.828133,-1.661935,-27.363368,14.749324,-27.186990,-33.994097,29.866251,20.610086,-18.479310,-19.828133,-1.661935,-27.363368,90.000000,
-19.828133,-1.661935,-27.363368,-67.064640,35.808915,-32.621153,-70.537737,-22.738074,-15.731395,-19.828133,-1.661935,-27.363368,90.000000,
-19.828133,-1.661935,-27.363368,14.749324,-27.186990,-33.994097,29.866251,20.610086,-18.479310,-19.828133,-1.661935,-27.363368,90.000000,
-19.828133,-1.661935,-27.363368,-67.064640,35.808915,-32.621153,-70.537737,-22.738074,-15.731395,-19.828133,-1.661935,-27.363368,90.000000,
-19.828133,-1.661935,-27.363368,14.749324,-27.186990,-33.994097,29.866251,20.610086,-18.479310,-19.828133,-1.661935,-27.363368,90.000000,
-19.828133,-1.661935,-27.363368,-67.064640,35.808915,-32.621153,-70.537737,-22.738074,-15.731395,-19.828133,-1.661935,-27.363368,90.000000,
-19.828133,-1.661935,-27.363368,14.749324,-27.186990,-33.994097,29.866251,20.610086,-18.479310,-19.828133,-1.661935,-27.363368,90.000000,
-19.828133,-1.661935,-27.363368,-67.064640,35.808915,-32.621153,-70.537737,-22.738074,-15.731395,-19.828133,-1.661935,-27.363368,90.000000,
-19.828133,-1.661935,-27.363368,14.749324,-27.186990,-33.994097,29.866251,20.610086,-18.479310,-19.828133,-1.661935,-27.363368,90.000000,
-19.828133,-1.661935,-27.363368,-67.064640,35.808915,-32.621153,-70.537737,-22.738074,-15.731395,-19.828133,-1.661935,-27.363368,90.000000,
-19.828133,-1.661935,-27.363368,14.749324,-27.186990,-33.994097,29.866251,20.610086,-18.479310,-19.828133,-1.661935,-27.363368,90.000000,
-19.828133,-1.661935,-27.363368,-67.064640,35.808915,-32.621153,-70.537737,-22.738074,-15.731395,-19.828133,-1.661935,-27.363368,90.000000,
-19.828133,-1.661935,-27.363368,14.749324,-27.186990,-33.994097,29.866251,20.610086,-18.479310,-19.828133,-1.661935,-27.363368,90.000000,
-19.828133,-1.661935,-27.363368,-67.064640,35.808915,-32.621153,-70.537737,-22.738074,-15.731395,-19.828133,-1.661935,-27.363368,90.000000,
-19.828133,-1.661935,-27.363368,14.749324,-27.186990,-33.994097,29.866251,20.610086,-18.479310,-19.828133,-1.661935,-27.363368,90.000000,
-19.828133,-1.661935,-27.363368,-67.064640,35.808915,-32.621153,-70.537737,-22.738074,-15.731395,-19.828133,-1.661935,-27.363368,90.000000,
-19.828133,-1.661935,-27.363368,14.749324,-27.186990,-33.994097,29.866251,20.610086,-18.479310,-19.828133,-1.661935,-27.363368,90.000000,
-19.828133,-1.661935,-27.363368,-67.064640,35.808915,-32.621153,-70.537737,-22.738074,-15.731395,-19.828133,-1.661935,-27.363368,90.000000,
-19.828133,-1.661935,-27.363368,14.749324,-27.186990,-33.994097,29.866251,20.610086,-18.479310,-19.828133,-1.661935,-27.363368,90.000000,
-19.828133,-1.661935,-27.363368,-67.064640,35.808915,-32.621153,-70.537737,-22.738074,-15.731395,-19.828133,-1.661935,-27.363368,90.000000,
-19.828133,-1.661935,-27.363368,14.749324,-27.186990,-33.994097,29.866251,20.610086,-18.479310,-19.828133,-1.661935,-27.363368,90.000000,
-19.828133,-1.661935,-27.363368,-67.064640,35.808915,-32.621153,-70.537737,-22.738074,-15.731395,-19.828133,-1.661935,-27.363368,90.000000,
-19.828133,-1.661935,-27.363368,14.749324,-27.186990,-33.994097,29.866251,20.610086,-18.479310,-19.828133,-1.661935,-27.363368,90.000000,
-19.828133,-1.661935,-27.363368,-67.064640,35.808915,-32.621153,-70.537737,-22.738074,-15.731395,-19.828133,-1.661935,-27.363368,90.000000,
-19.828133,-1.661935,-27.363368,14.749324,-27.186990,-33.994097,29.866251,20.610086,-18.479310,-19.828133,-1.661935,-27.363368,90.000000,
-19.828133,-1.661935,-27.363368,-67.064640,35.808915,-32.621153,-70.537737,-22.738074,-15.731395,-19.828133,-1.661935,-27.363368,90.000000,
-19.828133,-1.661935,-27.363368,14.749324,-27.186990,-33.994097,29.866251,20.610086,-18.479310,-19.828133,-1.661935,-27.363368,90.000000,
-19.828133,-1.661935,-27.363368,-67.064640,35.808915,-32.621153,-70.537737,-22.738074,-15.731395,-19.828133,-1.661935,-27.363368,90.000000,
-19.828133,-1.661935,-27.363368,14.749324,-27.186990,-33.994097,29.866251,20.610086,-18.479310,-19.828133,-1.661935,-27.363368,90.000000,
-19.828133,-1.661935,-27.363368,-67.064640,35.808915,-32.621153,-70.537737,-22.738074,-15.731395,-19.828133,-1.661935,-27.363368,90.000000,
-19.828133,-1.661935,-27.363368,14.749324,-27.186990,-33.994097,29.866251,20.610086,-18.479310,-19.828133,-1.661935,-27.363368,90.000000,
-19.828133,-1.661935,-27.363368,-67.064640,35.808915,-32.621153,-70.537737,-22.738074,-15.731395,-19.828133,-1.661935,-27.363368,90.000000,
-19.828133,-1.661935,-27.363368,14.749324,-27.186990,-33.994097,29.866251,20.610086,-18.479310,-19.828133,-1.661935,-27.363368,90.000000,
-19.828133,-1.661935,-27.363368,-67.064640,35.808915,-32.621153,-70.537737,-22.738074,-15.731395,-19.828133,-1.661935,-27.363368,90.000000,
-19.828133,-1.661935,-27.363368,14.749324,-27.186990,-33.994097,29.866251,20.610086,-18.479310,-19.828133,-1.661935,-27.363368,90.000000,
-19.828133,-1.661935,-27.363368,-67.064640,35.808915,-32.621153,-70.537737,-22.738074,-15.731395,-19.828133,-1.661935,-27.363368,90.000000,
-19.828133,-1.661935,-27.363368,14.749324,-27.186990,-33.994097,29.866251,20.610086,-18.479310,-19.828133,-1.661935,-27.363368,90.000000,
-19.828133,-1.661935,-27.363368,-67.064640,35.808915,-32.621153,-70.537737,-22.738074,-15.731395,-19.828133,-1.661935,-27.363368,90.000000,
-19.828133,-1.661935,-27.363368,14.749324,-27.186990,-33.994097,29.866251,20.610086,-18.479310,-19.828133,-1.661935,-27.363368,90.000000,
-19.828133,-1.661935,-27.363368,-67.064640,35.808915,-32.621153,-70.537737,-22.738074,-15.731395,-19.828133,-1.661935,-27.363368,90.000000,
-19.828133,-1.661935,-27.363368,14.749324,-27.186990,-33.994097,29.866251,20.610086,-18.479310,-19.828133,-1.661935,-27.363368,90.000000,
-19.828133,-1.661935,-27.363368,-67.064640,35.808915,-32.621153,-70.537737,-22.738074,-15.731395,-19.828133,-1.661935,-27.363368,90.000000,
-19.828133,-1.661935,-27.363368,14.749324,-27.186990,-33.994097,29.866251,20.610086,-18.479310,-19.828133,-1.661935,-27.363368,90.000000,
-19.828133,-1.661935,-27.363368,-67.064640,35.808915,-32.621153,-70.537737,-22.738074,-15.731395,-19.828133,-1.661935,-27.363368,90.000000,
-19.828133,-1.661935,-27.363368,14.749324,-27.186990,-33.994097,29.866251,20.610086,-18.479310,-19.828133,-1.661935,-27.363368,90.000000,
-19.828133,-1.661935,-27.363368,-67.064640,35.808915,-32.621153,-70.537737,-22.738074,-15.731395,-19.828133,-1.661935,-27.363368,90.000000,
-19.828133,-1.661935,-27.363368,14.749324,-27.186990,-33.994097,29.866251,20.610086,-18.479310,-19.828133,-1.661935,-27.363368,90.000000,
-19.828133,-1.661935,-27.363368,-67.064640,35.808915,-32.621153,-70.537737,-22.738074,-15.731395,-19.828133,-1.661935,-27.363368,90.000000,
-19.828133,-1.661935,-27.363368,14.749324,-27.186990,-33.994097,29.866251,20.610086,-18.479310,-19.828133,-1.661935,-27.363368,90.000000,
-19.828133,-1.661935,-27.363368,-67.064640,35.808915,-32.621153,-70.537737,-22.738074,-15.731395,-19.828133,-1.661935,-27.363368,90.000000,
-19.828133,-1.661935,-27.363368,14.749324,-27.186990,-33.994097,29.866251,20.610086,-18.479310,-19.828133,-1.661935,-27.363368,90.000000,
-19.828133,-1.661935,-27.363368,-67.064640,35.808915,-32.621153,-70.537737,-22.738074,-15.731395,-19.828133,-1.661935,-27.363368,90.000000,
-19.828133,-1.661935,-27.363368,14.749324,-27.186990,-33.994097,29.866251,20.610086,-18.479310,-19.828133,-1.661935,-27.363368,90.000000,
-19.828133,-1.661935,-27.363368,-67.064640,35.808915,-32.621153,-70.537737,-22.738074,-15.731395,-19.828133,-1.661935,-27.363368,90.000000,
-19.828133,-1.661935,-27.363368,14.749324,-27.186990,-33.994097,29.866251,20.610086,-18.479310,-19.828133,-1.661935,-27.363368,90.000000,
-19.828133,-1.661935,-27.363368,-67.064640,35.808915,-32.621153,-70.537737,-22.738074,-15.731395,-19.828133,-1.661935,-27.363368,90.000000,
-19.828133,-1.661935,-27.363368,14.749324,-27.186990,-33.994097,29.866251,20.610086,-18.479310,-19.828133,-1.661935,-27.363368,90.000000,
-19.828133,-1.661935,-27.363368,-67.064640,35.808915,-32.621153,-70.537737,-22.738074,-15.731395,-19.828133,-1.661935,-27.363368,90.000000,
-19.828133,-1.661935,-27.363368,14.749324,-27.186990,-33.994097,29.866251,20.610086,-18.479310,-19.828133,-1.661935,-27.363368,90.000000,
-19.828133,-1.661935,-27.363368,-67.064640,35.808915,-32.621153,-70.537737,-22.738074,-15.731395,-19.828133,-1.661935,-27.363368,90.000000,
-19.828133,-1.661935,-27.363368,14.749324,-27.186990,-33.994097,29.866251,20.610086,-18.479310,-19.828133,-1.661935,-27.363368,90.000000,
-19.828133,-1.661935,-27.363368,-67.064640,35.808915,-32.621153,-70.537737,-22.738074,-15.731395,-19.828133,-1.661935,-27.363368,90.000000,
-19.828133,-1.661935,-27.363368,14.749324,-27.186990,-33.994097,29.866251,20.610086,-18.479310,-19.828133,-1.661935,-27.363368,90.000000,
-19.828133,-1.661935,-27.363368,-67.064640,35.808915,-32.621153,-70.537737,-22.738074,-15.731395,-19.828133,-1.661935,-27.363368,90.000000,
-19.828133,-1.661935,-27.363368,14.749324,-27.186990,-33.994097,29.866251,20.610086,-18.479310,-19.828133,-1.661935,-27.363368,90.000000,
-19.828133,-1.661935,-27.363368,-67.064640,35.808915,-32.621153,-70.537737,-22.738074,-15.731395,-19.828133,-1.661935,-27.363368,90.000000,
-19.828133,-1.661935,-27.363368,14.749324,-27.186990,-33.994097,29.866251,20.610086,-18.479310,-19.828133,-1.661935,-27.363368,90.000000,
-19.828133,-1.661935,-27.363368,-67.064640,35.808915,-32.621153,-70.537737,-22.738074,-15.731395,-19.828133,-1.661935,-27.363368,90.000000,
-19.828133,-1.661935,-27.363368,14.749324,-27.186990,-33.994097,29.866251,20.610086,-18.479310,-19.828133,-1.661935,-27.363368,90.000000,
-19.828133,-1.661935,-27.363368,-67.064640,35.808915,-32.621153,-70.537737,-22.738074,-15.731395,-19.828133,-1.661935,-27.363368,90.000000,
-19.828133,-1.661935,-27.363368,14.749324,-27.186990,-33.994097,29.866251,20.610086,-18.479310,-19.828133,-1.661935,-27.363368,90.000000,
-19.828133,-1.661935,-27.363368,-67.064640,35.808915,-32.621153,-70.537737,-22.738074,-15.731395,-19.828133,-1.661935,-27.363368,90.000000,
