-6.066089,24.102125,85.552340,-0.762116,19.930095,90.306920,-0.758408,19.934397,90.291112,-0.742850,19.907926,90.304175,0.030000,
-6.066089,24.102125,85.552340,-0.782904,19.954887,90.308377,-0.775559,19.963463,90.276704,-0.744392,19.910550,90.302880,0.030000,
-6.066089,24.102125,85.552340,-0.803673,19.979676,90.309841,-0.792760,19.992497,90.262246,-0.745933,19.913172,90.301586,0.030000,
-6.066089,24.102125,85.552340,-0.824421,20.004462,90.311311,-0.810012,20.021500,90.247738,-0.747475,19.915792,90.300292,0.030000,
-6.066089,24.102125,85.552340,-0.845149,20.029246,90.312789,-0.827315,20.050470,90.233179,-0.749015,19.918411,90.298998,0.030000,
-6.066089,24.102125,85.552340,-0.865857,20.054026,90.314274,-0.844669,20.079408,90.218569,-0.750556,19.921028,90.297704,0.030000,
-6.066089,24.102125,85.552340,-0.886544,20.078804,90.315766,-0.862075,20.108314,90.203908,-0.752096,19.923644,90.296411,0.030000,
-6.066089,24.102125,85.552340,-0.907211,20.103579,90.317266,-0.879532,20.137187,90.189195,-0.753635,19.926258,90.295118,0.030000,
-6.066089,24.102125,85.552340,-0.927858,20.128350,90.318772,-0.897042,20.166026,90.174430,-0.755175,19.928870,90.293825,0.030000,
-6.066089,24.102125,85.552340,-0.948484,20.153119,90.320285,-0.914605,20.194832,90.159613,-0.756714,19.931481,90.292533,0.030000,
-6.066089,24.102125,85.552340,-0.969090,20.177884,90.321806,-0.932220,20.223604,90.144744,-0.758252,19.934091,90.291240,0.030000,
-6.066089,24.102125,85.552340,-0.989675,20.202646,90.323334,-0.949888,20.252341,90.129822,-0.759790,19.936698,90.289948,0.030000,
-6.066089,24.102125,85.552340,-1.010240,20.227404,90.324869,-0.967610,20.281044,90.114847,-0.761328,19.939304,90.288657,0.030000,
-6.066089,24.102125,85.552340,-1.030783,20.252160,90.326412,-0.985385,20.309712,90.099819,-0.762865,19.941909,90.287365,0.030000,
-6.066089,24.102125,85.552340,-1.051307,20.276911,90.327961,-1.003214,20.338345,90.084737,-0.764402,19.944512,90.286074,0.030000,
-6.066089,24.102125,85.552340,-1.071809,20.301660,90.329518,-1.021098,20.366941,90.069601,-0.765939,19.947113,90.284783,0.030000,
-6.066089,24.102125,85.552340,-1.092290,20.326404,90.331083,-1.039036,20.395502,90.054410,-0.767475,19.949713,90.283492,0.030000,
-6.066089,24.102125,85.552340,-1.112751,20.351145,90.332655,-1.057029,20.424027,90.039166,-0.769011,19.952311,90.282202,0.030000,
-6.066089,24.102125,85.552340,-1.133191,20.375882,90.334234,-1.075077,20.452514,90.023866,-0.770546,19.954908,90.280912,0.030000,
-6.066089,24.102125,85.552340,-1.153609,20.400615,90.335821,-1.093181,20.480965,90.008511,-0.772081,19.957503,90.279622,0.030000,
-6.066089,24.102125,85.552340,-1.174007,20.425345,90.337415,-1.111341,20.509377,89.993100,-0.773616,19.960096,90.278332,0.030000,
-6.066089,24.102125,85.552340,-1.194384,20.450070,90.339016,-1.129557,20.537752,89.977634,-0.775150,19.962688,90.277043,0.030000,
-6.066089,24.102125,85.552340,-1.214739,20.474792,90.340625,-1.147830,20.566089,89.962112,-0.776684,19.965278,90.275754,0.030000,
-6.066089,24.102125,85.552340,-1.235073,20.499509,90.342242,-1.166159,20.594386,89.946533,-0.778217,19.967867,90.274465,0.030000,
-6.066089,24.102125,85.552340,-1.255386,20.524222,90.343867,-1.184546,20.622645,89.930897,-0.779750,19.970454,90.273176,0.030000,
-6.066089,24.102125,85.552340,-1.275678,20.548931,90.345499,-1.202990,20.650864,89.915204,-0.781283,19.973039,90.271888,0.030000,
-6.066089,24.102125,85.552340,-1.295948,20.573636,90.347138,-1.221492,20.679043,89.899454,-0.782815,19.975623,90.270600,0.030000,
-6.066089,24.102125,85.552340,-1.316197,20.598336,90.348785,-1.240053,20.707181,89.883645,-0.784347,19.978206,90.269312,0.030000,
-6.066089,24.102125,85.552340,-1.336425,20.623032,90.350440,-1.258672,20.735279,89.867779,-0.785879,19.980787,90.268025,0.030000,
-6.066089,24.102125,85.552340,-1.356630,20.647724,90.352103,-1.277350,20.763336,89.851854,-0.787410,19.983366,90.266737,0.030000,
-6.066089,24.102125,85.552340,-1.376815,20.672410,90.353773,-1.296087,20.791350,89.835870,-0.788941,19.985943,90.265450,0.030000,
-6.066089,24.102125,85.552340,-1.396977,20.697093,90.355452,-1.314883,20.819323,89.819827,-0.790471,19.988519,90.264164,0.030000,
-6.066089,24.102125,85.552340,-1.417118,20.721770,90.357138,-1.333740,20.847252,89.803724,-0.792001,19.991094,90.262877,0.030000,
-6.066089,24.102125,85.552340,-1.437238,20.746443,90.358832,-1.352657,20.875139,89.787562,-0.793531,19.993667,90.261591,0.030000,
-6.066089,24.102125,85.552340,-1.457335,20.771110,90.360533,-1.371635,20.902982,89.771339,-0.795060,19.996238,90.260305,0.030000,
-6.066089,24.102125,85.552340,-1.477411,20.795773,90.362243,-1.390674,20.930781,89.755055,-0.796589,19.998808,90.259019,0.030000,
-6.066089,24.102125,85.552340,-1.497465,20.820431,90.363961,-1.409774,20.958536,89.738711,-0.798117,20.001376,90.257734,0.030000,
-6.066089,24.102125,85.552340,-1.517496,20.845084,90.365686,-1.428936,20.986245,89.722305,-0.799646,20.003943,90.256449,0.030000,
-6.066089,24.102125,85.552340,-1.537506,20.869731,90.367420,-1.448160,21.013909,89.705837,-0.801173,20.006508,90.255164,0.030000,
-6.066089,24.102125,85.552340,-1.557494,20.894374,90.369161,-1.467447,21.041527,89.689308,-0.802701,20.009072,90.253879,0.030000,
-6.066089,24.102125,85.552340,-1.577459,20.919011,90.370911,-1.486796,21.069099,89.672715,-0.804227,20.011633,90.252595,0.030000,
-6.066089,24.102125,85.552340,-1.597403,20.943642,90.372668,-1.506209,21.096623,89.656060,-0.805754,20.014194,90.251311,0.030000,
-6.066089,24.102125,85.552340,-1.617324,20.968268,90.374434,-1.525686,21.124100,89.639342,-0.807280,20.016753,90.250027,0.030000,
-6.066089,24.102125,85.552340,-1.637223,20.992889,90.376208,-1.545227,21.151529,89.622560,-0.808806,20.019310,90.248743,0.030000,
-6.066089,24.102125,85.552340,-1.657100,21.017504,90.377990,-1.564832,21.178909,89.605714,-0.810331,20.021866,90.247460,0.030000,
-6.066089,24.102125,85.552340,-1.676954,21.042114,90.379780,-1.584502,21.206239,89.588803,-0.811856,20.024420,90.246177,0.030000,
-6.066089,24.102125,85.552340,-1.696786,21.066717,90.381578,-1.604237,21.233520,89.571828,-0.813381,20.026972,90.244894,0.030000,
-6.066089,24.102125,85.552340,-1.716595,21.091315,90.383385,-1.624038,21.260751,89.554787,-0.814905,20.029523,90.243612,0.030000,
-6.066089,24.102125,85.552340,-1.736382,21.115907,90.385200,-1.643905,21.287931,89.537681,-0.816429,20.032073,90.242329,0.030000,
-6.066089,24.102125,85.552340,-1.756146,21.140493,90.387023,-1.663838,21.315059,89.520509,-0.817953,20.034621,90.241047,0.030000,
-6.066089,24.102125,85.552340,-1.775888,21.165073,90.388854,-1.683839,21.342135,89.503270,-0.819476,20.037167,90.239766,0.030000,
-6.066089,24.102125,85.552340,-1.795607,21.189647,90.390694,-1.703906,21.369158,89.485965,-0.820998,20.039712,90.238484,0.030000,
-6.066089,24.102125,85.552340,-1.815303,21.214215,90.392542,-1.724041,21.396128,89.468592,-0.822521,20.042255,90.237203,0.030000,
-6.066089,24.102125,85.552340,-1.834976,21.238776,90.394399,-1.744245,21.423044,89.451152,-0.824043,20.044797,90.235922,0.030000,
-6.066089,24.102125,85.552340,-1.854626,21.263331,90.396264,-1.764516,21.449906,89.433643,-0.825564,20.047337,90.234641,0.030000,
-6.066089,24.102125,85.552340,-1.874254,21.287880,90.398137,-1.784857,21.476712,89.416066,-0.827085,20.049876,90.233361,0.030000,
-6.066089,24.102125,85.552340,-1.893859,21.312422,90.400019,-1.805267,21.503462,89.398420,-0.828606,20.052413,90.232081,0.030000,
-6.066089,24.102125,85.552340,-1.913440,21.336958,90.401910,-1.825747,21.530156,89.380705,-0.830126,20.054948,90.230801,0.030000,
-6.066089,24.102125,85.552340,-1.932998,21.361486,90.403809,-1.846297,21.556792,89.362920,-0.831646,20.057482,90.229521,0.030000,
-6.066089,24.102125,85.552340,-1.952534,21.386009,90.405716,-1.866918,21.583371,89.345064,-0.833166,20.060015,90.228242,0.030000,
-6.066089,24.102125,85.552340,-1.972046,21.410524,90.407633,-1.887610,21.609891,89.327138,-0.834685,20.062546,90.226963,0.030000,
-6.066089,24.102125,85.552340,-1.991535,21.435033,90.409557,-1.908373,21.636352,89.309141,-0.836204,20.065075,90.225684,0.030000,
-6.066089,24.102125,85.552340,-2.011000,21.459534,90.411491,-1.929209,21.662753,89.291072,-0.837723,20.067603,90.224405,0.030000,
-6.066089,24.102125,85.552340,-2.030443,21.484029,90.413433,-1.950116,21.689093,89.272931,-0.839241,20.070129,90.223127,0.030000,
-6.066089,24.102125,85.552340,-2.049861,21.508516,90.415384,-1.971097,21.715371,89.254718,-0.840758,20.072654,90.221849,0.030000,
-6.066089,24.102125,85.552340,-2.069257,21.532997,90.417343,-1.992151,21.741587,89.236432,-0.842276,20.075177,90.220571,0.030000,
-6.066089,24.102125,85.552340,-2.088629,21.557470,90.419311,-2.013279,21.767740,89.218072,-0.843793,20.077699,90.219293,0.030000,
-6.066089,24.102125,85.552340,-2.107977,21.581935,90.421288,-2.034481,21.793830,89.199639,-0.845309,20.080219,90.218016,0.030000,
-6.066089,24.102125,85.552340,-2.127302,21.606394,90.423274,-2.055758,21.819855,89.181131,-0.846825,20.082737,90.216739,0.030000,
-6.066089,24.102125,85.552340,-2.146603,21.630844,90.425269,-2.077110,21.845814,89.162549,-0.848341,20.085254,90.215462,0.030000,
-6.066089,24.102125,85.552340,-2.165880,21.655287,90.427272,-2.098537,21.871707,89.143891,-0.849857,20.087770,90.214186,0.030000,
-6.066089,24.102125,85.552340,-2.185134,21.679723,90.429285,-2.120041,21.897533,89.125158,-0.851372,20.090284,90.212910,0.030000,
-6.066089,24.102125,85.552340,-2.204363,21.704151,90.431306,-2.141621,21.923292,89.106348,-0.852886,20.092796,90.211634,0.030000,
-6.066089,24.102125,85.552340,-2.223569,21.728571,90.433337,-2.163278,21.948981,89.087462,-0.854400,20.095307,90.210358,0.030000,
-6.066089,24.102125,85.552340,-2.242751,21.752983,90.435376,-2.185013,21.974601,89.068498,-0.855914,20.097816,90.209083,0.030000,
-6.066089,24.102125,85.552340,-2.261909,21.777387,90.437424,-2.206825,22.000151,89.049457,-0.857428,20.100324,90.207807,0.030000,
-6.066089,24.102125,85.552340,-2.281043,21.801783,90.439481,-2.228716,22.025629,89.030338,-0.858941,20.102831,90.206533,0.030000,
-6.066089,24.102125,85.552340,-2.300152,21.826171,90.441548,-2.250686,22.051035,89.011140,-0.860454,20.105335,90.205258,0.030000,
-6.066089,24.102125,85.552340,-2.319238,21.850551,90.443623,-2.272736,22.076368,88.991863,-0.861966,20.107839,90.203984,0.030000,
-6.066089,24.102125,85.552340,-2.338299,21.874922,90.445708,-2.294865,22.101626,88.972506,-0.863478,20.110340,90.202709,0.030000,
-6.066089,24.102125,85.552340,-2.357336,21.899285,90.447801,-2.317075,22.126809,88.953070,-0.864990,20.112840,90.201436,0.030000,
-6.066089,24.102125,85.552340,-2.376349,21.923640,90.449904,-2.339366,22.151917,88.933552,-0.866501,20.115339,90.200162,0.030000,
-6.066089,24.102125,85.552340,-2.395338,21.947986,90.452016,-2.361738,22.176947,88.913954,-0.868012,20.117836,90.198889,0.030000,
-6.066089,24.102125,85.552340,-2.414302,21.972324,90.454137,-2.384192,22.201899,88.894274,-0.869522,20.120332,90.197616,0.030000,
-6.066089,24.102125,85.552340,-2.433241,21.996652,90.456268,-2.406729,22.226772,88.874512,-0.871032,20.122826,90.196343,0.030000,
-6.066089,24.102125,85.552340,-2.452156,22.020972,90.458407,-2.429348,22.251564,88.854667,-0.872542,20.125318,90.195070,0.030000,
-6.066089,24.102125,85.552340,-2.471047,22.045284,90.460556,-2.452051,22.276276,88.834739,-0.874051,20.127809,90.193798,0.030000,
-6.066089,24.102125,85.552340,-2.489912,22.069586,90.462715,-2.474838,22.300905,88.814727,-0.875560,20.130299,90.192526,0.030000,
-6.066089,24.102125,85.552340,-2.508754,22.093879,90.464882,-2.497709,22.325451,88.794631,-0.877068,20.132787,90.191254,0.030000,
-6.066089,24.102125,85.552340,-2.527570,22.118163,90.467059,-2.520665,22.349912,88.774451,-0.878576,20.135273,90.189983,0.030000,
-6.066089,24.102125,85.552340,-2.546361,22.142438,90.469245,-2.543706,22.374288,88.754185,-0.880084,20.137758,90.188712,0.030000,
-6.066089,24.102125,85.552340,-2.565128,22.166704,90.471441,-2.566833,22.398576,88.733834,-0.881592,20.140242,90.187441,0.030000,
-6.066089,24.102125,85.552340,-2.583870,22.190960,90.473646,-2.590047,22.422777,88.713396,-0.883098,20.142724,90.186170,0.030000,
-6.066089,24.102125,85.552340,-2.602587,22.215207,90.475861,-2.613347,22.446889,88.692871,-0.884605,20.145204,90.184900,0.030000,
-6.066089,24.102125,85.552340,-2.621279,22.239444,90.478085,-2.636735,22.470910,88.672259,-0.886111,20.147683,90.183630,0.030000,
-6.066089,24.102125,85.552340,-2.639946,22.263672,90.480319,-2.660211,22.494839,88.651559,-0.887617,20.150160,90.182360,0.030000,
-6.066089,24.102125,85.552340,-2.658588,22.287890,90.482562,-2.683776,22.518676,88.630771,-0.889123,20.152636,90.181090,0.030000,
-6.066089,24.102125,85.552340,-2.677204,22.312099,90.484815,-2.707429,22.542418,88.609894,-0.890628,20.155111,90.179821,0.030000,
-6.066089,24.102125,85.552340,-2.695795,22.336297,90.487077,-2.731172,22.566065,88.588927,-0.892132,20.157584,90.178552,0.030000,
-6.066089,24.102125,85.552340,-2.714362,22.360486,90.489349,-2.755005,22.589615,88.567871,-0.893637,20.160055,90.177283,0.030000,
-6.066089,24.102125,85.552340,-2.732902,22.384665,90.491631,-2.778929,22.613067,88.546724,-0.895141,20.162525,90.176014,0.030000,
-6.066089,24.102125,85.552340,-2.751418,22.408833,90.493922,-2.802943,22.636420,88.525486,-0.896644,20.164993,90.174746,0.030000,
-6.066089,24.102125,85.552340,-2.769908,22.432991,90.496223,-2.827049,22.659671,88.504156,-0.898147,20.167460,90.173478,0.030000,
-6.066089,24.102125,85.552340,-2.788372,22.457140,90.498534,-2.851247,22.682820,88.482734,-0.899650,20.169925,90.172210,0.030000,
-6.066089,24.102125,85.552340,-2.806811,22.481277,90.500854,-2.875537,22.705866,88.461220,-0.901152,20.172389,90.170943,0.030000,
-6.066089,24.102125,85.552340,-2.825225,22.505405,90.503185,-2.899920,22.728806,88.439613,-0.902654,20.174851,90.169675,0.030000,
-6.066089,24.102125,85.552340,-2.843613,22.529521,90.505525,-2.924397,22.751640,88.417911,-0.904156,20.177312,90.168408,0.030000,
-6.066089,24.102125,85.552340,-2.861975,22.553628,90.507874,-2.948968,22.774365,88.396116,-0.905657,20.179771,90.167142,0.030000,
-6.066089,24.102125,85.552340,-2.880311,22.577723,90.510234,-2.973634,22.796981,88.374226,-0.907158,20.182229,90.165875,0.030000,
-6.066089,24.102125,85.552340,-2.898622,22.601808,90.512604,-2.998394,22.819485,88.352240,-0.908659,20.184685,90.164609,0.030000,
-6.066089,24.102125,85.552340,-2.916907,22.625882,90.514983,-3.023250,22.841876,88.330159,-0.910159,20.187140,90.163343,0.030000,
-6.066089,24.102125,85.552340,-2.935165,22.649945,90.517372,-3.048202,22.864153,88.307982,-0.911658,20.189594,90.162078,0.030000,
-6.066089,24.102125,85.552340,-2.953398,22.673997,90.519771,-3.073250,22.886314,88.285707,-0.913158,20.192045,90.160812,0.030000,
-6.066089,24.102125,85.552340,-2.971605,22.698038,90.522181,-3.098395,22.908356,88.263336,-0.914657,20.194496,90.159547,0.030000,
-6.066089,24.102125,85.552340,-2.989786,22.722068,90.524600,-3.123637,22.930279,88.240866,-0.916155,20.196944,90.158282,0.030000,
-6.066089,24.102125,85.552340,-3.007941,22.746086,90.527029,-3.148978,22.952081,88.218299,-0.917653,20.199392,90.157018,0.030000,
-6.066089,24.102125,85.552340,-3.026070,22.770093,90.529468,-3.174416,22.973760,88.195632,-0.919151,20.201838,90.155753,0.030000,
-6.066089,24.102125,85.552340,-3.044172,22.794089,90.531918,-3.199953,22.995314,88.172866,-0.920649,20.204282,90.154489,0.030000,
-6.066089,24.102125,85.552340,-3.062249,22.818073,90.534377,-3.225590,23.016741,88.150001,-0.922146,20.206725,90.153225,0.030000,
-6.066089,24.102125,85.552340,-3.080299,22.842045,90.536846,-3.251326,23.038040,88.127035,-0.923642,20.209166,90.151962,0.030000,
-6.066089,24.102125,85.552340,-3.098322,22.866006,90.539326,-3.277162,23.059208,88.103968,-0.925139,20.211606,90.150699,0.030000,
-6.066089,24.102125,85.552340,-3.116320,22.889955,90.541816,-3.303098,23.080244,88.080801,-0.926635,20.214044,90.149436,0.030000,
-6.066089,24.102125,85.552340,-3.134290,22.913892,90.544315,-3.329136,23.101145,88.057531,-0.928130,20.216481,90.148173,0.030000,
-6.066089,24.102125,85.552340,-3.152235,22.937818,90.546826,-3.355274,23.121910,88.034160,-0.929625,20.218917,90.146910,0.030000,
-6.066089,24.102125,85.552340,-3.170152,22.961731,90.549346,-3.381514,23.142537,88.010686,-0.931120,20.221350,90.145648,0.030000,
-6.066089,24.102125,85.552340,-3.188044,22.985632,90.551876,-3.407856,23.163024,87.987108,-0.932614,20.223783,90.144386,0.030000,
-6.066089,24.102125,85.552340,-3.205908,23.009521,90.554417,-3.434300,23.183368,87.963428,-0.934108,20.226214,90.143125,0.030000,
-6.066089,24.102125,85.552340,-3.223746,23.033397,90.556968,-3.460847,23.203568,87.939644,-0.935602,20.228643,90.141863,0.030000,
-6.066089,24.102125,85.552340,-3.241557,23.057261,90.559529,-3.487497,23.223621,87.915755,-0.937095,20.231071,90.140602,0.030000,
-6.066089,24.102125,85.552340,-3.259341,23.081113,90.562101,-3.514251,23.243525,87.891762,-0.938588,20.233498,90.139341,0.030000,
-6.066089,24.102125,85.552340,-3.277099,23.104952,90.564683,-3.541108,23.263278,87.867664,-0.940081,20.235923,90.138081,0.030000,
-6.066089,24.102125,85.552340,-3.294829,23.128779,90.567276,-3.568069,23.282878,87.843461,-0.941573,20.238346,90.136820,0.030000,
-6.066089,24.102125,85.552340,-3.312533,23.152593,90.569878,-3.595134,23.302322,87.819152,-0.943064,20.240768,90.135560,0.030000,
-6.066089,24.102125,85.552340,-3.330210,23.176393,90.572492,-3.622303,23.321609,87.794737,-0.944556,20.243189,90.134300,0.030000,
-6.066089,24.102125,85.552340,-3.347859,23.200181,90.575115,-3.649577,23.340735,87.770216,-0.946047,20.245608,90.133041,0.030000,
-6.066089,24.102125,85.552340,-3.365482,23.223957,90.577749,-3.676956,23.359698,87.745588,-0.947537,20.248025,90.131782,0.030000,
-6.066089,24.102125,85.552340,-3.383077,23.247718,90.580394,-3.704440,23.378497,87.720854,-0.949027,20.250442,90.130522,0.030000,
-6.066089,24.102125,85.552340,-3.400646,23.271467,90.583049,-3.732030,23.397127,87.696012,-0.950517,20.252856,90.129264,0.030000,
-6.066089,24.102125,85.552340,-3.418187,23.295203,90.585715,-3.759724,23.415588,87.671063,-0.952007,20.255269,90.128005,0.030000,
-6.066089,24.102125,85.552340,-3.435700,23.318925,90.588391,-3.787524,23.433876,87.646006,-0.953496,20.257681,90.126747,0.030000,
-6.066089,24.102125,85.552340,-3.453187,23.342634,90.591077,-3.815430,23.451989,87.620842,-0.954984,20.260091,90.125489,0.030000,
-6.066089,24.102125,85.552340,-3.470646,23.366329,90.593775,-3.843441,23.469924,87.595570,-0.956473,20.262500,90.124231,0.030000,
-6.066089,24.102125,85.552340,-3.488078,23.390011,90.596483,-3.871558,23.487679,87.570190,-0.957960,20.264907,90.122974,0.030000,
-6.066089,24.102125,85.552340,-3.505482,23.413679,90.599201,-3.899781,23.505251,87.544701,-0.959448,20.267313,90.121717,0.030000,
-6.066089,24.102125,85.552340,-3.522858,23.437333,90.601930,-3.928110,23.522637,87.519104,-0.960935,20.269718,90.120460,0.030000,
-6.066089,24.102125,85.552340,-3.540208,23.460973,90.604670,-3.956544,23.539834,87.493400,-0.962422,20.272120,90.119203,0.030000,
-6.066089,24.102125,85.552340,-3.557529,23.484600,90.607421,-3.985083,23.556840,87.467586,-0.963908,20.274522,90.117947,0.030000,
-6.066089,24.102125,85.552340,-3.574823,23.508212,90.610182,-4.013728,23.573652,87.441665,-0.965394,20.276922,90.116691,0.030000,
-6.066089,24.102125,85.552340,-3.592089,23.531810,90.612954,-4.042478,23.590267,87.415635,-0.966880,20.279320,90.115435,0.030000,
-6.066089,24.102125,85.552340,-3.609328,23.555394,90.615737,-4.071334,23.606683,87.389497,-0.968365,20.281717,90.114179,0.030000,
-6.066089,24.102125,85.552340,-3.626538,23.578964,90.618530,-4.100294,23.622895,87.363250,-0.969850,20.284113,90.112924,0.030000,
-6.066089,24.102125,85.552340,-3.643721,23.602519,90.621334,-4.129358,23.638902,87.336896,-0.971334,20.286507,90.111669,0.030000,
-6.066089,24.102125,85.552340,-3.660876,23.626060,90.624149,-4.158527,23.654700,87.310434,-0.972819,20.288900,90.110414,0.030000,
-6.066089,24.102125,85.552340,-3.678003,23.649586,90.626975,-4.187800,23.670286,87.283864,-0.974302,20.291291,90.109160,0.030000,
-6.066089,24.102125,85.552340,-3.695102,23.673098,90.629812,-4.217177,23.685657,87.257187,-0.975786,20.293680,90.107905,0.030000,
-6.066089,24.102125,85.552340,-3.712173,23.696595,90.632659,-4.246656,23.700811,87.230403,-0.977269,20.296069,90.106652,0.030000,
-6.066089,24.102125,85.552340,-3.729216,23.720077,90.635518,-4.276238,23.715744,87.203513,-0.978751,20.298455,90.105398,0.030000,
-6.066089,24.102125,85.552340,-3.746231,23.743544,90.638387,-4.305922,23.730452,87.176516,-0.980233,20.300841,90.104144,0.030000,
-6.066089,24.102125,85.552340,-3.763217,23.766996,90.641268,-4.335708,23.744934,87.149413,-0.981715,20.303225,90.102891,0.030000,
-6.066089,24.102125,85.552340,-3.780176,23.790433,90.644159,-4.365594,23.759185,87.122205,-0.983197,20.305607,90.101638,0.030000,
-6.066089,24.102125,85.552340,-3.797106,23.813855,90.647061,-4.395580,23.773202,87.094892,-0.984678,20.307988,90.100386,0.030000,
-6.066089,24.102125,85.552340,-3.814008,23.837262,90.649974,-4.425666,23.786983,87.067474,-0.986158,20.310367,90.099133,0.030000,
-6.066089,24.102125,85.552340,-3.830882,23.860653,90.652898,-4.455850,23.800523,87.039953,-0.987639,20.312746,90.097881,0.030000,
-6.066089,24.102125,85.552340,-3.847727,23.884029,90.655833,-4.486132,23.813821,87.012329,-0.989119,20.315122,90.096629,0.030000,
-6.066089,24.102125,85.552340,-3.864544,23.907389,90.658780,-4.516511,23.826871,86.984603,-0.990598,20.317497,90.095378,0.030000,
-6.066089,24.102125,85.552340,-3.881332,23.930734,90.661737,-4.546985,23.839672,86.956775,-0.992077,20.319871,90.094126,0.030000,
-6.066089,24.102125,85.552340,-3.898092,23.954063,90.664705,-4.577554,23.852220,86.928847,-0.993556,20.322243,90.092875,0.030000,
-6.066089,24.102125,85.552340,-3.914824,23.977376,90.667685,-4.608217,23.864511,86.900820,-0.995035,20.324614,90.091625,0.030000,
-6.066089,24.102125,85.552340,-3.931526,24.000673,90.670675,-4.638971,23.876543,86.872693,-0.996513,20.326983,90.090374,0.030000,
-6.066089,24.102125,85.552340,-3.948201,24.023955,90.673677,-4.669818,23.888311,86.844470,-0.997990,20.329351,90.089124,0.030000,
-6.066089,24.102125,85.552340,-3.964846,24.047220,90.676689,-4.700753,23.899814,86.816149,-0.999468,20.331718,90.087874,0.030000,
-6.066089,24.102125,85.552340,-3.981463,24.070469,90.679713,-4.731778,23.911046,86.787734,-1.000944,20.334083,90.086624,0.030000,
-6.066089,24.102125,85.552340,-3.998051,24.093702,90.682748,-4.762889,23.922005,86.759224,-1.002421,20.336446,90.085375,0.030000,
-6.066089,24.102125,85.552340,-4.014610,24.116919,90.685794,-4.794085,23.932688,86.730622,-1.003897,20.338808,90.084125,0.030000,
-6.066089,24.102125,85.552340,-4.031141,24.140119,90.688852,-4.825366,23.943092,86.701929,-1.005373,20.341169,90.082876,0.030000,
-6.066089,24.102125,85.552340,-4.047642,24.163302,90.691921,-4.856728,23.953212,86.673145,-1.006848,20.343528,90.081628,0.030000,
-6.066089,24.102125,85.552340,-4.064115,24.186470,90.695000,-4.888171,23.963047,86.644273,-1.008323,20.345886,90.080379,0.030000,
-6.066089,24.102125,85.552340,-4.080558,24.209620,90.698091,-4.919692,23.972592,86.615315,-1.009798,20.348242,90.079131,0.030000,
-6.066089,24.102125,85.552340,-4.096973,24.232754,90.701194,-4.951290,23.981844,86.586272,-1.011272,20.350597,90.077883,0.030000,
-6.066089,24.102125,85.552340,-4.113359,24.255871,90.704307,-4.982962,23.990801,86.557145,-1.012746,20.352951,90.076636,0.030000,
-6.066089,24.102125,85.552340,-4.129715,24.278970,90.707432,-5.014707,23.999458,86.527937,-1.014219,20.355303,90.075388,0.030000,
-6.066089,24.102125,85.552340,-4.146043,24.302053,90.710569,-5.046523,24.007814,86.498649,-1.015693,20.357653,90.074141,0.030000,
-6.066089,24.102125,85.552340,-4.162341,24.325119,90.713716,-5.078407,24.015865,86.469283,-1.017165,20.360003,90.072895,0.030000,
-6.066089,24.102125,85.552340,-4.178610,24.348168,90.716875,-5.110356,24.023607,86.439842,-1.018638,20.362350,90.071648,0.030000,
-6.066089,24.102125,85.552340,-4.194850,24.371199,90.720045,-5.142369,24.031038,86.410328,-1.020110,20.364697,90.070402,0.030000,
-6.066089,24.102125,85.552340,-4.211061,24.394213,90.723227,-5.174443,24.038155,86.380742,-1.021581,20.367041,90.069156,0.030000,
-6.066089,24.102125,85.552340,-4.227242,24.417209,90.726420,-5.206576,24.044956,86.351088,-1.023052,20.369385,90.067910,0.030000,
-6.066089,24.102125,85.552340,-4.243394,24.440188,90.729625,-5.238764,24.051436,86.321366,-1.024523,20.371727,90.066665,0.030000,
-6.066089,24.102125,85.552340,-4.259516,24.463150,90.732840,-5.271006,24.057594,86.291581,-1.025994,20.374067,90.065419,0.030000,
-6.066089,24.102125,85.552340,-4.275609,24.486093,90.736068,-5.303298,24.063427,86.261734,-1.027464,20.376407,90.064175,0.030000,
-6.066089,24.102125,85.552340,-4.291673,24.509019,90.739306,-5.335638,24.068932,86.231827,-1.028933,20.378744,90.062930,0.030000,
-6.066089,24.102125,85.552340,-4.307707,24.531927,90.742556,-5.368023,24.074107,86.201865,-1.030403,20.381081,90.061685,0.030000,
-6.066089,24.102125,85.552340,-4.323712,24.554817,90.745818,-5.400449,24.078949,86.171848,-1.031872,20.383415,90.060441,0.030000,
-6.066089,24.102125,85.552340,-4.339687,24.577689,90.749091,-5.432914,24.083457,86.141780,-1.033340,20.385749,90.059197,0.030000,
-6.066089,24.102125,85.552340,-4.355633,24.600542,90.752376,-5.465415,24.087627,86.111664,-1.034808,20.388081,90.057954,0.030000,
-6.066089,24.102125,85.552340,-4.371548,24.623378,90.755672,-5.497948,24.091457,86.081503,-1.036276,20.390411,90.056711,0.030000,
-6.066089,24.102125,85.552340,-4.387435,24.646195,90.758979,-5.530511,24.094946,86.051299,-1.037744,20.392741,90.055467,0.030000,
-6.066089,24.102125,85.552340,-4.403291,24.668994,90.762299,-5.563100,24.098092,86.021056,-1.039211,20.395068,90.054225,0.030000,
-6.066089,24.102125,85.552340,-4.419118,24.691774,90.765629,-5.595711,24.100893,85.990777,-1.040677,20.397395,90.052982,0.030000,
-6.066089,24.102125,85.552340,-4.434915,24.714536,90.768971,-5.628342,24.103346,85.960464,-1.042144,20.399719,90.051740,0.030000,
-6.066089,24.102125,85.552340,-4.450682,24.737278,90.772325,-5.660988,24.105451,85.930121,-1.043610,20.402043,90.050498,0.030000,
-6.066089,24.102125,85.552340,-4.466419,24.760003,90.775691,-5.693647,24.107206,85.899752,-1.045075,20.404365,90.049256,0.030000,
-6.066089,24.102125,85.552340,-4.482126,24.782708,90.779068,-5.726315,24.108610,85.869359,-1.046540,20.406686,90.048015,0.030000,
-6.066089,24.102125,85.552340,-4.497804,24.805395,90.782456,-5.758988,24.109661,85.838946,-1.048005,20.409005,90.046773,0.030000,
-6.066089,24.102125,85.552340,-4.513451,24.828062,90.785856,-5.791663,24.110358,85.808516,-1.049470,20.411323,90.045532,0.030000,
-6.066089,24.102125,85.552340,-4.529069,24.850710,90.789268,-5.824336,24.110701,85.778072,-1.050934,20.413639,90.044292,0.030000,
-6.066089,24.102125,85.552340,-4.544656,24.873340,90.792692,-5.857004,24.110688,85.747618,-1.052397,20.415954,90.043051,0.030000,
-6.066089,24.102125,85.552340,-4.560214,24.895950,90.796127,-5.889662,24.110319,85.717158,-1.053861,20.418267,90.041811,0.030000,
-6.066089,24.102125,85.552340,-4.575741,24.918540,90.799574,-5.922307,24.109594,85.686694,-1.055323,20.420579,90.040571,0.030000,
-6.066089,24.102125,85.552340,-4.591238,24.941111,90.803032,-5.954936,24.108511,85.656230,-1.056786,20.422890,90.039332,0.030000,
-6.066089,24.102125,85.552340,-4.606706,24.963663,90.806502,-5.987545,24.107071,85.625770,-1.058248,20.425199,90.038092,0.030000,
-6.066089,24.102125,85.552340,-4.622143,24.986195,90.809984,-6.020130,24.105273,85.595318,-1.059710,20.427507,90.036853,0.030000,
-6.066089,24.102125,85.552340,-4.637549,25.008707,90.813477,-6.052687,24.103117,85.564875,-1.061171,20.429814,90.035615,0.030000,
-6.066089,24.102125,85.552340,-4.652926,25.031200,90.816983,-6.085213,24.100604,85.534447,-1.062632,20.432119,90.034376,0.030000,
-6.066089,24.102125,85.552340,-4.668272,25.053672,90.820499,-6.052720,24.103459,85.564860,-1.064093,20.434423,90.033138,0.030000,
-6.066089,24.102125,85.552340,-4.683588,25.076125,90.824028,-6.085057,24.099292,85.534534,-1.065553,20.436725,90.031900,0.030000,
-6.066089,24.102125,85.552340,-4.698874,25.098558,90.827569,-6.053281,24.106553,85.564475,-1.067013,20.439026,90.030662,0.030000,
-6.066089,24.102125,85.552340,-4.714129,25.120970,90.831121,-6.080985,24.088993,85.537870,-1.068473,20.441325,90.029425,0.030000,
-6.066089,24.102125,85.552340,-4.729354,25.143363,90.834685,-6.064743,24.118414,85.554321,-1.069932,20.443623,90.028187,0.030000,
-6.066089,24.102125,85.552340,-4.744548,25.165735,90.838260,-6.064716,24.084070,85.552814,-1.071391,20.445920,90.026950,0.030000,
-6.066089,24.102125,85.552340,-4.759712,25.188087,90.841848,-6.067480,24.118355,85.551767,-1.072849,20.448215,90.025714,0.030000,
-6.066089,24.102125,85.552340,-4.774846,25.210418,90.845447,-6.064551,24.084082,85.552968,-1.074307,20.450509,90.024477,0.030000,
-6.066089,24.102125,85.552340,-4.789949,25.232729,90.849058,-6.067472,24.118355,85.551775,-1.075765,20.452801,90.023241,0.030000,
-6.066089,24.102125,85.552340,-4.805021,25.255019,90.852681,-6.064551,24.084082,85.552968,-1.077222,20.455092,90.022005,0.030000,
-6.066089,24.102125,85.552340,-4.820063,25.277289,90.856315,-6.067472,24.118355,85.551775,-1.078679,20.457382,90.020770,0.030000,
-6.066089,24.102125,85.552340,-4.835075,25.299537,90.859962,-6.064551,24.084082,85.552968,-1.080135,20.459670,90.019534,0.030000,
-6.066089,24.102125,85.552340,-4.850055,25.321765,90.863620,-6.067472,24.118355,85.551775,-1.081591,20.461957,90.018299,0.030000,
-6.066089,24.102125,85.552340,-4.865005,25.343972,90.867290,-6.064551,24.084082,85.552968,-1.083047,20.464242,90.017065,0.030000,
-6.066089,24.102125,85.552340,-4.879925,25.366158,90.870972,-6.067472,24.118355,85.551775,-1.084502,20.466526,90.015830,0.030000,
-6.066089,24.102125,85.552340,-4.894814,25.388323,90.874666,-6.064551,24.084082,85.552968,-1.085957,20.468809,90.014596,0.030000,
-6.066089,24.102125,85.552340,-4.909672,25.410467,90.878371,-6.067472,24.118355,85.551775,-1.087412,20.471090,90.013362,0.030000,
-6.066089,24.102125,85.552340,-4.924499,25.432589,90.882089,-6.064551,24.084082,85.552968,-1.088866,20.473370,90.012128,0.030000,
-6.066089,24.102125,85.552340,-4.939296,25.454690,90.885818,-6.067472,24.118355,85.551775,-1.090320,20.475648,90.010895,0.030000,
-6.066089,24.102125,85.552340,-4.954061,25.476769,90.889559,-6.064551,24.084082,85.552968,-1.091774,20.477925,90.009661,0.030000,
-6.066089,24.102125,85.552340,-4.968796,25.498828,90.893312,-6.067472,24.118355,85.551775,-1.093227,20.480201,90.008428,0.030000,
-6.066089,24.102125,85.552340,-4.983501,25.520864,90.897077,-6.064551,24.084082,85.552968,-1.094679,20.482475,90.007196,0.030000,
-6.066089,24.102125,85.552340,-4.998174,25.542879,90.900854,-6.067472,24.118355,85.551775,-1.096132,20.484748,90.005963,0.030000,
-6.066089,24.102125,85.552340,-5.012816,25.564872,90.904643,-6.064551,24.084082,85.552968,-1.097584,20.487020,90.004731,0.030000,
-6.066089,24.102125,85.552340,-5.027428,25.586843,90.908443,-6.067472,24.118355,85.551775,-1.099035,20.489290,90.003499,0.030000,
-6.066089,24.102125,85.552340,-5.042008,25.608792,90.912256,-6.064551,24.084082,85.552968,-1.100487,20.491559,90.002268,0.030000,
-6.066089,24.102125,85.552340,-5.056558,25.630720,90.916080,-6.067472,24.118355,85.551775,-1.101938,20.493826,90.001036,0.030000,
-6.066089,24.102125,85.552340,-5.071077,25.652625,90.919917,-6.064551,24.084082,85.552968,-1.103388,20.496092,89.999805,0.030000,
-6.066089,24.102125,85.552340,-5.085565,25.674508,90.923765,-6.067472,24.118355,85.551775,-1.104838,20.498356,89.998575,0.030000,
-6.066089,24.102125,85.552340,-5.100021,25.696369,90.927625,-6.064551,24.084082,85.552968,-1.106288,20.500619,89.997344,0.030000,
-6.066089,24.102125,85.552340,-5.114447,25.718208,90.931497,-6.067472,24.118355,85.551775,-1.107737,20.502881,89.996114,0.030000,
-6.066089,24.102125,85.552340,-5.128841,25.740024,90.935381,-6.064551,24.084082,85.552968,-1.109186,20.505142,89.994884,0.030000,
-6.066089,24.102125,85.552340,-5.143205,25.761818,90.939277,-6.067472,24.118355,85.551775,-1.110635,20.507401,89.993654,0.030000,
-6.066089,24.102125,85.552340,-5.157537,25.783589,90.943185,-6.064551,24.084082,85.552968,-1.112083,20.509658,89.992425,0.030000,
-6.066089,24.102125,85.552340,-5.171839,25.805337,90.947105,-6.067472,24.118355,85.551775,-1.113531,20.511915,89.991195,0.030000,
-6.066089,24.102125,85.552340,-5.186109,25.827063,90.951036,-6.064551,24.084082,85.552968,-1.114978,20.514169,89.989966,0.030000,
-6.066089,24.102125,85.552340,-5.200348,25.848766,90.954980,-6.067472,24.118355,85.551775,-1.116425,20.516423,89.988738,0.030000,
-6.066089,24.102125,85.552340,-5.214556,25.870447,90.958936,-6.064551,24.084082,85.552968,-1.117872,20.518675,89.987509,0.030000,
-6.066089,24.102125,85.552340,-5.228733,25.892104,90.962903,-6.067472,24.118355,85.551775,-1.119319,20.520926,89.986281,0.030000,
-6.066089,24.102125,85.552340,-5.242878,25.913738,90.966883,-6.064551,24.084082,85.552968,-1.120765,20.523175,89.985053,0.030000,
-6.066089,24.102125,85.552340,-5.256993,25.935350,90.970874,-6.067472,24.118355,85.551775,-1.122210,20.525423,89.983826,0.030000,
-6.066089,24.102125,85.552340,-5.271076,25.956938,90.974878,-6.064551,24.084082,85.552968,-1.123655,20.527670,89.982599,0.030000,
-6.066089,24.102125,85.552340,-5.285128,25.978503,90.978893,-6.067472,24.118355,85.551775,-1.125100,20.529915,89.981371,0.030000,
-6.066089,24.102125,85.552340,-5.299148,26.000044,90.982920,-6.064551,24.084082,85.552968,-1.126545,20.532159,89.980145,0.030000,
-6.066089,24.102125,85.552340,-5.313137,26.021562,90.986960,-6.067472,24.118355,85.551775,-1.127989,20.534401,89.978918,0.030000,
-6.066089,24.102125,85.552340,-5.327095,26.043057,90.991011,-6.064551,24.084082,85.552968,-1.129433,20.536642,89.977692,0.030000,
-6.066089,24.102125,85.552340,-5.341022,26.064528,90.995074,-6.067472,24.118355,85.551775,-1.130876,20.538882,89.976466,0.030000,
-6.066089,24.102125,85.552340,-5.354918,26.085976,90.999149,-6.064551,24.084082,85.552968,-1.132319,20.541121,89.975240,0.030000,
-6.066089,24.102125,85.552340,-5.368782,26.107400,91.003236,-6.067472,24.118355,85.551775,-1.133762,20.543358,89.974015,0.030000,
-6.066089,24.102125,85.552340,-5.382614,26.128800,91.007336,-6.064551,24.084082,85.552968,-1.135204,20.545593,89.972790,0.030000,
-6.066089,24.102125,85.552340,-5.396416,26.150176,91.011447,-6.067472,24.118355,85.551775,-1.136646,20.547828,89.971565,0.030000,
-6.066089,24.102125,85.552340,-5.410186,26.171529,91.015570,-6.064551,24.084082,85.552968,-1.138087,20.550060,89.970340,0.030000,
-6.066089,24.102125,85.552340,-5.423924,26.192857,91.019705,-6.067472,24.118355,85.551775,-1.139528,20.552292,89.969116,0.030000,
-6.066089,24.102125,85.552340,-5.437631,26.214162,91.023852,-6.064551,24.084082,85.552968,-1.140969,20.554522,89.967892,0.030000,
-6.066089,24.102125,85.552340,-5.451307,26.235442,91.028010,-6.067472,24.118355,85.551775,-1.142409,20.556751,89.966668,0.030000,
-6.066089,24.102125,85.552340,-5.464951,26.256698,91.032181,-6.064551,24.084082,85.552968,-1.143849,20.558978,89.965444,0.030000,
-6.066089,24.102125,85.552340,-5.478564,26.277930,91.036364,-6.067472,24.118355,85.551775,-1.145289,20.561205,89.964221,0.030000,
-6.066089,24.102125,85.552340,-5.492146,26.299138,91.040559,-6.064551,24.084082,85.552968,-1.146728,20.563429,89.962998,0.030000,
-6.066089,24.102125,85.552340,-5.505696,26.320321,91.044766,-6.067472,24.118355,85.551775,-1.148167,20.565653,89.961775,0.030000,
-6.066089,24.102125,85.552340,-5.519214,26.341479,91.048984,-6.064551,24.084082,85.552968,-1.149605,20.567875,89.960552,0.030000,
-6.066089,24.102125,85.552340,-5.532701,26.362613,91.053215,-6.067472,24.118355,85.551775,-1.151044,20.570095,89.959330,0.030000,
-6.066089,24.102125,85.552340,-5.546157,26.383723,91.057457,-6.064551,24.084082,85.552968,-1.152481,20.572315,89.958108,0.030000,
-6.066089,24.102125,85.552340,-5.559581,26.404808,91.061712,-6.067472,24.118355,85.551775,-1.153919,20.574533,89.956887,0.030000,
-6.066089,24.102125,85.552340,-5.572974,26.425868,91.065978,-6.064551,24.084082,85.552968,-1.155356,20.576749,89.955665,0.030000,
-6.066089,24.102125,85.552340,-5.586335,26.446903,91.070257,-6.067472,24.118355,85.551775,-1.156792,20.578964,89.954444,0.030000,
-6.066089,24.102125,85.552340,-5.599664,26.467913,91.074547,-6.064551,24.084082,85.552968,-1.158229,20.581178,89.953223,0.030000,
-6.066089,24.102125,85.552340,-5.612962,26.488899,91.078849,-6.067472,24.118355,85.551775,-1.159664,20.583391,89.952002,0.030000,
-6.066089,24.102125,85.552340,-5.626229,26.509859,91.083164,-6.064551,24.084082,85.552968,-1.161100,20.585602,89.950782,0.030000,
-6.066089,24.102125,85.552340,-5.639464,26.530794,91.087490,-6.067472,24.118355,85.551775,-1.162535,20.587812,89.949562,0.030000,
-6.066089,24.102125,85.552340,-5.652667,26.551704,91.091828,-6.064551,24.084082,85.552968,-1.163970,20.590020,89.948342,0.030000,
-6.066089,24.102125,85.552340,-5.665839,26.572589,91.096178,-6.067472,24.118355,85.551775,-1.165404,20.592227,89.947122,0.030000,
-6.066089,24.102125,85.552340,-5.678980,26.593449,91.100540,-6.064551,24.084082,85.552968,-1.166838,20.594433,89.945903,0.030000,
-6.066089,24.102125,85.552340,-5.692088,26.614283,91.104913,-6.067472,24.118355,85.551775,-1.168272,20.596637,89.944684,0.030000,
-6.066089,24.102125,85.552340,-5.705166,26.635092,91.109299,-6.064551,24.084082,85.552968,-1.169705,20.598841,89.943465,0.030000,
-6.066089,24.102125,85.552340,-5.718211,26.655875,91.113697,-6.067472,24.118355,85.551775,-1.171138,20.601042,89.942247,0.030000,
-6.066089,24.102125,85.552340,-5.731225,26.676633,91.118106,-6.064551,24.084082,85.552968,-1.172571,20.603243,89.941029,0.030000,
-6.066089,24.102125,85.552340,-5.744208,26.697365,91.122528,-6.067472,24.118355,85.551775,-1.174003,20.605442,89.939811,0.030000,
-6.066089,24.102125,85.552340,-5.757159,26.718071,91.126961,-6.064551,24.084082,85.552968,-1.175434,20.607639,89.938593,0.030000,
-6.066089,24.102125,85.552340,-5.770078,26.738752,91.131406,-6.067472,24.118355,85.551775,-1.176866,20.609836,89.937376,0.030000,
-6.066089,24.102125,85.552340,-5.782966,26.759407,91.135863,-6.064551,24.084082,85.552968,-1.178297,20.612031,89.936158,0.030000,
-6.066089,24.102125,85.552340,-5.795822,26.780035,91.140332,-6.067472,24.118355,85.551775,-1.179727,20.614224,89.934941,0.030000,
-6.066089,24.102125,85.552340,-5.808647,26.800638,91.144813,-6.064551,24.084082,85.552968,-1.181158,20.616417,89.933725,0.030000,
-6.066089,24.102125,85.552340,-5.821440,26.821215,91.149305,-6.067472,24.118355,85.551775,-1.182588,20.618608,89.932509,0.030000,
-6.066089,24.102125,85.552340,-5.834201,26.841766,91.153810,-6.064551,24.084082,85.552968,-1.184017,20.620797,89.931292,0.030000,
-6.066089,24.102125,85.552340,-5.846931,26.862291,91.158326,-6.067472,24.118355,85.551775,-1.185446,20.622985,89.930077,0.030000,
-6.066089,24.102125,85.552340,-5.859630,26.882789,91.162854,-6.064551,24.084082,85.552968,-1.186875,20.625172,89.928861,0.030000,
-6.066089,24.102125,85.552340,-5.872296,26.903262,91.167394,-6.067472,24.118355,85.551775,-1.188304,20.627358,89.927646,0.030000,
-6.066089,24.102125,85.552340,-5.884931,26.923708,91.171946,-6.064551,24.084082,85.552968,-1.189732,20.629542,89.926431,0.030000,
-6.066089,24.102125,85.552340,-5.897535,26.944127,91.176510,-6.067472,24.118355,85.551775,-1.191159,20.631725,89.925216,0.030000,
-6.066089,24.102125,85.552340,-5.910107,26.964520,91.181085,-6.064551,24.084082,85.552968,-1.192587,20.633907,89.924002,0.030000,
-6.066089,24.102125,85.552340,-5.922647,26.984887,91.185672,-6.067472,24.118355,85.551775,-1.194013,20.636087,89.922787,0.030000,
-6.066089,24.102125,85.552340,-5.935156,27.005227,91.190272,-6.064551,24.084082,85.552968,-1.195440,20.638266,89.921573,0.030000,
-6.066089,24.102125,85.552340,-5.947633,27.025540,91.194882,-6.067472,24.118355,85.551775,-1.196866,20.640444,89.920360,0.030000,
-6.066089,24.102125,85.552340,-5.960079,27.045827,91.199505,-6.064551,24.084082,85.552968,-1.198292,20.642620,89.919146,0.030000,
-6.066089,24.102125,85.552340,-5.972493,27.066087,91.204139,-6.067472,24.118355,85.551775,-1.199717,20.644795,89.917933,0.030000,
-6.066089,24.102125,85.552340,-5.984876,27.086320,91.208785,-6.064551,24.084082,85.552968,-1.201143,20.646968,89.916720,0.030000,
-6.066089,24.102125,85.552340,-5.997227,27.106527,91.213443,-6.067472,24.118355,85.551775,-1.202567,20.649141,89.915508,0.030000,
-6.066089,24.102125,85.552340,-6.009546,27.126706,91.218113,-6.064551,24.084082,85.552968,-1.203992,20.651312,89.914295,0.030000,
-6.066089,24.102125,85.552340,-6.021834,27.146858,91.222794,-6.067472,24.118355,85.551775,-1.205415,20.653481,89.913083,0.030000,
-6.066089,24.102125,85.552340,-6.034090,27.166984,91.227487,-6.064551,24.084082,85.552968,-1.206839,20.655649,89.911871,0.030000,
-6.066089,24.102125,85.552340,-6.046315,27.187082,91.232192,-6.067472,24.118355,85.551775,-1.208262,20.657816,89.910660,0.030000,
-6.066089,24.102125,85.552340,-6.058508,27.207153,91.236909,-6.064551,24.084082,85.552968,-1.209685,20.659982,89.909449,0.030000,
-6.066089,24.102125,85.552340,-6.070670,27.227197,91.241637,-6.067472,24.118355,85.551775,-1.211108,20.662146,89.908238,0.030000,
-6.066089,24.102125,85.552340,-6.082800,27.247214,91.246377,-6.064551,24.084082,85.552968,-1.212530,20.664309,89.907027,0.030000,
-6.066089,24.102125,85.552340,-6.094899,27.267203,91.251128,-6.067472,24.118355,85.551775,-1.213951,20.666471,89.905816,0.030000,
-6.066089,24.102125,85.552340,-6.106966,27.287165,91.255891,-6.064551,24.084082,85.552968,-1.215373,20.668631,89.904606,0.030000,
-6.066089,24.102125,85.552340,-6.119002,27.307100,91.260666,-6.067472,24.118355,85.551775,-1.216794,20.670790,89.903396,0.030000,
-6.066089,24.102125,85.552340,-6.131006,27.327007,91.265453,-6.064551,24.084082,85.552968,-1.218214,20.672948,89.902187,0.030000,
-6.066089,24.102125,85.552340,-6.142979,27.346887,91.270251,-6.067472,24.118355,85.551775,-1.219634,20.675104,89.900977,0.030000,
-6.066089,24.102125,85.552340,-6.154921,27.366739,91.275061,-6.064551,24.084082,85.552968,-1.221054,20.677259,89.899768,0.030000,
-6.066089,24.102125,85.552340,-6.166831,27.386563,91.279882,-6.067472,24.118355,85.551775,-1.222474,20.679413,89.898559,0.030000,
-6.066089,24.102125,85.552340,-6.178709,27.406360,91.284715,-6.064551,24.084082,85.552968,-1.223893,20.681566,89.897351,0.030000,
-6.066089,24.102125,85.552340,-6.190556,27.426129,91.289560,-6.067472,24.118355,85.551775,-1.225312,20.683717,89.896142,0.030000,
-6.066089,24.102125,85.552340,-6.202372,27.445870,91.294416,-6.064551,24.084082,85.552968,-1.226730,20.685866,89.894934,0.030000,
-6.066089,24.102125,85.552340,-6.214156,27.465583,91.299283,-6.067472,24.118355,85.551775,-1.228148,20.688015,89.893726,0.030000,
-6.066089,24.102125,85.552340,-6.225909,27.485269,91.304162,-6.064551,24.084082,85.552968,-1.229566,20.690162,89.892519,0.030000,
-6.066089,24.102125,85.552340,-6.237630,27.504926,91.309053,-6.067472,24.118355,85.551775,-1.230983,20.692308,89.891312,0.030000,
-6.066089,24.102125,85.552340,-6.249320,27.524556,91.313955,-6.064551,24.084082,85.552968,-1.232400,20.694452,89.890105,0.030000,
-6.066089,24.102125,85.552340,-6.260979,27.544157,91.318869,-6.067472,24.118355,85.551775,-1.233816,20.696596,89.888898,0.030000,
-6.066089,24.102125,85.552340,-6.272606,27.563731,91.323795,-6.064551,24.084082,85.552968,-1.235232,20.698738,89.887692,0.030000,
-6.066089,24.102125,85.552340,-6.284202,27.583276,91.328731,-6.067472,24.118355,85.551775,-1.236648,20.700878,89.886485,0.030000,
-6.066089,24.102125,85.552340,-6.295767,27.602793,91.333679,-6.064551,24.084082,85.552968,-1.238064,20.703017,89.885279,0.030000,
-6.066089,24.102125,85.552340,-6.307300,27.622282,91.338639,-6.067472,24.118355,85.551775,-1.239479,20.705155,89.884074,0.030000,
-6.066089,24.102125,85.552340,-6.318802,27.641743,91.343610,-6.064551,24.084082,85.552968,-1.240893,20.707292,89.882868,0.030000,
-6.066089,24.102125,85.552340,-6.330273,27.661175,91.348593,-6.067472,24.118355,85.551775,-1.242308,20.709427,89.881663,0.030000,
-6.066089,24.102125,85.552340,-6.341713,27.680579,91.353587,-6.064551,24.084082,85.552968,-1.243722,20.711561,89.880458,0.030000,
-6.066089,24.102125,85.552340,-6.353121,27.699954,91.358592,-6.067472,24.118355,85.551775,-1.245135,20.713694,89.879254,0.030000,
-6.066089,24.102125,85.552340,-6.364498,27.719301,91.363609,-6.064551,24.084082,85.552968,-1.246548,20.715826,89.878050,0.030000,
-6.066089,24.102125,85.552340,-6.375844,27.738620,91.368637,-6.067472,24.118355,85.551775,-1.247961,20.717956,89.876846,0.030000,
-6.066089,24.102125,85.552340,-6.387159,27.757910,91.373676,-6.064551,24.084082,85.552968,-1.249374,20.720085,89.875642,0.030000,
-6.066089,24.102125,85.552340,-6.398443,27.777171,91.378727,-6.067472,24.118355,85.551775,-1.250786,20.722212,89.874438,0.030000,
-6.066089,24.102125,85.552340,-6.409695,27.796404,91.383789,-6.064551,24.084082,85.552968,-1.252197,20.724338,89.873235,0.030000,
-6.066089,24.102125,85.552340,-6.420916,27.815608,91.388863,-6.067472,24.118355,85.551775,-1.253609,20.726463,89.872032,0.030000,
-6.066089,24.102125,85.552340,-6.432107,27.834784,91.393947,-6.064551,24.084082,85.552968,-1.255020,20.728587,89.870829,0.030000,
-6.066089,24.102125,85.552340,-6.443266,27.853930,91.399043,-6.067472,24.118355,85.551775,-1.256430,20.730709,89.869627,0.030000,
-6.066089,24.102125,85.552340,-6.454394,27.873048,91.404151,-6.064551,24.084082,85.552968,-1.257840,20.732830,89.868425,0.030000,
-6.066089,24.102125,85.552340,-6.465491,27.892137,91.409269,-6.067472,24.118355,85.551775,-1.259250,20.734950,89.867223,0.030000,
-6.066089,24.102125,85.552340,-6.476556,27.911197,91.414399,-6.064551,24.084082,85.552968,-1.260660,20.737068,89.866021,0.030000,
-6.066089,24.102125,85.552340,-6.487591,27.930228,91.419540,-6.067472,24.118355,85.551775,-1.262069,20.739185,89.864820,0.030000,
-6.066089,24.102125,85.552340,-6.498595,27.949230,91.424692,-6.064551,24.084082,85.552968,-1.263478,20.741301,89.863619,0.030000,
-6.066089,24.102125,85.552340,-6.509568,27.968203,91.429855,-6.067472,24.118355,85.551775,-1.264886,20.743416,89.862418,0.030000,
-6.066089,24.102125,85.552340,-6.520510,27.987147,91.435030,-6.064551,24.084082,85.552968,-1.266294,20.745529,89.861217,0.030000,
-6.066089,24.102125,85.552340,-6.531421,28.006062,91.440215,-6.067472,24.118355,85.551775,-1.267702,20.747641,89.860017,0.030000,
-6.066089,24.102125,85.552340,-6.542301,28.024948,91.445412,-6.064551,24.084082,85.552968,-1.269109,20.749752,89.858817,0.030000,
-6.066089,24.102125,85.552340,-6.553150,28.043805,91.450620,-6.067472,24.118355,85.551775,-1.270516,20.751861,89.857617,0.030000,
-6.066089,24.102125,85.552340,-6.563969,28.062632,91.455839,-6.064551,24.084082,85.552968,-1.271922,20.753969,89.856418,0.030000,
-6.066089,24.102125,85.552340,-6.574756,28.081430,91.461069,-6.067472,24.118355,85.551775,-1.273328,20.756076,89.855219,0.030000,
-6.066089,24.102125,85.552340,-6.585513,28.100199,91.466310,-6.064551,24.084082,85.552968,-1.274734,20.758181,89.854020,0.030000,
-6.066089,24.102125,85.552340,-6.596239,28.118939,91.471562,-6.067472,24.118355,85.551775,-1.276140,20.760286,89.852821,0.030000,
-6.066089,24.102125,85.552340,-6.606934,28.137649,91.476825,-6.064551,24.084082,85.552968,-1.277545,20.762389,89.851623,0.030000,
-6.066089,24.102125,85.552340,-6.617599,28.156330,91.482100,-6.067472,24.118355,85.551775,-1.278949,20.764490,89.850425,0.030000,
-6.066089,24.102125,85.552340,-6.628232,28.174982,91.487385,-6.064551,24.084082,85.552968,-1.280354,20.766590,89.849227,0.030000,
-6.066089,24.102125,85.552340,-6.638835,28.193604,91.492681,-6.067472,24.118355,85.551775,-1.281758,20.768690,89.848029,0.030000,
-6.066089,24.102125,85.552340,-6.649408,28.212196,91.497988,-6.064551,24.084082,85.552968,-1.283161,20.770787,89.846832,0.030000,
-6.066089,24.102125,85.552340,-6.659949,28.230759,91.503306,-6.067472,24.118355,85.551775,-1.284564,20.772884,89.845635,0.030000,
-6.066089,24.102125,85.552340,-6.670460,28.249293,91.508635,-6.064551,24.084082,85.552968,-1.285967,20.774979,89.844438,0.030000,
-6.066089,24.102125,85.552340,-6.680941,28.267796,91.513975,-6.067472,24.118355,85.551775,-1.287370,20.777073,89.843241,0.030000,
-6.066089,24.102125,85.552340,-6.691391,28.286271,91.519325,-6.064551,24.084082,85.552968,-1.288772,20.779166,89.842045,0.030000,
-6.066089,24.102125,85.552340,-6.701810,28.304715,91.524687,-6.067472,24.118355,85.551775,-1.290173,20.781257,89.840849,0.030000,
-6.066089,24.102125,85.552340,-6.712199,28.323130,91.530059,-6.064551,24.084082,85.552968,-1.291575,20.783347,89.839653,0.030000,
-6.066089,24.102125,85.552340,-6.722557,28.341515,91.535443,-6.067472,24.118355,85.551775,-1.292976,20.785436,89.838458,0.030000,
-6.066089,24.102125,85.552340,-6.732885,28.359871,91.540837,-6.064551,24.084082,85.552968,-1.294376,20.787523,89.837263,0.030000,
-6.066089,24.102125,85.552340,-6.743183,28.378196,91.546241,-6.067472,24.118355,85.551775,-1.295777,20.789610,89.836068,0.030000,
-6.066089,24.102125,85.552340,-6.753450,28.396492,91.551657,-6.064551,24.084082,85.552968,-1.297177,20.791695,89.834873,0.030000,
-6.066089,24.102125,85.552340,-6.763687,28.414758,91.557083,-6.067472,24.118355,85.551775,-1.298576,20.793778,89.833679,0.030000,
-6.066089,24.102125,85.552340,-6.773893,28.432994,91.562520,-6.064551,24.084082,85.552968,-1.299975,20.795861,89.832485,0.030000,
-6.066089,24.102125,85.552340,-6.784070,28.451200,91.567968,-6.067472,24.118355,85.551775,-1.301374,20.797942,89.831291,0.030000,
-6.066089,24.102125,85.552340,-6.794215,28.469377,91.573426,-6.064551,24.084082,85.552968,-1.302772,20.800022,89.830097,0.030000,
-6.066089,24.102125,85.552340,-6.804331,28.487523,91.578895,-6.067472,24.118355,85.551775,-1.304170,20.802100,89.828904,0.030000,
-6.066089,24.102125,85.552340,-6.814417,28.505639,91.584375,-6.064551,24.084082,85.552968,-1.305568,20.804177,89.827711,0.030000,
-6.066089,24.102125,85.552340,-6.824472,28.523726,91.589865,-6.067472,24.118355,85.551775,-1.306965,20.806254,89.826518,0.030000,
-6.066089,24.102125,85.552340,-6.834497,28.541782,91.595366,-6.064551,24.084082,85.552968,-1.308362,20.808328,89.825325,0.030000,
-6.066089,24.102125,85.552340,-6.844492,28.559808,91.600878,-6.067472,24.118355,85.551775,-1.309759,20.810402,89.824133,0.030000,
-6.066089,24.102125,85.552340,-6.854457,28.577805,91.606400,-6.064551,24.084082,85.552968,-1.311155,20.812474,89.822941,0.030000,
-6.066089,24.102125,85.552340,-6.864392,28.595771,91.611932,-6.067472,24.118355,85.551775,-1.312551,20.814545,89.821750,0.030000,
-6.066089,24.102125,85.552340,-6.874297,28.613707,91.617475,-6.064551,24.084082,85.552968,-1.313946,20.816615,89.820558,0.030000,
-6.066089,24.102125,85.552340,-6.884172,28.631612,91.623029,-6.067472,24.118355,85.551775,-1.315342,20.818683,89.819367,0.030000,
-6.066089,24.102125,85.552340,-6.894017,28.649488,91.628593,-6.064551,24.084082,85.552968,-1.316736,20.820750,89.818176,0.030000,
-6.066089,24.102125,85.552340,-6.903832,28.667333,91.634167,-6.067472,24.118355,85.551775,-1.318131,20.822816,89.816985,0.030000,
-6.066089,24.102125,85.552340,-6.913617,28.685148,91.639752,-6.064551,24.084082,85.552968,-1.319525,20.824881,89.815795,0.030000,
-6.066089,24.102125,85.552340,-6.923372,28.702933,91.645347,-6.067472,24.118355,85.551775,-1.320918,20.826944,89.814605,0.030000,
-6.066089,24.102125,85.552340,-6.933098,28.720688,91.650953,-6.064551,24.084082,85.552968,-1.322312,20.829006,89.813415,0.030000,
-6.066089,24.102125,85.552340,-6.942793,28.738412,91.656569,-6.067472,24.118355,85.551775,-1.323704,20.831067,89.812226,0.030000,
-6.066089,24.102125,85.552340,-6.952459,28.756106,91.662195,-6.064551,24.084082,85.552968,-1.325097,20.833127,89.811036,0.030000,
-6.066089,24.102125,85.552340,-6.962096,28.773770,91.667831,-6.067472,24.118355,85.551775,-1.326489,20.835185,89.809847,0.030000,
-6.066089,24.102125,85.552340,-6.971702,28.791403,91.673478,-6.064551,24.084082,85.552968,-1.327881,20.837242,89.808658,0.030000,
-6.066089,24.102125,85.552340,-6.981279,28.809006,91.679135,-6.067472,24.118355,85.551775,-1.329272,20.839298,89.807470,0.030000,
-6.066089,24.102125,85.552340,-6.990827,28.826579,91.684803,-6.064551,24.084082,85.552968,-1.330663,20.841352,89.806282,0.030000,
-6.066089,24.102125,85.552340,-7.000345,28.844121,91.690480,-6.067472,24.118355,85.551775,-1.332054,20.843406,89.805094,0.030000,
-6.066089,24.102125,85.552340,-7.009833,28.861633,91.696168,-6.064551,24.084082,85.552968,-1.333444,20.845458,89.803906,0.030000,
-6.066089,24.102125,85.552340,-7.019292,28.879114,91.701866,-6.067472,24.118355,85.551775,-1.334834,20.847508,89.802719,0.030000,
-6.066089,24.102125,85.552340,-7.028721,28.896565,91.707574,-6.064551,24.084082,85.552968,-1.336224,20.849558,89.801532,0.030000,
-6.066089,24.102125,85.552340,-7.038121,28.913985,91.713293,-6.067472,24.118355,85.551775,-1.337613,20.851606,89.800345,0.030000,
-6.066089,24.102125,85.552340,-7.047492,28.931375,91.719021,-6.064551,24.084082,85.552968,-1.339002,20.853653,89.799158,0.030000,
-6.066089,24.102125,85.552340,-7.056833,28.948734,91.724759,-6.067472,24.118355,85.551775,-1.340390,20.855699,89.797972,0.030000,
-6.066089,24.102125,85.552340,-7.066145,28.966063,91.730508,-6.064551,24.084082,85.552968,-1.341779,20.857743,89.796786,0.030000,
-6.066089,24.102125,85.552340,-7.075428,28.983361,91.736266,-6.067472,24.118355,85.551775,-1.343166,20.859787,89.795600,0.030000,
-6.066089,24.102125,85.552340,-7.084682,29.000629,91.742035,-6.064551,24.084082,85.552968,-1.344554,20.861829,89.794414,0.030000,
-6.066089,24.102125,85.552340,-7.093906,29.017866,91.747813,-6.067472,24.118355,85.551775,-1.345941,20.863869,89.793229,0.030000,
-6.066089,24.102125,85.552340,-7.103101,29.035073,91.753602,-6.064551,24.084082,85.552968,-1.347327,20.865909,89.792044,0.030000,
-6.066089,24.102125,85.552340,-7.112268,29.052249,91.759400,-6.067472,24.118355,85.551775,-1.348714,20.867947,89.790859,0.030000,
-6.066089,24.102125,85.552340,-7.121405,29.069394,91.765208,-6.064551,24.084082,85.552968,-1.350100,20.869984,89.789675,0.030000,
-6.066089,24.102125,85.552340,-7.130513,29.086508,91.771026,-6.067472,24.118355,85.551775,-1.351485,20.872020,89.788491,0.030000,
-6.066089,24.102125,85.552340,-7.139592,29.103592,91.776854,-6.064551,24.084082,85.552968,-1.352870,20.874054,89.787307,0.030000,
-6.066089,24.102125,85.552340,-7.148642,29.120646,91.782692,-6.067472,24.118355,85.551775,-1.354255,20.876087,89.786123,0.030000,
-6.066089,24.102125,85.552340,-7.157664,29.137668,91.788540,-6.064551,24.084082,85.552968,-1.355640,20.878119,89.784940,0.030000,
-6.066089,24.102125,85.552340,-7.166656,29.154660,91.794397,-6.067472,24.118355,85.551775,-1.357024,20.880150,89.783756,0.030000,
-6.066089,24.102125,85.552340,-7.175620,29.171622,91.800264,-6.064551,24.084082,85.552968,-1.358407,20.882180,89.782574,0.030000,
-6.066089,24.102125,85.552340,-7.184555,29.188552,91.806141,-6.067472,24.118355,85.551775,-1.359791,20.884208,89.781391,0.030000,
-6.066089,24.102125,85.552340,-7.193461,29.205452,91.812028,-6.064551,24.084082,85.552968,-1.361174,20.886235,89.780209,0.030000,
-6.066089,24.102125,85.552340,-7.202339,29.222321,91.817924,-6.067472,24.118355,85.551775,-1.362556,20.888261,89.779027,0.030000,
-6.066089,24.102125,85.552340,-7.211187,29.239160,91.823830,-6.064551,24.084082,85.552968,-1.363939,20.890285,89.777845,0.030000,
-6.066089,24.102125,85.552340,-7.220008,29.255967,91.829746,-6.067472,24.118355,85.551775,-1.365321,20.892309,89.776663,0.030000,
-6.066089,24.102125,85.552340,-7.228800,29.272744,91.835671,-6.064551,24.084082,85.552968,-1.366702,20.894331,89.775482,0.030000,
-6.066089,24.102125,85.552340,-7.237563,29.289490,91.841606,-6.067472,24.118355,85.551775,-1.368083,20.896351,89.774301,0.030000,
-6.066089,24.102125,85.552340,-7.246298,29.306206,91.847550,-6.064551,24.084082,85.552968,-1.369464,20.898371,89.773120,0.030000,
-6.066089,24.102125,85.552340,-7.255004,29.322890,91.853504,-6.067472,24.118355,85.551775,-1.370844,20.900389,89.771940,0.030000,
-6.066089,24.102125,85.552340,-7.263682,29.339544,91.859467,-6.064551,24.084082,85.552968,-1.372225,20.902407,89.770760,0.030000,
-6.066089,24.102125,85.552340,-7.272332,29.356167,91.865440,-6.067472,24.118355,85.551775,-1.373604,20.904422,89.769580,0.030000,
-6.066089,24.102125,85.552340,-7.280954,29.372759,91.871422,-6.064551,24.084082,85.552968,-1.374984,20.906437,89.768400,0.030000,
-6.066089,24.102125,85.552340,-7.289547,29.389321,91.877414,-6.067472,24.118355,85.551775,-1.376363,20.908450,89.767221,0.030000,
-6.066089,24.102125,85.552340,-7.298112,29.405852,91.883415,-6.064551,24.084082,85.552968,-1.377741,20.910463,89.766042,0.030000,
-6.066089,24.102125,85.552340,-7.306649,29.422351,91.889426,-6.067472,24.118355,85.551775,-1.379119,20.912474,89.764863,0.030000,
-6.066089,24.102125,85.552340,-7.315158,29.438820,91.895445,-6.064551,24.084082,85.552968,-1.380497,20.914483,89.763684,0.030000,
-6.066089,24.102125,85.552340,-7.323639,29.455259,91.901475,-6.067472,24.118355,85.551775,-1.381875,20.916492,89.762506,0.030000,
-6.066089,24.102125,85.552340,-7.332091,29.471666,91.907513,-6.064551,24.084082,85.552968,-1.383252,20.918499,89.761328,0.030000,
-6.066089,24.102125,85.552340,-7.340516,29.488043,91.913561,-6.067472,24.118355,85.551775,-1.384629,20.920505,89.760150,0.030000,
-6.066089,24.102125,85.552340,-7.348913,29.504388,91.919618,-6.064551,24.084082,85.552968,-1.386005,20.922510,89.758973,0.030000,
-6.066089,24.102125,85.552340,-7.357282,29.520703,91.925684,-6.067472,24.118355,85.551775,-1.387381,20.924513,89.757795,0.030000,
-6.066089,24.102125,85.552340,-7.365624,29.536987,91.931759,-6.064551,24.084082,85.552968,-1.388757,20.926516,89.756618,0.030000,
-6.066089,24.102125,85.552340,-7.373937,29.553241,91.937844,-6.067472,24.118355,85.551775,-1.390132,20.928517,89.755442,0.030000,
-6.066089,24.102125,85.552340,-7.382223,29.569463,91.943937,-6.064551,24.084082,85.552968,-1.391507,20.930517,89.754265,0.030000,
-6.066089,24.102125,85.552340,-7.390481,29.585655,91.950040,-6.067472,24.118355,85.551775,-1.392882,20.932515,89.753089,0.030000,
-6.066089,24.102125,85.552340,-7.398712,29.601816,91.956152,-6.064551,24.084082,85.552968,-1.394256,20.934513,89.751913,0.030000,
-6.066089,24.102125,85.552340,-7.406914,29.617945,91.962273,-6.067472,24.118355,85.551775,-1.395630,20.936509,89.750738,0.030000,
-6.066089,24.102125,85.552340,-7.415090,29.634045,91.968403,-6.064551,24.084082,85.552968,-1.397003,20.938504,89.749562,0.030000,
-6.066089,24.102125,85.552340,-7.423238,29.650113,91.974541,-6.067472,24.118355,85.551775,-1.398376,20.940498,89.748387,0.030000,
-6.066089,24.102125,85.552340,-7.431358,29.666150,91.980689,-6.064551,24.084082,85.552968,-1.399749,20.942490,89.747212,0.030000,
-6.066089,24.102125,85.552340,-7.439451,29.682157,91.986846,-6.067472,24.118355,85.551775,-1.401122,20.944481,89.746038,0.030000,
-6.066089,24.102125,85.552340,-7.447517,29.698133,91.993012,-6.064551,24.084082,85.552968,-1.402494,20.946472,89.744864,0.030000,
-6.066089,24.102125,85.552340,-7.455556,29.714077,91.999187,-6.067472,24.118355,85.551775,-1.403865,20.948460,89.743690,0.030000,
-6.066089,24.102125,85.552340,-7.463567,29.729992,92.005370,-6.064551,24.084082,85.552968,-1.405237,20.950448,89.742516,0.030000,
-6.066089,24.102125,85.552340,-7.471551,29.745875,92.011562,-6.067472,24.118355,85.551775,-1.406608,20.952435,89.741342,0.030000,
-6.066089,24.102125,85.552340,-7.479508,29.761727,92.017763,-6.064551,24.084082,85.552968,-1.407978,20.954420,89.740169,0.030000,
-6.066089,24.102125,85.552340,-7.487438,29.777549,92.023973,-6.067472,24.118355,85.551775,-1.409348,20.956404,89.738996,0.030000,
-6.066089,24.102125,85.552340,-7.495341,29.793340,92.030192,-6.064551,24.084082,85.552968,-1.410718,20.958387,89.737824,0.030000,
-6.066089,24.102125,85.552340,-7.503217,29.809100,92.036419,-6.067472,24.118355,85.551775,-1.412088,20.960368,89.736651,0.030000,
-6.066089,24.102125,85.552340,-7.511066,29.824829,92.042655,-6.064551,24.084082,85.552968,-1.413457,20.962348,89.735479,0.030000,
-6.066089,24.102125,85.552340,-7.518888,29.840528,92.048900,-6.067472,24.118355,85.551775,-1.414826,20.964328,89.734307,0.030000,
-6.066089,24.102125,85.552340,-7.526683,29.856195,92.055154,-6.064551,24.084082,85.552968,-1.416194,20.966306,89.733136,0.030000,
-6.066089,24.102125,85.552340,-7.534452,29.871832,92.061416,-6.067472,24.118355,85.551775,-1.417562,20.968282,89.731964,0.030000,
-6.066089,24.102125,85.552340,-7.542194,29.887438,92.067686,-6.064551,24.084082,85.552968,-1.418930,20.970258,89.730793,0.030000,
-6.066089,24.102125,85.552340,-7.549909,29.903013,92.073965,-6.067472,24.118355,85.551775,-1.420297,20.972232,89.729622,0.030000,
-6.066089,24.102125,85.552340,-7.557597,29.918558,92.080253,-6.064551,24.084082,85.552968,-1.421664,20.974205,89.728452,0.030000,
-6.066089,24.102125,85.552340,-7.565259,29.934072,92.086549,-6.067472,24.118355,85.551775,-1.423031,20.976177,89.727282,0.030000,
-6.066089,24.102125,85.552340,-7.572895,29.949555,92.092854,-6.064551,24.084082,85.552968,-1.424397,20.978148,89.726112,0.030000,
-6.066089,24.102125,85.552340,-7.580504,29.965007,92.099167,-6.067472,24.118355,85.551775,-1.425763,20.980117,89.724942,0.030000,
-6.066089,24.102125,85.552340,-7.588086,29.980429,92.105488,-6.064551,24.084082,85.552968,-1.427128,20.982085,89.723772,0.030000,
-6.066089,24.102125,85.552340,-7.595642,29.995819,92.111818,-6.067472,24.118355,85.551775,-1.428493,20.984052,89.722603,0.030000,
-6.066089,24.102125,85.552340,-7.603172,30.011179,92.118157,-6.064551,24.084082,85.552968,-1.429858,20.986018,89.721434,0.030000,
-6.066089,24.102125,85.552340,-7.610676,30.026509,92.124503,-6.067472,24.118355,85.551775,-1.431222,20.987983,89.720266,0.030000,
-6.066089,24.102125,85.552340,-7.618153,30.041807,92.130858,-6.064551,24.084082,85.552968,-1.432587,20.989946,89.719097,0.030000,
-6.066089,24.102125,85.552340,-7.625604,30.057075,92.137221,-6.067472,24.118356,85.551775,-1.433950,20.991909,89.717929,0.030000,
-6.066089,24.102125,85.552340,-7.633030,30.072313,92.143593,-6.064551,24.084082,85.552968,-1.435313,20.993870,89.716761,0.030000,
-6.066089,24.102125,85.552340,-7.640429,30.087519,92.149972,-6.067472,24.118356,85.551775,-1.436676,20.995829,89.715594,0.030000,
-6.066089,24.102125,85.552340,-7.647802,30.102695,92.156360,-6.064551,24.084082,85.552968,-1.438039,20.997788,89.714426,0.030000,
-6.066089,24.102125,85.552340,-7.655149,30.117841,92.162756,-6.067472,24.118356,85.551775,-1.439401,20.999745,89.713259,0.030000,
-6.066089,24.102125,85.552340,-7.662470,30.132955,92.169160,-6.064551,24.084082,85.552968,-1.440763,21.001702,89.712093,0.030000,
-6.066089,24.102125,85.552340,-7.669766,30.148040,92.175572,-6.067472,24.118356,85.551775,-1.442125,21.003657,89.710926,0.030000,
-6.066089,24.102125,85.552340,-7.677036,30.163093,92.181993,-6.064551,24.084082,85.552968,-1.443486,21.005610,89.709760,0.030000,
-6.066089,24.102125,85.552340,-7.684280,30.178116,92.188421,-6.067472,24.118356,85.551775,-1.444847,21.007563,89.708594,0.030000,
-6.066089,24.102125,85.552340,-7.691498,30.193108,92.194857,-6.064551,24.084082,85.552968,-1.446207,21.009515,89.707428,0.030000,
-6.066089,24.102125,85.552340,-7.698691,30.208070,92.201302,-6.067472,24.118356,85.551775,-1.447567,21.011465,89.706263,0.030000,
-6.066089,24.102125,85.552340,-7.705858,30.223001,92.207754,-6.064551,24.084082,85.552968,-1.448927,21.013414,89.705098,0.030000,
-6.066089,24.102125,85.552340,-7.713000,30.237902,92.214214,-6.067472,24.118356,85.551775,-1.450286,21.015362,89.703933,0.030000,
-6.066089,24.102125,85.552340,-7.720116,30.252772,92.220682,-6.064551,24.084082,85.552968,-1.451645,21.017308,89.702768,0.030000,
-6.066089,24.102125,85.552340,-7.727207,30.267611,92.227158,-6.067472,24.118356,85.551775,-1.453004,21.019254,89.701604,0.030000,
-6.066089,24.102125,85.552340,-7.734272,30.282420,92.233642,-6.064551,24.084082,85.552968,-1.454362,21.021198,89.700440,0.030000,
-6.066089,24.102125,85.552340,-7.741313,30.297199,92.240134,-6.067472,24.118356,85.551775,-1.455720,21.023141,89.699276,0.030000,
-6.066089,24.102125,85.552340,-7.748328,30.311947,92.246633,-6.064551,24.084082,85.552968,-1.457077,21.025083,89.698112,0.030000,
-6.066089,24.102125,85.552340,-7.755318,30.326665,92.253141,-6.067472,24.118356,85.551775,-1.458434,21.027024,89.696949,0.030000,
-6.066089,24.102125,85.552340,-7.762282,30.341352,92.259656,-6.064551,24.084082,85.552968,-1.459791,21.028963,89.695786,0.030000,
-6.066089,24.102125,85.552340,-7.769222,30.356009,92.266178,-6.067472,24.118356,85.551775,-1.461148,21.030901,89.694623,0.030000,
-6.066089,24.102125,85.552340,-7.776137,30.370635,92.272709,-6.064551,24.084082,85.552968,-1.462504,21.032839,89.693461,0.030000,
-6.066089,24.102125,85.552340,-7.783026,30.385231,92.279247,-6.067472,24.118356,85.551775,-1.463859,21.034774,89.692298,0.030000,
-6.066089,24.102125,85.552340,-7.789891,30.399797,92.285792,-6.064551,24.084082,85.552968,-1.465215,21.036709,89.691136,0.030000,
-6.066089,24.102125,85.552340,-7.796731,30.414332,92.292345,-6.067472,24.118356,85.551775,-1.466570,21.038643,89.689975,0.030000,
-6.066089,24.102125,85.552340,-7.803546,30.428837,92.298906,-6.064551,24.084082,85.552968,-1.467924,21.040575,89.688813,0.030000,
-6.066089,24.102125,85.552340,-7.810337,30.443311,92.305475,-6.067472,24.118356,85.551775,-1.469279,21.042506,89.687652,0.030000,
-6.066089,24.102125,85.552340,-7.817103,30.457756,92.312050,-6.064551,24.084082,85.552968,-1.470633,21.044436,89.686491,0.030000,
-6.066089,24.102125,85.552340,-7.823844,30.472170,92.318634,-6.067472,24.118356,85.551775,-1.471986,21.046365,89.685331,0.030000,
-6.066089,24.102125,85.552340,-7.830561,30.486554,92.325224,-6.064551,24.084082,85.552968,-1.473339,21.048293,89.684170,0.030000,
-6.066089,24.102125,85.552340,-7.837253,30.500907,92.331822,-6.067472,24.118356,85.551775,-1.474692,21.050219,89.683010,0.030000,
-6.066089,24.102125,85.552340,-7.843920,30.515230,92.338428,-6.064551,24.084082,85.552968,-1.476045,21.052145,89.681850,0.030000,
-6.066089,24.102125,85.552340,-7.850564,30.529523,92.345041,-6.067472,24.118356,85.551775,-1.477397,21.054069,89.680691,0.030000,
-6.066089,24.102125,85.552340,-7.857183,30.543786,92.351661,-6.064551,24.084082,85.552968,-1.478748,21.055992,89.679532,0.030000,
-6.066089,24.102125,85.552340,-7.863778,30.558019,92.358288,-6.067472,24.118356,85.551775,-1.480100,21.057913,89.678373,0.030000,
-6.066089,24.102125,85.552340,-7.870348,30.572222,92.364923,-6.064551,24.084082,85.552968,-1.481451,21.059834,89.677214,0.030000,
-6.066089,24.102125,85.552340,-7.876894,30.586394,92.371565,-6.067472,24.118356,85.551775,-1.482801,21.061753,89.676055,0.030000,
-6.066089,24.102125,85.552340,-7.883417,30.600537,92.378214,-6.064551,24.084082,85.552968,-1.484152,21.063671,89.674897,0.030000,
-6.066089,24.102125,85.552340,-7.889915,30.614649,92.384871,-6.067472,24.118356,85.551775,-1.485502,21.065588,89.673739,0.030000,
-6.066089,24.102125,85.552340,-7.896389,30.628731,92.391534,-6.064551,24.084082,85.552968,-1.486851,21.067504,89.672582,0.030000,
-6.066089,24.102125,85.552340,-7.902839,30.642783,92.398205,-6.067472,24.118356,85.551775,-1.488200,21.069419,89.671424,0.030000,
-6.066089,24.102125,85.552340,-7.909266,30.656805,92.404883,-6.064551,24.084082,85.552968,-1.489549,21.071332,89.670267,0.030000,
-6.066089,24.102125,85.552340,-7.915668,30.670798,92.411568,-6.067472,24.118356,85.551775,-1.490898,21.073245,89.669110,0.030000,
-6.066089,24.102125,85.552340,-7.922047,30.684760,92.418260,-6.064551,24.084082,85.552968,-1.492246,21.075156,89.667954,0.030000,
-6.066089,24.102125,85.552340,-7.928403,30.698692,92.424959,-6.067472,24.118356,85.551775,-1.493594,21.077066,89.666797,0.030000,
-6.066089,24.102125,85.552340,-7.934734,30.712595,92.431664,-6.064551,24.084082,85.552968,-1.494941,21.078975,89.665641,0.030000,
-6.066089,24.102125,85.552340,-7.941042,30.726467,92.438377,-6.067472,24.118356,85.551775,-1.496288,21.080882,89.664485,0.030000,
-6.066089,24.102125,85.552340,-7.947326,30.740310,92.445097,-6.064551,24.084082,85.552968,-1.497635,21.082789,89.663330,0.030000,
-6.066089,24.102125,85.552340,-7.953587,30.754122,92.451824,-6.067472,24.118356,85.551775,-1.498981,21.084694,89.662175,0.030000,
-6.066089,24.102125,85.552340,-7.959825,30.767905,92.458557,-6.064551,24.084082,85.552968,-1.500327,21.086598,89.661020,0.030000,
-6.066089,24.102125,85.552340,-7.966039,30.781658,92.465298,-6.067472,24.118356,85.551775,-1.501673,21.088501,89.659865,0.030000,
-6.066089,24.102125,85.552340,-7.972230,30.795382,92.472045,-6.064551,24.084082,85.552968,-1.503018,21.090403,89.658710,0.030000,
-6.066089,24.102125,85.552340,-7.978397,30.809075,92.478799,-6.067472,24.118356,85.551775,-1.504363,21.092304,89.657556,0.030000,
-6.066089,24.102125,85.552340,-7.984542,30.822739,92.485559,-6.064551,24.084082,85.552968,-1.505707,21.094203,89.656402,0.030000,
-6.066089,24.102125,85.552340,-7.990663,30.836373,92.492327,-6.067472,24.118356,85.551775,-1.507052,21.096101,89.655249,0.030000,
-6.066089,24.102125,85.552340,-7.996761,30.849978,92.499101,-6.064551,24.084082,85.552968,-1.508395,21.097999,89.654095,0.030000,
-6.066089,24.102125,85.552340,-8.002837,30.863553,92.505882,-6.067472,24.118356,85.551775,-1.509739,21.099895,89.652942,0.030000,
-6.066089,24.102125,85.552340,-8.008889,30.877098,92.512669,-6.064551,24.084082,85.552968,-1.511082,21.101789,89.651789,0.030000,
-6.066089,24.102125,85.552340,-8.014918,30.890613,92.519463,-6.067472,24.118356,85.551775,-1.512425,21.103683,89.650637,0.030000,
-6.066089,24.102125,85.552340,-8.020925,30.904100,92.526264,-6.064551,24.084082,85.552968,-1.513767,21.105575,89.649484,0.030000,
-6.066089,24.102125,85.552340,-8.026909,30.917556,92.533071,-6.067472,24.118356,85.551775,-1.515109,21.107467,89.648332,0.030000,
-6.066089,24.102125,85.552340,-8.032870,30.930983,92.539884,-6.064551,24.084082,85.552968,-1.516451,21.109357,89.647181,0.030000,
-6.066089,24.102125,85.552340,-8.038808,30.944381,92.546705,-6.067472,24.118356,85.551775,-1.517792,21.111246,89.646029,0.030000,
-6.066089,24.102125,85.552340,-8.044724,30.957749,92.553531,-6.064551,24.084082,85.552968,-1.519133,21.113134,89.644878,0.030000,
-6.066089,24.102125,85.552340,-8.050617,30.971087,92.560364,-6.067472,24.118356,85.551775,-1.520473,21.115021,89.643727,0.030000,
-6.066089,24.102125,85.552340,-8.056488,30.984396,92.567204,-6.064551,24.084082,85.552968,-1.521814,21.116906,89.642576,0.030000,
-6.066089,24.102125,85.552340,-8.062337,30.997676,92.574050,-6.067472,24.118356,85.551775,-1.523153,21.118790,89.641426,0.030000,
-6.066089,24.102125,85.552340,-8.068163,31.010927,92.580902,-6.064551,24.084082,85.552968,-1.524493,21.120674,89.640276,0.030000,
-6.066089,24.102125,85.552340,-8.073966,31.024148,92.587760,-6.067472,24.118356,85.551775,-1.525832,21.122556,89.639126,0.030000,
-6.066089,24.102125,85.552340,-8.079748,31.037340,92.594625,-6.064551,24.084082,85.552968,-1.527171,21.124437,89.637976,0.030000,
-6.066089,24.102125,85.552340,-8.085507,31.050502,92.601496,-6.067472,24.118356,85.551775,-1.528509,21.126316,89.636827,0.030000,
-6.066089,24.102125,85.552340,-8.091244,31.063636,92.608373,-6.064551,24.084082,85.552968,-1.529847,21.128195,89.635678,0.030000,
-6.066089,24.102125,85.552340,-8.096959,31.076740,92.615257,-6.067472,24.118356,85.551775,-1.531185,21.130072,89.634529,0.030000,
-6.066089,24.102125,85.552340,-8.102652,31.089815,92.622147,-6.064551,24.084082,85.552968,-1.532522,21.131949,89.633380,0.030000,
-6.066089,24.102125,85.552340,-8.108323,31.102861,92.629043,-6.067472,24.118356,85.551775,-1.533859,21.133824,89.632232,0.030000,
-6.066089,24.102125,85.552340,-8.113972,31.115878,92.635944,-6.064551,24.084082,85.552968,-1.535196,21.135698,89.631084,0.030000,
-6.066089,24.102125,85.552340,-8.119600,31.128865,92.642853,-6.067472,24.118356,85.551775,-1.536532,21.137571,89.629936,0.030000,
-6.066089,24.102125,85.552340,-8.125205,31.141824,92.649767,-6.064551,24.084082,85.552968,-1.537868,21.139442,89.628788,0.030000,
-6.066089,24.102125,85.552340,-8.130789,31.154753,92.656687,-6.067472,24.118356,85.551775,-1.539204,21.141313,89.627641,0.030000,
-6.066089,24.102125,85.552340,-8.136351,31.167654,92.663613,-6.064551,24.084082,85.552968,-1.540539,21.143182,89.626494,0.030000,
-6.066089,24.102125,85.552340,-8.141892,31.180526,92.670545,-6.067472,24.118356,85.551775,-1.541874,21.145051,89.625348,0.030000,
-6.066089,24.102125,85.552340,-8.147411,31.193368,92.677483,-6.064551,24.084082,85.552968,-1.543208,21.146918,89.624201,0.030000,
-6.066089,24.102125,85.552340,-8.152908,31.206182,92.684427,-6.067472,24.118356,85.551775,-1.544542,21.148784,89.623055,0.030000,
-6.066089,24.102125,85.552340,-8.158385,31.218967,92.691377,-6.064551,24.084082,85.552968,-1.545876,21.150649,89.621909,0.030000,
-6.066089,24.102125,85.552340,-8.163839,31.231723,92.698333,-6.067472,24.118356,85.551775,-1.547210,21.152512,89.620763,0.030000,
-6.066089,24.102125,85.552340,-8.169273,31.244451,92.705295,-6.064551,24.084082,85.552968,-1.548543,21.154375,89.619618,0.030000,
-6.066089,24.102125,85.552340,-8.174685,31.257149,92.712262,-6.067472,24.118356,85.551775,-1.549875,21.156236,89.618473,0.030000,
-6.066089,24.102125,85.552340,-8.180076,31.269819,92.719235,-6.064551,24.084082,85.552968,-1.551208,21.158096,89.617328,0.030000,
-6.066089,24.102125,85.552340,-8.185446,31.282460,92.726214,-6.067472,24.118356,85.551775,-1.552540,21.159955,89.616184,0.030000,
-6.066089,24.102125,85.552340,-8.190794,31.295073,92.733199,-6.064551,24.084082,85.552968,-1.553871,21.161813,89.615039,0.030000,
-6.066089,24.102125,85.552340,-8.196122,31.307656,92.740189,-6.067472,24.118356,85.551775,-1.555202,21.163670,89.613895,0.030000,
-6.066089,24.102125,85.552340,-8.201429,31.320212,92.747185,-6.064551,24.084082,85.552968,-1.556533,21.165526,89.612752,0.030000,
-6.066089,24.102125,85.552340,-8.206715,31.332738,92.754187,-6.067472,24.118356,85.551775,-1.557864,21.167381,89.611608,0.030000,
-6.066089,24.102125,85.552340,-8.211980,31.345236,92.761194,-6.064551,24.084082,85.552968,-1.559194,21.169234,89.610465,0.030000,
-6.066089,24.102125,85.552340,-8.217224,31.357706,92.768207,-6.067472,24.118356,85.551775,-1.560524,21.171086,89.609322,0.030000,
-6.066089,24.102125,85.552340,-8.222447,31.370147,92.775226,-6.064551,24.084082,85.552968,-1.561853,21.172937,89.608179,0.030000,
-6.066089,24.102125,85.552340,-8.227650,31.382560,92.782250,-6.067472,24.118356,85.551775,-1.563182,21.174787,89.607037,0.030000,
-6.066089,24.102125,85.552340,-8.232832,31.394944,92.789279,-6.064551,24.084082,85.552968,-1.564511,21.176636,89.605895,0.030000,
-6.066089,24.102125,85.552340,-8.237994,31.407300,92.796314,-6.067472,24.118356,85.551775,-1.565840,21.178484,89.604753,0.030000,
-6.066089,24.102125,85.552340,-8.243135,31.419628,92.803355,-6.064551,24.084082,85.552968,-1.567168,21.180331,89.603611,0.030000,
-6.066089,24.102125,85.552340,-8.248256,31.431927,92.810401,-6.067472,24.118356,85.551775,-1.568495,21.182176,89.602470,0.030000,
-6.066089,24.102125,85.552340,-8.253356,31.444198,92.817452,-6.064551,24.084082,85.552968,-1.569823,21.184020,89.601329,0.030000,
-6.066089,24.102125,85.552340,-8.258436,31.456441,92.824509,-6.067472,24.118356,85.551775,-1.571150,21.185864,89.600188,0.030000,
-6.066089,24.102125,85.552340,-8.263496,31.468655,92.831571,-6.064551,24.084082,85.552968,-1.572476,21.187706,89.599047,0.030000,
-6.066089,24.102125,85.552340,-8.268535,31.480842,92.838638,-6.067472,24.118356,85.551775,-1.573803,21.189547,89.597907,0.030000,
-6.066089,24.102125,85.552340,-8.273555,31.493000,92.845711,-6.064551,24.084082,85.552968,-1.575128,21.191386,89.596767,0.030000,
-6.066089,24.102125,85.552340,-8.278554,31.505131,92.852788,-6.067472,24.118356,85.551775,-1.576454,21.193225,89.595627,0.030000,
-6.066089,24.102125,85.552340,-8.283533,31.517233,92.859872,-6.064551,24.084082,85.552968,-1.577779,21.195063,89.594488,0.030000,
-6.066089,24.102125,85.552340,-8.288492,31.529307,92.866960,-6.067472,24.118356,85.551775,-1.579104,21.196899,89.593349,0.030000,
-6.066089,24.102125,85.552340,-8.293432,31.541353,92.874053,-6.064551,24.084082,85.552968,-1.580428,21.198734,89.592210,0.030000,
-6.066089,24.102125,85.552340,-8.298351,31.553371,92.881152,-6.067472,24.118356,85.551775,-1.581753,21.200568,89.591071,0.030000,
-6.066089,24.102125,85.552340,-8.303251,31.565362,92.888256,-6.064551,24.084082,85.552968,-1.583076,21.202401,89.589933,0.030000,
-6.066089,24.102125,85.552340,-8.308131,31.577324,92.895364,-6.067472,24.118356,85.551775,-1.584400,21.204233,89.588794,0.030000,
-6.066089,24.102125,85.552340,-8.312991,31.589259,92.902478,-6.064551,24.084082,85.552968,-1.585723,21.206064,89.587657,0.030000,
-6.066089,24.102125,85.552340,-8.317832,31.601166,92.909597,-6.067472,24.118356,85.551775,-1.587045,21.207894,89.586519,0.030000,
-6.066089,24.102125,85.552340,-8.322653,31.613045,92.916721,-6.064551,24.084082,85.552968,-1.588368,21.209722,89.585382,0.030000,
-6.066089,24.102125,85.552340,-8.327455,31.624896,92.923850,-6.067472,24.118356,85.551775,-1.589690,21.211550,89.584245,0.030000,
-6.066089,24.102125,85.552340,-8.332237,31.636720,92.930984,-6.064551,24.084082,85.552968,-1.591011,21.213376,89.583108,0.030000,
-6.066089,24.102125,85.552340,-8.336999,31.648516,92.938123,-6.067472,24.118356,85.551775,-1.592333,21.215201,89.581971,0.030000,
-6.066089,24.102125,85.552340,-8.341743,31.660284,92.945267,-6.064551,24.084082,85.552968,-1.593654,21.217025,89.580835,0.030000,
-6.066089,24.102125,85.552340,-8.346467,31.672025,92.952415,-6.067472,24.118356,85.551775,-1.594974,21.218848,89.579699,0.030000,
-6.066089,24.102125,85.552340,-8.351172,31.683738,92.959569,-6.064551,24.084082,85.552968,-1.596294,21.220670,89.578563,0.030000,
-6.066089,24.102125,85.552340,-8.355858,31.695424,92.966727,-6.067472,24.118356,85.551775,-1.597614,21.222491,89.577428,0.030000,
-6.066089,24.102125,85.552340,-8.360524,31.707083,92.973890,-6.064551,24.084082,85.552968,-1.598934,21.224310,89.576293,0.030000,
-6.066089,24.102125,85.552340,-8.365172,31.718714,92.981058,-6.067472,24.118356,85.551775,-1.600253,21.226129,89.575158,0.030000,
-6.066089,24.102125,85.552340,-8.369800,31.730317,92.988231,-6.064551,24.084082,85.552968,-1.601572,21.227946,89.574023,0.030000,
-6.066089,24.102125,85.552340,-8.374410,31.741893,92.995408,-6.067472,24.118356,85.551775,-1.602890,21.229763,89.572889,0.030000,
-6.066089,24.102125,85.552340,-8.379001,31.753442,93.002590,-6.064551,24.084082,85.552968,-1.604208,21.231578,89.571754,0.030000,
-6.066089,24.102125,85.552340,-8.383573,31.764964,93.009777,-6.067472,24.118356,85.551775,-1.605526,21.233392,89.570621,0.030000,
-6.066089,24.102125,85.552340,-8.388126,31.776458,93.016968,-6.064551,24.084082,85.552968,-1.606843,21.235205,89.569487,0.030000,
-6.066089,24.102125,85.552340,-8.392660,31.787925,93.024164,-6.067472,24.118356,85.551775,-1.608160,21.237016,89.568354,0.030000,
-6.066089,24.102125,85.552340,-8.397176,31.799365,93.031365,-6.064551,24.084082,85.552968,-1.609477,21.238827,89.567220,0.030000,
-6.066089,24.102125,85.552340,-8.401673,31.810778,93.038570,-6.067472,24.118356,85.551775,-1.610793,21.240637,89.566088,0.030000,
-6.066089,24.102125,85.552340,-8.406152,31.822164,93.045780,-6.064551,24.084082,85.552968,-1.612109,21.242445,89.564955,0.030000,
-6.066089,24.102125,85.552340,-8.410612,31.833523,93.052994,-6.067472,24.118356,85.551775,-1.613425,21.244252,89.563823,0.030000,
-6.066089,24.102125,85.552340,-8.415054,31.844855,93.060212,-6.064551,24.084082,85.552968,-1.614740,21.246059,89.562691,0.030000,
-6.066089,24.102125,85.552340,-8.419477,31.856160,93.067436,-6.067472,24.118356,85.551775,-1.616055,21.247864,89.561559,0.030000,
-6.066089,24.102125,85.552340,-8.423883,31.867437,93.074663,-6.064551,24.084082,85.552968,-1.617369,21.249668,89.560428,0.030000,
-6.066089,24.102125,85.552340,-8.428269,31.878688,93.081895,-6.067472,24.118356,85.551775,-1.618683,21.251471,89.559296,0.030000,
-6.066089,24.102125,85.552340,-8.432638,31.889913,93.089132,-6.064551,24.084082,85.552968,-1.619997,21.253272,89.558166,0.030000,
-6.066089,24.102125,85.552340,-8.436989,31.901110,93.096372,-6.067472,24.118356,85.551775,-1.621311,21.255073,89.557035,0.030000,
-6.066089,24.102125,85.552340,-8.441321,31.912281,93.103617,-6.064551,24.084082,85.552968,-1.622624,21.256873,89.555904,0.030000,
-6.066089,24.102125,85.552340,-8.445635,31.923425,93.110867,-6.067472,24.118356,85.551775,-1.623936,21.258671,89.554774,0.030000,
-6.066089,24.102125,85.552340,-8.449932,31.934542,93.118120,-6.064551,24.084082,85.552968,-1.625249,21.260469,89.553644,0.030000,
-6.066089,24.102125,85.552340,-8.454210,31.945632,93.125378,-6.067472,24.118356,85.551775,-1.626561,21.262265,89.552515,0.030000,
-6.066089,24.102125,85.552340,-8.458471,31.956696,93.132640,-6.064551,24.084082,85.552968,-1.627873,21.264060,89.551386,0.030000,
-6.066089,24.102125,85.552340,-8.462714,31.967734,93.139907,-6.067472,24.118356,85.551775,-1.629184,21.265854,89.550256,0.030000,
-6.066089,24.102125,85.552340,-8.466939,31.978745,93.147177,-6.064551,24.084082,85.552968,-1.630495,21.267647,89.549128,0.030000,
-6.066089,24.102125,85.552340,-8.471146,31.989729,93.154452,-6.067472,24.118356,85.551775,-1.631806,21.269439,89.547999,0.030000,
-6.066089,24.102125,85.552340,-8.475336,32.000687,93.161731,-6.064551,24.084082,85.552968,-1.633116,21.271230,89.546871,0.030000,
-6.066089,24.102125,85.552340,-8.479508,32.011619,93.169014,-6.067472,24.118356,85.551775,-1.634426,21.273019,89.545743,0.030000,
-6.066089,24.102125,85.552340,-8.483663,32.022524,93.176301,-6.064551,24.084082,85.552968,-1.635735,21.274808,89.544615,0.030000,
-6.066089,24.102125,85.552340,-8.487800,32.033403,93.183592,-6.067472,24.118356,85.551775,-1.637044,21.276595,89.543488,0.030000,
-6.066089,24.102125,85.552340,-8.491920,32.044256,93.190887,-6.064551,24.084082,85.552968,-1.638353,21.278382,89.542360,0.030000,
-6.066089,24.102125,85.552340,-8.496023,32.055082,93.198186,-6.067472,24.118356,85.551775,-1.639662,21.280167,89.541234,0.030000,
-6.066089,24.102125,85.552340,-8.500108,32.065882,93.205489,-6.064551,24.084082,85.552968,-1.640970,21.281951,89.540107,0.030000,
-6.066089,24.102125,85.552340,-8.504176,32.076656,93.212796,-6.067472,24.118356,85.551775,-1.642278,21.283734,89.538980,0.030000,
-6.066089,24.102125,85.552340,-8.508226,32.087404,93.220107,-6.064551,24.084082,85.552968,-1.643585,21.285516,89.537854,0.030000,
-6.066089,24.102125,85.552340,-8.512260,32.098126,93.227422,-6.067472,24.118356,85.551775,-1.644892,21.287297,89.536728,0.030000,
-6.066089,24.102125,85.552340,-8.516276,32.108822,93.234741,-6.064551,24.084082,85.552968,-1.646199,21.289077,89.535603,0.030000,
-6.066089,24.102125,85.552340,-8.520276,32.119492,93.242064,-6.067472,24.118356,85.551775,-1.647505,21.290856,89.534478,0.030000,
-6.066089,24.102125,85.552340,-8.524258,32.130135,93.249390,-6.064551,24.084082,85.552968,-1.648811,21.292633,89.533352,0.030000,
-6.066089,24.102125,85.552340,-8.528224,32.140753,93.256720,-6.067472,24.118356,85.551775,-1.650117,21.294410,89.532228,0.030000,
-6.066089,24.102125,85.552340,-8.532173,32.151346,93.264054,-6.064551,24.084082,85.552968,-1.651422,21.296185,89.531103,0.030000,
-6.066089,24.102125,85.552340,-8.536105,32.161912,93.271392,-6.067472,24.118356,85.551775,-1.652727,21.297960,89.529979,0.030000,
-6.066089,24.102125,85.552340,-8.540020,32.172452,93.278734,-6.064551,24.084082,85.552968,-1.654032,21.299733,89.528855,0.030000,
-6.066089,24.102125,85.552340,-8.543918,32.182967,93.286079,-6.067472,24.118356,85.551775,-1.655336,21.301505,89.527731,0.030000,
-6.066089,24.102125,85.552340,-8.547800,32.193456,93.293428,-6.064551,24.084082,85.552968,-1.656640,21.303276,89.526608,0.030000,
-6.066089,24.102125,85.552340,-8.551665,32.203920,93.300780,-6.067472,24.118356,85.551775,-1.657944,21.305046,89.525484,0.030000,
-6.066089,24.102125,85.552340,-8.555514,32.214357,93.308137,-6.064551,24.084082,85.552968,-1.659247,21.306815,89.524361,0.030000,
-6.066089,24.102125,85.552340,-8.559346,32.224770,93.315497,-6.067472,24.118356,85.551775,-1.660550,21.308583,89.523239,0.030000,
-6.066089,24.102125,85.552340,-8.563162,32.235156,93.322860,-6.064551,24.084082,85.552968,-1.661852,21.310350,89.522116,0.030000,
-6.066089,24.102125,85.552340,-8.566961,32.245517,93.330227,-6.067472,24.118356,85.551775,-1.663154,21.312115,89.520994,0.030000,
-6.066089,24.102125,85.552340,-8.570744,32.255853,93.337598,-6.064551,24.084082,85.552968,-1.664456,21.313880,89.519872,0.030000,
-6.066089,24.102125,85.552340,-8.574511,32.266164,93.344972,-6.067472,24.118356,85.551775,-1.665758,21.315643,89.518751,0.030000,
-6.066089,24.102125,85.552340,-8.578262,32.276449,93.352349,-6.064551,24.084082,85.552968,-1.667059,21.317406,89.517629,0.030000,
-6.066089,24.102125,85.552340,-8.581996,32.286708,93.359730,-6.067472,24.118356,85.551775,-1.668359,21.319167,89.516508,0.030000,
-6.066089,24.102125,85.552340,-8.585715,32.296943,93.367115,-6.064551,24.084082,85.552968,-1.669660,21.320927,89.515388,0.030000,
-6.066089,24.102125,85.552340,-8.589417,32.307152,93.374503,-6.067472,24.118356,85.551775,-1.670960,21.322686,89.514267,0.030000,
-6.066089,24.102125,85.552340,-8.593103,32.317336,93.381894,-6.064551,24.084082,85.552968,-1.672259,21.324444,89.513147,0.030000,
-6.066089,24.102125,85.552340,-8.596773,32.327495,93.389289,-6.067472,24.118356,85.551775,-1.673559,21.326201,89.512027,0.030000,
-6.066089,24.102125,85.552340,-8.600428,32.337628,93.396687,-6.064551,24.084082,85.552968,-1.674858,21.327957,89.510907,0.030000,
-6.066089,24.102125,85.552340,-8.604067,32.347737,93.404089,-6.067472,24.118356,85.551775,-1.676156,21.329712,89.509788,0.030000,
-6.066089,24.102125,85.552340,-8.607689,32.357820,93.411493,-6.064551,24.084082,85.552968,-1.677455,21.331466,89.508668,0.030000,
-6.066089,24.102125,85.552340,-8.611296,32.367879,93.418901,-6.067472,24.118356,85.551775,-1.678752,21.333219,89.507549,0.030000,
-6.066089,24.102125,85.552340,-8.614888,32.377913,93.426313,-6.064551,24.084082,85.552968,-1.680050,21.334970,89.506431,0.030000,
-6.066089,24.102125,85.552340,-8.618464,32.387921,93.433727,-6.067472,24.118356,85.551775,-1.681347,21.336721,89.505312,0.030000,
-6.066089,24.102125,85.552340,-8.622024,32.397905,93.441145,-6.064551,24.084082,85.552968,-1.682644,21.338470,89.504194,0.030000,
-6.066089,24.102125,85.552340,-8.625569,32.407865,93.448566,-6.067472,24.118356,85.551775,-1.683941,21.340219,89.503076,0.030000,
-6.066089,24.102125,85.552340,-8.629098,32.417799,93.455990,-6.064551,24.084082,85.552968,-1.685237,21.341966,89.501959,0.030000,
-6.066089,24.102125,85.552340,-8.632612,32.427709,93.463417,-6.067472,24.118356,85.551775,-1.686533,21.343712,89.500841,0.030000,
-6.066089,24.102125,85.552340,-8.636110,32.437593,93.470848,-6.064551,24.084082,85.552968,-1.687828,21.345457,89.499724,0.030000,
-6.066089,24.102125,85.552340,-8.639593,32.447454,93.478281,-6.067472,24.118356,85.551775,-1.689123,21.347201,89.498607,0.030000,
-6.066089,24.102125,85.552340,-8.643061,32.457289,93.485718,-6.064551,24.084082,85.552968,-1.690418,21.348944,89.497491,0.030000,
-6.066089,24.102125,85.552340,-8.646514,32.467101,93.493157,-6.067472,24.118356,85.551775,-1.691712,21.350686,89.496375,0.030000,
-6.066089,24.102125,85.552340,-8.649951,32.476887,93.500600,-6.064551,24.084082,85.552968,-1.693006,21.352427,89.495259,0.030000,
-6.066089,24.102125,85.552340,-8.653373,32.486649,93.508046,-6.067472,24.118356,85.551775,-1.694300,21.354167,89.494143,0.030000,
-6.066089,24.102125,85.552340,-8.656781,32.496387,93.515495,-6.064551,24.084082,85.552968,-1.695593,21.355906,89.493027,0.030000,
-6.066089,24.102125,85.552340,-8.660173,32.506101,93.522946,-6.067472,24.118356,85.551775,-1.696886,21.357643,89.491912,0.030000,
-6.066089,24.102125,85.552340,-8.663550,32.515790,93.530401,-6.064551,24.084082,85.552968,-1.698179,21.359380,89.490797,0.030000,
-6.066089,24.102125,85.552340,-8.666913,32.525454,93.537858,-6.067472,24.118356,85.551775,-1.699471,21.361115,89.489683,0.030000,
-6.066089,24.102125,85.552340,-8.670261,32.535095,93.545319,-6.064551,24.084082,85.552968,-1.700763,21.362850,89.488568,0.030000,
-6.066089,24.102125,85.552340,-8.673593,32.544711,93.552782,-6.067472,24.118356,85.551775,-1.702055,21.364583,89.487454,0.030000,
-6.066089,24.102125,85.552340,-8.676911,32.554303,93.560248,-6.064551,24.084082,85.552968,-1.703346,21.366316,89.486340,0.030000,
-6.066089,24.102125,85.552340,-8.680215,32.563871,93.567718,-6.067472,24.118356,85.551775,-1.704637,21.368047,89.485226,0.030000,
-6.066089,24.102125,85.552340,-8.683504,32.573415,93.575189,-6.064551,24.084082,85.552968,-1.705927,21.369777,89.484113,0.030000,
-6.066089,24.102125,85.552340,-8.686778,32.582935,93.582664,-6.067472,24.118356,85.551775,-1.707218,21.371506,89.483000,0.030000,
-6.066089,24.102125,85.552340,-8.690037,32.592431,93.590141,-6.064551,24.084082,85.552968,-1.708508,21.373234,89.481887,0.030000,
-6.066089,24.102125,85.552340,-8.693282,32.601903,93.597622,-6.067472,24.118356,85.551775,-1.709797,21.374961,89.480775,0.030000,
-6.066089,24.102125,85.552340,-8.696513,32.611351,93.605105,-6.064551,24.084082,85.552968,-1.711086,21.376687,89.479662,0.030000,
-6.066089,24.102125,85.552340,-8.699729,32.620775,93.612590,-6.067472,24.118356,85.551775,-1.712375,21.378412,89.478550,0.030000,
-6.066089,24.102125,85.552340,-8.702931,32.630175,93.620079,-6.064551,24.084082,85.552968,-1.713663,21.380136,89.477439,0.030000,
-6.066089,24.102125,85.552340,-8.706119,32.639552,93.627570,-6.067472,24.118356,85.551775,-1.714951,21.381859,89.476327,0.030000,
-6.066089,24.102125,85.552340,-8.709292,32.648905,93.635063,-6.064551,24.084082,85.552968,-1.716239,21.383581,89.475216,0.030000,
-6.066089,24.102125,85.552340,-8.712451,32.658234,93.642560,-6.067472,24.118356,85.551775,-1.717527,21.385301,89.474105,0.030000,
-6.066089,24.102125,85.552340,-8.715596,32.667540,93.650058,-6.064551,24.084082,85.552968,-1.718814,21.387021,89.472994,0.030000,
-6.066089,24.102125,85.552340,-8.718727,32.676822,93.657560,-6.067472,24.118356,85.551775,-1.720100,21.388739,89.471884,0.030000,
-6.066089,24.102125,85.552340,-8.721844,32.686080,93.665064,-6.064551,24.084082,85.552968,-1.721387,21.390457,89.470774,0.030000,
-6.066089,24.102125,85.552340,-8.724947,32.695315,93.672570,-6.067472,24.118356,85.551775,-1.722673,21.392173,89.469664,0.030000,
-6.066089,24.102125,85.552340,-8.728036,32.704526,93.680080,-6.064551,24.084082,85.552968,-1.723958,21.393889,89.468554,0.030000,
-6.066089,24.102125,85.552340,-8.731111,32.713714,93.687591,-6.067472,24.118356,85.551775,-1.725244,21.395603,89.467445,0.030000,
-6.066089,24.102125,85.552340,-8.734172,32.722879,93.695105,-6.064551,24.084082,85.552968,-1.726528,21.397316,89.466336,0.030000,
-6.066089,24.102125,85.552340,-8.737220,32.732020,93.702622,-6.067472,24.118356,85.551775,-1.727813,21.399029,89.465227,0.030000,
-6.066089,24.102125,85.552340,-8.740253,32.741138,93.710141,-6.064551,24.084082,85.552968,-1.729097,21.400740,89.464118,0.030000,
-6.066089,24.102125,85.552340,-8.743273,32.750232,93.717662,-6.067472,24.118356,85.551775,-1.730381,21.402450,89.463010,0.030000,
-6.066089,24.102125,85.552340,-8.746280,32.759304,93.725186,-6.064551,24.084082,85.552968,-1.731665,21.404159,89.461902,0.030000,
-6.066089,24.102125,85.552340,-8.749272,32.768352,93.732712,-6.067472,24.118356,85.551775,-1.732948,21.405867,89.460794,0.030000,
-6.066089,24.102125,85.552340,-8.752251,32.777377,93.740241,-6.064551,24.084082,85.552968,-1.734231,21.407574,89.459687,0.030000,
-6.066089,24.102125,85.552340,-8.755217,32.786379,93.747771,-6.067472,24.118356,85.551775,-1.735513,21.409280,89.458579,0.030000,
-6.066089,24.102125,85.552340,-8.758169,32.795358,93.755305,-6.064551,24.084082,85.552968,-1.736795,21.410985,89.457472,0.030000,
-6.066089,24.102125,85.552340,-8.761108,32.804314,93.762840,-6.067472,24.118356,85.551775,-1.738077,21.412689,89.456366,0.030000,
-6.066089,24.102125,85.552340,-8.764033,32.813248,93.770378,-6.064551,24.084082,85.552968,-1.739359,21.414391,89.455259,0.030000,
-6.066089,24.102125,85.552340,-8.766946,32.822158,93.777918,-6.067472,24.118356,85.551775,-1.740640,21.416093,89.454153,0.030000,
-6.066089,24.102125,85.552340,-8.769844,32.831045,93.785460,-6.064551,24.084082,85.552968,-1.741920,21.417794,89.453047,0.030000,
-6.066089,24.102125,85.552340,-8.772730,32.839910,93.793005,-6.067472,24.118356,85.551775,-1.743201,21.419493,89.451941,0.030000,
-6.066089,24.102125,85.552340,-8.775602,32.848751,93.800551,-6.064551,24.084082,85.552968,-1.744481,21.421192,89.450836,0.030000,
-6.066089,24.102125,85.552340,-8.778462,32.857570,93.808100,-6.067472,24.118356,85.551775,-1.745761,21.422890,89.449731,0.030000,
-6.066089,24.102125,85.552340,-8.781308,32.866367,93.815651,-6.064551,24.084082,85.552968,-1.747040,21.424586,89.448626,0.030000,
-6.066089,24.102125,85.552340,-8.784141,32.875140,93.823204,-6.067472,24.118356,85.551775,-1.748319,21.426282,89.447521,0.030000,
-6.066089,24.102125,85.552340,-8.786961,32.883891,93.830759,-6.064551,24.084082,85.552968,-1.749598,21.427976,89.446417,0.030000,
-6.066089,24.102125,85.552340,-8.789769,32.892620,93.838317,-6.067472,24.118356,85.551775,-1.750876,21.429669,89.445313,0.030000,
-6.066089,24.102125,85.552340,-8.792563,32.901326,93.845876,-6.064551,24.084082,85.552968,-1.752154,21.431362,89.444209,0.030000,
-6.066089,24.102125,85.552340,-8.795344,32.910009,93.853438,-6.067472,24.118356,85.551775,-1.753432,21.433053,89.443106,0.030000,
-6.066089,24.102125,85.552340,-8.798113,32.918670,93.861001,-6.064551,24.084082,85.552968,-1.754709,21.434743,89.442002,0.030000,
-6.066089,24.102125,85.552340,-8.800869,32.927309,93.868567,-6.067472,24.118356,85.551775,-1.755986,21.436432,89.440899,0.030000,
-6.066089,24.102125,85.552340,-8.803612,32.935925,93.876134,-6.064551,24.084082,85.552968,-1.757262,21.438121,89.439797,0.030000,
-6.066089,24.102125,85.552340,-8.806343,32.944520,93.883704,-6.067472,24.118356,85.551775,-1.758539,21.439808,89.438694,0.030000,
-6.066089,24.102125,85.552340,-8.809061,32.953091,93.891275,-6.064551,24.084082,85.552968,-1.759814,21.441494,89.437592,0.030000,
-6.066089,24.102125,85.552340,-8.811767,32.961641,93.898849,-6.067472,24.118356,85.551775,-1.761090,21.443179,89.436490,0.030000,
-6.066089,24.102125,85.552340,-8.814460,32.970168,93.906424,-6.064551,24.084082,85.552968,-1.762365,21.444863,89.435388,0.030000,
-6.066089,24.102125,85.552340,-8.817140,32.978674,93.914002,-6.067472,24.118356,85.551775,-1.763640,21.446546,89.434287,0.030000,
-6.066089,24.102125,85.552340,-8.819808,32.987157,93.921581,-6.064551,24.084082,85.552968,-1.764914,21.448228,89.433186,0.030000,
-6.066089,24.102125,85.552340,-8.822464,32.995618,93.929162,-6.067472,24.118356,85.551775,-1.766189,21.449909,89.432085,0.030000,
-6.066089,24.102125,85.552340,-8.825107,33.004057,93.936745,-6.064551,24.084082,85.552968,-1.767462,21.451589,89.430984,0.030000,
-6.066089,24.102125,85.552340,-8.827738,33.012474,93.944329,-6.067472,24.118356,85.551775,-1.768736,21.453268,89.429884,0.030000,
-6.066089,24.102125,85.552340,-8.830357,33.020870,93.951916,-6.064551,24.084082,85.552968,-1.770009,21.454946,89.428784,0.030000,
-6.066089,24.102125,85.552340,-8.832963,33.029243,93.959504,-6.067472,24.118356,85.551775,-1.771282,21.456622,89.427684,0.030000,
-6.066089,24.102125,85.552340,-8.835558,33.037595,93.967094,-6.064551,24.084082,85.552968,-1.772554,21.458298,89.426585,0.030000,
-6.066089,24.102125,85.552340,-8.838140,33.045925,93.974686,-6.067472,24.118356,85.551775,-1.773826,21.459973,89.425485,0.030000,
-6.066089,24.102125,85.552340,-8.840710,33.054233,93.982280,-6.064551,24.084082,85.552968,-1.775098,21.461647,89.424386,0.030000,
-6.066089,24.102125,85.552340,-8.843269,33.062519,93.989875,-6.067472,24.118356,85.551775,-1.776369,21.463319,89.423288,0.030000,
-6.066089,24.102125,85.552340,-8.845815,33.070784,93.997472,-6.064551,24.084082,85.552968,-1.777640,21.464991,89.422189,0.030000,
-6.066089,24.102125,85.552340,-8.848349,33.079027,94.005071,-6.067472,24.118356,85.551775,-1.778911,21.466662,89.421091,0.030000,
-6.066089,24.102125,85.552340,-8.850872,33.087249,94.012672,-6.064551,24.084082,85.552968,-1.780181,21.468331,89.419993,0.030000,
-6.066089,24.102125,85.552340,-8.853382,33.095449,94.020274,-6.067472,24.118356,85.551775,-1.781451,21.470000,89.418895,0.030000,
-6.066089,24.102125,85.552340,-8.855881,33.103627,94.027877,-6.064551,24.084082,85.552968,-1.782721,21.471667,89.417798,0.030000,
-6.066089,24.102125,85.552340,-8.858368,33.111785,94.035483,-6.067472,24.118356,85.551775,-1.783990,21.473334,89.416701,0.030000,
-6.066089,24.102125,85.552340,-8.860843,33.119920,94.043089,-6.064551,24.084082,85.552968,-1.785259,21.474999,89.415604,0.030000,
-6.066089,24.102125,85.552340,-8.863307,33.128035,94.050698,-6.067472,24.118356,85.551775,-1.786527,21.476664,89.414507,0.030000,
-6.066089,24.102125,85.552340,-8.865759,33.136128,94.058308,-6.064551,24.084082,85.552968,-1.787796,21.478327,89.413411,0.030000,
-6.066089,24.102125,85.552340,-8.868199,33.144200,94.065920,-6.067472,24.118356,85.551775,-1.789064,21.479990,89.412315,0.030000,
-6.066089,24.102125,85.552340,-8.870628,33.152250,94.073533,-6.064551,24.084082,85.552968,-1.790331,21.481651,89.411219,0.030000,
-6.066089,24.102125,85.552340,-8.873046,33.160280,94.081147,-6.067472,24.118356,85.551775,-1.791598,21.483312,89.410123,0.030000,
-6.066089,24.102125,85.552340,-8.875452,33.168288,94.088764,-6.064551,24.084082,85.552968,-1.792865,21.484971,89.409028,0.030000,
-6.066089,24.102125,85.552340,-8.877846,33.176275,94.096381,-6.067472,24.118356,85.551775,-1.794132,21.486629,89.407933,0.030000,
-6.066089,24.102125,85.552340,-8.880230,33.184242,94.104000,-6.064551,24.084082,85.552968,-1.795398,21.488287,89.406838,0.030000,
-6.066089,24.102125,85.552340,-8.882601,33.192187,94.111621,-6.067472,24.118356,85.551775,-1.796664,21.489943,89.405743,0.030000,
-6.066089,24.102125,85.552340,-8.884962,33.200111,94.119243,-6.064551,24.084082,85.552968,-1.797929,21.491598,89.404649,0.030000,
-6.066089,24.102125,85.552340,-8.887311,33.208014,94.126866,-6.067472,24.118356,85.551775,-1.799194,21.493253,89.403555,0.030000,
-6.066089,24.102125,85.552340,-8.889650,33.215897,94.134491,-6.064551,24.084082,85.552968,-1.800459,21.494906,89.402462,0.030000,
-6.066089,24.102125,85.552340,-8.891977,33.223758,94.142117,-6.067472,24.118356,85.551775,-1.801723,21.496558,89.401368,0.030000,
-6.066089,24.102125,85.552340,-8.894293,33.231599,94.149744,-6.064551,24.084082,85.552968,-1.802987,21.498209,89.400275,0.030000,
-6.066089,24.102125,85.552340,-8.896597,33.239419,94.157373,-6.067472,24.118356,85.551775,-1.804251,21.499859,89.399182,0.030000,
-6.066089,24.102125,85.552340,-8.898891,33.247218,94.165003,-6.064551,24.084082,85.552968,-1.805515,21.501509,89.398089,0.030000,
-6.066089,24.102125,85.552340,-8.901174,33.254997,94.172634,-6.067472,24.118356,85.551775,-1.806778,21.503157,89.396997,0.030000,
-6.066089,24.102125,85.552340,-8.903446,33.262755,94.180267,-6.064551,24.084082,85.552968,-1.808040,21.504804,89.395905,0.030000,
-6.066089,24.102125,85.552340,-8.905707,33.270493,94.187901,-6.067472,24.118356,85.551775,-1.809303,21.506450,89.394813,0.030000,
-6.066089,24.102125,85.552340,-8.907957,33.278210,94.195536,-6.064551,24.084082,85.552968,-1.810565,21.508095,89.393721,0.030000,
-6.066089,24.102125,85.552340,-8.910196,33.285906,94.203173,-6.067472,24.118356,85.551775,-1.811826,21.509739,89.392630,0.030000,
-6.066089,24.102125,85.552340,-8.912425,33.293582,94.210810,-6.064551,24.084082,85.552968,-1.813088,21.511383,89.391539,0.030000,
-6.066089,24.102125,85.552340,-8.914643,33.301237,94.218449,-6.067472,24.118356,85.551775,-1.814349,21.513025,89.390448,0.030000,
-6.066089,24.102125,85.552340,-8.916850,33.308873,94.226089,-6.064551,24.084082,85.552968,-1.815609,21.514666,89.389357,0.030000,
-6.066089,24.102125,85.552340,-8.919046,33.316487,94.233731,-6.067472,24.118356,85.551775,-1.816870,21.516306,89.388267,0.030000,
-6.066089,24.102125,85.552340,-8.921232,33.324082,94.241373,-6.064551,24.084082,85.552968,-1.818130,21.517945,89.387177,0.030000,
-6.066089,24.102125,85.552340,-8.923408,33.331656,94.249017,-6.067472,24.118356,85.551775,-1.819389,21.519583,89.386087,0.030000,
-6.066089,24.102125,85.552340,-8.925572,33.339210,94.256661,-6.064551,24.084082,85.552968,-1.820648,21.521220,89.384998,0.030000,
-6.066089,24.102125,85.552340,-8.927727,33.346744,94.264307,-6.067472,24.118356,85.551775,-1.821907,21.522856,89.383909,0.030000,
-6.066089,24.102125,85.552340,-8.929871,33.354258,94.271954,-6.064551,24.084082,85.552968,-1.823166,21.524491,89.382820,0.030000,
-6.066089,24.102125,85.552340,-8.932004,33.361752,94.279602,-6.067472,24.118356,85.551775,-1.824424,21.526125,89.381731,0.030000,
-6.066089,24.102125,85.552340,-8.934127,33.369226,94.287251,-6.064551,24.084082,85.552968,-1.825682,21.527758,89.380643,0.030000,
-6.066089,24.102125,85.552340,-8.936240,33.376679,94.294901,-6.067472,24.118356,85.551775,-1.826939,21.529390,89.379554,0.030000,
-6.066089,24.102125,85.552340,-8.938342,33.384113,94.302552,-6.064551,24.084082,85.552968,-1.828197,21.531021,89.378466,0.030000,
-6.066089,24.102125,85.552340,-8.940435,33.391527,94.310204,-6.067472,24.118356,85.551775,-1.829453,21.532651,89.377379,0.030000,
-6.066089,24.102125,85.552340,-8.942517,33.398921,94.317857,-6.064551,24.084082,85.552968,-1.830710,21.534280,89.376291,0.030000,
-6.066089,24.102125,85.552340,-8.944588,33.406295,94.325512,-6.067472,24.118356,85.551775,-1.831966,21.535908,89.375204,0.030000,
-6.066089,24.102125,85.552340,-8.946650,33.413650,94.333167,-6.064551,24.084082,85.552968,-1.833222,21.537536,89.374117,0.030000,
-6.066089,24.102125,85.552340,-8.948702,33.420984,94.340823,-6.067472,24.118356,85.551775,-1.834477,21.539162,89.373031,0.030000,
-6.066089,24.102125,85.552340,-8.950743,33.428299,94.348480,-6.064551,24.084082,85.552968,-1.835732,21.540787,89.371945,0.030000,
-6.066089,24.102125,85.552340,-8.952775,33.435595,94.356138,-6.067472,24.118356,85.551775,-1.836987,21.542411,89.370858,0.030000,
-6.066089,24.102125,85.552340,-8.954796,33.442870,94.363796,-6.064551,24.084082,85.552968,-1.838242,21.544034,89.369773,0.030000,
-6.066089,24.102125,85.552340,-8.956808,33.450126,94.371456,-6.067472,24.118356,85.551775,-1.839496,21.545656,89.368687,0.030000,
-6.066089,24.102125,85.552340,-8.958810,33.457363,94.379117,-6.064551,24.084082,85.552968,-1.840750,21.547277,89.367602,0.030000,
-6.066089,24.102125,85.552340,-8.960802,33.464580,94.386778,-6.067472,24.118356,85.551775,-1.842003,21.548897,89.366517,0.030000,
-6.066089,24.102125,85.552340,-8.962784,33.471778,94.394440,-6.064551,24.084082,85.552968,-1.843256,21.550516,89.365432,0.030000,
-6.066089,24.102125,85.552340,-8.964756,33.478956,94.402103,-6.067472,24.118356,85.551775,-1.844509,21.552134,89.364348,0.030000,
-6.066089,24.102125,85.552340,-8.966719,33.486115,94.409767,-6.064551,24.084082,85.552968,-1.845761,21.553751,89.363263,0.030000,
-6.066089,24.102125,85.552340,-8.968672,33.493254,94.417432,-6.067472,24.118356,85.551775,-1.847013,21.555367,89.362179,0.030000,
-6.066089,24.102125,85.552340,-8.970615,33.500375,94.425098,-6.064551,24.084082,85.552968,-1.848265,21.556982,89.361096,0.030000,
-6.066089,24.102125,85.552340,-8.972549,33.507476,94.432764,-6.067472,24.118356,85.551775,-1.849516,21.558596,89.360012,0.030000,
-6.066089,24.102125,85.552340,-8.974473,33.514557,94.440431,-6.064551,24.084082,85.552968,-1.850767,21.560209,89.358929,0.030000,
-6.066089,24.102125,85.552340,-8.976387,33.521620,94.448099,-6.067472,24.118356,85.551775,-1.852018,21.561821,89.357846,0.030000,
-6.066089,24.102125,85.552340,-8.978292,33.528663,94.455767,-6.064551,24.084082,85.552968,-1.853268,21.563432,89.356764,0.030000,
-6.066089,24.102125,85.552340,-8.980188,33.535688,94.463436,-6.067472,24.118356,85.551775,-1.854518,21.565042,89.355681,0.030000,
-6.066089,24.102125,85.552340,-8.982074,33.542693,94.471106,-6.064551,24.084082,85.552968,-1.855768,21.566652,89.354599,0.030000,
-6.066089,24.102125,85.552340,-8.983950,33.549680,94.478777,-6.067472,24.118356,85.551775,-1.857017,21.568260,89.353517,0.030000,
-6.066089,24.102125,85.552340,-8.985818,33.556647,94.486448,-6.064551,24.084082,85.552968,-1.858266,21.569867,89.352436,0.030000,
-6.066089,24.102125,85.552340,-8.987676,33.563596,94.494120,-6.067472,24.118356,85.551775,-1.859514,21.571473,89.351354,0.030000,
-6.066089,24.102125,85.552340,-8.989524,33.570525,94.501793,-6.064551,24.084082,85.552968,-1.860763,21.573078,89.350273,0.030000,
-6.066089,24.102125,85.552340,-8.991364,33.577436,94.509466,-6.067472,24.118356,85.551775,-1.862011,21.574682,89.349193,0.030000,
-6.066089,24.102125,85.552340,-8.993194,33.584328,94.517140,-6.064551,24.084082,85.552968,-1.863258,21.576285,89.348112,0.030000,
-6.066089,24.102125,85.552340,-8.995015,33.591201,94.524814,-6.067472,24.118356,85.551775,-1.864505,21.577888,89.347032,0.030000,
-6.066089,24.102125,85.552340,-8.996827,33.598056,94.532489,-6.064551,24.084082,85.552968,-1.865752,21.579489,89.345952,0.030000,
-6.066089,24.102125,85.552340,-8.998630,33.604891,94.540165,-6.067472,24.118356,85.551775,-1.866999,21.581089,89.344872,0.030000,
-6.066089,24.102125,85.552340,-9.000424,33.611709,94.547841,-6.064551,24.084082,85.552968,-1.868245,21.582688,89.343793,0.030000,
-6.066089,24.102125,85.552340,-9.002208,33.618507,94.555518,-6.067472,24.118356,85.551775,-1.869491,21.584287,89.342713,0.030000,
-6.066089,24.102125,85.552340,-9.003984,33.625287,94.563195,-6.064551,24.084082,85.552968,-1.870736,21.585884,89.341634,0.030000,
-6.066089,24.102125,85.552340,-9.005751,33.632049,94.570873,-6.067472,24.118356,85.551775,-1.871981,21.587480,89.340556,0.030000,
-6.066089,24.102125,85.552340,-9.007509,33.638792,94.578551,-6.064551,24.084082,85.552968,-1.873226,21.589075,89.339477,0.030000,
-6.066089,24.102125,85.552340,-9.009258,33.645516,94.586230,-6.067472,24.118356,85.551775,-1.874471,21.590670,89.338399,0.030000,
-6.066089,24.102125,85.552340,-9.010998,33.652223,94.593909,-6.064551,24.084082,85.552968,-1.875715,21.592263,89.337321,0.030000,
-6.066089,24.102125,85.552340,-9.012729,33.658911,94.601589,-6.067472,24.118356,85.551775,-1.876959,21.593855,89.336244,0.030000,
-6.066089,24.102125,85.552340,-9.014452,33.665580,94.609269,-6.064551,24.084082,85.552968,-1.878202,21.595447,89.335166,0.030000,
-6.066089,24.102125,85.552340,-9.016166,33.672231,94.616950,-6.067472,24.118356,85.551775,-1.879445,21.597037,89.334089,0.030000,
-6.066089,24.102125,85.552340,-9.017871,33.678864,94.624631,-6.064551,24.084082,85.552968,-1.880688,21.598627,89.333012,0.030000,
-6.066089,24.102125,85.552340,-9.019567,33.685479,94.632312,-6.067472,24.118356,85.551775,-1.881931,21.600215,89.331936,0.030000,
-6.066089,24.102125,85.552340,-9.021255,33.692076,94.639994,-6.064551,24.084082,85.552968,-1.883173,21.601803,89.330860,0.030000,
-6.066089,24.102125,85.552340,-9.022934,33.698655,94.647676,-6.067472,24.118356,85.551775,-1.884414,21.603389,89.329783,0.030000,
-6.066089,24.102125,85.552340,-9.024605,33.705215,94.655359,-6.064551,24.084082,85.552968,-1.885656,21.604975,89.328708,0.030000,
-6.066089,24.102125,85.552340,-9.026267,33.711757,94.663042,-6.067472,24.118356,85.551775,-1.886897,21.606559,89.327632,0.030000,
-6.066089,24.102125,85.552340,-9.027920,33.718282,94.670725,-6.064551,24.084082,85.552968,-1.888138,21.608143,89.326557,0.030000,
-6.066089,24.102125,85.552340,-9.029566,33.724788,94.678409,-6.067472,24.118356,85.551775,-1.889378,21.609725,89.325482,0.030000,
-6.066089,24.102125,85.552340,-9.031202,33.731277,94.686093,-6.064551,24.084082,85.552968,-1.890618,21.611307,89.324407,0.030000,
-6.066089,24.102125,85.552340,-9.032831,33.737748,94.693777,-6.067472,24.118356,85.551775,-1.891858,21.612888,89.323333,0.030000,
-6.066089,24.102125,85.552340,-9.034450,33.744201,94.701461,-6.064551,24.084082,85.552968,-1.893097,21.614467,89.322259,0.030000,
-6.066089,24.102125,85.552340,-9.036062,33.750636,94.709146,-6.067472,24.118356,85.551775,-1.894336,21.616046,89.321185,0.030000,
-6.066089,24.102125,85.552340,-9.037665,33.757053,94.716831,-6.064551,24.084082,85.552968,-1.895575,21.617624,89.320111,0.030000,
-6.066089,24.102125,85.552340,-9.039261,33.763452,94.724517,-6.067472,24.118356,85.551775,-1.896813,21.619200,89.319038,0.030000,
-6.066089,24.102125,85.552340,-9.040847,33.769834,94.732202,-6.064551,24.084082,85.552968,-1.898051,21.620776,89.317964,0.030000,
-6.066089,24.102125,85.552340,-9.042426,33.776199,94.739888,-6.067472,24.118356,85.551775,-1.899289,21.622351,89.316891,0.030000,
-6.066089,24.102125,85.552340,-9.043997,33.782545,94.747574,-6.064551,24.084082,85.552968,-1.900526,21.623925,89.315819,0.030000,
-6.066089,24.102125,85.552340,-9.045559,33.788874,94.755261,-6.067472,24.118356,85.551775,-1.901763,21.625498,89.314746,0.030000,
-6.066089,24.102125,85.552340,-9.047113,33.795186,94.762947,-6.064551,24.084082,85.552968,-1.903000,21.627070,89.313674,0.030000,
-6.066089,24.102125,85.552340,-9.048659,33.801480,94.770634,-6.067472,24.118356,85.551775,-1.904236,21.628641,89.312603,0.030000,
-6.066089,24.102125,85.552340,-9.050198,33.807756,94.778321,-6.064551,24.084082,85.552968,-1.905472,21.630211,89.311531,0.030000,
-6.066089,24.102125,85.552340,-9.051728,33.814016,94.786008,-6.067472,24.118356,85.551775,-1.906707,21.631780,89.310460,0.030000,
-6.066089,24.102125,85.552340,-9.053250,33.820257,94.793695,-6.064551,24.084082,85.552968,-1.907943,21.633348,89.309389,0.030000,
-6.066089,24.102125,85.552340,-9.054765,33.826482,94.801382,-6.067472,24.118356,85.551775,-1.909178,21.634915,89.308318,0.030000,
-6.066089,24.102125,85.552340,-9.056271,33.832689,94.809069,-6.064551,24.084082,85.552968,-1.910412,21.636481,89.307247,0.030000,
-6.066089,24.102125,85.552340,-9.057770,33.838879,94.816757,-6.067472,24.118356,85.551775,-1.911647,21.638046,89.306177,0.030000,
-6.066089,24.102125,85.552340,-9.059260,33.845052,94.824444,-6.064551,24.084082,85.552968,-1.912880,21.639610,89.305107,0.030000,
-6.066089,24.102125,85.552340,-9.060743,33.851207,94.832132,-6.067472,24.118356,85.551775,-1.914114,21.641173,89.304037,0.030000,
-6.066089,24.102125,85.552340,-9.062219,33.857346,94.839820,-6.064551,24.084082,85.552968,-1.915347,21.642736,89.302968,0.030000,
-6.066089,24.102125,85.552340,-9.063686,33.863467,94.847508,-6.067472,24.118356,85.551775,-1.916580,21.644297,89.301899,0.030000,
-6.066089,24.102125,85.552340,-9.065146,33.869571,94.855196,-6.064551,24.084082,85.552968,-1.917813,21.645857,89.300830,0.030000,
-6.066089,24.102125,85.552340,-9.066598,33.875658,94.862883,-6.067472,24.118356,85.551775,-1.919045,21.647417,89.299761,0.030000,
-6.066089,24.102125,85.552340,-9.068043,33.881728,94.870571,-6.064551,24.084082,85.552968,-1.920277,21.648975,89.298693,0.030000,
-6.066089,24.102125,85.552340,-9.069479,33.887782,94.878259,-6.067472,24.118356,85.551775,-1.921508,21.650533,89.297624,0.030000,
-6.066089,24.102125,85.552340,-9.070909,33.893818,94.885947,-6.064551,24.084082,85.552968,-1.922740,21.652089,89.296556,0.030000,
-6.066089,24.102125,85.552340,-9.072331,33.899837,94.893635,-6.067472,24.118356,85.551775,-1.923970,21.653645,89.295489,0.030000,
-6.066089,24.102125,85.552340,-9.073745,33.905840,94.901323,-6.064551,24.084082,85.552968,-1.925201,21.655199,89.294421,0.030000,
-6.066089,24.102125,85.552340,-9.075152,33.911826,94.909011,-6.067472,24.118356,85.551775,-1.926431,21.656753,89.293354,0.030000,
-6.066089,24.102125,85.552340,-9.076551,33.917795,94.916699,-6.064551,24.084082,85.552968,-1.927661,21.658306,89.292288,0.030000,
-6.066089,24.102125,85.552340,-9.077943,33.923747,94.924387,-6.067472,24.118356,85.551775,-1.928890,21.659857,89.291221,0.030000,
-6.066089,24.102125,85.552340,-9.079328,33.929683,94.932075,-6.064551,24.084082,85.552968,-1.930120,21.661408,89.290155,0.030000,
-6.066089,24.102125,85.552340,-9.080705,33.935602,94.939762,-6.067472,24.118356,85.551775,-1.931348,21.662958,89.289089,0.030000,
-6.066089,24.102125,85.552340,-9.082075,33.941504,94.947450,-6.064551,24.084082,85.552968,-1.932577,21.664507,89.288023,0.030000,
-6.066089,24.102125,85.552340,-9.083437,33.947390,94.955137,-6.067472,24.118356,85.551775,-1.933805,21.666055,89.286957,0.030000,
-6.066089,24.102125,85.552340,-9.084793,33.953259,94.962825,-6.064551,24.084082,85.552968,-1.935033,21.667602,89.285892,0.030000,
-6.066089,24.102125,85.552340,-9.086141,33.959112,94.970512,-6.067472,24.118356,85.551775,-1.936260,21.669148,89.284827,0.030000,
-6.066089,24.102125,85.552340,-9.087482,33.964948,94.978199,-6.064551,24.084082,85.552968,-1.937487,21.670693,89.283762,0.030000,
-6.066089,24.102125,85.552340,-9.088816,33.970768,94.985886,-6.067472,24.118356,85.551775,-1.938714,21.672237,89.282698,0.030000,
-6.066089,24.102125,85.552340,-9.090142,33.976571,94.993573,-6.064551,24.084082,85.552968,-1.939941,21.673780,89.281633,0.030000,
-6.066089,24.102125,85.552340,-9.091462,33.982358,95.001260,-6.067472,24.118356,85.551775,-1.941167,21.675322,89.280569,0.030000,
-6.066089,24.102125,85.552340,-9.092774,33.988129,95.008946,-6.064551,24.084082,85.552968,-1.942393,21.676863,89.279506,0.030000,
-6.066089,24.102125,85.552340,-9.094080,33.993884,95.016633,-6.067472,24.118356,85.551775,-1.943618,21.678404,89.278442,0.030000,
-6.066089,24.102125,85.552340,-9.095378,33.999622,95.024319,-6.064551,24.084082,85.552968,-1.944843,21.679943,89.277379,0.030000,
-6.066089,24.102125,85.552340,-9.096669,34.005344,95.032005,-6.067472,24.118356,85.551775,-1.946068,21.681481,89.276316,0.030000,
-6.066089,24.102125,85.552340,-9.097954,34.011050,95.039691,-6.064551,24.084082,85.552968,-1.947292,21.683019,89.275254,0.030000,
-6.066089,24.102125,85.552340,-9.099231,34.016739,95.047376,-6.067472,24.118356,85.551775,-1.948516,21.684555,89.274191,0.030000,
-6.066089,24.102125,85.552340,-9.100502,34.022413,95.055061,-6.064551,24.084082,85.552968,-1.949740,21.686091,89.273129,0.030000,
-6.066089,24.102125,85.552340,-9.101766,34.028071,95.062747,-6.067472,24.118356,85.551775,-1.950963,21.687626,89.272067,0.030000,
-6.066089,24.102125,85.552340,-9.103023,34.033712,95.070431,-6.064551,24.084082,85.552968,-1.952187,21.689159,89.271006,0.030000,
-6.066089,24.102125,85.552340,-9.104273,34.039338,95.078116,-6.067472,24.118356,85.551775,-1.953409,21.690692,89.269944,0.030000,
-6.066089,24.102125,85.552340,-9.105516,34.044947,95.085800,-6.064551,24.084082,85.552968,-1.954632,21.692224,89.268883,0.030000,
-6.066089,24.102125,85.552340,-9.106753,34.050541,95.093484,-6.067472,24.118356,85.551775,-1.955854,21.693755,89.267822,0.030000,
-6.066089,24.102125,85.552340,-9.107983,34.056119,95.101168,-6.064551,24.084082,85.552968,-1.957075,21.695285,89.266762,0.030000,
-6.066089,24.102125,85.552340,-9.109206,34.061681,95.108851,-6.067472,24.118356,85.551775,-1.958297,21.696814,89.265701,0.030000,
-6.066089,24.102125,85.552340,-9.110422,34.067227,95.116534,-6.064551,24.084082,85.552968,-1.959518,21.698342,89.264641,0.030000,
-6.066089,24.102125,85.552340,-9.111632,34.072757,95.124217,-6.067472,24.118356,85.551775,-1.960739,21.699869,89.263582,0.030000,
-6.066089,24.102125,85.552340,-9.112835,34.078272,95.131899,-6.064551,24.084082,85.552968,-1.961959,21.701395,89.262522,0.030000,
-6.066089,24.102125,85.552340,-9.114032,34.083771,95.139581,-6.067472,24.118356,85.551775,-1.963179,21.702920,89.261463,0.030000,
-6.066089,24.102125,85.552340,-9.115222,34.089254,95.147263,-6.064551,24.084082,85.552968,-1.964399,21.704444,89.260404,0.030000,
-6.066089,24.102125,85.552340,-9.116406,34.094722,95.154944,-6.067472,24.118356,85.551775,-1.965618,21.705968,89.259345,0.030000,
-6.066089,24.102125,85.552340,-9.117583,34.100174,95.162625,-6.064551,24.084082,85.552968,-1.966837,21.707490,89.258287,0.030000,
-6.066089,24.102125,85.552340,-9.118754,34.105610,95.170306,-6.067472,24.118356,85.551775,-1.968056,21.709011,89.257229,0.030000,
-6.066089,24.102125,85.552340,-9.119918,34.111031,95.177986,-6.064551,24.084082,85.552968,-1.969274,21.710532,89.256171,0.030000,
-6.066089,24.102125,85.552340,-9.121076,34.116437,95.185666,-6.067472,24.118356,85.551775,-1.970492,21.712051,89.255113,0.030000,
-6.066089,24.102125,85.552340,-9.122227,34.121827,95.193345,-6.064551,24.084082,85.552968,-1.971710,21.713570,89.254055,0.030000,
-6.066089,24.102125,85.552340,-9.123372,34.127201,95.201024,-6.067472,24.118356,85.551775,-1.972927,21.715088,89.252998,0.030000,
-6.066089,24.102125,85.552340,-9.124511,34.132560,95.208702,-6.064551,24.084082,85.552968,-1.974144,21.716605,89.251941,0.030000,
-6.066089,24.102125,85.552340,-9.125643,34.137904,95.216381,-6.067472,24.118356,85.551775,-1.975361,21.718120,89.250885,0.030000,
-6.066089,24.102125,85.552340,-9.126770,34.143233,95.224058,-6.064551,24.084082,85.552968,-1.976577,21.719635,89.249828,0.030000,
-6.066089,24.102125,85.552340,-9.127890,34.148546,95.231735,-6.067472,24.118356,85.551775,-1.977793,21.721149,89.248772,0.030000,
-6.066089,24.102125,85.552340,-9.129003,34.153844,95.239412,-6.064551,24.084082,85.552968,-1.979009,21.722662,89.247716,0.030000,
-6.066089,24.102125,85.552340,-9.130111,34.159127,95.247088,-6.067472,24.118356,85.551775,-1.980224,21.724174,89.246661,0.030000,
-6.066089,24.102125,85.552340,-9.131212,34.164395,95.254764,-6.064551,24.084082,85.552968,-1.981439,21.725686,89.245606,0.030000,
-6.066089,24.102125,85.552340,-9.132307,34.169647,95.262439,-6.067472,24.118356,85.551775,-1.982654,21.727196,89.244550,0.030000,
-6.066089,24.102125,85.552340,-9.133396,34.174885,95.270114,-6.064551,24.084082,85.552968,-1.983868,21.728705,89.243496,0.030000,
-6.066089,24.102125,85.552340,-9.134479,34.180107,95.277788,-6.067472,24.118356,85.551775,-1.985082,21.730213,89.242441,0.030000,
-6.066089,24.102125,85.552340,-9.135556,34.185315,95.285461,-6.064551,24.084082,85.552968,-1.986295,21.731721,89.241387,0.030000,
-6.066089,24.102125,85.552340,-9.136627,34.190507,95.293135,-6.067472,24.118356,85.551775,-1.987509,21.733227,89.240333,0.030000,
-6.066089,24.102125,85.552340,-9.137692,34.195684,95.300807,-6.064551,24.084082,85.552968,-1.988722,21.734733,89.239279,0.030000,
-6.066089,24.102125,85.552340,-9.138751,34.200847,95.308479,-6.067472,24.118356,85.551775,-1.989934,21.736238,89.238226,0.030000,
-6.066089,24.102125,85.552340,-9.139804,34.205994,95.316151,-6.064551,24.084082,85.552968,-1.991147,21.737741,89.237172,0.030000,
-6.066089,24.102125,85.552340,-9.140851,34.211127,95.323822,-6.067472,24.118356,85.551775,-1.992359,21.739244,89.236119,0.030000,
-6.066089,24.102125,85.552340,-9.141893,34.216245,95.331492,-6.064551,24.084082,85.552968,-1.993570,21.740746,89.235067,0.030000,
-6.066089,24.102125,85.552340,-9.142928,34.221348,95.339162,-6.067472,24.118356,85.551775,-1.994781,21.742247,89.234014,0.030000,
-6.066089,24.102125,85.552340,-9.143957,34.226436,95.346831,-6.064551,24.084082,85.552968,-1.995992,21.743747,89.232962,0.030000,
-6.066089,24.102125,85.552340,-9.144981,34.231510,95.354499,-6.067472,24.118356,85.551775,-1.997203,21.745246,89.231910,0.030000,
-6.066089,24.102125,85.552340,-9.145999,34.236569,95.362167,-6.064551,24.084082,85.552968,-1.998413,21.746744,89.230858,0.030000,
-6.066089,24.102125,85.552340,-9.147011,34.241613,95.369834,-6.067472,24.118356,85.551775,-1.999623,21.748242,89.229807,0.030000,
-6.066089,24.102125,85.552340,-9.148017,34.246643,95.377501,-6.064551,24.084082,85.552968,-2.000833,21.749738,89.228756,0.030000,
-6.066089,24.102125,85.552340,-9.149018,34.251658,95.385167,-6.067472,24.118356,85.551775,-2.002042,21.751234,89.227705,0.030000,
-6.066089,24.102125,85.552340,-9.150013,34.256658,95.392832,-6.064551,24.084082,85.552968,-2.003251,21.752728,89.226654,0.030000,
-6.066089,24.102125,85.552340,-9.151002,34.261644,95.400497,-6.067472,24.118356,85.551775,-2.004460,21.754222,89.225604,0.030000,
-6.066089,24.102125,85.552340,-9.151986,34.266616,95.408161,-6.064551,24.084082,85.552968,-2.005668,21.755714,89.224554,0.030000,
-6.066089,24.102125,85.552340,-9.152964,34.271573,95.415825,-6.067472,24.118356,85.551775,-2.006876,21.757206,89.223504,0.030000,
-6.066089,24.102125,85.552340,-9.153936,34.276516,95.423487,-6.064551,24.084082,85.552968,-2.008083,21.758697,89.222454,0.030000,
-6.066089,24.102125,85.552340,-9.154903,34.281444,95.431149,-6.067472,24.118356,85.551775,-2.009291,21.760187,89.221405,0.030000,
-6.066089,24.102125,85.552340,-9.155865,34.286358,95.438810,-6.064551,24.084082,85.552968,-2.010498,21.761676,89.220356,0.030000,
-6.066089,24.102125,85.552340,-9.156820,34.291257,95.446471,-6.067472,24.118356,85.551775,-2.011704,21.763164,89.219307,0.030000,
-6.066089,24.102125,85.552340,-9.157771,34.296143,95.454131,-6.064551,24.084082,85.552968,-2.012910,21.764651,89.218259,0.030000,
-6.066089,24.102125,85.552340,-9.158715,34.301014,95.461790,-6.067472,24.118356,85.551775,-2.014116,21.766137,89.217210,0.030000,
-6.066089,24.102125,85.552340,-9.159655,34.305871,95.469449,-6.064551,24.084082,85.552968,-2.015322,21.767623,89.216162,0.030000,
-6.066089,24.102125,85.552340,-9.160589,34.310713,95.477106,-6.067472,24.118356,85.551775,-2.016527,21.769107,89.215115,0.030000,
-6.066089,24.102125,85.552340,-9.161517,34.315542,95.484763,-6.064551,24.084082,85.552968,-2.017732,21.770590,89.214067,0.030000,
-6.066089,24.102125,85.552340,-9.162441,34.320356,95.492419,-6.067472,24.118356,85.551775,-2.018937,21.772073,89.213020,0.030000,
-6.066089,24.102125,85.552340,-9.163358,34.325156,95.500075,-6.064551,24.084082,85.552968,-2.020141,21.773555,89.211973,0.030000,
-6.066089,24.102125,85.552340,-9.164271,34.329943,95.507729,-6.067472,24.118356,85.551775,-2.021345,21.775035,89.210926,0.030000,
-6.066089,24.102125,85.552340,-9.165178,34.334715,95.515383,-6.064551,24.084082,85.552968,-2.022548,21.776515,89.209880,0.030000,
-6.066089,24.102125,85.552340,-9.166080,34.339473,95.523036,-6.067472,24.118356,85.551775,-2.023752,21.777994,89.208833,0.030000,
-6.066089,24.102125,85.552340,-9.166977,34.344217,95.530689,-6.064551,24.084082,85.552968,-2.024955,21.779472,89.207787,0.030000,
-6.066089,24.102125,85.552340,-9.167868,34.348948,95.538340,-6.067472,24.118356,85.551775,-2.026157,21.780949,89.206742,0.030000,
-6.066089,24.102125,85.552340,-9.168755,34.353664,95.545991,-6.064551,24.084082,85.552968,-2.027359,21.782426,89.205696,0.030000,
-6.066089,24.102125,85.552340,-9.169636,34.358367,95.553641,-6.067472,24.118356,85.551775,-2.028561,21.783901,89.204651,0.030000,
-6.066089,24.102125,85.552340,-9.170512,34.363055,95.561290,-6.064551,24.084082,85.552968,-2.029763,21.785375,89.203606,0.030000,
-6.066089,24.102125,85.552340,-9.171383,34.367730,95.568938,-6.067472,24.118356,85.551775,-2.030964,21.786849,89.202562,0.030000,
-6.066089,24.102125,85.552340,-9.172248,34.372392,95.576585,-6.064551,24.084082,85.552968,-2.032165,21.788321,89.201517,0.030000,
-6.066089,24.102125,85.552340,-9.173109,34.377039,95.584232,-6.067472,24.118356,85.551775,-2.033366,21.789793,89.200473,0.030000,
-6.066089,24.102125,85.552340,-9.173964,34.381673,95.591878,-6.064551,24.084082,85.552968,-2.034566,21.791264,89.199429,0.030000,
-6.066089,24.102125,85.552340,-9.174815,34.386293,95.599522,-6.067472,24.118356,85.551775,-2.035766,21.792734,89.198386,0.030000,
-6.066089,24.102125,85.552340,-9.175661,34.390899,95.607166,-6.064551,24.084082,85.552968,-2.036965,21.794203,89.197342,0.030000,
-6.066089,24.102125,85.552340,-9.176501,34.395492,95.614809,-6.067472,24.118356,85.551775,-2.038165,21.795671,89.196299,0.030000,
-6.066089,24.102125,85.552340,-9.177337,34.400072,95.622452,-6.064551,24.084082,85.552968,-2.039364,21.797138,89.195256,0.030000,
-6.066089,24.102125,85.552340,-9.178167,34.404637,95.630093,-6.067472,24.118356,85.551775,-2.040562,21.798604,89.194214,0.030000,
-6.066089,24.102125,85.552340,-9.178993,34.409190,95.637733,-6.064551,24.084082,85.552968,-2.041760,21.800069,89.193172,0.030000,
-6.066089,24.102125,85.552340,-9.179814,34.413728,95.645373,-6.067472,24.118356,85.551775,-2.042958,21.801534,89.192130,0.030000,
-6.066089,24.102125,85.552340,-9.180629,34.418254,95.653011,-6.064551,24.084082,85.552968,-2.044156,21.802997,89.191088,0.030000,
-6.066089,24.102125,85.552340,-9.181441,34.422766,95.660649,-6.067472,24.118356,85.551775,-2.045353,21.804460,89.190046,0.030000,
-6.066089,24.102125,85.552340,-9.182247,34.427264,95.668286,-6.064551,24.084082,85.552968,-2.046550,21.805922,89.189005,0.030000,
-6.066089,24.102125,85.552340,-9.183048,34.431749,95.675921,-6.067472,24.118356,85.551775,-2.047747,21.807382,89.187964,0.030000,
-6.066089,24.102125,85.552340,-9.183845,34.436221,95.683556,-6.064551,24.084082,85.552968,-2.048943,21.808842,89.186923,0.030000,
-6.066089,24.102125,85.552340,-9.184636,34.440680,95.691190,-6.067472,24.118356,85.551775,-2.050139,21.810301,89.185883,0.030000,
-6.066089,24.102125,85.552340,-9.185424,34.445125,95.698823,-6.064551,24.084082,85.552968,-2.051334,21.811759,89.184843,0.030000,
-6.066089,24.102125,85.552340,-9.186206,34.449557,95.706455,-6.067472,24.118356,85.551775,-2.052530,21.813217,89.183803,0.030000,
-6.066089,24.102125,85.552340,-9.186984,34.453976,95.714086,-6.064551,24.084082,85.552968,-2.053725,21.814673,89.182763,0.030000,
-6.066089,24.102125,85.552340,-9.187757,34.458382,95.721716,-6.067472,24.118356,85.551775,-2.054919,21.816128,89.181723,0.030000,
-6.066089,24.102125,85.552340,-9.188525,34.462775,95.729345,-6.064551,24.084082,85.552968,-2.056113,21.817583,89.180684,0.030000,
-6.066089,24.102125,85.552340,-9.189288,34.467154,95.736973,-6.067472,24.118356,85.551775,-2.057307,21.819037,89.179645,0.030000,
-6.066089,24.102125,85.552340,-9.190048,34.471521,95.744600,-6.064551,24.084082,85.552968,-2.058501,21.820489,89.178607,0.030000,
-6.066089,24.102125,85.552340,-9.190802,34.475874,95.752227,-6.067472,24.118356,85.551775,-2.059694,21.821941,89.177568,0.030000,
-6.066089,24.102125,85.552340,-9.191552,34.480215,95.759852,-6.064551,24.084082,85.552968,-2.060887,21.823392,89.176530,0.030000,
-6.066089,24.102125,85.552340,-9.192297,34.484542,95.767476,-6.067472,24.118356,85.551775,-2.062080,21.824842,89.175492,0.030000,
-6.066089,24.102125,85.552340,-9.193038,34.488856,95.775099,-6.064551,24.084082,85.552968,-2.063272,21.826291,89.174455,0.030000,
-6.066089,24.102125,85.552340,-9.193774,34.493158,95.782721,-6.067472,24.118356,85.551775,-2.064464,21.827740,89.173417,0.030000,
-6.066089,24.102125,85.552340,-9.194506,34.497447,95.790342,-6.064551,24.084082,85.552968,-2.065655,21.829187,89.172380,0.030000,
-6.066089,24.102125,85.552340,-9.195233,34.501723,95.797962,-6.067472,24.118356,85.551775,-2.066847,21.830633,89.171343,0.030000,
-6.066089,24.102125,85.552340,-9.195956,34.505986,95.805580,-6.064551,24.084082,85.552968,-2.068038,21.832079,89.170307,0.030000,
-6.066089,24.102125,85.552340,-9.196675,34.510236,95.813198,-6.067472,24.118356,85.551775,-2.069228,21.833524,89.169270,0.030000,
-6.066089,24.102125,85.552340,-9.197389,34.514473,95.820815,-6.064551,24.084082,85.552968,-2.070419,21.834967,89.168234,0.030000,
-6.066089,24.102125,85.552340,-9.198098,34.518698,95.828431,-6.067472,24.118356,85.551775,-2.071609,21.836410,89.167199,0.030000,
-6.066089,24.102125,85.552340,-9.198804,34.522910,95.836045,-6.064551,24.084082,85.552968,-2.072798,21.837852,89.166163,0.030000,
-6.066089,24.102125,85.552340,-9.199505,34.527109,95.843659,-6.067472,24.118356,85.551775,-2.073987,21.839294,89.165128,0.030000,
-6.066089,24.102125,85.552340,-9.200201,34.531296,95.851271,-6.064551,24.084082,85.552968,-2.075176,21.840734,89.164093,0.030000,
-6.066089,24.102125,85.552340,-9.200894,34.535470,95.858883,-6.067472,24.118356,85.551775,-2.076365,21.842173,89.163058,0.030000,
-6.066089,24.102125,85.552340,-9.201582,34.539632,95.866493,-6.064551,24.084082,85.552968,-2.077553,21.843612,89.162023,0.030000,
-6.066089,24.102125,85.552340,-9.202265,34.543781,95.874102,-6.067472,24.118356,85.551775,-2.078741,21.845049,89.160989,0.030000,
-6.066089,24.102125,85.552340,-9.202945,34.547917,95.881710,-6.064551,24.084082,85.552968,-2.079929,21.846486,89.159955,0.030000,
-6.066089,24.102125,85.552340,-9.203620,34.552041,95.889317,-6.067472,24.118356,85.551775,-2.081116,21.847922,89.158921,0.030000,
-6.066089,24.102125,85.552340,-9.204291,34.556152,95.896923,-6.064551,24.084082,85.552968,-2.082303,21.849357,89.157888,0.030000,
-6.066089,24.102125,85.552340,-9.204958,34.560252,95.904527,-6.067472,24.118356,85.551775,-2.083490,21.850791,89.156855,0.030000,
-6.066089,24.102125,85.552340,-9.205621,34.564338,95.912131,-6.064551,24.084082,85.552968,-2.084676,21.852224,89.155822,0.030000,
-6.066089,24.102125,85.552340,-9.206280,34.568412,95.919733,-6.067472,24.118356,85.551775,-2.085862,21.853656,89.154789,0.030000,
-6.066089,24.102125,85.552340,-9.206934,34.572474,95.927335,-6.064551,24.084082,85.552968,-2.087048,21.855088,89.153757,0.030000,
-6.066089,24.102125,85.552340,-9.207585,34.576524,95.934935,-6.067472,24.118356,85.551775,-2.088233,21.856518,89.152724,0.030000,
-6.066089,24.102125,85.552340,-9.208231,34.580561,95.942534,-6.064551,24.084082,85.552968,-2.089418,21.857948,89.151693,0.030000,
-6.066089,24.102125,85.552340,-9.208873,34.584586,95.950131,-6.067472,24.118356,85.551775,-2.090603,21.859376,89.150661,0.030000,
-6.066089,24.102125,85.552340,-9.209511,34.588599,95.957728,-6.064551,24.084082,85.552968,-2.091787,21.860804,89.149629,0.030000,
-6.066089,24.102125,85.552340,-9.210146,34.592600,95.965324,-6.067472,24.118356,85.551775,-2.092971,21.862231,89.148598,0.030000,
-6.066089,24.102125,85.552340,-9.210776,34.596588,95.972918,-6.064551,24.084082,85.552968,-2.094155,21.863657,89.147567,0.030000,
-6.066089,24.102125,85.552340,-9.211402,34.600564,95.980511,-6.067472,24.118356,85.551775,-2.095338,21.865083,89.146537,0.030000,
-6.066089,24.102125,85.552340,-9.212024,34.604528,95.988103,-6.064551,24.084082,85.552968,-2.096521,21.866507,89.145506,0.030000,
-6.066089,24.102125,85.552340,-9.212643,34.608481,95.995693,-6.067472,24.118356,85.551775,-2.097704,21.867931,89.144476,0.030000,
-6.066089,24.102125,85.552340,-9.213257,34.612421,96.003283,-6.064551,24.084082,85.552968,-2.098886,21.869353,89.143446,0.030000,
-6.066089,24.102125,85.552340,-9.213867,34.616349,96.010871,-6.067472,24.118356,85.551775,-2.100068,21.870775,89.142417,0.030000,
-6.066089,24.102125,85.552340,-9.214474,34.620265,96.018458,-6.064551,24.084082,85.552968,-2.101250,21.872196,89.141388,0.030000,
-6.066089,24.102125,85.552340,-9.215077,34.624169,96.026044,-6.067472,24.118356,85.551775,-2.102431,21.873616,89.140358,0.030000,
-6.066089,24.102125,85.552340,-9.215675,34.628061,96.033628,-6.064551,24.084082,85.552968,-2.103612,21.875035,89.139330,0.030000,
-6.066089,24.102125,85.552340,-9.216270,34.631941,96.041212,-6.067472,24.118356,85.551775,-2.104793,21.876453,89.138301,0.030000,
-6.066089,24.102125,85.552340,-9.216862,34.635809,96.048794,-6.064551,24.084082,85.552968,-2.105973,21.877870,89.137273,0.030000,
-6.066089,24.102125,85.552340,-9.217449,34.639666,96.056375,-6.067472,24.118356,85.551775,-2.107153,21.879287,89.136245,0.030000,
-6.066089,24.102125,85.552340,-9.218033,34.643510,96.063954,-6.064551,24.084082,85.552968,-2.108333,21.880702,89.135217,0.030000,
-6.066089,24.102125,85.552340,-9.218612,34.647343,96.071533,-6.067472,24.118356,85.551775,-2.109512,21.882117,89.134189,0.030000,
-6.066089,24.102125,85.552340,-9.219188,34.651164,96.079110,-6.064551,24.084082,85.552968,-2.110691,21.883531,89.133162,0.030000,
-6.066089,24.102125,85.552340,-9.219761,34.654973,96.086686,-6.067472,24.118356,85.551775,-2.111870,21.884944,89.132135,0.030000,
-6.066089,24.102125,85.552340,-9.220330,34.658771,96.094260,-6.064551,24.084082,85.552968,-2.113048,21.886356,89.131108,0.030000,
-6.066089,24.102125,85.552340,-9.220894,34.662557,96.101834,-6.067472,24.118356,85.551775,-2.114226,21.887767,89.130082,0.030000,
-6.066089,24.102125,85.552340,-9.221456,34.666331,96.109406,-6.064551,24.084082,85.552968,-2.115404,21.889178,89.129056,0.030000,
-6.066089,24.102125,85.552340,-9.222013,34.670093,96.116976,-6.067472,24.118356,85.551775,-2.116582,21.890587,89.128030,0.030000,
-6.066089,24.102125,85.552340,-9.222567,34.673844,96.124546,-6.064551,24.084082,85.552968,-2.117759,21.891996,89.127004,0.030000,
-6.066089,24.102125,85.552340,-9.223118,34.677584,96.132114,-6.067472,24.118356,85.551775,-2.118935,21.893404,89.125978,0.030000,
-6.066089,24.102125,85.552340,-9.223665,34.681312,96.139681,-6.064551,24.084082,85.552968,-2.120112,21.894810,89.124953,0.030000,
-6.066089,24.102125,85.552340,-9.224208,34.685028,96.147246,-6.067472,24.118356,85.551775,-2.121288,21.896216,89.123928,0.030000,
-6.066089,24.102125,85.552340,-9.224748,34.688733,96.154811,-6.064551,24.084082,85.552968,-2.122464,21.897622,89.122904,0.030000,
-6.066089,24.102125,85.552340,-9.225284,34.692426,96.162374,-6.067472,24.118356,85.551775,-2.123639,21.899026,89.121879,0.030000,
-6.066089,24.102125,85.552340,-9.225816,34.696108,96.169935,-6.064551,24.084082,85.552968,-2.124814,21.900429,89.120855,0.030000,
-6.066089,24.102125,85.552340,-9.226345,34.699779,96.177496,-6.067472,24.118356,85.551775,-2.125989,21.901832,89.119831,0.030000,
-6.066089,24.102125,85.552340,-9.226871,34.703438,96.185054,-6.064551,24.084082,85.552968,-2.127163,21.903234,89.118807,0.030000,
-6.066089,24.102125,85.552340,-9.227393,34.707085,96.192612,-6.067472,24.118356,85.551775,-2.128338,21.904634,89.117784,0.030000,
-6.066089,24.102125,85.552340,-9.227912,34.710722,96.200168,-6.064551,24.084082,85.552968,-2.129511,21.906034,89.116761,0.030000,
-6.066089,24.102125,85.552340,-9.228427,34.714347,96.207723,-6.067472,24.118356,85.551775,-2.130685,21.907434,89.115738,0.030000,
-6.066089,24.102125,85.552340,-9.228939,34.717961,96.215277,-6.064551,24.084082,85.552968,-2.131858,21.908832,89.114715,0.030000,
-6.066089,24.102125,85.552340,-9.229447,34.721563,96.222829,-6.067472,24.118356,85.551775,-2.133031,21.910229,89.113693,0.030000,
-6.066089,24.102125,85.552340,-9.229952,34.725155,96.230380,-6.064551,24.084082,85.552968,-2.134203,21.911626,89.112671,0.030000,
-6.066089,24.102125,85.552340,-9.230454,34.728735,96.237929,-6.067472,24.118356,85.551775,-2.135375,21.913021,89.111649,0.030000,
-6.066089,24.102125,85.552340,-9.230952,34.732304,96.245478,-6.064551,24.084082,85.552968,-2.136547,21.914416,89.110628,0.030000,
-6.066089,24.102125,85.552340,-9.231447,34.735862,96.253024,-6.067472,24.118356,85.551775,-2.137719,21.915810,89.109606,0.030000,
-6.066089,24.102125,85.552340,-9.231938,34.739409,96.260570,-6.064551,24.084082,85.552968,-2.138890,21.917203,89.108585,0.030000,
-6.066089,24.102125,85.552340,-9.232427,34.742944,96.268114,-6.067472,24.118356,85.551775,-2.140061,21.918595,89.107564,0.030000,
-6.066089,24.102125,85.552340,-9.232912,34.746469,96.275656,-6.064551,24.084082,85.552968,-2.141231,21.919987,89.106544,0.030000,
-6.066089,24.102125,85.552340,-9.233393,34.749982,96.283198,-6.067472,24.118356,85.551775,-2.142401,21.921377,89.105523,0.030000,
-6.066089,24.102125,85.552340,-9.233872,34.753485,96.290737,-6.064551,24.084082,85.552968,-2.143571,21.922767,89.104503,0.030000,
-6.066089,24.102125,85.552340,-9.234347,34.756976,96.298276,-6.067472,24.118356,85.551775,-2.144741,21.924156,89.103484,0.030000,
-6.066089,24.102125,85.552340,-9.234819,34.760457,96.305813,-6.064551,24.084082,85.552968,-2.145910,21.925544,89.102464,0.030000,
-6.066089,24.102125,85.552340,-9.235288,34.763927,96.313348,-6.067472,24.118356,85.551775,-2.147079,21.926931,89.101445,0.030000,
-6.066089,24.102125,85.552340,-9.235753,34.767386,96.320883,-6.064551,24.084082,85.552968,-2.148247,21.928317,89.100426,0.030000,
-6.066089,24.102125,85.552340,-9.236216,34.770833,96.328415,-6.067472,24.118356,85.551775,-2.149416,21.929702,89.099407,0.030000,
-6.066089,24.102125,85.552340,-9.236675,34.774270,96.335947,-6.064551,24.084082,85.552968,-2.150584,21.931087,89.098388,0.030000,
-6.066089,24.102125,85.552340,-9.237131,34.777697,96.343477,-6.067472,24.118356,85.551775,-2.151751,21.932470,89.097370,0.030000,
-6.066089,24.102125,85.552340,-9.237584,34.781112,96.351005,-6.064551,24.084082,85.552968,-2.152918,21.933853,89.096352,0.030000,
-6.066089,24.102125,85.552340,-9.238034,34.784517,96.358532,-6.067472,24.118356,85.551775,-2.154085,21.935235,89.095334,0.030000,
-6.066089,24.102125,85.552340,-9.238481,34.787911,96.366058,-6.064551,24.084082,85.552968,-2.155252,21.936616,89.094317,0.030000,
-6.066089,24.102125,85.552340,-9.238924,34.791294,96.373582,-6.067472,24.118356,85.551775,-2.156418,21.937997,89.093300,0.030000,
-6.066089,24.102125,85.552340,-9.239365,34.794666,96.381105,-6.064551,24.084082,85.552968,-2.157584,21.939376,89.092283,0.030000,
-6.066089,24.102125,85.552340,-9.239802,34.798028,96.388626,-6.067472,24.118356,85.551775,-2.158750,21.940754,89.091266,0.030000,
-6.066089,24.102125,85.552340,-9.240237,34.801379,96.396146,-6.064551,24.084082,85.552968,-2.159915,21.942132,89.090250,0.030000,
-6.066089,24.102125,85.552340,-9.240669,34.804720,96.403664,-6.067472,24.118356,85.551775,-2.161080,21.943509,89.089233,0.030000,
-6.066089,24.102125,85.552340,-9.241097,34.808050,96.411181,-6.064551,24.084082,85.552968,-2.162245,21.944885,89.088218,0.030000,
-6.066089,24.102125,85.552340,-9.241523,34.811369,96.418697,-6.067472,24.118356,85.551775,-2.163409,21.946260,89.087202,0.030000,
-6.066089,24.102125,85.552340,-9.241945,34.814678,96.426211,-6.064551,24.084082,85.552968,-2.164573,21.947634,89.086186,0.030000,
-6.066089,24.102125,85.552340,-9.242365,34.817976,96.433723,-6.067472,24.118356,85.551775,-2.165737,21.949008,89.085171,0.030000,
-6.066089,24.102125,85.552340,-9.242781,34.821264,96.441234,-6.064551,24.084082,85.552968,-2.166900,21.950380,89.084156,0.030000,
-6.066089,24.102125,85.552340,-9.243195,34.824541,96.448744,-6.067472,24.118356,85.551775,-2.168063,21.951752,89.083142,0.030000,
-6.066089,24.102125,85.552340,-9.243606,34.827808,96.456252,-6.064551,24.084082,85.552968,-2.169226,21.953123,89.082127,0.030000,
-6.066089,24.102125,85.552340,-9.244014,34.831065,96.463758,-6.067472,24.118356,85.551775,-2.170388,21.954493,89.081113,0.030000,
-6.066089,24.102125,85.552340,-9.244419,34.834311,96.471263,-6.064551,24.084082,85.552968,-2.171550,21.955862,89.080099,0.030000,
-6.066089,24.102125,85.552340,-9.244821,34.837547,96.478767,-6.067472,24.118356,85.551775,-2.172712,21.957231,89.079086,0.030000,
-6.066089,24.102125,85.552340,-9.245221,34.840772,96.486269,-6.064551,24.084082,85.552968,-2.173873,21.958598,89.078072,0.030000,
-6.066089,24.102125,85.552340,-9.245617,34.843987,96.493769,-6.067472,24.118356,85.551775,-2.175034,21.959965,89.077059,0.030000,
-6.066089,24.102125,85.552340,-9.246011,34.847192,96.501268,-6.064551,24.084082,85.552968,-2.176195,21.961331,89.076046,0.030000,
-6.066089,24.102125,85.552340,-9.246402,34.850387,96.508766,-6.067472,24.118356,85.551775,-2.177355,21.962696,89.075034,0.030000,
-6.066089,24.102125,85.552340,-9.246790,34.853571,96.516262,-6.064551,24.084082,85.552968,-2.178515,21.964060,89.074021,0.030000,
-6.066089,24.102125,85.552340,-9.247175,34.856745,96.523756,-6.067472,24.118356,85.551775,-2.179675,21.965423,89.073009,0.030000,
-6.066089,24.102125,85.552340,-9.247558,34.859909,96.531249,-6.064551,24.084082,85.552968,-2.180835,21.966786,89.071998,0.030000,
-6.066089,24.102125,85.552340,-9.247937,34.863062,96.538741,-6.067472,24.118356,85.551775,-2.181994,21.968147,89.070986,0.030000,
-6.066089,24.102125,85.552340,-9.248314,34.866206,96.546231,-6.064551,24.084082,85.552968,-2.183152,21.969508,89.069975,0.030000,
-6.066089,24.102125,85.552340,-9.248689,34.869339,96.553719,-6.067472,24.118356,85.551775,-2.184311,21.970868,89.068964,0.030000,
-6.066089,24.102125,85.552340,-9.249060,34.872463,96.561206,-6.064551,24.084082,85.552968,-2.185469,21.972227,89.067953,0.030000,
-6.066089,24.102125,85.552340,-9.249429,34.875576,96.568691,-6.067472,24.118356,85.551775,-2.186627,21.973586,89.066942,0.030000,
-6.066089,24.102125,85.552340,-9.249796,34.878679,96.576175,-6.064551,24.084082,85.552968,-2.187784,21.974943,89.065932,0.030000,
-6.066089,24.102125,85.552340,-9.250159,34.881773,96.583657,-6.067472,24.118356,85.551775,-2.188941,21.976300,89.064922,0.030000,
-6.066089,24.102125,85.552340,-9.250520,34.884856,96.591137,-6.064551,24.084082,85.552968,-2.190098,21.977655,89.063912,0.030000,
-6.066089,24.102125,85.552340,-9.250879,34.887929,96.598616,-6.067472,24.118356,85.551775,-2.191255,21.979010,89.062903,0.030000,
-6.066089,24.102125,85.552340,-9.251234,34.890992,96.606094,-6.064551,24.084082,85.552968,-2.192411,21.980364,89.061893,0.030000,
-6.066089,24.102125,85.552340,-9.251587,34.894046,96.613570,-6.067472,24.118356,85.551775,-2.193567,21.981718,89.060884,0.030000,
-6.066089,24.102125,85.552340,-9.251938,34.897089,96.621044,-6.064551,24.084082,85.552968,-2.194722,21.983070,89.059876,0.030000,
-6.066089,24.102125,85.552340,-9.252286,34.900123,96.628517,-6.067472,24.118356,85.551775,-2.195878,21.984422,89.058867,0.030000,
-6.066089,24.102125,85.552340,-9.252631,34.903146,96.635988,-6.064551,24.084082,85.552968,-2.197032,21.985772,89.057859,0.030000,
-6.066089,24.102125,85.552340,-9.252974,34.906160,96.643458,-6.067472,24.118356,85.551775,-2.198187,21.987122,89.056851,0.030000,
-6.066089,24.102125,85.552340,-9.253314,34.909164,96.650926,-6.064551,24.084082,85.552968,-2.199341,21.988471,89.055843,0.030000,
-6.066089,24.102125,85.552340,-9.253652,34.912159,96.658392,-6.067472,24.118356,85.551775,-2.200495,21.989820,89.054836,0.030000,
-6.066089,24.102125,85.552340,-9.253987,34.915143,96.665857,-6.064551,24.084082,85.552968,-2.201649,21.991167,89.053828,0.030000,
-6.066089,24.102125,85.552340,-9.254320,34.918118,96.673320,-6.067472,24.118356,85.551775,-2.202802,21.992514,89.052822,0.030000,
-6.066089,24.102125,85.552340,-9.254650,34.921083,96.680782,-6.064551,24.084082,85.552968,-2.203955,21.993859,89.051815,0.030000,
-6.066089,24.102125,85.552340,-9.254978,34.924039,96.688242,-6.067472,24.118356,85.551775,-2.205108,21.995204,89.050808,0.030000,
-6.066089,24.102125,85.552340,-9.255303,34.926985,96.695700,-6.064551,24.084082,85.552968,-2.206260,21.996549,89.049802,0.030000,
-6.066089,24.102125,85.552340,-9.255626,34.929921,96.703157,-6.067472,24.118356,85.551775,-2.207412,21.997892,89.048796,0.030000,
-6.066089,24.102125,85.552340,-9.255947,34.932847,96.710613,-6.064551,24.084082,85.552968,-2.208563,21.999234,89.047791,0.030000,
-6.066089,24.102125,85.552340,-9.256265,34.935764,96.718066,-6.067472,24.118356,85.551775,-2.209715,22.000576,89.046785,0.030000,
-6.066089,24.102125,85.552340,-9.256580,34.938671,96.725518,-6.064551,24.084082,85.552968,-2.210866,22.001917,89.045780,0.030000,
-6.066089,24.102125,85.552340,-9.256894,34.941569,96.732969,-6.067472,24.118356,85.551775,-2.212016,22.003257,89.044775,0.030000,
-6.066089,24.102125,85.552340,-9.257205,34.944458,96.740417,-6.064551,24.084082,85.552968,-2.213167,22.004596,89.043770,0.030000,
-6.066089,24.102125,85.552340,-9.257513,34.947336,96.747864,-6.067472,24.118356,85.551775,-2.214317,22.005934,89.042766,0.030000,
-6.066089,24.102125,85.552340,-9.257819,34.950206,96.755310,-6.064551,24.084082,85.552968,-2.215467,22.007272,89.041762,0.030000,
-6.066089,24.102125,85.552340,-9.258123,34.953065,96.762754,-6.067472,24.118356,85.551775,-2.216616,22.008608,89.040758,0.030000,
-6.066089,24.102125,85.552340,-9.258425,34.955916,96.770196,-6.064551,24.084082,85.552968,-2.217765,22.009944,89.039754,0.030000,
-6.066089,24.102125,85.552340,-9.258724,34.958757,96.777637,-6.067472,24.118356,85.551775,-2.218914,22.011279,89.038751,0.030000,
-6.066089,24.102125,85.552340,-9.259021,34.961589,96.785076,-6.064551,24.084082,85.552968,-2.220062,22.012613,89.037748,0.030000,
-6.066089,24.102125,85.552340,-9.259315,34.964411,96.792513,-6.067472,24.118356,85.551775,-2.221210,22.013947,89.036745,0.030000,
-6.066089,24.102125,85.552340,-9.259608,34.967224,96.799949,-6.064551,24.084082,85.552968,-2.222358,22.015279,89.035742,0.030000,
-6.066089,24.102125,85.552340,-9.259898,34.970027,96.807383,-6.067472,24.118356,85.551775,-2.223506,22.016611,89.034740,0.030000,
-6.066089,24.102125,85.552340,-9.260185,34.972822,96.814815,-6.064551,24.084082,85.552968,-2.224653,22.017942,89.033738,0.030000,
-6.066089,24.102125,85.552340,-9.260471,34.975607,96.822246,-6.067472,24.118356,85.551775,-2.225799,22.019272,89.032736,0.030000,
-6.066089,24.102125,85.552340,-9.260754,34.978382,96.829675,-6.064551,24.084082,85.552968,-2.226946,22.020601,89.031734,0.030000,
-6.066089,24.102125,85.552340,-9.261036,34.981149,96.837102,-6.067472,24.118356,85.551775,-2.228092,22.021929,89.030733,0.030000,
-6.066089,24.102125,85.552340,-9.261314,34.983906,96.844528,-6.064551,24.084082,85.552968,-2.229238,22.023257,89.029732,0.030000,
-6.066089,24.102125,85.552340,-9.261591,34.986654,96.851952,-6.067472,24.118356,85.551775,-2.230383,22.024584,89.028731,0.030000,
-6.066089,24.102125,85.552340,-9.261866,34.989393,96.859375,-6.064551,24.084082,85.552968,-2.231529,22.025910,89.027731,0.030000,
-6.066089,24.102125,85.552340,-9.262138,34.992123,96.866796,-6.067472,24.118356,85.551775,-2.232674,22.027235,89.026730,0.030000,
-6.066089,24.102125,85.552340,-9.262408,34.994844,96.874215,-6.064551,24.084082,85.552968,-2.233818,22.028559,89.025730,0.030000,
-6.066089,24.102125,85.552340,-9.262677,34.997556,96.881632,-6.067472,24.118356,85.551775,-2.234962,22.029883,89.024730,0.030000,
-6.066089,24.102125,85.552340,-9.262943,35.000258,96.889048,-6.064551,24.084082,85.552968,-2.236106,22.031205,89.023731,0.030000,
-6.066089,24.102125,85.552340,-9.263206,35.002952,96.896462,-6.067472,24.118356,85.551775,-2.237250,22.032527,89.022732,0.030000,
-6.066089,24.102125,85.552340,-9.263468,35.005636,96.903874,-6.064551,24.084082,85.552968,-2.238393,22.033848,89.021733,0.030000,
-6.066089,24.102125,85.552340,-9.263728,35.008312,96.911285,-6.067472,24.118356,85.551775,-2.239536,22.035169,89.020734,0.030000,
-6.066089,24.102125,85.552340,-9.263986,35.010978,96.918694,-6.064551,24.084082,85.552968,-2.240679,22.036488,89.019735,0.030000,
-6.066089,24.102125,85.552340,-9.264241,35.013636,96.926101,-6.067472,24.118356,85.551775,-2.241821,22.037807,89.018737,0.030000,
-6.066089,24.102125,85.552340,-9.264495,35.016285,96.933507,-6.064551,24.084082,85.552968,-2.242963,22.039125,89.017739,0.030000,
-6.066089,24.102125,85.552340,-9.264746,35.018924,96.940911,-6.067472,24.118356,85.551775,-2.244105,22.040442,89.016741,0.030000,
-6.066089,24.102125,85.552340,-9.264995,35.021555,96.948313,-6.064551,24.084082,85.552968,-2.245246,22.041758,89.015744,0.030000,
-6.066089,24.102125,85.552340,-9.265243,35.024177,96.955713,-6.067472,24.118356,85.551775,-2.246387,22.043073,89.014746,0.030000,
-6.066089,24.102125,85.552340,-9.265488,35.026790,96.963112,-6.064551,24.084082,85.552968,-2.247528,22.044388,89.013749,0.030000,
-6.066089,24.102125,85.552340,-9.265731,35.029394,96.970509,-6.067472,24.118356,85.551775,-2.248668,22.045701,89.012753,0.030000,
-6.066089,24.102125,85.552340,-9.265973,35.031990,96.977905,-6.064551,24.084082,85.552968,-2.249808,22.047014,89.011756,0.030000,
-6.066089,24.102125,85.552340,-9.266212,35.034576,96.985298,-6.067472,24.118356,85.551775,-2.250948,22.048326,89.010760,0.030000,
-6.066089,24.102125,85.552340,-9.266450,35.037154,96.992690,-6.064551,24.084082,85.552968,-2.252087,22.049638,89.009764,0.030000,
-6.066089,24.102125,85.552340,-9.266685,35.039723,97.000080,-6.067472,24.118356,85.551775,-2.253226,22.050948,89.008768,0.030000,
-6.066089,24.102125,85.552340,-9.266919,35.042284,97.007469,-6.064551,24.084082,85.552968,-2.254365,22.052258,89.007773,0.030000,
-6.066089,24.102125,85.552340,-9.267150,35.044836,97.014856,-6.067472,24.118356,85.551775,-2.255504,22.053567,89.006777,0.030000,
-6.066089,24.102125,85.552340,-9.267380,35.047379,97.022241,-6.064551,24.084082,85.552968,-2.256642,22.054875,89.005782,0.030000,
-6.066089,24.102125,85.552340,-9.267608,35.049913,97.029624,-6.067472,24.118356,85.551775,-2.257779,22.056182,89.004788,0.030000,
-6.066089,24.102125,85.552340,-9.267834,35.052439,97.037006,-6.064551,24.084082,85.552968,-2.258917,22.057489,89.003793,0.030000,
-6.066089,24.102125,85.552340,-9.268058,35.054956,97.044386,-6.067472,24.118356,85.551775,-2.260054,22.058794,89.002799,0.030000,
-6.066089,24.102125,85.552340,-9.268280,35.057464,97.051764,-6.064551,24.084082,85.552968,-2.261191,22.060099,89.001805,0.030000,
-6.066089,24.102125,85.552340,-9.268500,35.059964,97.059140,-6.067472,24.118356,85.551775,-2.262327,22.061403,89.000811,0.030000,
-6.066089,24.102125,85.552340,-9.268719,35.062456,97.066515,-6.064551,24.084082,85.552968,-2.263464,22.062706,88.999818,0.030000,
-6.066089,24.102125,85.552340,-9.268935,35.064938,97.073888,-6.067472,24.118356,85.551775,-2.264600,22.064009,88.998825,0.030000,
-6.066089,24.102125,85.552340,-9.269150,35.067413,97.081259,-6.064551,24.084082,85.552968,-2.265735,22.065311,88.997832,0.030000,
-6.066089,24.102125,85.552340,-9.269363,35.069879,97.088629,-6.067472,24.118356,85.551775,-2.266870,22.066611,88.996839,0.030000,
-6.066089,24.102125,85.552340,-9.269574,35.072336,97.095996,-6.064551,24.084082,85.552968,-2.268005,22.067911,88.995847,0.030000,
-6.066089,24.102125,85.552340,-9.269783,35.074785,97.103362,-6.067472,24.118356,85.551775,-2.269140,22.069211,88.994855,0.030000,
-6.066089,24.102125,85.552340,-9.269991,35.077225,97.110726,-6.064551,24.084082,85.552968,-2.270274,22.070509,88.993863,0.030000,
-6.066089,24.102125,85.552340,-9.270197,35.079657,97.118089,-6.067472,24.118356,85.551775,-2.271408,22.071807,88.992871,0.030000,
-6.066089,24.102125,85.552340,-9.270401,35.082081,97.125450,-6.064551,24.084082,85.552968,-2.272542,22.073103,88.991880,0.030000,
-6.066089,24.102125,85.552340,-9.270603,35.084496,97.132809,-6.067472,24.118356,85.551775,-2.273675,22.074399,88.990888,0.030000,
-6.066089,24.102125,85.552340,-9.270803,35.086903,97.140166,-6.064551,24.084082,85.552968,-2.274808,22.075695,88.989897,0.030000,
-6.066089,24.102125,85.552340,-9.271002,35.089302,97.147521,-6.067472,24.118356,85.551775,-2.275941,22.076989,88.988907,0.030000,
-6.066089,24.102125,85.552340,-9.271199,35.091692,97.154875,-6.064551,24.084082,85.552968,-2.277073,22.078283,88.987916,0.030000,
-6.066089,24.102125,85.552340,-9.271394,35.094074,97.162227,-6.067472,24.118356,85.551775,-2.278205,22.079576,88.986926,0.030000,
-6.066089,24.102125,85.552340,-9.271588,35.096448,97.169577,-6.064551,24.084082,85.552968,-2.279337,22.080868,88.985936,0.030000,
-6.066089,24.102125,85.552340,-9.271780,35.098814,97.176925,-6.067472,24.118356,85.551775,-2.280468,22.082159,88.984947,0.030000,
-6.066089,24.102125,85.552340,-9.271970,35.101171,97.184272,-6.064551,24.084082,85.552968,-2.281600,22.083449,88.983957,0.030000,
-6.066089,24.102125,85.552340,-9.272159,35.103520,97.191617,-6.067472,24.118356,85.551775,-2.282730,22.084739,88.982968,0.030000,
-6.066089,24.102125,85.552340,-9.272346,35.105861,97.198960,-6.064551,24.084082,85.552968,-2.283861,22.086028,88.981979,0.030000,
-6.066089,24.102125,85.552340,-9.272531,35.108194,97.206301,-6.067472,24.118356,85.551775,-2.284991,22.087316,88.980991,0.030000,
-6.066089,24.102125,85.552340,-9.272714,35.110518,97.213640,-6.064551,24.084082,85.552968,-2.286121,22.088603,88.980002,0.030000,
-6.066089,24.102125,85.552340,-9.272896,35.112835,97.220978,-6.067472,24.118356,85.551775,-2.287250,22.089889,88.979014,0.030000,
-6.066089,24.102125,85.552340,-9.273077,35.115143,97.228314,-6.064551,24.084082,85.552968,-2.288379,22.091175,88.978026,0.030000,
-6.066089,24.102125,85.552340,-9.273256,35.117443,97.235648,-6.067472,24.118356,85.551775,-2.289508,22.092460,88.977039,0.030000,
-6.066089,24.102125,85.552340,-9.273433,35.119736,97.242981,-6.064551,24.084082,85.552968,-2.290637,22.093744,88.976051,0.030000,
-6.066089,24.102125,85.552340,-9.273608,35.122020,97.250311,-6.067472,24.118356,85.551775,-2.291765,22.095027,88.975064,0.030000,
-6.066089,24.102125,85.552340,-9.273782,35.124296,97.257640,-6.064551,24.084082,85.552968,-2.292893,22.096310,88.974077,0.030000,
-6.066089,24.102125,85.552340,-9.273954,35.126564,97.264967,-6.067472,24.118356,85.551775,-2.294021,22.097591,88.973091,0.030000,
-6.066089,24.102125,85.552340,-9.274125,35.128824,97.272292,-6.064551,24.084082,85.552968,-2.295148,22.098872,88.972105,0.030000,
-6.066089,24.102125,85.552340,-9.274295,35.131076,97.279615,-6.067472,24.118356,85.551775,-2.296275,22.100152,88.971118,0.030000,
-6.066089,24.102125,85.552340,-9.274462,35.133320,97.286937,-6.064551,24.084082,85.552968,-2.297401,22.101432,88.970133,0.030000,
-6.066089,24.102125,85.552340,-9.274628,35.135557,97.294257,-6.067472,24.118356,85.551775,-2.298528,22.102710,88.969147,0.030000,
-6.066089,24.102125,85.552340,-9.274793,35.137785,97.301575,-6.064551,24.084082,85.552968,-2.299654,22.103988,88.968162,0.030000,
-6.066089,24.102125,85.552340,-9.274956,35.140006,97.308891,-6.067472,24.118356,85.551775,-2.300779,22.105265,88.967177,0.030000,
-6.066089,24.102125,85.552340,-9.275118,35.142218,97.316205,-6.064551,24.084082,85.552968,-2.301905,22.106541,88.966192,0.030000,
-6.066089,24.102125,85.552340,-9.275278,35.144423,97.323518,-6.067472,24.118356,85.551775,-2.303030,22.107816,88.965207,0.030000,
-6.066089,24.102125,85.552340,-9.275437,35.146620,97.330829,-6.064551,24.084082,85.552968,-2.304155,22.109091,88.964223,0.030000,
-6.066089,24.102125,85.552340,-9.275594,35.148809,97.338138,-6.067472,24.118356,85.551775,-2.305279,22.110365,88.963239,0.030000,
-6.066089,24.102125,85.552340,-9.275749,35.150990,97.345445,-6.064551,24.084082,85.552968,-2.306403,22.111638,88.962255,0.030000,
-6.066089,24.102125,85.552340,-9.275904,35.153164,97.352750,-6.067472,24.118356,85.551775,-2.307527,22.112910,88.961271,0.030000,
-6.066089,24.102125,85.552340,-9.276056,35.155329,97.360054,-6.064551,24.084082,85.552968,-2.308650,22.114181,88.960288,0.030000,
-6.066089,24.102125,85.552340,-9.276208,35.157488,97.367355,-6.067472,24.118356,85.551775,-2.309774,22.115452,88.959305,0.030000,
-6.066089,24.102125,85.552340,-9.276358,35.159638,97.374655,-6.064551,24.084082,85.552968,-2.310896,22.116722,88.958322,0.030000,
-6.066089,24.102125,85.552340,-9.276506,35.161780,97.381953,-6.067472,24.118356,85.551775,-2.312019,22.117991,88.957340,0.030000,
-6.066089,24.102125,85.552340,-9.276653,35.163915,97.389250,-6.064551,24.084082,85.552968,-2.313141,22.119259,88.956357,0.030000,
-6.066089,24.102125,85.552340,-9.276799,35.166043,97.396544,-6.067472,24.118356,85.551775,-2.314263,22.120527,88.955375,0.030000,
-6.066089,24.102125,85.552340,-9.276943,35.168162,97.403837,-6.064551,24.084082,85.552968,-2.315384,22.121793,88.954394,0.030000,
-6.066089,24.102125,85.552340,-9.277086,35.170274,97.411128,-6.067472,24.118356,85.551775,-2.316506,22.123059,88.953412,0.030000,
-6.066089,24.102125,85.552340,-9.277228,35.172379,97.418417,-6.064551,24.084082,85.552968,-2.317627,22.124325,88.952431,0.030000,
-6.066089,24.102125,85.552340,-9.277368,35.174476,97.425704,-6.067472,24.118356,85.551775,-2.318747,22.125589,88.951450,0.030000,
-6.066089,24.102125,85.552340,-9.277506,35.176565,97.432989,-6.064551,24.084082,85.552968,-2.319868,22.126853,88.950469,0.030000,
-6.066089,24.102125,85.552340,-9.277644,35.178646,97.440272,-6.067472,24.118356,85.551775,-2.320988,22.128115,88.949488,0.030000,
-6.066089,24.102125,85.552340,-9.277780,35.180721,97.447554,-6.064551,24.084082,85.552968,-2.322107,22.129377,88.948508,0.030000,
-6.066089,24.102125,85.552340,-9.277915,35.182787,97.454834,-6.067472,24.118356,85.551775,-2.323227,22.130639,88.947528,0.030000,
-6.066089,24.102125,85.552340,-9.278048,35.184846,97.462112,-6.064551,24.084082,85.552968,-2.324346,22.131899,88.946548,0.030000,
-6.066089,24.102125,85.552340,-9.278180,35.186898,97.469388,-6.067472,24.118356,85.551775,-2.325464,22.133159,88.945569,0.030000,
-6.066089,24.102125,85.552340,-9.278311,35.188942,97.476662,-6.064551,24.084082,85.552968,-2.326583,22.134418,88.944590,0.030000,
-6.066089,24.102125,85.552340,-9.278441,35.190979,97.483935,-6.067472,24.118356,85.551775,-2.327701,22.135676,88.943611,0.030000,
-6.066089,24.102125,85.552340,-9.278569,35.193008,97.491205,-6.064551,24.084082,85.552968,-2.328819,22.136933,88.942632,0.030000,
-6.066089,24.102125,85.552340,-9.278696,35.195030,97.498474,-6.067472,24.118356,85.551775,-2.329936,22.138190,88.941653,0.030000,
-6.066089,24.102125,85.552340,-9.278821,35.197045,97.505741,-6.064551,24.084082,85.552968,-2.331053,22.139446,88.940675,0.030000,
-6.066089,24.102125,85.552340,-9.278946,35.199052,97.513006,-6.067472,24.118356,85.551775,-2.332170,22.140701,88.939697,0.030000,
-6.066089,24.102125,85.552340,-9.279069,35.201052,97.520269,-6.064551,24.084082,85.552968,-2.333286,22.141955,88.938719,0.030000,
-6.066089,24.102125,85.552340,-9.279191,35.203045,97.527531,-6.067472,24.118356,85.551775,-2.334403,22.143208,88.937742,0.030000,
-6.066089,24.102125,85.552340,-9.279311,35.205030,97.534790,-6.064551,24.084082,85.552968,-2.335518,22.144461,88.936764,0.030000,
-6.066089,24.102125,85.552340,-9.279431,35.207008,97.542048,-6.067472,24.118356,85.551775,-2.336634,22.145713,88.935787,0.030000,
-6.066089,24.102125,85.552340,-9.279549,35.208978,97.549304,-6.064551,24.084082,85.552968,-2.337749,22.146964,88.934811,0.030000,
-6.066089,24.102125,85.552340,-9.279666,35.210942,97.556558,-6.067472,24.118356,85.551775,-2.338864,22.148215,88.933834,0.030000,
-6.066089,24.102125,85.552340,-9.279782,35.212898,97.563810,-6.064551,24.084082,85.552968,-2.339979,22.149464,88.932858,0.030000,
-6.066089,24.102125,85.552340,-9.279896,35.214847,97.571060,-6.067472,24.118356,85.551775,-2.341093,22.150713,88.931882,0.030000,
-6.066089,24.102125,85.552340,-9.280010,35.216788,97.578309,-6.064551,24.084082,85.552968,-2.342207,22.151961,88.930906,0.030000,
-6.066089,24.102125,85.552340,-9.280122,35.218723,97.585555,-6.067472,24.118356,85.551775,-2.343321,22.153209,88.929931,0.030000,
-6.066089,24.102125,85.552340,-9.280233,35.220650,97.592800,-6.064551,24.084082,85.552968,-2.344434,22.154455,88.928956,0.030000,
-6.066089,24.102125,85.552340,-9.280343,35.222571,97.600043,-6.067472,24.118356,85.551775,-2.345547,22.155701,88.927981,0.030000,
-6.066089,24.102125,85.552340,-9.280451,35.224484,97.607284,-6.064551,24.084082,85.552968,-2.346660,22.156946,88.927006,0.030000,
-6.066089,24.102125,85.552340,-9.280559,35.226390,97.614523,-6.067472,24.118356,85.551775,-2.347772,22.158190,88.926031,0.030000,
-6.066089,24.102125,85.552340,-9.280665,35.228288,97.621760,-6.064551,24.084082,85.552968,-2.348884,22.159434,88.925057,0.030000,
-6.066089,24.102125,85.552340,-9.280771,35.230180,97.628996,-6.067472,24.118356,85.551775,-2.349996,22.160676,88.924083,0.030000,
-6.066089,24.102125,85.552340,-9.280875,35.232065,97.636229,-6.064551,24.084082,85.552968,-2.351108,22.161918,88.923109,0.030000,
-6.066089,24.102125,85.552340,-9.280978,35.233943,97.643461,-6.067472,24.118356,85.551775,-2.352219,22.163159,88.922136,0.030000,
-6.066089,24.102125,85.552340,-9.281080,35.235813,97.650691,-6.064551,24.084082,85.552968,-2.353329,22.164400,88.921163,0.030000,
-6.066089,24.102125,85.552340,-9.281181,35.237677,97.657919,-6.067472,24.118356,85.551775,-2.354440,22.165639,88.920190,0.030000,
-6.066089,24.102125,85.552340,-9.281280,35.239533,97.665145,-6.064551,24.084082,85.552968,-2.355550,22.166878,88.919217,0.030000,
-6.066089,24.102125,85.552340,-9.281379,35.241383,97.672369,-6.067472,24.118356,85.551775,-2.356660,22.168116,88.918245,0.030000,
-6.066089,24.102125,85.552340,-9.281477,35.243226,97.679591,-6.064551,24.084082,85.552968,-2.357770,22.169354,88.917272,0.030000,
-6.066089,24.102125,85.552340,-9.281573,35.245062,97.686812,-6.067472,24.118356,85.551775,-2.358879,22.170590,88.916300,0.030000,
-6.066089,24.102125,85.552340,-9.281668,35.246890,97.694031,-6.064551,24.084082,85.552968,-2.359988,22.171826,88.915329,0.030000,
-6.066089,24.102125,85.552340,-9.281763,35.248712,97.701247,-6.067472,24.118356,85.551775,-2.361096,22.173061,88.914357,0.030000,
-6.066089,24.102125,85.552340,-9.281856,35.250527,97.708462,-6.064551,24.084082,85.552968,-2.362205,22.174295,88.913386,0.030000,
-6.066089,24.102125,85.552340,-9.281948,35.252335,97.715675,-6.067472,24.118356,85.551775,-2.363313,22.175529,88.912415,0.030000,
-6.066089,24.102125,85.552340,-9.282040,35.254137,97.722886,-6.064551,24.084082,85.552968,-2.364420,22.176761,88.911444,0.030000,
-6.066089,24.102125,85.552340,-9.282130,35.255931,97.730095,-6.067472,24.118356,85.551775,-2.365528,22.177993,88.910474,0.030000,
-6.066089,24.102125,85.552340,-9.282219,35.257719,97.737303,-6.064551,24.084082,85.552968,-2.366635,22.179225,88.909504,0.030000,
-6.066089,24.102125,85.552340,-9.282307,35.259500,97.744508,-6.067472,24.118356,85.551775,-2.367742,22.180455,88.908534,0.030000,
-6.066089,24.102125,85.552340,-9.282394,35.261274,97.751712,-6.064551,24.084082,85.552968,-2.368848,22.181685,88.907564,0.030000,
-6.066089,24.102125,85.552340,-9.282481,35.263041,97.758913,-6.067472,24.118356,85.551775,-2.369954,22.182914,88.906594,0.030000,
-6.066089,24.102125,85.552340,-9.282566,35.264801,97.766113,-6.064551,24.084082,85.552968,-2.371060,22.184142,88.905625,0.030000,
-6.066089,24.102125,85.552340,-9.282650,35.266555,97.773311,-6.067472,24.118356,85.551775,-2.372165,22.185369,88.904656,0.030000,
-6.066089,24.102125,85.552340,-9.282733,35.268302,97.780507,-6.064551,24.084082,85.552968,-2.373271,22.186596,88.903688,0.030000,
-6.066089,24.102125,85.552340,-9.282815,35.270042,97.787701,-6.067472,24.118356,85.551775,-2.374376,22.187822,88.902719,0.030000,
-6.066089,24.102125,85.552340,-9.282897,35.271776,97.794894,-6.064551,24.084082,85.552968,-2.375480,22.189047,88.901751,0.030000,
-6.066089,24.102125,85.552340,-9.282977,35.273503,97.802084,-6.067472,24.118356,85.551775,-2.376584,22.190271,88.900783,0.030000,
-6.066089,24.102125,85.552340,-9.283057,35.275223,97.809273,-6.064551,24.084082,85.552968,-2.377688,22.191495,88.899815,0.030000,
-6.066089,24.102125,85.552340,-9.283135,35.276937,97.816459,-6.067472,24.118356,85.551775,-2.378792,22.192718,88.898848,0.030000,
-6.066089,24.102125,85.552340,-9.283213,35.278644,97.823644,-6.064551,24.084082,85.552968,-2.379895,22.193940,88.897881,0.030000,
-6.066089,24.102125,85.552340,-9.283289,35.280344,97.830827,-6.067472,24.118356,85.551775,-2.380998,22.195161,88.896914,0.030000,
-6.066089,24.102125,85.552340,-9.283365,35.282038,97.838008,-6.064551,24.084082,85.552968,-2.382101,22.196382,88.895947,0.030000,
-6.066089,24.102125,85.552340,-9.283440,35.283725,97.845187,-6.067472,24.118356,85.551775,-2.383203,22.197602,88.894980,0.030000,
-6.066089,24.102125,85.552340,-9.283513,35.285406,97.852364,-6.064551,24.084082,85.552968,-2.384305,22.198821,88.894014,0.030000,
-6.066089,24.102125,85.552340,-9.283586,35.287080,97.859539,-6.067472,24.118356,85.551775,-2.385407,22.200039,88.893048,0.030000,
-6.066089,24.102125,85.552340,-9.283659,35.288748,97.866713,-6.064551,24.084082,85.552968,-2.386508,22.201257,88.892083,0.030000,
-6.066089,24.102125,85.552340,-9.283730,35.290409,97.873884,-6.067472,24.118356,85.551775,-2.387609,22.202474,88.891117,0.030000,
-6.066089,24.102125,85.552340,-9.283800,35.292063,97.881054,-6.064551,24.084082,85.552968,-2.388710,22.203690,88.890152,0.030000,
-6.066089,24.102125,85.552340,-9.283869,35.293712,97.888221,-6.067472,24.118356,85.551775,-2.389811,22.204905,88.889187,0.030000,
-6.066089,24.102125,85.552340,-9.283938,35.295353,97.895387,-6.064551,24.084082,85.552968,-2.390911,22.206120,88.888222,0.030000,
-6.066089,24.102125,85.552340,-9.284006,35.296988,97.902551,-6.067472,24.118356,85.551775,-2.392011,22.207334,88.887258,0.030000,
-6.066089,24.102125,85.552340,-9.284073,35.298617,97.909713,-6.064551,24.084082,85.552968,-2.393110,22.208547,88.886294,0.030000,
-6.066089,24.102125,85.552340,-9.284139,35.300240,97.916873,-6.067472,24.118356,85.551775,-2.394210,22.209759,88.885330,0.030000,
-6.066089,24.102125,85.552340,-9.284204,35.301856,97.924031,-6.064551,24.084082,85.552968,-2.395309,22.210971,88.884366,0.030000,
-6.066089,24.102125,85.552340,-9.284268,35.303465,97.931188,-6.067472,24.118356,85.551775,-2.396407,22.212181,88.883403,0.030000,
-6.066089,24.102125,85.552340,-9.284332,35.305068,97.938342,-6.064551,24.084082,85.552968,-2.397505,22.213391,88.882439,0.030000,
-6.066089,24.102125,85.552340,-9.284395,35.306665,97.945495,-6.067472,24.118356,85.551775,-2.398603,22.214601,88.881476,0.030000,
-6.066089,24.102125,85.552340,-9.284456,35.308256,97.952645,-6.064551,24.084082,85.552968,-2.399701,22.215809,88.880514,0.030000,
-6.066089,24.102125,85.552340,-9.284518,35.309840,97.959794,-6.067472,24.118356,85.551775,-2.400798,22.217017,88.879551,0.030000,
-6.066089,24.102125,85.552340,-9.284578,35.311418,97.966941,-6.064551,24.084082,85.552968,-2.401896,22.218224,88.878589,0.030000,
-6.066089,24.102125,85.552340,-9.284637,35.312989,97.974085,-6.067472,24.118356,85.551775,-2.402992,22.219431,88.877627,0.030000,
-6.066089,24.102125,85.552340,-9.284696,35.314555,97.981228,-6.064551,24.084082,85.552968,-2.404089,22.220636,88.876665,0.030000,
-6.066089,24.102125,85.552340,-9.284754,35.316114,97.988370,-6.067472,24.118356,85.551775,-2.405185,22.221841,88.875704,0.030000,
-6.066089,24.102125,85.552340,-9.284811,35.317667,97.995509,-6.064551,24.084082,85.552968,-2.406281,22.223045,88.874743,0.030000,
-6.066089,24.102125,85.552340,-9.284868,35.319213,98.002646,-6.067472,24.118356,85.551775,-2.407376,22.224249,88.873782,0.030000,
-6.066089,24.102125,85.552340,-9.284923,35.320754,98.009781,-6.064551,24.084082,85.552968,-2.408471,22.225451,88.872821,0.030000,
-6.066089,24.102125,85.552340,-9.284978,35.322288,98.016915,-6.067472,24.118356,85.551775,-2.409566,22.226653,88.871861,0.030000,
-6.066089,24.102125,85.552340,-9.285032,35.323816,98.024046,-6.064551,24.084082,85.552968,-2.410661,22.227854,88.870900,0.030000,
-6.066089,24.102125,85.552340,-9.285086,35.325338,98.031176,-6.067472,24.118356,85.551775,-2.411755,22.229055,88.869940,0.030000,
-6.066089,24.102125,85.552340,-9.285139,35.326853,98.038304,-6.064551,24.084082,85.552968,-2.412849,22.230254,88.868981,0.030000,
-6.066089,24.102125,85.552340,-9.285190,35.328363,98.045430,-6.067472,24.118356,85.551775,-2.413943,22.231453,88.868021,0.030000,
-6.066089,24.102125,85.552340,-9.285242,35.329866,98.052554,-6.064551,24.084082,85.552968,-2.415036,22.232651,88.867062,0.030000,
-6.066089,24.102125,85.552340,-9.285292,35.331364,98.059676,-6.067472,24.118356,85.551775,-2.416129,22.233849,88.866103,0.030000,
-6.066089,24.102125,85.552340,-9.285342,35.332855,98.066796,-6.064551,24.084082,85.552968,-2.417222,22.235045,88.865144,0.030000,
-6.066089,24.102125,85.552340,-9.285391,35.334340,98.073914,-6.067472,24.118356,85.551775,-2.418314,22.236241,88.864186,0.030000,
-6.066089,24.102125,85.552340,-9.285440,35.335819,98.081030,-6.064551,24.084082,85.552968,-2.419406,22.237437,88.863228,0.030000,
-6.066089,24.102125,85.552340,-9.285487,35.337292,98.088145,-6.067472,24.118356,85.551775,-2.420498,22.238631,88.862270,0.030000,
-6.066089,24.102125,85.552340,-9.285534,35.338759,98.095257,-6.064551,24.084082,85.552968,-2.421589,22.239825,88.861312,0.030000,
-6.066089,24.102125,85.552340,-9.285581,35.340220,98.102368,-6.067472,24.118356,85.551775,-2.422680,22.241018,88.860355,0.030000,
-6.066089,24.102125,85.552340,-9.285626,35.341675,98.109476,-6.064551,24.084082,85.552968,-2.423771,22.242210,88.859397,0.030000,
-6.066089,24.102125,85.552340,-9.285671,35.343124,98.116583,-6.067472,24.118356,85.551775,-2.424862,22.243402,88.858440,0.030000,
-6.066089,24.102125,85.552340,-9.285716,35.344567,98.123688,-6.064551,24.084082,85.552968,-2.425952,22.244592,88.857484,0.030000,
-6.066089,24.102125,85.552340,-9.285759,35.346004,98.130791,-6.067472,24.118356,85.551775,-2.427042,22.245782,88.856527,0.030000,
-6.066089,24.102125,85.552340,-9.285802,35.347436,98.137892,-6.064551,24.084082,85.552968,-2.428132,22.246972,88.855571,0.030000,
-6.066089,24.102125,85.552340,-9.285845,35.348861,98.144991,-6.067472,24.118356,85.551775,-2.429221,22.248160,88.854615,0.030000,
-6.066089,24.102125,85.552340,-9.285886,35.350280,98.152088,-6.064551,24.084082,85.552968,-2.430310,22.249348,88.853659,0.030000,
-6.066089,24.102125,85.552340,-9.285928,35.351693,98.159183,-6.067472,24.118356,85.551775,-2.431399,22.250535,88.852704,0.030000,
-6.066089,24.102125,85.552340,-9.285968,35.353101,98.166276,-6.064551,24.084082,85.552968,-2.432487,22.251722,88.851749,0.030000,
-6.066089,24.102125,85.552340,-9.286008,35.354503,98.173368,-6.067472,24.118356,85.551775,-2.433575,22.252907,88.850794,0.030000,
-6.066089,24.102125,85.552340,-9.286047,35.355898,98.180457,-6.064551,24.084082,85.552968,-2.434663,22.254092,88.849839,0.030000,
-6.066089,24.102125,85.552340,-9.286086,35.357288,98.187545,-6.067472,24.118356,85.551775,-2.435750,22.255276,88.848884,0.030000,
-6.066089,24.102125,85.552340,-9.286124,35.358673,98.194630,-6.064551,24.084082,85.552968,-2.436837,22.256460,88.847930,0.030000,
-6.066089,24.102125,85.552340,-9.286161,35.360051,98.201714,-6.067472,24.118356,85.551775,-2.437924,22.257642,88.846976,0.030000,
-6.066089,24.102125,85.552340,-9.286198,35.361424,98.208796,-6.064551,24.084082,85.552968,-2.439011,22.258824,88.846022,0.030000,
-6.066089,24.102125,85.552340,-9.286234,35.362790,98.215876,-6.067472,24.118356,85.551775,-2.440097,22.260006,88.845069,0.030000,
-6.066089,24.102125,85.552340,-9.286270,35.364151,98.222954,-6.064551,24.084082,85.552968,-2.441183,22.261186,88.844116,0.030000,
-6.066089,24.102125,85.552340,-9.286305,35.365507,98.230030,-6.067472,24.118356,85.551775,-2.442268,22.262366,88.843163,0.030000,
-6.066089,24.102125,85.552340,-9.286340,35.366856,98.237104,-6.064551,24.084082,85.552968,-2.443354,22.263545,88.842210,0.030000,
-6.066089,24.102125,85.552340,-9.286374,35.368200,98.244176,-6.067472,24.118356,85.551775,-2.444438,22.264723,88.841258,0.030000,
-6.066089,24.102125,85.552340,-9.286407,35.369538,98.251247,-6.064551,24.084082,85.552968,-2.445523,22.265901,88.840305,0.030000,
-6.066089,24.102125,85.552340,-9.286440,35.370870,98.258315,-6.067472,24.118356,85.551775,-2.446607,22.267078,88.839353,0.030000,
-6.066089,24.102125,85.552340,-9.286472,35.372197,98.265382,-6.064551,24.084082,85.552968,-2.447692,22.268254,88.838402,0.030000,
-6.066089,24.102125,85.552340,-9.286504,35.373518,98.272446,-6.067472,24.118356,85.551775,-2.448775,22.269429,88.837450,0.030000,
-6.066089,24.102125,85.552340,-9.286535,35.374833,98.279509,-6.064551,24.084082,85.552968,-2.449859,22.270604,88.836499,0.030000,
-6.066089,24.102125,85.552340,-9.286566,35.376143,98.286570,-6.067472,24.118356,85.551775,-2.450942,22.271778,88.835548,0.030000,
-6.066089,24.102125,85.552340,-9.286596,35.377447,98.293628,-6.064551,24.084082,85.552968,-2.452025,22.272951,88.834597,0.030000,
-6.066089,24.102125,85.552340,-9.286625,35.378746,98.300685,-6.067472,24.118356,85.551775,-2.453107,22.274124,88.833647,0.030000,
-6.066089,24.102125,85.552340,-9.286654,35.380039,98.307740,-6.064551,24.084082,85.552968,-2.454189,22.275295,88.832696,0.030000,
-6.066089,24.102125,85.552340,-9.286683,35.381326,98.314793,-6.067472,24.118356,85.551775,-2.455271,22.276466,88.831746,0.030000,
-6.066089,24.102125,85.552340,-9.286711,35.382608,98.321844,-6.064551,24.084082,85.552968,-2.456353,22.277637,88.830796,0.030000,
-6.066089,24.102125,85.552340,-9.286739,35.383884,98.328894,-6.067472,24.118356,85.551775,-2.457434,22.278806,88.829847,0.030000,
-6.066089,24.102125,85.552340,-9.286766,35.385154,98.335941,-6.064551,24.084082,85.552968,-2.458515,22.279975,88.828898,0.030000,
-6.066089,24.102125,85.552340,-9.286792,35.386420,98.342986,-6.067472,24.118356,85.551775,-2.459596,22.281143,88.827949,0.030000,
-6.066089,24.102125,85.552340,-9.286818,35.387679,98.350030,-6.064551,24.084082,85.552968,-2.460676,22.282311,88.827000,0.030000,
-6.066089,24.102125,85.552340,-9.286844,35.388933,98.357071,-6.067472,24.118356,85.551775,-2.461756,22.283478,88.826051,0.030000,
-6.066089,24.102125,85.552340,-9.286869,35.390182,98.364111,-6.064551,24.084082,85.552968,-2.462836,22.284644,88.825103,0.030000,
-6.066089,24.102125,85.552340,-9.286894,35.391425,98.371148,-6.067472,24.118356,85.551775,-2.463915,22.285809,88.824155,0.030000,
-6.066089,24.102125,85.552340,-9.286918,35.392663,98.378184,-6.064551,24.084082,85.552968,-2.464994,22.286973,88.823207,0.030000,
-6.066089,24.102125,85.552340,-9.286942,35.393895,98.385218,-6.067472,24.118356,85.551775,-2.466073,22.288137,88.822260,0.030000,
-6.066089,24.102125,85.552340,-9.286965,35.395122,98.392250,-6.064551,24.084082,85.552968,-2.467151,22.289300,88.821312,0.030000,
-6.066089,24.102125,85.552340,-9.286988,35.396343,98.399280,-6.067472,24.118356,85.551775,-2.468230,22.290463,88.820365,0.030000,
-6.066089,24.102125,85.552340,-9.287010,35.397559,98.406308,-6.064551,24.084082,85.552968,-2.469308,22.291624,88.819419,0.030000,
-6.066089,24.102125,85.552340,-9.287032,35.398770,98.413334,-6.067472,24.118356,85.551775,-2.470385,22.292785,88.818472,0.030000,
-6.066089,24.102125,85.552340,-9.287053,35.399975,98.420358,-6.064551,24.084082,85.552968,-2.471462,22.293946,88.817526,0.030000,
-6.066089,24.102125,85.552340,-9.287074,35.401175,98.427381,-6.067472,24.118356,85.551775,-2.472539,22.295105,88.816580,0.030000,
-6.066089,24.102125,85.552340,-9.287095,35.402369,98.434401,-6.064551,24.084082,85.552968,-2.473616,22.296264,88.815634,0.030000,
-6.066089,24.102125,85.552340,-9.287115,35.403558,98.441420,-6.067472,24.118356,85.551775,-2.474692,22.297422,88.814688,0.030000,
-6.066089,24.102125,85.552340,-9.287135,35.404742,98.448436,-6.064551,24.084082,85.552968,-2.475768,22.298579,88.813743,0.030000,
-6.066089,24.102125,85.552340,-9.287154,35.405921,98.455451,-6.067472,24.118356,85.551775,-2.476844,22.299736,88.812798,0.030000,
-6.066089,24.102125,85.552340,-9.287173,35.407094,98.462463,-6.064551,24.084082,85.552968,-2.477920,22.300892,88.811853,0.030000,
-6.066089,24.102125,85.552340,-9.287192,35.408262,98.469474,-6.067472,24.118356,85.551775,-2.478995,22.302047,88.810909,0.030000,
-6.066089,24.102125,85.552340,-9.287210,35.409424,98.476483,-6.064551,24.084082,85.552968,-2.480069,22.303202,88.809964,0.030000,
-6.066089,24.102125,85.552340,-9.287228,35.410582,98.483490,-6.067472,24.118356,85.551775,-2.481144,22.304355,88.809020,0.030000,
-6.066089,24.102125,85.552340,-9.287245,35.411734,98.490495,-6.064551,24.084082,85.552968,-2.482218,22.305508,88.808076,0.030000,
-6.066089,24.102125,85.552340,-9.287262,35.412881,98.497498,-6.067472,24.118356,85.551775,-2.483292,22.306661,88.807133,0.030000,
-6.066089,24.102125,85.552340,-9.287278,35.414023,98.504499,-6.064551,24.084082,85.552968,-2.484366,22.307812,88.806190,0.030000,
-6.066089,24.102125,85.552340,-9.287295,35.415159,98.511498,-6.067472,24.118356,85.551775,-2.485439,22.308963,88.805246,0.030000,
-6.066089,24.102125,85.552340,-9.287310,35.416290,98.518496,-6.064551,24.084082,85.552968,-2.486512,22.310114,88.804304,0.030000,
-6.066089,24.102125,85.552340,-9.287326,35.417416,98.525491,-6.067472,24.118356,85.551775,-2.487585,22.311263,88.803361,0.030000,
-6.066089,24.102125,85.552340,-9.287341,35.418537,98.532485,-6.064551,24.084082,85.552968,-2.488657,22.312412,88.802419,0.030000,
-6.066089,24.102125,85.552340,-9.287356,35.419653,98.539476,-6.067472,24.118356,85.551775,-2.489729,22.313560,88.801477,0.030000,
-6.066089,24.102125,85.552340,-9.287370,35.420764,98.546466,-6.064551,24.084082,85.552968,-2.490801,22.314707,88.800535,0.030000,
-6.066089,24.102125,85.552340,-9.287384,35.421869,98.553454,-6.067472,24.118356,85.551775,-2.491872,22.315854,88.799593,0.030000,
-6.066089,24.102125,85.552340,-9.287398,35.422970,98.560439,-6.064551,24.084082,85.552968,-2.492943,22.317000,88.798652,0.030000,
-6.066089,24.102125,85.552340,-9.287411,35.424065,98.567423,-6.067472,24.118356,85.551775,-2.494014,22.318145,88.797711,0.030000,
-6.066089,24.102125,85.552340,-9.287424,35.425155,98.574405,-6.064551,24.084082,85.552968,-2.495085,22.319290,88.796770,0.030000,
-6.066089,24.102125,85.552340,-9.287437,35.426240,98.581385,-6.067472,24.118356,85.551775,-2.496155,22.320434,88.795829,0.030000,
-6.066089,24.102125,85.552340,-9.287449,35.427320,98.588363,-6.064551,24.084082,85.552968,-2.497225,22.321577,88.794889,0.030000,
-6.066089,24.102125,85.552340,-9.287461,35.428395,98.595339,-6.067472,24.118356,85.551775,-2.498294,22.322719,88.793949,0.030000,
-6.066089,24.102125,85.552340,-9.287473,35.429465,98.602314,-6.064551,24.084082,85.552968,-2.499364,22.323861,88.793009,0.030000,
-6.066089,24.102125,85.552340,-9.287484,35.430530,98.609286,-6.067472,24.118356,85.551775,-2.500433,22.325002,88.792069,0.030000,
-6.066089,24.102125,85.552340,-9.287495,35.431590,98.616257,-6.064551,24.084082,85.552968,-2.501501,22.326142,88.791130,0.030000,
-6.066089,24.102125,85.552340,-9.287506,35.432645,98.623225,-6.067472,24.118356,85.551775,-2.502570,22.327282,88.790191,0.030000,
-6.066089,24.102125,85.552340,-9.287516,35.433695,98.630192,-6.064551,24.084082,85.552968,-2.503638,22.328421,88.789252,0.030000,
-6.066089,24.102125,85.552340,-9.287526,35.434740,98.637156,-6.067472,24.118356,85.551775,-2.504706,22.329559,88.788313,0.030000,
-6.066089,24.102125,85.552340,-9.287536,35.435780,98.644119,-6.064551,24.084082,85.552968,-2.505773,22.330696,88.787375,0.030000,
-6.066089,24.102125,85.552340,-9.287546,35.436815,98.651080,-6.067472,24.118356,85.551775,-2.506840,22.331833,88.786437,0.030000,
-6.066089,24.102125,85.552340,-9.287555,35.437845,98.658039,-6.064551,24.084082,85.552968,-2.507907,22.332969,88.785499,0.030000,
-6.066089,24.102125,85.552340,-9.287564,35.438870,98.664996,-6.067472,24.118356,85.551775,-2.508974,22.334104,88.784561,0.030000,
-6.066089,24.102125,85.552340,-9.287573,35.439890,98.671951,-6.064551,24.084082,85.552968,-2.510040,22.335239,88.783624,0.030000,
-6.066089,24.102125,85.552340,-9.287581,35.440906,98.678904,-6.067472,24.118356,85.551775,-2.511106,22.336373,88.782686,0.030000,
-6.066089,24.102125,85.552340,-9.287589,35.441916,98.685855,-6.064551,24.084082,85.552968,-2.512172,22.337506,88.781749,0.030000,
-6.066089,24.102125,85.552340,-9.287597,35.442922,98.692805,-6.067472,24.118356,85.551775,-2.513237,22.338639,88.780813,0.030000,
-6.066089,24.102125,85.552340,-9.287605,35.443922,98.699752,-6.064551,24.084082,85.552968,-2.514302,22.339771,88.779876,0.030000,
-6.066089,24.102125,85.552340,-9.287612,35.444918,98.706697,-6.067472,24.118356,85.551775,-2.515367,22.340902,88.778940,0.030000,
-6.066089,24.102125,85.552340,-9.287619,35.445909,98.713641,-6.064551,24.084082,85.552968,-2.516431,22.342032,88.778004,0.030000,
-6.066089,24.102125,85.552340,-9.287626,35.446895,98.720583,-6.067472,24.118356,85.551775,-2.517495,22.343162,88.777069,0.030000,
-6.066089,24.102125,85.552340,-9.287633,35.447877,98.727522,-6.064551,24.084082,85.552968,-2.518559,22.344291,88.776133,0.030000,
-6.066089,24.102125,85.552340,-9.287639,35.448853,98.734460,-6.067472,24.118356,85.551775,-2.519623,22.345420,88.775198,0.030000,
-6.066089,24.102125,85.552340,-9.287645,35.449825,98.741396,-6.064551,24.084082,85.552968,-2.520686,22.346547,88.774263,0.030000,
-6.066089,24.102125,85.552340,-9.287651,35.450792,98.748330,-6.067472,24.118356,85.551775,-2.521749,22.347674,88.773328,0.030000,
-6.066089,24.102125,85.552340,-9.287657,35.451754,98.755262,-6.064551,24.084082,85.552968,-2.522811,22.348800,88.772394,0.030000,
-6.066089,24.102125,85.552340,-9.287662,35.452711,98.762192,-6.067472,24.118356,85.551775,-2.523874,22.349926,88.771460,0.030000,
-6.066089,24.102125,85.552340,-9.287667,35.453664,98.769121,-6.064551,24.084082,85.552968,-2.524936,22.351051,88.770526,0.030000,
-6.066089,24.102125,85.552340,-9.287672,35.454612,98.776047,-6.067472,24.118356,85.551775,-2.525997,22.352175,88.769592,0.030000,
-6.066089,24.102125,85.552340,-9.287677,35.455555,98.782971,-6.064551,24.084082,85.552968,-2.527059,22.353298,88.768658,0.030000,
-6.066089,24.102125,85.552340,-9.287682,35.456494,98.789894,-6.067472,24.118356,85.551775,-2.528120,22.354421,88.767725,0.030000,
-6.066089,24.102125,85.552340,-9.287686,35.457427,98.796814,-6.064551,24.084082,85.552968,-2.529181,22.355543,88.766792,0.030000,
-6.066089,24.102125,85.552340,-9.287690,35.458356,98.803733,-6.067472,24.118356,85.551775,-2.530241,22.356665,88.765859,0.030000,
-6.066089,24.102125,85.552340,-9.287694,35.459281,98.810650,-6.064551,24.084082,85.552968,-2.531301,22.357785,88.764927,0.030000,
-6.066089,24.102125,85.552340,-9.287698,35.460201,98.817565,-6.067472,24.118356,85.551775,-2.532361,22.358905,88.763995,0.030000,
-6.066089,24.102125,85.552340,-9.287702,35.461116,98.824477,-6.064551,24.084082,85.552968,-2.533421,22.360025,88.763063,0.030000,
-6.066089,24.102125,85.552340,-9.287705,35.462026,98.831388,-6.067472,24.118356,85.551775,-2.534480,22.361143,88.762131,0.030000,
-6.066089,24.102125,85.552340,-9.287708,35.462932,98.838298,-6.064551,24.084082,85.552968,-2.535539,22.362261,88.761199,0.030000,
-6.066089,24.102125,85.552340,-9.287711,35.463833,98.845205,-6.067472,24.118356,85.551775,-2.536598,22.363378,88.760268,0.030000,
-6.066089,24.102125,85.552340,-9.287714,35.464730,98.852110,-6.064551,24.084082,85.552968,-2.537656,22.364495,88.759337,0.030000,
-6.066089,24.102125,85.552340,-9.287717,35.465622,98.859013,-6.067472,24.118356,85.551775,-2.538714,22.365611,88.758406,0.030000,
-6.066089,24.102125,85.552340,-9.287719,35.466509,98.865915,-6.064551,24.084082,85.552968,-2.539772,22.366726,88.757476,0.030000,
-6.066089,24.102125,85.552340,-9.287721,35.467392,98.872814,-6.067472,24.118356,85.551775,-2.540829,22.367840,88.756545,0.030000,
-6.066089,24.102125,85.552340,-9.287723,35.468270,98.879712,-6.064551,24.084082,85.552968,-2.541886,22.368954,88.755615,0.030000,
-6.066089,24.102125,85.552340,-9.287725,35.469144,98.886608,-6.067472,24.118356,85.551775,-2.542943,22.370067,88.754685,0.030000,
-6.066089,24.102125,85.552340,-9.287727,35.470013,98.893501,-6.064551,24.084082,85.552968,-2.544000,22.371180,88.753756,0.030000,
-6.066089,24.102125,85.552340,-9.287729,35.470878,98.900393,-6.067472,24.118356,85.551775,-2.545056,22.372291,88.752827,0.030000,
-6.066089,24.102125,85.552340,-9.287730,35.471738,98.907283,-6.064551,24.084082,85.552968,-2.546112,22.373402,88.751897,0.030000,
-6.066089,24.102125,85.552340,-9.287732,35.472594,98.914171,-6.067472,24.118356,85.551775,-2.547168,22.374513,88.750969,0.030000,
-6.066089,24.102125,85.552340,-9.287733,35.473445,98.921058,-6.064551,24.084082,85.552968,-2.548223,22.375622,88.750040,0.030000,
-6.066089,24.102125,85.552340,-9.287734,35.474291,98.927942,-6.067472,24.118356,85.551775,-2.549278,22.376731,88.749112,0.030000,
-6.066089,24.102125,85.552340,-9.287735,35.475134,98.934824,-6.064551,24.084082,85.552968,-2.550333,22.377840,88.748184,0.030000,
-6.066089,24.102125,85.552340,-9.287736,35.475971,98.941705,-6.067472,24.118356,85.551775,-2.551387,22.378947,88.747256,0.030000,
-6.066089,24.102125,85.552340,-9.287737,35.476805,98.948583,-6.064551,24.084082,85.552968,-2.552441,22.380054,88.746328,0.030000,
-6.066089,24.102125,85.552340,-9.287737,35.477633,98.955460,-6.067472,24.118356,85.551775,-2.553495,22.381160,88.745401,0.030000,
-6.066089,24.102125,85.552340,-9.287737,35.478458,98.962334,-6.064551,24.084082,85.552968,-2.554549,22.382266,88.744474,0.030000,
-6.066089,24.102125,85.552340,-9.287738,35.479278,98.969207,-6.067472,24.118356,85.551775,-2.555602,22.383371,88.743547,0.030000,
-6.066089,24.102125,85.552340,-9.287738,35.480093,98.976078,-6.064551,24.084082,85.552968,-2.556655,22.384475,88.742620,0.030000,
-6.066089,24.102125,85.552340,-9.287738,35.480905,98.982947,-6.067472,24.118356,85.551775,-2.557708,22.385578,88.741694,0.030000,
-6.066089,24.102125,85.552340,-9.287738,35.481712,98.989814,-6.064551,24.084082,85.552968,-2.558760,22.386681,88.740768,0.030000,
-6.066089,24.102125,85.552340,-9.287738,35.482514,98.996680,-6.067472,24.118356,85.551775,-2.559812,22.387783,88.739842,0.030000,
-6.066089,24.102125,85.552340,-9.287738,35.483312,99.003543,-6.064551,24.084082,85.552968,-2.560864,22.388885,88.738916,0.030000,
-6.066089,24.102125,85.552340,-9.287737,35.484106,99.010404,-6.067472,24.118356,85.551775,-2.561915,22.389985,88.737991,0.030000,
-6.066089,24.102125,85.552340,-9.287737,35.484895,99.017264,-6.064551,24.084082,85.552968,-2.562966,22.391085,88.737065,0.030000,
-6.066089,24.102125,85.552340,-9.287736,35.485680,99.024121,-6.067472,24.118356,85.551775,-2.564017,22.392185,88.736141,0.030000,
-6.066089,24.102125,85.552340,-9.287736,35.486461,99.030977,-6.064551,24.084082,85.552968,-2.565067,22.393284,88.735216,0.030000,
-6.066089,24.102125,85.552340,-9.287735,35.487237,99.037831,-6.067472,24.118356,85.551775,-2.566118,22.394382,88.734291,0.030000,
-6.066089,24.102125,85.552340,-9.287734,35.488010,99.044683,-6.064551,24.084082,85.552968,-2.567168,22.395479,88.733367,0.030000,
-6.066089,24.102125,85.552340,-9.287733,35.488778,99.051533,-6.067472,24.118356,85.551775,-2.568217,22.396576,88.732443,0.030000,
-6.066089,24.102125,85.552340,-9.287732,35.489541,99.058381,-6.064551,24.084082,85.552968,-2.569267,22.397672,88.731520,0.030000,
-6.066089,24.102125,85.552340,-9.287731,35.490300,99.065227,-6.067472,24.118356,85.551775,-2.570316,22.398767,88.730596,0.030000,
-6.066089,24.102125,85.552340,-9.287730,35.491056,99.072071,-6.064551,24.084082,85.552968,-2.571364,22.399861,88.729673,0.030000,
-6.066089,24.102125,85.552340,-9.287729,35.491806,99.078914,-6.067472,24.118356,85.551775,-2.572413,22.400955,88.728750,0.030000,
-6.066089,24.102125,85.552340,-9.287728,35.492553,99.085754,-6.064551,24.084082,85.552968,-2.573461,22.402049,88.727827,0.030000,
-6.066089,24.102125,85.552340,-9.287726,35.493295,99.092593,-6.067472,24.118356,85.551775,-2.574509,22.403141,88.726905,0.030000,
-6.066089,24.102125,85.552340,-9.287725,35.494034,99.099429,-6.064551,24.084082,85.552968,-2.575556,22.404233,88.725982,0.030000,
-6.066089,24.102125,85.552340,-9.287723,35.494768,99.106264,-6.067472,24.118356,85.551775,-2.576603,22.405324,88.725060,0.030000,
-6.066089,24.102125,85.552340,-9.287722,35.495497,99.113097,-6.064551,24.084082,85.552968,-2.577650,22.406415,88.724139,0.030000,
-6.066089,24.102125,85.552340,-9.287720,35.496223,99.119928,-6.067472,24.118356,85.551775,-2.578697,22.407505,88.723217,0.030000,
-6.066089,24.102125,85.552340,-9.287719,35.496944,99.126757,-6.064551,24.084082,85.552968,-2.579743,22.408594,88.722296,0.030000,
-6.066089,24.102125,85.552340,-9.287717,35.497662,99.133584,-6.067472,24.118356,85.551775,-2.580789,22.409683,88.721375,0.030000,
-6.066089,24.102125,85.552340,-9.287716,35.498375,99.140410,-6.064551,24.084082,85.552968,-2.581835,22.410770,88.720454,0.030000,
-6.066089,24.102125,85.552340,-9.287714,35.499084,99.147233,-6.067472,24.118356,85.551775,-2.582880,22.411858,88.719534,0.030000,
-6.066089,24.102125,85.552340,-9.287712,35.499789,99.154055,-6.064551,24.084082,85.552968,-2.583925,22.412944,88.718613,0.030000,
-6.066089,24.102125,85.552340,-9.287710,35.500489,99.160874,-6.067472,24.118356,85.551775,-2.584970,22.414030,88.717693,0.030000,
-6.066089,24.102125,85.552340,-9.287708,35.501186,99.167692,-6.064551,24.084082,85.552968,-2.586015,22.415115,88.716773,0.030000,
-6.066089,24.102125,85.552340,-9.287707,35.501879,99.174508,-6.067472,24.118356,85.551775,-2.587059,22.416200,88.715854,0.030000,
-6.066089,24.102125,85.552340,-9.287705,35.502567,99.181322,-6.064551,24.084082,85.552968,-2.588103,22.417283,88.714934,0.030000,
-6.066089,24.102125,85.552340,-9.287703,35.503251,99.188134,-6.067472,24.118356,85.551775,-2.589147,22.418367,88.714015,0.030000,
-6.066089,24.102125,85.552340,-9.287701,35.503932,99.194944,-6.064551,24.084082,85.552968,-2.590190,22.419449,88.713097,0.030000,
-6.066089,24.102125,85.552340,-9.287699,35.504608,99.201752,-6.067472,24.118356,85.551775,-2.591233,22.420531,88.712178,0.030000,
-6.066089,24.102125,85.552340,-9.287697,35.505280,99.208559,-6.064551,24.084082,85.552968,-2.592276,22.421612,88.711260,0.030000,
-6.066089,24.102125,85.552340,-9.287695,35.505949,99.215363,-6.067472,24.118356,85.551775,-2.593318,22.422693,88.710342,0.030000,
-6.066089,24.102125,85.552340,-9.287693,35.506613,99.222166,-6.064551,24.084082,85.552968,-2.594360,22.423772,88.709424,0.030000,
-6.066089,24.102125,85.552340,-9.287691,35.507273,99.228967,-6.067472,24.118356,85.551775,-2.595402,22.424851,88.708506,0.030000,
-6.066089,24.102125,85.552340,-9.287689,35.507929,99.235766,-6.064551,24.084082,85.552968,-2.596443,22.425930,88.707589,0.030000,
-6.066089,24.102125,85.552340,-9.287687,35.508581,99.242563,-6.067472,24.118356,85.551775,-2.597485,22.427008,88.706671,0.030000,
-6.066089,24.102125,85.552340,-9.287685,35.509229,99.249358,-6.064551,24.084082,85.552968,-2.598526,22.428085,88.705755,0.030000,
-6.066089,24.102125,85.552340,-9.287683,35.509874,99.256151,-6.067472,24.118356,85.551775,-2.599566,22.429161,88.704838,0.030000,
-6.066089,24.102125,85.552340,-9.287681,35.510514,99.262942,-6.064551,24.084082,85.552968,-2.600607,22.430237,88.703922,0.030000,
-6.066089,24.102125,85.552340,-9.287679,35.511150,99.269732,-6.067472,24.118356,85.551775,-2.601647,22.431312,88.703005,0.030000,
-6.066089,24.102125,85.552340,-9.287677,35.511783,99.276519,-6.064551,24.084082,85.552968,-2.602686,22.432387,88.702089,0.030000,
-6.066089,24.102125,85.552340,-9.287675,35.512411,99.283305,-6.067472,24.118356,85.551775,-2.603726,22.433460,88.701174,0.030000,
-6.066089,24.102125,85.552340,-9.287673,35.513035,99.290089,-6.064551,24.084082,85.552968,-2.604765,22.434534,88.700258,0.030000,
-6.066089,24.102125,85.552340,-9.287672,35.513656,99.296871,-6.067472,24.118356,85.551775,-2.605804,22.435606,88.699343,0.030000,
-6.066089,24.102125,85.552340,-9.287670,35.514273,99.303651,-6.064551,24.084082,85.552968,-2.606842,22.436678,88.698428,0.030000,
-6.066089,24.102125,85.552340,-9.287668,35.514885,99.310429,-6.067472,24.118356,85.551775,-2.607880,22.437749,88.697513,0.030000,
-6.066089,24.102125,85.552340,-9.287666,35.515494,99.317205,-6.064551,24.084082,85.552968,-2.608918,22.438819,88.696599,0.030000,
-6.066089,24.102125,85.552340,-9.287664,35.516099,99.323979,-6.067472,24.118356,85.551775,-2.609956,22.439889,88.695685,0.030000,
-6.066089,24.102125,85.552340,-9.287662,35.516701,99.330752,-6.064551,24.084082,85.552968,-2.610993,22.440958,88.694771,0.030000,
-6.066089,24.102125,85.552340,-9.287661,35.517298,99.337523,-6.067472,24.118356,85.551775,-2.612030,22.442027,88.693857,0.030000,
-6.066089,24.102125,85.552340,-9.287659,35.517891,99.344291,-6.064551,24.084082,85.552968,-2.613067,22.443095,88.692943,0.030000,
-6.066089,24.102125,85.552340,-9.287657,35.518481,99.351058,-6.067472,24.118356,85.551775,-2.614104,22.444162,88.692030,0.030000,
-6.066089,24.102125,85.552340,-9.287656,35.519067,99.357823,-6.064551,24.084082,85.552968,-2.615140,22.445228,88.691117,0.030000,
-6.066089,24.102125,85.552340,-9.287654,35.519649,99.364586,-6.067472,24.118356,85.551775,-2.616176,22.446294,88.690204,0.030000,
-6.066089,24.102125,85.552340,-9.287653,35.520227,99.371348,-6.064551,24.084082,85.552968,-2.617211,22.447359,88.689292,0.030000,
-6.066089,24.102125,85.552340,-9.287651,35.520801,99.378107,-6.067472,24.118356,85.551775,-2.618247,22.448424,88.688380,0.030000,
-6.066089,24.102125,85.552340,-9.287650,35.521372,99.384865,-6.064551,24.084082,85.552968,-2.619281,22.449488,88.687468,0.030000,
-6.066089,24.102125,85.552340,-9.287649,35.521939,99.391620,-6.067472,24.118356,85.551775,-2.620316,22.450551,88.686556,0.030000,
-6.066089,24.102125,85.552340,-9.287647,35.522502,99.398374,-6.064551,24.084082,85.552968,-2.621351,22.451613,88.685644,0.030000,
-6.066089,24.102125,85.552340,-9.287646,35.523061,99.405126,-6.067472,24.118356,85.551775,-2.622385,22.452675,88.684733,0.030000,
-6.066089,24.102125,85.552340,-9.287645,35.523616,99.411876,-6.064551,24.084082,85.552968,-2.623418,22.453737,88.683822,0.030000,
-6.066089,24.102125,85.552340,-9.287644,35.524168,99.418624,-6.067472,24.118356,85.551775,-2.624452,22.454797,88.682911,0.030000,
-6.066089,24.102125,85.552340,-9.287643,35.524716,99.425370,-6.064551,24.084082,85.552968,-2.625485,22.455857,88.682000,0.030000,
-6.066089,24.102125,85.552340,-9.287642,35.525261,99.432115,-6.067472,24.118356,85.551775,-2.626518,22.456916,88.681090,0.030000,
-6.066089,24.102125,85.552340,-9.287641,35.525801,99.438857,-6.064551,24.084082,85.552968,-2.627551,22.457975,88.680180,0.030000,
-6.066089,24.102125,85.552340,-9.287640,35.526338,99.445598,-6.067472,24.118356,85.551775,-2.628583,22.459033,88.679270,0.030000,
-6.066089,24.102125,85.552340,-9.287639,35.526871,99.452337,-6.064551,24.084082,85.552968,-2.629615,22.460090,88.678360,0.030000,
-6.066089,24.102125,85.552340,-9.287639,35.527401,99.459074,-6.067472,24.118356,85.551775,-2.630647,22.461147,88.677451,0.030000,
-6.066089,24.102125,85.552340,-9.287638,35.527927,99.465809,-6.064551,24.084082,85.552968,-2.631678,22.462203,88.676542,0.030000,
-6.066089,24.102125,85.552340,-9.287638,35.528449,99.472542,-6.067472,24.118356,85.551775,-2.632709,22.463258,88.675633,0.030000,
-6.066089,24.102125,85.552340,-9.287637,35.528968,99.479274,-6.064551,24.084082,85.552968,-2.633740,22.464313,88.674724,0.030000,
-6.066089,24.102125,85.552340,-9.287637,35.529482,99.486003,-6.067472,24.118356,85.551775,-2.634770,22.465367,88.673816,0.030000,
-6.066089,24.102125,85.552340,-9.287637,35.529994,99.492731,-6.064551,24.084082,85.552968,-2.635801,22.466420,88.672908,0.030000,
-6.066089,24.102125,85.552340,-9.287636,35.530501,99.499457,-6.067472,24.118356,85.551775,-2.636831,22.467473,88.672000,0.030000,
-6.066089,24.102125,85.552340,-9.287636,35.531005,99.506180,-6.064551,24.084082,85.552968,-2.637860,22.468525,88.671092,0.030000,
-6.066089,24.102125,85.552340,-9.287636,35.531506,99.512903,-6.067472,24.118356,85.551775,-2.638889,22.469576,88.670184,0.030000,
-6.066089,24.102125,85.552340,-9.287637,35.532003,99.519623,-6.064551,24.084082,85.552968,-2.639919,22.470627,88.669277,0.030000,
-6.066089,24.102125,85.552340,-9.287637,35.532496,99.526341,-6.067472,24.118356,85.551775,-2.640947,22.471677,88.668370,0.030000,
-6.066089,24.102125,85.552340,-9.287637,35.532985,99.533058,-6.064551,24.084082,85.552968,-2.641976,22.472726,88.667463,0.030000,
-6.066089,24.102125,85.552340,-9.287638,35.533471,99.539772,-6.067472,24.118356,85.551775,-2.643004,22.473775,88.666557,0.030000,
-6.066089,24.102125,85.552340,-9.287638,35.533954,99.546485,-6.064551,24.084082,85.552968,-2.644032,22.474823,88.665651,0.030000,
-6.066089,24.102125,85.552340,-9.287639,35.534433,99.553196,-6.067472,24.118356,85.551775,-2.645059,22.475871,88.664745,0.030000,
-6.066089,24.102125,85.552340,-9.287640,35.534908,99.559905,-6.064551,24.084082,85.552968,-2.646087,22.476918,88.663839,0.030000,
-6.066089,24.102125,85.552340,-9.287641,35.535380,99.566612,-6.067472,24.118356,85.551775,-2.647113,22.477964,88.662933,0.030000,
-6.066089,24.102125,85.552340,-9.287642,35.535848,99.573318,-6.064551,24.084082,85.552968,-2.648140,22.479009,88.662028,0.030000,
-6.066089,24.102125,85.552340,-9.287643,35.536313,99.580021,-6.067472,24.118356,85.551775,-2.649167,22.480054,88.661123,0.030000,
-6.066089,24.102125,85.552340,-9.287644,35.536774,99.586723,-6.064551,24.084082,85.552968,-2.650193,22.481099,88.660218,0.030000,
-6.066089,24.102125,85.552340,-9.287645,35.537232,99.593422,-6.067472,24.118356,85.551775,-2.651218,22.482142,88.659314,0.030000,
-6.066089,24.102125,85.552340,-9.287647,35.537687,99.600120,-6.064551,24.084082,85.552968,-2.652244,22.483185,88.658409,0.030000,
-6.066089,24.102125,85.552340,-9.287648,35.538137,99.606816,-6.067472,24.118356,85.551775,-2.653269,22.484227,88.657505,0.030000,
-6.066089,24.102125,85.552340,-9.287650,35.538585,99.613511,-6.064551,24.084082,85.552968,-2.654294,22.485269,88.656601,0.030000,
-6.066089,24.102125,85.552340,-9.287652,35.539029,99.620203,-6.067472,24.118356,85.551775,-2.655319,22.486310,88.655698,0.030000,
-6.066089,24.102125,85.552340,-9.287654,35.539469,99.626894,-6.064551,24.084082,85.552968,-2.656343,22.487351,88.654794,0.030000,
-6.066089,24.102125,85.552340,-9.287656,35.539906,99.633582,-6.067472,24.118356,85.551775,-2.657367,22.488390,88.653891,0.030000,
-6.066089,24.102125,85.552340,-9.287658,35.540339,99.640269,-6.064551,24.084082,85.552968,-2.658391,22.489429,88.652988,0.030000,
-6.066089,24.102125,85.552340,-9.287661,35.540769,99.646954,-6.067472,24.118356,85.551775,-2.659414,22.490468,88.652086,0.030000,
-6.066089,24.102125,85.552340,-9.287663,35.541196,99.653637,-6.064551,24.084082,85.552968,-2.660437,22.491506,88.651183,0.030000,
-6.066089,24.102125,85.552340,-9.287666,35.541619,99.660319,-6.067472,24.118356,85.551775,-2.661460,22.492543,88.650281,0.030000,
-6.066089,24.102125,85.552340,-9.287669,35.542039,99.666998,-6.064551,24.084082,85.552968,-2.662483,22.493579,88.649379,0.030000,
-6.066089,24.102125,85.552340,-9.287672,35.542456,99.673676,-6.067472,24.118356,85.551775,-2.663505,22.494615,88.648477,0.030000,
-6.066089,24.102125,85.552340,-9.287675,35.542869,99.680352,-6.064551,24.084082,85.552968,-2.664527,22.495650,88.647576,0.030000,
-6.066089,24.102125,85.552340,-9.287678,35.543278,99.687026,-6.067472,24.118356,85.551775,-2.665548,22.496685,88.646675,0.030000,
-6.066089,24.102125,85.552340,-9.287682,35.543685,99.693698,-6.064551,24.084082,85.552968,-2.666570,22.497719,88.645774,0.030000,
-6.066089,24.102125,85.552340,-9.287685,35.544088,99.700368,-6.067472,24.118356,85.551775,-2.667591,22.498752,88.644873,0.030000,
-6.066089,24.102125,85.552340,-9.287689,35.544487,99.707037,-6.064551,24.084082,85.552968,-2.668612,22.499785,88.643973,0.030000,
-6.066089,24.102125,85.552340,-9.287693,35.544883,99.713703,-6.067472,24.118356,85.551775,-2.669632,22.500817,88.643072,0.030000,
-6.066089,24.102125,85.552340,-9.287697,35.545276,99.720368,-6.064551,24.084082,85.552968,-2.670652,22.501848,88.642172,0.030000,
-6.066089,24.102125,85.552340,-9.287701,35.545666,99.727031,-6.067472,24.118356,85.551775,-2.671672,22.502879,88.641272,0.030000,
-6.066089,24.102125,85.552340,-9.287706,35.546052,99.733692,-6.064551,24.084082,85.552968,-2.672692,22.503909,88.640373,0.030000,
-6.066089,24.102125,85.552340,-9.287710,35.546435,99.740351,-6.067472,24.118356,85.551775,-2.673711,22.504938,88.639474,0.030000,
-6.066089,24.102125,85.552340,-9.287715,35.546815,99.747009,-6.064551,24.084082,85.552968,-2.674730,22.505967,88.638575,0.030000,
-6.066089,24.102125,85.552340,-9.287720,35.547191,99.753664,-6.067472,24.118356,85.551775,-2.675749,22.506995,88.637676,0.030000,
-6.066089,24.102125,85.552340,-9.287725,35.547564,99.760318,-6.064551,24.084082,85.552968,-2.676767,22.508023,88.636777,0.030000,
-6.066089,24.102125,85.552340,-9.287730,35.547934,99.766970,-6.067472,24.118356,85.551775,-2.677785,22.509050,88.635879,0.030000,
-6.066089,24.102125,85.552340,-9.287736,35.548300,99.773620,-6.064551,24.084082,85.552968,-2.678803,22.510076,88.634981,0.030000,
-6.066089,24.102125,85.552340,-9.287741,35.548663,99.780268,-6.067472,24.118356,85.551775,-2.679821,22.511102,88.634083,0.030000,
-6.066089,24.102125,85.552340,-9.287747,35.549023,99.786915,-6.064551,24.084082,85.552968,-2.680838,22.512127,88.633185,0.030000,
-6.066089,24.102125,85.552340,-9.287753,35.549380,99.793559,-6.067472,24.118356,85.551775,-2.681855,22.513151,88.632288,0.030000,
-6.066089,24.102125,85.552340,-9.287759,35.549734,99.800202,-6.064551,24.084082,85.552968,-2.682872,22.514175,88.631391,0.030000,
-6.066089,24.102125,85.552340,-9.287765,35.550084,99.806843,-6.067472,24.118356,85.551775,-2.683888,22.515198,88.630494,0.030000,
-6.066089,24.102125,85.552340,-9.287772,35.550431,99.813482,-6.064551,24.084082,85.552968,-2.684904,22.516220,88.629597,0.030000,
-6.066089,24.102125,85.552340,-9.287778,35.550775,99.820119,-6.067472,24.118356,85.551775,-2.685920,22.517242,88.628701,0.030000,
-6.066089,24.102125,85.552340,-9.287785,35.551115,99.826755,-6.064551,24.084082,85.552968,-2.686936,22.518264,88.627805,0.030000,
-6.066089,24.102125,85.552340,-9.287792,35.551453,99.833389,-6.067472,24.118356,85.551775,-2.687951,22.519284,88.626909,0.030000,
-6.066089,24.102125,85.552340,-9.287799,35.551787,99.840020,-6.064551,24.084082,85.552968,-2.688966,22.520304,88.626013,0.030000,
-6.066089,24.102125,85.552340,-9.287807,35.552118,99.846650,-6.067472,24.118356,85.551775,-2.689980,22.521323,88.625117,0.030000,
-6.066089,24.102125,85.552340,-9.287814,35.552446,99.853279,-6.064551,24.084082,85.552968,-2.690995,22.522342,88.624222,0.030000,
-6.066089,24.102125,85.552340,-9.287822,35.552771,99.859905,-6.067472,24.118356,85.551775,-2.692009,22.523360,88.623327,0.030000,
-6.066089,24.102125,85.552340,-9.287830,35.553092,99.866530,-6.064551,24.084082,85.552968,-2.693022,22.524377,88.622432,0.030000,
-6.066089,24.102125,85.552340,-9.287838,35.553410,99.873152,-6.067472,24.118356,85.551775,-2.694036,22.525394,88.621538,0.030000,
-6.066089,24.102125,85.552340,-9.287847,35.553726,99.879773,-6.064551,24.084082,85.552968,-2.695049,22.526410,88.620644,0.030000,
-6.066089,24.102125,85.552340,-9.287855,35.554038,99.886392,-6.067472,24.118356,85.551775,-2.696062,22.527426,88.619750,0.030000,
-6.066089,24.102125,85.552340,-9.287864,35.554347,99.893010,-6.064551,24.084082,85.552968,-2.697074,22.528441,88.618856,0.030000,
-6.066089,24.102125,85.552340,-9.287873,35.554653,99.899625,-6.067472,24.118356,85.551775,-2.698087,22.529455,88.617962,0.030000,
-6.066089,24.102125,85.552340,-9.287882,35.554956,99.906239,-6.064551,24.084082,85.552968,-2.699099,22.530468,88.617069,0.030000,
-6.066089,24.102125,85.552340,-9.287892,35.555255,99.912851,-6.067472,24.118356,85.551775,-2.700110,22.531481,88.616176,0.030000,
-6.066089,24.102125,85.552340,-9.287901,35.555552,99.919461,-6.064551,24.084082,85.552968,-2.701122,22.532494,88.615283,0.030000,
-6.066089,24.102125,85.552340,-9.287911,35.555845,99.926069,-6.067472,24.118356,85.551775,-2.702133,22.533506,88.614390,0.030000,
-6.066089,24.102125,85.552340,-9.287921,35.556136,99.932675,-6.064551,24.084082,85.552968,-2.703144,22.534517,88.613498,0.030000,
-6.066089,24.102125,85.552340,-9.287931,35.556423,99.939280,-6.067472,24.118356,85.551775,-2.704154,22.535527,88.612606,0.030000,
-6.066089,24.102125,85.552340,-9.287942,35.556707,99.945883,-6.064551,24.084082,85.552968,-2.705165,22.536537,88.611714,0.030000,
-6.066089,24.102125,85.552340,-9.287953,35.556989,99.952484,-6.067472,24.118356,85.551775,-2.706174,22.537546,88.610822,0.030000,
-6.066089,24.102125,85.552340,-9.287964,35.557267,99.959083,-6.064551,24.084082,85.552968,-2.707184,22.538555,88.609931,0.030000,
-6.066089,24.102125,85.552340,-9.287975,35.557542,99.965680,-6.067472,24.118356,85.551775,-2.708194,22.539563,88.609040,0.030000,
-6.066089,24.102125,85.552340,-9.287986,35.557814,99.972276,-6.064551,24.084082,85.552968,-2.709203,22.540570,88.608149,0.030000,
-6.066089,24.102125,85.552340,-9.287998,35.558083,99.978870,-6.067472,24.118356,85.551775,-2.710211,22.541577,88.607258,0.030000,
-6.066089,24.102125,85.552340,-9.288009,35.558349,99.985462,-6.064551,24.084082,85.552968,-2.711220,22.542583,88.606368,0.030000,
-6.066089,24.102125,85.552340,-9.288021,35.558612,99.992052,-6.067472,24.118356,85.551775,-2.712228,22.543588,88.605478,0.030000,
-6.066089,24.102125,85.552340,-9.288034,35.558872,99.998640,-6.064551,24.084082,85.552968,-2.713236,22.544593,88.604588,0.030000,
-6.066089,24.102125,85.552340,-9.288046,35.559129,100.005227,-6.067472,24.118356,85.551775,-2.714244,22.545597,88.603698,0.030000,
-6.066089,24.102125,85.552340,-9.288059,35.559383,100.011811,-6.064551,24.084082,85.552968,-2.715251,22.546601,88.602808,0.030000,
-6.066089,24.102125,85.552340,-9.288072,35.559635,100.018394,-6.067472,24.118356,85.551775,-2.716258,22.547604,88.601919,0.030000,
-6.066089,24.102125,85.552340,-9.288085,35.559883,100.024975,-6.064551,24.084082,85.552968,-2.717265,22.548606,88.601030,0.030000,
-6.066089,24.102125,85.552340,-9.288098,35.560128,100.031555,-6.067472,24.118356,85.551775,-2.718271,22.549608,88.600141,0.030000,
-6.066089,24.102125,85.552340,-9.288112,35.560370,100.038132,-6.064551,24.084082,85.552968,-2.719277,22.550609,88.599253,0.030000,
-6.066089,24.102125,85.552340,-9.288126,35.560609,100.044708,-6.067472,24.118356,85.551775,-2.720283,22.551610,88.598364,0.030000,
-6.066089,24.102125,85.552340,-9.288140,35.560846,100.051282,-6.064551,24.084082,85.552968,-2.721289,22.552610,88.597476,0.030000,
-6.066089,24.102125,85.552340,-9.288154,35.561079,100.057854,-6.067472,24.118356,85.551775,-2.722294,22.553609,88.596588,0.030000,
-6.066089,24.102125,85.552340,-9.288169,35.561310,100.064425,-6.064551,24.084082,85.552968,-2.723299,22.554608,88.595701,0.030000,
-6.066089,24.102125,85.552340,-9.288184,35.561537,100.070993,-6.067472,24.118356,85.551775,-2.724304,22.555606,88.594813,0.030000,
-6.066089,24.102125,85.552340,-9.288199,35.561762,100.077560,-6.064551,24.084082,85.552968,-2.725308,22.556603,88.593926,0.030000,
-6.066089,24.102125,85.552340,-9.288214,35.561984,100.084125,-6.067472,24.118356,85.551775,-2.726312,22.557600,88.593039,0.030000,
-6.066089,24.102125,85.552340,-9.288230,35.562202,100.090688,-6.064551,24.084082,85.552968,-2.727316,22.558596,88.592153,0.030000,
-6.066089,24.102125,85.552340,-9.288246,35.562418,100.097250,-6.067472,24.118356,85.551775,-2.728320,22.559591,88.591266,0.030000,
-6.066089,24.102125,85.552340,-9.288262,35.562632,100.103809,-6.064551,24.084082,85.552968,-2.729323,22.560586,88.590380,0.030000,
-6.066089,24.102125,85.552340,-9.288278,35.562842,100.110367,-6.067472,24.118356,85.551775,-2.730326,22.561581,88.589494,0.030000,
-6.066089,24.102125,85.552340,-9.288295,35.563049,100.116923,-6.064551,24.084082,85.552968,-2.731329,22.562574,88.588608,0.030000,
-6.066089,24.102125,85.552340,-9.288311,35.563254,100.123477,-6.067472,24.118356,85.551775,-2.732331,22.563567,88.587723,0.030000,
-6.066089,24.102125,85.552340,-9.288328,35.563455,100.130030,-6.064551,24.084082,85.552968,-2.733333,22.564560,88.586838,0.030000,
-6.066089,24.102125,85.552340,-9.288346,35.563654,100.136581,-6.067472,24.118356,85.551775,-2.734335,22.565552,88.585953,0.030000,
-6.066089,24.102125,85.552340,-9.288363,35.563850,100.143129,-6.064551,24.084082,85.552968,-2.735337,22.566543,88.585068,0.030000,
-6.066089,24.102125,85.552340,-9.288381,35.564043,100.149677,-6.067472,24.118356,85.551775,-2.736338,22.567533,88.584183,0.030000,
-6.066089,24.102125,85.552340,-9.288399,35.564233,100.156222,-6.064551,24.084082,85.552968,-2.737339,22.568523,88.583299,0.030000,
-6.066089,24.102125,85.552340,-9.288418,35.564421,100.162766,-6.067472,24.118356,85.551775,-2.738340,22.569513,88.582415,0.030000,
-6.066089,24.102125,85.552340,-9.288436,35.564606,100.169307,-6.064551,24.084082,85.552968,-2.739340,22.570502,88.581531,0.030000,
-6.066089,24.102125,85.552340,-9.288455,35.564787,100.175847,-6.067472,24.118356,85.551775,-2.740340,22.571490,88.580648,0.030000,
-6.066089,24.102125,85.552340,-9.288474,35.564967,100.182386,-6.064551,24.084082,85.552968,-2.741340,22.572477,88.579764,0.030000,
-6.066089,24.102125,85.552340,-9.288494,35.565143,100.188922,-6.067472,24.118356,85.551775,-2.742339,22.573464,88.578881,0.030000,
-6.066089,24.102125,85.552340,-9.288513,35.565316,100.195457,-6.064551,24.084082,85.552968,-2.743339,22.574450,88.577998,0.030000,
-6.066089,24.102125,85.552340,-9.288533,35.565487,100.201990,-6.067472,24.118356,85.551775,-2.744337,22.575436,88.577116,0.030000,
-6.066089,24.102125,85.552340,-9.288554,35.565655,100.208521,-6.064551,24.084082,85.552968,-2.745336,22.576421,88.576233,0.030000,
-6.066089,24.102125,85.552340,-9.288574,35.565820,100.215050,-6.067472,24.118356,85.551775,-2.746334,22.577406,88.575351,0.030000,
-6.066089,24.102125,85.552340,-9.288595,35.565983,100.221578,-6.064551,24.084082,85.552968,-2.747333,22.578390,88.574469,0.030000,
-6.066089,24.102125,85.552340,-9.288616,35.566143,100.228104,-6.067472,24.118356,85.551775,-2.748330,22.579373,88.573588,0.030000,
-6.066089,24.102125,85.552340,-9.288637,35.566300,100.234628,-6.064551,24.084082,85.552968,-2.749328,22.580355,88.572706,0.030000,
-6.066089,24.102125,85.552340,-9.288659,35.566454,100.241150,-6.067472,24.118356,85.551775,-2.750325,22.581338,88.571825,0.030000,
-6.066089,24.102125,85.552340,-9.288681,35.566605,100.247670,-6.064551,24.084082,85.552968,-2.751322,22.582319,88.570944,0.030000,
-6.066089,24.102125,85.552340,-9.288703,35.566754,100.254189,-6.067472,24.118356,85.551775,-2.752319,22.583300,88.570063,0.030000,
-6.066089,24.102125,85.552340,-9.288725,35.566900,100.260706,-6.064551,24.084082,85.552968,-2.753315,22.584280,88.569183,0.030000,
-6.066089,24.102125,85.552340,-9.288748,35.567044,100.267221,-6.067472,24.118356,85.551775,-2.754311,22.585260,88.568303,0.030000,
-6.066089,24.102125,85.552340,-9.288771,35.567184,100.273735,-6.064551,24.084082,85.552968,-2.755307,22.586239,88.567422,0.030000,
-6.066089,24.102125,85.552340,-9.288794,35.567322,100.280246,-6.067472,24.118356,85.551775,-2.756302,22.587217,88.566543,0.030000,
-6.066089,24.102125,85.552340,-9.288817,35.567458,100.286756,-6.064551,24.084082,85.552968,-2.757297,22.588195,88.565663,0.030000,
-6.066089,24.102125,85.552340,-9.288841,35.567590,100.293264,-6.067472,24.118356,85.551775,-2.758292,22.589172,88.564784,0.030000,
-6.066089,24.102125,85.552340,-9.288865,35.567721,100.299771,-6.064551,24.084082,85.552968,-2.759287,22.590148,88.563905,0.030000,
-6.066089,24.102125,85.552340,-9.288890,35.567848,100.306275,-6.067472,24.118356,85.551775,-2.760281,22.591124,88.563026,0.030000,
-6.066089,24.102125,85.552340,-9.288914,35.567973,100.312778,-6.064551,24.084082,85.552968,-2.761275,22.592100,88.562147,0.030000,
-6.066089,24.102125,85.552340,-9.288939,35.568095,100.319279,-6.067472,24.118356,85.551775,-2.762269,22.593074,88.561269,0.030000,
-6.066089,24.102125,85.552340,-9.288965,35.568214,100.325779,-6.064551,24.084082,85.552968,-2.763262,22.594049,88.560391,0.030000,
-6.066089,24.102125,85.552340,-9.288990,35.568331,100.332276,-6.067472,24.118356,85.551775,-2.764256,22.595022,88.559513,0.030000,
-6.066089,24.102125,85.552340,-9.289016,35.568445,100.338772,-6.064551,24.084082,85.552968,-2.765249,22.595995,88.558635,0.030000,
-6.066089,24.102125,85.552340,-9.289042,35.568556,100.345266,-6.067472,24.118356,85.551775,-2.766241,22.596967,88.557758,0.030000,
-6.066089,24.102125,85.552340,-9.289068,35.568665,100.351759,-6.064551,24.084082,85.552968,-2.767233,22.597939,88.556881,0.030000,
-6.066089,24.102125,85.552340,-9.289095,35.568772,100.358249,-6.067472,24.118356,85.551775,-2.768225,22.598910,88.556004,0.030000,
-6.066089,24.102125,85.552340,-9.289122,35.568875,100.364738,-6.064551,24.084082,85.552968,-2.769217,22.599881,88.555127,0.030000,
-6.066089,24.102125,85.552340,-9.289149,35.568976,100.371225,-6.067472,24.118356,85.551775,-2.770209,22.600851,88.554250,0.030000,
-6.066089,24.102125,85.552340,-9.289177,35.569075,100.377711,-6.064551,24.084082,85.552968,-2.771200,22.601820,88.553374,0.030000,
-6.066089,24.102125,85.552340,-9.289205,35.569171,100.384194,-6.067472,24.118356,85.551775,-2.772191,22.602789,88.552498,0.030000,
-6.066089,24.102125,85.552340,-9.289233,35.569264,100.390676,-6.064551,24.084082,85.552968,-2.773181,22.603757,88.551622,0.030000,
-6.066089,24.102125,85.552340,-9.289261,35.569355,100.397156,-6.067472,24.118356,85.551775,-2.774172,22.604724,88.550747,0.030000,
-6.066089,24.102125,85.552340,-9.289290,35.569443,100.403634,-6.064551,24.084082,85.552968,-2.775162,22.605691,88.549871,0.030000,
-6.066089,24.102125,85.552340,-9.289319,35.569529,100.410111,-6.067472,24.118356,85.551775,-2.776151,22.606657,88.548996,0.030000,
-6.066089,24.102125,85.552340,-9.289349,35.569612,100.416586,-6.064551,24.084082,85.552968,-2.777141,22.607623,88.548122,0.030000,
-6.066089,24.102125,85.552340,-9.289378,35.569693,100.423059,-6.067472,24.118356,85.551775,-2.778130,22.608588,88.547247,0.030000,
-6.066089,24.102125,85.552340,-9.289408,35.569771,100.429530,-6.064551,24.084082,85.552968,-2.779119,22.609553,88.546373,0.030000,
-6.066089,24.102125,85.552340,-9.289439,35.569846,100.436000,-6.067472,24.118356,85.551775,-2.780107,22.610517,88.545498,0.030000,
-6.066089,24.102125,85.552340,-9.289469,35.569919,100.442468,-6.064551,24.084082,85.552968,-2.781096,22.611480,88.544625,0.030000,
-6.066089,24.102125,85.552340,-9.289500,35.569990,100.448934,-6.067472,24.118356,85.551775,-2.782084,22.612443,88.543751,0.030000,
-6.066089,24.102125,85.552340,-9.289531,35.570058,100.455398,-6.064551,24.084082,85.552968,-2.783071,22.613405,88.542877,0.030000,
-6.066089,24.102125,85.552340,-9.289563,35.570123,100.461861,-6.067472,24.118356,85.551775,-2.784059,22.614366,88.542004,0.030000,
-6.066089,24.102125,85.552340,-9.289595,35.570186,100.468322,-6.064551,24.084082,85.552968,-2.785046,22.615327,88.541131,0.030000,
-6.066089,24.102125,85.552340,-9.289627,35.570247,100.474781,-6.067472,24.118356,85.551775,-2.786033,22.616288,88.540259,0.030000,
-6.066089,24.102125,85.552340,-9.289659,35.570305,100.481238,-6.064551,24.084082,85.552968,-2.787019,22.617247,88.539386,0.030000,
-6.066089,24.102125,85.552340,-9.289692,35.570360,100.487694,-6.067472,24.118356,85.551775,-2.788006,22.618206,88.538514,0.030000,
-6.066089,24.102125,85.552340,-9.289725,35.570413,100.494148,-6.064551,24.084082,85.552968,-2.788992,22.619165,88.537642,0.030000,
-6.066089,24.102125,85.552340,-9.289758,35.570464,100.500600,-6.067472,24.118356,85.551775,-2.789977,22.620123,88.536770,0.030000,
-6.066089,24.102125,85.552340,-9.289792,35.570512,100.507051,-6.064551,24.084082,85.552968,-2.790963,22.621080,88.535898,0.030000,
-6.066089,24.102125,85.552340,-9.289826,35.570558,100.513500,-6.067472,24.118356,85.551775,-2.791948,22.622037,88.535027,0.030000,
-6.066089,24.102125,85.552340,-9.289860,35.570601,100.519947,-6.064551,24.084082,85.552968,-2.792933,22.622993,88.534156,0.030000,
-6.066089,24.102125,85.552340,-9.289895,35.570642,100.526392,-6.067472,24.118356,85.551775,-2.793918,22.623949,88.533285,0.030000,
-6.066089,24.102125,85.552340,-9.289930,35.570680,100.532836,-6.064551,24.084082,85.552968,-2.794902,22.624904,88.532415,0.030000,
-6.066089,24.102125,85.552340,-9.289965,35.570716,100.539278,-6.067472,24.118356,85.551775,-2.795886,22.625858,88.531544,0.030000,
-6.066089,24.102125,85.552340,-9.290001,35.570750,100.545718,-6.064551,24.084082,85.552968,-2.796870,22.626812,88.530674,0.030000,
-6.066089,24.102125,85.552340,-9.290037,35.570781,100.552156,-6.067472,24.118356,85.551775,-2.797853,22.627765,88.529804,0.030000,
-6.066089,24.102125,85.552340,-9.290073,35.570810,100.558593,-6.064551,24.084082,85.552968,-2.798836,22.628718,88.528934,0.030000,
-6.066089,24.102125,85.552340,-9.290109,35.570836,100.565028,-6.067472,24.118356,85.551775,-2.799819,22.629670,88.528065,0.030000,
-6.066089,24.102125,85.552340,-9.290146,35.570860,100.571461,-6.064551,24.084082,85.552968,-2.800802,22.630621,88.527196,0.030000,
-6.066089,24.102125,85.552340,-9.290183,35.570881,100.577893,-6.067472,24.118356,85.551775,-2.801784,22.631572,88.526327,0.030000,
-6.066089,24.102125,85.552340,-9.290221,35.570900,100.584322,-6.064551,24.084082,85.552968,-2.802766,22.632522,88.525458,0.030000,
-6.066089,24.102125,85.552340,-9.290259,35.570917,100.590751,-6.067472,24.118356,85.551775,-2.803748,22.633472,88.524590,0.030000,
-6.066089,24.102125,85.552340,-9.290297,35.570932,100.597177,-6.064551,24.084082,85.552968,-2.804729,22.634421,88.523721,0.030000,
-6.066089,24.102125,85.552340,-9.290335,35.570944,100.603602,-6.067472,24.118356,85.551775,-2.805710,22.635369,88.522853,0.030000,
-6.066089,24.102125,85.552340,-9.290374,35.570953,100.610025,-6.064551,24.084082,85.552968,-2.806691,22.636317,88.521985,0.030000,
-6.066089,24.102125,85.552340,-9.290413,35.570961,100.616446,-6.067472,24.118356,85.551775,-2.807672,22.637264,88.521118,0.030000,
-6.066089,24.102125,85.552340,-9.290453,35.570966,100.622865,-6.064551,24.084082,85.552968,-2.808652,22.638211,88.520251,0.030000,
-6.066089,24.102125,85.552340,-9.290493,35.570968,100.629283,-6.067472,24.118356,85.551775,-2.809632,22.639157,88.519383,0.030000,
-6.066089,24.102125,85.552340,-9.290533,35.570969,100.635699,-6.064551,24.084082,85.552968,-2.810612,22.640103,88.518517,0.030000,
-6.066089,24.102125,85.552340,-9.290573,35.570967,100.642114,-6.067472,24.118356,85.551775,-2.811591,22.641048,88.517650,0.030000,
-6.066089,24.102125,85.552340,-9.290614,35.570962,100.648526,-6.064551,24.084082,85.552968,-2.812571,22.641992,88.516784,0.030000,
-6.066089,24.102125,85.552340,-9.290655,35.570956,100.654937,-6.067472,24.118356,85.551775,-2.813549,22.642936,88.515917,0.030000,
-6.066089,24.102125,85.552340,-9.290697,35.570947,100.661346,-6.064551,24.084082,85.552968,-2.814528,22.643879,88.515051,0.030000,
-6.066089,24.102125,85.552340,-9.290739,35.570935,100.667754,-6.067472,24.118356,85.551775,-2.815506,22.644822,88.514186,0.030000,
-6.066089,24.102125,85.552340,-9.290781,35.570922,100.674160,-6.064551,24.084082,85.552968,-2.816484,22.645764,88.513320,0.030000,
-6.066089,24.102125,85.552340,-9.290823,35.570906,100.680564,-6.067472,24.118356,85.551775,-2.817462,22.646705,88.512455,0.030000,
-6.066089,24.102125,85.552340,-9.290866,35.570888,100.686966,-6.064551,24.084082,85.552968,-2.818440,22.647646,88.511590,0.030000,
-6.066089,24.102125,85.552340,-9.290909,35.570867,100.693367,-6.067472,24.118356,85.551775,-2.819417,22.648586,88.510725,0.030000,
-6.066089,24.102125,85.552340,-9.290953,35.570845,100.699766,-6.064551,24.084082,85.552968,-2.820394,22.649526,88.509861,0.030000,
-6.066089,24.102125,85.552340,-9.290996,35.570820,100.706163,-6.067472,24.118356,85.551775,-2.821370,22.650465,88.508996,0.030000,
-6.066089,24.102125,85.552340,-9.291040,35.570792,100.712559,-6.064551,24.084082,85.552968,-2.822347,22.651403,88.508132,0.030000,
-6.066089,24.102125,85.552340,-9.291085,35.570763,100.718953,-6.067472,24.118356,85.551775,-2.823323,22.652341,88.507268,0.030000,
-6.066089,24.102125,85.552340,-9.291130,35.570731,100.725345,-6.064551,24.084082,85.552968,-2.824299,22.653279,88.506405,0.030000,
-6.066089,24.102125,85.552340,-9.291175,35.570697,100.731736,-6.067472,24.118356,85.551775,-2.825274,22.654215,88.505542,0.030000,
-6.066089,24.102125,85.552340,-9.291220,35.570661,100.738124,-6.064551,24.084082,85.552968,-2.826249,22.655151,88.504678,0.030000,
-6.066089,24.102125,85.552340,-9.291266,35.570622,100.744511,-6.067472,24.118356,85.551775,-2.827224,22.656087,88.503815,0.030000,
-6.066089,24.102125,85.552340,-9.291313,35.570582,100.750897,-6.064551,24.084082,85.552968,-2.828199,22.657022,88.502953,0.030000,
-6.066089,24.102125,85.552340,-9.291359,35.570539,100.757281,-6.067472,24.118356,85.551775,-2.829173,22.657956,88.502090,0.030000,
-6.066089,24.102125,85.552340,-9.291406,35.570494,100.763663,-6.064551,24.084082,85.552968,-2.830147,22.658890,88.501228,0.030000,
-6.066089,24.102125,85.552340,-9.291453,35.570446,100.770043,-6.067472,24.118356,85.551775,-2.831121,22.659824,88.500366,0.030000,
-6.066089,24.102125,85.552340,-9.291501,35.570397,100.776422,-6.064551,24.084082,85.552968,-2.832095,22.660756,88.499504,0.030000,
-6.066089,24.102125,85.552340,-9.291549,35.570345,100.782799,-6.067472,24.118356,85.551775,-2.833068,22.661688,88.498643,0.030000,
-6.066089,24.102125,85.552340,-9.291597,35.570291,100.789174,-6.064551,24.084082,85.552968,-2.834041,22.662620,88.497782,0.030000,
-6.066089,24.102125,85.552340,-9.291645,35.570235,100.795547,-6.067472,24.118356,85.551775,-2.835014,22.663551,88.496921,0.030000,
-6.066089,24.102125,85.552340,-9.291694,35.570176,100.801919,-6.064551,24.084082,85.552968,-2.835986,22.664481,88.496060,0.030000,
-6.066089,24.102125,85.552340,-9.291744,35.570116,100.808290,-6.067472,24.118356,85.551775,-2.836958,22.665411,88.495199,0.030000,
-6.066089,24.102125,85.552340,-9.291793,35.570053,100.814658,-6.064551,24.084082,85.552968,-2.837930,22.666340,88.494339,0.030000,
-6.066089,24.102125,85.552340,-9.291843,35.569988,100.821025,-6.067472,24.118356,85.551775,-2.838901,22.667269,88.493479,0.030000,
-6.066089,24.102125,85.552340,-9.291894,35.569921,100.827390,-6.064551,24.084082,85.552968,-2.839873,22.668197,88.492619,0.030000,
-6.066089,24.102125,85.552340,-9.291944,35.569852,100.833754,-6.067472,24.118356,85.551775,-2.840844,22.669124,88.491759,0.030000,
-6.066089,24.102125,85.552340,-9.291995,35.569781,100.840115,-6.064551,24.084082,85.552968,-2.841814,22.670051,88.490900,0.030000,
-6.066089,24.102125,85.552340,-9.292047,35.569708,100.846475,-6.067472,24.118356,85.551775,-2.842785,22.670978,88.490041,0.030000,
-6.066089,24.102125,85.552340,-9.292098,35.569632,100.852834,-6.064551,24.084082,85.552968,-2.843755,22.671903,88.489182,0.030000,
-6.066089,24.102125,85.552340,-9.292151,35.569554,100.859191,-6.067472,24.118356,85.551775,-2.844725,22.672829,88.488323,0.030000,
-6.066089,24.102125,85.552340,-9.292203,35.569474,100.865546,-6.064551,24.084082,85.552968,-2.845694,22.673753,88.487465,0.030000,
-6.066089,24.102125,85.552340,-9.292256,35.569392,100.871899,-6.067472,24.118356,85.551775,-2.846664,22.674677,88.486606,0.030000,
-6.066089,24.102125,85.552340,-9.292309,35.569308,100.878251,-6.064551,24.084082,85.552968,-2.847633,22.675601,88.485748,0.030000,
-6.066089,24.102125,85.552340,-9.292362,35.569222,100.884601,-6.067472,24.118356,85.551775,-2.848601,22.676523,88.484890,0.030000,
-6.066089,24.102125,85.552340,-9.292416,35.569134,100.890949,-6.064551,24.084082,85.552968,-2.849570,22.677446,88.484033,0.030000,
-6.066089,24.102125,85.552340,-9.292471,35.569043,100.897296,-6.067472,24.118356,85.551775,-2.850538,22.678368,88.483176,0.030000,
-6.066089,24.102125,85.552340,-9.292525,35.568951,100.903641,-6.064551,24.084082,85.552968,-2.851506,22.679289,88.482318,0.030000,
-6.066089,24.102125,85.552340,-9.292580,35.568856,100.909984,-6.067472,24.118356,85.551775,-2.852473,22.680209,88.481462,0.030000,
-6.066089,24.102125,85.552340,-9.292635,35.568760,100.916326,-6.064551,24.084082,85.552968,-2.853441,22.681129,88.480605,0.030000,
-6.066089,24.102125,85.552340,-9.292691,35.568661,100.922666,-6.067472,24.118356,85.551775,-2.854408,22.682049,88.479749,0.030000,
-6.066089,24.102125,85.552340,-9.292747,35.568560,100.929004,-6.064551,24.084082,85.552968,-2.855374,22.682968,88.478892,0.030000,
-6.066089,24.102125,85.552340,-9.292803,35.568457,100.935341,-6.067472,24.118356,85.551775,-2.856341,22.683886,88.478037,0.030000,
-6.066089,24.102125,85.552340,-9.292860,35.568352,100.941676,-6.064551,24.084082,85.552968,-2.857307,22.684804,88.477181,0.030000,
-6.066089,24.102125,85.552340,-9.292917,35.568245,100.948009,-6.067472,24.118356,85.551775,-2.858273,22.685721,88.476325,0.030000,
-6.066089,24.102125,85.552340,-9.292974,35.568136,100.954341,-6.064551,24.084082,85.552968,-2.859239,22.686637,88.475470,0.030000,
-6.066089,24.102125,85.552340,-9.293032,35.568025,100.960671,-6.067472,24.118356,85.551775,-2.860204,22.687553,88.474615,0.030000,
-6.066089,24.102125,85.552340,-9.293090,35.567912,100.966999,-6.064551,24.084082,85.552968,-2.861169,22.688469,88.473760,0.030000,
-6.066089,24.102125,85.552340,-9.293149,35.567797,100.973326,-6.067472,24.118356,85.551775,-2.862134,22.689384,88.472906,0.030000,
-6.066089,24.102125,85.552340,-9.293208,35.567680,100.979651,-6.064551,24.084082,85.552968,-2.863098,22.690298,88.472051,0.030000,
-6.066089,24.102125,85.552340,-9.293267,35.567561,100.985975,-6.067472,24.118356,85.551775,-2.864063,22.691212,88.471197,0.030000,
-6.066089,24.102125,85.552340,-9.293327,35.567439,100.992296,-6.064551,24.084082,85.552968,-2.865027,22.692125,88.470344,0.030000,
-6.066089,24.102125,85.552340,-9.293386,35.567316,100.998616,-6.067472,24.118356,85.551775,-2.865990,22.693038,88.469490,0.030000,
-6.066089,24.102125,85.552340,-9.293447,35.567191,101.004935,-6.064551,24.084082,85.552968,-2.866954,22.693950,88.468637,0.030000,
-6.066089,24.102125,85.552340,-9.293507,35.567064,101.011251,-6.067472,24.118356,85.551775,-2.867917,22.694861,88.467783,0.030000,
-6.066089,24.102125,85.552340,-9.293569,35.566934,101.017567,-6.064551,24.084082,85.552968,-2.868880,22.695772,88.466930,0.030000,
-6.066089,24.102125,85.552340,-9.293630,35.566803,101.023880,-6.067472,24.118356,85.551775,-2.869842,22.696682,88.466078,0.030000,
-6.066089,24.102125,85.552340,-9.293692,35.566670,101.030192,-6.064551,24.084082,85.552968,-2.870804,22.697592,88.465225,0.030000,
-6.066089,24.102125,85.552340,-9.293754,35.566535,101.036502,-6.067472,24.118356,85.551775,-2.871766,22.698501,88.464373,0.030000,
-6.066089,24.102125,85.552340,-9.293816,35.566397,101.042810,-6.064551,24.084082,85.552968,-2.872728,22.699410,88.463521,0.030000,
-6.066089,24.102125,85.552340,-9.293879,35.566258,101.049117,-6.067472,24.118356,85.551775,-2.873690,22.700318,88.462669,0.030000,
-6.066089,24.102125,85.552340,-9.293942,35.566117,101.055422,-6.064551,24.084082,85.552968,-2.874651,22.701226,88.461818,0.030000,
-6.066089,24.102125,85.552340,-9.294006,35.565974,101.061726,-6.067472,24.118356,85.551775,-2.875612,22.702133,88.460966,0.030000,
-6.066089,24.102125,85.552340,-9.294070,35.565829,101.068028,-6.064551,24.084082,85.552968,-2.876572,22.703039,88.460115,0.030000,
-6.066089,24.102125,85.552340,-9.294134,35.565682,101.074328,-6.067472,24.118356,85.551775,-2.877532,22.703945,88.459265,0.030000,
-6.066089,24.102125,85.552340,-9.294199,35.565533,101.080627,-6.064551,24.084082,85.552968,-2.878492,22.704850,88.458414,0.030000,
-6.066089,24.102125,85.552340,-9.294264,35.565382,101.086924,-6.067472,24.118356,85.551775,-2.879452,22.705755,88.457564,0.030000,
-6.066089,24.102125,85.552340,-9.294329,35.565229,101.093219,-6.064551,24.084082,85.552968,-2.880412,22.706659,88.456713,0.030000,
-6.066089,24.102125,85.552340,-9.294395,35.565074,101.099513,-6.067472,24.118356,85.551775,-2.881371,22.707562,88.455863,0.030000,
-6.066089,24.102125,85.552340,-9.294461,35.564918,101.105805,-6.064551,24.084082,85.552968,-2.882330,22.708465,88.455014,0.030000,
-6.066089,24.102125,85.552340,-9.294528,35.564759,101.112095,-6.067472,24.118356,85.551775,-2.883288,22.709368,88.454164,0.030000,
-6.066089,24.102125,85.552340,-9.294595,35.564598,101.118384,-6.064551,24.084082,85.552968,-2.884247,22.710270,88.453315,0.030000,
-6.066089,24.102125,85.552340,-9.294662,35.564436,101.124671,-6.067472,24.118356,85.551775,-2.885205,22.711171,88.452466,0.030000,
-6.066089,24.102125,85.552340,-9.294730,35.564272,101.130956,-6.064551,24.084082,85.552968,-2.886163,22.712072,88.451617,0.030000,
-6.066089,24.102125,85.552340,-9.294798,35.564105,101.137240,-6.067472,24.118356,85.551775,-2.887120,22.712972,88.450769,0.030000,
-6.066089,24.102125,85.552340,-9.294866,35.563937,101.143522,-6.064551,24.084082,85.552968,-2.888078,22.713872,88.449920,0.030000,
-6.066089,24.102125,85.552340,-9.294935,35.563767,101.149803,-6.067472,24.118356,85.551775,-2.889034,22.714771,88.449072,0.030000,
-6.066089,24.102125,85.552340,-9.295004,35.563595,101.156082,-6.064551,24.084082,85.552968,-2.889991,22.715669,88.448224,0.030000,
-6.066089,24.102125,85.552340,-9.295074,35.563421,101.162359,-6.067472,24.118356,85.551775,-2.890948,22.716567,88.447377,0.030000,
-6.066089,24.102125,85.552340,-9.295143,35.563246,101.168635,-6.064551,24.084082,85.552968,-2.891904,22.717465,88.446529,0.030000,
-6.066089,24.102125,85.552340,-9.295214,35.563068,101.174909,-6.067472,24.118356,85.551775,-2.892860,22.718362,88.445682,0.030000,
-6.066089,24.102125,85.552340,-9.295284,35.562889,101.181181,-6.064551,24.084082,85.552968,-2.893815,22.719258,88.444835,0.030000,
-6.066089,24.102125,85.552340,-9.295355,35.562707,101.187452,-6.067472,24.118356,85.551775,-2.894770,22.720154,88.443989,0.030000,
-6.066089,24.102125,85.552340,-9.295427,35.562524,101.193721,-6.064551,24.084082,85.552968,-2.895725,22.721049,88.443142,0.030000,
-6.066089,24.102125,85.552340,-9.295498,35.562339,101.199989,-6.067472,24.118356,85.551775,-2.896680,22.721943,88.442296,0.030000,
-6.066089,24.102125,85.552340,-9.295571,35.562152,101.206255,-6.064551,24.084082,85.552968,-2.897635,22.722838,88.441450,0.030000,
-6.066089,24.102125,85.552340,-9.295643,35.561964,101.212519,-6.067472,24.118356,85.551775,-2.898589,22.723731,88.440604,0.030000,
-6.066089,24.102125,85.552340,-9.295716,35.561773,101.218781,-6.064551,24.084082,85.552968,-2.899543,22.724624,88.439759,0.030000,
-6.066089,24.102125,85.552340,-9.295789,35.561581,101.225042,-6.067472,24.118356,85.551775,-2.900496,22.725516,88.438913,0.030000,
-6.066089,24.102125,85.552340,-9.295863,35.561387,101.231302,-6.064551,24.084082,85.552968,-2.901450,22.726408,88.438068,0.030000,
-6.066089,24.102125,85.552340,-9.295937,35.561191,101.237560,-6.067472,24.118356,85.551775,-2.902403,22.727300,88.437223,0.030000,
-6.066089,24.102125,85.552340,-9.296011,35.560993,101.243816,-6.064551,24.084082,85.552968,-2.903356,22.728190,88.436379,0.030000,
-6.066089,24.102125,85.552340,-9.296086,35.560793,101.250070,-6.067472,24.118356,85.551775,-2.904308,22.729080,88.435534,0.030000,
-6.066089,24.102125,85.552340,-9.296161,35.560592,101.256323,-6.064551,24.084082,85.552968,-2.905260,22.729970,88.434690,0.030000,
-6.066089,24.102125,85.552340,-9.296236,35.560388,101.262575,-6.067472,24.118356,85.551775,-2.906212,22.730859,88.433846,0.030000,
-6.066089,24.102125,85.552340,-9.296312,35.560183,101.268824,-6.064551,24.084082,85.552968,-2.907164,22.731748,88.433002,0.030000,
-6.066089,24.102125,85.552340,-9.296389,35.559977,101.275072,-6.067472,24.118356,85.551775,-2.908115,22.732636,88.432159,0.030000,
-6.066089,24.102125,85.552340,-9.296465,35.559768,101.281319,-6.064551,24.084082,85.552968,-2.909067,22.733523,88.431316,0.030000,
-6.066089,24.102125,85.552340,-9.296542,35.559557,101.287564,-6.067472,24.118356,85.551775,-2.910017,22.734410,88.430473,0.030000,
-6.066089,24.102125,85.552340,-9.296620,35.559345,101.293807,-6.064551,24.084082,85.552968,-2.910968,22.735296,88.429630,0.030000,
-6.066089,24.102125,85.552340,-9.296697,35.559131,101.300049,-6.067472,24.118356,85.551775,-2.911918,22.736182,88.428787,0.030000,
-6.066089,24.102125,85.552340,-9.296775,35.558915,101.306289,-6.064551,24.084082,85.552968,-2.912868,22.737067,88.427945,0.030000,
-6.066089,24.102125,85.552340,-9.296854,35.558698,101.312527,-6.067472,24.118356,85.551775,-2.913818,22.737952,88.427103,0.030000,
-6.066089,24.102125,85.552340,-9.296933,35.558479,101.318764,-6.064551,24.084082,85.552968,-2.914768,22.738836,88.426261,0.030000,
-6.066089,24.102125,85.552340,-9.297012,35.558258,101.324999,-6.067472,24.118356,85.551775,-2.915717,22.739720,88.425419,0.030000,
-6.066089,24.102125,85.552340,-9.297092,35.558035,101.331233,-6.064551,24.084082,85.552968,-2.916666,22.740603,88.424578,0.030000,
-6.066089,24.102125,85.552340,-9.297172,35.557810,101.337465,-6.067472,24.118356,85.551775,-2.917614,22.741485,88.423737,0.030000,
-6.066089,24.102125,85.552340,-9.297252,35.557584,101.343695,-6.064551,24.084082,85.552968,-2.918563,22.742367,88.422896,0.030000,
-6.066089,24.102125,85.552340,-9.297333,35.557356,101.349924,-6.067472,24.118356,85.551775,-2.919511,22.743248,88.422055,0.030000,
-6.066089,24.102125,85.552340,-9.297414,35.557126,101.356151,-6.064551,24.084082,85.552968,-2.920459,22.744129,88.421215,0.030000,
-6.066089,24.102125,85.552340,-9.297496,35.556895,101.362376,-6.067472,24.118356,85.551775,-2.921406,22.745010,88.420374,0.030000,
-6.066089,24.102125,85.552340,-9.297578,35.556661,101.368600,-6.064551,24.084082,85.552968,-2.922354,22.745889,88.419534,0.030000,
-6.066089,24.102125,85.552340,-9.297660,35.556426,101.374823,-6.067472,24.118356,85.551775,-2.923300,22.746768,88.418694,0.030000,
-6.066089,24.102125,85.552340,-9.297743,35.556190,101.381044,-6.064551,24.084082,85.552968,-2.924247,22.747647,88.417855,0.030000,
-6.066089,24.102125,85.552340,-9.297826,35.555951,101.387263,-6.067472,24.118356,85.551775,-2.925194,22.748525,88.417015,0.030000,
-6.066089,24.102125,85.552340,-9.297909,35.555711,101.393480,-6.064551,24.084082,85.552968,-2.926140,22.749403,88.416176,0.030000,
-6.066089,24.102125,85.552340,-9.297993,35.555469,101.399696,-6.067472,24.118356,85.551775,-2.927086,22.750280,88.415337,0.030000,
-6.066089,24.102125,85.552340,-9.298077,35.555226,101.405911,-6.064551,24.084082,85.552968,-2.928031,22.751156,88.414499,0.030000,
-6.066089,24.102125,85.552340,-9.298162,35.554981,101.412123,-6.067472,24.118356,85.551775,-2.928977,22.752032,88.413660,0.030000,
-6.066089,24.102125,85.552340,-9.298247,35.554734,101.418335,-6.064551,24.084082,85.552968,-2.929922,22.752907,88.412822,0.030000,
-6.066089,24.102125,85.552340,-9.298332,35.554485,101.424544,-6.067472,24.118356,85.551775,-2.930866,22.753782,88.411984,0.030000,
-6.066089,24.102125,85.552340,-9.298418,35.554235,101.430752,-6.064551,24.084082,85.552968,-2.931811,22.754656,88.411146,0.030000,
-6.066089,24.102125,85.552340,-9.298504,35.553983,101.436959,-6.067472,24.118356,85.551775,-2.932755,22.755530,88.410309,0.030000,
-6.066089,24.102125,85.552340,-9.298590,35.553730,101.443164,-6.064551,24.084082,85.552968,-2.933699,22.756403,88.409471,0.030000,
-6.066089,24.102125,85.552340,-9.298677,35.553474,101.449367,-6.067472,24.118356,85.551775,-2.934643,22.757276,88.408634,0.030000,
-6.066089,24.102125,85.552340,-9.298765,35.553217,101.455568,-6.064551,24.084082,85.552968,-2.935586,22.758148,88.407797,0.030000,
-6.066089,24.102125,85.552340,-9.298852,35.552959,101.461768,-6.067472,24.118356,85.551775,-2.936529,22.759020,88.406961,0.030000,
-6.066089,24.102125,85.552340,-9.298940,35.552698,101.467967,-6.064551,24.084082,85.552968,-2.937472,22.759891,88.406124,0.030000,
-6.066089,24.102125,85.552340,-9.299029,35.552437,101.474164,-6.067472,24.118356,85.551775,-2.938415,22.760761,88.405288,0.030000,
-6.066089,24.102125,85.552340,-9.299118,35.552173,101.480359,-6.064551,24.084082,85.552968,-2.939357,22.761631,88.404452,0.030000,
-6.066089,24.102125,85.552340,-9.299207,35.551908,101.486553,-6.067472,24.118356,85.551775,-2.940299,22.762500,88.403617,0.030000,
-6.066089,24.102125,85.552340,-9.299296,35.551641,101.492745,-6.064551,24.084082,85.552968,-2.941241,22.763369,88.402781,0.030000,
-6.066089,24.102125,85.552340,-9.299386,35.551373,101.498936,-6.067472,24.118356,85.551775,-2.942182,22.764238,88.401946,0.030000,
-6.066089,24.102125,85.552340,-9.299477,35.551103,101.505125,-6.064551,24.084082,85.552968,-2.943124,22.765105,88.401111,0.030000,
-6.066089,24.102125,85.552340,-9.299567,35.550831,101.511312,-6.067472,24.118356,85.551775,-2.944065,22.765973,88.400276,0.030000,
-6.066089,24.102125,85.552340,-9.299658,35.550558,101.517498,-6.064551,24.084082,85.552968,-2.945005,22.766839,88.399441,0.030000,
-6.066089,24.102125,85.552340,-9.299750,35.550283,101.523682,-6.067472,24.118356,85.551775,-2.945946,22.767705,88.398607,0.030000,
-6.066089,24.102125,85.552340,-9.299842,35.550006,101.529865,-6.064551,24.084082,85.552968,-2.946886,22.768571,88.397773,0.030000,
-6.066089,24.102125,85.552340,-9.299934,35.549728,101.536046,-6.067472,24.118356,85.551775,-2.947826,22.769436,88.396939,0.030000,
-6.066089,24.102125,85.552340,-9.300027,35.549448,101.542226,-6.064551,24.084082,85.552968,-2.948765,22.770301,88.396105,0.030000,
-6.066089,24.102125,85.552340,-9.300120,35.549167,101.548403,-6.067472,24.118356,85.551775,-2.949704,22.771165,88.395272,0.030000,
-6.066089,24.102125,85.552340,-9.300213,35.548884,101.554580,-6.064551,24.084082,85.552968,-2.950643,22.772028,88.394439,0.030000,
-6.066089,24.102125,85.552340,-9.300307,35.548599,101.560755,-6.067472,24.118356,85.551775,-2.951582,22.772891,88.393606,0.030000,
-6.066089,24.102125,85.552340,-9.300401,35.548313,101.566928,-6.064551,24.084082,85.552968,-2.952521,22.773753,88.392773,0.030000,
-6.066089,24.102125,85.552340,-9.300496,35.548025,101.573100,-6.067472,24.118356,85.551775,-2.953459,22.774615,88.391940,0.030000,
-6.066089,24.102125,85.552340,-9.300591,35.547736,101.579270,-6.064551,24.084082,85.552968,-2.954397,22.775477,88.391108,0.030000,
-6.066089,24.102125,85.552340,-9.300686,35.547445,101.585438,-6.067472,24.118356,85.551775,-2.955334,22.776337,88.390276,0.030000,
-6.066089,24.102125,85.552340,-9.300782,35.547153,101.591605,-6.064551,24.084082,85.552968,-2.956272,22.777198,88.389444,0.030000,
-6.066089,24.102125,85.552340,-9.300878,35.546859,101.597771,-6.067472,24.118356,85.551775,-2.957209,22.778057,88.388613,0.030000,
-6.066089,24.102125,85.552340,-9.300974,35.546563,101.603935,-6.064551,24.084082,85.552968,-2.958146,22.778916,88.387781,0.030000,
-6.066089,24.102125,85.552340,-9.301071,35.546266,101.610097,-6.067472,24.118356,85.551775,-2.959082,22.779775,88.386950,0.030000,
-6.066089,24.102125,85.552340,-9.301169,35.545967,101.616258,-6.064551,24.084082,85.552968,-2.960019,22.780633,88.386119,0.030000,
-6.066089,24.102125,85.552340,-9.301266,35.545667,101.622417,-6.067472,24.118356,85.551775,-2.960955,22.781491,88.385288,0.030000,
-6.066089,24.102125,85.552340,-9.301364,35.545365,101.628574,-6.064551,24.084082,85.552968,-2.961890,22.782348,88.384458,0.030000,
-6.066089,24.102125,85.552340,-9.301463,35.545062,101.634730,-6.067472,24.118356,85.551775,-2.962826,22.783204,88.383628,0.030000,
-6.066089,24.102125,85.552340,-9.301561,35.544757,101.640885,-6.064551,24.084082,85.552968,-2.963761,22.784060,88.382798,0.030000,
-6.066089,24.102125,85.552340,-9.301661,35.544451,101.647038,-6.067472,24.118356,85.551775,-2.964696,22.784916,88.381968,0.030000,
-6.066089,24.102125,85.552340,-9.301760,35.544143,101.653189,-6.064551,24.084082,85.552968,-2.965631,22.785770,88.381138,0.030000,
-6.066089,24.102125,85.552340,-9.301860,35.543834,101.659339,-6.067472,24.118356,85.551775,-2.966565,22.786625,88.380309,0.030000,
-6.066089,24.102125,85.552340,-9.301961,35.543523,101.665487,-6.064551,24.084082,85.552968,-2.967499,22.787479,88.379480,0.030000,
-6.066089,24.102125,85.552340,-9.302061,35.543210,101.671634,-6.067472,24.118356,85.551775,-2.968433,22.788332,88.378651,0.030000,
-6.066089,24.102125,85.552340,-9.302162,35.542896,101.677779,-6.064551,24.084082,85.552968,-2.969366,22.789185,88.377822,0.030000,
-6.066089,24.102125,85.552340,-9.302264,35.542581,101.683923,-6.067472,24.118356,85.551775,-2.970300,22.790037,88.376994,0.030000,
-6.066089,24.102125,85.552340,-9.302366,35.542264,101.690065,-6.064551,24.084082,85.552968,-2.971233,22.790889,88.376165,0.030000,
-6.066089,24.102125,85.552340,-9.302468,35.541945,101.696205,-6.067472,24.118356,85.551775,-2.972165,22.791740,88.375337,0.030000,
-6.066089,24.102125,85.552340,-9.302571,35.541625,101.702344,-6.064551,24.084082,85.552968,-2.973098,22.792591,88.374510,0.030000,
-6.066089,24.102125,85.552340,-9.302674,35.541304,101.708482,-6.067472,24.118356,85.551775,-2.974030,22.793441,88.373682,0.030000,
-6.066089,24.102125,85.552340,-9.302777,35.540981,101.714618,-6.064551,24.084082,85.552968,-2.974962,22.794290,88.372855,0.030000,
-6.066089,24.102125,85.552340,-9.302881,35.540656,101.720752,-6.067472,24.118356,85.551775,-2.975894,22.795139,88.372028,0.030000,
-6.066089,24.102125,85.552340,-9.302985,35.540330,101.726885,-6.064551,24.084082,85.552968,-2.976825,22.795988,88.371201,0.030000,
-6.066089,24.102125,85.552340,-9.303090,35.540003,101.733016,-6.067472,24.118356,85.551775,-2.977756,22.796836,88.370374,0.030000,
-6.066089,24.102125,85.552340,-9.303195,35.539674,101.739146,-6.064551,24.084082,85.552968,-2.978687,22.797683,88.369548,0.030000,
-6.066089,24.102125,85.552340,-9.303300,35.539344,101.745274,-6.067472,24.118356,85.551775,-2.979618,22.798530,88.368722,0.030000,
-6.066089,24.102125,85.552340,-9.303406,35.539012,101.751400,-6.064551,24.084082,85.552968,-2.980548,22.799377,88.367896,0.030000,
-6.066089,24.102125,85.552340,-9.303512,35.538679,101.757525,-6.067472,24.118356,85.551775,-2.981478,22.800223,88.367070,0.030000,
-6.066089,24.102125,85.552340,-9.303619,35.538344,101.763649,-6.064551,24.084082,85.552968,-2.982408,22.801068,88.366244,0.030000,
-6.066089,24.102125,85.552340,-9.303726,35.538008,101.769771,-6.067472,24.118356,85.551775,-2.983337,22.801913,88.365419,0.030000,
-6.066089,24.102125,85.552340,-9.303833,35.537670,101.775891,-6.064551,24.084082,85.552968,-2.984266,22.802757,88.364594,0.030000,
-6.066089,24.102125,85.552340,-9.303941,35.537331,101.782010,-6.067472,24.118356,85.551775,-2.985195,22.803601,88.363769,0.030000,
-6.066089,24.102125,85.552340,-9.304049,35.536990,101.788127,-6.064551,24.084082,85.552968,-2.986124,22.804444,88.362944,0.030000,
-6.066089,24.102125,85.552340,-9.304157,35.536648,101.794243,-6.067472,24.118356,85.551775,-2.987052,22.805287,88.362120,0.030000,
-6.066089,24.102125,85.552340,-9.304266,35.536305,101.800358,-6.064551,24.084082,85.552968,-2.987980,22.806129,88.361296,0.030000,
-6.066089,24.102125,85.552340,-9.304376,35.535960,101.806470,-6.067472,24.118356,85.551775,-2.988908,22.806971,88.360472,0.030000,
-6.066089,24.102125,85.552340,-9.304485,35.535614,101.812582,-6.064551,24.084082,85.552968,-2.989836,22.807812,88.359648,0.030000,
-6.066089,24.102125,85.552340,-9.304595,35.535266,101.818691,-6.067472,24.118356,85.551775,-2.990763,22.808653,88.358825,0.030000,
-6.066089,24.102125,85.552340,-9.304706,35.534917,101.824799,-6.064551,24.084082,85.552968,-2.991690,22.809493,88.358002,0.030000,
-6.066089,24.102125,85.552340,-9.304816,35.534567,101.830906,-6.067472,24.118356,85.551775,-2.992617,22.810332,88.357179,0.030000,
-6.066089,24.102125,85.552340,-9.304928,35.534215,101.837011,-6.064551,24.084082,85.552968,-2.993543,22.811171,88.356356,0.030000,
-6.066089,24.102125,85.552340,-9.305039,35.533861,101.843115,-6.067472,24.118356,85.551775,-2.994470,22.812010,88.355533,0.030000,
-6.066089,24.102125,85.552340,-9.305151,35.533507,101.849217,-6.064551,24.084082,85.552968,-2.995395,22.812848,88.354711,0.030000,
-6.066089,24.102125,85.552340,-9.305264,35.533151,101.855317,-6.067472,24.118356,85.551775,-2.996321,22.813685,88.353889,0.030000,
-6.066089,24.102125,85.552340,-9.305376,35.532793,101.861416,-6.064551,24.084082,85.552968,-2.997247,22.814522,88.353067,0.030000,
-6.066089,24.102125,85.552340,-9.305489,35.532434,101.867514,-6.067472,24.118356,85.551775,-2.998172,22.815359,88.352245,0.030000,
-6.066089,24.102125,85.552340,-9.305603,35.532074,101.873610,-6.064551,24.084082,85.552968,-2.999097,22.816195,88.351424,0.030000,
-6.066089,24.102125,85.552340,-9.305717,35.531712,101.879704,-6.067472,24.118356,85.551775,-3.000021,22.817030,88.350602,0.030000,
-6.066089,24.102125,85.552340,-9.305831,35.531349,101.885797,-6.064551,24.084082,85.552968,-3.000945,22.817865,88.349781,0.030000,
-6.066089,24.102125,85.552340,-9.305946,35.530985,101.891889,-6.067472,24.118356,85.551775,-3.001870,22.818700,88.348961,0.030000,
-6.066089,24.102125,85.552340,-9.306061,35.530619,101.897978,-6.064551,24.084082,85.552968,-3.002793,22.819533,88.348140,0.030000,
-6.066089,24.102125,85.552340,-9.306176,35.530252,101.904067,-6.067472,24.118356,85.551775,-3.003717,22.820367,88.347320,0.030000,
-6.066089,24.102125,85.552340,-9.306292,35.529883,101.910154,-6.064551,24.084082,85.552968,-3.004640,22.821200,88.346500,0.030000,
-6.066089,24.102125,85.552340,-9.306408,35.529513,101.916239,-6.067472,24.118356,85.551775,-3.005563,22.822032,88.345680,0.030000,
-6.066089,24.102125,85.552340,-9.306525,35.529142,101.922323,-6.064551,24.084082,85.552968,-3.006486,22.822864,88.344860,0.030000,
-6.066089,24.102125,85.552340,-9.306642,35.528769,101.928405,-6.067472,24.118356,85.551775,-3.007408,22.823695,88.344041,0.030000,
-6.066089,24.102125,85.552340,-9.306759,35.528395,101.934486,-6.064551,24.084082,85.552968,-3.008330,22.824526,88.343221,0.030000,
-6.066089,24.102125,85.552340,-9.306877,35.528020,101.940565,-6.067472,24.118356,85.551775,-3.009252,22.825356,88.342402,0.030000,
-6.066089,24.102125,85.552340,-9.306995,35.527643,101.946643,-6.064551,24.084082,85.552968,-3.010174,22.826186,88.341584,0.030000,
-6.066089,24.102125,85.552340,-9.307114,35.527265,101.952719,-6.067472,24.118356,85.551775,-3.011095,22.827015,88.340765,0.030000,
-6.066089,24.102125,85.552340,-9.307233,35.526886,101.958794,-6.064551,24.084082,85.552968,-3.012016,22.827844,88.339947,0.030000,
-6.066089,24.102125,85.552340,-9.307352,35.526505,101.964867,-6.067472,24.118356,85.551775,-3.012937,22.828672,88.339129,0.030000,
-6.066089,24.102125,85.552340,-9.307472,35.526123,101.970939,-6.064551,24.084082,85.552968,-3.013858,22.829499,88.338311,0.030000,
-6.066089,24.102125,85.552340,-9.307592,35.525740,101.977009,-6.067472,24.118356,85.551775,-3.014778,22.830327,88.337493,0.030000,
-6.066089,24.102125,85.552340,-9.307712,35.525355,101.983078,-6.064551,24.084082,85.552968,-3.015698,22.831153,88.336676,0.030000,
-6.066089,24.102125,85.552340,-9.307833,35.524969,101.989145,-6.067472,24.118356,85.551775,-3.016618,22.831979,88.335859,0.030000,
-6.066089,24.102125,85.552340,-9.307954,35.524582,101.995211,-6.064551,24.084082,85.552968,-3.017537,22.832805,88.335042,0.030000,
-6.066089,24.102125,85.552340,-9.308076,35.524193,102.001275,-6.067472,24.118356,85.551775,-3.018456,22.833630,88.334225,0.030000,
-6.066089,24.102125,85.552340,-9.308198,35.523803,102.007337,-6.064551,24.084082,85.552968,-3.019375,22.834455,88.333408,0.030000,
-6.066089,24.102125,85.552340,-9.308320,35.523412,102.013399,-6.067472,24.118356,85.551775,-3.020294,22.835279,88.332592,0.030000,
-6.066089,24.102125,85.552340,-9.308443,35.523019,102.019458,-6.064551,24.084082,85.552968,-3.021212,22.836102,88.331776,0.030000,
-6.066089,24.102125,85.552340,-9.308566,35.522625,102.025516,-6.067472,24.118356,85.551775,-3.022131,22.836925,88.330960,0.030000,
-6.066089,24.102125,85.552340,-9.308690,35.522230,102.031573,-6.064551,24.084082,85.552968,-3.023048,22.837748,88.330145,0.030000,
-6.066089,24.102125,85.552340,-9.308814,35.521834,102.037628,-6.067472,24.118356,85.551775,-3.023966,22.838570,88.329329,0.030000,
-6.066089,24.102125,85.552340,-9.308938,35.521436,102.043682,-6.064551,24.084082,85.552968,-3.024883,22.839391,88.328514,0.030000,
-6.066089,24.102125,85.552340,-9.309063,35.521037,102.049734,-6.067472,24.118356,85.551775,-3.025800,22.840212,88.327699,0.030000,
-6.066089,24.102125,85.552340,-9.309188,35.520637,102.055785,-6.064551,24.084082,85.552968,-3.026717,22.841033,88.326884,0.030000,
-6.066089,24.102125,85.552340,-9.309313,35.520235,102.061834,-6.067472,24.118356,85.551775,-3.027634,22.841853,88.326070,0.030000,
-6.066089,24.102125,85.552340,-9.309439,35.519832,102.067882,-6.064551,24.084082,85.552968,-3.028550,22.842672,88.325255,0.030000,
-6.066089,24.102125,85.552340,-9.309565,35.519428,102.073928,-6.067472,24.118356,85.551775,-3.029466,22.843491,88.324441,0.030000,
-6.066089,24.102125,85.552340,-9.309692,35.519023,102.079973,-6.064551,24.084082,85.552968,-3.030382,22.844309,88.323628,0.030000,
-6.066089,24.102125,85.552340,-9.309819,35.518616,102.086016,-6.067472,24.118356,85.551775,-3.031297,22.845127,88.322814,0.030000,
-6.066089,24.102125,85.552340,-9.309946,35.518208,102.092058,-6.064551,24.084082,85.552968,-3.032212,22.845945,88.322001,0.030000,
-6.066089,24.102125,85.552340,-9.310074,35.517799,102.098098,-6.067472,24.118356,85.551775,-3.033127,22.846762,88.321187,0.030000,
-6.066089,24.102125,85.552340,-9.310202,35.517389,102.104137,-6.064551,24.084082,85.552968,-3.034042,22.847578,88.320374,0.030000,
-6.066089,24.102125,85.552340,-9.310331,35.516977,102.110174,-6.067472,24.118356,85.551775,-3.034956,22.848394,88.319562,0.030000,
-6.066089,24.102125,85.552340,-9.310460,35.516564,102.116210,-6.064551,24.084082,85.552968,-3.035870,22.849209,88.318749,0.030000,
-6.066089,24.102125,85.552340,-9.310589,35.516150,102.122244,-6.067472,24.118356,85.551775,-3.036784,22.850024,88.317937,0.030000,
-6.066089,24.102125,85.552340,-9.310719,35.515735,102.128277,-6.064551,24.084082,85.552968,-3.037698,22.850838,88.317125,0.030000,
-6.066089,24.102125,85.552340,-9.310849,35.515318,102.134308,-6.067472,24.118356,85.551775,-3.038611,22.851652,88.316313,0.030000,
-6.066089,24.102125,85.552340,-9.310979,35.514900,102.140338,-6.064551,24.084082,85.552968,-3.039524,22.852466,88.315501,0.030000,
-6.066089,24.102125,85.552340,-9.311110,35.514481,102.146367,-6.067472,24.118356,85.551775,-3.040437,22.853278,88.314690,0.030000,
-6.066089,24.102125,85.552340,-9.311242,35.514061,102.152393,-6.064551,24.084082,85.552968,-3.041349,22.854091,88.313879,0.030000,
-6.066089,24.102125,85.552340,-9.311373,35.513639,102.158419,-6.067472,24.118356,85.551775,-3.042261,22.854903,88.313068,0.030000,
-6.066089,24.102125,85.552340,-9.311505,35.513216,102.164443,-6.064551,24.084082,85.552968,-3.043173,22.855714,88.312257,0.030000,
-6.066089,24.102125,85.552340,-9.311638,35.512792,102.170465,-6.067472,24.118356,85.551775,-3.044085,22.856525,88.311447,0.030000,
-6.066089,24.102125,85.552340,-9.311770,35.512367,102.176486,-6.064551,24.084082,85.552968,-3.044997,22.857335,88.310636,0.030000,
-6.066089,24.102125,85.552340,-9.311903,35.511941,102.182506,-6.067472,24.118356,85.551775,-3.045908,22.858145,88.309826,0.030000,
-6.066089,24.102125,85.552340,-9.312037,35.511513,102.188524,-6.064551,24.084082,85.552968,-3.046819,22.858954,88.309017,0.030000,
-6.066089,24.102125,85.552340,-9.312171,35.511084,102.194540,-6.067472,24.118356,85.551775,-3.047729,22.859763,88.308207,0.030000,
-6.066089,24.102125,85.552340,-9.312305,35.510654,102.200555,-6.064551,24.084082,85.552968,-3.048640,22.860571,88.307398,0.030000,
-6.066089,24.102125,85.552340,-9.312440,35.510223,102.206569,-6.067472,24.118356,85.551775,-3.049550,22.861379,88.306588,0.030000,
-6.066089,24.102125,85.552340,-9.312575,35.509791,102.212581,-6.064551,24.084082,85.552968,-3.050460,22.862186,88.305780,0.030000,
-6.066089,24.102125,85.552340,-9.312710,35.509357,102.218592,-6.067472,24.118356,85.551775,-3.051369,22.862993,88.304971,0.030000,
-6.066089,24.102125,85.552340,-9.312846,35.508922,102.224601,-6.064551,24.084082,85.552968,-3.052278,22.863799,88.304162,0.030000,
-6.066089,24.102125,85.552340,-9.312982,35.508486,102.230609,-6.067472,24.118356,85.551775,-3.053187,22.864605,88.303354,0.030000,
-6.066089,24.102125,85.552340,-9.313119,35.508049,102.236615,-6.064551,24.084082,85.552968,-3.054096,22.865410,88.302546,0.030000,
-6.066089,24.102125,85.552340,-9.313256,35.507611,102.242620,-6.067472,24.118356,85.551775,-3.055005,22.866215,88.301738,0.030000,
-6.066089,24.102125,85.552340,-9.313393,35.507171,102.248623,-6.064551,24.084082,85.552968,-3.055913,22.867019,88.300931,0.030000,
-6.066089,24.102125,85.552340,-9.313531,35.506731,102.254625,-6.067472,24.118356,85.551775,-3.056821,22.867823,88.300123,0.030000,
-6.066089,24.102125,85.552340,-9.313669,35.506289,102.260625,-6.064551,24.084082,85.552968,-3.057729,22.868626,88.299316,0.030000,
-6.066089,24.102125,85.552340,-9.313808,35.505846,102.266624,-6.067472,24.118356,85.551775,-3.058636,22.869429,88.298509,0.030000,
-6.066089,24.102125,85.552340,-9.313947,35.505401,102.272622,-6.064551,24.084082,85.552968,-3.059543,22.870231,88.297702,0.030000,
-6.066089,24.102125,85.552340,-9.314086,35.504956,102.278618,-6.067472,24.118356,85.551775,-3.060450,22.871033,88.296896,0.030000,
-6.066089,24.102125,85.552340,-9.314225,35.504510,102.284612,-6.064551,24.084082,85.552968,-3.061357,22.871834,88.296090,0.030000,
-6.066089,24.102125,85.552340,-9.314365,35.504062,102.290605,-6.067472,24.118356,85.551775,-3.062263,22.872635,88.295284,0.030000,
-6.066089,24.102125,85.552340,-9.314506,35.503613,102.296597,-6.064551,24.084082,85.552968,-3.063169,22.873435,88.294478,0.030000,
-6.066089,24.102125,85.552340,-9.314647,35.503163,102.302587,-6.067472,24.118356,85.551775,-3.064075,22.874235,88.293672,0.030000,
-6.066089,24.102125,85.552340,-9.314788,35.502712,102.308576,-6.064551,24.084082,85.552968,-3.064981,22.875035,88.292867,0.030000,
-6.066089,24.102125,85.552340,-9.314929,35.502260,102.314563,-6.067472,24.118356,85.551775,-3.065886,22.875833,88.292062,0.030000,
-6.066089,24.102125,85.552340,-9.315071,35.501807,102.320549,-6.064551,24.084082,85.552968,-3.066791,22.876632,88.291257,0.030000,
-6.066089,24.102125,85.552340,-9.315214,35.501352,102.326533,-6.067472,24.118356,85.551775,-3.067696,22.877429,88.290452,0.030000,
-6.066089,24.102125,85.552340,-9.315356,35.500896,102.332516,-6.064551,24.084082,85.552968,-3.068600,22.878227,88.289647,0.030000,
-6.066089,24.102125,85.552340,-9.315499,35.500440,102.338497,-6.067472,24.118356,85.551775,-3.069505,22.879023,88.288843,0.030000,
-6.066089,24.102125,85.552340,-9.315643,35.499982,102.344477,-6.064551,24.084082,85.552968,-3.070409,22.879820,88.288039,0.030000,
-6.066089,24.102125,85.552340,-9.315786,35.499523,102.350456,-6.067472,24.118356,85.551775,-3.071312,22.880615,88.287235,0.030000,
-6.066089,24.102125,85.552340,-9.315931,35.499063,102.356433,-6.064551,24.084082,85.552968,-3.072216,22.881411,88.286432,0.030000,
-6.066089,24.102125,85.552340,-9.316075,35.498601,102.362408,-6.067472,24.118356,85.551775,-3.073119,22.882206,88.285628,0.030000,
-6.066089,24.102125,85.552340,-9.316220,35.498139,102.368383,-6.064551,24.084082,85.552968,-3.074022,22.883000,88.284825,0.030000,
-6.066089,24.102125,85.552340,-9.316365,35.497676,102.374355,-6.067472,24.118356,85.551775,-3.074925,22.883794,88.284022,0.030000,
-6.066089,24.102125,85.552340,-9.316511,35.497211,102.380327,-6.064551,24.084082,85.552968,-3.075827,22.884587,88.283219,0.030000,
-6.066089,24.102125,85.552340,-9.316657,35.496745,102.386296,-6.067472,24.118356,85.551775,-3.076729,22.885380,88.282417,0.030000,
-6.066089,24.102125,85.552340,-9.316804,35.496279,102.392265,-6.064551,24.084082,85.552968,-3.077631,22.886172,88.281615,0.030000,
-6.066089,24.102125,85.552340,-9.316951,35.495811,102.398232,-6.067472,24.118356,85.551775,-3.078533,22.886964,88.280813,0.030000,
-6.066089,24.102125,85.552340,-9.317098,35.495342,102.404197,-6.064551,24.084082,85.552968,-3.079434,22.887755,88.280011,0.030000,
-6.066089,24.102125,85.552340,-9.317245,35.494872,102.410161,-6.067472,24.118356,85.551775,-3.080335,22.888546,88.279209,0.030000,
-6.066089,24.102125,85.552340,-9.317393,35.494400,102.416124,-6.064551,24.084082,85.552968,-3.081236,22.889336,88.278408,0.030000,
-6.066089,24.102125,85.552340,-9.317542,35.493928,102.422085,-6.067472,24.118356,85.551775,-3.082136,22.890126,88.277607,0.030000,
-6.066089,24.102125,85.552340,-9.317690,35.493455,102.428045,-6.064551,24.084082,85.552968,-3.083037,22.890916,88.276806,0.030000,
-6.066089,24.102125,85.552340,-9.317839,35.492981,102.434003,-6.067472,24.118356,85.551775,-3.083937,22.891705,88.276005,0.030000,
-6.066089,24.102125,85.552340,-9.317989,35.492505,102.439960,-6.064551,24.084082,85.552968,-3.084836,22.892493,88.275204,0.030000,
-6.066089,24.102125,85.552340,-9.318139,35.492029,102.445915,-6.067472,24.118356,85.551775,-3.085736,22.893281,88.274404,0.030000,
-6.066089,24.102125,85.552340,-9.318289,35.491551,102.451869,-6.064551,24.084082,85.552968,-3.086635,22.894068,88.273604,0.030000,
-6.066089,24.102125,85.552340,-9.318440,35.491072,102.457822,-6.067472,24.118356,85.551775,-3.087534,22.894855,88.272804,0.030000,
-6.066089,24.102125,85.552340,-9.318590,35.490592,102.463773,-6.064551,24.084082,85.552968,-3.088433,22.895641,88.272005,0.030000,
-6.066089,24.102125,85.552340,-9.318742,35.490112,102.469723,-6.067472,24.118356,85.551775,-3.089331,22.896427,88.271205,0.030000,
-6.066089,24.102125,85.552340,-9.318894,35.489630,102.475671,-6.064551,24.084082,85.552968,-3.090229,22.897213,88.270406,0.030000,
-6.066089,24.102125,85.552340,-9.319046,35.489147,102.481618,-6.067472,24.118356,85.551775,-3.091127,22.897998,88.269607,0.030000,
-6.066089,24.102125,85.552340,-9.319198,35.488663,102.487563,-6.064551,24.084082,85.552968,-3.092025,22.898782,88.268808,0.030000,
-6.066089,24.102125,85.552340,-9.319351,35.488178,102.493507,-6.067472,24.118356,85.551775,-3.092922,22.899566,88.268010,0.030000,
-6.066089,24.102125,85.552340,-9.319504,35.487692,102.499449,-6.064551,24.084082,85.552968,-3.093819,22.900350,88.267211,0.030000,
-6.066089,24.102125,85.552340,-9.319658,35.487205,102.505390,-6.067472,24.118356,85.551775,-3.094716,22.901133,88.266413,0.030000,
-6.066089,24.102125,85.552340,-9.319812,35.486716,102.511330,-6.064551,24.084082,85.552968,-3.095613,22.901915,88.265615,0.030000,
-6.066089,24.102125,85.552340,-9.319966,35.486227,102.517268,-6.067472,24.118356,85.551775,-3.096509,22.902697,88.264818,0.030000,
-6.066089,24.102125,85.552340,-9.320121,35.485737,102.523205,-6.064551,24.084082,85.552968,-3.097405,22.903479,88.264020,0.030000,
-6.066089,24.102125,85.552340,-9.320276,35.485246,102.529141,-6.067472,24.118356,85.551775,-3.098301,22.904260,88.263223,0.030000,
-6.066089,24.102125,85.552340,-9.320431,35.484753,102.535074,-6.064551,24.084082,85.552968,-3.099197,22.905040,88.262426,0.030000,
-6.066089,24.102125,85.552340,-9.320587,35.484260,102.541007,-6.067472,24.118356,85.551775,-3.100092,22.905820,88.261629,0.030000,
-6.066089,24.102125,85.552340,-9.320743,35.483766,102.546938,-6.064551,24.084082,85.552968,-3.100987,22.906600,88.260833,0.030000,
-6.066089,24.102125,85.552340,-9.320900,35.483270,102.552868,-6.067472,24.118356,85.551775,-3.101882,22.907379,88.260036,0.030000,
-6.066089,24.102125,85.552340,-9.321057,35.482774,102.558796,-6.064551,24.084082,85.552968,-3.102776,22.908158,88.259240,0.030000,
-6.066089,24.102125,85.552340,-9.321214,35.482277,102.564723,-6.067472,24.118356,85.551775,-3.103670,22.908936,88.258444,0.030000,
-6.066089,24.102125,85.552340,-9.321372,35.481778,102.570648,-6.064551,24.084082,85.552968,-3.104564,22.909713,88.257649,0.030000,
-6.066089,24.102125,85.552340,-9.321530,35.481279,102.576572,-6.067472,24.118356,85.551775,-3.105458,22.910491,88.256853,0.030000,
-6.066089,24.102125,85.552340,-9.321688,35.480778,102.582495,-6.064551,24.084082,85.552968,-3.106351,22.911267,88.256058,0.030000,
-6.066089,24.102125,85.552340,-9.321847,35.480277,102.588416,-6.067472,24.118356,85.551775,-3.107245,22.912043,88.255263,0.030000,
-6.066089,24.102125,85.552340,-9.322006,35.479774,102.594336,-6.064551,24.084082,85.552968,-3.108137,22.912819,88.254468,0.030000,
-6.066089,24.102125,85.552340,-9.322166,35.479271,102.600254,-6.067472,24.118356,85.551775,-3.109030,22.913594,88.253674,0.030000,
-6.066089,24.102125,85.552340,-9.322326,35.478766,102.606171,-6.064551,24.084082,85.552968,-3.109922,22.914369,88.252879,0.030000,
-6.066089,24.102125,85.552340,-9.322486,35.478261,102.612086,-6.067472,24.118356,85.551775,-3.110815,22.915143,88.252085,0.030000,
-6.066089,24.102125,85.552340,-9.322647,35.477755,102.618001,-6.064551,24.084082,85.552968,-3.111706,22.915917,88.251291,0.030000,
-6.066089,24.102125,85.552340,-9.322808,35.477247,102.623913,-6.067472,24.118356,85.551775,-3.112598,22.916690,88.250498,0.030000,
-6.066089,24.102125,85.552340,-9.322969,35.476739,102.629824,-6.064551,24.084082,85.552968,-3.113489,22.917463,88.249704,0.030000,
-6.066089,24.102125,85.552340,-9.323131,35.476229,102.635734,-6.067472,24.118356,85.551775,-3.114380,22.918235,88.248911,0.030000,
-6.066089,24.102125,85.552340,-9.323293,35.475719,102.641643,-6.064551,24.084082,85.552968,-3.115271,22.919007,88.248118,0.030000,
-6.066089,24.102125,85.552340,-9.323455,35.475208,102.647550,-6.067472,24.118356,85.551775,-3.116162,22.919779,88.247325,0.030000,
-6.066089,24.102125,85.552340,-9.323618,35.474695,102.653455,-6.064551,24.084082,85.552968,-3.117052,22.920549,88.246532,0.030000,
-6.066089,24.102125,85.552340,-9.323781,35.474182,102.659360,-6.067472,24.118356,85.551775,-3.117942,22.921320,88.245740,0.030000,
-6.066089,24.102125,85.552340,-9.323945,35.473668,102.665262,-6.064551,24.084082,85.552968,-3.118832,22.922090,88.244948,0.030000,
-6.066089,24.102125,85.552340,-9.324109,35.473153,102.671164,-6.067472,24.118356,85.551775,-3.119721,22.922859,88.244156,0.030000,
-6.066089,24.102125,85.552340,-9.324273,35.472636,102.677064,-6.064551,24.084082,85.552968,-3.120611,22.923628,88.243364,0.030000,
-6.066089,24.102125,85.552340,-9.324438,35.472119,102.682962,-6.067472,24.118356,85.551775,-3.121500,22.924397,88.242573,0.030000,
-6.066089,24.102125,85.552340,-9.324603,35.471601,102.688860,-6.064551,24.084082,85.552968,-3.122388,22.925165,88.241781,0.030000,
-6.066089,24.102125,85.552340,-9.324768,35.471082,102.694755,-6.067472,24.118356,85.551775,-3.123277,22.925932,88.240990,0.030000,
-6.066089,24.102125,85.552340,-9.324934,35.470562,102.700650,-6.064551,24.084082,85.552968,-3.124165,22.926699,88.240199,0.030000,
-6.066089,24.102125,85.552340,-9.325100,35.470041,102.706543,-6.067472,24.118356,85.551775,-3.125053,22.927466,88.239409,0.030000,
-6.066089,24.102125,85.552340,-9.325267,35.469519,102.712434,-6.064551,24.084082,85.552968,-3.125941,22.928232,88.238618,0.030000,
-6.066089,24.102125,85.552340,-9.325434,35.468996,102.718324,-6.067472,24.118356,85.551775,-3.126828,22.928997,88.237828,0.030000,
-6.066089,24.102125,85.552340,-9.325601,35.468472,102.724213,-6.064551,24.084082,85.552968,-3.127715,22.929763,88.237038,0.030000,
-6.066089,24.102125,85.552340,-9.325769,35.467948,102.730101,-6.067472,24.118356,85.551775,-3.128602,22.930527,88.236248,0.030000,
-6.066089,24.102125,85.552340,-9.325937,35.467422,102.735987,-6.064551,24.084082,85.552968,-3.129489,22.931291,88.235459,0.030000,
-6.066089,24.102125,85.552340,-9.326105,35.466895,102.741871,-6.067472,24.118356,85.551775,-3.130375,22.932055,88.234669,0.030000,
-6.066089,24.102125,85.552340,-9.326274,35.466368,102.747754,-6.064551,24.084082,85.552968,-3.131261,22.932818,88.233880,0.030000,
-6.066089,24.102125,85.552340,-9.326443,35.465839,102.753636,-6.067472,24.118356,85.551775,-3.132147,22.933581,88.233091,0.030000,
-6.066089,24.102125,85.552340,-9.326612,35.465310,102.759517,-6.064551,24.084082,85.552968,-3.133033,22.934343,88.232303,0.030000,
-6.066089,24.102125,85.552340,-9.326782,35.464779,102.765396,-6.067472,24.118356,85.551775,-3.133918,22.935105,88.231514,0.030000,
-6.066089,24.102125,85.552340,-9.326952,35.464248,102.771273,-6.064551,24.084082,85.552968,-3.134803,22.935866,88.230726,0.030000,
-6.066089,24.102125,85.552340,-9.327123,35.463716,102.777150,-6.067472,24.118356,85.551775,-3.135688,22.936627,88.229938,0.030000,
-6.066089,24.102125,85.552340,-9.327294,35.463183,102.783024,-6.064551,24.084082,85.552968,-3.136573,22.937388,88.229150,0.030000,
-6.066089,24.102125,85.552340,-9.327465,35.462649,102.788898,-6.067472,24.118356,85.551775,-3.137457,22.938147,88.228363,0.030000,
-6.066089,24.102125,85.552340,-9.327636,35.462114,102.794770,-6.064551,24.084082,85.552968,-3.138341,22.938907,88.227575,0.030000,
-6.066089,24.102125,85.552340,-9.327808,35.461578,102.800641,-6.067472,24.118356,85.551775,-3.139225,22.939666,88.226788,0.030000,
-6.066089,24.102125,85.552340,-9.327981,35.461041,102.806510,-6.064551,24.084082,85.552968,-3.140108,22.940424,88.226001,0.030000,
-6.066089,24.102125,85.552340,-9.328153,35.460504,102.812378,-6.067472,24.118356,85.551775,-3.140991,22.941182,88.225215,0.030000,
-6.066089,24.102125,85.552340,-9.328327,35.459965,102.818244,-6.064551,24.084082,85.552968,-3.141874,22.941940,88.224428,0.030000,
-6.066089,24.102125,85.552340,-9.328500,35.459426,102.824110,-6.067472,24.118356,85.551775,-3.142757,22.942697,88.223642,0.030000,
-6.066089,24.102125,85.552340,-9.328674,35.458885,102.829973,-6.064551,24.084082,85.552968,-3.143640,22.943453,88.222856,0.030000,
-6.066089,24.102125,85.552340,-9.328848,35.458344,102.835836,-6.067472,24.118356,85.551775,-3.144522,22.944209,88.222070,0.030000,
-6.066089,24.102125,85.552340,-9.329022,35.457802,102.841697,-6.064551,24.084082,85.552968,-3.145404,22.944965,88.221284,0.030000,
-6.066089,24.102125,85.552340,-9.329197,35.457259,102.847556,-6.067472,24.118356,85.551775,-3.146286,22.945720,88.220499,0.030000,
-6.066089,24.102125,85.552340,-9.329372,35.456715,102.853415,-6.064551,24.084082,85.552968,-3.147167,22.946475,88.219714,0.030000,
-6.066089,24.102125,85.552340,-9.329548,35.456170,102.859271,-6.067472,24.118356,85.551775,-3.148048,22.947229,88.218929,0.030000,
-6.066089,24.102125,85.552340,-9.329724,35.455625,102.865127,-6.064551,24.084082,85.552968,-3.148929,22.947983,88.218144,0.030000,
-6.066089,24.102125,85.552340,-9.329900,35.455078,102.870981,-6.067472,24.118356,85.551775,-3.149810,22.948736,88.217359,0.030000,
-6.066089,24.102125,85.552340,-9.330077,35.454531,102.876834,-6.064551,24.084082,85.552968,-3.150690,22.949489,88.216575,0.030000,
-6.066089,24.102125,85.552340,-9.330254,35.453982,102.882685,-6.067472,24.118356,85.551775,-3.151570,22.950241,88.215791,0.030000,
-6.066089,24.102125,85.552340,-9.330431,35.453433,102.888535,-6.064551,24.084082,85.552968,-3.152450,22.950993,88.215007,0.030000,
-6.066089,24.102125,85.552340,-9.330609,35.452883,102.894384,-6.067472,24.118356,85.551775,-3.153330,22.951745,88.214223,0.030000,
-6.066089,24.102125,85.552340,-9.330787,35.452332,102.900231,-6.064551,24.084082,85.552968,-3.154209,22.952496,88.213440,0.030000,
-6.066089,24.102125,85.552340,-9.330966,35.451781,102.906077,-6.067472,24.118356,85.551775,-3.155088,22.953246,88.212657,0.030000,
-6.066089,24.102125,85.552340,-9.331144,35.451228,102.911921,-6.064551,24.084082,85.552968,-3.155967,22.953996,88.211874,0.030000,
-6.066089,24.102125,85.552340,-9.331324,35.450674,102.917764,-6.067472,24.118356,85.551775,-3.156846,22.954746,88.211091,0.030000,
-6.066089,24.102125,85.552340,-9.331503,35.450120,102.923606,-6.064551,24.084082,85.552968,-3.157724,22.955495,88.210308,0.030000,
-6.066089,24.102125,85.552340,-9.331683,35.449565,102.929446,-6.067472,24.118356,85.551775,-3.158602,22.956243,88.209526,0.030000,
-6.066089,24.102125,85.552340,-9.331863,35.449009,102.935285,-6.064551,24.084082,85.552968,-3.159480,22.956991,88.208744,0.030000,
-6.066089,24.102125,85.552340,-9.332044,35.448452,102.941123,-6.067472,24.118356,85.551775,-3.160357,22.957739,88.207962,0.030000,
-6.066089,24.102125,85.552340,-9.332225,35.447894,102.946959,-6.064551,24.084082,85.552968,-3.161235,22.958486,88.207180,0.030000,
-6.066089,24.102125,85.552340,-9.332406,35.447335,102.952794,-6.067472,24.118356,85.551775,-3.162112,22.959233,88.206399,0.030000,
-6.066089,24.102125,85.552340,-9.332588,35.446776,102.958628,-6.064551,24.084082,85.552968,-3.162989,22.959979,88.205617,0.030000,
-6.066089,24.102125,85.552340,-9.332770,35.446216,102.964460,-6.067472,24.118356,85.551775,-3.163865,22.960725,88.204836,0.030000,
-6.066089,24.102125,85.552340,-9.332952,35.445655,102.970291,-6.064551,24.084082,85.552968,-3.164741,22.961470,88.204055,0.030000,
-6.066089,24.102125,85.552340,-9.333135,35.445093,102.976120,-6.067472,24.118356,85.551775,-3.165617,22.962215,88.203275,0.030000,
-6.066089,24.102125,85.552340,-9.333318,35.444530,102.981948,-6.064551,24.084082,85.552968,-3.166493,22.962959,88.202494,0.030000,
-6.066089,24.102125,85.552340,-9.333501,35.443966,102.987775,-6.067472,24.118356,85.551775,-3.167369,22.963703,88.201714,0.030000,
-6.066089,24.102125,85.552340,-9.333685,35.443402,102.993600,-6.064551,24.084082,85.552968,-3.168244,22.964447,88.200934,0.030000,
-6.066089,24.102125,85.552340,-9.333869,35.442837,102.999424,-6.067472,24.118356,85.551775,-3.169119,22.965190,88.200154,0.030000,
-6.066089,24.102125,85.552340,-9.334054,35.442270,103.005247,-6.064551,24.084082,85.552968,-3.169994,22.965932,88.199375,0.030000,
-6.066089,24.102125,85.552340,-9.334238,35.441703,103.011068,-6.067472,24.118356,85.551775,-3.170868,22.966674,88.198596,0.030000,
-6.066089,24.102125,85.552340,-9.334424,35.441136,103.016888,-6.064551,24.084082,85.552968,-3.171742,22.967416,88.197816,0.030000,
-6.066089,24.102125,85.552340,-9.334609,35.440567,103.022707,-6.067472,24.118356,85.551775,-3.172616,22.968157,88.197038,0.030000,
-6.066089,24.102125,85.552340,-9.334795,35.439998,103.028524,-6.064551,24.084082,85.552968,-3.173490,22.968898,88.196259,0.030000,
-6.066089,24.102125,85.552340,-9.334981,35.439428,103.034340,-6.067472,24.118356,85.551775,-3.174363,22.969638,88.195480,0.030000,
-6.066089,24.102125,85.552340,-9.335168,35.438857,103.040154,-6.064551,24.084082,85.552968,-3.175237,22.970378,88.194702,0.030000,
-6.066089,24.102125,85.552340,-9.335355,35.438285,103.045967,-6.067472,24.118356,85.551775,-3.176109,22.971117,88.193924,0.030000,
-6.066089,24.102125,85.552340,-9.335542,35.437712,103.051779,-6.064551,24.084082,85.552968,-3.176982,22.971856,88.193146,0.030000,
-6.066089,24.102125,85.552340,-9.335730,35.437139,103.057590,-6.067472,24.118356,85.551775,-3.177855,22.972594,88.192369,0.030000,
-6.066089,24.102125,85.552340,-9.335918,35.436565,103.063399,-6.064551,24.084082,85.552968,-3.178727,22.973332,88.191591,0.030000,
-6.066089,24.102125,85.552340,-9.336106,35.435990,103.069206,-6.067472,24.118356,85.551775,-3.179599,22.974070,88.190814,0.030000,
-6.066089,24.102125,85.552340,-9.336295,35.435414,103.075013,-6.064551,24.084082,85.552968,-3.180470,22.974807,88.190037,0.030000,
-6.066089,24.102125,85.552340,-9.336484,35.434837,103.080818,-6.067472,24.118356,85.551775,-3.181342,22.975543,88.189260,0.030000,
-6.066089,24.102125,85.552340,-9.336673,35.434260,103.086621,-6.064551,24.084082,85.552968,-3.182213,22.976279,88.188484,0.030000,
-6.066089,24.102125,85.552340,-9.336863,35.433682,103.092424,-6.067472,24.118356,85.551775,-3.183084,22.977015,88.187708,0.030000,
-6.066089,24.102125,85.552340,-9.337053,35.433103,103.098225,-6.064551,24.084082,85.552968,-3.183954,22.977750,88.186931,0.030000,
-6.066089,24.102125,85.552340,-9.337243,35.432523,103.104024,-6.067472,24.118356,85.551775,-3.184825,22.978485,88.186156,0.030000,
-6.066089,24.102125,85.552340,-9.337434,35.431942,103.109823,-6.064551,24.084082,85.552968,-3.185695,22.979219,88.185380,0.030000,
-6.066089,24.102125,85.552340,-9.337625,35.431361,103.115620,-6.067472,24.118356,85.551775,-3.186564,22.979953,88.184604,0.030000,
-6.066089,24.102125,85.552340,-9.337817,35.430779,103.121415,-6.064551,24.084082,85.552968,-3.187434,22.980686,88.183829,0.030000,
-6.066089,24.102125,85.552340,-9.338009,35.430196,103.127210,-6.067472,24.118356,85.551775,-3.188303,22.981419,88.183054,0.030000,
-6.066089,24.102125,85.552340,-9.338201,35.429612,103.133002,-6.064551,24.084082,85.552968,-3.189172,22.982151,88.182279,0.030000,
-6.066089,24.102125,85.552340,-9.338393,35.429028,103.138794,-6.067472,24.118356,85.551775,-3.190041,22.982883,88.181505,0.030000,
-6.066089,24.102125,85.552340,-9.338586,35.428443,103.144584,-6.064551,24.084082,85.552968,-3.190910,22.983615,88.180730,0.030000,
-6.066089,24.102125,85.552340,-9.338779,35.427857,103.150373,-6.067472,24.118356,85.551775,-3.191778,22.984346,88.179956,0.030000,
-6.066089,24.102125,85.552340,-9.338973,35.427270,103.156161,-6.064551,24.084082,85.552968,-3.192646,22.985077,88.179182,0.030000,
-6.066089,24.102125,85.552340,-9.339167,35.426683,103.161947,-6.067472,24.118356,85.551775,-3.193514,22.985807,88.178409,0.030000,
-6.066089,24.102125,85.552340,-9.339361,35.426094,103.167732,-6.064551,24.084082,85.552968,-3.194382,22.986536,88.177635,0.030000,
-6.066089,24.102125,85.552340,-9.339556,35.425505,103.173515,-6.067472,24.118356,85.551775,-3.195249,22.987266,88.176862,0.030000,
-6.066089,24.102125,85.552340,-9.339750,35.424915,103.179298,-6.064551,24.084082,85.552968,-3.196116,22.987994,88.176089,0.030000,
-6.066089,24.102125,85.552340,-9.339946,35.424325,103.185079,-6.067472,24.118356,85.551775,-3.196983,22.988723,88.175316,0.030000,
-6.066089,24.102125,85.552340,-9.340141,35.423734,103.190858,-6.064551,24.084082,85.552968,-3.197849,22.989450,88.174543,0.030000,
-6.066089,24.102125,85.552340,-9.340337,35.423142,103.196636,-6.067472,24.118356,85.551775,-3.198715,22.990178,88.173771,0.030000,
-6.066089,24.102125,85.552340,-9.340534,35.422549,103.202413,-6.064551,24.084082,85.552968,-3.199581,22.990905,88.172998,0.030000,
-6.066089,24.102125,85.552340,-9.340730,35.421955,103.208189,-6.067472,24.118356,85.551775,-3.200447,22.991631,88.172226,0.030000,
-6.066089,24.102125,85.552340,-9.340927,35.421361,103.213963,-6.064551,24.084082,85.552968,-3.201313,22.992357,88.171455,0.030000,
-6.066089,24.102125,85.552340,-9.341125,35.420766,103.219736,-6.067472,24.118356,85.551775,-3.202178,22.993083,88.170683,0.030000,
-6.066089,24.102125,85.552340,-9.341322,35.420170,103.225507,-6.064551,24.084082,85.552968,-3.203043,22.993808,88.169912,0.030000,
-6.066089,24.102125,85.552340,-9.341520,35.419574,103.231278,-6.067472,24.118356,85.551775,-3.203908,22.994533,88.169141,0.030000,
-6.066089,24.102125,85.552340,-9.341719,35.418977,103.237046,-6.064551,24.084082,85.552968,-3.204772,22.995257,88.168370,0.030000,
-6.066089,24.102125,85.552340,-9.341917,35.418379,103.242814,-6.067472,24.118356,85.551775,-3.205636,22.995981,88.167599,0.030000,
-6.066089,24.102125,85.552340,-9.342116,35.417780,103.248580,-6.064551,24.084082,85.552968,-3.206500,22.996704,88.166828,0.030000,
-6.066089,24.102125,85.552340,-9.342316,35.417181,103.254345,-6.067472,24.118356,85.551775,-3.207364,22.997427,88.166058,0.030000,
-6.066089,24.102125,85.552340,-9.342515,35.416581,103.260109,-6.064551,24.084082,85.552968,-3.208227,22.998149,88.165288,0.030000,
-6.066089,24.102125,85.552340,-9.342715,35.415980,103.265871,-6.067472,24.118356,85.551775,-3.209091,22.998871,88.164518,0.030000,
-6.066089,24.102125,85.552340,-9.342916,35.415378,103.271632,-6.064551,24.084082,85.552968,-3.209954,22.999593,88.163748,0.030000,
-6.066089,24.102125,85.552340,-9.343116,35.414776,103.277392,-6.067472,24.118356,85.551775,-3.210816,23.000314,88.162979,0.030000,
-6.066089,24.102125,85.552340,-9.343317,35.414173,103.283150,-6.064551,24.084082,85.552968,-3.211679,23.001034,88.162210,0.030000,
-6.066089,24.102125,85.552340,-9.343519,35.413569,103.288907,-6.067472,24.118356,85.551775,-3.212541,23.001754,88.161441,0.030000,
-6.066089,24.102125,85.552340,-9.343721,35.412965,103.294663,-6.064551,24.084082,85.552968,-3.213403,23.002474,88.160672,0.030000,
-6.066089,24.102125,85.552340,-9.343923,35.412360,103.300417,-6.067472,24.118356,85.551775,-3.214265,23.003193,88.159903,0.030000,
-6.066089,24.102125,85.552340,-9.344125,35.411754,103.306170,-6.064551,24.084082,85.552968,-3.215126,23.003912,88.159135,0.030000,
-6.066089,24.102125,85.552340,-9.344328,35.411147,103.311922,-6.067472,24.118356,85.551775,-3.215987,23.004631,88.158367,0.030000,
-6.066089,24.102125,85.552340,-9.344531,35.410540,103.317672,-6.064551,24.084082,85.552968,-3.216848,23.005348,88.157599,0.030000,
-6.066089,24.102125,85.552340,-9.344734,35.409932,103.323421,-6.067472,24.118356,85.551775,-3.217709,23.006066,88.156831,0.030000,
-6.066089,24.102125,85.552340,-9.344938,35.409323,103.329169,-6.064551,24.084082,85.552968,-3.218569,23.006783,88.156064,0.030000,
-6.066089,24.102125,85.552340,-9.345142,35.408714,103.334915,-6.067472,24.118356,85.551775,-3.219429,23.007500,88.155296,0.030000,
-6.066089,24.102125,85.552340,-9.345346,35.408104,103.340660,-6.064551,24.084082,85.552968,-3.220289,23.008216,88.154529,0.030000,
-6.066089,24.102125,85.552340,-9.345551,35.407493,103.346404,-6.067472,24.118356,85.551775,-3.221149,23.008931,88.153762,0.030000,
-6.066089,24.102125,85.552340,-9.345756,35.406881,103.352147,-6.064551,24.084082,85.552968,-3.222008,23.009647,88.152996,0.030000,
-6.066089,24.102125,85.552340,-9.345962,35.406269,103.357888,-6.067472,24.118356,85.551775,-3.222867,23.010361,88.152229,0.030000,
-6.066089,24.102125,85.552340,-9.346168,35.405656,103.363628,-6.064551,24.084082,85.552968,-3.223726,23.011076,88.151463,0.030000,
-6.066089,24.102125,85.552340,-9.346374,35.405043,103.369366,-6.067472,24.118356,85.551775,-3.224585,23.011790,88.150697,0.030000,
-6.066089,24.102125,85.552340,-9.346580,35.404429,103.375103,-6.064551,24.084082,85.552968,-3.225443,23.012503,88.149931,0.030000,
-6.066089,24.102125,85.552340,-9.346787,35.403814,103.380839,-6.067472,24.118356,85.551775,-3.226301,23.013216,88.149166,0.030000,
-6.066089,24.102125,85.552340,-9.346994,35.403198,103.386574,-6.064551,24.084082,85.552968,-3.227159,23.013928,88.148400,0.030000,
-6.066089,24.102125,85.552340,-9.347201,35.402582,103.392307,-6.067472,24.118356,85.551775,-3.228017,23.014641,88.147635,0.030000,
-6.066089,24.102125,85.552340,-9.347409,35.401965,103.398039,-6.064551,24.084082,85.552968,-3.228874,23.015352,88.146870,0.030000,
-6.066089,24.102125,85.552340,-9.347617,35.401347,103.403770,-6.067472,24.118356,85.551775,-3.229731,23.016063,88.146105,0.030000,
-6.066089,24.102125,85.552340,-9.347826,35.400729,103.409499,-6.064551,24.084082,85.552968,-3.230588,23.016774,88.145341,0.030000,
-6.066089,24.102125,85.552340,-9.348034,35.400110,103.415227,-6.067472,24.118356,85.551775,-3.231445,23.017485,88.144576,0.030000,
-6.066089,24.102125,85.552340,-9.348243,35.399490,103.420954,-6.064551,24.084082,85.552968,-3.232301,23.018194,88.143812,0.030000,
-6.066089,24.102125,85.552340,-9.348453,35.398870,103.426680,-6.067472,24.118356,85.551775,-3.233157,23.018904,88.143048,0.030000,
-6.066089,24.102125,85.552340,-9.348662,35.398249,103.432404,-6.064551,24.084082,85.552968,-3.234013,23.019613,88.142285,0.030000,
-6.066089,24.102125,85.552340,-9.348873,35.397627,103.438127,-6.067472,24.118356,85.551775,-3.234869,23.020321,88.141521,0.030000,
-6.066089,24.102125,85.552340,-9.349083,35.397005,103.443848,-6.064551,24.084082,85.552968,-3.235724,23.021029,88.140758,0.030000,
-6.066089,24.102125,85.552340,-9.349294,35.396382,103.449569,-6.067472,24.118356,85.551775,-3.236579,23.021737,88.139995,0.030000,
-6.066089,24.102125,85.552340,-9.349505,35.395759,103.455287,-6.064551,24.084082,85.552968,-3.237434,23.022444,88.139232,0.030000,
-6.066089,24.102125,85.552340,-9.349716,35.395134,103.461005,-6.067472,24.118356,85.551775,-3.238289,23.023151,88.138469,0.030000,
-6.066089,24.102125,85.552340,-9.349928,35.394509,103.466722,-6.064551,24.084082,85.552968,-3.239143,23.023857,88.137707,0.030000,
-6.066089,24.102125,85.552340,-9.350140,35.393884,103.472437,-6.067472,24.118356,85.551775,-3.239997,23.024563,88.136945,0.030000,
-6.066089,24.102125,85.552340,-9.350352,35.393258,103.478150,-6.064551,24.084082,85.552968,-3.240851,23.025269,88.136183,0.030000,
-6.066089,24.102125,85.552340,-9.350565,35.392631,103.483863,-6.067472,24.118356,85.551775,-3.241704,23.025974,88.135421,0.030000,
-6.066089,24.102125,85.552340,-9.350778,35.392003,103.489574,-6.064551,24.084082,85.552968,-3.242558,23.026678,88.134660,0.030000,
-6.066089,24.102125,85.552340,-9.350991,35.391375,103.495284,-6.067472,24.118356,85.551775,-3.243411,23.027383,88.133898,0.030000,
-6.066089,24.102125,85.552340,-9.351205,35.390746,103.500992,-6.064551,24.084082,85.552968,-3.244264,23.028086,88.133137,0.030000,
-6.066089,24.102125,85.552340,-9.351419,35.390117,103.506700,-6.067472,24.118356,85.551775,-3.245116,23.028790,88.132376,0.030000,
-6.066089,24.102125,85.552340,-9.351633,35.389487,103.512406,-6.064551,24.084082,85.552968,-3.245969,23.029492,88.131615,0.030000,
-6.066089,24.102125,85.552340,-9.351848,35.388856,103.518110,-6.067472,24.118356,85.551775,-3.246821,23.030195,88.130855,0.030000,
-6.066089,24.102125,85.552340,-9.352063,35.388225,103.523814,-6.064551,24.084082,85.552968,-3.247672,23.030897,88.130095,0.030000,
-6.066089,24.102125,85.552340,-9.352278,35.387593,103.529516,-6.067472,24.118356,85.551775,-3.248524,23.031598,88.129335,0.030000,
-6.066089,24.102125,85.552340,-9.352494,35.386960,103.535217,-6.064551,24.084082,85.552968,-3.249375,23.032299,88.128575,0.030000,
-6.066089,24.102125,85.552340,-9.352710,35.386327,103.540916,-6.067472,24.118356,85.551775,-3.250226,23.033000,88.127815,0.030000,
-6.066089,24.102125,85.552340,-9.352926,35.385693,103.546615,-6.064551,24.084082,85.552968,-3.251077,23.033700,88.127056,0.030000,
-6.066089,24.102125,85.552340,-9.353143,35.385058,103.552312,-6.067472,24.118356,85.551775,-3.251928,23.034400,88.126296,0.030000,
-6.066089,24.102125,85.552340,-9.353359,35.384423,103.558007,-6.064551,24.084082,85.552968,-3.252778,23.035099,88.125537,0.030000,
-6.066089,24.102125,85.552340,-9.353577,35.383787,103.563702,-6.067472,24.118356,85.551775,-3.253628,23.035798,88.124779,0.030000,
-6.066089,24.102125,85.552340,-9.353794,35.383151,103.569395,-6.064551,24.084082,85.552968,-3.254478,23.036496,88.124020,0.030000,
-6.066089,24.102125,85.552340,-9.354012,35.382514,103.575087,-6.067472,24.118356,85.551775,-3.255328,23.037194,88.123262,0.030000,
-6.066089,24.102125,85.552340,-9.354230,35.381876,103.580777,-6.064551,24.084082,85.552968,-3.256177,23.037892,88.122503,0.030000,
-6.066089,24.102125,85.552340,-9.354449,35.381238,103.586466,-6.067472,24.118356,85.551775,-3.257026,23.038589,88.121746,0.030000,
-6.066089,24.102125,85.552340,-9.354668,35.380599,103.592154,-6.064551,24.084082,85.552968,-3.257875,23.039286,88.120988,0.030000,
-6.066089,24.102125,85.552340,-9.354887,35.379960,103.597841,-6.067472,24.118356,85.551775,-3.258723,23.039982,88.120230,0.030000,
-6.066089,24.102125,85.552340,-9.355106,35.379320,103.603526,-6.064551,24.084082,85.552968,-3.259572,23.040678,88.119473,0.030000,
-6.066089,24.102125,85.552340,-9.355326,35.378679,103.609211,-6.067472,24.118356,85.551775,-3.260420,23.041373,88.118716,0.030000,
-6.066089,24.102125,85.552340,-9.355546,35.378038,103.614893,-6.064551,24.084082,85.552968,-3.261267,23.042068,88.117959,0.030000,
-6.066089,24.102125,85.552340,-9.355767,35.377396,103.620575,-6.067472,24.118356,85.551775,-3.262115,23.042763,88.117202,0.030000,
-6.066089,24.102125,85.552340,-9.355987,35.376753,103.626255,-6.064551,24.084082,85.552968,-3.262962,23.043457,88.116446,0.030000,
-6.066089,24.102125,85.552340,-9.356208,35.376110,103.631934,-6.067472,24.118356,85.551775,-3.263809,23.044150,88.115689,0.030000,
-6.066089,24.102125,85.552340,-9.356430,35.375467,103.637612,-6.064551,24.084082,85.552968,-3.264656,23.044844,88.114933,0.030000,
-6.066089,24.102125,85.552340,-9.356652,35.374822,103.643288,-6.067472,24.118356,85.551775,-3.265503,23.045536,88.114178,0.030000,
-6.066089,24.102125,85.552340,-9.356874,35.374178,103.648964,-6.064551,24.084082,85.552968,-3.266349,23.046229,88.113422,0.030000,
-6.066089,24.102125,85.552340,-9.357096,35.373532,103.654638,-6.067472,24.118356,85.551775,-3.267195,23.046921,88.112667,0.030000,
-6.066089,24.102125,85.552340,-9.357319,35.372886,103.660310,-6.064551,24.084082,85.552968,-3.268041,23.047612,88.111911,0.030000,
-6.066089,24.102125,85.552340,-9.357542,35.372239,103.665982,-6.067472,24.118356,85.551775,-3.268886,23.048303,88.111156,0.030000,
-6.066089,24.102125,85.552340,-9.357765,35.371592,103.671652,-6.064551,24.084082,85.552968,-3.269732,23.048994,88.110402,0.030000,
-6.066089,24.102125,85.552340,-9.357989,35.370944,103.677320,-6.067472,24.118356,85.551775,-3.270577,23.049684,88.109647,0.030000,
-6.066089,24.102125,85.552340,-9.358212,35.370296,103.682988,-6.064551,24.084082,85.552968,-3.271422,23.050374,88.108893,0.030000,
-6.066089,24.102125,85.552340,-9.358437,35.369647,103.688654,-6.067472,24.118356,85.551775,-3.272266,23.051063,88.108138,0.030000,
-6.066089,24.102125,85.552340,-9.358661,35.368997,103.694319,-6.064551,24.084082,85.552968,-3.273110,23.051752,88.107384,0.030000,
-6.066089,24.102125,85.552340,-9.358886,35.368347,103.699983,-6.067472,24.118356,85.551775,-3.273954,23.052440,88.106631,0.030000,
-6.066089,24.102125,85.552340,-9.359111,35.367696,103.705645,-6.064551,24.084082,85.552968,-3.274798,23.053128,88.105877,0.030000,
-6.066089,24.102125,85.552340,-9.359337,35.367045,103.711307,-6.067472,24.118356,85.551775,-3.275642,23.053816,88.105124,0.030000,
-6.066089,24.102125,85.552340,-9.359563,35.366393,103.716966,-6.064551,24.084082,85.552968,-3.276485,23.054503,88.104371,0.030000,
-6.066089,24.102125,85.552340,-9.359789,35.365741,103.722625,-6.067472,24.118356,85.551775,-3.277328,23.055190,88.103618,0.030000,
-6.066089,24.102125,85.552340,-9.360015,35.365088,103.728283,-6.064551,24.084082,85.552968,-3.278171,23.055876,88.102865,0.030000,
-6.066089,24.102125,85.552340,-9.360242,35.364434,103.733939,-6.067472,24.118356,85.551775,-3.279014,23.056562,88.102113,0.030000,
-6.066089,24.102125,85.552340,-9.360469,35.363780,103.739593,-6.064551,24.084082,85.552968,-3.279856,23.057248,88.101360,0.030000,
-6.066089,24.102125,85.552340,-9.360696,35.363125,103.745247,-6.067472,24.118356,85.551775,-3.280698,23.057933,88.100608,0.030000,
-6.066089,24.102125,85.552340,-9.360924,35.362470,103.750899,-6.064551,24.084082,85.552968,-3.281540,23.058617,88.099857,0.030000,
-6.066089,24.102125,85.552340,-9.361152,35.361814,103.756550,-6.067472,24.118356,85.551775,-3.282381,23.059301,88.099105,0.030000,
-6.066089,24.102125,85.552340,-9.361380,35.361158,103.762200,-6.064551,24.084082,85.552968,-3.283223,23.059985,88.098353,0.030000,
-6.066089,24.102125,85.552340,-9.361609,35.360501,103.767849,-6.067472,24.118356,85.551775,-3.284064,23.060668,88.097602,0.030000,
-6.066089,24.102125,85.552340,-9.361838,35.359843,103.773496,-6.064551,24.084082,85.552968,-3.284904,23.061351,88.096851,0.030000,
-6.066089,24.102125,85.552340,-9.362067,35.359185,103.779142,-6.067472,24.118356,85.551775,-3.285745,23.062034,88.096100,0.030000,
-6.066089,24.102125,85.552340,-9.362297,35.358527,103.784787,-6.064551,24.084082,85.552968,-3.286585,23.062716,88.095350,0.030000,
-6.066089,24.102125,85.552340,-9.362527,35.357867,103.790430,-6.067472,24.118356,85.551775,-3.287425,23.063397,88.094600,0.030000,
-6.066089,24.102125,85.552340,-9.362757,35.357208,103.796073,-6.064551,24.084082,85.552968,-3.288265,23.064079,88.093849,0.030000,
-6.066089,24.102125,85.552340,-9.362987,35.356547,103.801714,-6.067472,24.118356,85.551775,-3.289105,23.064759,88.093099,0.030000,
-6.066089,24.102125,85.552340,-9.363218,35.355886,103.807353,-6.064551,24.084082,85.552968,-3.289944,23.065440,88.092350,0.030000,
-6.066089,24.102125,85.552340,-9.363449,35.355225,103.812992,-6.067472,24.118356,85.551775,-3.290783,23.066120,88.091600,0.030000,
-6.066089,24.102125,85.552340,-9.363681,35.354563,103.818629,-6.064551,24.084082,85.552968,-3.291622,23.066799,88.090851,0.030000,
-6.066089,24.102125,85.552340,-9.363912,35.353901,103.824265,-6.067472,24.118356,85.551775,-3.292461,23.067478,88.090102,0.030000,
-6.066089,24.102125,85.552340,-9.364144,35.353238,103.829900,-6.064551,24.084082,85.552968,-3.293299,23.068157,88.089353,0.030000,
-6.066089,24.102125,85.552340,-9.364377,35.352574,103.835533,-6.067472,24.118356,85.551775,-3.294137,23.068835,88.088604,0.030000,
-6.066089,24.102125,85.552340,-9.364609,35.351910,103.841165,-6.064551,24.084082,85.552968,-3.294975,23.069513,88.087856,0.030000,
-6.066089,24.102125,85.552340,-9.364842,35.351245,103.846796,-6.067472,24.118356,85.551775,-3.295813,23.070190,88.087107,0.030000,
-6.066089,24.102125,85.552340,-9.365075,35.350580,103.852426,-6.064551,24.084082,85.552968,-3.296650,23.070867,88.086359,0.030000,
-6.066089,24.102125,85.552340,-9.365309,35.349915,103.858054,-6.067472,24.118356,85.551775,-3.297487,23.071543,88.085611,0.030000,
-6.066089,24.102125,85.552340,-9.365543,35.349248,103.863681,-6.064551,24.084082,85.552968,-3.298324,23.072220,88.084864,0.030000,
-6.066089,24.102125,85.552340,-9.365777,35.348582,103.869307,-6.067472,24.118356,85.551775,-3.299160,23.072895,88.084116,0.030000,
-6.066089,24.102125,85.552340,-9.366011,35.347914,103.874932,-6.064551,24.084082,85.552968,-3.299997,23.073570,88.083369,0.030000,
-6.066089,24.102125,85.552340,-9.366246,35.347247,103.880556,-6.067472,24.118356,85.551775,-3.300833,23.074245,88.082622,0.030000,
-6.066089,24.102125,85.552340,-9.366481,35.346578,103.886178,-6.064551,24.084082,85.552968,-3.301669,23.074920,88.081875,0.030000,
-6.066089,24.102125,85.552340,-9.366717,35.345909,103.891799,-6.067472,24.118356,85.551775,-3.302504,23.075594,88.081129,0.030000,
-6.066089,24.102125,85.552340,-9.366952,35.345240,103.897418,-6.064551,24.084082,85.552968,-3.303340,23.076267,88.080382,0.030000,
-6.066089,24.102125,85.552340,-9.367188,35.344570,103.903037,-6.067472,24.118356,85.551775,-3.304175,23.076940,88.079636,0.030000,
-6.066089,24.102125,85.552340,-9.367424,35.343900,103.908654,-6.064551,24.084082,85.552968,-3.305010,23.077613,88.078890,0.030000,
-6.066089,24.102125,85.552340,-9.367661,35.343229,103.914270,-6.067472,24.118356,85.551775,-3.305844,23.078285,88.078144,0.030000,
-6.066089,24.102125,85.552340,-9.367898,35.342557,103.919885,-6.064551,24.084082,85.552968,-3.306679,23.078957,88.077399,0.030000,
-6.066089,24.102125,85.552340,-9.368135,35.341885,103.925498,-6.067472,24.118356,85.551775,-3.307513,23.079629,88.076653,0.030000,
-6.066089,24.102125,85.552340,-9.368373,35.341213,103.931110,-6.064551,24.084082,85.552968,-3.308347,23.080300,88.075908,0.030000,
-6.066089,24.102125,85.552340,-9.368610,35.340540,103.936721,-6.067472,24.118356,85.551775,-3.309180,23.080970,88.075163,0.030000,
-6.066089,24.102125,85.552340,-9.368848,35.339867,103.942331,-6.064551,24.084082,85.552968,-3.310014,23.081640,88.074419,0.030000,
-6.066089,24.102125,85.552340,-9.369087,35.339193,103.947940,-6.067472,24.118356,85.551775,-3.310847,23.082310,88.073674,0.030000,
-6.066089,24.102125,85.552340,-9.369326,35.338518,103.953547,-6.064551,24.084082,85.552968,-3.311680,23.082980,88.072930,0.030000,
-6.066089,24.102125,85.552340,-9.369565,35.337843,103.959153,-6.067472,24.118356,85.551775,-3.312512,23.083648,88.072186,0.030000,
-6.066089,24.102125,85.552340,-9.369804,35.337168,103.964758,-6.064551,24.084082,85.552968,-3.313345,23.084317,88.071442,0.030000,
-6.066089,24.102125,85.552340,-9.370043,35.336492,103.970361,-6.067472,24.118356,85.551775,-3.314177,23.084985,88.070698,0.030000,
-6.066089,24.102125,85.552340,-9.370283,35.335815,103.975964,-6.064551,24.084082,85.552968,-3.315009,23.085653,88.069955,0.030000,
-6.066089,24.102125,85.552340,-9.370523,35.335138,103.981565,-6.067472,24.118356,85.551775,-3.315841,23.086320,88.069211,0.030000,
-6.066089,24.102125,85.552340,-9.370764,35.334461,103.987165,-6.064551,24.084082,85.552968,-3.316672,23.086987,88.068468,0.030000,
-6.066089,24.102125,85.552340,-9.371005,35.333783,103.992763,-6.067472,24.118356,85.551775,-3.317503,23.087653,88.067725,0.030000,
-6.066089,24.102125,85.552340,-9.371246,35.333104,103.998361,-6.064551,24.084082,85.552968,-3.318334,23.088319,88.066983,0.030000,
-6.066089,24.102125,85.552340,-9.371487,35.332425,104.003957,-6.067472,24.118356,85.551775,-3.319165,23.088985,88.066240,0.030000,
-6.066089,24.102125,85.552340,-9.371729,35.331746,104.009552,-6.064551,24.084082,85.552968,-3.319995,23.089650,88.065498,0.030000,
-6.066089,24.102125,85.552340,-9.371971,35.331066,104.015145,-6.067472,24.118356,85.551775,-3.320825,23.090315,88.064756,0.030000,
-6.066089,24.102125,85.552340,-9.372213,35.330385,104.020738,-6.064551,24.084082,85.552968,-3.321655,23.090979,88.064014,0.030000,
-6.066089,24.102125,85.552340,-9.372455,35.329704,104.026329,-6.067472,24.118356,85.551775,-3.322485,23.091643,88.063273,0.030000,
-6.066089,24.102125,85.552340,-9.372698,35.329023,104.031919,-6.064551,24.084082,85.552968,-3.323314,23.092307,88.062531,0.030000,
-6.066089,24.102125,85.552340,-9.372941,35.328341,104.037508,-6.067472,24.118356,85.551775,-3.324144,23.092970,88.061790,0.030000,
-6.066089,24.102125,85.552340,-9.373185,35.327659,104.043095,-6.064551,24.084082,85.552968,-3.324973,23.093632,88.061049,0.030000,
-6.066089,24.102125,85.552340,-9.373429,35.326976,104.048681,-6.067472,24.118356,85.551775,-3.325801,23.094295,88.060308,0.030000,
-6.066089,24.102125,85.552340,-9.373673,35.326293,104.054267,-6.064551,24.084082,85.552968,-3.326630,23.094956,88.059568,0.030000,
-6.066089,24.102125,85.552340,-9.373917,35.325609,104.059850,-6.067472,24.118356,85.551775,-3.327458,23.095618,88.058827,0.030000,
-6.066089,24.102125,85.552340,-9.374161,35.324924,104.065433,-6.064551,24.084082,85.552968,-3.328286,23.096279,88.058087,0.030000,
-6.066089,24.102125,85.552340,-9.374406,35.324240,104.071014,-6.067472,24.118356,85.551775,-3.329114,23.096940,88.057347,0.030000,
-6.066089,24.102125,85.552340,-9.374652,35.323554,104.076594,-6.064551,24.084082,85.552968,-3.329941,23.097600,88.056608,0.030000,
-6.066089,24.102125,85.552340,-9.374897,35.322869,104.082173,-6.067472,24.118356,85.551775,-3.330768,23.098260,88.055868,0.030000,
-6.066089,24.102125,85.552340,-9.375143,35.322183,104.087751,-6.064551,24.084082,85.552968,-3.331595,23.098919,88.055129,0.030000,
-6.066089,24.102125,85.552340,-9.375389,35.321496,104.093328,-6.067472,24.118356,85.551775,-3.332422,23.099578,88.054390,0.030000,
-6.066089,24.102125,85.552340,-9.375635,35.320809,104.098903,-6.064551,24.084082,85.552968,-3.333249,23.100236,88.053651,0.030000,
-6.066089,24.102125,85.552340,-9.375882,35.320121,104.104477,-6.067472,24.118356,85.551775,-3.334075,23.100895,88.052912,0.030000,
-6.066089,24.102125,85.552340,-9.376129,35.319433,104.110050,-6.064551,24.084082,85.552968,-3.334901,23.101552,88.052173,0.030000,
-6.066089,24.102125,85.552340,-9.376376,35.318745,104.115621,-6.067472,24.118356,85.551775,-3.335727,23.102210,88.051435,0.030000,
-6.066089,24.102125,85.552340,-9.376623,35.318056,104.121192,-6.064551,24.084082,85.552968,-3.336552,23.102866,88.050697,0.030000,
-6.066089,24.102125,85.552340,-9.376871,35.317366,104.126761,-6.067472,24.118356,85.551775,-3.337378,23.103523,88.049959,0.030000,
-6.066089,24.102125,85.552340,-9.377119,35.316677,104.132329,-6.064551,24.084082,85.552968,-3.338203,23.104179,88.049222,0.030000,
-6.066089,24.102125,85.552340,-9.377368,35.315986,104.137895,-6.067472,24.118356,85.551775,-3.339027,23.104835,88.048484,0.030000,
-6.066089,24.102125,85.552340,-9.377616,35.315295,104.143461,-6.064551,24.084082,85.552968,-3.339852,23.105490,88.047747,0.030000,
-6.066089,24.102125,85.552340,-9.377865,35.314604,104.149025,-6.067472,24.118356,85.551775,-3.340676,23.106145,88.047010,0.030000,
-6.066089,24.102125,85.552340,-9.378115,35.313913,104.154588,-6.064551,24.084082,85.552968,-3.341500,23.106799,88.046273,0.030000,
-6.066089,24.102125,85.552340,-9.378364,35.313220,104.160150,-6.067472,24.118356,85.551775,-3.342324,23.107453,88.045536,0.030000,
-6.066089,24.102125,85.552340,-9.378614,35.312528,104.165711,-6.064551,24.084082,85.552968,-3.343148,23.108107,88.044800,0.030000,
-6.066089,24.102125,85.552340,-9.378864,35.311835,104.171270,-6.067472,24.118356,85.551775,-3.343971,23.108760,88.044064,0.030000,
-6.066089,24.102125,85.552340,-9.379114,35.311141,104.176828,-6.064551,24.084082,85.552968,-3.344794,23.109413,88.043328,0.030000,
-6.066089,24.102125,85.552340,-9.379365,35.310447,104.182385,-6.067472,24.118356,85.551775,-3.345617,23.110065,88.042592,0.030000,
-6.066089,24.102125,85.552340,-9.379616,35.309753,104.187941,-6.064551,24.084082,85.552968,-3.346440,23.110717,88.041856,0.030000,
-6.066089,24.102125,85.552340,-9.379867,35.309058,104.193496,-6.067472,24.118356,85.551775,-3.347262,23.111369,88.041121,0.030000,
-6.066089,24.102125,85.552340,-9.380119,35.308363,104.199049,-6.064551,24.084082,85.552968,-3.348084,23.112020,88.040386,0.030000,
-6.066089,24.102125,85.552340,-9.380370,35.307667,104.204601,-6.067472,24.118356,85.551775,-3.348906,23.112671,88.039651,0.030000,
-6.066089,24.102125,85.552340,-9.380623,35.306971,104.210152,-6.064551,24.084082,85.552968,-3.349728,23.113321,88.038916,0.030000,
-6.066089,24.102125,85.552340,-9.380875,35.306275,104.215702,-6.067472,24.118356,85.551775,-3.350549,23.113971,88.038181,0.030000,
-6.066089,24.102125,85.552340,-9.381128,35.305578,104.221250,-6.064551,24.084082,85.552968,-3.351370,23.114620,88.037447,0.030000,
-6.066089,24.102125,85.552340,-9.381380,35.304880,104.226798,-6.067472,24.118356,85.551775,-3.352191,23.115270,88.036713,0.030000,
-6.066089,24.102125,85.552340,-9.381634,35.304182,104.232344,-6.064551,24.084082,85.552968,-3.353012,23.115918,88.035979,0.030000,
-6.066089,24.102125,85.552340,-9.381887,35.303484,104.237889,-6.067472,24.118356,85.551775,-3.353832,23.116567,88.035245,0.030000,
-6.066089,24.102125,85.552340,-9.382141,35.302785,104.243432,-6.064551,24.084082,85.552968,-3.354652,23.117215,88.034512,0.030000,
-6.066089,24.102125,85.552340,-9.382395,35.302086,104.248975,-6.067472,24.118356,85.551775,-3.355472,23.117862,88.033778,0.030000,
-6.066089,24.102125,85.552340,-9.382649,35.301387,104.254516,-6.064551,24.084082,85.552968,-3.356292,23.118509,88.033045,0.030000,
-6.066089,24.102125,85.552340,-9.382904,35.300687,104.260056,-6.067472,24.118356,85.551775,-3.357111,23.119156,88.032312,0.030000,
-6.066089,24.102125,85.552340,-9.383159,35.299986,104.265595,-6.064551,24.084082,85.552968,-3.357931,23.119802,88.031580,0.030000,
-6.066089,24.102125,85.552340,-9.383414,35.299285,104.271133,-6.067472,24.118356,85.551775,-3.358749,23.120448,88.030847,0.030000,
-6.066089,24.102125,85.552340,-9.383670,35.298584,104.276669,-6.064551,24.084082,85.552968,-3.359568,23.121094,88.030115,0.030000,
-6.066089,24.102125,85.552340,-9.383925,35.297882,104.282204,-6.067472,24.118356,85.551775,-3.360387,23.121739,88.029383,0.030000,
-6.066089,24.102125,85.552340,-9.384181,35.297180,104.287738,-6.064551,24.084082,85.552968,-3.361205,23.122383,88.028651,0.030000,
-6.066089,24.102125,85.552340,-9.384438,35.296478,104.293271,-6.067472,24.118356,85.551775,-3.362023,23.123028,88.027919,0.030000,
-6.066089,24.102125,85.552340,-9.384694,35.295775,104.298803,-6.064551,24.084082,85.552968,-3.362841,23.123671,88.027188,0.030000,
-6.066089,24.102125,85.552340,-9.384951,35.295072,104.304333,-6.067472,24.118356,85.551775,-3.363658,23.124315,88.026456,0.030000,
-6.066089,24.102125,85.552340,-9.385208,35.294368,104.309863,-6.064551,24.084082,85.552968,-3.364475,23.124958,88.025725,0.030000,
-6.066089,24.102125,85.552340,-9.385466,35.293664,104.315391,-6.067472,24.118356,85.551775,-3.365292,23.125601,88.024994,0.030000,
-6.066089,24.102125,85.552340,-9.385723,35.292959,104.320917,-6.064551,24.084082,85.552968,-3.366109,23.126243,88.024264,0.030000,
-6.066089,24.102125,85.552340,-9.385981,35.292254,104.326443,-6.067472,24.118356,85.551775,-3.366926,23.126885,88.023533,0.030000,
-6.066089,24.102125,85.552340,-9.386240,35.291549,104.331968,-6.064551,24.084082,85.552968,-3.367742,23.127526,88.022803,0.030000,
-6.066089,24.102125,85.552340,-9.386498,35.290843,104.337491,-6.067472,24.118356,85.551775,-3.368558,23.128167,88.022073,0.030000,
-6.066089,24.102125,85.552340,-9.386757,35.290137,104.343013,-6.064551,24.084082,85.552968,-3.369374,23.128808,88.021343,0.030000,
-6.066089,24.102125,85.552340,-9.387016,35.289430,104.348534,-6.067472,24.118356,85.551775,-3.370189,23.129448,88.020614,0.030000,
-6.066089,24.102125,85.552340,-9.387275,35.288723,104.354053,-6.064551,24.084082,85.552968,-3.371005,23.130088,88.019884,0.030000,
-6.066089,24.102125,85.552340,-9.387535,35.288016,104.359572,-6.067472,24.118356,85.551775,-3.371820,23.130727,88.019155,0.030000,
-6.066089,24.102125,85.552340,-9.387795,35.287308,104.365089,-6.064551,24.084082,85.552968,-3.372635,23.131366,88.018426,0.030000,
-6.066089,24.102125,85.552340,-9.388055,35.286599,104.370605,-6.067472,24.118356,85.551775,-3.373449,23.132005,88.017697,0.030000,
-6.066089,24.102125,85.552340,-9.388315,35.285891,104.376120,-6.064551,24.084082,85.552968,-3.374264,23.132643,88.016968,0.030000,
-6.066089,24.102125,85.552340,-9.388576,35.285182,104.381634,-6.067472,24.118356,85.551775,-3.375078,23.133281,88.016240,0.030000,
-6.066089,24.102125,85.552340,-9.388837,35.284472,104.387146,-6.064551,24.084082,85.552968,-3.375892,23.133919,88.015512,0.030000,
-6.066089,24.102125,85.552340,-9.389098,35.283763,104.392658,-6.067472,24.118356,85.551775,-3.376705,23.134556,88.014784,0.030000,
-6.066089,24.102125,85.552340,-9.389360,35.283052,104.398168,-6.064551,24.084082,85.552968,-3.377519,23.135192,88.014056,0.030000,
-6.066089,24.102125,85.552340,-9.389622,35.282342,104.403677,-6.067472,24.118356,85.551775,-3.378332,23.135828,88.013329,0.030000,
-6.066089,24.102125,85.552340,-9.389884,35.281631,104.409184,-6.064551,24.084082,85.552968,-3.379145,23.136464,88.012601,0.030000,
-6.066089,24.102125,85.552340,-9.390146,35.280919,104.414691,-6.067472,24.118356,85.551775,-3.379957,23.137100,88.011874,0.030000,
-6.066089,24.102125,85.552340,-9.390409,35.280208,104.420196,-6.064551,24.084082,85.552968,-3.380770,23.137735,88.011147,0.030000,
-6.066089,24.102125,85.552340,-9.390672,35.279496,104.425701,-6.067472,24.118356,85.551775,-3.381582,23.138369,88.010420,0.030000,
-6.066089,24.102125,85.552340,-9.390935,35.278783,104.431204,-6.064551,24.084082,85.552968,-3.382394,23.139004,88.009694,0.030000,
-6.066089,24.102125,85.552340,-9.391198,35.278070,104.436705,-6.067472,24.118356,85.551775,-3.383206,23.139638,88.008967,0.030000,
-6.066089,24.102125,85.552340,-9.391462,35.277357,104.442206,-6.064551,24.084082,85.552968,-3.384017,23.140271,88.008241,0.030000,
-6.066089,24.102125,85.552340,-9.391726,35.276643,104.447705,-6.067472,24.118356,85.551775,-3.384828,23.140904,88.007515,0.030000,
-6.066089,24.102125,85.552340,-9.391990,35.275929,104.453204,-6.064551,24.084082,85.552968,-3.385639,23.141537,88.006789,0.030000,
-6.066089,24.102125,85.552340,-9.392255,35.275215,104.458701,-6.067472,24.118356,85.551775,-3.386450,23.142169,88.006064,0.030000,
-6.066089,24.102125,85.552340,-9.392519,35.274500,104.464197,-6.064551,24.084082,85.552968,-3.387260,23.142801,88.005339,0.030000,
-6.066089,24.102125,85.552340,-9.392784,35.273785,104.469691,-6.067472,24.118356,85.551775,-3.388071,23.143432,88.004613,0.030000,
-6.066089,24.102125,85.552340,-9.393050,35.273069,104.475185,-6.064551,24.084082,85.552968,-3.388881,23.144063,88.003889,0.030000,
-6.066089,24.102125,85.552340,-9.393315,35.272353,104.480677,-6.067472,24.118356,85.551775,-3.389690,23.144694,88.003164,0.030000,
-6.066089,24.102125,85.552340,-9.393581,35.271637,104.486168,-6.064551,24.084082,85.552968,-3.390500,23.145324,88.002439,0.030000,
-6.066089,24.102125,85.552340,-9.393847,35.270920,104.491658,-6.067472,24.118356,85.551775,-3.391309,23.145954,88.001715,0.030000,
-6.066089,24.102125,85.552340,-9.394114,35.270203,104.497147,-6.064551,24.084082,85.552968,-3.392118,23.146584,88.000991,0.030000,
-6.066089,24.102125,85.552340,-9.394380,35.269486,104.502635,-6.067472,24.118356,85.551775,-3.392927,23.147213,88.000267,0.030000,
-6.066089,24.102125,85.552340,-9.394647,35.268768,104.508121,-6.064551,24.084082,85.552968,-3.393736,23.147842,87.999543,0.030000,
-6.066089,24.102125,85.552340,-9.394914,35.268050,104.513607,-6.067472,24.118356,85.551775,-3.394544,23.148470,87.998820,0.030000,
-6.066089,24.102125,85.552340,-9.395182,35.267331,104.519091,-6.064551,24.084082,85.552968,-3.395352,23.149098,87.998096,0.030000,
-6.066089,24.102125,85.552340,-9.395449,35.266612,104.524574,-6.067472,24.118356,85.551775,-3.396160,23.149725,87.997373,0.030000,
-6.066089,24.102125,85.552340,-9.395717,35.265893,104.530055,-6.064551,24.084082,85.552968,-3.396968,23.150353,87.996651,0.030000,
-6.066089,24.102125,85.552340,-9.395986,35.265174,104.535536,-6.067472,24.118356,85.551775,-3.397775,23.150979,87.995928,0.030000,
-6.066089,24.102125,85.552340,-9.396254,35.264454,104.541015,-6.064551,24.084082,85.552968,-3.398582,23.151606,87.995205,0.030000,
-6.066089,24.102125,85.552340,-9.396523,35.263733,104.546494,-6.067472,24.118356,85.551775,-3.399389,23.152232,87.994483,0.030000,
-6.066089,24.102125,85.552340,-9.396792,35.263013,104.551971,-6.064551,24.084082,85.552968,-3.400196,23.152857,87.993761,0.030000,
-6.066089,24.102125,85.552340,-9.397061,35.262292,104.557446,-6.067472,24.118356,85.551775,-3.401002,23.153482,87.993039,0.030000,
-6.066089,24.102125,85.552340,-9.397331,35.261570,104.562921,-6.064551,24.084082,85.552968,-3.401808,23.154107,87.992317,0.030000,
-6.066089,24.102125,85.552340,-9.397601,35.260848,104.568395,-6.067472,24.118356,85.551775,-3.402614,23.154732,87.991596,0.030000,
-6.066089,24.102125,85.552340,-9.397871,35.260126,104.573867,-6.064551,24.084082,85.552968,-3.403420,23.155356,87.990875,0.030000,
-6.066089,24.102125,85.552340,-9.398141,35.259404,104.579338,-6.067472,24.118356,85.551775,-3.404225,23.155979,87.990154,0.030000,
-6.066089,24.102125,85.552340,-9.398412,35.258681,104.584808,-6.064551,24.084082,85.552968,-3.405031,23.156602,87.989433,0.030000,
-6.066089,24.102125,85.552340,-9.398682,35.257958,104.590277,-6.067472,24.118356,85.551775,-3.405836,23.157225,87.988712,0.030000,
-6.066089,24.102125,85.552340,-9.398953,35.257234,104.595745,-6.064551,24.084082,85.552968,-3.406640,23.157848,87.987992,0.030000,
-6.066089,24.102125,85.552340,-9.399225,35.256511,104.601211,-6.067472,24.118356,85.551775,-3.407445,23.158470,87.987271,0.030000,
-6.066089,24.102125,85.552340,-9.399496,35.255786,104.606677,-6.064551,24.084082,85.552968,-3.408249,23.159091,87.986551,0.030000,
-6.066089,24.102125,85.552340,-9.399768,35.255062,104.612141,-6.067472,24.118356,85.551775,-3.409053,23.159713,87.985832,0.030000,
-6.066089,24.102125,85.552340,-9.400041,35.254337,104.617604,-6.064551,24.084082,85.552968,-3.409857,23.160334,87.985112,0.030000,
-6.066089,24.102125,85.552340,-9.400313,35.253612,104.623066,-6.067472,24.118356,85.551775,-3.410660,23.160954,87.984392,0.030000,
-6.066089,24.102125,85.552340,-9.400586,35.252886,104.628526,-6.064551,24.084082,85.552968,-3.411464,23.161574,87.983673,0.030000,
-6.066089,24.102125,85.552340,-9.400858,35.252160,104.633986,-6.067472,24.118356,85.551775,-3.412267,23.162194,87.982954,0.030000,
-6.066089,24.102125,85.552340,-9.401132,35.251434,104.639444,-6.064551,24.084082,85.552968,-3.413070,23.162813,87.982235,0.030000,
-6.066089,24.102125,85.552340,-9.401405,35.250707,104.644901,-6.067472,24.118356,85.551775,-3.413872,23.163432,87.981517,0.030000,
-6.066089,24.102125,85.552340,-9.401679,35.249980,104.650357,-6.064551,24.084082,85.552968,-3.414675,23.164051,87.980798,0.030000,
-6.066089,24.102125,85.552340,-9.401953,35.249253,104.655812,-6.067472,24.118356,85.551775,-3.415477,23.164669,87.980080,0.030000,
-6.066089,24.102125,85.552340,-9.402227,35.248526,104.661266,-6.064551,24.084082,85.552968,-3.416279,23.165287,87.979362,0.030000,
-6.066089,24.102125,85.552340,-9.402501,35.247798,104.666718,-6.067472,24.118356,85.551775,-3.417080,23.165904,87.978644,0.030000,
-6.066089,24.102125,85.552340,-9.402776,35.247069,104.672170,-6.064551,24.084082,85.552968,-3.417882,23.166521,87.977927,0.030000,
-6.066089,24.102125,85.552340,-9.403051,35.246341,104.677620,-6.067472,24.118356,85.551775,-3.418683,23.167138,87.977209,0.030000,
-6.066089,24.102125,85.552340,-9.403326,35.245612,104.683069,-6.064551,24.084082,85.552968,-3.419484,23.167754,87.976492,0.030000,
-6.066089,24.102125,85.552340,-9.403602,35.244883,104.688517,-6.067472,24.118356,85.551775,-3.420284,23.168370,87.975775,0.030000,
-6.066089,24.102125,85.552340,-9.403878,35.244153,104.693964,-6.064551,24.084082,85.552968,-3.421085,23.168985,87.975058,0.030000,
-6.066089,24.102125,85.552340,-9.404154,35.243423,104.699409,-6.067472,24.118356,85.551775,-3.421885,23.169600,87.974342,0.030000,
-6.066089,24.102125,85.552340,-9.404430,35.242693,104.704853,-6.064551,24.084082,85.552968,-3.422685,23.170215,87.973625,0.030000,
-6.066089,24.102125,85.552340,-9.404706,35.241962,104.710297,-6.067472,24.118356,85.551775,-3.423485,23.170829,87.972909,0.030000,
-6.066089,24.102125,85.552340,-9.404983,35.241232,104.715739,-6.064551,24.084082,85.552968,-3.424284,23.171443,87.972193,0.030000,
-6.066089,24.102125,85.552340,-9.405260,35.240500,104.721180,-6.067472,24.118356,85.551775,-3.425084,23.172057,87.971477,0.030000,
-6.066089,24.102125,85.552340,-9.405537,35.239769,104.726620,-6.064551,24.084082,85.552968,-3.425883,23.172670,87.970762,0.030000,
-6.066089,24.102125,85.552340,-9.405815,35.239037,104.732058,-6.067472,24.118356,85.551775,-3.426681,23.173283,87.970046,0.030000,
-6.066089,24.102125,85.552340,-9.406093,35.238305,104.737496,-6.064551,24.084082,85.552968,-3.427480,23.173895,87.969331,0.030000,
-6.066089,24.102125,85.552340,-9.406371,35.237572,104.742932,-6.067472,24.118356,85.551775,-3.428278,23.174507,87.968616,0.030000,
-6.066089,24.102125,85.552340,-9.406649,35.236840,104.748367,-6.064551,24.084082,85.552968,-3.429076,23.175119,87.967901,0.030000,
-6.066089,24.102125,85.552340,-9.406927,35.236106,104.753801,-6.067472,24.118356,85.551775,-3.429874,23.175730,87.967187,0.030000,
-6.066089,24.102125,85.552340,-9.407206,35.235373,104.759234,-6.064551,24.084082,85.552968,-3.430672,23.176341,87.966472,0.030000,
-6.066089,24.102125,85.552340,-9.407485,35.234639,104.764666,-6.067472,24.118356,85.551775,-3.431469,23.176951,87.965758,0.030000,
-6.066089,24.102125,85.552340,-9.407764,35.233905,104.770096,-6.064551,24.084082,85.552968,-3.432266,23.177561,87.965044,0.030000,
-6.066089,24.102125,85.552340,-9.408044,35.233171,104.775526,-6.067472,24.118356,85.551775,-3.433063,23.178171,87.964330,0.030000,
-6.066089,24.102125,85.552340,-9.408324,35.232436,104.780954,-6.064551,24.084082,85.552968,-3.433860,23.178780,87.963617,0.030000,
-6.066089,24.102125,85.552340,-9.408604,35.231701,104.786381,-6.067472,24.118356,85.551775,-3.434656,23.179389,87.962904,0.030000,
-6.066089,24.102125,85.552340,-9.408884,35.230966,104.791807,-6.064551,24.084082,85.552968,-3.435452,23.179998,87.962190,0.030000,
-6.066089,24.102125,85.552340,-9.409164,35.230230,104.797232,-6.067472,24.118356,85.551775,-3.436248,23.180606,87.961477,0.030000,
-6.066089,24.102125,85.552340,-9.409445,35.229494,104.802655,-6.064551,24.084082,85.552968,-3.437044,23.181214,87.960765,0.030000,
-6.066089,24.102125,85.552340,-9.409726,35.228758,104.808078,-6.067472,24.118356,85.551775,-3.437840,23.181821,87.960052,0.030000,
-6.066089,24.102125,85.552340,-9.410007,35.228022,104.813499,-6.064551,24.084082,85.552968,-3.438635,23.182428,87.959340,0.030000,
-6.066089,24.102125,85.552340,-9.410289,35.227285,104.818919,-6.067472,24.118356,85.551775,-3.439430,23.183035,87.958627,0.030000,
-6.066089,24.102125,85.552340,-9.410571,35.226548,104.824338,-6.064551,24.084082,85.552968,-3.440225,23.183641,87.957916,0.030000,
-6.066089,24.102125,85.552340,-9.410853,35.225810,104.829756,-6.067472,24.118356,85.551775,-3.441019,23.184247,87.957204,0.030000,
-6.066089,24.102125,85.552340,-9.411135,35.225073,104.835173,-6.064551,24.084082,85.552968,-3.441813,23.184852,87.956492,0.030000,
-6.066089,24.102125,85.552340,-9.411417,35.224335,104.840589,-6.067472,24.118356,85.551775,-3.442608,23.185457,87.955781,0.030000,
-6.066089,24.102125,85.552340,-9.411700,35.223596,104.846003,-6.064551,24.084082,85.552968,-3.443401,23.186062,87.955070,0.030000,
-6.066089,24.102125,85.552340,-9.411983,35.222858,104.851417,-6.067472,24.118356,85.551775,-3.444195,23.186667,87.954359,0.030000,
-6.066089,24.102125,85.552340,-9.412266,35.222119,104.856829,-6.064551,24.084082,85.552968,-3.444988,23.187271,87.953648,0.030000,
-6.066089,24.102125,85.552340,-9.412550,35.221380,104.862240,-6.067472,24.118356,85.551775,-3.445781,23.187874,87.952937,0.030000,
-6.066089,24.102125,85.552340,-9.412833,35.220640,104.867650,-6.064551,24.084082,85.552968,-3.446574,23.188477,87.952227,0.030000,
-6.066089,24.102125,85.552340,-9.413117,35.219900,104.873059,-6.067472,24.118356,85.551775,-3.447367,23.189080,87.951517,0.030000,
-6.066089,24.102125,85.552340,-9.413402,35.219160,104.878466,-6.064551,24.084082,85.552968,-3.448159,23.189683,87.950807,0.030000,
-6.066089,24.102125,85.552340,-9.413686,35.218420,104.883873,-6.067472,24.118356,85.551775,-3.448951,23.190285,87.950097,0.030000,
-6.066089,24.102125,85.552340,-9.413971,35.217679,104.889278,-6.064551,24.084082,85.552968,-3.449743,23.190887,87.949388,0.030000,
-6.066089,24.102125,85.552340,-9.414256,35.216938,104.894682,-6.067472,24.118356,85.551775,-3.450535,23.191488,87.948678,0.030000,
-6.066089,24.102125,85.552340,-9.414541,35.216197,104.900085,-6.064551,24.084082,85.552968,-3.451327,23.192089,87.947969,0.030000,
-6.066089,24.102125,85.552340,-9.414826,35.215456,104.905487,-6.067472,24.118356,85.551775,-3.452118,23.192689,87.947260,0.030000,
-6.066089,24.102125,85.552340,-9.415112,35.214714,104.910888,-6.064551,24.084082,85.552968,-3.452909,23.193290,87.946551,0.030000,
-6.066089,24.102125,85.552340,-9.415398,35.213972,104.916288,-6.067472,24.118356,85.551775,-3.453700,23.193889,87.945843,0.030000,
-6.066089,24.102125,85.552340,-9.415684,35.213229,104.921686,-6.064551,24.084082,85.552968,-3.454490,23.194489,87.945134,0.030000,
-6.066089,24.102125,85.552340,-9.415970,35.212487,104.927084,-6.067472,24.118356,85.551775,-3.455280,23.195088,87.944426,0.030000,
-6.066089,24.102125,85.552340,-9.416257,35.211744,104.932480,-6.064551,24.084082,85.552968,-3.456070,23.195687,87.943718,0.030000,
-6.066089,24.102125,85.552340,-9.416544,35.211000,104.937875,-6.067472,24.118356,85.551775,-3.456860,23.196285,87.943011,0.030000,
-6.066089,24.102125,85.552340,-9.416831,35.210257,104.943269,-6.064551,24.084082,85.552968,-3.457650,23.196883,87.942303,0.030000,
-6.066089,24.102125,85.552340,-9.417118,35.209513,104.948662,-6.067472,24.118356,85.551775,-3.458439,23.197481,87.941596,0.030000,
-6.066089,24.102125,85.552340,-9.417406,35.208769,104.954054,-6.064551,24.084082,85.552968,-3.459228,23.198078,87.940889,0.030000,
-6.066089,24.102125,85.552340,-9.417693,35.208025,104.959444,-6.067472,24.118356,85.551775,-3.460017,23.198675,87.940182,0.030000,
-6.066089,24.102125,85.552340,-9.417981,35.207280,104.964834,-6.064551,24.084082,85.552968,-3.460806,23.199271,87.939475,0.030000,
-6.066089,24.102125,85.552340,-9.418270,35.206535,104.970222,-6.067472,24.118356,85.551775,-3.461594,23.199867,87.938768,0.030000,
-6.066089,24.102125,85.552340,-9.418558,35.205790,104.975609,-6.064551,24.084082,85.552968,-3.462382,23.200463,87.938062,0.030000,
-6.066089,24.102125,85.552340,-9.418847,35.205045,104.980995,-6.067472,24.118356,85.551775,-3.463170,23.201058,87.937356,0.030000,
-6.066089,24.102125,85.552340,-9.419136,35.204299,104.986380,-6.064551,24.084082,85.552968,-3.463958,23.201653,87.936650,0.030000,
-6.066089,24.102125,85.552340,-9.419425,35.203553,104.991764,-6.067472,24.118356,85.551775,-3.464746,23.202248,87.935944,0.030000,
-6.066089,24.102125,85.552340,-9.419715,35.202807,104.997146,-6.064551,24.084082,85.552968,-3.465533,23.202842,87.935239,0.030000,
-6.066089,24.102125,85.552340,-9.420004,35.202060,105.002528,-6.067472,24.118356,85.551775,-3.466320,23.203436,87.934533,0.030000,
-6.066089,24.102125,85.552340,-9.420294,35.201314,105.007908,-6.064551,24.084082,85.552968,-3.467107,23.204029,87.933828,0.030000,
-6.066089,24.102125,85.552340,-9.420584,35.200567,105.013288,-6.067472,24.118356,85.551775,-3.467893,23.204622,87.933123,0.030000,
-6.066089,24.102125,85.552340,-9.420875,35.199819,105.018666,-6.064551,24.084082,85.552968,-3.468679,23.205215,87.932418,0.030000,
-6.066089,24.102125,85.552340,-9.421165,35.199072,105.024043,-6.067472,24.118356,85.551775,-3.469465,23.205807,87.931714,0.030000,
-6.066089,24.102125,85.552340,-9.421456,35.198324,105.029419,-6.064551,24.084082,85.552968,-3.470251,23.206399,87.931009,0.030000,
-6.066089,24.102125,85.552340,-9.421747,35.197576,105.034794,-6.067472,24.118356,85.551775,-3.471037,23.206991,87.930305,0.030000,
-6.066089,24.102125,85.552340,-9.422039,35.196827,105.040167,-6.064551,24.084082,85.552968,-3.471822,23.207582,87.929601,0.030000,
-6.066089,24.102125,85.552340,-9.422330,35.196079,105.045540,-6.067472,24.118356,85.551775,-3.472607,23.208173,87.928897,0.030000,
-6.066089,24.102125,85.552340,-9.422622,35.195330,105.050911,-6.064551,24.084082,85.552968,-3.473392,23.208764,87.928194,0.030000,
-6.066089,24.102125,85.552340,-9.422914,35.194581,105.056281,-6.067472,24.118356,85.551775,-3.474177,23.209354,87.927491,0.030000,
-6.066089,24.102125,85.552340,-9.423206,35.193831,105.061651,-6.064551,24.084082,85.552968,-3.474961,23.209943,87.926787,0.030000,
-6.066089,24.102125,85.552340,-9.423499,35.193082,105.067019,-6.067472,24.118356,85.551775,-3.475746,23.210533,87.926084,0.030000,
-6.066089,24.102125,85.552340,-9.423791,35.192332,105.072385,-6.064551,24.084082,85.552968,-3.476530,23.211122,87.925382,0.030000,
-6.066089,24.102125,85.552340,-9.424084,35.191582,105.077751,-6.067472,24.118356,85.551775,-3.477313,23.211710,87.924679,0.030000,
-6.066089,24.102125,85.552340,-9.424378,35.190831,105.083116,-6.064551,24.084082,85.552968,-3.478097,23.212299,87.923977,0.030000,
-6.066089,24.102125,85.552340,-9.424671,35.190081,105.088479,-6.067472,24.118356,85.551775,-3.478880,23.212887,87.923275,0.030000,
-6.066089,24.102125,85.552340,-9.424965,35.189330,105.093842,-6.064551,24.084082,85.552968,-3.479663,23.213474,87.922573,0.030000,
-6.066089,24.102125,85.552340,-9.425259,35.188579,105.099203,-6.067472,24.118356,85.551775,-3.480446,23.214061,87.921871,0.030000,
-6.066089,24.102125,85.552340,-9.425553,35.187827,105.104563,-6.064551,24.084082,85.552968,-3.481228,23.214648,87.921169,0.030000,
-6.066089,24.102125,85.552340,-9.425847,35.187076,105.109922,-6.067472,24.118356,85.551775,-3.482011,23.215235,87.920468,0.030000,
-6.066089,24.102125,85.552340,-9.426142,35.186324,105.115280,-6.064551,24.084082,85.552968,-3.482793,23.215821,87.919767,0.030000,
-6.066089,24.102125,85.552340,-9.426436,35.185571,105.120637,-6.067472,24.118356,85.551775,-3.483575,23.216406,87.919066,0.030000,
-6.066089,24.102125,85.552340,-9.426731,35.184819,105.125993,-6.064551,24.084082,85.552968,-3.484356,23.216992,87.918365,0.030000,
-6.066089,24.102125,85.552340,-9.427027,35.184066,105.131348,-6.067472,24.118356,85.551775,-3.485138,23.217577,87.917664,0.030000,
-6.066089,24.102125,85.552340,-9.427322,35.183314,105.136701,-6.064551,24.084082,85.552968,-3.485919,23.218161,87.916964,0.030000,
-6.066089,24.102125,85.552340,-9.427618,35.182560,105.142053,-6.067472,24.118356,85.551775,-3.486700,23.218745,87.916264,0.030000,
-6.066089,24.102125,85.552340,-9.427914,35.181807,105.147405,-6.064551,24.084082,85.552968,-3.487481,23.219329,87.915564,0.030000,
-6.066089,24.102125,85.552340,-9.428210,35.181053,105.152755,-6.067472,24.118356,85.551775,-3.488261,23.219913,87.914864,0.030000,
-6.066089,24.102125,85.552340,-9.428506,35.180300,105.158104,-6.064551,24.084082,85.552968,-3.489041,23.220496,87.914164,0.030000,
-6.066089,24.102125,85.552340,-9.428803,35.179545,105.163452,-6.067472,24.118356,85.551775,-3.489821,23.221079,87.913465,0.030000,
-6.066089,24.102125,85.552340,-9.429100,35.178791,105.168798,-6.064551,24.084082,85.552968,-3.490601,23.221661,87.912766,0.030000,
-6.066089,24.102125,85.552340,-9.429397,35.178036,105.174144,-6.067472,24.118356,85.551775,-3.491381,23.222243,87.912067,0.030000,
-6.066089,24.102125,85.552340,-9.429694,35.177282,105.179489,-6.064551,24.084082,85.552968,-3.492160,23.222825,87.911368,0.030000,
-6.066089,24.102125,85.552340,-9.429992,35.176527,105.184832,-6.067472,24.118356,85.551775,-3.492939,23.223406,87.910669,0.030000,
-6.066089,24.102125,85.552340,-9.430289,35.175771,105.190174,-6.064551,24.084082,85.552968,-3.493718,23.223987,87.909971,0.030000,
-6.066089,24.102125,85.552340,-9.430587,35.175016,105.195516,-6.067472,24.118356,85.551775,-3.494497,23.224568,87.909273,0.030000,
-6.066089,24.102125,85.552340,-9.430886,35.174260,105.200856,-6.064551,24.084082,85.552968,-3.495275,23.225148,87.908575,0.030000,
-6.066089,24.102125,85.552340,-9.431184,35.173504,105.206195,-6.067472,24.118356,85.551775,-3.496053,23.225728,87.907877,0.030000,
-6.066089,24.102125,85.552340,-9.431483,35.172748,105.211533,-6.064551,24.084082,85.552968,-3.496831,23.226307,87.907179,0.030000,
-6.066089,24.102125,85.552340,-9.431781,35.171991,105.216870,-6.067472,24.118356,85.551775,-3.497609,23.226886,87.906482,0.030000,
-6.066089,24.102125,85.552340,-9.432081,35.171235,105.222205,-6.064551,24.084082,85.552968,-3.498386,23.227465,87.905785,0.030000,
-6.066089,24.102125,85.552340,-9.432380,35.170478,105.227540,-6.067472,24.118356,85.551775,-3.499163,23.228043,87.905088,0.030000,
-6.066089,24.102125,85.552340,-9.432679,35.169721,105.232873,-6.064551,24.084082,85.552968,-3.499940,23.228621,87.904391,0.030000,
-6.066089,24.102125,85.552340,-9.432979,35.168963,105.238206,-6.067472,24.118356,85.551775,-3.500717,23.229199,87.903694,0.030000,
-6.066089,24.102125,85.552340,-9.433279,35.168206,105.243537,-6.064551,24.084082,85.552968,-3.501494,23.229776,87.902998,0.030000,
-6.066089,24.102125,85.552340,-9.433579,35.167448,105.248867,-6.067472,24.118356,85.551775,-3.502270,23.230353,87.902302,0.030000,
-6.066089,24.102125,85.552340,-9.433880,35.166690,105.254196,-6.064551,24.084082,85.552968,-3.503046,23.230930,87.901606,0.030000,
-6.066089,24.102125,85.552340,-9.434180,35.165931,105.259524,-6.067472,24.118356,85.551775,-3.503822,23.231506,87.900910,0.030000,
-6.066089,24.102125,85.552340,-9.434481,35.165173,105.264851,-6.064551,24.084082,85.552968,-3.504597,23.232082,87.900214,0.030000,
-6.066089,24.102125,85.552340,-9.434782,35.164414,105.270177,-6.067472,24.118356,85.551775,-3.505373,23.232657,87.899519,0.030000,
-6.066089,24.102125,85.552340,-9.435084,35.163655,105.275501,-6.064551,24.084082,85.552968,-3.506148,23.233233,87.898823,0.030000,
-6.066089,24.102125,85.552340,-9.435385,35.162896,105.280825,-6.067472,24.118356,85.551775,-3.506923,23.233807,87.898128,0.030000,
-6.066089,24.102125,85.552340,-9.435687,35.162137,105.286147,-6.064551,24.084082,85.552968,-3.507698,23.234382,87.897433,0.030000,
-6.066089,24.102125,85.552340,-9.435989,35.161377,105.291469,-6.067472,24.118356,85.551775,-3.508472,23.234956,87.896739,0.030000,
-6.066089,24.102125,85.552340,-9.436291,35.160617,105.296789,-6.064551,24.084082,85.552968,-3.509246,23.235530,87.896044,0.030000,
-6.066089,24.102125,85.552340,-9.436593,35.159857,105.302108,-6.067472,24.118356,85.551775,-3.510020,23.236103,87.895350,0.030000,
-6.066089,24.102125,85.552340,-9.436896,35.159097,105.307426,-6.064551,24.084082,85.552968,-3.510794,23.236676,87.894656,0.030000,
-6.066089,24.102125,85.552340,-9.437199,35.158336,105.312743,-6.067472,24.118356,85.551775,-3.511568,23.237248,87.893962,0.030000,
-6.066089,24.102125,85.552340,-9.437502,35.157576,105.318059,-6.064551,24.084082,85.552968,-3.512341,23.237821,87.893268,0.030000,
-6.066089,24.102125,85.552340,-9.437805,35.156815,105.323373,-6.067472,24.118356,85.551775,-3.513114,23.238393,87.892575,0.030000,
-6.066089,24.102125,85.552340,-9.438109,35.156054,105.328687,-6.064551,24.084082,85.552968,-3.513887,23.238964,87.891882,0.030000,
-6.066089,24.102125,85.552340,-9.438412,35.155292,105.333999,-6.067472,24.118356,85.551775,-3.514659,23.239535,87.891189,0.030000,
-6.066089,24.102125,85.552340,-9.438716,35.154531,105.339311,-6.064551,24.084082,85.552968,-3.515432,23.240106,87.890496,0.030000,
-6.066089,24.102125,85.552340,-9.439020,35.153769,105.344621,-6.067472,24.118356,85.551775,-3.516204,23.240676,87.889803,0.030000,
-6.066089,24.102125,85.552340,-9.439325,35.153007,105.349930,-6.064551,24.084082,85.552968,-3.516976,23.241247,87.889111,0.030000,
-6.066089,24.102125,85.552340,-9.439629,35.152245,105.355239,-6.067472,24.118356,85.551775,-3.517748,23.241816,87.888418,0.030000,
-6.066089,24.102125,85.552340,-9.439934,35.151483,105.360546,-6.064551,24.084082,85.552968,-3.518519,23.242386,87.887726,0.030000,
-6.066089,24.102125,85.552340,-9.440239,35.150720,105.365852,-6.067472,24.118356,85.551775,-3.519290,23.242955,87.887034,0.030000,
-6.066089,24.102125,85.552340,-9.440544,35.149957,105.371156,-6.064551,24.084082,85.552968,-3.520061,23.243523,87.886343,0.030000,
-6.066089,24.102125,85.552340,-9.440850,35.149194,105.376460,-6.067472,24.118356,85.551775,-3.520832,23.244092,87.885651,0.030000,
-6.066089,24.102125,85.552340,-9.441155,35.148431,105.381763,-6.064551,24.084082,85.552968,-3.521603,23.244660,87.884960,0.030000,
-6.066089,24.102125,85.552340,-9.441461,35.147668,105.387064,-6.067472,24.118356,85.551775,-3.522373,23.245227,87.884269,0.030000,
-6.066089,24.102125,85.552340,-9.441767,35.146904,105.392365,-6.064551,24.084082,85.552968,-3.523143,23.245794,87.883578,0.030000,
-6.066089,24.102125,85.552340,-9.442073,35.146140,105.397664,-6.067472,24.118356,85.551775,-3.523913,23.246361,87.882887,0.030000,
-6.066089,24.102125,85.552340,-9.442380,35.145376,105.402963,-6.064551,24.084082,85.552968,-3.524682,23.246928,87.882196,0.030000,
-6.066089,24.102125,85.552340,-9.442687,35.144612,105.408260,-6.067472,24.118356,85.551775,-3.525452,23.247494,87.881506,0.030000,
-6.066089,24.102125,85.552340,-9.442993,35.143847,105.413556,-6.064551,24.084082,85.552968,-3.526221,23.248060,87.880816,0.030000,
-6.066089,24.102125,85.552340,-9.443301,35.143083,105.418851,-6.067472,24.118356,85.551775,-3.526990,23.248625,87.880126,0.030000,
-6.066089,24.102125,85.552340,-9.443608,35.142318,105.424145,-6.064551,24.084082,85.552968,-3.527759,23.249190,87.879436,0.030000,
-6.066089,24.102125,85.552340,-9.443915,35.141553,105.429438,-6.067472,24.118356,85.551775,-3.528527,23.249755,87.878747,0.030000,
-6.066089,24.102125,85.552340,-9.444223,35.140788,105.434729,-6.064551,24.084082,85.552968,-3.529295,23.250320,87.878057,0.030000,
-6.066089,24.102125,85.552340,-9.444531,35.140022,105.440020,-6.067472,24.118356,85.551775,-3.530063,23.250884,87.877368,0.030000,
-6.066089,24.102125,85.552340,-9.444839,35.139257,105.445310,-6.064551,24.084082,85.552968,-3.530831,23.251447,87.876679,0.030000,
-6.066089,24.102125,85.552340,-9.445148,35.138491,105.450598,-6.067472,24.118356,85.551775,-3.531599,23.252011,87.875991,0.030000,
-6.066089,24.102125,85.552340,-9.445456,35.137725,105.455885,-6.064551,24.084082,85.552968,-3.532366,23.252574,87.875302,0.030000,
-6.066089,24.102125,85.552340,-9.445765,35.136959,105.461172,-6.067472,24.118356,85.551775,-3.533133,23.253136,87.874614,0.030000,
-6.066089,24.102125,85.552340,-9.446074,35.136192,105.466457,-6.064551,24.084082,85.552968,-3.533900,23.253698,87.873925,0.030000,
-6.066089,24.102125,85.552340,-9.446383,35.135426,105.471741,-6.067472,24.118356,85.551775,-3.534667,23.254260,87.873237,0.030000,
-6.066089,24.102125,85.552340,-9.446693,35.134659,105.477024,-6.064551,24.084082,85.552968,-3.535433,23.254822,87.872550,0.030000,
-6.066089,24.102125,85.552340,-9.447002,35.133892,105.482306,-6.067472,24.118356,85.551775,-3.536199,23.255383,87.871862,0.030000,
-6.066089,24.102125,85.552340,-9.447312,35.133125,105.487587,-6.064551,24.084082,85.552968,-3.536965,23.255944,87.871175,0.030000,
-6.066089,24.102125,85.552340,-9.447622,35.132358,105.492867,-6.067472,24.118356,85.551775,-3.537731,23.256504,87.870487,0.030000,
-6.066089,24.102125,85.552340,-9.447932,35.131590,105.498145,-6.064551,24.084082,85.552968,-3.538496,23.257065,87.869800,0.030000,
-6.066089,24.102125,85.552340,-9.448243,35.130822,105.503423,-6.067472,24.118356,85.551775,-3.539262,23.257624,87.869114,0.030000,
-6.066089,24.102125,85.552340,-9.448554,35.130054,105.508700,-6.064551,24.084082,85.552968,-3.540027,23.258184,87.868427,0.030000,
-6.066089,24.102125,85.552340,-9.448865,35.129286,105.513975,-6.067472,24.118356,85.551775,-3.540792,23.258743,87.867741,0.030000,
-6.066089,24.102125,85.552340,-9.449176,35.128518,105.519249,-6.064551,24.084082,85.552968,-3.541556,23.259302,87.867054,0.030000,
-6.066089,24.102125,85.552340,-9.449487,35.127750,105.524523,-6.067472,24.118356,85.551775,-3.542321,23.259860,87.866368,0.030000,
-6.066089,24.102125,85.552340,-9.449798,35.126981,105.529795,-6.064551,24.084082,85.552968,-3.543085,23.260418,87.865682,0.030000,
-6.066089,24.102125,85.552340,-9.450110,35.126212,105.535066,-6.067472,24.118356,85.551775,-3.543849,23.260976,87.864997,0.030000,
-6.066089,24.102125,85.552340,-9.450422,35.125443,105.540336,-6.064551,24.084082,85.552968,-3.544612,23.261533,87.864311,0.030000,
-6.066089,24.102125,85.552340,-9.450734,35.124674,105.545605,-6.067472,24.118356,85.551775,-3.545376,23.262090,87.863626,0.030000,
-6.066089,24.102125,85.552340,-9.451046,35.123905,105.550873,-6.064551,24.084082,85.552968,-3.546139,23.262647,87.862941,0.030000,
-6.066089,24.102125,85.552340,-9.451359,35.123135,105.556140,-6.067472,24.118356,85.551775,-3.546902,23.263203,87.862256,0.030000,
-6.066089,24.102125,85.552340,-9.451672,35.122365,105.561406,-6.064551,24.084082,85.552968,-3.547665,23.263759,87.861572,0.030000,
-6.066089,24.102125,85.552340,-9.451985,35.121596,105.566670,-6.067472,24.118356,85.551775,-3.548427,23.264315,87.860887,0.030000,
-6.066089,24.102125,85.552340,-9.452298,35.120826,105.571934,-6.064551,24.084082,85.552968,-3.549190,23.264870,87.860203,0.030000,
-6.066089,24.102125,85.552340,-9.452611,35.120055,105.577196,-6.067472,24.118356,85.551775,-3.549952,23.265425,87.859519,0.030000,
-6.066089,24.102125,85.552340,-9.452924,35.119285,105.582458,-6.064551,24.084082,85.552968,-3.550714,23.265979,87.858835,0.030000,
-6.066089,24.102125,85.552340,-9.453238,35.118514,105.587718,-6.067472,24.118356,85.551775,-3.551475,23.266534,87.858151,0.030000,
-6.066089,24.102125,85.552340,-9.453552,35.117744,105.592977,-6.064551,24.084082,85.552968,-3.552237,23.267087,87.857468,0.030000,
-6.066089,24.102125,85.552340,-9.453866,35.116973,105.598236,-6.067472,24.118356,85.551775,-3.552998,23.267641,87.856784,0.030000,
-6.066089,24.102125,85.552340,-9.454181,35.116201,105.603493,-6.064551,24.084082,85.552968,-3.553759,23.268194,87.856101,0.030000,
-6.066089,24.102125,85.552340,-9.454495,35.115430,105.608749,-6.067472,24.118356,85.551775,-3.554519,23.268747,87.855418,0.030000,
-6.066089,24.102125,85.552340,-9.454810,35.114659,105.614004,-6.064551,24.084082,85.552968,-3.555280,23.269299,87.854735,0.030000,
-6.066089,24.102125,85.552340,-9.455125,35.113887,105.619258,-6.067472,24.118356,85.551775,-3.556040,23.269851,87.854053,0.030000,
-6.066089,24.102125,85.552340,-9.455440,35.113115,105.624510,-6.064551,24.084082,85.552968,-3.556800,23.270403,87.853371,0.030000,
-6.066089,24.102125,85.552340,-9.455755,35.112343,105.629762,-6.067472,24.118356,85.551775,-3.557560,23.270955,87.852688,0.030000,
-6.066089,24.102125,85.552340,-9.456071,35.111571,105.635013,-6.064551,24.084082,85.552968,-3.558320,23.271506,87.852007,0.030000,
-6.066089,24.102125,85.552340,-9.456387,35.110799,105.640263,-6.067472,24.118356,85.551775,-3.559079,23.272056,87.851325,0.030000,
-6.066089,24.102125,85.552340,-9.456703,35.110026,105.645511,-6.064551,24.084082,85.552968,-3.559838,23.272607,87.850643,0.030000,
-6.066089,24.102125,85.552340,-9.457019,35.109254,105.650759,-6.067472,24.118356,85.551775,-3.560597,23.273157,87.849962,0.030000,
-6.066089,24.102125,85.552340,-9.457335,35.108481,105.656005,-6.064551,24.084082,85.552968,-3.561356,23.273707,87.849281,0.030000,
-6.066089,24.102125,85.552340,-9.457652,35.107708,105.661250,-6.067472,24.118356,85.551775,-3.562114,23.274256,87.848600,0.030000,
-6.066089,24.102125,85.552340,-9.457968,35.106935,105.666495,-6.064551,24.084082,85.552968,-3.562872,23.274805,87.847919,0.030000,
-6.066089,24.102125,85.552340,-9.458285,35.106162,105.671738,-6.067472,24.118356,85.551775,-3.563630,23.275354,87.847238,0.030000,
-6.066089,24.102125,85.552340,-9.458602,35.105388,105.676980,-6.064551,24.084082,85.552968,-3.564388,23.275902,87.846558,0.030000,
-6.066089,24.102125,85.552340,-9.458920,35.104615,105.682221,-6.067472,24.118356,85.551775,-3.565146,23.276450,87.845878,0.030000,
-6.066089,24.102125,85.552340,-9.459237,35.103841,105.687461,-6.064551,24.084082,85.552968,-3.565903,23.276997,87.845198,0.030000,
-6.066089,24.102125,85.552340,-9.459555,35.103067,105.692700,-6.067472,24.118356,85.551775,-3.566660,23.277545,87.844518,0.030000,
-6.066089,24.102125,85.552340,-9.459873,35.102293,105.697938,-6.064551,24.084082,85.552968,-3.567417,23.278092,87.843838,0.030000,
-6.066089,24.102125,85.552340,-9.460191,35.101519,105.703174,-6.067472,24.118356,85.551775,-3.568174,23.278638,87.843159,0.030000,
-6.066089,24.102125,85.552340,-9.460509,35.100744,105.708410,-6.064551,24.084082,85.552968,-3.568930,23.279184,87.842480,0.030000,
-6.066089,24.102125,85.552340,-9.460828,35.099970,105.713645,-6.067472,24.118356,85.551775,-3.569686,23.279730,87.841800,0.030000,
-6.066089,24.102125,85.552340,-9.461146,35.099195,105.718878,-6.064551,24.084082,85.552968,-3.570442,23.280276,87.841122,0.030000,
-6.066089,24.102125,85.552340,-9.461465,35.098420,105.724111,-6.067472,24.118356,85.551775,-3.571198,23.280821,87.840443,0.030000,
-6.066089,24.102125,85.552340,-9.461784,35.097645,105.729342,-6.064551,24.084082,85.552968,-3.571954,23.281366,87.839764,0.030000,
-6.066089,24.102125,85.552340,-9.462104,35.096870,105.734573,-6.067472,24.118356,85.551775,-3.572709,23.281911,87.839086,0.030000,
-6.066089,24.102125,85.552340,-9.462423,35.096094,105.739802,-6.064551,24.084082,85.552968,-3.573464,23.282455,87.838408,0.030000,
-6.066089,24.102125,85.552340,-9.462743,35.095319,105.745030,-6.067472,24.118356,85.551775,-3.574219,23.282999,87.837730,0.030000,
-6.066089,24.102125,85.552340,-9.463063,35.094543,105.750258,-6.064551,24.084082,85.552968,-3.574973,23.283542,87.837053,0.030000,
-6.066089,24.102125,85.552340,-9.463383,35.093767,105.755484,-6.067472,24.118356,85.551775,-3.575728,23.284085,87.836375,0.030000,
-6.066089,24.102125,85.552340,-9.463703,35.092991,105.760709,-6.064551,24.084082,85.552968,-3.576482,23.284628,87.835698,0.030000,
-6.066089,24.102125,85.552340,-9.464023,35.092215,105.765933,-6.067472,24.118356,85.551775,-3.577236,23.285170,87.835021,0.030000,
-6.066089,24.102125,85.552340,-9.464344,35.091439,105.771156,-6.064551,24.084082,85.552968,-3.577990,23.285713,87.834344,0.030000,
-6.066089,24.102125,85.552340,-9.464665,35.090663,105.776378,-6.067472,24.118356,85.551775,-3.578743,23.286254,87.833667,0.030000,
-6.066089,24.102125,85.552340,-9.464986,35.089886,105.781599,-6.064551,24.084082,85.552968,-3.579496,23.286796,87.832990,0.030000,
-6.066089,24.102125,85.552340,-9.465307,35.089109,105.786818,-6.067472,24.118356,85.551775,-3.580249,23.287337,87.832314,0.030000,
-6.066089,24.102125,85.552340,-9.465628,35.088333,105.792037,-6.064551,24.084082,85.552968,-3.581002,23.287878,87.831638,0.030000,
-6.066089,24.102125,85.552340,-9.465950,35.087556,105.797255,-6.067472,24.118356,85.551775,-3.581755,23.288418,87.830962,0.030000,
-6.066089,24.102125,85.552340,-9.466272,35.086778,105.802471,-6.064551,24.084082,85.552968,-3.582507,23.288958,87.830286,0.030000,
-6.066089,24.102125,85.552340,-9.466594,35.086001,105.807687,-6.067472,24.118356,85.551775,-3.583259,23.289498,87.829611,0.030000,
-6.066089,24.102125,85.552340,-9.466916,35.085224,105.812901,-6.064551,24.084082,85.552968,-3.584011,23.290037,87.828935,0.030000,
-6.066089,24.102125,85.552340,-9.467238,35.084446,105.818115,-6.067472,24.118356,85.551775,-3.584763,23.290577,87.828260,0.030000,
-6.066089,24.102125,85.552340,-9.467561,35.083668,105.823327,-6.064551,24.084082,85.552968,-3.585514,23.291115,87.827585,0.030000,
-6.066089,24.102125,85.552340,-9.467883,35.082891,105.828539,-6.067472,24.118356,85.551775,-3.586266,23.291654,87.826910,0.030000,
-6.066089,24.102125,85.552340,-9.468206,35.082113,105.833749,-6.064551,24.084082,85.552968,-3.587017,23.292192,87.826236,0.030000,
-6.066089,24.102125,85.552340,-9.468529,35.081334,105.838958,-6.067472,24.118356,85.551775,-3.587768,23.292729,87.825561,0.030000,
-6.066089,24.102125,85.552340,-9.468853,35.080556,105.844166,-6.064551,24.084082,85.552968,-3.588518,23.293267,87.824887,0.030000,
-6.066089,24.102125,85.552340,-9.469176,35.079778,105.849373,-6.067472,24.118356,85.551775,-3.589268,23.293804,87.824213,0.030000,
-6.066089,24.102125,85.552340,-9.469500,35.078999,105.854579,-6.064551,24.084082,85.552968,-3.590019,23.294341,87.823539,0.030000,
-6.066089,24.102125,85.552340,-9.469824,35.078220,105.859784,-6.067472,24.118356,85.551775,-3.590769,23.294877,87.822865,0.030000,
-6.066089,24.102125,85.552340,-9.470148,35.077442,105.864988,-6.064551,24.084082,85.552968,-3.591518,23.295413,87.822192,0.030000,
-6.066089,24.102125,85.552340,-9.470472,35.076663,105.870191,-6.067472,24.118356,85.551775,-3.592268,23.295949,87.821519,0.030000,
-6.066089,24.102125,85.552340,-9.470796,35.075884,105.875393,-6.064551,24.084082,85.552968,-3.593017,23.296484,87.820846,0.030000,
-6.066089,24.102125,85.552340,-9.471121,35.075104,105.880594,-6.067472,24.118356,85.551775,-3.593766,23.297019,87.820173,0.030000,
-6.066089,24.102125,85.552340,-9.471446,35.074325,105.885793,-6.064551,24.084082,85.552968,-3.594515,23.297554,87.819500,0.030000,
-6.066089,24.102125,85.552340,-9.471771,35.073545,105.890992,-6.067472,24.118356,85.551775,-3.595263,23.298088,87.818827,0.030000,
-6.066089,24.102125,85.552340,-9.472096,35.072766,105.896190,-6.064551,24.084082,85.552968,-3.596012,23.298622,87.818155,0.030000,
-6.066089,24.102125,85.552340,-9.472421,35.071986,105.901386,-6.067472,24.118356,85.551775,-3.596760,23.299156,87.817483,0.030000,
-6.066089,24.102125,85.552340,-9.472747,35.071206,105.906582,-6.064551,24.084082,85.552968,-3.597508,23.299689,87.816811,0.030000,
-6.066089,24.102125,85.552340,-9.473072,35.070426,105.911776,-6.067472,24.118356,85.551775,-3.598255,23.300222,87.816139,0.030000,
-6.066089,24.102125,85.552340,-9.473398,35.069646,105.916970,-6.064551,24.084082,85.552968,-3.599003,23.300755,87.815468,0.030000,
-6.066089,24.102125,85.552340,-9.473724,35.068865,105.922162,-6.067472,24.118356,85.551775,-3.599750,23.301287,87.814796,0.030000,
-6.066089,24.102125,85.552340,-9.474051,35.068085,105.927353,-6.064551,24.084082,85.552968,-3.600497,23.301819,87.814125,0.030000,
-6.066089,24.102125,85.552340,-9.474377,35.067304,105.932544,-6.067472,24.118356,85.551775,-3.601244,23.302351,87.813454,0.030000,
-6.066089,24.102125,85.552340,-9.474704,35.066524,105.937733,-6.064551,24.084082,85.552968,-3.601990,23.302882,87.812784,0.030000,
-6.066089,24.102125,85.552340,-9.475031,35.065743,105.942921,-6.067472,24.118356,85.551775,-3.602737,23.303413,87.812113,0.030000,
-6.066089,24.102125,85.552340,-9.475358,35.064962,105.948108,-6.064551,24.084082,85.552968,-3.603483,23.303944,87.811443,0.030000,
-6.066089,24.102125,85.552340,-9.475685,35.064181,105.953294,-6.067472,24.118356,85.551775,-3.604229,23.304474,87.810772,0.030000,
-6.066089,24.102125,85.552340,-9.476012,35.063400,105.958479,-6.064551,24.084082,85.552968,-3.604974,23.305004,87.810102,0.030000,
-6.066089,24.102125,85.552340,-9.476340,35.062618,105.963663,-6.067472,24.118356,85.551775,-3.605720,23.305534,87.809432,0.030000,
-6.066089,24.102125,85.552340,-9.476667,35.061837,105.968846,-6.064551,24.084082,85.552968,-3.606465,23.306063,87.808763,0.030000,
-6.066089,24.102125,85.552340,-9.476995,35.061055,105.974028,-6.067472,24.118356,85.551775,-3.607210,23.306592,87.808093,0.030000,
-6.066089,24.102125,85.552340,-9.477323,35.060273,105.979209,-6.064551,24.084082,85.552968,-3.607955,23.307121,87.807424,0.030000,
-6.066089,24.102125,85.552340,-9.477652,35.059492,105.984389,-6.067472,24.118356,85.551775,-3.608699,23.307649,87.806755,0.030000,
-6.066089,24.102125,85.552340,-9.477980,35.058710,105.989568,-6.064551,24.084082,85.552968,-3.609444,23.308177,87.806086,0.030000,
-6.066089,24.102125,85.552340,-9.478309,35.057928,105.994746,-6.067472,24.118356,85.551775,-3.610188,23.308705,87.805418,0.030000,
-6.066089,24.102125,85.552340,-9.478637,35.057145,105.999922,-6.064551,24.084082,85.552968,-3.610931,23.309232,87.804749,0.030000,
-6.066089,24.102125,85.552340,-9.478966,35.056363,106.005098,-6.067472,24.118356,85.551775,-3.611675,23.309759,87.804081,0.030000,
-6.066089,24.102125,85.552340,-9.479296,35.055581,106.010273,-6.064551,24.084082,85.552968,-3.612419,23.310286,87.803413,0.030000,
-6.066089,24.102125,85.552340,-9.479625,35.054798,106.015446,-6.067472,24.118356,85.551775,-3.613162,23.310812,87.802745,0.030000,
-6.066089,24.102125,85.552340,-9.479954,35.054015,106.020619,-6.064551,24.084082,85.552968,-3.613905,23.311338,87.802077,0.030000,
-6.066089,24.102125,85.552340,-9.480284,35.053233,106.025790,-6.067472,24.118356,85.551775,-3.614648,23.311864,87.801409,0.030000,
-6.066089,24.102125,85.552340,-9.480614,35.052450,106.030961,-6.064551,24.084082,85.552968,-3.615390,23.312389,87.800742,0.030000,
-6.066089,24.102125,85.552340,-9.480944,35.051667,106.036130,-6.067472,24.118356,85.551775,-3.616132,23.312914,87.800075,0.030000,
-6.066089,24.102125,85.552340,-9.481274,35.050883,106.041298,-6.064551,24.084082,85.552968,-3.616875,23.313439,87.799408,0.030000,
-6.066089,24.102125,85.552340,-9.481605,35.050100,106.046466,-6.067472,24.118356,85.551775,-3.617616,23.313963,87.798741,0.030000,
-6.066089,24.102125,85.552340,-9.481935,35.049317,106.051632,-6.064551,24.084082,85.552968,-3.618358,23.314487,87.798075,0.030000,
-6.066089,24.102125,85.552340,-9.482266,35.048533,106.056797,-6.067472,24.118356,85.551775,-3.619100,23.315011,87.797408,0.030000,
-6.066089,24.102125,85.552340,-9.482597,35.047750,106.061961,-6.064551,24.084082,85.552968,-3.619841,23.315534,87.796742,0.030000,
-6.066089,24.102125,85.552340,-9.482928,35.046966,106.067125,-6.067472,24.118356,85.551775,-3.620582,23.316057,87.796076,0.030000,
-6.066089,24.102125,85.552340,-9.483259,35.046182,106.072287,-6.064551,24.084082,85.552968,-3.621322,23.316580,87.795410,0.030000,
-6.066089,24.102125,85.552340,-9.483591,35.045398,106.077448,-6.067472,24.118356,85.551775,-3.622063,23.317102,87.794744,0.030000,
-6.066089,24.102125,85.552340,-9.483923,35.044614,106.082608,-6.064551,24.084082,85.552968,-3.622803,23.317625,87.794079,0.030000,
-6.066089,24.102125,85.552340,-9.484254,35.043830,106.087767,-6.067472,24.118356,85.551775,-3.623543,23.318146,87.793414,0.030000,
-6.066089,24.102125,85.552340,-9.484586,35.043046,106.092925,-6.064551,24.084082,85.552968,-3.624283,23.318668,87.792749,0.030000,
-6.066089,24.102125,85.552340,-9.484919,35.042261,106.098082,-6.067472,24.118356,85.551775,-3.625023,23.319189,87.792084,0.030000,
-6.066089,24.102125,85.552340,-9.485251,35.041477,106.103238,-6.064551,24.084082,85.552968,-3.625762,23.319709,87.791419,0.030000,
-6.066089,24.102125,85.552340,-9.485583,35.040692,106.108393,-6.067472,24.118356,85.551775,-3.626502,23.320230,87.790755,0.030000,
-6.066089,24.102125,85.552340,-9.485916,35.039907,106.113547,-6.064551,24.084082,85.552968,-3.627241,23.320750,87.790090,0.030000,
-6.066089,24.102125,85.552340,-9.486249,35.039122,106.118699,-6.067472,24.118356,85.551775,-3.627979,23.321270,87.789426,0.030000,
-6.066089,24.102125,85.552340,-9.486582,35.038337,106.123851,-6.064551,24.084082,85.552968,-3.628718,23.321789,87.788762,0.030000,
-6.066089,24.102125,85.552340,-9.486915,35.037552,106.129002,-6.067472,24.118356,85.551775,-3.629456,23.322308,87.788099,0.030000,
-6.066089,24.102125,85.552340,-9.487249,35.036767,106.134152,-6.064551,24.084082,85.552968,-3.630195,23.322827,87.787435,0.030000,
-6.066089,24.102125,85.552340,-9.487582,35.035982,106.139300,-6.067472,24.118356,85.551775,-3.630932,23.323345,87.786772,0.030000,
-6.066089,24.102125,85.552340,-9.487916,35.035197,106.144448,-6.064551,24.084082,85.552968,-3.631670,23.323864,87.786108,0.030000,
-6.066089,24.102125,85.552340,-9.488250,35.034411,106.149595,-6.067472,24.118356,85.551775,-3.632408,23.324381,87.785445,0.030000,
-6.066089,24.102125,85.552340,-9.488584,35.033626,106.154740,-6.064551,24.084082,85.552968,-3.633145,23.324899,87.784783,0.030000,
-6.066089,24.102125,85.552340,-9.488918,35.032840,106.159885,-6.067472,24.118356,85.551775,-3.633882,23.325416,87.784120,0.030000,
-6.066089,24.102125,85.552340,-9.489253,35.032054,106.165028,-6.064551,24.084082,85.552968,-3.634619,23.325933,87.783458,0.030000,
-6.066089,24.102125,85.552340,-9.489587,35.031268,106.170171,-6.067472,24.118356,85.551775,-3.635355,23.326449,87.782795,0.030000,
-6.066089,24.102125,85.552340,-9.489922,35.030482,106.175312,-6.064551,24.084082,85.552968,-3.636092,23.326965,87.782133,0.030000,
-6.066089,24.102125,85.552340,-9.490257,35.029696,106.180453,-6.067472,24.118356,85.551775,-3.636828,23.327481,87.781472,0.030000,
-6.066089,24.102125,85.552340,-9.490592,35.028910,106.185592,-6.064551,24.084082,85.552968,-3.637564,23.327997,87.780810,0.030000,
-6.066089,24.102125,85.552340,-9.490927,35.028124,106.190731,-6.067472,24.118356,85.551775,-3.638299,23.328512,87.780148,0.030000,
-6.066089,24.102125,85.552340,-9.491263,35.027337,106.195868,-6.064551,24.084082,85.552968,-3.639035,23.329027,87.779487,0.030000,
-6.066089,24.102125,85.552340,-9.491598,35.026551,106.201004,-6.067472,24.118356,85.551775,-3.639770,23.329541,87.778826,0.030000,
-6.066089,24.102125,85.552340,-9.491934,35.025764,106.206140,-6.064551,24.084082,85.552968,-3.640505,23.330056,87.778165,0.030000,
-6.066089,24.102125,85.552340,-9.492270,35.024977,106.211274,-6.067472,24.118356,85.551775,-3.641240,23.330570,87.777504,0.030000,
-6.066089,24.102125,85.552340,-9.492606,35.024191,106.216407,-6.064551,24.084082,85.552968,-3.641974,23.331083,87.776844,0.030000,
-6.066089,24.102125,85.552340,-9.492943,35.023404,106.221540,-6.067472,24.118356,85.551775,-3.642709,23.331596,87.776184,0.030000,
-6.066089,24.102125,85.552340,-9.493279,35.022617,106.226671,-6.064551,24.084082,85.552968,-3.643443,23.332109,87.775523,0.030000,
-6.066089,24.102125,85.552340,-9.493616,35.021830,106.231801,-6.067472,24.118356,85.551775,-3.644177,23.332622,87.774863,0.030000,
-6.066089,24.102125,85.552340,-9.493952,35.021043,106.236930,-6.064551,24.084082,85.552968,-3.644911,23.333134,87.774204,0.030000,
-6.066089,24.102125,85.552340,-9.494289,35.020255,106.242058,-6.067472,24.118356,85.551775,-3.645644,23.333646,87.773544,0.030000,
-6.066089,24.102125,85.552340,-9.494627,35.019468,106.247185,-6.064551,24.084082,85.552968,-3.646377,23.334158,87.772885,0.030000,
-6.066089,24.102125,85.552340,-9.494964,35.018680,106.252311,-6.067472,24.118356,85.551775,-3.647111,23.334669,87.772226,0.030000,
-6.066089,24.102125,85.552340,-9.495301,35.017893,106.257437,-6.064551,24.084082,85.552968,-3.647843,23.335180,87.771566,0.030000,
-6.066089,24.102125,85.552340,-9.495639,35.017105,106.262561,-6.067472,24.118356,85.551775,-3.648576,23.335691,87.770908,0.030000,
-6.066089,24.102125,85.552340,-9.495977,35.016318,106.267684,-6.064551,24.084082,85.552968,-3.649308,23.336201,87.770249,0.030000,
-6.066089,24.102125,85.552340,-9.496315,35.015530,106.272806,-6.067472,24.118356,85.551775,-3.650041,23.336711,87.769591,0.030000,
-6.066089,24.102125,85.552340,-9.496653,35.014742,106.277927,-6.064551,24.084082,85.552968,-3.650773,23.337221,87.768932,0.030000,
-6.066089,24.102125,85.552340,-9.496991,35.013954,106.283047,-6.067472,24.118356,85.551775,-3.651504,23.337730,87.768274,0.030000,
-6.066089,24.102125,85.552340,-9.497330,35.013166,106.288165,-6.064551,24.084082,85.552968,-3.652236,23.338239,87.767616,0.030000,
-6.066089,24.102125,85.552340,-9.497668,35.012377,106.293283,-6.067472,24.118356,85.551775,-3.652967,23.338748,87.766959,0.030000,
-6.066089,24.102125,85.552340,-9.498007,35.011589,106.298400,-6.064551,24.084082,85.552968,-3.653698,23.339256,87.766301,0.030000,
-6.066089,24.102125,85.552340,-9.498346,35.010801,106.303516,-6.067472,24.118356,85.551775,-3.654429,23.339765,87.765644,0.030000,
-6.066089,24.102125,85.552340,-9.498685,35.010012,106.308631,-6.064551,24.084082,85.552968,-3.655160,23.340272,87.764987,0.030000,
-6.066089,24.102125,85.552340,-9.499025,35.009224,106.313745,-6.067472,24.118356,85.551775,-3.655890,23.340780,87.764330,0.030000,
-6.066089,24.102125,85.552340,-9.499364,35.008435,106.318858,-6.064551,24.084082,85.552968,-3.656620,23.341287,87.763673,0.030000,
-6.066089,24.102125,85.552340,-9.499704,35.007647,106.323970,-6.067472,24.118356,85.551775,-3.657350,23.341794,87.763016,0.030000,
-6.066089,24.102125,85.552340,-9.500043,35.006858,106.329080,-6.064551,24.084082,85.552968,-3.658080,23.342300,87.762360,0.030000,
-6.066089,24.102125,85.552340,-9.500383,35.006069,106.334190,-6.067472,24.118356,85.551775,-3.658810,23.342806,87.761704,0.030000,
-6.066089,24.102125,85.552340,-9.500723,35.005280,106.339299,-6.064551,24.084082,85.552968,-3.659539,23.343312,87.761048,0.030000,
-6.066089,24.102125,85.552340,-9.501064,35.004491,106.344407,-6.067472,24.118356,85.551775,-3.660268,23.343818,87.760392,0.030000,
-6.066089,24.102125,85.552340,-9.501404,35.003702,106.349513,-6.064551,24.084082,85.552968,-3.660997,23.344323,87.759736,0.030000,
-6.066089,24.102125,85.552340,-9.501745,35.002913,106.354619,-6.067472,24.118356,85.551775,-3.661726,23.344828,87.759081,0.030000,
-6.066089,24.102125,85.552340,-9.502085,35.002123,106.359724,-6.064551,24.084082,85.552968,-3.662454,23.345333,87.758426,0.030000,
-6.066089,24.102125,85.552340,-9.502426,35.001334,106.364827,-6.067472,24.118356,85.551775,-3.663183,23.345837,87.757771,0.030000,
-6.066089,24.102125,85.552340,-9.502767,35.000544,106.369930,-6.064551,24.084082,85.552968,-3.663911,23.346341,87.757116,0.030000,
-6.066089,24.102125,85.552340,-9.503109,34.999755,106.375032,-6.067472,24.118356,85.551775,-3.664638,23.346845,87.756461,0.030000,
-6.066089,24.102125,85.552340,-9.503450,34.998965,106.380132,-6.064551,24.084082,85.552968,-3.665366,23.347348,87.755806,0.030000,
-6.066089,24.102125,85.552340,-9.503792,34.998175,106.385232,-6.067472,24.118356,85.551775,-3.666093,23.347851,87.755152,0.030000,
-6.066089,24.102125,85.552340,-9.504133,34.997386,106.390330,-6.064551,24.084082,85.552968,-3.666821,23.348354,87.754498,0.030000,
-6.066089,24.102125,85.552340,-9.504475,34.996596,106.395428,-6.067472,24.118356,85.551775,-3.667547,23.348856,87.753844,0.030000,
-6.066089,24.102125,85.552340,-9.504817,34.995806,106.400525,-6.064551,24.084082,85.552968,-3.668274,23.349358,87.753190,0.030000,
-6.066089,24.102125,85.552340,-9.505160,34.995016,106.405620,-6.067472,24.118356,85.551775,-3.669001,23.349860,87.752537,0.030000,
-6.066089,24.102125,85.552340,-9.505502,34.994226,106.410715,-6.064551,24.084082,85.552968,-3.669727,23.350361,87.751883,0.030000,
-6.066089,24.102125,85.552340,-9.505844,34.993436,106.415808,-6.067472,24.118356,85.551775,-3.670453,23.350862,87.751230,0.030000,
-6.066089,24.102125,85.552340,-9.506187,34.992645,106.420901,-6.064551,24.084082,85.552968,-3.671179,23.351363,87.750577,0.030000,
-6.066089,24.102125,85.552340,-9.506530,34.991855,106.425992,-6.067472,24.118356,85.551775,-3.671905,23.351864,87.749924,0.030000,
-6.066089,24.102125,85.552340,-9.506873,34.991065,106.431083,-6.064551,24.084082,85.552968,-3.672630,23.352364,87.749272,0.030000,
-6.066089,24.102125,85.552340,-9.507216,34.990274,106.436172,-6.067472,24.118356,85.551775,-3.673355,23.352864,87.748619,0.030000,
-6.066089,24.102125,85.552340,-9.507559,34.989484,106.441261,-6.064551,24.084082,85.552968,-3.674080,23.353363,87.747967,0.030000,
-6.066089,24.102125,85.552340,-9.507903,34.988693,106.446348,-6.067472,24.118356,85.551775,-3.674805,23.353862,87.747315,0.030000,
-6.066089,24.102125,85.552340,-9.508247,34.987902,106.451435,-6.064551,24.084082,85.552968,-3.675530,23.354361,87.746663,0.030000,
-6.066089,24.102125,85.552340,-9.508590,34.987112,106.456520,-6.067472,24.118356,85.551775,-3.676254,23.354860,87.746011,0.030000,
-6.066089,24.102125,85.552340,-9.508934,34.986321,106.461605,-6.064551,24.084082,85.552968,-3.676978,23.355358,87.745360,0.030000,
-6.066089,24.102125,85.552340,-9.509278,34.985530,106.466688,-6.067472,24.118356,85.551775,-3.677702,23.355856,87.744708,0.030000,
-6.066089,24.102125,85.552340,-9.509623,34.984739,106.471771,-6.064551,24.084082,85.552968,-3.678426,23.356354,87.744057,0.030000,
-6.066089,24.102125,85.552340,-9.509967,34.983948,106.476852,-6.067472,24.118356,85.551775,-3.679149,23.356851,87.743406,0.030000,
-6.066089,24.102125,85.552340,-9.510312,34.983157,106.481932,-6.064551,24.084082,85.552968,-3.679872,23.357348,87.742756,0.030000,
-6.066089,24.102125,85.552340,-9.510656,34.982365,106.487012,-6.067472,24.118356,85.551775,-3.680595,23.357845,87.742105,0.030000,
-6.066089,24.102125,85.552340,-9.511001,34.981574,106.492090,-6.064551,24.084082,85.552968,-3.681318,23.358341,87.741455,0.030000,
-6.066089,24.102125,85.552340,-9.511346,34.980783,106.497168,-6.067472,24.118356,85.551775,-3.682041,23.358837,87.740804,0.030000,
-6.066089,24.102125,85.552340,-9.511691,34.979991,106.502244,-6.064551,24.084082,85.552968,-3.682763,23.359333,87.740154,0.030000,
-6.066089,24.102125,85.552340,-9.512037,34.979200,106.507319,-6.067472,24.118356,85.551775,-3.683485,23.359828,87.739504,0.030000,
-6.066089,24.102125,85.552340,-9.512382,34.978408,106.512394,-6.064551,24.084082,85.552968,-3.684207,23.360324,87.738855,0.030000,
-6.066089,24.102125,85.552340,-9.512728,34.977617,106.517467,-6.067472,24.118356,85.551775,-3.684929,23.360818,87.738205,0.030000,
-6.066089,24.102125,85.552340,-9.513074,34.976825,106.522540,-6.064551,24.084082,85.552968,-3.685651,23.361313,87.737556,0.030000,
-6.066089,24.102125,85.552340,-9.513420,34.976033,106.527611,-6.067472,24.118356,85.551775,-3.686372,23.361807,87.736907,0.030000,
-6.066089,24.102125,85.552340,-9.513766,34.975241,106.532681,-6.064551,24.084082,85.552968,-3.687093,23.362301,87.736258,0.030000,
-6.066089,24.102125,85.552340,-9.514112,34.974450,106.537751,-6.067472,24.118356,85.551775,-3.687814,23.362795,87.735609,0.030000,
-6.066089,24.102125,85.552340,-9.514459,34.973658,106.542819,-6.064551,24.084082,85.552968,-3.688534,23.363288,87.734961,0.030000,
-6.066089,24.102125,85.552340,-9.514805,34.972866,106.547886,-6.067472,24.118356,85.551775,-3.689255,23.363781,87.734312,0.030000,
-6.066089,24.102125,85.552340,-9.515152,34.972074,106.552953,-6.064551,24.084082,85.552968,-3.689975,23.364274,87.733664,0.030000,
-6.066089,24.102125,85.552340,-9.515499,34.971281,106.558018,-6.067472,24.118356,85.551775,-3.690695,23.364766,87.733016,0.030000,
-6.066089,24.102125,85.552340,-9.515846,34.970489,106.563083,-6.064551,24.084082,85.552968,-3.691415,23.365258,87.732368,0.030000,
-6.066089,24.102125,85.552340,-9.516193,34.969697,106.568146,-6.067472,24.118356,85.551775,-3.692135,23.365750,87.731721,0.030000,
-6.066089,24.102125,85.552340,-9.516540,34.968905,106.573208,-6.064551,24.084082,85.552968,-3.692854,23.366241,87.731073,0.030000,
-6.066089,24.102125,85.552340,-9.516888,34.968112,106.578270,-6.067472,24.118356,85.551775,-3.693573,23.366732,87.730426,0.030000,
-6.066089,24.102125,85.552340,-9.517235,34.967320,106.583330,-6.064551,24.084082,85.552968,-3.694292,23.367223,87.729779,0.030000,
-6.066089,24.102125,85.552340,-9.517583,34.966527,106.588389,-6.067472,24.118356,85.551775,-3.695011,23.367713,87.729132,0.030000,
-6.066089,24.102125,85.552340,-9.517931,34.965735,106.593448,-6.064551,24.084082,85.552968,-3.695729,23.368204,87.728485,0.030000,
-6.066089,24.102125,85.552340,-9.518279,34.964942,106.598505,-6.067472,24.118356,85.551775,-3.696448,23.368693,87.727839,0.030000,
-6.066089,24.102125,85.552340,-9.518627,34.964149,106.603561,-6.064551,24.084082,85.552968,-3.697166,23.369183,87.727193,0.030000,
-6.066089,24.102125,85.552340,-9.518976,34.963357,106.608617,-6.067472,24.118356,85.551775,-3.697883,23.369672,87.726547,0.030000,
-6.066089,24.102125,85.552340,-9.519324,34.962564,106.613671,-6.064551,24.084082,85.552968,-3.698601,23.370161,87.725901,0.030000,
-6.066089,24.102125,85.552340,-9.519673,34.961771,106.618725,-6.067472,24.118356,85.551775,-3.699319,23.370650,87.725255,0.030000,
-6.066089,24.102125,85.552340,-9.520022,34.960978,106.623777,-6.064551,24.084082,85.552968,-3.700036,23.371138,87.724609,0.030000,
-6.066089,24.102125,85.552340,-9.520371,34.960185,106.628828,-6.067472,24.118356,85.551775,-3.700753,23.371626,87.723964,0.030000,
-6.066089,24.102125,85.552340,-9.520720,34.959392,106.633879,-6.064551,24.084082,85.552968,-3.701470,23.372114,87.723319,0.030000,
-6.066089,24.102125,85.552340,-9.521069,34.958599,106.638928,-6.067472,24.118356,85.551775,-3.702186,23.372601,87.722674,0.030000,
-6.066089,24.102125,85.552340,-9.521419,34.957806,106.643976,-6.064551,24.084082,85.552968,-3.702902,23.373088,87.722029,0.030000,
-6.066089,24.102125,85.552340,-9.521768,34.957013,106.649024,-6.067472,24.118356,85.551775,-3.703619,23.373575,87.721384,0.030000,
-6.066089,24.102125,85.552340,-9.522118,34.956219,106.654070,-6.064551,24.084082,85.552968,-3.704335,23.374062,87.720740,0.030000,
-6.066089,24.102125,85.552340,-9.522468,34.955426,106.659116,-6.067472,24.118356,85.551775,-3.705050,23.374548,87.720095,0.030000,
-6.066089,24.102125,85.552340,-9.522818,34.954633,106.664160,-6.064551,24.084082,85.552968,-3.705766,23.375034,87.719451,0.030000,
-6.066089,24.102125,85.552340,-9.523168,34.953839,106.669203,-6.067472,24.118356,85.551775,-3.706481,23.375519,87.718807,0.030000,
-6.066089,24.102125,85.552340,-9.523519,34.953046,106.674246,-6.064551,24.084082,85.552968,-3.707196,23.376005,87.718164,0.030000,
-6.066089,24.102125,85.552340,-9.523869,34.952252,106.679287,-6.067472,24.118356,85.551775,-3.707911,23.376489,87.717520,0.030000,
-6.066089,24.102125,85.552340,-9.524220,34.951459,106.684328,-6.064551,24.084082,85.552968,-3.708626,23.376974,87.716877,0.030000,
-6.066089,24.102125,85.552340,-9.524570,34.950665,106.689367,-6.067472,24.118356,85.551775,-3.709340,23.377458,87.716234,0.030000,
-6.066089,24.102125,85.552340,-9.524921,34.949871,106.694406,-6.064551,24.084082,85.552968,-3.710054,23.377942,87.715591,0.030000,
-6.066089,24.102125,85.552340,-9.525272,34.949078,106.699443,-6.067472,24.118356,85.551775,-3.710768,23.378426,87.714948,0.030000,
-6.066089,24.102125,85.552340,-9.525624,34.948284,106.704480,-6.064551,24.084082,85.552968,-3.711482,23.378910,87.714305,0.030000,
-6.066089,24.102125,85.552340,-9.525975,34.947490,106.709515,-6.067472,24.118356,85.551775,-3.712196,23.379393,87.713663,0.030000,
-6.066089,24.102125,85.552340,-9.526326,34.946696,106.714550,-6.064551,24.084082,85.552968,-3.712909,23.379876,87.713020,0.030000,
-6.066089,24.102125,85.552340,-9.526678,34.945902,106.719583,-6.067472,24.118356,85.551775,-3.713622,23.380358,87.712378,0.030000,
-6.066089,24.102125,85.552340,-9.527030,34.945108,106.724616,-6.064551,24.084082,85.552968,-3.714335,23.380840,87.711737,0.030000,
-6.066089,24.102125,85.552340,-9.527382,34.944314,106.729647,-6.067472,24.118356,85.551775,-3.715048,23.381322,87.711095,0.030000,
-6.066089,24.102125,85.552340,-9.527734,34.943520,106.734678,-6.064551,24.084082,85.552968,-3.715760,23.381804,87.710453,0.030000,
-6.066089,24.102125,85.552340,-9.528086,34.942726,106.739707,-6.067472,24.118356,85.551775,-3.716473,23.382285,87.709812,0.030000,
-6.066089,24.102125,85.552340,-9.528438,34.941932,106.744736,-6.064551,24.084082,85.552968,-3.717185,23.382766,87.709171,0.030000,
-6.066089,24.102125,85.552340,-9.528791,34.941138,106.749763,-6.067472,24.118356,85.551775,-3.717896,23.383247,87.708530,0.030000,
-6.066089,24.102125,85.552340,-9.529144,34.940343,106.754790,-6.064551,24.084082,85.552968,-3.718608,23.383727,87.707889,0.030000,
-6.066089,24.102125,85.552340,-9.529496,34.939549,106.759815,-6.067472,24.118356,85.551775,-3.719320,23.384207,87.707248,0.030000,
-6.066089,24.102125,85.552340,-9.529849,34.938755,106.764840,-6.064551,24.084082,85.552968,-3.720031,23.384687,87.706608,0.030000,
-6.066089,24.102125,85.552340,-9.530202,34.937960,106.769864,-6.067472,24.118356,85.551775,-3.720742,23.385166,87.705968,0.030000,
-6.066089,24.102125,85.552340,-9.530556,34.937166,106.774886,-6.064551,24.084082,85.552968,-3.721453,23.385646,87.705328,0.030000,
-6.066089,24.102125,85.552340,-9.530909,34.936371,106.779908,-6.067472,24.118356,85.551775,-3.722163,23.386125,87.704688,0.030000,
-6.066089,24.102125,85.552340,-9.531262,34.935577,106.784929,-6.064551,24.084082,85.552968,-3.722874,23.386603,87.704048,0.030000,
-6.066089,24.102125,85.552340,-9.531616,34.934782,106.789948,-6.067472,24.118356,85.551775,-3.723584,23.387081,87.703409,0.030000,
-6.066089,24.102125,85.552340,-9.531970,34.933988,106.794967,-6.064551,24.084082,85.552968,-3.724294,23.387559,87.702769,0.030000,
-6.066089,24.102125,85.552340,-9.532324,34.933193,106.799985,-6.067472,24.118356,85.551775,-3.725003,23.388037,87.702130,0.030000,
-6.066089,24.102125,85.552340,-9.532678,34.932398,106.805001,-6.064551,24.084082,85.552968,-3.725713,23.388514,87.701491,0.030000,
-6.066089,24.102125,85.552340,-9.533032,34.931603,106.810017,-6.067472,24.118356,85.551775,-3.726422,23.388991,87.700853,0.030000,
-6.066089,24.102125,85.552340,-9.533386,34.930809,106.815032,-6.064551,24.084082,85.552968,-3.727131,23.389468,87.700214,0.030000,
-6.066089,24.102125,85.552340,-9.533741,34.930014,106.820046,-6.067472,24.118356,85.551775,-3.727840,23.389945,87.699576,0.030000,
-6.066089,24.102125,85.552340,-9.534096,34.929219,106.825058,-6.064551,24.084082,85.552968,-3.728549,23.390421,87.698937,0.030000,
-6.066089,24.102125,85.552340,-9.534450,34.928424,106.830070,-6.067472,24.118356,85.551775,-3.729257,23.390897,87.698299,0.030000,
-6.066089,24.102125,85.552340,-9.534805,34.927629,106.835081,-6.064551,24.084082,85.552968,-3.729966,23.391372,87.697662,0.030000,
-6.066089,24.102125,85.552340,-9.535160,34.926834,106.840091,-6.067472,24.118356,85.551775,-3.730674,23.391847,87.697024,0.030000,
-6.066089,24.102125,85.552340,-9.535516,34.926039,106.845100,-6.064551,24.084082,85.552968,-3.731381,23.392322,87.696386,0.030000,
-6.066089,24.102125,85.552340,-9.535871,34.925244,106.850107,-6.067472,24.118356,85.551775,-3.732089,23.392797,87.695749,0.030000,
-6.066089,24.102125,85.552340,-9.536226,34.924449,106.855114,-6.064551,24.084082,85.552968,-3.732796,23.393271,87.695112,0.030000,
-6.066089,24.102125,85.552340,-9.536582,34.923654,106.860120,-6.067472,24.118356,85.551775,-3.733504,23.393745,87.694475,0.030000,
-6.066089,24.102125,85.552340,-9.536938,34.922859,106.865125,-6.064551,24.084082,85.552968,-3.734211,23.394219,87.693838,0.030000,
-6.066089,24.102125,85.552340,-9.537294,34.922063,106.870129,-6.067472,24.118356,85.551775,-3.734917,23.394693,87.693202,0.030000,
-6.066089,24.102125,85.552340,-9.537650,34.921268,106.875132,-6.064551,24.084082,85.552968,-3.735624,23.395166,87.692565,0.030000,
-6.066089,24.102125,85.552340,-9.538006,34.920473,106.880134,-6.067472,24.118356,85.551775,-3.736330,23.395639,87.691929,0.030000,
-6.066089,24.102125,85.552340,-9.538362,34.919677,106.885135,-6.064551,24.084082,85.552968,-3.737036,23.396111,87.691293,0.030000,
-6.066089,24.102125,85.552340,-9.538718,34.918882,106.890135,-6.067472,24.118356,85.551775,-3.737742,23.396584,87.690657,0.030000,
-6.066089,24.102125,85.552340,-9.539075,34.918087,106.895134,-6.064551,24.084082,85.552968,-3.738448,23.397056,87.690022,0.030000,
-6.066089,24.102125,85.552340,-9.539432,34.917291,106.900132,-6.067472,24.118356,85.551775,-3.739153,23.397527,87.689386,0.030000,
-6.066089,24.102125,85.552340,-9.539789,34.916496,106.905129,-6.064551,24.084082,85.552968,-3.739859,23.397999,87.688751,0.030000,
-6.066089,24.102125,85.552340,-9.540146,34.915700,106.910125,-6.067472,24.118356,85.551775,-3.740564,23.398470,87.688116,0.030000,
-6.066089,24.102125,85.552340,-9.540503,34.914905,106.915121,-6.064551,24.084082,85.552968,-3.741269,23.398940,87.687481,0.030000,
-6.066089,24.102125,85.552340,-9.540860,34.914109,106.920115,-6.067472,24.118356,85.551775,-3.741973,23.399411,87.686846,0.030000,
-6.066089,24.102125,85.552340,-9.541217,34.913314,106.925108,-6.064551,24.084082,85.552968,-3.742678,23.399881,87.686212,0.030000,
-6.066089,24.102125,85.552340,-9.541575,34.912518,106.930100,-6.067472,24.118356,85.551775,-3.743382,23.400351,87.685577,0.030000,
-6.066089,24.102125,85.552340,-9.541933,34.911722,106.935091,-6.064551,24.084082,85.552968,-3.744086,23.400821,87.684943,0.030000,
-6.066089,24.102125,85.552340,-9.542290,34.910927,106.940082,-6.067472,24.118356,85.551775,-3.744790,23.401290,87.684309,0.030000,
-6.066089,24.102125,85.552340,-9.542648,34.910131,106.945071,-6.064551,24.084082,85.552968,-3.745493,23.401759,87.683675,0.030000,
-6.066089,24.102125,85.552340,-9.543006,34.909335,106.950059,-6.067472,24.118356,85.551775,-3.746197,23.402228,87.683041,0.030000,
-6.066089,24.102125,85.552340,-9.543365,34.908539,106.955046,-6.064551,24.084082,85.552968,-3.746900,23.402696,87.682408,0.030000,
-6.066089,24.102125,85.552340,-9.543723,34.907743,106.960033,-6.067472,24.118356,85.551775,-3.747603,23.403164,87.681775,0.030000,
-6.066089,24.102125,85.552340,-9.544081,34.906948,106.965018,-6.064551,24.084082,85.552968,-3.748306,23.403632,87.681142,0.030000,
-6.066089,24.102125,85.552340,-9.544440,34.906152,106.970003,-6.067472,24.118356,85.551775,-3.749008,23.404099,87.680509,0.030000,
-6.066089,24.102125,85.552340,-9.544799,34.905356,106.974986,-6.064551,24.084082,85.552968,-3.749710,23.404567,87.679876,0.030000,
-6.066089,24.102125,85.552340,-9.545158,34.904560,106.979968,-6.067472,24.118356,85.551775,-3.750413,23.405034,87.679243,0.030000,
-6.066089,24.102125,85.552340,-9.545517,34.903764,106.984950,-6.064551,24.084082,85.552968,-3.751114,23.405500,87.678611,0.030000,
-6.066089,24.102125,85.552340,-9.545876,34.902968,106.989930,-6.067472,24.118356,85.551775,-3.751816,23.405967,87.677979,0.030000,
-6.066089,24.102125,85.552340,-9.546235,34.902172,106.994910,-6.064551,24.084082,85.552968,-3.752518,23.406433,87.677347,0.030000,
-6.066089,24.102125,85.552340,-9.546594,34.901376,106.999889,-6.067472,24.118356,85.551775,-3.753219,23.406898,87.676715,0.030000,
-6.066089,24.102125,85.552340,-9.546954,34.900580,107.004866,-6.064551,24.084082,85.552968,-3.753920,23.407364,87.676083,0.030000,
-6.066089,24.102125,85.552340,-9.547314,34.899784,107.009843,-6.067472,24.118356,85.551775,-3.754621,23.407829,87.675452,0.030000,
-6.066089,24.102125,85.552340,-9.547673,34.898988,107.014818,-6.064551,24.084082,85.552968,-3.755321,23.408294,87.674821,0.030000,
-6.066089,24.102125,85.552340,-9.548033,34.898191,107.019793,-6.067472,24.118356,85.551775,-3.756022,23.408758,87.674190,0.030000,
-6.066089,24.102125,85.552340,-9.548393,34.897395,107.024767,-6.064551,24.084082,85.552968,-3.756722,23.409223,87.673559,0.030000,
-6.066089,24.102125,85.552340,-9.548754,34.896599,107.029739,-6.067472,24.118356,85.551775,-3.757422,23.409687,87.672928,0.030000,
-6.066089,24.102125,85.552340,-9.549114,34.895803,107.034711,-6.064551,24.084082,85.552968,-3.758122,23.410150,87.672297,0.030000,
-6.066089,24.102125,85.552340,-9.549474,34.895007,107.039682,-6.067472,24.118356,85.551775,-3.758821,23.410614,87.671667,0.030000,
-6.066089,24.102125,85.552340,-9.549835,34.894210,107.044652,-6.064551,24.084082,85.552968,-3.759521,23.411077,87.671037,0.030000,
-6.066089,24.102125,85.552340,-9.550196,34.893414,107.049621,-6.067472,24.118356,85.551775,-3.760220,23.411540,87.670407,0.030000,
-6.066089,24.102125,85.552340,-9.550557,34.892618,107.054589,-6.064551,24.084082,85.552968,-3.760919,23.412002,87.669777,0.030000,
-6.066089,24.102125,85.552340,-9.550917,34.891821,107.059556,-6.067472,24.118356,85.551775,-3.761618,23.412465,87.669147,0.030000,
-6.066089,24.102125,85.552340,-9.551279,34.891025,107.064522,-6.064551,24.084082,85.552968,-3.762316,23.412927,87.668518,0.030000,
-6.066089,24.102125,85.552340,-9.551640,34.890229,107.069487,-6.067472,24.118356,85.551775,-3.763015,23.413388,87.667888,0.030000,
-6.066089,24.102125,85.552340,-9.552001,34.889432,107.074451,-6.064551,24.084082,85.552968,-3.763713,23.413850,87.667259,0.030000,
-6.066089,24.102125,85.552340,-9.552363,34.888636,107.079414,-6.067472,24.118356,85.551775,-3.764411,23.414311,87.666630,0.030000,
-6.066089,24.102125,85.552340,-9.552724,34.887839,107.084376,-6.064551,24.084082,85.552968,-3.765108,23.414771,87.666002,0.030000,
-6.066089,24.102125,85.552340,-9.553086,34.887043,107.089337,-6.067472,24.118356,85.551775,-3.765806,23.415232,87.665373,0.030000,
-6.066089,24.102125,85.552340,-9.553448,34.886246,107.094297,-6.064551,24.084082,85.552968,-3.766503,23.415692,87.664745,0.030000,
-6.066089,24.102125,85.552340,-9.553810,34.885450,107.099256,-6.067472,24.118356,85.551775,-3.767200,23.416152,87.664117,0.030000,
-6.066089,24.102125,85.552340,-9.554172,34.884653,107.104214,-6.064551,24.084082,85.552968,-3.767897,23.416612,87.663488,0.030000,
-6.066089,24.102125,85.552340,-9.554534,34.883857,107.109172,-6.067472,24.118356,85.551775,-3.768594,23.417071,87.662861,0.030000,
-6.066089,24.102125,85.552340,-9.554897,34.883060,107.114128,-6.064551,24.084082,85.552968,-3.769290,23.417530,87.662233,0.030000,
-6.066089,24.102125,85.552340,-9.555259,34.882264,107.119083,-6.067472,24.118356,85.551775,-3.769986,23.417989,87.661605,0.030000,
-6.066089,24.102125,85.552340,-9.555622,34.881467,107.124038,-6.064551,24.084082,85.552968,-3.770682,23.418447,87.660978,0.030000,
-6.066089,24.102125,85.552340,-9.555985,34.880670,107.128991,-6.067472,24.118356,85.551775,-3.771378,23.418905,87.660351,0.030000,
-6.066089,24.102125,85.552340,-9.556348,34.879874,107.133943,-6.064551,24.084082,85.552968,-3.772074,23.419363,87.659724,0.030000,
-6.066089,24.102125,85.552340,-9.556711,34.879077,107.138895,-6.067472,24.118356,85.551775,-3.772769,23.419821,87.659097,0.030000,
-6.066089,24.102125,85.552340,-9.557074,34.878280,107.143845,-6.064551,24.084082,85.552968,-3.773464,23.420278,87.658471,0.030000,
-6.066089,24.102125,85.552340,-9.557437,34.877484,107.148795,-6.067472,24.118356,85.551775,-3.774159,23.420735,87.657844,0.030000,
-6.066089,24.102125,85.552340,-9.557801,34.876687,107.153744,-6.064551,24.084082,85.552968,-3.774854,23.421192,87.657218,0.030000,
-6.066089,24.102125,85.552340,-9.558164,34.875890,107.158691,-6.067472,24.118356,85.551775,-3.775549,23.421648,87.656592,0.030000,
-6.066089,24.102125,85.552340,-9.558528,34.875093,107.163638,-6.064551,24.084082,85.552968,-3.776243,23.422104,87.655966,0.030000,
-6.066089,24.102125,85.552340,-9.558892,34.874297,107.168584,-6.067472,24.118356,85.551775,-3.776937,23.422560,87.655341,0.030000,
-6.066089,24.102125,85.552340,-9.559255,34.873500,107.173528,-6.064551,24.084082,85.552968,-3.777631,23.423016,87.654715,0.030000,
-6.066089,24.102125,85.552340,-9.559620,34.872703,107.178472,-6.067472,24.118356,85.551775,-3.778325,23.423471,87.654090,0.030000,
-6.066089,24.102125,85.552340,-9.559984,34.871906,107.183415,-6.064551,24.084082,85.552968,-3.779018,23.423926,87.653465,0.030000,
-6.066089,24.102125,85.552340,-9.560348,34.871110,107.188357,-6.067472,24.118356,85.551775,-3.779712,23.424381,87.652840,0.030000,
-6.066089,24.102125,85.552340,-9.560712,34.870313,107.193298,-6.064551,24.084082,85.552968,-3.780405,23.424835,87.652215,0.030000,
-6.066089,24.102125,85.552340,-9.561077,34.869516,107.198238,-6.067472,24.118356,85.551775,-3.781098,23.425289,87.651590,0.030000,
-6.066089,24.102125,85.552340,-9.561442,34.868719,107.203177,-6.064551,24.084082,85.552968,-3.781790,23.425743,87.650966,0.030000,
-6.066089,24.102125,85.552340,-9.561806,34.867922,107.208115,-6.067472,24.118356,85.551775,-3.782483,23.426197,87.650342,0.030000,
-6.066089,24.102125,85.552340,-9.562171,34.867125,107.213052,-6.064551,24.084082,85.552968,-3.783175,23.426650,87.649718,0.030000,
-6.066089,24.102125,85.552340,-9.562536,34.866328,107.217988,-6.067472,24.118356,85.551775,-3.783867,23.427103,87.649094,0.030000,
-6.066089,24.102125,85.552340,-9.562901,34.865532,107.222923,-6.064551,24.084082,85.552968,-3.784559,23.427556,87.648470,0.030000,
-6.066089,24.102125,85.552340,-9.563267,34.864735,107.227857,-6.067472,24.118356,85.551775,-3.785251,23.428008,87.647846,0.030000,
-6.066089,24.102125,85.552340,-9.563632,34.863938,107.232790,-6.064551,24.084082,85.552968,-3.785942,23.428460,87.647223,0.030000,
-6.066089,24.102125,85.552340,-9.563998,34.863141,107.237723,-6.067472,24.118356,85.551775,-3.786634,23.428912,87.646600,0.030000,
-6.066089,24.102125,85.552340,-9.564363,34.862344,107.242654,-6.064551,24.084082,85.552968,-3.787325,23.429364,87.645977,0.030000,
-6.066089,24.102125,85.552340,-9.564729,34.861547,107.247584,-6.067472,24.118356,85.551775,-3.788015,23.429815,87.645354,0.030000,
-6.066089,24.102125,85.552340,-9.565095,34.860750,107.252514,-6.064551,24.084082,85.552968,-3.788706,23.430266,87.644732,0.030000,
-6.066089,24.102125,85.552340,-9.565461,34.859953,107.257442,-6.067472,24.118356,85.551775,-3.789396,23.430717,87.644109,0.030000,
-6.066089,24.102125,85.552340,-9.565827,34.859156,107.262370,-6.064551,24.084082,85.552968,-3.790087,23.431167,87.643487,0.030000,
-6.066089,24.102125,85.552340,-9.566193,34.858359,107.267296,-6.067472,24.118356,85.551775,-3.790777,23.431617,87.642865,0.030000,
-6.066089,24.102125,85.552340,-9.566560,34.857562,107.272222,-6.064551,24.084082,85.552968,-3.791466,23.432067,87.642243,0.030000,
-6.066089,24.102125,85.552340,-9.566926,34.856765,107.277146,-6.067472,24.118356,85.551775,-3.792156,23.432517,87.641621,0.030000,
-6.066089,24.102125,85.552340,-9.567293,34.855968,107.282070,-6.064551,24.084082,85.552968,-3.792845,23.432966,87.641000,0.030000,
-6.066089,24.102125,85.552340,-9.567660,34.855171,107.286993,-6.067472,24.118356,85.551775,-3.793534,23.433415,87.640378,0.030000,
-6.066089,24.102125,85.552340,-9.568027,34.854374,107.291914,-6.064551,24.084082,85.552968,-3.794223,23.433864,87.639757,0.030000,
-6.066089,24.102125,85.552340,-9.568394,34.853577,107.296835,-6.067472,24.118356,85.551775,-3.794912,23.434312,87.639136,0.030000,
-6.066089,24.102125,85.552340,-9.568761,34.852780,107.301755,-6.064551,24.084082,85.552968,-3.795601,23.434760,87.638515,0.030000,
-6.066089,24.102125,85.552340,-9.569128,34.851983,107.306674,-6.067472,24.118356,85.551775,-3.796289,23.435208,87.637894,0.030000,
-6.066089,24.102125,85.552340,-9.569495,34.851186,107.311592,-6.064551,24.084082,85.552968,-3.796977,23.435656,87.637274,0.030000,
-6.066089,24.102125,85.552340,-9.569863,34.850389,107.316509,-6.067472,24.118356,85.551775,-3.797665,23.436103,87.636654,0.030000,
-6.066089,24.102125,85.552340,-9.570230,34.849592,107.321425,-6.064551,24.084082,85.552968,-3.798353,23.436550,87.636034,0.030000,
-6.066089,24.102125,85.552340,-9.570598,34.848795,107.326340,-6.067472,24.118356,85.551775,-3.799040,23.436997,87.635414,0.030000,
-6.066089,24.102125,85.552340,-9.570966,34.847998,107.331254,-6.064551,24.084082,85.552968,-3.799728,23.437443,87.634794,0.030000,
-6.066089,24.102125,85.552340,-9.571334,34.847201,107.336167,-6.067472,24.118356,85.551775,-3.800415,23.437889,87.634174,0.030000,
-6.066089,24.102125,85.552340,-9.571702,34.846404,107.341080,-6.064551,24.084082,85.552968,-3.801102,23.438335,87.633555,0.030000,
-6.066089,24.102125,85.552340,-9.572070,34.845606,107.345991,-6.067472,24.118356,85.551775,-3.801788,23.438781,87.632936,0.030000,
-6.066089,24.102125,85.552340,-9.572438,34.844809,107.350901,-6.064551,24.084082,85.552968,-3.802475,23.439226,87.632317,0.030000,
-6.066089,24.102125,85.552340,-9.572807,34.844012,107.355811,-6.067472,24.118356,85.551775,-3.803161,23.439671,87.631698,0.030000,
-6.066089,24.102125,85.552340,-9.573175,34.843215,107.360719,-6.064551,24.084082,85.552968,-3.803847,23.440116,87.631079,0.030000,
-6.066089,24.102125,85.552340,-9.573544,34.842418,107.365627,-6.067472,24.118356,85.551775,-3.804533,23.440561,87.630460,0.030000,
-6.066089,24.102125,85.552340,-9.573913,34.841621,107.370533,-6.064551,24.084082,85.552968,-3.805219,23.441005,87.629842,0.030000,
-6.066089,24.102125,85.552340,-9.574282,34.840824,107.375439,-6.067472,24.118356,85.551775,-3.805904,23.441449,87.629224,0.030000,
-6.066089,24.102125,85.552340,-9.574651,34.840027,107.380343,-6.064551,24.084082,85.552968,-3.806589,23.441892,87.628606,0.030000,
-6.066089,24.102125,85.552340,-9.575020,34.839230,107.385247,-6.067472,24.118356,85.551775,-3.807274,23.442336,87.627988,0.030000,
-6.066089,24.102125,85.552340,-9.575389,34.838433,107.390150,-6.064551,24.084082,85.552968,-3.807959,23.442779,87.627371,0.030000,
-6.066089,24.102125,85.552340,-9.575758,34.837636,107.395052,-6.067472,24.118356,85.551775,-3.808644,23.443222,87.626753,0.030000,
-6.066089,24.102125,85.552340,-9.576128,34.836839,107.399953,-6.064551,24.084082,85.552968,-3.809328,23.443664,87.626136,0.030000,
-6.066089,24.102125,85.552340,-9.576497,34.836041,107.404852,-6.067472,24.118356,85.551775,-3.810013,23.444106,87.625519,0.030000,
-6.066089,24.102125,85.552340,-9.576867,34.835244,107.409751,-6.064551,24.084082,85.552968,-3.810697,23.444548,87.624902,0.030000,
-6.066089,24.102125,85.552340,-9.577237,34.834447,107.414649,-6.067472,24.118356,85.551775,-3.811380,23.444990,87.624285,0.030000,
-6.066089,24.102125,85.552340,-9.577607,34.833650,107.419546,-6.064551,24.084082,85.552968,-3.812064,23.445431,87.623669,0.030000,
-6.066089,24.102125,85.552340,-9.577977,34.832853,107.424443,-6.067472,24.118356,85.551775,-3.812747,23.445873,87.623052,0.030000,
-6.066089,24.102125,85.552340,-9.578347,34.832056,107.429338,-6.064551,24.084082,85.552968,-3.813431,23.446313,87.622436,0.030000,
-6.066089,24.102125,85.552340,-9.578717,34.831259,107.434232,-6.067472,24.118356,85.551775,-3.814114,23.446754,87.621820,0.030000,
-6.066089,24.102125,85.552340,-9.579088,34.830462,107.439125,-6.064551,24.084082,85.552968,-3.814796,23.447194,87.621204,0.030000,
-6.066089,24.102125,85.552340,-9.579458,34.829665,107.444018,-6.067472,24.118356,85.551775,-3.815479,23.447634,87.620588,0.030000,
-6.066089,24.102125,85.552340,-9.579829,34.828868,107.448909,-6.064551,24.084082,85.552968,-3.816161,23.448074,87.619973,0.030000,
-6.066089,24.102125,85.552340,-9.580199,34.828071,107.453799,-6.067472,24.118356,85.551775,-3.816843,23.448513,87.619358,0.030000,
-6.066089,24.102125,85.552340,-9.580570,34.827274,107.458689,-6.064551,24.084082,85.552968,-3.817525,23.448953,87.618742,0.030000,
-6.066089,24.102125,85.552340,-9.580941,34.826477,107.463577,-6.067472,24.118356,85.551775,-3.818207,23.449392,87.618128,0.030000,
-6.066089,24.102125,85.552340,-9.581312,34.825680,107.468465,-6.064551,24.084082,85.552968,-3.818889,23.449830,87.617513,0.030000,
-6.066089,24.102125,85.552340,-9.581684,34.824882,107.473352,-6.067472,24.118356,85.551775,-3.819570,23.450268,87.616898,0.030000,
-6.066089,24.102125,85.552340,-9.582055,34.824085,107.478238,-6.064551,24.084082,85.552968,-3.820251,23.450707,87.616284,0.030000,
-6.066089,24.102125,85.552340,-9.582426,34.823288,107.483122,-6.067472,24.118356,85.551775,-3.820932,23.451144,87.615669,0.030000,
-6.066089,24.102125,85.552340,-9.582798,34.822491,107.488006,-6.064551,24.084082,85.552968,-3.821613,23.451582,87.615055,0.030000,
-6.066089,24.102125,85.552340,-9.583169,34.821694,107.492889,-6.067472,24.118356,85.551775,-3.822293,23.452019,87.614441,0.030000,
-6.066089,24.102125,85.552340,-9.583541,34.820897,107.497771,-6.064551,24.084082,85.552968,-3.822974,23.452456,87.613828,0.030000,
-6.066089,24.102125,85.552340,-9.583913,34.820100,107.502652,-6.067472,24.118356,85.551775,-3.823654,23.452893,87.613214,0.030000,
-6.066089,24.102125,85.552340,-9.584285,34.819303,107.507532,-6.064551,24.084082,85.552968,-3.824334,23.453329,87.612601,0.030000,
-6.066089,24.102125,85.552340,-9.584657,34.818506,107.512411,-6.067472,24.118356,85.551775,-3.825013,23.453765,87.611988,0.030000,
-6.066089,24.102125,85.552340,-9.585029,34.817709,107.517289,-6.064551,24.084082,85.552968,-3.825693,23.454201,87.611375,0.030000,
-6.066089,24.102125,85.552340,-9.585402,34.816912,107.522167,-6.067472,24.118356,85.551775,-3.826372,23.454637,87.610762,0.030000,
-6.066089,24.102125,85.552340,-9.585774,34.816115,107.527043,-6.064551,24.084082,85.552968,-3.827051,23.455072,87.610149,0.030000,
-6.066089,24.102125,85.552340,-9.586147,34.815318,107.531918,-6.067472,24.118356,85.551775,-3.827730,23.455507,87.609537,0.030000,
-6.066089,24.102125,85.552340,-9.586519,34.814521,107.536793,-6.064551,24.084082,85.552968,-3.828409,23.455942,87.608924,0.030000,
-6.066089,24.102125,85.552340,-9.586892,34.813724,107.541666,-6.067472,24.118356,85.551775,-3.829087,23.456376,87.608312,0.030000,
-6.066089,24.102125,85.552340,-9.587265,34.812928,107.546539,-6.064551,24.084082,85.552968,-3.829766,23.456810,87.607700,0.030000,
-6.066089,24.102125,85.552340,-9.587638,34.812131,107.551411,-6.067472,24.118356,85.551775,-3.830444,23.457244,87.607088,0.030000,
-6.066089,24.102125,85.552340,-9.588011,34.811334,107.556281,-6.064551,24.084082,85.552968,-3.831122,23.457678,87.606477,0.030000,
-6.066089,24.102125,85.552340,-9.588384,34.810537,107.561151,-6.067472,24.118356,85.551775,-3.831799,23.458111,87.605865,0.030000,
-6.066089,24.102125,85.552340,-9.588757,34.809740,107.566020,-6.064551,24.084082,85.552968,-3.832477,23.458545,87.605254,0.030000,
-6.066089,24.102125,85.552340,-9.589131,34.808943,107.570888,-6.067472,24.118356,85.551775,-3.833154,23.458977,87.604643,0.030000,
-6.066089,24.102125,85.552340,-9.589504,34.808146,107.575755,-6.064551,24.084082,85.552968,-3.833831,23.459410,87.604032,0.030000,
-6.066089,24.102125,85.552340,-9.589878,34.807349,107.580621,-6.067472,24.118356,85.551775,-3.834508,23.459842,87.603422,0.030000,
-6.066089,24.102125,85.552340,-9.590252,34.806552,107.585486,-6.064551,24.084082,85.552968,-3.835185,23.460274,87.602811,0.030000,
-6.066089,24.102125,85.552340,-9.590626,34.805755,107.590350,-6.067472,24.118356,85.551775,-3.835861,23.460706,87.602201,0.030000,
-6.066089,24.102125,85.552340,-9.591000,34.804959,107.595213,-6.064551,24.084082,85.552968,-3.836537,23.461137,87.601590,0.030000,
-6.066089,24.102125,85.552340,-9.591374,34.804162,107.600075,-6.067472,24.118356,85.551775,-3.837213,23.461569,87.600980,0.030000,
-6.066089,24.102125,85.552340,-9.591748,34.803365,107.604936,-6.064551,24.084082,85.552968,-3.837889,23.462000,87.600371,0.030000,
-6.066089,24.102125,85.552340,-9.592122,34.802568,107.609797,-6.067472,24.118356,85.551775,-3.838565,23.462430,87.599761,0.030000,
-6.066089,24.102125,85.552340,-9.592497,34.801771,107.614656,-6.064551,24.084082,85.552968,-3.839240,23.462861,87.599151,0.030000,
-6.066089,24.102125,85.552340,-9.592871,34.800975,107.619515,-6.067472,24.118356,85.551775,-3.839915,23.463291,87.598542,0.030000,
-6.066089,24.102125,85.552340,-9.593246,34.800178,107.624372,-6.064551,24.084082,85.552968,-3.840590,23.463721,87.597933,0.030000,
-6.066089,24.102125,85.552340,-9.593620,34.799381,107.629229,-6.067472,24.118356,85.551775,-3.841265,23.464150,87.597324,0.030000,
-6.066089,24.102125,85.552340,-9.593995,34.798584,107.634085,-6.064551,24.084082,85.552968,-3.841940,23.464579,87.596715,0.030000,
-6.066089,24.102125,85.552340,-9.594370,34.797788,107.638939,-6.067472,24.118356,85.551775,-3.842614,23.465008,87.596107,0.030000,
-6.066089,24.102125,85.552340,-9.594745,34.796991,107.643793,-6.064551,24.084082,85.552968,-3.843288,23.465437,87.595498,0.030000,
-6.066089,24.102125,85.552340,-9.595120,34.796194,107.648646,-6.067472,24.118356,85.551775,-3.843963,23.465866,87.594890,0.030000,
-6.066089,24.102125,85.552340,-9.595496,34.795398,107.653498,-6.064551,24.084082,85.552968,-3.844636,23.466294,87.594282,0.030000,
-6.066089,24.102125,85.552340,-9.595871,34.794601,107.658349,-6.067472,24.118356,85.551775,-3.845310,23.466722,87.593674,0.030000,
-6.066089,24.102125,85.552340,-9.596246,34.793804,107.663199,-6.064551,24.084082,85.552968,-3.845983,23.467149,87.593066,0.030000,
-6.066089,24.102125,85.552340,-9.596622,34.793008,107.668049,-6.067472,24.118356,85.551775,-3.846657,23.467577,87.592459,0.030000,
-6.066089,24.102125,85.552340,-9.596998,34.792211,107.672897,-6.064551,24.084082,85.552968,-3.847330,23.468004,87.591851,0.030000,
-6.066089,24.102125,85.552340,-9.597374,34.791414,107.677744,-6.067472,24.118356,85.551775,-3.848002,23.468431,87.591244,0.030000,
-6.066089,24.102125,85.552340,-9.597749,34.790618,107.682590,-6.064551,24.084082,85.552968,-3.848675,23.468857,87.590637,0.030000,
-6.066089,24.102125,85.552340,-9.598125,34.789821,107.687436,-6.067472,24.118356,85.551775,-3.849347,23.469284,87.590030,0.030000,
-6.066089,24.102125,85.552340,-9.598502,34.789025,107.692280,-6.064551,24.084082,85.552968,-3.850019,23.469710,87.589424,0.030000,
-6.066089,24.102125,85.552340,-9.598878,34.788228,107.697124,-6.067472,24.118356,85.551775,-3.850691,23.470135,87.588817,0.030000,
-6.066089,24.102125,85.552340,-9.599254,34.787432,107.701967,-6.064551,24.084082,85.552968,-3.851363,23.470561,87.588211,0.030000,
-6.066089,24.102125,85.552340,-9.599630,34.786635,107.706808,-6.067472,24.118356,85.551775,-3.852035,23.470986,87.587605,0.030000,
-6.066089,24.102125,85.552340,-9.600007,34.785839,107.711649,-6.064551,24.084082,85.552968,-3.852706,23.471411,87.586999,0.030000,
-6.066089,24.102125,85.552340,-9.600384,34.785042,107.716489,-6.067472,24.118356,85.551775,-3.853377,23.471836,87.586393,0.030000,
-6.066089,24.102125,85.552340,-9.600760,34.784246,107.721328,-6.064551,24.084082,85.552968,-3.854048,23.472260,87.585787,0.030000,
-6.066089,24.102125,85.552340,-9.601137,34.783449,107.726166,-6.067472,24.118356,85.551775,-3.854719,23.472684,87.585182,0.030000,
-6.066089,24.102125,85.552340,-9.601514,34.782653,107.731003,-6.064551,24.084082,85.552968,-3.855390,23.473108,87.584576,0.030000,
-6.066089,24.102125,85.552340,-9.601891,34.781857,107.735839,-6.067472,24.118356,85.551775,-3.856060,23.473532,87.583971,0.030000,
-6.066089,24.102125,85.552340,-9.602268,34.781060,107.740675,-6.064551,24.084082,85.552968,-3.856730,23.473955,87.583366,0.030000,
-6.066089,24.102125,85.552340,-9.602646,34.780264,107.745509,-6.067472,24.118356,85.551775,-3.857400,23.474378,87.582762,0.030000,
-6.066089,24.102125,85.552340,-9.603023,34.779467,107.750342,-6.064551,24.084082,85.552968,-3.858070,23.474801,87.582157,0.030000,
-6.066089,24.102125,85.552340,-9.603400,34.778671,107.755175,-6.067472,24.118356,85.551775,-3.858740,23.475224,87.581553,0.030000,
-6.066089,24.102125,85.552340,-9.603778,34.777875,107.760006,-6.064551,24.084082,85.552968,-3.859409,23.475646,87.580949,0.030000,
-6.066089,24.102125,85.552340,-9.604156,34.777079,107.764837,-6.067472,24.118356,85.551775,-3.860078,23.476068,87.580344,0.030000,
-6.066089,24.102125,85.552340,-9.604533,34.776282,107.769666,-6.064551,24.084082,85.552968,-3.860747,23.476490,87.579741,0.030000,
-6.066089,24.102125,85.552340,-9.604911,34.775486,107.774495,-6.067472,24.118356,85.551775,-3.861416,23.476911,87.579137,0.030000,
-6.066089,24.102125,85.552340,-9.605289,34.774690,107.779323,-6.064551,24.084082,85.552968,-3.862084,23.477332,87.578533,0.030000,
-6.066089,24.102125,85.552340,-9.605667,34.773894,107.784150,-6.067472,24.118356,85.551775,-3.862753,23.477753,87.577930,0.030000,
-6.066089,24.102125,85.552340,-9.606045,34.773098,107.788976,-6.064551,24.084082,85.552968,-3.863421,23.478174,87.577327,0.030000,
-6.066089,24.102125,85.552340,-9.606424,34.772301,107.793801,-6.067472,24.118356,85.551775,-3.864089,23.478595,87.576724,0.030000,
-6.066089,24.102125,85.552340,-9.606802,34.771505,107.798625,-6.064551,24.084082,85.552968,-3.864757,23.479015,87.576121,0.030000,
-6.066089,24.102125,85.552340,-9.607181,34.770709,107.803448,-6.067472,24.118356,85.551775,-3.865424,23.479435,87.575518,0.030000,
-6.066089,24.102125,85.552340,-9.607559,34.769913,107.808270,-6.064551,24.084082,85.552968,-3.866092,23.479854,87.574916,0.030000,
-6.066089,24.102125,85.552340,-9.607938,34.769117,107.813092,-6.067472,24.118356,85.551775,-3.866759,23.480274,87.574314,0.030000,
-6.066089,24.102125,85.552340,-9.608317,34.768321,107.817912,-6.064551,24.084082,85.552968,-3.867426,23.480693,87.573711,0.030000,
-6.066089,24.102125,85.552340,-9.608696,34.767525,107.822732,-6.067472,24.118356,85.551775,-3.868092,23.481111,87.573109,0.030000,
-6.066089,24.102125,85.552340,-9.609075,34.766729,107.827550,-6.064551,24.084082,85.552968,-3.868759,23.481530,87.572508,0.030000,
-6.066089,24.102125,85.552340,-9.609454,34.765933,107.832368,-6.067472,24.118356,85.551775,-3.869425,23.481948,87.571906,0.030000,
-6.066089,24.102125,85.552340,-9.609833,34.765137,107.837185,-6.064551,24.084082,85.552968,-3.870091,23.482366,87.571305,0.030000,
-6.066089,24.102125,85.552340,-9.610212,34.764341,107.842000,-6.067472,24.118356,85.551775,-3.870757,23.482784,87.570703,0.030000,
-6.066089,24.102125,85.552340,-9.610591,34.763546,107.846815,-6.064551,24.084082,85.552968,-3.871423,23.483202,87.570102,0.030000,
-6.066089,24.102125,85.552340,-9.610971,34.762750,107.851629,-6.067472,24.118356,85.551775,-3.872089,23.483619,87.569501,0.030000,
-6.066089,24.102125,85.552340,-9.611351,34.761954,107.856442,-6.064551,24.084082,85.552968,-3.872754,23.484036,87.568901,0.030000,
-6.066089,24.102125,85.552340,-9.611730,34.761158,107.861254,-6.067472,24.118356,85.551775,-3.873419,23.484452,87.568300,0.030000,
-6.066089,24.102125,85.552340,-9.612110,34.760362,107.866066,-6.064551,24.084082,85.552968,-3.874084,23.484869,87.567700,0.030000,
-6.066089,24.102125,85.552340,-9.612490,34.759567,107.870876,-6.067472,24.118356,85.551775,-3.874749,23.485285,87.567099,0.030000,
-6.066089,24.102125,85.552340,-9.612870,34.758771,107.875685,-6.064551,24.084082,85.552968,-3.875413,23.485701,87.566499,0.030000,
-6.066089,24.102125,85.552340,-9.613250,34.757975,107.880494,-6.067472,24.118356,85.551775,-3.876078,23.486117,87.565899,0.030000,
-6.066089,24.102125,85.552340,-9.613630,34.757179,107.885301,-6.064551,24.084082,85.552968,-3.876742,23.486532,87.565300,0.030000,
-6.066089,24.102125,85.552340,-9.614010,34.756384,107.890108,-6.067472,24.118356,85.551775,-3.877406,23.486947,87.564700,0.030000,
-6.066089,24.102125,85.552340,-9.614391,34.755588,107.894913,-6.064551,24.084082,85.552968,-3.878070,23.487362,87.564101,0.030000,
-6.066089,24.102125,85.552340,-9.614771,34.754793,107.899718,-6.067472,24.118356,85.551775,-3.878733,23.487777,87.563502,0.030000,
-6.066089,24.102125,85.552340,-9.615152,34.753997,107.904522,-6.064551,24.084082,85.552968,-3.879397,23.488191,87.562903,0.030000,
-6.066089,24.102125,85.552340,-9.615532,34.753202,107.909325,-6.067472,24.118356,85.551775,-3.880060,23.488605,87.562304,0.030000,
-6.066089,24.102125,85.552340,-9.615913,34.752406,107.914127,-6.064551,24.084082,85.552968,-3.880723,23.489019,87.561705,0.030000,
-6.066089,24.102125,85.552340,-9.616294,34.751611,107.918928,-6.067472,24.118356,85.551775,-3.881385,23.489432,87.561107,0.030000,
-6.066089,24.102125,85.552340,-9.616675,34.750815,107.923728,-6.064551,24.084082,85.552968,-3.882048,23.489846,87.560508,0.030000,
-6.066089,24.102125,85.552340,-9.617056,34.750020,107.928527,-6.067472,24.118356,85.551775,-3.882710,23.490259,87.559910,0.030000,
-6.066089,24.102125,85.552340,-9.617437,34.749224,107.933326,-6.064551,24.084082,85.552968,-3.883372,23.490671,87.559312,0.030000,
-6.066089,24.102125,85.552340,-9.617818,34.748429,107.938123,-6.067472,24.118356,85.551775,-3.884034,23.491084,87.558714,0.030000,
-6.066089,24.102125,85.552340,-9.618200,34.747634,107.942920,-6.064551,24.084082,85.552968,-3.884696,23.491496,87.558117,0.030000,
-6.066089,24.102125,85.552340,-9.618581,34.746838,107.947715,-6.067472,24.118356,85.551775,-3.885358,23.491908,87.557519,0.030000,
-6.066089,24.102125,85.552340,-9.618963,34.746043,107.952510,-6.064551,24.084082,85.552968,-3.886019,23.492320,87.556922,0.030000,
-6.066089,24.102125,85.552340,-9.619344,34.745248,107.957304,-6.067472,24.118356,85.551775,-3.886680,23.492731,87.556325,0.030000,
-6.066089,24.102125,85.552340,-9.619726,34.744453,107.962096,-6.064551,24.084082,85.552968,-3.887341,23.493143,87.555728,0.030000,
-6.066089,24.102125,85.552340,-9.620108,34.743657,107.966888,-6.067472,24.118356,85.551775,-3.888002,23.493554,87.555131,0.030000,
-6.066089,24.102125,85.552340,-9.620490,34.742862,107.971679,-6.064551,24.084082,85.552968,-3.888662,23.493964,87.554535,0.030000,
-6.066089,24.102125,85.552340,-9.620872,34.742067,107.976469,-6.067472,24.118356,85.551775,-3.889323,23.494375,87.553938,0.030000,
-6.066089,24.102125,85.552340,-9.621254,34.741272,107.981259,-6.064551,24.084082,85.552968,-3.889983,23.494785,87.553342,0.030000,
-6.066089,24.102125,85.552340,-9.621636,34.740477,107.986047,-6.067472,24.118356,85.551775,-3.890643,23.495195,87.552746,0.030000,
-6.066089,24.102125,85.552340,-9.622018,34.739682,107.990834,-6.064551,24.084082,85.552968,-3.891303,23.495604,87.552150,0.030000,
-6.066089,24.102125,85.552340,-9.622401,34.738887,107.995621,-6.067472,24.118356,85.551775,-3.891962,23.496014,87.551554,0.030000,
-6.066089,24.102125,85.552340,-9.622783,34.738092,108.000406,-6.064551,24.084082,85.552968,-3.892622,23.496423,87.550959,0.030000,
-6.066089,24.102125,85.552340,-9.623166,34.737297,108.005191,-6.067472,24.118356,85.551775,-3.893281,23.496832,87.550363,0.030000,
-6.066089,24.102125,85.552340,-9.623549,34.736502,108.009974,-6.064551,24.084082,85.552968,-3.893940,23.497240,87.549768,0.030000,
-6.066089,24.102125,85.552340,-9.623931,34.735707,108.014757,-6.067472,24.118356,85.551775,-3.894599,23.497649,87.549173,0.030000,
-6.066089,24.102125,85.552340,-9.624314,34.734913,108.019539,-6.064551,24.084082,85.552968,-3.895257,23.498057,87.548578,0.030000,
-6.066089,24.102125,85.552340,-9.624697,34.734118,108.024320,-6.067472,24.118356,85.551775,-3.895916,23.498465,87.547984,0.030000,
-6.066089,24.102125,85.552340,-9.625080,34.733323,108.029100,-6.064551,24.084082,85.552968,-3.896574,23.498872,87.547389,0.030000,
-6.066089,24.102125,85.552340,-9.625463,34.732528,108.033879,-6.067472,24.118356,85.551775,-3.897232,23.499279,87.546795,0.030000,
-6.066089,24.102125,85.552340,-9.625847,34.731734,108.038657,-6.064551,24.084082,85.552968,-3.897889,23.499686,87.546201,0.030000,
-6.066089,24.102125,85.552340,-9.626230,34.730939,108.043435,-6.067472,24.118356,85.551775,-3.898547,23.500093,87.545607,0.030000,
-6.066089,24.102125,85.552340,-9.626613,34.730144,108.048211,-6.064551,24.084082,85.552968,-3.899204,23.500500,87.545013,0.030000,
-6.066089,24.102125,85.552340,-9.626997,34.729350,108.052987,-6.067472,24.118356,85.551775,-3.899862,23.500906,87.544419,0.030000,
-6.066089,24.102125,85.552340,-9.627380,34.728555,108.057761,-6.064551,24.084082,85.552968,-3.900519,23.501312,87.543826,0.030000,
-6.066089,24.102125,85.552340,-9.627764,34.727761,108.062535,-6.067472,24.118356,85.551775,-3.901175,23.501718,87.543232,0.030000,
-6.066089,24.102125,85.552340,-9.628148,34.726966,108.067307,-6.064551,24.084082,85.552968,-3.901832,23.502123,87.542639,0.030000,
-6.066089,24.102125,85.552340,-9.628532,34.726172,108.072079,-6.067472,24.118356,85.551775,-3.902488,23.502529,87.542046,0.030000,
-6.066089,24.102125,85.552340,-9.628916,34.725377,108.076850,-6.064551,24.084082,85.552968,-3.903145,23.502934,87.541453,0.030000,
-6.066089,24.102125,85.552340,-9.629300,34.724583,108.081620,-6.067472,24.118356,85.551775,-3.903801,23.503338,87.540861,0.030000,
-6.066089,24.102125,85.552340,-9.629684,34.723789,108.086389,-6.064551,24.084082,85.552968,-3.904456,23.503743,87.540268,0.030000,
-6.066089,24.102125,85.552340,-9.630068,34.722994,108.091158,-6.067472,24.118356,85.551775,-3.905112,23.504147,87.539676,0.030000,
-6.066089,24.102125,85.552340,-9.630453,34.722200,108.095925,-6.064551,24.084082,85.552968,-3.905767,23.504551,87.539084,0.030000,
-6.066089,24.102125,85.552340,-9.630837,34.721406,108.100691,-6.067472,24.118356,85.551775,-3.906423,23.504955,87.538492,0.030000,
-6.066089,24.102125,85.552340,-9.631221,34.720612,108.105457,-6.064551,24.084082,85.552968,-3.907078,23.505358,87.537900,0.030000,
-6.066089,24.102125,85.552340,-9.631606,34.719818,108.110221,-6.067472,24.118356,85.551775,-3.907732,23.505761,87.537309,0.030000,
-6.066089,24.102125,85.552340,-9.631991,34.719024,108.114985,-6.064551,24.084082,85.552968,-3.908387,23.506164,87.536717,0.030000,
-6.066089,24.102125,85.552340,-9.632376,34.718229,108.119748,-6.067472,24.118356,85.551775,-3.909042,23.506567,87.536126,0.030000,
-6.066089,24.102125,85.552340,-9.632760,34.717435,108.124509,-6.064551,24.084082,85.552968,-3.909696,23.506969,87.535535,0.030000,
-6.066089,24.102125,85.552340,-9.633145,34.716641,108.129270,-6.067472,24.118356,85.551775,-3.910350,23.507372,87.534944,0.030000,
-6.066089,24.102125,85.552340,-9.633530,34.715847,108.134030,-6.064551,24.084082,85.552968,-3.911004,23.507774,87.534353,0.030000,
-6.066089,24.102125,85.552340,-9.633916,34.715054,108.138790,-6.067472,24.118356,85.551775,-3.911657,23.508175,87.533762,0.030000,
-6.066089,24.102125,85.552340,-9.634301,34.714260,108.143548,-6.064551,24.084082,85.552968,-3.912311,23.508577,87.533172,0.030000,
-6.066089,24.102125,85.552340,-9.634686,34.713466,108.148305,-6.067472,24.118356,85.551775,-3.912964,23.508978,87.532582,0.030000,
-6.066089,24.102125,85.552340,-9.635072,34.712672,108.153061,-6.064551,24.084082,85.552968,-3.913617,23.509379,87.531992,0.030000,
-6.066089,24.102125,85.552340,-9.635457,34.711878,108.157817,-6.067472,24.118356,85.551775,-3.914270,23.509779,87.531402,0.030000,
-6.066089,24.102125,85.552340,-9.635843,34.711084,108.162572,-6.064551,24.084082,85.552968,-3.914922,23.510180,87.530812,0.030000,
-6.066089,24.102125,85.552340,-9.636228,34.710291,108.167325,-6.067472,24.118356,85.551775,-3.915575,23.510580,87.530223,0.030000,
-6.066089,24.102125,85.552340,-9.636614,34.709497,108.172078,-6.064551,24.084082,85.552968,-3.916227,23.510980,87.529633,0.030000,
-6.066089,24.102125,85.552340,-9.637000,34.708704,108.176830,-6.067472,24.118356,85.551775,-3.916879,23.511379,87.529044,0.030000,
-6.066089,24.102125,85.552340,-9.637386,34.707910,108.181581,-6.064551,24.084082,85.552968,-3.917531,23.511779,87.528455,0.030000,
-6.066089,24.102125,85.552340,-9.637772,34.707116,108.186331,-6.067472,24.118356,85.551775,-3.918183,23.512178,87.527866,0.030000,
-6.066089,24.102125,85.552340,-9.638158,34.706323,108.191080,-6.064551,24.084082,85.552968,-3.918834,23.512577,87.527277,0.030000,
-6.066089,24.102125,85.552340,-9.638544,34.705530,108.195828,-6.067472,24.118356,85.551775,-3.919486,23.512975,87.526689,0.030000,
-6.066089,24.102125,85.552340,-9.638931,34.704736,108.200576,-6.064551,24.084082,85.552968,-3.920137,23.513374,87.526101,0.030000,
-6.066089,24.102125,85.552340,-9.639317,34.703943,108.205322,-6.067472,24.118356,85.551775,-3.920788,23.513772,87.525512,0.030000,
-6.066089,24.102125,85.552340,-9.639704,34.703149,108.210068,-6.064551,24.084082,85.552968,-3.921438,23.514170,87.524924,0.030000,
-6.066089,24.102125,85.552340,-9.640090,34.702356,108.214812,-6.067472,24.118356,85.551775,-3.922089,23.514567,87.524337,0.030000,
-6.066089,24.102125,85.552340,-9.640477,34.701563,108.219556,-6.064551,24.084082,85.552968,-3.922739,23.514965,87.523749,0.030000,
-6.066089,24.102125,85.552340,-9.640864,34.700770,108.224299,-6.067472,24.118356,85.551775,-3.923389,23.515362,87.523161,0.030000,
-6.066089,24.102125,85.552340,-9.641250,34.699977,108.229041,-6.064551,24.084082,85.552968,-3.924039,23.515759,87.522574,0.030000,
-6.066089,24.102125,85.552340,-9.641637,34.699183,108.233782,-6.067472,24.118356,85.551775,-3.924689,23.516155,87.521987,0.030000,
-6.066089,24.102125,85.552340,-9.642024,34.698390,108.238522,-6.064551,24.084082,85.552968,-3.925338,23.516552,87.521400,0.030000,
-6.066089,24.102125,85.552340,-9.642411,34.697597,108.243261,-6.067472,24.118356,85.551775,-3.925988,23.516948,87.520813,0.030000,
-6.066089,24.102125,85.552340,-9.642799,34.696804,108.248000,-6.064551,24.084082,85.552968,-3.926637,23.517344,87.520226,0.030000,
-6.066089,24.102125,85.552340,-9.643186,34.696011,108.252737,-6.067472,24.118356,85.551775,-3.927286,23.517739,87.519640,0.030000,
-6.066089,24.102125,85.552340,-9.643573,34.695219,108.257473,-6.064551,24.084082,85.552968,-3.927934,23.518135,87.519054,0.030000,
-6.066089,24.102125,85.552340,-9.643961,34.694426,108.262209,-6.067472,24.118356,85.551775,-3.928583,23.518530,87.518467,0.030000,
-6.066089,24.102125,85.552340,-9.644348,34.693633,108.266944,-6.064551,24.084082,85.552968,-3.929231,23.518925,87.517881,0.030000,
-6.066089,24.102125,85.552340,-9.644736,34.692840,108.271678,-6.067472,24.118356,85.551775,-3.929879,23.519319,87.517296,0.030000,
-6.066089,24.102125,85.552340,-9.645123,34.692047,108.276411,-6.064551,24.084082,85.552968,-3.930527,23.519714,87.516710,0.030000,
-6.066089,24.102125,85.552340,-9.645511,34.691255,108.281143,-6.067472,24.118356,85.551775,-3.931175,23.520108,87.516125,0.030000,
-6.066089,24.102125,85.552340,-9.645899,34.690462,108.285874,-6.064551,24.084082,85.552968,-3.931823,23.520502,87.515539,0.030000,
-6.066089,24.102125,85.552340,-9.646287,34.689670,108.290604,-6.067472,24.118356,85.551775,-3.932470,23.520895,87.514954,0.030000,
-6.066089,24.102125,85.552340,-9.646675,34.688877,108.295333,-6.064551,24.084082,85.552968,-3.933117,23.521288,87.514369,0.030000,
-6.066089,24.102125,85.552340,-9.647063,34.688084,108.300062,-6.067472,24.118356,85.551775,-3.933764,23.521682,87.513784,0.030000,
-6.066089,24.102125,85.552340,-9.647451,34.687292,108.304789,-6.064551,24.084082,85.552968,-3.934411,23.522074,87.513200,0.030000,
-6.066089,24.102125,85.552340,-9.647840,34.686500,108.309516,-6.067472,24.118356,85.551775,-3.935057,23.522467,87.512615,0.030000,
-6.066089,24.102125,85.552340,-9.648228,34.685707,108.314242,-6.064551,24.084082,85.552968,-3.935704,23.522859,87.512031,0.030000,
-6.066089,24.102125,85.552340,-9.648616,34.684915,108.318967,-6.067472,24.118356,85.551775,-3.936350,23.523252,87.511447,0.030000,
-6.066089,24.102125,85.552340,-9.649005,34.684123,108.323690,-6.064551,24.084082,85.552968,-3.936996,23.523643,87.510863,0.030000,
-6.066089,24.102125,85.552340,-9.649394,34.683330,108.328414,-6.067472,24.118356,85.551775,-3.937642,23.524035,87.510279,0.030000,
-6.066089,24.102125,85.552340,-9.649782,34.682538,108.333136,-6.064551,24.084082,85.552968,-3.938287,23.524426,87.509696,0.030000,
-6.066089,24.102125,85.552340,-9.650171,34.681746,108.337857,-6.067472,24.118356,85.551775,-3.938933,23.524817,87.509112,0.030000,
-6.066089,24.102125,85.552340,-9.650560,34.680954,108.342577,-6.064551,24.084082,85.552968,-3.939578,23.525208,87.508529,0.030000,
-6.066089,24.102125,85.552340,-9.650949,34.680162,108.347297,-6.067472,24.118356,85.551775,-3.940223,23.525599,87.507946,0.030000,
-6.066089,24.102125,85.552340,-9.651338,34.679370,108.352015,-6.064551,24.084082,85.552968,-3.940868,23.525989,87.507363,0.030000,
-6.066089,24.102125,85.552340,-9.651727,34.678578,108.356733,-6.067472,24.118356,85.551775,-3.941513,23.526379,87.506780,0.030000,
-6.066089,24.102125,85.552340,-9.652116,34.677786,108.361450,-6.064551,24.084082,85.552968,-3.942157,23.526769,87.506198,0.030000,
-6.066089,24.102125,85.552340,-9.652505,34.676994,108.366166,-6.067472,24.118356,85.551775,-3.942801,23.527159,87.505615,0.030000,
-6.066089,24.102125,85.552340,-9.652895,34.676203,108.370881,-6.064551,24.084082,85.552968,-3.943445,23.527548,87.505033,0.030000,
-6.066089,24.102125,85.552340,-9.653284,34.675411,108.375595,-6.067472,24.118356,85.551775,-3.944089,23.527937,87.504451,0.030000,
-6.066089,24.102125,85.552340,-9.653674,34.674619,108.380308,-6.064551,24.084082,85.552968,-3.944733,23.528326,87.503869,0.030000,
-6.066089,24.102125,85.552340,-9.654063,34.673827,108.385020,-6.067472,24.118356,85.551775,-3.945376,23.528715,87.503287,0.030000,
-6.066089,24.102125,85.552340,-9.654453,34.673036,108.389732,-6.064551,24.084082,85.552968,-3.946020,23.529103,87.502706,0.030000,
-6.066089,24.102125,85.552340,-9.654843,34.672244,108.394442,-6.067472,24.118356,85.551775,-3.946663,23.529491,87.502124,0.030000,
-6.066089,24.102125,85.552340,-9.655233,34.671453,108.399152,-6.064551,24.084082,85.552968,-3.947306,23.529879,87.501543,0.030000,
-6.066089,24.102125,85.552340,-9.655623,34.670661,108.403861,-6.067472,24.118356,85.551775,-3.947948,23.530267,87.500962,0.030000,
-6.066089,24.102125,85.552340,-9.656013,34.669870,108.408568,-6.064551,24.084082,85.552968,-3.948591,23.530654,87.500381,0.030000,
-6.066089,24.102125,85.552340,-9.656403,34.669079,108.413275,-6.067472,24.118356,85.551775,-3.949233,23.531042,87.499800,0.030000,
-6.066089,24.102125,85.552340,-9.656793,34.668287,108.417981,-6.064551,24.084082,85.552968,-3.949875,23.531429,87.499220,0.030000,
-6.066089,24.102125,85.552340,-9.657183,34.667496,108.422687,-6.067472,24.118356,85.551775,-3.950517,23.531815,87.498639,0.030000,
-6.066089,24.102125,85.552340,-9.657574,34.666705,108.427391,-6.064551,24.084082,85.552968,-3.951159,23.532202,87.498059,0.030000,
-6.066089,24.102125,85.552340,-9.657964,34.665914,108.432094,-6.067472,24.118356,85.551775,-3.951800,23.532588,87.497479,0.030000,
-6.066089,24.102125,85.552340,-9.658354,34.665123,108.436797,-6.064551,24.084082,85.552968,-3.952442,23.532974,87.496899,0.030000,
-6.066089,24.102125,85.552340,-9.658745,34.664331,108.441498,-6.067472,24.118356,85.551775,-3.953083,23.533359,87.496320,0.030000,
-6.066089,24.102125,85.552340,-9.659136,34.663540,108.446199,-6.064551,24.084082,85.552968,-3.953724,23.533745,87.495740,0.030000,
-6.066089,24.102125,85.552340,-9.659526,34.662750,108.450899,-6.067472,24.118356,85.551775,-3.954365,23.534130,87.495161,0.030000,
-6.066089,24.102125,85.552340,-9.659917,34.661959,108.455598,-6.064551,24.084082,85.552968,-3.955005,23.534515,87.494581,0.030000,
-6.066089,24.102125,85.552340,-9.660308,34.661168,108.460296,-6.067472,24.118356,85.551775,-3.955646,23.534900,87.494002,0.030000,
-6.066089,24.102125,85.552340,-9.660699,34.660377,108.464993,-6.064551,24.084082,85.552968,-3.956286,23.535284,87.493424,0.030000,
-6.066089,24.102125,85.552340,-9.661090,34.659586,108.469689,-6.067472,24.118356,85.551775,-3.956926,23.535668,87.492845,0.030000,
-6.066089,24.102125,85.552340,-9.661481,34.658796,108.474384,-6.064551,24.084082,85.552968,-3.957566,23.536052,87.492266,0.030000,
-6.066089,24.102125,85.552340,-9.661873,34.658005,108.479079,-6.067472,24.118356,85.551775,-3.958205,23.536436,87.491688,0.030000,
-6.066089,24.102125,85.552340,-9.662264,34.657214,108.483772,-6.064551,24.084082,85.552968,-3.958845,23.536820,87.491110,0.030000,
-6.066089,24.102125,85.552340,-9.662655,34.656424,108.488465,-6.067472,24.118356,85.551775,-3.959484,23.537203,87.490532,0.030000,
-6.066089,24.102125,85.552340,-9.663047,34.655633,108.493157,-6.064551,24.084082,85.552968,-3.960123,23.537586,87.489954,0.030000,
-6.066089,24.102125,85.552340,-9.663438,34.654843,108.497848,-6.067472,24.118356,85.551775,-3.960762,23.537969,87.489376,0.030000,
-6.066089,24.102125,85.552340,-9.663830,34.654052,108.502538,-6.064551,24.084082,85.552968,-3.961400,23.538351,87.488799,0.030000,
-6.066089,24.102125,85.552340,-9.664222,34.653262,108.507227,-6.067472,24.118356,85.551775,-3.962039,23.538734,87.488221,0.030000,
-6.066089,24.102125,85.552340,-9.664613,34.652472,108.511915,-6.064551,24.084082,85.552968,-3.962677,23.539116,87.487644,0.030000,
-6.066089,24.102125,85.552340,-9.665005,34.651682,108.516603,-6.067472,24.118356,85.551775,-3.963315,23.539497,87.487067,0.030000,
-6.066089,24.102125,85.552340,-9.665397,34.650891,108.521289,-6.064551,24.084082,85.552968,-3.963953,23.539879,87.486490,0.030000,
-6.066089,24.102125,85.552340,-9.665789,34.650101,108.525975,-6.067472,24.118356,85.551775,-3.964591,23.540260,87.485913,0.030000,
-6.066089,24.102125,85.552340,-9.666181,34.649311,108.530659,-6.064551,24.084082,85.552968,-3.965228,23.540641,87.485337,0.030000,
-6.066089,24.102125,85.552340,-9.666573,34.648521,108.535343,-6.067472,24.118356,85.551775,-3.965866,23.541022,87.484761,0.030000,
-6.066089,24.102125,85.552340,-9.666966,34.647731,108.540026,-6.064551,24.084082,85.552968,-3.966503,23.541403,87.484184,0.030000,
-6.066089,24.102125,85.552340,-9.667358,34.646941,108.544708,-6.067472,24.118356,85.551775,-3.967140,23.541783,87.483608,0.030000,
-6.066089,24.102125,85.552340,-9.667750,34.646152,108.549389,-6.064551,24.084082,85.552968,-3.967776,23.542163,87.483032,0.030000,
-6.066089,24.102125,85.552340,-9.668143,34.645362,108.554070,-6.067472,24.118356,85.551775,-3.968413,23.542543,87.482457,0.030000,
-6.066089,24.102125,85.552340,-9.668535,34.644572,108.558749,-6.064551,24.084082,85.552968,-3.969049,23.542923,87.481881,0.030000,
-6.066089,24.102125,85.552340,-9.668928,34.643782,108.563428,-6.067472,24.118356,85.551775,-3.969685,23.543302,87.481306,0.030000,
-6.066089,24.102125,85.552340,-9.669321,34.642993,108.568105,-6.064551,24.084082,85.552968,-3.970321,23.543681,87.480731,0.030000,
-6.066089,24.102125,85.552340,-9.669713,34.642203,108.572782,-6.067472,24.118356,85.551775,-3.970957,23.544060,87.480156,0.030000,
-6.066089,24.102125,85.552340,-9.670106,34.641414,108.577458,-6.064551,24.084082,85.552968,-3.971593,23.544439,87.479581,0.030000,
-6.066089,24.102125,85.552340,-9.670499,34.640624,108.582133,-6.067472,24.118356,85.551775,-3.972228,23.544817,87.479006,0.030000,
-6.066089,24.102125,85.552340,-9.670892,34.639835,108.586807,-6.064551,24.084082,85.552968,-3.972863,23.545195,87.478432,0.030000,
-6.066089,24.102125,85.552340,-9.671285,34.639045,108.591480,-6.067472,24.118356,85.551775,-3.973498,23.545573,87.477857,0.030000,
-6.066089,24.102125,85.552340,-9.671678,34.638256,108.596152,-6.064551,24.084082,85.552968,-3.974133,23.545951,87.477283,0.030000,
-6.066089,24.102125,85.552340,-9.672072,34.637467,108.600824,-6.067472,24.118356,85.551775,-3.974768,23.546328,87.476709,0.030000,
-6.066089,24.102125,85.552340,-9.672465,34.636678,108.605494,-6.064551,24.084082,85.552968,-3.975402,23.546706,87.476135,0.030000,
-6.066089,24.102125,85.552340,-9.672858,34.635889,108.610164,-6.067472,24.118356,85.551775,-3.976036,23.547083,87.475561,0.030000,
-6.066089,24.102125,85.552340,-9.673252,34.635099,108.614833,-6.064551,24.084082,85.552968,-3.976670,23.547459,87.474988,0.030000,
-6.066089,24.102125,85.552340,-9.673645,34.634310,108.619501,-6.067472,24.118356,85.551775,-3.977304,23.547836,87.474415,0.030000,
-6.066089,24.102125,85.552340,-9.674039,34.633521,108.624168,-6.064551,24.084082,85.552968,-3.977938,23.548212,87.473841,0.030000,
-6.066089,24.102125,85.552340,-9.674432,34.632733,108.628834,-6.067472,24.118356,85.551775,-3.978571,23.548588,87.473268,0.030000,
-6.066089,24.102125,85.552340,-9.674826,34.631944,108.633499,-6.064551,24.084082,85.552968,-3.979204,23.548964,87.472696,0.030000,
-6.066089,24.102125,85.552340,-9.675220,34.631155,108.638163,-6.067472,24.118356,85.551775,-3.979838,23.549339,87.472123,0.030000,
-6.066089,24.102125,85.552340,-9.675614,34.630366,108.642827,-6.064551,24.084082,85.552968,-3.980470,23.549715,87.471550,0.030000,
-6.066089,24.102125,85.552340,-9.676008,34.629578,108.647489,-6.067472,24.118356,85.551775,-3.981103,23.550090,87.470978,0.030000,
-6.066089,24.102125,85.552340,-9.676402,34.628789,108.652151,-6.064551,24.084082,85.552968,-3.981736,23.550465,87.470406,0.030000,
-6.066089,24.102125,85.552340,-9.676796,34.628000,108.656812,-6.067472,24.118356,85.551775,-3.982368,23.550839,87.469834,0.030000,
-6.066089,24.102125,85.552340,-9.677190,34.627212,108.661472,-6.064551,24.084082,85.552968,-3.983000,23.551214,87.469262,0.030000,
-6.066089,24.102125,85.552340,-9.677584,34.626423,108.666131,-6.067472,24.118356,85.551775,-3.983632,23.551588,87.468690,0.030000,
-6.066089,24.102125,85.552340,-9.677979,34.625635,108.670789,-6.064551,24.084082,85.552968,-3.984264,23.551962,87.468119,0.030000,
-6.066089,24.102125,85.552340,-9.678373,34.624847,108.675446,-6.067472,24.118356,85.551775,-3.984895,23.552335,87.467547,0.030000,
-6.066089,24.102125,85.552340,-9.678768,34.624058,108.680103,-6.064551,24.084082,85.552968,-3.985527,23.552709,87.466976,0.030000,
-6.066089,24.102125,85.552340,-9.679162,34.623270,108.684758,-6.067472,24.118356,85.551775,-3.986158,23.553082,87.466405,0.030000,
-6.066089,24.102125,85.552340,-9.679557,34.622482,108.689413,-6.064551,24.084082,85.552968,-3.986789,23.553455,87.465834,0.030000,
-6.066089,24.102125,85.552340,-9.679952,34.621694,108.694067,-6.067472,24.118356,85.551775,-3.987420,23.553827,87.465264,0.030000,
-6.066089,24.102125,85.552340,-9.680346,34.620906,108.698720,-6.064551,24.084082,85.552968,-3.988050,23.554200,87.464693,0.030000,
-6.066089,24.102125,85.552340,-9.680741,34.620118,108.703372,-6.067472,24.118356,85.551775,-3.988681,23.554572,87.464123,0.030000,
-6.066089,24.102125,85.552340,-9.681136,34.619330,108.708023,-6.064551,24.084082,85.552968,-3.989311,23.554944,87.463552,0.030000,
-6.066089,24.102125,85.552340,-9.681531,34.618542,108.712673,-6.067472,24.118356,85.551775,-3.989941,23.555316,87.462982,0.030000,
-6.066089,24.102125,85.552340,-9.681926,34.617755,108.717323,-6.064551,24.084082,85.552968,-3.990571,23.555687,87.462413,0.030000,
-6.066089,24.102125,85.552340,-9.682321,34.616967,108.721971,-6.067472,24.118356,85.551775,-3.991200,23.556059,87.461843,0.030000,
-6.066089,24.102125,85.552340,-9.682717,34.616179,108.726619,-6.064551,24.084082,85.552968,-3.991830,23.556430,87.461273,0.030000,
-6.066089,24.102125,85.552340,-9.683112,34.615392,108.731266,-6.067472,24.118356,85.551775,-3.992459,23.556800,87.460704,0.030000,
-6.066089,24.102125,85.552340,-9.683507,34.614604,108.735912,-6.064551,24.084082,85.552968,-3.993088,23.557171,87.460135,0.030000,
-6.066089,24.102125,85.552340,-9.683903,34.613817,108.740557,-6.067472,24.118356,85.551775,-3.993717,23.557541,87.459566,0.030000,
-6.066089,24.102125,85.552340,-9.684298,34.613029,108.745201,-6.064551,24.084082,85.552968,-3.994346,23.557911,87.458997,0.030000,
-6.066089,24.102125,85.552340,-9.684694,34.612242,108.749844,-6.067472,24.118356,85.551775,-3.994974,23.558281,87.458428,0.030000,
-6.066089,24.102125,85.552340,-9.685089,34.611454,108.754486,-6.064551,24.084082,85.552968,-3.995603,23.558651,87.457860,0.030000,
-6.066089,24.102125,85.552340,-9.685485,34.610667,108.759128,-6.067472,24.118356,85.551775,-3.996231,23.559020,87.457291,0.030000,
-6.066089,24.102125,85.552340,-9.685881,34.609880,108.763769,-6.064551,24.084082,85.552968,-3.996859,23.559389,87.456723,0.030000,
-6.066089,24.102125,85.552340,-9.686277,34.609093,108.768408,-6.067472,24.118356,85.551775,-3.997487,23.559758,87.456155,0.030000,
-6.066089,24.102125,85.552340,-9.686673,34.608306,108.773047,-6.064551,24.084082,85.552968,-3.998114,23.560127,87.455587,0.030000,
-6.066089,24.102125,85.552340,-9.687069,34.607519,108.777685,-6.067472,24.118356,85.551775,-3.998742,23.560495,87.455019,0.030000,
-6.066089,24.102125,85.552340,-9.687465,34.606732,108.782322,-6.064551,24.084082,85.552968,-3.999369,23.560864,87.454452,0.030000,
-6.066089,24.102125,85.552340,-9.687861,34.605945,108.786959,-6.067472,24.118356,85.551775,-3.999996,23.561232,87.453884,0.030000,
-6.066089,24.102125,85.552340,-9.688257,34.605158,108.791594,-6.064551,24.084082,85.552968,-4.000623,23.561599,87.453317,0.030000,
-6.066089,24.102125,85.552340,-9.688653,34.604372,108.796228,-6.067472,24.118356,85.551775,-4.001249,23.561967,87.452750,0.030000,
-6.066089,24.102125,85.552340,-9.689050,34.603585,108.800862,-6.064551,24.084082,85.552968,-4.001876,23.562334,87.452183,0.030000,
-6.066089,24.102125,85.552340,-9.689446,34.602798,108.805495,-6.067472,24.118356,85.551775,-4.002502,23.562701,87.451617,0.030000,
-6.066089,24.102125,85.552340,-9.689842,34.602012,108.810127,-6.064551,24.084082,85.552968,-4.003128,23.563068,87.451050,0.030000,
-6.066089,24.102125,85.552340,-9.690239,34.601225,108.814758,-6.067472,24.118356,85.551775,-4.003754,23.563435,87.450484,0.030000,
-6.066089,24.102125,85.552340,-9.690636,34.600439,108.819388,-6.064551,24.084082,85.552968,-4.004379,23.563801,87.449917,0.030000,
-6.066089,24.102125,85.552340,-9.691032,34.599652,108.824017,-6.067472,24.118356,85.551775,-4.005005,23.564167,87.449351,0.030000,
-6.066089,24.102125,85.552340,-9.691429,34.598866,108.828646,-6.064551,24.084082,85.552968,-4.005630,23.564533,87.448785,0.030000,
-6.066089,24.102125,85.552340,-9.691826,34.598080,108.833273,-6.067472,24.118356,85.551775,-4.006255,23.564899,87.448220,0.030000,
-6.066089,24.102125,85.552340,-9.692223,34.597294,108.837900,-6.064551,24.084082,85.552968,-4.006880,23.565264,87.447654,0.030000,
-6.066089,24.102125,85.552340,-9.692620,34.596508,108.842526,-6.067472,24.118356,85.551775,-4.007505,23.565629,87.447089,0.030000,
-6.066089,24.102125,85.552340,-9.693017,34.595722,108.847150,-6.064551,24.084082,85.552968,-4.008130,23.565994,87.446523,0.030000,
-6.066089,24.102125,85.552340,-9.693414,34.594936,108.851774,-6.067472,24.118356,85.551775,-4.008754,23.566359,87.445958,0.030000,
-6.066089,24.102125,85.552340,-9.693811,34.594150,108.856398,-6.064551,24.084082,85.552968,-4.009378,23.566723,87.445393,0.030000,
-6.066089,24.102125,85.552340,-9.694208,34.593364,108.861020,-6.067472,24.118356,85.551775,-4.010002,23.567088,87.444829,0.030000,
-6.066089,24.102125,85.552340,-9.694606,34.592578,108.865641,-6.064551,24.084082,85.552968,-4.010626,23.567452,87.444264,0.030000,
-6.066089,24.102125,85.552340,-9.695003,34.591792,108.870262,-6.067472,24.118356,85.551775,-4.011249,23.567816,87.443700,0.030000,
-6.066089,24.102125,85.552340,-9.695400,34.591007,108.874882,-6.064551,24.084082,85.552968,-4.011873,23.568179,87.443135,0.030000,
-6.066089,24.102125,85.552340,-9.695798,34.590221,108.879500,-6.067472,24.118356,85.551775,-4.012496,23.568542,87.442571,0.030000,
-6.066089,24.102125,85.552340,-9.696195,34.589435,108.884118,-6.064551,24.084082,85.552968,-4.013119,23.568906,87.442007,0.030000,
-6.066089,24.102125,85.552340,-9.696593,34.588650,108.888735,-6.067472,24.118356,85.551775,-4.013742,23.569268,87.441444,0.030000,
-6.066089,24.102125,85.552340,-9.696991,34.587865,108.893352,-6.064551,24.084082,85.552968,-4.014365,23.569631,87.440880,0.030000,
-6.066089,24.102125,85.552340,-9.697389,34.587079,108.897967,-6.067472,24.118356,85.551775,-4.014987,23.569994,87.440317,0.030000,
-6.066089,24.102125,85.552340,-9.697786,34.586294,108.902581,-6.064551,24.084082,85.552968,-4.015609,23.570356,87.439753,0.030000,
-6.066089,24.102125,85.552340,-9.698184,34.585509,108.907195,-6.067472,24.118356,85.551775,-4.016232,23.570718,87.439190,0.030000,
-6.066089,24.102125,85.552340,-9.698582,34.584724,108.911808,-6.064551,24.084082,85.552968,-4.016853,23.571079,87.438627,0.030000,
-6.066089,24.102125,85.552340,-9.698980,34.583939,108.916420,-6.067472,24.118356,85.551775,-4.017475,23.571441,87.438064,0.030000,
-6.066089,24.102125,85.552340,-9.699378,34.583154,108.921031,-6.064551,24.084082,85.552968,-4.018097,23.571802,87.437502,0.030000,
-6.066089,24.102125,85.552340,-9.699777,34.582369,108.925641,-6.067472,24.118356,85.551775,-4.018718,23.572163,87.436939,0.030000,
-6.066089,24.102125,85.552340,-9.700175,34.581584,108.930250,-6.064551,24.084082,85.552968,-4.019339,23.572524,87.436377,0.030000,
-6.066089,24.102125,85.552340,-9.700573,34.580799,108.934858,-6.067472,24.118356,85.551775,-4.019960,23.572885,87.435815,0.030000,
-6.066089,24.102125,85.552340,-9.700972,34.580014,108.939466,-6.064551,24.084082,85.552968,-4.020581,23.573245,87.435253,0.030000,
-6.066089,24.102125,85.552340,-9.701370,34.579230,108.944072,-6.067472,24.118356,85.551775,-4.021202,23.573605,87.434691,0.030000,
-6.066089,24.102125,85.552340,-9.701768,34.578445,108.948678,-6.064551,24.084082,85.552968,-4.021822,23.573965,87.434130,0.030000,
-6.066089,24.102125,85.552340,-9.702167,34.577660,108.953283,-6.067472,24.118356,85.551775,-4.022442,23.574325,87.433568,0.030000,
-6.066089,24.102125,85.552340,-9.702566,34.576876,108.957887,-6.064551,24.084082,85.552968,-4.023062,23.574684,87.433007,0.030000,
-6.066089,24.102125,85.552340,-9.702964,34.576092,108.962490,-6.067472,24.118356,85.551775,-4.023682,23.575043,87.432446,0.030000,
-6.066089,24.102125,85.552340,-9.703363,34.575307,108.967093,-6.064551,24.084082,85.552968,-4.024302,23.575402,87.431885,0.030000,
-6.066089,24.102125,85.552340,-9.703762,34.574523,108.971694,-6.067472,24.118356,85.551775,-4.024921,23.575761,87.431324,0.030000,
-6.066089,24.102125,85.552340,-9.704161,34.573739,108.976295,-6.064551,24.084082,85.552968,-4.025541,23.576119,87.430763,0.030000,
-6.066089,24.102125,85.552340,-9.704560,34.572955,108.980894,-6.067472,24.118356,85.551775,-4.026160,23.576478,87.430203,0.030000,
-6.066089,24.102125,85.552340,-9.704959,34.572171,108.985493,-6.064551,24.084082,85.552968,-4.026779,23.576836,87.429642,0.030000,
-6.066089,24.102125,85.552340,-9.705358,34.571387,108.990091,-6.067472,24.118356,85.551775,-4.027397,23.577194,87.429082,0.030000,
-6.066089,24.102125,85.552340,-9.705757,34.570603,108.994688,-6.064551,24.084082,85.552968,-4.028016,23.577551,87.428522,0.030000,
-6.066089,24.102125,85.552340,-9.706156,34.569819,108.999285,-6.067472,24.118356,85.551775,-4.028634,23.577909,87.427962,0.030000,
-6.066089,24.102125,85.552340,-9.706556,34.569035,109.003880,-6.064551,24.084082,85.552968,-4.029252,23.578266,87.427403,0.030000,
-6.066089,24.102125,85.552340,-9.706955,34.568251,109.008474,-6.067472,24.118356,85.551775,-4.029870,23.578623,87.426843,0.030000,
-6.066089,24.102125,85.552340,-9.707354,34.567468,109.013068,-6.064551,24.084082,85.552968,-4.030488,23.578979,87.426284,0.030000,
-6.066089,24.102125,85.552340,-9.707754,34.566684,109.017661,-6.067472,24.118356,85.551775,-4.031106,23.579336,87.425725,0.030000,
-6.066089,24.102125,85.552340,-9.708153,34.565901,109.022253,-6.064551,24.084082,85.552968,-4.031723,23.579692,87.425166,0.030000,
-6.066089,24.102125,85.552340,-9.708553,34.565117,109.026844,-6.067472,24.118356,85.551775,-4.032340,23.580048,87.424607,0.030000,
-6.066089,24.102125,85.552340,-9.708953,34.564334,109.031434,-6.064551,24.084082,85.552968,-4.032957,23.580404,87.424048,0.030000,
-6.066089,24.102125,85.552340,-9.709352,34.563550,109.036023,-6.067472,24.118356,85.551775,-4.033574,23.580759,87.423489,0.030000,
-6.066089,24.102125,85.552340,-9.709752,34.562767,109.040612,-6.064551,24.084082,85.552968,-4.034191,23.581115,87.422931,0.030000,
-6.066089,24.102125,85.552340,-9.710152,34.561984,109.045200,-6.067472,24.118356,85.551775,-4.034807,23.581470,87.422373,0.030000,
-6.066089,24.102125,85.552340,-9.710552,34.561201,109.049786,-6.064551,24.084082,85.552968,-4.035424,23.581825,87.421815,0.030000,
-6.066089,24.102125,85.552340,-9.710952,34.560418,109.054372,-6.067472,24.118356,85.551775,-4.036040,23.582179,87.421257,0.030000,
-6.066089,24.102125,85.552340,-9.711352,34.559635,109.058957,-6.064551,24.084082,85.552968,-4.036656,23.582534,87.420699,0.030000,
-6.066089,24.102125,85.552340,-9.711752,34.558852,109.063541,-6.067472,24.118356,85.551775,-4.037272,23.582888,87.420142,0.030000,
-6.066089,24.102125,85.552340,-9.712152,34.558069,109.068125,-6.064551,24.084082,85.552968,-4.037887,23.583242,87.419584,0.030000,
-6.066089,24.102125,85.552340,-9.712552,34.557286,109.072707,-6.067472,24.118356,85.551775,-4.038503,23.583596,87.419027,0.030000,
-6.066089,24.102125,85.552340,-9.712953,34.556504,109.077289,-6.064551,24.084082,85.552968,-4.039118,23.583949,87.418470,0.030000,
-6.066089,24.102125,85.552340,-9.713353,34.555721,109.081869,-6.067472,24.118356,85.551775,-4.039733,23.584303,87.417913,0.030000,
-6.066089,24.102125,85.552340,-9.713754,34.554939,109.086449,-6.064551,24.084082,85.552968,-4.040348,23.584656,87.417356,0.030000,
-6.066089,24.102125,85.552340,-9.714154,34.554156,109.091028,-6.067472,24.118356,85.551775,-4.040962,23.585009,87.416800,0.030000,
-6.066089,24.102125,85.552340,-9.714555,34.553374,109.095606,-6.064551,24.084082,85.552968,-4.041577,23.585361,87.416243,0.030000,
-6.066089,24.102125,85.552340,-9.714955,34.552591,109.100184,-6.067472,24.118356,85.551775,-4.042191,23.585714,87.415687,0.030000,
-6.066089,24.102125,85.552340,-9.715356,34.551809,109.104760,-6.064551,24.084082,85.552968,-4.042805,23.586066,87.415131,0.030000,
-6.066089,24.102125,85.552340,-9.715757,34.551027,109.109336,-6.067472,24.118356,85.551775,-4.043419,23.586418,87.414575,0.030000,
-6.066089,24.102125,85.552340,-9.716157,34.550245,109.113910,-6.064551,24.084082,85.552968,-4.044033,23.586770,87.414019,0.030000,
-6.066089,24.102125,85.552340,-9.716558,34.549463,109.118484,-6.067472,24.118356,85.551775,-4.044646,23.587121,87.413463,0.030000,
-6.066089,24.102125,85.552340,-9.716959,34.548681,109.123057,-6.064551,24.084082,85.552968,-4.045259,23.587472,87.412908,0.030000,
-6.066089,24.102125,85.552340,-9.717360,34.547899,109.127629,-6.067472,24.118356,85.551775,-4.045873,23.587823,87.412353,0.030000,
-6.066089,24.102125,85.552340,-9.717761,34.547117,109.132200,-6.064551,24.084082,85.552968,-4.046485,23.588174,87.411798,0.030000,
-6.066089,24.102125,85.552340,-9.718162,34.546335,109.136771,-6.067472,24.118356,85.551775,-4.047098,23.588525,87.411243,0.030000,
-6.066089,24.102125,85.552340,-9.718563,34.545554,109.141340,-6.064551,24.084082,85.552968,-4.047711,23.588875,87.410688,0.030000,
-6.066089,24.102125,85.552340,-9.718965,34.544772,109.145909,-6.067472,24.118356,85.551775,-4.048323,23.589226,87.410133,0.030000,
-6.066089,24.102125,85.552340,-9.719366,34.543991,109.150477,-6.064551,24.084082,85.552968,-4.048936,23.589575,87.409579,0.030000,
-6.066089,24.102125,85.552340,-9.719767,34.543209,109.155044,-6.067472,24.118356,85.551775,-4.049548,23.589925,87.409024,0.030000,
-6.066089,24.102125,85.552340,-9.720169,34.542428,109.159610,-6.064551,24.084082,85.552968,-4.050159,23.590275,87.408470,0.030000,
-6.066089,24.102125,85.552340,-9.720570,34.541646,109.164175,-6.067472,24.118356,85.551775,-4.050771,23.590624,87.407916,0.030000,
-6.066089,24.102125,85.552340,-9.720972,34.540865,109.168740,-6.064551,24.084082,85.552968,-4.051383,23.590973,87.407362,0.030000,
-6.066089,24.102125,85.552340,-9.721373,34.540084,109.173303,-6.067472,24.118356,85.551775,-4.051994,23.591322,87.406809,0.030000,
-6.066089,24.102125,85.552340,-9.721775,34.539303,109.177866,-6.064551,24.084082,85.552968,-4.052605,23.591671,87.406255,0.030000,
-6.066089,24.102125,85.552340,-9.722176,34.538522,109.182428,-6.067472,24.118356,85.551775,-4.053216,23.592019,87.405702,0.030000,
-6.066089,24.102125,85.552340,-9.722578,34.537741,109.186989,-6.064551,24.084082,85.552968,-4.053827,23.592367,87.405149,0.030000,
-6.066089,24.102125,85.552340,-9.722980,34.536960,109.191549,-6.067472,24.118356,85.551775,-4.054437,23.592715,87.404596,0.030000,
-6.066089,24.102125,85.552340,-9.723382,34.536179,109.196108,-6.064551,24.084082,85.552968,-4.055048,23.593063,87.404043,0.030000,
-6.066089,24.102125,85.552340,-9.723784,34.535398,109.200666,-6.067472,24.118356,85.551775,-4.055658,23.593410,87.403490,0.030000,
-6.066089,24.102125,85.552340,-9.724186,34.534618,109.205224,-6.064551,24.084082,85.552968,-4.056268,23.593758,87.402937,0.030000,
-6.066089,24.102125,85.552340,-9.724588,34.533837,109.209781,-6.067472,24.118356,85.551775,-4.056878,23.594105,87.402385,0.030000,
-6.066089,24.102125,85.552340,-9.724990,34.533057,109.214336,-6.064551,24.084082,85.552968,-4.057487,23.594452,87.401833,0.030000,
-6.066089,24.102125,85.552340,-9.725392,34.532276,109.218891,-6.067472,24.118356,85.551775,-4.058097,23.594798,87.401281,0.030000,
-6.066089,24.102125,85.552340,-9.725794,34.531496,109.223445,-6.064551,24.084082,85.552968,-4.058706,23.595145,87.400729,0.030000,
-6.066089,24.102125,85.552340,-9.726197,34.530716,109.227999,-6.067472,24.118356,85.551775,-4.059315,23.595491,87.400177,0.030000,
-6.066089,24.102125,85.552340,-9.726599,34.529935,109.232551,-6.064551,24.084082,85.552968,-4.059924,23.595837,87.399626,0.030000,
-6.066089,24.102125,85.552340,-9.727001,34.529155,109.237103,-6.067472,24.118356,85.551775,-4.060533,23.596182,87.399074,0.030000,
-6.066089,24.102125,85.552340,-9.727404,34.528375,109.241653,-6.064551,24.084082,85.552968,-4.061141,23.596528,87.398523,0.030000,
-6.066089,24.102125,85.552340,-9.727806,34.527595,109.246203,-6.067472,24.118356,85.551775,-4.061750,23.596873,87.397972,0.030000,
-6.066089,24.102125,85.552340,-9.728209,34.526815,109.250752,-6.064551,24.084082,85.552968,-4.062358,23.597218,87.397421,0.030000,
-6.066089,24.102125,85.552340,-9.728612,34.526035,109.255300,-6.067472,24.118356,85.551775,-4.062966,23.597563,87.396870,0.030000,
-6.066089,24.102125,85.552340,-9.729014,34.525256,109.259848,-6.064551,24.084082,85.552968,-4.063574,23.597908,87.396319,0.030000,
-6.066089,24.102125,85.552340,-9.729417,34.524476,109.264394,-6.067472,24.118356,85.551775,-4.064181,23.598252,87.395769,0.030000,
-6.066089,24.102125,85.552340,-9.729820,34.523696,109.268940,-6.064551,24.084082,85.552968,-4.064789,23.598597,87.395219,0.030000,
-6.066089,24.102125,85.552340,-9.730223,34.522917,109.273484,-6.067472,24.118356,85.551775,-4.065396,23.598941,87.394669,0.030000,
-6.066089,24.102125,85.552340,-9.730626,34.522137,109.278028,-6.064551,24.084082,85.552968,-4.066003,23.599284,87.394119,0.030000,
-6.066089,24.102125,85.552340,-9.731029,34.521358,109.282571,-6.067472,24.118356,85.551775,-4.066610,23.599628,87.393569,0.030000,
-6.066089,24.102125,85.552340,-9.731432,34.520579,109.287113,-6.064551,24.084082,85.552968,-4.067216,23.599971,87.393019,0.030000,
-6.066089,24.102125,85.552340,-9.731835,34.519799,109.291655,-6.067472,24.118356,85.551775,-4.067823,23.600314,87.392470,0.030000,
-6.066089,24.102125,85.552340,-9.732238,34.519020,109.296195,-6.064551,24.084082,85.552968,-4.068429,23.600657,87.391920,0.030000,
-6.066089,24.102125,85.552340,-9.732641,34.518241,109.300735,-6.067472,24.118356,85.551775,-4.069035,23.601000,87.391371,0.030000,
-6.066089,24.102125,85.552340,-9.733044,34.517462,109.305273,-6.064551,24.084082,85.552968,-4.069641,23.601342,87.390822,0.030000,
-6.066089,24.102125,85.552340,-9.733448,34.516683,109.309811,-6.067472,24.118356,85.551775,-4.070247,23.601685,87.390273,0.030000,
-6.066089,24.102125,85.552340,-9.733851,34.515904,109.314348,-6.064551,24.084082,85.552968,-4.070853,23.602027,87.389724,0.030000,
-6.066089,24.102125,85.552340,-9.734254,34.515126,109.318885,-6.067472,24.118356,85.551775,-4.071458,23.602368,87.389176,0.030000,
-6.066089,24.102125,85.552340,-9.734658,34.514347,109.323420,-6.064551,24.084082,85.552968,-4.072063,23.602710,87.388628,0.030000,
-6.066089,24.102125,85.552340,-9.735061,34.513568,109.327954,-6.067472,24.118356,85.551775,-4.072669,23.603051,87.388079,0.030000,
-6.066089,24.102125,85.552340,-9.735465,34.512790,109.332488,-6.064551,24.084082,85.552968,-4.073273,23.603392,87.387531,0.030000,
-6.066089,24.102125,85.552340,-9.735869,34.512011,109.337021,-6.067472,24.118356,85.551775,-4.073878,23.603733,87.386983,0.030000,
-6.066089,24.102125,85.552340,-9.736272,34.511233,109.341553,-6.064551,24.084082,85.552968,-4.074483,23.604074,87.386436,0.030000,
-6.066089,24.102125,85.552340,-9.736676,34.510455,109.346084,-6.067472,24.118356,85.551775,-4.075087,23.604415,87.385888,0.030000,
-6.066089,24.102125,85.552340,-9.737080,34.509676,109.350614,-6.064551,24.084082,85.552968,-4.075691,23.604755,87.385341,0.030000,
-6.066089,24.102125,85.552340,-9.737484,34.508898,109.355144,-6.067472,24.118356,85.551775,-4.076295,23.605095,87.384793,0.030000,
-6.066089,24.102125,85.552340,-9.737888,34.508120,109.359672,-6.064551,24.084082,85.552968,-4.076899,23.605435,87.384246,0.030000,
-6.066089,24.102125,85.552340,-9.738292,34.507342,109.364200,-6.067472,24.118356,85.551775,-4.077502,23.605775,87.383699,0.030000,
-6.066089,24.102125,85.552340,-9.738696,34.506564,109.368727,-6.064551,24.084082,85.552968,-4.078106,23.606114,87.383153,0.030000,
-6.066089,24.102125,85.552340,-9.739100,34.505786,109.373253,-6.067472,24.118356,85.551775,-4.078709,23.606453,87.382606,0.030000,
-6.066089,24.102125,85.552340,-9.739504,34.505008,109.377778,-6.064551,24.084082,85.552968,-4.079312,23.606792,87.382060,0.030000,
-6.066089,24.102125,85.552340,-9.739908,34.504231,109.382302,-6.067472,24.118356,85.551775,-4.079915,23.607131,87.381513,0.030000,
-6.066089,24.102125,85.552340,-9.740313,34.503453,109.386826,-6.064551,24.084082,85.552968,-4.080518,23.607469,87.380967,0.030000,
-6.066089,24.102125,85.552340,-9.740717,34.502676,109.391348,-6.067472,24.118356,85.551775,-4.081120,23.607808,87.380421,0.030000,
-6.066089,24.102125,85.552340,-9.741121,34.501898,109.395870,-6.064551,24.084082,85.552968,-4.081722,23.608146,87.379875,0.030000,
-6.066089,24.102125,85.552340,-9.741526,34.501121,109.400391,-6.067472,24.118356,85.551775,-4.082325,23.608484,87.379330,0.030000,
-6.066089,24.102125,85.552340,-9.741930,34.500343,109.404911,-6.064551,24.084082,85.552968,-4.082927,23.608822,87.378784,0.030000,
-6.066089,24.102125,85.552340,-9.742335,34.499566,109.409430,-6.067472,24.118356,85.551775,-4.083528,23.609159,87.378239,0.030000,
-6.066089,24.102125,85.552340,-9.742739,34.498789,109.413949,-6.064551,24.084082,85.552968,-4.084130,23.609496,87.377694,0.030000,
-6.066089,24.102125,85.552340,-9.743144,34.498012,109.418466,-6.067472,24.118356,85.551775,-4.084731,23.609833,87.377149,0.030000,
-6.066089,24.102125,85.552340,-9.743549,34.497235,109.422983,-6.064551,24.084082,85.552968,-4.085332,23.610170,87.376604,0.030000,
-6.066089,24.102125,85.552340,-9.743953,34.496458,109.427499,-6.067472,24.118356,85.551775,-4.085934,23.610507,87.376059,0.030000,
-6.066089,24.102125,85.552340,-9.744358,34.495681,109.432014,-6.064551,24.084082,85.552968,-4.086534,23.610843,87.375514,0.030000,
-6.066089,24.102125,85.552340,-9.744763,34.494905,109.436528,-6.067472,24.118356,85.551775,-4.087135,23.611179,87.374970,0.030000,
-6.066089,24.102125,85.552340,-9.745168,34.494128,109.441041,-6.064551,24.084082,85.552968,-4.087736,23.611515,87.374426,0.030000,
-6.066089,24.102125,85.552340,-9.745573,34.493351,109.445554,-6.067472,24.118356,85.551775,-4.088336,23.611851,87.373882,0.030000,
-6.066089,24.102125,85.552340,-9.745978,34.492575,109.450065,-6.064551,24.084082,85.552968,-4.088936,23.612187,87.373338,0.030000,
-6.066089,24.102125,85.552340,-9.746383,34.491798,109.454576,-6.067472,24.118356,85.551775,-4.089536,23.612522,87.372794,0.030000,
-6.066089,24.102125,85.552340,-9.746788,34.491022,109.459086,-6.064551,24.084082,85.552968,-4.090136,23.612857,87.372250,0.030000,
-6.066089,24.102125,85.552340,-9.747193,34.490246,109.463595,-6.067472,24.118356,85.551775,-4.090735,23.613192,87.371707,0.030000,
-6.066089,24.102125,85.552340,-9.747598,34.489469,109.468103,-6.064551,24.084082,85.552968,-4.091335,23.613527,87.371164,0.030000,
-6.066089,24.102125,85.552340,-9.748004,34.488693,109.472611,-6.067472,24.118356,85.551775,-4.091934,23.613861,87.370621,0.030000,
-6.066089,24.102125,85.552340,-9.748409,34.487917,109.477117,-6.064551,24.084082,85.552968,-4.092533,23.614195,87.370078,0.030000,
-6.066089,24.102125,85.552340,-9.748814,34.487141,109.481623,-6.067472,24.118356,85.551775,-4.093132,23.614530,87.369535,0.030000,
-6.066089,24.102125,85.552340,-9.749220,34.486365,109.486128,-6.064551,24.084082,85.552968,-4.093731,23.614863,87.368992,0.030000,
-6.066089,24.102125,85.552340,-9.749625,34.485590,109.490632,-6.067472,24.118356,85.551775,-4.094329,23.615197,87.368450,0.030000,
-6.066089,24.102125,85.552340,-9.750031,34.484814,109.495135,-6.064551,24.084082,85.552968,-4.094927,23.615530,87.367907,0.030000,
-6.066089,24.102125,85.552340,-9.750436,34.484038,109.499637,-6.067472,24.118356,85.551775,-4.095526,23.615864,87.367365,0.030000,
-6.066089,24.102125,85.552340,-9.750842,34.483263,109.504139,-6.064551,24.084082,85.552968,-4.096124,23.616197,87.366823,0.030000,
-6.066089,24.102125,85.552340,-9.751248,34.482487,109.508639,-6.067472,24.118356,85.551775,-4.096721,23.616529,87.366281,0.030000,
-6.066089,24.102125,85.552340,-9.751653,34.481712,109.513139,-6.064551,24.084082,85.552968,-4.097319,23.616862,87.365740,0.030000,
-6.066089,24.102125,85.552340,-9.752059,34.480936,109.517638,-6.067472,24.118356,85.551775,-4.097916,23.617194,87.365198,0.030000,
-6.066089,24.102125,85.552340,-9.752465,34.480161,109.522136,-6.064551,24.084082,85.552968,-4.098514,23.617526,87.364657,0.030000,
-6.066089,24.102125,85.552340,-9.752871,34.479386,109.526633,-6.067472,24.118356,85.551775,-4.099111,23.617858,87.364116,0.030000,
-6.066089,24.102125,85.552340,-9.753277,34.478611,109.531130,-6.064551,24.084082,85.552968,-4.099707,23.618190,87.363575,0.030000,
-6.066089,24.102125,85.552340,-9.753683,34.477836,109.535625,-6.067472,24.118356,85.551775,-4.100304,23.618522,87.363034,0.030000,
-6.066089,24.102125,85.552340,-9.754089,34.477061,109.540120,-6.064551,24.084082,85.552968,-4.100901,23.618853,87.362493,0.030000,
-6.066089,24.102125,85.552340,-9.754495,34.476286,109.544614,-6.067472,24.118356,85.551775,-4.101497,23.619184,87.361952,0.030000,
-6.066089,24.102125,85.552340,-9.754901,34.475512,109.549107,-6.064551,24.084082,85.552968,-4.102093,23.619515,87.361412,0.030000,
-6.066089,24.102125,85.552340,-9.755307,34.474737,109.553599,-6.067472,24.118356,85.551775,-4.102689,23.619846,87.360872,0.030000,
-6.066089,24.102125,85.552340,-9.755714,34.473962,109.558091,-6.064551,24.084082,85.552968,-4.103285,23.620176,87.360331,0.030000,
-6.066089,24.102125,85.552340,-9.756120,34.473188,109.562581,-6.067472,24.118356,85.551775,-4.103881,23.620506,87.359792,0.030000,
-6.066089,24.102125,85.552340,-9.756526,34.472413,109.567071,-6.064551,24.084082,85.552968,-4.104476,23.620836,87.359252,0.030000,
-6.066089,24.102125,85.552340,-9.756933,34.471639,109.571560,-6.067472,24.118356,85.551775,-4.105071,23.621166,87.358712,0.030000,
-6.066089,24.102125,85.552340,-9.757339,34.470865,109.576048,-6.064551,24.084082,85.552968,-4.105666,23.621496,87.358173,0.030000,
-6.066089,24.102125,85.552340,-9.757746,34.470091,109.580535,-6.067472,24.118356,85.551775,-4.106261,23.621825,87.357633,0.030000,
-6.066089,24.102125,85.552340,-9.758152,34.469316,109.585021,-6.064551,24.084082,85.552968,-4.106856,23.622154,87.357094,0.030000,
-6.066089,24.102125,85.552340,-9.758559,34.468542,109.589507,-6.067472,24.118356,85.551775,-4.107451,23.622483,87.356555,0.030000,
-6.066089,24.102125,85.552340,-9.758966,34.467768,109.593991,-6.064551,24.084082,85.552968,-4.108045,23.622812,87.356016,0.030000,
-6.066089,24.102125,85.552340,-9.759372,34.466995,109.598475,-6.067472,24.118356,85.551775,-4.108639,23.623141,87.355478,0.030000,
-6.066089,24.102125,85.552340,-9.759779,34.466221,109.602958,-6.064551,24.084082,85.552968,-4.109233,23.623469,87.354939,0.030000,
-6.066089,24.102125,85.552340,-9.760186,34.465447,109.607440,-6.067472,24.118356,85.551775,-4.109827,23.623797,87.354401,0.030000,
-6.066089,24.102125,85.552340,-9.760593,34.464674,109.611922,-6.064551,24.084082,85.552968,-4.110420,23.624125,87.353862,0.030000,
-6.066089,24.102125,85.552340,-9.761000,34.463900,109.616402,-6.067472,24.118356,85.551775,-4.111014,23.624453,87.353324,0.030000,
-6.066089,24.102125,85.552340,-9.761407,34.463127,109.620882,-6.064551,24.084082,85.552968,-4.111607,23.624780,87.352786,0.030000,
-6.066089,24.102125,85.552340,-9.761814,34.462353,109.625361,-6.067472,24.118356,85.551775,-4.112200,23.625108,87.352249,0.030000,
-6.066089,24.102125,85.552340,-9.762221,34.461580,109.629839,-6.064551,24.084082,85.552968,-4.112793,23.625435,87.351711,0.030000,
-6.066089,24.102125,85.552340,-9.762628,34.460807,109.634316,-6.067472,24.118356,85.551775,-4.113386,23.625762,87.351174,0.030000,
-6.066089,24.102125,85.552340,-9.763035,34.460034,109.638792,-6.064551,24.084082,85.552968,-4.113979,23.626088,87.350636,0.030000,
-6.066089,24.102125,85.552340,-9.763442,34.459261,109.643267,-6.067472,24.118356,85.551775,-4.114571,23.626415,87.350099,0.030000,
-6.066089,24.102125,85.552340,-9.763849,34.458488,109.647742,-6.064551,24.084082,85.552968,-4.115163,23.626741,87.349562,0.030000,
-6.066089,24.102125,85.552340,-9.764257,34.457715,109.652216,-6.067472,24.118356,85.551775,-4.115755,23.627067,87.349025,0.030000,
-6.066089,24.102125,85.552340,-9.764664,34.456942,109.656689,-6.064551,24.084082,85.552968,-4.116347,23.627393,87.348489,0.030000,
-6.066089,24.102125,85.552340,-9.765071,34.456169,109.661161,-6.067472,24.118356,85.551775,-4.116939,23.627719,87.347952,0.030000,
-6.066089,24.102125,85.552340,-9.765479,34.455397,109.665632,-6.064551,24.084082,85.552968,-4.117530,23.628044,87.347416,0.030000,
-6.066089,24.102125,85.552340,-9.765886,34.454624,109.670102,-6.067472,24.118356,85.551775,-4.118121,23.628369,87.346880,0.030000,
-6.066089,24.102125,85.552340,-9.766294,34.453852,109.674572,-6.064551,24.084082,85.552968,-4.118713,23.628694,87.346344,0.030000,
-6.066089,24.102125,85.552340,-9.766701,34.453080,109.679041,-6.067472,24.118356,85.551775,-4.119304,23.629019,87.345808,0.030000,
-6.066089,24.102125,85.552340,-9.767109,34.452307,109.683509,-6.064551,24.084082,85.552968,-4.119894,23.629344,87.345272,0.030000,
-6.066089,24.102125,85.552340,-9.767517,34.451535,109.687976,-6.067472,24.118356,85.551775,-4.120485,23.629668,87.344737,0.030000,
-6.066089,24.102125,85.552340,-9.767924,34.450763,109.692442,-6.064551,24.084082,85.552968,-4.121075,23.629992,87.344201,0.030000,
-6.066089,24.102125,85.552340,-9.768332,34.449991,109.696907,-6.067472,24.118356,85.551775,-4.121666,23.630316,87.343666,0.030000,
-6.066089,24.102125,85.552340,-9.768740,34.449219,109.701372,-6.064551,24.084082,85.552968,-4.122256,23.630640,87.343131,0.030000,
-6.066089,24.102125,85.552340,-9.769148,34.448447,109.705836,-6.067472,24.118356,85.551775,-4.122846,23.630964,87.342596,0.030000,
-6.066089,24.102125,85.552340,-9.769556,34.447675,109.710299,-6.064551,24.084082,85.552968,-4.123435,23.631287,87.342061,0.030000,
-6.066089,24.102125,85.552340,-9.769964,34.446904,109.714761,-6.067472,24.118356,85.551775,-4.124025,23.631610,87.341527,0.030000,
-6.066089,24.102125,85.552340,-9.770372,34.446132,109.719222,-6.064551,24.084082,85.552968,-4.124614,23.631933,87.340992,0.030000,
-6.066089,24.102125,85.552340,-9.770780,34.445361,109.723682,-6.067472,24.118356,85.551775,-4.125203,23.632256,87.340458,0.030000,
-6.066089,24.102125,85.552340,-9.771188,34.444589,109.728142,-6.064551,24.084082,85.552968,-4.125792,23.632578,87.339924,0.030000,
-6.066089,24.102125,85.552340,-9.771596,34.443818,109.732601,-6.067472,24.118356,85.551775,-4.126381,23.632901,87.339390,0.030000,
-6.066089,24.102125,85.552340,-9.772004,34.443047,109.737059,-6.064551,24.084082,85.552968,-4.126970,23.633223,87.338856,0.030000,
-6.066089,24.102125,85.552340,-9.772412,34.442275,109.741516,-6.067472,24.118356,85.551775,-4.127558,23.633545,87.338322,0.030000,
-6.066089,24.102125,85.552340,-9.772821,34.441504,109.745972,-6.064551,24.084082,85.552968,-4.128146,23.633866,87.337789,0.030000,
-6.066089,24.102125,85.552340,-9.773229,34.440733,109.750427,-6.067472,24.118356,85.551775,-4.128735,23.634188,87.337255,0.030000,
-6.066089,24.102125,85.552340,-9.773637,34.439962,109.754882,-6.064551,24.084082,85.552968,-4.129322,23.634509,87.336722,0.030000,
-6.066089,24.102125,85.552340,-9.774046,34.439192,109.759336,-6.067472,24.118356,85.551775,-4.129910,23.634830,87.336189,0.030000,
-6.066089,24.102125,85.552340,-9.774454,34.438421,109.763789,-6.064551,24.084082,85.552968,-4.130498,23.635151,87.335656,0.030000,
-6.066089,24.102125,85.552340,-9.774863,34.437650,109.768241,-6.067472,24.118356,85.551775,-4.131085,23.635472,87.335123,0.030000,
-6.066089,24.102125,85.552340,-9.775271,34.436880,109.772692,-6.064551,24.084082,85.552968,-4.131672,23.635793,87.334591,0.030000,
-6.066089,24.102125,85.552340,-9.775680,34.436109,109.777142,-6.067472,24.118356,85.551775,-4.132259,23.636113,87.334058,0.030000,
-6.066089,24.102125,85.552340,-9.776089,34.435339,109.781592,-6.064551,24.084082,85.552968,-4.132846,23.636433,87.333526,0.030000,
-6.066089,24.102125,85.552340,-9.776497,34.434568,109.786041,-6.067472,24.118356,85.551775,-4.133433,23.636753,87.332994,0.030000,
-6.066089,24.102125,85.552340,-9.776906,34.433798,109.790489,-6.064551,24.084082,85.552968,-4.134019,23.637072,87.332462,0.030000,
-6.066089,24.102125,85.552340,-9.777315,34.433028,109.794936,-6.067472,24.118356,85.551775,-4.134606,23.637392,87.331930,0.030000,
-6.066089,24.102125,85.552340,-9.777724,34.432258,109.799382,-6.064551,24.084082,85.552968,-4.135192,23.637711,87.331398,0.030000,
-6.066089,24.102125,85.552340,-9.778133,34.431488,109.803827,-6.067472,24.118356,85.551775,-4.135778,23.638030,87.330867,0.030000,
-6.066089,24.102125,85.552340,-9.778541,34.430718,109.808272,-6.064551,24.084082,85.552968,-4.136364,23.638349,87.330336,0.030000,
-6.066089,24.102125,85.552340,-9.778950,34.429948,109.812716,-6.067472,24.118356,85.551775,-4.136949,23.638668,87.329804,0.030000,
-6.066089,24.102125,85.552340,-9.779359,34.429179,109.817159,-6.064551,24.084082,85.552968,-4.137535,23.638986,87.329273,0.030000,
-6.066089,24.102125,85.552340,-9.779768,34.428409,109.821601,-6.067472,24.118356,85.551775,-4.138120,23.639304,87.328743,0.030000,
-6.066089,24.102125,85.552340,-9.780178,34.427639,109.826042,-6.064551,24.084082,85.552968,-4.138705,23.639622,87.328212,0.030000,
-6.066089,24.102125,85.552340,-9.780587,34.426870,109.830482,-6.067472,24.118356,85.551775,-4.139290,23.639940,87.327681,0.030000,
-6.066089,24.102125,85.552340,-9.780996,34.426101,109.834922,-6.064551,24.084082,85.552968,-4.139875,23.640258,87.327151,0.030000,
-6.066089,24.102125,85.552340,-9.781405,34.425331,109.839361,-6.067472,24.118356,85.551775,-4.140459,23.640575,87.326621,0.030000,
-6.066089,24.102125,85.552340,-9.781814,34.424562,109.843799,-6.064551,24.084082,85.552968,-4.141044,23.640893,87.326090,0.030000,
-6.066089,24.102125,85.552340,-9.782224,34.423793,109.848236,-6.067472,24.118356,85.551775,-4.141628,23.641210,87.325561,0.030000,
-6.066089,24.102125,85.552340,-9.782633,34.423024,109.852672,-6.064551,24.084082,85.552968,-4.142212,23.641526,87.325031,0.030000,
-6.066089,24.102125,85.552340,-9.783043,34.422255,109.857108,-6.067472,24.118356,85.551775,-4.142796,23.641843,87.324501,0.030000,
-6.066089,24.102125,85.552340,-9.783452,34.421486,109.861542,-6.064551,24.084082,85.552968,-4.143379,23.642160,87.323972,0.030000,
-6.066089,24.102125,85.552340,-9.783862,34.420717,109.865976,-6.067472,24.118356,85.551775,-4.143963,23.642476,87.323442,0.030000,
-6.066089,24.102125,85.552340,-9.784271,34.419949,109.870409,-6.064551,24.084082,85.552968,-4.144546,23.642792,87.322913,0.030000,
-6.066089,24.102125,85.552340,-9.784681,34.419180,109.874841,-6.067472,24.118356,85.551775,-4.145129,23.643108,87.322384,0.030000,
-6.066089,24.102125,85.552340,-9.785090,34.418412,109.879273,-6.064551,24.084082,85.552968,-4.145712,23.643423,87.321855,0.030000,
-6.066089,24.102125,85.552340,-9.785500,34.417643,109.883703,-6.067472,24.118356,85.551775,-4.146295,23.643739,87.321327,0.030000,
-6.066089,24.102125,85.552340,-9.785910,34.416875,109.888133,-6.064551,24.084082,85.552968,-4.146878,23.644054,87.320798,0.030000,
-6.066089,24.102125,85.552340,-9.786319,34.416107,109.892562,-6.067472,24.118356,85.551775,-4.147460,23.644369,87.320270,0.030000,
-6.066089,24.102125,85.552340,-9.786729,34.415339,109.896990,-6.064551,24.084082,85.552968,-4.148042,23.644684,87.319741,0.030000,
-6.066089,24.102125,85.552340,-9.787139,34.414571,109.901417,-6.067472,24.118356,85.551775,-4.148624,23.644998,87.319213,0.030000,
-6.066089,24.102125,85.552340,-9.787549,34.413803,109.905843,-6.064551,24.084082,85.552968,-4.149206,23.645313,87.318685,0.030000,
-6.066089,24.102125,85.552340,-9.787959,34.413035,109.910269,-6.067472,24.118356,85.551775,-4.149788,23.645627,87.318158,0.030000,
-6.066089,24.102125,85.552340,-9.788369,34.412267,109.914693,-6.064551,24.084082,85.552968,-4.150370,23.645941,87.317630,0.030000,
-6.066089,24.102125,85.552340,-9.788779,34.411499,109.919117,-6.067472,24.118356,85.551775,-4.150951,23.646255,87.317102,0.030000,
-6.066089,24.102125,85.552340,-9.789189,34.410732,109.923540,-6.064551,24.084082,85.552968,-4.151532,23.646568,87.316575,0.030000,
-6.066089,24.102125,85.552340,-9.789599,34.409964,109.927963,-6.067472,24.118356,85.551775,-4.152113,23.646882,87.316048,0.030000,
-6.066089,24.102125,85.552340,-9.790009,34.409197,109.932384,-6.064551,24.084082,85.552968,-4.152694,23.647195,87.315521,0.030000,
-6.066089,24.102125,85.552340,-9.790419,34.408429,109.936805,-6.067472,24.118356,85.551775,-4.153275,23.647508,87.314994,0.030000,
-6.066089,24.102125,85.552340,-9.790830,34.407662,109.941224,-6.064551,24.084082,85.552968,-4.153855,23.647821,87.314467,0.030000,
-6.066089,24.102125,85.552340,-9.791240,34.406895,109.945643,-6.067472,24.118356,85.551775,-4.154435,23.648133,87.313941,0.030000,
-6.066089,24.102125,85.552340,-9.791650,34.406128,109.950061,-6.064551,24.084082,85.552968,-4.155016,23.648446,87.313414,0.030000,
-6.066089,24.102125,85.552340,-9.792061,34.405361,109.954479,-6.067472,24.118356,85.551775,-4.155596,23.648758,87.312888,0.030000,
-6.066089,24.102125,85.552340,-9.792471,34.404594,109.958895,-6.064551,24.084082,85.552968,-4.156175,23.649070,87.312362,0.030000,
-6.066089,24.102125,85.552340,-9.792881,34.403827,109.963311,-6.067472,24.118356,85.551775,-4.156755,23.649382,87.311836,0.030000,
-6.066089,24.102125,85.552340,-9.793292,34.403060,109.967726,-6.064551,24.084082,85.552968,-4.157334,23.649693,87.311310,0.030000,
-6.066089,24.102125,85.552340,-9.793702,34.402294,109.972140,-6.067472,24.118356,85.551775,-4.157914,23.650005,87.310785,0.030000,
-6.066089,24.102125,85.552340,-9.794113,34.401527,109.976553,-6.064551,24.084082,85.552968,-4.158493,23.650316,87.310259,0.030000,
-6.066089,24.102125,85.552340,-9.794524,34.400761,109.980965,-6.067472,24.118356,85.551775,-4.159072,23.650627,87.309734,0.030000,
-6.066089,24.102125,85.552340,-9.794934,34.399994,109.985377,-6.064551,24.084082,85.552968,-4.159650,23.650938,87.309209,0.030000,
-6.066089,24.102125,85.552340,-9.795345,34.399228,109.989787,-6.067472,24.118356,85.551775,-4.160229,23.651249,87.308684,0.030000,
-6.066089,24.102125,85.552340,-9.795756,34.398462,109.994197,-6.064551,24.084082,85.552968,-4.160807,23.651559,87.308159,0.030000,
-6.066089,24.102125,85.552340,-9.796166,34.397696,109.998606,-6.067472,24.118356,85.551775,-4.161386,23.651869,87.307634,0.030000,
-6.066089,24.102125,85.552340,-9.796577,34.396930,110.003015,-6.064551,24.084082,85.552968,-4.161964,23.652179,87.307110,0.030000,
-6.066089,24.102125,85.552340,-9.796988,34.396164,110.007422,-6.067472,24.118356,85.551775,-4.162542,23.652489,87.306585,0.030000,
-6.066089,24.102125,85.552340,-9.797399,34.395398,110.011829,-6.064551,24.084082,85.552968,-4.163119,23.652799,87.306061,0.030000,
-6.066089,24.102125,85.552340,-9.797810,34.394632,110.016234,-6.067472,24.118356,85.551775,-4.163697,23.653108,87.305537,0.030000,
-6.066089,24.102125,85.552340,-9.798221,34.393866,110.020639,-6.064551,24.084082,85.552968,-4.164274,23.653417,87.305013,0.030000,
-6.066089,24.102125,85.552340,-9.798632,34.393101,110.025043,-6.067472,24.118356,85.551775,-4.164851,23.653726,87.304489,0.030000,
-6.066089,24.102125,85.552340,-9.799043,34.392335,110.029447,-6.064551,24.084082,85.552968,-4.165428,23.654035,87.303966,0.030000,
-6.066089,24.102125,85.552340,-9.799454,34.391570,110.033849,-6.067472,24.118356,85.551775,-4.166005,23.654344,87.303442,0.030000,
-6.066089,24.102125,85.552340,-9.799865,34.390805,110.038251,-6.064551,24.084082,85.552968,-4.166582,23.654652,87.302919,0.030000,
-6.066089,24.102125,85.552340,-9.800276,34.390040,110.042652,-6.067472,24.118356,85.551775,-4.167158,23.654960,87.302396,0.030000,
-6.066089,24.102125,85.552340,-9.800687,34.389274,110.047052,-6.064551,24.084082,85.552968,-4.167734,23.655269,87.301873,0.030000,
-6.066089,24.102125,85.552340,-9.801099,34.388509,110.051451,-6.067472,24.118356,85.551775,-4.168311,23.655576,87.301350,0.030000,
-6.066089,24.102125,85.552340,-9.801510,34.387744,110.055849,-6.064551,24.084082,85.552968,-4.168887,23.655884,87.300827,0.030000,
-6.066089,24.102125,85.552340,-9.801921,34.386980,110.060247,-6.067472,24.118356,85.551775,-4.169462,23.656192,87.300305,0.030000,
-6.066089,24.102125,85.552340,-9.802333,34.386215,110.064644,-6.064551,24.084082,85.552968,-4.170038,23.656499,87.299782,0.030000,
-6.066089,24.102125,85.552340,-9.802744,34.385450,110.069039,-6.067472,24.118356,85.551775,-4.170613,23.656806,87.299260,0.030000,
-6.066089,24.102125,85.552340,-9.803156,34.384686,110.073435,-6.064551,24.084082,85.552968,-4.171189,23.657113,87.298738,0.030000,
-6.066089,24.102125,85.552340,-9.803567,34.383921,110.077829,-6.067472,24.118356,85.551775,-4.171764,23.657419,87.298216,0.030000,
-6.066089,24.102125,85.552340,-9.803979,34.383157,110.082222,-6.064551,24.084082,85.552968,-4.172339,23.657726,87.297694,0.030000,
-6.066089,24.102125,85.552340,-9.804390,34.382392,110.086615,-6.067472,24.118356,85.551775,-4.172913,23.658032,87.297172,0.030000,
-6.066089,24.102125,85.552340,-9.804802,34.381628,110.091007,-6.064551,24.084082,85.552968,-4.173488,23.658338,87.296651,0.030000,
-6.066089,24.102125,85.552340,-9.805213,34.380864,110.095398,-6.067472,24.118356,85.551775,-4.174062,23.658644,87.296130,0.030000,
-6.066089,24.102125,85.552340,-9.805625,34.380100,110.099788,-6.064551,24.084082,85.552968,-4.174636,23.658950,87.295608,0.030000,
-6.066089,24.102125,85.552340,-9.806037,34.379336,110.104177,-6.067472,24.118356,85.551775,-4.175210,23.659255,87.295087,0.030000,
-6.066089,24.102125,85.552340,-9.806449,34.378572,110.108566,-6.064551,24.084082,85.552968,-4.175784,23.659561,87.294567,0.030000,
-6.066089,24.102125,85.552340,-9.806860,34.377808,110.112954,-6.067472,24.118356,85.551775,-4.176358,23.659866,87.294046,0.030000,
-6.066089,24.102125,85.552340,-9.807272,34.377045,110.117340,-6.064551,24.084082,85.552968,-4.176932,23.660171,87.293525,0.030000,
-6.066089,24.102125,85.552340,-9.807684,34.376281,110.121727,-6.067472,24.118356,85.551775,-4.177505,23.660475,87.293005,0.030000,
-6.066089,24.102125,85.552340,-9.808096,34.375518,110.126112,-6.064551,24.084082,85.552968,-4.178078,23.660780,87.292485,0.030000,
-6.066089,24.102125,85.552340,-9.808508,34.374754,110.130496,-6.067472,24.118356,85.551775,-4.178651,23.661084,87.291965,0.030000,
-6.066089,24.102125,85.552340,-9.808920,34.373991,110.134880,-6.064551,24.084082,85.552968,-4.179224,23.661388,87.291445,0.030000,
-6.066089,24.102125,85.552340,-9.809332,34.373228,110.139263,-6.067472,24.118356,85.551775,-4.179796,23.661692,87.290925,0.030000,
-6.066089,24.102125,85.552340,-9.809744,34.372465,110.143645,-6.064551,24.084082,85.552968,-4.180369,23.661996,87.290405,0.030000,
-6.066089,24.102125,85.552340,-9.810156,34.371702,110.148026,-6.067472,24.118356,85.551775,-4.180941,23.662300,87.289886,0.030000,
-6.066089,24.102125,85.552340,-9.810568,34.370939,110.152406,-6.064551,24.084082,85.552968,-4.181513,23.662603,87.289366,0.030000,
-6.066089,24.102125,85.552340,-9.810981,34.370176,110.156786,-6.067472,24.118356,85.551775,-4.182085,23.662906,87.288847,0.030000,
-6.066089,24.102125,85.552340,-9.811393,34.369413,110.161165,-6.064551,24.084082,85.552968,-4.182657,23.663209,87.288328,0.030000,
-6.066089,24.102125,85.552340,-9.811805,34.368650,110.165543,-6.067472,24.118356,85.551775,-4.183229,23.663512,87.287809,0.030000,
-6.066089,24.102125,85.552340,-9.812217,34.367888,110.169920,-6.064551,24.084082,85.552968,-4.183800,23.663814,87.287290,0.030000,
-6.066089,24.102125,85.552340,-9.812630,34.367125,110.174296,-6.067472,24.118356,85.551775,-4.184371,23.664117,87.286772,0.030000,
-6.066089,24.102125,85.552340,-9.813042,34.366363,110.178671,-6.064551,24.084082,85.552968,-4.184942,23.664419,87.286253,0.030000,
-6.066089,24.102125,85.552340,-9.813454,34.365601,110.183046,-6.067472,24.118356,85.551775,-4.185513,23.664721,87.285735,0.030000,
-6.066089,24.102125,85.552340,-9.813867,34.364839,110.187420,-6.064551,24.084082,85.552968,-4.186084,23.665023,87.285217,0.030000,
-6.066089,24.102125,85.552340,-9.814279,34.364076,110.191793,-6.067472,24.118356,85.551775,-4.186655,23.665324,87.284699,0.030000,
-6.066089,24.102125,85.552340,-9.814692,34.363314,110.196165,-6.064551,24.084082,85.552968,-4.187225,23.665626,87.284181,0.030000,
-6.066089,24.102125,85.552340,-9.815104,34.362552,110.200537,-6.067472,24.118356,85.551775,-4.187795,23.665927,87.283663,0.030000,
-6.066089,24.102125,85.552340,-9.815517,34.361791,110.204907,-6.064551,24.084082,85.552968,-4.188365,23.666228,87.283146,0.030000,
-6.066089,24.102125,85.552340,-9.815930,34.361029,110.209277,-6.067472,24.118356,85.551775,-4.188935,23.666529,87.282629,0.030000,
-6.066089,24.102125,85.552340,-9.816342,34.360267,110.213646,-6.064551,24.084082,85.552968,-4.189505,23.666830,87.282111,0.030000,
-6.066089,24.102125,85.552340,-9.816755,34.359506,110.218014,-6.067472,24.118356,85.551775,-4.190074,23.667130,87.281594,0.030000,
-6.066089,24.102125,85.552340,-9.817168,34.358744,110.222381,-6.064551,24.084082,85.552968,-4.190644,23.667430,87.281077,0.030000,
-6.066089,24.102125,85.552340,-9.817581,34.357983,110.226748,-6.067472,24.118356,85.551775,-4.191213,23.667731,87.280561,0.030000,
-6.066089,24.102125,85.552340,-9.817993,34.357222,110.231113,-6.064551,24.084082,85.552968,-4.191782,23.668030,87.280044,0.030000,
-6.066089,24.102125,85.552340,-9.818406,34.356460,110.235478,-6.067472,24.118356,85.551775,-4.192351,23.668330,87.279527,0.030000,
-6.066089,24.102125,85.552340,-9.818819,34.355699,110.239842,-6.064551,24.084082,85.552968,-4.192919,23.668630,87.279011,0.030000,
-6.066089,24.102125,85.552340,-9.819232,34.354938,110.244206,-6.067472,24.118356,85.551775,-4.193488,23.668929,87.278495,0.030000,
-6.066089,24.102125,85.552340,-9.819645,34.354177,110.248568,-6.064551,24.084082,85.552968,-4.194056,23.669228,87.277979,0.030000,
-6.066089,24.102125,85.552340,-9.820058,34.353417,110.252930,-6.067472,24.118356,85.551775,-4.194624,23.669527,87.277463,0.030000,
-6.066089,24.102125,85.552340,-9.820471,34.352656,110.257291,-6.064551,24.084082,85.552968,-4.195192,23.669826,87.276947,0.030000,
-6.066089,24.102125,85.552340,-9.820884,34.351895,110.261651,-6.067472,24.118356,85.551775,-4.195760,23.670124,87.276432,0.030000,
-6.066089,24.102125,85.552340,-9.821297,34.351135,110.266010,-6.064551,24.084082,85.552968,-4.196328,23.670423,87.275916,0.030000,
-6.066089,24.102125,85.552340,-9.821710,34.350374,110.270368,-6.067472,24.118356,85.551775,-4.196895,23.670721,87.275401,0.030000,
-6.066089,24.102125,85.552340,-9.822124,34.349614,110.274726,-6.064551,24.084082,85.552968,-4.197463,23.671019,87.274886,0.030000,
-6.066089,24.102125,85.552340,-9.822537,34.348854,110.279083,-6.067472,24.118356,85.551775,-4.198030,23.671317,87.274371,0.030000,
-6.066089,24.102125,85.552340,-9.822950,34.348094,110.283438,-6.064551,24.084082,85.552968,-4.198597,23.671614,87.273856,0.030000,
-6.066089,24.102125,85.552340,-9.823363,34.347333,110.287794,-6.067472,24.118356,85.551775,-4.199163,23.671912,87.273342,0.030000,
-6.066089,24.102125,85.552340,-9.823777,34.346573,110.292148,-6.064551,24.084082,85.552968,-4.199730,23.672209,87.272827,0.030000,
-6.066089,24.102125,85.552340,-9.824190,34.345814,110.296501,-6.067472,24.118356,85.551775,-4.200297,23.672506,87.272313,0.030000,
-6.066089,24.102125,85.552340,-9.824603,34.345054,110.300854,-6.064551,24.084082,85.552968,-4.200863,23.672803,87.271799,0.030000,
-6.066089,24.102125,85.552340,-9.825017,34.344294,110.305206,-6.067472,24.118356,85.551775,-4.201429,23.673099,87.271285,0.030000,
-6.066089,24.102125,85.552340,-9.825430,34.343535,110.309557,-6.064551,24.084082,85.552968,-4.201995,23.673396,87.270771,0.030000,
-6.066089,24.102125,85.552340,-9.825844,34.342775,110.313907,-6.067472,24.118356,85.551775,-4.202561,23.673692,87.270257,0.030000,
-6.066089,24.102125,85.552340,-9.826257,34.342016,110.318257,-6.064551,24.084082,85.552968,-4.203126,23.673988,87.269743,0.030000,
-6.066089,24.102125,85.552340,-9.826671,34.341256,110.322605,-6.067472,24.118356,85.551775,-4.203692,23.674284,87.269230,0.030000,
-6.066089,24.102125,85.552340,-9.827084,34.340497,110.326953,-6.064551,24.084082,85.552968,-4.204257,23.674580,87.268717,0.030000,
-6.066089,24.102125,85.552340,-9.827498,34.339738,110.331300,-6.067472,24.118356,85.551775,-4.204822,23.674875,87.268203,0.030000,
-6.066089,24.102125,85.552340,-9.827912,34.338979,110.335647,-6.064551,24.084082,85.552968,-4.205387,23.675170,87.267691,0.030000,
-6.066089,24.102125,85.552340,-9.828325,34.338220,110.339992,-6.067472,24.118356,85.551775,-4.205951,23.675466,87.267178,0.030000,
-6.066089,24.102125,85.552340,-9.828739,34.337461,110.344337,-6.064551,24.084082,85.552968,-4.206516,23.675761,87.266665,0.030000,
-6.066089,24.102125,85.552340,-9.829153,34.336702,110.348680,-6.067472,24.118356,85.551775,-4.207080,23.676055,87.266152,0.030000,
-6.066089,24.102125,85.552340,-9.829567,34.335944,110.353023,-6.064551,24.084082,85.552968,-4.207645,23.676350,87.265640,0.030000,
-6.066089,24.102125,85.552340,-9.829980,34.335185,110.357366,-6.067472,24.118356,85.551775,-4.208209,23.676644,87.265128,0.030000,
-6.066089,24.102125,85.552340,-9.830394,34.334427,110.361707,-6.064551,24.084082,85.552968,-4.208772,23.676938,87.264616,0.030000,
-6.066089,24.102125,85.552340,-9.830808,34.333668,110.366047,-6.067472,24.118356,85.551775,-4.209336,23.677232,87.264104,0.030000,
-6.066089,24.102125,85.552340,-9.831222,34.332910,110.370387,-6.064551,24.084082,85.552968,-4.209900,23.677526,87.263592,0.030000,
-6.066089,24.102125,85.552340,-9.831636,34.332152,110.374726,-6.067472,24.118356,85.551775,-4.210463,23.677820,87.263080,0.030000,
-6.066089,24.102125,85.552340,-9.832050,34.331394,110.379064,-6.064551,24.084082,85.552968,-4.211026,23.678113,87.262569,0.030000,
-6.066089,24.102125,85.552340,-9.832464,34.330636,110.383402,-6.067472,24.118356,85.551775,-4.211589,23.678407,87.262057,0.030000,
-6.066089,24.102125,85.552340,-9.832878,34.329878,110.387738,-6.064551,24.084082,85.552968,-4.212152,23.678700,87.261546,0.030000,
-6.066089,24.102125,85.552340,-9.833292,34.329120,110.392074,-6.067472,24.118356,85.551775,-4.212715,23.678992,87.261035,0.030000,
-6.066089,24.102125,85.552340,-9.833706,34.328362,110.396409,-6.064551,24.084082,85.552968,-4.213277,23.679285,87.260524,0.030000,
-6.066089,24.102125,85.552340,-9.834121,34.327605,110.400743,-6.067472,24.118356,85.551775,-4.213840,23.679578,87.260014,0.030000,
-6.066089,24.102125,85.552340,-9.834535,34.326847,110.405076,-6.064551,24.084082,85.552968,-4.214402,23.679870,87.259503,0.030000,
-6.066089,24.102125,85.552340,-9.834949,34.326090,110.409409,-6.067472,24.118356,85.551775,-4.214964,23.680162,87.258993,0.030000,
-6.066089,24.102125,85.552340,-9.835363,34.325332,110.413740,-6.064551,24.084082,85.552968,-4.215526,23.680454,87.258482,0.030000,
-6.066089,24.102125,85.552340,-9.835778,34.324575,110.418071,-6.067472,24.118356,85.551775,-4.216087,23.680746,87.257972,0.030000,
-6.066089,24.102125,85.552340,-9.836192,34.323818,110.422401,-6.064551,24.084082,85.552968,-4.216649,23.681037,87.257462,0.030000,
-6.066089,24.102125,85.552340,-9.836606,34.323061,110.426731,-6.067472,24.118356,85.551775,-4.217210,23.681329,87.256952,0.030000,
-6.066089,24.102125,85.552340,-9.837021,34.322304,110.431059,-6.064551,24.084082,85.552968,-4.217771,23.681620,87.256443,0.030000,
-6.066089,24.102125,85.552340,-9.837435,34.321547,110.435387,-6.067472,24.118356,85.551775,-4.218332,23.681911,87.255933,0.030000,
-6.066089,24.102125,85.552340,-9.837850,34.320790,110.439713,-6.064551,24.084082,85.552968,-4.218893,23.682202,87.255424,0.030000,
-6.066089,24.102125,85.552340,-9.838264,34.320034,110.444039,-6.067472,24.118356,85.551775,-4.219454,23.682492,87.254914,0.030000,
-6.066089,24.102125,85.552340,-9.838679,34.319277,110.448365,-6.064551,24.084082,85.552968,-4.220014,23.682783,87.254405,0.030000,
-6.066089,24.102125,85.552340,-9.839093,34.318521,110.452689,-6.067472,24.118356,85.551775,-4.220574,23.683073,87.253896,0.030000,
-6.066089,24.102125,85.552340,-9.839508,34.317764,110.457013,-6.064551,24.084082,85.552968,-4.221134,23.683363,87.253388,0.030000,
-6.066089,24.102125,85.552340,-9.839922,34.317008,110.461336,-6.067472,24.118356,85.551775,-4.221694,23.683653,87.252879,0.030000,
-6.066089,24.102125,85.552340,-9.840337,34.316252,110.465658,-6.064551,24.084082,85.552968,-4.222254,23.683943,87.252370,0.030000,
-6.066089,24.102125,85.552340,-9.840752,34.315496,110.469979,-6.067472,24.118356,85.551775,-4.222814,23.684232,87.251862,0.030000,
-6.066089,24.102125,85.552340,-9.841166,34.314740,110.474299,-6.064551,24.084082,85.552968,-4.223373,23.684522,87.251354,0.030000,
-6.066089,24.102125,85.552340,-9.841581,34.313984,110.478619,-6.067472,24.118356,85.551775,-4.223932,23.684811,87.250846,0.030000,
-6.066089,24.102125,85.552340,-9.841996,34.313228,110.482938,-6.064551,24.084082,85.552968,-4.224492,23.685100,87.250338,0.030000,
-6.066089,24.102125,85.552340,-9.842411,34.312472,110.487256,-6.067472,24.118356,85.551775,-4.225050,23.685388,87.249830,0.030000,
-6.066089,24.102125,85.552340,-9.842826,34.311717,110.491573,-6.064551,24.084082,85.552968,-4.225609,23.685677,87.249323,0.030000,
-6.066089,24.102125,85.552340,-9.843240,34.310961,110.495889,-6.067472,24.118356,85.551775,-4.226168,23.685965,87.248815,0.030000,
-6.066089,24.102125,85.552340,-9.843655,34.310206,110.500205,-6.064551,24.084082,85.552968,-4.226726,23.686254,87.248308,0.030000,
-6.066089,24.102125,85.552340,-9.844070,34.309450,110.504520,-6.067472,24.118356,85.551775,-4.227285,23.686542,87.247801,0.030000,
-6.066089,24.102125,85.552340,-9.844485,34.308695,110.508833,-6.064551,24.084082,85.552968,-4.227843,23.686830,87.247294,0.030000,
-6.066089,24.102125,85.552340,-9.844900,34.307940,110.513147,-6.067472,24.118356,85.551775,-4.228401,23.687117,87.246787,0.030000,
-6.066089,24.102125,85.552340,-9.845315,34.307185,110.517459,-6.064551,24.084082,85.552968,-4.228958,23.687405,87.246280,0.030000,
-6.066089,24.102125,85.552340,-9.845730,34.306430,110.521771,-6.067472,24.118356,85.551775,-4.229516,23.687692,87.245774,0.030000,
-6.066089,24.102125,85.552340,-9.846145,34.305675,110.526081,-6.064551,24.084082,85.552968,-4.230073,23.687979,87.245267,0.030000,
-6.066089,24.102125,85.552340,-9.846561,34.304920,110.530391,-6.067472,24.118356,85.551775,-4.230631,23.688266,87.244761,0.030000,
-6.066089,24.102125,85.552340,-9.846976,34.304166,110.534700,-6.064551,24.084082,85.552968,-4.231188,23.688553,87.244255,0.030000,
-6.066089,24.102125,85.552340,-9.847391,34.303411,110.539009,-6.067472,24.118356,85.551775,-4.231744,23.688839,87.243749,0.030000,
-6.066089,24.102125,85.552340,-9.847806,34.302657,110.543316,-6.064551,24.084082,85.552968,-4.232301,23.689126,87.243243,0.030000,
-6.066089,24.102125,85.552340,-9.848221,34.301902,110.547623,-6.067472,24.118356,85.551775,-4.232858,23.689412,87.242737,0.030000,
-6.066089,24.102125,85.552340,-9.848637,34.301148,110.551929,-6.064551,24.084082,85.552968,-4.233414,23.689698,87.242232,0.030000,
-6.066089,24.102125,85.552340,-9.849052,34.300394,110.556234,-6.067472,24.118356,85.551775,-4.233970,23.689984,87.241726,0.030000,
-6.066089,24.102125,85.552340,-9.849467,34.299640,110.560539,-6.064551,24.084082,85.552968,-4.234526,23.690269,87.241221,0.030000,
-6.066089,24.102125,85.552340,-9.849883,34.298886,110.564842,-6.067472,24.118356,85.551775,-4.235082,23.690555,87.240716,0.030000,
-6.066089,24.102125,85.552340,-9.850298,34.298132,110.569145,-6.064551,24.084082,85.552968,-4.235638,23.690840,87.240211,0.030000,
-6.066089,24.102125,85.552340,-9.850713,34.297378,110.573447,-6.067472,24.118356,85.551775,-4.236194,23.691125,87.239706,0.030000,
-6.066089,24.102125,85.552340,-9.851129,34.296625,110.577748,-6.064551,24.084082,85.552968,-4.236749,23.691410,87.239202,0.030000,
-6.066089,24.102125,85.552340,-9.851544,34.295871,110.582048,-6.067472,24.118356,85.551775,-4.237304,23.691695,87.238697,0.030000,
-6.066089,24.102125,85.552340,-9.851960,34.295118,110.586348,-6.064551,24.084082,85.552968,-4.237859,23.691980,87.238193,0.030000,
-6.066089,24.102125,85.552340,-9.852375,34.294364,110.590647,-6.067472,24.118356,85.551775,-4.238414,23.692264,87.237689,0.030000,
-6.066089,24.102125,85.552340,-9.852791,34.293611,110.594945,-6.064551,24.084082,85.552968,-4.238969,23.692548,87.237185,0.030000,
-6.066089,24.102125,85.552340,-9.853207,34.292858,110.599242,-6.067472,24.118356,85.551775,-4.239523,23.692832,87.236681,0.030000,
-6.066089,24.102125,85.552340,-9.853622,34.292105,110.603538,-6.064551,24.084082,85.552968,-4.240078,23.693116,87.236177,0.030000,
-6.066089,24.102125,85.552340,-9.854038,34.291352,110.607834,-6.067472,24.118356,85.551775,-4.240632,23.693400,87.235674,0.030000,
-6.066089,24.102125,85.552340,-9.854454,34.290599,110.612128,-6.064551,24.084082,85.552968,-4.241186,23.693683,87.235170,0.030000,
-6.066089,24.102125,85.552340,-9.854869,34.289846,110.616422,-6.067472,24.118356,85.551775,-4.241740,23.693966,87.234667,0.030000,
-6.066089,24.102125,85.552340,-9.855285,34.289093,110.620716,-6.064551,24.084082,85.552968,-4.242294,23.694249,87.234164,0.030000,
-6.066089,24.102125,85.552340,-9.855701,34.288340,110.625008,-6.067472,24.118356,85.551775,-4.242847,23.694532,87.233661,0.030000,
-6.066089,24.102125,85.552340,-9.856117,34.287588,110.629299,-6.064551,24.084082,85.552968,-4.243401,23.694815,87.233158,0.030000,
-6.066089,24.102125,85.552340,-9.856533,34.286836,110.633590,-6.067472,24.118356,85.551775,-4.243954,23.695098,87.232655,0.030000,
-6.066089,24.102125,85.552340,-9.856948,34.286083,110.637880,-6.064551,24.084082,85.552968,-4.244507,23.695380,87.232153,0.030000,
-6.066089,24.102125,85.552340,-9.857364,34.285331,110.642169,-6.067472,24.118356,85.551775,-4.245060,23.695662,87.231650,0.030000,
-6.066089,24.102125,85.552340,-9.857780,34.284579,110.646458,-6.064551,24.084082,85.552968,-4.245612,23.695944,87.231148,0.030000,
-6.066089,24.102125,85.552340,-9.858196,34.283827,110.650745,-6.067472,24.118356,85.551775,-4.246165,23.696226,87.230646,0.030000,
-6.066089,24.102125,85.552340,-9.858612,34.283075,110.655032,-6.064551,24.084082,85.552968,-4.246717,23.696508,87.230144,0.030000,
-6.066089,24.102125,85.552340,-9.859028,34.282323,110.659318,-6.067472,24.118356,85.551775,-4.247269,23.696789,87.229642,0.030000,
-6.066089,24.102125,85.552340,-9.859444,34.281571,110.663603,-6.064551,24.084082,85.552968,-4.247822,23.697070,87.229140,0.030000,
-6.066089,24.102125,85.552340,-9.859860,34.280820,110.667888,-6.067472,24.118356,85.551775,-4.248373,23.697352,87.228639,0.030000,
-6.066089,24.102125,85.552340,-9.860276,34.280068,110.672171,-6.064551,24.084082,85.552968,-4.248925,23.697632,87.228137,0.030000,
-6.066089,24.102125,85.552340,-9.860693,34.279317,110.676454,-6.067472,24.118356,85.551775,-4.249477,23.697913,87.227636,0.030000,
-6.066089,24.102125,85.552340,-9.861109,34.278565,110.680736,-6.064551,24.084082,85.552968,-4.250028,23.698194,87.227135,0.030000,
-6.066089,24.102125,85.552340,-9.861525,34.277814,110.685017,-6.067472,24.118356,85.551775,-4.250579,23.698474,87.226634,0.030000,
-6.066089,24.102125,85.552340,-9.861941,34.277063,110.689297,-6.064551,24.084082,85.552968,-4.251130,23.698754,87.226133,0.030000,
-6.066089,24.102125,85.552340,-9.862357,34.276312,110.693577,-6.067472,24.118356,85.551775,-4.251681,23.699034,87.225633,0.030000,
-6.066089,24.102125,85.552340,-9.862774,34.275561,110.697856,-6.064551,24.084082,85.552968,-4.252232,23.699314,87.225132,0.030000,
-6.066089,24.102125,85.552340,-9.863190,34.274810,110.702134,-6.067472,24.118356,85.551775,-4.252782,23.699594,87.224632,0.030000,
-6.066089,24.102125,85.552340,-9.863606,34.274059,110.706411,-6.064551,24.084082,85.552968,-4.253333,23.699873,87.224132,0.030000,
-6.066089,24.102125,85.552340,-9.864023,34.273309,110.710688,-6.067472,24.118356,85.551775,-4.253883,23.700153,87.223632,0.030000,
-6.066089,24.102125,85.552340,-9.864439,34.272558,110.714963,-6.064551,24.084082,85.552968,-4.254433,23.700432,87.223132,0.030000,
-6.066089,24.102125,85.552340,-9.864855,34.271808,110.719238,-6.067472,24.118356,85.551775,-4.254983,23.700711,87.222632,0.030000,
-6.066089,24.102125,85.552340,-9.865272,34.271057,110.723512,-6.064551,24.084082,85.552968,-4.255532,23.700990,87.222132,0.030000,
-6.066089,24.102125,85.552340,-9.865688,34.270307,110.727785,-6.067472,24.118356,85.551775,-4.256082,23.701268,87.221633,0.030000,
-6.066089,24.102125,85.552340,-9.866105,34.269557,110.732058,-6.064551,24.084082,85.552968,-4.256631,23.701547,87.221133,0.030000,
-6.066089,24.102125,85.552340,-9.866521,34.268807,110.736329,-6.067472,24.118356,85.551775,-4.257180,23.701825,87.220634,0.030000,
-6.066089,24.102125,85.552340,-9.866938,34.268057,110.740600,-6.064551,24.084082,85.552968,-4.257730,23.702103,87.220135,0.030000,
-6.066089,24.102125,85.552340,-9.867354,34.267307,110.744870,-6.067472,24.118356,85.551775,-4.258278,23.702381,87.219636,0.030000,
-6.066089,24.102125,85.552340,-9.867771,34.266557,110.749140,-6.064551,24.084082,85.552968,-4.258827,23.702659,87.219138,0.030000,
-6.066089,24.102125,85.552340,-9.868187,34.265807,110.753408,-6.067472,24.118356,85.551775,-4.259376,23.702936,87.218639,0.030000,
-6.066089,24.102125,85.552340,-9.868604,34.265058,110.757676,-6.064551,24.084082,85.552968,-4.259924,23.703213,87.218141,0.030000,
-6.066089,24.102125,85.552340,-9.869021,34.264308,110.761943,-6.067472,24.118356,85.551775,-4.260472,23.703491,87.217642,0.030000,
-6.066089,24.102125,85.552340,-9.869438,34.263559,110.766209,-6.064551,24.084082,85.552968,-4.261020,23.703768,87.217144,0.030000,
-6.066089,24.102125,85.552340,-9.869854,34.262810,110.770474,-6.067472,24.118356,85.551775,-4.261568,23.704044,87.216646,0.030000,
-6.066089,24.102125,85.552340,-9.870271,34.262061,110.774738,-6.064551,24.084082,85.552968,-4.262116,23.704321,87.216148,0.030000,
-6.066089,24.102125,85.552340,-9.870688,34.261311,110.779002,-6.067472,24.118356,85.551775,-4.262663,23.704597,87.215651,0.030000,
-6.066089,24.102125,85.552340,-9.871105,34.260563,110.783265,-6.064551,24.084082,85.552968,-4.263211,23.704874,87.215153,0.030000,
-6.066089,24.102125,85.552340,-9.871521,34.259814,110.787527,-6.067472,24.118356,85.551775,-4.263758,23.705150,87.214656,0.030000,
-6.066089,24.102125,85.552340,-9.871938,34.259065,110.791789,-6.064551,24.084082,85.552968,-4.264305,23.705426,87.214158,0.030000,
-6.066089,24.102125,85.552340,-9.872355,34.258316,110.796049,-6.067472,24.118356,85.551775,-4.264852,23.705702,87.213661,0.030000,
-6.066089,24.102125,85.552340,-9.872772,34.257568,110.800309,-6.064551,24.084082,85.552968,-4.265398,23.705977,87.213164,0.030000,
-6.066089,24.102125,85.552340,-9.873189,34.256819,110.804568,-6.067472,24.118356,85.551775,-4.265945,23.706253,87.212667,0.030000,
-6.066089,24.102125,85.552340,-9.873606,34.256071,110.808826,-6.064551,24.084082,85.552968,-4.266491,23.706528,87.212171,0.030000,
-6.066089,24.102125,85.552340,-9.874023,34.255322,110.813083,-6.067472,24.118356,85.551775,-4.267038,23.706803,87.211674,0.030000,
-6.066089,24.102125,85.552340,-9.874440,34.254574,110.817340,-6.064551,24.084082,85.552968,-4.267584,23.707078,87.211178,0.030000,
-6.066089,24.102125,85.552340,-9.874857,34.253826,110.821596,-6.067472,24.118356,85.551775,-4.268129,23.707352,87.210681,0.030000,
-6.066089,24.102125,85.552340,-9.875274,34.253078,110.825851,-6.064551,24.084082,85.552968,-4.268675,23.707627,87.210185,0.030000,
-6.066089,24.102125,85.552340,-9.875691,34.252330,110.830105,-6.067472,24.118356,85.551775,-4.269221,23.707901,87.209689,0.030000,
-6.066089,24.102125,85.552340,-9.876108,34.251582,110.834358,-6.064551,24.084082,85.552968,-4.269766,23.708175,87.209194,0.030000,
-6.066089,24.102125,85.552340,-9.876525,34.250835,110.838611,-6.067472,24.118356,85.551775,-4.270311,23.708449,87.208698,0.030000,
-6.066089,24.102125,85.552340,-9.876943,34.250087,110.842863,-6.064551,24.084082,85.552968,-4.270856,23.708723,87.208202,0.030000,
-6.066089,24.102125,85.552340,-9.877360,34.249340,110.847114,-6.067472,24.118356,85.551775,-4.271401,23.708997,87.207707,0.030000,
-6.066089,24.102125,85.552340,-9.877777,34.248592,110.851364,-6.064551,24.084082,85.552968,-4.271946,23.709270,87.207212,0.030000,
-6.066089,24.102125,85.552340,-9.878194,34.247845,110.855614,-6.067472,24.118356,85.551775,-4.272491,23.709544,87.206717,0.030000,
-6.066089,24.102125,85.552340,-9.878611,34.247098,110.859862,-6.064551,24.084082,85.552968,-4.273035,23.709817,87.206222,0.030000,
-6.066089,24.102125,85.552340,-9.879029,34.246351,110.864110,-6.067472,24.118356,85.551775,-4.273579,23.710090,87.205727,0.030000,
-6.066089,24.102125,85.552340,-9.879446,34.245604,110.868357,-6.064551,24.084082,85.552968,-4.274123,23.710362,87.205232,0.030000,
-6.066089,24.102125,85.552340,-9.879863,34.244857,110.872604,-6.067472,24.118356,85.551775,-4.274667,23.710635,87.204738,0.030000,
-6.066089,24.102125,85.552340,-9.880281,34.244110,110.876849,-6.064551,24.084082,85.552968,-4.275211,23.710907,87.204244,0.030000,
-6.066089,24.102125,85.552340,-9.880698,34.243363,110.881094,-6.067472,24.118356,85.551775,-4.275754,23.711180,87.203749,0.030000,
-6.066089,24.102125,85.552340,-9.881116,34.242617,110.885338,-6.064551,24.084082,85.552968,-4.276298,23.711452,87.203255,0.030000,
-6.066089,24.102125,85.552340,-9.881533,34.241870,110.889581,-6.067472,24.118356,85.551775,-4.276841,23.711724,87.202761,0.030000,
-6.066089,24.102125,85.552340,-9.881951,34.241124,110.893823,-6.064551,24.084082,85.552968,-4.277384,23.711995,87.202268,0.030000,
-6.066089,24.102125,85.552340,-9.882368,34.240377,110.898065,-6.067472,24.118356,85.551775,-4.277927,23.712267,87.201774,0.030000,
-6.066089,24.102125,85.552340,-9.882786,34.239631,110.902306,-6.064551,24.084082,85.552968,-4.278470,23.712538,87.201280,0.030000,
-6.066089,24.102125,85.552340,-9.883203,34.238885,110.906546,-6.067472,24.118356,85.551775,-4.279012,23.712809,87.200787,0.030000,
-6.066089,24.102125,85.552340,-9.883621,34.238139,110.910785,-6.064551,24.084082,85.552968,-4.279555,23.713080,87.200294,0.030000,
-6.066089,24.102125,85.552340,-9.884038,34.237393,110.915023,-6.067472,24.118356,85.551775,-4.280097,23.713351,87.199801,0.030000,
-6.066089,24.102125,85.552340,-9.884456,34.236647,110.919261,-6.064551,24.084082,85.552968,-4.280639,23.713622,87.199308,0.030000,
-6.066089,24.102125,85.552340,-9.884873,34.235902,110.923498,-6.067472,24.118356,85.551775,-4.281181,23.713892,87.198815,0.030000,
-6.066089,24.102125,85.552340,-9.885291,34.235156,110.927734,-6.064551,24.084082,85.552968,-4.281723,23.714163,87.198323,0.030000,
-6.066089,24.102125,85.552340,-9.885709,34.234411,110.931969,-6.067472,24.118356,85.551775,-4.282264,23.714433,87.197830,0.030000,
-6.066089,24.102125,85.552340,-9.886127,34.233665,110.936204,-6.064551,24.084082,85.552968,-4.282806,23.714703,87.197338,0.030000,
-6.066089,24.102125,85.552340,-9.886544,34.232920,110.940437,-6.067472,24.118356,85.551775,-4.283347,23.714973,87.196846,0.030000,
-6.066089,24.102125,85.552340,-9.886962,34.232175,110.944670,-6.064551,24.084082,85.552968,-4.283888,23.715242,87.196354,0.030000,
-6.066089,24.102125,85.552340,-9.887380,34.231430,110.948902,-6.067472,24.118356,85.551775,-4.284429,23.715512,87.195862,0.030000,
-6.066089,24.102125,85.552340,-9.887798,34.230685,110.953134,-6.064551,24.084082,85.552968,-4.284970,23.715781,87.195370,0.030000,
-6.066089,24.102125,85.552340,-9.888215,34.229940,110.957364,-6.067472,24.118356,85.551775,-4.285510,23.716050,87.194878,0.030000,
-6.066089,24.102125,85.552340,-9.888633,34.229195,110.961594,-6.064551,24.084082,85.552968,-4.286051,23.716319,87.194387,0.030000,
-6.066089,24.102125,85.552340,-9.889051,34.228450,110.965823,-6.067472,24.118356,85.551775,-4.286591,23.716588,87.193896,0.030000,
-6.066089,24.102125,85.552340,-9.889469,34.227706,110.970051,-6.064551,24.084082,85.552968,-4.287131,23.716857,87.193404,0.030000,
-6.066089,24.102125,85.552340,-9.889887,34.226961,110.974278,-6.067472,24.118356,85.551775,-4.287671,23.717125,87.192913,0.030000,
-6.066089,24.102125,85.552340,-9.890305,34.226217,110.978505,-6.064551,24.084082,85.552968,-4.288211,23.717393,87.192422,0.030000,
-6.066089,24.102125,85.552340,-9.890723,34.225473,110.982731,-6.067472,24.118356,85.551775,-4.288750,23.717661,87.191932,0.030000,
-6.066089,24.102125,85.552340,-9.891141,34.224728,110.986956,-6.064551,24.084082,85.552968,-4.289290,23.717929,87.191441,0.030000,
-6.066089,24.102125,85.552340,-9.891559,34.223984,110.991180,-6.067472,24.118356,85.551775,-4.289829,23.718197,87.190951,0.030000,
-6.066089,24.102125,85.552340,-9.891977,34.223240,110.995404,-6.064551,24.084082,85.552968,-4.290368,23.718464,87.190460,0.030000,
-6.066089,24.102125,85.552340,-9.892395,34.222496,110.999626,-6.067472,24.118356,85.551775,-4.290907,23.718732,87.189970,0.030000,
-6.066089,24.102125,85.552340,-9.892813,34.221753,111.003848,-6.064551,24.084082,85.552968,-4.291446,23.718999,87.189480,0.030000,
-6.066089,24.102125,85.552340,-9.893231,34.221009,111.008069,-6.067472,24.118356,85.551775,-4.291985,23.719266,87.188990,0.030000,
-6.066089,24.102125,85.552340,-9.893649,34.220265,111.012290,-6.064551,24.084082,85.552968,-4.292523,23.719533,87.188501,0.030000,
-6.066089,24.102125,85.552340,-9.894067,34.219522,111.016509,-6.067472,24.118356,85.551775,-4.293062,23.719800,87.188011,0.030000,
-6.066089,24.102125,85.552340,-9.894486,34.218778,111.020728,-6.064551,24.084082,85.552968,-4.293600,23.720066,87.187522,0.030000,
-6.066089,24.102125,85.552340,-9.894904,34.218035,111.024946,-6.067472,24.118356,85.551775,-4.294138,23.720333,87.187032,0.030000,
-6.066089,24.102125,85.552340,-9.895322,34.217292,111.029163,-6.064551,24.084082,85.552968,-4.294676,23.720599,87.186543,0.030000,
-6.066089,24.102125,85.552340,-9.895740,34.216549,111.033380,-6.067472,24.118356,85.551775,-4.295213,23.720865,87.186054,0.030000,
-6.066089,24.102125,85.552340,-9.896158,34.215806,111.037595,-6.064551,24.084082,85.552968,-4.295751,23.721131,87.185565,0.030000,
-6.066089,24.102125,85.552340,-9.896577,34.215063,111.041810,-6.067472,24.118356,85.551775,-4.296288,23.721396,87.185077,0.030000,
-6.066089,24.102125,85.552340,-9.896995,34.214320,111.046024,-6.064551,24.084082,85.552968,-4.296825,23.721662,87.184588,0.030000,
-6.066089,24.102125,85.552340,-9.897413,34.213578,111.050238,-6.067472,24.118356,85.551775,-4.297362,23.721927,87.184100,0.030000,
-6.066089,24.102125,85.552340,-9.897832,34.212835,111.054450,-6.064551,24.084082,85.552968,-4.297899,23.722192,87.183611,0.030000,
-6.066089,24.102125,85.552340,-9.898250,34.212093,111.058662,-6.067472,24.118356,85.551775,-4.298436,23.722457,87.183123,0.030000,
-6.066089,24.102125,85.552340,-9.898668,34.211350,111.062873,-6.064551,24.084082,85.552968,-4.298972,23.722722,87.182635,0.030000,
-6.066089,24.102125,85.552340,-9.899087,34.210608,111.067083,-6.067472,24.118356,85.551775,-4.299509,23.722987,87.182147,0.030000,
-6.066089,24.102125,85.552340,-9.899505,34.209866,111.071292,-6.064551,24.084082,85.552968,-4.300045,23.723251,87.181660,0.030000,
-6.066089,24.102125,85.552340,-9.899924,34.209124,111.075501,-6.067472,24.118356,85.551775,-4.300581,23.723516,87.181172,0.030000,
-6.066089,24.102125,85.552340,-9.900342,34.208382,111.079709,-6.064551,24.084082,85.552968,-4.301117,23.723780,87.180685,0.030000,
-6.066089,24.102125,85.552340,-9.900761,34.207640,111.083916,-6.067472,24.118356,85.551775,-4.301652,23.724044,87.180197,0.030000,
-6.066089,24.102125,85.552340,-9.901179,34.206898,111.088122,-6.064551,24.084082,85.552968,-4.302188,23.724308,87.179710,0.030000,
-6.066089,24.102125,85.552340,-9.901598,34.206156,111.092328,-6.067472,24.118356,85.551775,-4.302723,23.724571,87.179223,0.030000,
-6.066089,24.102125,85.552340,-9.902016,34.205415,111.096532,-6.064551,24.084082,85.552968,-4.303259,23.724835,87.178736,0.030000,
-6.066089,24.102125,85.552340,-9.902435,34.204673,111.100736,-6.067472,24.118356,85.551775,-4.303794,23.725098,87.178250,0.030000,
-6.066089,24.102125,85.552340,-9.902854,34.203932,111.104939,-6.064551,24.084082,85.552968,-4.304328,23.725361,87.177763,0.030000,
-6.066089,24.102125,85.552340,-9.903272,34.203191,111.109142,-6.067472,24.118356,85.551775,-4.304863,23.725624,87.177277,0.030000,
-6.066089,24.102125,85.552340,-9.903691,34.202450,111.113343,-6.064551,24.084082,85.552968,-4.305398,23.725887,87.176790,0.030000,
-6.066089,24.102125,85.552340,-9.904109,34.201709,111.117544,-6.067472,24.118356,85.551775,-4.305932,23.726150,87.176304,0.030000,
-6.066089,24.102125,85.552340,-9.904528,34.200968,111.121744,-6.064551,24.084082,85.552968,-4.306466,23.726412,87.175818,0.030000,
-6.066089,24.102125,85.552340,-9.904947,34.200227,111.125943,-6.067472,24.118356,85.551775,-4.307001,23.726674,87.175332,0.030000,
-6.066089,24.102125,85.552340,-9.905366,34.199486,111.130142,-6.064551,24.084082,85.552968,-4.307534,23.726936,87.174847,0.030000,
-6.066089,24.102125,85.552340,-9.905784,34.198745,111.134339,-6.067472,24.118356,85.551775,-4.308068,23.727198,87.174361,0.030000,
-6.066089,24.102125,85.552340,-9.906203,34.198005,111.138536,-6.064551,24.084082,85.552968,-4.308602,23.727460,87.173876,0.030000,
-6.066089,24.102125,85.552340,-9.906622,34.197264,111.142732,-6.067472,24.118356,85.551775,-4.309135,23.727722,87.173390,0.030000,
-6.066089,24.102125,85.552340,-9.907041,34.196524,111.146928,-6.064551,24.084082,85.552968,-4.309668,23.727983,87.172905,0.030000,
-6.066089,24.102125,85.552340,-9.907460,34.195784,111.151122,-6.067472,24.118356,85.551775,-4.310202,23.728244,87.172420,0.030000,
-6.066089,24.102125,85.552340,-9.907878,34.195044,111.155316,-6.064551,24.084082,85.552968,-4.310735,23.728506,87.171935,0.030000,
-6.066089,24.102125,85.552340,-9.908297,34.194304,111.159509,-6.067472,24.118356,85.551775,-4.311267,23.728767,87.171451,0.030000,
-6.066089,24.102125,85.552340,-9.908716,34.193564,111.163701,-6.064551,24.084082,85.552968,-4.311800,23.729027,87.170966,0.030000,
-6.066089,24.102125,85.552340,-9.909135,34.192824,111.167893,-6.067472,24.118356,85.551775,-4.312332,23.729288,87.170482,0.030000,
-6.066089,24.102125,85.552340,-9.909554,34.192084,111.172083,-6.064551,24.084082,85.552968,-4.312865,23.729548,87.169997,0.030000,
-6.066089,24.102125,85.552340,-9.909973,34.191345,111.176273,-6.067472,24.118356,85.551775,-4.313397,23.729809,87.169513,0.030000,
-6.066089,24.102125,85.552340,-9.910392,34.190605,111.180462,-6.064551,24.084082,85.552968,-4.313929,23.730069,87.169029,0.030000,
-6.066089,24.102125,85.552340,-9.910811,34.189866,111.184650,-6.067472,24.118356,85.551775,-4.314461,23.730329,87.168545,0.030000,
-6.066089,24.102125,85.552340,-9.911230,34.189126,111.188838,-6.064551,24.084082,85.552968,-4.314992,23.730588,87.168062,0.030000,
-6.066089,24.102125,85.552340,-9.911649,34.188387,111.193025,-6.067472,24.118356,85.551775,-4.315524,23.730848,87.167578,0.030000,
-6.066089,24.102125,85.552340,-9.912068,34.187648,111.197211,-6.064551,24.084082,85.552968,-4.316055,23.731107,87.167095,0.030000,
-6.066089,24.102125,85.552340,-9.912487,34.186909,111.201396,-6.067472,24.118356,85.551775,-4.316586,23.731367,87.166611,0.030000,
-6.066089,24.102125,85.552340,-9.912906,34.186170,111.205580,-6.064551,24.084082,85.552968,-4.317117,23.731626,87.166128,0.030000,
-6.066089,24.102125,85.552340,-9.913325,34.185431,111.209764,-6.067472,24.118356,85.551775,-4.317648,23.731885,87.165645,0.030000,
-6.066089,24.102125,85.552340,-9.913744,34.184693,111.213947,-6.064551,24.084082,85.552968,-4.318179,23.732144,87.165162,0.030000,
-6.066089,24.102125,85.552340,-9.914164,34.183954,111.218129,-6.067472,24.118356,85.551775,-4.318709,23.732402,87.164680,0.030000,
-6.066089,24.102125,85.552340,-9.914583,34.183215,111.222310,-6.064551,24.084082,85.552968,-4.319240,23.732661,87.164197,0.030000,
-6.066089,24.102125,85.552340,-9.915002,34.182477,111.226491,-6.067472,24.118356,85.551775,-4.319770,23.732919,87.163715,0.030000,
-6.066089,24.102125,85.552340,-9.915421,34.181739,111.230671,-6.064551,24.084082,85.552968,-4.320300,23.733177,87.163232,0.030000,
-6.066089,24.102125,85.552340,-9.915840,34.181001,111.234850,-6.067472,24.118356,85.551775,-4.320830,23.733435,87.162750,0.030000,
-6.066089,24.102125,85.552340,-9.916260,34.180262,111.239028,-6.064551,24.084082,85.552968,-4.321360,23.733693,87.162268,0.030000,
-6.066089,24.102125,85.552340,-9.916679,34.179524,111.243205,-6.067472,24.118356,85.551775,-4.321889,23.733950,87.161786,0.030000,
-6.066089,24.102125,85.552340,-9.917098,34.178787,111.247382,-6.064551,24.084082,85.552968,-4.322419,23.734208,87.161305,0.030000,
-6.066089,24.102125,85.552340,-9.917518,34.178049,111.251558,-6.067472,24.118356,85.551775,-4.322948,23.734465,87.160823,0.030000,
-6.066089,24.102125,85.552340,-9.917937,34.177311,111.255733,-6.064551,24.084082,85.552968,-4.323477,23.734722,87.160342,0.030000,
-6.066089,24.102125,85.552340,-9.918356,34.176574,111.259907,-6.067472,24.118356,85.551775,-4.324006,23.734979,87.159860,0.030000,
-6.066089,24.102125,85.552340,-9.918776,34.175836,111.264081,-6.064551,24.084082,85.552968,-4.324535,23.735236,87.159379,0.030000,
-6.066089,24.102125,85.552340,-9.919195,34.175099,111.268254,-6.067472,24.118356,85.551775,-4.325063,23.735493,87.158898,0.030000,
-6.066089,24.102125,85.552340,-9.919614,34.174361,111.272426,-6.064551,24.084082,85.552968,-4.325592,23.735749,87.158417,0.030000,
-6.066089,24.102125,85.552340,-9.920034,34.173624,111.276597,-6.067472,24.118356,85.551775,-4.326120,23.736005,87.157937,0.030000,
-6.066089,24.102125,85.552340,-9.920453,34.172887,111.280767,-6.064551,24.084082,85.552968,-4.326648,23.736261,87.157456,0.030000,
-6.066089,24.102125,85.552340,-9.920873,34.172150,111.284937,-6.067472,24.118356,85.551775,-4.327176,23.736517,87.156976,0.030000,
-6.066089,24.102125,85.552340,-9.921292,34.171413,111.289106,-6.064551,24.084082,85.552968,-4.327704,23.736773,87.156495,0.030000,
-6.066089,24.102125,85.552340,-9.921712,34.170677,111.293274,-6.067472,24.118356,85.551775,-4.328231,23.737029,87.156015,0.030000,
-6.066089,24.102125,85.552340,-9.922131,34.169940,111.297441,-6.064551,24.084082,85.552968,-4.328759,23.737284,87.155535,0.030000,
-6.066089,24.102125,85.552340,-9.922551,34.169203,111.301608,-6.067472,24.118356,85.551775,-4.329286,23.737540,87.155055,0.030000,
-6.066089,24.102125,85.552340,-9.922970,34.168467,111.305774,-6.064551,24.084082,85.552968,-4.329813,23.737795,87.154576,0.030000,
-6.066089,24.102125,85.552340,-9.923390,34.167731,111.309939,-6.067472,24.118356,85.551775,-4.330340,23.738050,87.154096,0.030000,
-6.066089,24.102125,85.552340,-9.923809,34.166994,111.314103,-6.064551,24.084082,85.552968,-4.330867,23.738304,87.153617,0.030000,
-6.066089,24.102125,85.552340,-9.924229,34.166258,111.318267,-6.067472,24.118356,85.551775,-4.331394,23.738559,87.153137,0.030000,
-6.066089,24.102125,85.552340,-9.924649,34.165522,111.322429,-6.064551,24.084082,85.552968,-4.331920,23.738814,87.152658,0.030000,
-6.066089,24.102125,85.552340,-9.925068,34.164786,111.326591,-6.067472,24.118356,85.551775,-4.332447,23.739068,87.152179,0.030000,
-6.066089,24.102125,85.552340,-9.925488,34.164050,111.330752,-6.064551,24.084082,85.552968,-4.332973,23.739322,87.151700,0.030000,
-6.066089,24.102125,85.552340,-9.925907,34.163315,111.334913,-6.067472,24.118356,85.551775,-4.333499,23.739576,87.151221,0.030000,
-6.066089,24.102125,85.552340,-9.926327,34.162579,111.339073,-6.064551,24.084082,85.552968,-4.334025,23.739830,87.150743,0.030000,
-6.066089,24.102125,85.552340,-9.926747,34.161844,111.343231,-6.067472,24.118356,85.551775,-4.334551,23.740084,87.150264,0.030000,
-6.066089,24.102125,85.552340,-9.927167,34.161108,111.347389,-6.064551,24.084082,85.552968,-4.335076,23.740337,87.149786,0.030000,
-6.066089,24.102125,85.552340,-9.927586,34.160373,111.351547,-6.067472,24.118356,85.551775,-4.335602,23.740590,87.149308,0.030000,
-6.066089,24.102125,85.552340,-9.928006,34.159638,111.355703,-6.064551,24.084082,85.552968,-4.336127,23.740844,87.148830,0.030000,
-6.066089,24.102125,85.552340,-9.928426,34.158903,111.359859,-6.067472,24.118356,85.551775,-4.336652,23.741097,87.148352,0.030000,
-6.066089,24.102125,85.552340,-9.928846,34.158168,111.364014,-6.064551,24.084082,85.552968,-4.337177,23.741349,87.147874,0.030000,
-6.066089,24.102125,85.552340,-9.929265,34.157433,111.368168,-6.067472,24.118356,85.551775,-4.337702,23.741602,87.147396,0.030000,
-6.066089,24.102125,85.552340,-9.929685,34.156698,111.372322,-6.064551,24.084082,85.552968,-4.338226,23.741855,87.146919,0.030000,
-6.066089,24.102125,85.552340,-9.930105,34.155963,111.376474,-6.067472,24.118356,85.551775,-4.338751,23.742107,87.146442,0.030000,
-6.066089,24.102125,85.552340,-9.930525,34.155229,111.380626,-6.064551,24.084082,85.552968,-4.339275,23.742359,87.145964,0.030000,
-6.066089,24.102125,85.552340,-9.930945,34.154494,111.384777,-6.067472,24.118356,85.551775,-4.339799,23.742611,87.145487,0.030000,
-6.066089,24.102125,85.552340,-9.931365,34.153760,111.388928,-6.064551,24.084082,85.552968,-4.340323,23.742863,87.145011,0.030000,
-6.066089,24.102125,85.552340,-9.931785,34.153025,111.393077,-6.067472,24.118356,85.551775,-4.340847,23.743115,87.144534,0.030000,
-6.066089,24.102125,85.552340,-9.932205,34.152291,111.397226,-6.064551,24.084082,85.552968,-4.341371,23.743366,87.144057,0.030000,
-6.066089,24.102125,85.552340,-9.932625,34.151557,111.401374,-6.067472,24.118356,85.551775,-4.341894,23.743618,87.143581,0.030000,
-6.066089,24.102125,85.552340,-9.933044,34.150823,111.405522,-6.064551,24.084082,85.552968,-4.342417,23.743869,87.143104,0.030000,
-6.066089,24.102125,85.552340,-9.933464,34.150089,111.409668,-6.067472,24.118356,85.551775,-4.342941,23.744120,87.142628,0.030000,
-6.066089,24.102125,85.552340,-9.933884,34.149356,111.413814,-6.064551,24.084082,85.552968,-4.343464,23.744371,87.142152,0.030000,
-6.066089,24.102125,85.552340,-9.934304,34.148622,111.417959,-6.067472,24.118356,85.551775,-4.343986,23.744622,87.141676,0.030000,
-6.066089,24.102125,85.552340,-9.934725,34.147888,111.422103,-6.064551,24.084082,85.552968,-4.344509,23.744872,87.141200,0.030000,
-6.066089,24.102125,85.552340,-9.935145,34.147155,111.426247,-6.067472,24.118356,85.551775,-4.345032,23.745123,87.140725,0.030000,
-6.066089,24.102125,85.552340,-9.935565,34.146422,111.430389,-6.064551,24.084082,85.552968,-4.345554,23.745373,87.140249,0.030000,
-6.066089,24.102125,85.552340,-9.935985,34.145688,111.434531,-6.067472,24.118356,85.551775,-4.346076,23.745623,87.139774,0.030000,
-6.066089,24.102125,85.552340,-9.936405,34.144955,111.438672,-6.064551,24.084082,85.552968,-4.346598,23.745873,87.139298,0.030000,
-6.066089,24.102125,85.552340,-9.936825,34.144222,111.442813,-6.067472,24.118356,85.551775,-4.347120,23.746123,87.138823,0.030000,
-6.066089,24.102125,85.552340,-9.937245,34.143489,111.446952,-6.064551,24.084082,85.552968,-4.347642,23.746372,87.138348,0.030000,
-6.066089,24.102125,85.552340,-9.937665,34.142756,111.451091,-6.067472,24.118356,85.551775,-4.348164,23.746622,87.137874,0.030000,
-6.066089,24.102125,85.552340,-9.938085,34.142024,111.455229,-6.064551,24.084082,85.552968,-4.348685,23.746871,87.137399,0.030000,
-6.066089,24.102125,85.552340,-9.938505,34.141291,111.459366,-6.067472,24.118356,85.551775,-4.349206,23.747120,87.136924,0.030000,
-6.066089,24.102125,85.552340,-9.938926,34.140559,111.463503,-6.064551,24.084082,85.552968,-4.349727,23.747369,87.136450,0.030000,
-6.066089,24.102125,85.552340,-9.939346,34.139826,111.467639,-6.067472,24.118356,85.551775,-4.350248,23.747618,87.135976,0.030000,
-6.066089,24.102125,85.552340,-9.939766,34.139094,111.471774,-6.064551,24.084082,85.552968,-4.350769,23.747867,87.135502,0.030000,
-6.066089,24.102125,85.552340,-9.940186,34.138362,111.475908,-6.067472,24.118356,85.551775,-4.351290,23.748115,87.135028,0.030000,
-6.066089,24.102125,85.552340,-9.940607,34.137630,111.480041,-6.064551,24.084082,85.552968,-4.351810,23.748364,87.134554,0.030000,
-6.066089,24.102125,85.552340,-9.941027,34.136898,111.484174,-6.067472,24.118356,85.551775,-4.352331,23.748612,87.134080,0.030000,
-6.066089,24.102125,85.552340,-9.941447,34.136166,111.488306,-6.064551,24.084082,85.552968,-4.352851,23.748860,87.133607,0.030000,
-6.066089,24.102125,85.552340,-9.941867,34.135434,111.492437,-6.067472,24.118356,85.551775,-4.353371,23.749108,87.133133,0.030000,
-6.066089,24.102125,85.552340,-9.942288,34.134702,111.496567,-6.064551,24.084082,85.552968,-4.353891,23.749355,87.132660,0.030000,
-6.066089,24.102125,85.552340,-9.942708,34.133971,111.500697,-6.067472,24.118356,85.551775,-4.354410,23.749603,87.132187,0.030000,
-6.066089,24.102125,85.552340,-9.943128,34.133239,111.504826,-6.064551,24.084082,85.552968,-4.354930,23.749850,87.131714,0.030000,
-6.066089,24.102125,85.552340,-9.943549,34.132508,111.508954,-6.067472,24.118356,85.551775,-4.355449,23.750097,87.131241,0.030000,
-6.066089,24.102125,85.552340,-9.943969,34.131776,111.513081,-6.064551,24.084082,85.552968,-4.355968,23.750345,87.130768,0.030000,
-6.066089,24.102125,85.552340,-9.944389,34.131045,111.517208,-6.067472,24.118356,85.551775,-4.356488,23.750591,87.130296,0.030000,
-6.066089,24.102125,85.552340,-9.944810,34.130314,111.521334,-6.064551,24.084082,85.552968,-4.357006,23.750838,87.129823,0.030000,
-6.066089,24.102125,85.552340,-9.945230,34.129583,111.525459,-6.067472,24.118356,85.551775,-4.357525,23.751085,87.129351,0.030000,
-6.066089,24.102125,85.552340,-9.945651,34.128852,111.529583,-6.064551,24.084082,85.552968,-4.358044,23.751331,87.128879,0.030000,
-6.066089,24.102125,85.552340,-9.946071,34.128122,111.533706,-6.067472,24.118356,85.551775,-4.358562,23.751577,87.128407,0.030000,
-6.066089,24.102125,85.552340,-9.946492,34.127391,111.537829,-6.064551,24.084082,85.552968,-4.359080,23.751824,87.127935,0.030000,
-6.066089,24.102125,85.552340,-9.946912,34.126661,111.541951,-6.067472,24.118356,85.551775,-4.359599,23.752069,87.127463,0.030000,
-6.066089,24.102125,85.552340,-9.947333,34.125930,111.546072,-6.064551,24.084082,85.552968,-4.360117,23.752315,87.126991,0.030000,
-6.066089,24.102125,85.552340,-9.947753,34.125200,111.550193,-6.067472,24.118356,85.551775,-4.360634,23.752561,87.126520,0.030000,
-6.066089,24.102125,85.552340,-9.948174,34.124470,111.554312,-6.064551,24.084082,85.552968,-4.361152,23.752806,87.126049,0.030000,
-6.066089,24.102125,85.552340,-9.948594,34.123739,111.558431,-6.067472,24.118356,85.551775,-4.361669,23.753052,87.125578,0.030000,
-6.066089,24.102125,85.552340,-9.949015,34.123009,111.562549,-6.064551,24.084082,85.552968,-4.362187,23.753297,87.125106,0.030000,
-6.066089,24.102125,85.552340,-9.949435,34.122279,111.566667,-6.067472,24.118356,85.551775,-4.362704,23.753542,87.124636,0.030000,
-6.066089,24.102125,85.552340,-9.949856,34.121550,111.570783,-6.064551,24.084082,85.552968,-4.363221,23.753787,87.124165,0.030000,
-6.066089,24.102125,85.552340,-9.950276,34.120820,111.574899,-6.067472,24.118356,85.551775,-4.363738,23.754031,87.123694,0.030000,
-6.066089,24.102125,85.552340,-9.950697,34.120090,111.579014,-6.064551,24.084082,85.552968,-4.364255,23.754276,87.123224,0.030000,
-6.066089,24.102125,85.552340,-9.951118,34.119361,111.583128,-6.067472,24.118356,85.551775,-4.364771,23.754520,87.122753,0.030000,
-6.066089,24.102125,85.552340,-9.951538,34.118631,111.587242,-6.064551,24.084082,85.552968,-4.365287,23.754765,87.122283,0.030000,
-6.066089,24.102125,85.552340,-9.951959,34.117902,111.591355,-6.067472,24.118356,85.551775,-4.365804,23.755009,87.121813,0.030000,
-6.066089,24.102125,85.552340,-9.952380,34.117173,111.595467,-6.064551,24.084082,85.552968,-4.366320,23.755252,87.121343,0.030000,
-6.066089,24.102125,85.552340,-9.952800,34.116444,111.599578,-6.067472,24.118356,85.551775,-4.366836,23.755496,87.120873,0.030000,
-6.066089,24.102125,85.552340,-9.953221,34.115715,111.603688,-6.064551,24.084082,85.552968,-4.367351,23.755740,87.120404,0.030000,
-6.066089,24.102125,85.552340,-9.953642,34.114986,111.607798,-6.067472,24.118356,85.551775,-4.367867,23.755983,87.119934,0.030000,
-6.066089,24.102125,85.552340,-9.954062,34.114257,111.611907,-6.064551,24.084082,85.552968,-4.368383,23.756226,87.119465,0.030000,
-6.066089,24.102125,85.552340,-9.954483,34.113529,111.616015,-6.067472,24.118356,85.551775,-4.368898,23.756470,87.118995,0.030000,
-6.066089,24.102125,85.552340,-9.954904,34.112800,111.620123,-6.064551,24.084082,85.552968,-4.369413,23.756713,87.118526,0.030000,
-6.066089,24.102125,85.552340,-9.955325,34.112072,111.624229,-6.067472,24.118356,85.551775,-4.369928,23.756955,87.118057,0.030000,
-6.066089,24.102125,85.552340,-9.955745,34.111343,111.628335,-6.064551,24.084082,85.552968,-4.370443,23.757198,87.117589,0.030000,
-6.066089,24.102125,85.552340,-9.956166,34.110615,111.632440,-6.067472,24.118356,85.551775,-4.370957,23.757440,87.117120,0.030000,
-6.066089,24.102125,85.552340,-9.956587,34.109887,111.636545,-6.064551,24.084082,85.552968,-4.371472,23.757683,87.116651,0.030000,
-6.066089,24.102125,85.552340,-9.957008,34.109159,111.640648,-6.067472,24.118356,85.551775,-4.371986,23.757925,87.116183,0.030000,
-6.066089,24.102125,85.552340,-9.957429,34.108431,111.644751,-6.064551,24.084082,85.552968,-4.372501,23.758167,87.115715,0.030000,
-6.066089,24.102125,85.552340,-9.957849,34.107703,111.648853,-6.067472,24.118356,85.551775,-4.373015,23.758409,87.115246,0.030000,
-6.066089,24.102125,85.552340,-9.958270,34.106976,111.652955,-6.064551,24.084082,85.552968,-4.373528,23.758651,87.114778,0.030000,
-6.066089,24.102125,85.552340,-9.958691,34.106248,111.657055,-6.067472,24.118356,85.551775,-4.374042,23.758892,87.114311,0.030000,
-6.066089,24.102125,85.552340,-9.959112,34.105520,111.661155,-6.064551,24.084082,85.552968,-4.374556,23.759134,87.113843,0.030000,
-6.066089,24.102125,85.552340,-9.959533,34.104793,111.665254,-6.067472,24.118356,85.551775,-4.375069,23.759375,87.113375,0.030000,
-6.066089,24.102125,85.552340,-9.959954,34.104066,111.669352,-6.064551,24.084082,85.552968,-4.375582,23.759616,87.112908,0.030000,
-6.066089,24.102125,85.552340,-9.960375,34.103339,111.673450,-6.067472,24.118356,85.551775,-4.376096,23.759857,87.112441,0.030000,
-6.066089,24.102125,85.552340,-9.960796,34.102611,111.677547,-6.064551,24.084082,85.552968,-4.376608,23.760098,87.111973,0.030000,
-6.066089,24.102125,85.552340,-9.961217,34.101884,111.681643,-6.067472,24.118356,85.551775,-4.377121,23.760338,87.111506,0.030000,
-6.066089,24.102125,85.552340,-9.961638,34.101158,111.685738,-6.064551,24.084082,85.552968,-4.377634,23.760579,87.111039,0.030000,
-6.066089,24.102125,85.552340,-9.962059,34.100431,111.689833,-6.067472,24.118356,85.551775,-4.378146,23.760819,87.110573,0.030000,
-6.066089,24.102125,85.552340,-9.962480,34.099704,111.693926,-6.064551,24.084082,85.552968,-4.378659,23.761059,87.110106,0.030000,
-6.066089,24.102125,85.552340,-9.962901,34.098978,111.698019,-6.067472,24.118356,85.551775,-4.379171,23.761299,87.109640,0.030000,
-6.066089,24.102125,85.552340,-9.963322,34.098251,111.702111,-6.064551,24.084082,85.552968,-4.379683,23.761539,87.109173,0.030000,
-6.066089,24.102125,85.552340,-9.963743,34.097525,111.706203,-6.067472,24.118356,85.551775,-4.380195,23.761779,87.108707,0.030000,
-6.066089,24.102125,85.552340,-9.964164,34.096799,111.710294,-6.064551,24.084082,85.552968,-4.380706,23.762018,87.108241,0.030000,
-6.066089,24.102125,85.552340,-9.964585,34.096072,111.714383,-6.067472,24.118356,85.551775,-4.381218,23.762258,87.107775,0.030000,
-6.066089,24.102125,85.552340,-9.965006,34.095346,111.718473,-6.064551,24.084082,85.552968,-4.381729,23.762497,87.107309,0.030000,
-6.066089,24.102125,85.552340,-9.965427,34.094620,111.722561,-6.067472,24.118356,85.551775,-4.382241,23.762736,87.106844,0.030000,
-6.066089,24.102125,85.552340,-9.965848,34.093895,111.726649,-6.064551,24.084082,85.552968,-4.382752,23.762975,87.106378,0.030000,
-6.066089,24.102125,85.552340,-9.966269,34.093169,111.730736,-6.067472,24.118356,85.551775,-4.383263,23.763214,87.105913,0.030000,
-6.066089,24.102125,85.552340,-9.966690,34.092443,111.734822,-6.064551,24.084082,85.552968,-4.383773,23.763452,87.105447,0.030000,
-6.066089,24.102125,85.552340,-9.967111,34.091718,111.738907,-6.067472,24.118356,85.551775,-4.384284,23.763691,87.104982,0.030000,
-6.066089,24.102125,85.552340,-9.967532,34.090992,111.742992,-6.064551,24.084082,85.552968,-4.384795,23.763929,87.104517,0.030000,
-6.066089,24.102125,85.552340,-9.967953,34.090267,111.747076,-6.067472,24.118356,85.551775,-4.385305,23.764167,87.104053,0.030000,
-6.066089,24.102125,85.552340,-9.968375,34.089542,111.751159,-6.064551,24.084082,85.552968,-4.385815,23.764405,87.103588,0.030000,
-6.066089,24.102125,85.552340,-9.968796,34.088817,111.755241,-6.067472,24.118356,85.551775,-4.386325,23.764643,87.103123,0.030000,
-6.066089,24.102125,85.552340,-9.969217,34.088092,111.759323,-6.064551,24.084082,85.552968,-4.386835,23.764881,87.102659,0.030000,
-6.066089,24.102125,85.552340,-9.969638,34.087367,111.763403,-6.067472,24.118356,85.551775,-4.387345,23.765118,87.102195,0.030000,
-6.066089,24.102125,85.552340,-9.970059,34.086642,111.767483,-6.064551,24.084082,85.552968,-4.387854,23.765356,87.101730,0.030000,
-6.066089,24.102125,85.552340,-9.970480,34.085918,111.771563,-6.067472,24.118356,85.551775,-4.388363,23.765593,87.101266,0.030000,
-6.066089,24.102125,85.552340,-9.970902,34.085193,111.775641,-6.064551,24.084082,85.552968,-4.388873,23.765830,87.100803,0.030000,
-6.066089,24.102125,85.552340,-9.971323,34.084469,111.779719,-6.067472,24.118356,85.551775,-4.389382,23.766067,87.100339,0.030000,
-6.066089,24.102125,85.552340,-9.971744,34.083744,111.783796,-6.064551,24.084082,85.552968,-4.389891,23.766304,87.099875,0.030000,
-6.066089,24.102125,85.552340,-9.972165,34.083020,111.787872,-6.067472,24.118356,85.551775,-4.390399,23.766540,87.099412,0.030000,
-6.066089,24.102125,85.552340,-9.972587,34.082296,111.791948,-6.064551,24.084082,85.552968,-4.390908,23.766777,87.098948,0.030000,
-6.066089,24.102125,85.552340,-9.973008,34.081572,111.796023,-6.067472,24.118356,85.551775,-4.391417,23.767013,87.098485,0.030000,
-6.066089,24.102125,85.552340,-9.973429,34.080848,111.800097,-6.064551,24.084082,85.552968,-4.391925,23.767249,87.098022,0.030000,
-6.066089,24.102125,85.552340,-9.973851,34.080124,111.804170,-6.067472,24.118356,85.551775,-4.392433,23.767485,87.097559,0.030000,
-6.066089,24.102125,85.552340,-9.974272,34.079400,111.808242,-6.064551,24.084082,85.552968,-4.392941,23.767721,87.097096,0.030000,
-6.066089,24.102125,85.552340,-9.974693,34.078677,111.812314,-6.067472,24.118356,85.551775,-4.393449,23.767957,87.096634,0.030000,
-6.066089,24.102125,85.552340,-9.975114,34.077953,111.816385,-6.064551,24.084082,85.552968,-4.393956,23.768192,87.096171,0.030000,
-6.066089,24.102125,85.552340,-9.975536,34.077230,111.820455,-6.067472,24.118356,85.551775,-4.394464,23.768428,87.095709,0.030000,
-6.066089,24.102125,85.552340,-9.975957,34.076506,111.824525,-6.064551,24.084082,85.552968,-4.394971,23.768663,87.095247,0.030000,
-6.066089,24.102125,85.552340,-9.976379,34.075783,111.828594,-6.067472,24.118356,85.551775,-4.395479,23.768898,87.094785,0.030000,
-6.066089,24.102125,85.552340,-9.976800,34.075060,111.832662,-6.064551,24.084082,85.552968,-4.395986,23.769133,87.094323,0.030000,
-6.066089,24.102125,85.552340,-9.977221,34.074337,111.836729,-6.067472,24.118356,85.551775,-4.396493,23.769368,87.093861,0.030000,
-6.066089,24.102125,85.552340,-9.977643,34.073614,111.840795,-6.064551,24.084082,85.552968,-4.396999,23.769602,87.093399,0.030000,
-6.066089,24.102125,85.552340,-9.978064,34.072892,111.844861,-6.067472,24.118356,85.551775,-4.397506,23.769837,87.092938,0.030000,
-6.066089,24.102125,85.552340,-9.978486,34.072169,111.848926,-6.064551,24.084082,85.552968,-4.398012,23.770071,87.092476,0.030000,
-6.066089,24.102125,85.552340,-9.978907,34.071446,111.852990,-6.067472,24.118356,85.551775,-4.398519,23.770305,87.092015,0.030000,
-6.066089,24.102125,85.552340,-9.979328,34.070724,111.857054,-6.064551,24.084082,85.552968,-4.399025,23.770539,87.091554,0.030000,
-6.066089,24.102125,85.552340,-9.979750,34.070002,111.861116,-6.067472,24.118356,85.551775,-4.399531,23.770773,87.091093,0.030000,
-6.066089,24.102125,85.552340,-9.980171,34.069279,111.865178,-6.064551,24.084082,85.552968,-4.400037,23.771007,87.090632,0.030000,
-6.066089,24.102125,85.552340,-9.980593,34.068557,111.869239,-6.067472,24.118356,85.551775,-4.400542,23.771241,87.090171,0.030000,
-6.066089,24.102125,85.552340,-9.981014,34.067835,111.873300,-6.064551,24.084082,85.552968,-4.401048,23.771474,87.089711,0.030000,
-6.066089,24.102125,85.552340,-9.981436,34.067113,111.877359,-6.067472,24.118356,85.551775,-4.401553,23.771707,87.089250,0.030000,
-6.066089,24.102125,85.552340,-9.981857,34.066391,111.881418,-6.064551,24.084082,85.552968,-4.402058,23.771941,87.088790,0.030000,
-6.066089,24.102125,85.552340,-9.982279,34.065670,111.885476,-6.067472,24.118356,85.551775,-4.402564,23.772174,87.088330,0.030000,
-6.066089,24.102125,85.552340,-9.982700,34.064948,111.889534,-6.064551,24.084082,85.552968,-4.403068,23.772406,87.087870,0.030000,
-6.066089,24.102125,85.552340,-9.983122,34.064227,111.893590,-6.067472,24.118356,85.551775,-4.403573,23.772639,87.087410,0.030000,
-6.066089,24.102125,85.552340,-9.983543,34.063505,111.897646,-6.064551,24.084082,85.552968,-4.404078,23.772872,87.086950,0.030000,
-6.066089,24.102125,85.552340,-9.983965,34.062784,111.901702,-6.067472,24.118356,85.551775,-4.404582,23.773104,87.086490,0.030000,
-6.066089,24.102125,85.552340,-9.984386,34.062063,111.905756,-6.064551,24.084082,85.552968,-4.405087,23.773336,87.086031,0.030000,
-6.066089,24.102125,85.552340,-9.984808,34.061342,111.909810,-6.067472,24.118356,85.551775,-4.405591,23.773568,87.085571,0.030000,
-6.066089,24.102125,85.552340,-9.985230,34.060621,111.913862,-6.064551,24.084082,85.552968,-4.406095,23.773800,87.085112,0.030000,
-6.066089,24.102125,85.552340,-9.985651,34.059900,111.917915,-6.067472,24.118356,85.551775,-4.406599,23.774032,87.084653,0.030000,
-6.066089,24.102125,85.552340,-9.986073,34.059179,111.921966,-6.064551,24.084082,85.552968,-4.407102,23.774264,87.084194,0.030000,
-6.066089,24.102125,85.552340,-9.986494,34.058459,111.926017,-6.067472,24.118356,85.551775,-4.407606,23.774495,87.083735,0.030000,
-6.066089,24.102125,85.552340,-9.986916,34.057738,111.930066,-6.064551,24.084082,85.552968,-4.408109,23.774727,87.083276,0.030000,
-6.066089,24.102125,85.552340,-9.987338,34.057018,111.934116,-6.067472,24.118356,85.551775,-4.408612,23.774958,87.082818,0.030000,
-6.066089,24.102125,85.552340,-9.987759,34.056297,111.938164,-6.064551,24.084082,85.552968,-4.409115,23.775189,87.082359,0.030000,
-6.066089,24.102125,85.552340,-9.988181,34.055577,111.942212,-6.067472,24.118356,85.551775,-4.409618,23.775420,87.081901,0.030000,
-6.066089,24.102125,85.552340,-9.988603,34.054857,111.946258,-6.064551,24.084082,85.552968,-4.410121,23.775650,87.081443,0.030000,
-6.066089,24.102125,85.552340,-9.989024,34.054137,111.950305,-6.067472,24.118356,85.551775,-4.410624,23.775881,87.080985,0.030000,
-6.066089,24.102125,85.552340,-9.989446,34.053417,111.954350,-6.064551,24.084082,85.552968,-4.411126,23.776111,87.080527,0.030000,
-6.066089,24.102125,85.552340,-9.989868,34.052697,111.958395,-6.067472,24.118356,85.551775,-4.411629,23.776342,87.080069,0.030000,
-6.066089,24.102125,85.552340,-9.990289,34.051977,111.962438,-6.064551,24.084082,85.552968,-4.412131,23.776572,87.079612,0.030000,
-6.066089,24.102125,85.552340,-9.990711,34.051258,111.966482,-6.067472,24.118356,85.551775,-4.412633,23.776802,87.079154,0.030000,
-6.066089,24.102125,85.552340,-9.991133,34.050538,111.970524,-6.064551,24.084082,85.552968,-4.413135,23.777032,87.078697,0.030000,
-6.066089,24.102125,85.552340,-9.991554,34.049819,111.974565,-6.067472,24.118356,85.551775,-4.413636,23.777261,87.078240,0.030000,
-6.066089,24.102125,85.552340,-9.991976,34.049100,111.978606,-6.064551,24.084082,85.552968,-4.414138,23.777491,87.077783,0.030000,
-6.066089,24.102125,85.552340,-9.992398,34.048381,111.982646,-6.067472,24.118356,85.551775,-4.414639,23.777720,87.077326,0.030000,
-6.066089,24.102125,85.552340,-9.992820,34.047662,111.986686,-6.064551,24.084082,85.552968,-4.415140,23.777950,87.076869,0.030000,
-6.066089,24.102125,85.552340,-9.993241,34.046943,111.990724,-6.067472,24.118356,85.551775,-4.415642,23.778179,87.076412,0.030000,
-6.066089,24.102125,85.552340,-9.993663,34.046224,111.994762,-6.064551,24.084082,85.552968,-4.416143,23.778408,87.075956,0.030000,
-6.066089,24.102125,85.552340,-9.994085,34.045505,111.998799,-6.067472,24.118356,85.551775,-4.416643,23.778637,87.075499,0.030000,
-6.066089,24.102125,85.552340,-9.994507,34.044786,112.002836,-6.064551,24.084082,85.552968,-4.417144,23.778865,87.075043,0.030000,
-6.066089,24.102125,85.552340,-9.994928,34.044068,112.006871,-6.067472,24.118356,85.551775,-4.417644,23.779094,87.074587,0.030000,
-6.066089,24.102125,85.552340,-9.995350,34.043349,112.010906,-6.064551,24.084082,85.552968,-4.418145,23.779322,87.074131,0.030000,
-6.066089,24.102125,85.552340,-9.995772,34.042631,112.014940,-6.067472,24.118356,85.551775,-4.418645,23.779550,87.073675,0.030000,
-6.066089,24.102125,85.552340,-9.996194,34.041913,112.018974,-6.064551,24.084082,85.552968,-4.419145,23.779778,87.073219,0.030000,
-6.066089,24.102125,85.552340,-9.996616,34.041195,112.023006,-6.067472,24.118356,85.551775,-4.419645,23.780006,87.072764,0.030000,
-6.066089,24.102125,85.552340,-9.997038,34.040477,112.027038,-6.064551,24.084082,85.552968,-4.420145,23.780234,87.072308,0.030000,
-6.066089,24.102125,85.552340,-9.997459,34.039759,112.031069,-6.067472,24.118356,85.551775,-4.420644,23.780462,87.071853,0.030000,
-6.066089,24.102125,85.552340,-9.997881,34.039041,112.035100,-6.064551,24.084082,85.552968,-4.421144,23.780689,87.071398,0.030000,
-6.066089,24.102125,85.552340,-9.998303,34.038323,112.039129,-6.067472,24.118356,85.551775,-4.421643,23.780917,87.070943,0.030000,
-6.066089,24.102125,85.552340,-9.998725,34.037606,112.043158,-6.064551,24.084082,85.552968,-4.422142,23.781144,87.070488,0.030000,
-6.066089,24.102125,85.552340,-9.999147,34.036888,112.047186,-6.067472,24.118356,85.551775,-4.422641,23.781371,87.070033,0.030000,
-6.066089,24.102125,85.552340,-9.999569,34.036171,112.051214,-6.064551,24.084082,85.552968,-4.423140,23.781598,87.069578,0.030000,
-6.066089,24.102125,85.552340,-9.999991,34.035454,112.055240,-6.067472,24.118356,85.551775,-4.423638,23.781824,87.069124,0.030000,
-6.066089,24.102125,85.552340,-10.000412,34.034737,112.059266,-6.064551,24.084082,85.552968,-4.424137,23.782051,87.068669,0.030000,
-6.066089,24.102125,85.552340,-10.000834,34.034020,112.063291,-6.067472,24.118356,85.551775,-4.424635,23.782278,87.068215,0.030000,
-6.066089,24.102125,85.552340,-10.001256,34.033303,112.067316,-6.064551,24.084082,85.552968,-4.425133,23.782504,87.067761,0.030000,
-6.066089,24.102125,85.552340,-10.001678,34.032586,112.071339,-6.067472,24.118356,85.551775,-4.425632,23.782730,87.067307,0.030000,
-6.066089,24.102125,85.552340,-10.002100,34.031869,112.075362,-6.064551,24.084082,85.552968,-4.426129,23.782956,87.066853,0.030000,
-6.066089,24.102125,85.552340,-10.002522,34.031153,112.079384,-6.067472,24.118356,85.551775,-4.426627,23.783182,87.066400,0.030000,
-6.066089,24.102125,85.552340,-10.002944,34.030436,112.083406,-6.064551,24.084082,85.552968,-4.427125,23.783408,87.065946,0.030000,
-6.066089,24.102125,85.552340,-10.003366,34.029720,112.087426,-6.067472,24.118356,85.551775,-4.427622,23.783633,87.065493,0.030000,
-6.066089,24.102125,85.552340,-10.003788,34.029003,112.091446,-6.064551,24.084082,85.552968,-4.428120,23.783859,87.065039,0.030000,
-6.066089,24.102125,85.552340,-10.004210,34.028287,112.095465,-6.067472,24.118356,85.551775,-4.428617,23.784084,87.064586,0.030000,
-6.066089,24.102125,85.552340,-10.004632,34.027571,112.099484,-6.064551,24.084082,85.552968,-4.429114,23.784309,87.064133,0.030000,
-6.066089,24.102125,85.552340,-10.005054,34.026855,112.103502,-6.067472,24.118356,85.551775,-4.429611,23.784534,87.063680,0.030000,
-6.066089,24.102125,85.552340,-10.005476,34.026139,112.107518,-6.064551,24.084082,85.552968,-4.430107,23.784759,87.063227,0.030000,
-6.066089,24.102125,85.552340,-10.005898,34.025423,112.111535,-6.067472,24.118356,85.551775,-4.430604,23.784984,87.062775,0.030000,
-6.066089,24.102125,85.552340,-10.006320,34.024708,112.115550,-6.064551,24.084082,85.552968,-4.431100,23.785208,87.062322,0.030000,
-6.066089,24.102125,85.552340,-10.006742,34.023992,112.119565,-6.067472,24.118356,85.551775,-4.431596,23.785433,87.061870,0.030000,
-6.066089,24.102125,85.552340,-10.007164,34.023277,112.123579,-6.064551,24.084082,85.552968,-4.432093,23.785657,87.061418,0.030000,
-6.066089,24.102125,85.552340,-10.007586,34.022561,112.127592,-6.067472,24.118356,85.551775,-4.432589,23.785881,87.060965,0.030000,
-6.066089,24.102125,85.552340,-10.008008,34.021846,112.131604,-6.064551,24.084082,85.552968,-4.433084,23.786105,87.060513,0.030000,
-6.066089,24.102125,85.552340,-10.008430,34.021131,112.135616,-6.067472,24.118356,85.551775,-4.433580,23.786329,87.060062,0.030000,
-6.066089,24.102125,85.552340,-10.008852,34.020416,112.139627,-6.064551,24.084082,85.552968,-4.434075,23.786553,87.059610,0.030000,
-6.066089,24.102125,85.552340,-10.009274,34.019701,112.143637,-6.067472,24.118356,85.551775,-4.434571,23.786776,87.059158,0.030000,
-6.066089,24.102125,85.552340,-10.009696,34.018986,112.147647,-6.064551,24.084082,85.552968,-4.435066,23.787000,87.058707,0.030000,
-6.066089,24.102125,85.552340,-10.010118,34.018272,112.151655,-6.067472,24.118356,85.551775,-4.435561,23.787223,87.058256,0.030000,
-6.066089,24.102125,85.552340,-10.010540,34.017557,112.155663,-6.064551,24.084082,85.552968,-4.436056,23.787446,87.057804,0.030000,
-6.066089,24.102125,85.552340,-10.010962,34.016843,112.159671,-6.067472,24.118356,85.551775,-4.436551,23.787669,87.057353,0.030000,
-6.066089,24.102125,85.552340,-10.011384,34.016128,112.163677,-6.064551,24.084082,85.552968,-4.437045,23.787892,87.056903,0.030000,
-6.066089,24.102125,85.552340,-10.011806,34.015414,112.167683,-6.067472,24.118356,85.551775,-4.437540,23.788114,87.056452,0.030000,
-6.066089,24.102125,85.552340,-10.012228,34.014700,112.171688,-6.064551,24.084082,85.552968,-4.438034,23.788337,87.056001,0.030000,
-6.066089,24.102125,85.552340,-10.012651,34.013986,112.175692,-6.067472,24.118356,85.551775,-4.438528,23.788559,87.055551,0.030000,
-6.066089,24.102125,85.552340,-10.013073,34.013272,112.179696,-6.064551,24.084082,85.552968,-4.439022,23.788782,87.055100,0.030000,
-6.066089,24.102125,85.552340,-10.013495,34.012558,112.183698,-6.067472,24.118356,85.551775,-4.439516,23.789004,87.054650,0.030000,
-6.066089,24.102125,85.552340,-10.013917,34.011844,112.187700,-6.064551,24.084082,85.552968,-4.440010,23.789226,87.054200,0.030000,
-6.066089,24.102125,85.552340,-10.014339,34.011131,112.191702,-6.067472,24.118356,85.551775,-4.440503,23.789448,87.053750,0.030000,
-6.066089,24.102125,85.552340,-10.014761,34.010417,112.195702,-6.064551,24.084082,85.552968,-4.440997,23.789669,87.053300,0.030000,
-6.066089,24.102125,85.552340,-10.015183,34.009704,112.199702,-6.067472,24.118356,85.551775,-4.441490,23.789891,87.052850,0.030000,
-6.066089,24.102125,85.552340,-10.015605,34.008990,112.203701,-6.064551,24.084082,85.552968,-4.441983,23.790112,87.052401,0.030000,
-6.066089,24.102125,85.552340,-10.016028,34.008277,112.207699,-6.067472,24.118356,85.551775,-4.442476,23.790333,87.051951,0.030000,
-6.066089,24.102125,85.552340,-10.016450,34.007564,112.211697,-6.064551,24.084082,85.552968,-4.442969,23.790555,87.051502,0.030000,
-6.066089,24.102125,85.552340,-10.016872,34.006851,112.215694,-6.067472,24.118356,85.551775,-4.443461,23.790776,87.051053,0.030000,
-6.066089,24.102125,85.552340,-10.017294,34.006138,112.219690,-6.064551,24.084082,85.552968,-4.443954,23.790996,87.050604,0.030000,
-6.066089,24.102125,85.552340,-10.017716,34.005425,112.223685,-6.067472,24.118356,85.551775,-4.444446,23.791217,87.050155,0.030000,
-6.066089,24.102125,85.552340,-10.018138,34.004713,112.227680,-6.064551,24.084082,85.552968,-4.444938,23.791438,87.049706,0.030000,
-6.066089,24.102125,85.552340,-10.018561,34.004000,112.231674,-6.067472,24.118356,85.551775,-4.445430,23.791658,87.049258,0.030000,
-6.066089,24.102125,85.552340,-10.018983,34.003288,112.235667,-6.064551,24.084082,85.552968,-4.445922,23.791878,87.048809,0.030000,
-6.066089,24.102125,85.552340,-10.019405,34.002575,112.239659,-6.067472,24.118356,85.551775,-4.446414,23.792098,87.048361,0.030000,
-6.066089,24.102125,85.552340,-10.019827,34.001863,112.243651,-6.064551,24.084082,85.552968,-4.446906,23.792318,87.047912,0.030000,
-6.066089,24.102125,85.552340,-10.020249,34.001151,112.247642,-6.067472,24.118356,85.551775,-4.447397,23.792538,87.047464,0.030000,
-6.066089,24.102125,85.552340,-10.020672,34.000439,112.251632,-6.064551,24.084082,85.552968,-4.447888,23.792758,87.047016,0.030000,
-6.066089,24.102125,85.552340,-10.021094,33.999727,112.255621,-6.067472,24.118356,85.551775,-4.448379,23.792977,87.046568,0.030000,
-6.066089,24.102125,85.552340,-10.021516,33.999015,112.259610,-6.064551,24.084082,85.552968,-4.448870,23.793197,87.046121,0.030000,
-6.066089,24.102125,85.552340,-10.021938,33.998304,112.263598,-6.067472,24.118356,85.551775,-4.449361,23.793416,87.045673,0.030000,
-6.066089,24.102125,85.552340,-10.022360,33.997592,112.267585,-6.064551,24.084082,85.552968,-4.449852,23.793635,87.045226,0.030000,
-6.066089,24.102125,85.552340,-10.022783,33.996881,112.271571,-6.067472,24.118356,85.551775,-4.450342,23.793854,87.044778,0.030000,
-6.066089,24.102125,85.552340,-10.023205,33.996169,112.275557,-6.064551,24.084082,85.552968,-4.450833,23.794073,87.044331,0.030000,
-6.066089,24.102125,85.552340,-10.023627,33.995458,112.279542,-6.067472,24.118356,85.551775,-4.451323,23.794292,87.043884,0.030000,
-6.066089,24.102125,85.552340,-10.024049,33.994747,112.283526,-6.064551,24.084082,85.552968,-4.451813,23.794510,87.043437,0.030000,
-6.066089,24.102125,85.552340,-10.024472,33.994036,112.287510,-6.067472,24.118356,85.551775,-4.452303,23.794729,87.042990,0.030000,
-6.066089,24.102125,85.552340,-10.024894,33.993325,112.291493,-6.064551,24.084082,85.552968,-4.452793,23.794947,87.042544,0.030000,
-6.066089,24.102125,85.552340,-10.025316,33.992614,112.295475,-6.067472,24.118356,85.551775,-4.453283,23.795165,87.042097,0.030000,
-6.066089,24.102125,85.552340,-10.025738,33.991903,112.299456,-6.064551,24.084082,85.552968,-4.453772,23.795383,87.041651,0.030000,
-6.066089,24.102125,85.552340,-10.026161,33.991192,112.303436,-6.067472,24.118356,85.551775,-4.454262,23.795601,87.041205,0.030000,
-6.066089,24.102125,85.552340,-10.026583,33.990482,112.307416,-6.064551,24.084082,85.552968,-4.454751,23.795819,87.040759,0.030000,
-6.066089,24.102125,85.552340,-10.027005,33.989772,112.311395,-6.067472,24.118356,85.551775,-4.455240,23.796036,87.040313,0.030000,
-6.066089,24.102125,85.552340,-10.027428,33.989061,112.315374,-6.064551,24.084082,85.552968,-4.455729,23.796254,87.039867,0.030000,
-6.066089,24.102125,85.552340,-10.027850,33.988351,112.319351,-6.067472,24.118356,85.551775,-4.456217,23.796471,87.039421,0.030000,
-6.066089,24.102125,85.552340,-10.028272,33.987641,112.323328,-6.064551,24.084082,85.552968,-4.456706,23.796688,87.038975,0.030000,
-6.066089,24.102125,85.552340,-10.028695,33.986931,112.327304,-6.067472,24.118356,85.551775,-4.457195,23.796905,87.038530,0.030000,
-6.066089,24.102125,85.552340,-10.029117,33.986221,112.331279,-6.064551,24.084082,85.552968,-4.457683,23.797122,87.038085,0.030000,
-6.066089,24.102125,85.552340,-10.029539,33.985511,112.335254,-6.067472,24.118356,85.551775,-4.458171,23.797339,87.037639,0.030000,
-6.066089,24.102125,85.552340,-10.029961,33.984802,112.339228,-6.064551,24.084082,85.552968,-4.458659,23.797555,87.037194,0.030000,
-6.066089,24.102125,85.552340,-10.030384,33.984092,112.343201,-6.067472,24.118356,85.551775,-4.459147,23.797772,87.036749,0.030000,
-6.066089,24.102125,85.552340,-10.030806,33.983383,112.347173,-6.064551,24.084082,85.552968,-4.459635,23.797988,87.036305,0.030000,
-6.066089,24.102125,85.552340,-10.031228,33.982673,112.351145,-6.067472,24.118356,85.551775,-4.460122,23.798204,87.035860,0.030000,
-6.066089,24.102125,85.552340,-10.031651,33.981964,112.355116,-6.064551,24.084082,85.552968,-4.460610,23.798420,87.035415,0.030000,
-6.066089,24.102125,85.552340,-10.032073,33.981255,112.359086,-6.067472,24.118356,85.551775,-4.461097,23.798636,87.034971,0.030000,
-6.066089,24.102125,85.552340,-10.032496,33.980546,112.363056,-6.064551,24.084082,85.552968,-4.461584,23.798852,87.034527,0.030000,
-6.066089,24.102125,85.552340,-10.032918,33.979837,112.367024,-6.067472,24.118356,85.551775,-4.462071,23.799067,87.034082,0.030000,
-6.066089,24.102125,85.552340,-10.033340,33.979128,112.370992,-6.064551,24.084082,85.552968,-4.462558,23.799283,87.033638,0.030000,
-6.066089,24.102125,85.552340,-10.033763,33.978419,112.374960,-6.067472,24.118356,85.551775,-4.463045,23.799498,87.033195,0.030000,
-6.066089,24.102125,85.552340,-10.034185,33.977711,112.378926,-6.064551,24.084082,85.552968,-4.463531,23.799713,87.032751,0.030000,
-6.066089,24.102125,85.552340,-10.034607,33.977002,112.382892,-6.067472,24.118356,85.551775,-4.464017,23.799928,87.032307,0.030000,
-6.066089,24.102125,85.552340,-10.035030,33.976294,112.386857,-6.064551,24.084082,85.552968,-4.464504,23.800143,87.031864,0.030000,
-6.066089,24.102125,85.552340,-10.035452,33.975586,112.390821,-6.067472,24.118356,85.551775,-4.464990,23.800358,87.031420,0.030000,
-6.066089,24.102125,85.552340,-10.035874,33.974877,112.394785,-6.064551,24.084082,85.552968,-4.465476,23.800573,87.030977,0.030000,
-6.066089,24.102125,85.552340,-10.036297,33.974169,112.398748,-6.067472,24.118356,85.551775,-4.465962,23.800787,87.030534,0.030000,
-6.066089,24.102125,85.552340,-10.036719,33.973461,112.402710,-6.064551,24.084082,85.552968,-4.466447,23.801001,87.030091,0.030000,
-6.066089,24.102125,85.552340,-10.037142,33.972754,112.406671,-6.067472,24.118356,85.551775,-4.466933,23.801216,87.029648,0.030000,
-6.066089,24.102125,85.552340,-10.037564,33.972046,112.410632,-6.064551,24.084082,85.552968,-4.467418,23.801430,87.029205,0.030000,
-6.066089,24.102125,85.552340,-10.037986,33.971338,112.414592,-6.067472,24.118356,85.551775,-4.467903,23.801644,87.028763,0.030000,
-6.066089,24.102125,85.552340,-10.038409,33.970631,112.418551,-6.064551,24.084082,85.552968,-4.468388,23.801857,87.028320,0.030000,
-6.066089,24.102125,85.552340,-10.038831,33.969923,112.422509,-6.067472,24.118356,85.551775,-4.468873,23.802071,87.027878,0.030000,
-6.066089,24.102125,85.552340,-10.039254,33.969216,112.426467,-6.064551,24.084082,85.552968,-4.469358,23.802285,87.027436,0.030000,
-6.066089,24.102125,85.552340,-10.039676,33.968509,112.430424,-6.067472,24.118356,85.551775,-4.469843,23.802498,87.026994,0.030000,
-6.066089,24.102125,85.552340,-10.040098,33.967802,112.434380,-6.064551,24.084082,85.552968,-4.470327,23.802711,87.026552,0.030000,
-6.066089,24.102125,85.552340,-10.040521,33.967095,112.438335,-6.067472,24.118356,85.551775,-4.470811,23.802924,87.026110,0.030000,
-6.066089,24.102125,85.552340,-10.040943,33.966388,112.442290,-6.064551,24.084082,85.552968,-4.471296,23.803137,87.025668,0.030000,
-6.066089,24.102125,85.552340,-10.041366,33.965681,112.446244,-6.067472,24.118356,85.551775,-4.471780,23.803350,87.025227,0.030000,
-6.066089,24.102125,85.552340,-10.041788,33.964974,112.450197,-6.064551,24.084082,85.552968,-4.472264,23.803563,87.024786,0.030000,
-6.066089,24.102125,85.552340,-10.042211,33.964268,112.454150,-6.067472,24.118356,85.551775,-4.472747,23.803775,87.024344,0.030000,
-6.066089,24.102125,85.552340,-10.042633,33.963561,112.458102,-6.064551,24.084082,85.552968,-4.473231,23.803988,87.023903,0.030000,
-6.066089,24.102125,85.552340,-10.043055,33.962855,112.462053,-6.067472,24.118356,85.551775,-4.473714,23.804200,87.023462,0.030000,
-6.066089,24.102125,85.552340,-10.043478,33.962149,112.466003,-6.064551,24.084082,85.552968,-4.474198,23.804412,87.023021,0.030000,
-6.066089,24.102125,85.552340,-10.043900,33.961443,112.469953,-6.067472,24.118356,85.551775,-4.474681,23.804624,87.022581,0.030000,
-6.066089,24.102125,85.552340,-10.044323,33.960737,112.473902,-6.064551,24.084082,85.552968,-4.475164,23.804836,87.022140,0.030000,
-6.066089,24.102125,85.552340,-10.044745,33.960031,112.477850,-6.067472,24.118356,85.551775,-4.475647,23.805048,87.021699,0.030000,
-6.066089,24.102125,85.552340,-10.045168,33.959325,112.481797,-6.064551,24.084082,85.552968,-4.476129,23.805259,87.021259,0.030000,
-6.066089,24.102125,85.552340,-10.045590,33.958619,112.485744,-6.067472,24.118356,85.551775,-4.476612,23.805471,87.020819,0.030000,
-6.066089,24.102125,85.552340,-10.046013,33.957914,112.489690,-6.064551,24.084082,85.552968,-4.477094,23.805682,87.020379,0.030000,
-6.066089,24.102125,85.552340,-10.046435,33.957208,112.493635,-6.067472,24.118356,85.551775,-4.477577,23.805893,87.019939,0.030000,
-6.066089,24.102125,85.552340,-10.046857,33.956503,112.497579,-6.064551,24.084082,85.552968,-4.478059,23.806104,87.019499,0.030000,
-6.066089,24.102125,85.552340,-10.047280,33.955797,112.501523,-6.067472,24.118356,85.551775,-4.478541,23.806315,87.019059,0.030000,
-6.066089,24.102125,85.552340,-10.047702,33.955092,112.505466,-6.064551,24.084082,85.552968,-4.479022,23.806526,87.018620,0.030000,
-6.066089,24.102125,85.552340,-10.048125,33.954387,112.509408,-6.067472,24.118356,85.551775,-4.479504,23.806737,87.018180,0.030000,
-6.066089,24.102125,85.552340,-10.048547,33.953682,112.513350,-6.064551,24.084082,85.552968,-4.479986,23.806947,87.017741,0.030000,
-6.066089,24.102125,85.552340,-10.048970,33.952977,112.517291,-6.067472,24.118356,85.551775,-4.480467,23.807158,87.017302,0.030000,
-6.066089,24.102125,85.552340,-10.049392,33.952273,112.521231,-6.064551,24.084082,85.552968,-4.480948,23.807368,87.016863,0.030000,
-6.066089,24.102125,85.552340,-10.049815,33.951568,112.525170,-6.067472,24.118356,85.551775,-4.481429,23.807578,87.016424,0.030000,
-6.066089,24.102125,85.552340,-10.050237,33.950864,112.529109,-6.064551,24.084082,85.552968,-4.481910,23.807788,87.015985,0.030000,
-6.066089,24.102125,85.552340,-10.050660,33.950159,112.533046,-6.067472,24.118356,85.551775,-4.482391,23.807998,87.015546,0.030000,
-6.066089,24.102125,85.552340,-10.051082,33.949455,112.536984,-6.064551,24.084082,85.552968,-4.482872,23.808207,87.015108,0.030000,
-6.066089,24.102125,85.552340,-10.051505,33.948751,112.540920,-6.067472,24.118356,85.551775,-4.483352,23.808417,87.014669,0.030000,
-6.066089,24.102125,85.552340,-10.051927,33.948047,112.544856,-6.064551,24.084082,85.552968,-4.483833,23.808626,87.014231,0.030000,
-6.066089,24.102125,85.552340,-10.052350,33.947343,112.548791,-6.067472,24.118356,85.551775,-4.484313,23.808836,87.013793,0.030000,
-6.066089,24.102125,85.552340,-10.052772,33.946639,112.552725,-6.064551,24.084082,85.552968,-4.484793,23.809045,87.013355,0.030000,
-6.066089,24.102125,85.552340,-10.053195,33.945935,112.556658,-6.067472,24.118356,85.551775,-4.485273,23.809254,87.012917,0.030000,
-6.066089,24.102125,85.552340,-10.053617,33.945231,112.560591,-6.064551,24.084082,85.552968,-4.485753,23.809463,87.012479,0.030000,
-6.066089,24.102125,85.552340,-10.054040,33.944528,112.564523,-6.067472,24.118356,85.551775,-4.486232,23.809671,87.012042,0.030000,
-6.066089,24.102125,85.552340,-10.054462,33.943824,112.568454,-6.064551,24.084082,85.552968,-4.486712,23.809880,87.011604,0.030000,
-6.066089,24.102125,85.552340,-10.054885,33.943121,112.572385,-6.067472,24.118356,85.551775,-4.487191,23.810088,87.011167,0.030000,
-6.066089,24.102125,85.552340,-10.055307,33.942418,112.576315,-6.064551,24.084082,85.552968,-4.487670,23.810297,87.010730,0.030000,
-6.066089,24.102125,85.552340,-10.055730,33.941715,112.580244,-6.067472,24.118356,85.551775,-4.488149,23.810505,87.010292,0.030000,
-6.066089,24.102125,85.552340,-10.056152,33.941012,112.584172,-6.064551,24.084082,85.552968,-4.488628,23.810713,87.009855,0.030000,
-6.066089,24.102125,85.552340,-10.056575,33.940309,112.588100,-6.067472,24.118356,85.551775,-4.489107,23.810921,87.009419,0.030000,
-6.066089,24.102125,85.552340,-10.056997,33.939606,112.592027,-6.064551,24.084082,85.552968,-4.489586,23.811129,87.008982,0.030000,
-6.066089,24.102125,85.552340,-10.057420,33.938903,112.595953,-6.067472,24.118356,85.551775,-4.490064,23.811336,87.008545,0.030000,
-6.066089,24.102125,85.552340,-10.057842,33.938201,112.599878,-6.064551,24.084082,85.552968,-4.490543,23.811544,87.008109,0.030000,
-6.066089,24.102125,85.552340,-10.058265,33.937498,112.603803,-6.067472,24.118356,85.551775,-4.491021,23.811751,87.007672,0.030000,
-6.066089,24.102125,85.552340,-10.058687,33.936796,112.607727,-6.064551,24.084082,85.552968,-4.491499,23.811959,87.007236,0.030000,
-6.066089,24.102125,85.552340,-10.059110,33.936094,112.611650,-6.067472,24.118356,85.551775,-4.491977,23.812166,87.006800,0.030000,
-6.066089,24.102125,85.552340,-10.059532,33.935391,112.615573,-6.064551,24.084082,85.552968,-4.492454,23.812373,87.006364,0.030000,
-6.066089,24.102125,85.552340,-10.059955,33.934689,112.619495,-6.067472,24.118356,85.551775,-4.492932,23.812580,87.005928,0.030000,
-6.066089,24.102125,85.552340,-10.060377,33.933987,112.623416,-6.064551,24.084082,85.552968,-4.493409,23.812786,87.005493,0.030000,
-6.066089,24.102125,85.552340,-10.060800,33.933286,112.627336,-6.067472,24.118356,85.551775,-4.493887,23.812993,87.005057,0.030000,
-6.066089,24.102125,85.552340,-10.061222,33.932584,112.631256,-6.064551,24.084082,85.552968,-4.494364,23.813199,87.004622,0.030000,
-6.066089,24.102125,85.552340,-10.061645,33.931882,112.635175,-6.067472,24.118356,85.551775,-4.494841,23.813406,87.004186,0.030000,
-6.066089,24.102125,85.552340,-10.062067,33.931181,112.639093,-6.064551,24.084082,85.552968,-4.495318,23.813612,87.003751,0.030000,
-6.066089,24.102125,85.552340,-10.062490,33.930479,112.643010,-6.067472,24.118356,85.551775,-4.495795,23.813818,87.003316,0.030000,
-6.066089,24.102125,85.552340,-10.062913,33.929778,112.646927,-6.064551,24.084082,85.552968,-4.496271,23.814024,87.002881,0.030000,
-6.066089,24.102125,85.552340,-10.063335,33.929077,112.650843,-6.067472,24.118356,85.551775,-4.496748,23.814230,87.002447,0.030000,
-6.066089,24.102125,85.552340,-10.063758,33.928376,112.654758,-6.064551,24.084082,85.552968,-4.497224,23.814435,87.002012,0.030000,
-6.066089,24.102125,85.552340,-10.064180,33.927675,112.658673,-6.067472,24.118356,85.551775,-4.497700,23.814641,87.001577,0.030000,
-6.066089,24.102125,85.552340,-10.064603,33.926974,112.662587,-6.064551,24.084082,85.552968,-4.498176,23.814846,87.001143,0.030000,
-6.066089,24.102125,85.552340,-10.065025,33.926273,112.666500,-6.067472,24.118356,85.551775,-4.498652,23.815051,87.000709,0.030000,
-6.066089,24.102125,85.552340,-10.065448,33.925573,112.670412,-6.064551,24.084082,85.552968,-4.499128,23.815256,87.000275,0.030000,
-6.066089,24.102125,85.552340,-10.065870,33.924872,112.674324,-6.067472,24.118356,85.551775,-4.499603,23.815461,86.999841,0.030000,
-6.066089,24.102125,85.552340,-10.066293,33.924172,112.678234,-6.064551,24.084082,85.552968,-4.500079,23.815666,86.999407,0.030000,
-6.066089,24.102125,85.552340,-10.066715,33.923471,112.682145,-6.067472,24.118356,85.551775,-4.500554,23.815871,86.998973,0.030000,
-6.066089,24.102125,85.552340,-10.067138,33.922771,112.686054,-6.064551,24.084082,85.552968,-4.501029,23.816076,86.998539,0.030000,
-6.066089,24.102125,85.552340,-10.067560,33.922071,112.689963,-6.067472,24.118356,85.551775,-4.501504,23.816280,86.998106,0.030000,
-6.066089,24.102125,85.552340,-10.067983,33.921371,112.693871,-6.064551,24.084082,85.552968,-4.501979,23.816484,86.997672,0.030000,
-6.066089,24.102125,85.552340,-10.068405,33.920671,112.697778,-6.067472,24.118356,85.551775,-4.502454,23.816688,86.997239,0.030000,
-6.066089,24.102125,85.552340,-10.068828,33.919971,112.701684,-6.064551,24.084082,85.552968,-4.502928,23.816893,86.996806,0.030000,
-6.066089,24.102125,85.552340,-10.069251,33.919272,112.705590,-6.067472,24.118356,85.551775,-4.503403,23.817096,86.996373,0.030000,
-6.066089,24.102125,85.552340,-10.069673,33.918572,112.709495,-6.064551,24.084082,85.552968,-4.503877,23.817300,86.995940,0.030000,
-6.066089,24.102125,85.552340,-10.070096,33.917873,112.713400,-6.067472,24.118356,85.551775,-4.504351,23.817504,86.995508,0.030000,
-6.066089,24.102125,85.552340,-10.070518,33.917173,112.717303,-6.064551,24.084082,85.552968,-4.504825,23.817707,86.995075,0.030000,
-6.066089,24.102125,85.552340,-10.070941,33.916474,112.721206,-6.067472,24.118356,85.551775,-4.505299,23.817911,86.994642,0.030000,
-6.066089,24.102125,85.552340,-10.071363,33.915775,112.725108,-6.064551,24.084082,85.552968,-4.505772,23.818114,86.994210,0.030000,
-6.066089,24.102125,85.552340,-10.071786,33.915076,112.729010,-6.067472,24.118356,85.551775,-4.506246,23.818317,86.993778,0.030000,
-6.066089,24.102125,85.552340,-10.072208,33.914377,112.732911,-6.064551,24.084082,85.552968,-4.506719,23.818520,86.993346,0.030000,
-6.066089,24.102125,85.552340,-10.072631,33.913678,112.736811,-6.067472,24.118356,85.551775,-4.507193,23.818723,86.992914,0.030000,
-6.066089,24.102125,85.552340,-10.073053,33.912979,112.740710,-6.064551,24.084082,85.552968,-4.507666,23.818926,86.992482,0.030000,
-6.066089,24.102125,85.552340,-10.073476,33.912281,112.744608,-6.067472,24.118356,85.551775,-4.508139,23.819128,86.992050,0.030000,
-6.066089,24.102125,85.552340,-10.073899,33.911582,112.748506,-6.064551,24.084082,85.552968,-4.508612,23.819331,86.991619,0.030000,
-6.066089,24.102125,85.552340,-10.074321,33.910884,112.752403,-6.067472,24.118356,85.551775,-4.509084,23.819533,86.991187,0.030000,
-6.066089,24.102125,85.552340,-10.074744,33.910186,112.756300,-6.064551,24.084082,85.552968,-4.509557,23.819735,86.990756,0.030000,
-6.066089,24.102125,85.552340,-10.075166,33.909487,112.760195,-6.067472,24.118356,85.551775,-4.510029,23.819937,86.990325,0.030000,
-6.066089,24.102125,85.552340,-10.075589,33.908789,112.764090,-6.064551,24.084082,85.552968,-4.510501,23.820139,86.989894,0.030000,
-6.066089,24.102125,85.552340,-10.076011,33.908091,112.767984,-6.067472,24.118356,85.551775,-4.510974,23.820341,86.989463,0.030000,
-6.066089,24.102125,85.552340,-10.076434,33.907393,112.771878,-6.064551,24.084082,85.552968,-4.511446,23.820543,86.989032,0.030000,
-6.066089,24.102125,85.552340,-10.076856,33.906696,112.775771,-6.067472,24.118356,85.551775,-4.511917,23.820744,86.988601,0.030000,
-6.066089,24.102125,85.552340,-10.077279,33.905998,112.779663,-6.064551,24.084082,85.552968,-4.512389,23.820946,86.988171,0.030000,
-6.066089,24.102125,85.552340,-10.077701,33.905301,112.783554,-6.067472,24.118356,85.551775,-4.512861,23.821147,86.987740,0.030000,
-6.066089,24.102125,85.552340,-10.078124,33.904603,112.787445,-6.064551,24.084082,85.552968,-4.513332,23.821348,86.987310,0.030000,
-6.066089,24.102125,85.552340,-10.078546,33.903906,112.791335,-6.067472,24.118356,85.551775,-4.513803,23.821549,86.986880,0.030000,
-6.066089,24.102125,85.552340,-10.078969,33.903209,112.795224,-6.064551,24.084082,85.552968,-4.514274,23.821750,86.986450,0.030000,
-6.066089,24.102125,85.552340,-10.079392,33.902512,112.799112,-6.067472,24.118356,85.551775,-4.514745,23.821951,86.986020,0.030000,
-6.066089,24.102125,85.552340,-10.079814,33.901815,112.803000,-6.064551,24.084082,85.552968,-4.515216,23.822152,86.985590,0.030000,
-6.066089,24.102125,85.552340,-10.080237,33.901118,112.806887,-6.067472,24.118356,85.551775,-4.515687,23.822352,86.985160,0.030000,
-6.066089,24.102125,85.552340,-10.080659,33.900421,112.810773,-6.064551,24.084082,85.552968,-4.516157,23.822553,86.984731,0.030000,
-6.066089,24.102125,85.552340,-10.081082,33.899724,112.814659,-6.067472,24.118356,85.551775,-4.516628,23.822753,86.984301,0.030000,
-6.066089,24.102125,85.552340,-10.081504,33.899028,112.818543,-6.064551,24.084082,85.552968,-4.517098,23.822953,86.983872,0.030000,
-6.066089,24.102125,85.552340,-10.081927,33.898331,112.822427,-6.067472,24.118356,85.551775,-4.517568,23.823153,86.983443,0.030000,
-6.066089,24.102125,85.552340,-10.082349,33.897635,112.826311,-6.064551,24.084082,85.552968,-4.518038,23.823353,86.983014,0.030000,
-6.066089,24.102125,85.552340,-10.082772,33.896939,112.830193,-6.067472,24.118356,85.551775,-4.518508,23.823553,86.982585,0.030000,
-6.066089,24.102125,85.552340,-10.083194,33.896243,112.834075,-6.064551,24.084082,85.552968,-4.518978,23.823752,86.982156,0.030000,
-6.066089,24.102125,85.552340,-10.083617,33.895547,112.837957,-6.067472,24.118356,85.551775,-4.519447,23.823952,86.981728,0.030000,
-6.066089,24.102125,85.552340,-10.084039,33.894851,112.841837,-6.064551,24.084082,85.552968,-4.519916,23.824151,86.981299,0.030000,
-6.066089,24.102125,85.552340,-10.084462,33.894155,112.845717,-6.067472,24.118356,85.551775,-4.520386,23.824350,86.980871,0.030000,
-6.066089,24.102125,85.552340,-10.084884,33.893459,112.849596,-6.064551,24.084082,85.552968,-4.520855,23.824549,86.980443,0.030000,
-6.066089,24.102125,85.552340,-10.085307,33.892764,112.853474,-6.067472,24.118356,85.551775,-4.521324,23.824748,86.980014,0.030000,
-6.066089,24.102125,85.552340,-10.085729,33.892068,112.857352,-6.064551,24.084082,85.552968,-4.521793,23.824947,86.979586,0.030000,
-6.066089,24.102125,85.552340,-10.086152,33.891373,112.861229,-6.067472,24.118356,85.551775,-4.522261,23.825146,86.979159,0.030000,
-6.066089,24.102125,85.552340,-10.086574,33.890678,112.865105,-6.064551,24.084082,85.552968,-4.522730,23.825344,86.978731,0.030000,
-6.066089,24.102125,85.552340,-10.086997,33.889982,112.868980,-6.067472,24.118356,85.551775,-4.523198,23.825543,86.978303,0.030000,
-6.066089,24.102125,85.552340,-10.087420,33.889287,112.872855,-6.064551,24.084082,85.552968,-4.523666,23.825741,86.977876,0.030000,
-6.066089,24.102125,85.552340,-10.087842,33.888592,112.876729,-6.067472,24.118356,85.551775,-4.524135,23.825939,86.977448,0.030000,
-6.066089,24.102125,85.552340,-10.088265,33.887898,112.880602,-6.064551,24.084082,85.552968,-4.524603,23.826137,86.977021,0.030000,
-6.066089,24.102125,85.552340,-10.088687,33.887203,112.884475,-6.067472,24.118356,85.551775,-4.525070,23.826335,86.976594,0.030000,
-6.066089,24.102125,85.552340,-10.089110,33.886508,112.888346,-6.064551,24.084082,85.552968,-4.525538,23.826533,86.976167,0.030000,
-6.066089,24.102125,85.552340,-10.089532,33.885814,112.892218,-6.067472,24.118356,85.551775,-4.526006,23.826731,86.975740,0.030000,
-6.066089,24.102125,85.552340,-10.089955,33.885119,112.896088,-6.064551,24.084082,85.552968,-4.526473,23.826928,86.975313,0.030000,
-6.066089,24.102125,85.552340,-10.090377,33.884425,112.899958,-6.067472,24.118356,85.551775,-4.526940,23.827126,86.974887,0.030000,
-6.066089,24.102125,85.552340,-10.090800,33.883731,112.903827,-6.064551,24.084082,85.552968,-4.527407,23.827323,86.974460,0.030000,
-6.066089,24.102125,85.552340,-10.091222,33.883037,112.907695,-6.067472,24.118356,85.551775,-4.527874,23.827520,86.974034,0.030000,
-6.066089,24.102125,85.552340,-10.091645,33.882343,112.911562,-6.064551,24.084082,85.552968,-4.528341,23.827717,86.973608,0.030000,
-6.066089,24.102125,85.552340,-10.092067,33.881649,112.915429,-6.067472,24.118356,85.551775,-4.528808,23.827914,86.973181,0.030000,
-6.066089,24.102125,85.552340,-10.092490,33.880955,112.919295,-6.064551,24.084082,85.552968,-4.529274,23.828111,86.972755,0.030000,
-6.066089,24.102125,85.552340,-10.092912,33.880262,112.923160,-6.067472,24.118356,85.551775,-4.529741,23.828307,86.972330,0.030000,
-6.066089,24.102125,85.552340,-10.093335,33.879568,112.927025,-6.064551,24.084082,85.552968,-4.530207,23.828504,86.971904,0.030000,
-6.066089,24.102125,85.552340,-10.093757,33.878875,112.930889,-6.067472,24.118356,85.551775,-4.530673,23.828700,86.971478,0.030000,
-6.066089,24.102125,85.552340,-10.094180,33.878181,112.934752,-6.064551,24.084082,85.552968,-4.531139,23.828897,86.971053,0.030000,
-6.066089,24.102125,85.552340,-10.094602,33.877488,112.938615,-6.067472,24.118356,85.551775,-4.531605,23.829093,86.970627,0.030000,
-6.066089,24.102125,85.552340,-10.095025,33.876795,112.942476,-6.064551,24.084082,85.552968,-4.532071,23.829289,86.970202,0.030000,
-6.066089,24.102125,85.552340,-10.095447,33.876102,112.946337,-6.067472,24.118356,85.551775,-4.532536,23.829485,86.969777,0.030000,
-6.066089,24.102125,85.552340,-10.095869,33.875409,112.950198,-6.064551,24.084082,85.552968,-4.533002,23.829680,86.969352,0.030000,
-6.066089,24.102125,85.552340,-10.096292,33.874716,112.954057,-6.067472,24.118356,85.551775,-4.533467,23.829876,86.968927,0.030000,
-6.066089,24.102125,85.552340,-10.096714,33.874024,112.957916,-6.064551,24.084082,85.552968,-4.533932,23.830071,86.968503,0.030000,
-6.066089,24.102125,85.552340,-10.097137,33.873331,112.961774,-6.067472,24.118356,85.551775,-4.534397,23.830267,86.968078,0.030000,
-6.066089,24.102125,85.552340,-10.097559,33.872639,112.965632,-6.064551,24.084082,85.552968,-4.534862,23.830462,86.967653,0.030000,
-6.066089,24.102125,85.552340,-10.097982,33.871946,112.969489,-6.067472,24.118356,85.551775,-4.535327,23.830657,86.967229,0.030000,
-6.066089,24.102125,85.552340,-10.098404,33.871254,112.973345,-6.064551,24.084082,85.552968,-4.535791,23.830852,86.966805,0.030000,
-6.066089,24.102125,85.552340,-10.098827,33.870562,112.977200,-6.067472,24.118356,85.551775,-4.536256,23.831047,86.966381,0.030000,
-6.066089,24.102125,85.552340,-10.099249,33.869870,112.981055,-6.064551,24.084082,85.552968,-4.536720,23.831242,86.965957,0.030000,
-6.066089,24.102125,85.552340,-10.099672,33.869178,112.984908,-6.067472,24.118356,85.551775,-4.537184,23.831436,86.965533,0.030000,
-6.066089,24.102125,85.552340,-10.100094,33.868486,112.988762,-6.064551,24.084082,85.552968,-4.537648,23.831631,86.965109,0.030000,
-6.066089,24.102125,85.552340,-10.100517,33.867794,112.992614,-6.067472,24.118356,85.551775,-4.538112,23.831825,86.964686,0.030000,
-6.066089,24.102125,85.552340,-10.100939,33.867103,112.996466,-6.064551,24.084082,85.552968,-4.538576,23.832019,86.964262,0.030000,
-6.066089,24.102125,85.552340,-10.101361,33.866411,113.000317,-6.067472,24.118356,85.551775,-4.539039,23.832213,86.963839,0.030000,
-6.066089,24.102125,85.552340,-10.101784,33.865720,113.004167,-6.064551,24.084082,85.552968,-4.539503,23.832407,86.963416,0.030000,
-6.066089,24.102125,85.552340,-10.102206,33.865029,113.008017,-6.067472,24.118356,85.551775,-4.539966,23.832601,86.962993,0.030000,
-6.066089,24.102125,85.552340,-10.102629,33.864338,113.011865,-6.064551,24.084082,85.552968,-4.540429,23.832795,86.962570,0.030000,
-6.066089,24.102125,85.552340,-10.103051,33.863647,113.015714,-6.067472,24.118356,85.551775,-4.540892,23.832989,86.962147,0.030000,
-6.066089,24.102125,85.552340,-10.103474,33.862956,113.019561,-6.064551,24.084082,85.552968,-4.541355,23.833182,86.961724,0.030000,
-6.066089,24.102125,85.552340,-10.103896,33.862265,113.023408,-6.067472,24.118356,85.551775,-4.541818,23.833375,86.961302,0.030000,
-6.066089,24.102125,85.552340,-10.104319,33.861574,113.027254,-6.064551,24.084082,85.552968,-4.542280,23.833569,86.960879,0.030000,
-6.066089,24.102125,85.552340,-10.104741,33.860883,113.031099,-6.067472,24.118356,85.551775,-4.542743,23.833762,86.960457,0.030000,
-6.066089,24.102125,85.552340,-10.105163,33.860193,113.034944,-6.064551,24.084082,85.552968,-4.543205,23.833955,86.960035,0.030000,
-6.066089,24.102125,85.552340,-10.105586,33.859502,113.038787,-6.067472,24.118356,85.551775,-4.543667,23.834148,86.959612,0.030000,
-6.066089,24.102125,85.552340,-10.106008,33.858812,113.042631,-6.064551,24.084082,85.552968,-4.544129,23.834340,86.959190,0.030000,
-6.066089,24.102125,85.552340,-10.106431,33.858122,113.046473,-6.067472,24.118356,85.551775,-4.544591,23.834533,86.958769,0.030000,
-6.066089,24.102125,85.552340,-10.106853,33.857432,113.050315,-6.064551,24.084082,85.552968,-4.545053,23.834725,86.958347,0.030000,
-6.066089,24.102125,85.552340,-10.107275,33.856742,113.054156,-6.067472,24.118356,85.551775,-4.545514,23.834918,86.957925,0.030000,
-6.066089,24.102125,85.552340,-10.107698,33.856052,113.057996,-6.064551,24.084082,85.552968,-4.545976,23.835110,86.957504,0.030000,
-6.066089,24.102125,85.552340,-10.108120,33.855362,113.061835,-6.067472,24.118356,85.551775,-4.546437,23.835302,86.957083,0.030000,
-6.066089,24.102125,85.552340,-10.108543,33.854673,113.065674,-6.064551,24.084082,85.552968,-4.546898,23.835494,86.956661,0.030000,
-6.066089,24.102125,85.552340,-10.108965,33.853983,113.069512,-6.067472,24.118356,85.551775,-4.547359,23.835686,86.956240,0.030000,
-6.066089,24.102125,85.552340,-10.109387,33.853294,113.073350,-6.064551,24.084082,85.552968,-4.547820,23.835878,86.955819,0.030000,
-6.066089,24.102125,85.552340,-10.109810,33.852604,113.077187,-6.067472,24.118356,85.551775,-4.548281,23.836069,86.955398,0.030000,
-6.066089,24.102125,85.552340,-10.110232,33.851915,113.081023,-6.064551,24.084082,85.552968,-4.548742,23.836261,86.954978,0.030000,
-6.066089,24.102125,85.552340,-10.110655,33.851226,113.084858,-6.067472,24.118356,85.551775,-4.549202,23.836452,86.954557,0.030000,
-6.066089,24.102125,85.552340,-10.111077,33.850537,113.088692,-6.064551,24.084082,85.552968,-4.549662,23.836643,86.954137,0.030000,
-6.066089,24.102125,85.552340,-10.111499,33.849848,113.092526,-6.067472,24.118356,85.551775,-4.550123,23.836834,86.953716,0.030000,
-6.066089,24.102125,85.552340,-10.111922,33.849159,113.096359,-6.064551,24.084082,85.552968,-4.550583,23.837025,86.953296,0.030000,
-6.066089,24.102125,85.552340,-10.112344,33.848471,113.100192,-6.067472,24.118356,85.551775,-4.551043,23.837216,86.952876,0.030000,
-6.066089,24.102125,85.552340,-10.112766,33.847782,113.104024,-6.064551,24.084082,85.552968,-4.551502,23.837407,86.952456,0.030000,
-6.066089,24.102125,85.552340,-10.113189,33.847094,113.107855,-6.067472,24.118356,85.551775,-4.551962,23.837597,86.952036,0.030000,
-6.066089,24.102125,85.552340,-10.113611,33.846405,113.111685,-6.064551,24.084082,85.552968,-4.552422,23.837788,86.951617,0.030000,
-6.066089,24.102125,85.552340,-10.114033,33.845717,113.115514,-6.067472,24.118356,85.551775,-4.552881,23.837978,86.951197,0.030000,
-6.066089,24.102125,85.552340,-10.114456,33.845029,113.119343,-6.064551,24.084082,85.552968,-4.553340,23.838169,86.950777,0.030000,
-6.066089,24.102125,85.552340,-10.114878,33.844341,113.123171,-6.067472,24.118356,85.551775,-4.553799,23.838359,86.950358,0.030000,
-6.066089,24.102125,85.552340,-10.115300,33.843653,113.126999,-6.064551,24.084082,85.552968,-4.554258,23.838549,86.949939,0.030000,
-6.066089,24.102125,85.552340,-10.115723,33.842965,113.130826,-6.067472,24.118356,85.551775,-4.554717,23.838738,86.949520,0.030000,
-6.066089,24.102125,85.552340,-10.116145,33.842277,113.134652,-6.064551,24.084082,85.552968,-4.555176,23.838928,86.949101,0.030000,
-6.066089,24.102125,85.552340,-10.116567,33.841590,113.138477,-6.067472,24.118356,85.551775,-4.555634,23.839118,86.948682,0.030000,
-6.066089,24.102125,85.552340,-10.116990,33.840902,113.142301,-6.064551,24.084082,85.552968,-4.556093,23.839307,86.948263,0.030000,
-6.066089,24.102125,85.552340,-10.117412,33.840215,113.146125,-6.067472,24.118356,85.551775,-4.556551,23.839497,86.947845,0.030000,
-6.066089,24.102125,85.552340,-10.117834,33.839528,113.149948,-6.064551,24.084082,85.552968,-4.557009,23.839686,86.947426,0.030000,
-6.066089,24.102125,85.552340,-10.118257,33.838840,113.153771,-6.067472,24.118356,85.551775,-4.557467,23.839875,86.947008,0.030000,
-6.066089,24.102125,85.552340,-10.118679,33.838153,113.157593,-6.064551,24.084082,85.552968,-4.557925,23.840064,86.946590,0.030000,
-6.066089,24.102125,85.552340,-10.119101,33.837466,113.161414,-6.067472,24.118356,85.551775,-4.558382,23.840253,86.946172,0.030000,
-6.066089,24.102125,85.552340,-10.119524,33.836780,113.165234,-6.064551,24.084082,85.552968,-4.558840,23.840442,86.945754,0.030000,
-6.066089,24.102125,85.552340,-10.119946,33.836093,113.169054,-6.067472,24.118356,85.551775,-4.559297,23.840630,86.945336,0.030000,
-6.066089,24.102125,85.552340,-10.120368,33.835406,113.172873,-6.064551,24.084082,85.552968,-4.559755,23.840819,86.944918,0.030000,
-6.066089,24.102125,85.552340,-10.120790,33.834720,113.176691,-6.067472,24.118356,85.551775,-4.560212,23.841007,86.944500,0.030000,
-6.066089,24.102125,85.552340,-10.121213,33.834033,113.180508,-6.064551,24.084082,85.552968,-4.560669,23.841195,86.944083,0.030000,
-6.066089,24.102125,85.552340,-10.121635,33.833347,113.184325,-6.067472,24.118356,85.551775,-4.561126,23.841384,86.943666,0.030000,
-6.066089,24.102125,85.552340,-10.122057,33.832661,113.188141,-6.064551,24.084082,85.552968,-4.561582,23.841572,86.943248,0.030000,
-6.066089,24.102125,85.552340,-10.122479,33.831975,113.191956,-6.067472,24.118356,85.551775,-4.562039,23.841759,86.942831,0.030000,
-6.066089,24.102125,85.552340,-10.122902,33.831289,113.195771,-6.064551,24.084082,85.552968,-4.562495,23.841947,86.942414,0.030000,
-6.066089,24.102125,85.552340,-10.123324,33.830603,113.199585,-6.067472,24.118356,85.551775,-4.562952,23.842135,86.941997,0.030000,
-6.066089,24.102125,85.552340,-10.123746,33.829917,113.203398,-6.064551,24.084082,85.552968,-4.563408,23.842322,86.941581,0.030000,
-6.066089,24.102125,85.552340,-10.124168,33.829231,113.207211,-6.067472,24.118356,85.551775,-4.563864,23.842510,86.941164,0.030000,
-6.066089,24.102125,85.552340,-10.124591,33.828546,113.211022,-6.064551,24.084082,85.552968,-4.564320,23.842697,86.940748,0.030000,
-6.066089,24.102125,85.552340,-10.125013,33.827860,113.214834,-6.067472,24.118356,85.551775,-4.564775,23.842884,86.940331,0.030000,
-6.066089,24.102125,85.552340,-10.125435,33.827175,113.218644,-6.064551,24.084082,85.552968,-4.565231,23.843071,86.939915,0.030000,
-6.066089,24.102125,85.552340,-10.125857,33.826490,113.222454,-6.067472,24.118356,85.551775,-4.565687,23.843258,86.939499,0.030000,
-6.066089,24.102125,85.552340,-10.126280,33.825805,113.226263,-6.064551,24.084082,85.552968,-4.566142,23.843445,86.939083,0.030000,
-6.066089,24.102125,85.552340,-10.126702,33.825120,113.230071,-6.067472,24.118356,85.551775,-4.566597,23.843632,86.938667,0.030000,
-6.066089,24.102125,85.552340,-10.127124,33.824435,113.233878,-6.064551,24.084082,85.552968,-4.567052,23.843818,86.938251,0.030000,
-6.066089,24.102125,85.552340,-10.127546,33.823750,113.237685,-6.067472,24.118356,85.551775,-4.567507,23.844005,86.937836,0.030000,
-6.066089,24.102125,85.552340,-10.127968,33.823065,113.241491,-6.064551,24.084082,85.552968,-4.567962,23.844191,86.937420,0.030000,
-6.066089,24.102125,85.552340,-10.128391,33.822381,113.245297,-6.067472,24.118356,85.551775,-4.568416,23.844377,86.937005,0.030000,
-6.066089,24.102125,85.552340,-10.128813,33.821696,113.249101,-6.064551,24.084082,85.552968,-4.568871,23.844563,86.936590,0.030000,
-6.066089,24.102125,85.552340,-10.129235,33.821012,113.252905,-6.067472,24.118356,85.551775,-4.569325,23.844749,86.936174,0.030000,
-6.066089,24.102125,85.552340,-10.129657,33.820328,113.256709,-6.064551,24.084082,85.552968,-4.569780,23.844935,86.935759,0.030000,
-6.066089,24.102125,85.552340,-10.130079,33.819644,113.260511,-6.067472,24.118356,85.551775,-4.570234,23.845121,86.935344,0.030000,
-6.066089,24.102125,85.552340,-10.130501,33.818960,113.264313,-6.064551,24.084082,85.552968,-4.570688,23.845306,86.934930,0.030000,
-6.066089,24.102125,85.552340,-10.130924,33.818276,113.268114,-6.067472,24.118356,85.551775,-4.571141,23.845492,86.934515,0.030000,
-6.066089,24.102125,85.552340,-10.131346,33.817592,113.271915,-6.064551,24.084082,85.552968,-4.571595,23.845677,86.934101,0.030000,
-6.066089,24.102125,85.552340,-10.131768,33.816908,113.275715,-6.067472,24.118356,85.551775,-4.572049,23.845862,86.933686,0.030000,
-6.066089,24.102125,85.552340,-10.132190,33.816225,113.279514,-6.064551,24.084082,85.552968,-4.572502,23.846047,86.933272,0.030000,
-6.066089,24.102125,85.552340,-10.132612,33.815541,113.283312,-6.067472,24.118356,85.551775,-4.572955,23.846232,86.932858,0.030000,
-6.066089,24.102125,85.552340,-10.133034,33.814858,113.287110,-6.064551,24.084082,85.552968,-4.573408,23.846417,86.932444,0.030000,
-6.066089,24.102125,85.552340,-10.133456,33.814174,113.290907,-6.067472,24.118356,85.551775,-4.573861,23.846602,86.932030,0.030000,
-6.066089,24.102125,85.552340,-10.133879,33.813491,113.294703,-6.064551,24.084082,85.552968,-4.574314,23.846787,86.931616,0.030000,
-6.066089,24.102125,85.552340,-10.134301,33.812808,113.298498,-6.067472,24.118356,85.551775,-4.574767,23.846971,86.931202,0.030000,
-6.066089,24.102125,85.552340,-10.134723,33.812125,113.302293,-6.064551,24.084082,85.552968,-4.575219,23.847156,86.930789,0.030000,
-6.066089,24.102125,85.552340,-10.135145,33.811442,113.306087,-6.067472,24.118356,85.551775,-4.575672,23.847340,86.930375,0.030000,
-6.066089,24.102125,85.552340,-10.135567,33.810760,113.309881,-6.064551,24.084082,85.552968,-4.576124,23.847524,86.929962,0.030000,
-6.066089,24.102125,85.552340,-10.135989,33.810077,113.313673,-6.067472,24.118356,85.551775,-4.576576,23.847708,86.929549,0.030000,
-6.066089,24.102125,85.552340,-10.136411,33.809394,113.317465,-6.064551,24.084082,85.552968,-4.577028,23.847892,86.929136,0.030000,
-6.066089,24.102125,85.552340,-10.136833,33.808712,113.321257,-6.067472,24.118356,85.551775,-4.577480,23.848076,86.928723,0.030000,
-6.066089,24.102125,85.552340,-10.137255,33.808030,113.325047,-6.064551,24.084082,85.552968,-4.577932,23.848259,86.928310,0.030000,
-6.066089,24.102125,85.552340,-10.137677,33.807347,113.328837,-6.067472,24.118356,85.551775,-4.578383,23.848443,86.927898,0.030000,
-6.066089,24.102125,85.552340,-10.138099,33.806665,113.332626,-6.064551,24.084082,85.552968,-4.578835,23.848626,86.927485,0.030000,
-6.066089,24.102125,85.552340,-10.138522,33.805983,113.336415,-6.067472,24.118356,85.551775,-4.579286,23.848810,86.927073,0.030000,
-6.066089,24.102125,85.552340,-10.138944,33.805301,113.340202,-6.064551,24.084082,85.552968,-4.579737,23.848993,86.926660,0.030000,
-6.066089,24.102125,85.552340,-10.139366,33.804620,113.343990,-6.067472,24.118356,85.551775,-4.580189,23.849176,86.926248,0.030000,
-6.066089,24.102125,85.552340,-10.139788,33.803938,113.347776,-6.064551,24.084082,85.552968,-4.580639,23.849359,86.925836,0.030000,
-6.066089,24.102125,85.552340,-10.140210,33.803256,113.351562,-6.067472,24.118356,85.551775,-4.581090,23.849542,86.925424,0.030000,
-6.066089,24.102125,85.552340,-10.140632,33.802575,113.355346,-6.064551,24.084082,85.552968,-4.581541,23.849724,86.925012,0.030000,
-6.066089,24.102125,85.552340,-10.141054,33.801894,113.359131,-6.067472,24.118356,85.551775,-4.581991,23.849907,86.924601,0.030000,
-6.066089,24.102125,85.552340,-10.141476,33.801212,113.362914,-6.064551,24.084082,85.552968,-4.582442,23.850089,86.924189,0.030000,
-6.066089,24.102125,85.552340,-10.141898,33.800531,113.366697,-6.067472,24.118356,85.551775,-4.582892,23.850272,86.923778,0.030000,
-6.066089,24.102125,85.552340,-10.142320,33.799850,113.370479,-6.064551,24.084082,85.552968,-4.583342,23.850454,86.923366,0.030000,
-6.066089,24.102125,85.552340,-10.142742,33.799169,113.374261,-6.067472,24.118356,85.551775,-4.583792,23.850636,86.922955,0.030000,
-6.066089,24.102125,85.552340,-10.143164,33.798489,113.378041,-6.064551,24.084082,85.552968,-4.584242,23.850818,86.922544,0.030000,
-6.066089,24.102125,85.552340,-10.143586,33.797808,113.381821,-6.067472,24.118356,85.551775,-4.584691,23.851000,86.922133,0.030000,
-6.066089,24.102125,85.552340,-10.144008,33.797127,113.385601,-6.064551,24.084082,85.552968,-4.585141,23.851182,86.921722,0.030000,
-6.066089,24.102125,85.552340,-10.144430,33.796447,113.389379,-6.067472,24.118356,85.551775,-4.585590,23.851363,86.921311,0.030000,
-6.066089,24.102125,85.552340,-10.144852,33.795766,113.393157,-6.064551,24.084082,85.552968,-4.586040,23.851545,86.920901,0.030000,
-6.066089,24.102125,85.552340,-10.145274,33.795086,113.396934,-6.067472,24.118356,85.551775,-4.586489,23.851726,86.920490,0.030000,
-6.066089,24.102125,85.552340,-10.145696,33.794406,113.400711,-6.064551,24.084082,85.552968,-4.586938,23.851907,86.920080,0.030000,
-6.066089,24.102125,85.552340,-10.146117,33.793726,113.404487,-6.067472,24.118356,85.551775,-4.587387,23.852089,86.919670,0.030000,
-6.066089,24.102125,85.552340,-10.146539,33.793046,113.408262,-6.064551,24.084082,85.552968,-4.587835,23.852270,86.919260,0.030000,
-6.066089,24.102125,85.552340,-10.146961,33.792366,113.412036,-6.067472,24.118356,85.551775,-4.588284,23.852451,86.918850,0.030000,
-6.066089,24.102125,85.552340,-10.147383,33.791687,113.415810,-6.064551,24.084082,85.552968,-4.588732,23.852631,86.918440,0.030000,
-6.066089,24.102125,85.552340,-10.147805,33.791007,113.419583,-6.067472,24.118356,85.551775,-4.589181,23.852812,86.918030,0.030000,
-6.066089,24.102125,85.552340,-10.148227,33.790327,113.423355,-6.064551,24.084082,85.552968,-4.589629,23.852993,86.917621,0.030000,
-6.066089,24.102125,85.552340,-10.148649,33.789648,113.427127,-6.067472,24.118356,85.551775,-4.590077,23.853173,86.917211,0.030000,
-6.066089,24.102125,85.552340,-10.149071,33.788969,113.430897,-6.064551,24.084082,85.552968,-4.590525,23.853354,86.916802,0.030000,
-6.066089,24.102125,85.552340,-10.149493,33.788290,113.434668,-6.067472,24.118356,85.551775,-4.590973,23.853534,86.916392,0.030000,
-6.066089,24.102125,85.552340,-10.149915,33.787610,113.438437,-6.064551,24.084082,85.552968,-4.591420,23.853714,86.915983,0.030000,
-6.066089,24.102125,85.552340,-10.150337,33.786931,113.442206,-6.067472,24.118356,85.551775,-4.591868,23.853894,86.915574,0.030000,
-6.066089,24.102125,85.552340,-10.150758,33.786253,113.445974,-6.064551,24.084082,85.552968,-4.592315,23.854074,86.915165,0.030000,
-6.066089,24.102125,85.552340,-10.151180,33.785574,113.449741,-6.067472,24.118356,85.551775,-4.592762,23.854253,86.914757,0.030000,
-6.066089,24.102125,85.552340,-10.151602,33.784895,113.453508,-6.064551,24.084082,85.552968,-4.593210,23.854433,86.914348,0.030000,
-6.066089,24.102125,85.552340,-10.152024,33.784217,113.457274,-6.067472,24.118356,85.551775,-4.593656,23.854613,86.913939,0.030000,
-6.066089,24.102125,85.552340,-10.152446,33.783538,113.461039,-6.064551,24.084082,85.552968,-4.594103,23.854792,86.913531,0.030000,
-6.066089,24.102125,85.552340,-10.152868,33.782860,113.464804,-6.067472,24.118356,85.551775,-4.594550,23.854971,86.913123,0.030000,
-6.066089,24.102125,85.552340,-10.153289,33.782182,113.468568,-6.064551,24.084082,85.552968,-4.594997,23.855150,86.912715,0.030000,
-6.066089,24.102125,85.552340,-10.153711,33.781504,113.472331,-6.067472,24.118356,85.551775,-4.595443,23.855330,86.912307,0.030000,
-6.066089,24.102125,85.552340,-10.154133,33.780826,113.476093,-6.064551,24.084082,85.552968,-4.595889,23.855508,86.911899,0.030000,
-6.066089,24.102125,85.552340,-10.154555,33.780148,113.479855,-6.067472,24.118356,85.551775,-4.596335,23.855687,86.911491,0.030000,
-6.066089,24.102125,85.552340,-10.154977,33.779470,113.483616,-6.064551,24.084082,85.552968,-4.596781,23.855866,86.911083,0.030000,
-6.066089,24.102125,85.552340,-10.155398,33.778792,113.487376,-6.067472,24.118356,85.551775,-4.597227,23.856045,86.910676,0.030000,
-6.066089,24.102125,85.552340,-10.155820,33.778115,113.491136,-6.064551,24.084082,85.552968,-4.597673,23.856223,86.910268,0.030000,
-6.066089,24.102125,85.552340,-10.156242,33.777437,113.494895,-6.067472,24.118356,85.551775,-4.598119,23.856401,86.909861,0.030000,
-6.066089,24.102125,85.552340,-10.156664,33.776760,113.498653,-6.064551,24.084082,85.552968,-4.598564,23.856580,86.909454,0.030000,
-6.066089,24.102125,85.552340,-10.157086,33.776083,113.502411,-6.067472,24.118356,85.551775,-4.599009,23.856758,86.909047,0.030000,
-6.066089,24.102125,85.552340,-10.157507,33.775406,113.506168,-6.064551,24.084082,85.552968,-4.599454,23.856936,86.908640,0.030000,
-6.066089,24.102125,85.552340,-10.157929,33.774728,113.509924,-6.067472,24.118356,85.551775,-4.599900,23.857114,86.908233,0.030000,
-6.066089,24.102125,85.552340,-10.158351,33.774052,113.513679,-6.064551,24.084082,85.552968,-4.600344,23.857291,86.907826,0.030000,
-6.066089,24.102125,85.552340,-10.158773,33.773375,113.517434,-6.067472,24.118356,85.551775,-4.600789,23.857469,86.907419,0.030000,
-6.066089,24.102125,85.552340,-10.159194,33.772698,113.521188,-6.064551,24.084082,85.552968,-4.601234,23.857647,86.907013,0.030000,
-6.066089,24.102125,85.552340,-10.159616,33.772021,113.524941,-6.067472,24.118356,85.551775,-4.601678,23.857824,86.906607,0.030000,
-6.066089,24.102125,85.552340,-10.160038,33.771345,113.528694,-6.064551,24.084082,85.552968,-4.602123,23.858001,86.906200,0.030000,
-6.066089,24.102125,85.552340,-10.160459,33.770669,113.532446,-6.067472,24.118356,85.551775,-4.602567,23.858179,86.905794,0.030000,
-6.066089,24.102125,85.552340,-10.160881,33.769992,113.536197,-6.064551,24.084082,85.552968,-4.603011,23.858356,86.905388,0.030000,
-6.066089,24.102125,85.552340,-10.161303,33.769316,113.539948,-6.067472,24.118356,85.551775,-4.603455,23.858533,86.904982,0.030000,
-6.066089,24.102125,85.552340,-10.161724,33.768640,113.543698,-6.064551,24.084082,85.552968,-4.603899,23.858709,86.904577,0.030000,
-6.066089,24.102125,85.552340,-10.162146,33.767964,113.547447,-6.067472,24.118356,85.551775,-4.604343,23.858886,86.904171,0.030000,
-6.066089,24.102125,85.552340,-10.162568,33.767288,113.551195,-6.064551,24.084082,85.552968,-4.604786,23.859063,86.903766,0.030000,
-6.066089,24.102125,85.552340,-10.162989,33.766613,113.554943,-6.067472,24.118356,85.551775,-4.605230,23.859239,86.903360,0.030000,
-6.066089,24.102125,85.552340,-10.163411,33.765937,113.558690,-6.064551,24.084082,85.552968,-4.605673,23.859416,86.902955,0.030000,
-6.066089,24.102125,85.552340,-10.163833,33.765261,113.562436,-6.067472,24.118356,85.551775,-4.606116,23.859592,86.902550,0.030000,
-6.066089,24.102125,85.552340,-10.164254,33.764586,113.566182,-6.064551,24.084082,85.552968,-4.606559,23.859768,86.902145,0.030000,
-6.066089,24.102125,85.552340,-10.164676,33.763911,113.569927,-6.067472,24.118356,85.551775,-4.607002,23.859944,86.901740,0.030000,
-6.066089,24.102125,85.552340,-10.165097,33.763236,113.573671,-6.064551,24.084082,85.552968,-4.607445,23.860120,86.901335,0.030000,
-6.066089,24.102125,85.552340,-10.165519,33.762560,113.577415,-6.067472,24.118356,85.551775,-4.607887,23.860296,86.900930,0.030000,
-6.066089,24.102125,85.552340,-10.165941,33.761885,113.581158,-6.064551,24.084082,85.552968,-4.608330,23.860472,86.900526,0.030000,
-6.066089,24.102125,85.552340,-10.166362,33.761211,113.584900,-6.067472,24.118356,85.551775,-4.608772,23.860647,86.900121,0.030000,
-6.066089,24.102125,85.552340,-10.166784,33.760536,113.588641,-6.064551,24.084082,85.552968,-4.609214,23.860823,86.899717,0.030000,
-6.066089,24.102125,85.552340,-10.167205,33.759861,113.592382,-6.067472,24.118356,85.551775,-4.609657,23.860998,86.899313,0.030000,
-6.066089,24.102125,85.552340,-10.167627,33.759187,113.596122,-6.064551,24.084082,85.552968,-4.610098,23.861173,86.898909,0.030000,
-6.066089,24.102125,85.552340,-10.168048,33.758512,113.599862,-6.067472,24.118356,85.551775,-4.610540,23.861348,86.898505,0.030000,
-6.066089,24.102125,85.552340,-10.168470,33.757838,113.603600,-6.064551,24.084082,85.552968,-4.610982,23.861523,86.898101,0.030000,
-6.066089,24.102125,85.552340,-10.168892,33.757164,113.607338,-6.067472,24.118356,85.551775,-4.611424,23.861698,86.897697,0.030000,
-6.066089,24.102125,85.552340,-10.169313,33.756490,113.611076,-6.064551,24.084082,85.552968,-4.611865,23.861873,86.897294,0.030000,
-6.066089,24.102125,85.552340,-10.169735,33.755815,113.614812,-6.067472,24.118356,85.551775,-4.612306,23.862048,86.896890,0.030000,
-6.066089,24.102125,85.552340,-10.170156,33.755142,113.618548,-6.064551,24.084082,85.552968,-4.612747,23.862222,86.896487,0.030000,
-6.066089,24.102125,85.552340,-10.170578,33.754468,113.622283,-6.067472,24.118356,85.551775,-4.613188,23.862397,86.896084,0.030000,
-6.066089,24.102125,85.552340,-10.170999,33.753794,113.626018,-6.064551,24.084082,85.552968,-4.613629,23.862571,86.895681,0.030000,
-6.066089,24.102125,85.552340,-10.171421,33.753121,113.629752,-6.067472,24.118356,85.551775,-4.614070,23.862745,86.895278,0.030000,
-6.066089,24.102125,85.552340,-10.171842,33.752447,113.633485,-6.064551,24.084082,85.552968,-4.614511,23.862919,86.894875,0.030000,
-6.066089,24.102125,85.552340,-10.172263,33.751774,113.637217,-6.067472,24.118356,85.551775,-4.614951,23.863093,86.894472,0.030000,
-6.066089,24.102125,85.552340,-10.172685,33.751100,113.640949,-6.064551,24.084082,85.552968,-4.615391,23.863267,86.894070,0.030000,
-6.066089,24.102125,85.552340,-10.173106,33.750427,113.644680,-6.067472,24.118356,85.551775,-4.615832,23.863441,86.893667,0.030000,
-6.066089,24.102125,85.552340,-10.173528,33.749754,113.648411,-6.064551,24.084082,85.552968,-4.616272,23.863615,86.893265,0.030000,
-6.066089,24.102125,85.552340,-10.173949,33.749081,113.652140,-6.067472,24.118356,85.551775,-4.616712,23.863788,86.892862,0.030000,
-6.066089,24.102125,85.552340,-10.174371,33.748408,113.655869,-6.064551,24.084082,85.552968,-4.617151,23.863961,86.892460,0.030000,
-6.066089,24.102125,85.552340,-10.174792,33.747736,113.659597,-6.067472,24.118356,85.551775,-4.617591,23.864135,86.892058,0.030000,
-6.066089,24.102125,85.552340,-10.175213,33.747063,113.663325,-6.064551,24.084082,85.552968,-4.618031,23.864308,86.891656,0.030000,
-6.066089,24.102125,85.552340,-10.175635,33.746391,113.667052,-6.067472,24.118356,85.551775,-4.618470,23.864481,86.891255,0.030000,
-6.066089,24.102125,85.552340,-10.176056,33.745718,113.670778,-6.064551,24.084082,85.552968,-4.618909,23.864654,86.890853,0.030000,
-6.066089,24.102125,85.552340,-10.176478,33.745046,113.674504,-6.067472,24.118356,85.551775,-4.619348,23.864827,86.890451,0.030000,
-6.066089,24.102125,85.552340,-10.176899,33.744374,113.678228,-6.064551,24.084082,85.552968,-4.619787,23.865000,86.890050,0.030000,
-6.066089,24.102125,85.552340,-10.177320,33.743702,113.681952,-6.067472,24.118356,85.551775,-4.620226,23.865172,86.889649,0.030000,
-6.066089,24.102125,85.552340,-10.177742,33.743030,113.685676,-6.064551,24.084082,85.552968,-4.620665,23.865345,86.889247,0.030000,
-6.066089,24.102125,85.552340,-10.178163,33.742358,113.689399,-6.067472,24.118356,85.551775,-4.621104,23.865517,86.888846,0.030000,
-6.066089,24.102125,85.552340,-10.178584,33.741686,113.693121,-6.064551,24.084082,85.552968,-4.621542,23.865689,86.888445,0.030000,
-6.066089,24.102125,85.552340,-10.179006,33.741015,113.696842,-6.067472,24.118356,85.551775,-4.621980,23.865862,86.888045,0.030000,
-6.066089,24.102125,85.552340,-10.179427,33.740343,113.700563,-6.064551,24.084082,85.552968,-4.622419,23.866034,86.887644,0.030000,
-6.066089,24.102125,85.552340,-10.179848,33.739672,113.704282,-6.067472,24.118356,85.551775,-4.622857,23.866206,86.887243,0.030000,
-6.066089,24.102125,85.552340,-10.180270,33.739000,113.708002,-6.064551,24.084082,85.552968,-4.623295,23.866377,86.886843,0.030000,
-6.066089,24.102125,85.552340,-10.180691,33.738329,113.711720,-6.067472,24.118356,85.551775,-4.623732,23.866549,86.886442,0.030000,
-6.066089,24.102125,85.552340,-10.181112,33.737658,113.715438,-6.064551,24.084082,85.552968,-4.624170,23.866721,86.886042,0.030000,
-6.066089,24.102125,85.552340,-10.181533,33.736987,113.719155,-6.067472,24.118356,85.551775,-4.624608,23.866892,86.885642,0.030000,
-6.066089,24.102125,85.552340,-10.181955,33.736316,113.722872,-6.064551,24.084082,85.552968,-4.625045,23.867064,86.885242,0.030000,
-6.066089,24.102125,85.552340,-10.182376,33.735645,113.726588,-6.067472,24.118356,85.551775,-4.625482,23.867235,86.884842,0.030000,
-6.066089,24.102125,85.552340,-10.182797,33.734975,113.730303,-6.064551,24.084082,85.552968,-4.625919,23.867406,86.884442,0.030000,
-6.066089,24.102125,85.552340,-10.183218,33.734304,113.734017,-6.067472,24.118356,85.551775,-4.626356,23.867577,86.884043,0.030000,
-6.066089,24.102125,85.552340,-10.183640,33.733634,113.737731,-6.064551,24.084082,85.552968,-4.626793,23.867748,86.883643,0.030000,
-6.066089,24.102125,85.552340,-10.184061,33.732963,113.741444,-6.067472,24.118356,85.551775,-4.627230,23.867919,86.883244,0.030000,
-6.066089,24.102125,85.552340,-10.184482,33.732293,113.745156,-6.064551,24.084082,85.552968,-4.627667,23.868090,86.882845,0.030000,
-6.066089,24.102125,85.552340,-10.184903,33.731623,113.748868,-6.067472,24.118356,85.551775,-4.628103,23.868260,86.882445,0.030000,
-6.066089,24.102125,85.552340,-10.185324,33.730953,113.752579,-6.064551,24.084082,85.552968,-4.628539,23.868431,86.882046,0.030000,
-6.066089,24.102125,85.552340,-10.185745,33.730283,113.756289,-6.067472,24.118356,85.551775,-4.628976,23.868601,86.881647,0.030000,
-6.066089,24.102125,85.552340,-10.186167,33.729613,113.759998,-6.064551,24.084082,85.552968,-4.629412,23.868771,86.881249,0.030000,
-6.066089,24.102125,85.552340,-10.186588,33.728943,113.763707,-6.067472,24.118356,85.551775,-4.629848,23.868942,86.880850,0.030000,
-6.066089,24.102125,85.552340,-10.187009,33.728274,113.767415,-6.064551,24.084082,85.552968,-4.630283,23.869112,86.880451,0.030000,
-6.066089,24.102125,85.552340,-10.187430,33.727604,113.771123,-6.067472,24.118356,85.551775,-4.630719,23.869282,86.880053,0.030000,
-6.066089,24.102125,85.552340,-10.187851,33.726935,113.774830,-6.064551,24.084082,85.552968,-4.631155,23.869451,86.879655,0.030000,
-6.066089,24.102125,85.552340,-10.188272,33.726266,113.778536,-6.067472,24.118356,85.551775,-4.631590,23.869621,86.879256,0.030000,
-6.066089,24.102125,85.552340,-10.188693,33.725596,113.782241,-6.064551,24.084082,85.552968,-4.632025,23.869791,86.878858,0.030000,
-6.066089,24.102125,85.552340,-10.189114,33.724927,113.785946,-6.067472,24.118356,85.551775,-4.632460,23.869960,86.878460,0.030000,
-6.066089,24.102125,85.552340,-10.189535,33.724258,113.789650,-6.064551,24.084082,85.552968,-4.632895,23.870130,86.878062,0.030000,
-6.066089,24.102125,85.552340,-10.189957,33.723590,113.793353,-6.067472,24.118356,85.551775,-4.633330,23.870299,86.877665,0.030000,
-6.066089,24.102125,85.552340,-10.190378,33.722921,113.797056,-6.064551,24.084082,85.552968,-4.633765,23.870468,86.877267,0.030000,
-6.066089,24.102125,85.552340,-10.190799,33.722252,113.800758,-6.067472,24.118356,85.551775,-4.634200,23.870637,86.876870,0.030000,
-6.066089,24.102125,85.552340,-10.191220,33.721584,113.804459,-6.064551,24.084082,85.552968,-4.634634,23.870806,86.876472,0.030000,
-6.066089,24.102125,85.552340,-10.191641,33.720915,113.808160,-6.067472,24.118356,85.551775,-4.635068,23.870975,86.876075,0.030000,
-6.066089,24.102125,85.552340,-10.192062,33.720247,113.811860,-6.064551,24.084082,85.552968,-4.635503,23.871144,86.875678,0.030000,
-6.066089,24.102125,85.552340,-10.192483,33.719579,113.815559,-6.067472,24.118356,85.551775,-4.635937,23.871312,86.875281,0.030000,
-6.066089,24.102125,85.552340,-10.192904,33.718911,113.819257,-6.064551,24.084082,85.552968,-4.636371,23.871481,86.874884,0.030000,
-6.066089,24.102125,85.552340,-10.193325,33.718243,113.822955,-6.067472,24.118356,85.551775,-4.636805,23.871649,86.874487,0.030000,
-6.066089,24.102125,85.552340,-10.193746,33.717575,113.826652,-6.064551,24.084082,85.552968,-4.637238,23.871817,86.874090,0.030000,
-6.066089,24.102125,85.552340,-10.194167,33.716907,113.830349,-6.067472,24.118356,85.551775,-4.637672,23.871986,86.873694,0.030000,
-6.066089,24.102125,85.552340,-10.194588,33.716239,113.834044,-6.064551,24.084082,85.552968,-4.638105,23.872154,86.873297,0.030000,
-6.066089,24.102125,85.552340,-10.195008,33.715572,113.837739,-6.067472,24.118356,85.551775,-4.638538,23.872322,86.872901,0.030000,
-6.066089,24.102125,85.552340,-10.195429,33.714904,113.841434,-6.064551,24.084082,85.552968,-4.638972,23.872490,86.872505,0.030000,
-6.066089,24.102125,85.552340,-10.195850,33.714237,113.845128,-6.067472,24.118356,85.551775,-4.639405,23.872657,86.872109,0.030000,
-6.066089,24.102125,85.552340,-10.196271,33.713570,113.848821,-6.064551,24.084082,85.552968,-4.639838,23.872825,86.871713,0.030000,
-6.066089,24.102125,85.552340,-10.196692,33.712903,113.852513,-6.067472,24.118356,85.551775,-4.640270,23.872992,86.871317,0.030000,
-6.066089,24.102125,85.552340,-10.197113,33.712236,113.856204,-6.064551,24.084082,85.552968,-4.640703,23.873160,86.870921,0.030000,
-6.066089,24.102125,85.552340,-10.197534,33.711569,113.859895,-6.067472,24.118356,85.551775,-4.641135,23.873327,86.870525,0.030000,
-6.066089,24.102125,85.552340,-10.197955,33.710902,113.863586,-6.064551,24.084082,85.552968,-4.641568,23.873494,86.870130,0.030000,
-6.066089,24.102125,85.552340,-10.198376,33.710235,113.867275,-6.067472,24.118356,85.551775,-4.642000,23.873661,86.869735,0.030000,
-6.066089,24.102125,85.552340,-10.198796,33.709569,113.870964,-6.064551,24.084082,85.552968,-4.642432,23.873828,86.869339,0.030000,
-6.066089,24.102125,85.552340,-10.199217,33.708902,113.874652,-6.067472,24.118356,85.551775,-4.642864,23.873995,86.868944,0.030000,
-6.066089,24.102125,85.552340,-10.199638,33.708236,113.878340,-6.064551,24.084082,85.552968,-4.643296,23.874162,86.868549,0.030000,
-6.066089,24.102125,85.552340,-10.200059,33.707570,113.882026,-6.067472,24.118356,85.551775,-4.643728,23.874329,86.868154,0.030000,
-6.066089,24.102125,85.552340,-10.200480,33.706903,113.885713,-6.064551,24.084082,85.552968,-4.644159,23.874495,86.867759,0.030000,
-6.066089,24.102125,85.552340,-10.200901,33.706237,113.889398,-6.067472,24.118356,85.551775,-4.644591,23.874662,86.867365,0.030000,
-6.066089,24.102125,85.552340,-10.201321,33.705572,113.893083,-6.064551,24.084082,85.552968,-4.645022,23.874828,86.866970,0.030000,
-6.066089,24.102125,85.552340,-10.201742,33.704906,113.896767,-6.067472,24.118356,85.551775,-4.645453,23.874994,86.866576,0.030000,
-6.066089,24.102125,85.552340,-10.202163,33.704240,113.900450,-6.064551,24.084082,85.552968,-4.645884,23.875160,86.866181,0.030000,
-6.066089,24.102125,85.552340,-10.202584,33.703574,113.904133,-6.067472,24.118356,85.551775,-4.646315,23.875326,86.865787,0.030000,
-6.066089,24.102125,85.552340,-10.203004,33.702909,113.907815,-6.064551,24.084082,85.552968,-4.646746,23.875492,86.865393,0.030000,
-6.066089,24.102125,85.552340,-10.203425,33.702243,113.911496,-6.067472,24.118356,85.551775,-4.647177,23.875658,86.864999,0.030000,
-6.066089,24.102125,85.552340,-10.203846,33.701578,113.915177,-6.064551,24.084082,85.552968,-4.647607,23.875823,86.864605,0.030000,
-6.066089,24.102125,85.552340,-10.204266,33.700913,113.918857,-6.067472,24.118356,85.551775,-4.648038,23.875989,86.864211,0.030000,
-6.066089,24.102125,85.552340,-10.204687,33.700248,113.922536,-6.064551,24.084082,85.552968,-4.648468,23.876154,86.863818,0.030000,
-6.066089,24.102125,85.552340,-10.205108,33.699583,113.926214,-6.067472,24.118356,85.551775,-4.648898,23.876320,86.863424,0.030000,
-6.066089,24.102125,85.552340,-10.205528,33.698918,113.929892,-6.064551,24.084082,85.552968,-4.649328,23.876485,86.863031,0.030000,
-6.066089,24.102125,85.552340,-10.205949,33.698253,113.933570,-6.067472,24.118356,85.551775,-4.649758,23.876650,86.862638,0.030000,
-6.066089,24.102125,85.552340,-10.206370,33.697589,113.937246,-6.064551,24.084082,85.552968,-4.650188,23.876815,86.862244,0.030000,
-6.066089,24.102125,85.552340,-10.206790,33.696924,113.940922,-6.067472,24.118356,85.551775,-4.650617,23.876980,86.861851,0.030000,
-6.066089,24.102125,85.552340,-10.207211,33.696260,113.944597,-6.064551,24.084082,85.552968,-4.651047,23.877145,86.861459,0.030000,
-6.066089,24.102125,85.552340,-10.207632,33.695595,113.948271,-6.067472,24.118356,85.551775,-4.651476,23.877310,86.861066,0.030000,
-6.066089,24.102125,85.552340,-10.208052,33.694931,113.951945,-6.064551,24.084082,85.552968,-4.651905,23.877474,86.860673,0.030000,
-6.066089,24.102125,85.552340,-10.208473,33.694267,113.955618,-6.067472,24.118356,85.551775,-4.652334,23.877639,86.860280,0.030000,
-6.066089,24.102125,85.552340,-10.208893,33.693603,113.959291,-6.064551,24.084082,85.552968,-4.652763,23.877803,86.859888,0.030000,
-6.066089,24.102125,85.552340,-10.209314,33.692939,113.962962,-6.067472,24.118356,85.551775,-4.653192,23.877967,86.859496,0.030000,
-6.066089,24.102125,85.552340,-10.209734,33.692275,113.966633,-6.064551,24.084082,85.552968,-4.653621,23.878131,86.859103,0.030000,
-6.066089,24.102125,85.552340,-10.210155,33.691612,113.970304,-6.067472,24.118356,85.551775,-4.654049,23.878295,86.858711,0.030000,
-6.066089,24.102125,85.552340,-10.210576,33.690948,113.973973,-6.064551,24.084082,85.552968,-4.654478,23.878459,86.858319,0.030000,
-6.066089,24.102125,85.552340,-10.210996,33.690284,113.977642,-6.067472,24.118356,85.551775,-4.654906,23.878623,86.857927,0.030000,
-6.066089,24.102125,85.552340,-10.211417,33.689621,113.981311,-6.064551,24.084082,85.552968,-4.655334,23.878787,86.857536,0.030000,
-6.066089,24.102125,85.552340,-10.211837,33.688958,113.984978,-6.067472,24.118356,85.551775,-4.655762,23.878950,86.857144,0.030000,
-6.066089,24.102125,85.552340,-10.212258,33.688295,113.988645,-6.064551,24.084082,85.552968,-4.656190,23.879114,86.856753,0.030000,
-6.066089,24.102125,85.552340,-10.212678,33.687632,113.992311,-6.067472,24.118356,85.551775,-4.656618,23.879277,86.856361,0.030000,
-6.066089,24.102125,85.552340,-10.213098,33.686969,113.995977,-6.064551,24.084082,85.552968,-4.657046,23.879441,86.855970,0.030000,
-6.066089,24.102125,85.552340,-10.213519,33.686306,113.999642,-6.067472,24.118356,85.551775,-4.657473,23.879604,86.855579,0.030000,
-6.066089,24.102125,85.552340,-10.213939,33.685643,114.003306,-6.064551,24.084082,85.552968,-4.657901,23.879767,86.855188,0.030000,
-6.066089,24.102125,85.552340,-10.214360,33.684981,114.006969,-6.067472,24.118356,85.551775,-4.658328,23.879930,86.854797,0.030000,
-6.066089,24.102125,85.552340,-10.214780,33.684318,114.010632,-6.064551,24.084082,85.552968,-4.658755,23.880093,86.854406,0.030000,
-6.066089,24.102125,85.552340,-10.215201,33.683656,114.014294,-6.067472,24.118356,85.551775,-4.659182,23.880256,86.854015,0.030000,
-6.066089,24.102125,85.552340,-10.215621,33.682993,114.017956,-6.064551,24.084082,85.552968,-4.659609,23.880418,86.853625,0.030000,
-6.066089,24.102125,85.552340,-10.216041,33.682331,114.021617,-6.067472,24.118356,85.551775,-4.660036,23.880581,86.853234,0.030000,
-6.066089,24.102125,85.552340,-10.216462,33.681669,114.025277,-6.064551,24.084082,85.552968,-4.660462,23.880743,86.852844,0.030000,
-6.066089,24.102125,85.552340,-10.216882,33.681007,114.028936,-6.067472,24.118356,85.551775,-4.660889,23.880906,86.852453,0.030000,
-6.066089,24.102125,85.552340,-10.217302,33.680345,114.032595,-6.064551,24.084082,85.552968,-4.661315,23.881068,86.852063,0.030000,
-6.066089,24.102125,85.552340,-10.217723,33.679684,114.036253,-6.067472,24.118356,85.551775,-4.661741,23.881230,86.851673,0.030000,
-6.066089,24.102125,85.552340,-10.218143,33.679022,114.039910,-6.064551,24.084082,85.552968,-4.662167,23.881392,86.851283,0.030000,
-6.066089,24.102125,85.552340,-10.218563,33.678360,114.043567,-6.067472,24.118356,85.551775,-4.662593,23.881554,86.850894,0.030000,
-6.066089,24.102125,85.552340,-10.218984,33.677699,114.047223,-6.064551,24.084082,85.552968,-4.663019,23.881716,86.850504,0.030000,
-6.066089,24.102125,85.552340,-10.219404,33.677038,114.050878,-6.067472,24.118356,85.551775,-4.663445,23.881877,86.850114,0.030000,
-6.066089,24.102125,85.552340,-10.219824,33.676376,114.054533,-6.064551,24.084082,85.552968,-4.663870,23.882039,86.849725,0.030000,
-6.066089,24.102125,85.552340,-10.220244,33.675715,114.058187,-6.067472,24.118356,85.551775,-4.664296,23.882200,86.849336,0.030000,
-6.066089,24.102125,85.552340,-10.220665,33.675054,114.061840,-6.064551,24.084082,85.552968,-4.664721,23.882362,86.848946,0.030000,
-6.066089,24.102125,85.552340,-10.221085,33.674393,114.065492,-6.067472,24.118356,85.551775,-4.665146,23.882523,86.848557,0.030000,
-6.066089,24.102125,85.552340,-10.221505,33.673733,114.069144,-6.064551,24.084082,85.552968,-4.665571,23.882684,86.848168,0.030000,
-6.066089,24.102125,85.552340,-10.221925,33.673072,114.072796,-6.067472,24.118356,85.551775,-4.665996,23.882845,86.847780,0.030000,
-6.066089,24.102125,85.552340,-10.222345,33.672411,114.076446,-6.064551,24.084082,85.552968,-4.666421,23.883006,86.847391,0.030000,
-6.066089,24.102125,85.552340,-10.222766,33.671751,114.080096,-6.067472,24.118356,85.551775,-4.666846,23.883167,86.847002,0.030000,
-6.066089,24.102125,85.552340,-10.223186,33.671090,114.083745,-6.064551,24.084082,85.552968,-4.667270,23.883328,86.846614,0.030000,
-6.066089,24.102125,85.552340,-10.223606,33.670430,114.087394,-6.067472,24.118356,85.551775,-4.667695,23.883488,86.846225,0.030000,
-6.066089,24.102125,85.552340,-10.224026,33.669770,114.091041,-6.064551,24.084082,85.552968,-4.668119,23.883649,86.845837,0.030000,
-6.066089,24.102125,85.552340,-10.224446,33.669110,114.094688,-6.067472,24.118356,85.551775,-4.668543,23.883809,86.845449,0.030000,
-6.066089,24.102125,85.552340,-10.224866,33.668450,114.098335,-6.064551,24.084082,85.552968,-4.668967,23.883970,86.845061,0.030000,
-6.066089,24.102125,85.552340,-10.225286,33.667790,114.101981,-6.067472,24.118356,85.551775,-4.669391,23.884130,86.844673,0.030000,
-6.066089,24.102125,85.552340,-10.225707,33.667131,114.105626,-6.064551,24.084082,85.552968,-4.669815,23.884290,86.844285,0.030000,
-6.066089,24.102125,85.552340,-10.226127,33.666471,114.109270,-6.067472,24.118356,85.551775,-4.670239,23.884450,86.843897,0.030000,
-6.066089,24.102125,85.552340,-10.226547,33.665811,114.112914,-6.064551,24.084082,85.552968,-4.670662,23.884610,86.843510,0.030000,
-6.066089,24.102125,85.552340,-10.226967,33.665152,114.116557,-6.067472,24.118356,85.551775,-4.671085,23.884770,86.843122,0.030000,
-6.066089,24.102125,85.552340,-10.227387,33.664493,114.120199,-6.064551,24.084082,85.552968,-4.671509,23.884930,86.842735,0.030000,
-6.066089,24.102125,85.552340,-10.227807,33.663834,114.123841,-6.067472,24.118356,85.551775,-4.671932,23.885089,86.842348,0.030000,
-6.066089,24.102125,85.552340,-10.228227,33.663174,114.127482,-6.064551,24.084082,85.552968,-4.672355,23.885249,86.841961,0.030000,
-6.066089,24.102125,85.552340,-10.228647,33.662515,114.131122,-6.067472,24.118356,85.551775,-4.672778,23.885408,86.841574,0.030000,
-6.066089,24.102125,85.552340,-10.229067,33.661857,114.134762,-6.064551,24.084082,85.552968,-4.673200,23.885567,86.841187,0.030000,
-6.066089,24.102125,85.552340,-10.229487,33.661198,114.138401,-6.067472,24.118356,85.551775,-4.673623,23.885726,86.840800,0.030000,
-6.066089,24.102125,85.552340,-10.229907,33.660539,114.142039,-6.064551,24.084082,85.552968,-4.674046,23.885886,86.840413,0.030000,
-6.066089,24.102125,85.552340,-10.230327,33.659881,114.145677,-6.067472,24.118356,85.551775,-4.674468,23.886045,86.840027,0.030000,
-6.066089,24.102125,85.552340,-10.230747,33.659222,114.149314,-6.064551,24.084082,85.552968,-4.674890,23.886203,86.839640,0.030000,
-6.066089,24.102125,85.552340,-10.231166,33.658564,114.152950,-6.067472,24.118356,85.551775,-4.675312,23.886362,86.839254,0.030000,
-6.066089,24.102125,85.552340,-10.231586,33.657906,114.156586,-6.064551,24.084082,85.552968,-4.675734,23.886521,86.838868,0.030000,
-6.066089,24.102125,85.552340,-10.232006,33.657248,114.160220,-6.067472,24.118356,85.551775,-4.676156,23.886679,86.838482,0.030000,
-6.066089,24.102125,85.552340,-10.232426,33.656590,114.163855,-6.064551,24.084082,85.552968,-4.676578,23.886838,86.838096,0.030000,
-6.066089,24.102125,85.552340,-10.232846,33.655932,114.167488,-6.067472,24.118356,85.551775,-4.676999,23.886996,86.837710,0.030000,
-6.066089,24.102125,85.552340,-10.233266,33.655274,114.171121,-6.064551,24.084082,85.552968,-4.677421,23.887154,86.837324,0.030000,
-6.066089,24.102125,85.552340,-10.233686,33.654616,114.174753,-6.067472,24.118356,85.551775,-4.677842,23.887312,86.836939,0.030000,
-6.066089,24.102125,85.552340,-10.234106,33.653959,114.178385,-6.064551,24.084082,85.552968,-4.678263,23.887471,86.836553,0.030000,
-6.066089,24.102125,85.552340,-10.234525,33.653301,114.182016,-6.067472,24.118356,85.551775,-4.678684,23.887628,86.836168,0.030000,
-6.066089,24.102125,85.552340,-10.234945,33.652644,114.185646,-6.064551,24.084082,85.552968,-4.679105,23.887786,86.835782,0.030000,
-6.066089,24.102125,85.552340,-10.235365,33.651987,114.189275,-6.067472,24.118356,85.551775,-4.679526,23.887944,86.835397,0.030000,
-6.066089,24.102125,85.552340,-10.235785,33.651329,114.192904,-6.064551,24.084082,85.552968,-4.679947,23.888102,86.835012,0.030000,
-6.066089,24.102125,85.552340,-10.236204,33.650672,114.196532,-6.067472,24.118356,85.551775,-4.680367,23.888259,86.834627,0.030000,
-6.066089,24.102125,85.552340,-10.236624,33.650015,114.200159,-6.064551,24.084082,85.552968,-4.680788,23.888417,86.834242,0.030000,
-6.066089,24.102125,85.552340,-10.237044,33.649359,114.203786,-6.067472,24.118356,85.551775,-4.681208,23.888574,86.833858,0.030000,
-6.066089,24.102125,85.552340,-10.237464,33.648702,114.207412,-6.064551,24.084082,85.552968,-4.681628,23.888731,86.833473,0.030000,
-6.066089,24.102125,85.552340,-10.237883,33.648045,114.211038,-6.067472,24.118356,85.551775,-4.682048,23.888888,86.833089,0.030000,
-6.066089,24.102125,85.552340,-10.238303,33.647389,114.214662,-6.064551,24.084082,85.552968,-4.682468,23.889045,86.832704,0.030000,
-6.066089,24.102125,85.552340,-10.238723,33.646732,114.218287,-6.067472,24.118356,85.551775,-4.682888,23.889202,86.832320,0.030000,
-6.066089,24.102125,85.552340,-10.239142,33.646076,114.221910,-6.064551,24.084082,85.552968,-4.683308,23.889359,86.831936,0.030000,
-6.066089,24.102125,85.552340,-10.239562,33.645420,114.225533,-6.067472,24.118356,85.551775,-4.683727,23.889516,86.831552,0.030000,
-6.066089,24.102125,85.552340,-10.239982,33.644764,114.229155,-6.064551,24.084082,85.552968,-4.684146,23.889672,86.831168,0.030000,
-6.066089,24.102125,85.552340,-10.240401,33.644108,114.232776,-6.067472,24.118356,85.551775,-4.684566,23.889829,86.830784,0.030000,
-6.066089,24.102125,85.552340,-10.240821,33.643452,114.236397,-6.064551,24.084082,85.552968,-4.684985,23.889985,86.830400,0.030000,
-6.066089,24.102125,85.552340,-10.241240,33.642796,114.240017,-6.067472,24.118356,85.551775,-4.685404,23.890141,86.830017,0.030000,
-6.066089,24.102125,85.552340,-10.241660,33.642140,114.243636,-6.064551,24.084082,85.552968,-4.685823,23.890297,86.829633,0.030000,
-6.066089,24.102125,85.552340,-10.242080,33.641485,114.247255,-6.067472,24.118356,85.551775,-4.686242,23.890454,86.829250,0.030000,
-6.066089,24.102125,85.552340,-10.242499,33.640829,114.250873,-6.064551,24.084082,85.552968,-4.686660,23.890609,86.828867,0.030000,
-6.066089,24.102125,85.552340,-10.242919,33.640174,114.254490,-6.067472,24.118356,85.551775,-4.687079,23.890765,86.828484,0.030000,
-6.066089,24.102125,85.552340,-10.243338,33.639519,114.258106,-6.064551,24.084082,85.552968,-4.687497,23.890921,86.828101,0.030000,
-6.066089,24.102125,85.552340,-10.243758,33.638864,114.261722,-6.067472,24.118356,85.551775,-4.687915,23.891077,86.827718,0.030000,
-6.066089,24.102125,85.552340,-10.244177,33.638209,114.265338,-6.064551,24.084082,85.552968,-4.688333,23.891232,86.827335,0.030000,
-6.066089,24.102125,85.552340,-10.244597,33.637554,114.268952,-6.067472,24.118356,85.551775,-4.688751,23.891388,86.826952,0.030000,
-6.066089,24.102125,85.552340,-10.245016,33.636899,114.272566,-6.064551,24.084082,85.552968,-4.689169,23.891543,86.826570,0.030000,
-6.066089,24.102125,85.552340,-10.245436,33.636244,114.276179,-6.067472,24.118356,85.551775,-4.689587,23.891698,86.826187,0.030000,
-6.066089,24.102125,85.552340,-10.245855,33.635590,114.279792,-6.064551,24.084082,85.552968,-4.690005,23.891854,86.825805,0.030000,
-6.066089,24.102125,85.552340,-10.246275,33.634935,114.283404,-6.067472,24.118356,85.551775,-4.690422,23.892009,86.825423,0.030000,
-6.066089,24.102125,85.552340,-10.246694,33.634281,114.287015,-6.064551,24.084082,85.552968,-4.690840,23.892164,86.825041,0.030000,
-6.066089,24.102125,85.552340,-10.247113,33.633627,114.290626,-6.067472,24.118356,85.551775,-4.691257,23.892318,86.824659,0.030000,
-6.066089,24.102125,85.552340,-10.247533,33.632973,114.294235,-6.064551,24.084082,85.552968,-4.691674,23.892473,86.824277,0.030000,
-6.066089,24.102125,85.552340,-10.247952,33.632318,114.297845,-6.067472,24.118356,85.551775,-4.692091,23.892628,86.823895,0.030000,
-6.066089,24.102125,85.552340,-10.248371,33.631665,114.301453,-6.064551,24.084082,85.552968,-4.692508,23.892782,86.823514,0.030000,
-6.066089,24.102125,85.552340,-10.248791,33.631011,114.305061,-6.067472,24.118356,85.551775,-4.692924,23.892937,86.823132,0.030000,
-6.066089,24.102125,85.552340,-10.249210,33.630357,114.308668,-6.064551,24.084082,85.552968,-4.693341,23.893091,86.822751,0.030000,
-6.066089,24.102125,85.552340,-10.249629,33.629703,114.312275,-6.067472,24.118356,85.551775,-4.693758,23.893245,86.822369,0.030000,
-6.066089,24.102125,85.552340,-10.250049,33.629050,114.315880,-6.064551,24.084082,85.552968,-4.694174,23.893400,86.821988,0.030000,
-6.066089,24.102125,85.552340,-10.250468,33.628396,114.319486,-6.067472,24.118356,85.551775,-4.694590,23.893554,86.821607,0.030000,
-6.066089,24.102125,85.552340,-10.250887,33.627743,114.323090,-6.064551,24.084082,85.552968,-4.695006,23.893708,86.821226,0.030000,
-6.066089,24.102125,85.552340,-10.251307,33.627090,114.326694,-6.067472,24.118356,85.551775,-4.695422,23.893861,86.820845,0.030000,
-6.066089,24.102125,85.552340,-10.251726,33.626437,114.330297,-6.064551,24.084082,85.552968,-4.695838,23.894015,86.820465,0.030000,
-6.066089,24.102125,85.552340,-10.252145,33.625784,114.333899,-6.067472,24.118356,85.551775,-4.696254,23.894169,86.820084,0.030000,
-6.066089,24.102125,85.552340,-10.252564,33.625131,114.337501,-6.064551,24.084082,85.552968,-4.696669,23.894322,86.819704,0.030000,
-6.066089,24.102125,85.552340,-10.252983,33.624478,114.341102,-6.067472,24.118356,85.551775,-4.697085,23.894476,86.819323,0.030000,
-6.066089,24.102125,85.552340,-10.253403,33.623826,114.344703,-6.064551,24.084082,85.552968,-4.697500,23.894629,86.818943,0.030000,
-6.066089,24.102125,85.552340,-10.253822,33.623173,114.348303,-6.067472,24.118356,85.551775,-4.697915,23.894782,86.818563,0.030000,
-6.066089,24.102125,85.552340,-10.254241,33.622521,114.351902,-6.064551,24.084082,85.552968,-4.698330,23.894935,86.818183,0.030000,
-6.066089,24.102125,85.552340,-10.254660,33.621868,114.355500,-6.067472,24.118356,85.551775,-4.698745,23.895088,86.817803,0.030000,
-6.066089,24.102125,85.552340,-10.255079,33.621216,114.359098,-6.064551,24.084082,85.552968,-4.699160,23.895241,86.817423,0.030000,
-6.066089,24.102125,85.552340,-10.255498,33.620564,114.362695,-6.067472,24.118356,85.551775,-4.699575,23.895394,86.817043,0.030000,
-6.066089,24.102125,85.552340,-10.255917,33.619912,114.366291,-6.064551,24.084082,85.552968,-4.699989,23.895547,86.816664,0.030000,
-6.066089,24.102125,85.552340,-10.256336,33.619260,114.369887,-6.067472,24.118356,85.551775,-4.700404,23.895700,86.816284,0.030000,
-6.066089,24.102125,85.552340,-10.256755,33.618608,114.373482,-6.064551,24.084082,85.552968,-4.700818,23.895852,86.815905,0.030000,
-6.066089,24.102125,85.552340,-10.257175,33.617956,114.377077,-6.067472,24.118356,85.551775,-4.701232,23.896005,86.815526,0.030000,
-6.066089,24.102125,85.552340,-10.257594,33.617305,114.380670,-6.064551,24.084082,85.552968,-4.701646,23.896157,86.815146,0.030000,
-6.066089,24.102125,85.552340,-10.258013,33.616653,114.384263,-6.067472,24.118356,85.551775,-4.702060,23.896309,86.814767,0.030000,
-6.066089,24.102125,85.552340,-10.258432,33.616002,114.387856,-6.064551,24.084082,85.552968,-4.702474,23.896461,86.814389,0.030000,
-6.066089,24.102125,85.552340,-10.258851,33.615351,114.391447,-6.067472,24.118356,85.551775,-4.702888,23.896613,86.814010,0.030000,
-6.066089,24.102125,85.552340,-10.259270,33.614699,114.395038,-6.064551,24.084082,85.552968,-4.703301,23.896765,86.813631,0.030000,
-6.066089,24.102125,85.552340,-10.259688,33.614048,114.398629,-6.067472,24.118356,85.551775,-4.703715,23.896917,86.813253,0.030000,
-6.066089,24.102125,85.552340,-10.260107,33.613397,114.402218,-6.064551,24.084082,85.552968,-4.704128,23.897069,86.812874,0.030000,
-6.066089,24.102125,85.552340,-10.260526,33.612747,114.405807,-6.067472,24.118356,85.551775,-4.704541,23.897220,86.812496,0.030000,
-6.066089,24.102125,85.552340,-10.260945,33.612096,114.409396,-6.064551,24.084082,85.552968,-4.704954,23.897372,86.812117,0.030000,
-6.066089,24.102125,85.552340,-10.261364,33.611445,114.412983,-6.067472,24.118356,85.551775,-4.705367,23.897523,86.811739,0.030000,
-6.066089,24.102125,85.552340,-10.261783,33.610795,114.416570,-6.064551,24.084082,85.552968,-4.705780,23.897675,86.811361,0.030000,
-6.066089,24.102125,85.552340,-10.262202,33.610144,114.420157,-6.067472,24.118356,85.551775,-4.706193,23.897826,86.810983,0.030000,
-6.066089,24.102125,85.552340,-10.262621,33.609494,114.423743,-6.064551,24.084082,85.552968,-4.706605,23.897977,86.810606,0.030000,
-6.066089,24.102125,85.552340,-10.263040,33.608844,114.427328,-6.067472,24.118356,85.551775,-4.707018,23.898128,86.810228,0.030000,
-6.066089,24.102125,85.552340,-10.263458,33.608194,114.430912,-6.064551,24.084082,85.552968,-4.707430,23.898279,86.809850,0.030000,
-6.066089,24.102125,85.552340,-10.263877,33.607544,114.434495,-6.067472,24.118356,85.551775,-4.707842,23.898430,86.809473,0.030000,
-6.066089,24.102125,85.552340,-10.264296,33.606894,114.438078,-6.064551,24.084082,85.552968,-4.708254,23.898581,86.809096,0.030000,
-6.066089,24.102125,85.552340,-10.264715,33.606244,114.441661,-6.067472,24.118356,85.551775,-4.708666,23.898731,86.808718,0.030000,
-6.066089,24.102125,85.552340,-10.265134,33.605594,114.445242,-6.064551,24.084082,85.552968,-4.709078,23.898882,86.808341,0.030000,
-6.066089,24.102125,85.552340,-10.265552,33.604945,114.448823,-6.067472,24.118356,85.551775,-4.709490,23.899032,86.807964,0.030000,
-6.066089,24.102125,85.552340,-10.265971,33.604295,114.452404,-6.064551,24.084082,85.552968,-4.709901,23.899183,86.807587,0.030000,
-6.066089,24.102125,85.552340,-10.266390,33.603646,114.455983,-6.067472,24.118356,85.551775,-4.710313,23.899333,86.807211,0.030000,
-6.066089,24.102125,85.552340,-10.266808,33.602997,114.459562,-6.064551,24.084082,85.552968,-4.710724,23.899483,86.806834,0.030000,
-6.066089,24.102125,85.552340,-10.267227,33.602347,114.463141,-6.067472,24.118356,85.551775,-4.711135,23.899633,86.806457,0.030000,
-6.066089,24.102125,85.552340,-10.267646,33.601698,114.466718,-6.064551,24.084082,85.552968,-4.711546,23.899783,86.806081,0.030000,
-6.066089,24.102125,85.552340,-10.268064,33.601049,114.470295,-6.067472,24.118356,85.551775,-4.711957,23.899933,86.805705,0.030000,
-6.066089,24.102125,85.552340,-10.268483,33.600401,114.473872,-6.064551,24.084082,85.552968,-4.712368,23.900083,86.805328,0.030000,
-6.066089,24.102125,85.552340,-10.268902,33.599752,114.477447,-6.067472,24.118356,85.551775,-4.712779,23.900232,86.804952,0.030000,
-6.066089,24.102125,85.552340,-10.269320,33.599103,114.481022,-6.064551,24.084082,85.552968,-4.713189,23.900382,86.804576,0.030000,
-6.066089,24.102125,85.552340,-10.269739,33.598455,114.484596,-6.067472,24.118356,85.551775,-4.713600,23.900531,86.804201,0.030000,
-6.066089,24.102125,85.552340,-10.270157,33.597806,114.488170,-6.064551,24.084082,85.552968,-4.714010,23.900681,86.803825,0.030000,
-6.066089,24.102125,85.552340,-10.270576,33.597158,114.491743,-6.067472,24.118356,85.551775,-4.714420,23.900830,86.803449,0.030000,
-6.066089,24.102125,85.552340,-10.270995,33.596510,114.495315,-6.064551,24.084082,85.552968,-4.714830,23.900979,86.803074,0.030000,
-6.066089,24.102125,85.552340,-10.271413,33.595862,114.498887,-6.067472,24.118356,85.551775,-4.715240,23.901128,86.802698,0.030000,
-6.066089,24.102125,85.552340,-10.271832,33.595214,114.502458,-6.064551,24.084082,85.552968,-4.715650,23.901277,86.802323,0.030000,
-6.066089,24.102125,85.552340,-10.272250,33.594566,114.506028,-6.067472,24.118356,85.551775,-4.716060,23.901426,86.801948,0.030000,
-6.066089,24.102125,85.552340,-10.272669,33.593918,114.509598,-6.064551,24.084082,85.552968,-4.716469,23.901575,86.801573,0.030000,
-6.066089,24.102125,85.552340,-10.273087,33.593271,114.513167,-6.067472,24.118356,85.551775,-4.716879,23.901723,86.801198,0.030000,
-6.066089,24.102125,85.552340,-10.273505,33.592623,114.516735,-6.064551,24.084082,85.552968,-4.717288,23.901872,86.800823,0.030000,
-6.066089,24.102125,85.552340,-10.273924,33.591976,114.520303,-6.067472,24.118356,85.551775,-4.717697,23.902020,86.800448,0.030000,
-6.066089,24.102125,85.552340,-10.274342,33.591328,114.523870,-6.064551,24.084082,85.552968,-4.718106,23.902169,86.800073,0.030000,
-6.066089,24.102125,85.552340,-10.274761,33.590681,114.527436,-6.067472,24.118356,85.551775,-4.718515,23.902317,86.799699,0.030000,
-6.066089,24.102125,85.552340,-10.275179,33.590034,114.531002,-6.064551,24.084082,85.552968,-4.718924,23.902465,86.799324,0.030000,
-6.066089,24.102125,85.552340,-10.275597,33.589387,114.534566,-6.067472,24.118356,85.551775,-4.719333,23.902613,86.798950,0.030000,
-6.066089,24.102125,85.552340,-10.276016,33.588740,114.538131,-6.064551,24.084082,85.552968,-4.719741,23.902761,86.798576,0.030000,
-6.066089,24.102125,85.552340,-10.276434,33.588093,114.541694,-6.067472,24.118356,85.551775,-4.720150,23.902909,86.798202,0.030000,
-6.066089,24.102125,85.552340,-10.276852,33.587446,114.545257,-6.064551,24.084082,85.552968,-4.720558,23.903057,86.797828,0.030000,
-6.066089,24.102125,85.552340,-10.277271,33.586800,114.548820,-6.067472,24.118356,85.551775,-4.720966,23.903205,86.797454,0.030000,
-6.066089,24.102125,85.552340,-10.277689,33.586153,114.552381,-6.064551,24.084082,85.552968,-4.721374,23.903352,86.797080,0.030000,
-6.066089,24.102125,85.552340,-10.278107,33.585507,114.555942,-6.067472,24.118356,85.551775,-4.721782,23.903500,86.796706,0.030000,
-6.066089,24.102125,85.552340,-10.278526,33.584861,114.559503,-6.064551,24.084082,85.552968,-4.722190,23.903647,86.796333,0.030000,
-6.066089,24.102125,85.552340,-10.278944,33.584214,114.563062,-6.067472,24.118356,85.551775,-4.722598,23.903794,86.795960,0.030000,
-6.066089,24.102125,85.552340,-10.279362,33.583568,114.566621,-6.064551,24.084082,85.552968,-4.723005,23.903942,86.795586,0.030000,
-6.066089,24.102125,85.552340,-10.279780,33.582922,114.570179,-6.067472,24.118356,85.551775,-4.723413,23.904089,86.795213,0.030000,
-6.066089,24.102125,85.552340,-10.280198,33.582277,114.573737,-6.064551,24.084082,85.552968,-4.723820,23.904236,86.794840,0.030000,
-6.066089,24.102125,85.552340,-10.280617,33.581631,114.577294,-6.067472,24.118356,85.551775,-4.724227,23.904383,86.794467,0.030000,
-6.066089,24.102125,85.552340,-10.281035,33.580985,114.580850,-6.064551,24.084082,85.552968,-4.724634,23.904530,86.794094,0.030000,
-6.066089,24.102125,85.552340,-10.281453,33.580340,114.584406,-6.067472,24.118356,85.551775,-4.725041,23.904676,86.793721,0.030000,
-6.066089,24.102125,85.552340,-10.281871,33.579694,114.587961,-6.064551,24.084082,85.552968,-4.725448,23.904823,86.793349,0.030000,
-6.066089,24.102125,85.552340,-10.282289,33.579049,114.591515,-6.067472,24.118356,85.551775,-4.725855,23.904969,86.792976,0.030000,
-6.066089,24.102125,85.552340,-10.282707,33.578404,114.595069,-6.064551,24.084082,85.552968,-4.726261,23.905116,86.792604,0.030000,
-6.066089,24.102125,85.552340,-10.283125,33.577759,114.598622,-6.067472,24.118356,85.551775,-4.726668,23.905262,86.792231,0.030000,
-6.066089,24.102125,85.552340,-10.283543,33.577114,114.602174,-6.064551,24.084082,85.552968,-4.727074,23.905408,86.791859,0.030000,
-6.066089,24.102125,85.552340,-10.283961,33.576469,114.605726,-6.067472,24.118356,85.551775,-4.727480,23.905555,86.791487,0.030000,
-6.066089,24.102125,85.552340,-10.284379,33.575824,114.609277,-6.064551,24.084082,85.552968,-4.727886,23.905701,86.791115,0.030000,
-6.066089,24.102125,85.552340,-10.284797,33.575179,114.612827,-6.067472,24.118356,85.551775,-4.728292,23.905847,86.790743,0.030000,
-6.066089,24.102125,85.552340,-10.285215,33.574535,114.616377,-6.064551,24.084082,85.552968,-4.728698,23.905992,86.790372,0.030000,
-6.066089,24.102125,85.552340,-10.285633,33.573890,114.619926,-6.067472,24.118356,85.551775,-4.729104,23.906138,86.790000,0.030000,
-6.066089,24.102125,85.552340,-10.286051,33.573246,114.623474,-6.064551,24.084082,85.552968,-4.729509,23.906284,86.789628,0.030000,
-6.066089,24.102125,85.552340,-10.286469,33.572602,114.627022,-6.067472,24.118356,85.551775,-4.729915,23.906429,86.789257,0.030000,
-6.066089,24.102125,85.552340,-10.286887,33.571957,114.630569,-6.064551,24.084082,85.552968,-4.730320,23.906575,86.788886,0.030000,
-6.066089,24.102125,85.552340,-10.287305,33.571313,114.634115,-6.067472,24.118356,85.551775,-4.730725,23.906720,86.788514,0.030000,
-6.066089,24.102125,85.552340,-10.287723,33.570669,114.637661,-6.064551,24.084082,85.552968,-4.731131,23.906866,86.788143,0.030000,
-6.066089,24.102125,85.552340,-10.288141,33.570026,114.641206,-6.067472,24.118356,85.551775,-4.731535,23.907011,86.787772,0.030000,
-6.066089,24.102125,85.552340,-10.288559,33.569382,114.644750,-6.064551,24.084082,85.552968,-4.731940,23.907156,86.787401,0.030000,
-6.066089,24.102125,85.552340,-10.288976,33.568738,114.648294,-6.067472,24.118356,85.551775,-4.732345,23.907301,86.787031,0.030000,
-6.066089,24.102125,85.552340,-10.289394,33.568095,114.651837,-6.064551,24.084082,85.552968,-4.732750,23.907446,86.786660,0.030000,
-6.066089,24.102125,85.552340,-10.289812,33.567451,114.655379,-6.067472,24.118356,85.551775,-4.733154,23.907591,86.786290,0.030000,
-6.066089,24.102125,85.552340,-10.290230,33.566808,114.658921,-6.064551,24.084082,85.552968,-4.733558,23.907735,86.785919,0.030000,
-6.066089,24.102125,85.552340,-10.290648,33.566165,114.662462,-6.067472,24.118356,85.551775,-4.733963,23.907880,86.785549,0.030000,
-6.066089,24.102125,85.552340,-10.291065,33.565522,114.666002,-6.064551,24.084082,85.552968,-4.734367,23.908024,86.785179,0.030000,
-6.066089,24.102125,85.552340,-10.291483,33.564879,114.669542,-6.067472,24.118356,85.551775,-4.734771,23.908169,86.784809,0.030000,
-6.066089,24.102125,85.552340,-10.291901,33.564236,114.673081,-6.064551,24.084082,85.552968,-4.735175,23.908313,86.784439,0.030000,
-6.066089,24.102125,85.552340,-10.292318,33.563593,114.676619,-6.067472,24.118356,85.551775,-4.735578,23.908457,86.784069,0.030000,
-6.066089,24.102125,85.552340,-10.292736,33.562950,114.680157,-6.064551,24.084082,85.552968,-4.735982,23.908602,86.783699,0.030000,
-6.066089,24.102125,85.552340,-10.293154,33.562308,114.683694,-6.067472,24.118356,85.551775,-4.736385,23.908746,86.783329,0.030000,
-6.066089,24.102125,85.552340,-10.293571,33.561665,114.687231,-6.064551,24.084082,85.552968,-4.736789,23.908890,86.782960,0.030000,
-6.066089,24.102125,85.552340,-10.293989,33.561023,114.690766,-6.067472,24.118356,85.551775,-4.737192,23.909033,86.782590,0.030000,
-6.066089,24.102125,85.552340,-10.294407,33.560381,114.694301,-6.064551,24.084082,85.552968,-4.737595,23.909177,86.782221,0.030000,
-6.066089,24.102125,85.552340,-10.294824,33.559739,114.697836,-6.067472,24.118356,85.551775,-4.737998,23.909321,86.781852,0.030000,
-6.066089,24.102125,85.552340,-10.295242,33.559097,114.701370,-6.064551,24.084082,85.552968,-4.738401,23.909464,86.781483,0.030000,
-6.066089,24.102125,85.552340,-10.295659,33.558455,114.704903,-6.067472,24.118356,85.551775,-4.738804,23.909608,86.781114,0.030000,
-6.066089,24.102125,85.552340,-10.296077,33.557813,114.708435,-6.064551,24.084082,85.552968,-4.739206,23.909751,86.780745,0.030000,
-6.066089,24.102125,85.552340,-10.296494,33.557171,114.711967,-6.067472,24.118356,85.551775,-4.739609,23.909895,86.780376,0.030000,
-6.066089,24.102125,85.552340,-10.296912,33.556530,114.715498,-6.064551,24.084082,85.552968,-4.740011,23.910038,86.780007,0.030000,
-6.066089,24.102125,85.552340,-10.297329,33.555888,114.719028,-6.067472,24.118356,85.551775,-4.740414,23.910181,86.779639,0.030000,
-6.066089,24.102125,85.552340,-10.297747,33.555247,114.722558,-6.064551,24.084082,85.552968,-4.740816,23.910324,86.779270,0.030000,
-6.066089,24.102125,85.552340,-10.298164,33.554605,114.726087,-6.067472,24.118356,85.551775,-4.741218,23.910467,86.778902,0.030000,
-6.066089,24.102125,85.552340,-10.298582,33.553964,114.729616,-6.064551,24.084082,85.552968,-4.741620,23.910610,86.778534,0.030000,
-6.066089,24.102125,85.552340,-10.298999,33.553323,114.733144,-6.067472,24.118356,85.551775,-4.742021,23.910752,86.778166,0.030000,
-6.066089,24.102125,85.552340,-10.299417,33.552682,114.736671,-6.064551,24.084082,85.552968,-4.742423,23.910895,86.777798,0.030000,
-6.066089,24.102125,85.552340,-10.299834,33.552041,114.740197,-6.067472,24.118356,85.551775,-4.742825,23.911038,86.777430,0.030000,
-6.066089,24.102125,85.552340,-10.300251,33.551401,114.743723,-6.064551,24.084082,85.552968,-4.743226,23.911180,86.777062,0.030000,
-6.066089,24.102125,85.552340,-10.300669,33.550760,114.747248,-6.067472,24.118356,85.551775,-4.743627,23.911322,86.776694,0.030000,
-6.066089,24.102125,85.552340,-10.301086,33.550119,114.750773,-6.064551,24.084082,85.552968,-4.744028,23.911465,86.776327,0.030000,
-6.066089,24.102125,85.552340,-10.301503,33.549479,114.754297,-6.067472,24.118356,85.551775,-4.744429,23.911607,86.775959,0.030000,
-6.066089,24.102125,85.552340,-10.301921,33.548839,114.757820,-6.064551,24.084082,85.552968,-4.744830,23.911749,86.775592,0.030000,
-6.066089,24.102125,85.552340,-10.302338,33.548198,114.761342,-6.067472,24.118356,85.551775,-4.745231,23.911891,86.775225,0.030000,
-6.066089,24.102125,85.552340,-10.302755,33.547558,114.764864,-6.064551,24.084082,85.552968,-4.745632,23.912033,86.774857,0.030000,
-6.066089,24.102125,85.552340,-10.303172,33.546918,114.768385,-6.067472,24.118356,85.551775,-4.746032,23.912175,86.774490,0.030000,
-6.066089,24.102125,85.552340,-10.303590,33.546278,114.771906,-6.064551,24.084082,85.552968,-4.746433,23.912316,86.774124,0.030000,
-6.066089,24.102125,85.552340,-10.304007,33.545638,114.775426,-6.067472,24.118356,85.551775,-4.746833,23.912458,86.773757,0.030000,
-6.066089,24.102125,85.552340,-10.304424,33.544999,114.778945,-6.064551,24.084082,85.552968,-4.747233,23.912599,86.773390,0.030000,
-6.066089,24.102125,85.552340,-10.304841,33.544359,114.782464,-6.067472,24.118356,85.551775,-4.747633,23.912741,86.773023,0.030000,
-6.066089,24.102125,85.552340,-10.305258,33.543720,114.785982,-6.064551,24.084082,85.552968,-4.748033,23.912882,86.772657,0.030000,
-6.066089,24.102125,85.552340,-10.305676,33.543080,114.789499,-6.067472,24.118356,85.551775,-4.748433,23.913023,86.772291,0.030000,
-6.066089,24.102125,85.552340,-10.306093,33.542441,114.793015,-6.064551,24.084082,85.552968,-4.748833,23.913164,86.771924,0.030000,
-6.066089,24.102125,85.552340,-10.306510,33.541802,114.796531,-6.067472,24.118356,85.551775,-4.749232,23.913305,86.771558,0.030000,
-6.066089,24.102125,85.552340,-10.306927,33.541163,114.800047,-6.064551,24.084082,85.552968,-4.749632,23.913446,86.771192,0.030000,
-6.066089,24.102125,85.552340,-10.307344,33.540524,114.803561,-6.067472,24.118356,85.551775,-4.750031,23.913587,86.770826,0.030000,
-6.066089,24.102125,85.552340,-10.307761,33.539885,114.807075,-6.064551,24.084082,85.552968,-4.750430,23.913728,86.770460,0.030000,
-6.066089,24.102125,85.552340,-10.308178,33.539246,114.810589,-6.067472,24.118356,85.551775,-4.750829,23.913869,86.770095,0.030000,
-6.066089,24.102125,85.552340,-10.308595,33.538608,114.814101,-6.064551,24.084082,85.552968,-4.751228,23.914009,86.769729,0.030000,
-6.066089,24.102125,85.552340,-10.309012,33.537969,114.817613,-6.067472,24.118356,85.551775,-4.751627,23.914150,86.769364,0.030000,
-6.066089,24.102125,85.552340,-10.309429,33.537331,114.821125,-6.064551,24.084082,85.552968,-4.752026,23.914290,86.768998,0.030000,
-6.066089,24.102125,85.552340,-10.309846,33.536692,114.824635,-6.067472,24.118356,85.551775,-4.752425,23.914430,86.768633,0.030000,
-6.066089,24.102125,85.552340,-10.310263,33.536054,114.828145,-6.064551,24.084082,85.552968,-4.752823,23.914571,86.768268,0.030000,
-6.066089,24.102125,85.552340,-10.310680,33.535416,114.831655,-6.067472,24.118356,85.551775,-4.753221,23.914711,86.767903,0.030000,
-6.066089,24.102125,85.552340,-10.311097,33.534778,114.835163,-6.064551,24.084082,85.552968,-4.753620,23.914851,86.767538,0.030000,
-6.066089,24.102125,85.552340,-10.311514,33.534140,114.838671,-6.067472,24.118356,85.551775,-4.754018,23.914991,86.767173,0.030000,
-6.066089,24.102125,85.552340,-10.311930,33.533502,114.842179,-6.064551,24.084082,85.552968,-4.754416,23.915131,86.766808,0.030000,
-6.066089,24.102125,85.552340,-10.312347,33.532865,114.845686,-6.067472,24.118356,85.551775,-4.754814,23.915270,86.766444,0.030000,
-6.066089,24.102125,85.552340,-10.312764,33.532227,114.849192,-6.064551,24.084082,85.552968,-4.755211,23.915410,86.766079,0.030000,
-6.066089,24.102125,85.552340,-10.313181,33.531589,114.852697,-6.067472,24.118356,85.551775,-4.755609,23.915550,86.765715,0.030000,
-6.066089,24.102125,85.552340,-10.313598,33.530952,114.856202,-6.064551,24.084082,85.552968,-4.756007,23.915689,86.765350,0.030000,
-6.066089,24.102125,85.552340,-10.314014,33.530315,114.859706,-6.067472,24.118356,85.551775,-4.756404,23.915828,86.764986,0.030000,
-6.066089,24.102125,85.552340,-10.314431,33.529678,114.863209,-6.064551,24.084082,85.552968,-4.756801,23.915968,86.764622,0.030000,
-6.066089,24.102125,85.552340,-10.314848,33.529041,114.866712,-6.067472,24.118356,85.551775,-4.757198,23.916107,86.764258,0.030000,
-6.066089,24.102125,85.552340,-10.315265,33.528404,114.870214,-6.064551,24.084082,85.552968,-4.757595,23.916246,86.763894,0.030000,
-6.066089,24.102125,85.552340,-10.315681,33.527767,114.873716,-6.067472,24.118356,85.551775,-4.757992,23.916385,86.763531,0.030000,
-6.066089,24.102125,85.552340,-10.316098,33.527130,114.877217,-6.064551,24.084082,85.552968,-4.758389,23.916524,86.763167,0.030000,
-6.066089,24.102125,85.552340,-10.316515,33.526493,114.880717,-6.067472,24.118356,85.551775,-4.758786,23.916663,86.762803,0.030000,
-6.066089,24.102125,85.552340,-10.316931,33.525857,114.884216,-6.064551,24.084082,85.552968,-4.759182,23.916801,86.762440,0.030000,
-6.066089,24.102125,85.552340,-10.317348,33.525220,114.887715,-6.067472,24.118356,85.551775,-4.759579,23.916940,86.762077,0.030000,
-6.066089,24.102125,85.552340,-10.317765,33.524584,114.891214,-6.064551,24.084082,85.552968,-4.759975,23.917079,86.761713,0.030000,
-6.066089,24.102125,85.552340,-10.318181,33.523948,114.894711,-6.067472,24.118356,85.551775,-4.760371,23.917217,86.761350,0.030000,
-6.066089,24.102125,85.552340,-10.318598,33.523312,114.898208,-6.064551,24.084082,85.552968,-4.760767,23.917356,86.760987,0.030000,
-6.066089,24.102125,85.552340,-10.319014,33.522676,114.901704,-6.067472,24.118356,85.551775,-4.761163,23.917494,86.760625,0.030000,
-6.066089,24.102125,85.552340,-10.319431,33.522040,114.905200,-6.064551,24.084082,85.552968,-4.761559,23.917632,86.760262,0.030000,
-6.066089,24.102125,85.552340,-10.319847,33.521404,114.908695,-6.067472,24.118356,85.551775,-4.761955,23.917770,86.759899,0.030000,
-6.066089,24.102125,85.552340,-10.320264,33.520768,114.912189,-6.064551,24.084082,85.552968,-4.762350,23.917908,86.759537,0.030000,
-6.066089,24.102125,85.552340,-10.320680,33.520133,114.915683,-6.067472,24.118356,85.551775,-4.762746,23.918046,86.759174,0.030000,
-6.066089,24.102125,85.552340,-10.321097,33.519497,114.919176,-6.064551,24.084082,85.552968,-4.763141,23.918184,86.758812,0.030000,
-6.066089,24.102125,85.552340,-10.321513,33.518862,114.922668,-6.067472,24.118356,85.551775,-4.763536,23.918322,86.758449,0.030000,
-6.066089,24.102125,85.552340,-10.321930,33.518227,114.926160,-6.064551,24.084082,85.552968,-4.763931,23.918459,86.758087,0.030000,
-6.066089,24.102125,85.552340,-10.322346,33.517591,114.929651,-6.067472,24.118356,85.551775,-4.764326,23.918597,86.757725,0.030000,
-6.066089,24.102125,85.552340,-10.322762,33.516956,114.933141,-6.064551,24.084082,85.552968,-4.764721,23.918734,86.757363,0.030000,
-6.066089,24.102125,85.552340,-10.323179,33.516321,114.936631,-6.067472,24.118356,85.551775,-4.765116,23.918872,86.757002,0.030000,
-6.066089,24.102125,85.552340,-10.323595,33.515687,114.940120,-6.064551,24.084082,85.552968,-4.765511,23.919009,86.756640,0.030000,
-6.066089,24.102125,85.552340,-10.324011,33.515052,114.943608,-6.067472,24.118356,85.551775,-4.765905,23.919146,86.756278,0.030000,
-6.066089,24.102125,85.552340,-10.324428,33.514417,114.947096,-6.064551,24.084082,85.552968,-4.766299,23.919283,86.755917,0.030000,
-6.066089,24.102125,85.552340,-10.324844,33.513783,114.950583,-6.067472,24.118356,85.551775,-4.766694,23.919420,86.755555,0.030000,
-6.066089,24.102125,85.552340,-10.325260,33.513148,114.954070,-6.064551,24.084082,85.552968,-4.767088,23.919557,86.755194,0.030000,
-6.066089,24.102125,85.552340,-10.325676,33.512514,114.957555,-6.067472,24.118356,85.551775,-4.767482,23.919694,86.754833,0.030000,
-6.066089,24.102125,85.552340,-10.326093,33.511880,114.961040,-6.064551,24.084082,85.552968,-4.767876,23.919831,86.754472,0.030000,
-6.066089,24.102125,85.552340,-10.326509,33.511246,114.964525,-6.067472,24.118356,85.551775,-4.768270,23.919967,86.754111,0.030000,
-6.066089,24.102125,85.552340,-10.326925,33.510612,114.968009,-6.064551,24.084082,85.552968,-4.768663,23.920104,86.753750,0.030000,
-6.066089,24.102125,85.552340,-10.327341,33.509978,114.971492,-6.067472,24.118356,85.551775,-4.769057,23.920240,86.753390,0.030000,
-6.066089,24.102125,85.552340,-10.327757,33.509344,114.974975,-6.064551,24.084082,85.552968,-4.769450,23.920377,86.753029,0.030000,
-6.066089,24.102125,85.552340,-10.328174,33.508710,114.978456,-6.067472,24.118356,85.551775,-4.769843,23.920513,86.752668,0.030000,
-6.066089,24.102125,85.552340,-10.328590,33.508077,114.981938,-6.064551,24.084082,85.552968,-4.770237,23.920649,86.752308,0.030000,
-6.066089,24.102125,85.552340,-10.329006,33.507443,114.985418,-6.067472,24.118356,85.551775,-4.770630,23.920785,86.751948,0.030000,
-6.066089,24.102125,85.552340,-10.329422,33.506810,114.988898,-6.064551,24.084082,85.552968,-4.771023,23.920921,86.751588,0.030000,
-6.066089,24.102125,85.552340,-10.329838,33.506177,114.992377,-6.067472,24.118356,85.551775,-4.771415,23.921057,86.751227,0.030000,
-6.066089,24.102125,85.552340,-10.330254,33.505543,114.995856,-6.064551,24.084082,85.552968,-4.771808,23.921193,86.750867,0.030000,
-6.066089,24.102125,85.552340,-10.330670,33.504910,114.999334,-6.067472,24.118356,85.551775,-4.772201,23.921329,86.750508,0.030000,
-6.066089,24.102125,85.552340,-10.331086,33.504277,115.002811,-6.064551,24.084082,85.552968,-4.772593,23.921464,86.750148,0.030000,
-6.066089,24.102125,85.552340,-10.331502,33.503645,115.006288,-6.067472,24.118356,85.551775,-4.772985,23.921600,86.749788,0.030000,
-6.066089,24.102125,85.552340,-10.331918,33.503012,115.009764,-6.064551,24.084082,85.552968,-4.773378,23.921736,86.749429,0.030000,
-6.066089,24.102125,85.552340,-10.332334,33.502379,115.013239,-6.067472,24.118356,85.551775,-4.773770,23.921871,86.749069,0.030000,
-6.066089,24.102125,85.552340,-10.332750,33.501747,115.016714,-6.064551,24.084082,85.552968,-4.774162,23.922006,86.748710,0.030000,
-6.066089,24.102125,85.552340,-10.333166,33.501114,115.020188,-6.067472,24.118356,85.551775,-4.774554,23.922141,86.748351,0.030000,
-6.066089,24.102125,85.552340,-10.333581,33.500482,115.023662,-6.064551,24.084082,85.552968,-4.774945,23.922277,86.747992,0.030000,
-6.066089,24.102125,85.552340,-10.333997,33.499850,115.027134,-6.067472,24.118356,85.551775,-4.775337,23.922412,86.747633,0.030000,
-6.066089,24.102125,85.552340,-10.334413,33.499218,115.030606,-6.064551,24.084082,85.552968,-4.775728,23.922547,86.747274,0.030000,
-6.066089,24.102125,85.552340,-10.334829,33.498586,115.034078,-6.067472,24.118356,85.551775,-4.776120,23.922681,86.746915,0.030000,
-6.066089,24.102125,85.552340,-10.335245,33.497954,115.037549,-6.064551,24.084082,85.552968,-4.776511,23.922816,86.746556,0.030000,
-6.066089,24.102125,85.552340,-10.335660,33.497322,115.041019,-6.067472,24.118356,85.551775,-4.776902,23.922951,86.746198,0.030000,
-6.066089,24.102125,85.552340,-10.336076,33.496690,115.044488,-6.064551,24.084082,85.552968,-4.777293,23.923085,86.745839,0.030000,
-6.066089,24.102125,85.552340,-10.336492,33.496059,115.047957,-6.067472,24.118356,85.551775,-4.777684,23.923220,86.745481,0.030000,
-6.066089,24.102125,85.552340,-10.336908,33.495427,115.051425,-6.064551,24.084082,85.552968,-4.778075,23.923354,86.745122,0.030000,
-6.066089,24.102125,85.552340,-10.337323,33.494796,115.054893,-6.067472,24.118356,85.551775,-4.778466,23.923489,86.744764,0.030000,
-6.066089,24.102125,85.552340,-10.337739,33.494164,115.058360,-6.064551,24.084082,85.552968,-4.778856,23.923623,86.744406,0.030000,
-6.066089,24.102125,85.552340,-10.338155,33.493533,115.061826,-6.067472,24.118356,85.551775,-4.779247,23.923757,86.744048,0.030000,
-6.066089,24.102125,85.552340,-10.338570,33.492902,115.065292,-6.064551,24.084082,85.552968,-4.779637,23.923891,86.743691,0.030000,
-6.066089,24.102125,85.552340,-10.338986,33.492271,115.068757,-6.067472,24.118356,85.551775,-4.780027,23.924025,86.743333,0.030000,
-6.066089,24.102125,85.552340,-10.339402,33.491640,115.072221,-6.064551,24.084082,85.552968,-4.780417,23.924159,86.742975,0.030000,
-6.066089,24.102125,85.552340,-10.339817,33.491010,115.075685,-6.067472,24.118356,85.551775,-4.780807,23.924293,86.742618,0.030000,
-6.066089,24.102125,85.552340,-10.340233,33.490379,115.079148,-6.064551,24.084082,85.552968,-4.781197,23.924426,86.742260,0.030000,
-6.066089,24.102125,85.552340,-10.340648,33.489749,115.082610,-6.067472,24.118356,85.551775,-4.781587,23.924560,86.741903,0.030000,
-6.066089,24.102125,85.552340,-10.341064,33.489118,115.086072,-6.064551,24.084082,85.552968,-4.781976,23.924694,86.741546,0.030000,
-6.066089,24.102125,85.552340,-10.341479,33.488488,115.089533,-6.067472,24.118356,85.551775,-4.782366,23.924827,86.741189,0.030000,
-6.066089,24.102125,85.552340,-10.341895,33.487858,115.092993,-6.064551,24.084082,85.552968,-4.782755,23.924960,86.740832,0.030000,
-6.066089,24.102125,85.552340,-10.342310,33.487227,115.096453,-6.067472,24.118356,85.551775,-4.783144,23.925094,86.740475,0.030000,
-6.066089,24.102125,85.552340,-10.342726,33.486597,115.099912,-6.064551,24.084082,85.552968,-4.783534,23.925227,86.740118,0.030000,
-6.066089,24.102125,85.552340,-10.343141,33.485968,115.103371,-6.067472,24.118356,85.551775,-4.783923,23.925360,86.739761,0.030000,
-6.066089,24.102125,85.552340,-10.343556,33.485338,115.106828,-6.064551,24.084082,85.552968,-4.784311,23.925493,86.739405,0.030000,
-6.066089,24.102125,85.552340,-10.343972,33.484708,115.110286,-6.067472,24.118356,85.551775,-4.784700,23.925626,86.739048,0.030000,
-6.066089,24.102125,85.552340,-10.344387,33.484078,115.113742,-6.064551,24.084082,85.552968,-4.785089,23.925759,86.738692,0.030000,
-6.066089,24.102125,85.552340,-10.344803,33.483449,115.117198,-6.067472,24.118356,85.551775,-4.785477,23.925891,86.738336,0.030000,
-6.066089,24.102125,85.552340,-10.345218,33.482820,115.120653,-6.064551,24.084082,85.552968,-4.785866,23.926024,86.737980,0.030000,
-6.066089,24.102125,85.552340,-10.345633,33.482190,115.124108,-6.067472,24.118356,85.551775,-4.786254,23.926157,86.737624,0.030000,
-6.066089,24.102125,85.552340,-10.346048,33.481561,115.127562,-6.064551,24.084082,85.552968,-4.786642,23.926289,86.737268,0.030000,
-6.066089,24.102125,85.552340,-10.346464,33.480932,115.131015,-6.067472,24.118356,85.551775,-4.787030,23.926421,86.736912,0.030000,
-6.066089,24.102125,85.552340,-10.346879,33.480303,115.134468,-6.064551,24.084082,85.552968,-4.787418,23.926554,86.736556,0.030000,
-6.066089,24.102125,85.552340,-10.347294,33.479674,115.137920,-6.067472,24.118356,85.551775,-4.787806,23.926686,86.736201,0.030000,
-6.066089,24.102125,85.552340,-10.347709,33.479046,115.141371,-6.064551,24.084082,85.552968,-4.788194,23.926818,86.735845,0.030000,
-6.066089,24.102125,85.552340,-10.348125,33.478417,115.144822,-6.067472,24.118356,85.551775,-4.788581,23.926950,86.735490,0.030000,
-6.066089,24.102125,85.552340,-10.348540,33.477788,115.148272,-6.064551,24.084082,85.552968,-4.788969,23.927082,86.735134,0.030000,
-6.066089,24.102125,85.552340,-10.348955,33.477160,115.151721,-6.067472,24.118356,85.551775,-4.789356,23.927214,86.734779,0.030000,
-6.066089,24.102125,85.552340,-10.349370,33.476532,115.155170,-6.064551,24.084082,85.552968,-4.789743,23.927346,86.734424,0.030000,
-6.066089,24.102125,85.552340,-10.349785,33.475903,115.158618,-6.067472,24.118356,85.551775,-4.790130,23.927477,86.734069,0.030000,
-6.066089,24.102125,85.552340,-10.350200,33.475275,115.162065,-6.064551,24.084082,85.552968,-4.790517,23.927609,86.733714,0.030000,
-6.066089,24.102125,85.552340,-10.350615,33.474647,115.165512,-6.067472,24.118356,85.551775,-4.790904,23.927740,86.733360,0.030000,
-6.066089,24.102125,85.552340,-10.351030,33.474019,115.168958,-6.064551,24.084082,85.552968,-4.791291,23.927872,86.733005,0.030000,
-6.066089,24.102125,85.552340,-10.351445,33.473391,115.172404,-6.067472,24.118356,85.551775,-4.791678,23.928003,86.732651,0.030000,
-6.066089,24.102125,85.552340,-10.351860,33.472764,115.175849,-6.064551,24.084082,85.552968,-4.792064,23.928134,86.732296,0.030000,
-6.066089,24.102125,85.552340,-10.352275,33.472136,115.179293,-6.067472,24.118356,85.551775,-4.792451,23.928266,86.731942,0.030000,
-6.066089,24.102125,85.552340,-10.352690,33.471509,115.182737,-6.064551,24.084082,85.552968,-4.792837,23.928397,86.731588,0.030000,
-6.066089,24.102125,85.552340,-10.353105,33.470881,115.186180,-6.067472,24.118356,85.551775,-4.793223,23.928528,86.731233,0.030000,
-6.066089,24.102125,85.552340,-10.353520,33.470254,115.189622,-6.064551,24.084082,85.552968,-4.793609,23.928658,86.730879,0.030000,
-6.066089,24.102125,85.552340,-10.353935,33.469627,115.193064,-6.067472,24.118356,85.551775,-4.793995,23.928789,86.730526,0.030000,
-6.066089,24.102125,85.552340,-10.354350,33.469000,115.196505,-6.064551,24.084082,85.552968,-4.794381,23.928920,86.730172,0.030000,
-6.066089,24.102125,85.552340,-10.354765,33.468373,115.199945,-6.067472,24.118356,85.551775,-4.794767,23.929051,86.729818,0.030000,
-6.066089,24.102125,85.552340,-10.355179,33.467746,115.203385,-6.064551,24.084082,85.552968,-4.795152,23.929181,86.729464,0.030000,
-6.066089,24.102125,85.552340,-10.355594,33.467119,115.206824,-6.067472,24.118356,85.551775,-4.795538,23.929312,86.729111,0.030000,
-6.066089,24.102125,85.552340,-10.356009,33.466492,115.210262,-6.064551,24.084082,85.552968,-4.795923,23.929442,86.728758,0.030000,
-6.066089,24.102125,85.552340,-10.356424,33.465866,115.213700,-6.067472,24.118356,85.551775,-4.796308,23.929572,86.728404,0.030000,
-6.066089,24.102125,85.552340,-10.356838,33.465239,115.217137,-6.064551,24.084082,85.552968,-4.796693,23.929703,86.728051,0.030000,
-6.066089,24.102125,85.552340,-10.357253,33.464613,115.220574,-6.067472,24.118356,85.551775,-4.797078,23.929833,86.727698,0.030000,
-6.066089,24.102125,85.552340,-10.357668,33.463987,115.224009,-6.064551,24.084082,85.552968,-4.797463,23.929963,86.727345,0.030000,
-6.066089,24.102125,85.552340,-10.358083,33.463361,115.227445,-6.067472,24.118356,85.551775,-4.797848,23.930093,86.726992,0.030000,
-6.066089,24.102125,85.552340,-10.358497,33.462735,115.230879,-6.064551,24.084082,85.552968,-4.798233,23.930223,86.726640,0.030000,
-6.066089,24.102125,85.552340,-10.358912,33.462109,115.234313,-6.067472,24.118356,85.551775,-4.798617,23.930352,86.726287,0.030000,
-6.066089,24.102125,85.552340,-10.359326,33.461483,115.237746,-6.064551,24.084082,85.552968,-4.799002,23.930482,86.725934,0.030000,
-6.066089,24.102125,85.552340,-10.359741,33.460857,115.241179,-6.067472,24.118356,85.551775,-4.799386,23.930612,86.725582,0.030000,
-6.066089,24.102125,85.552340,-10.360156,33.460232,115.244611,-6.064551,24.084082,85.552968,-4.799770,23.930741,86.725230,0.030000,
-6.066089,24.102125,85.552340,-10.360570,33.459606,115.248042,-6.067472,24.118356,85.551775,-4.800154,23.930871,86.724877,0.030000,
-6.066089,24.102125,85.552340,-10.360985,33.458981,115.251473,-6.064551,24.084082,85.552968,-4.800538,23.931000,86.724525,0.030000,
-6.066089,24.102125,85.552340,-10.361399,33.458355,115.254903,-6.067472,24.118356,85.551775,-4.800922,23.931129,86.724173,0.030000,
-6.066089,24.102125,85.552340,-10.361814,33.457730,115.258333,-6.064551,24.084082,85.552968,-4.801306,23.931258,86.723821,0.030000,
-6.066089,24.102125,85.552340,-10.362228,33.457105,115.261761,-6.067472,24.118356,85.551775,-4.801689,23.931388,86.723470,0.030000,
-6.066089,24.102125,85.552340,-10.362643,33.456480,115.265189,-6.064551,24.084082,85.552968,-4.802073,23.931517,86.723118,0.030000,
-6.066089,24.102125,85.552340,-10.363057,33.455855,115.268617,-6.067472,24.118356,85.551775,-4.802456,23.931645,86.722766,0.030000,
-6.066089,24.102125,85.552340,-10.363471,33.455231,115.272044,-6.064551,24.084082,85.552968,-4.802839,23.931774,86.722415,0.030000,
-6.066089,24.102125,85.552340,-10.363886,33.454606,115.275470,-6.067472,24.118356,85.551775,-4.803222,23.931903,86.722063,0.030000,
-6.066089,24.102125,85.552340,-10.364300,33.453981,115.278896,-6.064551,24.084082,85.552968,-4.803605,23.932032,86.721712,0.030000,
-6.066089,24.102125,85.552340,-10.364714,33.453357,115.282320,-6.067472,24.118356,85.551775,-4.803988,23.932160,86.721361,0.030000,
-6.066089,24.102125,85.552340,-10.365129,33.452733,115.285745,-6.064551,24.084082,85.552968,-4.804371,23.932289,86.721010,0.030000,
-6.066089,24.102125,85.552340,-10.365543,33.452108,115.289168,-6.067472,24.118356,85.551775,-4.804754,23.932417,86.720659,0.030000,
-6.066089,24.102125,85.552340,-10.365957,33.451484,115.292591,-6.064551,24.084082,85.552968,-4.805136,23.932546,86.720308,0.030000,
-6.066089,24.102125,85.552340,-10.366372,33.450860,115.296014,-6.067472,24.118356,85.551775,-4.805519,23.932674,86.719957,0.030000,
-6.066089,24.102125,85.552340,-10.366786,33.450236,115.299435,-6.064551,24.084082,85.552968,-4.805901,23.932802,86.719607,0.030000,
-6.066089,24.102125,85.552340,-10.367200,33.449612,115.302856,-6.067472,24.118356,85.551775,-4.806283,23.932930,86.719256,0.030000,
-6.066089,24.102125,85.552340,-10.367614,33.448989,115.306277,-6.064551,24.084082,85.552968,-4.806665,23.933058,86.718906,0.030000,
-6.066089,24.102125,85.552340,-10.368028,33.448365,115.309697,-6.067472,24.118356,85.551775,-4.807047,23.933186,86.718555,0.030000,
-6.066089,24.102125,85.552340,-10.368443,33.447741,115.313116,-6.064551,24.084082,85.552968,-4.807429,23.933314,86.718205,0.030000,
-6.066089,24.102125,85.552340,-10.368857,33.447118,115.316534,-6.067472,24.118356,85.551775,-4.807811,23.933441,86.717855,0.030000,
-6.066089,24.102125,85.552340,-10.369271,33.446495,115.319952,-6.064551,24.084082,85.552968,-4.808192,23.933569,86.717505,0.030000,
-6.066089,24.102125,85.552340,-10.369685,33.445871,115.323369,-6.067472,24.118356,85.551775,-4.808574,23.933697,86.717155,0.030000,
-6.066089,24.102125,85.552340,-10.370099,33.445248,115.326786,-6.064551,24.084082,85.552968,-4.808955,23.933824,86.716805,0.030000,
-6.066089,24.102125,85.552340,-10.370513,33.444625,115.330202,-6.067472,24.118356,85.551775,-4.809337,23.933952,86.716456,0.030000,
-6.066089,24.102125,85.552340,-10.370927,33.444002,115.333617,-6.064551,24.084082,85.552968,-4.809718,23.934079,86.716106,0.030000,
-6.066089,24.102125,85.552340,-10.371341,33.443380,115.337032,-6.067472,24.118356,85.551775,-4.810099,23.934206,86.715757,0.030000,
-6.066089,24.102125,85.552340,-10.371755,33.442757,115.340446,-6.064551,24.084082,85.552968,-4.810480,23.934333,86.715407,0.030000,
-6.066089,24.102125,85.552340,-10.372169,33.442134,115.343859,-6.067472,24.118356,85.551775,-4.810860,23.934460,86.715058,0.030000,
-6.066089,24.102125,85.552340,-10.372583,33.441512,115.347272,-6.064551,24.084082,85.552968,-4.811241,23.934587,86.714709,0.030000,
-6.066089,24.102125,85.552340,-10.372997,33.440890,115.350684,-6.067472,24.118356,85.551775,-4.811622,23.934714,86.714360,0.030000,
-6.066089,24.102125,85.552340,-10.373411,33.440267,115.354095,-6.064551,24.084082,85.552968,-4.812002,23.934841,86.714011,0.030000,
-6.066089,24.102125,85.552340,-10.373824,33.439645,115.357506,-6.067472,24.118356,85.551775,-4.812382,23.934968,86.713662,0.030000,
-6.066089,24.102125,85.552340,-10.374238,33.439023,115.360916,-6.064551,24.084082,85.552968,-4.812763,23.935094,86.713313,0.030000,
-6.066089,24.102125,85.552340,-10.374652,33.438401,115.364326,-6.067472,24.118356,85.551775,-4.813143,23.935221,86.712964,0.030000,
-6.066089,24.102125,85.552340,-10.375066,33.437779,115.367735,-6.064551,24.084082,85.552968,-4.813523,23.935347,86.712616,0.030000,
-6.066089,24.102125,85.552340,-10.375480,33.437158,115.371143,-6.067472,24.118356,85.551775,-4.813903,23.935474,86.712267,0.030000,
-6.066089,24.102125,85.552340,-10.375893,33.436536,115.374551,-6.064551,24.084082,85.552968,-4.814282,23.935600,86.711919,0.030000,
-6.066089,24.102125,85.552340,-10.376307,33.435914,115.377958,-6.067472,24.118356,85.551775,-4.814662,23.935726,86.711571,0.030000,
-6.066089,24.102125,85.552340,-10.376721,33.435293,115.381364,-6.064551,24.084082,85.552968,-4.815042,23.935852,86.711223,0.030000,
-6.066089,24.102125,85.552340,-10.377135,33.434672,115.384770,-6.067472,24.118356,85.551775,-4.815421,23.935978,86.710875,0.030000,
-6.066089,24.102125,85.552340,-10.377548,33.434050,115.388175,-6.064551,24.084082,85.552968,-4.815800,23.936104,86.710527,0.030000,
-6.066089,24.102125,85.552340,-10.377962,33.433429,115.391579,-6.067472,24.118356,85.551775,-4.816179,23.936230,86.710179,0.030000,
-6.066089,24.102125,85.552340,-10.378376,33.432808,115.394983,-6.064551,24.084082,85.552968,-4.816558,23.936356,86.709831,0.030000,
-6.066089,24.102125,85.552340,-10.378789,33.432187,115.398386,-6.067472,24.118356,85.551775,-4.816937,23.936482,86.709484,0.030000,
-6.066089,24.102125,85.552340,-10.379203,33.431566,115.401789,-6.064551,24.084082,85.552968,-4.817316,23.936607,86.709136,0.030000,
-6.066089,24.102125,85.552340,-10.379616,33.430946,115.405190,-6.067472,24.118356,85.551775,-4.817695,23.936733,86.708789,0.030000,
-6.066089,24.102125,85.552340,-10.380030,33.430325,115.408592,-6.064551,24.084082,85.552968,-4.818074,23.936858,86.708441,0.030000,
-6.066089,24.102125,85.552340,-10.380443,33.429705,115.411992,-6.067472,24.118356,85.551775,-4.818452,23.936984,86.708094,0.030000,
-6.066089,24.102125,85.552340,-10.380857,33.429084,115.415392,-6.064551,24.084082,85.552968,-4.818830,23.937109,86.707747,0.030000,
-6.066089,24.102125,85.552340,-10.381270,33.428464,115.418791,-6.067472,24.118356,85.551775,-4.819209,23.937234,86.707400,0.030000,
-6.066089,24.102125,85.552340,-10.381684,33.427844,115.422190,-6.064551,24.084082,85.552968,-4.819587,23.937359,86.707053,0.030000,
-6.066089,24.102125,85.552340,-10.382097,33.427224,115.425588,-6.067472,24.118356,85.551775,-4.819965,23.937485,86.706706,0.030000,
-6.066089,24.102125,85.552340,-10.382511,33.426604,115.428985,-6.064551,24.084082,85.552968,-4.820343,23.937610,86.706360,0.030000,
-6.066089,24.102125,85.552340,-10.382924,33.425984,115.432382,-6.067472,24.118356,85.551775,-4.820720,23.937734,86.706013,0.030000,
-6.066089,24.102125,85.552340,-10.383337,33.425364,115.435778,-6.064551,24.084082,85.552968,-4.821098,23.937859,86.705667,0.030000,
-6.066089,24.102125,85.552340,-10.383751,33.424744,115.439174,-6.067472,24.118356,85.551775,-4.821476,23.937984,86.705320,0.030000,
-6.066089,24.102125,85.552340,-10.384164,33.424125,115.442569,-6.064551,24.084082,85.552968,-4.821853,23.938109,86.704974,0.030000,
-6.066089,24.102125,85.552340,-10.384577,33.423505,115.445963,-6.067472,24.118356,85.551775,-4.822230,23.938233,86.704628,0.030000,
-6.066089,24.102125,85.552340,-10.384990,33.422886,115.449356,-6.064551,24.084082,85.552968,-4.822608,23.938358,86.704282,0.030000,
-6.066089,24.102125,85.552340,-10.385404,33.422267,115.452749,-6.067472,24.118356,85.551775,-4.822985,23.938482,86.703936,0.030000,
-6.066089,24.102125,85.552340,-10.385817,33.421648,115.456142,-6.064551,24.084082,85.552968,-4.823362,23.938606,86.703590,0.030000,
-6.066089,24.102125,85.552340,-10.386230,33.421029,115.459533,-6.067472,24.118356,85.551775,-4.823739,23.938731,86.703244,0.030000,
-6.066089,24.102125,85.552340,-10.386643,33.420410,115.462924,-6.064551,24.084082,85.552968,-4.824115,23.938855,86.702898,0.030000,
-6.066089,24.102125,85.552340,-10.387056,33.419791,115.466315,-6.067472,24.118356,85.551775,-4.824492,23.938979,86.702553,0.030000,
-6.066089,24.102125,85.552340,-10.387470,33.419172,115.469704,-6.064551,24.084082,85.552968,-4.824869,23.939103,86.702207,0.030000,
-6.066089,24.102125,85.552340,-10.387883,33.418553,115.473094,-6.067472,24.118356,85.551775,-4.825245,23.939227,86.701862,0.030000,
-6.066089,24.102125,85.552340,-10.388296,33.417935,115.476482,-6.064551,24.084082,85.552968,-4.825621,23.939350,86.701517,0.030000,
-6.066089,24.102125,85.552340,-10.388709,33.417317,115.479870,-6.067472,24.118356,85.551775,-4.825997,23.939474,86.701172,0.030000,
-6.066089,24.102125,85.552340,-10.389122,33.416698,115.483257,-6.064551,24.084082,85.552968,-4.826374,23.939598,86.700827,0.030000,
-6.066089,24.102125,85.552340,-10.389535,33.416080,115.486644,-6.067472,24.118356,85.551775,-4.826750,23.939721,86.700482,0.030000,
-6.066089,24.102125,85.552340,-10.389948,33.415462,115.490030,-6.064551,24.084082,85.552968,-4.827125,23.939845,86.700137,0.030000,
-6.066089,24.102125,85.552340,-10.390361,33.414844,115.493415,-6.067472,24.118356,85.551775,-4.827501,23.939968,86.699792,0.030000,
-6.066089,24.102125,85.552340,-10.390774,33.414226,115.496799,-6.064551,24.084082,85.552968,-4.827877,23.940092,86.699448,0.030000,
-6.066089,24.102125,85.552340,-10.391187,33.413608,115.500184,-6.067472,24.118356,85.551775,-4.828252,23.940215,86.699103,0.030000,
-6.066089,24.102125,85.552340,-10.391600,33.412991,115.503567,-6.064551,24.084082,85.552968,-4.828628,23.940338,86.698759,0.030000,
-6.066089,24.102125,85.552340,-10.392013,33.412373,115.506950,-6.067472,24.118356,85.551775,-4.829003,23.940461,86.698414,0.030000,
-6.066089,24.102125,85.552340,-10.392425,33.411755,115.510332,-6.064551,24.084082,85.552968,-4.829378,23.940584,86.698070,0.030000,
-6.066089,24.102125,85.552340,-10.392838,33.411138,115.513713,-6.067472,24.118356,85.551775,-4.829753,23.940707,86.697726,0.030000,
-6.066089,24.102125,85.552340,-10.393251,33.410521,115.517094,-6.064551,24.084082,85.552968,-4.830128,23.940830,86.697382,0.030000,
-6.066089,24.102125,85.552340,-10.393664,33.409904,115.520474,-6.067472,24.118356,85.551775,-4.830503,23.940953,86.697038,0.030000,
-6.066089,24.102125,85.552340,-10.394077,33.409287,115.523854,-6.064551,24.084082,85.552968,-4.830877,23.941075,86.696694,0.030000,
-6.066089,24.102125,85.552340,-10.394489,33.408670,115.527233,-6.067472,24.118356,85.551775,-4.831252,23.941198,86.696351,0.030000,
-6.066089,24.102125,85.552340,-10.394902,33.408053,115.530611,-6.064551,24.084082,85.552968,-4.831626,23.941320,86.696007,0.030000,
-6.066089,24.102125,85.552340,-10.395315,33.407436,115.533989,-6.067472,24.118356,85.551775,-4.832001,23.941443,86.695664,0.030000,
-6.066089,24.102125,85.552340,-10.395727,33.406819,115.537366,-6.064551,24.084082,85.552968,-4.832375,23.941565,86.695320,0.030000,
-6.066089,24.102125,85.552340,-10.396140,33.406203,115.540742,-6.067472,24.118356,85.551775,-4.832749,23.941687,86.694977,0.030000,
-6.066089,24.102125,85.552340,-10.396553,33.405586,115.544118,-6.064551,24.084082,85.552968,-4.833123,23.941810,86.694634,0.030000,
-6.066089,24.102125,85.552340,-10.396965,33.404970,115.547493,-6.067472,24.118356,85.551775,-4.833497,23.941932,86.694291,0.030000,
-6.066089,24.102125,85.552340,-10.397378,33.404354,115.550868,-6.064551,24.084082,85.552968,-4.833871,23.942054,86.693948,0.030000,
-6.066089,24.102125,85.552340,-10.397791,33.403738,115.554242,-6.067472,24.118356,85.551775,-4.834245,23.942176,86.693605,0.030000,
-6.066089,24.102125,85.552340,-10.398203,33.403122,115.557615,-6.064551,24.084082,85.552968,-4.834618,23.942297,86.693262,0.030000,
-6.066089,24.102125,85.552340,-10.398616,33.402506,115.560987,-6.067472,24.118356,85.551775,-4.834992,23.942419,86.692919,0.030000,
-6.066089,24.102125,85.552340,-10.399028,33.401890,115.564359,-6.064551,24.084082,85.552968,-4.835365,23.942541,86.692577,0.030000,
-6.066089,24.102125,85.552340,-10.399441,33.401274,115.567731,-6.067472,24.118356,85.551775,-4.835738,23.942663,86.692234,0.030000,
-6.066089,24.102125,85.552340,-10.399853,33.400658,115.571101,-6.064551,24.084082,85.552968,-4.836111,23.942784,86.691892,0.030000,
-6.066089,24.102125,85.552340,-10.400265,33.400043,115.574471,-6.067472,24.118356,85.551775,-4.836484,23.942906,86.691550,0.030000,
-6.066089,24.102125,85.552340,-10.400678,33.399428,115.577841,-6.064551,24.084082,85.552968,-4.836857,23.943027,86.691208,0.030000,
-6.066089,24.102125,85.552340,-10.401090,33.398812,115.581210,-6.067472,24.118356,85.551775,-4.837230,23.943148,86.690865,0.030000,
-6.066089,24.102125,85.552340,-10.401503,33.398197,115.584578,-6.064551,24.084082,85.552968,-4.837602,23.943269,86.690524,0.030000,
-6.066089,24.102125,85.552340,-10.401915,33.397582,115.587945,-6.067472,24.118356,85.551775,-4.837975,23.943391,86.690182,0.030000,
-6.066089,24.102125,85.552340,-10.402327,33.396967,115.591312,-6.064551,24.084082,85.552968,-4.838347,23.943512,86.689840,0.030000,
-6.066089,24.102125,85.552340,-10.402739,33.396352,115.594679,-6.067472,24.118356,85.551775,-4.838720,23.943633,86.689498,0.030000,
-6.066089,24.102125,85.552340,-10.403152,33.395737,115.598044,-6.064551,24.084082,85.552968,-4.839092,23.943753,86.689157,0.030000,
-6.066089,24.102125,85.552340,-10.403564,33.395123,115.601409,-6.067472,24.118356,85.551775,-4.839464,23.943874,86.688815,0.030000,
-6.066089,24.102125,85.552340,-10.403976,33.394508,115.604774,-6.064551,24.084082,85.552968,-4.839836,23.943995,86.688474,0.030000,
-6.066089,24.102125,85.552340,-10.404388,33.393894,115.608137,-6.067472,24.118356,85.551775,-4.840208,23.944116,86.688133,0.030000,
-6.066089,24.102125,85.552340,-10.404801,33.393279,115.611500,-6.064551,24.084082,85.552968,-4.840580,23.944236,86.687792,0.030000,
-6.066089,24.102125,85.552340,-10.405213,33.392665,115.614863,-6.067472,24.118356,85.551775,-4.840951,23.944357,86.687451,0.030000,
-6.066089,24.102125,85.552340,-10.405625,33.392051,115.618225,-6.064551,24.084082,85.552968,-4.841323,23.944477,86.687110,0.030000,
-6.066089,24.102125,85.552340,-10.406037,33.391437,115.621586,-6.067472,24.118356,85.551775,-4.841694,23.944597,86.686769,0.030000,
-6.066089,24.102125,85.552340,-10.406449,33.390823,115.624947,-6.064551,24.084082,85.552968,-4.842065,23.944718,86.686428,0.030000,
-6.066089,24.102125,85.552340,-10.406861,33.390209,115.628306,-6.067472,24.118356,85.551775,-4.842437,23.944838,86.686087,0.030000,
-6.066089,24.102125,85.552340,-10.407273,33.389595,115.631666,-6.064551,24.084082,85.552968,-4.842808,23.944958,86.685747,0.030000,
-6.066089,24.102125,85.552340,-10.407685,33.388981,115.635024,-6.067472,24.118356,85.551775,-4.843179,23.945078,86.685406,0.030000,
-6.066089,24.102125,85.552340,-10.408097,33.388368,115.638383,-6.064551,24.084082,85.552968,-4.843549,23.945198,86.685066,0.030000,
-6.066089,24.102125,85.552340,-10.408509,33.387754,115.641740,-6.067472,24.118356,85.551775,-4.843920,23.945318,86.684726,0.030000,
-6.066089,24.102125,85.552340,-10.408921,33.387141,115.645097,-6.064551,24.084082,85.552968,-4.844291,23.945438,86.684386,0.030000,
-6.066089,24.102125,85.552340,-10.409333,33.386528,115.648453,-6.067472,24.118356,85.551775,-4.844661,23.945557,86.684046,0.030000,
-6.066089,24.102125,85.552340,-10.409745,33.385915,115.651808,-6.064551,24.084082,85.552968,-4.845032,23.945677,86.683706,0.030000,
-6.066089,24.102125,85.552340,-10.410157,33.385302,115.655163,-6.067472,24.118356,85.551775,-4.845402,23.945796,86.683366,0.030000,
-6.066089,24.102125,85.552340,-10.410568,33.384689,115.658518,-6.064551,24.084082,85.552968,-4.845772,23.945916,86.683026,0.030000,
-6.066089,24.102125,85.552340,-10.410980,33.384076,115.661871,-6.067472,24.118356,85.551775,-4.846142,23.946035,86.682687,0.030000,
-6.066089,24.102125,85.552340,-10.411392,33.383463,115.665224,-6.064551,24.084082,85.552968,-4.846512,23.946154,86.682347,0.030000,
-6.066089,24.102125,85.552340,-10.411804,33.382851,115.668577,-6.067472,24.118356,85.551775,-4.846882,23.946274,86.682008,0.030000,
-6.066089,24.102125,85.552340,-10.412216,33.382238,115.671928,-6.064551,24.084082,85.552968,-4.847252,23.946393,86.681668,0.030000,
-6.066089,24.102125,85.552340,-10.412627,33.381626,115.675280,-6.067472,24.118356,85.551775,-4.847621,23.946512,86.681329,0.030000,
-6.066089,24.102125,85.552340,-10.413039,33.381013,115.678630,-6.064551,24.084082,85.552968,-4.847991,23.946631,86.680990,0.030000,
-6.066089,24.102125,85.552340,-10.413451,33.380401,115.681980,-6.067472,24.118356,85.551775,-4.848360,23.946750,86.680651,0.030000,
-6.066089,24.102125,85.552340,-10.413862,33.379789,115.685329,-6.064551,24.084082,85.552968,-4.848729,23.946869,86.680312,0.030000,
-6.066089,24.102125,85.552340,-10.414274,33.379177,115.688678,-6.067472,24.118356,85.551775,-4.849098,23.946987,86.679973,0.030000,
-6.066089,24.102125,85.552340,-10.414685,33.378565,115.692026,-6.064551,24.084082,85.552968,-4.849467,23.947106,86.679635,0.030000,
-6.066089,24.102125,85.552340,-10.415097,33.377953,115.695373,-6.067472,24.118356,85.551775,-4.849836,23.947225,86.679296,0.030000,
-6.066089,24.102125,85.552340,-10.415509,33.377342,115.698720,-6.064551,24.084082,85.552968,-4.850205,23.947343,86.678958,0.030000,
-6.066089,24.102125,85.552340,-10.415920,33.376730,115.702066,-6.067472,24.118356,85.551775,-4.850574,23.947462,86.678619,0.030000,
-6.066089,24.102125,85.552340,-10.416332,33.376119,115.705411,-6.064551,24.084082,85.552968,-4.850942,23.947580,86.678281,0.030000,
-6.066089,24.102125,85.552340,-10.416743,33.375507,115.708756,-6.067472,24.118356,85.551775,-4.851311,23.947698,86.677943,0.030000,
-6.066089,24.102125,85.552340,-10.417155,33.374896,115.712100,-6.064551,24.084082,85.552968,-4.851679,23.947816,86.677605,0.030000,
-6.066089,24.102125,85.552340,-10.417566,33.374285,115.715444,-6.067472,24.118356,85.551775,-4.852047,23.947934,86.677267,0.030000,
-6.066089,24.102125,85.552340,-10.417977,33.373674,115.718787,-6.064551,24.084082,85.552968,-4.852416,23.948052,86.676929,0.030000,
-6.066089,24.102125,85.552340,-10.418389,33.373063,115.722129,-6.067472,24.118356,85.551775,-4.852784,23.948170,86.676591,0.030000,
-6.066089,24.102125,85.552340,-10.418800,33.372452,115.725471,-6.064551,24.084082,85.552968,-4.853152,23.948288,86.676253,0.030000,
-6.066089,24.102125,85.552340,-10.419211,33.371841,115.728812,-6.067472,24.118356,85.551775,-4.853519,23.948406,86.675916,0.030000,
-6.066089,24.102125,85.552340,-10.419623,33.371230,115.732152,-6.064551,24.084082,85.552968,-4.853887,23.948524,86.675578,0.030000,
-6.066089,24.102125,85.552340,-10.420034,33.370620,115.735492,-6.067472,24.118356,85.551775,-4.854255,23.948641,86.675241,0.030000,
-6.066089,24.102125,85.552340,-10.420445,33.370009,115.738831,-6.064551,24.084082,85.552968,-4.854622,23.948759,86.674903,0.030000,
-6.066089,24.102125,85.552340,-10.420857,33.369399,115.742170,-6.067472,24.118356,85.551775,-4.854989,23.948876,86.674566,0.030000,
-6.066089,24.102125,85.552340,-10.421268,33.368789,115.745508,-6.064551,24.084082,85.552968,-4.855357,23.948994,86.674229,0.030000,
-6.066089,24.102125,85.552340,-10.421679,33.368179,115.748845,-6.067472,24.118356,85.551775,-4.855724,23.949111,86.673892,0.030000,
-6.066089,24.102125,85.552340,-10.422090,33.367569,115.752182,-6.064551,24.084082,85.552968,-4.856091,23.949228,86.673555,0.030000,
-6.066089,24.102125,85.552340,-10.422501,33.366959,115.755518,-6.067472,24.118356,85.551775,-4.856458,23.949346,86.673219,0.030000,
-6.066089,24.102125,85.552340,-10.422912,33.366349,115.758853,-6.064551,24.084082,85.552968,-4.856824,23.949463,86.672882,0.030000,
-6.066089,24.102125,85.552340,-10.423323,33.365739,115.762188,-6.067472,24.118356,85.551775,-4.857191,23.949580,86.672545,0.030000,
-6.066089,24.102125,85.552340,-10.423735,33.365130,115.765522,-6.064551,24.084082,85.552968,-4.857558,23.949697,86.672209,0.030000,
-6.066089,24.102125,85.552340,-10.424146,33.364520,115.768856,-6.067472,24.118356,85.551775,-4.857924,23.949814,86.671872,0.030000,
-6.066089,24.102125,85.552340,-10.424557,33.363911,115.772189,-6.064551,24.084082,85.552968,-4.858290,23.949930,86.671536,0.030000,
-6.066089,24.102125,85.552340,-10.424968,33.363301,115.775521,-6.067472,24.118356,85.551775,-4.858657,23.950047,86.671200,0.030000,
-6.066089,24.102125,85.552340,-10.425379,33.362692,115.778853,-6.064551,24.084082,85.552968,-4.859023,23.950164,86.670864,0.030000,
-6.066089,24.102125,85.552340,-10.425790,33.362083,115.782184,-6.067472,24.118356,85.551775,-4.859389,23.950280,86.670528,0.030000,
-6.066089,24.102125,85.552340,-10.426200,33.361474,115.785514,-6.064551,24.084082,85.552968,-4.859755,23.950397,86.670192,0.030000,
-6.066089,24.102125,85.552340,-10.426611,33.360865,115.788844,-6.067472,24.118356,85.551775,-4.860121,23.950513,86.669856,0.030000,
-6.066089,24.102125,85.552340,-10.427022,33.360256,115.792173,-6.064551,24.084082,85.552968,-4.860486,23.950629,86.669521,0.030000,
-6.066089,24.102125,85.552340,-10.427433,33.359648,115.795501,-6.067472,24.118356,85.551775,-4.860852,23.950746,86.669185,0.030000,
-6.066089,24.102125,85.552340,-10.427844,33.359039,115.798829,-6.064551,24.084082,85.552968,-4.861217,23.950862,86.668850,0.030000,
-6.066089,24.102125,85.552340,-10.428255,33.358430,115.802157,-6.067472,24.118356,85.551775,-4.861583,23.950978,86.668514,0.030000,
-6.066089,24.102125,85.552340,-10.428665,33.357822,115.805483,-6.064551,24.084082,85.552968,-4.861948,23.951094,86.668179,0.030000,
-6.066089,24.102125,85.552340,-10.429076,33.357214,115.808809,-6.067472,24.118356,85.551775,-4.862313,23.951210,86.667844,0.030000,
-6.066089,24.102125,85.552340,-10.429487,33.356606,115.812135,-6.064551,24.084082,85.552968,-4.862678,23.951326,86.667509,0.030000,
-6.066089,24.102125,85.552340,-10.429898,33.355997,115.815459,-6.067472,24.118356,85.551775,-4.863043,23.951441,86.667174,0.030000,
-6.066089,24.102125,85.552340,-10.430308,33.355390,115.818784,-6.064551,24.084082,85.552968,-4.863408,23.951557,86.666839,0.030000,
-6.066089,24.102125,85.552340,-10.430719,33.354782,115.822107,-6.067472,24.118356,85.551775,-4.863772,23.951673,86.666504,0.030000,
-6.066089,24.102125,85.552340,-10.431130,33.354174,115.825430,-6.064551,24.084082,85.552968,-4.864137,23.951788,86.666169,0.030000,
-6.066089,24.102125,85.552340,-10.431540,33.353566,115.828752,-6.067472,24.118356,85.551775,-4.864501,23.951904,86.665835,0.030000,
-6.066089,24.102125,85.552340,-10.431951,33.352959,115.832074,-6.064551,24.084082,85.552968,-4.864866,23.952019,86.665500,0.030000,
-6.066089,24.102125,85.552340,-10.432361,33.352351,115.835395,-6.067472,24.118356,85.551775,-4.865230,23.952134,86.665166,0.030000,
-6.066089,24.102125,85.552340,-10.432772,33.351744,115.838715,-6.064551,24.084082,85.552968,-4.865594,23.952250,86.664832,0.030000,
-6.066089,24.102125,85.552340,-10.433182,33.351137,115.842035,-6.067472,24.118356,85.551775,-4.865958,23.952365,86.664497,0.030000,
-6.066089,24.102125,85.552340,-10.433593,33.350529,115.845354,-6.064551,24.084082,85.552968,-4.866322,23.952480,86.664163,0.030000,
-6.066089,24.102125,85.552340,-10.434003,33.349922,115.848673,-6.067472,24.118356,85.551775,-4.866686,23.952595,86.663829,0.030000,
-6.066089,24.102125,85.552340,-10.434414,33.349315,115.851991,-6.064551,24.084082,85.552968,-4.867049,23.952710,86.663495,0.030000,
-6.066089,24.102125,85.552340,-10.434824,33.348709,115.855308,-6.067472,24.118356,85.551775,-4.867413,23.952825,86.663162,0.030000,
-6.066089,24.102125,85.552340,-10.435234,33.348102,115.858625,-6.064551,24.084082,85.552968,-4.867776,23.952940,86.662828,0.030000,
-6.066089,24.102125,85.552340,-10.435645,33.347495,115.861941,-6.067472,24.118356,85.551775,-4.868140,23.953054,86.662494,0.030000,
-6.066089,24.102125,85.552340,-10.436055,33.346889,115.865256,-6.064551,24.084082,85.552968,-4.868503,23.953169,86.662161,0.030000,
-6.066089,24.102125,85.552340,-10.436465,33.346282,115.868571,-6.067472,24.118356,85.551775,-4.868866,23.953283,86.661828,0.030000,
-6.066089,24.102125,85.552340,-10.436876,33.345676,115.871885,-6.064551,24.084082,85.552968,-4.869229,23.953398,86.661494,0.030000,
-6.066089,24.102125,85.552340,-10.437286,33.345070,115.875198,-6.067472,24.118356,85.551775,-4.869592,23.953512,86.661161,0.030000,
-6.066089,24.102125,85.552340,-10.437696,33.344463,115.878511,-6.064551,24.084082,85.552968,-4.869955,23.953627,86.660828,0.030000,
-6.066089,24.102125,85.552340,-10.438106,33.343857,115.881824,-6.067472,24.118356,85.551775,-4.870317,23.953741,86.660495,0.030000,
-6.066089,24.102125,85.552340,-10.438517,33.343251,115.885135,-6.064551,24.084082,85.552968,-4.870680,23.953855,86.660162,0.030000,
-6.066089,24.102125,85.552340,-10.438927,33.342646,115.888446,-6.067472,24.118356,85.551775,-4.871042,23.953969,86.659829,0.030000,
-6.066089,24.102125,85.552340,-10.439337,33.342040,115.891757,-6.064551,24.084082,85.552968,-4.871405,23.954083,86.659497,0.030000,
-6.066089,24.102125,85.552340,-10.439747,33.341434,115.895066,-6.067472,24.118356,85.551775,-4.871767,23.954197,86.659164,0.030000,
-6.066089,24.102125,85.552340,-10.440157,33.340829,115.898376,-6.064551,24.084082,85.552968,-4.872129,23.954311,86.658832,0.030000,
-6.066089,24.102125,85.552340,-10.440567,33.340223,115.901684,-6.067472,24.118356,85.551775,-4.872491,23.954425,86.658499,0.030000,
-6.066089,24.102125,85.552340,-10.440977,33.339618,115.904992,-6.064551,24.084082,85.552968,-4.872853,23.954538,86.658167,0.030000,
-6.066089,24.102125,85.552340,-10.441387,33.339013,115.908299,-6.067472,24.118356,85.551775,-4.873215,23.954652,86.657835,0.030000,
-6.066089,24.102125,85.552340,-10.441797,33.338408,115.911606,-6.064551,24.084082,85.552968,-4.873576,23.954766,86.657503,0.030000,
-6.066089,24.102125,85.552340,-10.442207,33.337803,115.914912,-6.067472,24.118356,85.551775,-4.873938,23.954879,86.657171,0.030000,
-6.066089,24.102125,85.552340,-10.442617,33.337198,115.918218,-6.064551,24.084082,85.552968,-4.874299,23.954993,86.656839,0.030000,
-6.066089,24.102125,85.552340,-10.443027,33.336593,115.921522,-6.067472,24.118356,85.551775,-4.874661,23.955106,86.656507,0.030000,
-6.066089,24.102125,85.552340,-10.443437,33.335988,115.924827,-6.064551,24.084082,85.552968,-4.875022,23.955219,86.656175,0.030000,
-6.066089,24.102125,85.552340,-10.443847,33.335384,115.928130,-6.067472,24.118356,85.551775,-4.875383,23.955332,86.655844,0.030000,
-6.066089,24.102125,85.552340,-10.444256,33.334779,115.931433,-6.064551,24.084082,85.552968,-4.875744,23.955445,86.655512,0.030000,
-6.066089,24.102125,85.552340,-10.444666,33.334175,115.934735,-6.067472,24.118356,85.551775,-4.876105,23.955558,86.655181,0.030000,
-6.066089,24.102125,85.552340,-10.445076,33.333571,115.938037,-6.064551,24.084082,85.552968,-4.876466,23.955671,86.654850,0.030000,
-6.066089,24.102125,85.552340,-10.445486,33.332966,115.941338,-6.067472,24.118356,85.551775,-4.876827,23.955784,86.654518,0.030000,
-6.066089,24.102125,85.552340,-10.445896,33.332362,115.944639,-6.064551,24.084082,85.552968,-4.877187,23.955897,86.654187,0.030000,
-6.066089,24.102125,85.552340,-10.446305,33.331758,115.947939,-6.067472,24.118356,85.551775,-4.877548,23.956010,86.653856,0.030000,
-6.066089,24.102125,85.552340,-10.446715,33.331155,115.951238,-6.064551,24.084082,85.552968,-4.877908,23.956122,86.653525,0.030000,
-6.066089,24.102125,85.552340,-10.447125,33.330551,115.954536,-6.067472,24.118356,85.551775,-4.878268,23.956235,86.653195,0.030000,
-6.066089,24.102125,85.552340,-10.447534,33.329947,115.957834,-6.064551,24.084082,85.552968,-4.878628,23.956348,86.652864,0.030000,
-6.066089,24.102125,85.552340,-10.447944,33.329343,115.961132,-6.067472,24.118356,85.551775,-4.878988,23.956460,86.652533,0.030000,
-6.066089,24.102125,85.552340,-10.448353,33.328740,115.964428,-6.064551,24.084082,85.552968,-4.879348,23.956572,86.652203,0.030000,
-6.066089,24.102125,85.552340,-10.448763,33.328137,115.967725,-6.067472,24.118356,85.551775,-4.879708,23.956685,86.651872,0.030000,
-6.066089,24.102125,85.552340,-10.449172,33.327533,115.971020,-6.064551,24.084082,85.552968,-4.880068,23.956797,86.651542,0.030000,
-6.066089,24.102125,85.552340,-10.449582,33.326930,115.974315,-6.067472,24.118356,85.551775,-4.880427,23.956909,86.651212,0.030000,
-6.066089,24.102125,85.552340,-10.449991,33.326327,115.977609,-6.064551,24.084082,85.552968,-4.880787,23.957021,86.650882,0.030000,
-6.066089,24.102125,85.552340,-10.450401,33.325724,115.980903,-6.067472,24.118356,85.551775,-4.881146,23.957133,86.650552,0.030000,
-6.066089,24.102125,85.552340,-10.450810,33.325121,115.984196,-6.064551,24.084082,85.552968,-4.881506,23.957245,86.650222,0.030000,
-6.066089,24.102125,85.552340,-10.451220,33.324519,115.987488,-6.067472,24.118356,85.551775,-4.881865,23.957357,86.649892,0.030000,
-6.066089,24.102125,85.552340,-10.451629,33.323916,115.990780,-6.064551,24.084082,85.552968,-4.882224,23.957468,86.649562,0.030000,
-6.066089,24.102125,85.552340,-10.452038,33.323313,115.994071,-6.067472,24.118356,85.551775,-4.882583,23.957580,86.649233,0.030000,
-6.066089,24.102125,85.552340,-10.452448,33.322711,115.997362,-6.064551,24.084082,85.552968,-4.882942,23.957692,86.648903,0.030000,
-6.066089,24.102125,85.552340,-10.452857,33.322109,116.000652,-6.067472,24.118356,85.551775,-4.883300,23.957803,86.648574,0.030000,
-6.066089,24.102125,85.552340,-10.453266,33.321506,116.003941,-6.064551,24.084082,85.552968,-4.883659,23.957915,86.648245,0.030000,
-6.066089,24.102125,85.552340,-10.453675,33.320904,116.007230,-6.067472,24.118356,85.551775,-4.884017,23.958026,86.647915,0.030000,
-6.066089,24.102125,85.552340,-10.454085,33.320302,116.010518,-6.064551,24.084082,85.552968,-4.884376,23.958137,86.647586,0.030000,
-6.066089,24.102125,85.552340,-10.454494,33.319700,116.013805,-6.067472,24.118356,85.551775,-4.884734,23.958249,86.647257,0.030000,
-6.066089,24.102125,85.552340,-10.454903,33.319098,116.017092,-6.064551,24.084082,85.552968,-4.885092,23.958360,86.646928,0.030000,
-6.066089,24.102125,85.552340,-10.455312,33.318497,116.020378,-6.067472,24.118356,85.551775,-4.885450,23.958471,86.646599,0.030000,
-6.066089,24.102125,85.552340,-10.455721,33.317895,116.023664,-6.064551,24.084082,85.552968,-4.885808,23.958582,86.646271,0.030000,
-6.066089,24.102125,85.552340,-10.456130,33.317294,116.026949,-6.067472,24.118356,85.551775,-4.886166,23.958693,86.645942,0.030000,
-6.066089,24.102125,85.552340,-10.456539,33.316692,116.030233,-6.064551,24.084082,85.552968,-4.886524,23.958804,86.645614,0.030000,
-6.066089,24.102125,85.552340,-10.456948,33.316091,116.033517,-6.067472,24.118356,85.551775,-4.886881,23.958915,86.645285,0.030000,
-6.066089,24.102125,85.552340,-10.457357,33.315490,116.036800,-6.064551,24.084082,85.552968,-4.887239,23.959025,86.644957,0.030000,
-6.066089,24.102125,85.552340,-10.457766,33.314889,116.040082,-6.067472,24.118356,85.551775,-4.887596,23.959136,86.644629,0.030000,
-6.066089,24.102125,85.552340,-10.458175,33.314288,116.043364,-6.064551,24.084082,85.552968,-4.887954,23.959247,86.644300,0.030000,
-6.066089,24.102125,85.552340,-10.458584,33.313687,116.046645,-6.067472,24.118356,85.551775,-4.888311,23.959357,86.643972,0.030000,
-6.066089,24.102125,85.552340,-10.458993,33.313086,116.049926,-6.064551,24.084082,85.552968,-4.888668,23.959467,86.643644,0.030000,
-6.066089,24.102125,85.552340,-10.459402,33.312485,116.053206,-6.067472,24.118356,85.551775,-4.889025,23.959578,86.643317,0.030000,
-6.066089,24.102125,85.552340,-10.459811,33.311884,116.056485,-6.064551,24.084082,85.552968,-4.889382,23.959688,86.642989,0.030000,
-6.066089,24.102125,85.552340,-10.460220,33.311284,116.059764,-6.067472,24.118356,85.551775,-4.889739,23.959798,86.642661,0.030000,
-6.066089,24.102125,85.552340,-10.460629,33.310684,116.063042,-6.064551,24.084082,85.552968,-4.890095,23.959908,86.642334,0.030000,
-6.066089,24.102125,85.552340,-10.461037,33.310083,116.066320,-6.067472,24.118356,85.551775,-4.890452,23.960018,86.642006,0.030000,
-6.066089,24.102125,85.552340,-10.461446,33.309483,116.069597,-6.064551,24.084082,85.552968,-4.890808,23.960128,86.641679,0.030000,
-6.066089,24.102125,85.552340,-10.461855,33.308883,116.072873,-6.067472,24.118356,85.551775,-4.891165,23.960238,86.641352,0.030000,
-6.066089,24.102125,85.552340,-10.462263,33.308283,116.076149,-6.064551,24.084082,85.552968,-4.891521,23.960348,86.641024,0.030000,
-6.066089,24.102125,85.552340,-10.462672,33.307683,116.079424,-6.067472,24.118356,85.551775,-4.891877,23.960458,86.640697,0.030000,
-6.066089,24.102125,85.552340,-10.463081,33.307083,116.082699,-6.064551,24.084082,85.552968,-4.892233,23.960568,86.640370,0.030000,
-6.066089,24.102125,85.552340,-10.463489,33.306484,116.085972,-6.067472,24.118356,85.551775,-4.892589,23.960677,86.640044,0.030000,
-6.066089,24.102125,85.552340,-10.463898,33.305884,116.089246,-6.064551,24.084082,85.552968,-4.892945,23.960787,86.639717,0.030000,
-6.066089,24.102125,85.552340,-10.464307,33.305285,116.092518,-6.067472,24.118356,85.551775,-4.893300,23.960896,86.639390,0.030000,
-6.066089,24.102125,85.552340,-10.464715,33.304685,116.095790,-6.064551,24.084082,85.552968,-4.893656,23.961006,86.639064,0.030000,
-6.066089,24.102125,85.552340,-10.465124,33.304086,116.099062,-6.067472,24.118356,85.551775,-4.894011,23.961115,86.638737,0.030000,
-6.066089,24.102125,85.552340,-10.465532,33.303487,116.102332,-6.064551,24.084082,85.552968,-4.894367,23.961224,86.638411,0.030000,
-6.066089,24.102125,85.552340,-10.465941,33.302888,116.105603,-6.067472,24.118356,85.551775,-4.894722,23.961333,86.638084,0.030000,
-6.066089,24.102125,85.552340,-10.466349,33.302289,116.108872,-6.064551,24.084082,85.552968,-4.895077,23.961442,86.637758,0.030000,
-6.066089,24.102125,85.552340,-10.466757,33.301690,116.112141,-6.067472,24.118356,85.551775,-4.895432,23.961552,86.637432,0.030000,
-6.066089,24.102125,85.552340,-10.467166,33.301091,116.115409,-6.064551,24.084082,85.552968,-4.895787,23.961660,86.637106,0.030000,
-6.066089,24.102125,85.552340,-10.467574,33.300492,116.118677,-6.067472,24.118356,85.551775,-4.896142,23.961769,86.636780,0.030000,
-6.066089,24.102125,85.552340,-10.467982,33.299894,116.121944,-6.064551,24.084082,85.552968,-4.896496,23.961878,86.636454,0.030000,
-6.066089,24.102125,85.552340,-10.468391,33.299295,116.125210,-6.067472,24.118356,85.551775,-4.896851,23.961987,86.636129,0.030000,
-6.066089,24.102125,85.552340,-10.468799,33.298697,116.128476,-6.064551,24.084082,85.552968,-4.897205,23.962096,86.635803,0.030000,
-6.066089,24.102125,85.552340,-10.469207,33.298099,116.131742,-6.067472,24.118356,85.551775,-4.897560,23.962204,86.635478,0.030000,
-6.066089,24.102125,85.552340,-10.469615,33.297501,116.135006,-6.064551,24.084082,85.552968,-4.897914,23.962313,86.635152,0.030000,
-6.066089,24.102125,85.552340,-10.470024,33.296903,116.138270,-6.067472,24.118356,85.551775,-4.898268,23.962421,86.634827,0.030000,
-6.066089,24.102125,85.552340,-10.470432,33.296305,116.141534,-6.064551,24.084082,85.552968,-4.898622,23.962530,86.634502,0.030000,
-6.066089,24.102125,85.552340,-10.470840,33.295707,116.144796,-6.067472,24.118356,85.551775,-4.898976,23.962638,86.634177,0.030000,
-6.066089,24.102125,85.552340,-10.471248,33.295109,116.148058,-6.064551,24.084082,85.552968,-4.899330,23.962746,86.633852,0.030000,
-6.066089,24.102125,85.552340,-10.471656,33.294511,116.151320,-6.067472,24.118356,85.551775,-4.899684,23.962854,86.633527,0.030000,
-6.066089,24.102125,85.552340,-10.472064,33.293914,116.154581,-6.064551,24.084082,85.552968,-4.900037,23.962962,86.633202,0.030000,
-6.066089,24.102125,85.552340,-10.472472,33.293316,116.157841,-6.067472,24.118356,85.551775,-4.900391,23.963070,86.632877,0.030000,
-6.066089,24.102125,85.552340,-10.472880,33.292719,116.161101,-6.064551,24.084082,85.552968,-4.900744,23.963178,86.632553,0.030000,
-6.066089,24.102125,85.552340,-10.473288,33.292122,116.164360,-6.067472,24.118356,85.551775,-4.901098,23.963286,86.632228,0.030000,
-6.066089,24.102125,85.552340,-10.473696,33.291525,116.167619,-6.064551,24.084082,85.552968,-4.901451,23.963394,86.631904,0.030000,
-6.066089,24.102125,85.552340,-10.474104,33.290928,116.170876,-6.067472,24.118356,85.551775,-4.901804,23.963502,86.631579,0.030000,
-6.066089,24.102125,85.552340,-10.474512,33.290331,116.174134,-6.064551,24.084082,85.552968,-4.902157,23.963609,86.631255,0.030000,
-6.066089,24.102125,85.552340,-10.474920,33.289734,116.177390,-6.067472,24.118356,85.551775,-4.902510,23.963717,86.630931,0.030000,
-6.066089,24.102125,85.552340,-10.475328,33.289137,116.180646,-6.064551,24.084082,85.552968,-4.902862,23.963824,86.630607,0.030000,
-6.066089,24.102125,85.552340,-10.475736,33.288540,116.183902,-6.067472,24.118356,85.551775,-4.903215,23.963932,86.630283,0.030000,
-6.066089,24.102125,85.552340,-10.476143,33.287944,116.187156,-6.064551,24.084082,85.552968,-4.903568,23.964039,86.629959,0.030000,
-6.066089,24.102125,85.552340,-10.476551,33.287347,116.190411,-6.067472,24.118356,85.551775,-4.903920,23.964147,86.629635,0.030000,
-6.066089,24.102125,85.552340,-10.476959,33.286751,116.193664,-6.064551,24.084082,85.552968,-4.904272,23.964254,86.629312,0.030000,
-6.066089,24.102125,85.552340,-10.477367,33.286155,116.196917,-6.067472,24.118356,85.551775,-4.904625,23.964361,86.628988,0.030000,
-6.066089,24.102125,85.552340,-10.477774,33.285559,116.200169,-6.064551,24.084082,85.552968,-4.904977,23.964468,86.628665,0.030000,
-6.066089,24.102125,85.552340,-10.478182,33.284963,116.203421,-6.067472,24.118356,85.551775,-4.905329,23.964575,86.628341,0.030000,
-6.066089,24.102125,85.552340,-10.478590,33.284367,116.206672,-6.064551,24.084082,85.552968,-4.905681,23.964682,86.628018,0.030000,
-6.066089,24.102125,85.552340,-10.478997,33.283771,116.209923,-6.067472,24.118356,85.551775,-4.906032,23.964789,86.627695,0.030000,
-6.066089,24.102125,85.552340,-10.479405,33.283175,116.213173,-6.064551,24.084082,85.552968,-4.906384,23.964896,86.627372,0.030000,
-6.066089,24.102125,85.552340,-10.479812,33.282580,116.216422,-6.067472,24.118356,85.551775,-4.906736,23.965002,86.627049,0.030000,
-6.066089,24.102125,85.552340,-10.480220,33.281984,116.219671,-6.064551,24.084082,85.552968,-4.907087,23.965109,86.626726,0.030000,
-6.066089,24.102125,85.552340,-10.480627,33.281389,116.222919,-6.067472,24.118356,85.551775,-4.907439,23.965216,86.626403,0.030000,
-6.066089,24.102125,85.552340,-10.481035,33.280793,116.226166,-6.064551,24.084082,85.552968,-4.907790,23.965322,86.626080,0.030000,
-6.066089,24.102125,85.552340,-10.481442,33.280198,116.229413,-6.067472,24.118356,85.551775,-4.908141,23.965428,86.625758,0.030000,
-6.066089,24.102125,85.552340,-10.481850,33.279603,116.232659,-6.064551,24.084082,85.552968,-4.908492,23.965535,86.625435,0.030000,
-6.066089,24.102125,85.552340,-10.482257,33.279008,116.235905,-6.067472,24.118356,85.551775,-4.908843,23.965641,86.625113,0.030000,
-6.066089,24.102125,85.552340,-10.482664,33.278413,116.239150,-6.064551,24.084082,85.552968,-4.909194,23.965747,86.624791,0.030000,
-6.066089,24.102125,85.552340,-10.483072,33.277818,116.242394,-6.067472,24.118356,85.551775,-4.909544,23.965854,86.624468,0.030000,
-6.066089,24.102125,85.552340,-10.483479,33.277224,116.245638,-6.064551,24.084082,85.552968,-4.909895,23.965960,86.624146,0.030000,
-6.066089,24.102125,85.552340,-10.483886,33.276629,116.248881,-6.067472,24.118356,85.551775,-4.910246,23.966066,86.623824,0.030000,
-6.066089,24.102125,85.552340,-10.484294,33.276035,116.252124,-6.064551,24.084082,85.552968,-4.910596,23.966172,86.623502,0.030000,
-6.066089,24.102125,85.552340,-10.484701,33.275440,116.255365,-6.067472,24.118356,85.551775,-4.910946,23.966277,86.623181,0.030000,
-6.066089,24.102125,85.552340,-10.485108,33.274846,116.258607,-6.064551,24.084082,85.552968,-4.911296,23.966383,86.622859,0.030000,
-6.066089,24.102125,85.552340,-10.485515,33.274252,116.261847,-6.067472,24.118356,85.551775,-4.911647,23.966489,86.622537,0.030000,
-6.066089,24.102125,85.552340,-10.485922,33.273658,116.265088,-6.064551,24.084082,85.552968,-4.911996,23.966595,86.622216,0.030000,
-6.066089,24.102125,85.552340,-10.486330,33.273064,116.268327,-6.067472,24.118356,85.551775,-4.912346,23.966700,86.621894,0.030000,
-6.066089,24.102125,85.552340,-10.486737,33.272470,116.271566,-6.064551,24.084082,85.552968,-4.912696,23.966806,86.621573,0.030000,
-6.066089,24.102125,85.552340,-10.487144,33.271876,116.274804,-6.067472,24.118356,85.551775,-4.913046,23.966911,86.621252,0.030000,
-6.066089,24.102125,85.552340,-10.487551,33.271282,116.278042,-6.064551,24.084082,85.552968,-4.913395,23.967017,86.620931,0.030000,
-6.066089,24.102125,85.552340,-10.487958,33.270689,116.281279,-6.067472,24.118356,85.551775,-4.913745,23.967122,86.620609,0.030000,
-6.066089,24.102125,85.552340,-10.488365,33.270095,116.284515,-6.064551,24.084082,85.552968,-4.914094,23.967227,86.620289,0.030000,
-6.066089,24.102125,85.552340,-10.488772,33.269502,116.287751,-6.067472,24.118356,85.551775,-4.914443,23.967332,86.619968,0.030000,
-6.066089,24.102125,85.552340,-10.489179,33.268908,116.290986,-6.064551,24.084082,85.552968,-4.914792,23.967437,86.619647,0.030000,
-6.066089,24.102125,85.552340,-10.489586,33.268315,116.294221,-6.067472,24.118356,85.551775,-4.915141,23.967542,86.619326,0.030000,
-6.066089,24.102125,85.552340,-10.489992,33.267722,116.297455,-6.064551,24.084082,85.552968,-4.915490,23.967647,86.619006,0.030000,
-6.066089,24.102125,85.552340,-10.490399,33.267129,116.300688,-6.067472,24.118356,85.551775,-4.915839,23.967752,86.618685,0.030000,
-6.066089,24.102125,85.552340,-10.490806,33.266536,116.303921,-6.064551,24.084082,85.552968,-4.916188,23.967857,86.618365,0.030000,
-6.066089,24.102125,85.552340,-10.491213,33.265944,116.307153,-6.067472,24.118356,85.551775,-4.916536,23.967962,86.618045,0.030000,
-6.066089,24.102125,85.552340,-10.491620,33.265351,116.310385,-6.064551,24.084082,85.552968,-4.916885,23.968066,86.617724,0.030000,
-6.066089,24.102125,85.552340,-10.492026,33.264758,116.313616,-6.067472,24.118356,85.551775,-4.917233,23.968171,86.617404,0.030000,
-6.066089,24.102125,85.552340,-10.492433,33.264166,116.316846,-6.064551,24.084082,85.552968,-4.917582,23.968276,86.617084,0.030000,
-6.066089,24.102125,85.552340,-10.492840,33.263573,116.320076,-6.067472,24.118356,85.551775,-4.917930,23.968380,86.616764,0.030000,
-6.066089,24.102125,85.552340,-10.493246,33.262981,116.323305,-6.064551,24.084082,85.552968,-4.918278,23.968484,86.616445,0.030000,
-6.066089,24.102125,85.552340,-10.493653,33.262389,116.326533,-6.067472,24.118356,85.551775,-4.918626,23.968589,86.616125,0.030000,
-6.066089,24.102125,85.552340,-10.494060,33.261797,116.329761,-6.064551,24.084082,85.552968,-4.918974,23.968693,86.615805,0.030000,
-6.066089,24.102125,85.552340,-10.494466,33.261205,116.332989,-6.067472,24.118356,85.551775,-4.919321,23.968797,86.615486,0.030000,
-6.066089,24.102125,85.552340,-10.494873,33.260613,116.336215,-6.064551,24.084082,85.552968,-4.919669,23.968901,86.615166,0.030000,
-6.066089,24.102125,85.552340,-10.495279,33.260021,116.339441,-6.067472,24.118356,85.551775,-4.920016,23.969005,86.614847,0.030000,
-6.066089,24.102125,85.552340,-10.495686,33.259430,116.342667,-6.064551,24.084082,85.552968,-4.920364,23.969109,86.614528,0.030000,
-6.066089,24.102125,85.552340,-10.496092,33.258838,116.345892,-6.067472,24.118356,85.551775,-4.920711,23.969213,86.614209,0.030000,
-6.066089,24.102125,85.552340,-10.496499,33.258247,116.349116,-6.064551,24.084082,85.552968,-4.921058,23.969317,86.613890,0.030000,
-6.066089,24.102125,85.552340,-10.496905,33.257655,116.352340,-6.067472,24.118356,85.551775,-4.921406,23.969421,86.613571,0.030000,
-6.066089,24.102125,85.552340,-10.497311,33.257064,116.355563,-6.064551,24.084082,85.552968,-4.921753,23.969524,86.613252,0.030000,
-6.066089,24.102125,85.552340,-10.497718,33.256473,116.358785,-6.067472,24.118356,85.551775,-4.922099,23.969628,86.612933,0.030000,
-6.066089,24.102125,85.552340,-10.498124,33.255882,116.362007,-6.064551,24.084082,85.552968,-4.922446,23.969732,86.612614,0.030000,
-6.066089,24.102125,85.552340,-10.498530,33.255291,116.365228,-6.067472,24.118356,85.551775,-4.922793,23.969835,86.612296,0.030000,
-6.066089,24.102125,85.552340,-10.498937,33.254700,116.368449,-6.064551,24.084082,85.552968,-4.923139,23.969939,86.611977,0.030000,
-6.066089,24.102125,85.552340,-10.499343,33.254109,116.371669,-6.067472,24.118356,85.551775,-4.923486,23.970042,86.611659,0.030000,
-6.066089,24.102125,85.552340,-10.499749,33.253518,116.374888,-6.064551,24.084082,85.552968,-4.923832,23.970145,86.611341,0.030000,
-6.066089,24.102125,85.552340,-10.500155,33.252928,116.378107,-6.067472,24.118356,85.551775,-4.924179,23.970248,86.611023,0.030000,
-6.066089,24.102125,85.552340,-10.500561,33.252337,116.381325,-6.064551,24.084082,85.552968,-4.924525,23.970352,86.610704,0.030000,
-6.066089,24.102125,85.552340,-10.500968,33.251747,116.384543,-6.067472,24.118356,85.551775,-4.924871,23.970455,86.610386,0.030000,
-6.066089,24.102125,85.552340,-10.501374,33.251157,116.387760,-6.064551,24.084082,85.552968,-4.925217,23.970558,86.610069,0.030000,
-6.066089,24.102125,85.552340,-10.501780,33.250567,116.390976,-6.067472,24.118356,85.551775,-4.925563,23.970661,86.609751,0.030000,
-6.066089,24.102125,85.552340,-10.502186,33.249977,116.394192,-6.064551,24.084082,85.552968,-4.925908,23.970763,86.609433,0.030000,
-6.066089,24.102125,85.552340,-10.502592,33.249387,116.397407,-6.067472,24.118356,85.551775,-4.926254,23.970866,86.609115,0.030000,
-6.066089,24.102125,85.552340,-10.502998,33.248797,116.400621,-6.064551,24.084082,85.552968,-4.926599,23.970969,86.608798,0.030000,
-6.066089,24.102125,85.552340,-10.503404,33.248207,116.403835,-6.067472,24.118356,85.551775,-4.926945,23.971072,86.608480,0.030000,
-6.066089,24.102125,85.552340,-10.503810,33.247617,116.407049,-6.064551,24.084082,85.552968,-4.927290,23.971174,86.608163,0.030000,
-6.066089,24.102125,85.552340,-10.504216,33.247028,116.410261,-6.067472,24.118356,85.551775,-4.927635,23.971277,86.607846,0.030000,
-6.066089,24.102125,85.552340,-10.504621,33.246438,116.413473,-6.064551,24.084082,85.552968,-4.927980,23.971379,86.607529,0.030000,
-6.066089,24.102125,85.552340,-10.505027,33.245849,116.416685,-6.067472,24.118356,85.551775,-4.928325,23.971482,86.607212,0.030000,
-6.066089,24.102125,85.552340,-10.505433,33.245260,116.419896,-6.064551,24.084082,85.552968,-4.928670,23.971584,86.606895,0.030000,
-6.066089,24.102125,85.552340,-10.505839,33.244671,116.423106,-6.067472,24.118356,85.551775,-4.929015,23.971686,86.606578,0.030000,
-6.066089,24.102125,85.552340,-10.506245,33.244082,116.426316,-6.064551,24.084082,85.552968,-4.929360,23.971788,86.606261,0.030000,
-6.066089,24.102125,85.552340,-10.506650,33.243493,116.429525,-6.067472,24.118356,85.551775,-4.929704,23.971890,86.605945,0.030000,
-6.066089,24.102125,85.552340,-10.507056,33.242904,116.432733,-6.064551,24.084082,85.552968,-4.930049,23.971992,86.605628,0.030000,
-6.066089,24.102125,85.552340,-10.507462,33.242315,116.435941,-6.067472,24.118356,85.551775,-4.930393,23.972094,86.605311,0.030000,
-6.066089,24.102125,85.552340,-10.507868,33.241726,116.439149,-6.064551,24.084082,85.552968,-4.930737,23.972196,86.604995,0.030000,
-6.066089,24.102125,85.552340,-10.508273,33.241138,116.442355,-6.067472,24.118356,85.551775,-4.931082,23.972298,86.604679,0.030000,
-6.066089,24.102125,85.552340,-10.508679,33.240550,116.445561,-6.064551,24.084082,85.552968,-4.931426,23.972400,86.604363,0.030000,
-6.066089,24.102125,85.552340,-10.509084,33.239961,116.448767,-6.067472,24.118356,85.551775,-4.931770,23.972502,86.604047,0.030000,
-6.066089,24.102125,85.552340,-10.509490,33.239373,116.451972,-6.064551,24.084082,85.552968,-4.932113,23.972603,86.603731,0.030000,
-6.066089,24.102125,85.552340,-10.509895,33.238785,116.455176,-6.067472,24.118356,85.551775,-4.932457,23.972705,86.603415,0.030000,
-6.066089,24.102125,85.552340,-10.510301,33.238197,116.458379,-6.064551,24.084082,85.552968,-4.932801,23.972806,86.603099,0.030000,
-6.066089,24.102125,85.552340,-10.510706,33.237609,116.461582,-6.067472,24.118356,85.551775,-4.933144,23.972908,86.602783,0.030000,
-6.066089,24.102125,85.552340,-10.511112,33.237021,116.464785,-6.064551,24.084082,85.552968,-4.933488,23.973009,86.602468,0.030000,
-6.066089,24.102125,85.552340,-10.511517,33.236433,116.467987,-6.067472,24.118356,85.551775,-4.933831,23.973110,86.602152,0.030000,
-6.066089,24.102125,85.552340,-10.511923,33.235846,116.471188,-6.064551,24.084082,85.552968,-4.934174,23.973212,86.601837,0.030000,
-6.066089,24.102125,85.552340,-10.512328,33.235258,116.474389,-6.067472,24.118356,85.551775,-4.934517,23.973313,86.601521,0.030000,
-6.066089,24.102125,85.552340,-10.512733,33.234671,116.477589,-6.064551,24.084082,85.552968,-4.934860,23.973414,86.601206,0.030000,
-6.066089,24.102125,85.552340,-10.513138,33.234083,116.480788,-6.067472,24.118356,85.551775,-4.935203,23.973515,86.600891,0.030000,
-6.066089,24.102125,85.552340,-10.513544,33.233496,116.483987,-6.064551,24.084082,85.552968,-4.935546,23.973616,86.600576,0.030000,
-6.066089,24.102125,85.552340,-10.513949,33.232909,116.487185,-6.067472,24.118356,85.551775,-4.935889,23.973717,86.600261,0.030000,
-6.066089,24.102125,85.552340,-10.514354,33.232322,116.490383,-6.064551,24.084082,85.552968,-4.936231,23.973818,86.599946,0.030000,
-6.066089,24.102125,85.552340,-10.514759,33.231735,116.493580,-6.067472,24.118356,85.551775,-4.936574,23.973918,86.599631,0.030000,
-6.066089,24.102125,85.552340,-10.515164,33.231148,116.496776,-6.064551,24.084082,85.552968,-4.936916,23.974019,86.599316,0.030000,
-6.066089,24.102125,85.552340,-10.515570,33.230561,116.499972,-6.067472,24.118356,85.551775,-4.937259,23.974120,86.599002,0.030000,
-6.066089,24.102125,85.552340,-10.515975,33.229975,116.503167,-6.064551,24.084082,85.552968,-4.937601,23.974220,86.598687,0.030000,
-6.066089,24.102125,85.552340,-10.516380,33.229388,116.506362,-6.067472,24.118356,85.551775,-4.937943,23.974321,86.598373,0.030000,
-6.066089,24.102125,85.552340,-10.516785,33.228802,116.509556,-6.064551,24.084082,85.552968,-4.938285,23.974421,86.598059,0.030000,
-6.066089,24.102125,85.552340,-10.517190,33.228216,116.512749,-6.067472,24.118356,85.551775,-4.938627,23.974521,86.597745,0.030000,
-6.066089,24.102125,85.552340,-10.517595,33.227629,116.515942,-6.064551,24.084082,85.552968,-4.938968,23.974622,86.597430,0.030000,
-6.066089,24.102125,85.552340,-10.518000,33.227043,116.519134,-6.067472,24.118356,85.551775,-4.939310,23.974722,86.597116,0.030000,
-6.066089,24.102125,85.552340,-10.518405,33.226457,116.522325,-6.064551,24.084082,85.552968,-4.939652,23.974822,86.596802,0.030000,
-6.066089,24.102125,85.552340,-10.518809,33.225871,116.525516,-6.067472,24.118356,85.551775,-4.939993,23.974922,86.596489,0.030000,
-6.066089,24.102125,85.552340,-10.519214,33.225285,116.528707,-6.064551,24.084082,85.552968,-4.940334,23.975022,86.596175,0.030000,
-6.066089,24.102125,85.552340,-10.519619,33.224700,116.531896,-6.067472,24.118356,85.551775,-4.940676,23.975122,86.595861,0.030000,
-6.066089,24.102125,85.552340,-10.520024,33.224114,116.535086,-6.064551,24.084082,85.552968,-4.941017,23.975222,86.595548,0.030000,
-6.066089,24.102125,85.552340,-10.520429,33.223529,116.538274,-6.067472,24.118356,85.551775,-4.941358,23.975322,86.595234,0.030000,
-6.066089,24.102125,85.552340,-10.520833,33.222943,116.541462,-6.064551,24.084082,85.552968,-4.941699,23.975421,86.594921,0.030000,
-6.066089,24.102125,85.552340,-10.521238,33.222358,116.544649,-6.067472,24.118356,85.551775,-4.942039,23.975521,86.594608,0.030000,
-6.066089,24.102125,85.552340,-10.521643,33.221773,116.547836,-6.064551,24.084082,85.552968,-4.942380,23.975621,86.594294,0.030000,
-6.066089,24.102125,85.552340,-10.522048,33.221187,116.551022,-6.067472,24.118356,85.551775,-4.942721,23.975720,86.593981,0.030000,
-6.066089,24.102125,85.552340,-10.522452,33.220602,116.554208,-6.064551,24.084082,85.552968,-4.943061,23.975820,86.593668,0.030000,
-6.066089,24.102125,85.552340,-10.522857,33.220017,116.557393,-6.067472,24.118356,85.551775,-4.943402,23.975919,86.593355,0.030000,
-6.066089,24.102125,85.552340,-10.523261,33.219433,116.560577,-6.064551,24.084082,85.552968,-4.943742,23.976018,86.593043,0.030000,
-6.066089,24.102125,85.552340,-10.523666,33.218848,116.563761,-6.067472,24.118356,85.551775,-4.944082,23.976118,86.592730,0.030000,
-6.066089,24.102125,85.552340,-10.524070,33.218263,116.566944,-6.064551,24.084082,85.552968,-4.944422,23.976217,86.592417,0.030000,
-6.066089,24.102125,85.552340,-10.524475,33.217679,116.570127,-6.067472,24.118356,85.551775,-4.944762,23.976316,86.592105,0.030000,
-6.066089,24.102125,85.552340,-10.524879,33.217094,116.573309,-6.064551,24.084082,85.552968,-4.945102,23.976415,86.591792,0.030000,
-6.066089,24.102125,85.552340,-10.525284,33.216510,116.576490,-6.067472,24.118356,85.551775,-4.945442,23.976514,86.591480,0.030000,
-6.066089,24.102125,85.552340,-10.525688,33.215926,116.579671,-6.064551,24.084082,85.552968,-4.945782,23.976613,86.591168,0.030000,
-6.066089,24.102125,85.552340,-10.526093,33.215342,116.582851,-6.067472,24.118356,85.551775,-4.946121,23.976712,86.590856,0.030000,
-6.066089,24.102125,85.552340,-10.526497,33.214758,116.586030,-6.064551,24.084082,85.552968,-4.946461,23.976811,86.590544,0.030000,
-6.066089,24.102125,85.552340,-10.526901,33.214174,116.589209,-6.067472,24.118356,85.551775,-4.946800,23.976909,86.590232,0.030000,
-6.066089,24.102125,85.552340,-10.527306,33.213590,116.592388,-6.064551,24.084082,85.552968,-4.947139,23.977008,86.589920,0.030000,
-6.066089,24.102125,85.552340,-10.527710,33.213006,116.595565,-6.067472,24.118356,85.551775,-4.947478,23.977107,86.589608,0.030000,
-6.066089,24.102125,85.552340,-10.528114,33.212423,116.598742,-6.064551,24.084082,85.552968,-4.947817,23.977205,86.589296,0.030000,
-6.066089,24.102125,85.552340,-10.528518,33.211839,116.601919,-6.067472,24.118356,85.551775,-4.948156,23.977304,86.588985,0.030000,
-6.066089,24.102125,85.552340,-10.528922,33.211256,116.605095,-6.064551,24.084082,85.552968,-4.948495,23.977402,86.588673,0.030000,
-6.066089,24.102125,85.552340,-10.529327,33.210672,116.608270,-6.067472,24.118356,85.551775,-4.948834,23.977501,86.588362,0.030000,
-6.066089,24.102125,85.552340,-10.529731,33.210089,116.611445,-6.064551,24.084082,85.552968,-4.949173,23.977599,86.588051,0.030000,
-6.066089,24.102125,85.552340,-10.530135,33.209506,116.614619,-6.067472,24.118356,85.551775,-4.949511,23.977697,86.587739,0.030000,
-6.066089,24.102125,85.552340,-10.530539,33.208923,116.617793,-6.064551,24.084082,85.552968,-4.949850,23.977795,86.587428,0.030000,
-6.066089,24.102125,85.552340,-10.530943,33.208340,116.620966,-6.067472,24.118356,85.551775,-4.950188,23.977893,86.587117,0.030000,
-6.066089,24.102125,85.552340,-10.531347,33.207757,116.624138,-6.064551,24.084082,85.552968,-4.950526,23.977991,86.586806,0.030000,
-6.066089,24.102125,85.552340,-10.531751,33.207175,116.627310,-6.067472,24.118356,85.551775,-4.950864,23.978089,86.586495,0.030000,
-6.066089,24.102125,85.552340,-10.532155,33.206592,116.630481,-6.064551,24.084082,85.552968,-4.951202,23.978187,86.586185,0.030000,
-6.066089,24.102125,85.552340,-10.532559,33.206009,116.633651,-6.067472,24.118356,85.551775,-4.951540,23.978285,86.585874,0.030000,
-6.066089,24.102125,85.552340,-10.532962,33.205427,116.636821,-6.064551,24.084082,85.552968,-4.951878,23.978383,86.585564,0.030000,
-6.066089,24.102125,85.552340,-10.533366,33.204845,116.639991,-6.067472,24.118356,85.551775,-4.952216,23.978480,86.585253,0.030000,
-6.066089,24.102125,85.552340,-10.533770,33.204262,116.643159,-6.064551,24.084082,85.552968,-4.952553,23.978578,86.584943,0.030000,
-6.066089,24.102125,85.552340,-10.534174,33.203680,116.646328,-6.067472,24.118356,85.551775,-4.952891,23.978675,86.584632,0.030000,
-6.066089,24.102125,85.552340,-10.534578,33.203098,116.649495,-6.064551,24.084082,85.552968,-4.953228,23.978773,86.584322,0.030000,
-6.066089,24.102125,85.552340,-10.534981,33.202516,116.652662,-6.067472,24.118356,85.551775,-4.953566,23.978870,86.584012,0.030000,
-6.066089,24.102125,85.552340,-10.535385,33.201935,116.655828,-6.064551,24.084082,85.552968,-4.953903,23.978968,86.583702,0.030000,
-6.066089,24.102125,85.552340,-10.535789,33.201353,116.658994,-6.067472,24.118356,85.551775,-4.954240,23.979065,86.583392,0.030000,
-6.066089,24.102125,85.552340,-10.536192,33.200771,116.662159,-6.064551,24.084082,85.552968,-4.954577,23.979162,86.583082,0.030000,
-6.066089,24.102125,85.552340,-10.536596,33.200190,116.665324,-6.067472,24.118356,85.551775,-4.954914,23.979259,86.582773,0.030000,
-6.066089,24.102125,85.552340,-10.537000,33.199608,116.668488,-6.064551,24.084082,85.552968,-4.955251,23.979356,86.582463,0.030000,
-6.066089,24.102125,85.552340,-10.537403,33.199027,116.671651,-6.067472,24.118356,85.551775,-4.955587,23.979454,86.582153,0.030000,
-6.066089,24.102125,85.552340,-10.537807,33.198446,116.674814,-6.064551,24.084082,85.552968,-4.955924,23.979550,86.581844,0.030000,
-6.066089,24.102125,85.552340,-10.538210,33.197865,116.677976,-6.067472,24.118356,85.551775,-4.956260,23.979647,86.581535,0.030000,
-6.066089,24.102125,85.552340,-10.538614,33.197284,116.681138,-6.064551,24.084082,85.552968,-4.956597,23.979744,86.581225,0.030000,
-6.066089,24.102125,85.552340,-10.539017,33.196703,116.684299,-6.067472,24.118356,85.551775,-4.956933,23.979841,86.580916,0.030000,
-6.066089,24.102125,85.552340,-10.539421,33.196122,116.687459,-6.064551,24.084082,85.552968,-4.957269,23.979938,86.580607,0.030000,
-6.066089,24.102125,85.552340,-10.539824,33.195541,116.690619,-6.067472,24.118356,85.551775,-4.957605,23.980034,86.580298,0.030000,
-6.066089,24.102125,85.552340,-10.540227,33.194960,116.693778,-6.064551,24.084082,85.552968,-4.957941,23.980131,86.579989,0.030000,
-6.066089,24.102125,85.552340,-10.540631,33.194380,116.696937,-6.067472,24.118356,85.551775,-4.958277,23.980227,86.579680,0.030000,
-6.066089,24.102125,85.552340,-10.541034,33.193800,116.700095,-6.064551,24.084082,85.552968,-4.958613,23.980324,86.579372,0.030000,
-6.066089,24.102125,85.552340,-10.541437,33.193219,116.703252,-6.067472,24.118356,85.551775,-4.958948,23.980420,86.579063,0.030000,
-6.066089,24.102125,85.552340,-10.541840,33.192639,116.706409,-6.064551,24.084082,85.552968,-4.959284,23.980517,86.578755,0.030000,
-6.066089,24.102125,85.552340,-10.542244,33.192059,116.709565,-6.067472,24.118356,85.551775,-4.959620,23.980613,86.578446,0.030000,
-6.066089,24.102125,85.552340,-10.542647,33.191479,116.712721,-6.064551,24.084082,85.552968,-4.959955,23.980709,86.578138,0.030000,
-6.066089,24.102125,85.552340,-10.543050,33.190899,116.715876,-6.067472,24.118356,85.551775,-4.960290,23.980805,86.577830,0.030000,
-6.066089,24.102125,85.552340,-10.543453,33.190319,116.719030,-6.064551,24.084082,85.552968,-4.960625,23.980901,86.577521,0.030000,
-6.066089,24.102125,85.552340,-10.543856,33.189739,116.722184,-6.067472,24.118356,85.551775,-4.960960,23.980997,86.577213,0.030000,
-6.066089,24.102125,85.552340,-10.544259,33.189160,116.725337,-6.064551,24.084082,85.552968,-4.961295,23.981093,86.576905,0.030000,
-6.066089,24.102125,85.552340,-10.544662,33.188580,116.728490,-6.067472,24.118356,85.551775,-4.961630,23.981189,86.576598,0.030000,
-6.066089,24.102125,85.552340,-10.545065,33.188001,116.731642,-6.064551,24.084082,85.552968,-4.961965,23.981285,86.576290,0.030000,
-6.066089,24.102125,85.552340,-10.545468,33.187421,116.734793,-6.067472,24.118356,85.551775,-4.962299,23.981380,86.575982,0.030000,
-6.066089,24.102125,85.552340,-10.545871,33.186842,116.737944,-6.064551,24.084082,85.552968,-4.962634,23.981476,86.575675,0.030000,
-6.066089,24.102125,85.552340,-10.546274,33.186263,116.741094,-6.067472,24.118356,85.551775,-4.962968,23.981572,86.575367,0.030000,
-6.066089,24.102125,85.552340,-10.546677,33.185684,116.744244,-6.064551,24.084082,85.552968,-4.963303,23.981667,86.575060,0.030000,
-6.066089,24.102125,85.552340,-10.547080,33.185105,116.747393,-6.067472,24.118356,85.551775,-4.963637,23.981763,86.574752,0.030000,
-6.066089,24.102125,85.552340,-10.547483,33.184526,116.750541,-6.064551,24.084082,85.552968,-4.963971,23.981858,86.574445,0.030000,
-6.066089,24.102125,85.552340,-10.547885,33.183948,116.753689,-6.067472,24.118356,85.551775,-4.964305,23.981953,86.574138,0.030000,
-6.066089,24.102125,85.552340,-10.548288,33.183369,116.756837,-6.064551,24.084082,85.552968,-4.964639,23.982049,86.573831,0.030000,
-6.066089,24.102125,85.552340,-10.548691,33.182790,116.759983,-6.067472,24.118356,85.551775,-4.964973,23.982144,86.573524,0.030000,
-6.066089,24.102125,85.552340,-10.549094,33.182212,116.763129,-6.064551,24.084082,85.552968,-4.965307,23.982239,86.573217,0.030000,
-6.066089,24.102125,85.552340,-10.549496,33.181634,116.766275,-6.067472,24.118356,85.551775,-4.965640,23.982334,86.572910,0.030000,
-6.066089,24.102125,85.552340,-10.549899,33.181055,116.769420,-6.064551,24.084082,85.552968,-4.965974,23.982429,86.572604,0.030000,
-6.066089,24.102125,85.552340,-10.550302,33.180477,116.772564,-6.067472,24.118356,85.551775,-4.966307,23.982524,86.572297,0.030000,
-6.066089,24.102125,85.552340,-10.550704,33.179899,116.775708,-6.064551,24.084082,85.552968,-4.966641,23.982619,86.571991,0.030000,
-6.066089,24.102125,85.552340,-10.551107,33.179321,116.778851,-6.067472,24.118356,85.551775,-4.966974,23.982714,86.571684,0.030000,
-6.066089,24.102125,85.552340,-10.551509,33.178744,116.781993,-6.064551,24.084082,85.552968,-4.967307,23.982809,86.571378,0.030000,
-6.066089,24.102125,85.552340,-10.551912,33.178166,116.785135,-6.067472,24.118356,85.551775,-4.967640,23.982903,86.571072,0.030000,
-6.066089,24.102125,85.552340,-10.552314,33.177588,116.788276,-6.064551,24.084082,85.552968,-4.967973,23.982998,86.570765,0.030000,
-6.066089,24.102125,85.552340,-10.552717,33.177011,116.791417,-6.067472,24.118356,85.551775,-4.968306,23.983093,86.570459,0.030000,
-6.066089,24.102125,85.552340,-10.553119,33.176433,116.794557,-6.064551,24.084082,85.552968,-4.968638,23.983187,86.570153,0.030000,
-6.066089,24.102125,85.552340,-10.553521,33.175856,116.797697,-6.067472,24.118356,85.551775,-4.968971,23.983282,86.569848,0.030000,
-6.066089,24.102125,85.552340,-10.553924,33.175279,116.800836,-6.064551,24.084082,85.552968,-4.969303,23.983376,86.569542,0.030000,
-6.066089,24.102125,85.552340,-10.554326,33.174702,116.803974,-6.067472,24.118356,85.551775,-4.969636,23.983470,86.569236,0.030000,
-6.066089,24.102125,85.552340,-10.554728,33.174124,116.807112,-6.064551,24.084082,85.552968,-4.969968,23.983565,86.568931,0.030000,
-6.066089,24.102125,85.552340,-10.555131,33.173548,116.810249,-6.067472,24.118356,85.551775,-4.970300,23.983659,86.568625,0.030000,
-6.066089,24.102125,85.552340,-10.555533,33.172971,116.813386,-6.064551,24.084082,85.552968,-4.970632,23.983753,86.568320,0.030000,
-6.066089,24.102125,85.552340,-10.555935,33.172394,116.816522,-6.067472,24.118356,85.551775,-4.970964,23.983847,86.568014,0.030000,
-6.066089,24.102125,85.552340,-10.556337,33.171817,116.819657,-6.064551,24.084082,85.552968,-4.971296,23.983941,86.567709,0.030000,
-6.066089,24.102125,85.552340,-10.556739,33.171241,116.822792,-6.067472,24.118356,85.551775,-4.971628,23.984035,86.567404,0.030000,
-6.066089,24.102125,85.552340,-10.557141,33.170664,116.825926,-6.064551,24.084082,85.552968,-4.971960,23.984129,86.567099,0.030000,
-6.066089,24.102125,85.552340,-10.557543,33.170088,116.829060,-6.067472,24.118356,85.551775,-4.972291,23.984223,86.566794,0.030000,
-6.066089,24.102125,85.552340,-10.557945,33.169512,116.832193,-6.064551,24.084082,85.552968,-4.972623,23.984316,86.566489,0.030000,
-6.066089,24.102125,85.552340,-10.558347,33.168936,116.835325,-6.067472,24.118356,85.551775,-4.972954,23.984410,86.566184,0.030000,
-6.066089,24.102125,85.552340,-10.558749,33.168360,116.838457,-6.064551,24.084082,85.552968,-4.973286,23.984504,86.565880,0.030000,
-6.066089,24.102125,85.552340,-10.559151,33.167784,116.841588,-6.067472,24.118356,85.551775,-4.973617,23.984597,86.565575,0.030000,
-6.066089,24.102125,85.552340,-10.559553,33.167208,116.844719,-6.064551,24.084082,85.552968,-4.973948,23.984691,86.565271,0.030000,
-6.066089,24.102125,85.552340,-10.559955,33.166632,116.847849,-6.067472,24.118356,85.551775,-4.974279,23.984784,86.564966,0.030000,
-6.066089,24.102125,85.552340,-10.560357,33.166056,116.850978,-6.064551,24.084082,85.552968,-4.974610,23.984878,86.564662,0.030000,
-6.066089,24.102125,85.552340,-10.560759,33.165481,116.854107,-6.067472,24.118356,85.551775,-4.974941,23.984971,86.564358,0.030000,
-6.066089,24.102125,85.552340,-10.561161,33.164905,116.857235,-6.064551,24.084082,85.552968,-4.975271,23.985064,86.564054,0.030000,
-6.066089,24.102125,85.552340,-10.561562,33.164330,116.860363,-6.067472,24.118356,85.551775,-4.975602,23.985157,86.563750,0.030000,
-6.066089,24.102125,85.552340,-10.561964,33.163755,116.863490,-6.064551,24.084082,85.552968,-4.975932,23.985250,86.563446,0.030000,
-6.066089,24.102125,85.552340,-10.562366,33.163180,116.866617,-6.067472,24.118356,85.551775,-4.976263,23.985343,86.563142,0.030000,
-6.066089,24.102125,85.552340,-10.562768,33.162605,116.869743,-6.064551,24.084082,85.552968,-4.976593,23.985436,86.562838,0.030000,
-6.066089,24.102125,85.552340,-10.563169,33.162030,116.872868,-6.067472,24.118356,85.551775,-4.976923,23.985529,86.562535,0.030000,
-6.066089,24.102125,85.552340,-10.563571,33.161455,116.875993,-6.064551,24.084082,85.552968,-4.977253,23.985622,86.562231,0.030000,
-6.066089,24.102125,85.552340,-10.563972,33.160880,116.879117,-6.067472,24.118356,85.551775,-4.977583,23.985715,86.561927,0.030000,
-6.066089,24.102125,85.552340,-10.564374,33.160305,116.882240,-6.064551,24.084082,85.552968,-4.977913,23.985808,86.561624,0.030000,
-6.066089,24.102125,85.552340,-10.564776,33.159731,116.885363,-6.067472,24.118356,85.551775,-4.978243,23.985901,86.561321,0.030000,
-6.066089,24.102125,85.552340,-10.565177,33.159156,116.888486,-6.064551,24.084082,85.552968,-4.978573,23.985993,86.561018,0.030000,
-6.066089,24.102125,85.552340,-10.565579,33.158582,116.891608,-6.067472,24.118356,85.551775,-4.978902,23.986086,86.560714,0.030000,
-6.066089,24.102125,85.552340,-10.565980,33.158008,116.894729,-6.064551,24.084082,85.552968,-4.979232,23.986178,86.560411,0.030000,
-6.066089,24.102125,85.552340,-10.566381,33.157434,116.897849,-6.067472,24.118356,85.551775,-4.979561,23.986271,86.560108,0.030000,
-6.066089,24.102125,85.552340,-10.566783,33.156860,116.900969,-6.064551,24.084082,85.552968,-4.979890,23.986363,86.559806,0.030000,
-6.066089,24.102125,85.552340,-10.567184,33.156286,116.904089,-6.067472,24.118356,85.551775,-4.980219,23.986455,86.559503,0.030000,
-6.066089,24.102125,85.552340,-10.567585,33.155712,116.907208,-6.064551,24.084082,85.552968,-4.980549,23.986548,86.559200,0.030000,
-6.066089,24.102125,85.552340,-10.567987,33.155138,116.910326,-6.067472,24.118356,85.551775,-4.980878,23.986640,86.558898,0.030000,
-6.066089,24.102125,85.552340,-10.568388,33.154564,116.913443,-6.064551,24.084082,85.552968,-4.981206,23.986732,86.558595,0.030000,
-6.066089,24.102125,85.552340,-10.568789,33.153991,116.916561,-6.067472,24.118356,85.551775,-4.981535,23.986824,86.558293,0.030000,
-6.066089,24.102125,85.552340,-10.569190,33.153417,116.919677,-6.064551,24.084082,85.552968,-4.981864,23.986916,86.557990,0.030000,
-6.066089,24.102125,85.552340,-10.569592,33.152844,116.922793,-6.067472,24.118356,85.551775,-4.982192,23.987008,86.557688,0.030000,
-6.066089,24.102125,85.552340,-10.569993,33.152271,116.925908,-6.064551,24.084082,85.552968,-4.982521,23.987100,86.557386,0.030000,
-6.066089,24.102125,85.552340,-10.570394,33.151697,116.929023,-6.067472,24.118356,85.551775,-4.982849,23.987192,86.557084,0.030000,
-6.066089,24.102125,85.552340,-10.570795,33.151124,116.932137,-6.064551,24.084082,85.552968,-4.983178,23.987283,86.556782,0.030000,
-6.066089,24.102125,85.552340,-10.571196,33.150551,116.935251,-6.067472,24.118356,85.551775,-4.983506,23.987375,86.556480,0.030000,
-6.066089,24.102125,85.552340,-10.571597,33.149979,116.938363,-6.064551,24.084082,85.552968,-4.983834,23.987467,86.556179,0.030000,
-6.066089,24.102125,85.552340,-10.571998,33.149406,116.941476,-6.067472,24.118356,85.551775,-4.984162,23.987558,86.555877,0.030000,
-6.066089,24.102125,85.552340,-10.572399,33.148833,116.944588,-6.064551,24.084082,85.552968,-4.984490,23.987650,86.555575,0.030000,
-6.066089,24.102125,85.552340,-10.572800,33.148261,116.947699,-6.067472,24.118356,85.551775,-4.984817,23.987741,86.555274,0.030000,
-6.066089,24.102125,85.552340,-10.573201,33.147688,116.950809,-6.064551,24.084082,85.552968,-4.985145,23.987833,86.554972,0.030000,
-6.066089,24.102125,85.552340,-10.573601,33.147116,116.953919,-6.067472,24.118356,85.551775,-4.985473,23.987924,86.554671,0.030000,
-6.066089,24.102125,85.552340,-10.574002,33.146543,116.957029,-6.064551,24.084082,85.552968,-4.985800,23.988015,86.554370,0.030000,
-6.066089,24.102125,85.552340,-10.574403,33.145971,116.960138,-6.067472,24.118356,85.551775,-4.986128,23.988106,86.554069,0.030000,
-6.066089,24.102125,85.552340,-10.574804,33.145399,116.963246,-6.064551,24.084082,85.552968,-4.986455,23.988197,86.553768,0.030000,
-6.066089,24.102125,85.552340,-10.575205,33.144827,116.966353,-6.067472,24.118356,85.551775,-4.986782,23.988289,86.553467,0.030000,
-6.066089,24.102125,85.552340,-10.575605,33.144255,116.969460,-6.064551,24.084082,85.552968,-4.987109,23.988380,86.553166,0.030000,
-6.066089,24.102125,85.552340,-10.576006,33.143683,116.972567,-6.067472,24.118356,85.551775,-4.987436,23.988470,86.552865,0.030000,
-6.066089,24.102125,85.552340,-10.576407,33.143112,116.975673,-6.064551,24.084082,85.552968,-4.987763,23.988561,86.552564,0.030000,
-6.066089,24.102125,85.552340,-10.576807,33.142540,116.978778,-6.067472,24.118356,85.551775,-4.988090,23.988652,86.552264,0.030000,
-6.066089,24.102125,85.552340,-10.577208,33.141969,116.981883,-6.064551,24.084082,85.552968,-4.988416,23.988743,86.551963,0.030000,
-6.066089,24.102125,85.552340,-10.577608,33.141397,116.984987,-6.067472,24.118356,85.551775,-4.988743,23.988834,86.551663,0.030000,
-6.066089,24.102125,85.552340,-10.578009,33.140826,116.988090,-6.064551,24.084082,85.552968,-4.989070,23.988924,86.551363,0.030000,
-6.066089,24.102125,85.552340,-10.578409,33.140255,116.991193,-6.067472,24.118356,85.551775,-4.989396,23.989015,86.551062,0.030000,
-6.066089,24.102125,85.552340,-10.578810,33.139684,116.994296,-6.064551,24.084082,85.552968,-4.989722,23.989105,86.550762,0.030000,
-6.066089,24.102125,85.552340,-10.579210,33.139113,116.997397,-6.067472,24.118356,85.551775,-4.990048,23.989196,86.550462,0.030000,
-6.066089,24.102125,85.552340,-10.579611,33.138542,117.000499,-6.064551,24.084082,85.552968,-4.990374,23.989286,86.550162,0.030000,
-6.066089,24.102125,85.552340,-10.580011,33.137971,117.003599,-6.067472,24.118356,85.551775,-4.990700,23.989377,86.549862,0.030000,
-6.066089,24.102125,85.552340,-10.580411,33.137400,117.006699,-6.064551,24.084082,85.552968,-4.991026,23.989467,86.549563,0.030000,
-6.066089,24.102125,85.552340,-10.580812,33.136830,117.009799,-6.067472,24.118356,85.551775,-4.991352,23.989557,86.549263,0.030000,
-6.066089,24.102125,85.552340,-10.581212,33.136259,117.012897,-6.064551,24.084082,85.552968,-4.991678,23.989647,86.548963,0.030000,
-6.066089,24.102125,85.552340,-10.581612,33.135689,117.015996,-6.067472,24.118356,85.551775,-4.992003,23.989737,86.548664,0.030000,
-6.066089,24.102125,85.552340,-10.582012,33.135118,117.019093,-6.064551,24.084082,85.552968,-4.992329,23.989827,86.548364,0.030000,
-6.066089,24.102125,85.552340,-10.582413,33.134548,117.022190,-6.067472,24.118356,85.551775,-4.992654,23.989917,86.548065,0.030000,
-6.066089,24.102125,85.552340,-10.582813,33.133978,117.025287,-6.064551,24.084082,85.552968,-4.992980,23.990007,86.547766,0.030000,
-6.066089,24.102125,85.552340,-10.583213,33.133408,117.028383,-6.067472,24.118356,85.551775,-4.993305,23.990097,86.547467,0.030000,
-6.066089,24.102125,85.552340,-10.583613,33.132838,117.031478,-6.064551,24.084082,85.552968,-4.993630,23.990187,86.547168,0.030000,
-6.066089,24.102125,85.552340,-10.584013,33.132268,117.034573,-6.067472,24.118356,85.551775,-4.993955,23.990277,86.546869,0.030000,
-6.066089,24.102125,85.552340,-10.584413,33.131699,117.037667,-6.064551,24.084082,85.552968,-4.994280,23.990366,86.546570,0.030000,
-6.066089,24.102125,85.552340,-10.584813,33.131129,117.040760,-6.067472,24.118356,85.551775,-4.994604,23.990456,86.546271,0.030000,
-6.066089,24.102125,85.552340,-10.585213,33.130560,117.043853,-6.064551,24.084082,85.552968,-4.994929,23.990545,86.545972,0.030000,
-6.066089,24.102125,85.552340,-10.585613,33.129990,117.046946,-6.067472,24.118356,85.551775,-4.995254,23.990635,86.545674,0.030000,
-6.066089,24.102125,85.552340,-10.586013,33.129421,117.050038,-6.064551,24.084082,85.552968,-4.995578,23.990724,86.545375,0.030000,
-6.066089,24.102125,85.552340,-10.586413,33.128852,117.053129,-6.067472,24.118356,85.551775,-4.995903,23.990814,86.545077,0.030000,
-6.066089,24.102125,85.552340,-10.586812,33.128282,117.056219,-6.064551,24.084082,85.552968,-4.996227,23.990903,86.544778,0.030000,
-6.066089,24.102125,85.552340,-10.587212,33.127713,117.059309,-6.067472,24.118356,85.551775,-4.996551,23.990992,86.544480,0.030000,
-6.066089,24.102125,85.552340,-10.587612,33.127145,117.062399,-6.064551,24.084082,85.552968,-4.996875,23.991081,86.544182,0.030000,
-6.066089,24.102125,85.552340,-10.588012,33.126576,117.065488,-6.067472,24.118356,85.551775,-4.997199,23.991171,86.543884,0.030000,
-6.066089,24.102125,85.552340,-10.588412,33.126007,117.068576,-6.064551,24.084082,85.552968,-4.997523,23.991260,86.543586,0.030000,
-6.066089,24.102125,85.552340,-10.588811,33.125438,117.071664,-6.067472,24.118356,85.551775,-4.997847,23.991349,86.543288,0.030000,
-6.066089,24.102125,85.552340,-10.589211,33.124870,117.074751,-6.064551,24.084082,85.552968,-4.998171,23.991438,86.542990,0.030000,
-6.066089,24.102125,85.552340,-10.589610,33.124301,117.077837,-6.067472,24.118356,85.551775,-4.998494,23.991526,86.542693,0.030000,
-6.066089,24.102125,85.552340,-10.590010,33.123733,117.080923,-6.064551,24.084082,85.552968,-4.998818,23.991615,86.542395,0.030000,
-6.066089,24.102125,85.552340,-10.590410,33.123165,117.084009,-6.067472,24.118356,85.551775,-4.999141,23.991704,86.542097,0.030000,
-6.066089,24.102125,85.552340,-10.590809,33.122597,117.087094,-6.064551,24.084082,85.552968,-4.999465,23.991793,86.541800,0.030000,
-6.066089,24.102125,85.552340,-10.591209,33.122029,117.090178,-6.067472,24.118356,85.551775,-4.999788,23.991881,86.541503,0.030000,
-6.066089,24.102125,85.552340,-10.591608,33.121461,117.093261,-6.064551,24.084082,85.552968,-5.000111,23.991970,86.541205,0.030000,
-6.066089,24.102125,85.552340,-10.592008,33.120893,117.096344,-6.067472,24.118356,85.551775,-5.000434,23.992059,86.540908,0.030000,
-6.066089,24.102125,85.552340,-10.592407,33.120325,117.099427,-6.064551,24.084082,85.552968,-5.000757,23.992147,86.540611,0.030000,
-6.066089,24.102125,85.552340,-10.592806,33.119757,117.102509,-6.067472,24.118356,85.551775,-5.001080,23.992235,86.540314,0.030000,
-6.066089,24.102125,85.552340,-10.593206,33.119190,117.105590,-6.064551,24.084082,85.552968,-5.001402,23.992324,86.540017,0.030000,
-6.066089,24.102125,85.552340,-10.593605,33.118622,117.108671,-6.067472,24.118356,85.551775,-5.001725,23.992412,86.539720,0.030000,
-6.066089,24.102125,85.552340,-10.594004,33.118055,117.111751,-6.064551,24.084082,85.552968,-5.002048,23.992500,86.539424,0.030000,
-6.066089,24.102125,85.552340,-10.594403,33.117488,117.114830,-6.067472,24.118356,85.551775,-5.002370,23.992588,86.539127,0.030000,
-6.066089,24.102125,85.552340,-10.594803,33.116921,117.117909,-6.064551,24.084082,85.552968,-5.002692,23.992677,86.538830,0.030000,
-6.066089,24.102125,85.552340,-10.595202,33.116354,117.120988,-6.067472,24.118356,85.551775,-5.003015,23.992765,86.538534,0.030000,
-6.066089,24.102125,85.552340,-10.595601,33.115787,117.124065,-6.064551,24.084082,85.552968,-5.003337,23.992853,86.538237,0.030000,
-6.066089,24.102125,85.552340,-10.596000,33.115220,117.127143,-6.067472,24.118356,85.551775,-5.003659,23.992940,86.537941,0.030000,
-6.066089,24.102125,85.552340,-10.596399,33.114653,117.130219,-6.064551,24.084082,85.552968,-5.003981,23.993028,86.537645,0.030000,
-6.066089,24.102125,85.552340,-10.596798,33.114086,117.133295,-6.067472,24.118356,85.551775,-5.004302,23.993116,86.537349,0.030000,
-6.066089,24.102125,85.552340,-10.597197,33.113520,117.136371,-6.064551,24.084082,85.552968,-5.004624,23.993204,86.537053,0.030000,
-6.066089,24.102125,85.552340,-10.597596,33.112953,117.139445,-6.067472,24.118356,85.551775,-5.004946,23.993292,86.536757,0.030000,
-6.066089,24.102125,85.552340,-10.597995,33.112387,117.142520,-6.064551,24.084082,85.552968,-5.005267,23.993379,86.536461,0.030000,
-6.066089,24.102125,85.552340,-10.598394,33.111821,117.145593,-6.067472,24.118356,85.551775,-5.005589,23.993467,86.536165,0.030000,
-6.066089,24.102125,85.552340,-10.598793,33.111254,117.148667,-6.064551,24.084082,85.552968,-5.005910,23.993554,86.535870,0.030000,
-6.066089,24.102125,85.552340,-10.599192,33.110688,117.151739,-6.067472,24.118356,85.551775,-5.006231,23.993642,86.535574,0.030000,
-6.066089,24.102125,85.552340,-10.599591,33.110122,117.154811,-6.064551,24.084082,85.552968,-5.006553,23.993729,86.535278,0.030000,
-6.066089,24.102125,85.552340,-10.599990,33.109556,117.157882,-6.067472,24.118356,85.551775,-5.006874,23.993817,86.534983,0.030000,
-6.066089,24.102125,85.552340,-10.600388,33.108991,117.160953,-6.064551,24.084082,85.552968,-5.007195,23.993904,86.534688,0.030000,
-6.066089,24.102125,85.552340,-10.600787,33.108425,117.164023,-6.067472,24.118356,85.551775,-5.007515,23.993991,86.534393,0.030000,
-6.066089,24.102125,85.552340,-10.601186,33.107859,117.167093,-6.064551,24.084082,85.552968,-5.007836,23.994078,86.534097,0.030000,
-6.066089,24.102125,85.552340,-10.601584,33.107294,117.170162,-6.067472,24.118356,85.551775,-5.008157,23.994165,86.533802,0.030000,
-6.066089,24.102125,85.552340,-10.601983,33.106729,117.173231,-6.064551,24.084082,85.552968,-5.008477,23.994252,86.533507,0.030000,
-6.066089,24.102125,85.552340,-10.602382,33.106163,117.176298,-6.067472,24.118356,85.551775,-5.008798,23.994339,86.533212,0.030000,
-6.066089,24.102125,85.552340,-10.602780,33.105598,117.179366,-6.064551,24.084082,85.552968,-5.009118,23.994426,86.532918,0.030000,
-6.066089,24.102125,85.552340,-10.603179,33.105033,117.182432,-6.067472,24.118356,85.551775,-5.009439,23.994513,86.532623,0.030000,
-6.066089,24.102125,85.552340,-10.603577,33.104468,117.185499,-6.064551,24.084082,85.552968,-5.009759,23.994600,86.532328,0.030000,
-6.066089,24.102125,85.552340,-10.603976,33.103903,117.188564,-6.067472,24.118356,85.551775,-5.010079,23.994687,86.532034,0.030000,
-6.066089,24.102125,85.552340,-10.604374,33.103338,117.191629,-6.064551,24.084082,85.552968,-5.010399,23.994773,86.531739,0.030000,
-6.066089,24.102125,85.552340,-10.604773,33.102774,117.194694,-6.067472,24.118356,85.551775,-5.010719,23.994860,86.531445,0.030000,
-6.066089,24.102125,85.552340,-10.605171,33.102209,117.197757,-6.064551,24.084082,85.552968,-5.011038,23.994946,86.531151,0.030000,
-6.066089,24.102125,85.552340,-10.605569,33.101644,117.200821,-6.067472,24.118356,85.551775,-5.011358,23.995033,86.530857,0.030000,
-6.066089,24.102125,85.552340,-10.605968,33.101080,117.203883,-6.064551,24.084082,85.552968,-5.011678,23.995119,86.530563,0.030000,
-6.066089,24.102125,85.552340,-10.606366,33.100516,117.206945,-6.067472,24.118356,85.551775,-5.011997,23.995206,86.530269,0.030000,
-6.066089,24.102125,85.552340,-10.606764,33.099951,117.210007,-6.064551,24.084082,85.552968,-5.012317,23.995292,86.529975,0.030000,
-6.066089,24.102125,85.552340,-10.607163,33.099387,117.213068,-6.067472,24.118356,85.551775,-5.012636,23.995378,86.529681,0.030000,
-6.066089,24.102125,85.552340,-10.607561,33.098823,117.216128,-6.064551,24.084082,85.552968,-5.012955,23.995465,86.529387,0.030000,
-6.066089,24.102125,85.552340,-10.607959,33.098259,117.219188,-6.067472,24.118356,85.551775,-5.013274,23.995551,86.529093,0.030000,
-6.066089,24.102125,85.552340,-10.608357,33.097696,117.222247,-6.064551,24.084082,85.552968,-5.013593,23.995637,86.528800,0.030000,
-6.066089,24.102125,85.552340,-10.608755,33.097132,117.225306,-6.067472,24.118356,85.551775,-5.013912,23.995723,86.528506,0.030000,
-6.066089,24.102125,85.552340,-10.609153,33.096568,117.228364,-6.064551,24.084082,85.552968,-5.014231,23.995809,86.528213,0.030000,
-6.066089,24.102125,85.552340,-10.609551,33.096005,117.231421,-6.067472,24.118356,85.551775,-5.014550,23.995895,86.527920,0.030000,
-6.066089,24.102125,85.552340,-10.609949,33.095441,117.234478,-6.064551,24.084082,85.552968,-5.014868,23.995981,86.527627,0.030000,
-6.066089,24.102125,85.552340,-10.610347,33.094878,117.237534,-6.067472,24.118356,85.551775,-5.015187,23.996067,86.527333,0.030000,
-6.066089,24.102125,85.552340,-10.610745,33.094315,117.240590,-6.064551,24.084082,85.552968,-5.015505,23.996152,86.527040,0.030000,
-6.066089,24.102125,85.552340,-10.611143,33.093751,117.243645,-6.067472,24.118356,85.551775,-5.015824,23.996238,86.526747,0.030000,
-6.066089,24.102125,85.552340,-10.611541,33.093188,117.246700,-6.064551,24.084082,85.552968,-5.016142,23.996324,86.526455,0.030000,
-6.066089,24.102125,85.552340,-10.611939,33.092625,117.249753,-6.067472,24.118356,85.551775,-5.016460,23.996409,86.526162,0.030000,
-6.066089,24.102125,85.552340,-10.612337,33.092063,117.252807,-6.064551,24.084082,85.552968,-5.016778,23.996495,86.525869,0.030000,
-6.066089,24.102125,85.552340,-10.612734,33.091500,117.255860,-6.067472,24.118356,85.551775,-5.017096,23.996580,86.525577,0.030000,
-6.066089,24.102125,85.552340,-10.613132,33.090937,117.258912,-6.064551,24.084082,85.552968,-5.017414,23.996666,86.525284,0.030000,
-6.066089,24.102125,85.552340,-10.613530,33.090375,117.261964,-6.067472,24.118356,85.551775,-5.017732,23.996751,86.524992,0.030000,
-6.066089,24.102125,85.552340,-10.613928,33.089812,117.265015,-6.064551,24.084082,85.552968,-5.018049,23.996836,86.524699,0.030000,
-6.066089,24.102125,85.552340,-10.614325,33.089250,117.268065,-6.067472,24.118356,85.551775,-5.018367,23.996921,86.524407,0.030000,
-6.066089,24.102125,85.552340,-10.614723,33.088688,117.271115,-6.064551,24.084082,85.552968,-5.018684,23.997007,86.524115,0.030000,
-6.066089,24.102125,85.552340,-10.615120,33.088125,117.274164,-6.067472,24.118356,85.551775,-5.019002,23.997092,86.523823,0.030000,
-6.066089,24.102125,85.552340,-10.615518,33.087563,117.277213,-6.064551,24.084082,85.552968,-5.019319,23.997177,86.523531,0.030000,
-6.066089,24.102125,85.552340,-10.615915,33.087001,117.280261,-6.067472,24.118356,85.551775,-5.019636,23.997262,86.523239,0.030000,
-6.066089,24.102125,85.552340,-10.616313,33.086439,117.283309,-6.064551,24.084082,85.552968,-5.019953,23.997347,86.522947,0.030000,
-6.066089,24.102125,85.552340,-10.616710,33.085878,117.286356,-6.067472,24.118356,85.551775,-5.020270,23.997432,86.522656,0.030000,
-6.066089,24.102125,85.552340,-10.617108,33.085316,117.289402,-6.064551,24.084082,85.552968,-5.020587,23.997516,86.522364,0.030000,
-6.066089,24.102125,85.552340,-10.617505,33.084754,117.292448,-6.067472,24.118356,85.551775,-5.020904,23.997601,86.522072,0.030000,
-6.066089,24.102125,85.552340,-10.617903,33.084193,117.295493,-6.064551,24.084082,85.552968,-5.021220,23.997686,86.521781,0.030000,
-6.066089,24.102125,85.552340,-10.618300,33.083632,117.298538,-6.067472,24.118356,85.551775,-5.021537,23.997771,86.521490,0.030000,
-6.066089,24.102125,85.552340,-10.618697,33.083070,117.301582,-6.064551,24.084082,85.552968,-5.021853,23.997855,86.521198,0.030000,
-6.066089,24.102125,85.552340,-10.619095,33.082509,117.304626,-6.067472,24.118356,85.551775,-5.022170,23.997940,86.520907,0.030000,
-6.066089,24.102125,85.552340,-10.619492,33.081948,117.307669,-6.064551,24.084082,85.552968,-5.022486,23.998024,86.520616,0.030000,
-6.066089,24.102125,85.552340,-10.619889,33.081387,117.310711,-6.067472,24.118356,85.551775,-5.022802,23.998109,86.520325,0.030000,
-6.066089,24.102125,85.552340,-10.620286,33.080826,117.313753,-6.064551,24.084082,85.552968,-5.023118,23.998193,86.520034,0.030000,
-6.066089,24.102125,85.552340,-10.620683,33.080265,117.316794,-6.067472,24.118356,85.551775,-5.023434,23.998277,86.519743,0.030000,
-6.066089,24.102125,85.552340,-10.621080,33.079705,117.319835,-6.064551,24.084082,85.552968,-5.023750,23.998362,86.519452,0.030000,
-6.066089,24.102125,85.552340,-10.621477,33.079144,117.322875,-6.067472,24.118356,85.551775,-5.024066,23.998446,86.519162,0.030000,
-6.066089,24.102125,85.552340,-10.621874,33.078583,117.325915,-6.064551,24.084082,85.552968,-5.024382,23.998530,86.518871,0.030000,
-6.066089,24.102125,85.552340,-10.622271,33.078023,117.328954,-6.067472,24.118356,85.551775,-5.024697,23.998614,86.518581,0.030000,
-6.066089,24.102125,85.552340,-10.622668,33.077463,117.331992,-6.064551,24.084082,85.552968,-5.025013,23.998698,86.518290,0.030000,
-6.066089,24.102125,85.552340,-10.623065,33.076903,117.335030,-6.067472,24.118356,85.551775,-5.025328,23.998782,86.518000,0.030000,
-6.066089,24.102125,85.552340,-10.623462,33.076342,117.338067,-6.064551,24.084082,85.552968,-5.025644,23.998866,86.517710,0.030000,
-6.066089,24.102125,85.552340,-10.623859,33.075782,117.341104,-6.067472,24.118356,85.551775,-5.025959,23.998950,86.517420,0.030000,
-6.066089,24.102125,85.552340,-10.624256,33.075222,117.344140,-6.064551,24.084082,85.552968,-5.026274,23.999034,86.517130,0.030000,
-6.066089,24.102125,85.552340,-10.624653,33.074663,117.347175,-6.067472,24.118356,85.551775,-5.026589,23.999117,86.516840,0.030000,
-6.066089,24.102125,85.552340,-10.625050,33.074103,117.350210,-6.064551,24.084082,85.552968,-5.026904,23.999201,86.516550,0.030000,
-6.066089,24.102125,85.552340,-10.625446,33.073543,117.353244,-6.067472,24.118356,85.551775,-5.027219,23.999285,86.516260,0.030000,
-6.066089,24.102125,85.552340,-10.625843,33.072984,117.356278,-6.064551,24.084082,85.552968,-5.027534,23.999368,86.515970,0.030000,
-6.066089,24.102125,85.552340,-10.626240,33.072424,117.359311,-6.067472,24.118356,85.551775,-5.027848,23.999452,86.515681,0.030000,
-6.066089,24.102125,85.552340,-10.626636,33.071865,117.362344,-6.064551,24.084082,85.552968,-5.028163,23.999535,86.515391,0.030000,
-6.066089,24.102125,85.552340,-10.627033,33.071306,117.365376,-6.067472,24.118356,85.551775,-5.028477,23.999619,86.515102,0.030000,
-6.066089,24.102125,85.552340,-10.627430,33.070747,117.368407,-6.064551,24.084082,85.552968,-5.028792,23.999702,86.514812,0.030000,
-6.066089,24.102125,85.552340,-10.627826,33.070187,117.371438,-6.067472,24.118356,85.551775,-5.029106,23.999785,86.514523,0.030000,
-6.066089,24.102125,85.552340,-10.628223,33.069628,117.374469,-6.064551,24.084082,85.552968,-5.029420,23.999868,86.514234,0.030000,
-6.066089,24.102125,85.552340,-10.628619,33.069070,117.377498,-6.067472,24.118356,85.551775,-5.029734,23.999952,86.513945,0.030000,
-6.066089,24.102125,85.552340,-10.629016,33.068511,117.380528,-6.064551,24.084082,85.552968,-5.030048,24.000035,86.513656,0.030000,
-6.066089,24.102125,85.552340,-10.629412,33.067952,117.383556,-6.067472,24.118356,85.551775,-5.030362,24.000118,86.513367,0.030000,
-6.066089,24.102125,85.552340,-10.629808,33.067394,117.386584,-6.064551,24.084082,85.552968,-5.030676,24.000201,86.513078,0.030000,
-6.066089,24.102125,85.552340,-10.630205,33.066835,117.389612,-6.067472,24.118356,85.551775,-5.030990,24.000284,86.512789,0.030000,
-6.066089,24.102125,85.552340,-10.630601,33.066277,117.392638,-6.064551,24.084082,85.552968,-5.031303,24.000367,86.512500,0.030000,
-6.066089,24.102125,85.552340,-10.630997,33.065719,117.395665,-6.067472,24.118356,85.551775,-5.031617,24.000449,86.512212,0.030000,
-6.066089,24.102125,85.552340,-10.631394,33.065160,117.398690,-6.064551,24.084082,85.552968,-5.031930,24.000532,86.511923,0.030000,
-6.066089,24.102125,85.552340,-10.631790,33.064602,117.401716,-6.067472,24.118356,85.551775,-5.032244,24.000615,86.511635,0.030000,
-6.066089,24.102125,85.552340,-10.632186,33.064044,117.404740,-6.064551,24.084082,85.552968,-5.032557,24.000698,86.511347,0.030000,
-6.066089,24.102125,85.552340,-10.632582,33.063486,117.407764,-6.067472,24.118356,85.551775,-5.032870,24.000780,86.511058,0.030000,
-6.066089,24.102125,85.552340,-10.632978,33.062929,117.410788,-6.064551,24.084082,85.552968,-5.033183,24.000863,86.510770,0.030000,
-6.066089,24.102125,85.552340,-10.633375,33.062371,117.413810,-6.067472,24.118356,85.551775,-5.033496,24.000945,86.510482,0.030000,
-6.066089,24.102125,85.552340,-10.633771,33.061813,117.416833,-6.064551,24.084082,85.552968,-5.033809,24.001028,86.510194,0.030000,
-6.066089,24.102125,85.552340,-10.634167,33.061256,117.419854,-6.067472,24.118356,85.551775,-5.034122,24.001110,86.509906,0.030000,
-6.066089,24.102125,85.552340,-10.634563,33.060698,117.422876,-6.064551,24.084082,85.552968,-5.034434,24.001192,86.509619,0.030000,
-6.066089,24.102125,85.552340,-10.634959,33.060141,117.425896,-6.067472,24.118356,85.551775,-5.034747,24.001275,86.509331,0.030000,
-6.066089,24.102125,85.552340,-10.635355,33.059584,117.428916,-6.064551,24.084082,85.552968,-5.035059,24.001357,86.509043,0.030000,
-6.066089,24.102125,85.552340,-10.635750,33.059027,117.431936,-6.067472,24.118356,85.551775,-5.035372,24.001439,86.508756,0.030000,
-6.066089,24.102125,85.552340,-10.636146,33.058470,117.434954,-6.064551,24.084082,85.552968,-5.035684,24.001521,86.508468,0.030000,
-6.066089,24.102125,85.552340,-10.636542,33.057913,117.437973,-6.067472,24.118356,85.551775,-5.035996,24.001603,86.508181,0.030000,
-6.066089,24.102125,85.552340,-10.636938,33.057356,117.440990,-6.064551,24.084082,85.552968,-5.036308,24.001685,86.507893,0.030000,
-6.066089,24.102125,85.552340,-10.637334,33.056799,117.444007,-6.067472,24.118356,85.551775,-5.036620,24.001767,86.507606,0.030000,
-6.066089,24.102125,85.552340,-10.637729,33.056243,117.447024,-6.064551,24.084082,85.552968,-5.036932,24.001849,86.507319,0.030000,
-6.066089,24.102125,85.552340,-10.638125,33.055686,117.450040,-6.067472,24.118356,85.551775,-5.037244,24.001931,86.507032,0.030000,
-6.066089,24.102125,85.552340,-10.638521,33.055130,117.453055,-6.064551,24.084082,85.552968,-5.037556,24.002013,86.506745,0.030000,
-6.066089,24.102125,85.552340,-10.638916,33.054573,117.456070,-6.067472,24.118356,85.551775,-5.037867,24.002094,86.506458,0.030000,
-6.066089,24.102125,85.552340,-10.639312,33.054017,117.459084,-6.064551,24.084082,85.552968,-5.038179,24.002176,86.506172,0.030000,
-6.066089,24.102125,85.552340,-10.639708,33.053461,117.462098,-6.067472,24.118356,85.551775,-5.038490,24.002258,86.505885,0.030000,
-6.066089,24.102125,85.552340,-10.640103,33.052905,117.465111,-6.064551,24.084082,85.552968,-5.038801,24.002339,86.505598,0.030000,
-6.066089,24.102125,85.552340,-10.640499,33.052349,117.468124,-6.067472,24.118356,85.551775,-5.039113,24.002421,86.505312,0.030000,
-6.066089,24.102125,85.552340,-10.640894,33.051793,117.471136,-6.064551,24.084082,85.552968,-5.039424,24.002502,86.505025,0.030000,
-6.066089,24.102125,85.552340,-10.641290,33.051237,117.474147,-6.067472,24.118356,85.551775,-5.039735,24.002584,86.504739,0.030000,
-6.066089,24.102125,85.552340,-10.641685,33.050682,117.477158,-6.064551,24.084082,85.552968,-5.040046,24.002665,86.504453,0.030000,
-6.066089,24.102125,85.552340,-10.642080,33.050126,117.480168,-6.067472,24.118356,85.551775,-5.040357,24.002746,86.504167,0.030000,
-6.066089,24.102125,85.552340,-10.642476,33.049571,117.483178,-6.064551,24.084082,85.552968,-5.040667,24.002827,86.503881,0.030000,
-6.066089,24.102125,85.552340,-10.642871,33.049015,117.486187,-6.067472,24.118356,85.551775,-5.040978,24.002909,86.503595,0.030000,
-6.066089,24.102125,85.552340,-10.643266,33.048460,117.489196,-6.064551,24.084082,85.552968,-5.041289,24.002990,86.503309,0.030000,
-6.066089,24.102125,85.552340,-10.643661,33.047905,117.492204,-6.067472,24.118356,85.551775,-5.041599,24.003071,86.503023,0.030000,
-6.066089,24.102125,85.552340,-10.644057,33.047350,117.495211,-6.064551,24.084082,85.552968,-5.041910,24.003152,86.502737,0.030000,
-6.066089,24.102125,85.552340,-10.644452,33.046795,117.498218,-6.067472,24.118356,85.551775,-5.042220,24.003233,86.502451,0.030000,
-6.066089,24.102125,85.552340,-10.644847,33.046240,117.501224,-6.064551,24.084082,85.552968,-5.042530,24.003314,86.502166,0.030000,
-6.066089,24.102125,85.552340,-10.645242,33.045685,117.504230,-6.067472,24.118356,85.551775,-5.042840,24.003394,86.501880,0.030000,
-6.066089,24.102125,85.552340,-10.645637,33.045130,117.507235,-6.064551,24.084082,85.552968,-5.043150,24.003475,86.501595,0.030000,
-6.066089,24.102125,85.552340,-10.646032,33.044576,117.510239,-6.067472,24.118356,85.551775,-5.043460,24.003556,86.501310,0.030000,
-6.066089,24.102125,85.552340,-10.646427,33.044021,117.513243,-6.064551,24.084082,85.552968,-5.043770,24.003637,86.501024,0.030000,
-6.066089,24.102125,85.552340,-10.646822,33.043467,117.516247,-6.067472,24.118356,85.551775,-5.044080,24.003717,86.500739,0.030000,
-6.066089,24.102125,85.552340,-10.647217,33.042913,117.519250,-6.064551,24.084082,85.552968,-5.044389,24.003798,86.500454,0.030000,
-6.066089,24.102125,85.552340,-10.647612,33.042358,117.522252,-6.067472,24.118356,85.551775,-5.044699,24.003878,86.500169,0.030000,
-6.066089,24.102125,85.552340,-10.648007,33.041804,117.525254,-6.064551,24.084082,85.552968,-5.045008,24.003959,86.499884,0.030000,
-6.066089,24.102125,85.552340,-10.648402,33.041250,117.528255,-6.067472,24.118356,85.551775,-5.045317,24.004039,86.499600,0.030000,
-6.066089,24.102125,85.552340,-10.648797,33.040696,117.531255,-6.064551,24.084082,85.552968,-5.045627,24.004119,86.499315,0.030000,
-6.066089,24.102125,85.552340,-10.649191,33.040143,117.534255,-6.067472,24.118356,85.551775,-5.045936,24.004200,86.499030,0.030000,
-6.066089,24.102125,85.552340,-10.649586,33.039589,117.537255,-6.064551,24.084082,85.552968,-5.046245,24.004280,86.498746,0.030000,
-6.066089,24.102125,85.552340,-10.649981,33.039035,117.540254,-6.067472,24.118356,85.551775,-5.046554,24.004360,86.498461,0.030000,
-6.066089,24.102125,85.552340,-10.650375,33.038482,117.543252,-6.064551,24.084082,85.552968,-5.046863,24.004440,86.498177,0.030000,
-6.066089,24.102125,85.552340,-10.650770,33.037928,117.546250,-6.067472,24.118356,85.551775,-5.047171,24.004520,86.497892,0.030000,
-6.066089,24.102125,85.552340,-10.651165,33.037375,117.549247,-6.064551,24.084082,85.552968,-5.047480,24.004600,86.497608,0.030000,
-6.066089,24.102125,85.552340,-10.651559,33.036822,117.552243,-6.067472,24.118356,85.551775,-5.047789,24.004680,86.497324,0.030000,
-6.066089,24.102125,85.552340,-10.651954,33.036269,117.555239,-6.064551,24.084082,85.552968,-5.048097,24.004760,86.497040,0.030000,
-6.066089,24.102125,85.552340,-10.652348,33.035715,117.558235,-6.067472,24.118356,85.551775,-5.048406,24.004840,86.496756,0.030000,
-6.066089,24.102125,85.552340,-10.652743,33.035163,117.561230,-6.064551,24.084082,85.552968,-5.048714,24.004920,86.496472,0.030000,
-6.066089,24.102125,85.552340,-10.653137,33.034610,117.564224,-6.067472,24.118356,85.551775,-5.049022,24.005000,86.496189,0.030000,
-6.066089,24.102125,85.552340,-10.653532,33.034057,117.567218,-6.064551,24.084082,85.552968,-5.049330,24.005079,86.495905,0.030000,
-6.066089,24.102125,85.552340,-10.653926,33.033504,117.570211,-6.067472,24.118356,85.551775,-5.049638,24.005159,86.495621,0.030000,
-6.066089,24.102125,85.552340,-10.654320,33.032952,117.573203,-6.064551,24.084082,85.552968,-5.049946,24.005238,86.495338,0.030000,
-6.066089,24.102125,85.552340,-10.654715,33.032399,117.576195,-6.067472,24.118356,85.551775,-5.050254,24.005318,86.495054,0.030000,
-6.066089,24.102125,85.552340,-10.655109,33.031847,117.579187,-6.064551,24.084082,85.552968,-5.050562,24.005397,86.494771,0.030000,
-6.066089,24.102125,85.552340,-10.655503,33.031295,117.582178,-6.067472,24.118356,85.551775,-5.050869,24.005477,86.494488,0.030000,
-6.066089,24.102125,85.552340,-10.655897,33.030742,117.585168,-6.064551,24.084082,85.552968,-5.051177,24.005556,86.494204,0.030000,
-6.066089,24.102125,85.552340,-10.656292,33.030190,117.588158,-6.067472,24.118356,85.551775,-5.051484,24.005635,86.493921,0.030000,
-6.066089,24.102125,85.552340,-10.656686,33.029638,117.591147,-6.064551,24.084082,85.552968,-5.051792,24.005715,86.493638,0.030000,
-6.066089,24.102125,85.552340,-10.657080,33.029086,117.594136,-6.067472,24.118356,85.551775,-5.052099,24.005794,86.493355,0.030000,
-6.066089,24.102125,85.552340,-10.657474,33.028535,117.597124,-6.064551,24.084082,85.552968,-5.052406,24.005873,86.493073,0.030000,
-6.066089,24.102125,85.552340,-10.657868,33.027983,117.600111,-6.067472,24.118356,85.551775,-5.052713,24.005952,86.492790,0.030000,
-6.066089,24.102125,85.552340,-10.658262,33.027431,117.603098,-6.064551,24.084082,85.552968,-5.053020,24.006031,86.492507,0.030000,
-6.066089,24.102125,85.552340,-10.658656,33.026880,117.606084,-6.067472,24.118356,85.551775,-5.053327,24.006110,86.492225,0.030000,
-6.066089,24.102125,85.552340,-10.659050,33.026328,117.609070,-6.064551,24.084082,85.552968,-5.053634,24.006189,86.491942,0.030000,
-6.066089,24.102125,85.552340,-10.659444,33.025777,117.612055,-6.067472,24.118356,85.551775,-5.053941,24.006268,86.491660,0.030000,
-6.066089,24.102125,85.552340,-10.659838,33.025226,117.615040,-6.064551,24.084082,85.552968,-5.054247,24.006347,86.491377,0.030000,
-6.066089,24.102125,85.552340,-10.660231,33.024675,117.618024,-6.067472,24.118356,85.551775,-5.054554,24.006426,86.491095,0.030000,
-6.066089,24.102125,85.552340,-10.660625,33.024124,117.621008,-6.064551,24.084082,85.552968,-5.054860,24.006504,86.490813,0.030000,
-6.066089,24.102125,85.552340,-10.661019,33.023573,117.623991,-6.067472,24.118356,85.551775,-5.055167,24.006583,86.490531,0.030000,
-6.066089,24.102125,85.552340,-10.661413,33.023022,117.626973,-6.064551,24.084082,85.552968,-5.055473,24.006662,86.490249,0.030000,
-6.066089,24.102125,85.552340,-10.661806,33.022471,117.629955,-6.067472,24.118356,85.551775,-5.055779,24.006740,86.489967,0.030000,
-6.066089,24.102125,85.552340,-10.662200,33.021920,117.632936,-6.064551,24.084082,85.552968,-5.056085,24.006819,86.489685,0.030000,
-6.066089,24.102125,85.552340,-10.662594,33.021370,117.635917,-6.067472,24.118356,85.551775,-5.056391,24.006897,86.489403,0.030000,
-6.066089,24.102125,85.552340,-10.662987,33.020819,117.638897,-6.064551,24.084082,85.552968,-5.056697,24.006975,86.489122,0.030000,
-6.066089,24.102125,85.552340,-10.663381,33.020269,117.641876,-6.067472,24.118356,85.551775,-5.057003,24.007054,86.488840,0.030000,
-6.066089,24.102125,85.552340,-10.663775,33.019719,117.644855,-6.064551,24.084082,85.552968,-5.057308,24.007132,86.488559,0.030000,
-6.066089,24.102125,85.552340,-10.664168,33.019169,117.647834,-6.067472,24.118356,85.551775,-5.057614,24.007210,86.488277,0.030000,
-6.066089,24.102125,85.552340,-10.664561,33.018619,117.650812,-6.064551,24.084082,85.552968,-5.057920,24.007289,86.487996,0.030000,
-6.066089,24.102125,85.552340,-10.664955,33.018069,117.653789,-6.067472,24.118356,85.551775,-5.058225,24.007367,86.487715,0.030000,
-6.066089,24.102125,85.552340,-10.665348,33.017519,117.656766,-6.064551,24.084082,85.552968,-5.058530,24.007445,86.487434,0.030000,
-6.066089,24.102125,85.552340,-10.665742,33.016969,117.659742,-6.067472,24.118356,85.551775,-5.058835,24.007523,86.487152,0.030000,
-6.066089,24.102125,85.552340,-10.666135,33.016419,117.662717,-6.064551,24.084082,85.552968,-5.059141,24.007601,86.486871,0.030000,
-6.066089,24.102125,85.552340,-10.666528,33.015870,117.665692,-6.067472,24.118356,85.551775,-5.059446,24.007679,86.486591,0.030000,
-6.066089,24.102125,85.552340,-10.666922,33.015320,117.668667,-6.064551,24.084082,85.552968,-5.059751,24.007756,86.486310,0.030000,
-6.066089,24.102125,85.552340,-10.667315,33.014771,117.671641,-6.067472,24.118356,85.551775,-5.060055,24.007834,86.486029,0.030000,
-6.066089,24.102125,85.552340,-10.667708,33.014222,117.674614,-6.064551,24.084082,85.552968,-5.060360,24.007912,86.485748,0.030000,
-6.066089,24.102125,85.552340,-10.668101,33.013672,117.677587,-6.067472,24.118356,85.551775,-5.060665,24.007990,86.485468,0.030000,
-6.066089,24.102125,85.552340,-10.668494,33.013123,117.680559,-6.064551,24.084082,85.552968,-5.060969,24.008067,86.485187,0.030000,
-6.066089,24.102125,85.552340,-10.668887,33.012574,117.683531,-6.067472,24.118356,85.551775,-5.061274,24.008145,86.484907,0.030000,
-6.066089,24.102125,85.552340,-10.669280,33.012025,117.686502,-6.064551,24.084082,85.552968,-5.061578,24.008223,86.484627,0.030000,
-6.066089,24.102125,85.552340,-10.669673,33.011476,117.689472,-6.067472,24.118356,85.551775,-5.061883,24.008300,86.484346,0.030000,
-6.066089,24.102125,85.552340,-10.670066,33.010928,117.692442,-6.064551,24.084082,85.552968,-5.062187,24.008377,86.484066,0.030000,
-6.066089,24.102125,85.552340,-10.670459,33.010379,117.695412,-6.067472,24.118356,85.551775,-5.062491,24.008455,86.483786,0.030000,
-6.066089,24.102125,85.552340,-10.670852,33.009831,117.698380,-6.064551,24.084082,85.552968,-5.062795,24.008532,86.483506,0.030000,
-6.066089,24.102125,85.552340,-10.671245,33.009282,117.701349,-6.067472,24.118356,85.551775,-5.063099,24.008609,86.483226,0.030000,
-6.066089,24.102125,85.552340,-10.671638,33.008734,117.704316,-6.064551,24.084082,85.552968,-5.063403,24.008687,86.482947,0.030000,
-6.066089,24.102125,85.552340,-10.672031,33.008186,117.707283,-6.067472,24.118356,85.551775,-5.063706,24.008764,86.482667,0.030000,
-6.066089,24.102125,85.552340,-10.672424,33.007637,117.710250,-6.064551,24.084082,85.552968,-5.064010,24.008841,86.482387,0.030000,
-6.066089,24.102125,85.552340,-10.672816,33.007089,117.713216,-6.067472,24.118356,85.551775,-5.064314,24.008918,86.482108,0.030000,
-6.066089,24.102125,85.552340,-10.673209,33.006541,117.716181,-6.064551,24.084082,85.552968,-5.064617,24.008995,86.481828,0.030000,
-6.066089,24.102125,85.552340,-10.673602,33.005994,117.719146,-6.067472,24.118356,85.551775,-5.064920,24.009072,86.481549,0.030000,
-6.066089,24.102125,85.552340,-10.673995,33.005446,117.722111,-6.064551,24.084082,85.552968,-5.065224,24.009149,86.481269,0.030000,
-6.066089,24.102125,85.552340,-10.674387,33.004898,117.725074,-6.067472,24.118356,85.551775,-5.065527,24.009226,86.480990,0.030000,
-6.066089,24.102125,85.552340,-10.674780,33.004350,117.728038,-6.064551,24.084082,85.552968,-5.065830,24.009303,86.480711,0.030000,
-6.066089,24.102125,85.552340,-10.675172,33.003803,117.731000,-6.067472,24.118356,85.551775,-5.066133,24.009379,86.480432,0.030000,
-6.066089,24.102125,85.552340,-10.675565,33.003256,117.733962,-6.064551,24.084082,85.552968,-5.066436,24.009456,86.480153,0.030000,
-6.066089,24.102125,85.552340,-10.675957,33.002708,117.736924,-6.067472,24.118356,85.551775,-5.066739,24.009533,86.479874,0.030000,
-6.066089,24.102125,85.552340,-10.676350,33.002161,117.739885,-6.064551,24.084082,85.552968,-5.067041,24.009609,86.479595,0.030000,
-6.066089,24.102125,85.552340,-10.676742,33.001614,117.742845,-6.067472,24.118356,85.551775,-5.067344,24.009686,86.479317,0.030000,
-6.066089,24.102125,85.552340,-10.677135,33.001067,117.745805,-6.064551,24.084082,85.552968,-5.067647,24.009762,86.479038,0.030000,
-6.066089,24.102125,85.552340,-10.677527,33.000520,117.748764,-6.067472,24.118356,85.551775,-5.067949,24.009839,86.478759,0.030000,
-6.066089,24.102125,85.552340,-10.677919,32.999973,117.751723,-6.064551,24.084082,85.552968,-5.068251,24.009915,86.478481,0.030000,
-6.066089,24.102125,85.552340,-10.678311,32.999427,117.754681,-6.067472,24.118356,85.551775,-5.068554,24.009992,86.478203,0.030000,
-6.066089,24.102125,85.552340,-10.678704,32.998880,117.757638,-6.064551,24.084082,85.552968,-5.068856,24.010068,86.477924,0.030000,
-6.066089,24.102125,85.552340,-10.679096,32.998333,117.760595,-6.067472,24.118356,85.551775,-5.069158,24.010144,86.477646,0.030000,
-6.066089,24.102125,85.552340,-10.679488,32.997787,117.763552,-6.064551,24.084082,85.552968,-5.069460,24.010220,86.477368,0.030000,
-6.066089,24.102125,85.552340,-10.679880,32.997241,117.766508,-6.067472,24.118356,85.551775,-5.069762,24.010296,86.477090,0.030000,
-6.066089,24.102125,85.552340,-10.680272,32.996694,117.769463,-6.064551,24.084082,85.552968,-5.070063,24.010372,86.476812,0.030000,
-6.066089,24.102125,85.552340,-10.680664,32.996148,117.772418,-6.067472,24.118356,85.551775,-5.070365,24.010448,86.476534,0.030000,
-6.066089,24.102125,85.552340,-10.681056,32.995602,117.775372,-6.064551,24.084082,85.552968,-5.070667,24.010524,86.476256,0.030000,
-6.066089,24.102125,85.552340,-10.681448,32.995056,117.778325,-6.067472,24.118356,85.551775,-5.070968,24.010600,86.475979,0.030000,
-6.066089,24.102125,85.552340,-10.681840,32.994510,117.781278,-6.064551,24.084082,85.552968,-5.071270,24.010676,86.475701,0.030000,
-6.066089,24.102125,85.552340,-10.682232,32.993965,117.784231,-6.067472,24.118356,85.551775,-5.071571,24.010752,86.475423,0.030000,
-6.066089,24.102125,85.552340,-10.682624,32.993419,117.787183,-6.064551,24.084082,85.552968,-5.071872,24.010828,86.475146,0.030000,
-6.066089,24.102125,85.552340,-10.683016,32.992873,117.790134,-6.067472,24.118356,85.551775,-5.072173,24.010903,86.474869,0.030000,
-6.066089,24.102125,85.552340,-10.683408,32.992328,117.793085,-6.064551,24.084082,85.552968,-5.072475,24.010979,86.474591,0.030000,
-6.066089,24.102125,85.552340,-10.683800,32.991783,117.796035,-6.067472,24.118356,85.551775,-5.072776,24.011055,86.474314,0.030000,
-6.066089,24.102125,85.552340,-10.684192,32.991237,117.798985,-6.064551,24.084082,85.552968,-5.073076,24.011130,86.474037,0.030000,
-6.066089,24.102125,85.552340,-10.684583,32.990692,117.801934,-6.067472,24.118356,85.551775,-5.073377,24.011206,86.473760,0.030000,
-6.066089,24.102125,85.552340,-10.684975,32.990147,117.804883,-6.064551,24.084082,85.552968,-5.073678,24.011281,86.473483,0.030000,
-6.066089,24.102125,85.552340,-10.685367,32.989602,117.807831,-6.067472,24.118356,85.551775,-5.073978,24.011357,86.473206,0.030000,
-6.066089,24.102125,85.552340,-10.685758,32.989057,117.810778,-6.064551,24.084082,85.552968,-5.074279,24.011432,86.472929,0.030000,
-6.066089,24.102125,85.552340,-10.686150,32.988512,117.813725,-6.067472,24.118356,85.551775,-5.074579,24.011507,86.472652,0.030000,
-6.066089,24.102125,85.552340,-10.686541,32.987968,117.816671,-6.064551,24.084082,85.552968,-5.074880,24.011583,86.472376,0.030000,
-6.066089,24.102125,85.552340,-10.686933,32.987423,117.819617,-6.067472,24.118356,85.551775,-5.075180,24.011658,86.472099,0.030000,
-6.066089,24.102125,85.552340,-10.687324,32.986879,117.822562,-6.064551,24.084082,85.552968,-5.075480,24.011733,86.471823,0.030000,
-6.066089,24.102125,85.552340,-10.687716,32.986334,117.825507,-6.067472,24.118356,85.551775,-5.075780,24.011808,86.471546,0.030000,
-6.066089,24.102125,85.552340,-10.688107,32.985790,117.828451,-6.064551,24.084082,85.552968,-5.076080,24.011883,86.471270,0.030000,
-6.066089,24.102125,85.552340,-10.688499,32.985246,117.831395,-6.067472,24.118356,85.551775,-5.076380,24.011958,86.470994,0.030000,
-6.066089,24.102125,85.552340,-10.688890,32.984701,117.834338,-6.064551,24.084082,85.552968,-5.076680,24.012033,86.470718,0.030000,
-6.066089,24.102125,85.552340,-10.689281,32.984157,117.837280,-6.067472,24.118356,85.551775,-5.076980,24.012108,86.470442,0.030000,
-6.066089,24.102125,85.552340,-10.689673,32.983613,117.840222,-6.064551,24.084082,85.552968,-5.077279,24.012183,86.470166,0.030000,
-6.066089,24.102125,85.552340,-10.690064,32.983070,117.843163,-6.067472,24.118356,85.551775,-5.077579,24.012257,86.469890,0.030000,
-6.066089,24.102125,85.552340,-10.690455,32.982526,117.846104,-6.064551,24.084082,85.552968,-5.077878,24.012332,86.469614,0.030000,
-6.066089,24.102125,85.552340,-10.690846,32.981982,117.849044,-6.067472,24.118356,85.551775,-5.078177,24.012407,86.469338,0.030000,
-6.066089,24.102125,85.552340,-10.691237,32.981439,117.851984,-6.064551,24.084082,85.552968,-5.078477,24.012482,86.469063,0.030000,
-6.066089,24.102125,85.552340,-10.691629,32.980895,117.854923,-6.067472,24.118356,85.551775,-5.078776,24.012556,86.468787,0.030000,
-6.066089,24.102125,85.552340,-10.692020,32.980352,117.857861,-6.064551,24.084082,85.552968,-5.079075,24.012631,86.468512,0.030000,
-6.066089,24.102125,85.552340,-10.692411,32.979808,117.860799,-6.067472,24.118356,85.551775,-5.079374,24.012705,86.468236,0.030000,
-6.066089,24.102125,85.552340,-10.692802,32.979265,117.863736,-6.064551,24.084082,85.552968,-5.079673,24.012780,86.467961,0.030000,
-6.066089,24.102125,85.552340,-10.693193,32.978722,117.866673,-6.067472,24.118356,85.551775,-5.079971,24.012854,86.467686,0.030000,
-6.066089,24.102125,85.552340,-10.693584,32.978179,117.869610,-6.064551,24.084082,85.552968,-5.080270,24.012928,86.467411,0.030000,
-6.066089,24.102125,85.552340,-10.693974,32.977636,117.872545,-6.067472,24.118356,85.551775,-5.080569,24.013003,86.467135,0.030000,
-6.066089,24.102125,85.552340,-10.694365,32.977093,117.875480,-6.064551,24.084082,85.552968,-5.080867,24.013077,86.466860,0.030000,
-6.066089,24.102125,85.552340,-10.694756,32.976551,117.878415,-6.067472,24.118356,85.551775,-5.081166,24.013151,86.466586,0.030000,
-6.066089,24.102125,85.552340,-10.695147,32.976008,117.881349,-6.064551,24.084082,85.552968,-5.081464,24.013225,86.466311,0.030000,
-6.066089,24.102125,85.552340,-10.695538,32.975466,117.884282,-6.067472,24.118356,85.551775,-5.081762,24.013299,86.466036,0.030000,
-6.066089,24.102125,85.552340,-10.695928,32.974923,117.887215,-6.064551,24.084082,85.552968,-5.082060,24.013373,86.465761,0.030000,
-6.066089,24.102125,85.552340,-10.696319,32.974381,117.890148,-6.067472,24.118356,85.551775,-5.082358,24.013447,86.465487,0.030000,
-6.066089,24.102125,85.552340,-10.696710,32.973839,117.893080,-6.064551,24.084082,85.552968,-5.082656,24.013521,86.465212,0.030000,
-6.066089,24.102125,85.552340,-10.697100,32.973296,117.896011,-6.067472,24.118356,85.551775,-5.082954,24.013595,86.464938,0.030000,
-6.066089,24.102125,85.552340,-10.697491,32.972754,117.898941,-6.064551,24.084082,85.552968,-5.083252,24.013669,86.464664,0.030000,
-6.066089,24.102125,85.552340,-10.697882,32.972212,117.901872,-6.067472,24.118356,85.551775,-5.083550,24.013743,86.464389,0.030000,
-6.066089,24.102125,85.552340,-10.698272,32.971671,117.904801,-6.064551,24.084082,85.552968,-5.083847,24.013816,86.464115,0.030000,
-6.066089,24.102125,85.552340,-10.698663,32.971129,117.907730,-6.067472,24.118356,85.551775,-5.084145,24.013890,86.463841,0.030000,
-6.066089,24.102125,85.552340,-10.699053,32.970587,117.910659,-6.064551,24.084082,85.552968,-5.084442,24.013964,86.463567,0.030000,
-6.066089,24.102125,85.552340,-10.699443,32.970046,117.913586,-6.067472,24.118356,85.551775,-5.084740,24.014037,86.463293,0.030000,
-6.066089,24.102125,85.552340,-10.699834,32.969504,117.916514,-6.064551,24.084082,85.552968,-5.085037,24.014111,86.463019,0.030000,
-6.066089,24.102125,85.552340,-10.700224,32.968963,117.919441,-6.067472,24.118356,85.551775,-5.085334,24.014184,86.462746,0.030000,
-6.066089,24.102125,85.552340,-10.700614,32.968421,117.922367,-6.064551,24.084082,85.552968,-5.085631,24.014257,86.462472,0.030000,
-6.066089,24.102125,85.552340,-10.701005,32.967880,117.925292,-6.067472,24.118356,85.551775,-5.085928,24.014331,86.462198,0.030000,
-6.066089,24.102125,85.552340,-10.701395,32.967339,117.928218,-6.064551,24.084082,85.552968,-5.086225,24.014404,86.461925,0.030000,
-6.066089,24.102125,85.552340,-10.701785,32.966798,117.931142,-6.067472,24.118356,85.551775,-5.086522,24.014477,86.461651,0.030000,
-6.066089,24.102125,85.552340,-10.702175,32.966257,117.934066,-6.064551,24.084082,85.552968,-5.086818,24.014551,86.461378,0.030000,
-6.066089,24.102125,85.552340,-10.702566,32.965716,117.936990,-6.067472,24.118356,85.551775,-5.087115,24.014624,86.461105,0.030000,
-6.066089,24.102125,85.552340,-10.702956,32.965176,117.939912,-6.064551,24.084082,85.552968,-5.087411,24.014697,86.460832,0.030000,
-6.066089,24.102125,85.552340,-10.703346,32.964635,117.942835,-6.067472,24.118356,85.551775,-5.087708,24.014770,86.460559,0.030000,
-6.066089,24.102125,85.552340,-10.703736,32.964095,117.945756,-6.064551,24.084082,85.552968,-5.088004,24.014843,86.460286,0.030000,
-6.066089,24.102125,85.552340,-10.704126,32.963554,117.948678,-6.067472,24.118356,85.551775,-5.088300,24.014916,86.460013,0.030000,
-6.066089,24.102125,85.552340,-10.704516,32.963014,117.951598,-6.064551,24.084082,85.552968,-5.088597,24.014989,86.459740,0.030000,
-6.066089,24.102125,85.552340,-10.704906,32.962474,117.954518,-6.067472,24.118356,85.551775,-5.088893,24.015062,86.459467,0.030000,
-6.066089,24.102125,85.552340,-10.705295,32.961933,117.957438,-6.064551,24.084082,85.552968,-5.089189,24.015135,86.459194,0.030000,
-6.066089,24.102125,85.552340,-10.705685,32.961393,117.960357,-6.067472,24.118356,85.551775,-5.089484,24.015207,86.458922,0.030000,
-6.066089,24.102125,85.552340,-10.706075,32.960853,117.963275,-6.064551,24.084082,85.552968,-5.089780,24.015280,86.458649,0.030000,
-6.066089,24.102125,85.552340,-10.706465,32.960314,117.966193,-6.067472,24.118356,85.551775,-5.090076,24.015353,86.458377,0.030000,
-6.066089,24.102125,85.552340,-10.706855,32.959774,117.969111,-6.064551,24.084082,85.552968,-5.090372,24.015425,86.458105,0.030000,
-6.066089,24.102125,85.552340,-10.707244,32.959234,117.972027,-6.067472,24.118356,85.551775,-5.090667,24.015498,86.457832,0.030000,
-6.066089,24.102125,85.552340,-10.707634,32.958695,117.974944,-6.064551,24.084082,85.552968,-5.090962,24.015570,86.457560,0.030000,
-6.066089,24.102125,85.552340,-10.708024,32.958155,117.977859,-6.067472,24.118356,85.551775,-5.091258,24.015643,86.457288,0.030000,
-6.066089,24.102125,85.552340,-10.708413,32.957616,117.980774,-6.064551,24.084082,85.552968,-5.091553,24.015715,86.457016,0.030000,
-6.066089,24.102125,85.552340,-10.708803,32.957076,117.983689,-6.067472,24.118356,85.551775,-5.091848,24.015788,86.456744,0.030000,
-6.066089,24.102125,85.552340,-10.709192,32.956537,117.986603,-6.064551,24.084082,85.552968,-5.092143,24.015860,86.456472,0.030000,
-6.066089,24.102125,85.552340,-10.709582,32.955998,117.989516,-6.067472,24.118356,85.551775,-5.092438,24.015932,86.456200,0.030000,
-6.066089,24.102125,85.552340,-10.709971,32.955459,117.992429,-6.064551,24.084082,85.552968,-5.092733,24.016005,86.455929,0.030000,
-6.066089,24.102125,85.552340,-10.710361,32.954920,117.995342,-6.067472,24.118356,85.551775,-5.093028,24.016077,86.455657,0.030000,
-6.066089,24.102125,85.552340,-10.710750,32.954381,117.998253,-6.064551,24.084082,85.552968,-5.093323,24.016149,86.455385,0.030000,
-6.066089,24.102125,85.552340,-10.711140,32.953843,118.001165,-6.067472,24.118356,85.551775,-5.093617,24.016221,86.455114,0.030000,
-6.066089,24.102125,85.552340,-10.711529,32.953304,118.004075,-6.064551,24.084082,85.552968,-5.093912,24.016293,86.454843,0.030000,
-6.066089,24.102125,85.552340,-10.711918,32.952765,118.006985,-6.067472,24.118356,85.551775,-5.094206,24.016365,86.454571,0.030000,
-6.066089,24.102125,85.552340,-10.712308,32.952227,118.009895,-6.064551,24.084082,85.552968,-5.094501,24.016437,86.454300,0.030000,
-6.066089,24.102125,85.552340,-10.712697,32.951689,118.012804,-6.067472,24.118356,85.551775,-5.094795,24.016509,86.454029,0.030000,
-6.066089,24.102125,85.552340,-10.713086,32.951150,118.015712,-6.064551,24.084082,85.552968,-5.095089,24.016580,86.453758,0.030000,
-6.066089,24.102125,85.552340,-10.713475,32.950612,118.018620,-6.067472,24.118356,85.551775,-5.095383,24.016652,86.453487,0.030000,
-6.066089,24.102125,85.552340,-10.713864,32.950074,118.021528,-6.064551,24.084082,85.552968,-5.095677,24.016724,86.453216,0.030000,
-6.066089,24.102125,85.552340,-10.714253,32.949536,118.024434,-6.067472,24.118356,85.551775,-5.095971,24.016796,86.452945,0.030000,
-6.066089,24.102125,85.552340,-10.714642,32.948998,118.027341,-6.064551,24.084082,85.552968,-5.096265,24.016867,86.452675,0.030000,
-6.066089,24.102125,85.552340,-10.715031,32.948460,118.030246,-6.067472,24.118356,85.551775,-5.096559,24.016939,86.452404,0.030000,
-6.066089,24.102125,85.552340,-10.715420,32.947923,118.033151,-6.064551,24.084082,85.552968,-5.096852,24.017010,86.452133,0.030000,
-6.066089,24.102125,85.552340,-10.715809,32.947385,118.036056,-6.067472,24.118356,85.551775,-5.097146,24.017082,86.451863,0.030000,
-6.066089,24.102125,85.552340,-10.716198,32.946848,118.038960,-6.064551,24.084082,85.552968,-5.097439,24.017153,86.451592,0.030000,
-6.066089,24.102125,85.552340,-10.716587,32.946310,118.041863,-6.067472,24.118356,85.551775,-5.097733,24.017225,86.451322,0.030000,
-6.066089,24.102125,85.552340,-10.716976,32.945773,118.044766,-6.064551,24.084082,85.552968,-5.098026,24.017296,86.451052,0.030000,
-6.066089,24.102125,85.552340,-10.717365,32.945236,118.047669,-6.067472,24.118356,85.551775,-5.098319,24.017367,86.450782,0.030000,
-6.066089,24.102125,85.552340,-10.717753,32.944699,118.050571,-6.064551,24.084082,85.552968,-5.098612,24.017439,86.450512,0.030000,
-6.066089,24.102125,85.552340,-10.718142,32.944162,118.053472,-6.067472,24.118356,85.551775,-5.098905,24.017510,86.450242,0.030000,
-6.066089,24.102125,85.552340,-10.718531,32.943625,118.056373,-6.064551,24.084082,85.552968,-5.099198,24.017581,86.449972,0.030000,
-6.066089,24.102125,85.552340,-10.718920,32.943088,118.059273,-6.067472,24.118356,85.551775,-5.099491,24.017652,86.449702,0.030000,
-6.066089,24.102125,85.552340,-10.719308,32.942551,118.062172,-6.064551,24.084082,85.552968,-5.099784,24.017723,86.449432,0.030000,
-6.066089,24.102125,85.552340,-10.719697,32.942014,118.065071,-6.067472,24.118356,85.551775,-5.100076,24.017794,86.449163,0.030000,
-6.066089,24.102125,85.552340,-10.720085,32.941478,118.067970,-6.064551,24.084082,85.552968,-5.100369,24.017865,86.448893,0.030000,
-6.066089,24.102125,85.552340,-10.720474,32.940941,118.070868,-6.067472,24.118356,85.551775,-5.100661,24.017936,86.448623,0.030000,
-6.066089,24.102125,85.552340,-10.720862,32.940405,118.073765,-6.064551,24.084082,85.552968,-5.100954,24.018007,86.448354,0.030000,
-6.066089,24.102125,85.552340,-10.721251,32.939869,118.076662,-6.067472,24.118356,85.551775,-5.101246,24.018077,86.448085,0.030000,
-6.066089,24.102125,85.552340,-10.721639,32.939333,118.079558,-6.064551,24.084082,85.552968,-5.101538,24.018148,86.447815,0.030000,
-6.066089,24.102125,85.552340,-10.722028,32.938797,118.082454,-6.067472,24.118356,85.551775,-5.101830,24.018219,86.447546,0.030000,
-6.066089,24.102125,85.552340,-10.722416,32.938261,118.085349,-6.064551,24.084082,85.552968,-5.102122,24.018290,86.447277,0.030000,
-6.066089,24.102125,85.552340,-10.722804,32.937725,118.088244,-6.067472,24.118356,85.551775,-5.102414,24.018360,86.447008,0.030000,
-6.066089,24.102125,85.552340,-10.723193,32.937189,118.091138,-6.064551,24.084082,85.552968,-5.102706,24.018431,86.446739,0.030000,
-6.066089,24.102125,85.552340,-10.723581,32.936653,118.094032,-6.067472,24.118356,85.551775,-5.102998,24.018501,86.446470,0.030000,
-6.066089,24.102125,85.552340,-10.723969,32.936118,118.096925,-6.064551,24.084082,85.552968,-5.103290,24.018572,86.446201,0.030000,
-6.066089,24.102125,85.552340,-10.724357,32.935582,118.099817,-6.067472,24.118356,85.551775,-5.103581,24.018642,86.445933,0.030000,
-6.066089,24.102125,85.552340,-10.724745,32.935047,118.102709,-6.064551,24.084082,85.552968,-5.103873,24.018712,86.445664,0.030000,
-6.066089,24.102125,85.552340,-10.725133,32.934511,118.105600,-6.067472,24.118356,85.551775,-5.104164,24.018783,86.445396,0.030000,
-6.066089,24.102125,85.552340,-10.725521,32.933976,118.108491,-6.064551,24.084082,85.552968,-5.104455,24.018853,86.445127,0.030000,
-6.066089,24.102125,85.552340,-10.725909,32.933441,118.111381,-6.067472,24.118356,85.551775,-5.104747,24.018923,86.444859,0.030000,
-6.066089,24.102125,85.552340,-10.726297,32.932906,118.114271,-6.064551,24.084082,85.552968,-5.105038,24.018993,86.444590,0.030000,
-6.066089,24.102125,85.552340,-10.726685,32.932371,118.117160,-6.067472,24.118356,85.551775,-5.105329,24.019064,86.444322,0.030000,
-6.066089,24.102125,85.552340,-10.727073,32.931836,118.120049,-6.064551,24.084082,85.552968,-5.105620,24.019134,86.444054,0.030000,
-6.066089,24.102125,85.552340,-10.727461,32.931301,118.122937,-6.067472,24.118356,85.551775,-5.105911,24.019204,86.443786,0.030000,
-6.066089,24.102125,85.552340,-10.727849,32.930767,118.125824,-6.064551,24.084082,85.552968,-5.106201,24.019274,86.443518,0.030000,
-6.066089,24.102125,85.552340,-10.728237,32.930232,118.128711,-6.067472,24.118356,85.551775,-5.106492,24.019344,86.443250,0.030000,
-6.066089,24.102125,85.552340,-10.728625,32.929697,118.131597,-6.064551,24.084082,85.552968,-5.106783,24.019413,86.442982,0.030000,
-6.066089,24.102125,85.552340,-10.729012,32.929163,118.134483,-6.067472,24.118356,85.551775,-5.107073,24.019483,86.442715,0.030000,
-6.066089,24.102125,85.552340,-10.729400,32.928629,118.137369,-6.064551,24.084082,85.552968,-5.107364,24.019553,86.442447,0.030000,
-6.066089,24.102125,85.552340,-10.729788,32.928095,118.140253,-6.067472,24.118356,85.551775,-5.107654,24.019623,86.442179,0.030000,
-6.066089,24.102125,85.552340,-10.730175,32.927560,118.143137,-6.064551,24.084082,85.552968,-5.107944,24.019692,86.441912,0.030000,
-6.066089,24.102125,85.552340,-10.730563,32.927026,118.146021,-6.067472,24.118356,85.551775,-5.108235,24.019762,86.441645,0.030000,
-6.066089,24.102125,85.552340,-10.730950,32.926493,118.148904,-6.064551,24.084082,85.552968,-5.108525,24.019832,86.441377,0.030000,
-6.066089,24.102125,85.552340,-10.731338,32.925959,118.151787,-6.067472,24.118356,85.551775,-5.108815,24.019901,86.441110,0.030000,
-6.066089,24.102125,85.552340,-10.731725,32.925425,118.154669,-6.064551,24.084082,85.552968,-5.109104,24.019971,86.440843,0.030000,
-6.066089,24.102125,85.552340,-10.732113,32.924891,118.157550,-6.067472,24.118356,85.551775,-5.109394,24.020040,86.440576,0.030000,
-6.066089,24.102125,85.552340,-10.732500,32.924358,118.160431,-6.064551,24.084082,85.552968,-5.109684,24.020110,86.440309,0.030000,
-6.066089,24.102125,85.552340,-10.732888,32.923824,118.163311,-6.067472,24.118356,85.551775,-5.109974,24.020179,86.440042,0.030000,
-6.066089,24.102125,85.552340,-10.733275,32.923291,118.166191,-6.064551,24.084082,85.552968,-5.110263,24.020248,86.439775,0.030000,
-6.066089,24.102125,85.552340,-10.733662,32.922758,118.169070,-6.067472,24.118356,85.551775,-5.110553,24.020318,86.439508,0.030000,
-6.066089,24.102125,85.552340,-10.734050,32.922225,118.171949,-6.064551,24.084082,85.552968,-5.110842,24.020387,86.439241,0.030000,
-6.066089,24.102125,85.552340,-10.734437,32.921691,118.174827,-6.067472,24.118356,85.551775,-5.111131,24.020456,86.438975,0.030000,
-6.066089,24.102125,85.552340,-10.734824,32.921158,118.177705,-6.064551,24.084082,85.552968,-5.111421,24.020525,86.438708,0.030000,
-6.066089,24.102125,85.552340,-10.735211,32.920626,118.180582,-6.067472,24.118356,85.551775,-5.111710,24.020594,86.438442,0.030000,
-6.066089,24.102125,85.552340,-10.735598,32.920093,118.183458,-6.064551,24.084082,85.552968,-5.111999,24.020663,86.438175,0.030000,
-6.066089,24.102125,85.552340,-10.735986,32.919560,118.186334,-6.067472,24.118356,85.551775,-5.112288,24.020732,86.437909,0.030000,
-6.066089,24.102125,85.552340,-10.736373,32.919027,118.189210,-6.064551,24.084082,85.552968,-5.112576,24.020801,86.437643,0.030000,
-6.066089,24.102125,85.552340,-10.736760,32.918495,118.192085,-6.067472,24.118356,85.551775,-5.112865,24.020870,86.437377,0.030000,
-6.066089,24.102125,85.552340,-10.737147,32.917963,118.194959,-6.064551,24.084082,85.552968,-5.113154,24.020939,86.437111,0.030000,
-6.066089,24.102125,85.552340,-10.737534,32.917430,118.197833,-6.067472,24.118356,85.551775,-5.113442,24.021008,86.436845,0.030000,
-6.066089,24.102125,85.552340,-10.737920,32.916898,118.200706,-6.064551,24.084082,85.552968,-5.113731,24.021076,86.436579,0.030000,
-6.066089,24.102125,85.552340,-10.738307,32.916366,118.203578,-6.067472,24.118356,85.551775,-5.114019,24.021145,86.436313,0.030000,
-6.066089,24.102125,85.552340,-10.738694,32.915834,118.206451,-6.064551,24.084082,85.552968,-5.114308,24.021214,86.436047,0.030000,
-6.066089,24.102125,85.552340,-10.739081,32.915302,118.209322,-6.067472,24.118356,85.551775,-5.114596,24.021282,86.435782,0.030000,
-6.066089,24.102125,85.552340,-10.739468,32.914770,118.212193,-6.064551,24.084082,85.552968,-5.114884,24.021351,86.435516,0.030000,
-6.066089,24.102125,85.552340,-10.739854,32.914238,118.215064,-6.067472,24.118356,85.551775,-5.115172,24.021419,86.435251,0.030000,
-6.066089,24.102125,85.552340,-10.740241,32.913707,118.217934,-6.064551,24.084082,85.552968,-5.115460,24.021488,86.434985,0.030000,
-6.066089,24.102125,85.552340,-10.740628,32.913175,118.220803,-6.067472,24.118356,85.551775,-5.115748,24.021556,86.434720,0.030000,
-6.066089,24.102125,85.552340,-10.741014,32.912643,118.223672,-6.064551,24.084082,85.552968,-5.116036,24.021624,86.434455,0.030000,
-6.066089,24.102125,85.552340,-10.741401,32.912112,118.226540,-6.067472,24.118356,85.551775,-5.116323,24.021693,86.434189,0.030000,
-6.066089,24.102125,85.552340,-10.741788,32.911581,118.229408,-6.064551,24.084082,85.552968,-5.116611,24.021761,86.433924,0.030000,
-6.066089,24.102125,85.552340,-10.742174,32.911050,118.232275,-6.067472,24.118356,85.551775,-5.116899,24.021829,86.433659,0.030000,
-6.066089,24.102125,85.552340,-10.742561,32.910518,118.235142,-6.064551,24.084082,85.552968,-5.117186,24.021897,86.433394,0.030000,
-6.066089,24.102125,85.552340,-10.742947,32.909987,118.238008,-6.067472,24.118356,85.551775,-5.117473,24.021966,86.433129,0.030000,
-6.066089,24.102125,85.552340,-10.743333,32.909457,118.240873,-6.064551,24.084082,85.552968,-5.117761,24.022034,86.432865,0.030000,
-6.066089,24.102125,85.552340,-10.743720,32.908926,118.243738,-6.067472,24.118356,85.551775,-5.118048,24.022102,86.432600,0.030000,
-6.066089,24.102125,85.552340,-10.744106,32.908395,118.246603,-6.064551,24.084082,85.552968,-5.118335,24.022170,86.432335,0.030000,
-6.066089,24.102125,85.552340,-10.744493,32.907864,118.249467,-6.067472,24.118356,85.551775,-5.118622,24.022238,86.432071,0.030000,
-6.066089,24.102125,85.552340,-10.744879,32.907334,118.252330,-6.064551,24.084082,85.552968,-5.118909,24.022305,86.431806,0.030000,
-6.066089,24.102125,85.552340,-10.745265,32.906803,118.255193,-6.067472,24.118356,85.551775,-5.119196,24.022373,86.431542,0.030000,
-6.066089,24.102125,85.552340,-10.745651,32.906273,118.258055,-6.064551,24.084082,85.552968,-5.119482,24.022441,86.431278,0.030000,
-6.066089,24.102125,85.552340,-10.746037,32.905743,118.260917,-6.067472,24.118356,85.551775,-5.119769,24.022509,86.431013,0.030000,
-6.066089,24.102125,85.552340,-10.746423,32.905213,118.263778,-6.064551,24.084082,85.552968,-5.120056,24.022577,86.430749,0.030000,
-6.066089,24.102125,85.552340,-10.746810,32.904682,118.266639,-6.067472,24.118356,85.551775,-5.120342,24.022644,86.430485,0.030000,
-6.066089,24.102125,85.552340,-10.747196,32.904152,118.269499,-6.064551,24.084082,85.552968,-5.120628,24.022712,86.430221,0.030000,
-6.066089,24.102125,85.552340,-10.747582,32.903623,118.272358,-6.067472,24.118356,85.551775,-5.120915,24.022779,86.429957,0.030000,
-6.066089,24.102125,85.552340,-10.747968,32.903093,118.275217,-6.064551,24.084082,85.552968,-5.121201,24.022847,86.429694,0.030000,
-6.066089,24.102125,85.552340,-10.748354,32.902563,118.278076,-6.067472,24.118356,85.551775,-5.121487,24.022914,86.429430,0.030000,
-6.066089,24.102125,85.552340,-10.748739,32.902033,118.280934,-6.064551,24.084082,85.552968,-5.121773,24.022982,86.429166,0.030000,
-6.066089,24.102125,85.552340,-10.749125,32.901504,118.283791,-6.067472,24.118356,85.551775,-5.122059,24.023049,86.428903,0.030000,
-6.066089,24.102125,85.552340,-10.749511,32.900975,118.286648,-6.064551,24.084082,85.552968,-5.122345,24.023116,86.428639,0.030000,
-6.066089,24.102125,85.552340,-10.749897,32.900445,118.289504,-6.067472,24.118356,85.551775,-5.122631,24.023184,86.428376,0.030000,
-6.066089,24.102125,85.552340,-10.750283,32.899916,118.292360,-6.064551,24.084082,85.552968,-5.122916,24.023251,86.428112,0.030000,
-6.066089,24.102125,85.552340,-10.750668,32.899387,118.295215,-6.067472,24.118356,85.551775,-5.123202,24.023318,86.427849,0.030000,
-6.066089,24.102125,85.552340,-10.751054,32.898858,118.298070,-6.064551,24.084082,85.552968,-5.123488,24.023385,86.427586,0.030000,
-6.066089,24.102125,85.552340,-10.751440,32.898329,118.300924,-6.067472,24.118356,85.551775,-5.123773,24.023452,86.427323,0.030000,
-6.066089,24.102125,85.552340,-10.751825,32.897800,118.303777,-6.064551,24.084082,85.552968,-5.124058,24.023519,86.427060,0.030000,
-6.066089,24.102125,85.552340,-10.752211,32.897271,118.306630,-6.067472,24.118356,85.551775,-5.124344,24.023587,86.426797,0.030000,
-6.066089,24.102125,85.552340,-10.752597,32.896742,118.309483,-6.064551,24.084082,85.552968,-5.124629,24.023653,86.426534,0.030000,
-6.066089,24.102125,85.552340,-10.752982,32.896214,118.312335,-6.067472,24.118356,85.551775,-5.124914,24.023720,86.426271,0.030000,
-6.066089,24.102125,85.552340,-10.753368,32.895685,118.315186,-6.064551,24.084082,85.552968,-5.125199,24.023787,86.426008,0.030000,
-6.066089,24.102125,85.552340,-10.753753,32.895157,118.318037,-6.067472,24.118356,85.551775,-5.125484,24.023854,86.425746,0.030000,
-6.066089,24.102125,85.552340,-10.754138,32.894629,118.320887,-6.064551,24.084082,85.552968,-5.125769,24.023921,86.425483,0.030000,
-6.066089,24.102125,85.552340,-10.754524,32.894100,118.323737,-6.067472,24.118356,85.551775,-5.126053,24.023988,86.425221,0.030000,
-6.066089,24.102125,85.552340,-10.754909,32.893572,118.326586,-6.064551,24.084082,85.552968,-5.126338,24.024054,86.424958,0.030000,
-6.066089,24.102125,85.552340,-10.755294,32.893044,118.329435,-6.067472,24.118356,85.551775,-5.126623,24.024121,86.424696,0.030000,
-6.066089,24.102125,85.552340,-10.755680,32.892516,118.332283,-6.064551,24.084082,85.552968,-5.126907,24.024187,86.424434,0.030000,
-6.066089,24.102125,85.552340,-10.756065,32.891989,118.335131,-6.067472,24.118356,85.551775,-5.127191,24.024254,86.424171,0.030000,
-6.066089,24.102125,85.552340,-10.756450,32.891461,118.337978,-6.064551,24.084082,85.552968,-5.127476,24.024321,86.423909,0.030000,
-6.066089,24.102125,85.552340,-10.756835,32.890933,118.340824,-6.067472,24.118356,85.551775,-5.127760,24.024387,86.423647,0.030000,
-6.066089,24.102125,85.552340,-10.757220,32.890406,118.343670,-6.064551,24.084082,85.552968,-5.128044,24.024453,86.423385,0.030000,
-6.066089,24.102125,85.552340,-10.757605,32.889878,118.346516,-6.067472,24.118356,85.551775,-5.128328,24.024520,86.423124,0.030000,
-6.066089,24.102125,85.552340,-10.757990,32.889351,118.349360,-6.064551,24.084082,85.552968,-5.128612,24.024586,86.422862,0.030000,
-6.066089,24.102125,85.552340,-10.758375,32.888823,118.352205,-6.067472,24.118356,85.551775,-5.128896,24.024652,86.422600,0.030000,
-6.066089,24.102125,85.552340,-10.758760,32.888296,118.355049,-6.064551,24.084082,85.552968,-5.129180,24.024719,86.422338,0.030000,
-6.066089,24.102125,85.552340,-10.759145,32.887769,118.357892,-6.067472,24.118356,85.551775,-5.129463,24.024785,86.422077,0.030000,
-6.066089,24.102125,85.552340,-10.759530,32.887242,118.360734,-6.064551,24.084082,85.552968,-5.129747,24.024851,86.421815,0.030000,
-6.066089,24.102125,85.552340,-10.759915,32.886715,118.363577,-6.067472,24.118356,85.551775,-5.130031,24.024917,86.421554,0.030000,
-6.066089,24.102125,85.552340,-10.760300,32.886188,118.366418,-6.064551,24.084082,85.552968,-5.130314,24.024983,86.421293,0.030000,
-6.066089,24.102125,85.552340,-10.760685,32.885662,118.369259,-6.067472,24.118356,85.551775,-5.130597,24.025049,86.421032,0.030000,
-6.066089,24.102125,85.552340,-10.761069,32.885135,118.372100,-6.064551,24.084082,85.552968,-5.130881,24.025115,86.420770,0.030000,
-6.066089,24.102125,85.552340,-10.761454,32.884608,118.374940,-6.067472,24.118356,85.551775,-5.131164,24.025181,86.420509,0.030000,
-6.066089,24.102125,85.552340,-10.761839,32.884082,118.377779,-6.064551,24.084082,85.552968,-5.131447,24.025247,86.420248,0.030000,
-6.066089,24.102125,85.552340,-10.762223,32.883556,118.380618,-6.067472,24.118356,85.551775,-5.131730,24.025313,86.419987,0.030000,
-6.066089,24.102125,85.552340,-10.762608,32.883029,118.383456,-6.064551,24.084082,85.552968,-5.132013,24.025378,86.419727,0.030000,
-6.066089,24.102125,85.552340,-10.762992,32.882503,118.386294,-6.067472,24.118356,85.551775,-5.132296,24.025444,86.419466,0.030000,
-6.066089,24.102125,85.552340,-10.763377,32.881977,118.389132,-6.064551,24.084082,85.552968,-5.132578,24.025510,86.419205,0.030000,
-6.066089,24.102125,85.552340,-10.763761,32.881451,118.391968,-6.067472,24.118356,85.551775,-5.132861,24.025575,86.418945,0.030000,
-6.066089,24.102125,85.552340,-10.764146,32.880925,118.394804,-6.064551,24.084082,85.552968,-5.133144,24.025641,86.418684,0.030000,
-6.066089,24.102125,85.552340,-10.764530,32.880400,118.397640,-6.067472,24.118356,85.551775,-5.133426,24.025707,86.418424,0.030000,
-6.066089,24.102125,85.552340,-10.764915,32.879874,118.400475,-6.064551,24.084082,85.552968,-5.133709,24.025772,86.418163,0.030000,
-6.066089,24.102125,85.552340,-10.765299,32.879348,118.403310,-6.067472,24.118356,85.551775,-5.133991,24.025837,86.417903,0.030000,
-6.066089,24.102125,85.552340,-10.765683,32.878823,118.406144,-6.064551,24.084082,85.552968,-5.134273,24.025903,86.417643,0.030000,
-6.066089,24.102125,85.552340,-10.766068,32.878297,118.408977,-6.067472,24.118356,85.551775,-5.134555,24.025968,86.417383,0.030000,
-6.066089,24.102125,85.552340,-10.766452,32.877772,118.411810,-6.064551,24.084082,85.552968,-5.134837,24.026034,86.417123,0.030000,
-6.066089,24.102125,85.552340,-10.766836,32.877247,118.414643,-6.067472,24.118356,85.551775,-5.135119,24.026099,86.416863,0.030000,
-6.066089,24.102125,85.552340,-10.767220,32.876722,118.417475,-6.064551,24.084082,85.552968,-5.135401,24.026164,86.416603,0.030000,
-6.066089,24.102125,85.552340,-10.767604,32.876196,118.420306,-6.067472,24.118356,85.551775,-5.135683,24.026229,86.416343,0.030000,
-6.066089,24.102125,85.552340,-10.767988,32.875672,118.423137,-6.064551,24.084082,85.552968,-5.135965,24.026294,86.416083,0.030000,
-6.066089,24.102125,85.552340,-10.768372,32.875147,118.425967,-6.067472,24.118356,85.551775,-5.136246,24.026359,86.415823,0.030000,
-6.066089,24.102125,85.552340,-10.768757,32.874622,118.428797,-6.064551,24.084082,85.552968,-5.136528,24.026425,86.415564,0.030000,
-6.066089,24.102125,85.552340,-10.769140,32.874097,118.431626,-6.067472,24.118356,85.551775,-5.136809,24.026490,86.415304,0.030000,
-6.066089,24.102125,85.552340,-10.769524,32.873573,118.434454,-6.064551,24.084082,85.552968,-5.137091,24.026555,86.415045,0.030000,
-6.066089,24.102125,85.552340,-10.769908,32.873048,118.437283,-6.067472,24.118356,85.551775,-5.137372,24.026619,86.414786,0.030000,
-6.066089,24.102125,85.552340,-10.770292,32.872524,118.440110,-6.064551,24.084082,85.552968,-5.137653,24.026684,86.414526,0.030000,
-6.066089,24.102125,85.552340,-10.770676,32.871999,118.442937,-6.067472,24.118356,85.551775,-5.137934,24.026749,86.414267,0.030000,
-6.066089,24.102125,85.552340,-10.771060,32.871475,118.445764,-6.064551,24.084082,85.552968,-5.138215,24.026814,86.414008,0.030000,
-6.066089,24.102125,85.552340,-10.771444,32.870951,118.448589,-6.067472,24.118356,85.551775,-5.138496,24.026879,86.413749,0.030000,
-6.066089,24.102125,85.552340,-10.771827,32.870427,118.451415,-6.064551,24.084082,85.552968,-5.138777,24.026943,86.413490,0.030000,
-6.066089,24.102125,85.552340,-10.772211,32.869903,118.454240,-6.067472,24.118356,85.551775,-5.139058,24.027008,86.413231,0.030000,
-6.066089,24.102125,85.552340,-10.772595,32.869379,118.457064,-6.064551,24.084082,85.552968,-5.139339,24.027073,86.412972,0.030000,
-6.066089,24.102125,85.552340,-10.772978,32.868855,118.459888,-6.067472,24.118356,85.551775,-5.139619,24.027137,86.412714,0.030000,
-6.066089,24.102125,85.552340,-10.773362,32.868332,118.462711,-6.064551,24.084082,85.552968,-5.139900,24.027202,86.412455,0.030000,
-6.066089,24.102125,85.552340,-10.773745,32.867808,118.465534,-6.067472,24.118356,85.551775,-5.140180,24.027266,86.412196,0.030000,
-6.066089,24.102125,85.552340,-10.774129,32.867285,118.468356,-6.064551,24.084082,85.552968,-5.140461,24.027331,86.411938,0.030000,
-6.066089,24.102125,85.552340,-10.774512,32.866761,118.471177,-6.067472,24.118356,85.551775,-5.140741,24.027395,86.411679,0.030000,
-6.066089,24.102125,85.552340,-10.774896,32.866238,118.473999,-6.064551,24.084082,85.552968,-5.141021,24.027459,86.411421,0.030000,
-6.066089,24.102125,85.552340,-10.775279,32.865715,118.476819,-6.067472,24.118356,85.551775,-5.141301,24.027524,86.411163,0.030000,
-6.066089,24.102125,85.552340,-10.775662,32.865192,118.479639,-6.064551,24.084082,85.552968,-5.141581,24.027588,86.410905,0.030000,
-6.066089,24.102125,85.552340,-10.776046,32.864669,118.482459,-6.067472,24.118356,85.551775,-5.141861,24.027652,86.410646,0.030000,
-6.066089,24.102125,85.552340,-10.776429,32.864146,118.485277,-6.064551,24.084082,85.552968,-5.142141,24.027716,86.410388,0.030000,
-6.066089,24.102125,85.552340,-10.776812,32.863623,118.488096,-6.067472,24.118356,85.551775,-5.142421,24.027780,86.410130,0.030000,
-6.066089,24.102125,85.552340,-10.777195,32.863100,118.490914,-6.064551,24.084082,85.552968,-5.142700,24.027844,86.409873,0.030000,
-6.066089,24.102125,85.552340,-10.777579,32.862578,118.493731,-6.067472,24.118356,85.551775,-5.142980,24.027908,86.409615,0.030000,
-6.066089,24.102125,85.552340,-10.777962,32.862055,118.496548,-6.064551,24.084082,85.552968,-5.143259,24.027972,86.409357,0.030000,
-6.066089,24.102125,85.552340,-10.778345,32.861533,118.499364,-6.067472,24.118356,85.551775,-5.143539,24.028036,86.409099,0.030000,
-6.066089,24.102125,85.552340,-10.778728,32.861010,118.502180,-6.064551,24.084082,85.552968,-5.143818,24.028100,86.408842,0.030000,
-6.066089,24.102125,85.552340,-10.779111,32.860488,118.504995,-6.067472,24.118356,85.551775,-5.144097,24.028164,86.408584,0.030000,
-6.066089,24.102125,85.552340,-10.779494,32.859966,118.507809,-6.064551,24.084082,85.552968,-5.144377,24.028228,86.408327,0.030000,
-6.066089,24.102125,85.552340,-10.779877,32.859444,118.510624,-6.067472,24.118356,85.551775,-5.144656,24.028292,86.408070,0.030000,
-6.066089,24.102125,85.552340,-10.780260,32.858922,118.513437,-6.064551,24.084082,85.552968,-5.144935,24.028355,86.407812,0.030000,
-6.066089,24.102125,85.552340,-10.780643,32.858400,118.516250,-6.067472,24.118356,85.551775,-5.145213,24.028419,86.407555,0.030000,
-6.066089,24.102125,85.552340,-10.781025,32.857878,118.519063,-6.064551,24.084082,85.552968,-5.145492,24.028483,86.407298,0.030000,
-6.066089,24.102125,85.552340,-10.781408,32.857356,118.521875,-6.067472,24.118356,85.551775,-5.145771,24.028546,86.407041,0.030000,
-6.066089,24.102125,85.552340,-10.781791,32.856835,118.524686,-6.064551,24.084082,85.552968,-5.146050,24.028610,86.406784,0.030000,
-6.066089,24.102125,85.552340,-10.782174,32.856313,118.527497,-6.067472,24.118356,85.551775,-5.146328,24.028673,86.406527,0.030000,
-6.066089,24.102125,85.552340,-10.782556,32.855792,118.530307,-6.064551,24.084082,85.552968,-5.146607,24.028737,86.406270,0.030000,
-6.066089,24.102125,85.552340,-10.782939,32.855270,118.533117,-6.067472,24.118356,85.551775,-5.146885,24.028800,86.406014,0.030000,
-6.066089,24.102125,85.552340,-10.783322,32.854749,118.535926,-6.064551,24.084082,85.552968,-5.147163,24.028863,86.405757,0.030000,
-6.066089,24.102125,85.552340,-10.783704,32.854228,118.538735,-6.067472,24.118356,85.551775,-5.147442,24.028927,86.405501,0.030000,
-6.066089,24.102125,85.552340,-10.784087,32.853707,118.541543,-6.064551,24.084082,85.552968,-5.147720,24.028990,86.405244,0.030000,
-6.066089,24.102125,85.552340,-10.784469,32.853186,118.544351,-6.067472,24.118356,85.551775,-5.147998,24.029053,86.404988,0.030000,
-6.066089,24.102125,85.552340,-10.784852,32.852665,118.547158,-6.064551,24.084082,85.552968,-5.148276,24.029116,86.404731,0.030000,
-6.066089,24.102125,85.552340,-10.785234,32.852144,118.549964,-6.067472,24.118356,85.551775,-5.148554,24.029180,86.404475,0.030000,
-6.066089,24.102125,85.552340,-10.785617,32.851623,118.552770,-6.064551,24.084082,85.552968,-5.148831,24.029243,86.404219,0.030000,
-6.066089,24.102125,85.552340,-10.785999,32.851103,118.555576,-6.067472,24.118356,85.551775,-5.149109,24.029306,86.403963,0.030000,
-6.066089,24.102125,85.552340,-10.786381,32.850582,118.558381,-6.064551,24.084082,85.552968,-5.149387,24.029369,86.403707,0.030000,
-6.066089,24.102125,85.552340,-10.786764,32.850062,118.561185,-6.067472,24.118356,85.551775,-5.149664,24.029432,86.403451,0.030000,
-6.066089,24.102125,85.552340,-10.787146,32.849541,118.563989,-6.064551,24.084082,85.552968,-5.149942,24.029495,86.403195,0.030000,
-6.066089,24.102125,85.552340,-10.787528,32.849021,118.566793,-6.067472,24.118356,85.551775,-5.150219,24.029557,86.402939,0.030000,
-6.066089,24.102125,85.552340,-10.787910,32.848501,118.569595,-6.064551,24.084082,85.552968,-5.150497,24.029620,86.402683,0.030000,
-6.066089,24.102125,85.552340,-10.788292,32.847981,118.572398,-6.067472,24.118356,85.551775,-5.150774,24.029683,86.402428,0.030000,
-6.066089,24.102125,85.552340,-10.788674,32.847461,118.575199,-6.064551,24.084082,85.552968,-5.151051,24.029746,86.402172,0.030000,
-6.066089,24.102125,85.552340,-10.789056,32.846941,118.578001,-6.067472,24.118356,85.551775,-5.151328,24.029809,86.401917,0.030000,
-6.066089,24.102125,85.552340,-10.789438,32.846421,118.580801,-6.064551,24.084082,85.552968,-5.151605,24.029871,86.401661,0.030000,
-6.066089,24.102125,85.552340,-10.789820,32.845902,118.583601,-6.067472,24.118356,85.551775,-5.151882,24.029934,86.401406,0.030000,
-6.066089,24.102125,85.552340,-10.790202,32.845382,118.586401,-6.064551,24.084082,85.552968,-5.152158,24.029996,86.401151,0.030000,
-6.066089,24.102125,85.552340,-10.790584,32.844862,118.589200,-6.067472,24.118356,85.551775,-5.152435,24.030059,86.400896,0.030000,
-6.066089,24.102125,85.552340,-10.790966,32.844343,118.591999,-6.064551,24.084082,85.552968,-5.152712,24.030121,86.400640,0.030000,
-6.066089,24.102125,85.552340,-10.791348,32.843824,118.594797,-6.067472,24.118356,85.551775,-5.152988,24.030184,86.400385,0.030000,
-6.066089,24.102125,85.552340,-10.791730,32.843304,118.597594,-6.064551,24.084082,85.552968,-5.153265,24.030246,86.400130,0.030000,
-6.066089,24.102125,85.552340,-10.792111,32.842785,118.600391,-6.067472,24.118356,85.551775,-5.153541,24.030309,86.399876,0.030000,
-6.066089,24.102125,85.552340,-10.792493,32.842266,118.603187,-6.064551,24.084082,85.552968,-5.153817,24.030371,86.399621,0.030000,
-6.066089,24.102125,85.552340,-10.792875,32.841747,118.605983,-6.067472,24.118356,85.551775,-5.154094,24.030433,86.399366,0.030000,
-6.066089,24.102125,85.552340,-10.793257,32.841228,118.608779,-6.064551,24.084082,85.552968,-5.154370,24.030495,86.399111,0.030000,
-6.066089,24.102125,85.552340,-10.793638,32.840710,118.611573,-6.067472,24.118356,85.551775,-5.154646,24.030558,86.398857,0.030000,
-6.066089,24.102125,85.552340,-10.794020,32.840191,118.614368,-6.064551,24.084082,85.552968,-5.154922,24.030620,86.398602,0.030000,
-6.066089,24.102125,85.552340,-10.794401,32.839672,118.617161,-6.067472,24.118356,85.551775,-5.155198,24.030682,86.398348,0.030000,
-6.066089,24.102125,85.552340,-10.794783,32.839154,118.619955,-6.064551,24.084082,85.552968,-5.155473,24.030744,86.398094,0.030000,
-6.066089,24.102125,85.552340,-10.795164,32.838635,118.622747,-6.067472,24.118356,85.551775,-5.155749,24.030806,86.397839,0.030000,
-6.066089,24.102125,85.552340,-10.795546,32.838117,118.625539,-6.064551,24.084082,85.552968,-5.156025,24.030868,86.397585,0.030000,
-6.066089,24.102125,85.552340,-10.795927,32.837599,118.628331,-6.067472,24.118356,85.551775,-5.156300,24.030930,86.397331,0.030000,
-6.066089,24.102125,85.552340,-10.796308,32.837081,118.631122,-6.064551,24.084082,85.552968,-5.156576,24.030992,86.397077,0.030000,
-6.066089,24.102125,85.552340,-10.796690,32.836563,118.633913,-6.067472,24.118356,85.551775,-5.156851,24.031054,86.396823,0.030000,
-6.066089,24.102125,85.552340,-10.797071,32.836045,118.636703,-6.064551,24.084082,85.552968,-5.157126,24.031115,86.396569,0.030000,
-6.066089,24.102125,85.552340,-10.797452,32.835527,118.639492,-6.067472,24.118356,85.551775,-5.157401,24.031177,86.396315,0.030000,
-6.066089,24.102125,85.552340,-10.797833,32.835009,118.642281,-6.064551,24.084082,85.552968,-5.157677,24.031239,86.396062,0.030000,
-6.066089,24.102125,85.552340,-10.798215,32.834492,118.645069,-6.067472,24.118356,85.551775,-5.157952,24.031301,86.395808,0.030000,
-6.066089,24.102125,85.552340,-10.798596,32.833974,118.647857,-6.064551,24.084082,85.552968,-5.158226,24.031362,86.395554,0.030000,
-6.066089,24.102125,85.552340,-10.798977,32.833456,118.650645,-6.067472,24.118356,85.551775,-5.158501,24.031424,86.395301,0.030000,
-6.066089,24.102125,85.552340,-10.799358,32.832939,118.653431,-6.064551,24.084082,85.552968,-5.158776,24.031485,86.395047,0.030000,
-6.066089,24.102125,85.552340,-10.799739,32.832422,118.656218,-6.067472,24.118356,85.551775,-5.159051,24.031547,86.394794,0.030000,
-6.066089,24.102125,85.552340,-10.800120,32.831905,118.659003,-6.064551,24.084082,85.552968,-5.159325,24.031608,86.394541,0.030000,
-6.066089,24.102125,85.552340,-10.800501,32.831387,118.661789,-6.067472,24.118356,85.551775,-5.159600,24.031670,86.394288,0.030000,
-6.066089,24.102125,85.552340,-10.800882,32.830870,118.664573,-6.064551,24.084082,85.552968,-5.159874,24.031731,86.394035,0.030000,
-6.066089,24.102125,85.552340,-10.801262,32.830353,118.667357,-6.067472,24.118356,85.551775,-5.160149,24.031792,86.393781,0.030000,
-6.066089,24.102125,85.552340,-10.801643,32.829837,118.670141,-6.064551,24.084082,85.552968,-5.160423,24.031854,86.393529,0.030000,
-6.066089,24.102125,85.552340,-10.802024,32.829320,118.672924,-6.067472,24.118356,85.551775,-5.160697,24.031915,86.393276,0.030000,
-6.066089,24.102125,85.552340,-10.802405,32.828803,118.675707,-6.064551,24.084082,85.552968,-5.160971,24.031976,86.393023,0.030000,
-6.066089,24.102125,85.552340,-10.802786,32.828287,118.678489,-6.067472,24.118356,85.551775,-5.161245,24.032037,86.392770,0.030000,
-6.066089,24.102125,85.552340,-10.803166,32.827770,118.681270,-6.064551,24.084082,85.552968,-5.161519,24.032098,86.392517,0.030000,
-6.066089,24.102125,85.552340,-10.803547,32.827254,118.684051,-6.067472,24.118356,85.551775,-5.161793,24.032160,86.392265,0.030000,
-6.066089,24.102125,85.552340,-10.803927,32.826737,118.686832,-6.064551,24.084082,85.552968,-5.162067,24.032221,86.392012,0.030000,
-6.066089,24.102125,85.552340,-10.804308,32.826221,118.689611,-6.067472,24.118356,85.551775,-5.162341,24.032282,86.391760,0.030000,
-6.066089,24.102125,85.552340,-10.804688,32.825705,118.692391,-6.064551,24.084082,85.552968,-5.162614,24.032343,86.391507,0.030000,
-6.066089,24.102125,85.552340,-10.805069,32.825189,118.695170,-6.067472,24.118356,85.551775,-5.162888,24.032403,86.391255,0.030000,
-6.066089,24.102125,85.552340,-10.805449,32.824673,118.697948,-6.064551,24.084082,85.552968,-5.163161,24.032464,86.391003,0.030000,
-6.066089,24.102125,85.552340,-10.805830,32.824157,118.700726,-6.067472,24.118356,85.551775,-5.163434,24.032525,86.390751,0.030000,
-6.066089,24.102125,85.552340,-10.806210,32.823642,118.703503,-6.064551,24.084082,85.552968,-5.163708,24.032586,86.390499,0.030000,
-6.066089,24.102125,85.552340,-10.806591,32.823126,118.706280,-6.067472,24.118356,85.551775,-5.163981,24.032647,86.390247,0.030000,
-6.066089,24.102125,85.552340,-10.806971,32.822610,118.709056,-6.064551,24.084082,85.552968,-5.164254,24.032707,86.389995,0.030000,
-6.066089,24.102125,85.552340,-10.807351,32.822095,118.711831,-6.067472,24.118356,85.551775,-5.164527,24.032768,86.389743,0.030000,
-6.066089,24.102125,85.552340,-10.807731,32.821579,118.714607,-6.064551,24.084082,85.552968,-5.164800,24.032829,86.389491,0.030000,
-6.066089,24.102125,85.552340,-10.808111,32.821064,118.717381,-6.067472,24.118356,85.551775,-5.165073,24.032889,86.389240,0.030000,
-6.066089,24.102125,85.552340,-10.808492,32.820549,118.720155,-6.064551,24.084082,85.552968,-5.165346,24.032950,86.388988,0.030000,
-6.066089,24.102125,85.552340,-10.808872,32.820034,118.722929,-6.067472,24.118356,85.551775,-5.165618,24.033010,86.388737,0.030000,
-6.066089,24.102125,85.552340,-10.809252,32.819519,118.725702,-6.064551,24.084082,85.552968,-5.165891,24.033071,86.388485,0.030000,
-6.066089,24.102125,85.552340,-10.809632,32.819004,118.728474,-6.067472,24.118356,85.551775,-5.166163,24.033131,86.388234,0.030000,
-6.066089,24.102125,85.552340,-10.810012,32.818489,118.731246,-6.064551,24.084082,85.552968,-5.166436,24.033191,86.387982,0.030000,
-6.066089,24.102125,85.552340,-10.810392,32.817974,118.734017,-6.067472,24.118356,85.551775,-5.166708,24.033252,86.387731,0.030000,
-6.066089,24.102125,85.552340,-10.810772,32.817460,118.736788,-6.064551,24.084082,85.552968,-5.166980,24.033312,86.387480,0.030000,
-6.066089,24.102125,85.552340,-10.811152,32.816945,118.739559,-6.067472,24.118356,85.551775,-5.167253,24.033372,86.387229,0.030000,
-6.066089,24.102125,85.552340,-10.811531,32.816431,118.742328,-6.064551,24.084082,85.552968,-5.167525,24.033432,86.386978,0.030000,
-6.066089,24.102125,85.552340,-10.811911,32.815916,118.745098,-6.067472,24.118356,85.551775,-5.167797,24.033493,86.386727,0.030000,
-6.066089,24.102125,85.552340,-10.812291,32.815402,118.747866,-6.064551,24.084082,85.552968,-5.168069,24.033553,86.386476,0.030000,
-6.066089,24.102125,85.552340,-10.812671,32.814888,118.750635,-6.067472,24.118356,85.551775,-5.168341,24.033613,86.386225,0.030000,
-6.066089,24.102125,85.552340,-10.813050,32.814374,118.753402,-6.064551,24.084082,85.552968,-5.168612,24.033673,86.385975,0.030000,
-6.066089,24.102125,85.552340,-10.813430,32.813860,118.756170,-6.067472,24.118356,85.551775,-5.168884,24.033733,86.385724,0.030000,
-6.066089,24.102125,85.552340,-10.813810,32.813346,118.758936,-6.064551,24.084082,85.552968,-5.169156,24.033793,86.385473,0.030000,
-6.066089,24.102125,85.552340,-10.814189,32.812832,118.761702,-6.067472,24.118356,85.551775,-5.169427,24.033853,86.385223,0.030000,
-6.066089,24.102125,85.552340,-10.814569,32.812318,118.764468,-6.064551,24.084082,85.552968,-5.169699,24.033912,86.384973,0.030000,
-6.066089,24.102125,85.552340,-10.814948,32.811804,118.767233,-6.067472,24.118356,85.551775,-5.169970,24.033972,86.384722,0.030000,
-6.066089,24.102125,85.552340,-10.815328,32.811291,118.769997,-6.064551,24.084082,85.552968,-5.170241,24.034032,86.384472,0.030000,
-6.066089,24.102125,85.552340,-10.815707,32.810777,118.772761,-6.067472,24.118356,85.551775,-5.170512,24.034092,86.384222,0.030000,
-6.066089,24.102125,85.552340,-10.816087,32.810264,118.775525,-6.064551,24.084082,85.552968,-5.170784,24.034151,86.383972,0.030000,
-6.066089,24.102125,85.552340,-10.816466,32.809751,118.778288,-6.067472,24.118356,85.551775,-5.171055,24.034211,86.383722,0.030000,
-6.066089,24.102125,85.552340,-10.816845,32.809238,118.781050,-6.064551,24.084082,85.552968,-5.171326,24.034271,86.383472,0.030000,
-6.066089,24.102125,85.552340,-10.817225,32.808724,118.783812,-6.067472,24.118356,85.551775,-5.171596,24.034330,86.383222,0.030000,
-6.066089,24.102125,85.552340,-10.817604,32.808211,118.786573,-6.064551,24.084082,85.552968,-5.171867,24.034390,86.382972,0.030000,
-6.066089,24.102125,85.552340,-10.817983,32.807699,118.789334,-6.067472,24.118356,85.551775,-5.172138,24.034449,86.382722,0.030000,
-6.066089,24.102125,85.552340,-10.818362,32.807186,118.792094,-6.064551,24.084082,85.552968,-5.172408,24.034509,86.382473,0.030000,
-6.066089,24.102125,85.552340,-10.818741,32.806673,118.794854,-6.067472,24.118356,85.551775,-5.172679,24.034568,86.382223,0.030000,
-6.066089,24.102125,85.552340,-10.819120,32.806160,118.797613,-6.064551,24.084082,85.552968,-5.172949,24.034628,86.381974,0.030000,
-6.066089,24.102125,85.552340,-10.819499,32.805648,118.800372,-6.067472,24.118356,85.551775,-5.173220,24.034687,86.381724,0.030000,
-6.066089,24.102125,85.552340,-10.819878,32.805135,118.803130,-6.064551,24.084082,85.552968,-5.173490,24.034746,86.381475,0.030000,
-6.066089,24.102125,85.552340,-10.820257,32.804623,118.805888,-6.067472,24.118356,85.551775,-5.173760,24.034805,86.381226,0.030000,
-6.066089,24.102125,85.552340,-10.820636,32.804111,118.808645,-6.064551,24.084082,85.552968,-5.174030,24.034865,86.380976,0.030000,
-6.066089,24.102125,85.552340,-10.821015,32.803598,118.811402,-6.067472,24.118356,85.551775,-5.174300,24.034924,86.380727,0.030000,
-6.066089,24.102125,85.552340,-10.821394,32.803086,118.814158,-6.064551,24.084082,85.552968,-5.174570,24.034983,86.380478,0.030000,
-6.066089,24.102125,85.552340,-10.821773,32.802574,118.816913,-6.067472,24.118356,85.551775,-5.174840,24.035042,86.380229,0.030000,
-6.066089,24.102125,85.552340,-10.822152,32.802062,118.819668,-6.064551,24.084082,85.552968,-5.175110,24.035101,86.379980,0.030000,
-6.066089,24.102125,85.552340,-10.822530,32.801551,118.822423,-6.067472,24.118356,85.551775,-5.175380,24.035160,86.379732,0.030000,
-6.066089,24.102125,85.552340,-10.822909,32.801039,118.825177,-6.064551,24.084082,85.552968,-5.175649,24.035219,86.379483,0.030000,
-6.066089,24.102125,85.552340,-10.823288,32.800527,118.827930,-6.067472,24.118356,85.551775,-5.175919,24.035278,86.379234,0.030000,
-6.066089,24.102125,85.552340,-10.823666,32.800016,118.830683,-6.064551,24.084082,85.552968,-5.176188,24.035337,86.378986,0.030000,
-6.066089,24.102125,85.552340,-10.824045,32.799504,118.833436,-6.067472,24.118356,85.551775,-5.176458,24.035395,86.378737,0.030000,
-6.066089,24.102125,85.552340,-10.824424,32.798993,118.836187,-6.064551,24.084082,85.552968,-5.176727,24.035454,86.378489,0.030000,
-6.066089,24.102125,85.552340,-10.824802,32.798482,118.838939,-6.067472,24.118356,85.551775,-5.176996,24.035513,86.378240,0.030000,
-6.066089,24.102125,85.552340,-10.825181,32.797970,118.841689,-6.064551,24.084082,85.552968,-5.177266,24.035572,86.377992,0.030000,
-6.066089,24.102125,85.552340,-10.825559,32.797459,118.844440,-6.067472,24.118356,85.551775,-5.177535,24.035630,86.377744,0.030000,
-6.066089,24.102125,85.552340,-10.825937,32.796948,118.847190,-6.064551,24.084082,85.552968,-5.177804,24.035689,86.377495,0.030000,
-6.066089,24.102125,85.552340,-10.826316,32.796437,118.849939,-6.067472,24.118356,85.551775,-5.178072,24.035748,86.377247,0.030000,
-6.066089,24.102125,85.552340,-10.826694,32.795926,118.852687,-6.064551,24.084082,85.552968,-5.178341,24.035806,86.376999,0.030000,
-6.066089,24.102125,85.552340,-10.827072,32.795416,118.855436,-6.067472,24.118356,85.551775,-5.178610,24.035865,86.376751,0.030000,
-6.066089,24.102125,85.552340,-10.827451,32.794905,118.858183,-6.064551,24.084082,85.552968,-5.178879,24.035923,86.376504,0.030000,
-6.066089,24.102125,85.552340,-10.827829,32.794395,118.860930,-6.067472,24.118356,85.551775,-5.179147,24.035982,86.376256,0.030000,
-6.066089,24.102125,85.552340,-10.828207,32.793884,118.863677,-6.064551,24.084082,85.552968,-5.179416,24.036040,86.376008,0.030000,
-6.066089,24.102125,85.552340,-10.828585,32.793374,118.866423,-6.067472,24.118356,85.551775,-5.179684,24.036098,86.375761,0.030000,
-6.066089,24.102125,85.552340,-10.828963,32.792863,118.869169,-6.064551,24.084082,85.552968,-5.179952,24.036157,86.375513,0.030000,
-6.066089,24.102125,85.552340,-10.829341,32.792353,118.871914,-6.067472,24.118356,85.551775,-5.180221,24.036215,86.375265,0.030000,
-6.066089,24.102125,85.552340,-10.829719,32.791843,118.874658,-6.064551,24.084082,85.552968,-5.180489,24.036273,86.375018,0.030000,
-6.066089,24.102125,85.552340,-10.830097,32.791333,118.877402,-6.067472,24.118356,85.551775,-5.180757,24.036331,86.374771,0.030000,
-6.066089,24.102125,85.552340,-10.830475,32.790823,118.880145,-6.064551,24.084082,85.552968,-5.181025,24.036389,86.374523,0.030000,
-6.066089,24.102125,85.552340,-10.830853,32.790313,118.882888,-6.067472,24.118356,85.551775,-5.181293,24.036447,86.374276,0.030000,
-6.066089,24.102125,85.552340,-10.831231,32.789804,118.885631,-6.064551,24.084082,85.552968,-5.181561,24.036505,86.374029,0.030000,
-6.066089,24.102125,85.552340,-10.831609,32.789294,118.888373,-6.067472,24.118356,85.551775,-5.181828,24.036563,86.373782,0.030000,
-6.066089,24.102125,85.552340,-10.831987,32.788784,118.891114,-6.064551,24.084082,85.552968,-5.182096,24.036621,86.373535,0.030000,
-6.066089,24.102125,85.552340,-10.832365,32.788275,118.893855,-6.067472,24.118356,85.551775,-5.182364,24.036679,86.373288,0.030000,
-6.066089,24.102125,85.552340,-10.832742,32.787766,118.896595,-6.064551,24.084082,85.552968,-5.182631,24.036737,86.373041,0.030000,
-6.066089,24.102125,85.552340,-10.833120,32.787256,118.899335,-6.067472,24.118356,85.551775,-5.182899,24.036795,86.372795,0.030000,
-6.066089,24.102125,85.552340,-10.833498,32.786747,118.902074,-6.064551,24.084082,85.552968,-5.183166,24.036853,86.372548,0.030000,
-6.066089,24.102125,85.552340,-10.833875,32.786238,118.904813,-6.067472,24.118356,85.551775,-5.183433,24.036911,86.372301,0.030000,
-6.066089,24.102125,85.552340,-10.834253,32.785729,118.907551,-6.064551,24.084082,85.552968,-5.183700,24.036968,86.372055,0.030000,
-6.066089,24.102125,85.552340,-10.834630,32.785220,118.910289,-6.067472,24.118356,85.551775,-5.183967,24.037026,86.371808,0.030000,
-6.066089,24.102125,85.552340,-10.835008,32.784711,118.913026,-6.064551,24.084082,85.552968,-5.184234,24.037084,86.371562,0.030000,
-6.066089,24.102125,85.552340,-10.835385,32.784202,118.915762,-6.067472,24.118356,85.551775,-5.184501,24.037141,86.371316,0.030000,
-6.066089,24.102125,85.552340,-10.835763,32.783694,118.918499,-6.064551,24.084082,85.552968,-5.184768,24.037199,86.371070,0.030000,
-6.066089,24.102125,85.552340,-10.836140,32.783185,118.921234,-6.067472,24.118356,85.551775,-5.185035,24.037257,86.370823,0.030000,
-6.066089,24.102125,85.552340,-10.836517,32.782677,118.923969,-6.064551,24.084082,85.552968,-5.185302,24.037314,86.370577,0.030000,
-6.066089,24.102125,85.552340,-10.836895,32.782168,118.926704,-6.067472,24.118356,85.551775,-5.185568,24.037371,86.370331,0.030000,
-6.066089,24.102125,85.552340,-10.837272,32.781660,118.929438,-6.064551,24.084082,85.552968,-5.185835,24.037429,86.370085,0.030000,
-6.066089,24.102125,85.552340,-10.837649,32.781152,118.932171,-6.067472,24.118356,85.551775,-5.186101,24.037486,86.369840,0.030000,
-6.066089,24.102125,85.552340,-10.838026,32.780644,118.934904,-6.064551,24.084082,85.552968,-5.186368,24.037544,86.369594,0.030000,
-6.066089,24.102125,85.552340,-10.838403,32.780136,118.937637,-6.067472,24.118356,85.551775,-5.186634,24.037601,86.369348,0.030000,
-6.066089,24.102125,85.552340,-10.838781,32.779628,118.940369,-6.064551,24.084082,85.552968,-5.186900,24.037658,86.369102,0.030000,
-6.066089,24.102125,85.552340,-10.839158,32.779120,118.943100,-6.067472,24.118356,85.551775,-5.187166,24.037715,86.368857,0.030000,
-6.066089,24.102125,85.552340,-10.839535,32.778612,118.945831,-6.064551,24.084082,85.552968,-5.187432,24.037772,86.368611,0.030000,
-6.066089,24.102125,85.552340,-10.839912,32.778105,118.948561,-6.067472,24.118356,85.551775,-5.187698,24.037830,86.368366,0.030000,
-6.066089,24.102125,85.552340,-10.840289,32.777597,118.951291,-6.064551,24.084082,85.552968,-5.187964,24.037887,86.368121,0.030000,
-6.066089,24.102125,85.552340,-10.840666,32.777090,118.954020,-6.067472,24.118356,85.551775,-5.188230,24.037944,86.367875,0.030000,
-6.066089,24.102125,85.552340,-10.841042,32.776582,118.956749,-6.064551,24.084082,85.552968,-5.188496,24.038001,86.367630,0.030000,
-6.066089,24.102125,85.552340,-10.841419,32.776075,118.959477,-6.067472,24.118356,85.551775,-5.188761,24.038058,86.367385,0.030000,
-6.066089,24.102125,85.552340,-10.841796,32.775568,118.962205,-6.064551,24.084082,85.552968,-5.189027,24.038115,86.367140,0.030000,
-6.066089,24.102125,85.552340,-10.842173,32.775061,118.964932,-6.067472,24.118356,85.551775,-5.189292,24.038172,86.366895,0.030000,
-6.066089,24.102125,85.552340,-10.842550,32.774553,118.967659,-6.064551,24.084082,85.552968,-5.189558,24.038228,86.366650,0.030000,
-6.066089,24.102125,85.552340,-10.842926,32.774047,118.970385,-6.067472,24.118356,85.551775,-5.189823,24.038285,86.366405,0.030000,
-6.066089,24.102125,85.552340,-10.843303,32.773540,118.973111,-6.064551,24.084082,85.552968,-5.190088,24.038342,86.366161,0.030000,
-6.066089,24.102125,85.552340,-10.843679,32.773033,118.975836,-6.067472,24.118356,85.551775,-5.190353,24.038399,86.365916,0.030000,
-6.066089,24.102125,85.552340,-10.844056,32.772526,118.978560,-6.064551,24.084082,85.552968,-5.190618,24.038455,86.365671,0.030000,
-6.066089,24.102125,85.552340,-10.844433,32.772020,118.981284,-6.067472,24.118356,85.551775,-5.190883,24.038512,86.365427,0.030000,
-6.066089,24.102125,85.552340,-10.844809,32.771513,118.984008,-6.064551,24.084082,85.552968,-5.191148,24.038569,86.365182,0.030000,
-6.066089,24.102125,85.552340,-10.845185,32.771007,118.986731,-6.067472,24.118356,85.551775,-5.191413,24.038625,86.364938,0.030000,
-6.066089,24.102125,85.552340,-10.845562,32.770501,118.989454,-6.064551,24.084082,85.552968,-5.191678,24.038682,86.364694,0.030000,
-6.066089,24.102125,85.552340,-10.845938,32.769994,118.992176,-6.067472,24.118356,85.551775,-5.191943,24.038738,86.364449,0.030000,
-6.066089,24.102125,85.552340,-10.846315,32.769488,118.994897,-6.064551,24.084082,85.552968,-5.192207,24.038795,86.364205,0.030000,
-6.066089,24.102125,85.552340,-10.846691,32.768982,118.997618,-6.067472,24.118356,85.551775,-5.192472,24.038851,86.363961,0.030000,
-6.066089,24.102125,85.552340,-10.847067,32.768476,119.000338,-6.064551,24.084082,85.552968,-5.192736,24.038908,86.363717,0.030000,
-6.066089,24.102125,85.552340,-10.847443,32.767970,119.003058,-6.067472,24.118356,85.551775,-5.193000,24.038964,86.363473,0.030000,
-6.066089,24.102125,85.552340,-10.847820,32.767465,119.005778,-6.064551,24.084082,85.552968,-5.193265,24.039020,86.363229,0.030000,
-6.066089,24.102125,85.552340,-10.848196,32.766959,119.008497,-6.067472,24.118356,85.551775,-5.193529,24.039076,86.362986,0.030000,
-6.066089,24.102125,85.552340,-10.848572,32.766453,119.011215,-6.064551,24.084082,85.552968,-5.193793,24.039133,86.362742,0.030000,
-6.066089,24.102125,85.552340,-10.848948,32.765948,119.013933,-6.067472,24.118356,85.551775,-5.194057,24.039189,86.362498,0.030000,
-6.066089,24.102125,85.552340,-10.849324,32.765442,119.016650,-6.064551,24.084082,85.552968,-5.194321,24.039245,86.362255,0.030000,
-6.066089,24.102125,85.552340,-10.849700,32.764937,119.019367,-6.067472,24.118356,85.551775,-5.194585,24.039301,86.362011,0.030000,
-6.066089,24.102125,85.552340,-10.850076,32.764432,119.022083,-6.064551,24.084082,85.552968,-5.194849,24.039357,86.361768,0.030000,
-6.066089,24.102125,85.552340,-10.850452,32.763927,119.024799,-6.067472,24.118356,85.551775,-5.195112,24.039413,86.361524,0.030000,
-6.066089,24.102125,85.552340,-10.850828,32.763422,119.027514,-6.064551,24.084082,85.552968,-5.195376,24.039469,86.361281,0.030000,
-6.066089,24.102125,85.552340,-10.851204,32.762917,119.030229,-6.067472,24.118356,85.551775,-5.195640,24.039525,86.361038,0.030000,
-6.066089,24.102125,85.552340,-10.851579,32.762412,119.032943,-6.064551,24.084082,85.552968,-5.195903,24.039581,86.360795,0.030000,
-6.066089,24.102125,85.552340,-10.851955,32.761907,119.035657,-6.067472,24.118356,85.551775,-5.196166,24.039637,86.360552,0.030000,
-6.066089,24.102125,85.552340,-10.852331,32.761402,119.038370,-6.064551,24.084082,85.552968,-5.196430,24.039693,86.360309,0.030000,
-6.066089,24.102125,85.552340,-10.852706,32.760898,119.041082,-6.067472,24.118356,85.551775,-5.196693,24.039749,86.360066,0.030000,
-6.066089,24.102125,85.552340,-10.853082,32.760393,119.043794,-6.064551,24.084082,85.552968,-5.196956,24.039804,86.359823,0.030000,
-6.066089,24.102125,85.552340,-10.853458,32.759889,119.046506,-6.067472,24.118356,85.551775,-5.197219,24.039860,86.359580,0.030000,
-6.066089,24.102125,85.552340,-10.853833,32.759385,119.049217,-6.064551,24.084082,85.552968,-5.197482,24.039916,86.359337,0.030000,
-6.066089,24.102125,85.552340,-10.854209,32.758880,119.051928,-6.067472,24.118356,85.551775,-5.197745,24.039971,86.359095,0.030000,
-6.066089,24.102125,85.552340,-10.854584,32.758376,119.054638,-6.064551,24.084082,85.552968,-5.198008,24.040027,86.358852,0.030000,
-6.066089,24.102125,85.552340,-10.854960,32.757872,119.057347,-6.067472,24.118356,85.551775,-5.198271,24.040082,86.358610,0.030000,
-6.066089,24.102125,85.552340,-10.855335,32.757368,119.060056,-6.064551,24.084082,85.552968,-5.198533,24.040138,86.358367,0.030000,
-6.066089,24.102125,85.552340,-10.855711,32.756864,119.062765,-6.067472,24.118356,85.551775,-5.198796,24.040193,86.358125,0.030000,
-6.066089,24.102125,85.552340,-10.856086,32.756361,119.065473,-6.064551,24.084082,85.552968,-5.199058,24.040249,86.357883,0.030000,
-6.066089,24.102125,85.552340,-10.856461,32.755857,119.068180,-6.067472,24.118356,85.551775,-5.199321,24.040304,86.357641,0.030000,
-6.066089,24.102125,85.552340,-10.856836,32.755353,119.070887,-6.064551,24.084082,85.552968,-5.199583,24.040360,86.357398,0.030000,
-6.066089,24.102125,85.552340,-10.857212,32.754850,119.073593,-6.067472,24.118356,85.551775,-5.199845,24.040415,86.357156,0.030000,
-6.066089,24.102125,85.552340,-10.857587,32.754346,119.076299,-6.064551,24.084082,85.552968,-5.200107,24.040470,86.356914,0.030000,
-6.066089,24.102125,85.552340,-10.857962,32.753843,119.079005,-6.067472,24.118356,85.551775,-5.200370,24.040526,86.356673,0.030000,
-6.066089,24.102125,85.552340,-10.858337,32.753340,119.081709,-6.064551,24.084082,85.552968,-5.200632,24.040581,86.356431,0.030000,
-6.066089,24.102125,85.552340,-10.858712,32.752837,119.084414,-6.067472,24.118356,85.551775,-5.200894,24.040636,86.356189,0.030000,
-6.066089,24.102125,85.552340,-10.859087,32.752334,119.087118,-6.064551,24.084082,85.552968,-5.201155,24.040691,86.355947,0.030000,
-6.066089,24.102125,85.552340,-10.859462,32.751831,119.089821,-6.067472,24.118356,85.551775,-5.201417,24.040746,86.355706,0.030000,
-6.066089,24.102125,85.552340,-10.859837,32.751328,119.092524,-6.064551,24.084082,85.552968,-5.201679,24.040801,86.355464,0.030000,
-6.066089,24.102125,85.552340,-10.860212,32.750825,119.095226,-6.067472,24.118356,85.551775,-5.201941,24.040856,86.355223,0.030000,
-6.066089,24.102125,85.552340,-10.860587,32.750322,119.097928,-6.064551,24.084082,85.552968,-5.202202,24.040911,86.354981,0.030000,
-6.066089,24.102125,85.552340,-10.860962,32.749820,119.100629,-6.067472,24.118356,85.551775,-5.202464,24.040966,86.354740,0.030000,
-6.066089,24.102125,85.552340,-10.861336,32.749317,119.103330,-6.064551,24.084082,85.552968,-5.202725,24.041021,86.354499,0.030000,
-6.066089,24.102125,85.552340,-10.861711,32.748815,119.106030,-6.067472,24.118356,85.551775,-5.202986,24.041076,86.354258,0.030000,
-6.066089,24.102125,85.552340,-10.862086,32.748312,119.108729,-6.064551,24.084082,85.552968,-5.203247,24.041131,86.354016,0.030000,
-6.066089,24.102125,85.552340,-10.862461,32.747810,119.111429,-6.067472,24.118356,85.551775,-5.203509,24.041186,86.353775,0.030000,
-6.066089,24.102125,85.552340,-10.862835,32.747308,119.114127,-6.064551,24.084082,85.552968,-5.203770,24.041240,86.353534,0.030000,
-6.066089,24.102125,85.552340,-10.863210,32.746806,119.116825,-6.067472,24.118356,85.551775,-5.204031,24.041295,86.353294,0.030000,
-6.066089,24.102125,85.552340,-10.863584,32.746304,119.119523,-6.064551,24.084082,85.552968,-5.204292,24.041350,86.353053,0.030000,
-6.066089,24.102125,85.552340,-10.863959,32.745802,119.122220,-6.067472,24.118356,85.551775,-5.204552,24.041404,86.352812,0.030000,
-6.066089,24.102125,85.552340,-10.864333,32.745300,119.124916,-6.064551,24.084082,85.552968,-5.204813,24.041459,86.352571,0.030000,
-6.066089,24.102125,85.552340,-10.864708,32.744798,119.127613,-6.067472,24.118356,85.551775,-5.205074,24.041513,86.352331,0.030000,
-6.066089,24.102125,85.552340,-10.865082,32.744297,119.130308,-6.064551,24.084082,85.552968,-5.205334,24.041568,86.352090,0.030000,
-6.066089,24.102125,85.552340,-10.865457,32.743795,119.133003,-6.067472,24.118356,85.551775,-5.205595,24.041622,86.351850,0.030000,
-6.066089,24.102125,85.552340,-10.865831,32.743294,119.135698,-6.064551,24.084082,85.552968,-5.205855,24.041677,86.351609,0.030000,
-6.066089,24.102125,85.552340,-10.866205,32.742792,119.138392,-6.067472,24.118356,85.551775,-5.206116,24.041731,86.351369,0.030000,
-6.066089,24.102125,85.552340,-10.866580,32.742291,119.141085,-6.064551,24.084082,85.552968,-5.206376,24.041786,86.351129,0.030000,
-6.066089,24.102125,85.552340,-10.866954,32.741790,119.143778,-6.067472,24.118356,85.551775,-5.206636,24.041840,86.350889,0.030000,
-6.066089,24.102125,85.552340,-10.867328,32.741289,119.146470,-6.064551,24.084082,85.552968,-5.206896,24.041894,86.350649,0.030000,
-6.066089,24.102125,85.552340,-10.867702,32.740788,119.149162,-6.067472,24.118356,85.551775,-5.207156,24.041948,86.350409,0.030000,
-6.066089,24.102125,85.552340,-10.868076,32.740287,119.151854,-6.064551,24.084082,85.552968,-5.207416,24.042003,86.350169,0.030000,
-6.066089,24.102125,85.552340,-10.868450,32.739786,119.154545,-6.067472,24.118356,85.551775,-5.207676,24.042057,86.349929,0.030000,
-6.066089,24.102125,85.552340,-10.868824,32.739285,119.157235,-6.064551,24.084082,85.552968,-5.207936,24.042111,86.349689,0.030000,
-6.066089,24.102125,85.552340,-10.869198,32.738785,119.159925,-6.067472,24.118356,85.551775,-5.208196,24.042165,86.349449,0.030000,
-6.066089,24.102125,85.552340,-10.869572,32.738284,119.162614,-6.064551,24.084082,85.552968,-5.208455,24.042219,86.349210,0.030000,
-6.066089,24.102125,85.552340,-10.869946,32.737784,119.165303,-6.067472,24.118356,85.551775,-5.208715,24.042273,86.348970,0.030000,
-6.066089,24.102125,85.552340,-10.870320,32.737283,119.167991,-6.064551,24.084082,85.552968,-5.208974,24.042327,86.348731,0.030000,
-6.066089,24.102125,85.552340,-10.870694,32.736783,119.170679,-6.067472,24.118356,85.551775,-5.209234,24.042381,86.348491,0.030000,
-6.066089,24.102125,85.552340,-10.871067,32.736283,119.173366,-6.064551,24.084082,85.552968,-5.209493,24.042435,86.348252,0.030000,
-6.066089,24.102125,85.552340,-10.871441,32.735783,119.176053,-6.067472,24.118356,85.551775,-5.209752,24.042489,86.348012,0.030000,
-6.066089,24.102125,85.552340,-10.871815,32.735283,119.178739,-6.064551,24.084082,85.552968,-5.210011,24.042543,86.347773,0.030000,
-6.066089,24.102125,85.552340,-10.872189,32.734783,119.181425,-6.067472,24.118356,85.551775,-5.210271,24.042597,86.347534,0.030000,
-6.066089,24.102125,85.552340,-10.872562,32.734283,119.184110,-6.064551,24.084082,85.552968,-5.210530,24.042650,86.347295,0.030000,
-6.066089,24.102125,85.552340,-10.872936,32.733783,119.186795,-6.067472,24.118356,85.551775,-5.210788,24.042704,86.347056,0.030000,
-6.066089,24.102125,85.552340,-10.873309,32.733283,119.189479,-6.064551,24.084082,85.552968,-5.211047,24.042758,86.346817,0.030000,
-6.066089,24.102125,85.552340,-10.873683,32.732784,119.192163,-6.067472,24.118356,85.551775,-5.211306,24.042811,86.346578,0.030000,
-6.066089,24.102125,85.552340,-10.874056,32.732284,119.194846,-6.064551,24.084082,85.552968,-5.211565,24.042865,86.346339,0.030000,
-6.066089,24.102125,85.552340,-10.874430,32.731785,119.197529,-6.067472,24.118356,85.551775,-5.211823,24.042919,86.346101,0.030000,
-6.066089,24.102125,85.552340,-10.874803,32.731286,119.200211,-6.064551,24.084082,85.552968,-5.212082,24.042972,86.345862,0.030000,
-6.066089,24.102125,85.552340,-10.875176,32.730786,119.202892,-6.067472,24.118356,85.551775,-5.212340,24.043026,86.345623,0.030000,
-6.066089,24.102125,85.552340,-10.875550,32.730287,119.205573,-6.064551,24.084082,85.552968,-5.212599,24.043079,86.345385,0.030000,
-6.066089,24.102125,85.552340,-10.875923,32.729788,119.208254,-6.067472,24.118356,85.551775,-5.212857,24.043132,86.345146,0.030000,
-6.066089,24.102125,85.552340,-10.876296,32.729289,119.210934,-6.064551,24.084082,85.552968,-5.213115,24.043186,86.344908,0.030000,
-6.066089,24.102125,85.552340,-10.876669,32.728790,119.213614,-6.067472,24.118356,85.551775,-5.213373,24.043239,86.344670,0.030000,
-6.066089,24.102125,85.552340,-10.877043,32.728292,119.216293,-6.064551,24.084082,85.552968,-5.213631,24.043292,86.344432,0.030000,
-6.066089,24.102125,85.552340,-10.877416,32.727793,119.218971,-6.067472,24.118356,85.551775,-5.213889,24.043346,86.344193,0.030000,
-6.066089,24.102125,85.552340,-10.877789,32.727294,119.221649,-6.064551,24.084082,85.552968,-5.214147,24.043399,86.343955,0.030000,
-6.066089,24.102125,85.552340,-10.878162,32.726796,119.224327,-6.067472,24.118356,85.551775,-5.214405,24.043452,86.343717,0.030000,
-6.066089,24.102125,85.552340,-10.878535,32.726297,119.227004,-6.064551,24.084082,85.552968,-5.214663,24.043505,86.343479,0.030000,
-6.066089,24.102125,85.552340,-10.878908,32.725799,119.229680,-6.067472,24.118356,85.551775,-5.214921,24.043558,86.343242,0.030000,
-6.066089,24.102125,85.552340,-10.879281,32.725301,119.232356,-6.064551,24.084082,85.552968,-5.215178,24.043612,86.343004,0.030000,
-6.066089,24.102125,85.552340,-10.879654,32.724803,119.235031,-6.067472,24.118356,85.551775,-5.215436,24.043665,86.342766,0.030000,
-6.066089,24.102125,85.552340,-10.880026,32.724305,119.237706,-6.064551,24.084082,85.552968,-5.215693,24.043718,86.342528,0.030000,
-6.066089,24.102125,85.552340,-10.880399,32.723807,119.240381,-6.067472,24.118356,85.551775,-5.215951,24.043771,86.342291,0.030000,
-6.066089,24.102125,85.552340,-10.880772,32.723309,119.243055,-6.064551,24.084082,85.552968,-5.216208,24.043824,86.342053,0.030000,
-6.066089,24.102125,85.552340,-10.881145,32.722811,119.245728,-6.067472,24.118356,85.551775,-5.216465,24.043876,86.341816,0.030000,
-6.066089,24.102125,85.552340,-10.881517,32.722313,119.248401,-6.064551,24.084082,85.552968,-5.216722,24.043929,86.341579,0.030000,
-6.066089,24.102125,85.552340,-10.881890,32.721816,119.251073,-6.067472,24.118356,85.551775,-5.216979,24.043982,86.341341,0.030000,
-6.066089,24.102125,85.552340,-10.882263,32.721318,119.253745,-6.064551,24.084082,85.552968,-5.217236,24.044035,86.341104,0.030000,
-6.066089,24.102125,85.552340,-10.882635,32.720821,119.256417,-6.067472,24.118356,85.551775,-5.217493,24.044088,86.340867,0.030000,
-6.066089,24.102125,85.552340,-10.883008,32.720323,119.259087,-6.064551,24.084082,85.552968,-5.217750,24.044140,86.340630,0.030000,
-6.066089,24.102125,85.552340,-10.883380,32.719826,119.261758,-6.067472,24.118356,85.551775,-5.218007,24.044193,86.340393,0.030000,
-6.066089,24.102125,85.552340,-10.883753,32.719329,119.264428,-6.064551,24.084082,85.552968,-5.218263,24.044246,86.340156,0.030000,
-6.066089,24.102125,85.552340,-10.884125,32.718832,119.267097,-6.067472,24.118356,85.551775,-5.218520,24.044298,86.339919,0.030000,
-6.066089,24.102125,85.552340,-10.884498,32.718335,119.269766,-6.064551,24.084082,85.552968,-5.218776,24.044351,86.339682,0.030000,
-6.066089,24.102125,85.552340,-10.884870,32.717838,119.272434,-6.067472,24.118356,85.551775,-5.219033,24.044403,86.339445,0.030000,
-6.066089,24.102125,85.552340,-10.885242,32.717341,119.275102,-6.064551,24.084082,85.552968,-5.219289,24.044456,86.339209,0.030000,
-6.066089,24.102125,85.552340,-10.885614,32.716844,119.277769,-6.067472,24.118356,85.551775,-5.219545,24.044508,86.338972,0.030000,
-6.066089,24.102125,85.552340,-10.885987,32.716348,119.280436,-6.064551,24.084082,85.552968,-5.219801,24.044561,86.338736,0.030000,
-6.066089,24.102125,85.552340,-10.886359,32.715851,119.283102,-6.067472,24.118356,85.551775,-5.220058,24.044613,86.338499,0.030000,
-6.066089,24.102125,85.552340,-10.886731,32.715355,119.285768,-6.064551,24.084082,85.552968,-5.220314,24.044665,86.338263,0.030000,
-6.066089,24.102125,85.552340,-10.887103,32.714858,119.288433,-6.067472,24.118356,85.551775,-5.220570,24.044718,86.338027,0.030000,
-6.066089,24.102125,85.552340,-10.887475,32.714362,119.291097,-6.064551,24.084082,85.552968,-5.220825,24.044770,86.337790,0.030000,
-6.066089,24.102125,85.552340,-10.887847,32.713866,119.293762,-6.067472,24.118356,85.551775,-5.221081,24.044822,86.337554,0.030000,
-6.066089,24.102125,85.552340,-10.888219,32.713370,119.296425,-6.064551,24.084082,85.552968,-5.221337,24.044874,86.337318,0.030000,
-6.066089,24.102125,85.552340,-10.888591,32.712874,119.299088,-6.067472,24.118356,85.551775,-5.221593,24.044927,86.337082,0.030000,
-6.066089,24.102125,85.552340,-10.888963,32.712378,119.301751,-6.064551,24.084082,85.552968,-5.221848,24.044979,86.336846,0.030000,
-6.066089,24.102125,85.552340,-10.889335,32.711882,119.304413,-6.067472,24.118356,85.551775,-5.222104,24.045031,86.336610,0.030000,
-6.066089,24.102125,85.552340,-10.889707,32.711386,119.307075,-6.064551,24.084082,85.552968,-5.222359,24.045083,86.336375,0.030000,
-6.066089,24.102125,85.552340,-10.890078,32.710891,119.309736,-6.067472,24.118356,85.551775,-5.222614,24.045135,86.336139,0.030000,
-6.066089,24.102125,85.552340,-10.890450,32.710395,119.312397,-6.064551,24.084082,85.552968,-5.222870,24.045187,86.335903,0.030000,
-6.066089,24.102125,85.552340,-10.890822,32.709900,119.315057,-6.067472,24.118356,85.551775,-5.223125,24.045239,86.335668,0.030000,
-6.066089,24.102125,85.552340,-10.891193,32.709404,119.317716,-6.064551,24.084082,85.552968,-5.223380,24.045291,86.335432,0.030000,
-6.066089,24.102125,85.552340,-10.891565,32.708909,119.320375,-6.067472,24.118356,85.551775,-5.223635,24.045343,86.335197,0.030000,
-6.066089,24.102125,85.552340,-10.891937,32.708414,119.323034,-6.064551,24.084082,85.552968,-5.223890,24.045394,86.334961,0.030000,
-6.066089,24.102125,85.552340,-10.892308,32.707919,119.325692,-6.067472,24.118356,85.551775,-5.224145,24.045446,86.334726,0.030000,
-6.066089,24.102125,85.552340,-10.892680,32.707424,119.328349,-6.064551,24.084082,85.552968,-5.224400,24.045498,86.334491,0.030000,
-6.066089,24.102125,85.552340,-10.893051,32.706929,119.331006,-6.067472,24.118356,85.551775,-5.224654,24.045550,86.334256,0.030000,
-6.066089,24.102125,85.552340,-10.893423,32.706434,119.333663,-6.064551,24.084082,85.552968,-5.224909,24.045601,86.334020,0.030000,
-6.066089,24.102125,85.552340,-10.893794,32.705939,119.336319,-6.067472,24.118356,85.551775,-5.225163,24.045653,86.333785,0.030000,
-6.066089,24.102125,85.552340,-10.894165,32.705444,119.338974,-6.064551,24.084082,85.552968,-5.225418,24.045705,86.333551,0.030000,
-6.066089,24.102125,85.552340,-10.894537,32.704950,119.341629,-6.067472,24.118356,85.551775,-5.225672,24.045756,86.333316,0.030000,
-6.066089,24.102125,85.552340,-10.894908,32.704455,119.344284,-6.064551,24.084082,85.552968,-5.225927,24.045808,86.333081,0.030000,
-6.066089,24.102125,85.552340,-10.895279,32.703961,119.346938,-6.067472,24.118356,85.551775,-5.226181,24.045859,86.332846,0.030000,
-6.066089,24.102125,85.552340,-10.895650,32.703466,119.349591,-6.064551,24.084082,85.552968,-5.226435,24.045911,86.332611,0.030000,
-6.066089,24.102125,85.552340,-10.896022,32.702972,119.352244,-6.067472,24.118356,85.551775,-5.226689,24.045962,86.332377,0.030000,
-6.066089,24.102125,85.552340,-10.896393,32.702478,119.354897,-6.064551,24.084082,85.552968,-5.226943,24.046014,86.332142,0.030000,
-6.066089,24.102125,85.552340,-10.896764,32.701984,119.357549,-6.067472,24.118356,85.551775,-5.227197,24.046065,86.331908,0.030000,
-6.066089,24.102125,85.552340,-10.897135,32.701490,119.360200,-6.064551,24.084082,85.552968,-5.227451,24.046116,86.331673,0.030000,
-6.066089,24.102125,85.552340,-10.897506,32.700996,119.362851,-6.067472,24.118356,85.551775,-5.227705,24.046168,86.331439,0.030000,
-6.066089,24.102125,85.552340,-10.897877,32.700502,119.365501,-6.064551,24.084082,85.552968,-5.227958,24.046219,86.331205,0.030000,
-6.066089,24.102125,85.552340,-10.898248,32.700009,119.368151,-6.067472,24.118356,85.551775,-5.228212,24.046270,86.330971,0.030000,
-6.066089,24.102125,85.552340,-10.898618,32.699515,119.370801,-6.064551,24.084082,85.552968,-5.228466,24.046321,86.330737,0.030000,
-6.066089,24.102125,85.552340,-10.898989,32.699021,119.373450,-6.067472,24.118356,85.551775,-5.228719,24.046372,86.330503,0.030000,
-6.066089,24.102125,85.552340,-10.899360,32.698528,119.376098,-6.064551,24.084082,85.552968,-5.228972,24.046423,86.330269,0.030000,
-6.066089,24.102125,85.552340,-10.899731,32.698035,119.378746,-6.067472,24.118356,85.551775,-5.229226,24.046475,86.330035,0.030000,
-6.066089,24.102125,85.552340,-10.900102,32.697541,119.381393,-6.064551,24.084082,85.552968,-5.229479,24.046526,86.329801,0.030000,
-6.066089,24.102125,85.552340,-10.900472,32.697048,119.384040,-6.067472,24.118356,85.551775,-5.229732,24.046577,86.329567,0.030000,
-6.066089,24.102125,85.552340,-10.900843,32.696555,119.386686,-6.064551,24.084082,85.552968,-5.229985,24.046628,86.329333,0.030000,
-6.066089,24.102125,85.552340,-10.901214,32.696062,119.389332,-6.067472,24.118356,85.551775,-5.230238,24.046678,86.329100,0.030000,
-6.066089,24.102125,85.552340,-10.901584,32.695569,119.391978,-6.064551,24.084082,85.552968,-5.230491,24.046729,86.328866,0.030000,
-6.066089,24.102125,85.552340,-10.901955,32.695076,119.394622,-6.067472,24.118356,85.551775,-5.230744,24.046780,86.328633,0.030000,
-6.066089,24.102125,85.552340,-10.902325,32.694584,119.397267,-6.064551,24.084082,85.552968,-5.230997,24.046831,86.328399,0.030000,
-6.066089,24.102125,85.552340,-10.902696,32.694091,119.399911,-6.067472,24.118356,85.551775,-5.231249,24.046882,86.328166,0.030000,
-6.066089,24.102125,85.552340,-10.903066,32.693598,119.402554,-6.064551,24.084082,85.552968,-5.231502,24.046933,86.327933,0.030000,
-6.066089,24.102125,85.552340,-10.903436,32.693106,119.405197,-6.067472,24.118356,85.551775,-5.231755,24.046983,86.327700,0.030000,
-6.066089,24.102125,85.552340,-10.903807,32.692614,119.407839,-6.064551,24.084082,85.552968,-5.232007,24.047034,86.327467,0.030000,
-6.066089,24.102125,85.552340,-10.904177,32.692121,119.410481,-6.067472,24.118356,85.551775,-5.232259,24.047085,86.327233,0.030000,
-6.066089,24.102125,85.552340,-10.904547,32.691629,119.413122,-6.064551,24.084082,85.552968,-5.232512,24.047135,86.327000,0.030000,
-6.066089,24.102125,85.552340,-10.904917,32.691137,119.415763,-6.067472,24.118356,85.551775,-5.232764,24.047186,86.326768,0.030000,
-6.066089,24.102125,85.552340,-10.905287,32.690645,119.418403,-6.064551,24.084082,85.552968,-5.233016,24.047236,86.326535,0.030000,
-6.066089,24.102125,85.552340,-10.905658,32.690153,119.421043,-6.067472,24.118356,85.551775,-5.233268,24.047287,86.326302,0.030000,
-6.066089,24.102125,85.552340,-10.906028,32.689661,119.423682,-6.064551,24.084082,85.552968,-5.233520,24.047337,86.326069,0.030000,
-6.066089,24.102125,85.552340,-10.906398,32.689169,119.426321,-6.067472,24.118356,85.551775,-5.233772,24.047388,86.325837,0.030000,
-6.066089,24.102125,85.552340,-10.906768,32.688678,119.428959,-6.064551,24.084082,85.552968,-5.234024,24.047438,86.325604,0.030000,
-6.066089,24.102125,85.552340,-10.907138,32.688186,119.431597,-6.067472,24.118356,85.551775,-5.234276,24.047488,86.325372,0.030000,
-6.066089,24.102125,85.552340,-10.907508,32.687694,119.434234,-6.064551,24.084082,85.552968,-5.234528,24.047539,86.325139,0.030000,
-6.066089,24.102125,85.552340,-10.907877,32.687203,119.436871,-6.067472,24.118356,85.551775,-5.234779,24.047589,86.324907,0.030000,
-6.066089,24.102125,85.552340,-10.908247,32.686712,119.439507,-6.064551,24.084082,85.552968,-5.235031,24.047639,86.324675,0.030000,
-6.066089,24.102125,85.552340,-10.908617,32.686221,119.442142,-6.067472,24.118356,85.551775,-5.235282,24.047690,86.324442,0.030000,
-6.066089,24.102125,85.552340,-10.908987,32.685729,119.444778,-6.064551,24.084082,85.552968,-5.235534,24.047740,86.324210,0.030000,
-6.066089,24.102125,85.552340,-10.909357,32.685238,119.447412,-6.067472,24.118356,85.551775,-5.235785,24.047790,86.323978,0.030000,
-6.066089,24.102125,85.552340,-10.909726,32.684747,119.450046,-6.064551,24.084082,85.552968,-5.236036,24.047840,86.323746,0.030000,
-6.066089,24.102125,85.552340,-10.910096,32.684256,119.452680,-6.067472,24.118356,85.551775,-5.236287,24.047890,86.323514,0.030000,
-6.066089,24.102125,85.552340,-10.910466,32.683766,119.455313,-6.064551,24.084082,85.552968,-5.236538,24.047940,86.323282,0.030000,
-6.066089,24.102125,85.552340,-10.910835,32.683275,119.457946,-6.067472,24.118356,85.551775,-5.236789,24.047990,86.323050,0.030000,
-6.066089,24.102125,85.552340,-10.911205,32.682784,119.460578,-6.064551,24.084082,85.552968,-5.237040,24.048040,86.322819,0.030000,
-6.066089,24.102125,85.552340,-10.911574,32.682294,119.463210,-6.067472,24.118356,85.551775,-5.237291,24.048090,86.322587,0.030000,
-6.066089,24.102125,85.552340,-10.911944,32.681803,119.465841,-6.064551,24.084082,85.552968,-5.237542,24.048140,86.322356,0.030000,
-6.066089,24.102125,85.552340,-10.912313,32.681313,119.468472,-6.067472,24.118356,85.551775,-5.237793,24.048190,86.322124,0.030000,
-6.066089,24.102125,85.552340,-10.912682,32.680823,119.471102,-6.064551,24.084082,85.552968,-5.238043,24.048240,86.321893,0.030000,
-6.066089,24.102125,85.552340,-10.913052,32.680332,119.473731,-6.067472,24.118356,85.551775,-5.238294,24.048289,86.321661,0.030000,
-6.066089,24.102125,85.552340,-10.913421,32.679842,119.476360,-6.064551,24.084082,85.552968,-5.238544,24.048339,86.321430,0.030000,
-6.066089,24.102125,85.552340,-10.913790,32.679352,119.478989,-6.067472,24.118356,85.551775,-5.238795,24.048389,86.321199,0.030000,
-6.066089,24.102125,85.552340,-10.914159,32.678862,119.481617,-6.064551,24.084082,85.552968,-5.239045,24.048439,86.320967,0.030000,
-6.066089,24.102125,85.552340,-10.914529,32.678373,119.484245,-6.067472,24.118356,85.551775,-5.239295,24.048488,86.320736,0.030000,
-6.066089,24.102125,85.552340,-10.914898,32.677883,119.486872,-6.064551,24.084082,85.552968,-5.239545,24.048538,86.320505,0.030000,
-6.066089,24.102125,85.552340,-10.915267,32.677393,119.489498,-6.067472,24.118356,85.551775,-5.239796,24.048587,86.320274,0.030000,
-6.066089,24.102125,85.552340,-10.915636,32.676904,119.492125,-6.064551,24.084082,85.552968,-5.240046,24.048637,86.320043,0.030000,
-6.066089,24.102125,85.552340,-10.916005,32.676414,119.494750,-6.067472,24.118356,85.551775,-5.240296,24.048686,86.319813,0.030000,
-6.066089,24.102125,85.552340,-10.916374,32.675925,119.497375,-6.064551,24.084082,85.552968,-5.240545,24.048736,86.319582,0.030000,
-6.066089,24.102125,85.552340,-10.916743,32.675435,119.500000,-6.067472,24.118356,85.551775,-5.240795,24.048785,86.319351,0.030000,
-6.066089,24.102125,85.552340,-10.917112,32.674946,119.502624,-6.064551,24.084082,85.552968,-5.241045,24.048835,86.319121,0.030000,
-6.066089,24.102125,85.552340,-10.917481,32.674457,119.505247,-6.067472,24.118356,85.551775,-5.241295,24.048884,86.318890,0.030000,
-6.066089,24.102125,85.552340,-10.917849,32.673968,119.507870,-6.064551,24.084082,85.552968,-5.241544,24.048933,86.318660,0.030000,
-6.066089,24.102125,85.552340,-10.918218,32.673479,119.510493,-6.067472,24.118356,85.551775,-5.241794,24.048983,86.318429,0.030000,
-6.066089,24.102125,85.552340,-10.918587,32.672990,119.513115,-6.064551,24.084082,85.552968,-5.242043,24.049032,86.318199,0.030000,
-6.066089,24.102125,85.552340,-10.918956,32.672501,119.515737,-6.067472,24.118356,85.551775,-5.242292,24.049081,86.317969,0.030000,
-6.066089,24.102125,85.552340,-10.919324,32.672013,119.518358,-6.064551,24.084082,85.552968,-5.242542,24.049130,86.317738,0.030000,
-6.066089,24.102125,85.552340,-10.919693,32.671524,119.520978,-6.067472,24.118356,85.551775,-5.242791,24.049180,86.317508,0.030000,
-6.066089,24.102125,85.552340,-10.920061,32.671036,119.523598,-6.064551,24.084082,85.552968,-5.243040,24.049229,86.317278,0.030000,
-6.066089,24.102125,85.552340,-10.920430,32.670547,119.526218,-6.067472,24.118356,85.551775,-5.243289,24.049278,86.317048,0.030000,
-6.066089,24.102125,85.552340,-10.920798,32.670059,119.528837,-6.064551,24.084082,85.552968,-5.243538,24.049327,86.316818,0.030000,
-6.066089,24.102125,85.552340,-10.921167,32.669571,119.531455,-6.067472,24.118356,85.551775,-5.243787,24.049376,86.316588,0.030000,
-6.066089,24.102125,85.552340,-10.921535,32.669082,119.534073,-6.064551,24.084082,85.552968,-5.244036,24.049425,86.316359,0.030000,
-6.066089,24.102125,85.552340,-10.921904,32.668594,119.536691,-6.067472,24.118356,85.551775,-5.244284,24.049474,86.316129,0.030000,
-6.066089,24.102125,85.552340,-10.922272,32.668106,119.539308,-6.064551,24.084082,85.552968,-5.244533,24.049523,86.315899,0.030000,
-6.066089,24.102125,85.552340,-10.922640,32.667618,119.541925,-6.067472,24.118356,85.551775,-5.244782,24.049572,86.315670,0.030000,
-6.066089,24.102125,85.552340,-10.923008,32.667131,119.544541,-6.064551,24.084082,85.552968,-5.245030,24.049621,86.315440,0.030000,
-6.066089,24.102125,85.552340,-10.923377,32.666643,119.547156,-6.067472,24.118356,85.551775,-5.245278,24.049669,86.315211,0.030000,
-6.066089,24.102125,85.552340,-10.923745,32.666155,119.549771,-6.064551,24.084082,85.552968,-5.245527,24.049718,86.314981,0.030000,
-6.066089,24.102125,85.552340,-10.924113,32.665668,119.552386,-6.067472,24.118356,85.551775,-5.245775,24.049767,86.314752,0.030000,
-6.066089,24.102125,85.552340,-10.924481,32.665180,119.555000,-6.064551,24.084082,85.552968,-5.246023,24.049816,86.314523,0.030000,
-6.066089,24.102125,85.552340,-10.924849,32.664693,119.557613,-6.067472,24.118356,85.551775,-5.246271,24.049864,86.314294,0.030000,
-6.066089,24.102125,85.552340,-10.925217,32.664206,119.560226,-6.064551,24.084082,85.552968,-5.246519,24.049913,86.314065,0.030000,
-6.066089,24.102125,85.552340,-10.925585,32.663718,119.562839,-6.067472,24.118356,85.551775,-5.246767,24.049962,86.313836,0.030000,
-6.066089,24.102125,85.552340,-10.925953,32.663231,119.565451,-6.064551,24.084082,85.552968,-5.247015,24.050010,86.313607,0.030000,
-6.066089,24.102125,85.552340,-10.926321,32.662744,119.568062,-6.067472,24.118356,85.551775,-5.247263,24.050059,86.313378,0.030000,
-6.066089,24.102125,85.552340,-10.926689,32.662257,119.570673,-6.064551,24.084082,85.552968,-5.247511,24.050107,86.313149,0.030000,
-6.066089,24.102125,85.552340,-10.927057,32.661770,119.573284,-6.067472,24.118356,85.551775,-5.247759,24.050156,86.312920,0.030000,
-6.066089,24.102125,85.552340,-10.927424,32.661284,119.575894,-6.064551,24.084082,85.552968,-5.248006,24.050204,86.312691,0.030000,
-6.066089,24.102125,85.552340,-10.927792,32.660797,119.578503,-6.067472,24.118356,85.551775,-5.248254,24.050253,86.312463,0.030000,
-6.066089,24.102125,85.552340,-10.928160,32.660310,119.581112,-6.064551,24.084082,85.552968,-5.248501,24.050301,86.312234,0.030000,
-6.066089,24.102125,85.552340,-10.928527,32.659824,119.583721,-6.067472,24.118356,85.551775,-5.248749,24.050349,86.312006,0.030000,
-6.066089,24.102125,85.552340,-10.928895,32.659337,119.586329,-6.064551,24.084082,85.552968,-5.248996,24.050398,86.311777,0.030000,
-6.066089,24.102125,85.552340,-10.929263,32.658851,119.588936,-6.067472,24.118356,85.551775,-5.249243,24.050446,86.311549,0.030000,
-6.066089,24.102125,85.552340,-10.929630,32.658365,119.591543,-6.064551,24.084082,85.552968,-5.249490,24.050494,86.311321,0.030000,
-6.066089,24.102125,85.552340,-10.929998,32.657879,119.594150,-6.067472,24.118356,85.551775,-5.249737,24.050542,86.311093,0.030000,
-6.066089,24.102125,85.552340,-10.930365,32.657393,119.596755,-6.064551,24.084082,85.552968,-5.249984,24.050590,86.310865,0.030000,
-6.066089,24.102125,85.552340,-10.930732,32.656907,119.599361,-6.067472,24.118356,85.551775,-5.250231,24.050639,86.310636,0.030000,
-6.066089,24.102125,85.552340,-10.931100,32.656421,119.601966,-6.064551,24.084082,85.552968,-5.250478,24.050687,86.310408,0.030000,
-6.066089,24.102125,85.552340,-10.931467,32.655935,119.604570,-6.067472,24.118356,85.551775,-5.250725,24.050735,86.310181,0.030000,
-6.066089,24.102125,85.552340,-10.931834,32.655449,119.607174,-6.064551,24.084082,85.552968,-5.250972,24.050783,86.309953,0.030000,
-6.066089,24.102125,85.552340,-10.932202,32.654964,119.609778,-6.067472,24.118356,85.551775,-5.251218,24.050831,86.309725,0.030000,
-6.066089,24.102125,85.552340,-10.932569,32.654478,119.612381,-6.064551,24.084082,85.552968,-5.251465,24.050879,86.309497,0.030000,
-6.066089,24.102125,85.552340,-10.932936,32.653993,119.614983,-6.067472,24.118356,85.551775,-5.251711,24.050927,86.309270,0.030000,
-6.066089,24.102125,85.552340,-10.933303,32.653507,119.617585,-6.064551,24.084082,85.552968,-5.251958,24.050974,86.309042,0.030000,
-6.066089,24.102125,85.552340,-10.933670,32.653022,119.620187,-6.067472,24.118356,85.551775,-5.252204,24.051022,86.308814,0.030000,
-6.066089,24.102125,85.552340,-10.934037,32.652537,119.622788,-6.064551,24.084082,85.552968,-5.252450,24.051070,86.308587,0.030000,
-6.066089,24.102125,85.552340,-10.934404,32.652052,119.625388,-6.067472,24.118356,85.551775,-5.252696,24.051118,86.308360,0.030000,
-6.066089,24.102125,85.552340,-10.934771,32.651567,119.627988,-6.064551,24.084082,85.552968,-5.252942,24.051166,86.308132,0.030000,
-6.066089,24.102125,85.552340,-10.935138,32.651082,119.630588,-6.067472,24.118356,85.551775,-5.253188,24.051213,86.307905,0.030000,
-6.066089,24.102125,85.552340,-10.935505,32.650597,119.633187,-6.064551,24.084082,85.552968,-5.253434,24.051261,86.307678,0.030000,
-6.066089,24.102125,85.552340,-10.935872,32.650112,119.635785,-6.067472,24.118356,85.551775,-5.253680,24.051309,86.307451,0.030000,
-6.066089,24.102125,85.552340,-10.936239,32.649628,119.638383,-6.064551,24.084082,85.552968,-5.253926,24.051356,86.307224,0.030000,
-6.066089,24.102125,85.552340,-10.936606,32.649143,119.640981,-6.067472,24.118356,85.551775,-5.254172,24.051404,86.306997,0.030000,
-6.066089,24.102125,85.552340,-10.936972,32.648658,119.643578,-6.064551,24.084082,85.552968,-5.254417,24.051452,86.306770,0.030000,
-6.066089,24.102125,85.552340,-10.937339,32.648174,119.646174,-6.067472,24.118356,85.551775,-5.254663,24.051499,86.306543,0.030000,
-6.066089,24.102125,85.552340,-10.937706,32.647690,119.648770,-6.064551,24.084082,85.552968,-5.254908,24.051547,86.306316,0.030000,
-6.066089,24.102125,85.552340,-10.938072,32.647205,119.651366,-6.067472,24.118356,85.551775,-5.255154,24.051594,86.306090,0.030000,
-6.066089,24.102125,85.552340,-10.938439,32.646721,119.653961,-6.064551,24.084082,85.552968,-5.255399,24.051641,86.305863,0.030000,
-6.066089,24.102125,85.552340,-10.938805,32.646237,119.656555,-6.067472,24.118356,85.551775,-5.255644,24.051689,86.305636,0.030000,
-6.066089,24.102125,85.552340,-10.939172,32.645753,119.659149,-6.064551,24.084082,85.552968,-5.255890,24.051736,86.305410,0.030000,
-6.066089,24.102125,85.552340,-10.939538,32.645269,119.661743,-6.067472,24.118356,85.551775,-5.256135,24.051784,86.305183,0.030000,
-6.066089,24.102125,85.552340,-10.939905,32.644786,119.664335,-6.064551,24.084082,85.552968,-5.256380,24.051831,86.304957,0.030000,
-6.066089,24.102125,85.552340,-10.940271,32.644302,119.666928,-6.067472,24.118356,85.551775,-5.256625,24.051878,86.304731,0.030000,
-6.066089,24.102125,85.552340,-10.940637,32.643818,119.669520,-6.064551,24.084082,85.552968,-5.256870,24.051925,86.304505,0.030000,
-6.066089,24.102125,85.552340,-10.941004,32.643335,119.672111,-6.067472,24.118356,85.551775,-5.257115,24.051972,86.304278,0.030000,
-6.066089,24.102125,85.552340,-10.941370,32.642851,119.674702,-6.064551,24.084082,85.552968,-5.257359,24.052020,86.304052,0.030000,
-6.066089,24.102125,85.552340,-10.941736,32.642368,119.677293,-6.067472,24.118356,85.551775,-5.257604,24.052067,86.303826,0.030000,
-6.066089,24.102125,85.552340,-10.942102,32.641885,119.679883,-6.064551,24.084082,85.552968,-5.257849,24.052114,86.303600,0.030000,
-6.066089,24.102125,85.552340,-10.942468,32.641401,119.682472,-6.067472,24.118356,85.551775,-5.258093,24.052161,86.303375,0.030000,
-6.066089,24.102125,85.552340,-10.942834,32.640918,119.685061,-6.064551,24.084082,85.552968,-5.258338,24.052208,86.303149,0.030000,
-6.066089,24.102125,85.552340,-10.943201,32.640435,119.687650,-6.067472,24.118356,85.551775,-5.258582,24.052255,86.302923,0.030000,
-6.066089,24.102125,85.552340,-10.943567,32.639952,119.690238,-6.064551,24.084082,85.552968,-5.258826,24.052302,86.302697,0.030000,
-6.066089,24.102125,85.552340,-10.943932,32.639470,119.692825,-6.067472,24.118356,85.551775,-5.259070,24.052349,86.302472,0.030000,
-6.066089,24.102125,85.552340,-10.944298,32.638987,119.695412,-6.064551,24.084082,85.552968,-5.259315,24.052396,86.302246,0.030000,
-6.066089,24.102125,85.552340,-10.944664,32.638504,119.697999,-6.067472,24.118356,85.551775,-5.259559,24.052443,86.302021,0.030000,
-6.066089,24.102125,85.552340,-10.945030,32.638022,119.700585,-6.064551,24.084082,85.552968,-5.259803,24.052489,86.301795,0.030000,
-6.066089,24.102125,85.552340,-10.945396,32.637539,119.703171,-6.067472,24.118356,85.551775,-5.260047,24.052536,86.301570,0.030000,
-6.066089,24.102125,85.552340,-10.945762,32.637057,119.705756,-6.064551,24.084082,85.552968,-5.260290,24.052583,86.301345,0.030000,
-6.066089,24.102125,85.552340,-10.946127,32.636574,119.708340,-6.067472,24.118356,85.551775,-5.260534,24.052630,86.301119,0.030000,
-6.066089,24.102125,85.552340,-10.946493,32.636092,119.710924,-6.064551,24.084082,85.552968,-5.260778,24.052676,86.300894,0.030000,
-6.066089,24.102125,85.552340,-10.946859,32.635610,119.713508,-6.067472,24.118356,85.551775,-5.261022,24.052723,86.300669,0.030000,
-6.066089,24.102125,85.552340,-10.947224,32.635128,119.716091,-6.064551,24.084082,85.552968,-5.261265,24.052770,86.300444,0.030000,
-6.066089,24.102125,85.552340,-10.947590,32.634646,119.718673,-6.067472,24.118356,85.551775,-5.261509,24.052816,86.300219,0.030000,
-6.066089,24.102125,85.552340,-10.947955,32.634164,119.721255,-6.064551,24.084082,85.552968,-5.261752,24.052863,86.299994,0.030000,
-6.066089,24.102125,85.552340,-10.948321,32.633682,119.723837,-6.067472,24.118356,85.551775,-5.261995,24.052909,86.299770,0.030000,
-6.066089,24.102125,85.552340,-10.948686,32.633200,119.726418,-6.064551,24.084082,85.552968,-5.262239,24.052956,86.299545,0.030000,
-6.066089,24.102125,85.552340,-10.949052,32.632719,119.728998,-6.067472,24.118356,85.551775,-5.262482,24.053002,86.299320,0.030000,
-6.066089,24.102125,85.552340,-10.949417,32.632237,119.731578,-6.064551,24.084082,85.552968,-5.262725,24.053049,86.299096,0.030000,
-6.066089,24.102125,85.552340,-10.949782,32.631756,119.734158,-6.067472,24.118356,85.551775,-5.262968,24.053095,86.298871,0.030000,
-6.066089,24.102125,85.552340,-10.950148,32.631274,119.736737,-6.064551,24.084082,85.552968,-5.263211,24.053141,86.298647,0.030000,
-6.066089,24.102125,85.552340,-10.950513,32.630793,119.739316,-6.067472,24.118356,85.551775,-5.263454,24.053188,86.298422,0.030000,
-6.066089,24.102125,85.552340,-10.950878,32.630312,119.741894,-6.064551,24.084082,85.552968,-5.263697,24.053234,86.298198,0.030000,
-6.066089,24.102125,85.552340,-10.951243,32.629831,119.744471,-6.067472,24.118356,85.551775,-5.263939,24.053280,86.297974,0.030000,
-6.066089,24.102125,85.552340,-10.951608,32.629350,119.747048,-6.064551,24.084082,85.552968,-5.264182,24.053326,86.297749,0.030000,
-6.066089,24.102125,85.552340,-10.951973,32.628869,119.749625,-6.067472,24.118356,85.551775,-5.264425,24.053373,86.297525,0.030000,
-6.066089,24.102125,85.552340,-10.952338,32.628388,119.752201,-6.064551,24.084082,85.552968,-5.264667,24.053419,86.297301,0.030000,
-6.066089,24.102125,85.552340,-10.952703,32.627907,119.754777,-6.067472,24.118356,85.551775,-5.264910,24.053465,86.297077,0.030000,
-6.066089,24.102125,85.552340,-10.953068,32.627427,119.757352,-6.064551,24.084082,85.552968,-5.265152,24.053511,86.296853,0.030000,
-6.066089,24.102125,85.552340,-10.953433,32.626946,119.759926,-6.067472,24.118356,85.551775,-5.265394,24.053557,86.296630,0.030000,
-6.066089,24.102125,85.552340,-10.953798,32.626466,119.762500,-6.064551,24.084082,85.552968,-5.265637,24.053603,86.296406,0.030000,
-6.066089,24.102125,85.552340,-10.954163,32.625985,119.765074,-6.067472,24.118356,85.551775,-5.265879,24.053649,86.296182,0.030000,
-6.066089,24.102125,85.552340,-10.954528,32.625505,119.767647,-6.064551,24.084082,85.552968,-5.266121,24.053695,86.295958,0.030000,
-6.066089,24.102125,85.552340,-10.954893,32.625025,119.770220,-6.067472,24.118356,85.551775,-5.266363,24.053741,86.295735,0.030000,
-6.066089,24.102125,85.552340,-10.955257,32.624544,119.772792,-6.064551,24.084082,85.552968,-5.266605,24.053787,86.295511,0.030000,
-6.066089,24.102125,85.552340,-10.955622,32.624064,119.775363,-6.067472,24.118356,85.551775,-5.266847,24.053833,86.295288,0.030000,
-6.066089,24.102125,85.552340,-10.955987,32.623584,119.777935,-6.064551,24.084082,85.552968,-5.267088,24.053879,86.295064,0.030000,
-6.066089,24.102125,85.552340,-10.956351,32.623104,119.780505,-6.067472,24.118356,85.551775,-5.267330,24.053924,86.294841,0.030000,
-6.066089,24.102125,85.552340,-10.956716,32.622625,119.783075,-6.064551,24.084082,85.552968,-5.267572,24.053970,86.294618,0.030000,
-6.066089,24.102125,85.552340,-10.957080,32.622145,119.785645,-6.067472,24.118356,85.551775,-5.267813,24.054016,86.294395,0.030000,
-6.066089,24.102125,85.552340,-10.957445,32.621665,119.788214,-6.064551,24.084082,85.552968,-5.268055,24.054062,86.294172,0.030000,
-6.066089,24.102125,85.552340,-10.957809,32.621186,119.790783,-6.067472,24.118356,85.551775,-5.268296,24.054107,86.293949,0.030000,
-6.066089,24.102125,85.552340,-10.958173,32.620706,119.793351,-6.064551,24.084082,85.552968,-5.268538,24.054153,86.293726,0.030000,
-6.066089,24.102125,85.552340,-10.958538,32.620227,119.795919,-6.067472,24.118356,85.551775,-5.268779,24.054199,86.293503,0.030000,
-6.066089,24.102125,85.552340,-10.958902,32.619748,119.798486,-6.064551,24.084082,85.552968,-5.269020,24.054244,86.293280,0.030000,
-6.066089,24.102125,85.552340,-10.959266,32.619268,119.801053,-6.067472,24.118356,85.551775,-5.269261,24.054290,86.293057,0.030000,
-6.066089,24.102125,85.552340,-10.959631,32.618789,119.803619,-6.064551,24.084082,85.552968,-5.269502,24.054335,86.292834,0.030000,
-6.066089,24.102125,85.552340,-10.959995,32.618310,119.806184,-6.067472,24.118356,85.551775,-5.269743,24.054381,86.292612,0.030000,
-6.066089,24.102125,85.552340,-10.960359,32.617831,119.808750,-6.064551,24.084082,85.552968,-5.269984,24.054426,86.292389,0.030000,
-6.066089,24.102125,85.552340,-10.960723,32.617352,119.811314,-6.067472,24.118356,85.551775,-5.270225,24.054471,86.292167,0.030000,
-6.066089,24.102125,85.552340,-10.961087,32.616874,119.813879,-6.064551,24.084082,85.552968,-5.270466,24.054517,86.291944,0.030000,
-6.066089,24.102125,85.552340,-10.961451,32.616395,119.816442,-6.067472,24.118356,85.551775,-5.270706,24.054562,86.291722,0.030000,
-6.066089,24.102125,85.552340,-10.961815,32.615916,119.819005,-6.064551,24.084082,85.552968,-5.270947,24.054608,86.291499,0.030000,
-6.066089,24.102125,85.552340,-10.962179,32.615438,119.821568,-6.067472,24.118356,85.551775,-5.271188,24.054653,86.291277,0.030000,
-6.066089,24.102125,85.552340,-10.962543,32.614959,119.824130,-6.064551,24.084082,85.552968,-5.271428,24.054698,86.291055,0.030000,
-6.066089,24.102125,85.552340,-10.962907,32.614481,119.826692,-6.067472,24.118356,85.551775,-5.271668,24.054743,86.290833,0.030000,
-6.066089,24.102125,85.552340,-10.963271,32.614003,119.829253,-6.064551,24.084082,85.552968,-5.271909,24.054788,86.290611,0.030000,
-6.066089,24.102125,85.552340,-10.963634,32.613525,119.831814,-6.067472,24.118356,85.551775,-5.272149,24.054834,86.290389,0.030000,
-6.066089,24.102125,85.552340,-10.963998,32.613047,119.834374,-6.064551,24.084082,85.552968,-5.272389,24.054879,86.290167,0.030000,
-6.066089,24.102125,85.552340,-10.964362,32.612569,119.836934,-6.067472,24.118356,85.551775,-5.272629,24.054924,86.289945,0.030000,
-6.066089,24.102125,85.552340,-10.964725,32.612091,119.839494,-6.064551,24.084082,85.552968,-5.272869,24.054969,86.289723,0.030000,
-6.066089,24.102125,85.552340,-10.965089,32.611613,119.842052,-6.067472,24.118356,85.551775,-5.273109,24.055014,86.289502,0.030000,
-6.066089,24.102125,85.552340,-10.965453,32.611135,119.844611,-6.064551,24.084082,85.552968,-5.273349,24.055059,86.289280,0.030000,
-6.066089,24.102125,85.552340,-10.965816,32.610657,119.847168,-6.067472,24.118356,85.551775,-5.273589,24.055104,86.289058,0.030000,
-6.066089,24.102125,85.552340,-10.966180,32.610180,119.849726,-6.064551,24.084082,85.552968,-5.273829,24.055149,86.288837,0.030000,
-6.066089,24.102125,85.552340,-10.966543,32.609702,119.852283,-6.067472,24.118356,85.551775,-5.274068,24.055194,86.288616,0.030000,
-6.066089,24.102125,85.552340,-10.966907,32.609225,119.854839,-6.064551,24.084082,85.552968,-5.274308,24.055239,86.288394,0.030000,
-6.066089,24.102125,85.552340,-10.967270,32.608748,119.857395,-6.067472,24.118356,85.551775,-5.274547,24.055283,86.288173,0.030000,
-6.066089,24.102125,85.552340,-10.967633,32.608270,119.859950,-6.064551,24.084082,85.552968,-5.274787,24.055328,86.287952,0.030000,
-6.066089,24.102125,85.552340,-10.967996,32.607793,119.862505,-6.067472,24.118356,85.551775,-5.275026,24.055373,86.287730,0.030000,
-6.066089,24.102125,85.552340,-10.968360,32.607316,119.865059,-6.064551,24.084082,85.552968,-5.275266,24.055418,86.287509,0.030000,
-6.066089,24.102125,85.552340,-10.968723,32.606839,119.867613,-6.067472,24.118356,85.551775,-5.275505,24.055462,86.287288,0.030000,
-6.066089,24.102125,85.552340,-10.969086,32.606362,119.870167,-6.064551,24.084082,85.552968,-5.275744,24.055507,86.287067,0.030000,
-6.066089,24.102125,85.552340,-10.969449,32.605886,119.872719,-6.067472,24.118356,85.551775,-5.275983,24.055552,86.286846,0.030000,
-6.066089,24.102125,85.552340,-10.969812,32.605409,119.875272,-6.064551,24.084082,85.552968,-5.276222,24.055596,86.286626,0.030000,
-6.066089,24.102125,85.552340,-10.970175,32.604932,119.877824,-6.067472,24.118356,85.551775,-5.276461,24.055641,86.286405,0.030000,
-6.066089,24.102125,85.552340,-10.970538,32.604456,119.880375,-6.064551,24.084082,85.552968,-5.276700,24.055685,86.286184,0.030000,
-6.066089,24.102125,85.552340,-10.970901,32.603979,119.882926,-6.067472,24.118356,85.551775,-5.276939,24.055730,86.285963,0.030000,
-6.066089,24.102125,85.552340,-10.971264,32.603503,119.885476,-6.064551,24.084082,85.552968,-5.277177,24.055774,86.285743,0.030000,
-6.066089,24.102125,85.552340,-10.971627,32.603027,119.888026,-6.067472,24.118356,85.551775,-5.277416,24.055819,86.285522,0.030000,
-6.066089,24.102125,85.552340,-10.971990,32.602550,119.890576,-6.064551,24.084082,85.552968,-5.277655,24.055863,86.285302,0.030000,
-6.066089,24.102125,85.552340,-10.972353,32.602074,119.893125,-6.067472,24.118356,85.551775,-5.277893,24.055908,86.285081,0.030000,
-6.066089,24.102125,85.552340,-10.972716,32.601598,119.895673,-6.064551,24.084082,85.552968,-5.278131,24.055952,86.284861,0.030000,
-6.066089,24.102125,85.552340,-10.973078,32.601122,119.898221,-6.067472,24.118356,85.551775,-5.278370,24.055996,86.284641,0.030000,
-6.066089,24.102125,85.552340,-10.973441,32.600647,119.900769,-6.064551,24.084082,85.552968,-5.278608,24.056041,86.284421,0.030000,
-6.066089,24.102125,85.552340,-10.973804,32.600171,119.903316,-6.067472,24.118356,85.551775,-5.278846,24.056085,86.284201,0.030000,
-6.066089,24.102125,85.552340,-10.974166,32.599695,119.905862,-6.064551,24.084082,85.552968,-5.279084,24.056129,86.283981,0.030000,
-6.066089,24.102125,85.552340,-10.974529,32.599220,119.908408,-6.067472,24.118356,85.551775,-5.279323,24.056173,86.283761,0.030000,
-6.066089,24.102125,85.552340,-10.974891,32.598744,119.910954,-6.064551,24.084082,85.552968,-5.279561,24.056218,86.283541,0.030000,
-6.066089,24.102125,85.552340,-10.975254,32.598269,119.913499,-6.067472,24.118356,85.551775,-5.279798,24.056262,86.283321,0.030000,
-6.066089,24.102125,85.552340,-10.975616,32.597793,119.916043,-6.064551,24.084082,85.552968,-5.280036,24.056306,86.283101,0.030000,
-6.066089,24.102125,85.552340,-10.975978,32.597318,119.918587,-6.067472,24.118356,85.551775,-5.280274,24.056350,86.282881,0.030000,
-6.066089,24.102125,85.552340,-10.976341,32.596843,119.921131,-6.064551,24.084082,85.552968,-5.280512,24.056394,86.282662,0.030000,
-6.066089,24.102125,85.552340,-10.976703,32.596368,119.923674,-6.067472,24.118356,85.551775,-5.280749,24.056438,86.282442,0.030000,
-6.066089,24.102125,85.552340,-10.977065,32.595893,119.926217,-6.064551,24.084082,85.552968,-5.280987,24.056482,86.282223,0.030000,
-6.066089,24.102125,85.552340,-10.977428,32.595418,119.928759,-6.067472,24.118356,85.551775,-5.281224,24.056526,86.282003,0.030000,
-6.066089,24.102125,85.552340,-10.977790,32.594943,119.931300,-6.064551,24.084082,85.552968,-5.281462,24.056570,86.281784,0.030000,
-6.066089,24.102125,85.552340,-10.978152,32.594468,119.933841,-6.067472,24.118356,85.551775,-5.281699,24.056614,86.281564,0.030000,
-6.066089,24.102125,85.552340,-10.978514,32.593994,119.936382,-6.064551,24.084082,85.552968,-5.281936,24.056658,86.281345,0.030000,
-6.066089,24.102125,85.552340,-10.978876,32.593519,119.938922,-6.067472,24.118356,85.551775,-5.282174,24.056701,86.281126,0.030000,
-6.066089,24.102125,85.552340,-10.979238,32.593045,119.941462,-6.064551,24.084082,85.552968,-5.282411,24.056745,86.280907,0.030000,
-6.066089,24.102125,85.552340,-10.979600,32.592570,119.944001,-6.067472,24.118356,85.551775,-5.282648,24.056789,86.280688,0.030000,
-6.066089,24.102125,85.552340,-10.979962,32.592096,119.946540,-6.064551,24.084082,85.552968,-5.282885,24.056833,86.280469,0.030000,
-6.066089,24.102125,85.552340,-10.980324,32.591622,119.949078,-6.067472,24.118356,85.551775,-5.283122,24.056876,86.280250,0.030000,
-6.066089,24.102125,85.552340,-10.980686,32.591148,119.951615,-6.064551,24.084082,85.552968,-5.283359,24.056920,86.280031,0.030000,
-6.066089,24.102125,85.552340,-10.981048,32.590674,119.954153,-6.067472,24.118356,85.551775,-5.283595,24.056964,86.279812,0.030000,
-6.066089,24.102125,85.552340,-10.981409,32.590200,119.956689,-6.064551,24.084082,85.552968,-5.283832,24.057007,86.279593,0.030000,
-6.066089,24.102125,85.552340,-10.981771,32.589726,119.959226,-6.067472,24.118356,85.551775,-5.284069,24.057051,86.279375,0.030000,
-6.066089,24.102125,85.552340,-10.982133,32.589252,119.961761,-6.064551,24.084082,85.552968,-5.284305,24.057094,86.279156,0.030000,
-6.066089,24.102125,85.552340,-10.982494,32.588778,119.964297,-6.067472,24.118356,85.551775,-5.284542,24.057138,86.278938,0.030000,
-6.066089,24.102125,85.552340,-10.982856,32.588305,119.966831,-6.064551,24.084082,85.552968,-5.284778,24.057181,86.278719,0.030000,
-6.066089,24.102125,85.552340,-10.983218,32.587831,119.969366,-6.067472,24.118356,85.551775,-5.285014,24.057225,86.278501,0.030000,
-6.066089,24.102125,85.552340,-10.983579,32.587358,119.971899,-6.064551,24.084082,85.552968,-5.285251,24.057268,86.278282,0.030000,
-6.066089,24.102125,85.552340,-10.983941,32.586884,119.974433,-6.067472,24.118356,85.551775,-5.285487,24.057312,86.278064,0.030000,
-6.066089,24.102125,85.552340,-10.984302,32.586411,119.976965,-6.064551,24.084082,85.552968,-5.285723,24.057355,86.277846,0.030000,
-6.066089,24.102125,85.552340,-10.984664,32.585938,119.979498,-6.067472,24.118356,85.551775,-5.285959,24.057398,86.277628,0.030000,
-6.066089,24.102125,85.552340,-10.985025,32.585465,119.982030,-6.064551,24.084082,85.552968,-5.286195,24.057442,86.277410,0.030000,
-6.066089,24.102125,85.552340,-10.985386,32.584992,119.984561,-6.067472,24.118356,85.551775,-5.286431,24.057485,86.277192,0.030000,
-6.066089,24.102125,85.552340,-10.985748,32.584519,119.987092,-6.064551,24.084082,85.552968,-5.286667,24.057528,86.276974,0.030000,
-6.066089,24.102125,85.552340,-10.986109,32.584046,119.989622,-6.067472,24.118356,85.551775,-5.286902,24.057571,86.276756,0.030000,
-6.066089,24.102125,85.552340,-10.986470,32.583573,119.992152,-6.064551,24.084082,85.552968,-5.287138,24.057614,86.276538,0.030000,
-6.066089,24.102125,85.552340,-10.986831,32.583100,119.994681,-6.067472,24.118356,85.551775,-5.287374,24.057658,86.276320,0.030000,
-6.066089,24.102125,85.552340,-10.987192,32.582628,119.997210,-6.064551,24.084082,85.552968,-5.287609,24.057701,86.276103,0.030000,
-6.066089,24.102125,85.552340,-10.987553,32.582155,119.999739,-6.067472,24.118356,85.551775,-5.287845,24.057744,86.275885,0.030000,
-6.066089,24.102125,85.552340,-10.987914,32.581683,120.002267,-6.064551,24.084082,85.552968,-5.288080,24.057787,86.275667,0.030000,
-6.066089,24.102125,85.552340,-10.988275,32.581211,120.004794,-6.067472,24.118356,85.551775,-5.288316,24.057830,86.275450,0.030000,
-6.066089,24.102125,85.552340,-10.988636,32.580738,120.007321,-6.064551,24.084082,85.552968,-5.288551,24.057873,86.275233,0.030000,
-6.066089,24.102125,85.552340,-10.988997,32.580266,120.009847,-6.067472,24.118356,85.551775,-5.288786,24.057916,86.275015,0.030000,
-6.066089,24.102125,85.552340,-10.989358,32.579794,120.012373,-6.064551,24.084082,85.552968,-5.289021,24.057959,86.274798,0.030000,
-6.066089,24.102125,85.552340,-10.989719,32.579322,120.014899,-6.067472,24.118356,85.551775,-5.289256,24.058002,86.274581,0.030000,
-6.066089,24.102125,85.552340,-10.990080,32.578850,120.017424,-6.064551,24.084082,85.552968,-5.289491,24.058044,86.274364,0.030000,
-6.066089,24.102125,85.552340,-10.990440,32.578378,120.019948,-6.067472,24.118356,85.551775,-5.289726,24.058087,86.274146,0.030000,
-6.066089,24.102125,85.552340,-10.990801,32.577907,120.022472,-6.064551,24.084082,85.552968,-5.289961,24.058130,86.273929,0.030000,
-6.066089,24.102125,85.552340,-10.991162,32.577435,120.024996,-6.067472,24.118356,85.551775,-5.290196,24.058173,86.273712,0.030000,
-6.066089,24.102125,85.552340,-10.991523,32.576963,120.027519,-6.064551,24.084082,85.552968,-5.290430,24.058216,86.273496,0.030000,
-6.066089,24.102125,85.552340,-10.991883,32.576492,120.030042,-6.067472,24.118356,85.551775,-5.290665,24.058258,86.273279,0.030000,
-6.066089,24.102125,85.552340,-10.992244,32.576020,120.032564,-6.064551,24.084082,85.552968,-5.290899,24.058301,86.273062,0.030000,
-6.066089,24.102125,85.552340,-10.992604,32.575549,120.035085,-6.067472,24.118356,85.551775,-5.291134,24.058344,86.272845,0.030000,
-6.066089,24.102125,85.552340,-10.992965,32.575078,120.037606,-6.064551,24.084082,85.552968,-5.291368,24.058386,86.272629,0.030000,
-6.066089,24.102125,85.552340,-10.993325,32.574607,120.040127,-6.067472,24.118356,85.551775,-5.291603,24.058429,86.272412,0.030000,
-6.066089,24.102125,85.552340,-10.993685,32.574136,120.042647,-6.064551,24.084082,85.552968,-5.291837,24.058471,86.272196,0.030000,
-6.066089,24.102125,85.552340,-10.994046,32.573665,120.045167,-6.067472,24.118356,85.551775,-5.292071,24.058514,86.271979,0.030000,
-6.066089,24.102125,85.552340,-10.994406,32.573194,120.047686,-6.064551,24.084082,85.552968,-5.292305,24.058556,86.271763,0.030000,
-6.066089,24.102125,85.552340,-10.994766,32.572723,120.050205,-6.067472,24.118356,85.551775,-5.292539,24.058599,86.271546,0.030000,
-6.066089,24.102125,85.552340,-10.995127,32.572252,120.052723,-6.064551,24.084082,85.552968,-5.292773,24.058641,86.271330,0.030000,
-6.066089,24.102125,85.552340,-10.995487,32.571782,120.055241,-6.067472,24.118356,85.551775,-5.293007,24.058684,86.271114,0.030000,
-6.066089,24.102125,85.552340,-10.995847,32.571311,120.057758,-6.064551,24.084082,85.552968,-5.293241,24.058726,86.270898,0.030000,
-6.066089,24.102125,85.552340,-10.996207,32.570841,120.060275,-6.067472,24.118356,85.551775,-5.293475,24.058768,86.270682,0.030000,
-6.066089,24.102125,85.552340,-10.996567,32.570370,120.062791,-6.064551,24.084082,85.552968,-5.293708,24.058811,86.270466,0.030000,
-6.066089,24.102125,85.552340,-10.996927,32.569900,120.065307,-6.067472,24.118356,85.551775,-5.293942,24.058853,86.270250,0.030000,
-6.066089,24.102125,85.552340,-10.997287,32.569430,120.067822,-6.064551,24.084082,85.552968,-5.294175,24.058895,86.270034,0.030000,
-6.066089,24.102125,85.552340,-10.997647,32.568960,120.070337,-6.067472,24.118356,85.551775,-5.294409,24.058938,86.269818,0.030000,
-6.066089,24.102125,85.552340,-10.998007,32.568490,120.072851,-6.064551,24.084082,85.552968,-5.294642,24.058980,86.269603,0.030000,
-6.066089,24.102125,85.552340,-10.998367,32.568020,120.075365,-6.067472,24.118356,85.551775,-5.294876,24.059022,86.269387,0.030000,
-6.066089,24.102125,85.552340,-10.998726,32.567550,120.077878,-6.064551,24.084082,85.552968,-5.295109,24.059064,86.269171,0.030000,
-6.066089,24.102125,85.552340,-10.999086,32.567080,120.080391,-6.067472,24.118356,85.551775,-5.295342,24.059106,86.268956,0.030000,
-6.066089,24.102125,85.552340,-10.999446,32.566610,120.082903,-6.064551,24.084082,85.552968,-5.295575,24.059148,86.268740,0.030000,
-6.066089,24.102125,85.552340,-10.999806,32.566141,120.085415,-6.067472,24.118356,85.551775,-5.295808,24.059190,86.268525,0.030000,
-6.066089,24.102125,85.552340,-11.000165,32.565671,120.087927,-6.064551,24.084082,85.552968,-5.296041,24.059232,86.268310,0.030000,
-6.066089,24.102125,85.552340,-11.000525,32.565202,120.090438,-6.067472,24.118356,85.551775,-5.296274,24.059274,86.268094,0.030000,
-6.066089,24.102125,85.552340,-11.000884,32.564732,120.092948,-6.064551,24.084082,85.552968,-5.296507,24.059316,86.267879,0.030000,
-6.066089,24.102125,85.552340,-11.001244,32.564263,120.095458,-6.067472,24.118356,85.551775,-5.296740,24.059358,86.267664,0.030000,
-6.066089,24.102125,85.552340,-11.001603,32.563794,120.097968,-6.064551,24.084082,85.552968,-5.296972,24.059400,86.267449,0.030000,
-6.066089,24.102125,85.552340,-11.001963,32.563325,120.100477,-6.067472,24.118356,85.551775,-5.297205,24.059442,86.267234,0.030000,
-6.066089,24.102125,85.552340,-11.002322,32.562856,120.102985,-6.064551,24.084082,85.552968,-5.297438,24.059484,86.267019,0.030000,
-6.066089,24.102125,85.552340,-11.002682,32.562387,120.105493,-6.067472,24.118356,85.551775,-5.297670,24.059526,86.266804,0.030000,
-6.066089,24.102125,85.552340,-11.003041,32.561918,120.108001,-6.064551,24.084082,85.552968,-5.297903,24.059567,86.266589,0.030000,
-6.066089,24.102125,85.552340,-11.003400,32.561449,120.110508,-6.067472,24.118356,85.551775,-5.298135,24.059609,86.266374,0.030000,
-6.066089,24.102125,85.552340,-11.003759,32.560981,120.113014,-6.064551,24.084082,85.552968,-5.298367,24.059651,86.266160,0.030000,
-6.066089,24.102125,85.552340,-11.004119,32.560512,120.115520,-6.067472,24.118356,85.551775,-5.298599,24.059692,86.265945,0.030000,
-6.066089,24.102125,85.552340,-11.004478,32.560043,120.118026,-6.064551,24.084082,85.552968,-5.298831,24.059734,86.265731,0.030000,
-6.066089,24.102125,85.552340,-11.004837,32.559575,120.120531,-6.067472,24.118356,85.551775,-5.299064,24.059776,86.265516,0.030000,
-6.066089,24.102125,85.552340,-11.005196,32.559107,120.123036,-6.064551,24.084082,85.552968,-5.299296,24.059817,86.265302,0.030000,
-6.066089,24.102125,85.552340,-11.005555,32.558638,120.125540,-6.067472,24.118356,85.551775,-5.299527,24.059859,86.265087,0.030000,
-6.066089,24.102125,85.552340,-11.005914,32.558170,120.128043,-6.064551,24.084082,85.552968,-5.299759,24.059900,86.264873,0.030000,
-6.066089,24.102125,85.552340,-11.006273,32.557702,120.130547,-6.067472,24.118356,85.551775,-5.299991,24.059942,86.264659,0.030000,
-6.066089,24.102125,85.552340,-11.006632,32.557234,120.133049,-6.064551,24.084082,85.552968,-5.300223,24.059983,86.264445,0.030000,
-6.066089,24.102125,85.552340,-11.006991,32.556766,120.135552,-6.067472,24.118356,85.551775,-5.300454,24.060025,86.264230,0.030000,
-6.066089,24.102125,85.552340,-11.007349,32.556298,120.138053,-6.064551,24.084082,85.552968,-5.300686,24.060066,86.264016,0.030000,
-6.066089,24.102125,85.552340,-11.007708,32.555831,120.140555,-6.067472,24.118356,85.551775,-5.300917,24.060108,86.263802,0.030000,
-6.066089,24.102125,85.552340,-11.008067,32.555363,120.143055,-6.064551,24.084082,85.552968,-5.301149,24.060149,86.263588,0.030000,
-6.066089,24.102125,85.552340,-11.008426,32.554895,120.145556,-6.067472,24.118356,85.551775,-5.301380,24.060190,86.263375,0.030000,
-6.066089,24.102125,85.552340,-11.008784,32.554428,120.148055,-6.064551,24.084082,85.552968,-5.301611,24.060232,86.263161,0.030000,
-6.066089,24.102125,85.552340,-11.009143,32.553961,120.150555,-6.067472,24.118356,85.551775,-5.301843,24.060273,86.262947,0.030000,
-6.066089,24.102125,85.552340,-11.009501,32.553493,120.153054,-6.064551,24.084082,85.552968,-5.302074,24.060314,86.262733,0.030000,
-6.066089,24.102125,85.552340,-11.009860,32.553026,120.155552,-6.067472,24.118356,85.551775,-5.302305,24.060355,86.262520,0.030000,
-6.066089,24.102125,85.552340,-11.010218,32.552559,120.158050,-6.064551,24.084082,85.552968,-5.302536,24.060397,86.262306,0.030000,
-6.066089,24.102125,85.552340,-11.010577,32.552092,120.160547,-6.067472,24.118356,85.551775,-5.302767,24.060438,86.262093,0.030000,
-6.066089,24.102125,85.552340,-11.010935,32.551625,120.163044,-6.064551,24.084082,85.552968,-5.302998,24.060479,86.261879,0.030000,
-6.066089,24.102125,85.552340,-11.011294,32.551158,120.165541,-6.067472,24.118356,85.551775,-5.303228,24.060520,86.261666,0.030000,
-6.066089,24.102125,85.552340,-11.011652,32.550691,120.168037,-6.064551,24.084082,85.552968,-5.303459,24.060561,86.261453,0.030000,
-6.066089,24.102125,85.552340,-11.012010,32.550224,120.170532,-6.067472,24.118356,85.551775,-5.303690,24.060602,86.261240,0.030000,
-6.066089,24.102125,85.552340,-11.012368,32.549758,120.173027,-6.064551,24.084082,85.552968,-5.303920,24.060643,86.261026,0.030000,
-6.066089,24.102125,85.552340,-11.012727,32.549291,120.175522,-6.067472,24.118356,85.551775,-5.304151,24.060684,86.260813,0.030000,
-6.066089,24.102125,85.552340,-11.013085,32.548825,120.178016,-6.064551,24.084082,85.552968,-5.304381,24.060725,86.260600,0.030000,
-6.066089,24.102125,85.552340,-11.013443,32.548358,120.180509,-6.067472,24.118356,85.551775,-5.304612,24.060766,86.260387,0.030000,
-6.066089,24.102125,85.552340,-11.013801,32.547892,120.183002,-6.064551,24.084082,85.552968,-5.304842,24.060807,86.260174,0.030000,
-6.066089,24.102125,85.552340,-11.014159,32.547426,120.185495,-6.067472,24.118356,85.551775,-5.305072,24.060848,86.259962,0.030000,
-6.066089,24.102125,85.552340,-11.014517,32.546960,120.187987,-6.064551,24.084082,85.552968,-5.305302,24.060888,86.259749,0.030000,
-6.066089,24.102125,85.552340,-11.014875,32.546494,120.190479,-6.067472,24.118356,85.551775,-5.305533,24.060929,86.259536,0.030000,
-6.066089,24.102125,85.552340,-11.015233,32.546028,120.192970,-6.064551,24.084082,85.552968,-5.305763,24.060970,86.259324,0.030000,
-6.066089,24.102125,85.552340,-11.015591,32.545562,120.195460,-6.067472,24.118356,85.551775,-5.305992,24.061011,86.259111,0.030000,
-6.066089,24.102125,85.552340,-11.015949,32.545096,120.197951,-6.064551,24.084082,85.552968,-5.306222,24.061051,86.258898,0.030000,
-6.066089,24.102125,85.552340,-11.016306,32.544630,120.200440,-6.067472,24.118356,85.551775,-5.306452,24.061092,86.258686,0.030000,
-6.066089,24.102125,85.552340,-11.016664,32.544165,120.202929,-6.064551,24.084082,85.552968,-5.306682,24.061133,86.258474,0.030000,
-6.066089,24.102125,85.552340,-11.017022,32.543699,120.205418,-6.067472,24.118356,85.551775,-5.306912,24.061173,86.258261,0.030000,
-6.066089,24.102125,85.552340,-11.017379,32.543234,120.207906,-6.064551,24.084082,85.552968,-5.307141,24.061214,86.258049,0.030000,
-6.066089,24.102125,85.552340,-11.017737,32.542768,120.210394,-6.067472,24.118356,85.551775,-5.307371,24.061254,86.257837,0.030000,
-6.066089,24.102125,85.552340,-11.018095,32.542303,120.212882,-6.064551,24.084082,85.552968,-5.307600,24.061295,86.257625,0.030000,
-6.066089,24.102125,85.552340,-11.018452,32.541838,120.215368,-6.067472,24.118356,85.551775,-5.307830,24.061335,86.257413,0.030000,
-6.066089,24.102125,85.552340,-11.018810,32.541373,120.217855,-6.064551,24.084082,85.552968,-5.308059,24.061376,86.257201,0.030000,
-6.066089,24.102125,85.552340,-11.019167,32.540907,120.220341,-6.067472,24.118356,85.551775,-5.308288,24.061416,86.256989,0.030000,
-6.066089,24.102125,85.552340,-11.019525,32.540443,120.222826,-6.064551,24.084082,85.552968,-5.308517,24.061457,86.256777,0.030000,
-6.066089,24.102125,85.552340,-11.019882,32.539978,120.225311,-6.067472,24.118356,85.551775,-5.308746,24.061497,86.256565,0.030000,
-6.066089,24.102125,85.552340,-11.020239,32.539513,120.227795,-6.064551,24.084082,85.552968,-5.308975,24.061538,86.256353,0.030000,
-6.066089,24.102125,85.552340,-11.020597,32.539048,120.230279,-6.067472,24.118356,85.551775,-5.309204,24.061578,86.256142,0.030000,
-6.066089,24.102125,85.552340,-11.020954,32.538584,120.232763,-6.064551,24.084082,85.552968,-5.309433,24.061618,86.255930,0.030000,
-6.066089,24.102125,85.552340,-11.021311,32.538119,120.235246,-6.067472,24.118356,85.551775,-5.309662,24.061658,86.255719,0.030000,
-6.066089,24.102125,85.552340,-11.021668,32.537655,120.237728,-6.064551,24.084082,85.552968,-5.309891,24.061699,86.255507,0.030000,
-6.066089,24.102125,85.552340,-11.022025,32.537190,120.240210,-6.067472,24.118356,85.551775,-5.310120,24.061739,86.255296,0.030000,
-6.066089,24.102125,85.552340,-11.022382,32.536726,120.242692,-6.064551,24.084082,85.552968,-5.310348,24.061779,86.255084,0.030000,
-6.066089,24.102125,85.552340,-11.022739,32.536262,120.245173,-6.067472,24.118356,85.551775,-5.310577,24.061819,86.254873,0.030000,
-6.066089,24.102125,85.552340,-11.023096,32.535798,120.247653,-6.064551,24.084082,85.552968,-5.310805,24.061859,86.254662,0.030000,
-6.066089,24.102125,85.552340,-11.023453,32.535334,120.250134,-6.067472,24.118356,85.551775,-5.311034,24.061899,86.254451,0.030000,
-6.066089,24.102125,85.552340,-11.023810,32.534870,120.252613,-6.064551,24.084082,85.552968,-5.311262,24.061940,86.254239,0.030000,
-6.066089,24.102125,85.552340,-11.024167,32.534406,120.255092,-6.067472,24.118356,85.551775,-5.311490,24.061980,86.254028,0.030000,
-6.066089,24.102125,85.552340,-11.024524,32.533942,120.257571,-6.064551,24.084082,85.552968,-5.311719,24.062020,86.253817,0.030000,
-6.066089,24.102125,85.552340,-11.024881,32.533478,120.260049,-6.067472,24.118356,85.551775,-5.311947,24.062060,86.253607,0.030000,
-6.066089,24.102125,85.552340,-11.025237,32.533015,120.262527,-6.064551,24.084082,85.552968,-5.312175,24.062100,86.253396,0.030000,
-6.066089,24.102125,85.552340,-11.025594,32.532551,120.265004,-6.067472,24.118356,85.551775,-5.312403,24.062139,86.253185,0.030000,
-6.066089,24.102125,85.552340,-11.025951,32.532088,120.267481,-6.064551,24.084082,85.552968,-5.312631,24.062179,86.252974,0.030000,
-6.066089,24.102125,85.552340,-11.026307,32.531624,120.269957,-6.067472,24.118356,85.551775,-5.312858,24.062219,86.252763,0.030000,
-6.066089,24.102125,85.552340,-11.026664,32.531161,120.272433,-6.064551,24.084082,85.552968,-5.313086,24.062259,86.252553,0.030000,
-6.066089,24.102125,85.552340,-11.027021,32.530698,120.274908,-6.067472,24.118356,85.551775,-5.313314,24.062299,86.252342,0.030000,
-6.066089,24.102125,85.552340,-11.027377,32.530235,120.277383,-6.064551,24.084082,85.552968,-5.313542,24.062339,86.252132,0.030000,
-6.066089,24.102125,85.552340,-11.027733,32.529772,120.279858,-6.067472,24.118356,85.551775,-5.313769,24.062378,86.251921,0.030000,
-6.066089,24.102125,85.552340,-11.028090,32.529309,120.282331,-6.064551,24.084082,85.552968,-5.313997,24.062418,86.251711,0.030000,
-6.066089,24.102125,85.552340,-11.028446,32.528846,120.284805,-6.067472,24.118356,85.551775,-5.314224,24.062458,86.251501,0.030000,
-6.066089,24.102125,85.552340,-11.028803,32.528383,120.287278,-6.064551,24.084082,85.552968,-5.314452,24.062498,86.251291,0.030000,
-6.066089,24.102125,85.552340,-11.029159,32.527920,120.289750,-6.067472,24.118356,85.551775,-5.314679,24.062537,86.251080,0.030000,
-6.066089,24.102125,85.552340,-11.029515,32.527458,120.292222,-6.064551,24.084082,85.552968,-5.314906,24.062577,86.250870,0.030000,
-6.066089,24.102125,85.552340,-11.029871,32.526995,120.294694,-6.067472,24.118356,85.551775,-5.315133,24.062616,86.250660,0.030000,
-6.066089,24.102125,85.552340,-11.030227,32.526533,120.297165,-6.064551,24.084082,85.552968,-5.315360,24.062656,86.250450,0.030000,
-6.066089,24.102125,85.552340,-11.030584,32.526071,120.299635,-6.067472,24.118356,85.551775,-5.315587,24.062695,86.250240,0.030000,
-6.066089,24.102125,85.552340,-11.030940,32.525608,120.302105,-6.064551,24.084082,85.552968,-5.315814,24.062735,86.250031,0.030000,
-6.066089,24.102125,85.552340,-11.031296,32.525146,120.304575,-6.067472,24.118356,85.551775,-5.316041,24.062774,86.249821,0.030000,
-6.066089,24.102125,85.552340,-11.031652,32.524684,120.307044,-6.064551,24.084082,85.552968,-5.316268,24.062814,86.249611,0.030000,
-6.066089,24.102125,85.552340,-11.032008,32.524222,120.309513,-6.067472,24.118356,85.551775,-5.316495,24.062853,86.249401,0.030000,
-6.066089,24.102125,85.552340,-11.032364,32.523760,120.311981,-6.064551,24.084082,85.552968,-5.316722,24.062893,86.249192,0.030000,
-6.066089,24.102125,85.552340,-11.032719,32.523298,120.314449,-6.067472,24.118356,85.551775,-5.316948,24.062932,86.248982,0.030000,
-6.066089,24.102125,85.552340,-11.033075,32.522836,120.316916,-6.064551,24.084082,85.552968,-5.317175,24.062971,86.248773,0.030000,
-6.066089,24.102125,85.552340,-11.033431,32.522375,120.319383,-6.067472,24.118356,85.551775,-5.317401,24.063011,86.248563,0.030000,
-6.066089,24.102125,85.552340,-11.033787,32.521913,120.321849,-6.064551,24.084082,85.552968,-5.317628,24.063050,86.248354,0.030000,
-6.066089,24.102125,85.552340,-11.034143,32.521452,120.324315,-6.067472,24.118356,85.551775,-5.317854,24.063089,86.248145,0.030000,
-6.066089,24.102125,85.552340,-11.034498,32.520990,120.326780,-6.064551,24.084082,85.552968,-5.318080,24.063128,86.247936,0.030000,
-6.066089,24.102125,85.552340,-11.034854,32.520529,120.329245,-6.067472,24.118356,85.551775,-5.318306,24.063167,86.247727,0.030000,
-6.066089,24.102125,85.552340,-11.035209,32.520068,120.331709,-6.064551,24.084082,85.552968,-5.318532,24.063207,86.247517,0.030000,
-6.066089,24.102125,85.552340,-11.035565,32.519606,120.334173,-6.067472,24.118356,85.551775,-5.318759,24.063246,86.247308,0.030000,
-6.066089,24.102125,85.552340,-11.035920,32.519145,120.336636,-6.064551,24.084082,85.552968,-5.318985,24.063285,86.247099,0.030000,
-6.066089,24.102125,85.552340,-11.036276,32.518684,120.339099,-6.067472,24.118356,85.551775,-5.319210,24.063324,86.246891,0.030000,
-6.066089,24.102125,85.552340,-11.036631,32.518223,120.341562,-6.064551,24.084082,85.552968,-5.319436,24.063363,86.246682,0.030000,
-6.066089,24.102125,85.552340,-11.036987,32.517763,120.344024,-6.067472,24.118356,85.551775,-5.319662,24.063402,86.246473,0.030000,
-6.066089,24.102125,85.552340,-11.037342,32.517302,120.346485,-6.064551,24.084082,85.552968,-5.319888,24.063441,86.246264,0.030000,
-6.066089,24.102125,85.552340,-11.037697,32.516841,120.348946,-6.067472,24.118356,85.551775,-5.320113,24.063480,86.246056,0.030000,
-6.066089,24.102125,85.552340,-11.038053,32.516381,120.351407,-6.064551,24.084082,85.552968,-5.320339,24.063519,86.245847,0.030000,
-6.066089,24.102125,85.552340,-11.038408,32.515920,120.353867,-6.067472,24.118356,85.551775,-5.320565,24.063558,86.245638,0.030000,
-6.066089,24.102125,85.552340,-11.038763,32.515460,120.356327,-6.064551,24.084082,85.552968,-5.320790,24.063597,86.245430,0.030000,
-6.066089,24.102125,85.552340,-11.039118,32.514999,120.358786,-6.067472,24.118356,85.551775,-5.321015,24.063636,86.245222,0.030000,
-6.066089,24.102125,85.552340,-11.039473,32.514539,120.361244,-6.064551,24.084082,85.552968,-5.321241,24.063674,86.245013,0.030000,
-6.066089,24.102125,85.552340,-11.039828,32.514079,120.363703,-6.067472,24.118356,85.551775,-5.321466,24.063713,86.244805,0.030000,
-6.066089,24.102125,85.552340,-11.040183,32.513619,120.366160,-6.064551,24.084082,85.552968,-5.321691,24.063752,86.244597,0.030000,
-6.066089,24.102125,85.552340,-11.040538,32.513159,120.368618,-6.067472,24.118356,85.551775,-5.321916,24.063791,86.244389,0.030000,
-6.066089,24.102125,85.552340,-11.040893,32.512699,120.371074,-6.064551,24.084082,85.552968,-5.322141,24.063829,86.244181,0.030000,
-6.066089,24.102125,85.552340,-11.041248,32.512239,120.373531,-6.067472,24.118356,85.551775,-5.322366,24.063868,86.243973,0.030000,
-6.066089,24.102125,85.552340,-11.041603,32.511779,120.375986,-6.064551,24.084082,85.552968,-5.322591,24.063907,86.243765,0.030000,
-6.066089,24.102125,85.552340,-11.041957,32.511319,120.378442,-6.067472,24.118356,85.551775,-5.322816,24.063945,86.243557,0.030000,
-6.066089,24.102125,85.552340,-11.042312,32.510860,120.380897,-6.064551,24.084082,85.552968,-5.323041,24.063984,86.243349,0.030000,
-6.066089,24.102125,85.552340,-11.042667,32.510400,120.383351,-6.067472,24.118356,85.551775,-5.323265,24.064022,86.243141,0.030000,
-6.066089,24.102125,85.552340,-11.043022,32.509941,120.385805,-6.064551,24.084082,85.552968,-5.323490,24.064061,86.242933,0.030000,
-6.066089,24.102125,85.552340,-11.043376,32.509482,120.388258,-6.067472,24.118356,85.551775,-5.323715,24.064099,86.242726,0.030000,
-6.066089,24.102125,85.552340,-11.043731,32.509022,120.390711,-6.064551,24.084082,85.552968,-5.323939,24.064138,86.242518,0.030000,
-6.066089,24.102125,85.552340,-11.044085,32.508563,120.393164,-6.067472,24.118356,85.551775,-5.324163,24.064176,86.242311,0.030000,
-6.066089,24.102125,85.552340,-11.044440,32.508104,120.395616,-6.064551,24.084082,85.552968,-5.324388,24.064215,86.242103,0.030000,
-6.066089,24.102125,85.552340,-11.044794,32.507645,120.398067,-6.067472,24.118356,85.551775,-5.324612,24.064253,86.241896,0.030000,
-6.066089,24.102125,85.552340,-11.045149,32.507186,120.400518,-6.064551,24.084082,85.552968,-5.324836,24.064292,86.241689,0.030000,
-6.066089,24.102125,85.552340,-11.045503,32.506727,120.402969,-6.067472,24.118356,85.551775,-5.325060,24.064330,86.241481,0.030000,
-6.066089,24.102125,85.552340,-11.045857,32.506269,120.405419,-6.064551,24.084082,85.552968,-5.325285,24.064368,86.241274,0.030000,
-6.066089,24.102125,85.552340,-11.046212,32.505810,120.407869,-6.067472,24.118356,85.551775,-5.325509,24.064407,86.241067,0.030000,
-6.066089,24.102125,85.552340,-11.046566,32.505351,120.410318,-6.064551,24.084082,85.552968,-5.325733,24.064445,86.240860,0.030000,
-6.066089,24.102125,85.552340,-11.046920,32.504893,120.412767,-6.067472,24.118356,85.551775,-5.325956,24.064483,86.240653,0.030000,
-6.066089,24.102125,85.552340,-11.047274,32.504434,120.415215,-6.064551,24.084082,85.552968,-5.326180,24.064521,86.240446,0.030000,
-6.066089,24.102125,85.552340,-11.047628,32.503976,120.417663,-6.067472,24.118356,85.551775,-5.326404,24.064559,86.240239,0.030000,
-6.066089,24.102125,85.552340,-11.047982,32.503518,120.420110,-6.064551,24.084082,85.552968,-5.326628,24.064598,86.240032,0.030000,
-6.066089,24.102125,85.552340,-11.048337,32.503060,120.422557,-6.067472,24.118356,85.551775,-5.326851,24.064636,86.239825,0.030000,
-6.066089,24.102125,85.552340,-11.048691,32.502602,120.425003,-6.064551,24.084082,85.552968,-5.327075,24.064674,86.239619,0.030000,
-6.066089,24.102125,85.552340,-11.049044,32.502144,120.427449,-6.067472,24.118356,85.551775,-5.327298,24.064712,86.239412,0.030000,
-6.066089,24.102125,85.552340,-11.049398,32.501686,120.429894,-6.064551,24.084082,85.552968,-5.327522,24.064750,86.239205,0.030000,
-6.066089,24.102125,85.552340,-11.049752,32.501228,120.432339,-6.067472,24.118356,85.551775,-5.327745,24.064788,86.238999,0.030000,
-6.066089,24.102125,85.552340,-11.050106,32.500770,120.434784,-6.064551,24.084082,85.552968,-5.327968,24.064826,86.238792,0.030000,
-6.066089,24.102125,85.552340,-11.050460,32.500312,120.437228,-6.067472,24.118356,85.551775,-5.328191,24.064864,86.238586,0.030000,
-6.066089,24.102125,85.552340,-11.050814,32.499855,120.439671,-6.064551,24.084082,85.552968,-5.328415,24.064902,86.238380,0.030000,
-6.066089,24.102125,85.552340,-11.051167,32.499397,120.442114,-6.067472,24.118356,85.551775,-5.328638,24.064940,86.238173,0.030000,
-6.066089,24.102125,85.552340,-11.051521,32.498940,120.444557,-6.064551,24.084082,85.552968,-5.328861,24.064978,86.237967,0.030000,
-6.066089,24.102125,85.552340,-11.051875,32.498482,120.446999,-6.067472,24.118356,85.551775,-5.329083,24.065015,86.237761,0.030000,
-6.066089,24.102125,85.552340,-11.052228,32.498025,120.449440,-6.064551,24.084082,85.552968,-5.329306,24.065053,86.237555,0.030000,
-6.066089,24.102125,85.552340,-11.052582,32.497568,120.451881,-6.067472,24.118356,85.551775,-5.329529,24.065091,86.237349,0.030000,
-6.066089,24.102125,85.552340,-11.052935,32.497111,120.454322,-6.064551,24.084082,85.552968,-5.329752,24.065129,86.237143,0.030000,
-6.066089,24.102125,85.552340,-11.053289,32.496654,120.456762,-6.067472,24.118356,85.551775,-5.329974,24.065167,86.236937,0.030000,
-6.066089,24.102125,85.552340,-11.053642,32.496197,120.459202,-6.064551,24.084082,85.552968,-5.330197,24.065204,86.236731,0.030000,
-6.066089,24.102125,85.552340,-11.053995,32.495740,120.461641,-6.067472,24.118356,85.551775,-5.330420,24.065242,86.236525,0.030000,
-6.066089,24.102125,85.552340,-11.054349,32.495283,120.464080,-6.064551,24.084082,85.552968,-5.330642,24.065280,86.236320,0.030000,
-6.066089,24.102125,85.552340,-11.054702,32.494827,120.466518,-6.067472,24.118356,85.551775,-5.330864,24.065317,86.236114,0.030000,
-6.066089,24.102125,85.552340,-11.055055,32.494370,120.468956,-6.064551,24.084082,85.552968,-5.331087,24.065355,86.235908,0.030000,
-6.066089,24.102125,85.552340,-11.055408,32.493914,120.471394,-6.067472,24.118356,85.551775,-5.331309,24.065392,86.235703,0.030000,
-6.066089,24.102125,85.552340,-11.055762,32.493457,120.473830,-6.064551,24.084082,85.552968,-5.331531,24.065430,86.235497,0.030000,
-6.066089,24.102125,85.552340,-11.056115,32.493001,120.476267,-6.067472,24.118356,85.551775,-5.331753,24.065467,86.235292,0.030000,
-6.066089,24.102125,85.552340,-11.056468,32.492545,120.478703,-6.064551,24.084082,85.552968,-5.331975,24.065505,86.235087,0.030000,
-6.066089,24.102125,85.552340,-11.056821,32.492088,120.481138,-6.067472,24.118356,85.551775,-5.332197,24.065542,86.234881,0.030000,
-6.066089,24.102125,85.552340,-11.057174,32.491632,120.483573,-6.064551,24.084082,85.552968,-5.332419,24.065580,86.234676,0.030000,
-6.066089,24.102125,85.552340,-11.057527,32.491176,120.486008,-6.067472,24.118356,85.551775,-5.332641,24.065617,86.234471,0.030000,
-6.066089,24.102125,85.552340,-11.057880,32.490720,120.488442,-6.064551,24.084082,85.552968,-5.332863,24.065655,86.234266,0.030000,
-6.066089,24.102125,85.552340,-11.058233,32.490265,120.490876,-6.067472,24.118356,85.551775,-5.333085,24.065692,86.234061,0.030000,
-6.066089,24.102125,85.552340,-11.058585,32.489809,120.493309,-6.064551,24.084082,85.552968,-5.333306,24.065729,86.233856,0.030000,
-6.066089,24.102125,85.552340,-11.058938,32.489353,120.495741,-6.067472,24.118356,85.551775,-5.333528,24.065767,86.233651,0.030000,
-6.066089,24.102125,85.552340,-11.059291,32.488898,120.498173,-6.064551,24.084082,85.552968,-5.333749,24.065804,86.233446,0.030000,
-6.066089,24.102125,85.552340,-11.059644,32.488442,120.500605,-6.067472,24.118356,85.551775,-5.333971,24.065841,86.233241,0.030000,
-6.066089,24.102125,85.552340,-11.059996,32.487987,120.503036,-6.064551,24.084082,85.552968,-5.334192,24.065878,86.233037,0.030000,
-6.066089,24.102125,85.552340,-11.060349,32.487531,120.505467,-6.067472,24.118356,85.551775,-5.334413,24.065916,86.232832,0.030000,
-6.066089,24.102125,85.552340,-11.060701,32.487076,120.507898,-6.064551,24.084082,85.552968,-5.334635,24.065953,86.232627,0.030000,
-6.066089,24.102125,85.552340,-11.061054,32.486621,120.510327,-6.067472,24.118356,85.551775,-5.334856,24.065990,86.232423,0.030000,
-6.066089,24.102125,85.552340,-11.061406,32.486166,120.512757,-6.064551,24.084082,85.552968,-5.335077,24.066027,86.232218,0.030000,
-6.066089,24.102125,85.552340,-11.061759,32.485711,120.515186,-6.067472,24.118356,85.551775,-5.335298,24.066064,86.232014,0.030000,
-6.066089,24.102125,85.552340,-11.062111,32.485256,120.517614,-6.064551,24.084082,85.552968,-5.335519,24.066101,86.231810,0.030000,
-6.066089,24.102125,85.552340,-11.062464,32.484801,120.520042,-6.067472,24.118356,85.551775,-5.335740,24.066138,86.231605,0.030000,
-6.066089,24.102125,85.552340,-11.062816,32.484346,120.522470,-6.064551,24.084082,85.552968,-5.335961,24.066175,86.231401,0.030000,
-6.066089,24.102125,85.552340,-11.063168,32.483891,120.524897,-6.067472,24.118356,85.551775,-5.336181,24.066212,86.231197,0.030000,
-6.066089,24.102125,85.552340,-11.063520,32.483437,120.527323,-6.064551,24.084082,85.552968,-5.336402,24.066249,86.230993,0.030000,
-6.066089,24.102125,85.552340,-11.063873,32.482982,120.529749,-6.067472,24.118356,85.551775,-5.336623,24.066286,86.230789,0.030000,
-6.066089,24.102125,85.552340,-11.064225,32.482528,120.532175,-6.064551,24.084082,85.552968,-5.336843,24.066323,86.230585,0.030000,
-6.066089,24.102125,85.552340,-11.064577,32.482074,120.534600,-6.067472,24.118356,85.551775,-5.337064,24.066360,86.230381,0.030000,
-6.066089,24.102125,85.552340,-11.064929,32.481619,120.537025,-6.064551,24.084082,85.552968,-5.337284,24.066397,86.230177,0.030000,
-6.066089,24.102125,85.552340,-11.065281,32.481165,120.539449,-6.067472,24.118356,85.551775,-5.337504,24.066434,86.229973,0.030000,
-6.066089,24.102125,85.552340,-11.065633,32.480711,120.541873,-6.064551,24.084082,85.552968,-5.337725,24.066470,86.229769,0.030000,
-6.066089,24.102125,85.552340,-11.065985,32.480257,120.544296,-6.067472,24.118356,85.551775,-5.337945,24.066507,86.229566,0.030000,
-6.066089,24.102125,85.552340,-11.066337,32.479803,120.546719,-6.064551,24.084082,85.552968,-5.338165,24.066544,86.229362,0.030000,
-6.066089,24.102125,85.552340,-11.066689,32.479349,120.549141,-6.067472,24.118356,85.551775,-5.338385,24.066581,86.229158,0.030000,
-6.066089,24.102125,85.552340,-11.067040,32.478895,120.551563,-6.064551,24.084082,85.552968,-5.338605,24.066617,86.228955,0.030000,
-6.066089,24.102125,85.552340,-11.067392,32.478442,120.553984,-6.067472,24.118356,85.551775,-5.338825,24.066654,86.228751,0.030000,
-6.066089,24.102125,85.552340,-11.067744,32.477988,120.556405,-6.064551,24.084082,85.552968,-5.339045,24.066691,86.228548,0.030000,
-6.066089,24.102125,85.552340,-11.068096,32.477535,120.558826,-6.067472,24.118356,85.551775,-5.339265,24.066727,86.228345,0.030000,
-6.066089,24.102125,85.552340,-11.068447,32.477081,120.561246,-6.064551,24.084082,85.552968,-5.339485,24.066764,86.228142,0.030000,
-6.066089,24.102125,85.552340,-11.068799,32.476628,120.563665,-6.067472,24.118356,85.551775,-5.339704,24.066800,86.227938,0.030000,
-6.066089,24.102125,85.552340,-11.069150,32.476174,120.566084,-6.064551,24.084082,85.552968,-5.339924,24.066837,86.227735,0.030000,
-6.066089,24.102125,85.552340,-11.069502,32.475721,120.568503,-6.067472,24.118356,85.551775,-5.340144,24.066873,86.227532,0.030000,
-6.066089,24.102125,85.552340,-11.069853,32.475268,120.570921,-6.064551,24.084082,85.552968,-5.340363,24.066910,86.227329,0.030000,
-6.066089,24.102125,85.552340,-11.070205,32.474815,120.573339,-6.067472,24.118356,85.551775,-5.340583,24.066946,86.227126,0.030000,
-6.066089,24.102125,85.552340,-11.070556,32.474362,120.575756,-6.064551,24.084082,85.552968,-5.340802,24.066983,86.226923,0.030000,
-6.066089,24.102125,85.552340,-11.070908,32.473909,120.578172,-6.067472,24.118356,85.551775,-5.341021,24.067019,86.226720,0.030000,
-6.066089,24.102125,85.552340,-11.071259,32.473456,120.580589,-6.064551,24.084082,85.552968,-5.341240,24.067055,86.226518,0.030000,
-6.066089,24.102125,85.552340,-11.071610,32.473004,120.583004,-6.067472,24.118356,85.551775,-5.341460,24.067092,86.226315,0.030000,
-6.066089,24.102125,85.552340,-11.071961,32.472551,120.585420,-6.064551,24.084082,85.552968,-5.341679,24.067128,86.226112,0.030000,
-6.066089,24.102125,85.552340,-11.072313,32.472099,120.587835,-6.067472,24.118356,85.551775,-5.341898,24.067164,86.225910,0.030000,
-6.066089,24.102125,85.552340,-11.072664,32.471646,120.590249,-6.064551,24.084082,85.552968,-5.342117,24.067201,86.225707,0.030000,
-6.066089,24.102125,85.552340,-11.073015,32.471194,120.592663,-6.067472,24.118356,85.551775,-5.342335,24.067237,86.225505,0.030000,
-6.066089,24.102125,85.552340,-11.073366,32.470741,120.595076,-6.064551,24.084082,85.552968,-5.342554,24.067273,86.225302,0.030000,
-6.066089,24.102125,85.552340,-11.073717,32.470289,120.597489,-6.067472,24.118356,85.551775,-5.342773,24.067309,86.225100,0.030000,
-6.066089,24.102125,85.552340,-11.074068,32.469837,120.599902,-6.064551,24.084082,85.552968,-5.342992,24.067345,86.224898,0.030000,
-6.066089,24.102125,85.552340,-11.074419,32.469385,120.602314,-6.067472,24.118356,85.551775,-5.343210,24.067382,86.224695,0.030000,
-6.066089,24.102125,85.552340,-11.074770,32.468933,120.604725,-6.064551,24.084082,85.552968,-5.343429,24.067418,86.224493,0.030000,
-6.066089,24.102125,85.552340,-11.075121,32.468481,120.607137,-6.067472,24.118356,85.551775,-5.343647,24.067454,86.224291,0.030000,
-6.066089,24.102125,85.552340,-11.075471,32.468029,120.609547,-6.064551,24.084082,85.552968,-5.343866,24.067490,86.224089,0.030000,
-6.066089,24.102125,85.552340,-11.075822,32.467578,120.611957,-6.067472,24.118356,85.551775,-5.344084,24.067526,86.223887,0.030000,
-6.066089,24.102125,85.552340,-11.076173,32.467126,120.614367,-6.064551,24.084082,85.552968,-5.344303,24.067562,86.223685,0.030000,
-6.066089,24.102125,85.552340,-11.076523,32.466675,120.616776,-6.067472,24.118356,85.551775,-5.344521,24.067598,86.223483,0.030000,
-6.066089,24.102125,85.552340,-11.076874,32.466223,120.619185,-6.064551,24.084082,85.552968,-5.344739,24.067634,86.223282,0.030000,
-6.066089,24.102125,85.552340,-11.077225,32.465772,120.621593,-6.067472,24.118356,85.551775,-5.344957,24.067670,86.223080,0.030000,
-6.066089,24.102125,85.552340,-11.077575,32.465320,120.624001,-6.064551,24.084082,85.552968,-5.345175,24.067706,86.222878,0.030000,
-6.066089,24.102125,85.552340,-11.077926,32.464869,120.626409,-6.067472,24.118356,85.551775,-5.345393,24.067741,86.222677,0.030000,
-6.066089,24.102125,85.552340,-11.078276,32.464418,120.628816,-6.064551,24.084082,85.552968,-5.345611,24.067777,86.222475,0.030000,
-6.066089,24.102125,85.552340,-11.078627,32.463967,120.631222,-6.067472,24.118356,85.551775,-5.345829,24.067813,86.222274,0.030000,
-6.066089,24.102125,85.552340,-11.078977,32.463516,120.633628,-6.064551,24.084082,85.552968,-5.346046,24.067849,86.222072,0.030000,
-6.066089,24.102125,85.552340,-11.079327,32.463065,120.636034,-6.067472,24.118356,85.551775,-5.346264,24.067885,86.221871,0.030000,
-6.066089,24.102125,85.552340,-11.079678,32.462614,120.638439,-6.064551,24.084082,85.552968,-5.346482,24.067920,86.221669,0.030000,
-6.066089,24.102125,85.552340,-11.080028,32.462164,120.640843,-6.067472,24.118356,85.551775,-5.346699,24.067956,86.221468,0.030000,
-6.066089,24.102125,85.552340,-11.080378,32.461713,120.643247,-6.064551,24.084082,85.552968,-5.346917,24.067992,86.221267,0.030000,
-6.066089,24.102125,85.552340,-11.080728,32.461262,120.645651,-6.067472,24.118356,85.551775,-5.347134,24.068027,86.221066,0.030000,
-6.066089,24.102125,85.552340,-11.081078,32.460812,120.648054,-6.064551,24.084082,85.552968,-5.347352,24.068063,86.220865,0.030000,
-6.066089,24.102125,85.552340,-11.081428,32.460362,120.650457,-6.067472,24.118356,85.551775,-5.347569,24.068099,86.220664,0.030000,
-6.066089,24.102125,85.552340,-11.081779,32.459911,120.652859,-6.064551,24.084082,85.552968,-5.347786,24.068134,86.220463,0.030000,
-6.066089,24.102125,85.552340,-11.082129,32.459461,120.655261,-6.067472,24.118356,85.551775,-5.348003,24.068170,86.220262,0.030000,
-6.066089,24.102125,85.552340,-11.082478,32.459011,120.657662,-6.064551,24.084082,85.552968,-5.348220,24.068205,86.220061,0.030000,
-6.066089,24.102125,85.552340,-11.082828,32.458561,120.660063,-6.067472,24.118356,85.551775,-5.348437,24.068241,86.219860,0.030000,
-6.066089,24.102125,85.552340,-11.083178,32.458111,120.662464,-6.064551,24.084082,85.552968,-5.348654,24.068276,86.219660,0.030000,
-6.066089,24.102125,85.552340,-11.083528,32.457661,120.664863,-6.067472,24.118356,85.551775,-5.348871,24.068312,86.219459,0.030000,
-6.066089,24.102125,85.552340,-11.083878,32.457211,120.667263,-6.064551,24.084082,85.552968,-5.349088,24.068347,86.219258,0.030000,
-6.066089,24.102125,85.552340,-11.084228,32.456761,120.669662,-6.067472,24.118356,85.551775,-5.349305,24.068383,86.219058,0.030000,
-6.066089,24.102125,85.552340,-11.084577,32.456312,120.672060,-6.064551,24.084082,85.552968,-5.349522,24.068418,86.218857,0.030000,
-6.066089,24.102125,85.552340,-11.084927,32.455862,120.674459,-6.067472,24.118356,85.551775,-5.349738,24.068453,86.218657,0.030000,
-6.066089,24.102125,85.552340,-11.085277,32.455413,120.676856,-6.064551,24.084082,85.552968,-5.349955,24.068489,86.218457,0.030000,
-6.066089,24.102125,85.552340,-11.085626,32.454963,120.679253,-6.067472,24.118356,85.551775,-5.350171,24.068524,86.218256,0.030000,
-6.066089,24.102125,85.552340,-11.085976,32.454514,120.681650,-6.064551,24.084082,85.552968,-5.350388,24.068559,86.218056,0.030000,
-6.066089,24.102125,85.552340,-11.086325,32.454065,120.684046,-6.067472,24.118356,85.551775,-5.350604,24.068595,86.217856,0.030000,
-6.066089,24.102125,85.552340,-11.086675,32.453615,120.686442,-6.064551,24.084082,85.552968,-5.350821,24.068630,86.217656,0.030000,
-6.066089,24.102125,85.552340,-11.087024,32.453166,120.688837,-6.067472,24.118356,85.551775,-5.351037,24.068665,86.217456,0.030000,
-6.066089,24.102125,85.552340,-11.087373,32.452717,120.691232,-6.064551,24.084082,85.552968,-5.351253,24.068700,86.217256,0.030000,
-6.066089,24.102125,85.552340,-11.087723,32.452268,120.693627,-6.067472,24.118356,85.551775,-5.351469,24.068735,86.217056,0.030000,
-6.066089,24.102125,85.552340,-11.088072,32.451820,120.696020,-6.064551,24.084082,85.552968,-5.351685,24.068770,86.216856,0.030000,
-6.066089,24.102125,85.552340,-11.088421,32.451371,120.698414,-6.067472,24.118356,85.551775,-5.351901,24.068805,86.216656,0.030000,
-6.066089,24.102125,85.552340,-11.088771,32.450922,120.700807,-6.064551,24.084082,85.552968,-5.352117,24.068841,86.216457,0.030000,
-6.066089,24.102125,85.552340,-11.089120,32.450474,120.703199,-6.067472,24.118356,85.551775,-5.352333,24.068876,86.216257,0.030000,
-6.066089,24.102125,85.552340,-11.089469,32.450025,120.705591,-6.064551,24.084082,85.552968,-5.352549,24.068911,86.216057,0.030000,
-6.066089,24.102125,85.552340,-11.089818,32.449577,120.707983,-6.067472,24.118356,85.551775,-5.352764,24.068946,86.215858,0.030000,
-6.066089,24.102125,85.552340,-11.090167,32.449128,120.710374,-6.064551,24.084082,85.552968,-5.352980,24.068981,86.215658,0.030000,
-6.066089,24.102125,85.552340,-11.090516,32.448680,120.712765,-6.067472,24.118356,85.551775,-5.353196,24.069016,86.215459,0.030000,
-6.066089,24.102125,85.552340,-11.090865,32.448232,120.715155,-6.064551,24.084082,85.552968,-5.353411,24.069050,86.215259,0.030000,
-6.066089,24.102125,85.552340,-11.091214,32.447784,120.717545,-6.067472,24.118356,85.551775,-5.353627,24.069085,86.215060,0.030000,
-6.066089,24.102125,85.552340,-11.091563,32.447336,120.719934,-6.064551,24.084082,85.552968,-5.353842,24.069120,86.214861,0.030000,
-6.066089,24.102125,85.552340,-11.091911,32.446888,120.722323,-6.067472,24.118356,85.551775,-5.354057,24.069155,86.214662,0.030000,
-6.066089,24.102125,85.552340,-11.092260,32.446440,120.724711,-6.064551,24.084082,85.552968,-5.354273,24.069190,86.214462,0.030000,
-6.066089,24.102125,85.552340,-11.092609,32.445992,120.727099,-6.067472,24.118356,85.551775,-5.354488,24.069225,86.214263,0.030000,
-6.066089,24.102125,85.552340,-11.092958,32.445544,120.729486,-6.064551,24.084082,85.552968,-5.354703,24.069259,86.214064,0.030000,
-6.066089,24.102125,85.552340,-11.093306,32.445097,120.731873,-6.067472,24.118356,85.551775,-5.354918,24.069294,86.213865,0.030000,
-6.066089,24.102125,85.552340,-11.093655,32.444649,120.734260,-6.064551,24.084082,85.552968,-5.355133,24.069329,86.213666,0.030000,
-6.066089,24.102125,85.552340,-11.094003,32.444202,120.736646,-6.067472,24.118356,85.551775,-5.355348,24.069364,86.213468,0.030000,
-6.066089,24.102125,85.552340,-11.094352,32.443754,120.739032,-6.064551,24.084082,85.552968,-5.355563,24.069398,86.213269,0.030000,
-6.066089,24.102125,85.552340,-11.094700,32.443307,120.741417,-6.067472,24.118356,85.551775,-5.355778,24.069433,86.213070,0.030000,
-6.066089,24.102125,85.552340,-11.095049,32.442860,120.743801,-6.064551,24.084082,85.552968,-5.355992,24.069467,86.212871,0.030000,
-6.066089,24.102125,85.552340,-11.095397,32.442413,120.746186,-6.067472,24.118356,85.551775,-5.356207,24.069502,86.212673,0.030000,
-6.066089,24.102125,85.552340,-11.095746,32.441966,120.748569,-6.064551,24.084082,85.552968,-5.356422,24.069537,86.212474,0.030000,
-6.066089,24.102125,85.552340,-11.096094,32.441519,120.750953,-6.067472,24.118356,85.551775,-5.356636,24.069571,86.212276,0.030000,
-6.066089,24.102125,85.552340,-11.096442,32.441072,120.753335,-6.064551,24.084082,85.552968,-5.356851,24.069606,86.212077,0.030000,
-6.066089,24.102125,85.552340,-11.096790,32.440625,120.755718,-6.067472,24.118356,85.551775,-5.357065,24.069640,86.211879,0.030000,
-6.066089,24.102125,85.552340,-11.097139,32.440178,120.758100,-6.064551,24.084082,85.552968,-5.357279,24.069675,86.211681,0.030000,
-6.066089,24.102125,85.552340,-11.097487,32.439732,120.760481,-6.067472,24.118356,85.551775,-5.357494,24.069709,86.211482,0.030000,
-6.066089,24.102125,85.552340,-11.097835,32.439285,120.762862,-6.064551,24.084082,85.552968,-5.357708,24.069743,86.211284,0.030000,
-6.066089,24.102125,85.552340,-11.098183,32.438839,120.765242,-6.067472,24.118356,85.551775,-5.357922,24.069778,86.211086,0.030000,
-6.066089,24.102125,85.552340,-11.098531,32.438392,120.767622,-6.064551,24.084082,85.552968,-5.358136,24.069812,86.210888,0.030000,
-6.066089,24.102125,85.552340,-11.098879,32.437946,120.770002,-6.067472,24.118356,85.551775,-5.358350,24.069846,86.210690,0.030000,
-6.066089,24.102125,85.552340,-11.099227,32.437500,120.772381,-6.064551,24.084082,85.552968,-5.358564,24.069881,86.210492,0.030000,
-6.066089,24.102125,85.552340,-11.099575,32.437054,120.774760,-6.067472,24.118356,85.551775,-5.358778,24.069915,86.210294,0.030000,
-6.066089,24.102125,85.552340,-11.099923,32.436608,120.777138,-6.064551,24.084082,85.552968,-5.358992,24.069949,86.210096,0.030000,
-6.066089,24.102125,85.552340,-11.100270,32.436162,120.779516,-6.067472,24.118356,85.551775,-5.359206,24.069984,86.209899,0.030000,
-6.066089,24.102125,85.552340,-11.100618,32.435716,120.781893,-6.064551,24.084082,85.552968,-5.359419,24.070018,86.209701,0.030000,
-6.066089,24.102125,85.552340,-11.100966,32.435270,120.784270,-6.067472,24.118356,85.551775,-5.359633,24.070052,86.209503,0.030000,
-6.066089,24.102125,85.552340,-11.101313,32.434824,120.786646,-6.064551,24.084082,85.552968,-5.359846,24.070086,86.209306,0.030000,
-6.066089,24.102125,85.552340,-11.101661,32.434379,120.789022,-6.067472,24.118356,85.551775,-5.360060,24.070120,86.209108,0.030000,
-6.066089,24.102125,85.552340,-11.102009,32.433933,120.791398,-6.064551,24.084082,85.552968,-5.360273,24.070154,86.208911,0.030000,
-6.066089,24.102125,85.552340,-11.102356,32.433487,120.793773,-6.067472,24.118356,85.551775,-5.360487,24.070188,86.208713,0.030000,
-6.066089,24.102125,85.552340,-11.102704,32.433042,120.796147,-6.064551,24.084082,85.552968,-5.360700,24.070223,86.208516,0.030000,
-6.066089,24.102125,85.552340,-11.103051,32.432597,120.798521,-6.067472,24.118356,85.551775,-5.360913,24.070257,86.208319,0.030000,
-6.066089,24.102125,85.552340,-11.103399,32.432151,120.800895,-6.064551,24.084082,85.552968,-5.361126,24.070291,86.208121,0.030000,
-6.066089,24.102125,85.552340,-11.103746,32.431706,120.803268,-6.067472,24.118356,85.551775,-5.361340,24.070325,86.207924,0.030000,
-6.066089,24.102125,85.552340,-11.104093,32.431261,120.805641,-6.064551,24.084082,85.552968,-5.361553,24.070359,86.207727,0.030000,
-6.066089,24.102125,85.552340,-11.104441,32.430816,120.808013,-6.067472,24.118356,85.551775,-5.361766,24.070392,86.207530,0.030000,
-6.066089,24.102125,85.552340,-11.104788,32.430371,120.810384,-6.064551,24.084082,85.552968,-5.361978,24.070426,86.207333,0.030000,
-6.066089,24.102125,85.552340,-11.105135,32.429926,120.812756,-6.067472,24.118356,85.551775,-5.362191,24.070460,86.207136,0.030000,
-6.066089,24.102125,85.552340,-11.105482,32.429482,120.815127,-6.064551,24.084082,85.552968,-5.362404,24.070494,86.206939,0.030000,
-6.066089,24.102125,85.552340,-11.105829,32.429037,120.817497,-6.067472,24.118356,85.551775,-5.362617,24.070528,86.206742,0.030000,
-6.066089,24.102125,85.552340,-11.106176,32.428592,120.819867,-6.064551,24.084082,85.552968,-5.362829,24.070562,86.206546,0.030000,
-6.066089,24.102125,85.552340,-11.106523,32.428148,120.822236,-6.067472,24.118356,85.551775,-5.363042,24.070596,86.206349,0.030000,
-6.066089,24.102125,85.552340,-11.106870,32.427703,120.824605,-6.064551,24.084082,85.552968,-5.363255,24.070629,86.206152,0.030000,
-6.066089,24.102125,85.552340,-11.107217,32.427259,120.826974,-6.067472,24.118356,85.551775,-5.363467,24.070663,86.205956,0.030000,
-6.066089,24.102125,85.552340,-11.107564,32.426815,120.829342,-6.064551,24.084082,85.552968,-5.363679,24.070697,86.205759,0.030000,
-6.066089,24.102125,85.552340,-11.107911,32.426371,120.831710,-6.067472,24.118356,85.551775,-5.363892,24.070730,86.205563,0.030000,
-6.066089,24.102125,85.552340,-11.108258,32.425927,120.834077,-6.064551,24.084082,85.552968,-5.364104,24.070764,86.205366,0.030000,
-6.066089,24.102125,85.552340,-11.108605,32.425482,120.836443,-6.067472,24.118356,85.551775,-5.364316,24.070798,86.205170,0.030000,
-6.066089,24.102125,85.552340,-11.108952,32.425039,120.838810,-6.064551,24.084082,85.552968,-5.364528,24.070831,86.204974,0.030000,
-6.066089,24.102125,85.552340,-11.109298,32.424595,120.841176,-6.067472,24.118356,85.551775,-5.364741,24.070865,86.204777,0.030000,
-6.066089,24.102125,85.552340,-11.109645,32.424151,120.843541,-6.064551,24.084082,85.552968,-5.364953,24.070899,86.204581,0.030000,
-6.066089,24.102125,85.552340,-11.109992,32.423707,120.845906,-6.067472,24.118356,85.551775,-5.365164,24.070932,86.204385,0.030000,
-6.066089,24.102125,85.552340,-11.110338,32.423264,120.848270,-6.064551,24.084082,85.552968,-5.365376,24.070966,86.204189,0.030000,
-6.066089,24.102125,85.552340,-11.110685,32.422820,120.850634,-6.067472,24.118356,85.551775,-5.365588,24.070999,86.203993,0.030000,
-6.066089,24.102125,85.552340,-11.111031,32.422377,120.852998,-6.064551,24.084082,85.552968,-5.365800,24.071033,86.203797,0.030000,
-6.066089,24.102125,85.552340,-11.111378,32.421933,120.855361,-6.067472,24.118356,85.551775,-5.366012,24.071066,86.203601,0.030000,
-6.066089,24.102125,85.552340,-11.111724,32.421490,120.857723,-6.064551,24.084082,85.552968,-5.366223,24.071099,86.203406,0.030000,
-6.066089,24.102125,85.552340,-11.112070,32.421047,120.860085,-6.067472,24.118356,85.551775,-5.366435,24.071133,86.203210,0.030000,
-6.066089,24.102125,85.552340,-11.112417,32.420603,120.862447,-6.064551,24.084082,85.552968,-5.366646,24.071166,86.203014,0.030000,
-6.066089,24.102125,85.552340,-11.112763,32.420160,120.864808,-6.067472,24.118356,85.551775,-5.366858,24.071199,86.202818,0.030000,
-6.066089,24.102125,85.552340,-11.113109,32.419717,120.867169,-6.064551,24.084082,85.552968,-5.367069,24.071233,86.202623,0.030000,
-6.066089,24.102125,85.552340,-11.113455,32.419275,120.869529,-6.067472,24.118356,85.551775,-5.367280,24.071266,86.202427,0.030000,
-6.066089,24.102125,85.552340,-11.113801,32.418832,120.871889,-6.064551,24.084082,85.552968,-5.367492,24.071299,86.202232,0.030000,
-6.066089,24.102125,85.552340,-11.114148,32.418389,120.874248,-6.067472,24.118356,85.551775,-5.367703,24.071333,86.202036,0.030000,
-6.066089,24.102125,85.552340,-11.114494,32.417946,120.876607,-6.064551,24.084082,85.552968,-5.367914,24.071366,86.201841,0.030000,
-6.066089,24.102125,85.552340,-11.114840,32.417504,120.878966,-6.067472,24.118356,85.551775,-5.368125,24.071399,86.201646,0.030000,
-6.066089,24.102125,85.552340,-11.115186,32.417061,120.881324,-6.064551,24.084082,85.552968,-5.368336,24.071432,86.201451,0.030000,
-6.066089,24.102125,85.552340,-11.115532,32.416619,120.883681,-6.067472,24.118356,85.551775,-5.368547,24.071465,86.201255,0.030000,
-6.066089,24.102125,85.552340,-11.115877,32.416177,120.886038,-6.064551,24.084082,85.552968,-5.368758,24.071498,86.201060,0.030000,
-6.066089,24.102125,85.552340,-11.116223,32.415734,120.888395,-6.067472,24.118356,85.551775,-5.368969,24.071532,86.200865,0.030000,
-6.066089,24.102125,85.552340,-11.116569,32.415292,120.890751,-6.064551,24.084082,85.552968,-5.369179,24.071565,86.200670,0.030000,
-6.066089,24.102125,85.552340,-11.116915,32.414850,120.893107,-6.067472,24.118356,85.551775,-5.369390,24.071598,86.200475,0.030000,
-6.066089,24.102125,85.552340,-11.117261,32.414408,120.895462,-6.064551,24.084082,85.552968,-5.369601,24.071631,86.200280,0.030000,
-6.066089,24.102125,85.552340,-11.117606,32.413966,120.897817,-6.067472,24.118356,85.551775,-5.369811,24.071664,86.200086,0.030000,
-6.066089,24.102125,85.552340,-11.117952,32.413524,120.900171,-6.064551,24.084082,85.552968,-5.370022,24.071697,86.199891,0.030000,
-6.066089,24.102125,85.552340,-11.118297,32.413083,120.902525,-6.067472,24.118356,85.551775,-5.370232,24.071730,86.199696,0.030000,
-6.066089,24.102125,85.552340,-11.118643,32.412641,120.904879,-6.064551,24.084082,85.552968,-5.370442,24.071763,86.199502,0.030000,
-6.066089,24.102125,85.552340,-11.118989,32.412199,120.907232,-6.067472,24.118356,85.551775,-5.370653,24.071795,86.199307,0.030000,
-6.066089,24.102125,85.552340,-11.119334,32.411758,120.909584,-6.064551,24.084082,85.552968,-5.370863,24.071828,86.199112,0.030000,
-6.066089,24.102125,85.552340,-11.119679,32.411316,120.911936,-6.067472,24.118356,85.551775,-5.371073,24.071861,86.198918,0.030000,
-6.066089,24.102125,85.552340,-11.120025,32.410875,120.914288,-6.064551,24.084082,85.552968,-5.371283,24.071894,86.198724,0.030000,
-6.066089,24.102125,85.552340,-11.120370,32.410434,120.916639,-6.067472,24.118356,85.551775,-5.371493,24.071927,86.198529,0.030000,
-6.066089,24.102125,85.552340,-11.120715,32.409992,120.918990,-6.064551,24.084082,85.552968,-5.371703,24.071960,86.198335,0.030000,
-6.066089,24.102125,85.552340,-11.121061,32.409551,120.921340,-6.067472,24.118356,85.551775,-5.371913,24.071992,86.198141,0.030000,
-6.066089,24.102125,85.552340,-11.121406,32.409110,120.923690,-6.064551,24.084082,85.552968,-5.372123,24.072025,86.197947,0.030000,
-6.066089,24.102125,85.552340,-11.121751,32.408669,120.926039,-6.067472,24.118356,85.551775,-5.372332,24.072058,86.197752,0.030000,
-6.066089,24.102125,85.552340,-11.122096,32.408228,120.928388,-6.064551,24.084082,85.552968,-5.372542,24.072091,86.197558,0.030000,
-6.066089,24.102125,85.552340,-11.122441,32.407788,120.930737,-6.067472,24.118356,85.551775,-5.372752,24.072123,86.197364,0.030000,
-6.066089,24.102125,85.552340,-11.122786,32.407347,120.933085,-6.064551,24.084082,85.552968,-5.372961,24.072156,86.197170,0.030000,
-6.066089,24.102125,85.552340,-11.123131,32.406906,120.935432,-6.067472,24.118356,85.551775,-5.373171,24.072188,86.196977,0.030000,
-6.066089,24.102125,85.552340,-11.123476,32.406466,120.937779,-6.064551,24.084082,85.552968,-5.373380,24.072221,86.196783,0.030000,
-6.066089,24.102125,85.552340,-11.123821,32.406025,120.940126,-6.067472,24.118356,85.551775,-5.373590,24.072254,86.196589,0.030000,
-6.066089,24.102125,85.552340,-11.124166,32.405585,120.942472,-6.064551,24.084082,85.552968,-5.373799,24.072286,86.196395,0.030000,
-6.066089,24.102125,85.552340,-11.124511,32.405145,120.944818,-6.067472,24.118356,85.551775,-5.374008,24.072319,86.196202,0.030000,
-6.066089,24.102125,85.552340,-11.124856,32.404704,120.947163,-6.064551,24.084082,85.552968,-5.374217,24.072351,86.196008,0.030000,
-6.066089,24.102125,85.552340,-11.125200,32.404264,120.949508,-6.067472,24.118356,85.551775,-5.374427,24.072384,86.195814,0.030000,
-6.066089,24.102125,85.552340,-11.125545,32.403824,120.951852,-6.064551,24.084082,85.552968,-5.374636,24.072416,86.195621,0.030000,
-6.066089,24.102125,85.552340,-11.125890,32.403384,120.954196,-6.067472,24.118356,85.551775,-5.374845,24.072449,86.195428,0.030000,
-6.066089,24.102125,85.552340,-11.126234,32.402944,120.956539,-6.064551,24.084082,85.552968,-5.375054,24.072481,86.195234,0.030000,
-6.066089,24.102125,85.552340,-11.126579,32.402504,120.958882,-6.067472,24.118356,85.551775,-5.375263,24.072513,86.195041,0.030000,
-6.066089,24.102125,85.552340,-11.126923,32.402065,120.961225,-6.064551,24.084082,85.552968,-5.375471,24.072546,86.194848,0.030000,
-6.066089,24.102125,85.552340,-11.127268,32.401625,120.963567,-6.067472,24.118356,85.551775,-5.375680,24.072578,86.194654,0.030000,
-6.066089,24.102125,85.552340,-11.127612,32.401185,120.965908,-6.064551,24.084082,85.552968,-5.375889,24.072610,86.194461,0.030000,
-6.066089,24.102125,85.552340,-11.127957,32.400746,120.968250,-6.067472,24.118356,85.551775,-5.376097,24.072643,86.194268,0.030000,
-6.066089,24.102125,85.552340,-11.128301,32.400307,120.970590,-6.064551,24.084082,85.552968,-5.376306,24.072675,86.194075,0.030000,
-6.066089,24.102125,85.552340,-11.128645,32.399867,120.972930,-6.067472,24.118356,85.551775,-5.376514,24.072707,86.193882,0.030000,
-6.066089,24.102125,85.552340,-11.128990,32.399428,120.975270,-6.064551,24.084082,85.552968,-5.376723,24.072739,86.193689,0.030000,
-6.066089,24.102125,85.552340,-11.129334,32.398989,120.977610,-6.067472,24.118356,85.551775,-5.376931,24.072772,86.193497,0.030000,
-6.066089,24.102125,85.552340,-11.129678,32.398550,120.979948,-6.064551,24.084082,85.552968,-5.377140,24.072804,86.193304,0.030000,
-6.066089,24.102125,85.552340,-11.130022,32.398111,120.982287,-6.067472,24.118356,85.551775,-5.377348,24.072836,86.193111,0.030000,
-6.066089,24.102125,85.552340,-11.130366,32.397672,120.984625,-6.064551,24.084082,85.552968,-5.377556,24.072868,86.192918,0.030000,
-6.066089,24.102125,85.552340,-11.130710,32.397233,120.986962,-6.067472,24.118356,85.551775,-5.377764,24.072900,86.192726,0.030000,
-6.066089,24.102125,85.552340,-11.131054,32.396794,120.989299,-6.064551,24.084082,85.552968,-5.377972,24.072932,86.192533,0.030000,
-6.066089,24.102125,85.552340,-11.131398,32.396355,120.991636,-6.067472,24.118356,85.551775,-5.378180,24.072964,86.192341,0.030000,
-6.066089,24.102125,85.552340,-11.131742,32.395917,120.993972,-6.064551,24.084082,85.552968,-5.378388,24.072996,86.192148,0.030000,
-6.066089,24.102125,85.552340,-11.132086,32.395478,120.996308,-6.067472,24.118356,85.551775,-5.378596,24.073028,86.191956,0.030000,
-6.066089,24.102125,85.552340,-11.132430,32.395040,120.998643,-6.064551,24.084082,85.552968,-5.378804,24.073060,86.191764,0.030000,
-6.066089,24.102125,85.552340,-11.132774,32.394601,121.000978,-6.067472,24.118356,85.551775,-5.379011,24.073092,86.191571,0.030000,
-6.066089,24.102125,85.552340,-11.133118,32.394163,121.003312,-6.064551,24.084082,85.552968,-5.379219,24.073124,86.191379,0.030000,
-6.066089,24.102125,85.552340,-11.133461,32.393725,121.005646,-6.067472,24.118356,85.551775,-5.379427,24.073156,86.191187,0.030000,
-6.066089,24.102125,85.552340,-11.133805,32.393287,121.007980,-6.064551,24.084082,85.552968,-5.379634,24.073188,86.190995,0.030000,
-6.066089,24.102125,85.552340,-11.134149,32.392849,121.010313,-6.067472,24.118356,85.551775,-5.379842,24.073220,86.190803,0.030000,
-6.066089,24.102125,85.552340,-11.134492,32.392411,121.012645,-6.064551,24.084082,85.552968,-5.380049,24.073252,86.190611,0.030000,
-6.066089,24.102125,85.552340,-11.134836,32.391973,121.014977,-6.067472,24.118356,85.551775,-5.380257,24.073283,86.190419,0.030000,
-6.066089,24.102125,85.552340,-11.135179,32.391535,121.017309,-6.064551,24.084082,85.552968,-5.380464,24.073315,86.190227,0.030000,
-6.066089,24.102125,85.552340,-11.135523,32.391097,121.019640,-6.067472,24.118356,85.551775,-5.380671,24.073347,86.190035,0.030000,
-6.066089,24.102125,85.552340,-11.135866,32.390660,121.021971,-6.064551,24.084082,85.552968,-5.380878,24.073379,86.189844,0.030000,
-6.066089,24.102125,85.552340,-11.136210,32.390222,121.024301,-6.067472,24.118356,85.551775,-5.381085,24.073410,86.189652,0.030000,
-6.066089,24.102125,85.552340,-11.136553,32.389785,121.026631,-6.064551,24.084082,85.552968,-5.381292,24.073442,86.189460,0.030000,
-6.066089,24.102125,85.552340,-11.136896,32.389347,121.028960,-6.067472,24.118356,85.551775,-5.381499,24.073474,86.189269,0.030000,
-6.066089,24.102125,85.552340,-11.137239,32.388910,121.031289,-6.064551,24.084082,85.552968,-5.381706,24.073505,86.189077,0.030000,
-6.066089,24.102125,85.552340,-11.137583,32.388473,121.033618,-6.067472,24.118356,85.551775,-5.381913,24.073537,86.188886,0.030000,
-6.066089,24.102125,85.552340,-11.137926,32.388035,121.035946,-6.064551,24.084082,85.552968,-5.382120,24.073569,86.188695,0.030000,
-6.066089,24.102125,85.552340,-11.138269,32.387598,121.038273,-6.067472,24.118356,85.551775,-5.382327,24.073600,86.188503,0.030000,
-6.066089,24.102125,85.552340,-11.138612,32.387161,121.040600,-6.064551,24.084082,85.552968,-5.382533,24.073632,86.188312,0.030000,
-6.066089,24.102125,85.552340,-11.138955,32.386724,121.042927,-6.067472,24.118356,85.551775,-5.382740,24.073663,86.188121,0.030000,
-6.066089,24.102125,85.552340,-11.139298,32.386287,121.045253,-6.064551,24.084082,85.552968,-5.382946,24.073695,86.187930,0.030000,
-6.066089,24.102125,85.552340,-11.139641,32.385851,121.047579,-6.067472,24.118356,85.551775,-5.383153,24.073726,86.187738,0.030000,
-6.066089,24.102125,85.552340,-11.139984,32.385414,121.049904,-6.064551,24.084082,85.552968,-5.383359,24.073758,86.187547,0.030000,
-6.066089,24.102125,85.552340,-11.140327,32.384977,121.052229,-6.067472,24.118356,85.551775,-5.383566,24.073789,86.187356,0.030000,
-6.066089,24.102125,85.552340,-11.140669,32.384541,121.054554,-6.064551,24.084082,85.552968,-5.383772,24.073821,86.187165,0.030000,
-6.066089,24.102125,85.552340,-11.141012,32.384104,121.056878,-6.067472,24.118356,85.551775,-5.383978,24.073852,86.186975,0.030000,
-6.066089,24.102125,85.552340,-11.141355,32.383668,121.059201,-6.064551,24.084082,85.552968,-5.384184,24.073883,86.186784,0.030000,
-6.066089,24.102125,85.552340,-11.141698,32.383232,121.061524,-6.067472,24.118356,85.551775,-5.384390,24.073915,86.186593,0.030000,
-6.066089,24.102125,85.552340,-11.142040,32.382795,121.063847,-6.064551,24.084082,85.552968,-5.384597,24.073946,86.186402,0.030000,
-6.066089,24.102125,85.552340,-11.142383,32.382359,121.066169,-6.067472,24.118356,85.551775,-5.384803,24.073977,86.186212,0.030000,
-6.066089,24.102125,85.552340,-11.142726,32.381923,121.068491,-6.064551,24.084082,85.552968,-5.385008,24.074009,86.186021,0.030000,
-6.066089,24.102125,85.552340,-11.143068,32.381487,121.070812,-6.067472,24.118356,85.551775,-5.385214,24.074040,86.185831,0.030000,
-6.066089,24.102125,85.552340,-11.143410,32.381051,121.073133,-6.064551,24.084082,85.552968,-5.385420,24.074071,86.185640,0.030000,
-6.066089,24.102125,85.552340,-11.143753,32.380616,121.075453,-6.067472,24.118356,85.551775,-5.385626,24.074102,86.185450,0.030000,
-6.066089,24.102125,85.552340,-11.144095,32.380180,121.077773,-6.064551,24.084082,85.552968,-5.385831,24.074133,86.185259,0.030000,
-6.066089,24.102125,85.552340,-11.144438,32.379744,121.080092,-6.067472,24.118356,85.551775,-5.386037,24.074165,86.185069,0.030000,
-6.066089,24.102125,85.552340,-11.144780,32.379309,121.082411,-6.064551,24.084082,85.552968,-5.386243,24.074196,86.184879,0.030000,
-6.066089,24.102125,85.552340,-11.145122,32.378873,121.084730,-6.067472,24.118356,85.551775,-5.386448,24.074227,86.184689,0.030000,
-6.066089,24.102125,85.552340,-11.145464,32.378438,121.087048,-6.064551,24.084082,85.552968,-5.386653,24.074258,86.184498,0.030000,
-6.066089,24.102125,85.552340,-11.145807,32.378002,121.089366,-6.067472,24.118356,85.551775,-5.386859,24.074289,86.184308,0.030000,
-6.066089,24.102125,85.552340,-11.146149,32.377567,121.091683,-6.064551,24.084082,85.552968,-5.387064,24.074320,86.184118,0.030000,
-6.066089,24.102125,85.552340,-11.146491,32.377132,121.094000,-6.067472,24.118356,85.551775,-5.387269,24.074351,86.183928,0.030000,
-6.066089,24.102125,85.552340,-11.146833,32.376697,121.096316,-6.064551,24.084082,85.552968,-5.387475,24.074382,86.183739,0.030000,
-6.066089,24.102125,85.552340,-11.147175,32.376262,121.098632,-6.067472,24.118356,85.551775,-5.387680,24.074413,86.183549,0.030000,
-6.066089,24.102125,85.552340,-11.147517,32.375827,121.100947,-6.064551,24.084082,85.552968,-5.387885,24.074444,86.183359,0.030000,
-6.066089,24.102125,85.552340,-11.147859,32.375392,121.103262,-6.067472,24.118356,85.551775,-5.388090,24.074475,86.183169,0.030000,
-6.066089,24.102125,85.552340,-11.148201,32.374957,121.105577,-6.064551,24.084082,85.552968,-5.388295,24.074506,86.182979,0.030000,
-6.066089,24.102125,85.552340,-11.148543,32.374523,121.107891,-6.067472,24.118356,85.551775,-5.388499,24.074537,86.182790,0.030000,
-6.066089,24.102125,85.552340,-11.148884,32.374088,121.110204,-6.064551,24.084082,85.552968,-5.388704,24.074568,86.182600,0.030000,
-6.066089,24.102125,85.552340,-11.149226,32.373653,121.112517,-6.067472,24.118356,85.551775,-5.388909,24.074598,86.182411,0.030000,
-6.066089,24.102125,85.552340,-11.149568,32.373219,121.114830,-6.064551,24.084082,85.552968,-5.389114,24.074629,86.182221,0.030000,
-6.066089,24.102125,85.552340,-11.149909,32.372785,121.117142,-6.067472,24.118356,85.551775,-5.389318,24.074660,86.182032,0.030000,
-6.066089,24.102125,85.552340,-11.150251,32.372350,121.119454,-6.064551,24.084082,85.552968,-5.389523,24.074691,86.181843,0.030000,
-6.066089,24.102125,85.552340,-11.150593,32.371916,121.121766,-6.067472,24.118356,85.551775,-5.389727,24.074722,86.181653,0.030000,
-6.066089,24.102125,85.552340,-11.150934,32.371482,121.124076,-6.064551,24.084082,85.552968,-5.389932,24.074752,86.181464,0.030000,
-6.066089,24.102125,85.552340,-11.151276,32.371048,121.126387,-6.067472,24.118356,85.551775,-5.390136,24.074783,86.181275,0.030000,
-6.066089,24.102125,85.552340,-11.151617,32.370614,121.128697,-6.064551,24.084082,85.552968,-5.390340,24.074814,86.181086,0.030000,
-6.066089,24.102125,85.552340,-11.151958,32.370180,121.131006,-6.067472,24.118356,85.551775,-5.390544,24.074844,86.180897,0.030000,
-6.066089,24.102125,85.552340,-11.152300,32.369746,121.133316,-6.064551,24.084082,85.552968,-5.390749,24.074875,86.180708,0.030000,
-6.066089,24.102125,85.552340,-11.152641,32.369312,121.135624,-6.067472,24.118356,85.551775,-5.390953,24.074906,86.180519,0.030000,
-6.066089,24.102125,85.552340,-11.152982,32.368879,121.137932,-6.064551,24.084082,85.552968,-5.391157,24.074936,86.180330,0.030000,
-6.066089,24.102125,85.552340,-11.153324,32.368445,121.140240,-6.067472,24.118356,85.551775,-5.391361,24.074967,86.180141,0.030000,
-6.066089,24.102125,85.552340,-11.153665,32.368012,121.142548,-6.064551,24.084082,85.552968,-5.391565,24.074997,86.179952,0.030000,
-6.066089,24.102125,85.552340,-11.154006,32.367578,121.144854,-6.067472,24.118356,85.551775,-5.391769,24.075028,86.179764,0.030000,
-6.066089,24.102125,85.552340,-11.154347,32.367145,121.147161,-6.064551,24.084082,85.552968,-5.391972,24.075058,86.179575,0.030000,
-6.066089,24.102125,85.552340,-11.154688,32.366712,121.149467,-6.067472,24.118356,85.551775,-5.392176,24.075089,86.179387,0.030000,
-6.066089,24.102125,85.552340,-11.155029,32.366279,121.151772,-6.064551,24.084082,85.552968,-5.392380,24.075119,86.179198,0.030000,
-6.066089,24.102125,85.552340,-11.155370,32.365845,121.154077,-6.067472,24.118356,85.551775,-5.392583,24.075150,86.179010,0.030000,
-6.066089,24.102125,85.552340,-11.155711,32.365412,121.156382,-6.064551,24.084082,85.552968,-5.392787,24.075180,86.178821,0.030000,
-6.066089,24.102125,85.552340,-11.156052,32.364979,121.158686,-6.067472,24.118356,85.551775,-5.392990,24.075210,86.178633,0.030000,
-6.066089,24.102125,85.552340,-11.156393,32.364547,121.160990,-6.064551,24.084082,85.552968,-5.393194,24.075241,86.178444,0.030000,
-6.066089,24.102125,85.552340,-11.156734,32.364114,121.163293,-6.067472,24.118356,85.551775,-5.393397,24.075271,86.178256,0.030000,
-6.066089,24.102125,85.552340,-11.157074,32.363681,121.165596,-6.064551,24.084082,85.552968,-5.393600,24.075301,86.178068,0.030000,
-6.066089,24.102125,85.552340,-11.157415,32.363248,121.167899,-6.067472,24.118356,85.551775,-5.393804,24.075332,86.177880,0.030000,
-6.066089,24.102125,85.552340,-11.157756,32.362816,121.170201,-6.064551,24.084082,85.552968,-5.394007,24.075362,86.177692,0.030000,
-6.066089,24.102125,85.552340,-11.158096,32.362383,121.172502,-6.067472,24.118356,85.551775,-5.394210,24.075392,86.177504,0.030000,
-6.066089,24.102125,85.552340,-11.158437,32.361951,121.174803,-6.064551,24.084082,85.552968,-5.394413,24.075423,86.177316,0.030000,
-6.066089,24.102125,85.552340,-11.158778,32.361519,121.177104,-6.067472,24.118356,85.551775,-5.394616,24.075453,86.177128,0.030000,
-6.066089,24.102125,85.552340,-11.159118,32.361087,121.179404,-6.064551,24.084082,85.552968,-5.394819,24.075483,86.176940,0.030000,
-6.066089,24.102125,85.552340,-11.159459,32.360654,121.181704,-6.067472,24.118356,85.551775,-5.395022,24.075513,86.176752,0.030000,
-6.066089,24.102125,85.552340,-11.159799,32.360222,121.184003,-6.064551,24.084082,85.552968,-5.395225,24.075543,86.176565,0.030000,
-6.066089,24.102125,85.552340,-11.160139,32.359790,121.186302,-6.067472,24.118356,85.551775,-5.395427,24.075573,86.176377,0.030000,
-6.066089,24.102125,85.552340,-11.160480,32.359358,121.188600,-6.064551,24.084082,85.552968,-5.395630,24.075603,86.176189,0.030000,
-6.066089,24.102125,85.552340,-11.160820,32.358927,121.190898,-6.067472,24.118356,85.551775,-5.395833,24.075634,86.176002,0.030000,
-6.066089,24.102125,85.552340,-11.161160,32.358495,121.193195,-6.064551,24.084082,85.552968,-5.396035,24.075664,86.175814,0.030000,
-6.066089,24.102125,85.552340,-11.161500,32.358063,121.195493,-6.067472,24.118356,85.551775,-5.396238,24.075694,86.175627,0.030000,
-6.066089,24.102125,85.552340,-11.161841,32.357632,121.197789,-6.064551,24.084082,85.552968,-5.396440,24.075724,86.175439,0.030000,
-6.066089,24.102125,85.552340,-11.162181,32.357200,121.200085,-6.067472,24.118356,85.551775,-5.396643,24.075754,86.175252,0.030000,
-6.066089,24.102125,85.552340,-11.162521,32.356769,121.202381,-6.064551,24.084082,85.552968,-5.396845,24.075784,86.175065,0.030000,
-6.066089,24.102125,85.552340,-11.162861,32.356337,121.204676,-6.067472,24.118356,85.551775,-5.397047,24.075814,86.174877,0.030000,
-6.066089,24.102125,85.552340,-11.163201,32.355906,121.206971,-6.064551,24.084082,85.552968,-5.397249,24.075843,86.174690,0.030000,
-6.066089,24.102125,85.552340,-11.163541,32.355475,121.209265,-6.067472,24.118356,85.551775,-5.397451,24.075873,86.174503,0.030000,
-6.066089,24.102125,85.552340,-11.163881,32.355044,121.211559,-6.064551,24.084082,85.552968,-5.397654,24.075903,86.174316,0.030000,
-6.066089,24.102125,85.552340,-11.164221,32.354613,121.213853,-6.067472,24.118356,85.551775,-5.397856,24.075933,86.174129,0.030000,
-6.066089,24.102125,85.552340,-11.164560,32.354182,121.216146,-6.064551,24.084082,85.552968,-5.398058,24.075963,86.173942,0.030000,
-6.066089,24.102125,85.552340,-11.164900,32.353751,121.218438,-6.067472,24.118356,85.551775,-5.398259,24.075993,86.173755,0.030000,
-6.066089,24.102125,85.552340,-11.165240,32.353320,121.220731,-6.064551,24.084082,85.552968,-5.398461,24.076022,86.173568,0.030000,
-6.066089,24.102125,85.552340,-11.165580,32.352889,121.223022,-6.067472,24.118356,85.551775,-5.398663,24.076052,86.173382,0.030000,
-6.066089,24.102125,85.552340,-11.165919,32.352459,121.225313,-6.064551,24.084082,85.552968,-5.398865,24.076082,86.173195,0.030000,
-6.066089,24.102125,85.552340,-11.166259,32.352028,121.227604,-6.067472,24.118356,85.551775,-5.399066,24.076112,86.173008,0.030000,
-6.066089,24.102125,85.552340,-11.166598,32.351598,121.229895,-6.064551,24.084082,85.552968,-5.399268,24.076141,86.172822,0.030000,
-6.066089,24.102125,85.552340,-11.166938,32.351167,121.232185,-6.067472,24.118356,85.551775,-5.399469,24.076171,86.172635,0.030000,
-6.066089,24.102125,85.552340,-11.167277,32.350737,121.234474,-6.064551,24.084082,85.552968,-5.399671,24.076201,86.172448,0.030000,
-6.066089,24.102125,85.552340,-11.167617,32.350307,121.236763,-6.067472,24.118356,85.551775,-5.399872,24.076230,86.172262,0.030000,
-6.066089,24.102125,85.552340,-11.167956,32.349876,121.239052,-6.064551,24.084082,85.552968,-5.400074,24.076260,86.172076,0.030000,
-6.066089,24.102125,85.552340,-11.168296,32.349446,121.241340,-6.067472,24.118356,85.551775,-5.400275,24.076290,86.171889,0.030000,
-6.066089,24.102125,85.552340,-11.168635,32.349016,121.243627,-6.064551,24.084082,85.552968,-5.400476,24.076319,86.171703,0.030000,
-6.066089,24.102125,85.552340,-11.168974,32.348586,121.245915,-6.067472,24.118356,85.551775,-5.400677,24.076349,86.171517,0.030000,
-6.066089,24.102125,85.552340,-11.169313,32.348156,121.248201,-6.064551,24.084082,85.552968,-5.400878,24.076378,86.171331,0.030000,
-6.066089,24.102125,85.552340,-11.169652,32.347727,121.250488,-6.067472,24.118356,85.551775,-5.401079,24.076408,86.171145,0.030000,
-6.066089,24.102125,85.552340,-11.169992,32.347297,121.252774,-6.064551,24.084082,85.552968,-5.401280,24.076437,86.170958,0.030000,
-6.066089,24.102125,85.552340,-11.170331,32.346867,121.255059,-6.067472,24.118356,85.551775,-5.401481,24.076467,86.170772,0.030000,
-6.066089,24.102125,85.552340,-11.170670,32.346438,121.257344,-6.064551,24.084082,85.552968,-5.401682,24.076496,86.170587,0.030000,
-6.066089,24.102125,85.552340,-11.171009,32.346008,121.259629,-6.067472,24.118356,85.551775,-5.401883,24.076525,86.170401,0.030000,
-6.066089,24.102125,85.552340,-11.171348,32.345579,121.261913,-6.064551,24.084082,85.552968,-5.402084,24.076555,86.170215,0.030000,
-6.066089,24.102125,85.552340,-11.171687,32.345150,121.264197,-6.067472,24.118356,85.551775,-5.402284,24.076584,86.170029,0.030000,
-6.066089,24.102125,85.552340,-11.172026,32.344721,121.266480,-6.064551,24.084082,85.552968,-5.402485,24.076614,86.169843,0.030000,
-6.066089,24.102125,85.552340,-11.172364,32.344291,121.268763,-6.067472,24.118356,85.551775,-5.402685,24.076643,86.169658,0.030000,
-6.066089,24.102125,85.552340,-11.172703,32.343862,121.271045,-6.064551,24.084082,85.552968,-5.402886,24.076672,86.169472,0.030000,
-6.066089,24.102125,85.552340,-11.173042,32.343433,121.273327,-6.067472,24.118356,85.551775,-5.403086,24.076701,86.169286,0.030000,
-6.066089,24.102125,85.552340,-11.173381,32.343004,121.275608,-6.064551,24.084082,85.552968,-5.403287,24.076731,86.169101,0.030000,
-6.066089,24.102125,85.552340,-11.173719,32.342576,121.277889,-6.067472,24.118356,85.551775,-5.403487,24.076760,86.168916,0.030000,
-6.066089,24.102125,85.552340,-11.174058,32.342147,121.280170,-6.064551,24.084082,85.552968,-5.403687,24.076789,86.168730,0.030000,
-6.066089,24.102125,85.552340,-11.174396,32.341718,121.282450,-6.067472,24.118356,85.551775,-5.403887,24.076818,86.168545,0.030000,
-6.066089,24.102125,85.552340,-11.174735,32.341290,121.284730,-6.064551,24.084082,85.552968,-5.404087,24.076848,86.168360,0.030000,
-6.066089,24.102125,85.552340,-11.175073,32.340861,121.287009,-6.067472,24.118356,85.551775,-5.404287,24.076877,86.168174,0.030000,
-6.066089,24.102125,85.552340,-11.175412,32.340433,121.289288,-6.064551,24.084082,85.552968,-5.404487,24.076906,86.167989,0.030000,
-6.066089,24.102125,85.552340,-11.175750,32.340004,121.291566,-6.067472,24.118356,85.551775,-5.404687,24.076935,86.167804,0.030000,
-6.066089,24.102125,85.552340,-11.176089,32.339576,121.293844,-6.064551,24.084082,85.552968,-5.404887,24.076964,86.167619,0.030000,
-6.066089,24.102125,85.552340,-11.176427,32.339148,121.296122,-6.067472,24.118356,85.551775,-5.405087,24.076993,86.167434,0.030000,
-6.066089,24.102125,85.552340,-11.176765,32.338720,121.298399,-6.064551,24.084082,85.552968,-5.405287,24.077022,86.167249,0.030000,
-6.066089,24.102125,85.552340,-11.177103,32.338292,121.300675,-6.067472,24.118356,85.551775,-5.405487,24.077051,86.167064,0.030000,
-6.066089,24.102125,85.552340,-11.177442,32.337864,121.302952,-6.064551,24.084082,85.552968,-5.405686,24.077080,86.166879,0.030000,
-6.066089,24.102125,85.552340,-11.177780,32.337436,121.305227,-6.067472,24.118356,85.551775,-5.405886,24.077109,86.166695,0.030000,
-6.066089,24.102125,85.552340,-11.178118,32.337008,121.307503,-6.064551,24.084082,85.552968,-5.406085,24.077138,86.166510,0.030000,
-6.066089,24.102125,85.552340,-11.178456,32.336580,121.309777,-6.067472,24.118356,85.551775,-5.406285,24.077167,86.166325,0.030000,
-6.066089,24.102125,85.552340,-11.178794,32.336153,121.312052,-6.064551,24.084082,85.552968,-5.406484,24.077196,86.166141,0.030000,
-6.066089,24.102125,85.552340,-11.179132,32.335725,121.314326,-6.067472,24.118356,85.551775,-5.406683,24.077225,86.165956,0.030000,
-6.066089,24.102125,85.552340,-11.179470,32.335298,121.316599,-6.064551,24.084082,85.552968,-5.406883,24.077254,86.165772,0.030000,
-6.066089,24.102125,85.552340,-11.179808,32.334870,121.318872,-6.067472,24.118356,85.551775,-5.407082,24.077282,86.165587,0.030000,
-6.066089,24.102125,85.552340,-11.180146,32.334443,121.321145,-6.064551,24.084082,85.552968,-5.407281,24.077311,86.165403,0.030000,
-6.066089,24.102125,85.552340,-11.180483,32.334016,121.323417,-6.067472,24.118356,85.551775,-5.407480,24.077340,86.165218,0.030000,
-6.066089,24.102125,85.552340,-11.180821,32.333588,121.325689,-6.064551,24.084082,85.552968,-5.407679,24.077369,86.165034,0.030000,
-6.066089,24.102125,85.552340,-11.181159,32.333161,121.327960,-6.067472,24.118356,85.551775,-5.407878,24.077398,86.164850,0.030000,
-6.066089,24.102125,85.552340,-11.181496,32.332734,121.330231,-6.064551,24.084082,85.552968,-5.408077,24.077426,86.164666,0.030000,
-6.066089,24.102125,85.552340,-11.181834,32.332307,121.332501,-6.067472,24.118356,85.551775,-5.408276,24.077455,86.164482,0.030000,
-6.066089,24.102125,85.552340,-11.182172,32.331881,121.334771,-6.064551,24.084082,85.552968,-5.408475,24.077484,86.164298,0.030000,
-6.066089,24.102125,85.552340,-11.182509,32.331454,121.337041,-6.067472,24.118356,85.551775,-5.408673,24.077513,86.164114,0.030000,
-6.066089,24.102125,85.552340,-11.182847,32.331027,121.339310,-6.064551,24.084082,85.552968,-5.408872,24.077541,86.163930,0.030000,
-6.066089,24.102125,85.552340,-11.183184,32.330600,121.341579,-6.067472,24.118356,85.551775,-5.409071,24.077570,86.163746,0.030000,
-6.066089,24.102125,85.552340,-11.183522,32.330174,121.343847,-6.064551,24.084082,85.552968,-5.409269,24.077598,86.163562,0.030000,
-6.066089,24.102125,85.552340,-11.183859,32.329747,121.346115,-6.067472,24.118356,85.551775,-5.409468,24.077627,86.163378,0.030000,
-6.066089,24.102125,85.552340,-11.184196,32.329321,121.348382,-6.064551,24.084082,85.552968,-5.409666,24.077656,86.163195,0.030000,
-6.066089,24.102125,85.552340,-11.184534,32.328895,121.350649,-6.067472,24.118356,85.551775,-5.409864,24.077684,86.163011,0.030000,
-6.066089,24.102125,85.552340,-11.184871,32.328468,121.352915,-6.064551,24.084082,85.552968,-5.410063,24.077713,86.162827,0.030000,
-6.066089,24.102125,85.552340,-11.185208,32.328042,121.355181,-6.067472,24.118356,85.551775,-5.410261,24.077741,86.162644,0.030000,
-6.066089,24.102125,85.552340,-11.185545,32.327616,121.357447,-6.064551,24.084082,85.552968,-5.410459,24.077770,86.162460,0.030000,
-6.066089,24.102125,85.552340,-11.185882,32.327190,121.359712,-6.067472,24.118356,85.551775,-5.410657,24.077798,86.162277,0.030000,
-6.066089,24.102125,85.552340,-11.186219,32.326764,121.361977,-6.064551,24.084082,85.552968,-5.410855,24.077827,86.162093,0.030000,
-6.066089,24.102125,85.552340,-11.186556,32.326338,121.364241,-6.067472,24.118356,85.551775,-5.411053,24.077855,86.161910,0.030000,
-6.066089,24.102125,85.552340,-11.186893,32.325913,121.366505,-6.064551,24.084082,85.552968,-5.411251,24.077883,86.161727,0.030000,
-6.066089,24.102125,85.552340,-11.187230,32.325487,121.368768,-6.067472,24.118356,85.551775,-5.411449,24.077912,86.161544,0.030000,
-6.066089,24.102125,85.552340,-11.187567,32.325061,121.371031,-6.064551,24.084082,85.552968,-5.411647,24.077940,86.161360,0.030000,
-6.066089,24.102125,85.552340,-11.187904,32.324636,121.373293,-6.067472,24.118356,85.551775,-5.411845,24.077968,86.161177,0.030000,
-6.066089,24.102125,85.552340,-11.188241,32.324210,121.375555,-6.064551,24.084082,85.552968,-5.412042,24.077997,86.160994,0.030000,
-6.066089,24.102125,85.552340,-11.188578,32.323785,121.377817,-6.067472,24.118356,85.551775,-5.412240,24.078025,86.160811,0.030000,
-6.066089,24.102125,85.552340,-11.188914,32.323360,121.380078,-6.064551,24.084082,85.552968,-5.412437,24.078053,86.160628,0.030000,
-6.066089,24.102125,85.552340,-11.189251,32.322935,121.382339,-6.067472,24.118356,85.551775,-5.412635,24.078082,86.160445,0.030000,
-6.066089,24.102125,85.552340,-11.189588,32.322509,121.384599,-6.064551,24.084082,85.552968,-5.412832,24.078110,86.160263,0.030000,
-6.066089,24.102125,85.552340,-11.189924,32.322084,121.386859,-6.067472,24.118356,85.551775,-5.413030,24.078138,86.160080,0.030000,
-6.066089,24.102125,85.552340,-11.190261,32.321659,121.389118,-6.064551,24.084082,85.552968,-5.413227,24.078166,86.159897,0.030000,
-6.066089,24.102125,85.552340,-11.190597,32.321235,121.391377,-6.067472,24.118356,85.551775,-5.413424,24.078194,86.159714,0.030000,
-6.066089,24.102125,85.552340,-11.190934,32.320810,121.393636,-6.064551,24.084082,85.552968,-5.413622,24.078222,86.159532,0.030000,
-6.066089,24.102125,85.552340,-11.191270,32.320385,121.395894,-6.067472,24.118356,85.551775,-5.413819,24.078251,86.159349,0.030000,
-6.066089,24.102125,85.552340,-11.191606,32.319960,121.398152,-6.064551,24.084082,85.552968,-5.414016,24.078279,86.159167,0.030000,
-6.066089,24.102125,85.552340,-11.191943,32.319536,121.400409,-6.067472,24.118356,85.551775,-5.414213,24.078307,86.158984,0.030000,
-6.066089,24.102125,85.552340,-11.192279,32.319111,121.402666,-6.064551,24.084082,85.552968,-5.414410,24.078335,86.158802,0.030000,
-6.066089,24.102125,85.552340,-11.192615,32.318687,121.404922,-6.067472,24.118356,85.551775,-5.414607,24.078363,86.158619,0.030000,
-6.066089,24.102125,85.552340,-11.192952,32.318262,121.407178,-6.064551,24.084082,85.552968,-5.414804,24.078391,86.158437,0.030000,
-6.066089,24.102125,85.552340,-11.193288,32.317838,121.409433,-6.067472,24.118356,85.551775,-5.415000,24.078419,86.158255,0.030000,
-6.066089,24.102125,85.552340,-11.193624,32.317414,121.411688,-6.064551,24.084082,85.552968,-5.415197,24.078447,86.158073,0.030000,
-6.066089,24.102125,85.552340,-11.193960,32.316990,121.413943,-6.067472,24.118356,85.551775,-5.415394,24.078475,86.157891,0.030000,
-6.066089,24.102125,85.552340,-11.194296,32.316566,121.416197,-6.064551,24.084082,85.552968,-5.415591,24.078503,86.157709,0.030000,
-6.066089,24.102125,85.552340,-11.194632,32.316142,121.418451,-6.067472,24.118356,85.551775,-5.415787,24.078531,86.157527,0.030000,
-6.066089,24.102125,85.552340,-11.194968,32.315718,121.420704,-6.064551,24.084082,85.552968,-5.415984,24.078559,86.157345,0.030000,
-6.066089,24.102125,85.552340,-11.195304,32.315294,121.422957,-6.067472,24.118356,85.551775,-5.416180,24.078586,86.157163,0.030000,
-6.066089,24.102125,85.552340,-11.195640,32.314870,121.425209,-6.064551,24.084082,85.552968,-5.416376,24.078614,86.156981,0.030000,
-6.066089,24.102125,85.552340,-11.195975,32.314447,121.427461,-6.067472,24.118356,85.551775,-5.416573,24.078642,86.156799,0.030000,
-6.066089,24.102125,85.552340,-11.196311,32.314023,121.429713,-6.064551,24.084082,85.552968,-5.416769,24.078670,86.156617,0.030000,
-6.066089,24.102125,85.552340,-11.196647,32.313600,121.431964,-6.067472,24.118356,85.551775,-5.416965,24.078698,86.156436,0.030000,
-6.066089,24.102125,85.552340,-11.196983,32.313176,121.434214,-6.064551,24.084082,85.552968,-5.417161,24.078726,86.156254,0.030000,
-6.066089,24.102125,85.552340,-11.197318,32.312753,121.436465,-6.067472,24.118356,85.551775,-5.417357,24.078753,86.156072,0.030000,
-6.066089,24.102125,85.552340,-11.197654,32.312330,121.438714,-6.064551,24.084082,85.552968,-5.417553,24.078781,86.155891,0.030000,
-6.066089,24.102125,85.552340,-11.197989,32.311907,121.440964,-6.067472,24.118356,85.551775,-5.417749,24.078809,86.155709,0.030000,
-6.066089,24.102125,85.552340,-11.198325,32.311483,121.443212,-6.064551,24.084082,85.552968,-5.417945,24.078836,86.155528,0.030000,
-6.066089,24.102125,85.552340,-11.198660,32.311060,121.445461,-6.067472,24.118356,85.551775,-5.418141,24.078864,86.155347,0.030000,
-6.066089,24.102125,85.552340,-11.198996,32.310637,121.447709,-6.064551,24.084082,85.552968,-5.418337,24.078892,86.155165,0.030000,
-6.066089,24.102125,85.552340,-11.199331,32.310215,121.449956,-6.067472,24.118356,85.551775,-5.418533,24.078919,86.154984,0.030000,
-6.066089,24.102125,85.552340,-11.199667,32.309792,121.452204,-6.064551,24.084082,85.552968,-5.418728,24.078947,86.154803,0.030000,
-6.066089,24.102125,85.552340,-11.200002,32.309369,121.454450,-6.067472,24.118356,85.551775,-5.418924,24.078975,86.154622,0.030000,
-6.066089,24.102125,85.552340,-11.200337,32.308946,121.456697,-6.064551,24.084082,85.552968,-5.419119,24.079002,86.154441,0.030000,
-6.066089,24.102125,85.552340,-11.200672,32.308524,121.458942,-6.067472,24.118356,85.551775,-5.419315,24.079030,86.154260,0.030000,
-6.066089,24.102125,85.552340,-11.201007,32.308101,121.461188,-6.064551,24.084082,85.552968,-5.419510,24.079057,86.154079,0.030000,
-6.066089,24.102125,85.552340,-11.201343,32.307679,121.463433,-6.067472,24.118356,85.551775,-5.419706,24.079085,86.153898,0.030000,
-6.066089,24.102125,85.552340,-11.201678,32.307257,121.465677,-6.064551,24.084082,85.552968,-5.419901,24.079112,86.153717,0.030000,
-6.066089,24.102125,85.552340,-11.202013,32.306834,121.467921,-6.067472,24.118356,85.551775,-5.420096,24.079140,86.153536,0.030000,
-6.066089,24.102125,85.552340,-11.202348,32.306412,121.470165,-6.064551,24.084082,85.552968,-5.420291,24.079167,86.153355,0.030000,
-6.066089,24.102125,85.552340,-11.202683,32.305990,121.472408,-6.067472,24.118356,85.551775,-5.420487,24.079194,86.153175,0.030000,
-6.066089,24.102125,85.552340,-11.203018,32.305568,121.474651,-6.064551,24.084082,85.552968,-5.420682,24.079222,86.152994,0.030000,
-6.066089,24.102125,85.552340,-11.203352,32.305146,121.476893,-6.067472,24.118356,85.551775,-5.420877,24.079249,86.152813,0.030000,
-6.066089,24.102125,85.552340,-11.203687,32.304724,121.479135,-6.064551,24.084082,85.552968,-5.421072,24.079277,86.152633,0.030000,
-6.066089,24.102125,85.552340,-11.204022,32.304303,121.481377,-6.067472,24.118356,85.551775,-5.421266,24.079304,86.152452,0.030000,
-6.066089,24.102125,85.552340,-11.204357,32.303881,121.483618,-6.064551,24.084082,85.552968,-5.421461,24.079331,86.152272,0.030000,
-6.066089,24.102125,85.552340,-11.204691,32.303459,121.485858,-6.067472,24.118356,85.551775,-5.421656,24.079359,86.152092,0.030000,
-6.066089,24.102125,85.552340,-11.205026,32.303038,121.488098,-6.064551,24.084082,85.552968,-5.421851,24.079386,86.151911,0.030000,
-6.066089,24.102125,85.552340,-11.205361,32.302616,121.490338,-6.067472,24.118356,85.551775,-5.422045,24.079413,86.151731,0.030000,
-6.066089,24.102125,85.552340,-11.205695,32.302195,121.492577,-6.064551,24.084082,85.552968,-5.422240,24.079440,86.151551,0.030000,
-6.066089,24.102125,85.552340,-11.206030,32.301774,121.494816,-6.067472,24.118356,85.551775,-5.422435,24.079467,86.151371,0.030000,
-6.066089,24.102125,85.552340,-11.206364,32.301352,121.497054,-6.064551,24.084082,85.552968,-5.422629,24.079495,86.151191,0.030000,
-6.066089,24.102125,85.552340,-11.206699,32.300931,121.499292,-6.067472,24.118356,85.551775,-5.422823,24.079522,86.151011,0.030000,
-6.066089,24.102125,85.552340,-11.207033,32.300510,121.501530,-6.064551,24.084082,85.552968,-5.423018,24.079549,86.150831,0.030000,
-6.066089,24.102125,85.552340,-11.207367,32.300089,121.503767,-6.067472,24.118356,85.551775,-5.423212,24.079576,86.150651,0.030000,
-6.066089,24.102125,85.552340,-11.207702,32.299668,121.506004,-6.064551,24.084082,85.552968,-5.423406,24.079603,86.150471,0.030000,
-6.066089,24.102125,85.552340,-11.208036,32.299247,121.508240,-6.067472,24.118356,85.551775,-5.423601,24.079630,86.150291,0.030000,
-6.066089,24.102125,85.552340,-11.208370,32.298827,121.510476,-6.064551,24.084082,85.552968,-5.423795,24.079657,86.150111,0.030000,
-6.066089,24.102125,85.552340,-11.208704,32.298406,121.512711,-6.067472,24.118356,85.551775,-5.423989,24.079684,86.149931,0.030000,
-6.066089,24.102125,85.552340,-11.209039,32.297985,121.514946,-6.064551,24.084082,85.552968,-5.424183,24.079712,86.149752,0.030000,
-6.066089,24.102125,85.552340,-11.209373,32.297565,121.517180,-6.067472,24.118356,85.551775,-5.424377,24.079739,86.149572,0.030000,
-6.066089,24.102125,85.552340,-11.209707,32.297144,121.519415,-6.064551,24.084082,85.552968,-5.424571,24.079766,86.149392,0.030000,
-6.066089,24.102125,85.552340,-11.210041,32.296724,121.521648,-6.067472,24.118356,85.551775,-5.424764,24.079792,86.149213,0.030000,
-6.066089,24.102125,85.552340,-11.210375,32.296304,121.523881,-6.064551,24.084082,85.552968,-5.424958,24.079819,86.149034,0.030000,
-6.066089,24.102125,85.552340,-11.210709,32.295883,121.526114,-6.067472,24.118356,85.551775,-5.425152,24.079846,86.148854,0.030000,
-6.066089,24.102125,85.552340,-11.211042,32.295463,121.528346,-6.064551,24.084082,85.552968,-5.425346,24.079873,86.148675,0.030000,
-6.066089,24.102125,85.552340,-11.211376,32.295043,121.530578,-6.067472,24.118356,85.551775,-5.425539,24.079900,86.148495,0.030000,
-6.066089,24.102125,85.552340,-11.211710,32.294623,121.532810,-6.064551,24.084082,85.552968,-5.425733,24.079927,86.148316,0.030000,
-6.066089,24.102125,85.552340,-11.212044,32.294203,121.535041,-6.067472,24.118356,85.551775,-5.425926,24.079954,86.148137,0.030000,
-6.066089,24.102125,85.552340,-11.212377,32.293783,121.537271,-6.064551,24.084082,85.552968,-5.426120,24.079981,86.147958,0.030000,
-6.066089,24.102125,85.552340,-11.212711,32.293364,121.539501,-6.067472,24.118356,85.551775,-5.426313,24.080007,86.147779,0.030000,
-6.066089,24.102125,85.552340,-11.213045,32.292944,121.541731,-6.064551,24.084082,85.552968,-5.426506,24.080034,86.147600,0.030000,
-6.066089,24.102125,85.552340,-11.213378,32.292524,121.543960,-6.067472,24.118356,85.551775,-5.426699,24.080061,86.147421,0.030000,
-6.066089,24.102125,85.552340,-11.213712,32.292105,121.546189,-6.064551,24.084082,85.552968,-5.426893,24.080088,86.147242,0.030000,
-6.066089,24.102125,85.552340,-11.214045,32.291685,121.548418,-6.067472,24.118356,85.551775,-5.427086,24.080115,86.147063,0.030000,
-6.066089,24.102125,85.552340,-11.214379,32.291266,121.550646,-6.064551,24.084082,85.552968,-5.427279,24.080141,86.146884,0.030000,
-6.066089,24.102125,85.552340,-11.214712,32.290847,121.552873,-6.067472,24.118356,85.551775,-5.427472,24.080168,86.146705,0.030000,
-6.066089,24.102125,85.552340,-11.215045,32.290428,121.555100,-6.064551,24.084082,85.552968,-5.427665,24.080195,86.146527,0.030000,
-6.066089,24.102125,85.552340,-11.215379,32.290008,121.557327,-6.067472,24.118356,85.551775,-5.427858,24.080221,86.146348,0.030000,
-6.066089,24.102125,85.552340,-11.215712,32.289589,121.559553,-6.064551,24.084082,85.552968,-5.428050,24.080248,86.146170,0.030000,
-6.066089,24.102125,85.552340,-11.216045,32.289170,121.561779,-6.067472,24.118356,85.551775,-5.428243,24.080274,86.145991,0.030000,
-6.066089,24.102125,85.552340,-11.216378,32.288751,121.564004,-6.064551,24.084082,85.552968,-5.428436,24.080301,86.145813,0.030000,
-6.066089,24.102125,85.552340,-11.216712,32.288333,121.566229,-6.067472,24.118356,85.551775,-5.428629,24.080328,86.145634,0.030000,
-6.066089,24.102125,85.552340,-11.217045,32.287914,121.568454,-6.064551,24.084082,85.552968,-5.428821,24.080354,86.145456,0.030000,
-6.066089,24.102125,85.552340,-11.217378,32.287495,121.570678,-6.067472,24.118356,85.551775,-5.429014,24.080381,86.145277,0.030000,
-6.066089,24.102125,85.552340,-11.217711,32.287077,121.572901,-6.064551,24.084082,85.552968,-5.429206,24.080407,86.145099,0.030000,
-6.066089,24.102125,85.552340,-11.218044,32.286658,121.575125,-6.067472,24.118356,85.551775,-5.429399,24.080434,86.144921,0.030000,
-6.066089,24.102125,85.552340,-11.218377,32.286240,121.577347,-6.064551,24.084082,85.552968,-5.429591,24.080460,86.144743,0.030000,
-6.066089,24.102125,85.552340,-11.218709,32.285821,121.579570,-6.067472,24.118356,85.551775,-5.429783,24.080487,86.144565,0.030000,
-6.066089,24.102125,85.552340,-11.219042,32.285403,121.581792,-6.064551,24.084082,85.552968,-5.429976,24.080513,86.144387,0.030000,
-6.066089,24.102125,85.552340,-11.219375,32.284985,121.584013,-6.067472,24.118356,85.551775,-5.430168,24.080539,86.144209,0.030000,
-6.066089,24.102125,85.552340,-11.219708,32.284567,121.586234,-6.064551,24.084082,85.552968,-5.430360,24.080566,86.144031,0.030000,
-6.066089,24.102125,85.552340,-11.220041,32.284149,121.588455,-6.067472,24.118356,85.551775,-5.430552,24.080592,86.143853,0.030000,
-6.066089,24.102125,85.552340,-11.220373,32.283731,121.590675,-6.064551,24.084082,85.552968,-5.430744,24.080619,86.143675,0.030000,
-6.066089,24.102125,85.552340,-11.220706,32.283313,121.592895,-6.067472,24.118356,85.551775,-5.430936,24.080645,86.143497,0.030000,
-6.066089,24.102125,85.552340,-11.221038,32.282895,121.595114,-6.064551,24.084082,85.552968,-5.431128,24.080671,86.143319,0.030000,
-6.066089,24.102125,85.552340,-11.221371,32.282477,121.597333,-6.067472,24.118356,85.551775,-5.431320,24.080697,86.143142,0.030000,
-6.066089,24.102125,85.552340,-11.221703,32.282059,121.599551,-6.064551,24.084082,85.552968,-5.431511,24.080724,86.142964,0.030000,
-6.066089,24.102125,85.552340,-11.222036,32.281642,121.601769,-6.067472,24.118356,85.551775,-5.431703,24.080750,86.142786,0.030000,
-6.066089,24.102125,85.552340,-11.222368,32.281224,121.603987,-6.064551,24.084082,85.552968,-5.431895,24.080776,86.142609,0.030000,
-6.066089,24.102125,85.552340,-11.222701,32.280807,121.606204,-6.067472,24.118356,85.551775,-5.432086,24.080802,86.142431,0.030000,
-6.066089,24.102125,85.552340,-11.223033,32.280389,121.608421,-6.064551,24.084082,85.552968,-5.432278,24.080829,86.142254,0.030000,
-6.066089,24.102125,85.552340,-11.223365,32.279972,121.610637,-6.067472,24.118356,85.551775,-5.432469,24.080855,86.142077,0.030000,
-6.066089,24.102125,85.552340,-11.223697,32.279555,121.612853,-6.064551,24.084082,85.552968,-5.432661,24.080881,86.141899,0.030000,
-6.066089,24.102125,85.552340,-11.224030,32.279138,121.615068,-6.067472,24.118356,85.551775,-5.432852,24.080907,86.141722,0.030000,
-6.066089,24.102125,85.552340,-11.224362,32.278721,121.617283,-6.064551,24.084082,85.552968,-5.433044,24.080933,86.141545,0.030000,
-6.066089,24.102125,85.552340,-11.224694,32.278304,121.619498,-6.067472,24.118356,85.551775,-5.433235,24.080959,86.141368,0.030000,
-6.066089,24.102125,85.552340,-11.225026,32.277887,121.621712,-6.064551,24.084082,85.552968,-5.433426,24.080985,86.141191,0.030000,
-6.066089,24.102125,85.552340,-11.225358,32.277470,121.623926,-6.067472,24.118356,85.551775,-5.433617,24.081011,86.141014,0.030000,
-6.066089,24.102125,85.552340,-11.225690,32.277053,121.626139,-6.064551,24.084082,85.552968,-5.433808,24.081037,86.140837,0.030000,
-6.066089,24.102125,85.552340,-11.226022,32.276637,121.628352,-6.067472,24.118356,85.551775,-5.433999,24.081063,86.140660,0.030000,
-6.066089,24.102125,85.552340,-11.226354,32.276220,121.630564,-6.064551,24.084082,85.552968,-5.434190,24.081089,86.140483,0.030000,
-6.066089,24.102125,85.552340,-11.226686,32.275804,121.632776,-6.067472,24.118356,85.551775,-5.434381,24.081115,86.140306,0.030000,
-6.066089,24.102125,85.552340,-11.227017,32.275387,121.634988,-6.064551,24.084082,85.552968,-5.434572,24.081141,86.140129,0.030000,
-6.066089,24.102125,85.552340,-11.227349,32.274971,121.637199,-6.067472,24.118356,85.551775,-5.434763,24.081167,86.139952,0.030000,
-6.066089,24.102125,85.552340,-11.227681,32.274554,121.639409,-6.064551,24.084082,85.552968,-5.434953,24.081193,86.139776,0.030000,
-6.066089,24.102125,85.552340,-11.228012,32.274138,121.641620,-6.067472,24.118356,85.551775,-5.435144,24.081219,86.139599,0.030000,
-6.066089,24.102125,85.552340,-11.228344,32.273722,121.643829,-6.064551,24.084082,85.552968,-5.435335,24.081245,86.139423,0.030000,
-6.066089,24.102125,85.552340,-11.228676,32.273306,121.646039,-6.067472,24.118356,85.551775,-5.435525,24.081271,86.139246,0.030000,
-6.066089,24.102125,85.552340,-11.229007,32.272890,121.648248,-6.064551,24.084082,85.552968,-5.435716,24.081297,86.139070,0.030000,
-6.066089,24.102125,85.552340,-11.229339,32.272474,121.650456,-6.067472,24.118356,85.551775,-5.435906,24.081322,86.138893,0.030000,
-6.066089,24.102125,85.552340,-11.229670,32.272058,121.652664,-6.064551,24.084082,85.552968,-5.436097,24.081348,86.138717,0.030000,
-6.066089,24.102125,85.552340,-11.230001,32.271643,121.654872,-6.067472,24.118356,85.551775,-5.436287,24.081374,86.138541,0.030000,
-6.066089,24.102125,85.552340,-11.230333,32.271227,121.657079,-6.064551,24.084082,85.552968,-5.436477,24.081400,86.138364,0.030000,
-6.066089,24.102125,85.552340,-11.230664,32.270811,121.659286,-6.067472,24.118356,85.551775,-5.436667,24.081426,86.138188,0.030000,
-6.066089,24.102125,85.552340,-11.230995,32.270396,121.661492,-6.064551,24.084082,85.552968,-5.436858,24.081451,86.138012,0.030000,
-6.066089,24.102125,85.552340,-11.231327,32.269980,121.663698,-6.067472,24.118356,85.551775,-5.437048,24.081477,86.137836,0.030000,
-6.066089,24.102125,85.552340,-11.231658,32.269565,121.665904,-6.064551,24.084082,85.552968,-5.437238,24.081503,86.137660,0.030000,
-6.066089,24.102125,85.552340,-11.231989,32.269150,121.668109,-6.067472,24.118356,85.551775,-5.437428,24.081528,86.137484,0.030000,
-6.066089,24.102125,85.552340,-11.232320,32.268735,121.670314,-6.064551,24.084082,85.552968,-5.437618,24.081554,86.137308,0.030000,
-6.066089,24.102125,85.552340,-11.232651,32.268319,121.672518,-6.067472,24.118356,85.551775,-5.437807,24.081580,86.137132,0.030000,
-6.066089,24.102125,85.552340,-11.232982,32.267904,121.674722,-6.064551,24.084082,85.552968,-5.437997,24.081605,86.136956,0.030000,
-6.066089,24.102125,85.552340,-11.233313,32.267489,121.676925,-6.067472,24.118356,85.551775,-5.438187,24.081631,86.136781,0.030000,
-6.066089,24.102125,85.552340,-11.233644,32.267074,121.679128,-6.064551,24.084082,85.552968,-5.438377,24.081656,86.136605,0.030000,
-6.066089,24.102125,85.552340,-11.233975,32.266660,121.681330,-6.067472,24.118356,85.551775,-5.438566,24.081682,86.136429,0.030000,
-6.066089,24.102125,85.552340,-11.234306,32.266245,121.683533,-6.064551,24.084082,85.552968,-5.438756,24.081707,86.136254,0.030000,
-6.066089,24.102125,85.552340,-11.234637,32.265830,121.685734,-6.067472,24.118356,85.551775,-5.438945,24.081733,86.136078,0.030000,
-6.066089,24.102125,85.552340,-11.234967,32.265416,121.687935,-6.064551,24.084082,85.552968,-5.439135,24.081758,86.135902,0.030000,
-6.066089,24.102125,85.552340,-11.235298,32.265001,121.690136,-6.067472,24.118356,85.551775,-5.439324,24.081784,86.135727,0.030000,
-6.066089,24.102125,85.552340,-11.235629,32.264587,121.692337,-6.064551,24.084082,85.552968,-5.439514,24.081809,86.135552,0.030000,
-6.066089,24.102125,85.552340,-11.235959,32.264172,121.694536,-6.067472,24.118356,85.551775,-5.439703,24.081835,86.135376,0.030000,
-6.066089,24.102125,85.552340,-11.236290,32.263758,121.696736,-6.064551,24.084082,85.552968,-5.439892,24.081860,86.135201,0.030000,
-6.066089,24.102125,85.552340,-11.236620,32.263344,121.698935,-6.067472,24.118356,85.551775,-5.440081,24.081886,86.135026,0.030000,
-6.066089,24.102125,85.552340,-11.236951,32.262930,121.701134,-6.064551,24.084082,85.552968,-5.440270,24.081911,86.134851,0.030000,
-6.066089,24.102125,85.552340,-11.237281,32.262516,121.703332,-6.067472,24.118356,85.551775,-5.440460,24.081936,86.134675,0.030000,
-6.066089,24.102125,85.552340,-11.237612,32.262102,121.705530,-6.064551,24.084082,85.552968,-5.440649,24.081962,86.134500,0.030000,
-6.066089,24.102125,85.552340,-11.237942,32.261688,121.707727,-6.067472,24.118356,85.551775,-5.440837,24.081987,86.134325,0.030000,
-6.066089,24.102125,85.552340,-11.238272,32.261274,121.709924,-6.064551,24.084082,85.552968,-5.441026,24.082012,86.134150,0.030000,
-6.066089,24.102125,85.552340,-11.238603,32.260860,121.712121,-6.067472,24.118356,85.551775,-5.441215,24.082037,86.133975,0.030000,
-6.066089,24.102125,85.552340,-11.238933,32.260446,121.714317,-6.064551,24.084082,85.552968,-5.441404,24.082063,86.133801,0.030000,
-6.066089,24.102125,85.552340,-11.239263,32.260033,121.716512,-6.067472,24.118356,85.551775,-5.441593,24.082088,86.133626,0.030000,
-6.066089,24.102125,85.552340,-11.239593,32.259619,121.718707,-6.064551,24.084082,85.552968,-5.441781,24.082113,86.133451,0.030000,
-6.066089,24.102125,85.552340,-11.239923,32.259206,121.720902,-6.067472,24.118356,85.551775,-5.441970,24.082138,86.133276,0.030000,
-6.066089,24.102125,85.552340,-11.240253,32.258793,121.723097,-6.064551,24.084082,85.552968,-5.442158,24.082164,86.133102,0.030000,
-6.066089,24.102125,85.552340,-11.240583,32.258379,121.725291,-6.067472,24.118356,85.551775,-5.442347,24.082189,86.132927,0.030000,
-6.066089,24.102125,85.552340,-11.240913,32.257966,121.727484,-6.064551,24.084082,85.552968,-5.442535,24.082214,86.132752,0.030000,
-6.066089,24.102125,85.552340,-11.241243,32.257553,121.729677,-6.067472,24.118356,85.551775,-5.442724,24.082239,86.132578,0.030000,
-6.066089,24.102125,85.552340,-11.241573,32.257140,121.731870,-6.064551,24.084082,85.552968,-5.442912,24.082264,86.132403,0.030000,
-6.066089,24.102125,85.552340,-11.241903,32.256727,121.734062,-6.067472,24.118356,85.551775,-5.443100,24.082289,86.132229,0.030000,
-6.066089,24.102125,85.552340,-11.242233,32.256314,121.736254,-6.064551,24.084082,85.552968,-5.443289,24.082314,86.132055,0.030000,
-6.066089,24.102125,85.552340,-11.242563,32.255901,121.738445,-6.067472,24.118356,85.551775,-5.443477,24.082339,86.131880,0.030000,
-6.066089,24.102125,85.552340,-11.242892,32.255488,121.740636,-6.064551,24.084082,85.552968,-5.443665,24.082364,86.131706,0.030000,
-6.066089,24.102125,85.552340,-11.243222,32.255076,121.742827,-6.067472,24.118356,85.551775,-5.443853,24.082389,86.131532,0.030000,
-6.066089,24.102125,85.552340,-11.243552,32.254663,121.745017,-6.064551,24.084082,85.552968,-5.444041,24.082414,86.131358,0.030000,
-6.066089,24.102125,85.552340,-11.243881,32.254251,121.747206,-6.067472,24.118356,85.551775,-5.444229,24.082439,86.131184,0.030000,
-6.066089,24.102125,85.552340,-11.244211,32.253838,121.749396,-6.064551,24.084082,85.552968,-5.444417,24.082464,86.131010,0.030000,
-6.066089,24.102125,85.552340,-11.244540,32.253426,121.751584,-6.067472,24.118356,85.551775,-5.444604,24.082489,86.130836,0.030000,
-6.066089,24.102125,85.552340,-11.244870,32.253013,121.753773,-6.064551,24.084082,85.552968,-5.444792,24.082514,86.130662,0.030000,
-6.066089,24.102125,85.552340,-11.245199,32.252601,121.755961,-6.067472,24.118356,85.551775,-5.444980,24.082539,86.130488,0.030000,
-6.066089,24.102125,85.552340,-11.245529,32.252189,121.758148,-6.064551,24.084082,85.552968,-5.445167,24.082564,86.130314,0.030000,
-6.066089,24.102125,85.552340,-11.245858,32.251777,121.760335,-6.067472,24.118356,85.551775,-5.445355,24.082589,86.130140,0.030000,
-6.066089,24.102125,85.552340,-11.246187,32.251365,121.762522,-6.064551,24.084082,85.552968,-5.445542,24.082614,86.129967,0.030000,
-6.066089,24.102125,85.552340,-11.246516,32.250953,121.764708,-6.067472,24.118356,85.551775,-5.445730,24.082638,86.129793,0.030000,
-6.066089,24.102125,85.552340,-11.246846,32.250541,121.766894,-6.064551,24.084082,85.552968,-5.445917,24.082663,86.129619,0.030000,
-6.066089,24.102125,85.552340,-11.247175,32.250129,121.769080,-6.067472,24.118356,85.551775,-5.446105,24.082688,86.129446,0.030000,
-6.066089,24.102125,85.552340,-11.247504,32.249718,121.771265,-6.064551,24.084082,85.552968,-5.446292,24.082713,86.129272,0.030000,
-6.066089,24.102125,85.552340,-11.247833,32.249306,121.773449,-6.067472,24.118356,85.551775,-5.446479,24.082737,86.129099,0.030000,
-6.066089,24.102125,85.552340,-11.248162,32.248895,121.775633,-6.064551,24.084082,85.552968,-5.446666,24.082762,86.128925,0.030000,
-6.066089,24.102125,85.552340,-11.248491,32.248483,121.777817,-6.067472,24.118356,85.551775,-5.446853,24.082787,86.128752,0.030000,
-6.066089,24.102125,85.552340,-11.248820,32.248072,121.780000,-6.064551,24.084082,85.552968,-5.447040,24.082812,86.128579,0.030000,
-6.066089,24.102125,85.552340,-11.249149,32.247660,121.782183,-6.067472,24.118356,85.551775,-5.447228,24.082836,86.128405,0.030000,
-6.066089,24.102125,85.552340,-11.249478,32.247249,121.784365,-6.064551,24.084082,85.552968,-5.447414,24.082861,86.128232,0.030000,
-6.066089,24.102125,85.552340,-11.249806,32.246838,121.786547,-6.067472,24.118356,85.551775,-5.447601,24.082886,86.128059,0.030000,
-6.066089,24.102125,85.552340,-11.250135,32.246427,121.788729,-6.064551,24.084082,85.552968,-5.447788,24.082910,86.127886,0.030000,
-6.066089,24.102125,85.552340,-11.250464,32.246016,121.790910,-6.067472,24.118356,85.551775,-5.447975,24.082935,86.127713,0.030000,
-6.066089,24.102125,85.552340,-11.250792,32.245605,121.793091,-6.064551,24.084082,85.552968,-5.448162,24.082959,86.127540,0.030000,
-6.066089,24.102125,85.552340,-11.251121,32.245194,121.795271,-6.067472,24.118356,85.551775,-5.448348,24.082984,86.127367,0.030000,
-6.066089,24.102125,85.552340,-11.251450,32.244783,121.797451,-6.064551,24.084082,85.552968,-5.448535,24.083008,86.127194,0.030000,
-6.066089,24.102125,85.552340,-11.251778,32.244373,121.799630,-6.067472,24.118356,85.551775,-5.448721,24.083033,86.127021,0.030000,
-6.066089,24.102125,85.552340,-11.252107,32.243962,121.801810,-6.064551,24.084082,85.552968,-5.448908,24.083057,86.126849,0.030000,
-6.066089,24.102125,85.552340,-11.252435,32.243551,121.803988,-6.067472,24.118356,85.551775,-5.449094,24.083082,86.126676,0.030000,
-6.066089,24.102125,85.552340,-11.252764,32.243141,121.806166,-6.064551,24.084082,85.552968,-5.449281,24.083106,86.126503,0.030000,
-6.066089,24.102125,85.552340,-11.253092,32.242731,121.808344,-6.067472,24.118356,85.551775,-5.449467,24.083131,86.126331,0.030000,
-6.066089,24.102125,85.552340,-11.253420,32.242320,121.810521,-6.064551,24.084082,85.552968,-5.449653,24.083155,86.126158,0.030000,
-6.066089,24.102125,85.552340,-11.253749,32.241910,121.812698,-6.067472,24.118356,85.551775,-5.449840,24.083180,86.125985,0.030000,
-6.066089,24.102125,85.552340,-11.254077,32.241500,121.814875,-6.064551,24.084082,85.552968,-5.450026,24.083204,86.125813,0.030000,
-6.066089,24.102125,85.552340,-11.254405,32.241090,121.817051,-6.067472,24.118356,85.551775,-5.450212,24.083228,86.125641,0.030000,
-6.066089,24.102125,85.552340,-11.254733,32.240680,121.819226,-6.064551,24.084082,85.552968,-5.450398,24.083253,86.125468,0.030000,
-6.066089,24.102125,85.552340,-11.255061,32.240270,121.821402,-6.067472,24.118356,85.551775,-5.450584,24.083277,86.125296,0.030000,
-6.066089,24.102125,85.552340,-11.255389,32.239860,121.823576,-6.064551,24.084082,85.552968,-5.450770,24.083301,86.125124,0.030000,
-6.066089,24.102125,85.552340,-11.255717,32.239450,121.825751,-6.067472,24.118356,85.551775,-5.450956,24.083326,86.124951,0.030000,
-6.066089,24.102125,85.552340,-11.256045,32.239040,121.827925,-6.064551,24.084082,85.552968,-5.451141,24.083350,86.124779,0.030000,
-6.066089,24.102125,85.552340,-11.256373,32.238631,121.830098,-6.067472,24.118356,85.551775,-5.451327,24.083374,86.124607,0.030000,
-6.066089,24.102125,85.552340,-11.256701,32.238221,121.832271,-6.064551,24.084082,85.552968,-5.451513,24.083399,86.124435,0.030000,
-6.066089,24.102125,85.552340,-11.257029,32.237812,121.834444,-6.067472,24.118356,85.551775,-5.451699,24.083423,86.124263,0.030000,
-6.066089,24.102125,85.552340,-11.257357,32.237402,121.836616,-6.064551,24.084082,85.552968,-5.451884,24.083447,86.124091,0.030000,
-6.066089,24.102125,85.552340,-11.257684,32.236993,121.838788,-6.067472,24.118356,85.551775,-5.452070,24.083471,86.123919,0.030000,
-6.066089,24.102125,85.552340,-11.258012,32.236584,121.840959,-6.064551,24.084082,85.552968,-5.452255,24.083495,86.123747,0.030000,
-6.066089,24.102125,85.552340,-11.258340,32.236175,121.843130,-6.067472,24.118356,85.551775,-5.452441,24.083519,86.123576,0.030000,
-6.066089,24.102125,85.552340,-11.258667,32.235766,121.845301,-6.064551,24.084082,85.552968,-5.452626,24.083544,86.123404,0.030000,
-6.066089,24.102125,85.552340,-11.258995,32.235356,121.847471,-6.067472,24.118356,85.551775,-5.452811,24.083568,86.123232,0.030000,
-6.066089,24.102125,85.552340,-11.259323,32.234948,121.849640,-6.064551,24.084082,85.552968,-5.452996,24.083592,86.123061,0.030000,
-6.066089,24.102125,85.552340,-11.259650,32.234539,121.851810,-6.067472,24.118356,85.551775,-5.453182,24.083616,86.122889,0.030000,
-6.066089,24.102125,85.552340,-11.259978,32.234130,121.853979,-6.064551,24.084082,85.552968,-5.453367,24.083640,86.122717,0.030000,
-6.066089,24.102125,85.552340,-11.260305,32.233721,121.856147,-6.067472,24.118356,85.551775,-5.453552,24.083664,86.122546,0.030000,
-6.066089,24.102125,85.552340,-11.260632,32.233312,121.858315,-6.064551,24.084082,85.552968,-5.453737,24.083688,86.122375,0.030000,
-6.066089,24.102125,85.552340,-11.260960,32.232904,121.860483,-6.067472,24.118356,85.551775,-5.453922,24.083712,86.122203,0.030000,
-6.066089,24.102125,85.552340,-11.261287,32.232495,121.862650,-6.064551,24.084082,85.552968,-5.454107,24.083736,86.122032,0.030000,
-6.066089,24.102125,85.552340,-11.261614,32.232087,121.864816,-6.067472,24.118356,85.551775,-5.454292,24.083760,86.121861,0.030000,
-6.066089,24.102125,85.552340,-11.261941,32.231679,121.866983,-6.064551,24.084082,85.552968,-5.454476,24.083784,86.121689,0.030000,
-6.066089,24.102125,85.552340,-11.262269,32.231270,121.869149,-6.067472,24.118356,85.551775,-5.454661,24.083808,86.121518,0.030000,
-6.066089,24.102125,85.552340,-11.262596,32.230862,121.871314,-6.064551,24.084082,85.552968,-5.454846,24.083832,86.121347,0.030000,
-6.066089,24.102125,85.552340,-11.262923,32.230454,121.873479,-6.067472,24.118356,85.551775,-5.455031,24.083856,86.121176,0.030000,
-6.066089,24.102125,85.552340,-11.263250,32.230046,121.875644,-6.064551,24.084082,85.552968,-5.455215,24.083880,86.121005,0.030000,
-6.066089,24.102125,85.552340,-11.263577,32.229638,121.877808,-6.067472,24.118356,85.551775,-5.455400,24.083903,86.120834,0.030000,
-6.066089,24.102125,85.552340,-11.263904,32.229230,121.879972,-6.064551,24.084082,85.552968,-5.455584,24.083927,86.120663,0.030000,
-6.066089,24.102125,85.552340,-11.264230,32.228822,121.882135,-6.067472,24.118356,85.551775,-5.455768,24.083951,86.120492,0.030000,
-6.066089,24.102125,85.552340,-11.264557,32.228415,121.884298,-6.064551,24.084082,85.552968,-5.455953,24.083975,86.120321,0.030000,
-6.066089,24.102125,85.552340,-11.264884,32.228007,121.886460,-6.067472,24.118356,85.551775,-5.456137,24.083999,86.120151,0.030000,
-6.066089,24.102125,85.552340,-11.265211,32.227599,121.888622,-6.064551,24.084082,85.552968,-5.456321,24.084022,86.119980,0.030000,
-6.066089,24.102125,85.552340,-11.265538,32.227192,121.890784,-6.067472,24.118356,85.551775,-5.456506,24.084046,86.119809,0.030000,
-6.066089,24.102125,85.552340,-11.265864,32.226784,121.892945,-6.064551,24.084082,85.552968,-5.456690,24.084070,86.119639,0.030000,
-6.066089,24.102125,85.552340,-11.266191,32.226377,121.895106,-6.067472,24.118356,85.551775,-5.456874,24.084094,86.119468,0.030000,
-6.066089,24.102125,85.552340,-11.266517,32.225970,121.897267,-6.064551,24.084082,85.552968,-5.457058,24.084117,86.119298,0.030000,
-6.066089,24.102125,85.552340,-11.266844,32.225562,121.899427,-6.067472,24.118356,85.551775,-5.457242,24.084141,86.119127,0.030000,
-6.066089,24.102125,85.552340,-11.267171,32.225155,121.901586,-6.064551,24.084082,85.552968,-5.457426,24.084165,86.118957,0.030000,
-6.066089,24.102125,85.552340,-11.267497,32.224748,121.903745,-6.067472,24.118356,85.551775,-5.457609,24.084188,86.118786,0.030000,
-6.066089,24.102125,85.552340,-11.267823,32.224341,121.905904,-6.064551,24.084082,85.552968,-5.457793,24.084212,86.118616,0.030000,
-6.066089,24.102125,85.552340,-11.268150,32.223934,121.908062,-6.067472,24.118356,85.551775,-5.457977,24.084235,86.118446,0.030000,
-6.066089,24.102125,85.552340,-11.268476,32.223528,121.910220,-6.064551,24.084082,85.552968,-5.458161,24.084259,86.118276,0.030000,
-6.066089,24.102125,85.552340,-11.268802,32.223121,121.912378,-6.067472,24.118356,85.551775,-5.458344,24.084283,86.118105,0.030000,
-6.066089,24.102125,85.552340,-11.269129,32.222714,121.914535,-6.064551,24.084082,85.552968,-5.458528,24.084306,86.117935,0.030000,
-6.066089,24.102125,85.552340,-11.269455,32.222307,121.916691,-6.067472,24.118356,85.551775,-5.458711,24.084330,86.117765,0.030000,
-6.066089,24.102125,85.552340,-11.269781,32.221901,121.918847,-6.064551,24.084082,85.552968,-5.458895,24.084353,86.117595,0.030000,
-6.066089,24.102125,85.552340,-11.270107,32.221494,121.921003,-6.067472,24.118356,85.551775,-5.459078,24.084377,86.117425,0.030000,
-6.066089,24.102125,85.552340,-11.270433,32.221088,121.923158,-6.064551,24.084082,85.552968,-5.459262,24.084400,86.117255,0.030000,
-6.066089,24.102125,85.552340,-11.270759,32.220682,121.925313,-6.067472,24.118356,85.551775,-5.459445,24.084424,86.117086,0.030000,
-6.066089,24.102125,85.552340,-11.271085,32.220276,121.927468,-6.064551,24.084082,85.552968,-5.459628,24.084447,86.116916,0.030000,
-6.066089,24.102125,85.552340,-11.271411,32.219869,121.929622,-6.067472,24.118356,85.551775,-5.459811,24.084471,86.116746,0.030000,
-6.066089,24.102125,85.552340,-11.271737,32.219463,121.931776,-6.064551,24.084082,85.552968,-5.459994,24.084494,86.116576,0.030000,
-6.066089,24.102125,85.552340,-11.272063,32.219057,121.933929,-6.067472,24.118356,85.551775,-5.460177,24.084517,86.116407,0.030000,
-6.066089,24.102125,85.552340,-11.272389,32.218651,121.936082,-6.064551,24.084082,85.552968,-5.460360,24.084541,86.116237,0.030000,
-6.066089,24.102125,85.552340,-11.272714,32.218246,121.938234,-6.067472,24.118356,85.551775,-5.460543,24.084564,86.116068,0.030000,
-6.066089,24.102125,85.552340,-11.273040,32.217840,121.940386,-6.064551,24.084082,85.552968,-5.460726,24.084587,86.115898,0.030000,
-6.066089,24.102125,85.552340,-11.273366,32.217434,121.942537,-6.067472,24.118356,85.551775,-5.460909,24.084611,86.115729,0.030000,
-6.066089,24.102125,85.552340,-11.273691,32.217028,121.944689,-6.064551,24.084082,85.552968,-5.461092,24.084634,86.115559,0.030000,
-6.066089,24.102125,85.552340,-11.274017,32.216623,121.946839,-6.067472,24.118356,85.551775,-5.461275,24.084657,86.115390,0.030000,
-6.066089,24.102125,85.552340,-11.274342,32.216217,121.948990,-6.064551,24.084082,85.552968,-5.461457,24.084681,86.115221,0.030000,
-6.066089,24.102125,85.552340,-11.274668,32.215812,121.951139,-6.067472,24.118356,85.551775,-5.461640,24.084704,86.115051,0.030000,
-6.066089,24.102125,85.552340,-11.274993,32.215407,121.953289,-6.064551,24.084082,85.552968,-5.461823,24.084727,86.114882,0.030000,
-6.066089,24.102125,85.552340,-11.275319,32.215001,121.955438,-6.067472,24.118356,85.551775,-5.462005,24.084750,86.114713,0.030000,
-6.066089,24.102125,85.552340,-11.275644,32.214596,121.957587,-6.064551,24.084082,85.552968,-5.462188,24.084773,86.114544,0.030000,
-6.066089,24.102125,85.552340,-11.275970,32.214191,121.959735,-6.067472,24.118356,85.551775,-5.462370,24.084797,86.114375,0.030000,
-6.066089,24.102125,85.552340,-11.276295,32.213786,121.961883,-6.064551,24.084082,85.552968,-5.462552,24.084820,86.114206,0.030000,
-6.066089,24.102125,85.552340,-11.276620,32.213381,121.964030,-6.067472,24.118356,85.551775,-5.462735,24.084843,86.114037,0.030000,
-6.066089,24.102125,85.552340,-11.276945,32.212976,121.966177,-6.064551,24.084082,85.552968,-5.462917,24.084866,86.113868,0.030000,
-6.066089,24.102125,85.552340,-11.277270,32.212571,121.968323,-6.067472,24.118356,85.551775,-5.463099,24.084889,86.113699,0.030000,
-6.066089,24.102125,85.552340,-11.277595,32.212167,121.970469,-6.064551,24.084082,85.552968,-5.463281,24.084912,86.113531,0.030000,
-6.066089,24.102125,85.552340,-11.277921,32.211762,121.972615,-6.067472,24.118356,85.551775,-5.463463,24.084935,86.113362,0.030000,
-6.066089,24.102125,85.552340,-11.278246,32.211357,121.974760,-6.064551,24.084082,85.552968,-5.463645,24.084958,86.113193,0.030000,
-6.066089,24.102125,85.552340,-11.278571,32.210953,121.976905,-6.067472,24.118356,85.551775,-5.463827,24.084981,86.113025,0.030000,
-6.066089,24.102125,85.552340,-11.278895,32.210549,121.979050,-6.064551,24.084082,85.552968,-5.464009,24.085004,86.112856,0.030000,
-6.066089,24.102125,85.552340,-11.279220,32.210144,121.981194,-6.067472,24.118356,85.551775,-5.464191,24.085027,86.112688,0.030000,
-6.066089,24.102125,85.552340,-11.279545,32.209740,121.983337,-6.064551,24.084082,85.552968,-5.464373,24.085050,86.112519,0.030000,
-6.066089,24.102125,85.552340,-11.279870,32.209336,121.985480,-6.067472,24.118356,85.551775,-5.464554,24.085073,86.112351,0.030000,
-6.066089,24.102125,85.552340,-11.280195,32.208932,121.987623,-6.064551,24.084082,85.552968,-5.464736,24.085096,86.112182,0.030000,
-6.066089,24.102125,85.552340,-11.280519,32.208528,121.989766,-6.067472,24.118356,85.551775,-5.464918,24.085119,86.112014,0.030000,
-6.066089,24.102125,85.552340,-11.280844,32.208124,121.991907,-6.064551,24.084082,85.552968,-5.465099,24.085142,86.111846,0.030000,
-6.066089,24.102125,85.552340,-11.281169,32.207720,121.994049,-6.067472,24.118356,85.551775,-5.465281,24.085165,86.111678,0.030000,
-6.066089,24.102125,85.552340,-11.281493,32.207316,121.996190,-6.064551,24.084082,85.552968,-5.465462,24.085188,86.111509,0.030000,
-6.066089,24.102125,85.552340,-11.281818,32.206912,121.998331,-6.067472,24.118356,85.551775,-5.465644,24.085211,86.111341,0.030000,
-6.066089,24.102125,85.552340,-11.282142,32.206508,122.000471,-6.064551,24.084082,85.552968,-5.465825,24.085234,86.111173,0.030000,
-6.066089,24.102125,85.552340,-11.282467,32.206105,122.002611,-6.067472,24.118356,85.551775,-5.466006,24.085256,86.111005,0.030000,
-6.066089,24.102125,85.552340,-11.282791,32.205701,122.004750,-6.064551,24.084082,85.552968,-5.466188,24.085279,86.110837,0.030000,
-6.066089,24.102125,85.552340,-11.283116,32.205298,122.006889,-6.067472,24.118356,85.551775,-5.466369,24.085302,86.110669,0.030000,
-6.066089,24.102125,85.552340,-11.283440,32.204894,122.009028,-6.064551,24.084082,85.552968,-5.466550,24.085325,86.110501,0.030000,
-6.066089,24.102125,85.552340,-11.283764,32.204491,122.011166,-6.067472,24.118356,85.551775,-5.466731,24.085348,86.110334,0.030000,
-6.066089,24.102125,85.552340,-11.284088,32.204088,122.013304,-6.064551,24.084082,85.552968,-5.466912,24.085370,86.110166,0.030000,
-6.066089,24.102125,85.552340,-11.284413,32.203685,122.015441,-6.067472,24.118356,85.551775,-5.467093,24.085393,86.109998,0.030000,
-6.066089,24.102125,85.552340,-11.284737,32.203282,122.017578,-6.064551,24.084082,85.552968,-5.467274,24.085416,86.109831,0.030000,
-6.066089,24.102125,85.552340,-11.285061,32.202879,122.019714,-6.067472,24.118356,85.551775,-5.467455,24.085438,86.109663,0.030000,
-6.066089,24.102125,85.552340,-11.285385,32.202476,122.021850,-6.064551,24.084082,85.552968,-5.467636,24.085461,86.109495,0.030000,
-6.066089,24.102125,85.552340,-11.285709,32.202073,122.023986,-6.067472,24.118356,85.551775,-5.467816,24.085484,86.109328,0.030000,
-6.066089,24.102125,85.552340,-11.286033,32.201670,122.026121,-6.064551,24.084082,85.552968,-5.467997,24.085506,86.109160,0.030000,
-6.066089,24.102125,85.552340,-11.286357,32.201267,122.028256,-6.067472,24.118356,85.551775,-5.468178,24.085529,86.108993,0.030000,
-6.066089,24.102125,85.552340,-11.286681,32.200865,122.030390,-6.064551,24.084082,85.552968,-5.468358,24.085552,86.108826,0.030000,
-6.066089,24.102125,85.552340,-11.287005,32.200462,122.032524,-6.067472,24.118356,85.551775,-5.468539,24.085574,86.108658,0.030000,
-6.066089,24.102125,85.552340,-11.287328,32.200060,122.034658,-6.064551,24.084082,85.552968,-5.468719,24.085597,86.108491,0.030000,
-6.066089,24.102125,85.552340,-11.287652,32.199657,122.036791,-6.067472,24.118356,85.551775,-5.468900,24.085619,86.108324,0.030000,
-6.066089,24.102125,85.552340,-11.287976,32.199255,122.038924,-6.064551,24.084082,85.552968,-5.469080,24.085642,86.108157,0.030000,
-6.066089,24.102125,85.552340,-11.288299,32.198853,122.041056,-6.067472,24.118356,85.551775,-5.469260,24.085664,86.107990,0.030000,
-6.066089,24.102125,85.552340,-11.288623,32.198451,122.043188,-6.064551,24.084082,85.552968,-5.469441,24.085687,86.107823,0.030000,
-6.066089,24.102125,85.552340,-11.288947,32.198048,122.045319,-6.067472,24.118356,85.551775,-5.469621,24.085709,86.107656,0.030000,
-6.066089,24.102125,85.552340,-11.289270,32.197646,122.047451,-6.064551,24.084082,85.552968,-5.469801,24.085732,86.107489,0.030000,
-6.066089,24.102125,85.552340,-11.289594,32.197244,122.049581,-6.067472,24.118356,85.551775,-5.469981,24.085754,86.107322,0.030000,
-6.066089,24.102125,85.552340,-11.289917,32.196843,122.051711,-6.064551,24.084082,85.552968,-5.470161,24.085777,86.107155,0.030000,
-6.066089,24.102125,85.552340,-11.290241,32.196441,122.053841,-6.067472,24.118356,85.551775,-5.470341,24.085799,86.106988,0.030000,
-6.066089,24.102125,85.552340,-11.290564,32.196039,122.055971,-6.064551,24.084082,85.552968,-5.470521,24.085821,86.106821,0.030000,
-6.066089,24.102125,85.552340,-11.290887,32.195637,122.058100,-6.067472,24.118356,85.551775,-5.470701,24.085844,86.106655,0.030000,
-6.066089,24.102125,85.552340,-11.291211,32.195236,122.060228,-6.064551,24.084082,85.552968,-5.470881,24.085866,86.106488,0.030000,
-6.066089,24.102125,85.552340,-11.291534,32.194834,122.062356,-6.067472,24.118356,85.551775,-5.471060,24.085888,86.106321,0.030000,
-6.066089,24.102125,85.552340,-11.291857,32.194433,122.064484,-6.064551,24.084082,85.552968,-5.471240,24.085911,86.106155,0.030000,
-6.066089,24.102125,85.552340,-11.292180,32.194032,122.066611,-6.067472,24.118356,85.551775,-5.471420,24.085933,86.105988,0.030000,
-6.066089,24.102125,85.552340,-11.292503,32.193630,122.068738,-6.064551,24.084082,85.552968,-5.471599,24.085955,86.105822,0.030000,
-6.066089,24.102125,85.552340,-11.292826,32.193229,122.070865,-6.067472,24.118356,85.551775,-5.471779,24.085978,86.105655,0.030000,
-6.066089,24.102125,85.552340,-11.293149,32.192828,122.072991,-6.064551,24.084082,85.552968,-5.471958,24.086000,86.105489,0.030000,
-6.066089,24.102125,85.552340,-11.293472,32.192427,122.075116,-6.067472,24.118356,85.551775,-5.472138,24.086022,86.105323,0.030000,
-6.066089,24.102125,85.552340,-11.293795,32.192026,122.077242,-6.064551,24.084082,85.552968,-5.472317,24.086044,86.105157,0.030000,
-6.066089,24.102125,85.552340,-11.294118,32.191625,122.079367,-6.067472,24.118356,85.551775,-5.472497,24.086066,86.104990,0.030000,
-6.066089,24.102125,85.552340,-11.294441,32.191224,122.081491,-6.064551,24.084082,85.552968,-5.472676,24.086089,86.104824,0.030000,
-6.066089,24.102125,85.552340,-11.294764,32.190823,122.083615,-6.067472,24.118356,85.551775,-5.472855,24.086111,86.104658,0.030000,
-6.066089,24.102125,85.552340,-11.295086,32.190423,122.085738,-6.064551,24.084082,85.552968,-5.473034,24.086133,86.104492,0.030000,
-6.066089,24.102125,85.552340,-11.295409,32.190022,122.087862,-6.067472,24.118356,85.551775,-5.473213,24.086155,86.104326,0.030000,
-6.066089,24.102125,85.552340,-11.295732,32.189621,122.089984,-6.064551,24.084082,85.552968,-5.473392,24.086177,86.104160,0.030000,
-6.066089,24.102125,85.552340,-11.296054,32.189221,122.092107,-6.067472,24.118356,85.551775,-5.473571,24.086199,86.103994,0.030000,
-6.066089,24.102125,85.552340,-11.296377,32.188821,122.094229,-6.064551,24.084082,85.552968,-5.473750,24.086221,86.103828,0.030000,
-6.066089,24.102125,85.552340,-11.296700,32.188420,122.096350,-6.067472,24.118356,85.551775,-5.473929,24.086243,86.103662,0.030000,
-6.066089,24.102125,85.552340,-11.297022,32.188020,122.098471,-6.064551,24.084082,85.552968,-5.474108,24.086265,86.103497,0.030000,
-6.066089,24.102125,85.552340,-11.297345,32.187620,122.100592,-6.067472,24.118356,85.551775,-5.474287,24.086288,86.103331,0.030000,
-6.066089,24.102125,85.552340,-11.297667,32.187220,122.102712,-6.064551,24.084082,85.552968,-5.474466,24.086310,86.103165,0.030000,
-6.066089,24.102125,85.552340,-11.297989,32.186820,122.104832,-6.067472,24.118356,85.551775,-5.474644,24.086332,86.103000,0.030000,
-6.066089,24.102125,85.552340,-11.298312,32.186420,122.106951,-6.064551,24.084082,85.552968,-5.474823,24.086353,86.102834,0.030000,
-6.066089,24.102125,85.552340,-11.298634,32.186020,122.109070,-6.067472,24.118356,85.551775,-5.475001,24.086375,86.102669,0.030000,
-6.066089,24.102125,85.552340,-11.298956,32.185620,122.111189,-6.064551,24.084082,85.552968,-5.475180,24.086397,86.102503,0.030000,
-6.066089,24.102125,85.552340,-11.299278,32.185220,122.113307,-6.067472,24.118356,85.551775,-5.475358,24.086419,86.102338,0.030000,
-6.066089,24.102125,85.552340,-11.299600,32.184821,122.115425,-6.064551,24.084082,85.552968,-5.475537,24.086441,86.102173,0.030000,
-6.066089,24.102125,85.552340,-11.299923,32.184421,122.117542,-6.067472,24.118356,85.551775,-5.475715,24.086463,86.102007,0.030000,
-6.066089,24.102125,85.552340,-11.300245,32.184022,122.119659,-6.064551,24.084082,85.552968,-5.475893,24.086485,86.101842,0.030000,
-6.066089,24.102125,85.552340,-11.300567,32.183622,122.121776,-6.067472,24.118356,85.551775,-5.476072,24.086507,86.101677,0.030000,
-6.066089,24.102125,85.552340,-11.300889,32.183223,122.123892,-6.064551,24.084082,85.552968,-5.476250,24.086529,86.101512,0.030000,
-6.066089,24.102125,85.552340,-11.301211,32.182824,122.126008,-6.067472,24.118356,85.551775,-5.476428,24.086551,86.101346,0.030000,
-6.066089,24.102125,85.552340,-11.301532,32.182425,122.128123,-6.064551,24.084082,85.552968,-5.476606,24.086572,86.101181,0.030000,
-6.066089,24.102125,85.552340,-11.301854,32.182025,122.130238,-6.067472,24.118356,85.551775,-5.476784,24.086594,86.101016,0.030000,
-6.066089,24.102125,85.552340,-11.302176,32.181626,122.132352,-6.064551,24.084082,85.552968,-5.476962,24.086616,86.100851,0.030000,
-6.066089,24.102125,85.552340,-11.302498,32.181227,122.134466,-6.067472,24.118356,85.551775,-5.477140,24.086638,86.100687,0.030000,
-6.066089,24.102125,85.552340,-11.302819,32.180828,122.136580,-6.064551,24.084082,85.552968,-5.477318,24.086659,86.100522,0.030000,
-6.066089,24.102125,85.552340,-11.303141,32.180430,122.138693,-6.067472,24.118356,85.551775,-5.477496,24.086681,86.100357,0.030000,
-6.066089,24.102125,85.552340,-11.303463,32.180031,122.140806,-6.064551,24.084082,85.552968,-5.477673,24.086703,86.100192,0.030000,
-6.066089,24.102125,85.552340,-11.303784,32.179632,122.142919,-6.067472,24.118356,85.551775,-5.477851,24.086725,86.100027,0.030000,
-6.066089,24.102125,85.552340,-11.304106,32.179234,122.145030,-6.064551,24.084082,85.552968,-5.478029,24.086746,86.099863,0.030000,
-6.066089,24.102125,85.552340,-11.304427,32.178835,122.147142,-6.067472,24.118356,85.551775,-5.478206,24.086768,86.099698,0.030000,
-6.066089,24.102125,85.552340,-11.304749,32.178437,122.149253,-6.064551,24.084082,85.552968,-5.478384,24.086790,86.099534,0.030000,
-6.066089,24.102125,85.552340,-11.305070,32.178038,122.151364,-6.067472,24.118356,85.551775,-5.478561,24.086811,86.099369,0.030000,
-6.066089,24.102125,85.552340,-11.305392,32.177640,122.153474,-6.064551,24.084082,85.552968,-5.478739,24.086833,86.099205,0.030000,
-6.066089,24.102125,85.552340,-11.305713,32.177242,122.155584,-6.067472,24.118356,85.551775,-5.478916,24.086854,86.099040,0.030000,
-6.066089,24.102125,85.552340,-11.306034,32.176843,122.157694,-6.064551,24.084082,85.552968,-5.479093,24.086876,86.098876,0.030000,
-6.066089,24.102125,85.552340,-11.306355,32.176445,122.159803,-6.067472,24.118356,85.551775,-5.479271,24.086897,86.098712,0.030000,
-6.066089,24.102125,85.552340,-11.306677,32.176047,122.161912,-6.064551,24.084082,85.552968,-5.479448,24.086919,86.098547,0.030000,
-6.066089,24.102125,85.552340,-11.306998,32.175649,122.164020,-6.067472,24.118356,85.551775,-5.479625,24.086941,86.098383,0.030000,
-6.066089,24.102125,85.552340,-11.307319,32.175252,122.166128,-6.064551,24.084082,85.552968,-5.479802,24.086962,86.098219,0.030000,
-6.066089,24.102125,85.552340,-11.307640,32.174854,122.168235,-6.067472,24.118356,85.551775,-5.479979,24.086984,86.098055,0.030000,
-6.066089,24.102125,85.552340,-11.307961,32.174456,122.170342,-6.064551,24.084082,85.552968,-5.480156,24.087005,86.097891,0.030000,
-6.066089,24.102125,85.552340,-11.308282,32.174058,122.172449,-6.067472,24.118356,85.551775,-5.480333,24.087026,86.097727,0.030000,
-6.066089,24.102125,85.552340,-11.308603,32.173661,122.174555,-6.064551,24.084082,85.552968,-5.480510,24.087048,86.097563,0.030000,
-6.066089,24.102125,85.552340,-11.308924,32.173263,122.176661,-6.067472,24.118356,85.551775,-5.480687,24.087069,86.097399,0.030000,
-6.066089,24.102125,85.552340,-11.309244,32.172866,122.178766,-6.064551,24.084082,85.552968,-5.480864,24.087091,86.097235,0.030000,
-6.066089,24.102125,85.552340,-11.309565,32.172469,122.180871,-6.067472,24.118356,85.551775,-5.481040,24.087112,86.097071,0.030000,
-6.066089,24.102125,85.552340,-11.309886,32.172071,122.182976,-6.064551,24.084082,85.552968,-5.481217,24.087134,86.096907,0.030000,
-6.066089,24.102125,85.552340,-11.310207,32.171674,122.185080,-6.067472,24.118356,85.551775,-5.481394,24.087155,86.096744,0.030000,
-6.066089,24.102125,85.552340,-11.310527,32.171277,122.187184,-6.064551,24.084082,85.552968,-5.481570,24.087176,86.096580,0.030000,
-6.066089,24.102125,85.552340,-11.310848,32.170880,122.189287,-6.067472,24.118356,85.551775,-5.481747,24.087198,86.096416,0.030000,
-6.066089,24.102125,85.552340,-11.311169,32.170483,122.191390,-6.064551,24.084082,85.552968,-5.481923,24.087219,86.096253,0.030000,
-6.066089,24.102125,85.552340,-11.311489,32.170086,122.193492,-6.067472,24.118356,85.551775,-5.482100,24.087240,86.096089,0.030000,
-6.066089,24.102125,85.552340,-11.311810,32.169689,122.195595,-6.064551,24.084082,85.552968,-5.482276,24.087261,86.095926,0.030000,
-6.066089,24.102125,85.552340,-11.312130,32.169292,122.197696,-6.067472,24.118356,85.551775,-5.482452,24.087283,86.095762,0.030000,
-6.066089,24.102125,85.552340,-11.312450,32.168896,122.199797,-6.064551,24.084082,85.552968,-5.482629,24.087304,86.095599,0.030000,
-6.066089,24.102125,85.552340,-11.312771,32.168499,122.201898,-6.067472,24.118356,85.551775,-5.482805,24.087325,86.095436,0.030000,
-6.066089,24.102125,85.552340,-11.313091,32.168103,122.203999,-6.064551,24.084082,85.552968,-5.482981,24.087346,86.095272,0.030000,
-6.066089,24.102125,85.552340,-11.313411,32.167706,122.206099,-6.067472,24.118356,85.551775,-5.483157,24.087368,86.095109,0.030000,
-6.066089,24.102125,85.552340,-11.313732,32.167310,122.208198,-6.064551,24.084082,85.552968,-5.483333,24.087389,86.094946,0.030000,
-6.066089,24.102125,85.552340,-11.314052,32.166913,122.210298,-6.067472,24.118356,85.551775,-5.483509,24.087410,86.094783,0.030000,
-6.066089,24.102125,85.552340,-11.314372,32.166517,122.212397,-6.064551,24.084082,85.552968,-5.483685,24.087431,86.094620,0.030000,
-6.066089,24.102125,85.552340,-11.314692,32.166121,122.214495,-6.067472,24.118356,85.551775,-5.483861,24.087452,86.094457,0.030000,
-6.066089,24.102125,85.552340,-11.315012,32.165725,122.216593,-6.064551,24.084082,85.552968,-5.484037,24.087473,86.094294,0.030000,
-6.066089,24.102125,85.552340,-11.315332,32.165329,122.218691,-6.067472,24.118356,85.551775,-5.484212,24.087494,86.094131,0.030000,
-6.066089,24.102125,85.552340,-11.315652,32.164933,122.220788,-6.064551,24.084082,85.552968,-5.484388,24.087515,86.093968,0.030000,
-6.066089,24.102125,85.552340,-11.315972,32.164537,122.222884,-6.067472,24.118356,85.551775,-5.484564,24.087537,86.093805,0.030000,
-6.066089,24.102125,85.552340,-11.316292,32.164141,122.224981,-6.064551,24.084082,85.552968,-5.484739,24.087558,86.093642,0.030000,
-6.066089,24.102125,85.552340,-11.316612,32.163746,122.227077,-6.067472,24.118356,85.551775,-5.484915,24.087579,86.093480,0.030000,
-6.066089,24.102125,85.552340,-11.316931,32.163350,122.229172,-6.064551,24.084082,85.552968,-5.485090,24.087600,86.093317,0.030000,
-6.066089,24.102125,85.552340,-11.317251,32.162954,122.231267,-6.067472,24.118356,85.551775,-5.485266,24.087621,86.093154,0.030000,
-6.066089,24.102125,85.552340,-11.317571,32.162559,122.233362,-6.064551,24.084082,85.552968,-5.485441,24.087642,86.092992,0.030000,
-6.066089,24.102125,85.552340,-11.317891,32.162163,122.235456,-6.067472,24.118356,85.551775,-5.485617,24.087663,86.092829,0.030000,
-6.066089,24.102125,85.552340,-11.318210,32.161768,122.237550,-6.064551,24.084082,85.552968,-5.485792,24.087684,86.092667,0.030000,
-6.066089,24.102125,85.552340,-11.318530,32.161373,122.239644,-6.067472,24.118356,85.551775,-5.485967,24.087704,86.092504,0.030000,
-6.066089,24.102125,85.552340,-11.318849,32.160978,122.241737,-6.064551,24.084082,85.552968,-5.486142,24.087725,86.092342,0.030000,
-6.066089,24.102125,85.552340,-11.319169,32.160583,122.243830,-6.067472,24.118356,85.551775,-5.486317,24.087746,86.092179,0.030000,
-6.066089,24.102125,85.552340,-11.319488,32.160187,122.245922,-6.064551,24.084082,85.552968,-5.486493,24.087767,86.092017,0.030000,
-6.066089,24.102125,85.552340,-11.319808,32.159792,122.248014,-6.067472,24.118356,85.551775,-5.486668,24.087788,86.091855,0.030000,
-6.066089,24.102125,85.552340,-11.320127,32.159398,122.250105,-6.064551,24.084082,85.552968,-5.486843,24.087809,86.091693,0.030000,
-6.066089,24.102125,85.552340,-11.320446,32.159003,122.252196,-6.067472,24.118356,85.551775,-5.487017,24.087830,86.091531,0.030000,
-6.066089,24.102125,85.552340,-11.320766,32.158608,122.254287,-6.064551,24.084082,85.552968,-5.487192,24.087851,86.091368,0.030000,
-6.066089,24.102125,85.552340,-11.321085,32.158213,122.256377,-6.067472,24.118356,85.551775,-5.487367,24.087871,86.091206,0.030000,
-6.066089,24.102125,85.552340,-11.321404,32.157819,122.258467,-6.064551,24.084082,85.552968,-5.487542,24.087892,86.091044,0.030000,
-6.066089,24.102125,85.552340,-11.321723,32.157424,122.260556,-6.067472,24.118356,85.551775,-5.487717,24.087913,86.090882,0.030000,
-6.066089,24.102125,85.552340,-11.322042,32.157030,122.262645,-6.064551,24.084082,85.552968,-5.487891,24.087934,86.090721,0.030000,
-6.066089,24.102125,85.552340,-11.322361,32.156635,122.264734,-6.067472,24.118356,85.551775,-5.488066,24.087954,86.090559,0.030000,
-6.066089,24.102125,85.552340,-11.322680,32.156241,122.266822,-6.064551,24.084082,85.552968,-5.488240,24.087975,86.090397,0.030000,
-6.066089,24.102125,85.552340,-11.322999,32.155847,122.268910,-6.067472,24.118356,85.551775,-5.488415,24.087996,86.090235,0.030000,
-6.066089,24.102125,85.552340,-11.323318,32.155452,122.270997,-6.064551,24.084082,85.552968,-5.488589,24.088017,86.090073,0.030000,
-6.066089,24.102125,85.552340,-11.323637,32.155058,122.273084,-6.067472,24.118356,85.551775,-5.488764,24.088037,86.089912,0.030000,
-6.066089,24.102125,85.552340,-11.323956,32.154664,122.275170,-6.064551,24.084082,85.552968,-5.488938,24.088058,86.089750,0.030000,
-6.066089,24.102125,85.552340,-11.324275,32.154270,122.277257,-6.067472,24.118356,85.551775,-5.489112,24.088079,86.089589,0.030000,
-6.066089,24.102125,85.552340,-11.324593,32.153877,122.279342,-6.064551,24.084082,85.552968,-5.489287,24.088099,86.089427,0.030000,
-6.066089,24.102125,85.552340,-11.324912,32.153483,122.281428,-6.067472,24.118356,85.551775,-5.489461,24.088120,86.089266,0.030000,
-6.066089,24.102125,85.552340,-11.325231,32.153089,122.283512,-6.064551,24.084082,85.552968,-5.489635,24.088140,86.089104,0.030000,
-6.066089,24.102125,85.552340,-11.325549,32.152695,122.285597,-6.067472,24.118356,85.551775,-5.489809,24.088161,86.088943,0.030000,
-6.066089,24.102125,85.552340,-11.325868,32.152302,122.287681,-6.064551,24.084082,85.552968,-5.489983,24.088181,86.088781,0.030000,
-6.066089,24.102125,85.552340,-11.326186,32.151908,122.289765,-6.067472,24.118356,85.551775,-5.490157,24.088202,86.088620,0.030000,
-6.066089,24.102125,85.552340,-11.326505,32.151515,122.291848,-6.064551,24.084082,85.552968,-5.490331,24.088223,86.088459,0.030000,
-6.066089,24.102125,85.552340,-11.326823,32.151121,122.293931,-6.067472,24.118356,85.551775,-5.490505,24.088243,86.088298,0.030000,
-6.066089,24.102125,85.552340,-11.327142,32.150728,122.296013,-6.064551,24.084082,85.552968,-5.490678,24.088264,86.088137,0.030000,
-6.066089,24.102125,85.552340,-11.327460,32.150335,122.298095,-6.067472,24.118356,85.551775,-5.490852,24.088284,86.087976,0.030000,
-6.066089,24.102125,85.552340,-11.327778,32.149942,122.300177,-6.064551,24.084082,85.552968,-5.491026,24.088305,86.087815,0.030000,
-6.066089,24.102125,85.552340,-11.328097,32.149549,122.302258,-6.067472,24.118356,85.551775,-5.491200,24.088325,86.087654,0.030000,
-6.066089,24.102125,85.552340,-11.328415,32.149156,122.304339,-6.064551,24.084082,85.552968,-5.491373,24.088345,86.087493,0.030000,
-6.066089,24.102125,85.552340,-11.328733,32.148763,122.306419,-6.067472,24.118356,85.551775,-5.491547,24.088366,86.087332,0.030000,
-6.066089,24.102125,85.552340,-11.329051,32.148370,122.308499,-6.064551,24.084082,85.552968,-5.491720,24.088386,86.087171,0.030000,
-6.066089,24.102125,85.552340,-11.329369,32.147977,122.310579,-6.067472,24.118356,85.551775,-5.491894,24.088407,86.087010,0.030000,
-6.066089,24.102125,85.552340,-11.329687,32.147584,122.312658,-6.064551,24.084082,85.552968,-5.492067,24.088427,86.086849,0.030000,
-6.066089,24.102125,85.552340,-11.330005,32.147192,122.314737,-6.067472,24.118356,85.551775,-5.492240,24.088447,86.086689,0.030000,
-6.066089,24.102125,85.552340,-11.330323,32.146799,122.316815,-6.064551,24.084082,85.552968,-5.492414,24.088468,86.086528,0.030000,
-6.066089,24.102125,85.552340,-11.330641,32.146407,122.318893,-6.067472,24.118356,85.551775,-5.492587,24.088488,86.086367,0.030000,
-6.066089,24.102125,85.552340,-11.330959,32.146014,122.320971,-6.064551,24.084082,85.552968,-5.492760,24.088508,86.086207,0.030000,
-6.066089,24.102125,85.552340,-11.331277,32.145622,122.323048,-6.067472,24.118356,85.551775,-5.492933,24.088529,86.086046,0.030000,
-6.066089,24.102125,85.552340,-11.331595,32.145230,122.325125,-6.064551,24.084082,85.552968,-5.493106,24.088549,86.085886,0.030000,
-6.066089,24.102125,85.552340,-11.331912,32.144837,122.327201,-6.067472,24.118356,85.551775,-5.493279,24.088569,86.085726,0.030000,
-6.066089,24.102125,85.552340,-11.332230,32.144445,122.329277,-6.064551,24.084082,85.552968,-5.493452,24.088589,86.085565,0.030000,
-6.066089,24.102125,85.552340,-11.332548,32.144053,122.331353,-6.067472,24.118356,85.551775,-5.493625,24.088610,86.085405,0.030000,
-6.066089,24.102125,85.552340,-11.332865,32.143661,122.333428,-6.064551,24.084082,85.552968,-5.493798,24.088630,86.085245,0.030000,
-6.066089,24.102125,85.552340,-11.333183,32.143269,122.335503,-6.067472,24.118356,85.551775,-5.493971,24.088650,86.085084,0.030000,
-6.066089,24.102125,85.552340,-11.333500,32.142878,122.337577,-6.064551,24.084082,85.552968,-5.494143,24.088670,86.084924,0.030000,
-6.066089,24.102125,85.552340,-11.333818,32.142486,122.339651,-6.067472,24.118356,85.551775,-5.494316,24.088690,86.084764,0.030000,
-6.066089,24.102125,85.552340,-11.334135,32.142094,122.341724,-6.064551,24.084082,85.552968,-5.494489,24.088711,86.084604,0.030000,
-6.066089,24.102125,85.552340,-11.334453,32.141702,122.343797,-6.067472,24.118356,85.551775,-5.494661,24.088731,86.084444,0.030000,
-6.066089,24.102125,85.552340,-11.334770,32.141311,122.345870,-6.064551,24.084082,85.552968,-5.494834,24.088751,86.084284,0.030000,
-6.066089,24.102125,85.552340,-11.335087,32.140919,122.347942,-6.067472,24.118356,85.551775,-5.495006,24.088771,86.084124,0.030000,
-6.066089,24.102125,85.552340,-11.335405,32.140528,122.350014,-6.064551,24.084082,85.552968,-5.495179,24.088791,86.083964,0.030000,
-6.066089,24.102125,85.552340,-11.335722,32.140137,122.352086,-6.067472,24.118356,85.551775,-5.495351,24.088811,86.083804,0.030000,
-6.066089,24.102125,85.552340,-11.336039,32.139746,122.354157,-6.064551,24.084082,85.552968,-5.495524,24.088831,86.083645,0.030000,
-6.066089,24.102125,85.552340,-11.336356,32.139354,122.356227,-6.067472,24.118356,85.551775,-5.495696,24.088851,86.083485,0.030000,
-6.066089,24.102125,85.552340,-11.336673,32.138963,122.358298,-6.064551,24.084082,85.552968,-5.495868,24.088871,86.083325,0.030000,
-6.066089,24.102125,85.552340,-11.336990,32.138572,122.360368,-6.067472,24.118356,85.551775,-5.496040,24.088891,86.083166,0.030000,
-6.066089,24.102125,85.552340,-11.337307,32.138181,122.362437,-6.064551,24.084082,85.552968,-5.496212,24.088911,86.083006,0.030000,
-6.066089,24.102125,85.552340,-11.337624,32.137790,122.364506,-6.067472,24.118356,85.551775,-5.496384,24.088931,86.082847,0.030000,
-6.066089,24.102125,85.552340,-11.337941,32.137400,122.366575,-6.064551,24.084082,85.552968,-5.496556,24.088951,86.082687,0.030000,
-6.066089,24.102125,85.552340,-11.338258,32.137009,122.368643,-6.067472,24.118356,85.551775,-5.496728,24.088971,86.082528,0.030000,
-6.066089,24.102125,85.552340,-11.338575,32.136618,122.370711,-6.064551,24.084082,85.552968,-5.496900,24.088991,86.082368,0.030000,
-6.066089,24.102125,85.552340,-11.338892,32.136228,122.372778,-6.067472,24.118356,85.551775,-5.497072,24.089011,86.082209,0.030000,
-6.066089,24.102125,85.552340,-11.339208,32.135837,122.374845,-6.064551,24.084082,85.552968,-5.497244,24.089031,86.082050,0.030000,
-6.066089,24.102125,85.552340,-11.339525,32.135447,122.376912,-6.067472,24.118356,85.551775,-5.497416,24.089051,86.081890,0.030000,
-6.066089,24.102125,85.552340,-11.339842,32.135056,122.378978,-6.064551,24.084082,85.552968,-5.497587,24.089071,86.081731,0.030000,
-6.066089,24.102125,85.552340,-11.340158,32.134666,122.381044,-6.067472,24.118356,85.551775,-5.497759,24.089090,86.081572,0.030000,
-6.066089,24.102125,85.552340,-11.340475,32.134276,122.383109,-6.064551,24.084082,85.552968,-5.497931,24.089110,86.081413,0.030000,
-6.066089,24.102125,85.552340,-11.340791,32.133886,122.385174,-6.067472,24.118356,85.551775,-5.498102,24.089130,86.081254,0.030000,
-6.066089,24.102125,85.552340,-11.341108,32.133495,122.387239,-6.064551,24.084082,85.552968,-5.498274,24.089150,86.081095,0.030000,
-6.066089,24.102125,85.552340,-11.341424,32.133105,122.389303,-6.067472,24.118356,85.551775,-5.498445,24.089170,86.080936,0.030000,
-6.066089,24.102125,85.552340,-11.341741,32.132716,122.391367,-6.064551,24.084082,85.552968,-5.498617,24.089189,86.080777,0.030000,
-6.066089,24.102125,85.552340,-11.342057,32.132326,122.393430,-6.067472,24.118356,85.551775,-5.498788,24.089209,86.080618,0.030000,
-6.066089,24.102125,85.552340,-11.342373,32.131936,122.395493,-6.064551,24.084082,85.552968,-5.498959,24.089229,86.080459,0.030000,
-6.066089,24.102125,85.552340,-11.342690,32.131546,122.397556,-6.067472,24.118356,85.551775,-5.499130,24.089249,86.080300,0.030000,
-6.066089,24.102125,85.552340,-11.343006,32.131156,122.399618,-6.064551,24.084082,85.552968,-5.499302,24.089268,86.080142,0.030000,
-6.066089,24.102125,85.552340,-11.343322,32.130767,122.401680,-6.067472,24.118356,85.551775,-5.499473,24.089288,86.079983,0.030000,
-6.066089,24.102125,85.552340,-11.343638,32.130377,122.403741,-6.064551,24.084082,85.552968,-5.499644,24.089308,86.079824,0.030000,
-6.066089,24.102125,85.552340,-11.343954,32.129988,122.405802,-6.067472,24.118356,85.551775,-5.499815,24.089327,86.079666,0.030000,
-6.066089,24.102125,85.552340,-11.344270,32.129599,122.407862,-6.064551,24.084082,85.552968,-5.499986,24.089347,86.079507,0.030000,
-6.066089,24.102125,85.552340,-11.344586,32.129209,122.409923,-6.067472,24.118356,85.551775,-5.500157,24.089367,86.079349,0.030000,
-6.066089,24.102125,85.552340,-11.344902,32.128820,122.411982,-6.064551,24.084082,85.552968,-5.500328,24.089386,86.079190,0.030000,
-6.066089,24.102125,85.552340,-11.345218,32.128431,122.414042,-6.067472,24.118356,85.551775,-5.500498,24.089406,86.079032,0.030000,
-6.066089,24.102125,85.552340,-11.345534,32.128042,122.416101,-6.064551,24.084082,85.552968,-5.500669,24.089426,86.078874,0.030000,
-6.066089,24.102125,85.552340,-11.345850,32.127653,122.418159,-6.067472,24.118356,85.551775,-5.500840,24.089445,86.078715,0.030000,
-6.066089,24.102125,85.552340,-11.346165,32.127264,122.420217,-6.064551,24.084082,85.552968,-5.501011,24.089465,86.078557,0.030000,
-6.066089,24.102125,85.552340,-11.346481,32.126875,122.422275,-6.067472,24.118356,85.551775,-5.501181,24.089484,86.078399,0.030000,
-6.066089,24.102125,85.552340,-11.346797,32.126486,122.424332,-6.064551,24.084082,85.552968,-5.501352,24.089504,86.078241,0.030000,
-6.066089,24.102125,85.552340,-11.347113,32.126098,122.426389,-6.067472,24.118356,85.551775,-5.501522,24.089523,86.078083,0.030000,
-6.066089,24.102125,85.552340,-11.347428,32.125709,122.428446,-6.064551,24.084082,85.552968,-5.501693,24.089543,86.077925,0.030000,
-6.066089,24.102125,85.552340,-11.347744,32.125321,122.430502,-6.067472,24.118356,85.551775,-5.501863,24.089562,86.077767,0.030000,
-6.066089,24.102125,85.552340,-11.348059,32.124932,122.432558,-6.064551,24.084082,85.552968,-5.502034,24.089582,86.077609,0.030000,
-6.066089,24.102125,85.552340,-11.348375,32.124544,122.434613,-6.067472,24.118356,85.551775,-5.502204,24.089601,86.077451,0.030000,
-6.066089,24.102125,85.552340,-11.348690,32.124155,122.436668,-6.064551,24.084082,85.552968,-5.502374,24.089621,86.077293,0.030000,
-6.066089,24.102125,85.552340,-11.349006,32.123767,122.438722,-6.067472,24.118356,85.551775,-5.502544,24.089640,86.077135,0.030000,
-6.066089,24.102125,85.552340,-11.349321,32.123379,122.440776,-6.064551,24.084082,85.552968,-5.502714,24.089659,86.076977,0.030000,
-6.066089,24.102125,85.552340,-11.349636,32.122991,122.442830,-6.067472,24.118356,85.551775,-5.502885,24.089679,86.076820,0.030000,
-6.066089,24.102125,85.552340,-11.349951,32.122603,122.444883,-6.064551,24.084082,85.552968,-5.503055,24.089698,86.076662,0.030000,
-6.066089,24.102125,85.552340,-11.350267,32.122215,122.446936,-6.067472,24.118356,85.551775,-5.503225,24.089718,86.076504,0.030000,
-6.066089,24.102125,85.552340,-11.350582,32.121827,122.448989,-6.064551,24.084082,85.552968,-5.503395,24.089737,86.076347,0.030000,
-6.066089,24.102125,85.552340,-11.350897,32.121439,122.451041,-6.067472,24.118356,85.551775,-5.503564,24.089756,86.076189,0.030000,
-6.066089,24.102125,85.552340,-11.351212,32.121051,122.453093,-6.064551,24.084082,85.552968,-5.503734,24.089776,86.076032,0.030000,
-6.066089,24.102125,85.552340,-11.351527,32.120664,122.455144,-6.067472,24.118356,85.551775,-5.503904,24.089795,86.075874,0.030000,
-6.066089,24.102125,85.552340,-11.351842,32.120276,122.457195,-6.064551,24.084082,85.552968,-5.504074,24.089814,86.075717,0.030000,
-6.066089,24.102125,85.552340,-11.352157,32.119888,122.459245,-6.067472,24.118356,85.551775,-5.504243,24.089833,86.075560,0.030000,
-6.066089,24.102125,85.552340,-11.352472,32.119501,122.461295,-6.064551,24.084082,85.552968,-5.504413,24.089853,86.075402,0.030000,
-6.066089,24.102125,85.552340,-11.352787,32.119114,122.463345,-6.067472,24.118356,85.551775,-5.504583,24.089872,86.075245,0.030000,
-6.066089,24.102125,85.552340,-11.353102,32.118726,122.465394,-6.064551,24.084082,85.552968,-5.504752,24.089891,86.075088,0.030000,
-6.066089,24.102125,85.552340,-11.353416,32.118339,122.467443,-6.067472,24.118356,85.551775,-5.504922,24.089910,86.074931,0.030000,
-6.066089,24.102125,85.552340,-11.353731,32.117952,122.469492,-6.064551,24.084082,85.552968,-5.505091,24.089930,86.074774,0.030000,
-6.066089,24.102125,85.552340,-11.354046,32.117565,122.471540,-6.067472,24.118356,85.551775,-5.505261,24.089949,86.074616,0.030000,
-6.066089,24.102125,85.552340,-11.354360,32.117178,122.473587,-6.064551,24.084082,85.552968,-5.505430,24.089968,86.074459,0.030000,
-6.066089,24.102125,85.552340,-11.354675,32.116791,122.475635,-6.067472,24.118356,85.551775,-5.505599,24.089987,86.074302,0.030000,
-6.066089,24.102125,85.552340,-11.354990,32.116404,122.477682,-6.064551,24.084082,85.552968,-5.505768,24.090006,86.074146,0.030000,
-6.066089,24.102125,85.552340,-11.355304,32.116017,122.479728,-6.067472,24.118356,85.551775,-5.505938,24.090025,86.073989,0.030000,
-6.066089,24.102125,85.552340,-11.355618,32.115630,122.481774,-6.064551,24.084082,85.552968,-5.506107,24.090044,86.073832,0.030000,
-6.066089,24.102125,85.552340,-11.355933,32.115244,122.483820,-6.067472,24.118356,85.551775,-5.506276,24.090063,86.073675,0.030000,
-6.066089,24.102125,85.552340,-11.356247,32.114857,122.485865,-6.064551,24.084082,85.552968,-5.506445,24.090083,86.073518,0.030000,
-6.066089,24.102125,85.552340,-11.356562,32.114470,122.487910,-6.067472,24.118356,85.551775,-5.506614,24.090102,86.073362,0.030000,
-6.066089,24.102125,85.552340,-11.356876,32.114084,122.489954,-6.064551,24.084082,85.552968,-5.506783,24.090121,86.073205,0.030000,
-6.066089,24.102125,85.552340,-11.357190,32.113698,122.491998,-6.067472,24.118356,85.551775,-5.506951,24.090140,86.073048,0.030000,
-6.066089,24.102125,85.552340,-11.357504,32.113311,122.494042,-6.064551,24.084082,85.552968,-5.507120,24.090159,86.072892,0.030000,
-6.066089,24.102125,85.552340,-11.357819,32.112925,122.496085,-6.067472,24.118356,85.551775,-5.507289,24.090178,86.072735,0.030000,
-6.066089,24.102125,85.552340,-11.358133,32.112539,122.498128,-6.064551,24.084082,85.552968,-5.507458,24.090197,86.072579,0.030000,
-6.066089,24.102125,85.552340,-11.358447,32.112153,122.500171,-6.067472,24.118356,85.551775,-5.507626,24.090216,86.072423,0.030000,
-6.066089,24.102125,85.552340,-11.358761,32.111767,122.502213,-6.064551,24.084082,85.552968,-5.507795,24.090235,86.072266,0.030000,
-6.066089,24.102125,85.552340,-11.359075,32.111381,122.504254,-6.067472,24.118356,85.551775,-5.507964,24.090254,86.072110,0.030000,
-6.066089,24.102125,85.552340,-11.359389,32.110995,122.506296,-6.064551,24.084082,85.552968,-5.508132,24.090272,86.071954,0.030000,
-6.066089,24.102125,85.552340,-11.359703,32.110609,122.508337,-6.067472,24.118356,85.551775,-5.508301,24.090291,86.071797,0.030000,
-6.066089,24.102125,85.552340,-11.360016,32.110223,122.510377,-6.064551,24.084082,85.552968,-5.508469,24.090310,86.071641,0.030000,
-6.066089,24.102125,85.552340,-11.360330,32.109838,122.512417,-6.067472,24.118356,85.551775,-5.508637,24.090329,86.071485,0.030000,
-6.066089,24.102125,85.552340,-11.360644,32.109452,122.514457,-6.064551,24.084082,85.552968,-5.508806,24.090348,86.071329,0.030000,
-6.066089,24.102125,85.552340,-11.360958,32.109067,122.516496,-6.067472,24.118356,85.551775,-5.508974,24.090367,86.071173,0.030000,
-6.066089,24.102125,85.552340,-11.361271,32.108681,122.518535,-6.064551,24.084082,85.552968,-5.509142,24.090386,86.071017,0.030000,
-6.066089,24.102125,85.552340,-11.361585,32.108296,122.520573,-6.067472,24.118356,85.551775,-5.509310,24.090405,86.070861,0.030000,
-6.066089,24.102125,85.552340,-11.361899,32.107911,122.522611,-6.064551,24.084082,85.552968,-5.509478,24.090423,86.070705,0.030000,
-6.066089,24.102125,85.552340,-11.362212,32.107525,122.524649,-6.067472,24.118356,85.551775,-5.509646,24.090442,86.070549,0.030000,
-6.066089,24.102125,85.552340,-11.362526,32.107140,122.526686,-6.064551,24.084082,85.552968,-5.509814,24.090461,86.070394,0.030000,
-6.066089,24.102125,85.552340,-11.362839,32.106755,122.528723,-6.067472,24.118356,85.551775,-5.509982,24.090480,86.070238,0.030000,
-6.066089,24.102125,85.552340,-11.363153,32.106370,122.530760,-6.064551,24.084082,85.552968,-5.510150,24.090498,86.070082,0.030000,
-6.066089,24.102125,85.552340,-11.363466,32.105985,122.532796,-6.067472,24.118356,85.551775,-5.510318,24.090517,86.069927,0.030000,
-6.066089,24.102125,85.552340,-11.363779,32.105600,122.534831,-6.064551,24.084082,85.552968,-5.510486,24.090536,86.069771,0.030000,
-6.066089,24.102125,85.552340,-11.364093,32.105215,122.536867,-6.067472,24.118356,85.551775,-5.510653,24.090555,86.069615,0.030000,
-6.066089,24.102125,85.552340,-11.364406,32.104831,122.538902,-6.064551,24.084082,85.552968,-5.510821,24.090573,86.069460,0.030000,
-6.066089,24.102125,85.552340,-11.364719,32.104446,122.540936,-6.067472,24.118356,85.551775,-5.510989,24.090592,86.069304,0.030000,
-6.066089,24.102125,85.552340,-11.365032,32.104062,122.542970,-6.064551,24.084082,85.552968,-5.511156,24.090611,86.069149,0.030000,
-6.066089,24.102125,85.552340,-11.365345,32.103677,122.545004,-6.067472,24.118356,85.551775,-5.511324,24.090629,86.068994,0.030000,
-6.066089,24.102125,85.552340,-11.365658,32.103293,122.547037,-6.064551,24.084082,85.552968,-5.511491,24.090648,86.068838,0.030000,
-6.066089,24.102125,85.552340,-11.365971,32.102908,122.549070,-6.067472,24.118356,85.551775,-5.511659,24.090666,86.068683,0.030000,
-6.066089,24.102125,85.552340,-11.366284,32.102524,122.551102,-6.064551,24.084082,85.552968,-5.511826,24.090685,86.068528,0.030000,
-6.066089,24.102125,85.552340,-11.366597,32.102140,122.553134,-6.067472,24.118356,85.551775,-5.511994,24.090704,86.068373,0.030000,
-6.066089,24.102125,85.552340,-11.366910,32.101756,122.555166,-6.064551,24.084082,85.552968,-5.512161,24.090722,86.068218,0.030000,
-6.066089,24.102125,85.552340,-11.367223,32.101371,122.557197,-6.067472,24.118356,85.551775,-5.512328,24.090741,86.068062,0.030000,
-6.066089,24.102125,85.552340,-11.367536,32.100987,122.559228,-6.064551,24.084082,85.552968,-5.512495,24.090759,86.067907,0.030000,
-6.066089,24.102125,85.552340,-11.367849,32.100604,122.561259,-6.067472,24.118356,85.551775,-5.512662,24.090778,86.067752,0.030000,
-6.066089,24.102125,85.552340,-11.368161,32.100220,122.563289,-6.064551,24.084082,85.552968,-5.512829,24.090796,86.067597,0.030000,
-6.066089,24.102125,85.552340,-11.368474,32.099836,122.565319,-6.067472,24.118356,85.551775,-5.512996,24.090815,86.067443,0.030000,
-6.066089,24.102125,85.552340,-11.368787,32.099452,122.567348,-6.064551,24.084082,85.552968,-5.513163,24.090833,86.067288,0.030000,
-6.066089,24.102125,85.552340,-11.369099,32.099069,122.569377,-6.067472,24.118356,85.551775,-5.513330,24.090852,86.067133,0.030000,
-6.066089,24.102125,85.552340,-11.369412,32.098685,122.571405,-6.064551,24.084082,85.552968,-5.513497,24.090870,86.066978,0.030000,
-6.066089,24.102125,85.552340,-11.369724,32.098301,122.573433,-6.067472,24.118356,85.551775,-5.513664,24.090889,86.066823,0.030000,
-6.066089,24.102125,85.552340,-11.370037,32.097918,122.575461,-6.064551,24.084082,85.552968,-5.513831,24.090907,86.066669,0.030000,
-6.066089,24.102125,85.552340,-11.370349,32.097535,122.577488,-6.067472,24.118356,85.551775,-5.513998,24.090926,86.066514,0.030000,
-6.066089,24.102125,85.552340,-11.370662,32.097151,122.579515,-6.064551,24.084082,85.552968,-5.514164,24.090944,86.066360,0.030000,
-6.066089,24.102125,85.552340,-11.370974,32.096768,122.581542,-6.067472,24.118356,85.551775,-5.514331,24.090962,86.066205,0.030000,
-6.066089,24.102125,85.552340,-11.371286,32.096385,122.583568,-6.064551,24.084082,85.552968,-5.514497,24.090981,86.066051,0.030000,
-6.066089,24.102125,85.552340,-11.371598,32.096002,122.585594,-6.067472,24.118356,85.551775,-5.514664,24.090999,86.065896,0.030000,
-6.066089,24.102125,85.552340,-11.371911,32.095619,122.587619,-6.064551,24.084082,85.552968,-5.514830,24.091017,86.065742,0.030000,
-6.066089,24.102125,85.552340,-11.372223,32.095236,122.589644,-6.067472,24.118356,85.551775,-5.514997,24.091036,86.065587,0.030000,
-6.066089,24.102125,85.552340,-11.372535,32.094853,122.591668,-6.064551,24.084082,85.552968,-5.515163,24.091054,86.065433,0.030000,
-6.066089,24.102125,85.552340,-11.372847,32.094470,122.593693,-6.067472,24.118356,85.551775,-5.515330,24.091072,86.065279,0.030000,
-6.066089,24.102125,85.552340,-11.373159,32.094088,122.595716,-6.064551,24.084082,85.552968,-5.515496,24.091091,86.065125,0.030000,
-6.066089,24.102125,85.552340,-11.373471,32.093705,122.597740,-6.067472,24.118356,85.551775,-5.515662,24.091109,86.064971,0.030000,
-6.066089,24.102125,85.552340,-11.373783,32.093322,122.599763,-6.064551,24.084082,85.552968,-5.515828,24.091127,86.064816,0.030000,
-6.066089,24.102125,85.552340,-11.374095,32.092940,122.601785,-6.067472,24.118356,85.551775,-5.515994,24.091145,86.064662,0.030000,
-6.066089,24.102125,85.552340,-11.374407,32.092558,122.603807,-6.064551,24.084082,85.552968,-5.516160,24.091164,86.064508,0.030000,
-6.066089,24.102125,85.552340,-11.374718,32.092175,122.605829,-6.067472,24.118356,85.551775,-5.516326,24.091182,86.064354,0.030000,
-6.066089,24.102125,85.552340,-11.375030,32.091793,122.607850,-6.064551,24.084082,85.552968,-5.516492,24.091200,86.064200,0.030000,
-6.066089,24.102125,85.552340,-11.375342,32.091411,122.609871,-6.067472,24.118356,85.551775,-5.516658,24.091218,86.064047,0.030000,
-6.066089,24.102125,85.552340,-11.375654,32.091029,122.611892,-6.064551,24.084082,85.552968,-5.516824,24.091236,86.063893,0.030000,
-6.066089,24.102125,85.552340,-11.375965,32.090646,122.613912,-6.067472,24.118356,85.551775,-5.516990,24.091254,86.063739,0.030000,
-6.066089,24.102125,85.552340,-11.376277,32.090264,122.615932,-6.064551,24.084082,85.552968,-5.517156,24.091273,86.063585,0.030000,
-6.066089,24.102125,85.552340,-11.376588,32.089883,122.617951,-6.067472,24.118356,85.551775,-5.517321,24.091291,86.063432,0.030000,
-6.066089,24.102125,85.552340,-11.376900,32.089501,122.619970,-6.064551,24.084082,85.552968,-5.517487,24.091309,86.063278,0.030000,
-6.066089,24.102125,85.552340,-11.377211,32.089119,122.621989,-6.067472,24.118356,85.551775,-5.517653,24.091327,86.063124,0.030000,
-6.066089,24.102125,85.552340,-11.377523,32.088737,122.624007,-6.064551,24.084082,85.552968,-5.517818,24.091345,86.062971,0.030000,
-6.066089,24.102125,85.552340,-11.377834,32.088356,122.626025,-6.067472,24.118356,85.551775,-5.517984,24.091363,86.062817,0.030000,
-6.066089,24.102125,85.552340,-11.378145,32.087974,122.628042,-6.064551,24.084082,85.552968,-5.518149,24.091381,86.062664,0.030000,
-6.066089,24.102125,85.552340,-11.378457,32.087592,122.630059,-6.067472,24.118356,85.551775,-5.518315,24.091399,86.062510,0.030000,
-6.066089,24.102125,85.552340,-11.378768,32.087211,122.632076,-6.064551,24.084082,85.552968,-5.518480,24.091417,86.062357,0.030000,
-6.066089,24.102125,85.552340,-11.379079,32.086830,122.634092,-6.067472,24.118356,85.551775,-5.518645,24.091435,86.062204,0.030000,
-6.066089,24.102125,85.552340,-11.379390,32.086448,122.636108,-6.064551,24.084082,85.552968,-5.518811,24.091453,86.062050,0.030000,
-6.066089,24.102125,85.552340,-11.379701,32.086067,122.638123,-6.067472,24.118356,85.551775,-5.518976,24.091471,86.061897,0.030000,
-6.066089,24.102125,85.552340,-11.380012,32.085686,122.640138,-6.064551,24.084082,85.552968,-5.519141,24.091489,86.061744,0.030000,
-6.066089,24.102125,85.552340,-11.380324,32.085305,122.642153,-6.067472,24.118356,85.551775,-5.519306,24.091507,86.061591,0.030000,
-6.066089,24.102125,85.552340,-11.380634,32.084924,122.644167,-6.064551,24.084082,85.552968,-5.519471,24.091525,86.061438,0.030000,
-6.066089,24.102125,85.552340,-11.380945,32.084543,122.646181,-6.067472,24.118356,85.551775,-5.519636,24.091543,86.061285,0.030000,
-6.066089,24.102125,85.552340,-11.381256,32.084162,122.648194,-6.064551,24.084082,85.552968,-5.519801,24.091561,86.061132,0.030000,
-6.066089,24.102125,85.552340,-11.381567,32.083781,122.650207,-6.067472,24.118356,85.551775,-5.519966,24.091579,86.060979,0.030000,
-6.066089,24.102125,85.552340,-11.381878,32.083401,122.652220,-6.064551,24.084082,85.552968,-5.520131,24.091597,86.060826,0.030000,
-6.066089,24.102125,85.552340,-11.382189,32.083020,122.654232,-6.067472,24.118356,85.551775,-5.520296,24.091614,86.060673,0.030000,
-6.066089,24.102125,85.552340,-11.382499,32.082640,122.656244,-6.064551,24.084082,85.552968,-5.520460,24.091632,86.060520,0.030000,
-6.066089,24.102125,85.552340,-11.382810,32.082259,122.658255,-6.067472,24.118356,85.551775,-5.520625,24.091650,86.060367,0.030000,
-6.066089,24.102125,85.552340,-11.383121,32.081879,122.660267,-6.064551,24.084082,85.552968,-5.520790,24.091668,86.060215,0.030000,
-6.066089,24.102125,85.552340,-11.383431,32.081498,122.662277,-6.067472,24.118356,85.551775,-5.520954,24.091686,86.060062,0.030000,
-6.066089,24.102125,85.552340,-11.383742,32.081118,122.664287,-6.064551,24.084082,85.552968,-5.521119,24.091704,86.059909,0.030000,
-6.066089,24.102125,85.552340,-11.384052,32.080738,122.666297,-6.067472,24.118356,85.551775,-5.521284,24.091721,86.059757,0.030000,
-6.066089,24.102125,85.552340,-11.384363,32.080358,122.668307,-6.064551,24.084082,85.552968,-5.521448,24.091739,86.059604,0.030000,
-6.066089,24.102125,85.552340,-11.384673,32.079978,122.670316,-6.067472,24.118356,85.551775,-5.521612,24.091757,86.059452,0.030000,
-6.066089,24.102125,85.552340,-11.384984,32.079598,122.672325,-6.064551,24.084082,85.552968,-5.521777,24.091775,86.059299,0.030000,
-6.066089,24.102125,85.552340,-11.385294,32.079218,122.674333,-6.067472,24.118356,85.551775,-5.521941,24.091792,86.059147,0.030000,
-6.066089,24.102125,85.552340,-11.385604,32.078838,122.676341,-6.064551,24.084082,85.552968,-5.522105,24.091810,86.058994,0.030000,
-6.066089,24.102125,85.552340,-11.385914,32.078458,122.678348,-6.067472,24.118356,85.551775,-5.522270,24.091828,86.058842,0.030000,
-6.066089,24.102125,85.552340,-11.386225,32.078078,122.680355,-6.064551,24.084082,85.552968,-5.522434,24.091845,86.058690,0.030000,
-6.066089,24.102125,85.552340,-11.386535,32.077699,122.682362,-6.067472,24.118356,85.551775,-5.522598,24.091863,86.058538,0.030000,
-6.066089,24.102125,85.552340,-11.386845,32.077319,122.684369,-6.064551,24.084082,85.552968,-5.522762,24.091881,86.058386,0.030000,
-6.066089,24.102125,85.552340,-11.387155,32.076940,122.686375,-6.067472,24.118356,85.551775,-5.522926,24.091898,86.058233,0.030000,
-6.066089,24.102125,85.552340,-11.387465,32.076560,122.688380,-6.064551,24.084082,85.552968,-5.523090,24.091916,86.058081,0.030000,
-6.066089,24.102125,85.552340,-11.387775,32.076181,122.690385,-6.067472,24.118356,85.551775,-5.523254,24.091934,86.057929,0.030000,
-6.066089,24.102125,85.552340,-11.388085,32.075801,122.692390,-6.064551,24.084082,85.552968,-5.523418,24.091951,86.057777,0.030000,
-6.066089,24.102125,85.552340,-11.388395,32.075422,122.694394,-6.067472,24.118356,85.551775,-5.523581,24.091969,86.057625,0.030000,
-6.066089,24.102125,85.552340,-11.388705,32.075043,122.696398,-6.064551,24.084082,85.552968,-5.523745,24.091986,86.057473,0.030000,
-6.066089,24.102125,85.552340,-11.389014,32.074664,122.698402,-6.067472,24.118356,85.551775,-5.523909,24.092004,86.057322,0.030000,
-6.066089,24.102125,85.552340,-11.389324,32.074285,122.700405,-6.064551,24.084082,85.552968,-5.524073,24.092021,86.057170,0.030000,
-6.066089,24.102125,85.552340,-11.389634,32.073906,122.702408,-6.067472,24.118356,85.551775,-5.524236,24.092039,86.057018,0.030000,
-6.066089,24.102125,85.552340,-11.389944,32.073527,122.704410,-6.064551,24.084082,85.552968,-5.524400,24.092056,86.056866,0.030000,
-6.066089,24.102125,85.552340,-11.390253,32.073148,122.706412,-6.067472,24.118356,85.551775,-5.524563,24.092074,86.056715,0.030000,
-6.066089,24.102125,85.552340,-11.390563,32.072770,122.708414,-6.064551,24.084082,85.552968,-5.524727,24.092091,86.056563,0.030000,
-6.066089,24.102125,85.552340,-11.390872,32.072391,122.710415,-6.067472,24.118356,85.551775,-5.524890,24.092109,86.056411,0.030000,
-6.066089,24.102125,85.552340,-11.391182,32.072012,122.712416,-6.064551,24.084082,85.552968,-5.525054,24.092126,86.056260,0.030000,
-6.066089,24.102125,85.552340,-11.391491,32.071634,122.714416,-6.067472,24.118356,85.551775,-5.525217,24.092144,86.056108,0.030000,
-6.066089,24.102125,85.552340,-11.391801,32.071256,122.716416,-6.064551,24.084082,85.552968,-5.525380,24.092161,86.055957,0.030000,
-6.066089,24.102125,85.552340,-11.392110,32.070877,122.718416,-6.067472,24.118356,85.551775,-5.525543,24.092179,86.055806,0.030000,
-6.066089,24.102125,85.552340,-11.392419,32.070499,122.720415,-6.064551,24.084082,85.552968,-5.525707,24.092196,86.055654,0.030000,
-6.066089,24.102125,85.552340,-11.392729,32.070121,122.722414,-6.067472,24.118356,85.551775,-5.525870,24.092213,86.055503,0.030000,
-6.066089,24.102125,85.552340,-11.393038,32.069743,122.724413,-6.064551,24.084082,85.552968,-5.526033,24.092231,86.055352,0.030000,
-6.066089,24.102125,85.552340,-11.393347,32.069364,122.726411,-6.067472,24.118356,85.551775,-5.526196,24.092248,86.055200,0.030000,
-6.066089,24.102125,85.552340,-11.393656,32.068986,122.728408,-6.064551,24.084082,85.552968,-5.526359,24.092266,86.055049,0.030000,
-6.066089,24.102125,85.552340,-11.393965,32.068608,122.730406,-6.067472,24.118356,85.551775,-5.526522,24.092283,86.054898,0.030000,
-6.066089,24.102125,85.552340,-11.394274,32.068231,122.732403,-6.064551,24.084082,85.552968,-5.526685,24.092300,86.054747,0.030000,
-6.066089,24.102125,85.552340,-11.394583,32.067853,122.734399,-6.067472,24.118356,85.551775,-5.526847,24.092317,86.054596,0.030000,
-6.066089,24.102125,85.552340,-11.394892,32.067475,122.736395,-6.064551,24.084082,85.552968,-5.527010,24.092335,86.054445,0.030000,
-6.066089,24.102125,85.552340,-11.395201,32.067097,122.738391,-6.067472,24.118356,85.551775,-5.527173,24.092352,86.054294,0.030000,
-6.066089,24.102125,85.552340,-11.395510,32.066720,122.740386,-6.064551,24.084082,85.552968,-5.527336,24.092369,86.054143,0.030000,
-6.066089,24.102125,85.552340,-11.395819,32.066342,122.742381,-6.067472,24.118356,85.551775,-5.527498,24.092387,86.053992,0.030000,
-6.066089,24.102125,85.552340,-11.396128,32.065965,122.744376,-6.064551,24.084082,85.552968,-5.527661,24.092404,86.053842,0.030000,
-6.066089,24.102125,85.552340,-11.396436,32.065588,122.746370,-6.067472,24.118356,85.551775,-5.527823,24.092421,86.053691,0.030000,
-6.066089,24.102125,85.552340,-11.396745,32.065210,122.748364,-6.064551,24.084082,85.552968,-5.527986,24.092438,86.053540,0.030000,
-6.066089,24.102125,85.552340,-11.397054,32.064833,122.750357,-6.067472,24.118356,85.551775,-5.528148,24.092455,86.053389,0.030000,
-6.066089,24.102125,85.552340,-11.397362,32.064456,122.752350,-6.064551,24.084082,85.552968,-5.528311,24.092473,86.053239,0.030000,
-6.066089,24.102125,85.552340,-11.397671,32.064079,122.754343,-6.067472,24.118356,85.551775,-5.528473,24.092490,86.053088,0.030000,
-6.066089,24.102125,85.552340,-11.397980,32.063702,122.756335,-6.064551,24.084082,85.552968,-5.528635,24.092507,86.052938,0.030000,
-6.066089,24.102125,85.552340,-11.398288,32.063325,122.758327,-6.067472,24.118356,85.551775,-5.528797,24.092524,86.052787,0.030000,
-6.066089,24.102125,85.552340,-11.398597,32.062948,122.760318,-6.064551,24.084082,85.552968,-5.528960,24.092541,86.052637,0.030000,
-6.066089,24.102125,85.552340,-11.398905,32.062571,122.762309,-6.067472,24.118356,85.551775,-5.529122,24.092558,86.052486,0.030000,
-6.066089,24.102125,85.552340,-11.399213,32.062194,122.764300,-6.064551,24.084082,85.552968,-5.529284,24.092575,86.052336,0.030000,
-6.066089,24.102125,85.552340,-11.399522,32.061818,122.766290,-6.067472,24.118356,85.551775,-5.529446,24.092592,86.052186,0.030000,
-6.066089,24.102125,85.552340,-11.399830,32.061441,122.768280,-6.064551,24.084082,85.552968,-5.529608,24.092610,86.052035,0.030000,
-6.066089,24.102125,85.552340,-11.400138,32.061065,122.770270,-6.067472,24.118356,85.551775,-5.529770,24.092627,86.051885,0.030000,
-6.066089,24.102125,85.552340,-11.400446,32.060688,122.772259,-6.064551,24.084082,85.552968,-5.529932,24.092644,86.051735,0.030000,
-6.066089,24.102125,85.552340,-11.400754,32.060312,122.774247,-6.067472,24.118356,85.551775,-5.530093,24.092661,86.051585,0.030000,
-6.066089,24.102125,85.552340,-11.401063,32.059935,122.776236,-6.064551,24.084082,85.552968,-5.530255,24.092678,86.051435,0.030000,
-6.066089,24.102125,85.552340,-11.401371,32.059559,122.778224,-6.067472,24.118356,85.551775,-5.530417,24.092695,86.051285,0.030000,
-6.066089,24.102125,85.552340,-11.401679,32.059183,122.780211,-6.064551,24.084082,85.552968,-5.530579,24.092712,86.051135,0.030000,
-6.066089,24.102125,85.552340,-11.401987,32.058807,122.782198,-6.067472,24.118356,85.551775,-5.530740,24.092729,86.050985,0.030000,
-6.066089,24.102125,85.552340,-11.402294,32.058431,122.784185,-6.064551,24.084082,85.552968,-5.530902,24.092746,86.050835,0.030000,
-6.066089,24.102125,85.552340,-11.402602,32.058055,122.786171,-6.067472,24.118356,85.551775,-5.531063,24.092763,86.050685,0.030000,
-6.066089,24.102125,85.552340,-11.402910,32.057679,122.788157,-6.064551,24.084082,85.552968,-5.531225,24.092780,86.050535,0.030000,
-6.066089,24.102125,85.552340,-11.403218,32.057303,122.790143,-6.067472,24.118356,85.551775,-5.531386,24.092796,86.050386,0.030000,
-6.066089,24.102125,85.552340,-11.403526,32.056927,122.792128,-6.064551,24.084082,85.552968,-5.531548,24.092813,86.050236,0.030000,
-6.066089,24.102125,85.552340,-11.403833,32.056552,122.794113,-6.067472,24.118356,85.551775,-5.531709,24.092830,86.050086,0.030000,
-6.066089,24.102125,85.552340,-11.404141,32.056176,122.796097,-6.064551,24.084082,85.552968,-5.531870,24.092847,86.049936,0.030000,
-6.066089,24.102125,85.552340,-11.404449,32.055801,122.798081,-6.067472,24.118356,85.551775,-5.532032,24.092864,86.049787,0.030000,
-6.066089,24.102125,85.552340,-11.404756,32.055425,122.800065,-6.064551,24.084082,85.552968,-5.532193,24.092881,86.049637,0.030000,
-6.066089,24.102125,85.552340,-11.405064,32.055050,122.802048,-6.067472,24.118356,85.551775,-5.532354,24.092898,86.049488,0.030000,
-6.066089,24.102125,85.552340,-11.405371,32.054674,122.804031,-6.064551,24.084082,85.552968,-5.532515,24.092914,86.049338,0.030000,
-6.066089,24.102125,85.552340,-11.405679,32.054299,122.806013,-6.067472,24.118356,85.551775,-5.532676,24.092931,86.049189,0.030000,
-6.066089,24.102125,85.552340,-11.405986,32.053924,122.807995,-6.064551,24.084082,85.552968,-5.532837,24.092948,86.049040,0.030000,
-6.066089,24.102125,85.552340,-11.406294,32.053549,122.809977,-6.067472,24.118356,85.551775,-5.532998,24.092965,86.048890,0.030000,
-6.066089,24.102125,85.552340,-11.406601,32.053174,122.811958,-6.064551,24.084082,85.552968,-5.533159,24.092982,86.048741,0.030000,
-6.066089,24.102125,85.552340,-11.406908,32.052799,122.813939,-6.067472,24.118356,85.551775,-5.533320,24.092998,86.048592,0.030000,
-6.066089,24.102125,85.552340,-11.407215,32.052424,122.815920,-6.064551,24.084082,85.552968,-5.533481,24.093015,86.048443,0.030000,
-6.066089,24.102125,85.552340,-11.407522,32.052049,122.817900,-6.067472,24.118356,85.551775,-5.533642,24.093032,86.048294,0.030000,
-6.066089,24.102125,85.552340,-11.407830,32.051674,122.819880,-6.064551,24.084082,85.552968,-5.533802,24.093049,86.048144,0.030000,
-6.066089,24.102125,85.552340,-11.408137,32.051300,122.821859,-6.067472,24.118356,85.551775,-5.533963,24.093065,86.047995,0.030000,
-6.066089,24.102125,85.552340,-11.408444,32.050925,122.823838,-6.064551,24.084082,85.552968,-5.534123,24.093082,86.047846,0.030000,
-6.066089,24.102125,85.552340,-11.408751,32.050551,122.825816,-6.067472,24.118356,85.551775,-5.534284,24.093099,86.047697,0.030000,
-6.066089,24.102125,85.552340,-11.409058,32.050176,122.827795,-6.064551,24.084082,85.552968,-5.534445,24.093115,86.047549,0.030000,
-6.066089,24.102125,85.552340,-11.409365,32.049802,122.829772,-6.067472,24.118356,85.551775,-5.534605,24.093132,86.047400,0.030000,
-6.066089,24.102125,85.552340,-11.409672,32.049427,122.831750,-6.064551,24.084082,85.552968,-5.534765,24.093149,86.047251,0.030000,
-6.066089,24.102125,85.552340,-11.409978,32.049053,122.833727,-6.067472,24.118356,85.551775,-5.534926,24.093165,86.047102,0.030000,
-6.066089,24.102125,85.552340,-11.410285,32.048679,122.835703,-6.064551,24.084082,85.552968,-5.535086,24.093182,86.046953,0.030000,
-6.066089,24.102125,85.552340,-11.410592,32.048305,122.837680,-6.067472,24.118356,85.551775,-5.535246,24.093198,86.046805,0.030000,
-6.066089,24.102125,85.552340,-11.410899,32.047931,122.839656,-6.064551,24.084082,85.552968,-5.535407,24.093215,86.046656,0.030000,
-6.066089,24.102125,85.552340,-11.411205,32.047557,122.841631,-6.067472,24.118356,85.551775,-5.535567,24.093232,86.046507,0.030000,
-6.066089,24.102125,85.552340,-11.411512,32.047183,122.843606,-6.064551,24.084082,85.552968,-5.535727,24.093248,86.046359,0.030000,
-6.066089,24.102125,85.552340,-11.411818,32.046809,122.845581,-6.067472,24.118356,85.551775,-5.535887,24.093265,86.046210,0.030000,
-6.066089,24.102125,85.552340,-11.412125,32.046435,122.847555,-6.064551,24.084082,85.552968,-5.536047,24.093281,86.046062,0.030000,
-6.066089,24.102125,85.552340,-11.412431,32.046061,122.849529,-6.067472,24.118356,85.551775,-5.536207,24.093298,86.045913,0.030000,
-6.066089,24.102125,85.552340,-11.412738,32.045688,122.851502,-6.064551,24.084082,85.552968,-5.536367,24.093314,86.045765,0.030000,
-6.066089,24.102125,85.552340,-11.413044,32.045314,122.853476,-6.067472,24.118356,85.551775,-5.536527,24.093331,86.045617,0.030000,
-6.066089,24.102125,85.552340,-11.413351,32.044941,122.855448,-6.064551,24.084082,85.552968,-5.536687,24.093347,86.045468,0.030000,
-6.066089,24.102125,85.552340,-11.413657,32.044567,122.857421,-6.067472,24.118356,85.551775,-5.536847,24.093364,86.045320,0.030000,
-6.066089,24.102125,85.552340,-11.413963,32.044194,122.859393,-6.064551,24.084082,85.552968,-5.537006,24.093380,86.045172,0.030000,
-6.066089,24.102125,85.552340,-11.414269,32.043821,122.861364,-6.067472,24.118356,85.551775,-5.537166,24.093397,86.045024,0.030000,
-6.066089,24.102125,85.552340,-11.414576,32.043447,122.863335,-6.064551,24.084082,85.552968,-5.537326,24.093413,86.044876,0.030000,
-6.066089,24.102125,85.552340,-11.414882,32.043074,122.865306,-6.067472,24.118356,85.551775,-5.537485,24.093429,86.044728,0.030000,
-6.066089,24.102125,85.552340,-11.415188,32.042701,122.867277,-6.064551,24.084082,85.552968,-5.537645,24.093446,86.044580,0.030000,
-6.066089,24.102125,85.552340,-11.415494,32.042328,122.869247,-6.067472,24.118356,85.551775,-5.537804,24.093462,86.044432,0.030000,
-6.066089,24.102125,85.552340,-11.415800,32.041955,122.871216,-6.064551,24.084082,85.552968,-5.537964,24.093479,86.044284,0.030000,
-6.066089,24.102125,85.552340,-11.416106,32.041582,122.873186,-6.067472,24.118356,85.551775,-5.538123,24.093495,86.044136,0.030000,
-6.066089,24.102125,85.552340,-11.416412,32.041210,122.875154,-6.064551,24.084082,85.552968,-5.538282,24.093511,86.043988,0.030000,
-6.066089,24.102125,85.552340,-11.416718,32.040837,122.877123,-6.067472,24.118356,85.551775,-5.538442,24.093528,86.043840,0.030000,
-6.066089,24.102125,85.552340,-11.417024,32.040464,122.879091,-6.064551,24.084082,85.552968,-5.538601,24.093544,86.043692,0.030000,
-6.066089,24.102125,85.552340,-11.417329,32.040092,122.881059,-6.067472,24.118356,85.551775,-5.538760,24.093560,86.043545,0.030000,
-6.066089,24.102125,85.552340,-11.417635,32.039719,122.883026,-6.064551,24.084082,85.552968,-5.538919,24.093577,86.043397,0.030000,
-6.066089,24.102125,85.552340,-11.417941,32.039347,122.884993,-6.067472,24.118356,85.551775,-5.539078,24.093593,86.043250,0.030000,
-6.066089,24.102125,85.552340,-11.418246,32.038974,122.886959,-6.064551,24.084082,85.552968,-5.539238,24.093609,86.043102,0.030000,
-6.066089,24.102125,85.552340,-11.418552,32.038602,122.888926,-6.067472,24.118356,85.551775,-5.539397,24.093625,86.042954,0.030000,
-6.066089,24.102125,85.552340,-11.418858,32.038230,122.890891,-6.064551,24.084082,85.552968,-5.539556,24.093642,86.042807,0.030000,
-6.066089,24.102125,85.552340,-11.419163,32.037858,122.892857,-6.067472,24.118356,85.551775,-5.539714,24.093658,86.042659,0.030000,
-6.066089,24.102125,85.552340,-11.419469,32.037486,122.894822,-6.064551,24.084082,85.552968,-5.539873,24.093674,86.042512,0.030000,
-6.066089,24.102125,85.552340,-11.419774,32.037114,122.896786,-6.067472,24.118356,85.551775,-5.540032,24.093690,86.042365,0.030000,
-6.066089,24.102125,85.552340,-11.420079,32.036742,122.898751,-6.064551,24.084082,85.552968,-5.540191,24.093706,86.042217,0.030000,
-6.066089,24.102125,85.552340,-11.420385,32.036370,122.900714,-6.067472,24.118356,85.551775,-5.540350,24.093723,86.042070,0.030000,
-6.066089,24.102125,85.552340,-11.420690,32.035998,122.902678,-6.064551,24.084082,85.552968,-5.540508,24.093739,86.041923,0.030000,
-6.066089,24.102125,85.552340,-11.420995,32.035626,122.904641,-6.067472,24.118356,85.551775,-5.540667,24.093755,86.041776,0.030000,
-6.066089,24.102125,85.552340,-11.421301,32.035254,122.906604,-6.064551,24.084082,85.552968,-5.540826,24.093771,86.041629,0.030000,
-6.066089,24.102125,85.552340,-11.421606,32.034883,122.908566,-6.067472,24.118356,85.551775,-5.540984,24.093787,86.041482,0.030000,
-6.066089,24.102125,85.552340,-11.421911,32.034511,122.910528,-6.064551,24.084082,85.552968,-5.541143,24.093803,86.041335,0.030000,
-6.066089,24.102125,85.552340,-11.422216,32.034140,122.912489,-6.067472,24.118356,85.551775,-5.541301,24.093819,86.041188,0.030000,
-6.066089,24.102125,85.552340,-11.422521,32.033768,122.914451,-6.064551,24.084082,85.552968,-5.541459,24.093836,86.041041,0.030000,
-6.066089,24.102125,85.552340,-11.422826,32.033397,122.916411,-6.067472,24.118356,85.551775,-5.541618,24.093852,86.040894,0.030000,
-6.066089,24.102125,85.552340,-11.423131,32.033026,122.918372,-6.064551,24.084082,85.552968,-5.541776,24.093868,86.040747,0.030000,
-6.066089,24.102125,85.552340,-11.423436,32.032655,122.920332,-6.067472,24.118356,85.551775,-5.541934,24.093884,86.040600,0.030000,
-6.066089,24.102125,85.552340,-11.423741,32.032284,122.922291,-6.064551,24.084082,85.552968,-5.542092,24.093900,86.040453,0.030000,
-6.066089,24.102125,85.552340,-11.424046,32.031913,122.924251,-6.067472,24.118356,85.551775,-5.542251,24.093916,86.040306,0.030000,
-6.066089,24.102125,85.552340,-11.424350,32.031542,122.926209,-6.064551,24.084082,85.552968,-5.542409,24.093932,86.040160,0.030000,
-6.066089,24.102125,85.552340,-11.424655,32.031171,122.928168,-6.067472,24.118356,85.551775,-5.542567,24.093948,86.040013,0.030000,
-6.066089,24.102125,85.552340,-11.424960,32.030800,122.930126,-6.064551,24.084082,85.552968,-5.542725,24.093964,86.039867,0.030000,
-6.066089,24.102125,85.552340,-11.425265,32.030429,122.932084,-6.067472,24.118356,85.551775,-5.542883,24.093980,86.039720,0.030000,
-6.066089,24.102125,85.552340,-11.425569,32.030058,122.934041,-6.064551,24.084082,85.552968,-5.543041,24.093996,86.039573,0.030000,
-6.066089,24.102125,85.552340,-11.425874,32.029688,122.935998,-6.067472,24.118356,85.551775,-5.543198,24.094012,86.039427,0.030000,
-6.066089,24.102125,85.552340,-11.426178,32.029317,122.937954,-6.064551,24.084082,85.552968,-5.543356,24.094028,86.039281,0.030000,
-6.066089,24.102125,85.552340,-11.426483,32.028947,122.939910,-6.067472,24.118356,85.551775,-5.543514,24.094043,86.039134,0.030000,
-6.066089,24.102125,85.552340,-11.426787,32.028576,122.941866,-6.064551,24.084082,85.552968,-5.543672,24.094059,86.038988,0.030000,
-6.066089,24.102125,85.552340,-11.427092,32.028206,122.943822,-6.067472,24.118356,85.551775,-5.543829,24.094075,86.038842,0.030000,
-6.066089,24.102125,85.552340,-11.427396,32.027836,122.945777,-6.064551,24.084082,85.552968,-5.543987,24.094091,86.038695,0.030000,
-6.066089,24.102125,85.552340,-11.427700,32.027465,122.947731,-6.067472,24.118356,85.551775,-5.544145,24.094107,86.038549,0.030000,
-6.066089,24.102125,85.552340,-11.428004,32.027095,122.949685,-6.064551,24.084082,85.552968,-5.544302,24.094123,86.038403,0.030000,
-6.066089,24.102125,85.552340,-11.428309,32.026725,122.951639,-6.067472,24.118356,85.551775,-5.544460,24.094139,86.038257,0.030000,
-6.066089,24.102125,85.552340,-11.428613,32.026355,122.953593,-6.064551,24.084082,85.552968,-5.544617,24.094155,86.038111,0.030000,
-6.066089,24.102125,85.552340,-11.428917,32.025985,122.955546,-6.067472,24.118356,85.551775,-5.544774,24.094170,86.037965,0.030000,
-6.066089,24.102125,85.552340,-11.429221,32.025615,122.957498,-6.064551,24.084082,85.552968,-5.544932,24.094186,86.037819,0.030000,
-6.066089,24.102125,85.552340,-11.429525,32.025246,122.959451,-6.067472,24.118356,85.551775,-5.545089,24.094202,86.037673,0.030000,
-6.066089,24.102125,85.552340,-11.429829,32.024876,122.961403,-6.064551,24.084082,85.552968,-5.545246,24.094218,86.037527,0.030000,
-6.066089,24.102125,85.552340,-11.430133,32.024506,122.963354,-6.067472,24.118356,85.551775,-5.545403,24.094233,86.037381,0.030000,
-6.066089,24.102125,85.552340,-11.430437,32.024137,122.965305,-6.064551,24.084082,85.552968,-5.545561,24.094249,86.037235,0.030000,
-6.066089,24.102125,85.552340,-11.430741,32.023767,122.967256,-6.067472,24.118356,85.551775,-5.545718,24.094265,86.037090,0.030000,
-6.066089,24.102125,85.552340,-11.431045,32.023398,122.969206,-6.064551,24.084082,85.552968,-5.545875,24.094281,86.036944,0.030000,
-6.066089,24.102125,85.552340,-11.431348,32.023028,122.971156,-6.067472,24.118356,85.551775,-5.546032,24.094296,86.036798,0.030000,
-6.066089,24.102125,85.552340,-11.431652,32.022659,122.973106,-6.064551,24.084082,85.552968,-5.546189,24.094312,86.036652,0.030000,
-6.066089,24.102125,85.552340,-11.431956,32.022290,122.975055,-6.067472,24.118356,85.551775,-5.546346,24.094328,86.036507,0.030000,
-6.066089,24.102125,85.552340,-11.432260,32.021921,122.977004,-6.064551,24.084082,85.552968,-5.546503,24.094343,86.036361,0.030000,
-6.066089,24.102125,85.552340,-11.432563,32.021551,122.978953,-6.067472,24.118356,85.551775,-5.546659,24.094359,86.036216,0.030000,
-6.066089,24.102125,85.552340,-11.432867,32.021182,122.980901,-6.064551,24.084082,85.552968,-5.546816,24.094375,86.036070,0.030000,
-6.066089,24.102125,85.552340,-11.433170,32.020813,122.982848,-6.067472,24.118356,85.551775,-5.546973,24.094390,86.035925,0.030000,
-6.066089,24.102125,85.552340,-11.433474,32.020445,122.984796,-6.064551,24.084082,85.552968,-5.547129,24.094406,86.035780,0.030000,
-6.066089,24.102125,85.552340,-11.433777,32.020076,122.986743,-6.067472,24.118356,85.551775,-5.547286,24.094422,86.035634,0.030000,
-6.066089,24.102125,85.552340,-11.434081,32.019707,122.988689,-6.064551,24.084082,85.552968,-5.547443,24.094437,86.035489,0.030000,
-6.066089,24.102125,85.552340,-11.434384,32.019338,122.990635,-6.067472,24.118356,85.551775,-5.547599,24.094453,86.035344,0.030000,
-6.066089,24.102125,85.552340,-11.434687,32.018970,122.992581,-6.064551,24.084082,85.552968,-5.547756,24.094468,86.035199,0.030000,
-6.066089,24.102125,85.552340,-11.434991,32.018601,122.994526,-6.067472,24.118356,85.551775,-5.547912,24.094484,86.035053,0.030000,
-6.066089,24.102125,85.552340,-11.435294,32.018233,122.996471,-6.064551,24.084082,85.552968,-5.548068,24.094499,86.034908,0.030000,
-6.066089,24.102125,85.552340,-11.435597,32.017864,122.998416,-6.067472,24.118356,85.551775,-5.548225,24.094515,86.034763,0.030000,
-6.066089,24.102125,85.552340,-11.435900,32.017496,123.000360,-6.064551,24.084082,85.552968,-5.548381,24.094531,86.034618,0.030000,
-6.066089,24.102125,85.552340,-11.436203,32.017128,123.002304,-6.067472,24.118356,85.551775,-5.548537,24.094546,86.034473,0.030000,
-6.066089,24.102125,85.552340,-11.436506,32.016760,123.004248,-6.064551,24.084082,85.552968,-5.548694,24.094562,86.034328,0.030000,
-6.066089,24.102125,85.552340,-11.436809,32.016391,123.006191,-6.067472,24.118356,85.551775,-5.548850,24.094577,86.034183,0.030000,
-6.066089,24.102125,85.552340,-11.437112,32.016023,123.008133,-6.064551,24.084082,85.552968,-5.549006,24.094592,86.034039,0.030000,
-6.066089,24.102125,85.552340,-11.437415,32.015655,123.010076,-6.067472,24.118356,85.551775,-5.549162,24.094608,86.033894,0.030000,
-6.066089,24.102125,85.552340,-11.437718,32.015287,123.012018,-6.064551,24.084082,85.552968,-5.549318,24.094623,86.033749,0.030000,
-6.066089,24.102125,85.552340,-11.438021,32.014920,123.013959,-6.067472,24.118356,85.551775,-5.549474,24.094639,86.033604,0.030000,
-6.066089,24.102125,85.552340,-11.438324,32.014552,123.015901,-6.064551,24.084082,85.552968,-5.549630,24.094654,86.033460,0.030000,
-6.066089,24.102125,85.552340,-11.438626,32.014184,123.017841,-6.067472,24.118356,85.551775,-5.549786,24.094670,86.033315,0.030000,
-6.066089,24.102125,85.552340,-11.438929,32.013816,123.019782,-6.064551,24.084082,85.552968,-5.549941,24.094685,86.033170,0.030000,
-6.066089,24.102125,85.552340,-11.439232,32.013449,123.021722,-6.067472,24.118356,85.551775,-5.550097,24.094700,86.033026,0.030000,
-6.066089,24.102125,85.552340,-11.439534,32.013081,123.023662,-6.064551,24.084082,85.552968,-5.550253,24.094716,86.032881,0.030000,
-6.066089,24.102125,85.552340,-11.439837,32.012714,123.025601,-6.067472,24.118356,85.551775,-5.550409,24.094731,86.032737,0.030000,
-6.066089,24.102125,85.552340,-11.440139,32.012347,123.027540,-6.064551,24.084082,85.552968,-5.550564,24.094747,86.032593,0.030000,
-6.066089,24.102125,85.552340,-11.440442,32.011979,123.029478,-6.067472,24.118356,85.551775,-5.550720,24.094762,86.032448,0.030000,
-6.066089,24.102125,85.552340,-11.440744,32.011612,123.031416,-6.064551,24.084082,85.552968,-5.550875,24.094777,86.032304,0.030000,
-6.066089,24.102125,85.552340,-11.441047,32.011245,123.033354,-6.067472,24.118356,85.551775,-5.551031,24.094792,86.032160,0.030000,
-6.066089,24.102125,85.552340,-11.441349,32.010878,123.035292,-6.064551,24.084082,85.552968,-5.551186,24.094808,86.032015,0.030000,
-6.066089,24.102125,85.552340,-11.441651,32.010511,123.037228,-6.067472,24.118356,85.551775,-5.551342,24.094823,86.031871,0.030000,
-6.066089,24.102125,85.552340,-11.441954,32.010144,123.039165,-6.064551,24.084082,85.552968,-5.551497,24.094838,86.031727,0.030000,
-6.066089,24.102125,85.552340,-11.442256,32.009777,123.041101,-6.067472,24.118356,85.551775,-5.551652,24.094854,86.031583,0.030000,
-6.066089,24.102125,85.552340,-11.442558,32.009410,123.043037,-6.064551,24.084082,85.552968,-5.551807,24.094869,86.031439,0.030000,
-6.066089,24.102125,85.552340,-11.442860,32.009043,123.044973,-6.067472,24.118356,85.551775,-5.551963,24.094884,86.031295,0.030000,
-6.066089,24.102125,85.552340,-11.443162,32.008677,123.046908,-6.064551,24.084082,85.552968,-5.552118,24.094899,86.031151,0.030000,
-6.066089,24.102125,85.552340,-11.443464,32.008310,123.048842,-6.067472,24.118356,85.551775,-5.552273,24.094915,86.031007,0.030000,
-6.066089,24.102125,85.552340,-11.443766,32.007944,123.050777,-6.064551,24.084082,85.552968,-5.552428,24.094930,86.030863,0.030000,
-6.066089,24.102125,85.552340,-11.444068,32.007577,123.052711,-6.067472,24.118356,85.551775,-5.552583,24.094945,86.030719,0.030000,
-6.066089,24.102125,85.552340,-11.444370,32.007211,123.054644,-6.064551,24.084082,85.552968,-5.552738,24.094960,86.030575,0.030000,
-6.066089,24.102125,85.552340,-11.444672,32.006844,123.056578,-6.067472,24.118356,85.551775,-5.552893,24.094975,86.030432,0.030000,
-6.066089,24.102125,85.552340,-11.444974,32.006478,123.058510,-6.064551,24.084082,85.552968,-5.553048,24.094990,86.030288,0.030000,
-6.066089,24.102125,85.552340,-11.445276,32.006112,123.060443,-6.067472,24.118356,85.551775,-5.553203,24.095006,86.030144,0.030000,
-6.066089,24.102125,85.552340,-11.445577,32.005746,123.062375,-6.064551,24.084082,85.552968,-5.553357,24.095021,86.030001,0.030000,
-6.066089,24.102125,85.552340,-11.445879,32.005380,123.064306,-6.067472,24.118356,85.551775,-5.553512,24.095036,86.029857,0.030000,
-6.066089,24.102125,85.552340,-11.446181,32.005014,123.066238,-6.064551,24.084082,85.552968,-5.553667,24.095051,86.029713,0.030000,
-6.066089,24.102125,85.552340,-11.446482,32.004648,123.068169,-6.067472,24.118356,85.551775,-5.553821,24.095066,86.029570,0.030000,
-6.066089,24.102125,85.552340,-11.446784,32.004282,123.070099,-6.064551,24.084082,85.552968,-5.553976,24.095081,86.029427,0.030000,
-6.066089,24.102125,85.552340,-11.447085,32.003916,123.072029,-6.067472,24.118356,85.551775,-5.554131,24.095096,86.029283,0.030000,
-6.066089,24.102125,85.552340,-11.447387,32.003551,123.073959,-6.064551,24.084082,85.552968,-5.554285,24.095111,86.029140,0.030000,
-6.066089,24.102125,85.552340,-11.447688,32.003185,123.075889,-6.067472,24.118356,85.551775,-5.554440,24.095126,86.028996,0.030000,
-6.066089,24.102125,85.552340,-11.447990,32.002819,123.077818,-6.064551,24.084082,85.552968,-5.554594,24.095141,86.028853,0.030000,
-6.066089,24.102125,85.552340,-11.448291,32.002454,123.079746,-6.067472,24.118356,85.551775,-5.554748,24.095156,86.028710,0.030000,
-6.066089,24.102125,85.552340,-11.448592,32.002088,123.081674,-6.064551,24.084082,85.552968,-5.554903,24.095171,86.028567,0.030000,
-6.066089,24.102125,85.552340,-11.448894,32.001723,123.083602,-6.067472,24.118356,85.551775,-5.555057,24.095186,86.028424,0.030000,
-6.066089,24.102125,85.552340,-11.449195,32.001358,123.085530,-6.064551,24.084082,85.552968,-5.555211,24.095201,86.028280,0.030000,
-6.066089,24.102125,85.552340,-11.449496,32.000992,123.087457,-6.067472,24.118356,85.551775,-5.555365,24.095216,86.028137,0.030000,
-6.066089,24.102125,85.552340,-11.449797,32.000627,123.089384,-6.064551,24.084082,85.552968,-5.555519,24.095231,86.027994,0.030000,
-6.066089,24.102125,85.552340,-11.450098,32.000262,123.091310,-6.067472,24.118356,85.551775,-5.555673,24.095246,86.027851,0.030000,
-6.066089,24.102125,85.552340,-11.450399,31.999897,123.093236,-6.064551,24.084082,85.552968,-5.555827,24.095261,86.027708,0.030000,
-6.066089,24.102125,85.552340,-11.450700,31.999532,123.095162,-6.067472,24.118356,85.551775,-5.555981,24.095276,86.027566,0.030000,
-6.066089,24.102125,85.552340,-11.451001,31.999167,123.097087,-6.064551,24.084082,85.552968,-5.556135,24.095291,86.027423,0.030000,
-6.066089,24.102125,85.552340,-11.451302,31.998803,123.099012,-6.067472,24.118356,85.551775,-5.556289,24.095306,86.027280,0.030000,
-6.066089,24.102125,85.552340,-11.451603,31.998438,123.100936,-6.064551,24.084082,85.552968,-5.556443,24.095321,86.027137,0.030000,
-6.066089,24.102125,85.552340,-11.451904,31.998073,123.102860,-6.067472,24.118356,85.551775,-5.556597,24.095335,86.026994,0.030000,
-6.066089,24.102125,85.552340,-11.452205,31.997709,123.104784,-6.064551,24.084082,85.552968,-5.556751,24.095350,86.026852,0.030000,
-6.066089,24.102125,85.552340,-11.452505,31.997344,123.106707,-6.067472,24.118356,85.551775,-5.556904,24.095365,86.026709,0.030000,
-6.066089,24.102125,85.552340,-11.452806,31.996980,123.108630,-6.064551,24.084082,85.552968,-5.557058,24.095380,86.026566,0.030000,
-6.066089,24.102125,85.552340,-11.453107,31.996615,123.110553,-6.067472,24.118356,85.551775,-5.557212,24.095395,86.026424,0.030000,
-6.066089,24.102125,85.552340,-11.453407,31.996251,123.112475,-6.064551,24.084082,85.552968,-5.557365,24.095410,86.026281,0.030000,
-6.066089,24.102125,85.552340,-11.453708,31.995887,123.114397,-6.067472,24.118356,85.551775,-5.557519,24.095424,86.026139,0.030000,
-6.066089,24.102125,85.552340,-11.454008,31.995522,123.116318,-6.064551,24.084082,85.552968,-5.557672,24.095439,86.025996,0.030000,
-6.066089,24.102125,85.552340,-11.454309,31.995158,123.118239,-6.067472,24.118356,85.551775,-5.557826,24.095454,86.025854,0.030000,
-6.066089,24.102125,85.552340,-11.454609,31.994794,123.120160,-6.064551,24.084082,85.552968,-5.557979,24.095469,86.025712,0.030000,
-6.066089,24.102125,85.552340,-11.454910,31.994430,123.122080,-6.067472,24.118356,85.551775,-5.558132,24.095483,86.025569,0.030000,
-6.066089,24.102125,85.552340,-11.455210,31.994066,123.124000,-6.064551,24.084082,85.552968,-5.558286,24.095498,86.025427,0.030000,
-6.066089,24.102125,85.552340,-11.455510,31.993702,123.125920,-6.067472,24.118356,85.551775,-5.558439,24.095513,86.025285,0.030000,
-6.066089,24.102125,85.552340,-11.455811,31.993339,123.127839,-6.064551,24.084082,85.552968,-5.558592,24.095528,86.025143,0.030000,
-6.066089,24.102125,85.552340,-11.456111,31.992975,123.129758,-6.067472,24.118356,85.551775,-5.558745,24.095542,86.025001,0.030000,
-6.066089,24.102125,85.552340,-11.456411,31.992611,123.131676,-6.064551,24.084082,85.552968,-5.558898,24.095557,86.024859,0.030000,
-6.066089,24.102125,85.552340,-11.456711,31.992248,123.133594,-6.067472,24.118356,85.551775,-5.559051,24.095572,86.024717,0.030000,
-6.066089,24.102125,85.552340,-11.457011,31.991884,123.135512,-6.064551,24.084082,85.552968,-5.559204,24.095586,86.024575,0.030000,
-6.066089,24.102125,85.552340,-11.457311,31.991521,123.137429,-6.067472,24.118356,85.551775,-5.559357,24.095601,86.024433,0.030000,
-6.066089,24.102125,85.552340,-11.457611,31.991157,123.139346,-6.064551,24.084082,85.552968,-5.559510,24.095616,86.024291,0.030000,
-6.066089,24.102125,85.552340,-11.457911,31.990794,123.141262,-6.067472,24.118356,85.551775,-5.559663,24.095630,86.024149,0.030000,
-6.066089,24.102125,85.552340,-11.458211,31.990431,123.143178,-6.064551,24.084082,85.552968,-5.559816,24.095645,86.024007,0.030000,
-6.066089,24.102125,85.552340,-11.458511,31.990068,123.145094,-6.067472,24.118356,85.551775,-5.559969,24.095659,86.023865,0.030000,
-6.066089,24.102125,85.552340,-11.458811,31.989705,123.147010,-6.064551,24.084082,85.552968,-5.560121,24.095674,86.023724,0.030000,
-6.066089,24.102125,85.552340,-11.459111,31.989342,123.148925,-6.067472,24.118356,85.551775,-5.560274,24.095689,86.023582,0.030000,
-6.066089,24.102125,85.552340,-11.459410,31.988979,123.150839,-6.064551,24.084082,85.552968,-5.560427,24.095703,86.023440,0.030000,
-6.066089,24.102125,85.552340,-11.459710,31.988616,123.152754,-6.067472,24.118356,85.551775,-5.560579,24.095718,86.023299,0.030000,
-6.066089,24.102125,85.552340,-11.460010,31.988253,123.154667,-6.064551,24.084082,85.552968,-5.560732,24.095732,86.023157,0.030000,
-6.066089,24.102125,85.552340,-11.460309,31.987890,123.156581,-6.067472,24.118356,85.551775,-5.560884,24.095747,86.023015,0.030000,
-6.066089,24.102125,85.552340,-11.460609,31.987527,123.158494,-6.064551,24.084082,85.552968,-5.561037,24.095761,86.022874,0.030000,
-6.066089,24.102125,85.552340,-11.460908,31.987165,123.160407,-6.067472,24.118356,85.551775,-5.561189,24.095776,86.022733,0.030000,
-6.066089,24.102125,85.552340,-11.461208,31.986802,123.162319,-6.064551,24.084082,85.552968,-5.561342,24.095790,86.022591,0.030000,
-6.066089,24.102125,85.552340,-11.461507,31.986440,123.164231,-6.067472,24.118356,85.551775,-5.561494,24.095805,86.022450,0.030000,
-6.066089,24.102125,85.552340,-11.461807,31.986077,123.166143,-6.064551,24.084082,85.552968,-5.561646,24.095819,86.022308,0.030000,
-6.066089,24.102125,85.552340,-11.462106,31.985715,123.168054,-6.067472,24.118356,85.551775,-5.561798,24.095834,86.022167,0.030000,
-6.066089,24.102125,85.552340,-11.462405,31.985353,123.169965,-6.064551,24.084082,85.552968,-5.561950,24.095848,86.022026,0.030000,
-6.066089,24.102125,85.552340,-11.462705,31.984991,123.171875,-6.067472,24.118356,85.551775,-5.562103,24.095863,86.021885,0.030000,
-6.066089,24.102125,85.552340,-11.463004,31.984628,123.173785,-6.064551,24.084082,85.552968,-5.562255,24.095877,86.021744,0.030000,
-6.066089,24.102125,85.552340,-11.463303,31.984266,123.175695,-6.067472,24.118356,85.551775,-5.562407,24.095891,86.021603,0.030000,
-6.066089,24.102125,85.552340,-11.463602,31.983904,123.177605,-6.064551,24.084082,85.552968,-5.562559,24.095906,86.021461,0.030000,
-6.066089,24.102125,85.552340,-11.463901,31.983542,123.179514,-6.067472,24.118356,85.551775,-5.562711,24.095920,86.021320,0.030000,
-6.066089,24.102125,85.552340,-11.464200,31.983180,123.181422,-6.064551,24.084082,85.552968,-5.562863,24.095935,86.021179,0.030000,
-6.066089,24.102125,85.552340,-11.464499,31.982819,123.183330,-6.067472,24.118356,85.551775,-5.563014,24.095949,86.021039,0.030000,
-6.066089,24.102125,85.552340,-11.464798,31.982457,123.185238,-6.064551,24.084082,85.552968,-5.563166,24.095963,86.020898,0.030000,
-6.066089,24.102125,85.552340,-11.465097,31.982095,123.187146,-6.067472,24.118356,85.551775,-5.563318,24.095978,86.020757,0.030000,
-6.066089,24.102125,85.552340,-11.465396,31.981734,123.189053,-6.064551,24.084082,85.552968,-5.563470,24.095992,86.020616,0.030000,
-6.066089,24.102125,85.552340,-11.465695,31.981372,123.190960,-6.067472,24.118356,85.551775,-5.563621,24.096006,86.020475,0.030000,
-6.066089,24.102125,85.552340,-11.465994,31.981011,123.192866,-6.064551,24.084082,85.552968,-5.563773,24.096021,86.020335,0.030000,
-6.066089,24.102125,85.552340,-11.466292,31.980649,123.194772,-6.067472,24.118356,85.551775,-5.563925,24.096035,86.020194,0.030000,
-6.066089,24.102125,85.552340,-11.466591,31.980288,123.196678,-6.064551,24.084082,85.552968,-5.564076,24.096049,86.020053,0.030000,
-6.066089,24.102125,85.552340,-11.466890,31.979927,123.198583,-6.067472,24.118356,85.551775,-5.564228,24.096063,86.019913,0.030000,
-6.066089,24.102125,85.552340,-11.467188,31.979566,123.200488,-6.064551,24.084082,85.552968,-5.564379,24.096078,86.019772,0.030000,
-6.066089,24.102125,85.552340,-11.467487,31.979204,123.202392,-6.067472,24.118356,85.551775,-5.564530,24.096092,86.019632,0.030000,
-6.066089,24.102125,85.552340,-11.467785,31.978843,123.204296,-6.064551,24.084082,85.552968,-5.564682,24.096106,86.019491,0.030000,
-6.066089,24.102125,85.552340,-11.468084,31.978482,123.206200,-6.067472,24.118356,85.551775,-5.564833,24.096120,86.019351,0.030000,
-6.066089,24.102125,85.552340,-11.468382,31.978122,123.208103,-6.064551,24.084082,85.552968,-5.564984,24.096135,86.019210,0.030000,
-6.066089,24.102125,85.552340,-11.468681,31.977761,123.210006,-6.067472,24.118356,85.551775,-5.565135,24.096149,86.019070,0.030000,
-6.066089,24.102125,85.552340,-11.468979,31.977400,123.211909,-6.064551,24.084082,85.552968,-5.565287,24.096163,86.018930,0.030000,
-6.066089,24.102125,85.552340,-11.469277,31.977039,123.213811,-6.067472,24.118356,85.551775,-5.565438,24.096177,86.018789,0.030000,
-6.066089,24.102125,85.552340,-11.469576,31.976679,123.215713,-6.064551,24.084082,85.552968,-5.565589,24.096191,86.018649,0.030000,
-6.066089,24.102125,85.552340,-11.469874,31.976318,123.217614,-6.067472,24.118356,85.551775,-5.565740,24.096205,86.018509,0.030000,
-6.066089,24.102125,85.552340,-11.470172,31.975957,123.219516,-6.064551,24.084082,85.552968,-5.565891,24.096220,86.018369,0.030000,
-6.066089,24.102125,85.552340,-11.470470,31.975597,123.221416,-6.067472,24.118356,85.551775,-5.566042,24.096234,86.018229,0.030000,
-6.066089,24.102125,85.552340,-11.470768,31.975237,123.223317,-6.064551,24.084082,85.552968,-5.566193,24.096248,86.018089,0.030000,
-6.066089,24.102125,85.552340,-11.471066,31.974876,123.225217,-6.067472,24.118356,85.551775,-5.566343,24.096262,86.017949,0.030000,
-6.066089,24.102125,85.552340,-11.471364,31.974516,123.227116,-6.064551,24.084082,85.552968,-5.566494,24.096276,86.017809,0.030000,
-6.066089,24.102125,85.552340,-11.471662,31.974156,123.229016,-6.067472,24.118356,85.551775,-5.566645,24.096290,86.017669,0.030000,
-6.066089,24.102125,85.552340,-11.471960,31.973796,123.230914,-6.064551,24.084082,85.552968,-5.566796,24.096304,86.017529,0.030000,
-6.066089,24.102125,85.552340,-11.472258,31.973436,123.232813,-6.067472,24.118356,85.551775,-5.566946,24.096318,86.017389,0.030000,
-6.066089,24.102125,85.552340,-11.472556,31.973076,123.234711,-6.064551,24.084082,85.552968,-5.567097,24.096332,86.017249,0.030000,
-6.066089,24.102125,85.552340,-11.472854,31.972716,123.236609,-6.067472,24.118356,85.551775,-5.567248,24.096346,86.017110,0.030000,
-6.066089,24.102125,85.552340,-11.473151,31.972356,123.238506,-6.064551,24.084082,85.552968,-5.567398,24.096360,86.016970,0.030000,
-6.066089,24.102125,85.552340,-11.473449,31.971996,123.240403,-6.067472,24.118356,85.551775,-5.567549,24.096374,86.016830,0.030000,
-6.066089,24.102125,85.552340,-11.473747,31.971637,123.242300,-6.064551,24.084082,85.552968,-5.567699,24.096388,86.016691,0.030000,
-6.066089,24.102125,85.552340,-11.474044,31.971277,123.244196,-6.067472,24.118356,85.551775,-5.567849,24.096402,86.016551,0.030000,
-6.066089,24.102125,85.552340,-11.474342,31.970918,123.246092,-6.064551,24.084082,85.552968,-5.568000,24.096416,86.016412,0.030000,
-6.066089,24.102125,85.552340,-11.474639,31.970558,123.247987,-6.067472,24.118356,85.551775,-5.568150,24.096430,86.016272,0.030000,
-6.066089,24.102125,85.552340,-11.474937,31.970199,123.249882,-6.064551,24.084082,85.552968,-5.568300,24.096444,86.016133,0.030000,
-6.066089,24.102125,85.552340,-11.475234,31.969839,123.251777,-6.067472,24.118356,85.551775,-5.568450,24.096458,86.015993,0.030000,
-6.066089,24.102125,85.552340,-11.475532,31.969480,123.253672,-6.064551,24.084082,85.552968,-5.568601,24.096472,86.015854,0.030000,
-6.066089,24.102125,85.552340,-11.475829,31.969121,123.255566,-6.067472,24.118356,85.551775,-5.568751,24.096486,86.015714,0.030000,
-6.066089,24.102125,85.552340,-11.476126,31.968762,123.257459,-6.064551,24.084082,85.552968,-5.568901,24.096500,86.015575,0.030000,
-6.066089,24.102125,85.552340,-11.476424,31.968403,123.259352,-6.067472,24.118356,85.551775,-5.569051,24.096514,86.015436,0.030000,
-6.066089,24.102125,85.552340,-11.476721,31.968044,123.261245,-6.064551,24.084082,85.552968,-5.569201,24.096528,86.015297,0.030000,
-6.066089,24.102125,85.552340,-11.477018,31.967685,123.263138,-6.067472,24.118356,85.551775,-5.569351,24.096542,86.015158,0.030000,
-6.066089,24.102125,85.552340,-11.477315,31.967326,123.265030,-6.064551,24.084082,85.552968,-5.569501,24.096555,86.015018,0.030000,
-6.066089,24.102125,85.552340,-11.477612,31.966967,123.266922,-6.067472,24.118356,85.551775,-5.569650,24.096569,86.014879,0.030000,
-6.066089,24.102125,85.552340,-11.477909,31.966608,123.268813,-6.064551,24.084082,85.552968,-5.569800,24.096583,86.014740,0.030000,
-6.066089,24.102125,85.552340,-11.478206,31.966250,123.270704,-6.067472,24.118356,85.551775,-5.569950,24.096597,86.014601,0.030000,
-6.066089,24.102125,85.552340,-11.478503,31.965891,123.272595,-6.064551,24.084082,85.552968,-5.570100,24.096611,86.014462,0.030000,
-6.066089,24.102125,85.552340,-11.478800,31.965532,123.274485,-6.067472,24.118356,85.551775,-5.570249,24.096625,86.014323,0.030000,
-6.066089,24.102125,85.552340,-11.479097,31.965174,123.276375,-6.064551,24.084082,85.552968,-5.570399,24.096638,86.014185,0.030000,
-6.066089,24.102125,85.552340,-11.479394,31.964816,123.278265,-6.067472,24.118356,85.551775,-5.570548,24.096652,86.014046,0.030000,
-6.066089,24.102125,85.552340,-11.479691,31.964457,123.280154,-6.064551,24.084082,85.552968,-5.570698,24.096666,86.013907,0.030000,
-6.066089,24.102125,85.552340,-11.479987,31.964099,123.282042,-6.067472,24.118356,85.551775,-5.570847,24.096680,86.013768,0.030000,
-6.066089,24.102125,85.552340,-11.480284,31.963741,123.283931,-6.064551,24.084082,85.552968,-5.570997,24.096693,86.013630,0.030000,
-6.066089,24.102125,85.552340,-11.480581,31.963383,123.285819,-6.067472,24.118356,85.551775,-5.571146,24.096707,86.013491,0.030000,
-6.066089,24.102125,85.552340,-11.480877,31.963025,123.287707,-6.064551,24.084082,85.552968,-5.571296,24.096721,86.013352,0.030000,
-6.066089,24.102125,85.552340,-11.481174,31.962667,123.289594,-6.067472,24.118356,85.551775,-5.571445,24.096735,86.013214,0.030000,
-6.066089,24.102125,85.552340,-11.481470,31.962309,123.291481,-6.064551,24.084082,85.552968,-5.571594,24.096748,86.013075,0.030000,
-6.066089,24.102125,85.552340,-11.481767,31.961951,123.293367,-6.067472,24.118356,85.551775,-5.571743,24.096762,86.012937,0.030000,
-6.066089,24.102125,85.552340,-11.482063,31.961593,123.295254,-6.064551,24.084082,85.552968,-5.571892,24.096776,86.012798,0.030000,
-6.066089,24.102125,85.552340,-11.482360,31.961235,123.297139,-6.067472,24.118356,85.551775,-5.572042,24.096789,86.012660,0.030000,
-6.066089,24.102125,85.552340,-11.482656,31.960878,123.299025,-6.064551,24.084082,85.552968,-5.572191,24.096803,86.012521,0.030000,
-6.066089,24.102125,85.552340,-11.482952,31.960520,123.300910,-6.067472,24.118356,85.551775,-5.572340,24.096817,86.012383,0.030000,
-6.066089,24.102125,85.552340,-11.483249,31.960162,123.302795,-6.064551,24.084082,85.552968,-5.572489,24.096830,86.012245,0.030000,
-6.066089,24.102125,85.552340,-11.483545,31.959805,123.304679,-6.067472,24.118356,85.551775,-5.572638,24.096844,86.012107,0.030000,
-6.066089,24.102125,85.552340,-11.483841,31.959448,123.306563,-6.064551,24.084082,85.552968,-5.572786,24.096857,86.011968,0.030000,
-6.066089,24.102125,85.552340,-11.484137,31.959090,123.308446,-6.067472,24.118356,85.551775,-5.572935,24.096871,86.011830,0.030000,
-6.066089,24.102125,85.552340,-11.484433,31.958733,123.310330,-6.064551,24.084082,85.552968,-5.573084,24.096885,86.011692,0.030000,
-6.066089,24.102125,85.552340,-11.484729,31.958376,123.312212,-6.067472,24.118356,85.551775,-5.573233,24.096898,86.011554,0.030000,
-6.066089,24.102125,85.552340,-11.485025,31.958019,123.314095,-6.064551,24.084082,85.552968,-5.573382,24.096912,86.011416,0.030000,
-6.066089,24.102125,85.552340,-11.485321,31.957662,123.315977,-6.067472,24.118356,85.551775,-5.573530,24.096925,86.011278,0.030000,
-6.066089,24.102125,85.552340,-11.485617,31.957305,123.317859,-6.064551,24.084082,85.552968,-5.573679,24.096939,86.011140,0.030000,
-6.066089,24.102125,85.552340,-11.485913,31.956948,123.319740,-6.067472,24.118356,85.551775,-5.573827,24.096952,86.011002,0.030000,
-6.066089,24.102125,85.552340,-11.486209,31.956591,123.321621,-6.064551,24.084082,85.552968,-5.573976,24.096966,86.010864,0.030000,
-6.066089,24.102125,85.552340,-11.486505,31.956234,123.323502,-6.067472,24.118356,85.551775,-5.574124,24.096979,86.010726,0.030000,
-6.066089,24.102125,85.552340,-11.486801,31.955878,123.325382,-6.064551,24.084082,85.552968,-5.574273,24.096993,86.010589,0.030000,
-6.066089,24.102125,85.552340,-11.487096,31.955521,123.327262,-6.067472,24.118356,85.551775,-5.574421,24.097006,86.010451,0.030000,
-6.066089,24.102125,85.552340,-11.487392,31.955164,123.329141,-6.064551,24.084082,85.552968,-5.574570,24.097020,86.010313,0.030000,
-6.066089,24.102125,85.552340,-11.487688,31.954808,123.331020,-6.067472,24.118356,85.551775,-5.574718,24.097033,86.010176,0.030000,
-6.066089,24.102125,85.552340,-11.487983,31.954451,123.332899,-6.064551,24.084082,85.552968,-5.574866,24.097047,86.010038,0.030000,
-6.066089,24.102125,85.552340,-11.488279,31.954095,123.334778,-6.067472,24.118356,85.551775,-5.575014,24.097060,86.009900,0.030000,
-6.066089,24.102125,85.552340,-11.488574,31.953739,123.336656,-6.064551,24.084082,85.552968,-5.575162,24.097074,86.009763,0.030000,
-6.066089,24.102125,85.552340,-11.488870,31.953382,123.338533,-6.067472,24.118356,85.551775,-5.575311,24.097087,86.009625,0.030000,
-6.066089,24.102125,85.552340,-11.489165,31.953026,123.340411,-6.064551,24.084082,85.552968,-5.575459,24.097101,86.009488,0.030000,
-6.066089,24.102125,85.552340,-11.489460,31.952670,123.342287,-6.067472,24.118356,85.551775,-5.575607,24.097114,86.009350,0.030000,
-6.066089,24.102125,85.552340,-11.489756,31.952314,123.344164,-6.064551,24.084082,85.552968,-5.575755,24.097127,86.009213,0.030000,
-6.066089,24.102125,85.552340,-11.490051,31.951958,123.346040,-6.067472,24.118356,85.551775,-5.575903,24.097141,86.009076,0.030000,
-6.066089,24.102125,85.552340,-11.490346,31.951602,123.347916,-6.064551,24.084082,85.552968,-5.576051,24.097154,86.008938,0.030000,
-6.066089,24.102125,85.552340,-11.490641,31.951246,123.349791,-6.067472,24.118356,85.551775,-5.576198,24.097167,86.008801,0.030000,
-6.066089,24.102125,85.552340,-11.490936,31.950891,123.351666,-6.064551,24.084082,85.552968,-5.576346,24.097181,86.008664,0.030000,
-6.066089,24.102125,85.552340,-11.491232,31.950535,123.353541,-6.067472,24.118356,85.551775,-5.576494,24.097194,86.008527,0.030000,
-6.066089,24.102125,85.552340,-11.491527,31.950179,123.355416,-6.064551,24.084082,85.552968,-5.576642,24.097207,86.008390,0.030000,
-6.066089,24.102125,85.552340,-11.491822,31.949824,123.357289,-6.067472,24.118356,85.551775,-5.576789,24.097221,86.008253,0.030000,
-6.066089,24.102125,85.552340,-11.492117,31.949468,123.359163,-6.064551,24.084082,85.552968,-5.576937,24.097234,86.008116,0.030000,
-6.066089,24.102125,85.552340,-11.492412,31.949113,123.361036,-6.067472,24.118356,85.551775,-5.577085,24.097247,86.007979,0.030000,
-6.066089,24.102125,85.552340,-11.492706,31.948757,123.362909,-6.064551,24.084082,85.552968,-5.577232,24.097261,86.007842,0.030000,
-6.066089,24.102125,85.552340,-11.493001,31.948402,123.364782,-6.067472,24.118356,85.551775,-5.577380,24.097274,86.007705,0.030000,
-6.066089,24.102125,85.552340,-11.493296,31.948047,123.366654,-6.064551,24.084082,85.552968,-5.577527,24.097287,86.007568,0.030000,
-6.066089,24.102125,85.552340,-11.493591,31.947692,123.368525,-6.067472,24.118356,85.551775,-5.577674,24.097300,86.007431,0.030000,
-6.066089,24.102125,85.552340,-11.493885,31.947337,123.370397,-6.064551,24.084082,85.552968,-5.577822,24.097314,86.007294,0.030000,
-6.066089,24.102125,85.552340,-11.494180,31.946982,123.372268,-6.067472,24.118356,85.551775,-5.577969,24.097327,86.007157,0.030000,
-6.066089,24.102125,85.552340,-11.494475,31.946627,123.374138,-6.064551,24.084082,85.552968,-5.578116,24.097340,86.007021,0.030000,
-6.066089,24.102125,85.552340,-11.494769,31.946272,123.376009,-6.067472,24.118356,85.551775,-5.578264,24.097353,86.006884,0.030000,
-6.066089,24.102125,85.552340,-11.495064,31.945917,123.377879,-6.064551,24.084082,85.552968,-5.578411,24.097366,86.006747,0.030000,
-6.066089,24.102125,85.552340,-11.495358,31.945562,123.379748,-6.067472,24.118356,85.551775,-5.578558,24.097380,86.006611,0.030000,
-6.066089,24.102125,85.552340,-11.495653,31.945207,123.381617,-6.064551,24.084082,85.552968,-5.578705,24.097393,86.006474,0.030000,
-6.066089,24.102125,85.552340,-11.495947,31.944853,123.383486,-6.067472,24.118356,85.551775,-5.578852,24.097406,86.006338,0.030000,
-6.066089,24.102125,85.552340,-11.496242,31.944498,123.385354,-6.064551,24.084082,85.552968,-5.578999,24.097419,86.006201,0.030000,
-6.066089,24.102125,85.552340,-11.496536,31.944144,123.387222,-6.067472,24.118356,85.551775,-5.579146,24.097432,86.006065,0.030000,
-6.066089,24.102125,85.552340,-11.496830,31.943789,123.389090,-6.064551,24.084082,85.552968,-5.579293,24.097445,86.005929,0.030000,
-6.066089,24.102125,85.552340,-11.497124,31.943435,123.390957,-6.067472,24.118356,85.551775,-5.579440,24.097458,86.005792,0.030000,
-6.066089,24.102125,85.552340,-11.497419,31.943081,123.392824,-6.064551,24.084082,85.552968,-5.579587,24.097472,86.005656,0.030000,
-6.066089,24.102125,85.552340,-11.497713,31.942727,123.394691,-6.067472,24.118356,85.551775,-5.579733,24.097485,86.005520,0.030000,
-6.066089,24.102125,85.552340,-11.498007,31.942372,123.396557,-6.064551,24.084082,85.552968,-5.579880,24.097498,86.005383,0.030000,
-6.066089,24.102125,85.552340,-11.498301,31.942018,123.398423,-6.067472,24.118356,85.551775,-5.580027,24.097511,86.005247,0.030000,
-6.066089,24.102125,85.552340,-11.498595,31.941664,123.400288,-6.064551,24.084082,85.552968,-5.580173,24.097524,86.005111,0.030000,
-6.066089,24.102125,85.552340,-11.498889,31.941310,123.402154,-6.067472,24.118356,85.551775,-5.580320,24.097537,86.004975,0.030000,
-6.066089,24.102125,85.552340,-11.499183,31.940956,123.404018,-6.064551,24.084082,85.552968,-5.580467,24.097550,86.004839,0.030000,
-6.066089,24.102125,85.552340,-11.499477,31.940603,123.405883,-6.067472,24.118356,85.551775,-5.580613,24.097563,86.004703,0.030000,
-6.066089,24.102125,85.552340,-11.499771,31.940249,123.407747,-6.064551,24.084082,85.552968,-5.580760,24.097576,86.004567,0.030000,
-6.066089,24.102125,85.552340,-11.500064,31.939895,123.409610,-6.067472,24.118356,85.551775,-5.580906,24.097589,86.004431,0.030000,
-6.066089,24.102125,85.552340,-11.500358,31.939542,123.411474,-6.064551,24.084082,85.552968,-5.581052,24.097602,86.004295,0.030000,
-6.066089,24.102125,85.552340,-11.500652,31.939188,123.413336,-6.067472,24.118356,85.551775,-5.581199,24.097615,86.004159,0.030000,
-6.066089,24.102125,85.552340,-11.500945,31.938834,123.415199,-6.064551,24.084082,85.552968,-5.581345,24.097628,86.004023,0.030000,
-6.066089,24.102125,85.552340,-11.501239,31.938481,123.417061,-6.067472,24.118356,85.551775,-5.581491,24.097641,86.003888,0.030000,
-6.066089,24.102125,85.552340,-11.501533,31.938128,123.418923,-6.064551,24.084082,85.552968,-5.581637,24.097654,86.003752,0.030000,
-6.066089,24.102125,85.552340,-11.501826,31.937774,123.420784,-6.067472,24.118356,85.551775,-5.581784,24.097667,86.003616,0.030000,
-6.066089,24.102125,85.552340,-11.502120,31.937421,123.422645,-6.064551,24.084082,85.552968,-5.581930,24.097680,86.003481,0.030000,
-6.066089,24.102125,85.552340,-11.502413,31.937068,123.424506,-6.067472,24.118356,85.551775,-5.582076,24.097693,86.003345,0.030000,
-6.066089,24.102125,85.552340,-11.502707,31.936715,123.426366,-6.064551,24.084082,85.552968,-5.582222,24.097705,86.003209,0.030000,
-6.066089,24.102125,85.552340,-11.503000,31.936362,123.428226,-6.067472,24.118356,85.551775,-5.582368,24.097718,86.003074,0.030000,
-6.066089,24.102125,85.552340,-11.503293,31.936009,123.430086,-6.064551,24.084082,85.552968,-5.582514,24.097731,86.002938,0.030000,
-6.066089,24.102125,85.552340,-11.503587,31.935656,123.431945,-6.067472,24.118356,85.551775,-5.582660,24.097744,86.002803,0.030000,
-6.066089,24.102125,85.552340,-11.503880,31.935303,123.433804,-6.064551,24.084082,85.552968,-5.582805,24.097757,86.002668,0.030000,
-6.066089,24.102125,85.552340,-11.504173,31.934951,123.435663,-6.067472,24.118356,85.551775,-5.582951,24.097770,86.002532,0.030000,
-6.066089,24.102125,85.552340,-11.504466,31.934598,123.437521,-6.064551,24.084082,85.552968,-5.583097,24.097783,86.002397,0.030000,
-6.066089,24.102125,85.552340,-11.504759,31.934245,123.439378,-6.067472,24.118356,85.551775,-5.583243,24.097795,86.002262,0.030000,
-6.066089,24.102125,85.552340,-11.505052,31.933893,123.441236,-6.064551,24.084082,85.552968,-5.583388,24.097808,86.002126,0.030000,
-6.066089,24.102125,85.552340,-11.505345,31.933540,123.443093,-6.067472,24.118356,85.551775,-5.583534,24.097821,86.001991,0.030000,
-6.066089,24.102125,85.552340,-11.505638,31.933188,123.444950,-6.064551,24.084082,85.552968,-5.583680,24.097834,86.001856,0.030000,
-6.066089,24.102125,85.552340,-11.505931,31.932835,123.446806,-6.067472,24.118356,85.551775,-5.583825,24.097847,86.001721,0.030000,
-6.066089,24.102125,85.552340,-11.506224,31.932483,123.448662,-6.064551,24.084082,85.552968,-5.583971,24.097859,86.001586,0.030000,
-6.066089,24.102125,85.552340,-11.506517,31.932131,123.450517,-6.067472,24.118356,85.551775,-5.584116,24.097872,86.001451,0.030000,
-6.066089,24.102125,85.552340,-11.506810,31.931779,123.452373,-6.064551,24.084082,85.552968,-5.584261,24.097885,86.001316,0.030000,
-6.066089,24.102125,85.552340,-11.507103,31.931427,123.454227,-6.067472,24.118356,85.551775,-5.584407,24.097898,86.001181,0.030000,
-6.066089,24.102125,85.552340,-11.507395,31.931075,123.456082,-6.064551,24.084082,85.552968,-5.584552,24.097910,86.001046,0.030000,
-6.066089,24.102125,85.552340,-11.507688,31.930723,123.457936,-6.067472,24.118356,85.551775,-5.584697,24.097923,86.000911,0.030000,
-6.066089,24.102125,85.552340,-11.507981,31.930371,123.459790,-6.064551,24.084082,85.552968,-5.584843,24.097936,86.000776,0.030000,
-6.066089,24.102125,85.552340,-11.508273,31.930019,123.461643,-6.067472,24.118356,85.551775,-5.584988,24.097949,86.000641,0.030000,
-6.066089,24.102125,85.552340,-11.508566,31.929667,123.463496,-6.064551,24.084082,85.552968,-5.585133,24.097961,86.000507,0.030000,
-6.066089,24.102125,85.552340,-11.508858,31.929316,123.465349,-6.067472,24.118356,85.551775,-5.585278,24.097974,86.000372,0.030000,
-6.066089,24.102125,85.552340,-11.509151,31.928964,123.467201,-6.064551,24.084082,85.552968,-5.585423,24.097987,86.000237,0.030000,
-6.066089,24.102125,85.552340,-11.509443,31.928612,123.469053,-6.067472,24.118356,85.551775,-5.585568,24.097999,86.000103,0.030000,
-6.066089,24.102125,85.552340,-11.509735,31.928261,123.470904,-6.064551,24.084082,85.552968,-5.585713,24.098012,85.999968,0.030000,
-6.066089,24.102125,85.552340,-11.510028,31.927910,123.472755,-6.067472,24.118356,85.551775,-5.585858,24.098025,85.999834,0.030000,
-6.066089,24.102125,85.552340,-11.510320,31.927558,123.474606,-6.064551,24.084082,85.552968,-5.586003,24.098037,85.999699,0.030000,
-6.066089,24.102125,85.552340,-11.510612,31.927207,123.476457,-6.067472,24.118356,85.551775,-5.586148,24.098050,85.999565,0.030000,
-6.066089,24.102125,85.552340,-11.510904,31.926856,123.478307,-6.064551,24.084082,85.552968,-5.586293,24.098062,85.999430,0.030000,
-6.066089,24.102125,85.552340,-11.511197,31.926505,123.480157,-6.067472,24.118356,85.551775,-5.586437,24.098075,85.999296,0.030000,
-6.066089,24.102125,85.552340,-11.511489,31.926153,123.482006,-6.064551,24.084082,85.552968,-5.586582,24.098088,85.999161,0.030000,
-6.066089,24.102125,85.552340,-11.511781,31.925802,123.483855,-6.067472,24.118356,85.551775,-5.586727,24.098100,85.999027,0.030000,
-6.066089,24.102125,85.552340,-11.512073,31.925451,123.485703,-6.064551,24.084082,85.552968,-5.586871,24.098113,85.998893,0.030000,
-6.066089,24.102125,85.552340,-11.512365,31.925101,123.487552,-6.067472,24.118356,85.551775,-5.587016,24.098125,85.998759,0.030000,
-6.066089,24.102125,85.552340,-11.512657,31.924750,123.489400,-6.064551,24.084082,85.552968,-5.587160,24.098138,85.998624,0.030000,
-6.066089,24.102125,85.552340,-11.512949,31.924399,123.491247,-6.067472,24.118356,85.551775,-5.587305,24.098150,85.998490,0.030000,
-6.066089,24.102125,85.552340,-11.513240,31.924048,123.493094,-6.064551,24.084082,85.552968,-5.587449,24.098163,85.998356,0.030000,
-6.066089,24.102125,85.552340,-11.513532,31.923698,123.494941,-6.067472,24.118356,85.551775,-5.587594,24.098175,85.998222,0.030000,
-6.066089,24.102125,85.552340,-11.513824,31.923347,123.496787,-6.064551,24.084082,85.552968,-5.587738,24.098188,85.998088,0.030000,
-6.066089,24.102125,85.552340,-11.514116,31.922997,123.498634,-6.067472,24.118356,85.551775,-5.587882,24.098200,85.997954,0.030000,
-6.066089,24.102125,85.552340,-11.514407,31.922646,123.500479,-6.064551,24.084082,85.552968,-5.588027,24.098213,85.997820,0.030000,
-6.066089,24.102125,85.552340,-11.514699,31.922296,123.502325,-6.067472,24.118356,85.551775,-5.588171,24.098225,85.997686,0.030000,
-6.066089,24.102125,85.552340,-11.514991,31.921946,123.504170,-6.064551,24.084082,85.552968,-5.588315,24.098238,85.997552,0.030000,
-6.066089,24.102125,85.552340,-11.515282,31.921595,123.506014,-6.067472,24.118356,85.551775,-5.588459,24.098250,85.997419,0.030000,
-6.066089,24.102125,85.552340,-11.515574,31.921245,123.507858,-6.064551,24.084082,85.552968,-5.588603,24.098263,85.997285,0.030000,
-6.066089,24.102125,85.552340,-11.515865,31.920895,123.509702,-6.067472,24.118356,85.551775,-5.588747,24.098275,85.997151,0.030000,
-6.066089,24.102125,85.552340,-11.516157,31.920545,123.511546,-6.064551,24.084082,85.552968,-5.588891,24.098287,85.997017,0.030000,
-6.066089,24.102125,85.552340,-11.516448,31.920195,123.513389,-6.067472,24.118356,85.551775,-5.589035,24.098300,85.996884,0.030000,
-6.066089,24.102125,85.552340,-11.516739,31.919845,123.515232,-6.064551,24.084082,85.552968,-5.589179,24.098312,85.996750,0.030000,
-6.066089,24.102125,85.552340,-11.517031,31.919495,123.517074,-6.067472,24.118356,85.551775,-5.589323,24.098325,85.996617,0.030000,
-6.066089,24.102125,85.552340,-11.517322,31.919146,123.518916,-6.064551,24.084082,85.552968,-5.589467,24.098337,85.996483,0.030000,
-6.066089,24.102125,85.552340,-11.517613,31.918796,123.520758,-6.067472,24.118356,85.551775,-5.589611,24.098349,85.996349,0.030000,
-6.066089,24.102125,85.552340,-11.517904,31.918446,123.522599,-6.064551,24.084082,85.552968,-5.589754,24.098362,85.996216,0.030000,
-6.066089,24.102125,85.552340,-11.518195,31.918097,123.524440,-6.067472,24.118356,85.551775,-5.589898,24.098374,85.996083,0.030000,
-6.066089,24.102125,85.552340,-11.518486,31.917747,123.526281,-6.064551,24.084082,85.552968,-5.590042,24.098386,85.995949,0.030000,
-6.066089,24.102125,85.552340,-11.518777,31.917398,123.528121,-6.067472,24.118356,85.551775,-5.590185,24.098399,85.995816,0.030000,
-6.066089,24.102125,85.552340,-11.519068,31.917049,123.529961,-6.064551,24.084082,85.552968,-5.590329,24.098411,85.995683,0.030000,
-6.066089,24.102125,85.552340,-11.519359,31.916699,123.531800,-6.067472,24.118356,85.551775,-5.590472,24.098423,85.995549,0.030000,
-6.066089,24.102125,85.552340,-11.519650,31.916350,123.533640,-6.064551,24.084082,85.552968,-5.590616,24.098436,85.995416,0.030000,
-6.066089,24.102125,85.552340,-11.519941,31.916001,123.535478,-6.067472,24.118356,85.551775,-5.590759,24.098448,85.995283,0.030000,
-6.066089,24.102125,85.552340,-11.520232,31.915652,123.537317,-6.064551,24.084082,85.552968,-5.590903,24.098460,85.995150,0.030000,
-6.066089,24.102125,85.552340,-11.520523,31.915303,123.539155,-6.067472,24.118356,85.551775,-5.591046,24.098472,85.995017,0.030000,
-6.066089,24.102125,85.552340,-11.520813,31.914954,123.540993,-6.064551,24.084082,85.552968,-5.591189,24.098485,85.994884,0.030000,
-6.066089,24.102125,85.552340,-11.521104,31.914605,123.542830,-6.067472,24.118356,85.551775,-5.591333,24.098497,85.994751,0.030000,
-6.066089,24.102125,85.552340,-11.521395,31.914256,123.544667,-6.064551,24.084082,85.552968,-5.591476,24.098509,85.994618,0.030000,
-6.066089,24.102125,85.552340,-11.521685,31.913907,123.546503,-6.067472,24.118356,85.551775,-5.591619,24.098521,85.994485,0.030000,
-6.066089,24.102125,85.552340,-11.521976,31.913559,123.548340,-6.064551,24.084082,85.552968,-5.591762,24.098534,85.994352,0.030000,
-6.066089,24.102125,85.552340,-11.522266,31.913210,123.550176,-6.067472,24.118356,85.551775,-5.591905,24.098546,85.994219,0.030000,
-6.066089,24.102125,85.552340,-11.522557,31.912861,123.552011,-6.064551,24.084082,85.552968,-5.592048,24.098558,85.994086,0.030000,
-6.066089,24.102125,85.552340,-11.522847,31.912513,123.553846,-6.067472,24.118356,85.551775,-5.592191,24.098570,85.993953,0.030000,
-6.066089,24.102125,85.552340,-11.523138,31.912164,123.555681,-6.064551,24.084082,85.552968,-5.592334,24.098582,85.993821,0.030000,
-6.066089,24.102125,85.552340,-11.523428,31.911816,123.557516,-6.067472,24.118356,85.551775,-5.592477,24.098594,85.993688,0.030000,
-6.066089,24.102125,85.552340,-11.523718,31.911468,123.559350,-6.064551,24.084082,85.552968,-5.592620,24.098607,85.993555,0.030000,
-6.066089,24.102125,85.552340,-11.524009,31.911120,123.561183,-6.067472,24.118356,85.551775,-5.592763,24.098619,85.993423,0.030000,
-6.066089,24.102125,85.552340,-11.524299,31.910771,123.563017,-6.064551,24.084082,85.552968,-5.592906,24.098631,85.993290,0.030000,
-6.066089,24.102125,85.552340,-11.524589,31.910423,123.564850,-6.067472,24.118356,85.551775,-5.593048,24.098643,85.993158,0.030000,
-6.066089,24.102125,85.552340,-11.524879,31.910075,123.566682,-6.064551,24.084082,85.552968,-5.593191,24.098655,85.993025,0.030000,
-6.066089,24.102125,85.552340,-11.525169,31.909727,123.568515,-6.067472,24.118356,85.551775,-5.593334,24.098667,85.992893,0.030000,
-6.066089,24.102125,85.552340,-11.525459,31.909379,123.570346,-6.064551,24.084082,85.552968,-5.593476,24.098679,85.992760,0.030000,
-6.066089,24.102125,85.552340,-11.525749,31.909031,123.572178,-6.067472,24.118356,85.551775,-5.593619,24.098691,85.992628,0.030000,
-6.066089,24.102125,85.552340,-11.526039,31.908684,123.574009,-6.064551,24.084082,85.552968,-5.593761,24.098703,85.992495,0.030000,
-6.066089,24.102125,85.552340,-11.526329,31.908336,123.575840,-6.067472,24.118356,85.551775,-5.593904,24.098715,85.992363,0.030000,
-6.066089,24.102125,85.552340,-11.526619,31.907988,123.577670,-6.064551,24.084082,85.552968,-5.594046,24.098727,85.992231,0.030000,
-6.066089,24.102125,85.552340,-11.526909,31.907641,123.579501,-6.067472,24.118356,85.551775,-5.594189,24.098739,85.992099,0.030000,
-6.066089,24.102125,85.552340,-11.527199,31.907293,123.581330,-6.064551,24.084082,85.552968,-5.594331,24.098751,85.991966,0.030000,
-6.066089,24.102125,85.552340,-11.527488,31.906946,123.583160,-6.067472,24.118356,85.551775,-5.594473,24.098763,85.991834,0.030000,
-6.066089,24.102125,85.552340,-11.527778,31.906598,123.584989,-6.064551,24.084082,85.552968,-5.594616,24.098775,85.991702,0.030000,
-6.066089,24.102125,85.552340,-11.528068,31.906251,123.586817,-6.067472,24.118356,85.551775,-5.594758,24.098787,85.991570,0.030000,
-6.066089,24.102125,85.552340,-11.528357,31.905904,123.588646,-6.064551,24.084082,85.552968,-5.594900,24.098799,85.991438,0.030000,
-6.066089,24.102125,85.552340,-11.528647,31.905557,123.590474,-6.067472,24.118356,85.551775,-5.595042,24.098811,85.991306,0.030000,
-6.066089,24.102125,85.552340,-11.528936,31.905210,123.592301,-6.064551,24.084082,85.552968,-5.595184,24.098823,85.991174,0.030000,
-6.066089,24.102125,85.552340,-11.529226,31.904863,123.594128,-6.067472,24.118356,85.551775,-5.595326,24.098835,85.991042,0.030000,
-6.066089,24.102125,85.552340,-11.529515,31.904516,123.595955,-6.064551,24.084082,85.552968,-5.595468,24.098847,85.990910,0.030000,
-6.066089,24.102125,85.552340,-11.529805,31.904169,123.597782,-6.067472,24.118356,85.551775,-5.595610,24.098859,85.990779,0.030000,
-6.066089,24.102125,85.552340,-11.530094,31.903822,123.599608,-6.064551,24.084082,85.552968,-5.595752,24.098871,85.990647,0.030000,
-6.066089,24.102125,85.552340,-11.530383,31.903475,123.601433,-6.067472,24.118356,85.551775,-5.595894,24.098883,85.990515,0.030000,
-6.066089,24.102125,85.552340,-11.530673,31.903128,123.603259,-6.064551,24.084082,85.552968,-5.596036,24.098895,85.990383,0.030000,
-6.066089,24.102125,85.552340,-11.530962,31.902782,123.605084,-6.067472,24.118356,85.551775,-5.596178,24.098907,85.990252,0.030000,
-6.066089,24.102125,85.552340,-11.531251,31.902435,123.606909,-6.064551,24.084082,85.552968,-5.596319,24.098919,85.990120,0.030000,
-6.066089,24.102125,85.552340,-11.531540,31.902089,123.608733,-6.067472,24.118356,85.551775,-5.596461,24.098931,85.989989,0.030000,
-6.066089,24.102125,85.552340,-11.531829,31.901742,123.610557,-6.064551,24.084082,85.552968,-5.596603,24.098942,85.989857,0.030000,
-6.066089,24.102125,85.552340,-11.532118,31.901396,123.612380,-6.067472,24.118356,85.551775,-5.596744,24.098954,85.989725,0.030000,
-6.066089,24.102125,85.552340,-11.532407,31.901049,123.614204,-6.064551,24.084082,85.552968,-5.596886,24.098966,85.989594,0.030000,
-6.066089,24.102125,85.552340,-11.532696,31.900703,123.616027,-6.067472,24.118356,85.551775,-5.597028,24.098978,85.989463,0.030000,
-6.066089,24.102125,85.552340,-11.532985,31.900357,123.617849,-6.064551,24.084082,85.552968,-5.597169,24.098990,85.989331,0.030000,
-6.066089,24.102125,85.552340,-11.533274,31.900011,123.619671,-6.067472,24.118356,85.551775,-5.597310,24.099002,85.989200,0.030000,
-6.066089,24.102125,85.552340,-11.533563,31.899665,123.621493,-6.064551,24.084082,85.552968,-5.597452,24.099013,85.989069,0.030000,
-6.066089,24.102125,85.552340,-11.533852,31.899319,123.623315,-6.067472,24.118356,85.551775,-5.597593,24.099025,85.988937,0.030000,
-6.066089,24.102125,85.552340,-11.534140,31.898973,123.625136,-6.064551,24.084082,85.552968,-5.597735,24.099037,85.988806,0.030000,
-6.066089,24.102125,85.552340,-11.534429,31.898627,123.626956,-6.067472,24.118356,85.551775,-5.597876,24.099049,85.988675,0.030000,
-6.066089,24.102125,85.552340,-11.534718,31.898281,123.628777,-6.064551,24.084082,85.552968,-5.598017,24.099060,85.988544,0.030000,
-6.066089,24.102125,85.552340,-11.535006,31.897935,123.630597,-6.067472,24.118356,85.551775,-5.598158,24.099072,85.988413,0.030000,
-6.066089,24.102125,85.552340,-11.535295,31.897590,123.632416,-6.064551,24.084082,85.552968,-5.598299,24.099084,85.988282,0.030000,
-6.066089,24.102125,85.552340,-11.535583,31.897244,123.634236,-6.067472,24.118356,85.551775,-5.598441,24.099096,85.988150,0.030000,
-6.066089,24.102125,85.552340,-11.535872,31.896899,123.636055,-6.064551,24.084082,85.552968,-5.598582,24.099107,85.988019,0.030000,
-6.066089,24.102125,85.552340,-11.536160,31.896553,123.637873,-6.067472,24.118356,85.551775,-5.598723,24.099119,85.987889,0.030000,
-6.066089,24.102125,85.552340,-11.536449,31.896208,123.639691,-6.064551,24.084082,85.552968,-5.598864,24.099131,85.987758,0.030000,
-6.066089,24.102125,85.552340,-11.536737,31.895862,123.641509,-6.067472,24.118356,85.551775,-5.599005,24.099142,85.987627,0.030000,
-6.066089,24.102125,85.552340,-11.537025,31.895517,123.643327,-6.064551,24.084082,85.552968,-5.599145,24.099154,85.987496,0.030000,
-6.066089,24.102125,85.552340,-11.537314,31.895172,123.645144,-6.067472,24.118356,85.551775,-5.599286,24.099166,85.987365,0.030000,
-6.066089,24.102125,85.552340,-11.537602,31.894827,123.646960,-6.064551,24.084082,85.552968,-5.599427,24.099177,85.987234,0.030000,
-6.066089,24.102125,85.552340,-11.537890,31.894482,123.648777,-6.067472,24.118356,85.551775,-5.599568,24.099189,85.987104,0.030000,
-6.066089,24.102125,85.552340,-11.538178,31.894137,123.650593,-6.064551,24.084082,85.552968,-5.599709,24.099201,85.986973,0.030000,
-6.066089,24.102125,85.552340,-11.538466,31.893792,123.652409,-6.067472,24.118356,85.551775,-5.599849,24.099212,85.986842,0.030000,
-6.066089,24.102125,85.552340,-11.538754,31.893447,123.654224,-6.064551,24.084082,85.552968,-5.599990,24.099224,85.986712,0.030000,
-6.066089,24.102125,85.552340,-11.539042,31.893102,123.656039,-6.067472,24.118356,85.551775,-5.600130,24.099236,85.986581,0.030000,
-6.066089,24.102125,85.552340,-11.539330,31.892757,123.657854,-6.064551,24.084082,85.552968,-5.600271,24.099247,85.986451,0.030000,
-6.066089,24.102125,85.552340,-11.539618,31.892413,123.659668,-6.067472,24.118356,85.551775,-5.600412,24.099259,85.986320,0.030000,
-6.066089,24.102125,85.552340,-11.539906,31.892068,123.661482,-6.064551,24.084082,85.552968,-5.600552,24.099270,85.986190,0.030000,
-6.066089,24.102125,85.552340,-11.540194,31.891723,123.663295,-6.067472,24.118356,85.551775,-5.600692,24.099282,85.986059,0.030000,
-6.066089,24.102125,85.552340,-11.540482,31.891379,123.665108,-6.064551,24.084082,85.552968,-5.600833,24.099294,85.985929,0.030000,
-6.066089,24.102125,85.552340,-11.540770,31.891034,123.666921,-6.067472,24.118356,85.551775,-5.600973,24.099305,85.985799,0.030000,
-6.066089,24.102125,85.552340,-11.541057,31.890690,123.668734,-6.064551,24.084082,85.552968,-5.601113,24.099317,85.985668,0.030000,
-6.066089,24.102125,85.552340,-11.541345,31.890346,123.670546,-6.067472,24.118356,85.551775,-5.601254,24.099328,85.985538,0.030000,
-6.066089,24.102125,85.552340,-11.541633,31.890002,123.672358,-6.064551,24.084082,85.552968,-5.601394,24.099340,85.985408,0.030000,
-6.066089,24.102125,85.552340,-11.541920,31.889657,123.674169,-6.067472,24.118356,85.551775,-5.601534,24.099351,85.985278,0.030000,
-6.066089,24.102125,85.552340,-11.542208,31.889313,123.675980,-6.064551,24.084082,85.552968,-5.601674,24.099363,85.985148,0.030000,
-6.066089,24.102125,85.552340,-11.542495,31.888969,123.677791,-6.067472,24.118356,85.551775,-5.601814,24.099374,85.985018,0.030000,
-6.066089,24.102125,85.552340,-11.542783,31.888625,123.679601,-6.064551,24.084082,85.552968,-5.601954,24.099386,85.984887,0.030000,
-6.066089,24.102125,85.552340,-11.543070,31.888281,123.681411,-6.067472,24.118356,85.551775,-5.602094,24.099397,85.984757,0.030000,
-6.066089,24.102125,85.552340,-11.543357,31.887938,123.683220,-6.064551,24.084082,85.552968,-5.602234,24.099409,85.984627,0.030000,
-6.066089,24.102125,85.552340,-11.543645,31.887594,123.685030,-6.067472,24.118356,85.551775,-5.602374,24.099420,85.984498,0.030000,
-6.066089,24.102125,85.552340,-11.543932,31.887250,123.686839,-6.064551,24.084082,85.552968,-5.602514,24.099431,85.984368,0.030000,
-6.066089,24.102125,85.552340,-11.544219,31.886906,123.688647,-6.067472,24.118356,85.551775,-5.602654,24.099443,85.984238,0.030000,
-6.066089,24.102125,85.552340,-11.544507,31.886563,123.690455,-6.064551,24.084082,85.552968,-5.602794,24.099454,85.984108,0.030000,
-6.066089,24.102125,85.552340,-11.544794,31.886219,123.692263,-6.067472,24.118356,85.551775,-5.602933,24.099466,85.983978,0.030000,
-6.066089,24.102125,85.552340,-11.545081,31.885876,123.694071,-6.064551,24.084082,85.552968,-5.603073,24.099477,85.983848,0.030000,
-6.066089,24.102125,85.552340,-11.545368,31.885533,123.695878,-6.067472,24.118356,85.551775,-5.603213,24.099488,85.983719,0.030000,
-6.066089,24.102125,85.552340,-11.545655,31.885189,123.697684,-6.064551,24.084082,85.552968,-5.603352,24.099500,85.983589,0.030000,
-6.066089,24.102125,85.552340,-11.545942,31.884846,123.699491,-6.067472,24.118356,85.551775,-5.603492,24.099511,85.983460,0.030000,
-6.066089,24.102125,85.552340,-11.546229,31.884503,123.701297,-6.064551,24.084082,85.552968,-5.603631,24.099523,85.983330,0.030000,
-6.066089,24.102125,85.552340,-11.546516,31.884160,123.703102,-6.067472,24.118356,85.551775,-5.603771,24.099534,85.983200,0.030000,
-6.066089,24.102125,85.552340,-11.546803,31.883817,123.704908,-6.064551,24.084082,85.552968,-5.603910,24.099545,85.983071,0.030000,
-6.066089,24.102125,85.552340,-11.547089,31.883474,123.706713,-6.067472,24.118356,85.551775,-5.604050,24.099557,85.982941,0.030000,
-6.066089,24.102125,85.552340,-11.547376,31.883131,123.708517,-6.064551,24.084082,85.552968,-5.604189,24.099568,85.982812,0.030000,
-6.066089,24.102125,85.552340,-11.547663,31.882788,123.710322,-6.067472,24.118356,85.551775,-5.604328,24.099579,85.982683,0.030000,
-6.066089,24.102125,85.552340,-11.547950,31.882445,123.712125,-6.064551,24.084082,85.552968,-5.604468,24.099591,85.982553,0.030000,
-6.066089,24.102125,85.552340,-11.548236,31.882102,123.713929,-6.067472,24.118356,85.551775,-5.604607,24.099602,85.982424,0.030000,
-6.066089,24.102125,85.552340,-11.548523,31.881760,123.715732,-6.064551,24.084082,85.552968,-5.604746,24.099613,85.982295,0.030000,
-6.066089,24.102125,85.552340,-11.548809,31.881417,123.717535,-6.067472,24.118356,85.551775,-5.604885,24.099624,85.982165,0.030000,
-6.066089,24.102125,85.552340,-11.549096,31.881075,123.719337,-6.064551,24.084082,85.552968,-5.605024,24.099636,85.982036,0.030000,
-6.066089,24.102125,85.552340,-11.549382,31.880732,123.721140,-6.067472,24.118356,85.551775,-5.605164,24.099647,85.981907,0.030000,
-6.066089,24.102125,85.552340,-11.549669,31.880390,123.722941,-6.064551,24.084082,85.552968,-5.605303,24.099658,85.981778,0.030000,
-6.066089,24.102125,85.552340,-11.549955,31.880047,123.724743,-6.067472,24.118356,85.551775,-5.605442,24.099669,85.981649,0.030000,
-6.066089,24.102125,85.552340,-11.550241,31.879705,123.726544,-6.064551,24.084082,85.552968,-5.605580,24.099681,85.981520,0.030000,
-6.066089,24.102125,85.552340,-11.550528,31.879363,123.728344,-6.067472,24.118356,85.551775,-5.605719,24.099692,85.981391,0.030000,
-6.066089,24.102125,85.552340,-11.550814,31.879021,123.730145,-6.064551,24.084082,85.552968,-5.605858,24.099703,85.981262,0.030000,
-6.066089,24.102125,85.552340,-11.551100,31.878679,123.731945,-6.067472,24.118356,85.551775,-5.605997,24.099714,85.981133,0.030000,
-6.066089,24.102125,85.552340,-11.551386,31.878337,123.733744,-6.064551,24.084082,85.552968,-5.606136,24.099725,85.981004,0.030000,
-6.066089,24.102125,85.552340,-11.551672,31.877995,123.735544,-6.067472,24.118356,85.551775,-5.606275,24.099737,85.980875,0.030000,
-6.066089,24.102125,85.552340,-11.551959,31.877653,123.737342,-6.064551,24.084082,85.552968,-5.606413,24.099748,85.980746,0.030000,
-6.066089,24.102125,85.552340,-11.552245,31.877311,123.739141,-6.067472,24.118356,85.551775,-5.606552,24.099759,85.980618,0.030000,
-6.066089,24.102125,85.552340,-11.552531,31.876969,123.740939,-6.064551,24.084082,85.552968,-5.606690,24.099770,85.980489,0.030000,
-6.066089,24.102125,85.552340,-11.552816,31.876628,123.742737,-6.067472,24.118356,85.551775,-5.606829,24.099781,85.980360,0.030000,
-6.066089,24.102125,85.552340,-11.553102,31.876286,123.744534,-6.064551,24.084082,85.552968,-5.606968,24.099792,85.980232,0.030000,
-6.066089,24.102125,85.552340,-11.553388,31.875944,123.746332,-6.067472,24.118356,85.551775,-5.607106,24.099803,85.980103,0.030000,
-6.066089,24.102125,85.552340,-11.553674,31.875603,123.748128,-6.064551,24.084082,85.552968,-5.607244,24.099815,85.979974,0.030000,
-6.066089,24.102125,85.552340,-11.553960,31.875261,123.749925,-6.067472,24.118356,85.551775,-5.607383,24.099826,85.979846,0.030000,
-6.066089,24.102125,85.552340,-11.554246,31.874920,123.751721,-6.064551,24.084082,85.552968,-5.607521,24.099837,85.979717,0.030000,
-6.066089,24.102125,85.552340,-11.554531,31.874579,123.753517,-6.067472,24.118356,85.551775,-5.607660,24.099848,85.979589,0.030000,
-6.066089,24.102125,85.552340,-11.554817,31.874238,123.755312,-6.064551,24.084082,85.552968,-5.607798,24.099859,85.979461,0.030000,
-6.066089,24.102125,85.552340,-11.555103,31.873896,123.757107,-6.067472,24.118356,85.551775,-5.607936,24.099870,85.979332,0.030000,
-6.066089,24.102125,85.552340,-11.555388,31.873555,123.758901,-6.064551,24.084082,85.552968,-5.608074,24.099881,85.979204,0.030000,
-6.066089,24.102125,85.552340,-11.555674,31.873214,123.760696,-6.067472,24.118356,85.551775,-5.608212,24.099892,85.979076,0.030000,
-6.066089,24.102125,85.552340,-11.555959,31.872873,123.762490,-6.064551,24.084082,85.552968,-5.608350,24.099903,85.978947,0.030000,
-6.066089,24.102125,85.552340,-11.556245,31.872532,123.764283,-6.067472,24.118356,85.551775,-5.608489,24.099914,85.978819,0.030000,
-6.066089,24.102125,85.552340,-11.556530,31.872192,123.766076,-6.064551,24.084082,85.552968,-5.608627,24.099925,85.978691,0.030000,
-6.066089,24.102125,85.552340,-11.556815,31.871851,123.767869,-6.067472,24.118356,85.551775,-5.608765,24.099936,85.978563,0.030000,
-6.066089,24.102125,85.552340,-11.557101,31.871510,123.769662,-6.064551,24.084082,85.552968,-5.608902,24.099947,85.978435,0.030000,
-6.066089,24.102125,85.552340,-11.557386,31.871169,123.771454,-6.067472,24.118356,85.551775,-5.609040,24.099958,85.978307,0.030000,
-6.066089,24.102125,85.552340,-11.557671,31.870829,123.773246,-6.064551,24.084082,85.552968,-5.609178,24.099969,85.978179,0.030000,
-6.066089,24.102125,85.552340,-11.557956,31.870488,123.775037,-6.067472,24.118356,85.551775,-5.609316,24.099980,85.978051,0.030000,
-6.066089,24.102125,85.552340,-11.558241,31.870148,123.776828,-6.064551,24.084082,85.552968,-5.609454,24.099991,85.977923,0.030000,
-6.066089,24.102125,85.552340,-11.558526,31.869807,123.778619,-6.067472,24.118356,85.551775,-5.609592,24.100002,85.977795,0.030000,
-6.066089,24.102125,85.552340,-11.558811,31.869467,123.780409,-6.064551,24.084082,85.552968,-5.609729,24.100013,85.977667,0.030000,
-6.066089,24.102125,85.552340,-11.559096,31.869127,123.782199,-6.067472,24.118356,85.551775,-5.609867,24.100024,85.977539,0.030000,
-6.066089,24.102125,85.552340,-11.559381,31.868787,123.783989,-6.064551,24.084082,85.552968,-5.610004,24.100035,85.977411,0.030000,
-6.066089,24.102125,85.552340,-11.559666,31.868447,123.785778,-6.067472,24.118356,85.551775,-5.610142,24.100046,85.977283,0.030000,
-6.066089,24.102125,85.552340,-11.559951,31.868106,123.787567,-6.064551,24.084082,85.552968,-5.610280,24.100057,85.977156,0.030000,
-6.066089,24.102125,85.552340,-11.560236,31.867766,123.789356,-6.067472,24.118356,85.551775,-5.610417,24.100068,85.977028,0.030000,
-6.066089,24.102125,85.552340,-11.560521,31.867427,123.791144,-6.064551,24.084082,85.552968,-5.610554,24.100078,85.976900,0.030000,
-6.066089,24.102125,85.552340,-11.560806,31.867087,123.792932,-6.067472,24.118356,85.551775,-5.610692,24.100089,85.976773,0.030000,
-6.066089,24.102125,85.552340,-11.561090,31.866747,123.794720,-6.064551,24.084082,85.552968,-5.610829,24.100100,85.976645,0.030000,
-6.066089,24.102125,85.552340,-11.561375,31.866407,123.796507,-6.067472,24.118356,85.551775,-5.610966,24.100111,85.976518,0.030000,
-6.066089,24.102125,85.552340,-11.561660,31.866067,123.798294,-6.064551,24.084082,85.552968,-5.611104,24.100122,85.976390,0.030000,
-6.066089,24.102125,85.552340,-11.561944,31.865728,123.800080,-6.067472,24.118356,85.551775,-5.611241,24.100133,85.976263,0.030000,
-6.066089,24.102125,85.552340,-11.562229,31.865388,123.801866,-6.064551,24.084082,85.552968,-5.611378,24.100143,85.976135,0.030000,
-6.066089,24.102125,85.552340,-11.562513,31.865049,123.803652,-6.067472,24.118356,85.551775,-5.611515,24.100154,85.976008,0.030000,
-6.066089,24.102125,85.552340,-11.562798,31.864709,123.805438,-6.064551,24.084082,85.552968,-5.611652,24.100165,85.975881,0.030000,
-6.066089,24.102125,85.552340,-11.563082,31.864370,123.807223,-6.067472,24.118356,85.551775,-5.611789,24.100176,85.975753,0.030000,
-6.066089,24.102125,85.552340,-11.563366,31.864031,123.809007,-6.064551,24.084082,85.552968,-5.611926,24.100187,85.975626,0.030000,
-6.066089,24.102125,85.552340,-11.563651,31.863692,123.810792,-6.067472,24.118356,85.551775,-5.612063,24.100197,85.975499,0.030000,
-6.066089,24.102125,85.552340,-11.563935,31.863352,123.812576,-6.064551,24.084082,85.552968,-5.612200,24.100208,85.975372,0.030000,
-6.066089,24.102125,85.552340,-11.564219,31.863013,123.814359,-6.067472,24.118356,85.551775,-5.612337,24.100219,85.975244,0.030000,
-6.066089,24.102125,85.552340,-11.564503,31.862674,123.816143,-6.064551,24.084082,85.552968,-5.612474,24.100230,85.975117,0.030000,
-6.066089,24.102125,85.552340,-11.564788,31.862335,123.817926,-6.067472,24.118356,85.551775,-5.612611,24.100240,85.974990,0.030000,
-6.066089,24.102125,85.552340,-11.565072,31.861996,123.819708,-6.064551,24.084082,85.552968,-5.612748,24.100251,85.974863,0.030000,
-6.066089,24.102125,85.552340,-11.565356,31.861658,123.821491,-6.067472,24.118356,85.551775,-5.612884,24.100262,85.974736,0.030000,
-6.066089,24.102125,85.552340,-11.565640,31.861319,123.823272,-6.064551,24.084082,85.552968,-5.613021,24.100273,85.974609,0.030000,
-6.066089,24.102125,85.552340,-11.565924,31.860980,123.825054,-6.067472,24.118356,85.551775,-5.613158,24.100283,85.974482,0.030000,
-6.066089,24.102125,85.552340,-11.566208,31.860641,123.826835,-6.064551,24.084082,85.552968,-5.613294,24.100294,85.974356,0.030000,
-6.066089,24.102125,85.552340,-11.566492,31.860303,123.828616,-6.067472,24.118356,85.551775,-5.613431,24.100305,85.974229,0.030000,
-6.066089,24.102125,85.552340,-11.566775,31.859964,123.830397,-6.064551,24.084082,85.552968,-5.613567,24.100315,85.974102,0.030000,
-6.066089,24.102125,85.552340,-11.567059,31.859626,123.832177,-6.067472,24.118356,85.551775,-5.613704,24.100326,85.973975,0.030000,
-6.066089,24.102125,85.552340,-11.567343,31.859287,123.833956,-6.064551,24.084082,85.552968,-5.613840,24.100337,85.973848,0.030000,
-6.066089,24.102125,85.552340,-11.567627,31.858949,123.835736,-6.067472,24.118356,85.551775,-5.613977,24.100347,85.973722,0.030000,
-6.066089,24.102125,85.552340,-11.567910,31.858611,123.837515,-6.064551,24.084082,85.552968,-5.614113,24.100358,85.973595,0.030000,
-6.066089,24.102125,85.552340,-11.568194,31.858273,123.839294,-6.067472,24.118356,85.551775,-5.614249,24.100369,85.973468,0.030000,
-6.066089,24.102125,85.552340,-11.568478,31.857935,123.841072,-6.064551,24.084082,85.552968,-5.614386,24.100379,85.973342,0.030000,
-6.066089,24.102125,85.552340,-11.568761,31.857596,123.842850,-6.067472,24.118356,85.551775,-5.614522,24.100390,85.973215,0.030000,
-6.066089,24.102125,85.552340,-11.569045,31.857258,123.844628,-6.064551,24.084082,85.552968,-5.614658,24.100401,85.973089,0.030000,
-6.066089,24.102125,85.552340,-11.569328,31.856921,123.846405,-6.067472,24.118356,85.551775,-5.614794,24.100411,85.972962,0.030000,
-6.066089,24.102125,85.552340,-11.569611,31.856583,123.848182,-6.064551,24.084082,85.552968,-5.614930,24.100422,85.972836,0.030000,
-6.066089,24.102125,85.552340,-11.569895,31.856245,123.849959,-6.067472,24.118356,85.551775,-5.615066,24.100432,85.972710,0.030000,
-6.066089,24.102125,85.552340,-11.570178,31.855907,123.851735,-6.064551,24.084082,85.552968,-5.615202,24.100443,85.972583,0.030000,
-6.066089,24.102125,85.552340,-11.570461,31.855569,123.853511,-6.067472,24.118356,85.551775,-5.615338,24.100453,85.972457,0.030000,
-6.066089,24.102125,85.552340,-11.570745,31.855232,123.855286,-6.064551,24.084082,85.552968,-5.615474,24.100464,85.972331,0.030000,
-6.066089,24.102125,85.552340,-11.571028,31.854894,123.857062,-6.067472,24.118356,85.551775,-5.615610,24.100474,85.972204,0.030000,
-6.066089,24.102125,85.552340,-11.571311,31.854557,123.858836,-6.064551,24.084082,85.552968,-5.615746,24.100485,85.972078,0.030000,
-6.066089,24.102125,85.552340,-11.571594,31.854219,123.860611,-6.067472,24.118356,85.551775,-5.615882,24.100496,85.971952,0.030000,
-6.066089,24.102125,85.552340,-11.571877,31.853882,123.862385,-6.064551,24.084082,85.552968,-5.616018,24.100506,85.971826,0.030000,
-6.066089,24.102125,85.552340,-11.572160,31.853545,123.864159,-6.067472,24.118356,85.551775,-5.616153,24.100517,85.971700,0.030000,
-6.066089,24.102125,85.552340,-11.572443,31.853207,123.865932,-6.064551,24.084082,85.552968,-5.616289,24.100527,85.971574,0.030000,
-6.066089,24.102125,85.552340,-11.572726,31.852870,123.867706,-6.067472,24.118356,85.551775,-5.616425,24.100537,85.971448,0.030000,
-6.066089,24.102125,85.552340,-11.573009,31.852533,123.869478,-6.064551,24.084082,85.552968,-5.616560,24.100548,85.971322,0.030000,
-6.066089,24.102125,85.552340,-11.573292,31.852196,123.871251,-6.067472,24.118356,85.551775,-5.616696,24.100558,85.971196,0.030000,
-6.066089,24.102125,85.552340,-11.573575,31.851859,123.873023,-6.064551,24.084082,85.552968,-5.616832,24.100569,85.971070,0.030000,
-6.066089,24.102125,85.552340,-11.573858,31.851522,123.874794,-6.067472,24.118356,85.551775,-5.616967,24.100579,85.970944,0.030000,
-6.066089,24.102125,85.552340,-11.574140,31.851185,123.876566,-6.064551,24.084082,85.552968,-5.617102,24.100590,85.970818,0.030000,
-6.066089,24.102125,85.552340,-11.574423,31.850849,123.878337,-6.067472,24.118356,85.551775,-5.617238,24.100600,85.970693,0.030000,
-6.066089,24.102125,85.552340,-11.574706,31.850512,123.880107,-6.064551,24.084082,85.552968,-5.617373,24.100611,85.970567,0.030000,
-6.066089,24.102125,85.552340,-11.574988,31.850175,123.881878,-6.067472,24.118356,85.551775,-5.617509,24.100621,85.970441,0.030000,
-6.066089,24.102125,85.552340,-11.575271,31.849839,123.883648,-6.064551,24.084082,85.552968,-5.617644,24.100631,85.970315,0.030000,
-6.066089,24.102125,85.552340,-11.575553,31.849502,123.885417,-6.067472,24.118356,85.551775,-5.617779,24.100642,85.970190,0.030000,
-6.066089,24.102125,85.552340,-11.575836,31.849166,123.887187,-6.064551,24.084082,85.552968,-5.617914,24.100652,85.970064,0.030000,
-6.066089,24.102125,85.552340,-11.576118,31.848829,123.888955,-6.067472,24.118356,85.551775,-5.618049,24.100663,85.969939,0.030000,
-6.066089,24.102125,85.552340,-11.576401,31.848493,123.890724,-6.064551,24.084082,85.552968,-5.618185,24.100673,85.969813,0.030000,
-6.066089,24.102125,85.552340,-11.576683,31.848157,123.892492,-6.067472,24.118356,85.551775,-5.618320,24.100683,85.969688,0.030000,
-6.066089,24.102125,85.552340,-11.576965,31.847820,123.894260,-6.064551,24.084082,85.552968,-5.618455,24.100694,85.969562,0.030000,
-6.066089,24.102125,85.552340,-11.577247,31.847484,123.896028,-6.067472,24.118356,85.551775,-5.618590,24.100704,85.969437,0.030000,
-6.066089,24.102125,85.552340,-11.577530,31.847148,123.897795,-6.064551,24.084082,85.552968,-5.618725,24.100714,85.969312,0.030000,
-6.066089,24.102125,85.552340,-11.577812,31.846812,123.899561,-6.067472,24.118356,85.551775,-5.618860,24.100725,85.969186,0.030000,
-6.066089,24.102125,85.552340,-11.578094,31.846476,123.901328,-6.064551,24.084082,85.552968,-5.618994,24.100735,85.969061,0.030000,
-6.066089,24.102125,85.552340,-11.578376,31.846140,123.903094,-6.067472,24.118356,85.551775,-5.619129,24.100745,85.968936,0.030000,
-6.066089,24.102125,85.552340,-11.578658,31.845805,123.904860,-6.064551,24.084082,85.552968,-5.619264,24.100756,85.968810,0.030000,
-6.066089,24.102125,85.552340,-11.578940,31.845469,123.906625,-6.067472,24.118356,85.551775,-5.619399,24.100766,85.968685,0.030000,
-6.066089,24.102125,85.552340,-11.579222,31.845133,123.908390,-6.064551,24.084082,85.552968,-5.619534,24.100776,85.968560,0.030000,
-6.066089,24.102125,85.552340,-11.579504,31.844798,123.910155,-6.067472,24.118356,85.551775,-5.619668,24.100786,85.968435,0.030000,
-6.066089,24.102125,85.552340,-11.579786,31.844462,123.911919,-6.064551,24.084082,85.552968,-5.619803,24.100797,85.968310,0.030000,
-6.066089,24.102125,85.552340,-11.580068,31.844126,123.913683,-6.067472,24.118356,85.551775,-5.619937,24.100807,85.968185,0.030000,
-6.066089,24.102125,85.552340,-11.580350,31.843791,123.915447,-6.064551,24.084082,85.552968,-5.620072,24.100817,85.968060,0.030000,
-6.066089,24.102125,85.552340,-11.580631,31.843456,123.917210,-6.067472,24.118356,85.551775,-5.620206,24.100827,85.967935,0.030000,
-6.066089,24.102125,85.552340,-11.580913,31.843120,123.918973,-6.064551,24.084082,85.552968,-5.620341,24.100838,85.967810,0.030000,
-6.066089,24.102125,85.552340,-11.581195,31.842785,123.920736,-6.067472,24.118356,85.551775,-5.620475,24.100848,85.967685,0.030000,
-6.066089,24.102125,85.552340,-11.581476,31.842450,123.922498,-6.064551,24.084082,85.552968,-5.620610,24.100858,85.967560,0.030000,
-6.066089,24.102125,85.552340,-11.581758,31.842115,123.924260,-6.067472,24.118356,85.551775,-5.620744,24.100868,85.967436,0.030000,
-6.066089,24.102125,85.552340,-11.582039,31.841780,123.926022,-6.064551,24.084082,85.552968,-5.620878,24.100878,85.967311,0.030000,
-6.066089,24.102125,85.552340,-11.582321,31.841445,123.927783,-6.067472,24.118356,85.551775,-5.621013,24.100889,85.967186,0.030000,
-6.066089,24.102125,85.552340,-11.582602,31.841110,123.929544,-6.064551,24.084082,85.552968,-5.621147,24.100899,85.967061,0.030000,
-6.066089,24.102125,85.552340,-11.582884,31.840775,123.931304,-6.067472,24.118356,85.551775,-5.621281,24.100909,85.966937,0.030000,
-6.066089,24.102125,85.552340,-11.583165,31.840440,123.933064,-6.064551,24.084082,85.552968,-5.621415,24.100919,85.966812,0.030000,
-6.066089,24.102125,85.552340,-11.583446,31.840105,123.934824,-6.067472,24.118356,85.551775,-5.621549,24.100929,85.966688,0.030000,
-6.066089,24.102125,85.552340,-11.583728,31.839771,123.936584,-6.064551,24.084082,85.552968,-5.621683,24.100939,85.966563,0.030000,
-6.066089,24.102125,85.552340,-11.584009,31.839436,123.938343,-6.067472,24.118356,85.551775,-5.621817,24.100949,85.966439,0.030000,
-6.066089,24.102125,85.552340,-11.584290,31.839102,123.940101,-6.064551,24.084082,85.552968,-5.621951,24.100959,85.966314,0.030000,
-6.066089,24.102125,85.552340,-11.584571,31.838767,123.941860,-6.067472,24.118356,85.551775,-5.622085,24.100970,85.966190,0.030000,
-6.066089,24.102125,85.552340,-11.584852,31.838433,123.943618,-6.064551,24.084082,85.552968,-5.622219,24.100980,85.966065,0.030000,
-6.066089,24.102125,85.552340,-11.585133,31.838098,123.945376,-6.067472,24.118356,85.551775,-5.622353,24.100990,85.965941,0.030000,
-6.066089,24.102125,85.552340,-11.585414,31.837764,123.947133,-6.064551,24.084082,85.552968,-5.622487,24.101000,85.965817,0.030000,
-6.066089,24.102125,85.552340,-11.585695,31.837430,123.948890,-6.067472,24.118356,85.551775,-5.622621,24.101010,85.965692,0.030000,
-6.066089,24.102125,85.552340,-11.585976,31.837096,123.950647,-6.064551,24.084082,85.552968,-5.622754,24.101020,85.965568,0.030000,
-6.066089,24.102125,85.552340,-11.586257,31.836762,123.952403,-6.067472,24.118356,85.551775,-5.622888,24.101030,85.965444,0.030000,
-6.066089,24.102125,85.552340,-11.586538,31.836428,123.954159,-6.064551,24.084082,85.552968,-5.623022,24.101040,85.965320,0.030000,
-6.066089,24.102125,85.552340,-11.586819,31.836094,123.955915,-6.067472,24.118356,85.551775,-5.623155,24.101050,85.965196,0.030000,
-6.066089,24.102125,85.552340,-11.587100,31.835760,123.957670,-6.064551,24.084082,85.552968,-5.623289,24.101060,85.965072,0.030000,
-6.066089,24.102125,85.552340,-11.587380,31.835426,123.959425,-6.067472,24.118356,85.551775,-5.623422,24.101070,85.964948,0.030000,
-6.066089,24.102125,85.552340,-11.587661,31.835092,123.961180,-6.064551,24.084082,85.552968,-5.623556,24.101080,85.964824,0.030000,
-6.066089,24.102125,85.552340,-11.587942,31.834758,123.962934,-6.067472,24.118356,85.551775,-5.623689,24.101090,85.964700,0.030000,
-6.066089,24.102125,85.552340,-11.588222,31.834425,123.964688,-6.064551,24.084082,85.552968,-5.623823,24.101100,85.964576,0.030000,
-6.066089,24.102125,85.552340,-11.588503,31.834091,123.966441,-6.067472,24.118356,85.551775,-5.623956,24.101110,85.964452,0.030000,
-6.066089,24.102125,85.552340,-11.588783,31.833758,123.968194,-6.064551,24.084082,85.552968,-5.624090,24.101120,85.964328,0.030000,
-6.066089,24.102125,85.552340,-11.589064,31.833424,123.969947,-6.067472,24.118356,85.551775,-5.624223,24.101130,85.964204,0.030000,
-6.066089,24.102125,85.552340,-11.589344,31.833091,123.971700,-6.064551,24.084082,85.552968,-5.624356,24.101140,85.964080,0.030000,
-6.066089,24.102125,85.552340,-11.589625,31.832757,123.973452,-6.067472,24.118356,85.551775,-5.624489,24.101150,85.963957,0.030000,
-6.066089,24.102125,85.552340,-11.589905,31.832424,123.975204,-6.064551,24.084082,85.552968,-5.624622,24.101160,85.963833,0.030000,
-6.066089,24.102125,85.552340,-11.590185,31.832091,123.976955,-6.067472,24.118356,85.551775,-5.624756,24.101170,85.963709,0.030000,
-6.066089,24.102125,85.552340,-11.590466,31.831758,123.978706,-6.064551,24.084082,85.552968,-5.624889,24.101180,85.963586,0.030000,
-6.066089,24.102125,85.552340,-11.590746,31.831425,123.980457,-6.067472,24.118356,85.551775,-5.625022,24.101190,85.963462,0.030000,
-6.066089,24.102125,85.552340,-11.591026,31.831092,123.982208,-6.064551,24.084082,85.552968,-5.625155,24.101200,85.963338,0.030000,
-6.066089,24.102125,85.552340,-11.591306,31.830759,123.983958,-6.067472,24.118356,85.551775,-5.625288,24.101209,85.963215,0.030000,
-6.066089,24.102125,85.552340,-11.591586,31.830426,123.985707,-6.064551,24.084082,85.552968,-5.625421,24.101219,85.963091,0.030000,
-6.066089,24.102125,85.552340,-11.591866,31.830093,123.987457,-6.067472,24.118356,85.551775,-5.625554,24.101229,85.962968,0.030000,
-6.066089,24.102125,85.552340,-11.592146,31.829760,123.989206,-6.064551,24.084082,85.552968,-5.625686,24.101239,85.962844,0.030000,
-6.066089,24.102125,85.552340,-11.592426,31.829428,123.990955,-6.067472,24.118356,85.551775,-5.625819,24.101249,85.962721,0.030000,
-6.066089,24.102125,85.552340,-11.592706,31.829095,123.992703,-6.064551,24.084082,85.552968,-5.625952,24.101259,85.962598,0.030000,
-6.066089,24.102125,85.552340,-11.592986,31.828762,123.994451,-6.067472,24.118356,85.551775,-5.626085,24.101269,85.962474,0.030000,
-6.066089,24.102125,85.552340,-11.593266,31.828430,123.996199,-6.064551,24.084082,85.552968,-5.626217,24.101278,85.962351,0.030000,
-6.066089,24.102125,85.552340,-11.593545,31.828097,123.997946,-6.067472,24.118356,85.551775,-5.626350,24.101288,85.962228,0.030000,
-6.066089,24.102125,85.552340,-11.593825,31.827765,123.999693,-6.064551,24.084082,85.552968,-5.626483,24.101298,85.962105,0.030000,
-6.066089,24.102125,85.552340,-11.594105,31.827433,124.001439,-6.067472,24.118356,85.551775,-5.626615,24.101308,85.961982,0.030000,
-6.066089,24.102125,85.552340,-11.594385,31.827100,124.003186,-6.064551,24.084082,85.552968,-5.626748,24.101318,85.961859,0.030000,
-6.066089,24.102125,85.552340,-11.594664,31.826768,124.004932,-6.067472,24.118356,85.551775,-5.626880,24.101327,85.961735,0.030000,
-6.066089,24.102125,85.552340,-11.594944,31.826436,124.006677,-6.064551,24.084082,85.552968,-5.627013,24.101337,85.961612,0.030000,
-6.066089,24.102125,85.552340,-11.595223,31.826104,124.008423,-6.067472,24.118356,85.551775,-5.627145,24.101347,85.961489,0.030000,
-6.066089,24.102125,85.552340,-11.595503,31.825772,124.010167,-6.064551,24.084082,85.552968,-5.627277,24.101357,85.961366,0.030000,
-6.066089,24.102125,85.552340,-11.595782,31.825440,124.011912,-6.067472,24.118356,85.551775,-5.627410,24.101367,85.961243,0.030000,
-6.066089,24.102125,85.552340,-11.596062,31.825108,124.013656,-6.064551,24.084082,85.552968,-5.627542,24.101376,85.961121,0.030000,
-6.066089,24.102125,85.552340,-11.596341,31.824776,124.015400,-6.067472,24.118356,85.551775,-5.627674,24.101386,85.960998,0.030000,
-6.066089,24.102125,85.552340,-11.596620,31.824445,124.017144,-6.064551,24.084082,85.552968,-5.627806,24.101396,85.960875,0.030000,
-6.066089,24.102125,85.552340,-11.596900,31.824113,124.018887,-6.067472,24.118356,85.551775,-5.627939,24.101405,85.960752,0.030000,
-6.066089,24.102125,85.552340,-11.597179,31.823781,124.020629,-6.064551,24.084082,85.552968,-5.628071,24.101415,85.960629,0.030000,
-6.066089,24.102125,85.552340,-11.597458,31.823450,124.022372,-6.067472,24.118356,85.551775,-5.628203,24.101425,85.960507,0.030000,
-6.066089,24.102125,85.552340,-11.597737,31.823118,124.024114,-6.064551,24.084082,85.552968,-5.628335,24.101435,85.960384,0.030000,
-6.066089,24.102125,85.552340,-11.598016,31.822787,124.025856,-6.067472,24.118356,85.551775,-5.628467,24.101444,85.960261,0.030000,
-6.066089,24.102125,85.552340,-11.598295,31.822455,124.027597,-6.064551,24.084082,85.552968,-5.628599,24.101454,85.960139,0.030000,
-6.066089,24.102125,85.552340,-11.598574,31.822124,124.029338,-6.067472,24.118356,85.551775,-5.628731,24.101464,85.960016,0.030000,
-6.066089,24.102125,85.552340,-11.598853,31.821793,124.031079,-6.064551,24.084082,85.552968,-5.628863,24.101473,85.959894,0.030000,
-6.066089,24.102125,85.552340,-11.599132,31.821462,124.032820,-6.067472,24.118356,85.551775,-5.628995,24.101483,85.959771,0.030000,
-6.066089,24.102125,85.552340,-11.599411,31.821131,124.034560,-6.064551,24.084082,85.552968,-5.629126,24.101493,85.959649,0.030000,
-6.066089,24.102125,85.552340,-11.599690,31.820800,124.036299,-6.067472,24.118356,85.551775,-5.629258,24.101502,85.959526,0.030000,
-6.066089,24.102125,85.552340,-11.599969,31.820469,124.038039,-6.064551,24.084082,85.552968,-5.629390,24.101512,85.959404,0.030000,
-6.066089,24.102125,85.552340,-11.600247,31.820138,124.039778,-6.067472,24.118356,85.551775,-5.629521,24.101521,85.959282,0.030000,
-6.066089,24.102125,85.552340,-11.600526,31.819807,124.041516,-6.064551,24.084082,85.552968,-5.629653,24.101531,85.959159,0.030000,
-6.066089,24.102125,85.552340,-11.600805,31.819476,124.043255,-6.067472,24.118356,85.551775,-5.629785,24.101541,85.959037,0.030000,
-6.066089,24.102125,85.552340,-11.601083,31.819145,124.044993,-6.064551,24.084082,85.552968,-5.629916,24.101550,85.958915,0.030000,
-6.066089,24.102125,85.552340,-11.601362,31.818815,124.046730,-6.067472,24.118356,85.551775,-5.630048,24.101560,85.958793,0.030000,
-6.066089,24.102125,85.552340,-11.601641,31.818484,124.048468,-6.064551,24.084082,85.552968,-5.630179,24.101569,85.958670,0.030000,
-6.066089,24.102125,85.552340,-11.601919,31.818153,124.050205,-6.067472,24.118356,85.551775,-5.630311,24.101579,85.958548,0.030000,
-6.066089,24.102125,85.552340,-11.602198,31.817823,124.051941,-6.064551,24.084082,85.552968,-5.630442,24.101588,85.958426,0.030000,
-6.066089,24.102125,85.552340,-11.602476,31.817493,124.053677,-6.067472,24.118356,85.551775,-5.630574,24.101598,85.958304,0.030000,
-6.066089,24.102125,85.552340,-11.602754,31.817162,124.055413,-6.064551,24.084082,85.552968,-5.630705,24.101608,85.958182,0.030000,
-6.066089,24.102125,85.552340,-11.603033,31.816832,124.057149,-6.067472,24.118356,85.551775,-5.630836,24.101617,85.958060,0.030000,
-6.066089,24.102125,85.552340,-11.603311,31.816502,124.058884,-6.064551,24.084082,85.552968,-5.630967,24.101627,85.957938,0.030000,
-6.066089,24.102125,85.552340,-11.603589,31.816171,124.060619,-6.067472,24.118356,85.551775,-5.631099,24.101636,85.957816,0.030000,
-6.066089,24.102125,85.552340,-11.603867,31.815841,124.062354,-6.064551,24.084082,85.552968,-5.631230,24.101646,85.957694,0.030000,
-6.066089,24.102125,85.552340,-11.604146,31.815511,124.064088,-6.067472,24.118356,85.551775,-5.631361,24.101655,85.957573,0.030000,
-6.066089,24.102125,85.552340,-11.604424,31.815181,124.065822,-6.064551,24.084082,85.552968,-5.631492,24.101665,85.957451,0.030000,
-6.066089,24.102125,85.552340,-11.604702,31.814851,124.067555,-6.067472,24.118356,85.551775,-5.631623,24.101674,85.957329,0.030000,
-6.066089,24.102125,85.552340,-11.604980,31.814522,124.069288,-6.064551,24.084082,85.552968,-5.631754,24.101684,85.957207,0.030000,
-6.066089,24.102125,85.552340,-11.605258,31.814192,124.071021,-6.067472,24.118356,85.551775,-5.631885,24.101693,85.957086,0.030000,
-6.066089,24.102125,85.552340,-11.605536,31.813862,124.072754,-6.064551,24.084082,85.552968,-5.632016,24.101703,85.956964,0.030000,
-6.066089,24.102125,85.552340,-11.605814,31.813532,124.074486,-6.067472,24.118356,85.551775,-5.632147,24.101712,85.956842,0.030000,
-6.066089,24.102125,85.552340,-11.606092,31.813203,124.076218,-6.064551,24.084082,85.552968,-5.632278,24.101721,85.956721,0.030000,
-6.066089,24.102125,85.552340,-11.606369,31.812873,124.077949,-6.067472,24.118356,85.551775,-5.632408,24.101731,85.956599,0.030000,
-6.066089,24.102125,85.552340,-11.606647,31.812544,124.079680,-6.064551,24.084082,85.552968,-5.632539,24.101740,85.956478,0.030000,
-6.066089,24.102125,85.552340,-11.606925,31.812214,124.081411,-6.067472,24.118356,85.551775,-5.632670,24.101750,85.956356,0.030000,
-6.066089,24.102125,85.552340,-11.607203,31.811885,124.083141,-6.064551,24.084082,85.552968,-5.632801,24.101759,85.956235,0.030000,
-6.066089,24.102125,85.552340,-11.607480,31.811556,124.084872,-6.067472,24.118356,85.551775,-5.632931,24.101768,85.956114,0.030000,
-6.066089,24.102125,85.552340,-11.607758,31.811226,124.086601,-6.064551,24.084082,85.552968,-5.633062,24.101778,85.955992,0.030000,
-6.066089,24.102125,85.552340,-11.608035,31.810897,124.088331,-6.067472,24.118356,85.551775,-5.633193,24.101787,85.955871,0.030000,
-6.066089,24.102125,85.552340,-11.608313,31.810568,124.090060,-6.064551,24.084082,85.552968,-5.633323,24.101797,85.955750,0.030000,
-6.066089,24.102125,85.552340,-11.608590,31.810239,124.091788,-6.067472,24.118356,85.551775,-5.633454,24.101806,85.955628,0.030000,
-6.066089,24.102125,85.552340,-11.608868,31.809910,124.093517,-6.064551,24.084082,85.552968,-5.633584,24.101815,85.955507,0.030000,
-6.066089,24.102125,85.552340,-11.609145,31.809581,124.095245,-6.067472,24.118356,85.551775,-5.633714,24.101825,85.955386,0.030000,
-6.066089,24.102125,85.552340,-11.609423,31.809252,124.096973,-6.064551,24.084082,85.552968,-5.633845,24.101834,85.955265,0.030000,
-6.066089,24.102125,85.552340,-11.609700,31.808924,124.098700,-6.067472,24.118356,85.551775,-5.633975,24.101843,85.955144,0.030000,
-6.066089,24.102125,85.552340,-11.609977,31.808595,124.100427,-6.064551,24.084082,85.552968,-5.634105,24.101853,85.955023,0.030000,
-6.066089,24.102125,85.552340,-11.610254,31.808266,124.102154,-6.067472,24.118356,85.551775,-5.634236,24.101862,85.954902,0.030000,
-6.066089,24.102125,85.552340,-11.610532,31.807938,124.103880,-6.064551,24.084082,85.552968,-5.634366,24.101871,85.954781,0.030000,
-6.066089,24.102125,85.552340,-11.610809,31.807609,124.105606,-6.067472,24.118356,85.551775,-5.634496,24.101881,85.954660,0.030000,
-6.066089,24.102125,85.552340,-11.611086,31.807281,124.107331,-6.064551,24.084082,85.552968,-5.634626,24.101890,85.954539,0.030000,
-6.066089,24.102125,85.552340,-11.611363,31.806952,124.109057,-6.067472,24.118356,85.551775,-5.634756,24.101899,85.954418,0.030000,
-6.066089,24.102125,85.552340,-11.611640,31.806624,124.110782,-6.064551,24.084082,85.552968,-5.634886,24.101908,85.954297,0.030000,
-6.066089,24.102125,85.552340,-11.611917,31.806296,124.112506,-6.067472,24.118356,85.551775,-5.635016,24.101918,85.954176,0.030000,
-6.066089,24.102125,85.552340,-11.612194,31.805967,124.114231,-6.064551,24.084082,85.552968,-5.635146,24.101927,85.954056,0.030000,
-6.066089,24.102125,85.552340,-11.612471,31.805639,124.115954,-6.067472,24.118356,85.551775,-5.635276,24.101936,85.953935,0.030000,
-6.066089,24.102125,85.552340,-11.612747,31.805311,124.117678,-6.064551,24.084082,85.552968,-5.635406,24.101945,85.953814,0.030000,
-6.066089,24.102125,85.552340,-11.613024,31.804983,124.119401,-6.067472,24.118356,85.551775,-5.635536,24.101955,85.953693,0.030000,
-6.066089,24.102125,85.552340,-11.613301,31.804655,124.121124,-6.064551,24.084082,85.552968,-5.635666,24.101964,85.953573,0.030000,
-6.066089,24.102125,85.552340,-11.613578,31.804327,124.122847,-6.067472,24.118356,85.551775,-5.635796,24.101973,85.953452,0.030000,
-6.066089,24.102125,85.552340,-11.613854,31.803999,124.124569,-6.064551,24.084082,85.552968,-5.635925,24.101982,85.953332,0.030000,
-6.066089,24.102125,85.552340,-11.614131,31.803672,124.126291,-6.067472,24.118356,85.551775,-5.636055,24.101991,85.953211,0.030000,
-6.066089,24.102125,85.552340,-11.614408,31.803344,124.128012,-6.064551,24.084082,85.552968,-5.636185,24.102001,85.953091,0.030000,
-6.066089,24.102125,85.552340,-11.614684,31.803016,124.129734,-6.067472,24.118356,85.551775,-5.636314,24.102010,85.952970,0.030000,
-6.066089,24.102125,85.552340,-11.614961,31.802689,124.131454,-6.064551,24.084082,85.552968,-5.636444,24.102019,85.952850,0.030000,
-6.066089,24.102125,85.552340,-11.615237,31.802361,124.133175,-6.067472,24.118356,85.551775,-5.636574,24.102028,85.952730,0.030000,
-6.066089,24.102125,85.552340,-11.615514,31.802034,124.134895,-6.064551,24.084082,85.552968,-5.636703,24.102037,85.952609,0.030000,
-6.066089,24.102125,85.552340,-11.615790,31.801706,124.136615,-6.067472,24.118356,85.551775,-5.636833,24.102046,85.952489,0.030000,
-6.066089,24.102125,85.552340,-11.616066,31.801379,124.138334,-6.064551,24.084082,85.552968,-5.636962,24.102056,85.952369,0.030000,
-6.066089,24.102125,85.552340,-11.616343,31.801052,124.140053,-6.067472,24.118356,85.551775,-5.637091,24.102065,85.952248,0.030000,
-6.066089,24.102125,85.552340,-11.616619,31.800724,124.141772,-6.064551,24.084082,85.552968,-5.637221,24.102074,85.952128,0.030000,
-6.066089,24.102125,85.552340,-11.616895,31.800397,124.143491,-6.067472,24.118356,85.551775,-5.637350,24.102083,85.952008,0.030000,
-6.066089,24.102125,85.552340,-11.617171,31.800070,124.145209,-6.064551,24.084082,85.552968,-5.637479,24.102092,85.951888,0.030000,
-6.066089,24.102125,85.552340,-11.617447,31.799743,124.146927,-6.067472,24.118356,85.551775,-5.637609,24.102101,85.951768,0.030000,
-6.066089,24.102125,85.552340,-11.617723,31.799416,124.148644,-6.064551,24.084082,85.552968,-5.637738,24.102110,85.951648,0.030000,
-6.066089,24.102125,85.552340,-11.617999,31.799089,124.150361,-6.067472,24.118356,85.551775,-5.637867,24.102119,85.951528,0.030000,
-6.066089,24.102125,85.552340,-11.618275,31.798762,124.152078,-6.064551,24.084082,85.552968,-5.637996,24.102128,85.951408,0.030000,
-6.066089,24.102125,85.552340,-11.618551,31.798436,124.153794,-6.067472,24.118356,85.551775,-5.638125,24.102137,85.951288,0.030000,
-6.066089,24.102125,85.552340,-11.618827,31.798109,124.155510,-6.064551,24.084082,85.552968,-5.638254,24.102147,85.951168,0.030000,
-6.066089,24.102125,85.552340,-11.619103,31.797782,124.157226,-6.067472,24.118356,85.551775,-5.638383,24.102156,85.951048,0.030000,
-6.066089,24.102125,85.552340,-11.619379,31.797456,124.158942,-6.064551,24.084082,85.552968,-5.638512,24.102165,85.950928,0.030000,
-6.066089,24.102125,85.552340,-11.619655,31.797129,124.160657,-6.067472,24.118356,85.551775,-5.638641,24.102174,85.950809,0.030000,
-6.066089,24.102125,85.552340,-11.619930,31.796803,124.162371,-6.064551,24.084082,85.552968,-5.638770,24.102183,85.950689,0.030000,
-6.066089,24.102125,85.552340,-11.620206,31.796476,124.164086,-6.067472,24.118356,85.551775,-5.638899,24.102192,85.950569,0.030000,
-6.066089,24.102125,85.552340,-11.620482,31.796150,124.165800,-6.064551,24.084082,85.552968,-5.639028,24.102201,85.950449,0.030000,
-6.066089,24.102125,85.552340,-11.620757,31.795824,124.167513,-6.067472,24.118356,85.551775,-5.639156,24.102210,85.950330,0.030000,
-6.066089,24.102125,85.552340,-11.621033,31.795497,124.169227,-6.064551,24.084082,85.552968,-5.639285,24.102219,85.950210,0.030000,
-6.066089,24.102125,85.552340,-11.621309,31.795171,124.170940,-6.067472,24.118356,85.551775,-5.639414,24.102228,85.950091,0.030000,
-6.066089,24.102125,85.552340,-11.621584,31.794845,124.172652,-6.064551,24.084082,85.552968,-5.639542,24.102237,85.949971,0.030000,
-6.066089,24.102125,85.552340,-11.621859,31.794519,124.174365,-6.067472,24.118356,85.551775,-5.639671,24.102246,85.949851,0.030000,
-6.066089,24.102125,85.552340,-11.622135,31.794193,124.176077,-6.064551,24.084082,85.552968,-5.639800,24.102255,85.949732,0.030000,
-6.066089,24.102125,85.552340,-11.622410,31.793867,124.177788,-6.067472,24.118356,85.551775,-5.639928,24.102264,85.949613,0.030000,
-6.066089,24.102125,85.552340,-11.622686,31.793541,124.179500,-6.064551,24.084082,85.552968,-5.640057,24.102272,85.949493,0.030000,
-6.066089,24.102125,85.552340,-11.622961,31.793216,124.181211,-6.067472,24.118356,85.551775,-5.640185,24.102281,85.949374,0.030000,
-6.066089,24.102125,85.552340,-11.623236,31.792890,124.182921,-6.064551,24.084082,85.552968,-5.640313,24.102290,85.949255,0.030000,
-6.066089,24.102125,85.552340,-11.623511,31.792564,124.184632,-6.067472,24.118356,85.551775,-5.640442,24.102299,85.949135,0.030000,
-6.066089,24.102125,85.552340,-11.623786,31.792239,124.186342,-6.064551,24.084082,85.552968,-5.640570,24.102308,85.949016,0.030000,
-6.066089,24.102125,85.552340,-11.624061,31.791913,124.188051,-6.067472,24.118356,85.551775,-5.640698,24.102317,85.948897,0.030000,
-6.066089,24.102125,85.552340,-11.624337,31.791588,124.189761,-6.064551,24.084082,85.552968,-5.640827,24.102326,85.948778,0.030000,
-6.066089,24.102125,85.552340,-11.624612,31.791262,124.191469,-6.067472,24.118356,85.551775,-5.640955,24.102335,85.948658,0.030000,
-6.066089,24.102125,85.552340,-11.624887,31.790937,124.193178,-6.064551,24.084082,85.552968,-5.641083,24.102344,85.948539,0.030000,
-6.066089,24.102125,85.552340,-11.625161,31.790612,124.194886,-6.067472,24.118356,85.551775,-5.641211,24.102353,85.948420,0.030000,
-6.066089,24.102125,85.552340,-11.625436,31.790286,124.196594,-6.064551,24.084082,85.552968,-5.641339,24.102361,85.948301,0.030000,
-6.066089,24.102125,85.552340,-11.625711,31.789961,124.198302,-6.067472,24.118356,85.551775,-5.641467,24.102370,85.948182,0.030000,
-6.066089,24.102125,85.552340,-11.625986,31.789636,124.200009,-6.064551,24.084082,85.552968,-5.641595,24.102379,85.948063,0.030000,
-6.066089,24.102125,85.552340,-11.626261,31.789311,124.201716,-6.067472,24.118356,85.551775,-5.641723,24.102388,85.947944,0.030000,
-6.066089,24.102125,85.552340,-11.626535,31.788986,124.203423,-6.064551,24.084082,85.552968,-5.641851,24.102397,85.947825,0.030000,
-6.066089,24.102125,85.552340,-11.626810,31.788661,124.205129,-6.067472,24.118356,85.551775,-5.641979,24.102406,85.947707,0.030000,
-6.066089,24.102125,85.552340,-11.627085,31.788336,124.206835,-6.064551,24.084082,85.552968,-5.642107,24.102414,85.947588,0.030000,
-6.066089,24.102125,85.552340,-11.627359,31.788012,124.208540,-6.067472,24.118356,85.551775,-5.642235,24.102423,85.947469,0.030000,
-6.066089,24.102125,85.552340,-11.627634,31.787687,124.210245,-6.064551,24.084082,85.552968,-5.642363,24.102432,85.947350,0.030000,
-6.066089,24.102125,85.552340,-11.627908,31.787362,124.211950,-6.067472,24.118356,85.551775,-5.642491,24.102441,85.947231,0.030000,
-6.066089,24.102125,85.552340,-11.628183,31.787038,124.213655,-6.064551,24.084082,85.552968,-5.642618,24.102450,85.947113,0.030000,
-6.066089,24.102125,85.552340,-11.628457,31.786713,124.215359,-6.067472,24.118356,85.551775,-5.642746,24.102458,85.946994,0.030000,
-6.066089,24.102125,85.552340,-11.628732,31.786388,124.217063,-6.064551,24.084082,85.552968,-5.642874,24.102467,85.946876,0.030000,
-6.066089,24.102125,85.552340,-11.629006,31.786064,124.218766,-6.067472,24.118356,85.551775,-5.643001,24.102476,85.946757,0.030000,
-6.066089,24.102125,85.552340,-11.629280,31.785740,124.220470,-6.064551,24.084082,85.552968,-5.643129,24.102485,85.946638,0.030000,
-6.066089,24.102125,85.552340,-11.629555,31.785415,124.222172,-6.067472,24.118356,85.551775,-5.643256,24.102493,85.946520,0.030000,
-6.066089,24.102125,85.552340,-11.629829,31.785091,124.223875,-6.064551,24.084082,85.552968,-5.643384,24.102502,85.946401,0.030000,
-6.066089,24.102125,85.552340,-11.630103,31.784767,124.225577,-6.067472,24.118356,85.551775,-5.643511,24.102511,85.946283,0.030000,
-6.066089,24.102125,85.552340,-11.630377,31.784443,124.227279,-6.064551,24.084082,85.552968,-5.643639,24.102520,85.946165,0.030000,
-6.066089,24.102125,85.552340,-11.630651,31.784119,124.228980,-6.067472,24.118356,85.551775,-5.643766,24.102528,85.946046,0.030000,
-6.066089,24.102125,85.552340,-11.630925,31.783795,124.230682,-6.064551,24.084082,85.552968,-5.643893,24.102537,85.945928,0.030000,
-6.066089,24.102125,85.552340,-11.631199,31.783471,124.232382,-6.067472,24.118356,85.551775,-5.644021,24.102546,85.945810,0.030000,
-6.066089,24.102125,85.552340,-11.631473,31.783147,124.234083,-6.064551,24.084082,85.552968,-5.644148,24.102554,85.945691,0.030000,
-6.066089,24.102125,85.552340,-11.631747,31.782823,124.235783,-6.067472,24.118356,85.551775,-5.644275,24.102563,85.945573,0.030000,
-6.066089,24.102125,85.552340,-11.632021,31.782500,124.237483,-6.064551,24.084082,85.552968,-5.644402,24.102572,85.945455,0.030000,
-6.066089,24.102125,85.552340,-11.632295,31.782176,124.239182,-6.067472,24.118356,85.551775,-5.644529,24.102580,85.945337,0.030000,
-6.066089,24.102125,85.552340,-11.632569,31.781852,124.240882,-6.064551,24.084082,85.552968,-5.644656,24.102589,85.945219,0.030000,
-6.066089,24.102125,85.552340,-11.632842,31.781529,124.242580,-6.067472,24.118356,85.551775,-5.644784,24.102598,85.945101,0.030000,
-6.066089,24.102125,85.552340,-11.633116,31.781205,124.244279,-6.064551,24.084082,85.552968,-5.644911,24.102606,85.944983,0.030000,
-6.066089,24.102125,85.552340,-11.633390,31.780882,124.245977,-6.067472,24.118356,85.551775,-5.645038,24.102615,85.944865,0.030000,
-6.066089,24.102125,85.552340,-11.633663,31.780558,124.247675,-6.064551,24.084082,85.552968,-5.645165,24.102624,85.944747,0.030000,
-6.066089,24.102125,85.552340,-11.633937,31.780235,124.249372,-6.067472,24.118356,85.551775,-5.645291,24.102632,85.944629,0.030000,
-6.066089,24.102125,85.552340,-11.634210,31.779912,124.251069,-6.064551,24.084082,85.552968,-5.645418,24.102641,85.944511,0.030000,
-6.066089,24.102125,85.552340,-11.634484,31.779589,124.252766,-6.067472,24.118356,85.551775,-5.645545,24.102649,85.944393,0.030000,
-6.066089,24.102125,85.552340,-11.634757,31.779266,124.254462,-6.064551,24.084082,85.552968,-5.645672,24.102658,85.944275,0.030000,
-6.066089,24.102125,85.552340,-11.635031,31.778943,124.256159,-6.067472,24.118356,85.551775,-5.645799,24.102667,85.944157,0.030000,
-6.066089,24.102125,85.552340,-11.635304,31.778620,124.257854,-6.064551,24.084082,85.552968,-5.645925,24.102675,85.944040,0.030000,
-6.066089,24.102125,85.552340,-11.635578,31.778297,124.259550,-6.067472,24.118356,85.551775,-5.646052,24.102684,85.943922,0.030000,
-6.066089,24.102125,85.552340,-11.635851,31.777974,124.261245,-6.064551,24.084082,85.552968,-5.646179,24.102692,85.943804,0.030000,
-6.066089,24.102125,85.552340,-11.636124,31.777651,124.262940,-6.067472,24.118356,85.551775,-5.646305,24.102701,85.943687,0.030000,
-6.066089,24.102125,85.552340,-11.636397,31.777328,124.264634,-6.064551,24.084082,85.552968,-5.646432,24.102709,85.943569,0.030000,
-6.066089,24.102125,85.552340,-11.636670,31.777006,124.266328,-6.067472,24.118356,85.551775,-5.646558,24.102718,85.943451,0.030000,
-6.066089,24.102125,85.552340,-11.636944,31.776683,124.268022,-6.064551,24.084082,85.552968,-5.646685,24.102727,85.943334,0.030000,
-6.066089,24.102125,85.552340,-11.637217,31.776360,124.269715,-6.067472,24.118356,85.551775,-5.646811,24.102735,85.943216,0.030000,
-6.066089,24.102125,85.552340,-11.637490,31.776038,124.271408,-6.064551,24.084082,85.552968,-5.646938,24.102744,85.943099,0.030000,
-6.066089,24.102125,85.552340,-11.637763,31.775715,124.273101,-6.067472,24.118356,85.551775,-5.647064,24.102752,85.942981,0.030000,
-6.066089,24.102125,85.552340,-11.638036,31.775393,124.274793,-6.064551,24.084082,85.552968,-5.647190,24.102761,85.942864,0.030000,
-6.066089,24.102125,85.552340,-11.638308,31.775071,124.276486,-6.067472,24.118356,85.551775,-5.647317,24.102769,85.942747,0.030000,
-6.066089,24.102125,85.552340,-11.638581,31.774749,124.278177,-6.064551,24.084082,85.552968,-5.647443,24.102778,85.942629,0.030000,
-6.066089,24.102125,85.552340,-11.638854,31.774426,124.279869,-6.067472,24.118356,85.551775,-5.647569,24.102786,85.942512,0.030000,
-6.066089,24.102125,85.552340,-11.639127,31.774104,124.281560,-6.064551,24.084082,85.552968,-5.647695,24.102794,85.942395,0.030000,
-6.066089,24.102125,85.552340,-11.639400,31.773782,124.283250,-6.067472,24.118356,85.551775,-5.647822,24.102803,85.942278,0.030000,
-6.066089,24.102125,85.552340,-11.639672,31.773460,124.284941,-6.064551,24.084082,85.552968,-5.647948,24.102811,85.942160,0.030000,
-6.066089,24.102125,85.552340,-11.639945,31.773138,124.286631,-6.067472,24.118356,85.551775,-5.648074,24.102820,85.942043,0.030000,
-6.066089,24.102125,85.552340,-11.640218,31.772816,124.288321,-6.064551,24.084082,85.552968,-5.648200,24.102828,85.941926,0.030000,
-6.066089,24.102125,85.552340,-11.640490,31.772495,124.290010,-6.067472,24.118356,85.551775,-5.648326,24.102837,85.941809,0.030000,
-6.066089,24.102125,85.552340,-11.640763,31.772173,124.291699,-6.064551,24.084082,85.552968,-5.648452,24.102845,85.941692,0.030000,
-6.066089,24.102125,85.552340,-11.641035,31.771851,124.293388,-6.067472,24.118356,85.551775,-5.648578,24.102854,85.941575,0.030000,
-6.066089,24.102125,85.552340,-11.641308,31.771529,124.295076,-6.064551,24.084082,85.552968,-5.648703,24.102862,85.941458,0.030000,
-6.066089,24.102125,85.552340,-11.641580,31.771208,124.296764,-6.067472,24.118356,85.551775,-5.648829,24.102870,85.941341,0.030000,
-6.066089,24.102125,85.552340,-11.641852,31.770886,124.298452,-6.064551,24.084082,85.552968,-5.648955,24.102879,85.941224,0.030000,
-6.066089,24.102125,85.552340,-11.642125,31.770565,124.300139,-6.067472,24.118356,85.551775,-5.649081,24.102887,85.941107,0.030000,
-6.066089,24.102125,85.552340,-11.642397,31.770243,124.301826,-6.064551,24.084082,85.552968,-5.649207,24.102895,85.940990,0.030000,
-6.066089,24.102125,85.552340,-11.642669,31.769922,124.303513,-6.067472,24.118356,85.551775,-5.649332,24.102904,85.940874,0.030000,
-6.066089,24.102125,85.552340,-11.642941,31.769601,124.305199,-6.064551,24.084082,85.552968,-5.649458,24.102912,85.940757,0.030000,
-6.066089,24.102125,85.552340,-11.643213,31.769280,124.306885,-6.067472,24.118356,85.551775,-5.649583,24.102921,85.940640,0.030000,
-6.066089,24.102125,85.552340,-11.643486,31.768959,124.308571,-6.064551,24.084082,85.552968,-5.649709,24.102929,85.940523,0.030000,
-6.066089,24.102125,85.552340,-11.643758,31.768637,124.310256,-6.067472,24.118356,85.551775,-5.649835,24.102937,85.940407,0.030000,
-6.066089,24.102125,85.552340,-11.644030,31.768316,124.311941,-6.064551,24.084082,85.552968,-5.649960,24.102946,85.940290,0.030000,
-6.066089,24.102125,85.552340,-11.644302,31.767996,124.313626,-6.067472,24.118356,85.551775,-5.650086,24.102954,85.940174,0.030000,
-6.066089,24.102125,85.552340,-11.644573,31.767675,124.315310,-6.064551,24.084082,85.552968,-5.650211,24.102962,85.940057,0.030000,
-6.066089,24.102125,85.552340,-11.644845,31.767354,124.316995,-6.067472,24.118356,85.551775,-5.650336,24.102971,85.939941,0.030000,
-6.066089,24.102125,85.552340,-11.645117,31.767033,124.318678,-6.064551,24.084082,85.552968,-5.650462,24.102979,85.939824,0.030000,
-6.066089,24.102125,85.552340,-11.645389,31.766712,124.320362,-6.067472,24.118356,85.551775,-5.650587,24.102987,85.939708,0.030000,
-6.066089,24.102125,85.552340,-11.645661,31.766392,124.322045,-6.064551,24.084082,85.552968,-5.650712,24.102995,85.939591,0.030000,
-6.066089,24.102125,85.552340,-11.645932,31.766071,124.323727,-6.067472,24.118356,85.551775,-5.650837,24.103004,85.939475,0.030000,
-6.066089,24.102125,85.552340,-11.646204,31.765751,124.325410,-6.064551,24.084082,85.552968,-5.650963,24.103012,85.939358,0.030000,
-6.066089,24.102125,85.552340,-11.646476,31.765430,124.327092,-6.067472,24.118356,85.551775,-5.651088,24.103020,85.939242,0.030000,
-6.066089,24.102125,85.552340,-11.646747,31.765110,124.328773,-6.064551,24.084082,85.552968,-5.651213,24.103028,85.939126,0.030000,
-6.066089,24.102125,85.552340,-11.647019,31.764789,124.330455,-6.067472,24.118356,85.551775,-5.651338,24.103037,85.939010,0.030000,
-6.066089,24.102125,85.552340,-11.647290,31.764469,124.332136,-6.064551,24.084082,85.552968,-5.651463,24.103045,85.938893,0.030000,
-6.066089,24.102125,85.552340,-11.647562,31.764149,124.333816,-6.067472,24.118356,85.551775,-5.651588,24.103053,85.938777,0.030000,
-6.066089,24.102125,85.552340,-11.647833,31.763829,124.335497,-6.064551,24.084082,85.552968,-5.651713,24.103061,85.938661,0.030000,
-6.066089,24.102125,85.552340,-11.648105,31.763509,124.337177,-6.067472,24.118356,85.551775,-5.651838,24.103070,85.938545,0.030000,
-6.066089,24.102125,85.552340,-11.648376,31.763189,124.338856,-6.064551,24.084082,85.552968,-5.651963,24.103078,85.938429,0.030000,
-6.066089,24.102125,85.552340,-11.648647,31.762869,124.340536,-6.067472,24.118356,85.551775,-5.652088,24.103086,85.938313,0.030000,
-6.066089,24.102125,85.552340,-11.648919,31.762549,124.342215,-6.064551,24.084082,85.552968,-5.652212,24.103094,85.938197,0.030000,
-6.066089,24.102125,85.552340,-11.649190,31.762229,124.343893,-6.067472,24.118356,85.551775,-5.652337,24.103102,85.938081,0.030000,
-6.066089,24.102125,85.552340,-11.649461,31.761909,124.345572,-6.064551,24.084082,85.552968,-5.652462,24.103111,85.937965,0.030000,
-6.066089,24.102125,85.552340,-11.649732,31.761589,124.347250,-6.067472,24.118356,85.551775,-5.652587,24.103119,85.937849,0.030000,
-6.066089,24.102125,85.552340,-11.650003,31.761270,124.348927,-6.064551,24.084082,85.552968,-5.652711,24.103127,85.937733,0.030000,
-6.066089,24.102125,85.552340,-11.650274,31.760950,124.350605,-6.067472,24.118356,85.551775,-5.652836,24.103135,85.937617,0.030000,
-6.066089,24.102125,85.552340,-11.650545,31.760630,124.352282,-6.064551,24.084082,85.552968,-5.652961,24.103143,85.937502,0.030000,
-6.066089,24.102125,85.552340,-11.650816,31.760311,124.353959,-6.067472,24.118356,85.551775,-5.653085,24.103151,85.937386,0.030000,
-6.066089,24.102125,85.552340,-11.651087,31.759992,124.355635,-6.064551,24.084082,85.552968,-5.653210,24.103160,85.937270,0.030000,
-6.066089,24.102125,85.552340,-11.651358,31.759672,124.357311,-6.067472,24.118356,85.551775,-5.653334,24.103168,85.937155,0.030000,
-6.066089,24.102125,85.552340,-11.651629,31.759353,124.358987,-6.064551,24.084082,85.552968,-5.653458,24.103176,85.937039,0.030000,
-6.066089,24.102125,85.552340,-11.651900,31.759034,124.360662,-6.067472,24.118356,85.551775,-5.653583,24.103184,85.936923,0.030000,
-6.066089,24.102125,85.552340,-11.652170,31.758714,124.362337,-6.064551,24.084082,85.552968,-5.653707,24.103192,85.936808,0.030000,
-6.066089,24.102125,85.552340,-11.652441,31.758395,124.364012,-6.067472,24.118356,85.551775,-5.653832,24.103200,85.936692,0.030000,
-6.066089,24.102125,85.552340,-11.652712,31.758076,124.365686,-6.064551,24.084082,85.552968,-5.653956,24.103208,85.936577,0.030000,
-6.066089,24.102125,85.552340,-11.652982,31.757757,124.367360,-6.067472,24.118356,85.551775,-5.654080,24.103216,85.936461,0.030000,
-6.066089,24.102125,85.552340,-11.653253,31.757438,124.369034,-6.064551,24.084082,85.552968,-5.654204,24.103224,85.936346,0.030000,
-6.066089,24.102125,85.552340,-11.653523,31.757119,124.370707,-6.067472,24.118356,85.551775,-5.654328,24.103232,85.936230,0.030000,
-6.066089,24.102125,85.552340,-11.653794,31.756801,124.372380,-6.064551,24.084082,85.552968,-5.654453,24.103240,85.936115,0.030000,
-6.066089,24.102125,85.552340,-11.654064,31.756482,124.374053,-6.067472,24.118356,85.551775,-5.654577,24.103248,85.936000,0.030000,
-6.066089,24.102125,85.552340,-11.654335,31.756163,124.375725,-6.064551,24.084082,85.552968,-5.654701,24.103257,85.935884,0.030000,
-6.066089,24.102125,85.552340,-11.654605,31.755845,124.377397,-6.067472,24.118356,85.551775,-5.654825,24.103265,85.935769,0.030000,
-6.066089,24.102125,85.552340,-11.654876,31.755526,124.379069,-6.064551,24.084082,85.552968,-5.654949,24.103273,85.935654,0.030000,
-6.066089,24.102125,85.552340,-11.655146,31.755207,124.380740,-6.067472,24.118356,85.551775,-5.655073,24.103281,85.935539,0.030000,
-6.066089,24.102125,85.552340,-11.655416,31.754889,124.382411,-6.064551,24.084082,85.552968,-5.655197,24.103289,85.935423,0.030000,
-6.066089,24.102125,85.552340,-11.655686,31.754571,124.384082,-6.067472,24.118356,85.551775,-5.655320,24.103297,85.935308,0.030000,
-6.066089,24.102125,85.552340,-11.655956,31.754252,124.385752,-6.064551,24.084082,85.552968,-5.655444,24.103305,85.935193,0.030000,
-6.066089,24.102125,85.552340,-11.656227,31.753934,124.387422,-6.067472,24.118356,85.551775,-5.655568,24.103313,85.935078,0.030000,
-6.066089,24.102125,85.552340,-11.656497,31.753616,124.389092,-6.064551,24.084082,85.552968,-5.655692,24.103321,85.934963,0.030000,
-6.066089,24.102125,85.552340,-11.656767,31.753298,124.390761,-6.067472,24.118356,85.551775,-5.655816,24.103329,85.934848,0.030000,
-6.066089,24.102125,85.552340,-11.657037,31.752980,124.392430,-6.064551,24.084082,85.552968,-5.655939,24.103337,85.934733,0.030000,
-6.066089,24.102125,85.552340,-11.657307,31.752662,124.394099,-6.067472,24.118356,85.551775,-5.656063,24.103345,85.934618,0.030000,
-6.066089,24.102125,85.552340,-11.657576,31.752344,124.395767,-6.064551,24.084082,85.552968,-5.656186,24.103352,85.934503,0.030000,
-6.066089,24.102125,85.552340,-11.657846,31.752026,124.397435,-6.067472,24.118356,85.551775,-5.656310,24.103360,85.934389,0.030000,
-6.066089,24.102125,85.552340,-11.658116,31.751708,124.399103,-6.064551,24.084082,85.552968,-5.656434,24.103368,85.934274,0.030000,
-6.066089,24.102125,85.552340,-11.658386,31.751390,124.400771,-6.067472,24.118356,85.551775,-5.656557,24.103376,85.934159,0.030000,
-6.066089,24.102125,85.552340,-11.658656,31.751072,124.402438,-6.064551,24.084082,85.552968,-5.656681,24.103384,85.934044,0.030000,
-6.066089,24.102125,85.552340,-11.658925,31.750755,124.404104,-6.067472,24.118356,85.551775,-5.656804,24.103392,85.933930,0.030000,
-6.066089,24.102125,85.552340,-11.659195,31.750437,124.405771,-6.064551,24.084082,85.552968,-5.656927,24.103400,85.933815,0.030000,
-6.066089,24.102125,85.552340,-11.659465,31.750120,124.407437,-6.067472,24.118356,85.551775,-5.657051,24.103408,85.933700,0.030000,
-6.066089,24.102125,85.552340,-11.659734,31.749802,124.409102,-6.064551,24.084082,85.552968,-5.657174,24.103416,85.933586,0.030000,
-6.066089,24.102125,85.552340,-11.660004,31.749485,124.410768,-6.067472,24.118356,85.551775,-5.657297,24.103424,85.933471,0.030000,
-6.066089,24.102125,85.552340,-11.660273,31.749167,124.412433,-6.064551,24.084082,85.552968,-5.657421,24.103432,85.933357,0.030000,
-6.066089,24.102125,85.552340,-11.660543,31.748850,124.414098,-6.067472,24.118356,85.551775,-5.657544,24.103439,85.933242,0.030000,
-6.066089,24.102125,85.552340,-11.660812,31.748533,124.415762,-6.064551,24.084082,85.552968,-5.657667,24.103447,85.933128,0.030000,
-6.066089,24.102125,85.552340,-11.661081,31.748216,124.417426,-6.067472,24.118356,85.551775,-5.657790,24.103455,85.933013,0.030000,
-6.066089,24.102125,85.552340,-11.661351,31.747899,124.419090,-6.064551,24.084082,85.552968,-5.657913,24.103463,85.932899,0.030000,
-6.066089,24.102125,85.552340,-11.661620,31.747582,124.420753,-6.067472,24.118356,85.551775,-5.658036,24.103471,85.932784,0.030000,
-6.066089,24.102125,85.552340,-11.661889,31.747265,124.422416,-6.064551,24.084082,85.552968,-5.658159,24.103479,85.932670,0.030000,
-6.066089,24.102125,85.552340,-11.662158,31.746948,124.424079,-6.067472,24.118356,85.551775,-5.658282,24.103487,85.932556,0.030000,
-6.066089,24.102125,85.552340,-11.662428,31.746631,124.425742,-6.064551,24.084082,85.552968,-5.658405,24.103494,85.932441,0.030000,
-6.066089,24.102125,85.552340,-11.662697,31.746314,124.427404,-6.067472,24.118356,85.551775,-5.658528,24.103502,85.932327,0.030000,
-6.066089,24.102125,85.552340,-11.662966,31.745997,124.429065,-6.064551,24.084082,85.552968,-5.658651,24.103510,85.932213,0.030000,
-6.066089,24.102125,85.552340,-11.663235,31.745681,124.430727,-6.067472,24.118356,85.551775,-5.658774,24.103518,85.932099,0.030000,
-6.066089,24.102125,85.552340,-11.663504,31.745364,124.432388,-6.064551,24.084082,85.552968,-5.658896,24.103526,85.931985,0.030000,
-6.066089,24.102125,85.552340,-11.663773,31.745047,124.434049,-6.067472,24.118356,85.551775,-5.659019,24.103533,85.931871,0.030000,
-6.066089,24.102125,85.552340,-11.664042,31.744731,124.435709,-6.064551,24.084082,85.552968,-5.659142,24.103541,85.931757,0.030000,
-6.066089,24.102125,85.552340,-11.664310,31.744415,124.437369,-6.067472,24.118356,85.551775,-5.659265,24.103549,85.931643,0.030000,
-6.066089,24.102125,85.552340,-11.664579,31.744098,124.439029,-6.064551,24.084082,85.552968,-5.659387,24.103557,85.931529,0.030000,
-6.066089,24.102125,85.552340,-11.664848,31.743782,124.440688,-6.067472,24.118356,85.551775,-5.659510,24.103564,85.931415,0.030000,
-6.066089,24.102125,85.552340,-11.665117,31.743466,124.442348,-6.064551,24.084082,85.552968,-5.659632,24.103572,85.931301,0.030000,
-6.066089,24.102125,85.552340,-11.665385,31.743149,124.444006,-6.067472,24.118356,85.551775,-5.659755,24.103580,85.931187,0.030000,
-6.066089,24.102125,85.552340,-11.665654,31.742833,124.445665,-6.064551,24.084082,85.552968,-5.659877,24.103588,85.931073,0.030000,
-6.066089,24.102125,85.552340,-11.665923,31.742517,124.447323,-6.067472,24.118356,85.551775,-5.660000,24.103595,85.930959,0.030000,
-6.066089,24.102125,85.552340,-11.666191,31.742201,124.448981,-6.064551,24.084082,85.552968,-5.660122,24.103603,85.930845,0.030000,
-6.066089,24.102125,85.552340,-11.666460,31.741885,124.450638,-6.067472,24.118356,85.551775,-5.660245,24.103611,85.930732,0.030000,
-6.066089,24.102125,85.552340,-11.666728,31.741569,124.452295,-6.064551,24.084082,85.552968,-5.660367,24.103619,85.930618,0.030000,
-6.066089,24.102125,85.552340,-11.666997,31.741253,124.453952,-6.067472,24.118356,85.551775,-5.660489,24.103626,85.930504,0.030000,
-6.066089,24.102125,85.552340,-11.667265,31.740938,124.455609,-6.064551,24.084082,85.552968,-5.660612,24.103634,85.930391,0.030000,
-6.066089,24.102125,85.552340,-11.667533,31.740622,124.457265,-6.067472,24.118356,85.551775,-5.660734,24.103642,85.930277,0.030000,
-6.066089,24.102125,85.552340,-11.667802,31.740306,124.458921,-6.064551,24.084082,85.552968,-5.660856,24.103649,85.930163,0.030000,
-6.066089,24.102125,85.552340,-11.668070,31.739991,124.460576,-6.067472,24.118356,85.551775,-5.660978,24.103657,85.930050,0.030000,
-6.066089,24.102125,85.552340,-11.668338,31.739675,124.462231,-6.064551,24.084082,85.552968,-5.661100,24.103665,85.929936,0.030000,
-6.066089,24.102125,85.552340,-11.668606,31.739360,124.463886,-6.067472,24.118356,85.551775,-5.661222,24.103672,85.929823,0.030000,
-6.066089,24.102125,85.552340,-11.668875,31.739044,124.465541,-6.064551,24.084082,85.552968,-5.661344,24.103680,85.929709,0.030000,
-6.066089,24.102125,85.552340,-11.669143,31.738729,124.467195,-6.067472,24.118356,85.551775,-5.661466,24.103688,85.929596,0.030000,
-6.066089,24.102125,85.552340,-11.669411,31.738414,124.468849,-6.064551,24.084082,85.552968,-5.661588,24.103695,85.929483,0.030000,
-6.066089,24.102125,85.552340,-11.669679,31.738099,124.470502,-6.067472,24.118356,85.551775,-5.661710,24.103703,85.929369,0.030000,
-6.066089,24.102125,85.552340,-11.669947,31.737783,124.472155,-6.064551,24.084082,85.552968,-5.661832,24.103710,85.929256,0.030000,
-6.066089,24.102125,85.552340,-11.670215,31.737468,124.473808,-6.067472,24.118356,85.551775,-5.661954,24.103718,85.929143,0.030000,
-6.066089,24.102125,85.552340,-11.670483,31.737153,124.475461,-6.064551,24.084082,85.552968,-5.662076,24.103726,85.929030,0.030000,
-6.066089,24.102125,85.552340,-11.670750,31.736838,124.477113,-6.067472,24.118356,85.551775,-5.662198,24.103733,85.928916,0.030000,
-6.066089,24.102125,85.552340,-11.671018,31.736523,124.478765,-6.064551,24.084082,85.552968,-5.662319,24.103741,85.928803,0.030000,
-6.066089,24.102125,85.552340,-11.671286,31.736208,124.480416,-6.067472,24.118356,85.551775,-5.662441,24.103748,85.928690,0.030000,
-6.066089,24.102125,85.552340,-11.671554,31.735894,124.482067,-6.064551,24.084082,85.552968,-5.662563,24.103756,85.928577,0.030000,
-6.066089,24.102125,85.552340,-11.671821,31.735579,124.483718,-6.067472,24.118356,85.551775,-5.662684,24.103764,85.928464,0.030000,
-6.066089,24.102125,85.552340,-11.672089,31.735264,124.485369,-6.064551,24.084082,85.552968,-5.662806,24.103771,85.928351,0.030000,
-6.066089,24.102125,85.552340,-11.672357,31.734950,124.487019,-6.067472,24.118356,85.551775,-5.662928,24.103779,85.928238,0.030000,
-6.066089,24.102125,85.552340,-11.672624,31.734635,124.488669,-6.064551,24.084082,85.552968,-5.663049,24.103786,85.928125,0.030000,
-6.066089,24.102125,85.552340,-11.672892,31.734321,124.490319,-6.067472,24.118356,85.551775,-5.663171,24.103794,85.928012,0.030000,
-6.066089,24.102125,85.552340,-11.673159,31.734006,124.491968,-6.064551,24.084082,85.552968,-5.663292,24.103801,85.927899,0.030000,
-6.066089,24.102125,85.552340,-11.673427,31.733692,124.493617,-6.067472,24.118356,85.551775,-5.663413,24.103809,85.927786,0.030000,
-6.066089,24.102125,85.552340,-11.673694,31.733377,124.495265,-6.064551,24.084082,85.552968,-5.663535,24.103816,85.927673,0.030000,
-6.066089,24.102125,85.552340,-11.673961,31.733063,124.496914,-6.067472,24.118356,85.551775,-5.663656,24.103824,85.927561,0.030000,
-6.066089,24.102125,85.552340,-11.674229,31.732749,124.498562,-6.064551,24.084082,85.552968,-5.663777,24.103831,85.927448,0.030000,
-6.066089,24.102125,85.552340,-11.674496,31.732435,124.500209,-6.067472,24.118356,85.551775,-5.663899,24.103839,85.927335,0.030000,
-6.066089,24.102125,85.552340,-11.674763,31.732121,124.501856,-6.064551,24.084082,85.552968,-5.664020,24.103846,85.927222,0.030000,
-6.066089,24.102125,85.552340,-11.675030,31.731807,124.503503,-6.067472,24.118356,85.551775,-5.664141,24.103854,85.927110,0.030000,
-6.066089,24.102125,85.552340,-11.675297,31.731493,124.505150,-6.064551,24.084082,85.552968,-5.664262,24.103861,85.926997,0.030000,
-6.066089,24.102125,85.552340,-11.675564,31.731179,124.506796,-6.067472,24.118356,85.551775,-5.664383,24.103869,85.926884,0.030000,
-6.066089,24.102125,85.552340,-11.675831,31.730865,124.508442,-6.064551,24.084082,85.552968,-5.664505,24.103876,85.926772,0.030000,
-6.066089,24.102125,85.552340,-11.676098,31.730551,124.510088,-6.067472,24.118356,85.551775,-5.664626,24.103884,85.926659,0.030000,
-6.066089,24.102125,85.552340,-11.676365,31.730238,124.511733,-6.064551,24.084082,85.552968,-5.664747,24.103891,85.926547,0.030000,
-6.066089,24.102125,85.552340,-11.676632,31.729924,124.513378,-6.067472,24.118356,85.551775,-5.664868,24.103899,85.926434,0.030000,
-6.066089,24.102125,85.552340,-11.676899,31.729610,124.515023,-6.064551,24.084082,85.552968,-5.664989,24.103906,85.926322,0.030000,
-6.066089,24.102125,85.552340,-11.677166,31.729297,124.516667,-6.067472,24.118356,85.551775,-5.665109,24.103914,85.926210,0.030000,
-6.066089,24.102125,85.552340,-11.677433,31.728983,124.518311,-6.064551,24.084082,85.552968,-5.665230,24.103921,85.926097,0.030000,
-6.066089,24.102125,85.552340,-11.677700,31.728670,124.519955,-6.067472,24.118356,85.551775,-5.665351,24.103928,85.925985,0.030000,
-6.066089,24.102125,85.552340,-11.677966,31.728356,124.521598,-6.064551,24.084082,85.552968,-5.665472,24.103936,85.925873,0.030000,
-6.066089,24.102125,85.552340,-11.678233,31.728043,124.523241,-6.067472,24.118356,85.551775,-5.665593,24.103943,85.925760,0.030000,
-6.066089,24.102125,85.552340,-11.678500,31.727730,124.524884,-6.064551,24.084082,85.552968,-5.665713,24.103951,85.925648,0.030000,
-6.066089,24.102125,85.552340,-11.678766,31.727417,124.526526,-6.067472,24.118356,85.551775,-5.665834,24.103958,85.925536,0.030000,
-6.066089,24.102125,85.552340,-11.679033,31.727104,124.528169,-6.064551,24.084082,85.552968,-5.665955,24.103965,85.925424,0.030000,
-6.066089,24.102125,85.552340,-11.679299,31.726791,124.529810,-6.067472,24.118356,85.551775,-5.666075,24.103973,85.925312,0.030000,
-6.066089,24.102125,85.552340,-11.679566,31.726478,124.531452,-6.064551,24.084082,85.552968,-5.666196,24.103980,85.925200,0.030000,
-6.066089,24.102125,85.552340,-11.679832,31.726165,124.533093,-6.067472,24.118356,85.551775,-5.666316,24.103987,85.925088,0.030000,
-6.066089,24.102125,85.552340,-11.680099,31.725852,124.534733,-6.064551,24.084082,85.552968,-5.666437,24.103995,85.924976,0.030000,
-6.066089,24.102125,85.552340,-11.680365,31.725539,124.536374,-6.067472,24.118356,85.551775,-5.666557,24.104002,85.924864,0.030000,
-6.066089,24.102125,85.552340,-11.680631,31.725226,124.538014,-6.064551,24.084082,85.552968,-5.666678,24.104009,85.924752,0.030000,
-6.066089,24.102125,85.552340,-11.680897,31.724914,124.539654,-6.067472,24.118356,85.551775,-5.666798,24.104017,85.924640,0.030000,
-6.066089,24.102125,85.552340,-11.681164,31.724601,124.541293,-6.064551,24.084082,85.552968,-5.666919,24.104024,85.924528,0.030000,
-6.066089,24.102125,85.552340,-11.681430,31.724288,124.542932,-6.067472,24.118356,85.551775,-5.667039,24.104031,85.924416,0.030000,
-6.066089,24.102125,85.552340,-11.681696,31.723976,124.544571,-6.064551,24.084082,85.552968,-5.667159,24.104039,85.924304,0.030000,
-6.066089,24.102125,85.552340,-11.681962,31.723663,124.546209,-6.067472,24.118356,85.551775,-5.667279,24.104046,85.924192,0.030000,
-6.066089,24.102125,85.552340,-11.682228,31.723351,124.547848,-6.064551,24.084082,85.552968,-5.667400,24.104053,85.924081,0.030000,
-6.066089,24.102125,85.552340,-11.682494,31.723039,124.549485,-6.067472,24.118356,85.551775,-5.667520,24.104061,85.923969,0.030000,
-6.066089,24.102125,85.552340,-11.682760,31.722726,124.551123,-6.064551,24.084082,85.552968,-5.667640,24.104068,85.923857,0.030000,
-6.066089,24.102125,85.552340,-11.683026,31.722414,124.552760,-6.067472,24.118356,85.551775,-5.667760,24.104075,85.923746,0.030000,
-6.066089,24.102125,85.552340,-11.683292,31.722102,124.554397,-6.064551,24.084082,85.552968,-5.667880,24.104082,85.923634,0.030000,
-6.066089,24.102125,85.552340,-11.683558,31.721790,124.556033,-6.067472,24.118356,85.551775,-5.668000,24.104090,85.923522,0.030000,
-6.066089,24.102125,85.552340,-11.683824,31.721478,124.557670,-6.064551,24.084082,85.552968,-5.668120,24.104097,85.923411,0.030000,
-6.066089,24.102125,85.552340,-11.684089,31.721166,124.559305,-6.067472,24.118356,85.551775,-5.668240,24.104104,85.923299,0.030000,
-6.066089,24.102125,85.552340,-11.684355,31.720854,124.560941,-6.064551,24.084082,85.552968,-5.668360,24.104111,85.923188,0.030000,
-6.066089,24.102125,85.552340,-11.684621,31.720542,124.562576,-6.067472,24.118356,85.551775,-5.668480,24.104119,85.923077,0.030000,
-6.066089,24.102125,85.552340,-11.684886,31.720230,124.564211,-6.064551,24.084082,85.552968,-5.668600,24.104126,85.922965,0.030000,
-6.066089,24.102125,85.552340,-11.685152,31.719919,124.565846,-6.067472,24.118356,85.551775,-5.668720,24.104133,85.922854,0.030000,
-6.066089,24.102125,85.552340,-11.685417,31.719607,124.567480,-6.064551,24.084082,85.552968,-5.668839,24.104140,85.922742,0.030000,
-6.066089,24.102125,85.552340,-11.685683,31.719295,124.569114,-6.067472,24.118356,85.551775,-5.668959,24.104148,85.922631,0.030000,
-6.066089,24.102125,85.552340,-11.685948,31.718984,124.570747,-6.064551,24.084082,85.552968,-5.669079,24.104155,85.922520,0.030000,
-6.066089,24.102125,85.552340,-11.686214,31.718672,124.572381,-6.067472,24.118356,85.551775,-5.669198,24.104162,85.922409,0.030000,
-6.066089,24.102125,85.552340,-11.686479,31.718361,124.574013,-6.064551,24.084082,85.552968,-5.669318,24.104169,85.922297,0.030000,
-6.066089,24.102125,85.552340,-11.686744,31.718049,124.575646,-6.067472,24.118356,85.551775,-5.669438,24.104176,85.922186,0.030000,
-6.066089,24.102125,85.552340,-11.687010,31.717738,124.577278,-6.064551,24.084082,85.552968,-5.669557,24.104184,85.922075,0.030000,
-6.066089,24.102125,85.552340,-11.687275,31.717427,124.578910,-6.067472,24.118356,85.551775,-5.669677,24.104191,85.921964,0.030000,
-6.066089,24.102125,85.552340,-11.687540,31.717116,124.580542,-6.064551,24.084082,85.552968,-5.669796,24.104198,85.921853,0.030000,
-6.066089,24.102125,85.552340,-11.687805,31.716805,124.582173,-6.067472,24.118356,85.551775,-5.669916,24.104205,85.921742,0.030000,
-6.066089,24.102125,85.552340,-11.688071,31.716494,124.583804,-6.064551,24.084082,85.552968,-5.670035,24.104212,85.921631,0.030000,
-6.066089,24.102125,85.552340,-11.688336,31.716183,124.585435,-6.067472,24.118356,85.551775,-5.670155,24.104219,85.921520,0.030000,
-6.066089,24.102125,85.552340,-11.688601,31.715872,124.587065,-6.064551,24.084082,85.552968,-5.670274,24.104226,85.921409,0.030000,
-6.066089,24.102125,85.552340,-11.688866,31.715561,124.588695,-6.067472,24.118356,85.551775,-5.670393,24.104234,85.921298,0.030000,
-6.066089,24.102125,85.552340,-11.689131,31.715250,124.590325,-6.064551,24.084082,85.552968,-5.670512,24.104241,85.921187,0.030000,
-6.066089,24.102125,85.552340,-11.689396,31.714939,124.591954,-6.067472,24.118356,85.551775,-5.670632,24.104248,85.921076,0.030000,
-6.066089,24.102125,85.552340,-11.689660,31.714628,124.593583,-6.064551,24.084082,85.552968,-5.670751,24.104255,85.920965,0.030000,
-6.066089,24.102125,85.552340,-11.689925,31.714318,124.595212,-6.067472,24.118356,85.551775,-5.670870,24.104262,85.920855,0.030000,
-6.066089,24.102125,85.552340,-11.690190,31.714007,124.596840,-6.064551,24.084082,85.552968,-5.670989,24.104269,85.920744,0.030000,
-6.066089,24.102125,85.552340,-11.690455,31.713697,124.598468,-6.067472,24.118356,85.551775,-5.671108,24.104276,85.920633,0.030000,
-6.066089,24.102125,85.552340,-11.690719,31.713386,124.600096,-6.064551,24.084082,85.552968,-5.671227,24.104283,85.920523,0.030000,
-6.066089,24.102125,85.552340,-11.690984,31.713076,124.601724,-6.067472,24.118356,85.551775,-5.671346,24.104290,85.920412,0.030000,
-6.066089,24.102125,85.552340,-11.691249,31.712765,124.603351,-6.064551,24.084082,85.552968,-5.671465,24.104297,85.920301,0.030000,
-6.066089,24.102125,85.552340,-11.691513,31.712455,124.604977,-6.067472,24.118356,85.551775,-5.671584,24.104304,85.920191,0.030000,
-6.066089,24.102125,85.552340,-11.691778,31.712145,124.606604,-6.064551,24.084082,85.552968,-5.671703,24.104311,85.920080,0.030000,
-6.066089,24.102125,85.552340,-11.692042,31.711835,124.608230,-6.067472,24.118356,85.551775,-5.671822,24.104319,85.919970,0.030000,
-6.066089,24.102125,85.552340,-11.692307,31.711524,124.609856,-6.064551,24.084082,85.552968,-5.671941,24.104326,85.919859,0.030000,
-6.066089,24.102125,85.552340,-11.692571,31.711214,124.611481,-6.067472,24.118356,85.551775,-5.672060,24.104333,85.919749,0.030000,
-6.066089,24.102125,85.552340,-11.692836,31.710904,124.613106,-6.064551,24.084082,85.552968,-5.672178,24.104340,85.919638,0.030000,
-6.066089,24.102125,85.552340,-11.693100,31.710594,124.614731,-6.067472,24.118356,85.551775,-5.672297,24.104347,85.919528,0.030000,
-6.066089,24.102125,85.552340,-11.693364,31.710285,124.616356,-6.064551,24.084082,85.552968,-5.672416,24.104354,85.919418,0.030000,
-6.066089,24.102125,85.552340,-11.693629,31.709975,124.617980,-6.067472,24.118356,85.551775,-5.672534,24.104361,85.919307,0.030000,
-6.066089,24.102125,85.552340,-11.693893,31.709665,124.619604,-6.064551,24.084082,85.552968,-5.672653,24.104368,85.919197,0.030000,
-6.066089,24.102125,85.552340,-11.694157,31.709355,124.621227,-6.067472,24.118356,85.551775,-5.672772,24.104375,85.919087,0.030000,
-6.066089,24.102125,85.552340,-11.694421,31.709046,124.622851,-6.064551,24.084082,85.552968,-5.672890,24.104382,85.918977,0.030000,
-6.066089,24.102125,85.552340,-11.694685,31.708736,124.624473,-6.067472,24.118356,85.551775,-5.673009,24.104389,85.918866,0.030000,
-6.066089,24.102125,85.552340,-11.694949,31.708427,124.626096,-6.064551,24.084082,85.552968,-5.673127,24.104396,85.918756,0.030000,
-6.066089,24.102125,85.552340,-11.695213,31.708117,124.627718,-6.067472,24.118356,85.551775,-5.673246,24.104403,85.918646,0.030000,
-6.066089,24.102125,85.552340,-11.695477,31.707808,124.629340,-6.064551,24.084082,85.552968,-5.673364,24.104410,85.918536,0.030000,
-6.066089,24.102125,85.552340,-11.695741,31.707498,124.630962,-6.067472,24.118356,85.551775,-5.673482,24.104416,85.918426,0.030000,
-6.066089,24.102125,85.552340,-11.696005,31.707189,124.632583,-6.064551,24.084082,85.552968,-5.673601,24.104423,85.918316,0.030000,
-6.066089,24.102125,85.552340,-11.696269,31.706880,124.634204,-6.067472,24.118356,85.551775,-5.673719,24.104430,85.918206,0.030000,
-6.066089,24.102125,85.552340,-11.696533,31.706571,124.635825,-6.064551,24.084082,85.552968,-5.673837,24.104437,85.918096,0.030000,
-6.066089,24.102125,85.552340,-11.696796,31.706262,124.637445,-6.067472,24.118356,85.551775,-5.673956,24.104444,85.917986,0.030000,
-6.066089,24.102125,85.552340,-11.697060,31.705952,124.639065,-6.064551,24.084082,85.552968,-5.674074,24.104451,85.917876,0.030000,
-6.066089,24.102125,85.552340,-11.697324,31.705643,124.640684,-6.067472,24.118356,85.551775,-5.674192,24.104458,85.917766,0.030000,
-6.066089,24.102125,85.552340,-11.697587,31.705335,124.642304,-6.064551,24.084082,85.552968,-5.674310,24.104465,85.917657,0.030000,
-6.066089,24.102125,85.552340,-11.697851,31.705026,124.643923,-6.067472,24.118356,85.551775,-5.674428,24.104472,85.917547,0.030000,
-6.066089,24.102125,85.552340,-11.698114,31.704717,124.645542,-6.064551,24.084082,85.552968,-5.674546,24.104479,85.917437,0.030000,
-6.066089,24.102125,85.552340,-11.698378,31.704408,124.647160,-6.067472,24.118356,85.551775,-5.674664,24.104486,85.917327,0.030000,
-6.066089,24.102125,85.552340,-11.698641,31.704099,124.648778,-6.064551,24.084082,85.552968,-5.674782,24.104492,85.917218,0.030000,
-6.066089,24.102125,85.552340,-11.698905,31.703791,124.650396,-6.067472,24.118356,85.551775,-5.674900,24.104499,85.917108,0.030000,
-6.066089,24.102125,85.552340,-11.699168,31.703482,124.652013,-6.064551,24.084082,85.552968,-5.675018,24.104506,85.916998,0.030000,
-6.066089,24.102125,85.552340,-11.699431,31.703174,124.653630,-6.067472,24.118356,85.551775,-5.675136,24.104513,85.916889,0.030000,
-6.066089,24.102125,85.552340,-11.699695,31.702865,124.655247,-6.064551,24.084082,85.552968,-5.675254,24.104520,85.916779,0.030000,
-6.066089,24.102125,85.552340,-11.699958,31.702557,124.656863,-6.067472,24.118356,85.551775,-5.675371,24.104527,85.916670,0.030000,
-6.066089,24.102125,85.552340,-11.700221,31.702249,124.658479,-6.064551,24.084082,85.552968,-5.675489,24.104534,85.916560,0.030000,
-6.066089,24.102125,85.552340,-11.700484,31.701940,124.660095,-6.067472,24.118356,85.551775,-5.675607,24.104540,85.916451,0.030000,
-6.066089,24.102125,85.552340,-11.700747,31.701632,124.661711,-6.064551,24.084082,85.552968,-5.675725,24.104547,85.916341,0.030000,
-6.066089,24.102125,85.552340,-11.701011,31.701324,124.663326,-6.067472,24.118356,85.551775,-5.675842,24.104554,85.916232,0.030000,
-6.066089,24.102125,85.552340,-11.701274,31.701016,124.664941,-6.064551,24.084082,85.552968,-5.675960,24.104561,85.916123,0.030000,
-6.066089,24.102125,85.552340,-11.701537,31.700708,124.666555,-6.067472,24.118356,85.551775,-5.676078,24.104568,85.916013,0.030000,
-6.066089,24.102125,85.552340,-11.701800,31.700400,124.668169,-6.064551,24.084082,85.552968,-5.676195,24.104574,85.915904,0.030000,
-6.066089,24.102125,85.552340,-11.702062,31.700092,124.669783,-6.067472,24.118356,85.551775,-5.676313,24.104581,85.915795,0.030000,
-6.066089,24.102125,85.552340,-11.702325,31.699784,124.671397,-6.064551,24.084082,85.552968,-5.676430,24.104588,85.915686,0.030000,
-6.066089,24.102125,85.552340,-11.702588,31.699476,124.673010,-6.067472,24.118356,85.551775,-5.676547,24.104595,85.915576,0.030000,
-6.066089,24.102125,85.552340,-11.702851,31.699168,124.674623,-6.064551,24.084082,85.552968,-5.676665,24.104602,85.915467,0.030000,
-6.066089,24.102125,85.552340,-11.703114,31.698861,124.676235,-6.067472,24.118356,85.551775,-5.676782,24.104608,85.915358,0.030000,
-6.066089,24.102125,85.552340,-11.703376,31.698553,124.677848,-6.064551,24.084082,85.552968,-5.676900,24.104615,85.915249,0.030000,
-6.066089,24.102125,85.552340,-11.703639,31.698246,124.679460,-6.067472,24.118356,85.551775,-5.677017,24.104622,85.915140,0.030000,
-6.066089,24.102125,85.552340,-11.703902,31.697938,124.681071,-6.064551,24.084082,85.552968,-5.677134,24.104629,85.915031,0.030000,
-6.066089,24.102125,85.552340,-11.704164,31.697631,124.682683,-6.067472,24.118356,85.551775,-5.677251,24.104635,85.914922,0.030000,
-6.066089,24.102125,85.552340,-11.704427,31.697323,124.684294,-6.064551,24.084082,85.552968,-5.677369,24.104642,85.914813,0.030000,
-6.066089,24.102125,85.552340,-11.704689,31.697016,124.685904,-6.067472,24.118356,85.551775,-5.677486,24.104649,85.914704,0.030000,
-6.066089,24.102125,85.552340,-11.704952,31.696709,124.687515,-6.064551,24.084082,85.552968,-5.677603,24.104656,85.914595,0.030000,
-6.066089,24.102125,85.552340,-11.705214,31.696401,124.689125,-6.067472,24.118356,85.551775,-5.677720,24.104662,85.914486,0.030000,
-6.066089,24.102125,85.552340,-11.705477,31.696094,124.690734,-6.064551,24.084082,85.552968,-5.677837,24.104669,85.914378,0.030000,
-6.066089,24.102125,85.552340,-11.705739,31.695787,124.692344,-6.067472,24.118356,85.551775,-5.677954,24.104676,85.914269,0.030000,
-6.066089,24.102125,85.552340,-11.706001,31.695480,124.693953,-6.064551,24.084082,85.552968,-5.678071,24.104682,85.914160,0.030000,
-6.066089,24.102125,85.552340,-11.706264,31.695173,124.695561,-6.067472,24.118356,85.551775,-5.678188,24.104689,85.914051,0.030000,
-6.066089,24.102125,85.552340,-11.706526,31.694866,124.697170,-6.064551,24.084082,85.552968,-5.678305,24.104696,85.913943,0.030000,
-6.066089,24.102125,85.552340,-11.706788,31.694559,124.698778,-6.067472,24.118356,85.551775,-5.678422,24.104702,85.913834,0.030000,
-6.066089,24.102125,85.552340,-11.707050,31.694253,124.700386,-6.064551,24.084082,85.552968,-5.678539,24.104709,85.913725,0.030000,
-6.066089,24.102125,85.552340,-11.707312,31.693946,124.701993,-6.067472,24.118356,85.551775,-5.678655,24.104716,85.913617,0.030000,
-6.066089,24.102125,85.552340,-11.707574,31.693639,124.703600,-6.064551,24.084082,85.552968,-5.678772,24.104722,85.913508,0.030000,
-6.066089,24.102125,85.552340,-11.707836,31.693333,124.705207,-6.067472,24.118356,85.551775,-5.678889,24.104729,85.913400,0.030000,
-6.066089,24.102125,85.552340,-11.708098,31.693026,124.706813,-6.064551,24.084082,85.552968,-5.679006,24.104736,85.913291,0.030000,
-6.066089,24.102125,85.552340,-11.708360,31.692720,124.708420,-6.067472,24.118356,85.551775,-5.679122,24.104742,85.913183,0.030000,
-6.066089,24.102125,85.552340,-11.708622,31.692413,124.710026,-6.064551,24.084082,85.552968,-5.679239,24.104749,85.913074,0.030000,
-6.066089,24.102125,85.552340,-11.708884,31.692107,124.711631,-6.067472,24.118356,85.551775,-5.679355,24.104756,85.912966,0.030000,
-6.066089,24.102125,85.552340,-11.709146,31.691800,124.713236,-6.064551,24.084082,85.552968,-5.679472,24.104762,85.912857,0.030000,
-6.066089,24.102125,85.552340,-11.709407,31.691494,124.714841,-6.067472,24.118356,85.551775,-5.679589,24.104769,85.912749,0.030000,
-6.066089,24.102125,85.552340,-11.709669,31.691188,124.716446,-6.064551,24.084082,85.552968,-5.679705,24.104775,85.912641,0.030000,
-6.066089,24.102125,85.552340,-11.709931,31.690882,124.718050,-6.067472,24.118356,85.551775,-5.679821,24.104782,85.912533,0.030000,
-6.066089,24.102125,85.552340,-11.710192,31.690576,124.719654,-6.064551,24.084082,85.552968,-5.679938,24.104789,85.912424,0.030000,
-6.066089,24.102125,85.552340,-11.710454,31.690270,124.721257,-6.067472,24.118356,85.551775,-5.680054,24.104795,85.912316,0.030000,
-6.066089,24.102125,85.552340,-11.710715,31.689964,124.722861,-6.064551,24.084082,85.552968,-5.680171,24.104802,85.912208,0.030000,
-6.066089,24.102125,85.552340,-11.710977,31.689658,124.724464,-6.067472,24.118356,85.551775,-5.680287,24.104808,85.912100,0.030000,
-6.066089,24.102125,85.552340,-11.711238,31.689352,124.726066,-6.064551,24.084082,85.552968,-5.680403,24.104815,85.911992,0.030000,
-6.066089,24.102125,85.552340,-11.711500,31.689046,124.727669,-6.067472,24.118356,85.551775,-5.680519,24.104821,85.911884,0.030000,
-6.066089,24.102125,85.552340,-11.711761,31.688740,124.729271,-6.064551,24.084082,85.552968,-5.680636,24.104828,85.911776,0.030000,
-6.066089,24.102125,85.552340,-11.712023,31.688435,124.730872,-6.067472,24.118356,85.551775,-5.680752,24.104835,85.911668,0.030000,
-6.066089,24.102125,85.552340,-11.712284,31.688129,124.732474,-6.064551,24.084082,85.552968,-5.680868,24.104841,85.911560,0.030000,
-6.066089,24.102125,85.552340,-11.712545,31.687824,124.734075,-6.067472,24.118356,85.551775,-5.680984,24.104848,85.911452,0.030000,
-6.066089,24.102125,85.552340,-11.712806,31.687518,124.735676,-6.064551,24.084082,85.552968,-5.681100,24.104854,85.911344,0.030000,
-6.066089,24.102125,85.552340,-11.713067,31.687213,124.737276,-6.067472,24.118356,85.551775,-5.681216,24.104861,85.911236,0.030000,
-6.066089,24.102125,85.552340,-11.713329,31.686907,124.738876,-6.064551,24.084082,85.552968,-5.681332,24.104867,85.911128,0.030000,
-6.066089,24.102125,85.552340,-11.713590,31.686602,124.740476,-6.067472,24.118356,85.551775,-5.681448,24.104874,85.911020,0.030000,
-6.066089,24.102125,85.552340,-11.713851,31.686297,124.742075,-6.064551,24.084082,85.552968,-5.681564,24.104880,85.910912,0.030000,
-6.066089,24.102125,85.552340,-11.714112,31.685991,124.743675,-6.067472,24.118356,85.551775,-5.681680,24.104887,85.910805,0.030000,
-6.066089,24.102125,85.552340,-11.714373,31.685686,124.745273,-6.064551,24.084082,85.552968,-5.681796,24.104893,85.910697,0.030000,
-6.066089,24.102125,85.552340,-11.714634,31.685381,124.746872,-6.067472,24.118356,85.551775,-5.681912,24.104900,85.910589,0.030000,
-6.066089,24.102125,85.552340,-11.714894,31.685076,124.748470,-6.064551,24.084082,85.552968,-5.682027,24.104906,85.910482,0.030000,
-6.066089,24.102125,85.552340,-11.715155,31.684771,124.750068,-6.067472,24.118356,85.551775,-5.682143,24.104913,85.910374,0.030000,
-6.066089,24.102125,85.552340,-11.715416,31.684466,124.751665,-6.064551,24.084082,85.552968,-5.682259,24.104919,85.910266,0.030000,
-6.066089,24.102125,85.552340,-11.715677,31.684161,124.753263,-6.067472,24.118356,85.551775,-5.682374,24.104926,85.910159,0.030000,
-6.066089,24.102125,85.552340,-11.715938,31.683857,124.754860,-6.064551,24.084082,85.552968,-5.682490,24.104932,85.910051,0.030000,
-6.066089,24.102125,85.552340,-11.716198,31.683552,124.756456,-6.067472,24.118356,85.551775,-5.682606,24.104938,85.909944,0.030000,
-6.066089,24.102125,85.552340,-11.716459,31.683247,124.758053,-6.064551,24.084082,85.552968,-5.682721,24.104945,85.909836,0.030000,
-6.066089,24.102125,85.552340,-11.716719,31.682943,124.759648,-6.067472,24.118356,85.551775,-5.682837,24.104951,85.909729,0.030000,
-6.066089,24.102125,85.552340,-11.716980,31.682638,124.761244,-6.064551,24.084082,85.552968,-5.682952,24.104958,85.909621,0.030000,
-6.066089,24.102125,85.552340,-11.717241,31.682334,124.762839,-6.067472,24.118356,85.551775,-5.683068,24.104964,85.909514,0.030000,
-6.066089,24.102125,85.552340,-11.717501,31.682029,124.764434,-6.064551,24.084082,85.552968,-5.683183,24.104971,85.909407,0.030000,
-6.066089,24.102125,85.552340,-11.717761,31.681725,124.766029,-6.067472,24.118356,85.551775,-5.683299,24.104977,85.909300,0.030000,
-6.066089,24.102125,85.552340,-11.718022,31.681420,124.767623,-6.064551,24.084082,85.552968,-5.683414,24.104983,85.909192,0.030000,
-6.066089,24.102125,85.552340,-11.718282,31.681116,124.769218,-6.067472,24.118356,85.551775,-5.683529,24.104990,85.909085,0.030000,
-6.066089,24.102125,85.552340,-11.718542,31.680812,124.770811,-6.064551,24.084082,85.552968,-5.683645,24.104996,85.908978,0.030000,
-6.066089,24.102125,85.552340,-11.718803,31.680508,124.772405,-6.067472,24.118356,85.551775,-5.683760,24.105003,85.908871,0.030000,
-6.066089,24.102125,85.552340,-11.719063,31.680204,124.773998,-6.064551,24.084082,85.552968,-5.683875,24.105009,85.908763,0.030000,
-6.066089,24.102125,85.552340,-11.719323,31.679900,124.775591,-6.067472,24.118356,85.551775,-5.683990,24.105015,85.908656,0.030000,
-6.066089,24.102125,85.552340,-11.719583,31.679596,124.777183,-6.064551,24.084082,85.552968,-5.684105,24.105022,85.908549,0.030000,
-6.066089,24.102125,85.552340,-11.719843,31.679292,124.778775,-6.067472,24.118356,85.551775,-5.684221,24.105028,85.908442,0.030000,
-6.066089,24.102125,85.552340,-11.720103,31.678988,124.780367,-6.064551,24.084082,85.552968,-5.684336,24.105034,85.908335,0.030000,
-6.066089,24.102125,85.552340,-11.720363,31.678684,124.781959,-6.067472,24.118356,85.551775,-5.684451,24.105041,85.908228,0.030000,
-6.066089,24.102125,85.552340,-11.720623,31.678380,124.783550,-6.064551,24.084082,85.552968,-5.684566,24.105047,85.908121,0.030000,
-6.066089,24.102125,85.552340,-11.720883,31.678077,124.785141,-6.067472,24.118356,85.551775,-5.684681,24.105053,85.908014,0.030000,
-6.066089,24.102125,85.552340,-11.721143,31.677773,124.786731,-6.064551,24.084082,85.552968,-5.684796,24.105060,85.907908,0.030000,
-6.066089,24.102125,85.552340,-11.721403,31.677469,124.788321,-6.067472,24.118356,85.551775,-5.684911,24.105066,85.907801,0.030000,
-6.066089,24.102125,85.552340,-11.721663,31.677166,124.789911,-6.064551,24.084082,85.552968,-5.685025,24.105072,85.907694,0.030000,
-6.066089,24.102125,85.552340,-11.721923,31.676863,124.791501,-6.067472,24.118356,85.551775,-5.685140,24.105079,85.907587,0.030000,
-6.066089,24.102125,85.552340,-11.722182,31.676559,124.793090,-6.064551,24.084082,85.552968,-5.685255,24.105085,85.907480,0.030000,
-6.066089,24.102125,85.552340,-11.722442,31.676256,124.794679,-6.067472,24.118356,85.551775,-5.685370,24.105091,85.907374,0.030000,
-6.066089,24.102125,85.552340,-11.722702,31.675953,124.796268,-6.064551,24.084082,85.552968,-5.685485,24.105098,85.907267,0.030000,
-6.066089,24.102125,85.552340,-11.722961,31.675649,124.797856,-6.067472,24.118356,85.551775,-5.685599,24.105104,85.907160,0.030000,
-6.066089,24.102125,85.552340,-11.723221,31.675346,124.799444,-6.064551,24.084082,85.552968,-5.685714,24.105110,85.907054,0.030000,
-6.066089,24.102125,85.552340,-11.723480,31.675043,124.801032,-6.067472,24.118356,85.551775,-5.685829,24.105116,85.906947,0.030000,
-6.066089,24.102125,85.552340,-11.723740,31.674740,124.802619,-6.064551,24.084082,85.552968,-5.685943,24.105123,85.906841,0.030000,
-6.066089,24.102125,85.552340,-11.723999,31.674437,124.804206,-6.067472,24.118356,85.551775,-5.686058,24.105129,85.906734,0.030000,
-6.066089,24.102125,85.552340,-11.724259,31.674134,124.805793,-6.064551,24.084082,85.552968,-5.686172,24.105135,85.906628,0.030000,
-6.066089,24.102125,85.552340,-11.724518,31.673831,124.807380,-6.067472,24.118356,85.551775,-5.686287,24.105141,85.906521,0.030000,
-6.066089,24.102125,85.552340,-11.724777,31.673528,124.808966,-6.064551,24.084082,85.552968,-5.686401,24.105148,85.906415,0.030000,
-6.066089,24.102125,85.552340,-11.725037,31.673226,124.810552,-6.067472,24.118356,85.551775,-5.686516,24.105154,85.906308,0.030000,
-6.066089,24.102125,85.552340,-11.725296,31.672923,124.812137,-6.064551,24.084082,85.552968,-5.686630,24.105160,85.906202,0.030000,
-6.066089,24.102125,85.552340,-11.725555,31.672620,124.813722,-6.067472,24.118356,85.551775,-5.686744,24.105166,85.906096,0.030000,
-6.066089,24.102125,85.552340,-11.725814,31.672318,124.815307,-6.064551,24.084082,85.552968,-5.686859,24.105173,85.905989,0.030000,
-6.066089,24.102125,85.552340,-11.726073,31.672015,124.816892,-6.067472,24.118356,85.551775,-5.686973,24.105179,85.905883,0.030000,
-6.066089,24.102125,85.552340,-11.726332,31.671713,124.818476,-6.064551,24.084082,85.552968,-5.687087,24.105185,85.905777,0.030000,
-6.066089,24.102125,85.552340,-11.726591,31.671410,124.820060,-6.067472,24.118356,85.551775,-5.687201,24.105191,85.905671,0.030000,
-6.066089,24.102125,85.552340,-11.726850,31.671108,124.821644,-6.064551,24.084082,85.552968,-5.687316,24.105197,85.905564,0.030000,
-6.066089,24.102125,85.552340,-11.727109,31.670806,124.823227,-6.067472,24.118356,85.551775,-5.687430,24.105203,85.905458,0.030000,
-6.066089,24.102125,85.552340,-11.727368,31.670504,124.824810,-6.064551,24.084082,85.552968,-5.687544,24.105210,85.905352,0.030000,
-6.066089,24.102125,85.552340,-11.727627,31.670201,124.826392,-6.067472,24.118356,85.551775,-5.687658,24.105216,85.905246,0.030000,
-6.066089,24.102125,85.552340,-11.727886,31.669899,124.827975,-6.064551,24.084082,85.552968,-5.687772,24.105222,85.905140,0.030000,
-6.066089,24.102125,85.552340,-11.728145,31.669597,124.829557,-6.067472,24.118356,85.551775,-5.687886,24.105228,85.905034,0.030000,
-6.066089,24.102125,85.552340,-11.728403,31.669295,124.831139,-6.064551,24.084082,85.552968,-5.688000,24.105234,85.904928,0.030000,
-6.066089,24.102125,85.552340,-11.728662,31.668993,124.832720,-6.067472,24.118356,85.551775,-5.688114,24.105240,85.904822,0.030000,
-6.066089,24.102125,85.552340,-11.728921,31.668692,124.834301,-6.064551,24.084082,85.552968,-5.688228,24.105247,85.904716,0.030000,
-6.066089,24.102125,85.552340,-11.729179,31.668390,124.835882,-6.067472,24.118356,85.551775,-5.688342,24.105253,85.904610,0.030000,
-6.066089,24.102125,85.552340,-11.729438,31.668088,124.837462,-6.064551,24.084082,85.552968,-5.688456,24.105259,85.904504,0.030000,
-6.066089,24.102125,85.552340,-11.729696,31.667786,124.839042,-6.067472,24.118356,85.551775,-5.688569,24.105265,85.904399,0.030000,
-6.066089,24.102125,85.552340,-11.729955,31.667485,124.840622,-6.064551,24.084082,85.552968,-5.688683,24.105271,85.904293,0.030000,
-6.066089,24.102125,85.552340,-11.730213,31.667183,124.842202,-6.067472,24.118356,85.551775,-5.688797,24.105277,85.904187,0.030000,
-6.066089,24.102125,85.552340,-11.730472,31.666882,124.843781,-6.064551,24.084082,85.552968,-5.688911,24.105283,85.904081,0.030000,
-6.066089,24.102125,85.552340,-11.730730,31.666580,124.845360,-6.067472,24.118356,85.551775,-5.689024,24.105289,85.903976,0.030000,
-6.066089,24.102125,85.552340,-11.730988,31.666279,124.846938,-6.064551,24.084082,85.552968,-5.689138,24.105296,85.903870,0.030000,
-6.066089,24.102125,85.552340,-11.731247,31.665977,124.848517,-6.067472,24.118356,85.551775,-5.689251,24.105302,85.903764,0.030000,
-6.066089,24.102125,85.552340,-11.731505,31.665676,124.850094,-6.064551,24.084082,85.552968,-5.689365,24.105308,85.903659,0.030000,
-6.066089,24.102125,85.552340,-11.731763,31.665375,124.851672,-6.067472,24.118356,85.551775,-5.689478,24.105314,85.903553,0.030000,
-6.066089,24.102125,85.552340,-11.732021,31.665074,124.853249,-6.064551,24.084082,85.552968,-5.689592,24.105320,85.903448,0.030000,
-6.066089,24.102125,85.552340,-11.732279,31.664772,124.854826,-6.067472,24.118356,85.551775,-5.689705,24.105326,85.903342,0.030000,
-6.066089,24.102125,85.552340,-11.732537,31.664471,124.856403,-6.064551,24.084082,85.552968,-5.689819,24.105332,85.903237,0.030000,
-6.066089,24.102125,85.552340,-11.732795,31.664170,124.857979,-6.067472,24.118356,85.551775,-5.689932,24.105338,85.903131,0.030000,
-6.066089,24.102125,85.552340,-11.733053,31.663869,124.859555,-6.064551,24.084082,85.552968,-5.690046,24.105344,85.903026,0.030000,
-6.066089,24.102125,85.552340,-11.733311,31.663569,124.861131,-6.067472,24.118356,85.551775,-5.690159,24.105350,85.902920,0.030000,
-6.066089,24.102125,85.552340,-11.733569,31.663268,124.862707,-6.064551,24.084082,85.552968,-5.690272,24.105356,85.902815,0.030000,
-6.066089,24.102125,85.552340,-11.733827,31.662967,124.864282,-6.067472,24.118356,85.551775,-5.690385,24.105362,85.902710,0.030000,
-6.066089,24.102125,85.552340,-11.734085,31.662666,124.865856,-6.064551,24.084082,85.552968,-5.690499,24.105368,85.902604,0.030000,
-6.066089,24.102125,85.552340,-11.734343,31.662366,124.867431,-6.067472,24.118356,85.551775,-5.690612,24.105374,85.902499,0.030000,
-6.066089,24.102125,85.552340,-11.734600,31.662065,124.869005,-6.064551,24.084082,85.552968,-5.690725,24.105380,85.902394,0.030000,
-6.066089,24.102125,85.552340,-11.734858,31.661765,124.870579,-6.067472,24.118356,85.551775,-5.690838,24.105386,85.902289,0.030000,
-6.066089,24.102125,85.552340,-11.735116,31.661464,124.872153,-6.064551,24.084082,85.552968,-5.690951,24.105392,85.902184,0.030000,
-6.066089,24.102125,85.552340,-11.735373,31.661164,124.873726,-6.067472,24.118356,85.551775,-5.691064,24.105398,85.902078,0.030000,
-6.066089,24.102125,85.552340,-11.735631,31.660863,124.875299,-6.064551,24.084082,85.552968,-5.691177,24.105404,85.901973,0.030000,
-6.066089,24.102125,85.552340,-11.735888,31.660563,124.876871,-6.067472,24.118356,85.551775,-5.691290,24.105410,85.901868,0.030000,
-6.066089,24.102125,85.552340,-11.736146,31.660263,124.878444,-6.064551,24.084082,85.552968,-5.691403,24.105416,85.901763,0.030000,
-6.066089,24.102125,85.552340,-11.736403,31.659963,124.880015,-6.067472,24.118356,85.551775,-5.691516,24.105422,85.901658,0.030000,
-6.066089,24.102125,85.552340,-11.736661,31.659662,124.881587,-6.064551,24.084082,85.552968,-5.691629,24.105428,85.901553,0.030000,
-6.066089,24.102125,85.552340,-11.736918,31.659362,124.883158,-6.067472,24.118356,85.551775,-5.691742,24.105434,85.901448,0.030000,
-6.066089,24.102125,85.552340,-11.737175,31.659062,124.884729,-6.064551,24.084082,85.552968,-5.691855,24.105440,85.901344,0.030000,
-6.066089,24.102125,85.552340,-11.737433,31.658762,124.886300,-6.067472,24.118356,85.551775,-5.691967,24.105446,85.901239,0.030000,
-6.066089,24.102125,85.552340,-11.737690,31.658462,124.887871,-6.064551,24.084082,85.552968,-5.692080,24.105452,85.901134,0.030000,
-6.066089,24.102125,85.552340,-11.737947,31.658163,124.889441,-6.067472,24.118356,85.551775,-5.692193,24.105458,85.901029,0.030000,
-6.066089,24.102125,85.552340,-11.738204,31.657863,124.891010,-6.064551,24.084082,85.552968,-5.692306,24.105464,85.900924,0.030000,
-6.066089,24.102125,85.552340,-11.738462,31.657563,124.892580,-6.067472,24.118356,85.551775,-5.692418,24.105470,85.900819,0.030000,
-6.066089,24.102125,85.552340,-11.738719,31.657263,124.894149,-6.064551,24.084082,85.552968,-5.692531,24.105475,85.900715,0.030000,
-6.066089,24.102125,85.552340,-11.738976,31.656964,124.895718,-6.067472,24.118356,85.551775,-5.692643,24.105481,85.900610,0.030000,
-6.066089,24.102125,85.552340,-11.739233,31.656664,124.897286,-6.064551,24.084082,85.552968,-5.692756,24.105487,85.900505,0.030000,
-6.066089,24.102125,85.552340,-11.739490,31.656365,124.898855,-6.067472,24.118356,85.551775,-5.692868,24.105493,85.900401,0.030000,
-6.066089,24.102125,85.552340,-11.739746,31.656065,124.900423,-6.064551,24.084082,85.552968,-5.692981,24.105499,85.900296,0.030000,
-6.066089,24.102125,85.552340,-11.740003,31.655766,124.901990,-6.067472,24.118356,85.551775,-5.693093,24.105505,85.900192,0.030000,
-6.066089,24.102125,85.552340,-11.740260,31.655467,124.903557,-6.064551,24.084082,85.552968,-5.693206,24.105511,85.900087,0.030000,
-6.066089,24.102125,85.552340,-11.740517,31.655167,124.905124,-6.067472,24.118356,85.551775,-5.693318,24.105517,85.899983,0.030000,
-6.066089,24.102125,85.552340,-11.740774,31.654868,124.906691,-6.064551,24.084082,85.552968,-5.693430,24.105523,85.899878,0.030000,
-6.066089,24.102125,85.552340,-11.741030,31.654569,124.908257,-6.067472,24.118356,85.551775,-5.693543,24.105528,85.899774,0.030000,
-6.066089,24.102125,85.552340,-11.741287,31.654270,124.909823,-6.064551,24.084082,85.552968,-5.693655,24.105534,85.899669,0.030000,
-6.066089,24.102125,85.552340,-11.741544,31.653971,124.911389,-6.067472,24.118356,85.551775,-5.693767,24.105540,85.899565,0.030000,
-6.066089,24.102125,85.552340,-11.741800,31.653672,124.912954,-6.064551,24.084082,85.552968,-5.693879,24.105546,85.899461,0.030000,
-6.066089,24.102125,85.552340,-11.742057,31.653373,124.914519,-6.067472,24.118356,85.551775,-5.693991,24.105552,85.899356,0.030000,
-6.066089,24.102125,85.552340,-11.742313,31.653074,124.916084,-6.064551,24.084082,85.552968,-5.694104,24.105558,85.899252,0.030000,
-6.066089,24.102125,85.552340,-11.742570,31.652775,124.917649,-6.067472,24.118356,85.551775,-5.694216,24.105563,85.899148,0.030000,
-6.066089,24.102125,85.552340,-11.742826,31.652477,124.919213,-6.064551,24.084082,85.552968,-5.694328,24.105569,85.899044,0.030000,
-6.066089,24.102125,85.552340,-11.743083,31.652178,124.920777,-6.067472,24.118356,85.551775,-5.694440,24.105575,85.898939,0.030000,
-6.066089,24.102125,85.552340,-11.743339,31.651879,124.922340,-6.064551,24.084082,85.552968,-5.694552,24.105581,85.898835,0.030000,
-6.066089,24.102125,85.552340,-11.743595,31.651581,124.923903,-6.067472,24.118356,85.551775,-5.694664,24.105587,85.898731,0.030000,
-6.066089,24.102125,85.552340,-11.743852,31.651282,124.925466,-6.064551,24.084082,85.552968,-5.694776,24.105593,85.898627,0.030000,
-6.066089,24.102125,85.552340,-11.744108,31.650984,124.927029,-6.067472,24.118356,85.551775,-5.694888,24.105598,85.898523,0.030000,
-6.066089,24.102125,85.552340,-11.744364,31.650685,124.928591,-6.064551,24.084082,85.552968,-5.694999,24.105604,85.898419,0.030000,
-6.066089,24.102125,85.552340,-11.744620,31.650387,124.930153,-6.067472,24.118356,85.551775,-5.695111,24.105610,85.898315,0.030000,
-6.066089,24.102125,85.552340,-11.744876,31.650089,124.931715,-6.064551,24.084082,85.552968,-5.695223,24.105616,85.898211,0.030000,
-6.066089,24.102125,85.552340,-11.745132,31.649791,124.933276,-6.067472,24.118356,85.551775,-5.695335,24.105621,85.898107,0.030000,
-6.066089,24.102125,85.552340,-11.745388,31.649492,124.934837,-6.064551,24.084082,85.552968,-5.695446,24.105627,85.898003,0.030000,
-6.066089,24.102125,85.552340,-11.745644,31.649194,124.936398,-6.067472,24.118356,85.551775,-5.695558,24.105633,85.897899,0.030000,
-6.066089,24.102125,85.552340,-11.745900,31.648896,124.937958,-6.064551,24.084082,85.552968,-5.695670,24.105639,85.897796,0.030000,
-6.066089,24.102125,85.552340,-11.746156,31.648598,124.939518,-6.067472,24.118356,85.551775,-5.695781,24.105644,85.897692,0.030000,
-6.066089,24.102125,85.552340,-11.746412,31.648300,124.941078,-6.064551,24.084082,85.552968,-5.695893,24.105650,85.897588,0.030000,
-6.066089,24.102125,85.552340,-11.746668,31.648002,124.942638,-6.067472,24.118356,85.551775,-5.696005,24.105656,85.897484,0.030000,
-6.066089,24.102125,85.552340,-11.746923,31.647705,124.944197,-6.064551,24.084082,85.552968,-5.696116,24.105662,85.897380,0.030000,
-6.066089,24.102125,85.552340,-11.747179,31.647407,124.945756,-6.067472,24.118356,85.551775,-5.696228,24.105667,85.897277,0.030000,
-6.066089,24.102125,85.552340,-11.747435,31.647109,124.947314,-6.064551,24.084082,85.552968,-5.696339,24.105673,85.897173,0.030000,
-6.066089,24.102125,85.552340,-11.747690,31.646812,124.948872,-6.067472,24.118356,85.551775,-5.696450,24.105679,85.897070,0.030000,
-6.066089,24.102125,85.552340,-11.747946,31.646514,124.950430,-6.064551,24.084082,85.552968,-5.696562,24.105684,85.896966,0.030000,
-6.066089,24.102125,85.552340,-11.748202,31.646216,124.951988,-6.067472,24.118356,85.551775,-5.696673,24.105690,85.896862,0.030000,
-6.066089,24.102125,85.552340,-11.748457,31.645919,124.953545,-6.064551,24.084082,85.552968,-5.696784,24.105696,85.896759,0.030000,
-6.066089,24.102125,85.552340,-11.748713,31.645621,124.955102,-6.067472,24.118356,85.551775,-5.696896,24.105702,85.896655,0.030000,
-6.066089,24.102125,85.552340,-11.748968,31.645324,124.956659,-6.064551,24.084082,85.552968,-5.697007,24.105707,85.896552,0.030000,
-6.066089,24.102125,85.552340,-11.749223,31.645027,124.958215,-6.067472,24.118356,85.551775,-5.697118,24.105713,85.896448,0.030000,
-6.066089,24.102125,85.552340,-11.749479,31.644730,124.959771,-6.064551,24.084082,85.552968,-5.697229,24.105719,85.896345,0.030000,
-6.066089,24.102125,85.552340,-11.749734,31.644432,124.961327,-6.067472,24.118356,85.551775,-5.697341,24.105724,85.896242,0.030000,
-6.066089,24.102125,85.552340,-11.749989,31.644135,124.962882,-6.064551,24.084082,85.552968,-5.697452,24.105730,85.896138,0.030000,
-6.066089,24.102125,85.552340,-11.750245,31.643838,124.964438,-6.067472,24.118356,85.551775,-5.697563,24.105736,85.896035,0.030000,
-6.066089,24.102125,85.552340,-11.750500,31.643541,124.965992,-6.064551,24.084082,85.552968,-5.697674,24.105741,85.895932,0.030000,
-6.066089,24.102125,85.552340,-11.750755,31.643244,124.967547,-6.067472,24.118356,85.551775,-5.697785,24.105747,85.895829,0.030000,
-6.066089,24.102125,85.552340,-11.751010,31.642947,124.969101,-6.064551,24.084082,85.552968,-5.697896,24.105752,85.895725,0.030000,
-6.066089,24.102125,85.552340,-11.751265,31.642650,124.970655,-6.067472,24.118356,85.551775,-5.698007,24.105758,85.895622,0.030000,
-6.066089,24.102125,85.552340,-11.751520,31.642354,124.972209,-6.064551,24.084082,85.552968,-5.698118,24.105764,85.895519,0.030000,
-6.066089,24.102125,85.552340,-11.751775,31.642057,124.973762,-6.067472,24.118356,85.551775,-5.698229,24.105769,85.895416,0.030000,
-6.066089,24.102125,85.552340,-11.752030,31.641760,124.975315,-6.064551,24.084082,85.552968,-5.698339,24.105775,85.895313,0.030000,
-6.066089,24.102125,85.552340,-11.752285,31.641464,124.976867,-6.067472,24.118356,85.551775,-5.698450,24.105781,85.895210,0.030000,
-6.066089,24.102125,85.552340,-11.752540,31.641167,124.978420,-6.064551,24.084082,85.552968,-5.698561,24.105786,85.895107,0.030000,
-6.066089,24.102125,85.552340,-11.752795,31.640871,124.979972,-6.067472,24.118356,85.551775,-5.698672,24.105792,85.895004,0.030000,
-6.066089,24.102125,85.552340,-11.753049,31.640574,124.981523,-6.064551,24.084082,85.552968,-5.698782,24.105797,85.894901,0.030000,
-6.066089,24.102125,85.552340,-11.753304,31.640278,124.983075,-6.067472,24.118356,85.551775,-5.698893,24.105803,85.894798,0.030000,
-6.066089,24.102125,85.552340,-11.753559,31.639981,124.984626,-6.064551,24.084082,85.552968,-5.699004,24.105808,85.894695,0.030000,
-6.066089,24.102125,85.552340,-11.753814,31.639685,124.986177,-6.067472,24.118356,85.551775,-5.699114,24.105814,85.894592,0.030000,
-6.066089,24.102125,85.552340,-11.754068,31.639389,124.987727,-6.064551,24.084082,85.552968,-5.699225,24.105820,85.894489,0.030000,
-6.066089,24.102125,85.552340,-11.754323,31.639093,124.989277,-6.067472,24.118356,85.551775,-5.699335,24.105825,85.894386,0.030000,
-6.066089,24.102125,85.552340,-11.754577,31.638797,124.990827,-6.064551,24.084082,85.552968,-5.699446,24.105831,85.894284,0.030000,
-6.066089,24.102125,85.552340,-11.754832,31.638501,124.992377,-6.067472,24.118356,85.551775,-5.699556,24.105836,85.894181,0.030000,
-6.066089,24.102125,85.552340,-11.755086,31.638205,124.993926,-6.064551,24.084082,85.552968,-5.699667,24.105842,85.894078,0.030000,
-6.066089,24.102125,85.552340,-11.755341,31.637909,124.995475,-6.067472,24.118356,85.551775,-5.699777,24.105847,85.893975,0.030000,
-6.066089,24.102125,85.552340,-11.755595,31.637613,124.997024,-6.064551,24.084082,85.552968,-5.699888,24.105853,85.893873,0.030000,
-6.066089,24.102125,85.552340,-11.755849,31.637317,124.998572,-6.067472,24.118356,85.551775,-5.699998,24.105858,85.893770,0.030000,
-6.066089,24.102125,85.552340,-11.756104,31.637021,125.000120,-6.064551,24.084082,85.552968,-5.700108,24.105864,85.893668,0.030000,
-6.066089,24.102125,85.552340,-11.756358,31.636726,125.001667,-6.067472,24.118356,85.551775,-5.700219,24.105869,85.893565,0.030000,
-6.066089,24.102125,85.552340,-11.756612,31.636430,125.003215,-6.064551,24.084082,85.552968,-5.700329,24.105875,85.893463,0.030000,
-6.066089,24.102125,85.552340,-11.756866,31.636134,125.004762,-6.067472,24.118356,85.551775,-5.700439,24.105880,85.893360,0.030000,
-6.066089,24.102125,85.552340,-11.757120,31.635839,125.006309,-6.064551,24.084082,85.552968,-5.700549,24.105886,85.893258,0.030000,
-6.066089,24.102125,85.552340,-11.757374,31.635543,125.007855,-6.067472,24.118356,85.551775,-5.700659,24.105891,85.893155,0.030000,
-6.066089,24.102125,85.552340,-11.757629,31.635248,125.009401,-6.064551,24.084082,85.552968,-5.700769,24.105897,85.893053,0.030000,
-6.066089,24.102125,85.552340,-11.757883,31.634953,125.010947,-6.067472,24.118356,85.551775,-5.700880,24.105902,85.892950,0.030000,
-6.066089,24.102125,85.552340,-11.758136,31.634657,125.012493,-6.064551,24.084082,85.552968,-5.700990,24.105908,85.892848,0.030000,
-6.066089,24.102125,85.552340,-11.758390,31.634362,125.014038,-6.067472,24.118356,85.551775,-5.701100,24.105913,85.892746,0.030000,
-6.066089,24.102125,85.552340,-11.758644,31.634067,125.015583,-6.064551,24.084082,85.552968,-5.701210,24.105919,85.892643,0.030000,
-6.066089,24.102125,85.552340,-11.758898,31.633772,125.017127,-6.067472,24.118356,85.551775,-5.701320,24.105924,85.892541,0.030000,
-6.066089,24.102125,85.552340,-11.759152,31.633477,125.018672,-6.064551,24.084082,85.552968,-5.701429,24.105930,85.892439,0.030000,
-6.066089,24.102125,85.552340,-11.759406,31.633182,125.020216,-6.067472,24.118356,85.551775,-5.701539,24.105935,85.892337,0.030000,
-6.066089,24.102125,85.552340,-11.759659,31.632887,125.021759,-6.064551,24.084082,85.552968,-5.701649,24.105941,85.892235,0.030000,
-6.066089,24.102125,85.552340,-11.759913,31.632592,125.023303,-6.067472,24.118356,85.551775,-5.701759,24.105946,85.892132,0.030000,
-6.066089,24.102125,85.552340,-11.760167,31.632297,125.024846,-6.064551,24.084082,85.552968,-5.701869,24.105951,85.892030,0.030000,
-6.066089,24.102125,85.552340,-11.760420,31.632002,125.026389,-6.067472,24.118356,85.551775,-5.701978,24.105957,85.891928,0.030000,
-6.066089,24.102125,85.552340,-11.760674,31.631707,125.027931,-6.064551,24.084082,85.552968,-5.702088,24.105962,85.891826,0.030000,
-6.066089,24.102125,85.552340,-11.760927,31.631413,125.029473,-6.067472,24.118356,85.551775,-5.702198,24.105968,85.891724,0.030000,
-6.066089,24.102125,85.552340,-11.761181,31.631118,125.031015,-6.064551,24.084082,85.552968,-5.702308,24.105973,85.891622,0.030000,
-6.066089,24.102125,85.552340,-11.761434,31.630824,125.032556,-6.067472,24.118356,85.551775,-5.702417,24.105979,85.891520,0.030000,
-6.066089,24.102125,85.552340,-11.761688,31.630529,125.034098,-6.064551,24.084082,85.552968,-5.702527,24.105984,85.891418,0.030000,
-6.066089,24.102125,85.552340,-11.761941,31.630235,125.035639,-6.067472,24.118356,85.551775,-5.702636,24.105989,85.891316,0.030000,
-6.066089,24.102125,85.552340,-11.762194,31.629940,125.037179,-6.064551,24.084082,85.552968,-5.702746,24.105995,85.891215,0.030000,
-6.066089,24.102125,85.552340,-11.762448,31.629646,125.038719,-6.067472,24.118356,85.551775,-5.702855,24.106000,85.891113,0.030000,
-6.066089,24.102125,85.552340,-11.762701,31.629352,125.040259,-6.064551,24.084082,85.552968,-5.702965,24.106005,85.891011,0.030000,
-6.066089,24.102125,85.552340,-11.762954,31.629057,125.041799,-6.067472,24.118356,85.551775,-5.703074,24.106011,85.890909,0.030000,
-6.066089,24.102125,85.552340,-11.763207,31.628763,125.043339,-6.064551,24.084082,85.552968,-5.703183,24.106016,85.890808,0.030000,
-6.066089,24.102125,85.552340,-11.763460,31.628469,125.044878,-6.067472,24.118356,85.551775,-5.703293,24.106022,85.890706,0.030000,
-6.066089,24.102125,85.552340,-11.763713,31.628175,125.046416,-6.064551,24.084082,85.552968,-5.703402,24.106027,85.890604,0.030000,
-6.066089,24.102125,85.552340,-11.763966,31.627881,125.047955,-6.067472,24.118356,85.551775,-5.703511,24.106032,85.890503,0.030000,
-6.066089,24.102125,85.552340,-11.764219,31.627587,125.049493,-6.064551,24.084082,85.552968,-5.703621,24.106038,85.890401,0.030000,
-6.066089,24.102125,85.552340,-11.764472,31.627293,125.051031,-6.067472,24.118356,85.551775,-5.703730,24.106043,85.890299,0.030000,
-6.066089,24.102125,85.552340,-11.764725,31.627000,125.052568,-6.064551,24.084082,85.552968,-5.703839,24.106048,85.890198,0.030000,
-6.066089,24.102125,85.552340,-11.764978,31.626706,125.054105,-6.067472,24.118356,85.551775,-5.703948,24.106054,85.890096,0.030000,
-6.066089,24.102125,85.552340,-11.765231,31.626412,125.055642,-6.064551,24.084082,85.552968,-5.704057,24.106059,85.889995,0.030000,
-6.066089,24.102125,85.552340,-11.765484,31.626118,125.057179,-6.067472,24.118356,85.551775,-5.704166,24.106064,85.889893,0.030000,
-6.066089,24.102125,85.552340,-11.765736,31.625825,125.058715,-6.064551,24.084082,85.552968,-5.704275,24.106069,85.889792,0.030000,
-6.066089,24.102125,85.552340,-11.765989,31.625531,125.060251,-6.067472,24.118356,85.551775,-5.704384,24.106075,85.889690,0.030000,
-6.066089,24.102125,85.552340,-11.766242,31.625238,125.061787,-6.064551,24.084082,85.552968,-5.704493,24.106080,85.889589,0.030000,
-6.066089,24.102125,85.552340,-11.766494,31.624944,125.063322,-6.067472,24.118356,85.551775,-5.704602,24.106085,85.889488,0.030000,
-6.066089,24.102125,85.552340,-11.766747,31.624651,125.064857,-6.064551,24.084082,85.552968,-5.704711,24.106091,85.889386,0.030000,
-6.066089,24.102125,85.552340,-11.766999,31.624358,125.066392,-6.067472,24.118356,85.551775,-5.704820,24.106096,85.889285,0.030000,
-6.066089,24.102125,85.552340,-11.767252,31.624064,125.067927,-6.064551,24.084082,85.552968,-5.704929,24.106101,85.889184,0.030000,
-6.066089,24.102125,85.552340,-11.767504,31.623771,125.069461,-6.067472,24.118356,85.551775,-5.705038,24.106107,85.889083,0.030000,
-6.066089,24.102125,85.552340,-11.767757,31.623478,125.070995,-6.064551,24.084082,85.552968,-5.705147,24.106112,85.888982,0.030000,
-6.066089,24.102125,85.552340,-11.768009,31.623185,125.072528,-6.067472,24.118356,85.551775,-5.705255,24.106117,85.888880,0.030000,
-6.066089,24.102125,85.552340,-11.768261,31.622892,125.074061,-6.064551,24.084082,85.552968,-5.705364,24.106122,85.888779,0.030000,
-6.066089,24.102125,85.552340,-11.768514,31.622599,125.075594,-6.067472,24.118356,85.551775,-5.705473,24.106128,85.888678,0.030000,
-6.066089,24.102125,85.552340,-11.768766,31.622306,125.077127,-6.064551,24.084082,85.552968,-5.705581,24.106133,85.888577,0.030000,
-6.066089,24.102125,85.552340,-11.769018,31.622013,125.078659,-6.067472,24.118356,85.551775,-5.705690,24.106138,85.888476,0.030000,
-6.066089,24.102125,85.552340,-11.769270,31.621720,125.080191,-6.064551,24.084082,85.552968,-5.705799,24.106143,85.888375,0.030000,
-6.066089,24.102125,85.552340,-11.769522,31.621428,125.081723,-6.067472,24.118356,85.551775,-5.705907,24.106148,85.888274,0.030000,
-6.066089,24.102125,85.552340,-11.769774,31.621135,125.083254,-6.064551,24.084082,85.552968,-5.706016,24.106154,85.888173,0.030000,
-6.066089,24.102125,85.552340,-11.770027,31.620842,125.084785,-6.067472,24.118356,85.551775,-5.706124,24.106159,85.888072,0.030000,
-6.066089,24.102125,85.552340,-11.770279,31.620550,125.086316,-6.064551,24.084082,85.552968,-5.706233,24.106164,85.887971,0.030000,
-6.066089,24.102125,85.552340,-11.770530,31.620257,125.087847,-6.067472,24.118356,85.551775,-5.706341,24.106169,85.887871,0.030000,
-6.066089,24.102125,85.552340,-11.770782,31.619965,125.089377,-6.064551,24.084082,85.552968,-5.706449,24.106175,85.887770,0.030000,
-6.066089,24.102125,85.552340,-11.771034,31.619672,125.090907,-6.067472,24.118356,85.551775,-5.706558,24.106180,85.887669,0.030000,
-6.066089,24.102125,85.552340,-11.771286,31.619380,125.092436,-6.064551,24.084082,85.552968,-5.706666,24.106185,85.887568,0.030000,
-6.066089,24.102125,85.552340,-11.771538,31.619088,125.093966,-6.067472,24.118356,85.551775,-5.706774,24.106190,85.887467,0.030000,
-6.066089,24.102125,85.552340,-11.771790,31.618796,125.095495,-6.064551,24.084082,85.552968,-5.706883,24.106195,85.887367,0.030000,
-6.066089,24.102125,85.552340,-11.772041,31.618503,125.097023,-6.067472,24.118356,85.551775,-5.706991,24.106200,85.887266,0.030000,
-6.066089,24.102125,85.552340,-11.772293,31.618211,125.098552,-6.064551,24.084082,85.552968,-5.707099,24.106206,85.887165,0.030000,
-6.066089,24.102125,85.552340,-11.772545,31.617919,125.100080,-6.067472,24.118356,85.551775,-5.707207,24.106211,85.887065,0.030000,
-6.066089,24.102125,85.552340,-11.772796,31.617627,125.101607,-6.064551,24.084082,85.552968,-5.707315,24.106216,85.886964,0.030000,
-6.066089,24.102125,85.552340,-11.773048,31.617335,125.103135,-6.067472,24.118356,85.551775,-5.707424,24.106221,85.886864,0.030000,
-6.066089,24.102125,85.552340,-11.773299,31.617043,125.104662,-6.064551,24.084082,85.552968,-5.707532,24.106226,85.886763,0.030000,
-6.066089,24.102125,85.552340,-11.773551,31.616752,125.106189,-6.067472,24.118356,85.551775,-5.707640,24.106231,85.886663,0.030000,
-6.066089,24.102125,85.552340,-11.773802,31.616460,125.107715,-6.064551,24.084082,85.552968,-5.707748,24.106236,85.886562,0.030000,
-6.066089,24.102125,85.552340,-11.774054,31.616168,125.109241,-6.067472,24.118356,85.551775,-5.707856,24.106242,85.886462,0.030000,
-6.066089,24.102125,85.552340,-11.774305,31.615876,125.110767,-6.064551,24.084082,85.552968,-5.707964,24.106247,85.886361,0.030000,
-6.066089,24.102125,85.552340,-11.774556,31.615585,125.112293,-6.067472,24.118356,85.551775,-5.708071,24.106252,85.886261,0.030000,
-6.066089,24.102125,85.552340,-11.774808,31.615293,125.113818,-6.064551,24.084082,85.552968,-5.708179,24.106257,85.886161,0.030000,
-6.066089,24.102125,85.552340,-11.775059,31.615002,125.115343,-6.067472,24.118356,85.551775,-5.708287,24.106262,85.886060,0.030000,
-6.066089,24.102125,85.552340,-11.775310,31.614710,125.116868,-6.064551,24.084082,85.552968,-5.708395,24.106267,85.885960,0.030000,
-6.066089,24.102125,85.552340,-11.775561,31.614419,125.118392,-6.067472,24.118356,85.551775,-5.708503,24.106272,85.885860,0.030000,
-6.066089,24.102125,85.552340,-11.775812,31.614128,125.119916,-6.064551,24.084082,85.552968,-5.708610,24.106277,85.885760,0.030000,
-6.066089,24.102125,85.552340,-11.776063,31.613836,125.121440,-6.067472,24.118356,85.551775,-5.708718,24.106282,85.885660,0.030000,
-6.066089,24.102125,85.552340,-11.776314,31.613545,125.122963,-6.064551,24.084082,85.552968,-5.708826,24.106288,85.885559,0.030000,
-6.066089,24.102125,85.552340,-11.776565,31.613254,125.124487,-6.067472,24.118356,85.551775,-5.708933,24.106293,85.885459,0.030000,
-6.066089,24.102125,85.552340,-11.776816,31.612963,125.126009,-6.064551,24.084082,85.552968,-5.709041,24.106298,85.885359,0.030000,
-6.066089,24.102125,85.552340,-11.777067,31.612672,125.127532,-6.067472,24.118356,85.551775,-5.709149,24.106303,85.885259,0.030000,
-6.066089,24.102125,85.552340,-11.777318,31.612381,125.129054,-6.064551,24.084082,85.552968,-5.709256,24.106308,85.885159,0.030000,
-6.066089,24.102125,85.552340,-11.777569,31.612090,125.130576,-6.067472,24.118356,85.551775,-5.709364,24.106313,85.885059,0.030000,
-6.066089,24.102125,85.552340,-11.777820,31.611799,125.132098,-6.064551,24.084082,85.552968,-5.709471,24.106318,85.884959,0.030000,
-6.066089,24.102125,85.552340,-11.778070,31.611508,125.133619,-6.067472,24.118356,85.551775,-5.709579,24.106323,85.884859,0.030000,
-6.066089,24.102125,85.552340,-11.778321,31.611217,125.135140,-6.064551,24.084082,85.552968,-5.709686,24.106328,85.884759,0.030000,
-6.066089,24.102125,85.552340,-11.778572,31.610927,125.136661,-6.067472,24.118356,85.551775,-5.709793,24.106333,85.884659,0.030000,
-6.066089,24.102125,85.552340,-11.778822,31.610636,125.138181,-6.064551,24.084082,85.552968,-5.709901,24.106338,85.884560,0.030000,
-6.066089,24.102125,85.552340,-11.779073,31.610345,125.139701,-6.067472,24.118356,85.551775,-5.710008,24.106343,85.884460,0.030000,
-6.066089,24.102125,85.552340,-11.779323,31.610055,125.141221,-6.064551,24.084082,85.552968,-5.710115,24.106348,85.884360,0.030000,
-6.066089,24.102125,85.552340,-11.779574,31.609764,125.142741,-6.067472,24.118356,85.551775,-5.710223,24.106353,85.884260,0.030000,
-6.066089,24.102125,85.552340,-11.779824,31.609474,125.144260,-6.064551,24.084082,85.552968,-5.710330,24.106358,85.884160,0.030000,
-6.066089,24.102125,85.552340,-11.780075,31.609184,125.145779,-6.067472,24.118356,85.551775,-5.710437,24.106363,85.884061,0.030000,
-6.066089,24.102125,85.552340,-11.780325,31.608893,125.147298,-6.064551,24.084082,85.552968,-5.710544,24.106368,85.883961,0.030000,
-6.066089,24.102125,85.552340,-11.780575,31.608603,125.148816,-6.067472,24.118356,85.551775,-5.710651,24.106373,85.883861,0.030000,
-6.066089,24.102125,85.552340,-11.780826,31.608313,125.150334,-6.064551,24.084082,85.552968,-5.710758,24.106378,85.883762,0.030000,
-6.066089,24.102125,85.552340,-11.781076,31.608023,125.151851,-6.067472,24.118356,85.551775,-5.710865,24.106383,85.883662,0.030000,
-6.066089,24.102125,85.552340,-11.781326,31.607733,125.153369,-6.064551,24.084082,85.552968,-5.710972,24.106388,85.883563,0.030000,
-6.066089,24.102125,85.552340,-11.781576,31.607443,125.154886,-6.067472,24.118356,85.551775,-5.711079,24.106393,85.883463,0.030000,
-6.066089,24.102125,85.552340,-11.781827,31.607153,125.156403,-6.064551,24.084082,85.552968,-5.711186,24.106398,85.883364,0.030000,
-6.066089,24.102125,85.552340,-11.782077,31.606863,125.157919,-6.067472,24.118356,85.551775,-5.711293,24.106403,85.883264,0.030000,
-6.066089,24.102125,85.552340,-11.782327,31.606573,125.159435,-6.064551,24.084082,85.552968,-5.711400,24.106408,85.883165,0.030000,
-6.066089,24.102125,85.552340,-11.782577,31.606283,125.160951,-6.067472,24.118356,85.551775,-5.711507,24.106413,85.883065,0.030000,
-6.066089,24.102125,85.552340,-11.782827,31.605993,125.162467,-6.064551,24.084082,85.552968,-5.711614,24.106418,85.882966,0.030000,
-6.066089,24.102125,85.552340,-11.783077,31.605704,125.163982,-6.067472,24.118356,85.551775,-5.711721,24.106423,85.882867,0.030000,
-6.066089,24.102125,85.552340,-11.783326,31.605414,125.165497,-6.064551,24.084082,85.552968,-5.711827,24.106428,85.882767,0.030000,
-6.066089,24.102125,85.552340,-11.783576,31.605124,125.167012,-6.067472,24.118356,85.551775,-5.711934,24.106433,85.882668,0.030000,
-6.066089,24.102125,85.552340,-11.783826,31.604835,125.168526,-6.064551,24.084082,85.552968,-5.712041,24.106438,85.882569,0.030000,
-6.066089,24.102125,85.552340,-11.784076,31.604545,125.170040,-6.067472,24.118356,85.551775,-5.712148,24.106442,85.882470,0.030000,
-6.066089,24.102125,85.552340,-11.784326,31.604256,125.171554,-6.064551,24.084082,85.552968,-5.712254,24.106447,85.882370,0.030000,
-6.066089,24.102125,85.552340,-11.784575,31.603967,125.173067,-6.067472,24.118356,85.551775,-5.712361,24.106452,85.882271,0.030000,
-6.066089,24.102125,85.552340,-11.784825,31.603677,125.174580,-6.064551,24.084082,85.552968,-5.712467,24.106457,85.882172,0.030000,
-6.066089,24.102125,85.552340,-11.785075,31.603388,125.176093,-6.067472,24.118356,85.551775,-5.712574,24.106462,85.882073,0.030000,
-6.066089,24.102125,85.552340,-11.785324,31.603099,125.177606,-6.064551,24.084082,85.552968,-5.712680,24.106467,85.881974,0.030000,
-6.066089,24.102125,85.552340,-11.785574,31.602810,125.179118,-6.067472,24.118356,85.551775,-5.712787,24.106472,85.881875,0.030000,
-6.066089,24.102125,85.552340,-11.785823,31.602521,125.180630,-6.064551,24.084082,85.552968,-5.712893,24.106477,85.881776,0.030000,
-6.066089,24.102125,85.552340,-11.786073,31.602232,125.182142,-6.067472,24.118356,85.551775,-5.713000,24.106482,85.881677,0.030000,
-6.066089,24.102125,85.552340,-11.786322,31.601943,125.183653,-6.064551,24.084082,85.552968,-5.713106,24.106486,85.881578,0.030000,
-6.066089,24.102125,85.552340,-11.786571,31.601654,125.185164,-6.067472,24.118356,85.551775,-5.713212,24.106491,85.881479,0.030000,
-6.066089,24.102125,85.552340,-11.786821,31.601365,125.186675,-6.064551,24.084082,85.552968,-5.713319,24.106496,85.881380,0.030000,
-6.066089,24.102125,85.552340,-11.787070,31.601076,125.188185,-6.067472,24.118356,85.551775,-5.713425,24.106501,85.881281,0.030000,
-6.066089,24.102125,85.552340,-11.787319,31.600787,125.189695,-6.064551,24.084082,85.552968,-5.713531,24.106506,85.881182,0.030000,
-6.066089,24.102125,85.552340,-11.787568,31.600499,125.191205,-6.067472,24.118356,85.551775,-5.713637,24.106511,85.881084,0.030000,
-6.066089,24.102125,85.552340,-11.787817,31.600210,125.192715,-6.064551,24.084082,85.552968,-5.713744,24.106516,85.880985,0.030000,
-6.066089,24.102125,85.552340,-11.788067,31.599921,125.194224,-6.067472,24.118356,85.551775,-5.713850,24.106520,85.880886,0.030000,
-6.066089,24.102125,85.552340,-11.788316,31.599633,125.195733,-6.064551,24.084082,85.552968,-5.713956,24.106525,85.880787,0.030000,
-6.066089,24.102125,85.552340,-11.788565,31.599344,125.197241,-6.067472,24.118356,85.551775,-5.714062,24.106530,85.880689,0.030000,
-6.066089,24.102125,85.552340,-11.788814,31.599056,125.198750,-6.064551,24.084082,85.552968,-5.714168,24.106535,85.880590,0.030000,
-6.066089,24.102125,85.552340,-11.789063,31.598768,125.200258,-6.067472,24.118356,85.551775,-5.714274,24.106540,85.880491,0.030000,
-6.066089,24.102125,85.552340,-11.789312,31.598479,125.201765,-6.064551,24.084082,85.552968,-5.714380,24.106545,85.880393,0.030000,
-6.066089,24.102125,85.552340,-11.789560,31.598191,125.203273,-6.067472,24.118356,85.551775,-5.714486,24.106549,85.880294,0.030000,
-6.066089,24.102125,85.552340,-11.789809,31.597903,125.204780,-6.064551,24.084082,85.552968,-5.714592,24.106554,85.880196,0.030000,
-6.066089,24.102125,85.552340,-11.790058,31.597615,125.206287,-6.067472,24.118356,85.551775,-5.714698,24.106559,85.880097,0.030000,
-6.066089,24.102125,85.552340,-11.790307,31.597327,125.207793,-6.064551,24.084082,85.552968,-5.714804,24.106564,85.879999,0.030000,
-6.066089,24.102125,85.552340,-11.790556,31.597039,125.209299,-6.067472,24.118356,85.551775,-5.714910,24.106568,85.879900,0.030000,
-6.066089,24.102125,85.552340,-11.790804,31.596751,125.210805,-6.064551,24.084082,85.552968,-5.715015,24.106573,85.879802,0.030000,
-6.066089,24.102125,85.552340,-11.791053,31.596463,125.212311,-6.067472,24.118356,85.551775,-5.715121,24.106578,85.879703,0.030000,
-6.066089,24.102125,85.552340,-11.791301,31.596175,125.213816,-6.064551,24.084082,85.552968,-5.715227,24.106583,85.879605,0.030000,
-6.066089,24.102125,85.552340,-11.791550,31.595887,125.215321,-6.067472,24.118356,85.551775,-5.715333,24.106588,85.879507,0.030000,
-6.066089,24.102125,85.552340,-11.791798,31.595599,125.216826,-6.064551,24.084082,85.552968,-5.715438,24.106592,85.879408,0.030000,
-6.066089,24.102125,85.552340,-11.792047,31.595312,125.218330,-6.067472,24.118356,85.551775,-5.715544,24.106597,85.879310,0.030000,
-6.066089,24.102125,85.552340,-11.792295,31.595024,125.219834,-6.064551,24.084082,85.552968,-5.715649,24.106602,85.879212,0.030000,
-6.066089,24.102125,85.552340,-11.792544,31.594737,125.221338,-6.067472,24.118356,85.551775,-5.715755,24.106607,85.879114,0.030000,
-6.066089,24.102125,85.552340,-11.792792,31.594449,125.222842,-6.064551,24.084082,85.552968,-5.715861,24.106611,85.879015,0.030000,
-6.066089,24.102125,85.552340,-11.793040,31.594162,125.224345,-6.067472,24.118356,85.551775,-5.715966,24.106616,85.878917,0.030000,
-6.066089,24.102125,85.552340,-11.793289,31.593874,125.225848,-6.064551,24.084082,85.552968,-5.716072,24.106621,85.878819,0.030000,
-6.066089,24.102125,85.552340,-11.793537,31.593587,125.227350,-6.067472,24.118356,85.551775,-5.716177,24.106626,85.878721,0.030000,
-6.066089,24.102125,85.552340,-11.793785,31.593300,125.228853,-6.064551,24.084082,85.552968,-5.716282,24.106630,85.878623,0.030000,
-6.066089,24.102125,85.552340,-11.794033,31.593012,125.230355,-6.067472,24.118356,85.551775,-5.716388,24.106635,85.878525,0.030000,
-6.066089,24.102125,85.552340,-11.794281,31.592725,125.231856,-6.064551,24.084082,85.552968,-5.716493,24.106640,85.878427,0.030000,
-6.066089,24.102125,85.552340,-11.794529,31.592438,125.233358,-6.067472,24.118356,85.551775,-5.716598,24.106644,85.878329,0.030000,
-6.066089,24.102125,85.552340,-11.794777,31.592151,125.234859,-6.064551,24.084082,85.552968,-5.716704,24.106649,85.878231,0.030000,
-6.066089,24.102125,85.552340,-11.795025,31.591864,125.236360,-6.067472,24.118356,85.551775,-5.716809,24.106654,85.878133,0.030000,
-6.066089,24.102125,85.552340,-11.795273,31.591577,125.237860,-6.064551,24.084082,85.552968,-5.716914,24.106658,85.878035,0.030000,
-6.066089,24.102125,85.552340,-11.795521,31.591290,125.239360,-6.067472,24.118356,85.551775,-5.717019,24.106663,85.877937,0.030000,
-6.066089,24.102125,85.552340,-11.795769,31.591003,125.240860,-6.064551,24.084082,85.552968,-5.717125,24.106668,85.877840,0.030000,
-6.066089,24.102125,85.552340,-11.796017,31.590716,125.242360,-6.067472,24.118356,85.551775,-5.717230,24.106672,85.877742,0.030000,
-6.066089,24.102125,85.552340,-11.796265,31.590430,125.243859,-6.064551,24.084082,85.552968,-5.717335,24.106677,85.877644,0.030000,
-6.066089,24.102125,85.552340,-11.796512,31.590143,125.245358,-6.067472,24.118356,85.551775,-5.717440,24.106682,85.877546,0.030000,
-6.066089,24.102125,85.552340,-11.796760,31.589856,125.246857,-6.064551,24.084082,85.552968,-5.717545,24.106686,85.877449,0.030000,
-6.066089,24.102125,85.552340,-11.797008,31.589570,125.248355,-6.067472,24.118356,85.551775,-5.717650,24.106691,85.877351,0.030000,
-6.066089,24.102125,85.552340,-11.797255,31.589283,125.249853,-6.064551,24.084082,85.552968,-5.717755,24.106696,85.877253,0.030000,
-6.066089,24.102125,85.552340,-11.797503,31.588997,125.251351,-6.067472,24.118356,85.551775,-5.717860,24.106700,85.877156,0.030000,
-6.066089,24.102125,85.552340,-11.797751,31.588710,125.252849,-6.064551,24.084082,85.552968,-5.717965,24.106705,85.877058,0.030000,
-6.066089,24.102125,85.552340,-11.797998,31.588424,125.254346,-6.067472,24.118356,85.551775,-5.718070,24.106710,85.876960,0.030000,
-6.066089,24.102125,85.552340,-11.798246,31.588138,125.255843,-6.064551,24.084082,85.552968,-5.718174,24.106714,85.876863,0.030000,
-6.066089,24.102125,85.552340,-11.798493,31.587852,125.257339,-6.067472,24.118356,85.551775,-5.718279,24.106719,85.876765,0.030000,
-6.066089,24.102125,85.552340,-11.798740,31.587565,125.258836,-6.064551,24.084082,85.552968,-5.718384,24.106724,85.876668,0.030000,
-6.066089,24.102125,85.552340,-11.798988,31.587279,125.260332,-6.067472,24.118356,85.551775,-5.718489,24.106728,85.876570,0.030000,
-6.066089,24.102125,85.552340,-11.799235,31.586993,125.261827,-6.064551,24.084082,85.552968,-5.718594,24.106733,85.876473,0.030000,
-6.066089,24.102125,85.552340,-11.799482,31.586707,125.263323,-6.067472,24.118356,85.551775,-5.718698,24.106737,85.876376,0.030000,
-6.066089,24.102125,85.552340,-11.799729,31.586421,125.264818,-6.064551,24.084082,85.552968,-5.718803,24.106742,85.876278,0.030000,
-6.066089,24.102125,85.552340,-11.799977,31.586135,125.266313,-6.067472,24.118356,85.551775,-5.718907,24.106747,85.876181,0.030000,
-6.066089,24.102125,85.552340,-11.800224,31.585849,125.267807,-6.064551,24.084082,85.552968,-5.719012,24.106751,85.876084,0.030000,
-6.066089,24.102125,85.552340,-11.800471,31.585564,125.269301,-6.067472,24.118356,85.551775,-5.719117,24.106756,85.875986,0.030000,
-6.066089,24.102125,85.552340,-11.800718,31.585278,125.270795,-6.064551,24.084082,85.552968,-5.719221,24.106760,85.875889,0.030000,
-6.066089,24.102125,85.552340,-11.800965,31.584992,125.272289,-6.067472,24.118356,85.551775,-5.719326,24.106765,85.875792,0.030000,
-6.066089,24.102125,85.552340,-11.801212,31.584707,125.273782,-6.064551,24.084082,85.552968,-5.719430,24.106769,85.875695,0.030000,
-6.066089,24.102125,85.552340,-11.801459,31.584421,125.275275,-6.067472,24.118356,85.551775,-5.719535,24.106774,85.875598,0.030000,
-6.066089,24.102125,85.552340,-11.801706,31.584136,125.276768,-6.064551,24.084082,85.552968,-5.719639,24.106779,85.875500,0.030000,
-6.066089,24.102125,85.552340,-11.801953,31.583850,125.278260,-6.067472,24.118356,85.551775,-5.719743,24.106783,85.875403,0.030000,
-6.066089,24.102125,85.552340,-11.802199,31.583565,125.279752,-6.064551,24.084082,85.552968,-5.719848,24.106788,85.875306,0.030000,
-6.066089,24.102125,85.552340,-11.802446,31.583279,125.281244,-6.067472,24.118356,85.551775,-5.719952,24.106792,85.875209,0.030000,
-6.066089,24.102125,85.552340,-11.802693,31.582994,125.282736,-6.064551,24.084082,85.552968,-5.720056,24.106797,85.875112,0.030000,
-6.066089,24.102125,85.552340,-11.802940,31.582709,125.284227,-6.067472,24.118356,85.551775,-5.720160,24.106801,85.875015,0.030000,
-6.066089,24.102125,85.552340,-11.803186,31.582424,125.285718,-6.064551,24.084082,85.552968,-5.720265,24.106806,85.874918,0.030000,
-6.066089,24.102125,85.552340,-11.803433,31.582138,125.287208,-6.067472,24.118356,85.551775,-5.720369,24.106810,85.874821,0.030000,
-6.066089,24.102125,85.552340,-11.803679,31.581853,125.288699,-6.064551,24.084082,85.552968,-5.720473,24.106815,85.874725,0.030000,
-6.066089,24.102125,85.552340,-11.803926,31.581568,125.290189,-6.067472,24.118356,85.551775,-5.720577,24.106819,85.874628,0.030000,
-6.066089,24.102125,85.552340,-11.804172,31.581283,125.291678,-6.064551,24.084082,85.552968,-5.720681,24.106824,85.874531,0.030000,
-6.066089,24.102125,85.552340,-11.804419,31.580998,125.293168,-6.067472,24.118356,85.551775,-5.720785,24.106828,85.874434,0.030000,
-6.066089,24.102125,85.552340,-11.804665,31.580714,125.294657,-6.064551,24.084082,85.552968,-5.720889,24.106833,85.874337,0.030000,
-6.066089,24.102125,85.552340,-11.804912,31.580429,125.296146,-6.067472,24.118356,85.551775,-5.720993,24.106837,85.874241,0.030000,
-6.066089,24.102125,85.552340,-11.805158,31.580144,125.297634,-6.064551,24.084082,85.552968,-5.721097,24.106842,85.874144,0.030000,
-6.066089,24.102125,85.552340,-11.805404,31.579859,125.299123,-6.067472,24.118356,85.551775,-5.721201,24.106846,85.874047,0.030000,
-6.066089,24.102125,85.552340,-11.805650,31.579575,125.300611,-6.064551,24.084082,85.552968,-5.721305,24.106851,85.873950,0.030000,
-6.066089,24.102125,85.552340,-11.805897,31.579290,125.302098,-6.067472,24.118356,85.551775,-5.721409,24.106855,85.873854,0.030000,
-6.066089,24.102125,85.552340,-11.806143,31.579006,125.303586,-6.064551,24.084082,85.552968,-5.721513,24.106860,85.873757,0.030000,
-6.066089,24.102125,85.552340,-11.806389,31.578721,125.305073,-6.067472,24.118356,85.551775,-5.721617,24.106864,85.873661,0.030000,
-6.066089,24.102125,85.552340,-11.806635,31.578437,125.306559,-6.064551,24.084082,85.552968,-5.721720,24.106869,85.873564,0.030000,
-6.066089,24.102125,85.552340,-11.806881,31.578152,125.308046,-6.067472,24.118356,85.551775,-5.721824,24.106873,85.873468,0.030000,
-6.066089,24.102125,85.552340,-11.807127,31.577868,125.309532,-6.064551,24.084082,85.552968,-5.721928,24.106878,85.873371,0.030000,
-6.066089,24.102125,85.552340,-11.807373,31.577584,125.311018,-6.067472,24.118356,85.551775,-5.722031,24.106882,85.873275,0.030000,
-6.066089,24.102125,85.552340,-11.807619,31.577300,125.312503,-6.064551,24.084082,85.552968,-5.722135,24.106886,85.873178,0.030000,
-6.066089,24.102125,85.552340,-11.807865,31.577016,125.313989,-6.067472,24.118356,85.551775,-5.722239,24.106891,85.873082,0.030000,
-6.066089,24.102125,85.552340,-11.808111,31.576731,125.315474,-6.064551,24.084082,85.552968,-5.722342,24.106895,85.872985,0.030000,
-6.066089,24.102125,85.552340,-11.808357,31.576447,125.316958,-6.067472,24.118356,85.551775,-5.722446,24.106900,85.872889,0.030000,
-6.066089,24.102125,85.552340,-11.808602,31.576164,125.318443,-6.064551,24.084082,85.552968,-5.722549,24.106904,85.872793,0.030000,
-6.066089,24.102125,85.552340,-11.808848,31.575880,125.319927,-6.067472,24.118356,85.551775,-5.722653,24.106909,85.872697,0.030000,
-6.066089,24.102125,85.552340,-11.809094,31.575596,125.321410,-6.064551,24.084082,85.552968,-5.722756,24.106913,85.872600,0.030000,
-6.066089,24.102125,85.552340,-11.809339,31.575312,125.322894,-6.067472,24.118356,85.551775,-5.722860,24.106917,85.872504,0.030000,
-6.066089,24.102125,85.552340,-11.809585,31.575028,125.324377,-6.064551,24.084082,85.552968,-5.722963,24.106922,85.872408,0.030000,
-6.066089,24.102125,85.552340,-11.809831,31.574744,125.325860,-6.067472,24.118356,85.551775,-5.723066,24.106926,85.872312,0.030000,
-6.066089,24.102125,85.552340,-11.810076,31.574461,125.327343,-6.064551,24.084082,85.552968,-5.723170,24.106931,85.872216,0.030000,
-6.066089,24.102125,85.552340,-11.810322,31.574177,125.328825,-6.067472,24.118356,85.551775,-5.723273,24.106935,85.872119,0.030000,
-6.066089,24.102125,85.552340,-11.810567,31.573894,125.330307,-6.064551,24.084082,85.552968,-5.723376,24.106939,85.872023,0.030000,
-6.066089,24.102125,85.552340,-11.810812,31.573610,125.331789,-6.067472,24.118356,85.551775,-5.723480,24.106944,85.871927,0.030000,
-6.066089,24.102125,85.552340,-11.811058,31.573327,125.333270,-6.064551,24.084082,85.552968,-5.723583,24.106948,85.871831,0.030000,
-6.066089,24.102125,85.552340,-11.811303,31.573043,125.334751,-6.067472,24.118356,85.551775,-5.723686,24.106953,85.871735,0.030000,
-6.066089,24.102125,85.552340,-11.811548,31.572760,125.336232,-6.064551,24.084082,85.552968,-5.723789,24.106957,85.871639,0.030000,
-6.066089,24.102125,85.552340,-11.811794,31.572477,125.337712,-6.067472,24.118356,85.551775,-5.723892,24.106961,85.871543,0.030000,
-6.066089,24.102125,85.552340,-11.812039,31.572194,125.339193,-6.064551,24.084082,85.552968,-5.723995,24.106966,85.871447,0.030000,
-6.066089,24.102125,85.552340,-11.812284,31.571911,125.340673,-6.067472,24.118356,85.551775,-5.724098,24.106970,85.871352,0.030000,
-6.066089,24.102125,85.552340,-11.812529,31.571627,125.342152,-6.064551,24.084082,85.552968,-5.724201,24.106974,85.871256,0.030000,
-6.066089,24.102125,85.552340,-11.812774,31.571344,125.343632,-6.067472,24.118356,85.551775,-5.724304,24.106979,85.871160,0.030000,
-6.066089,24.102125,85.552340,-11.813019,31.571061,125.345111,-6.064551,24.084082,85.552968,-5.724407,24.106983,85.871064,0.030000,
-6.066089,24.102125,85.552340,-11.813264,31.570779,125.346589,-6.067472,24.118356,85.551775,-5.724510,24.106987,85.870968,0.030000,
-6.066089,24.102125,85.552340,-11.813509,31.570496,125.348068,-6.064551,24.084082,85.552968,-5.724613,24.106992,85.870873,0.030000,
-6.066089,24.102125,85.552340,-11.813754,31.570213,125.349546,-6.067472,24.118356,85.551775,-5.724716,24.106996,85.870777,0.030000,
-6.066089,24.102125,85.552340,-11.813999,31.569930,125.351024,-6.064551,24.084082,85.552968,-5.724819,24.107000,85.870681,0.030000,
-6.066089,24.102125,85.552340,-11.814244,31.569647,125.352501,-6.067472,24.118356,85.551775,-5.724922,24.107005,85.870586,0.030000,
-6.066089,24.102125,85.552340,-11.814489,31.569365,125.353979,-6.064551,24.084082,85.552968,-5.725024,24.107009,85.870490,0.030000,
-6.066089,24.102125,85.552340,-11.814733,31.569082,125.355456,-6.067472,24.118356,85.551775,-5.725127,24.107013,85.870394,0.030000,
-6.066089,24.102125,85.552340,-11.814978,31.568800,125.356932,-6.064551,24.084082,85.552968,-5.725230,24.107017,85.870299,0.030000,
-6.066089,24.102125,85.552340,-11.815223,31.568517,125.358409,-6.067472,24.118356,85.551775,-5.725333,24.107022,85.870203,0.030000,
-6.066089,24.102125,85.552340,-11.815467,31.568235,125.359885,-6.064551,24.084082,85.552968,-5.725435,24.107026,85.870108,0.030000,
-6.066089,24.102125,85.552340,-11.815712,31.567952,125.361360,-6.067472,24.118356,85.551775,-5.725538,24.107030,85.870012,0.030000,
-6.066089,24.102125,85.552340,-11.815957,31.567670,125.362836,-6.064551,24.084082,85.552968,-5.725640,24.107035,85.869917,0.030000,
-6.066089,24.102125,85.552340,-11.816201,31.567388,125.364311,-6.067472,24.118356,85.551775,-5.725743,24.107039,85.869821,0.030000,
-6.066089,24.102125,85.552340,-11.816446,31.567106,125.365786,-6.064551,24.084082,85.552968,-5.725845,24.107043,85.869726,0.030000,
-6.066089,24.102125,85.552340,-11.816690,31.566823,125.367261,-6.067472,24.118356,85.551775,-5.725948,24.107047,85.869631,0.030000,
-6.066089,24.102125,85.552340,-11.816934,31.566541,125.368735,-6.064551,24.084082,85.552968,-5.726050,24.107052,85.869535,0.030000,
-6.066089,24.102125,85.552340,-11.817179,31.566259,125.370209,-6.067472,24.118356,85.551775,-5.726153,24.107056,85.869440,0.030000,
-6.066089,24.102125,85.552340,-11.817423,31.565977,125.371683,-6.064551,24.084082,85.552968,-5.726255,24.107060,85.869345,0.030000,
-6.066089,24.102125,85.552340,-11.817667,31.565695,125.373156,-6.067472,24.118356,85.551775,-5.726358,24.107064,85.869250,0.030000,
-6.066089,24.102125,85.552340,-11.817912,31.565413,125.374629,-6.064551,24.084082,85.552968,-5.726460,24.107069,85.869154,0.030000,
-6.066089,24.102125,85.552340,-11.818156,31.565132,125.376102,-6.067472,24.118356,85.551775,-5.726562,24.107073,85.869059,0.030000,
-6.066089,24.102125,85.552340,-11.818400,31.564850,125.377574,-6.064551,24.084082,85.552968,-5.726665,24.107077,85.868964,0.030000,
-6.066089,24.102125,85.552340,-11.818644,31.564568,125.379047,-6.067472,24.118356,85.551775,-5.726767,24.107081,85.868869,0.030000,
-6.066089,24.102125,85.552340,-11.818888,31.564286,125.380519,-6.064551,24.084082,85.552968,-5.726869,24.107086,85.868774,0.030000,
-6.066089,24.102125,85.552340,-11.819132,31.564005,125.381990,-6.067472,24.118356,85.551775,-5.726971,24.107090,85.868679,0.030000,
-6.066089,24.102125,85.552340,-11.819376,31.563723,125.383462,-6.064551,24.084082,85.552968,-5.727073,24.107094,85.868584,0.030000,
-6.066089,24.102125,85.552340,-11.819620,31.563442,125.384933,-6.067472,24.118356,85.551775,-5.727175,24.107098,85.868489,0.030000,
-6.066089,24.102125,85.552340,-11.819864,31.563160,125.386403,-6.064551,24.084082,85.552968,-5.727278,24.107102,85.868394,0.030000,
-6.066089,24.102125,85.552340,-11.820108,31.562879,125.387874,-6.067472,24.118356,85.551775,-5.727380,24.107107,85.868299,0.030000,
-6.066089,24.102125,85.552340,-11.820352,31.562598,125.389344,-6.064551,24.084082,85.552968,-5.727482,24.107111,85.868204,0.030000,
-6.066089,24.102125,85.552340,-11.820596,31.562316,125.390814,-6.067472,24.118356,85.551775,-5.727584,24.107115,85.868109,0.030000,
-6.066089,24.102125,85.552340,-11.820839,31.562035,125.392284,-6.064551,24.084082,85.552968,-5.727686,24.107119,85.868014,0.030000,
-6.066089,24.102125,85.552340,-11.821083,31.561754,125.393753,-6.067472,24.118356,85.551775,-5.727788,24.107123,85.867919,0.030000,
-6.066089,24.102125,85.552340,-11.821327,31.561473,125.395222,-6.064551,24.084082,85.552968,-5.727889,24.107128,85.867824,0.030000,
-6.066089,24.102125,85.552340,-11.821570,31.561192,125.396691,-6.067472,24.118356,85.551775,-5.727991,24.107132,85.867730,0.030000,
-6.066089,24.102125,85.552340,-11.821814,31.560911,125.398159,-6.064551,24.084082,85.552968,-5.728093,24.107136,85.867635,0.030000,
-6.066089,24.102125,85.552340,-11.822058,31.560630,125.399627,-6.067472,24.118356,85.551775,-5.728195,24.107140,85.867540,0.030000,
-6.066089,24.102125,85.552340,-11.822301,31.560349,125.401095,-6.064551,24.084082,85.552968,-5.728297,24.107144,85.867445,0.030000,
-6.066089,24.102125,85.552340,-11.822545,31.560068,125.402562,-6.067472,24.118356,85.551775,-5.728398,24.107148,85.867351,0.030000,
-6.066089,24.102125,85.552340,-11.822788,31.559787,125.404030,-6.064551,24.084082,85.552968,-5.728500,24.107152,85.867256,0.030000,
-6.066089,24.102125,85.552340,-11.823031,31.559507,125.405497,-6.067472,24.118356,85.551775,-5.728602,24.107157,85.867161,0.030000,
-6.066089,24.102125,85.552340,-11.823275,31.559226,125.406963,-6.064551,24.084082,85.552968,-5.728704,24.107161,85.867067,0.030000,
-6.066089,24.102125,85.552340,-11.823518,31.558945,125.408430,-6.067472,24.118356,85.551775,-5.728805,24.107165,85.866972,0.030000,
-6.066089,24.102125,85.552340,-11.823761,31.558665,125.409896,-6.064551,24.084082,85.552968,-5.728907,24.107169,85.866878,0.030000,
-6.066089,24.102125,85.552340,-11.824005,31.558384,125.411362,-6.067472,24.118356,85.551775,-5.729008,24.107173,85.866783,0.030000,
-6.066089,24.102125,85.552340,-11.824248,31.558104,125.412827,-6.064551,24.084082,85.552968,-5.729110,24.107177,85.866689,0.030000,
-6.066089,24.102125,85.552340,-11.824491,31.557823,125.414292,-6.067472,24.118356,85.551775,-5.729211,24.107181,85.866594,0.030000,
-6.066089,24.102125,85.552340,-11.824734,31.557543,125.415757,-6.064551,24.084082,85.552968,-5.729313,24.107185,85.866500,0.030000,
-6.066089,24.102125,85.552340,-11.824977,31.557263,125.417222,-6.067472,24.118356,85.551775,-5.729414,24.107190,85.866406,0.030000,
-6.066089,24.102125,85.552340,-11.825220,31.556982,125.418686,-6.064551,24.084082,85.552968,-5.729516,24.107194,85.866311,0.030000,
-6.066089,24.102125,85.552340,-11.825463,31.556702,125.420150,-6.067472,24.118356,85.551775,-5.729617,24.107198,85.866217,0.030000,
-6.066089,24.102125,85.552340,-11.825706,31.556422,125.421614,-6.064551,24.084082,85.552968,-5.729718,24.107202,85.866123,0.030000,
-6.066089,24.102125,85.552340,-11.825949,31.556142,125.423077,-6.067472,24.118356,85.551775,-5.729820,24.107206,85.866028,0.030000,
-6.066089,24.102125,85.552340,-11.826192,31.555862,125.424540,-6.064551,24.084082,85.552968,-5.729921,24.107210,85.865934,0.030000,
-6.066089,24.102125,85.552340,-11.826435,31.555582,125.426003,-6.067472,24.118356,85.551775,-5.730022,24.107214,85.865840,0.030000,
-6.066089,24.102125,85.552340,-11.826678,31.555302,125.427466,-6.064551,24.084082,85.552968,-5.730124,24.107218,85.865746,0.030000,
-6.066089,24.102125,85.552340,-11.826920,31.555022,125.428928,-6.067472,24.118356,85.551775,-5.730225,24.107222,85.865651,0.030000,
-6.066089,24.102125,85.552340,-11.827163,31.554742,125.430390,-6.064551,24.084082,85.552968,-5.730326,24.107226,85.865557,0.030000,
-6.066089,24.102125,85.552340,-11.827406,31.554463,125.431851,-6.067472,24.118356,85.551775,-5.730427,24.107230,85.865463,0.030000,
-6.066089,24.102125,85.552340,-11.827648,31.554183,125.433313,-6.064551,24.084082,85.552968,-5.730528,24.107234,85.865369,0.030000,
-6.066089,24.102125,85.552340,-11.827891,31.553903,125.434774,-6.067472,24.118356,85.551775,-5.730629,24.107238,85.865275,0.030000,
-6.066089,24.102125,85.552340,-11.828134,31.553624,125.436235,-6.064551,24.084082,85.552968,-5.730730,24.107243,85.865181,0.030000,
-6.066089,24.102125,85.552340,-11.828376,31.553344,125.437695,-6.067472,24.118356,85.551775,-5.730831,24.107247,85.865087,0.030000,
-6.066089,24.102125,85.552340,-11.828619,31.553065,125.439155,-6.064551,24.084082,85.552968,-5.730932,24.107251,85.864993,0.030000,
-6.066089,24.102125,85.552340,-11.828861,31.552785,125.440615,-6.067472,24.118356,85.551775,-5.731033,24.107255,85.864899,0.030000,
-6.066089,24.102125,85.552340,-11.829103,31.552506,125.442075,-6.064551,24.084082,85.552968,-5.731134,24.107259,85.864805,0.030000,
-6.066089,24.102125,85.552340,-11.829346,31.552227,125.443534,-6.067472,24.118356,85.551775,-5.731235,24.107263,85.864711,0.030000,
-6.066089,24.102125,85.552340,-11.829588,31.551947,125.444993,-6.064551,24.084082,85.552968,-5.731336,24.107267,85.864618,0.030000,
-6.066089,24.102125,85.552340,-11.829830,31.551668,125.446452,-6.067472,24.118356,85.551775,-5.731437,24.107271,85.864524,0.030000,
-6.066089,24.102125,85.552340,-11.830073,31.551389,125.447910,-6.064551,24.084082,85.552968,-5.731538,24.107275,85.864430,0.030000,
-6.066089,24.102125,85.552340,-11.830315,31.551110,125.449369,-6.067472,24.118356,85.551775,-5.731638,24.107279,85.864336,0.030000,
-6.066089,24.102125,85.552340,-11.830557,31.550831,125.450826,-6.064551,24.084082,85.552968,-5.731739,24.107283,85.864242,0.030000,
-6.066089,24.102125,85.552340,-11.830799,31.550552,125.452284,-6.067472,24.118356,85.551775,-5.731840,24.107287,85.864149,0.030000,
-6.066089,24.102125,85.552340,-11.831041,31.550273,125.453741,-6.064551,24.084082,85.552968,-5.731940,24.107291,85.864055,0.030000,
-6.066089,24.102125,85.552340,-11.831283,31.549994,125.455198,-6.067472,24.118356,85.551775,-5.732041,24.107295,85.863961,0.030000,
-6.066089,24.102125,85.552340,-11.831525,31.549715,125.456655,-6.064551,24.084082,85.552968,-5.732142,24.107299,85.863868,0.030000,
-6.066089,24.102125,85.552340,-11.831767,31.549436,125.458111,-6.067472,24.118356,85.551775,-5.732242,24.107303,85.863774,0.030000,
-6.066089,24.102125,85.552340,-11.832009,31.549158,125.459568,-6.064551,24.084082,85.552968,-5.732343,24.107307,85.863681,0.030000,
-6.066089,24.102125,85.552340,-11.832251,31.548879,125.461023,-6.067472,24.118356,85.551775,-5.732443,24.107311,85.863587,0.030000,
-6.066089,24.102125,85.552340,-11.832493,31.548600,125.462479,-6.064551,24.084082,85.552968,-5.732544,24.107315,85.863494,0.030000,
-6.066089,24.102125,85.552340,-11.832735,31.548322,125.463934,-6.067472,24.118356,85.551775,-5.732644,24.107319,85.863400,0.030000,
-6.066089,24.102125,85.552340,-11.832976,31.548043,125.465389,-6.064551,24.084082,85.552968,-5.732745,24.107322,85.863307,0.030000,
-6.066089,24.102125,85.552340,-11.833218,31.547765,125.466844,-6.067472,24.118356,85.551775,-5.732845,24.107326,85.863213,0.030000,
-6.066089,24.102125,85.552340,-11.833460,31.547486,125.468298,-6.064551,24.084082,85.552968,-5.732946,24.107330,85.863120,0.030000,
-6.066089,24.102125,85.552340,-11.833701,31.547208,125.469752,-6.067472,24.118356,85.551775,-5.733046,24.107334,85.863026,0.030000,
-6.066089,24.102125,85.552340,-11.833943,31.546930,125.471206,-6.064551,24.084082,85.552968,-5.733146,24.107338,85.862933,0.030000,
-6.066089,24.102125,85.552340,-11.834185,31.546652,125.472659,-6.067472,24.118356,85.551775,-5.733246,24.107342,85.862840,0.030000,
-6.066089,24.102125,85.552340,-11.834426,31.546373,125.474113,-6.064551,24.084082,85.552968,-5.733347,24.107346,85.862746,0.030000,
-6.066089,24.102125,85.552340,-11.834668,31.546095,125.475565,-6.067472,24.118356,85.551775,-5.733447,24.107350,85.862653,0.030000,
-6.066089,24.102125,85.552340,-11.834909,31.545817,125.477018,-6.064551,24.084082,85.552968,-5.733547,24.107354,85.862560,0.030000,
-6.066089,24.102125,85.552340,-11.835150,31.545539,125.478470,-6.067472,24.118356,85.551775,-5.733647,24.107358,85.862467,0.030000,
-6.066089,24.102125,85.552340,-11.835392,31.545261,125.479922,-6.064551,24.084082,85.552968,-5.733747,24.107362,85.862374,0.030000,
-6.066089,24.102125,85.552340,-11.835633,31.544983,125.481374,-6.067472,24.118356,85.551775,-5.733848,24.107366,85.862280,0.030000,
-6.066089,24.102125,85.552340,-11.835874,31.544705,125.482826,-6.064551,24.084082,85.552968,-5.733948,24.107370,85.862187,0.030000,
-6.066089,24.102125,85.552340,-11.836116,31.544428,125.484277,-6.067472,24.118356,85.551775,-5.734048,24.107373,85.862094,0.030000,
-6.066089,24.102125,85.552340,-11.836357,31.544150,125.485728,-6.064551,24.084082,85.552968,-5.734148,24.107377,85.862001,0.030000,
-6.066089,24.102125,85.552340,-11.836598,31.543872,125.487178,-6.067472,24.118356,85.551775,-5.734248,24.107381,85.861908,0.030000,
-6.066089,24.102125,85.552340,-11.836839,31.543595,125.488629,-6.064551,24.084082,85.552968,-5.734348,24.107385,85.861815,0.030000,
-6.066089,24.102125,85.552340,-11.837080,31.543317,125.490079,-6.067472,24.118356,85.551775,-5.734448,24.107389,85.861722,0.030000,
-6.066089,24.102125,85.552340,-11.837321,31.543039,125.491528,-6.064551,24.084082,85.552968,-5.734547,24.107393,85.861629,0.030000,
-6.066089,24.102125,85.552340,-11.837562,31.542762,125.492978,-6.067472,24.118356,85.551775,-5.734647,24.107397,85.861536,0.030000,
-6.066089,24.102125,85.552340,-11.837803,31.542484,125.494427,-6.064551,24.084082,85.552968,-5.734747,24.107401,85.861443,0.030000,
-6.066089,24.102125,85.552340,-11.838044,31.542207,125.495876,-6.067472,24.118356,85.551775,-5.734847,24.107404,85.861350,0.030000,
-6.066089,24.102125,85.552340,-11.838285,31.541930,125.497324,-6.064551,24.084082,85.552968,-5.734947,24.107408,85.861258,0.030000,
-6.066089,24.102125,85.552340,-11.838526,31.541653,125.498772,-6.067472,24.118356,85.551775,-5.735046,24.107412,85.861165,0.030000,
-6.066089,24.102125,85.552340,-11.838767,31.541375,125.500220,-6.064551,24.084082,85.552968,-5.735146,24.107416,85.861072,0.030000,
-6.066089,24.102125,85.552340,-11.839008,31.541098,125.501668,-6.067472,24.118356,85.551775,-5.735246,24.107420,85.860979,0.030000,
-6.066089,24.102125,85.552340,-11.839248,31.540821,125.503115,-6.064551,24.084082,85.552968,-5.735345,24.107424,85.860887,0.030000,
-6.066089,24.102125,85.552340,-11.839489,31.540544,125.504563,-6.067472,24.118356,85.551775,-5.735445,24.107428,85.860794,0.030000,
-6.066089,24.102125,85.552340,-11.839730,31.540267,125.506009,-6.064551,24.084082,85.552968,-5.735545,24.107431,85.860701,0.030000,
-6.066089,24.102125,85.552340,-11.839970,31.539990,125.507456,-6.067472,24.118356,85.551775,-5.735644,24.107435,85.860609,0.030000,
-6.066089,24.102125,85.552340,-11.840211,31.539713,125.508902,-6.064551,24.084082,85.552968,-5.735744,24.107439,85.860516,0.030000,
-6.066089,24.102125,85.552340,-11.840451,31.539436,125.510348,-6.067472,24.118356,85.551775,-5.735843,24.107443,85.860423,0.030000,
-6.066089,24.102125,85.552340,-11.840692,31.539160,125.511794,-6.064551,24.084082,85.552968,-5.735943,24.107447,85.860331,0.030000,
-6.066089,24.102125,85.552340,-11.840932,31.538883,125.513239,-6.067472,24.118356,85.551775,-5.736042,24.107450,85.860238,0.030000,
-6.066089,24.102125,85.552340,-11.841173,31.538606,125.514684,-6.064551,24.084082,85.552968,-5.736142,24.107454,85.860146,0.030000,
-6.066089,24.102125,85.552340,-11.841413,31.538330,125.516129,-6.067472,24.118356,85.551775,-5.736241,24.107458,85.860053,0.030000,
-6.066089,24.102125,85.552340,-11.841653,31.538053,125.517573,-6.064551,24.084082,85.552968,-5.736340,24.107462,85.859961,0.030000,
-6.066089,24.102125,85.552340,-11.841894,31.537777,125.519018,-6.067472,24.118356,85.551775,-5.736440,24.107466,85.859868,0.030000,
-6.066089,24.102125,85.552340,-11.842134,31.537500,125.520461,-6.064551,24.084082,85.552968,-5.736539,24.107469,85.859776,0.030000,
-6.066089,24.102125,85.552340,-11.842374,31.537224,125.521905,-6.067472,24.118356,85.551775,-5.736638,24.107473,85.859684,0.030000,
-6.066089,24.102125,85.552340,-11.842614,31.536947,125.523348,-6.064551,24.084082,85.552968,-5.736737,24.107477,85.859591,0.030000,
-6.066089,24.102125,85.552340,-11.842854,31.536671,125.524791,-6.067472,24.118356,85.551775,-5.736837,24.107481,85.859499,0.030000,
-6.066089,24.102125,85.552340,-11.843094,31.536395,125.526234,-6.064551,24.084082,85.552968,-5.736936,24.107485,85.859407,0.030000,
-6.066089,24.102125,85.552340,-11.843335,31.536119,125.527677,-6.067472,24.118356,85.551775,-5.737035,24.107488,85.859314,0.030000,
-6.066089,24.102125,85.552340,-11.843575,31.535842,125.529119,-6.064551,24.084082,85.552968,-5.737134,24.107492,85.859222,0.030000,
-6.066089,24.102125,85.552340,-11.843815,31.535566,125.530561,-6.067472,24.118356,85.551775,-5.737233,24.107496,85.859130,0.030000,
-6.066089,24.102125,85.552340,-11.844054,31.535290,125.532002,-6.064551,24.084082,85.552968,-5.737332,24.107500,85.859038,0.030000,
-6.066089,24.102125,85.552340,-11.844294,31.535014,125.533444,-6.067472,24.118356,85.551775,-5.737431,24.107503,85.858946,0.030000,
-6.066089,24.102125,85.552340,-11.844534,31.534738,125.534885,-6.064551,24.084082,85.552968,-5.737530,24.107507,85.858854,0.030000,
-6.066089,24.102125,85.552340,-11.844774,31.534463,125.536325,-6.067472,24.118356,85.551775,-5.737629,24.107511,85.858761,0.030000,
-6.066089,24.102125,85.552340,-11.845014,31.534187,125.537766,-6.064551,24.084082,85.552968,-5.737728,24.107515,85.858669,0.030000,
-6.066089,24.102125,85.552340,-11.845254,31.533911,125.539206,-6.067472,24.118356,85.551775,-5.737827,24.107518,85.858577,0.030000,
-6.066089,24.102125,85.552340,-11.845493,31.533635,125.540646,-6.064551,24.084082,85.552968,-5.737926,24.107522,85.858485,0.030000,
-6.066089,24.102125,85.552340,-11.845733,31.533360,125.542085,-6.067472,24.118356,85.551775,-5.738025,24.107526,85.858393,0.030000,
-6.066089,24.102125,85.552340,-11.845972,31.533084,125.543525,-6.064551,24.084082,85.552968,-5.738123,24.107529,85.858301,0.030000,
-6.066089,24.102125,85.552340,-11.846212,31.532809,125.544964,-6.067472,24.118356,85.551775,-5.738222,24.107533,85.858210,0.030000,
-6.066089,24.102125,85.552340,-11.846452,31.532533,125.546402,-6.064551,24.084082,85.552968,-5.738321,24.107537,85.858118,0.030000,
-6.066089,24.102125,85.552340,-11.846691,31.532258,125.547841,-6.067472,24.118356,85.551775,-5.738420,24.107541,85.858026,0.030000,
-6.066089,24.102125,85.552340,-11.846931,31.531982,125.549279,-6.064551,24.084082,85.552968,-5.738518,24.107544,85.857934,0.030000,
-6.066089,24.102125,85.552340,-11.847170,31.531707,125.550717,-6.067472,24.118356,85.551775,-5.738617,24.107548,85.857842,0.030000,
-6.066089,24.102125,85.552340,-11.847409,31.531432,125.552154,-6.064551,24.084082,85.552968,-5.738716,24.107552,85.857750,0.030000,
-6.066089,24.102125,85.552340,-11.847649,31.531156,125.553592,-6.067472,24.118356,85.551775,-5.738814,24.107555,85.857659,0.030000,
-6.066089,24.102125,85.552340,-11.847888,31.530881,125.555029,-6.064551,24.084082,85.552968,-5.738913,24.107559,85.857567,0.030000,
-6.066089,24.102125,85.552340,-11.848127,31.530606,125.556465,-6.067472,24.118356,85.551775,-5.739011,24.107563,85.857475,0.030000,
-6.066089,24.102125,85.552340,-11.848366,31.530331,125.557902,-6.064551,24.084082,85.552968,-5.739110,24.107566,85.857383,0.030000,
-6.066089,24.102125,85.552340,-11.848606,31.530056,125.559338,-6.067472,24.118356,85.551775,-5.739208,24.107570,85.857292,0.030000,
-6.066089,24.102125,85.552340,-11.848845,31.529781,125.560774,-6.064551,24.084082,85.552968,-5.739307,24.107574,85.857200,0.030000,
-6.066089,24.102125,85.552340,-11.849084,31.529506,125.562209,-6.067472,24.118356,85.551775,-5.739405,24.107577,85.857109,0.030000,
-6.066089,24.102125,85.552340,-11.849323,31.529231,125.563644,-6.064551,24.084082,85.552968,-5.739504,24.107581,85.857017,0.030000,
-6.066089,24.102125,85.552340,-11.849562,31.528957,125.565079,-6.067472,24.118356,85.551775,-5.739602,24.107585,85.856926,0.030000,
-6.066089,24.102125,85.552340,-11.849801,31.528682,125.566514,-6.064551,24.084082,85.552968,-5.739700,24.107588,85.856834,0.030000,
-6.066089,24.102125,85.552340,-11.850040,31.528407,125.567948,-6.067472,24.118356,85.551775,-5.739799,24.107592,85.856743,0.030000,
-6.066089,24.102125,85.552340,-11.850279,31.528133,125.569383,-6.064551,24.084082,85.552968,-5.739897,24.107596,85.856651,0.030000,
-6.066089,24.102125,85.552340,-11.850518,31.527858,125.570816,-6.067472,24.118356,85.551775,-5.739995,24.107599,85.856560,0.030000,
-6.066089,24.102125,85.552340,-11.850756,31.527583,125.572250,-6.064551,24.084082,85.552968,-5.740093,24.107603,85.856468,0.030000,
-6.066089,24.102125,85.552340,-11.850995,31.527309,125.573683,-6.067472,24.118356,85.551775,-5.740192,24.107606,85.856377,0.030000,
-6.066089,24.102125,85.552340,-11.851234,31.527035,125.575116,-6.064551,24.084082,85.552968,-5.740290,24.107610,85.856286,0.030000,
-6.066089,24.102125,85.552340,-11.851473,31.526760,125.576549,-6.067472,24.118356,85.551775,-5.740388,24.107614,85.856194,0.030000,
-6.066089,24.102125,85.552340,-11.851711,31.526486,125.577981,-6.064551,24.084082,85.552968,-5.740486,24.107617,85.856103,0.030000,
-6.066089,24.102125,85.552340,-11.851950,31.526212,125.579413,-6.067472,24.118356,85.551775,-5.740584,24.107621,85.856012,0.030000,
-6.066089,24.102125,85.552340,-11.852189,31.525937,125.580845,-6.064551,24.084082,85.552968,-5.740682,24.107625,85.855920,0.030000,
-6.066089,24.102125,85.552340,-11.852427,31.525663,125.582277,-6.067472,24.118356,85.551775,-5.740780,24.107628,85.855829,0.030000,
-6.066089,24.102125,85.552340,-11.852666,31.525389,125.583708,-6.064551,24.084082,85.552968,-5.740878,24.107632,85.855738,0.030000,
-6.066089,24.102125,85.552340,-11.852904,31.525115,125.585139,-6.067472,24.118356,85.551775,-5.740976,24.107635,85.855647,0.030000,
-6.066089,24.102125,85.552340,-11.853143,31.524841,125.586569,-6.064551,24.084082,85.552968,-5.741074,24.107639,85.855556,0.030000,
-6.066089,24.102125,85.552340,-11.853381,31.524567,125.588000,-6.067472,24.118356,85.551775,-5.741172,24.107643,85.855465,0.030000,
-6.066089,24.102125,85.552340,-11.853619,31.524293,125.589430,-6.064551,24.084082,85.552968,-5.741270,24.107646,85.855374,0.030000,
-6.066089,24.102125,85.552340,-11.853858,31.524019,125.590860,-6.067472,24.118356,85.551775,-5.741367,24.107650,85.855283,0.030000,
-6.066089,24.102125,85.552340,-11.854096,31.523746,125.592289,-6.064551,24.084082,85.552968,-5.741465,24.107653,85.855192,0.030000,
-6.066089,24.102125,85.552340,-11.854334,31.523472,125.593718,-6.067472,24.118356,85.551775,-5.741563,24.107657,85.855101,0.030000,
-6.066089,24.102125,85.552340,-11.854572,31.523198,125.595147,-6.064551,24.084082,85.552968,-5.741661,24.107660,85.855010,0.030000,
-6.066089,24.102125,85.552340,-11.854810,31.522925,125.596576,-6.067472,24.118356,85.551775,-5.741758,24.107664,85.854919,0.030000,
-6.066089,24.102125,85.552340,-11.855049,31.522651,125.598004,-6.064551,24.084082,85.552968,-5.741856,24.107667,85.854828,0.030000,
-6.066089,24.102125,85.552340,-11.855287,31.522378,125.599432,-6.067472,24.118356,85.551775,-5.741954,24.107671,85.854737,0.030000,
-6.066089,24.102125,85.552340,-11.855525,31.522104,125.600860,-6.064551,24.084082,85.552968,-5.742051,24.107675,85.854646,0.030000,
-6.066089,24.102125,85.552340,-11.855763,31.521831,125.602288,-6.067472,24.118356,85.551775,-5.742149,24.107678,85.854555,0.030000,
-6.066089,24.102125,85.552340,-11.856001,31.521557,125.603715,-6.064551,24.084082,85.552968,-5.742247,24.107682,85.854464,0.030000,
-6.066089,24.102125,85.552340,-11.856238,31.521284,125.605142,-6.067472,24.118356,85.551775,-5.742344,24.107685,85.854374,0.030000,
-6.066089,24.102125,85.552340,-11.856476,31.521011,125.606568,-6.064551,24.084082,85.552968,-5.742442,24.107689,85.854283,0.030000,
-6.066089,24.102125,85.552340,-11.856714,31.520738,125.607995,-6.067472,24.118356,85.551775,-5.742539,24.107692,85.854192,0.030000,
-6.066089,24.102125,85.552340,-11.856952,31.520465,125.609421,-6.064551,24.084082,85.552968,-5.742636,24.107696,85.854102,0.030000,
-6.066089,24.102125,85.552340,-11.857190,31.520191,125.610847,-6.067472,24.118356,85.551775,-5.742734,24.107699,85.854011,0.030000,
-6.066089,24.102125,85.552340,-11.857427,31.519918,125.612272,-6.064551,24.084082,85.552968,-5.742831,24.107703,85.853920,0.030000,
-6.066089,24.102125,85.552340,-11.857665,31.519645,125.613697,-6.067472,24.118356,85.551775,-5.742929,24.107706,85.853830,0.030000,
-6.066089,24.102125,85.552340,-11.857903,31.519373,125.615122,-6.064551,24.084082,85.552968,-5.743026,24.107710,85.853739,0.030000,
-6.066089,24.102125,85.552340,-11.858140,31.519100,125.616547,-6.067472,24.118356,85.551775,-5.743123,24.107713,85.853648,0.030000,
-6.066089,24.102125,85.552340,-11.858378,31.518827,125.617971,-6.064551,24.084082,85.552968,-5.743221,24.107717,85.853558,0.030000,
-6.066089,24.102125,85.552340,-11.858615,31.518554,125.619395,-6.067472,24.118356,85.551775,-5.743318,24.107720,85.853467,0.030000,
-6.066089,24.102125,85.552340,-11.858853,31.518281,125.620819,-6.064551,24.084082,85.552968,-5.743415,24.107724,85.853377,0.030000,
-6.066089,24.102125,85.552340,-11.859090,31.518009,125.622243,-6.067472,24.118356,85.551775,-5.743512,24.107727,85.853287,0.030000,
-6.066089,24.102125,85.552340,-11.859328,31.517736,125.623666,-6.064551,24.084082,85.552968,-5.743609,24.107731,85.853196,0.030000,
-6.066089,24.102125,85.552340,-11.859565,31.517464,125.625089,-6.067472,24.118356,85.551775,-5.743706,24.107734,85.853106,0.030000,
-6.066089,24.102125,85.552340,-11.859802,31.517191,125.626511,-6.064551,24.084082,85.552968,-5.743803,24.107738,85.853015,0.030000,
-6.066089,24.102125,85.552340,-11.860040,31.516919,125.627934,-6.067472,24.118356,85.551775,-5.743901,24.107741,85.852925,0.030000,
-6.066089,24.102125,85.552340,-11.860277,31.516646,125.629356,-6.064551,24.084082,85.552968,-5.743998,24.107745,85.852835,0.030000,
-6.066089,24.102125,85.552340,-11.860514,31.516374,125.630778,-6.067472,24.118356,85.551775,-5.744095,24.107748,85.852744,0.030000,
-6.066089,24.102125,85.552340,-11.860751,31.516102,125.632199,-6.064551,24.084082,85.552968,-5.744192,24.107752,85.852654,0.030000,
-6.066089,24.102125,85.552340,-11.860989,31.515829,125.633620,-6.067472,24.118356,85.551775,-5.744289,24.107755,85.852564,0.030000,
-6.066089,24.102125,85.552340,-11.861226,31.515557,125.635041,-6.064551,24.084082,85.552968,-5.744385,24.107758,85.852474,0.030000,
-6.066089,24.102125,85.552340,-11.861463,31.515285,125.636462,-6.067472,24.118356,85.551775,-5.744482,24.107762,85.852384,0.030000,
-6.066089,24.102125,85.552340,-11.861700,31.515013,125.637882,-6.064551,24.084082,85.552968,-5.744579,24.107765,85.852294,0.030000,
-6.066089,24.102125,85.552340,-11.861937,31.514741,125.639302,-6.067472,24.118356,85.551775,-5.744676,24.107769,85.852203,0.030000,
-6.066089,24.102125,85.552340,-11.862174,31.514469,125.640722,-6.064551,24.084082,85.552968,-5.744773,24.107772,85.852113,0.030000,
-6.066089,24.102125,85.552340,-11.862410,31.514197,125.642142,-6.067472,24.118356,85.551775,-5.744870,24.107776,85.852023,0.030000,
-6.066089,24.102125,85.552340,-11.862647,31.513925,125.643561,-6.064551,24.084082,85.552968,-5.744966,24.107779,85.851933,0.030000,
-6.066089,24.102125,85.552340,-11.862884,31.513653,125.644980,-6.067472,24.118356,85.551775,-5.745063,24.107782,85.851843,0.030000,
-6.066089,24.102125,85.552340,-11.863121,31.513382,125.646398,-6.064551,24.084082,85.552968,-5.745160,24.107786,85.851753,0.030000,
-6.066089,24.102125,85.552340,-11.863358,31.513110,125.647817,-6.067472,24.118356,85.551775,-5.745256,24.107789,85.851663,0.030000,
-6.066089,24.102125,85.552340,-11.863594,31.512838,125.649235,-6.064551,24.084082,85.552968,-5.745353,24.107793,85.851573,0.030000,
-6.066089,24.102125,85.552340,-11.863831,31.512567,125.650653,-6.067472,24.118356,85.551775,-5.745450,24.107796,85.851483,0.030000,
-6.066089,24.102125,85.552340,-11.864068,31.512295,125.652070,-6.064551,24.084082,85.552968,-5.745546,24.107799,85.851394,0.030000,
-6.066089,24.102125,85.552340,-11.864304,31.512024,125.653487,-6.067472,24.118356,85.551775,-5.745643,24.107803,85.851304,0.030000,
-6.066089,24.102125,85.552340,-11.864541,31.511752,125.654904,-6.064551,24.084082,85.552968,-5.745739,24.107806,85.851214,0.030000,
-6.066089,24.102125,85.552340,-11.864777,31.511481,125.656321,-6.067472,24.118356,85.551775,-5.745836,24.107810,85.851124,0.030000,
-6.066089,24.102125,85.552340,-11.865014,31.511209,125.657737,-6.064551,24.084082,85.552968,-5.745932,24.107813,85.851034,0.030000,
-6.066089,24.102125,85.552340,-11.865250,31.510938,125.659153,-6.067472,24.118356,85.551775,-5.746029,24.107816,85.850945,0.030000,
-6.066089,24.102125,85.552340,-11.865486,31.510667,125.660569,-6.064551,24.084082,85.552968,-5.746125,24.107820,85.850855,0.030000,
-6.066089,24.102125,85.552340,-11.865723,31.510396,125.661985,-6.067472,24.118356,85.551775,-5.746221,24.107823,85.850765,0.030000,
-6.066089,24.102125,85.552340,-11.865959,31.510125,125.663400,-6.064551,24.084082,85.552968,-5.746318,24.107827,85.850676,0.030000,
-6.066089,24.102125,85.552340,-11.866195,31.509854,125.664815,-6.067472,24.118356,85.551775,-5.746414,24.107830,85.850586,0.030000,
-6.066089,24.102125,85.552340,-11.866432,31.509583,125.666230,-6.064551,24.084082,85.552968,-5.746510,24.107833,85.850496,0.030000,
-6.066089,24.102125,85.552340,-11.866668,31.509312,125.667644,-6.067472,24.118356,85.551775,-5.746606,24.107837,85.850407,0.030000,
-6.066089,24.102125,85.552340,-11.866904,31.509041,125.669058,-6.064551,24.084082,85.552968,-5.746703,24.107840,85.850317,0.030000,
-6.066089,24.102125,85.552340,-11.867140,31.508770,125.670472,-6.067472,24.118356,85.551775,-5.746799,24.107843,85.850228,0.030000,
-6.066089,24.102125,85.552340,-11.867376,31.508499,125.671886,-6.064551,24.084082,85.552968,-5.746895,24.107847,85.850138,0.030000,
-6.066089,24.102125,85.552340,-11.867612,31.508228,125.673299,-6.067472,24.118356,85.551775,-5.746991,24.107850,85.850049,0.030000,
-6.066089,24.102125,85.552340,-11.867848,31.507958,125.674712,-6.064551,24.084082,85.552968,-5.747087,24.107853,85.849959,0.030000,
-6.066089,24.102125,85.552340,-11.868084,31.507687,125.676124,-6.067472,24.118356,85.551775,-5.747183,24.107857,85.849870,0.030000,
-6.066089,24.102125,85.552340,-11.868320,31.507416,125.677537,-6.064551,24.084082,85.552968,-5.747279,24.107860,85.849780,0.030000,
-6.066089,24.102125,85.552340,-11.868556,31.507146,125.678949,-6.067472,24.118356,85.551775,-5.747375,24.107863,85.849691,0.030000,
-6.066089,24.102125,85.552340,-11.868792,31.506875,125.680361,-6.064551,24.084082,85.552968,-5.747471,24.107867,85.849602,0.030000,
-6.066089,24.102125,85.552340,-11.869027,31.506605,125.681772,-6.067472,24.118356,85.551775,-5.747567,24.107870,85.849513,0.030000,
-6.066089,24.102125,85.552340,-11.869263,31.506334,125.683184,-6.064551,24.084082,85.552968,-5.747663,24.107873,85.849423,0.030000,
-6.066089,24.102125,85.552340,-11.869499,31.506064,125.684595,-6.067472,24.118356,85.551775,-5.747759,24.107877,85.849334,0.030000,
-6.066089,24.102125,85.552340,-11.869734,31.505794,125.686005,-6.064551,24.084082,85.552968,-5.747855,24.107880,85.849245,0.030000,
-6.066089,24.102125,85.552340,-11.869970,31.505524,125.687416,-6.067472,24.118356,85.551775,-5.747951,24.107883,85.849156,0.030000,
-6.066089,24.102125,85.552340,-11.870206,31.505253,125.688826,-6.064551,24.084082,85.552968,-5.748047,24.107886,85.849066,0.030000,
-6.066089,24.102125,85.552340,-11.870441,31.504983,125.690236,-6.067472,24.118356,85.551775,-5.748142,24.107890,85.848977,0.030000,
-6.066089,24.102125,85.552340,-11.870677,31.504713,125.691645,-6.064551,24.084082,85.552968,-5.748238,24.107893,85.848888,0.030000,
-6.066089,24.102125,85.552340,-11.870912,31.504443,125.693055,-6.067472,24.118356,85.551775,-5.748334,24.107896,85.848799,0.030000,
-6.066089,24.102125,85.552340,-11.871148,31.504173,125.694464,-6.064551,24.084082,85.552968,-5.748430,24.107900,85.848710,0.030000,
-6.066089,24.102125,85.552340,-11.871383,31.503903,125.695872,-6.067472,24.118356,85.551775,-5.748525,24.107903,85.848621,0.030000,
-6.066089,24.102125,85.552340,-11.871618,31.503634,125.697281,-6.064551,24.084082,85.552968,-5.748621,24.107906,85.848532,0.030000,
-6.066089,24.102125,85.552340,-11.871854,31.503364,125.698689,-6.067472,24.118356,85.551775,-5.748716,24.107909,85.848443,0.030000,
-6.066089,24.102125,85.552340,-11.872089,31.503094,125.700097,-6.064551,24.084082,85.552968,-5.748812,24.107913,85.848354,0.030000,
-6.066089,24.102125,85.552340,-11.872324,31.502824,125.701504,-6.067472,24.118356,85.551775,-5.748908,24.107916,85.848265,0.030000,
-6.066089,24.102125,85.552340,-11.872559,31.502555,125.702912,-6.064551,24.084082,85.552968,-5.749003,24.107919,85.848176,0.030000,
-6.066089,24.102125,85.552340,-11.872795,31.502285,125.704319,-6.067472,24.118356,85.551775,-5.749099,24.107922,85.848087,0.030000,
-6.066089,24.102125,85.552340,-11.873030,31.502015,125.705725,-6.064551,24.084082,85.552968,-5.749194,24.107926,85.847998,0.030000,
-6.066089,24.102125,85.552340,-11.873265,31.501746,125.707132,-6.067472,24.118356,85.551775,-5.749289,24.107929,85.847910,0.030000,
-6.066089,24.102125,85.552340,-11.873500,31.501477,125.708538,-6.064551,24.084082,85.552968,-5.749385,24.107932,85.847821,0.030000,
-6.066089,24.102125,85.552340,-11.873735,31.501207,125.709944,-6.067472,24.118356,85.551775,-5.749480,24.107935,85.847732,0.030000,
-6.066089,24.102125,85.552340,-11.873970,31.500938,125.711350,-6.064551,24.084082,85.552968,-5.749576,24.107939,85.847643,0.030000,
-6.066089,24.102125,85.552340,-11.874205,31.500669,125.712755,-6.067472,24.118356,85.551775,-5.749671,24.107942,85.847555,0.030000,
-6.066089,24.102125,85.552340,-11.874440,31.500399,125.714160,-6.064551,24.084082,85.552968,-5.749766,24.107945,85.847466,0.030000,
-6.066089,24.102125,85.552340,-11.874674,31.500130,125.715565,-6.067472,24.118356,85.551775,-5.749861,24.107948,85.847377,0.030000,
-6.066089,24.102125,85.552340,-11.874909,31.499861,125.716969,-6.064551,24.084082,85.552968,-5.749957,24.107951,85.847289,0.030000,
-6.066089,24.102125,85.552340,-11.875144,31.499592,125.718374,-6.067472,24.118356,85.551775,-5.750052,24.107955,85.847200,0.030000,
-6.066089,24.102125,85.552340,-11.875379,31.499323,125.719777,-6.064551,24.084082,85.552968,-5.750147,24.107958,85.847111,0.030000,
-6.066089,24.102125,85.552340,-11.875613,31.499054,125.721181,-6.067472,24.118356,85.551775,-5.750242,24.107961,85.847023,0.030000,
-6.066089,24.102125,85.552340,-11.875848,31.498785,125.722584,-6.064551,24.084082,85.552968,-5.750337,24.107964,85.846934,0.030000,
-6.066089,24.102125,85.552340,-11.876083,31.498516,125.723988,-6.067472,24.118356,85.551775,-5.750432,24.107967,85.846846,0.030000,
-6.066089,24.102125,85.552340,-11.876317,31.498247,125.725390,-6.064551,24.084082,85.552968,-5.750527,24.107971,85.846757,0.030000,
-6.066089,24.102125,85.552340,-11.876552,31.497979,125.726793,-6.067472,24.118356,85.551775,-5.750622,24.107974,85.846669,0.030000,
-6.066089,24.102125,85.552340,-11.876786,31.497710,125.728195,-6.064551,24.084082,85.552968,-5.750717,24.107977,85.846580,0.030000,
-6.066089,24.102125,85.552340,-11.877021,31.497441,125.729597,-6.067472,24.118356,85.551775,-5.750812,24.107980,85.846492,0.030000,
-6.066089,24.102125,85.552340,-11.877255,31.497173,125.730999,-6.064551,24.084082,85.552968,-5.750907,24.107983,85.846404,0.030000,
-6.066089,24.102125,85.552340,-11.877490,31.496904,125.732400,-6.067472,24.118356,85.551775,-5.751002,24.107987,85.846315,0.030000,
-6.066089,24.102125,85.552340,-11.877724,31.496636,125.733801,-6.064551,24.084082,85.552968,-5.751097,24.107990,85.846227,0.030000,
-6.066089,24.102125,85.552340,-11.877958,31.496367,125.735202,-6.067472,24.118356,85.551775,-5.751192,24.107993,85.846139,0.030000,
-6.066089,24.102125,85.552340,-11.878192,31.496099,125.736603,-6.064551,24.084082,85.552968,-5.751287,24.107996,85.846050,0.030000,
-6.066089,24.102125,85.552340,-11.878427,31.495831,125.738003,-6.067472,24.118356,85.551775,-5.751382,24.107999,85.845962,0.030000,
-6.066089,24.102125,85.552340,-11.878661,31.495562,125.739403,-6.064551,24.084082,85.552968,-5.751476,24.108002,85.845874,0.030000,
-6.066089,24.102125,85.552340,-11.878895,31.495294,125.740803,-6.067472,24.118356,85.551775,-5.751571,24.108005,85.845786,0.030000,
-6.066089,24.102125,85.552340,-11.879129,31.495026,125.742202,-6.064551,24.084082,85.552968,-5.751666,24.108009,85.845698,0.030000,
-6.066089,24.102125,85.552340,-11.879363,31.494758,125.743601,-6.067472,24.118356,85.551775,-5.751761,24.108012,85.845610,0.030000,
-6.066089,24.102125,85.552340,-11.879597,31.494490,125.745000,-6.064551,24.084082,85.552968,-5.751855,24.108015,85.845521,0.030000,
-6.066089,24.102125,85.552340,-11.879831,31.494222,125.746399,-6.067472,24.118356,85.551775,-5.751950,24.108018,85.845433,0.030000,
-6.066089,24.102125,85.552340,-11.880065,31.493954,125.747797,-6.064551,24.084082,85.552968,-5.752044,24.108021,85.845345,0.030000,
-6.066089,24.102125,85.552340,-11.880299,31.493686,125.749195,-6.067472,24.118356,85.551775,-5.752139,24.108024,85.845257,0.030000,
-6.066089,24.102125,85.552340,-11.880533,31.493418,125.750593,-6.064551,24.084082,85.552968,-5.752234,24.108027,85.845169,0.030000,
-6.066089,24.102125,85.552340,-11.880767,31.493150,125.751990,-6.067472,24.118356,85.551775,-5.752328,24.108030,85.845081,0.030000,
-6.066089,24.102125,85.552340,-11.881001,31.492882,125.753387,-6.064551,24.084082,85.552968,-5.752423,24.108034,85.844993,0.030000,
-6.066089,24.102125,85.552340,-11.881234,31.492615,125.754784,-6.067472,24.118356,85.551775,-5.752517,24.108037,85.844905,0.030000,
-6.066089,24.102125,85.552340,-11.881468,31.492347,125.756181,-6.064551,24.084082,85.552968,-5.752611,24.108040,85.844818,0.030000,
-6.066089,24.102125,85.552340,-11.881702,31.492079,125.757577,-6.067472,24.118356,85.551775,-5.752706,24.108043,85.844730,0.030000,
-6.066089,24.102125,85.552340,-11.881935,31.491812,125.758973,-6.064551,24.084082,85.552968,-5.752800,24.108046,85.844642,0.030000,
-6.066089,24.102125,85.552340,-11.882169,31.491544,125.760369,-6.067472,24.118356,85.551775,-5.752895,24.108049,85.844554,0.030000,
-6.066089,24.102125,85.552340,-11.882402,31.491277,125.761764,-6.064551,24.084082,85.552968,-5.752989,24.108052,85.844466,0.030000,
-6.066089,24.102125,85.552340,-11.882636,31.491009,125.763160,-6.067472,24.118356,85.551775,-5.753083,24.108055,85.844378,0.030000,
-6.066089,24.102125,85.552340,-11.882869,31.490742,125.764555,-6.064551,24.084082,85.552968,-5.753177,24.108058,85.844291,0.030000,
-6.066089,24.102125,85.552340,-11.883103,31.490475,125.765949,-6.067472,24.118356,85.551775,-5.753272,24.108061,85.844203,0.030000,
-6.066089,24.102125,85.552340,-11.883336,31.490208,125.767344,-6.064551,24.084082,85.552968,-5.753366,24.108065,85.844115,0.030000,
-6.066089,24.102125,85.552340,-11.883570,31.489940,125.768738,-6.067472,24.118356,85.551775,-5.753460,24.108068,85.844028,0.030000,
-6.066089,24.102125,85.552340,-11.883803,31.489673,125.770131,-6.064551,24.084082,85.552968,-5.753554,24.108071,85.843940,0.030000,
-6.066089,24.102125,85.552340,-11.884036,31.489406,125.771525,-6.067472,24.118356,85.551775,-5.753648,24.108074,85.843852,0.030000,
-6.066089,24.102125,85.552340,-11.884270,31.489139,125.772918,-6.064551,24.084082,85.552968,-5.753742,24.108077,85.843765,0.030000,
-6.066089,24.102125,85.552340,-11.884503,31.488872,125.774311,-6.067472,24.118356,85.551775,-5.753836,24.108080,85.843677,0.030000,
-6.066089,24.102125,85.552340,-11.884736,31.488605,125.775704,-6.064551,24.084082,85.552968,-5.753930,24.108083,85.843590,0.030000,
-6.066089,24.102125,85.552340,-11.884969,31.488338,125.777096,-6.067472,24.118356,85.551775,-5.754024,24.108086,85.843502,0.030000,
-6.066089,24.102125,85.552340,-11.885202,31.488072,125.778488,-6.064551,24.084082,85.552968,-5.754118,24.108089,85.843415,0.030000,
-6.066089,24.102125,85.552340,-11.885435,31.487805,125.779880,-6.067472,24.118356,85.551775,-5.754212,24.108092,85.843327,0.030000,
-6.066089,24.102125,85.552340,-11.885668,31.487538,125.781272,-6.064551,24.084082,85.552968,-5.754306,24.108095,85.843240,0.030000,
-6.066089,24.102125,85.552340,-11.885901,31.487271,125.782663,-6.067472,24.118356,85.551775,-5.754400,24.108098,85.843153,0.030000,
-6.066089,24.102125,85.552340,-11.886134,31.487005,125.784054,-6.064551,24.084082,85.552968,-5.754494,24.108101,85.843065,0.030000,
-6.066089,24.102125,85.552340,-11.886367,31.486738,125.785445,-6.067472,24.118356,85.551775,-5.754588,24.108104,85.842978,0.030000,
-6.066089,24.102125,85.552340,-11.886600,31.486472,125.786835,-6.064551,24.084082,85.552968,-5.754682,24.108107,85.842891,0.030000,
-6.066089,24.102125,85.552340,-11.886833,31.486205,125.788226,-6.067472,24.118356,85.551775,-5.754775,24.108110,85.842803,0.030000,
-6.066089,24.102125,85.552340,-11.887065,31.485939,125.789615,-6.064551,24.084082,85.552968,-5.754869,24.108113,85.842716,0.030000,
-6.066089,24.102125,85.552340,-11.887298,31.485673,125.791005,-6.067472,24.118356,85.551775,-5.754963,24.108116,85.842629,0.030000,
-6.066089,24.102125,85.552340,-11.887531,31.485406,125.792394,-6.064551,24.084082,85.552968,-5.755057,24.108119,85.842542,0.030000,
-6.066089,24.102125,85.552340,-11.887763,31.485140,125.793784,-6.067472,24.118356,85.551775,-5.755150,24.108122,85.842454,0.030000,
-6.066089,24.102125,85.552340,-11.887996,31.484874,125.795172,-6.064551,24.084082,85.552968,-5.755244,24.108125,85.842367,0.030000,
-6.066089,24.102125,85.552340,-11.888229,31.484608,125.796561,-6.067472,24.118356,85.551775,-5.755338,24.108128,85.842280,0.030000,
-6.066089,24.102125,85.552340,-11.888461,31.484342,125.797949,-6.064551,24.084082,85.552968,-5.755431,24.108131,85.842193,0.030000,
-6.066089,24.102125,85.552340,-11.888694,31.484076,125.799337,-6.067472,24.118356,85.551775,-5.755525,24.108134,85.842106,0.030000,
-6.066089,24.102125,85.552340,-11.888926,31.483810,125.800725,-6.064551,24.084082,85.552968,-5.755618,24.108137,85.842019,0.030000,
-6.066089,24.102125,85.552340,-11.889159,31.483544,125.802112,-6.067472,24.118356,85.551775,-5.755712,24.108140,85.841932,0.030000,
-6.066089,24.102125,85.552340,-11.889391,31.483278,125.803499,-6.064551,24.084082,85.552968,-5.755805,24.108143,85.841845,0.030000,
-6.066089,24.102125,85.552340,-11.889623,31.483012,125.804886,-6.067472,24.118356,85.551775,-5.755899,24.108146,85.841758,0.030000,
-6.066089,24.102125,85.552340,-11.889856,31.482746,125.806273,-6.064551,24.084082,85.552968,-5.755992,24.108149,85.841671,0.030000,
-6.066089,24.102125,85.552340,-11.890088,31.482480,125.807659,-6.067472,24.118356,85.551775,-5.756085,24.108152,85.841584,0.030000,
-6.066089,24.102125,85.552340,-11.890320,31.482215,125.809045,-6.064551,24.084082,85.552968,-5.756179,24.108155,85.841497,0.030000,
-6.066089,24.102125,85.552340,-11.890552,31.481949,125.810431,-6.067472,24.118356,85.551775,-5.756272,24.108158,85.841410,0.030000,
-6.066089,24.102125,85.552340,-11.890785,31.481683,125.811816,-6.064551,24.084082,85.552968,-5.756365,24.108161,85.841323,0.030000,
-6.066089,24.102125,85.552340,-11.891017,31.481418,125.813201,-6.067472,24.118356,85.551775,-5.756459,24.108164,85.841237,0.030000,
-6.066089,24.102125,85.552340,-11.891249,31.481152,125.814586,-6.064551,24.084082,85.552968,-5.756552,24.108167,85.841150,0.030000,
-6.066089,24.102125,85.552340,-11.891481,31.480887,125.815971,-6.067472,24.118356,85.551775,-5.756645,24.108170,85.841063,0.030000,
-6.066089,24.102125,85.552340,-11.891713,31.480622,125.817355,-6.064551,24.084082,85.552968,-5.756738,24.108173,85.840976,0.030000,
-6.066089,24.102125,85.552340,-11.891945,31.480356,125.818739,-6.067472,24.118356,85.551775,-5.756831,24.108176,85.840890,0.030000,
-6.066089,24.102125,85.552340,-11.892177,31.480091,125.820123,-6.064551,24.084082,85.552968,-5.756924,24.108178,85.840803,0.030000,
-6.066089,24.102125,85.552340,-11.892408,31.479826,125.821506,-6.067472,24.118356,85.551775,-5.757018,24.108181,85.840716,0.030000,
-6.066089,24.102125,85.552340,-11.892640,31.479561,125.822889,-6.064551,24.084082,85.552968,-5.757111,24.108184,85.840630,0.030000,
-6.066089,24.102125,85.552340,-11.892872,31.479296,125.824272,-6.067472,24.118356,85.551775,-5.757204,24.108187,85.840543,0.030000,
-6.066089,24.102125,85.552340,-11.893104,31.479031,125.825655,-6.064551,24.084082,85.552968,-5.757297,24.108190,85.840456,0.030000,
-6.066089,24.102125,85.552340,-11.893336,31.478766,125.827037,-6.067472,24.118356,85.551775,-5.757390,24.108193,85.840370,0.030000,
-6.066089,24.102125,85.552340,-11.893567,31.478501,125.828420,-6.064551,24.084082,85.552968,-5.757483,24.108196,85.840283,0.030000,
-6.066089,24.102125,85.552340,-11.893799,31.478236,125.829801,-6.067472,24.118356,85.551775,-5.757576,24.108199,85.840197,0.030000,
-6.066089,24.102125,85.552340,-11.894031,31.477971,125.831183,-6.064551,24.084082,85.552968,-5.757668,24.108202,85.840110,0.030000,
-6.066089,24.102125,85.552340,-11.894262,31.477706,125.832564,-6.067472,24.118356,85.551775,-5.757761,24.108205,85.840024,0.030000,
-6.066089,24.102125,85.552340,-11.894494,31.477441,125.833945,-6.064551,24.084082,85.552968,-5.757854,24.108208,85.839937,0.030000,
-6.066089,24.102125,85.552340,-11.894725,31.477177,125.835326,-6.067472,24.118356,85.551775,-5.757947,24.108210,85.839851,0.030000,
-6.066089,24.102125,85.552340,-11.894957,31.476912,125.836706,-6.064551,24.084082,85.552968,-5.758040,24.108213,85.839765,0.030000,
-6.066089,24.102125,85.552340,-11.895188,31.476647,125.838087,-6.067472,24.118356,85.551775,-5.758133,24.108216,85.839678,0.030000,
-6.066089,24.102125,85.552340,-11.895419,31.476383,125.839466,-6.064551,24.084082,85.552968,-5.758225,24.108219,85.839592,0.030000,
-6.066089,24.102125,85.552340,-11.895651,31.476118,125.840846,-6.067472,24.118356,85.551775,-5.758318,24.108222,85.839506,0.030000,
-6.066089,24.102125,85.552340,-11.895882,31.475854,125.842225,-6.064551,24.084082,85.552968,-5.758411,24.108225,85.839419,0.030000,
-6.066089,24.102125,85.552340,-11.896113,31.475590,125.843604,-6.067472,24.118356,85.551775,-5.758503,24.108228,85.839333,0.030000,
-6.066089,24.102125,85.552340,-11.896345,31.475325,125.844983,-6.064551,24.084082,85.552968,-5.758596,24.108231,85.839247,0.030000,
-6.066089,24.102125,85.552340,-11.896576,31.475061,125.846362,-6.067472,24.118356,85.551775,-5.758688,24.108233,85.839161,0.030000,
-6.066089,24.102125,85.552340,-11.896807,31.474797,125.847740,-6.064551,24.084082,85.552968,-5.758781,24.108236,85.839075,0.030000,
-6.066089,24.102125,85.552340,-11.897038,31.474533,125.849118,-6.067472,24.118356,85.551775,-5.758874,24.108239,85.838989,0.030000,
-6.066089,24.102125,85.552340,-11.897269,31.474268,125.850496,-6.064551,24.084082,85.552968,-5.758966,24.108242,85.838902,0.030000,
-6.066089,24.102125,85.552340,-11.897500,31.474004,125.851873,-6.067472,24.118356,85.551775,-5.759059,24.108245,85.838816,0.030000,
-6.066089,24.102125,85.552340,-11.897731,31.473740,125.853250,-6.064551,24.084082,85.552968,-5.759151,24.108248,85.838730,0.030000,
-6.066089,24.102125,85.552340,-11.897962,31.473476,125.854627,-6.067472,24.118356,85.551775,-5.759243,24.108251,85.838644,0.030000,
-6.066089,24.102125,85.552340,-11.898193,31.473213,125.856003,-6.064551,24.084082,85.552968,-5.759336,24.108253,85.838558,0.030000,
-6.066089,24.102125,85.552340,-11.898424,31.472949,125.857380,-6.067472,24.118356,85.551775,-5.759428,24.108256,85.838472,0.030000,
-6.066089,24.102125,85.552340,-11.898655,31.472685,125.858756,-6.064551,24.084082,85.552968,-5.759521,24.108259,85.838386,0.030000,
-6.066089,24.102125,85.552340,-11.898885,31.472421,125.860131,-6.067472,24.118356,85.551775,-5.759613,24.108262,85.838300,0.030000,
-6.066089,24.102125,85.552340,-11.899116,31.472157,125.861507,-6.064551,24.084082,85.552968,-5.759705,24.108265,85.838214,0.030000,
-6.066089,24.102125,85.552340,-11.899347,31.471894,125.862882,-6.067472,24.118356,85.551775,-5.759797,24.108267,85.838129,0.030000,
-6.066089,24.102125,85.552340,-11.899578,31.471630,125.864257,-6.064551,24.084082,85.552968,-5.759890,24.108270,85.838043,0.030000,
-6.066089,24.102125,85.552340,-11.899808,31.471367,125.865632,-6.067472,24.118356,85.551775,-5.759982,24.108273,85.837957,0.030000,
-6.066089,24.102125,85.552340,-11.900039,31.471103,125.867006,-6.064551,24.084082,85.552968,-5.760074,24.108276,85.837871,0.030000,
-6.066089,24.102125,85.552340,-11.900269,31.470840,125.868380,-6.067472,24.118356,85.551775,-5.760166,24.108279,85.837785,0.030000,
-6.066089,24.102125,85.552340,-11.900500,31.470576,125.869754,-6.064551,24.084082,85.552968,-5.760258,24.108281,85.837700,0.030000,
-6.066089,24.102125,85.552340,-11.900730,31.470313,125.871127,-6.067472,24.118356,85.551775,-5.760350,24.108284,85.837614,0.030000,
-6.066089,24.102125,85.552340,-11.900961,31.470050,125.872501,-6.064551,24.084082,85.552968,-5.760442,24.108287,85.837528,0.030000,
-6.066089,24.102125,85.552340,-11.901191,31.469786,125.873874,-6.067472,24.118356,85.551775,-5.760534,24.108290,85.837442,0.030000,
-6.066089,24.102125,85.552340,-11.901422,31.469523,125.875246,-6.064551,24.084082,85.552968,-5.760626,24.108293,85.837357,0.030000,
-6.066089,24.102125,85.552340,-11.901652,31.469260,125.876619,-6.067472,24.118356,85.551775,-5.760718,24.108295,85.837271,0.030000,
-6.066089,24.102125,85.552340,-11.901882,31.468997,125.877991,-6.064551,24.084082,85.552968,-5.760810,24.108298,85.837186,0.030000,
-6.066089,24.102125,85.552340,-11.902112,31.468734,125.879363,-6.067472,24.118356,85.551775,-5.760902,24.108301,85.837100,0.030000,
-6.066089,24.102125,85.552340,-11.902343,31.468471,125.880734,-6.064551,24.084082,85.552968,-5.760994,24.108304,85.837014,0.030000,
-6.066089,24.102125,85.552340,-11.902573,31.468208,125.882106,-6.067472,24.118356,85.551775,-5.761086,24.108306,85.836929,0.030000,
-6.066089,24.102125,85.552340,-11.902803,31.467945,125.883477,-6.064551,24.084082,85.552968,-5.761178,24.108309,85.836843,0.030000,
-6.066089,24.102125,85.552340,-11.903033,31.467682,125.884847,-6.067472,24.118356,85.551775,-5.761270,24.108312,85.836758,0.030000,
-6.066089,24.102125,85.552340,-11.903263,31.467419,125.886218,-6.064551,24.084082,85.552968,-5.761361,24.108315,85.836673,0.030000,
-6.066089,24.102125,85.552340,-11.903493,31.467157,125.887588,-6.067472,24.118356,85.551775,-5.761453,24.108318,85.836587,0.030000,
-6.066089,24.102125,85.552340,-11.903723,31.466894,125.888958,-6.064551,24.084082,85.552968,-5.761545,24.108320,85.836502,0.030000,
-6.066089,24.102125,85.552340,-11.903953,31.466631,125.890328,-6.067472,24.118356,85.551775,-5.761637,24.108323,85.836416,0.030000,
-6.066089,24.102125,85.552340,-11.904183,31.466369,125.891697,-6.064551,24.084082,85.552968,-5.761728,24.108326,85.836331,0.030000,
-6.066089,24.102125,85.552340,-11.904413,31.466106,125.893066,-6.067472,24.118356,85.551775,-5.761820,24.108328,85.836246,0.030000,
-6.066089,24.102125,85.552340,-11.904643,31.465844,125.894435,-6.064551,24.084082,85.552968,-5.761912,24.108331,85.836160,0.030000,
-6.066089,24.102125,85.552340,-11.904872,31.465581,125.895804,-6.067472,24.118356,85.551775,-5.762003,24.108334,85.836075,0.030000,
-6.066089,24.102125,85.552340,-11.905102,31.465319,125.897172,-6.064551,24.084082,85.552968,-5.762095,24.108337,85.835990,0.030000,
-6.066089,24.102125,85.552340,-11.905332,31.465057,125.898540,-6.067472,24.118356,85.551775,-5.762186,24.108339,85.835905,0.030000,
-6.066089,24.102125,85.552340,-11.905562,31.464794,125.899908,-6.064551,24.084082,85.552968,-5.762278,24.108342,85.835820,0.030000,
-6.066089,24.102125,85.552340,-11.905791,31.464532,125.901275,-6.067472,24.118356,85.551775,-5.762369,24.108345,85.835734,0.030000,
-6.066089,24.102125,85.552340,-11.906021,31.464270,125.902642,-6.064551,24.084082,85.552968,-5.762461,24.108348,85.835649,0.030000,
-6.066089,24.102125,85.552340,-11.906250,31.464008,125.904009,-6.067472,24.118356,85.551775,-5.762552,24.108350,85.835564,0.030000,
-6.066089,24.102125,85.552340,-11.906480,31.463746,125.905376,-6.064551,24.084082,85.552968,-5.762644,24.108353,85.835479,0.030000,
-6.066089,24.102125,85.552340,-11.906709,31.463484,125.906742,-6.067472,24.118356,85.551775,-5.762735,24.108356,85.835394,0.030000,
-6.066089,24.102125,85.552340,-11.906939,31.463222,125.908108,-6.064551,24.084082,85.552968,-5.762826,24.108358,85.835309,0.030000,
-6.066089,24.102125,85.552340,-11.907168,31.462960,125.909474,-6.067472,24.118356,85.551775,-5.762918,24.108361,85.835224,0.030000,
-6.066089,24.102125,85.552340,-11.907397,31.462698,125.910840,-6.064551,24.084082,85.552968,-5.763009,24.108364,85.835139,0.030000,
-6.066089,24.102125,85.552340,-11.907627,31.462436,125.912205,-6.067472,24.118356,85.551775,-5.763100,24.108366,85.835054,0.030000,
-6.066089,24.102125,85.552340,-11.907856,31.462174,125.913570,-6.064551,24.084082,85.552968,-5.763191,24.108369,85.834969,0.030000,
-6.066089,24.102125,85.552340,-11.908085,31.461913,125.914935,-6.067472,24.118356,85.551775,-5.763283,24.108372,85.834884,0.030000,
-6.066089,24.102125,85.552340,-11.908315,31.461651,125.916299,-6.064551,24.084082,85.552968,-5.763374,24.108374,85.834799,0.030000,
-6.066089,24.102125,85.552340,-11.908544,31.461390,125.917663,-6.067472,24.118356,85.551775,-5.763465,24.108377,85.834714,0.030000,
-6.066089,24.102125,85.552340,-11.908773,31.461128,125.919027,-6.064551,24.084082,85.552968,-5.763556,24.108380,85.834630,0.030000,
-6.066089,24.102125,85.552340,-11.909002,31.460866,125.920391,-6.067472,24.118356,85.551775,-5.763647,24.108382,85.834545,0.030000,
-6.066089,24.102125,85.552340,-11.909231,31.460605,125.921754,-6.064551,24.084082,85.552968,-5.763738,24.108385,85.834460,0.030000,
-6.066089,24.102125,85.552340,-11.909460,31.460344,125.923117,-6.067472,24.118356,85.551775,-5.763829,24.108388,85.834375,0.030000,
-6.066089,24.102125,85.552340,-11.909689,31.460082,125.924480,-6.064551,24.084082,85.552968,-5.763920,24.108390,85.834291,0.030000,
-6.066089,24.102125,85.552340,-11.909918,31.459821,125.925842,-6.067472,24.118356,85.551775,-5.764011,24.108393,85.834206,0.030000,
-6.066089,24.102125,85.552340,-11.910147,31.459560,125.927205,-6.064551,24.084082,85.552968,-5.764102,24.108396,85.834121,0.030000,
-6.066089,24.102125,85.552340,-11.910376,31.459299,125.928567,-6.067472,24.118356,85.551775,-5.764193,24.108398,85.834037,0.030000,
-6.066089,24.102125,85.552340,-11.910604,31.459037,125.929928,-6.064551,24.084082,85.552968,-5.764284,24.108401,85.833952,0.030000,
-6.066089,24.102125,85.552340,-11.910833,31.458776,125.931290,-6.067472,24.118356,85.551775,-5.764375,24.108404,85.833867,0.030000,
-6.066089,24.102125,85.552340,-11.911062,31.458515,125.932651,-6.064551,24.084082,85.552968,-5.764466,24.108406,85.833783,0.030000,
-6.066089,24.102125,85.552340,-11.911291,31.458254,125.934012,-6.067472,24.118356,85.551775,-5.764556,24.108409,85.833698,0.030000,
-6.066089,24.102125,85.552340,-11.911519,31.457993,125.935372,-6.064551,24.084082,85.552968,-5.764647,24.108412,85.833614,0.030000,
-6.066089,24.102125,85.552340,-11.911748,31.457732,125.936733,-6.067472,24.118356,85.551775,-5.764738,24.108414,85.833529,0.030000,
-6.066089,24.102125,85.552340,-11.911977,31.457472,125.938093,-6.064551,24.084082,85.552968,-5.764829,24.108417,85.833445,0.030000,
-6.066089,24.102125,85.552340,-11.912205,31.457211,125.939453,-6.067472,24.118356,85.551775,-5.764919,24.108419,85.833360,0.030000,
-6.066089,24.102125,85.552340,-11.912434,31.456950,125.940812,-6.064551,24.084082,85.552968,-5.765010,24.108422,85.833276,0.030000,
-6.066089,24.102125,85.552340,-11.912662,31.456689,125.942171,-6.067472,24.118356,85.551775,-5.765101,24.108425,85.833191,0.030000,
-6.066089,24.102125,85.552340,-11.912891,31.456429,125.943530,-6.064551,24.084082,85.552968,-5.765191,24.108427,85.833107,0.030000,
-6.066089,24.102125,85.552340,-11.913119,31.456168,125.944889,-6.067472,24.118356,85.551775,-5.765282,24.108430,85.833023,0.030000,
-6.066089,24.102125,85.552340,-11.913347,31.455908,125.946247,-6.064551,24.084082,85.552968,-5.765373,24.108432,85.832938,0.030000,
-6.066089,24.102125,85.552340,-11.913576,31.455647,125.947606,-6.067472,24.118356,85.551775,-5.765463,24.108435,85.832854,0.030000,
-6.066089,24.102125,85.552340,-11.913804,31.455387,125.948963,-6.064551,24.084082,85.552968,-5.765554,24.108438,85.832770,0.030000,
-6.066089,24.102125,85.552340,-11.914032,31.455126,125.950321,-6.067472,24.118356,85.551775,-5.765644,24.108440,85.832686,0.030000,
-6.066089,24.102125,85.552340,-11.914260,31.454866,125.951678,-6.064551,24.084082,85.552968,-5.765735,24.108443,85.832601,0.030000,
-6.066089,24.102125,85.552340,-11.914489,31.454606,125.953035,-6.067472,24.118356,85.551775,-5.765825,24.108445,85.832517,0.030000,
-6.066089,24.102125,85.552340,-11.914717,31.454345,125.954392,-6.064551,24.084082,85.552968,-5.765915,24.108448,85.832433,0.030000,
-6.066089,24.102125,85.552340,-11.914945,31.454085,125.955749,-6.067472,24.118356,85.551775,-5.766006,24.108451,85.832349,0.030000,
-6.066089,24.102125,85.552340,-11.915173,31.453825,125.957105,-6.064551,24.084082,85.552968,-5.766096,24.108453,85.832265,0.030000,
-6.066089,24.102125,85.552340,-11.915401,31.453565,125.958461,-6.067472,24.118356,85.551775,-5.766186,24.108456,85.832181,0.030000,
-6.066089,24.102125,85.552340,-11.915629,31.453305,125.959817,-6.064551,24.084082,85.552968,-5.766277,24.108458,85.832097,0.030000,
-6.066089,24.102125,85.552340,-11.915857,31.453045,125.961172,-6.067472,24.118356,85.551775,-5.766367,24.108461,85.832013,0.030000,
-6.066089,24.102125,85.552340,-11.916085,31.452785,125.962527,-6.064551,24.084082,85.552968,-5.766457,24.108463,85.831929,0.030000,
-6.066089,24.102125,85.552340,-11.916312,31.452525,125.963882,-6.067472,24.118356,85.551775,-5.766548,24.108466,85.831845,0.030000,
-6.066089,24.102125,85.552340,-11.916540,31.452265,125.965237,-6.064551,24.084082,85.552968,-5.766638,24.108468,85.831761,0.030000,
-6.066089,24.102125,85.552340,-11.916768,31.452006,125.966591,-6.067472,24.118356,85.551775,-5.766728,24.108471,85.831677,0.030000,
-6.066089,24.102125,85.552340,-11.916996,31.451746,125.967945,-6.064551,24.084082,85.552968,-5.766818,24.108474,85.831593,0.030000,
-6.066089,24.102125,85.552340,-11.917224,31.451486,125.969299,-6.067472,24.118356,85.551775,-5.766908,24.108476,85.831509,0.030000,
-6.066089,24.102125,85.552340,-11.917451,31.451227,125.970652,-6.064551,24.084082,85.552968,-5.766998,24.108479,85.831425,0.030000,
-6.066089,24.102125,85.552340,-11.917679,31.450967,125.972006,-6.067472,24.118356,85.551775,-5.767088,24.108481,85.831341,0.030000,
-6.066089,24.102125,85.552340,-11.917906,31.450708,125.973358,-6.064551,24.084082,85.552968,-5.767178,24.108484,85.831257,0.030000,
-6.066089,24.102125,85.552340,-11.918134,31.450448,125.974711,-6.067472,24.118356,85.551775,-5.767268,24.108486,85.831174,0.030000,
-6.066089,24.102125,85.552340,-11.918361,31.450189,125.976064,-6.064551,24.084082,85.552968,-5.767358,24.108489,85.831090,0.030000,
-6.066089,24.102125,85.552340,-11.918589,31.449929,125.977416,-6.067472,24.118356,85.551775,-5.767448,24.108491,85.831006,0.030000,
-6.066089,24.102125,85.552340,-11.918816,31.449670,125.978768,-6.064551,24.084082,85.552968,-5.767538,24.108494,85.830922,0.030000,
-6.066089,24.102125,85.552340,-11.919044,31.449411,125.980119,-6.067472,24.118356,85.551775,-5.767628,24.108496,85.830839,0.030000,
-6.066089,24.102125,85.552340,-11.919271,31.449152,125.981471,-6.064551,24.084082,85.552968,-5.767718,24.108499,85.830755,0.030000,
-6.066089,24.102125,85.552340,-11.919498,31.448892,125.982822,-6.067472,24.118356,85.551775,-5.767808,24.108501,85.830671,0.030000,
-6.066089,24.102125,85.552340,-11.919726,31.448633,125.984172,-6.064551,24.084082,85.552968,-5.767897,24.108504,85.830588,0.030000,
-6.066089,24.102125,85.552340,-11.919953,31.448374,125.985523,-6.067472,24.118356,85.551775,-5.767987,24.108506,85.830504,0.030000,
-6.066089,24.102125,85.552340,-11.920180,31.448115,125.986873,-6.064551,24.084082,85.552968,-5.768077,24.108509,85.830421,0.030000,
-6.066089,24.102125,85.552340,-11.920407,31.447856,125.988223,-6.067472,24.118356,85.551775,-5.768167,24.108511,85.830337,0.030000,
-6.066089,24.102125,85.552340,-11.920634,31.447597,125.989573,-6.064551,24.084082,85.552968,-5.768256,24.108514,85.830254,0.030000,
-6.066089,24.102125,85.552340,-11.920862,31.447339,125.990922,-6.067472,24.118356,85.551775,-5.768346,24.108516,85.830170,0.030000,
-6.066089,24.102125,85.552340,-11.921089,31.447080,125.992271,-6.064551,24.084082,85.552968,-5.768436,24.108519,85.830087,0.030000,
-6.066089,24.102125,85.552340,-11.921316,31.446821,125.993620,-6.067472,24.118356,85.551775,-5.768525,24.108521,85.830003,0.030000,
-6.066089,24.102125,85.552340,-11.921543,31.446562,125.994969,-6.064551,24.084082,85.552968,-5.768615,24.108524,85.829920,0.030000,
-6.066089,24.102125,85.552340,-11.921770,31.446304,125.996317,-6.067472,24.118356,85.551775,-5.768705,24.108526,85.829836,0.030000,
-6.066089,24.102125,85.552340,-11.921996,31.446045,125.997665,-6.064551,24.084082,85.552968,-5.768794,24.108529,85.829753,0.030000,
-6.066089,24.102125,85.552340,-11.922223,31.445787,125.999013,-6.067472,24.118356,85.551775,-5.768884,24.108531,85.829670,0.030000,
-6.066089,24.102125,85.552340,-11.922450,31.445528,126.000361,-6.064551,24.084082,85.552968,-5.768973,24.108534,85.829586,0.030000,
-6.066089,24.102125,85.552340,-11.922677,31.445270,126.001708,-6.067472,24.118356,85.551775,-5.769063,24.108536,85.829503,0.030000,
-6.066089,24.102125,85.552340,-11.922904,31.445011,126.003055,-6.064551,24.084082,85.552968,-5.769152,24.108538,85.829420,0.030000,
-6.066089,24.102125,85.552340,-11.923130,31.444753,126.004402,-6.067472,24.118356,85.551775,-5.769241,24.108541,85.829337,0.030000,
-6.066089,24.102125,85.552340,-11.923357,31.444495,126.005748,-6.064551,24.084082,85.552968,-5.769331,24.108543,85.829253,0.030000,
-6.066089,24.102125,85.552340,-11.923584,31.444236,126.007094,-6.067472,24.118356,85.551775,-5.769420,24.108546,85.829170,0.030000,
-6.066089,24.102125,85.552340,-11.923810,31.443978,126.008440,-6.064551,24.084082,85.552968,-5.769509,24.108548,85.829087,0.030000,
-6.066089,24.102125,85.552340,-11.924037,31.443720,126.009786,-6.067472,24.118356,85.551775,-5.769599,24.108551,85.829004,0.030000,
-6.066089,24.102125,85.552340,-11.924263,31.443462,126.011131,-6.064551,24.084082,85.552968,-5.769688,24.108553,85.828921,0.030000,
-6.066089,24.102125,85.552340,-11.924490,31.443204,126.012476,-6.067472,24.118356,85.551775,-5.769777,24.108556,85.828838,0.030000,
-6.066089,24.102125,85.552340,-11.924716,31.442946,126.013821,-6.064551,24.084082,85.552968,-5.769866,24.108558,85.828755,0.030000,
-6.066089,24.102125,85.552340,-11.924943,31.442688,126.015166,-6.067472,24.118356,85.551775,-5.769956,24.108560,85.828672,0.030000,
-6.066089,24.102125,85.552340,-11.925169,31.442430,126.016510,-6.064551,24.084082,85.552968,-5.770045,24.108563,85.828589,0.030000,
-6.066089,24.102125,85.552340,-11.925395,31.442172,126.017854,-6.067472,24.118356,85.551775,-5.770134,24.108565,85.828506,0.030000,
-6.066089,24.102125,85.552340,-11.925622,31.441914,126.019198,-6.064551,24.084082,85.552968,-5.770223,24.108568,85.828423,0.030000,
-6.066089,24.102125,85.552340,-11.925848,31.441657,126.020541,-6.067472,24.118356,85.551775,-5.770312,24.108570,85.828340,0.030000,
-6.066089,24.102125,85.552340,-11.926074,31.441399,126.021884,-6.064551,24.084082,85.552968,-5.770401,24.108572,85.828257,0.030000,
-6.066089,24.102125,85.552340,-11.926300,31.441141,126.023227,-6.067472,24.118356,85.551775,-5.770490,24.108575,85.828174,0.030000,
-6.066089,24.102125,85.552340,-11.926526,31.440884,126.024570,-6.064551,24.084082,85.552968,-5.770579,24.108577,85.828091,0.030000,
-6.066089,24.102125,85.552340,-11.926752,31.440626,126.025912,-6.067472,24.118356,85.551775,-5.770668,24.108580,85.828008,0.030000,
-6.066089,24.102125,85.552340,-11.926979,31.440369,126.027255,-6.064551,24.084082,85.552968,-5.770757,24.108582,85.827925,0.030000,
-6.066089,24.102125,85.552340,-11.927205,31.440111,126.028596,-6.067472,24.118356,85.551775,-5.770846,24.108584,85.827843,0.030000,
-6.066089,24.102125,85.552340,-11.927431,31.439854,126.029938,-6.064551,24.084082,85.552968,-5.770935,24.108587,85.827760,0.030000,
-6.066089,24.102125,85.552340,-11.927656,31.439596,126.031279,-6.067472,24.118356,85.551775,-5.771024,24.108589,85.827677,0.030000,
-6.066089,24.102125,85.552340,-11.927882,31.439339,126.032620,-6.064551,24.084082,85.552968,-5.771113,24.108592,85.827594,0.030000,
-6.066089,24.102125,85.552340,-11.928108,31.439082,126.033961,-6.067472,24.118356,85.551775,-5.771201,24.108594,85.827512,0.030000,
-6.066089,24.102125,85.552340,-11.928334,31.438825,126.035302,-6.064551,24.084082,85.552968,-5.771290,24.108596,85.827429,0.030000,
-6.066089,24.102125,85.552340,-11.928560,31.438568,126.036642,-6.067472,24.118356,85.551775,-5.771379,24.108599,85.827346,0.030000,
-6.066089,24.102125,85.552340,-11.928786,31.438311,126.037982,-6.064551,24.084082,85.552968,-5.771468,24.108601,85.827264,0.030000,
-6.066089,24.102125,85.552340,-11.929011,31.438053,126.039321,-6.067472,24.118356,85.551775,-5.771556,24.108603,85.827181,0.030000,
-6.066089,24.102125,85.552340,-11.929237,31.437796,126.040661,-6.064551,24.084082,85.552968,-5.771645,24.108606,85.827099,0.030000,
-6.066089,24.102125,85.552340,-11.929463,31.437540,126.042000,-6.067472,24.118356,85.551775,-5.771734,24.108608,85.827016,0.030000,
-6.066089,24.102125,85.552340,-11.929688,31.437283,126.043339,-6.064551,24.084082,85.552968,-5.771822,24.108611,85.826934,0.030000,
-6.066089,24.102125,85.552340,-11.929914,31.437026,126.044678,-6.067472,24.118356,85.551775,-5.771911,24.108613,85.826851,0.030000,
-6.066089,24.102125,85.552340,-11.930139,31.436769,126.046016,-6.064551,24.084082,85.552968,-5.771999,24.108615,85.826769,0.030000,
-6.066089,24.102125,85.552340,-11.930365,31.436512,126.047354,-6.067472,24.118356,85.551775,-5.772088,24.108618,85.826686,0.030000,
-6.066089,24.102125,85.552340,-11.930590,31.436256,126.048692,-6.064551,24.084082,85.552968,-5.772176,24.108620,85.826604,0.030000,
-6.066089,24.102125,85.552340,-11.930816,31.435999,126.050029,-6.067472,24.118356,85.551775,-5.772265,24.108622,85.826521,0.030000,
-6.066089,24.102125,85.552340,-11.931041,31.435742,126.051367,-6.064551,24.084082,85.552968,-5.772353,24.108625,85.826439,0.030000,
-6.066089,24.102125,85.552340,-11.931266,31.435486,126.052704,-6.067472,24.118356,85.551775,-5.772442,24.108627,85.826357,0.030000,
-6.066089,24.102125,85.552340,-11.931492,31.435229,126.054040,-6.064551,24.084082,85.552968,-5.772530,24.108629,85.826274,0.030000,
-6.066089,24.102125,85.552340,-11.931717,31.434973,126.055377,-6.067472,24.118356,85.551775,-5.772619,24.108632,85.826192,0.030000,
-6.066089,24.102125,85.552340,-11.931942,31.434717,126.056713,-6.064551,24.084082,85.552968,-5.772707,24.108634,85.826110,0.030000,
-6.066089,24.102125,85.552340,-11.932167,31.434460,126.058049,-6.067472,24.118356,85.551775,-5.772795,24.108636,85.826028,0.030000,
-6.066089,24.102125,85.552340,-11.932392,31.434204,126.059385,-6.064551,24.084082,85.552968,-5.772884,24.108639,85.825945,0.030000,
-6.066089,24.102125,85.552340,-11.932617,31.433948,126.060720,-6.067472,24.118356,85.551775,-5.772972,24.108641,85.825863,0.030000,
-6.066089,24.102125,85.552340,-11.932843,31.433692,126.062055,-6.064551,24.084082,85.552968,-5.773060,24.108643,85.825781,0.030000,
-6.066089,24.102125,85.552340,-11.933068,31.433435,126.063390,-6.067472,24.118356,85.551775,-5.773148,24.108645,85.825699,0.030000,
-6.066089,24.102125,85.552340,-11.933293,31.433179,126.064724,-6.064551,24.084082,85.552968,-5.773237,24.108648,85.825617,0.030000,
-6.066089,24.102125,85.552340,-11.933517,31.432923,126.066059,-6.067472,24.118356,85.551775,-5.773325,24.108650,85.825535,0.030000,
-6.066089,24.102125,85.552340,-11.933742,31.432667,126.067393,-6.064551,24.084082,85.552968,-5.773413,24.108652,85.825453,0.030000,
-6.066089,24.102125,85.552340,-11.933967,31.432411,126.068727,-6.067472,24.118356,85.551775,-5.773501,24.108655,85.825371,0.030000,
-6.066089,24.102125,85.552340,-11.934192,31.432156,126.070060,-6.064551,24.084082,85.552968,-5.773589,24.108657,85.825289,0.030000,
-6.066089,24.102125,85.552340,-11.934417,31.431900,126.071393,-6.067472,24.118356,85.551775,-5.773677,24.108659,85.825207,0.030000,
-6.066089,24.102125,85.552340,-11.934642,31.431644,126.072726,-6.064551,24.084082,85.552968,-5.773765,24.108662,85.825125,0.030000,
-6.066089,24.102125,85.552340,-11.934866,31.431388,126.074059,-6.067472,24.118356,85.551775,-5.773853,24.108664,85.825043,0.030000,
-6.066089,24.102125,85.552340,-11.935091,31.431133,126.075391,-6.064551,24.084082,85.552968,-5.773941,24.108666,85.824961,0.030000,
-6.066089,24.102125,85.552340,-11.935316,31.430877,126.076724,-6.067472,24.118356,85.551775,-5.774029,24.108668,85.824879,0.030000,
-6.066089,24.102125,85.552340,-11.935540,31.430621,126.078055,-6.064551,24.084082,85.552968,-5.774117,24.108671,85.824797,0.030000,
-6.066089,24.102125,85.552340,-11.935765,31.430366,126.079387,-6.067472,24.118356,85.551775,-5.774205,24.108673,85.824715,0.030000,
-6.066089,24.102125,85.552340,-11.935989,31.430110,126.080718,-6.064551,24.084082,85.552968,-5.774293,24.108675,85.824633,0.030000,
-6.066089,24.102125,85.552340,-11.936214,31.429855,126.082050,-6.067472,24.118356,85.551775,-5.774381,24.108677,85.824552,0.030000,
-6.066089,24.102125,85.552340,-11.936438,31.429599,126.083380,-6.064551,24.084082,85.552968,-5.774469,24.108680,85.824470,0.030000,
-6.066089,24.102125,85.552340,-11.936663,31.429344,126.084711,-6.067472,24.118356,85.551775,-5.774556,24.108682,85.824388,0.030000,
-6.066089,24.102125,85.552340,-11.936887,31.429089,126.086041,-6.064551,24.084082,85.552968,-5.774644,24.108684,85.824306,0.030000,
-6.066089,24.102125,85.552340,-11.937111,31.428834,126.087371,-6.067472,24.118356,85.551775,-5.774732,24.108686,85.824225,0.030000,
-6.066089,24.102125,85.552340,-11.937336,31.428578,126.088701,-6.064551,24.084082,85.552968,-5.774820,24.108689,85.824143,0.030000,
-6.066089,24.102125,85.552340,-11.937560,31.428323,126.090030,-6.067472,24.118356,85.551775,-5.774907,24.108691,85.824061,0.030000,
-6.066089,24.102125,85.552340,-11.937784,31.428068,126.091360,-6.064551,24.084082,85.552968,-5.774995,24.108693,85.823980,0.030000,
-6.066089,24.102125,85.552340,-11.938008,31.427813,126.092689,-6.067472,24.118356,85.551775,-5.775083,24.108695,85.823898,0.030000,
-6.066089,24.102125,85.552340,-11.938233,31.427558,126.094017,-6.064551,24.084082,85.552968,-5.775170,24.108698,85.823816,0.030000,
-6.066089,24.102125,85.552340,-11.938457,31.427303,126.095346,-6.067472,24.118356,85.551775,-5.775258,24.108700,85.823735,0.030000,
-6.066089,24.102125,85.552340,-11.938681,31.427048,126.096674,-6.064551,24.084082,85.552968,-5.775345,24.108702,85.823653,0.030000,
-6.066089,24.102125,85.552340,-11.938905,31.426794,126.098002,-6.067472,24.118356,85.551775,-5.775433,24.108704,85.823572,0.030000,
-6.066089,24.102125,85.552340,-11.939129,31.426539,126.099329,-6.064551,24.084082,85.552968,-5.775520,24.108707,85.823490,0.030000,
-6.066089,24.102125,85.552340,-11.939353,31.426284,126.100657,-6.067472,24.118356,85.551775,-5.775608,24.108709,85.823409,0.030000,
-6.066089,24.102125,85.552340,-11.939577,31.426029,126.101984,-6.064551,24.084082,85.552968,-5.775695,24.108711,85.823328,0.030000,
-6.066089,24.102125,85.552340,-11.939800,31.425775,126.103311,-6.067472,24.118356,85.551775,-5.775783,24.108713,85.823246,0.030000,
-6.066089,24.102125,85.552340,-11.940024,31.425520,126.104637,-6.064551,24.084082,85.552968,-5.775870,24.108715,85.823165,0.030000,
-6.066089,24.102125,85.552340,-11.940248,31.425266,126.105963,-6.067472,24.118356,85.551775,-5.775957,24.108718,85.823083,0.030000,
-6.066089,24.102125,85.552340,-11.940472,31.425011,126.107289,-6.064551,24.084082,85.552968,-5.776045,24.108720,85.823002,0.030000,
-6.066089,24.102125,85.552340,-11.940696,31.424757,126.108615,-6.067472,24.118356,85.551775,-5.776132,24.108722,85.822921,0.030000,
-6.066089,24.102125,85.552340,-11.940919,31.424502,126.109941,-6.064551,24.084082,85.552968,-5.776219,24.108724,85.822840,0.030000,
-6.066089,24.102125,85.552340,-11.941143,31.424248,126.111266,-6.067472,24.118356,85.551775,-5.776307,24.108726,85.822758,0.030000,
-6.066089,24.102125,85.552340,-11.941367,31.423994,126.112591,-6.064551,24.084082,85.552968,-5.776394,24.108729,85.822677,0.030000,
-6.066089,24.102125,85.552340,-11.941590,31.423740,126.113915,-6.067472,24.118356,85.551775,-5.776481,24.108731,85.822596,0.030000,
-6.066089,24.102125,85.552340,-11.941814,31.423485,126.115240,-6.064551,24.084082,85.552968,-5.776568,24.108733,85.822515,0.030000,
-6.066089,24.102125,85.552340,-11.942037,31.423231,126.116564,-6.067472,24.118356,85.551775,-5.776655,24.108735,85.822433,0.030000,
-6.066089,24.102125,85.552340,-11.942261,31.422977,126.117888,-6.064551,24.084082,85.552968,-5.776743,24.108737,85.822352,0.030000,
-6.066089,24.102125,85.552340,-11.942484,31.422723,126.119211,-6.067472,24.118356,85.551775,-5.776830,24.108739,85.822271,0.030000,
-6.066089,24.102125,85.552340,-11.942707,31.422469,126.120535,-6.064551,24.084082,85.552968,-5.776917,24.108742,85.822190,0.030000,
-6.066089,24.102125,85.552340,-11.942931,31.422215,126.121858,-6.067472,24.118356,85.551775,-5.777004,24.108744,85.822109,0.030000,
-6.066089,24.102125,85.552340,-11.943154,31.421961,126.123181,-6.064551,24.084082,85.552968,-5.777091,24.108746,85.822028,0.030000,
-6.066089,24.102125,85.552340,-11.943377,31.421708,126.124503,-6.067472,24.118356,85.551775,-5.777178,24.108748,85.821947,0.030000,
-6.066089,24.102125,85.552340,-11.943601,31.421454,126.125826,-6.064551,24.084082,85.552968,-5.777265,24.108750,85.821866,0.030000,
-6.066089,24.102125,85.552340,-11.943824,31.421200,126.127148,-6.067472,24.118356,85.551775,-5.777352,24.108752,85.821785,0.030000,
-6.066089,24.102125,85.552340,-11.944047,31.420946,126.128469,-6.064551,24.084082,85.552968,-5.777439,24.108755,85.821704,0.030000,
-6.066089,24.102125,85.552340,-11.944270,31.420693,126.129791,-6.067472,24.118356,85.551775,-5.777526,24.108757,85.821623,0.030000,
-6.066089,24.102125,85.552340,-11.944493,31.420439,126.131112,-6.064551,24.084082,85.552968,-5.777612,24.108759,85.821542,0.030000,
-6.066089,24.102125,85.552340,-11.944716,31.420186,126.132433,-6.067472,24.118356,85.551775,-5.777699,24.108761,85.821461,0.030000,
-6.066089,24.102125,85.552340,-11.944939,31.419932,126.133754,-6.064551,24.084082,85.552968,-5.777786,24.108763,85.821381,0.030000,
-6.066089,24.102125,85.552340,-11.945162,31.419679,126.135074,-6.067472,24.118356,85.551775,-5.777873,24.108765,85.821300,0.030000,
-6.066089,24.102125,85.552340,-11.945385,31.419425,126.136394,-6.064551,24.084082,85.552968,-5.777960,24.108767,85.821219,0.030000,
-6.066089,24.102125,85.552340,-11.945608,31.419172,126.137714,-6.067472,24.118356,85.551775,-5.778046,24.108770,85.821138,0.030000,
-6.066089,24.102125,85.552340,-11.945831,31.418919,126.139034,-6.064551,24.084082,85.552968,-5.778133,24.108772,85.821058,0.030000,
-6.066089,24.102125,85.552340,-11.946054,31.418665,126.140353,-6.067472,24.118356,85.551775,-5.778220,24.108774,85.820977,0.030000,
-6.066089,24.102125,85.552340,-11.946276,31.418412,126.141672,-6.064551,24.084082,85.552968,-5.778307,24.108776,85.820896,0.030000,
-6.066089,24.102125,85.552340,-11.946499,31.418159,126.142991,-6.067472,24.118356,85.551775,-5.778393,24.108778,85.820815,0.030000,
-6.066089,24.102125,85.552340,-11.946722,31.417906,126.144309,-6.064551,24.084082,85.552968,-5.778480,24.108780,85.820735,0.030000,
-6.066089,24.102125,85.552340,-11.946945,31.417653,126.145628,-6.067472,24.118356,85.551775,-5.778566,24.108782,85.820654,0.030000,
-6.066089,24.102125,85.552340,-11.947167,31.417400,126.146946,-6.064551,24.084082,85.552968,-5.778653,24.108784,85.820574,0.030000,
-6.066089,24.102125,85.552340,-11.947390,31.417147,126.148264,-6.067472,24.118356,85.551775,-5.778739,24.108786,85.820493,0.030000,
-6.066089,24.102125,85.552340,-11.947612,31.416894,126.149581,-6.064551,24.084082,85.552968,-5.778826,24.108789,85.820412,0.030000,
-6.066089,24.102125,85.552340,-11.947835,31.416641,126.150898,-6.067472,24.118356,85.551775,-5.778912,24.108791,85.820332,0.030000,
-6.066089,24.102125,85.552340,-11.948057,31.416389,126.152215,-6.064551,24.084082,85.552968,-5.778999,24.108793,85.820251,0.030000,
-6.066089,24.102125,85.552340,-11.948280,31.416136,126.153532,-6.067472,24.118356,85.551775,-5.779085,24.108795,85.820171,0.030000,
-6.066089,24.102125,85.552340,-11.948502,31.415883,126.154848,-6.064551,24.084082,85.552968,-5.779172,24.108797,85.820090,0.030000,
-6.066089,24.102125,85.552340,-11.948725,31.415630,126.156164,-6.067472,24.118356,85.551775,-5.779258,24.108799,85.820010,0.030000,
-6.066089,24.102125,85.552340,-11.948947,31.415378,126.157480,-6.064551,24.084082,85.552968,-5.779344,24.108801,85.819930,0.030000,
-6.066089,24.102125,85.552340,-11.949169,31.415125,126.158796,-6.067472,24.118356,85.551775,-5.779431,24.108803,85.819849,0.030000,
-6.066089,24.102125,85.552340,-11.949391,31.414873,126.160111,-6.064551,24.084082,85.552968,-5.779517,24.108805,85.819769,0.030000,
-6.066089,24.102125,85.552340,-11.949614,31.414620,126.161426,-6.067472,24.118356,85.551775,-5.779603,24.108807,85.819689,0.030000,
-6.066089,24.102125,85.552340,-11.949836,31.414368,126.162741,-6.064551,24.084082,85.552968,-5.779690,24.108809,85.819608,0.030000,
-6.066089,24.102125,85.552340,-11.950058,31.414116,126.164056,-6.067472,24.118356,85.551775,-5.779776,24.108811,85.819528,0.030000,
-6.066089,24.102125,85.552340,-11.950280,31.413863,126.165370,-6.064551,24.084082,85.552968,-5.779862,24.108813,85.819448,0.030000,
-6.066089,24.102125,85.552340,-11.950502,31.413611,126.166684,-6.067472,24.118356,85.551775,-5.779948,24.108816,85.819367,0.030000,
-6.066089,24.102125,85.552340,-11.950724,31.413359,126.167998,-6.064551,24.084082,85.552968,-5.780034,24.108818,85.819287,0.030000,
-6.066089,24.102125,85.552340,-11.950946,31.413107,126.169312,-6.067472,24.118356,85.551775,-5.780120,24.108820,85.819207,0.030000,
-6.066089,24.102125,85.552340,-11.951168,31.412855,126.170625,-6.064551,24.084082,85.552968,-5.780206,24.108822,85.819127,0.030000,
-6.066089,24.102125,85.552340,-11.951390,31.412603,126.171938,-6.067472,24.118356,85.551775,-5.780293,24.108824,85.819047,0.030000,
-6.066089,24.102125,85.552340,-11.951612,31.412351,126.173250,-6.064551,24.084082,85.552968,-5.780379,24.108826,85.818967,0.030000,
-6.066089,24.102125,85.552340,-11.951834,31.412099,126.174563,-6.067472,24.118356,85.551775,-5.780465,24.108828,85.818887,0.030000,
-6.066089,24.102125,85.552340,-11.952055,31.411847,126.175875,-6.064551,24.084082,85.552968,-5.780551,24.108830,85.818807,0.030000,
-6.066089,24.102125,85.552340,-11.952277,31.411595,126.177187,-6.067472,24.118356,85.551775,-5.780637,24.108832,85.818726,0.030000,
-6.066089,24.102125,85.552340,-11.952499,31.411343,126.178499,-6.064551,24.084082,85.552968,-5.780722,24.108834,85.818646,0.030000,
-6.066089,24.102125,85.552340,-11.952721,31.411091,126.179810,-6.067472,24.118356,85.551775,-5.780808,24.108836,85.818566,0.030000,
-6.066089,24.102125,85.552340,-11.952942,31.410840,126.181121,-6.064551,24.084082,85.552968,-5.780894,24.108838,85.818486,0.030000,
-6.066089,24.102125,85.552340,-11.953164,31.410588,126.182432,-6.067472,24.118356,85.551775,-5.780980,24.108840,85.818407,0.030000,
-6.066089,24.102125,85.552340,-11.953385,31.410336,126.183743,-6.064551,24.084082,85.552968,-5.781066,24.108842,85.818327,0.030000,
-6.066089,24.102125,85.552340,-11.953607,31.410085,126.185053,-6.067472,24.118356,85.551775,-5.781152,24.108844,85.818247,0.030000,
-6.066089,24.102125,85.552340,-11.953828,31.409833,126.186363,-6.064551,24.084082,85.552968,-5.781237,24.108846,85.818167,0.030000,
-6.066089,24.102125,85.552340,-11.954050,31.409582,126.187673,-6.067472,24.118356,85.551775,-5.781323,24.108848,85.818087,0.030000,
-6.066089,24.102125,85.552340,-11.954271,31.409331,126.188983,-6.064551,24.084082,85.552968,-5.781409,24.108850,85.818007,0.030000,
-6.066089,24.102125,85.552340,-11.954493,31.409079,126.190292,-6.067472,24.118356,85.551775,-5.781495,24.108852,85.817927,0.030000,
-6.066089,24.102125,85.552340,-11.954714,31.408828,126.191601,-6.064551,24.084082,85.552968,-5.781580,24.108854,85.817848,0.030000,
-6.066089,24.102125,85.552340,-11.954935,31.408577,126.192910,-6.067472,24.118356,85.551775,-5.781666,24.108856,85.817768,0.030000,
-6.066089,24.102125,85.552340,-11.955157,31.408325,126.194218,-6.064551,24.084082,85.552968,-5.781752,24.108858,85.817688,0.030000,
-6.066089,24.102125,85.552340,-11.955378,31.408074,126.195526,-6.067472,24.118356,85.551775,-5.781837,24.108860,85.817608,0.030000,
-6.066089,24.102125,85.552340,-11.955599,31.407823,126.196834,-6.064551,24.084082,85.552968,-5.781923,24.108862,85.817529,0.030000,
-6.066089,24.102125,85.552340,-11.955820,31.407572,126.198142,-6.067472,24.118356,85.551775,-5.782008,24.108864,85.817449,0.030000,
-6.066089,24.102125,85.552340,-11.956041,31.407321,126.199449,-6.064551,24.084082,85.552968,-5.782094,24.108866,85.817369,0.030000,
-6.066089,24.102125,85.552340,-11.956262,31.407070,126.200757,-6.067472,24.118356,85.551775,-5.782179,24.108868,85.817290,0.030000,
-6.066089,24.102125,85.552340,-11.956483,31.406819,126.202064,-6.064551,24.084082,85.552968,-5.782265,24.108870,85.817210,0.030000,
-6.066089,24.102125,85.552340,-11.956704,31.406568,126.203370,-6.067472,24.118356,85.551775,-5.782350,24.108872,85.817131,0.030000,
-6.066089,24.102125,85.552340,-11.956925,31.406318,126.204677,-6.064551,24.084082,85.552968,-5.782436,24.108874,85.817051,0.030000,
-6.066089,24.102125,85.552340,-11.957146,31.406067,126.205983,-6.067472,24.118356,85.551775,-5.782521,24.108876,85.816972,0.030000,
-6.066089,24.102125,85.552340,-11.957367,31.405816,126.207289,-6.064551,24.084082,85.552968,-5.782606,24.108878,85.816892,0.030000,
-6.066089,24.102125,85.552340,-11.957588,31.405565,126.208594,-6.067472,24.118356,85.551775,-5.782692,24.108880,85.816813,0.030000,
-6.066089,24.102125,85.552340,-11.957809,31.405315,126.209900,-6.064551,24.084082,85.552968,-5.782777,24.108882,85.816733,0.030000,
-6.066089,24.102125,85.552340,-11.958030,31.405064,126.211205,-6.067472,24.118356,85.551775,-5.782862,24.108884,85.816654,0.030000,
-6.066089,24.102125,85.552340,-11.958250,31.404814,126.212509,-6.064551,24.084082,85.552968,-5.782948,24.108886,85.816574,0.030000,
-6.066089,24.102125,85.552340,-11.958471,31.404563,126.213814,-6.067472,24.118356,85.551775,-5.783033,24.108888,85.816495,0.030000,
-6.066089,24.102125,85.552340,-11.958692,31.404313,126.215118,-6.064551,24.084082,85.552968,-5.783118,24.108890,85.816416,0.030000,
-6.066089,24.102125,85.552340,-11.958912,31.404062,126.216422,-6.067472,24.118356,85.551775,-5.783203,24.108892,85.816336,0.030000,
-6.066089,24.102125,85.552340,-11.959133,31.403812,126.217726,-6.064551,24.084082,85.552968,-5.783288,24.108894,85.816257,0.030000,
-6.066089,24.102125,85.552340,-11.959353,31.403562,126.219030,-6.067472,24.118356,85.551775,-5.783373,24.108895,85.816178,0.030000,
-6.066089,24.102125,85.552340,-11.959574,31.403312,126.220333,-6.064551,24.084082,85.552968,-5.783459,24.108897,85.816098,0.030000,
-6.066089,24.102125,85.552340,-11.959794,31.403062,126.221636,-6.067472,24.118356,85.551775,-5.783544,24.108899,85.816019,0.030000,
-6.066089,24.102125,85.552340,-11.960015,31.402811,126.222938,-6.064551,24.084082,85.552968,-5.783629,24.108901,85.815940,0.030000,
-6.066089,24.102125,85.552340,-11.960235,31.402561,126.224241,-6.067472,24.118356,85.551775,-5.783714,24.108903,85.815861,0.030000,
-6.066089,24.102125,85.552340,-11.960456,31.402311,126.225543,-6.064551,24.084082,85.552968,-5.783799,24.108905,85.815782,0.030000,
-6.066089,24.102125,85.552340,-11.960676,31.402061,126.226845,-6.067472,24.118356,85.551775,-5.783884,24.108907,85.815703,0.030000,
-6.066089,24.102125,85.552340,-11.960896,31.401811,126.228147,-6.064551,24.084082,85.552968,-5.783969,24.108909,85.815623,0.030000,
-6.066089,24.102125,85.552340,-11.961116,31.401562,126.229448,-6.067472,24.118356,85.551775,-5.784054,24.108911,85.815544,0.030000,
-6.066089,24.102125,85.552340,-11.961337,31.401312,126.230749,-6.064551,24.084082,85.552968,-5.784139,24.108913,85.815465,0.030000,
-6.066089,24.102125,85.552340,-11.961557,31.401062,126.232050,-6.067472,24.118356,85.551775,-5.784223,24.108915,85.815386,0.030000,
-6.066089,24.102125,85.552340,-11.961777,31.400812,126.233351,-6.064551,24.084082,85.552968,-5.784308,24.108917,85.815307,0.030000,
-6.066089,24.102125,85.552340,-11.961997,31.400562,126.234651,-6.067472,24.118356,85.551775,-5.784393,24.108919,85.815228,0.030000,
-6.066089,24.102125,85.552340,-11.962217,31.400313,126.235951,-6.064551,24.084082,85.552968,-5.784478,24.108920,85.815149,0.030000,
-6.066089,24.102125,85.552340,-11.962437,31.400063,126.237251,-6.067472,24.118356,85.551775,-5.784563,24.108922,85.815070,0.030000,
-6.066089,24.102125,85.552340,-11.962657,31.399814,126.238550,-6.064551,24.084082,85.552968,-5.784647,24.108924,85.814991,0.030000,
-6.066089,24.102125,85.552340,-11.962877,31.399564,126.239850,-6.067472,24.118356,85.551775,-5.784732,24.108926,85.814913,0.030000,
-6.066089,24.102125,85.552340,-11.963097,31.399315,126.241149,-6.064551,24.084082,85.552968,-5.784817,24.108928,85.814834,0.030000,
-6.066089,24.102125,85.552340,-11.963317,31.399065,126.242448,-6.067472,24.118356,85.551775,-5.784901,24.108930,85.814755,0.030000,
-6.066089,24.102125,85.552340,-11.963537,31.398816,126.243746,-6.064551,24.084082,85.552968,-5.784986,24.108932,85.814676,0.030000,
-6.066089,24.102125,85.552340,-11.963757,31.398567,126.245044,-6.067472,24.118356,85.551775,-5.785071,24.108934,85.814597,0.030000,
-6.066089,24.102125,85.552340,-11.963976,31.398318,126.246342,-6.064551,24.084082,85.552968,-5.785155,24.108936,85.814518,0.030000,
-6.066089,24.102125,85.552340,-11.964196,31.398068,126.247640,-6.067472,24.118356,85.551775,-5.785240,24.108937,85.814440,0.030000,
-6.066089,24.102125,85.552340,-11.964416,31.397819,126.248938,-6.064551,24.084082,85.552968,-5.785324,24.108939,85.814361,0.030000,
-6.066089,24.102125,85.552340,-11.964635,31.397570,126.250235,-6.067472,24.118356,85.551775,-5.785409,24.108941,85.814282,0.030000,
-6.066089,24.102125,85.552340,-11.964855,31.397321,126.251532,-6.064551,24.084082,85.552968,-5.785493,24.108943,85.814204,0.030000,
-6.066089,24.102125,85.552340,-11.965074,31.397072,126.252828,-6.067472,24.118356,85.551775,-5.785578,24.108945,85.814125,0.030000,
-6.066089,24.102125,85.552340,-11.965294,31.396823,126.254125,-6.064551,24.084082,85.552968,-5.785662,24.108947,85.814046,0.030000,
-6.066089,24.102125,85.552340,-11.965514,31.396574,126.255421,-6.067472,24.118356,85.551775,-5.785747,24.108949,85.813968,0.030000,
-6.066089,24.102125,85.552340,-11.965733,31.396325,126.256717,-6.064551,24.084082,85.552968,-5.785831,24.108950,85.813889,0.030000,
-6.066089,24.102125,85.552340,-11.965952,31.396077,126.258012,-6.067472,24.118356,85.551775,-5.785916,24.108952,85.813811,0.030000,
-6.066089,24.102125,85.552340,-11.966172,31.395828,126.259308,-6.064551,24.084082,85.552968,-5.786000,24.108954,85.813732,0.030000,
-6.066089,24.102125,85.552340,-11.966391,31.395579,126.260603,-6.067472,24.118356,85.551775,-5.786084,24.108956,85.813653,0.030000,
-6.066089,24.102125,85.552340,-11.966610,31.395330,126.261898,-6.064551,24.084082,85.552968,-5.786168,24.108958,85.813575,0.030000,
-6.066089,24.102125,85.552340,-11.966830,31.395082,126.263192,-6.067472,24.118356,85.551775,-5.786253,24.108960,85.813496,0.030000,
-6.066089,24.102125,85.552340,-11.967049,31.394833,126.264487,-6.064551,24.084082,85.552968,-5.786337,24.108962,85.813418,0.030000,
-6.066089,24.102125,85.552340,-11.967268,31.394585,126.265781,-6.067472,24.118356,85.551775,-5.786421,24.108963,85.813340,0.030000,
-6.066089,24.102125,85.552340,-11.967487,31.394336,126.267075,-6.064551,24.084082,85.552968,-5.786505,24.108965,85.813261,0.030000,
-6.066089,24.102125,85.552340,-11.967706,31.394088,126.268368,-6.067472,24.118356,85.551775,-5.786589,24.108967,85.813183,0.030000,
-6.066089,24.102125,85.552340,-11.967925,31.393840,126.269661,-6.064551,24.084082,85.552968,-5.786674,24.108969,85.813104,0.030000,
-6.066089,24.102125,85.552340,-11.968145,31.393591,126.270955,-6.067472,24.118356,85.551775,-5.786758,24.108971,85.813026,0.030000,
-6.066089,24.102125,85.552340,-11.968364,31.393343,126.272247,-6.064551,24.084082,85.552968,-5.786842,24.108972,85.812948,0.030000,
-6.066089,24.102125,85.552340,-11.968583,31.393095,126.273540,-6.067472,24.118356,85.551775,-5.786926,24.108974,85.812870,0.030000,
-6.066089,24.102125,85.552340,-11.968801,31.392847,126.274832,-6.064551,24.084082,85.552968,-5.787010,24.108976,85.812791,0.030000,
-6.066089,24.102125,85.552340,-11.969020,31.392599,126.276124,-6.067472,24.118356,85.551775,-5.787094,24.108978,85.812713,0.030000,
-6.066089,24.102125,85.552340,-11.969239,31.392350,126.277416,-6.064551,24.084082,85.552968,-5.787178,24.108980,85.812635,0.030000,
-6.066089,24.102125,85.552340,-11.969458,31.392102,126.278707,-6.067472,24.118356,85.551775,-5.787262,24.108982,85.812557,0.030000,
-6.066089,24.102125,85.552340,-11.969677,31.391854,126.279998,-6.064551,24.084082,85.552968,-5.787346,24.108983,85.812479,0.030000,
-6.066089,24.102125,85.552340,-11.969896,31.391607,126.281289,-6.067472,24.118356,85.551775,-5.787430,24.108985,85.812400,0.030000,
-6.066089,24.102125,85.552340,-11.970114,31.391359,126.282580,-6.064551,24.084082,85.552968,-5.787514,24.108987,85.812322,0.030000,
-6.066089,24.102125,85.552340,-11.970333,31.391111,126.283870,-6.067472,24.118356,85.551775,-5.787597,24.108989,85.812244,0.030000,
-6.066089,24.102125,85.552340,-11.970552,31.390863,126.285161,-6.064551,24.084082,85.552968,-5.787681,24.108991,85.812166,0.030000,
-6.066089,24.102125,85.552340,-11.970770,31.390615,126.286451,-6.067472,24.118356,85.551775,-5.787765,24.108992,85.812088,0.030000,
-6.066089,24.102125,85.552340,-11.970989,31.390368,126.287740,-6.064551,24.084082,85.552968,-5.787849,24.108994,85.812010,0.030000,
-6.066089,24.102125,85.552340,-11.971207,31.390120,126.289030,-6.067472,24.118356,85.551775,-5.787933,24.108996,85.811932,0.030000,
-6.066089,24.102125,85.552340,-11.971426,31.389872,126.290319,-6.064551,24.084082,85.552968,-5.788016,24.108998,85.811854,0.030000,
-6.066089,24.102125,85.552340,-11.971644,31.389625,126.291608,-6.067472,24.118356,85.551775,-5.788100,24.108999,85.811776,0.030000,
-6.066089,24.102125,85.552340,-11.971863,31.389377,126.292896,-6.064551,24.084082,85.552968,-5.788184,24.109001,85.811698,0.030000,
-6.066089,24.102125,85.552340,-11.972081,31.389130,126.294185,-6.067472,24.118356,85.551775,-5.788267,24.109003,85.811620,0.030000,
-6.066089,24.102125,85.552340,-11.972299,31.388883,126.295473,-6.064551,24.084082,85.552968,-5.788351,24.109005,85.811542,0.030000,
-6.066089,24.102125,85.552340,-11.972518,31.388635,126.296760,-6.067472,24.118356,85.551775,-5.788435,24.109007,85.811465,0.030000,
-6.066089,24.102125,85.552340,-11.972736,31.388388,126.298048,-6.064551,24.084082,85.552968,-5.788518,24.109008,85.811387,0.030000,
-6.066089,24.102125,85.552340,-11.972954,31.388141,126.299335,-6.067472,24.118356,85.551775,-5.788602,24.109010,85.811309,0.030000,
-6.066089,24.102125,85.552340,-11.973172,31.387894,126.300622,-6.064551,24.084082,85.552968,-5.788685,24.109012,85.811231,0.030000,
-6.066089,24.102125,85.552340,-11.973390,31.387646,126.301909,-6.067472,24.118356,85.551775,-5.788769,24.109014,85.811153,0.030000,
-6.066089,24.102125,85.552340,-11.973608,31.387399,126.303196,-6.064551,24.084082,85.552968,-5.788852,24.109015,85.811076,0.030000,
-6.066089,24.102125,85.552340,-11.973827,31.387152,126.304482,-6.067472,24.118356,85.551775,-5.788936,24.109017,85.810998,0.030000,
-6.066089,24.102125,85.552340,-11.974045,31.386905,126.305768,-6.064551,24.084082,85.552968,-5.789019,24.109019,85.810920,0.030000,
-6.066089,24.102125,85.552340,-11.974263,31.386658,126.307054,-6.067472,24.118356,85.551775,-5.789102,24.109021,85.810843,0.030000,
-6.066089,24.102125,85.552340,-11.974481,31.386411,126.308339,-6.064551,24.084082,85.552968,-5.789186,24.109022,85.810765,0.030000,
-6.066089,24.102125,85.552340,-11.974698,31.386165,126.309624,-6.067472,24.118356,85.551775,-5.789269,24.109024,85.810687,0.030000,
-6.066089,24.102125,85.552340,-11.974916,31.385918,126.310909,-6.064551,24.084082,85.552968,-5.789353,24.109026,85.810610,0.030000,
-6.066089,24.102125,85.552340,-11.975134,31.385671,126.312194,-6.067472,24.118356,85.551775,-5.789436,24.109028,85.810532,0.030000,
-6.066089,24.102125,85.552340,-11.975352,31.385424,126.313479,-6.064551,24.084082,85.552968,-5.789519,24.109029,85.810455,0.030000,
-6.066089,24.102125,85.552340,-11.975570,31.385178,126.314763,-6.067472,24.118356,85.551775,-5.789602,24.109031,85.810377,0.030000,
-6.066089,24.102125,85.552340,-11.975788,31.384931,126.316047,-6.064551,24.084082,85.552968,-5.789686,24.109033,85.810299,0.030000,
-6.066089,24.102125,85.552340,-11.976005,31.384685,126.317330,-6.067472,24.118356,85.551775,-5.789769,24.109034,85.810222,0.030000,
-6.066089,24.102125,85.552340,-11.976223,31.384438,126.318614,-6.064551,24.084082,85.552968,-5.789852,24.109036,85.810145,0.030000,
-6.066089,24.102125,85.552340,-11.976441,31.384192,126.319897,-6.067472,24.118356,85.551775,-5.789935,24.109038,85.810067,0.030000,
-6.066089,24.102125,85.552340,-11.976658,31.383945,126.321180,-6.064551,24.084082,85.552968,-5.790018,24.109040,85.809990,0.030000,
-6.066089,24.102125,85.552340,-11.976876,31.383699,126.322462,-6.067472,24.118356,85.551775,-5.790101,24.109041,85.809912,0.030000,
-6.066089,24.102125,85.552340,-11.977093,31.383452,126.323745,-6.064551,24.084082,85.552968,-5.790184,24.109043,85.809835,0.030000,
-6.066089,24.102125,85.552340,-11.977311,31.383206,126.325027,-6.067472,24.118356,85.551775,-5.790267,24.109045,85.809758,0.030000,
-6.066089,24.102125,85.552340,-11.977528,31.382960,126.326309,-6.064551,24.084082,85.552968,-5.790350,24.109046,85.809680,0.030000,
-6.066089,24.102125,85.552340,-11.977745,31.382714,126.327590,-6.067472,24.118356,85.551775,-5.790433,24.109048,85.809603,0.030000,
-6.066089,24.102125,85.552340,-11.977963,31.382468,126.328872,-6.064551,24.084082,85.552968,-5.790516,24.109050,85.809526,0.030000,
-6.066089,24.102125,85.552340,-11.978180,31.382222,126.330153,-6.067472,24.118356,85.551775,-5.790599,24.109051,85.809448,0.030000,
-6.066089,24.102125,85.552340,-11.978397,31.381976,126.331434,-6.064551,24.084082,85.552968,-5.790682,24.109053,85.809371,0.030000,
-6.066089,24.102125,85.552340,-11.978615,31.381730,126.332714,-6.067472,24.118356,85.551775,-5.790765,24.109055,85.809294,0.030000,
-6.066089,24.102125,85.552340,-11.978832,31.381484,126.333995,-6.064551,24.084082,85.552968,-5.790848,24.109057,85.809217,0.030000,
-6.066089,24.102125,85.552340,-11.979049,31.381238,126.335275,-6.067472,24.118356,85.551775,-5.790931,24.109058,85.809140,0.030000,
-6.066089,24.102125,85.552340,-11.979266,31.380992,126.336554,-6.064551,24.084082,85.552968,-5.791014,24.109060,85.809063,0.030000,
-6.066089,24.102125,85.552340,-11.979483,31.380746,126.337834,-6.067472,24.118356,85.551775,-5.791097,24.109062,85.808985,0.030000,
-6.066089,24.102125,85.552340,-11.979700,31.380500,126.339113,-6.064551,24.084082,85.552968,-5.791179,24.109063,85.808908,0.030000,
-6.066089,24.102125,85.552340,-11.979917,31.380255,126.340392,-6.067472,24.118356,85.551775,-5.791262,24.109065,85.808831,0.030000,
-6.066089,24.102125,85.552340,-11.980134,31.380009,126.341671,-6.064551,24.084082,85.552968,-5.791345,24.109067,85.808754,0.030000,
-6.066089,24.102125,85.552340,-11.980351,31.379763,126.342950,-6.067472,24.118356,85.551775,-5.791427,24.109068,85.808677,0.030000,
-6.066089,24.102125,85.552340,-11.980568,31.379518,126.344228,-6.064551,24.084082,85.552968,-5.791510,24.109070,85.808600,0.030000,
-6.066089,24.102125,85.552340,-11.980785,31.379272,126.345506,-6.067472,24.118356,85.551775,-5.791593,24.109072,85.808523,0.030000,
-6.066089,24.102125,85.552340,-11.981002,31.379027,126.346783,-6.064551,24.084082,85.552968,-5.791675,24.109073,85.808446,0.030000,
-6.066089,24.102125,85.552340,-11.981219,31.378782,126.348061,-6.067472,24.118356,85.551775,-5.791758,24.109075,85.808369,0.030000,
-6.066089,24.102125,85.552340,-11.981436,31.378536,126.349338,-6.064551,24.084082,85.552968,-5.791841,24.109077,85.808292,0.030000,
-6.066089,24.102125,85.552340,-11.981652,31.378291,126.350615,-6.067472,24.118356,85.551775,-5.791923,24.109078,85.808216,0.030000,
-6.066089,24.102125,85.552340,-11.981869,31.378046,126.351892,-6.064551,24.084082,85.552968,-5.792006,24.109080,85.808139,0.030000,
-6.066089,24.102125,85.552340,-11.982086,31.377800,126.353168,-6.067472,24.118356,85.551775,-5.792088,24.109081,85.808062,0.030000,
-6.066089,24.102125,85.552340,-11.982302,31.377555,126.354444,-6.064551,24.084082,85.552968,-5.792171,24.109083,85.807985,0.030000,
-6.066089,24.102125,85.552340,-11.982519,31.377310,126.355720,-6.067472,24.118356,85.551775,-5.792253,24.109085,85.807908,0.030000,
-6.066089,24.102125,85.552340,-11.982735,31.377065,126.356996,-6.064551,24.084082,85.552968,-5.792336,24.109086,85.807831,0.030000,
-6.066089,24.102125,85.552340,-11.982952,31.376820,126.358271,-6.067472,24.118356,85.551775,-5.792418,24.109088,85.807755,0.030000,
-6.066089,24.102125,85.552340,-11.983168,31.376575,126.359547,-6.064551,24.084082,85.552968,-5.792500,24.109090,85.807678,0.030000,
-6.066089,24.102125,85.552340,-11.983385,31.376330,126.360822,-6.067472,24.118356,85.551775,-5.792583,24.109091,85.807601,0.030000,
-6.066089,24.102125,85.552340,-11.983601,31.376085,126.362096,-6.064551,24.084082,85.552968,-5.792665,24.109093,85.807525,0.030000,
-6.066089,24.102125,85.552340,-11.983817,31.375841,126.363371,-6.067472,24.118356,85.551775,-5.792747,24.109095,85.807448,0.030000,
-6.066089,24.102125,85.552340,-11.984034,31.375596,126.364645,-6.064551,24.084082,85.552968,-5.792830,24.109096,85.807371,0.030000,
-6.066089,24.102125,85.552340,-11.984250,31.375351,126.365919,-6.067472,24.118356,85.551775,-5.792912,24.109098,85.807295,0.030000,
-6.066089,24.102125,85.552340,-11.984466,31.375106,126.367192,-6.064551,24.084082,85.552968,-5.792994,24.109099,85.807218,0.030000,
-6.066089,24.102125,85.552340,-11.984683,31.374862,126.368466,-6.067472,24.118356,85.551775,-5.793076,24.109101,85.807142,0.030000,
-6.066089,24.102125,85.552340,-11.984899,31.374617,126.369739,-6.064551,24.084082,85.552968,-5.793158,24.109103,85.807065,0.030000,
-6.066089,24.102125,85.552340,-11.985115,31.374373,126.371012,-6.067472,24.118356,85.551775,-5.793241,24.109104,85.806989,0.030000,
-6.066089,24.102125,85.552340,-11.985331,31.374128,126.372284,-6.064551,24.084082,85.552968,-5.793323,24.109106,85.806912,0.030000,
-6.066089,24.102125,85.552340,-11.985547,31.373884,126.373556,-6.067472,24.118356,85.551775,-5.793405,24.109107,85.806836,0.030000,
-6.066089,24.102125,85.552340,-11.985763,31.373639,126.374829,-6.064551,24.084082,85.552968,-5.793487,24.109109,85.806759,0.030000,
-6.066089,24.102125,85.552340,-11.985979,31.373395,126.376100,-6.067472,24.118356,85.551775,-5.793569,24.109111,85.806683,0.030000,
-6.066089,24.102125,85.552340,-11.986195,31.373151,126.377372,-6.064551,24.084082,85.552968,-5.793651,24.109112,85.806606,0.030000,
-6.066089,24.102125,85.552340,-11.986411,31.372906,126.378643,-6.067472,24.118356,85.551775,-5.793733,24.109114,85.806530,0.030000,
-6.066089,24.102125,85.552340,-11.986627,31.372662,126.379914,-6.064551,24.084082,85.552968,-5.793815,24.109115,85.806454,0.030000,
-6.066089,24.102125,85.552340,-11.986843,31.372418,126.381185,-6.067472,24.118356,85.551775,-5.793897,24.109117,85.806377,0.030000,
-6.066089,24.102125,85.552340,-11.987058,31.372174,126.382456,-6.064551,24.084082,85.552968,-5.793979,24.109119,85.806301,0.030000,
-6.066089,24.102125,85.552340,-11.987274,31.371930,126.383726,-6.067472,24.118356,85.551775,-5.794061,24.109120,85.806225,0.030000,
-6.066089,24.102125,85.552340,-11.987490,31.371686,126.384996,-6.064551,24.084082,85.552968,-5.794143,24.109122,85.806148,0.030000,
-6.066089,24.102125,85.552340,-11.987706,31.371442,126.386266,-6.067472,24.118356,85.551775,-5.794224,24.109123,85.806072,0.030000,
-6.066089,24.102125,85.552340,-11.987921,31.371198,126.387535,-6.064551,24.084082,85.552968,-5.794306,24.109125,85.805996,0.030000,
-6.066089,24.102125,85.552340,-11.988137,31.370954,126.388804,-6.067472,24.118356,85.551775,-5.794388,24.109126,85.805920,0.030000,
-6.066089,24.102125,85.552340,-11.988352,31.370710,126.390073,-6.064551,24.084082,85.552968,-5.794470,24.109128,85.805844,0.030000,
-6.066089,24.102125,85.552340,-11.988568,31.370467,126.391342,-6.067472,24.118356,85.551775,-5.794552,24.109130,85.805768,0.030000,
-6.066089,24.102125,85.552340,-11.988783,31.370223,126.392611,-6.064551,24.084082,85.552968,-5.794633,24.109131,85.805691,0.030000,
-6.066089,24.102125,85.552340,-11.988999,31.369979,126.393879,-6.067472,24.118356,85.551775,-5.794715,24.109133,85.805615,0.030000,
-6.066089,24.102125,85.552340,-11.989214,31.369736,126.395147,-6.064551,24.084082,85.552968,-5.794797,24.109134,85.805539,0.030000,
-6.066089,24.102125,85.552340,-11.989430,31.369492,126.396415,-6.067472,24.118356,85.551775,-5.794878,24.109136,85.805463,0.030000,
-6.066089,24.102125,85.552340,-11.989645,31.369249,126.397682,-6.064551,24.084082,85.552968,-5.794960,24.109137,85.805387,0.030000,
-6.066089,24.102125,85.552340,-11.989860,31.369005,126.398949,-6.067472,24.118356,85.551775,-5.795042,24.109139,85.805311,0.030000,
-6.066089,24.102125,85.552340,-11.990076,31.368762,126.400216,-6.064551,24.084082,85.552968,-5.795123,24.109140,85.805235,0.030000,
-6.066089,24.102125,85.552340,-11.990291,31.368518,126.401483,-6.067472,24.118356,85.551775,-5.795205,24.109142,85.805159,0.030000,
-6.066089,24.102125,85.552340,-11.990506,31.368275,126.402749,-6.064551,24.084082,85.552968,-5.795286,24.109143,85.805083,0.030000,
-6.066089,24.102125,85.552340,-11.990721,31.368032,126.404015,-6.067472,24.118356,85.551775,-5.795368,24.109145,85.805007,0.030000,
-6.066089,24.102125,85.552340,-11.990936,31.367788,126.405281,-6.064551,24.084082,85.552968,-5.795449,24.109147,85.804931,0.030000,
-6.066089,24.102125,85.552340,-11.991151,31.367545,126.406547,-6.067472,24.118356,85.551775,-5.795531,24.109148,85.804856,0.030000,
-6.066089,24.102125,85.552340,-11.991367,31.367302,126.407812,-6.064551,24.084082,85.552968,-5.795612,24.109150,85.804780,0.030000,
-6.066089,24.102125,85.552340,-11.991582,31.367059,126.409078,-6.067472,24.118356,85.551775,-5.795694,24.109151,85.804704,0.030000,
-6.066089,24.102125,85.552340,-11.991797,31.366816,126.410343,-6.064551,24.084082,85.552968,-5.795775,24.109153,85.804628,0.030000,
-6.066089,24.102125,85.552340,-11.992011,31.366573,126.411607,-6.067472,24.118356,85.551775,-5.795856,24.109154,85.804552,0.030000,
-6.066089,24.102125,85.552340,-11.992226,31.366330,126.412872,-6.064551,24.084082,85.552968,-5.795938,24.109156,85.804477,0.030000,
-6.066089,24.102125,85.552340,-11.992441,31.366087,126.414136,-6.067472,24.118356,85.551775,-5.796019,24.109157,85.804401,0.030000,
-6.066089,24.102125,85.552340,-11.992656,31.365844,126.415400,-6.064551,24.084082,85.552968,-5.796100,24.109159,85.804325,0.030000,
-6.066089,24.102125,85.552340,-11.992871,31.365601,126.416663,-6.067472,24.118356,85.551775,-5.796181,24.109160,85.804249,0.030000,
-6.066089,24.102125,85.552340,-11.993086,31.365359,126.417927,-6.064551,24.084082,85.552968,-5.796263,24.109162,85.804174,0.030000,
-6.066089,24.102125,85.552340,-11.993300,31.365116,126.419190,-6.067472,24.118356,85.551775,-5.796344,24.109163,85.804098,0.030000,
-6.066089,24.102125,85.552340,-11.993515,31.364873,126.420453,-6.064551,24.084082,85.552968,-5.796425,24.109165,85.804022,0.030000,
-6.066089,24.102125,85.552340,-11.993730,31.364631,126.421715,-6.067472,24.118356,85.551775,-5.796506,24.109166,85.803947,0.030000,
-6.066089,24.102125,85.552340,-11.993944,31.364388,126.422978,-6.064551,24.084082,85.552968,-5.796587,24.109168,85.803871,0.030000,
-6.066089,24.102125,85.552340,-11.994159,31.364146,126.424240,-6.067472,24.118356,85.551775,-5.796669,24.109169,85.803796,0.030000,
-6.066089,24.102125,85.552340,-11.994373,31.363903,126.425502,-6.064551,24.084082,85.552968,-5.796750,24.109171,85.803720,0.030000,
-6.066089,24.102125,85.552340,-11.994588,31.363661,126.426763,-6.067472,24.118356,85.551775,-5.796831,24.109172,85.803645,0.030000,
-6.066089,24.102125,85.552340,-11.994802,31.363418,126.428024,-6.064551,24.084082,85.552968,-5.796912,24.109174,85.803569,0.030000,
-6.066089,24.102125,85.552340,-11.995017,31.363176,126.429286,-6.067472,24.118356,85.551775,-5.796993,24.109175,85.803494,0.030000,
-6.066089,24.102125,85.552340,-11.995231,31.362934,126.430546,-6.064551,24.084082,85.552968,-5.797074,24.109177,85.803418,0.030000,
-6.066089,24.102125,85.552340,-11.995446,31.362692,126.431807,-6.067472,24.118356,85.551775,-5.797155,24.109178,85.803343,0.030000,
-6.066089,24.102125,85.552340,-11.995660,31.362449,126.433067,-6.064551,24.084082,85.552968,-5.797236,24.109180,85.803268,0.030000,
-6.066089,24.102125,85.552340,-11.995874,31.362207,126.434327,-6.067472,24.118356,85.551775,-5.797317,24.109181,85.803192,0.030000,
-6.066089,24.102125,85.552340,-11.996088,31.361965,126.435587,-6.064551,24.084082,85.552968,-5.797397,24.109183,85.803117,0.030000,
-6.066089,24.102125,85.552340,-11.996303,31.361723,126.436847,-6.067472,24.118356,85.551775,-5.797478,24.109184,85.803042,0.030000,
-6.066089,24.102125,85.552340,-11.996517,31.361481,126.438106,-6.064551,24.084082,85.552968,-5.797559,24.109185,85.802966,0.030000,
-6.066089,24.102125,85.552340,-11.996731,31.361239,126.439365,-6.067472,24.118356,85.551775,-5.797640,24.109187,85.802891,0.030000,
-6.066089,24.102125,85.552340,-11.996945,31.360997,126.440624,-6.064551,24.084082,85.552968,-5.797721,24.109188,85.802816,0.030000,
-6.066089,24.102125,85.552340,-11.997159,31.360755,126.441882,-6.067472,24.118356,85.551775,-5.797802,24.109190,85.802740,0.030000,
-6.066089,24.102125,85.552340,-11.997373,31.360514,126.443141,-6.064551,24.084082,85.552968,-5.797882,24.109191,85.802665,0.030000,
-6.066089,24.102125,85.552340,-11.997587,31.360272,126.444399,-6.067472,24.118356,85.551775,-5.797963,24.109193,85.802590,0.030000,
-6.066089,24.102125,85.552340,-11.997801,31.360030,126.445656,-6.064551,24.084082,85.552968,-5.798044,24.109194,85.802515,0.030000,
-6.066089,24.102125,85.552340,-11.998015,31.359788,126.446914,-6.067472,24.118356,85.551775,-5.798124,24.109196,85.802440,0.030000,
-6.066089,24.102125,85.552340,-11.998229,31.359547,126.448171,-6.064551,24.084082,85.552968,-5.798205,24.109197,85.802365,0.030000,
-6.066089,24.102125,85.552340,-11.998443,31.359305,126.449428,-6.067472,24.118356,85.551775,-5.798286,24.109199,85.802290,0.030000,
-6.066089,24.102125,85.552340,-11.998656,31.359064,126.450685,-6.064551,24.084082,85.552968,-5.798366,24.109200,85.802214,0.030000,
-6.066089,24.102125,85.552340,-11.998870,31.358822,126.451942,-6.067472,24.118356,85.551775,-5.798447,24.109201,85.802139,0.030000,
-6.066089,24.102125,85.552340,-11.999084,31.358581,126.453198,-6.064551,24.084082,85.552968,-5.798527,24.109203,85.802064,0.030000,
-6.066089,24.102125,85.552340,-11.999298,31.358340,126.454454,-6.067472,24.118356,85.551775,-5.798608,24.109204,85.801989,0.030000,
-6.066089,24.102125,85.552340,-11.999511,31.358098,126.455710,-6.064551,24.084082,85.552968,-5.798688,24.109206,85.801914,0.030000,
-6.066089,24.102125,85.552340,-11.999725,31.357857,126.456965,-6.067472,24.118356,85.551775,-5.798769,24.109207,85.801839,0.030000,
-6.066089,24.102125,85.552340,-11.999938,31.357616,126.458220,-6.064551,24.084082,85.552968,-5.798849,24.109209,85.801764,0.030000,
-6.066089,24.102125,85.552340,-12.000152,31.357374,126.459475,-6.067472,24.118356,85.551775,-5.798930,24.109210,85.801690,0.030000,
-6.066089,24.102125,85.552340,-12.000366,31.357133,126.460730,-6.064551,24.084082,85.552968,-5.799010,24.109211,85.801615,0.030000,
-6.066089,24.102125,85.552340,-12.000579,31.356892,126.461984,-6.067472,24.118356,85.551775,-5.799091,24.109213,85.801540,0.030000,
-6.066089,24.102125,85.552340,-12.000792,31.356651,126.463239,-6.064551,24.084082,85.552968,-5.799171,24.109214,85.801465,0.030000,
-6.066089,24.102125,85.552340,-12.001006,31.356410,126.464493,-6.067472,24.118356,85.551775,-5.799251,24.109216,85.801390,0.030000,
-6.066089,24.102125,85.552340,-12.001219,31.356169,126.465746,-6.064551,24.084082,85.552968,-5.799332,24.109217,85.801315,0.030000,
-6.066089,24.102125,85.552340,-12.001432,31.355928,126.467000,-6.067472,24.118356,85.551775,-5.799412,24.109218,85.801240,0.030000,
-6.066089,24.102125,85.552340,-12.001646,31.355688,126.468253,-6.064551,24.084082,85.552968,-5.799492,24.109220,85.801166,0.030000,
-6.066089,24.102125,85.552340,-12.001859,31.355447,126.469506,-6.067472,24.118356,85.551775,-5.799572,24.109221,85.801091,0.030000,
-6.066089,24.102125,85.552340,-12.002072,31.355206,126.470759,-6.064551,24.084082,85.552968,-5.799653,24.109223,85.801016,0.030000,
-6.066089,24.102125,85.552340,-12.002285,31.354965,126.472011,-6.067472,24.118356,85.551775,-5.799733,24.109224,85.800942,0.030000,
-6.066089,24.102125,85.552340,-12.002499,31.354725,126.473263,-6.064551,24.084082,85.552968,-5.799813,24.109225,85.800867,0.030000,
-6.066089,24.102125,85.552340,-12.002712,31.354484,126.474515,-6.067472,24.118356,85.551775,-5.799893,24.109227,85.800792,0.030000,
-6.066089,24.102125,85.552340,-12.002925,31.354243,126.475767,-6.064551,24.084082,85.552968,-5.799973,24.109228,85.800718,0.030000,
-6.066089,24.102125,85.552340,-12.003138,31.354003,126.477018,-6.067472,24.118356,85.551775,-5.800053,24.109230,85.800643,0.030000,
-6.066089,24.102125,85.552340,-12.003351,31.353762,126.478270,-6.064551,24.084082,85.552968,-5.800133,24.109231,85.800568,0.030000,
-6.066089,24.102125,85.552340,-12.003564,31.353522,126.479521,-6.067472,24.118356,85.551775,-5.800213,24.109232,85.800494,0.030000,
-6.066089,24.102125,85.552340,-12.003777,31.353282,126.480771,-6.064551,24.084082,85.552968,-5.800293,24.109234,85.800419,0.030000,
-6.066089,24.102125,85.552340,-12.003989,31.353041,126.482022,-6.067472,24.118356,85.551775,-5.800373,24.109235,85.800345,0.030000,
-6.066089,24.102125,85.552340,-12.004202,31.352801,126.483272,-6.064551,24.084082,85.552968,-5.800453,24.109237,85.800270,0.030000,
-6.066089,24.102125,85.552340,-12.004415,31.352561,126.484522,-6.067472,24.118356,85.551775,-5.800533,24.109238,85.800196,0.030000,
-6.066089,24.102125,85.552340,-12.004628,31.352321,126.485771,-6.064551,24.084082,85.552968,-5.800613,24.109239,85.800121,0.030000,
-6.066089,24.102125,85.552340,-12.004841,31.352080,126.487021,-6.067472,24.118356,85.551775,-5.800693,24.109241,85.800047,0.030000,
-6.066089,24.102125,85.552340,-12.005053,31.351840,126.488270,-6.064551,24.084082,85.552968,-5.800773,24.109242,85.799973,0.030000,
-6.066089,24.102125,85.552340,-12.005266,31.351600,126.489519,-6.067472,24.118356,85.551775,-5.800853,24.109243,85.799898,0.030000,
-6.066089,24.102125,85.552340,-12.005479,31.351360,126.490768,-6.064551,24.084082,85.552968,-5.800933,24.109245,85.799824,0.030000,
-6.066089,24.102125,85.552340,-12.005691,31.351120,126.492016,-6.067472,24.118356,85.551775,-5.801013,24.109246,85.799750,0.030000,
-6.066089,24.102125,85.552340,-12.005904,31.350880,126.493264,-6.064551,24.084082,85.552968,-5.801092,24.109247,85.799675,0.030000,
-6.066089,24.102125,85.552340,-12.006116,31.350641,126.494512,-6.067472,24.118356,85.551775,-5.801172,24.109249,85.799601,0.030000,
-6.066089,24.102125,85.552340,-12.006329,31.350401,126.495760,-6.064551,24.084082,85.552968,-5.801252,24.109250,85.799527,0.030000,
-6.066089,24.102125,85.552340,-12.006541,31.350161,126.497007,-6.067472,24.118356,85.551775,-5.801332,24.109251,85.799452,0.030000,
-6.066089,24.102125,85.552340,-12.006754,31.349921,126.498254,-6.064551,24.084082,85.552968,-5.801411,24.109253,85.799378,0.030000,
-6.066089,24.102125,85.552340,-12.006966,31.349682,126.499501,-6.067472,24.118356,85.551775,-5.801491,24.109254,85.799304,0.030000,
-6.066089,24.102125,85.552340,-12.007178,31.349442,126.500748,-6.064551,24.084082,85.552968,-5.801570,24.109256,85.799230,0.030000,
-6.066089,24.102125,85.552340,-12.007390,31.349202,126.501994,-6.067472,24.118356,85.551775,-5.801650,24.109257,85.799156,0.030000,
-6.066089,24.102125,85.552340,-12.007603,31.348963,126.503240,-6.064551,24.084082,85.552968,-5.801730,24.109258,85.799082,0.030000,
-6.066089,24.102125,85.552340,-12.007815,31.348723,126.504486,-6.067472,24.118356,85.551775,-5.801809,24.109260,85.799007,0.030000,
-6.066089,24.102125,85.552340,-12.008027,31.348484,126.505732,-6.064551,24.084082,85.552968,-5.801889,24.109261,85.798933,0.030000,
-6.066089,24.102125,85.552340,-12.008239,31.348245,126.506977,-6.067472,24.118356,85.551775,-5.801968,24.109262,85.798859,0.030000,
-6.066089,24.102125,85.552340,-12.008451,31.348005,126.508223,-6.064551,24.084082,85.552968,-5.802048,24.109263,85.798785,0.030000,
-6.066089,24.102125,85.552340,-12.008663,31.347766,126.509467,-6.067472,24.118356,85.551775,-5.802127,24.109265,85.798711,0.030000,
-6.066089,24.102125,85.552340,-12.008875,31.347527,126.510712,-6.064551,24.084082,85.552968,-5.802207,24.109266,85.798637,0.030000,
-6.066089,24.102125,85.552340,-12.009087,31.347288,126.511956,-6.067472,24.118356,85.551775,-5.802286,24.109267,85.798563,0.030000,
-6.066089,24.102125,85.552340,-12.009299,31.347048,126.513201,-6.064551,24.084082,85.552968,-5.802366,24.109269,85.798489,0.030000,
-6.066089,24.102125,85.552340,-12.009511,31.346809,126.514444,-6.067472,24.118356,85.551775,-5.802445,24.109270,85.798415,0.030000,
-6.066089,24.102125,85.552340,-12.009723,31.346570,126.515688,-6.064551,24.084082,85.552968,-5.802524,24.109271,85.798341,0.030000,
-6.066089,24.102125,85.552340,-12.009935,31.346331,126.516931,-6.067472,24.118356,85.551775,-5.802604,24.109273,85.798268,0.030000,
-6.066089,24.102125,85.552340,-12.010147,31.346092,126.518175,-6.064551,24.084082,85.552968,-5.802683,24.109274,85.798194,0.030000,
-6.066089,24.102125,85.552340,-12.010359,31.345853,126.519417,-6.067472,24.118356,85.551775,-5.802762,24.109275,85.798120,0.030000,
-6.066089,24.102125,85.552340,-12.010570,31.345614,126.520660,-6.064551,24.084082,85.552968,-5.802841,24.109277,85.798046,0.030000,
-6.066089,24.102125,85.552340,-12.010782,31.345376,126.521902,-6.067472,24.118356,85.551775,-5.802921,24.109278,85.797972,0.030000,
-6.066089,24.102125,85.552340,-12.010994,31.345137,126.523145,-6.064551,24.084082,85.552968,-5.803000,24.109279,85.797898,0.030000,
-6.066089,24.102125,85.552340,-12.011205,31.344898,126.524386,-6.067472,24.118356,85.551775,-5.803079,24.109280,85.797825,0.030000,
-6.066089,24.102125,85.552340,-12.011417,31.344659,126.525628,-6.064551,24.084082,85.552968,-5.803158,24.109282,85.797751,0.030000,
-6.066089,24.102125,85.552340,-12.011629,31.344421,126.526869,-6.067472,24.118356,85.551775,-5.803237,24.109283,85.797677,0.030000,
-6.066089,24.102125,85.552340,-12.011840,31.344182,126.528111,-6.064551,24.084082,85.552968,-5.803316,24.109284,85.797604,0.030000,
-6.066089,24.102125,85.552340,-12.012052,31.343944,126.529351,-6.067472,24.118356,85.551775,-5.803395,24.109286,85.797530,0.030000,
-6.066089,24.102125,85.552340,-12.012263,31.343705,126.530592,-6.064551,24.084082,85.552968,-5.803475,24.109287,85.797456,0.030000,
-6.066089,24.102125,85.552340,-12.012474,31.343467,126.531832,-6.067472,24.118356,85.551775,-5.803554,24.109288,85.797383,0.030000,
-6.066089,24.102125,85.552340,-12.012686,31.343228,126.533073,-6.064551,24.084082,85.552968,-5.803633,24.109289,85.797309,0.030000,
-6.066089,24.102125,85.552340,-12.012897,31.342990,126.534312,-6.067472,24.118356,85.551775,-5.803712,24.109291,85.797235,0.030000,
-6.066089,24.102125,85.552340,-12.013108,31.342752,126.535552,-6.064551,24.084082,85.552968,-5.803791,24.109292,85.797162,0.030000,
-6.066089,24.102125,85.552340,-12.013320,31.342513,126.536791,-6.067472,24.118356,85.551775,-5.803869,24.109293,85.797088,0.030000,
-6.066089,24.102125,85.552340,-12.013531,31.342275,126.538031,-6.064551,24.084082,85.552968,-5.803948,24.109295,85.797015,0.030000,
-6.066089,24.102125,85.552340,-12.013742,31.342037,126.539269,-6.067472,24.118356,85.551775,-5.804027,24.109296,85.796941,0.030000,
-6.066089,24.102125,85.552340,-12.013953,31.341799,126.540508,-6.064551,24.084082,85.552968,-5.804106,24.109297,85.796868,0.030000,
-6.066089,24.102125,85.552340,-12.014164,31.341561,126.541746,-6.067472,24.118356,85.551775,-5.804185,24.109298,85.796794,0.030000,
-6.066089,24.102125,85.552340,-12.014375,31.341323,126.542984,-6.064551,24.084082,85.552968,-5.804264,24.109300,85.796721,0.030000,
-6.066089,24.102125,85.552340,-12.014587,31.341085,126.544222,-6.067472,24.118356,85.551775,-5.804343,24.109301,85.796648,0.030000,
-6.066089,24.102125,85.552340,-12.014798,31.340847,126.545460,-6.064551,24.084082,85.552968,-5.804421,24.109302,85.796574,0.030000,
-6.066089,24.102125,85.552340,-12.015008,31.340609,126.546697,-6.067472,24.118356,85.551775,-5.804500,24.109303,85.796501,0.030000,
-6.066089,24.102125,85.552340,-12.015219,31.340371,126.547934,-6.064551,24.084082,85.552968,-5.804579,24.109305,85.796428,0.030000,
-6.066089,24.102125,85.552340,-12.015430,31.340134,126.549171,-6.067472,24.118356,85.551775,-5.804658,24.109306,85.796354,0.030000,
