0.954472,-0.179504,-0.047718,0.233421,0.938592,-0.173245,-0.040975,0.295555,0.943191,-0.167986,-0.039820,0.283876,0.941191,-0.164843,-0.038729,0.292380,1.000000,
0.954472,-0.179504,-0.047718,0.233421,0.936018,-0.181642,-0.043076,0.298363,0.945322,-0.170979,-0.041082,0.274672,0.941329,-0.165055,-0.038803,0.291805,1.000000,
0.954472,-0.179504,-0.047718,0.233421,0.933344,-0.189739,-0.044936,0.301413,0.947442,-0.173596,-0.042441,0.265361,0.941466,-0.165264,-0.038877,0.291236,1.000000,
0.954472,-0.179504,-0.047718,0.233421,0.930588,-0.197429,-0.046533,0.304733,0.949550,-0.175825,-0.043897,0.255958,0.941601,-0.165469,-0.038950,0.290672,1.000000,
0.954472,-0.179504,-0.047718,0.233421,0.927784,-0.204580,-0.047851,0.308341,0.951641,-0.177656,-0.045447,0.246479,0.941735,-0.165671,-0.039023,0.290113,1.000000,
0.954472,-0.179504,-0.047718,0.233421,0.924976,-0.211038,-0.048887,0.312236,0.953714,-0.179083,-0.047090,0.236941,0.941867,-0.165869,-0.039096,0.289560,1.000000,
0.954472,-0.179504,-0.047718,0.233421,0.922221,-0.216656,-0.049661,0.316391,0.955765,-0.180100,-0.048824,0.227362,0.941998,-0.166064,-0.039168,0.289012,1.000000,
0.954472,-0.179504,-0.047718,0.233421,0.919573,-0.221326,-0.050220,0.320748,0.953645,-0.179475,-0.046998,0.236942,0.942127,-0.166257,-0.039239,0.288470,1.000000,
0.954472,-0.179504,-0.047718,0.233421,0.917076,-0.225021,-0.050634,0.325228,0.956024,-0.178393,-0.049187,0.227542,0.942255,-0.166446,-0.039311,0.287932,1.000000,
0.954472,-0.179504,-0.047718,0.233421,0.914752,-0.227800,-0.050979,0.329753,0.953365,-0.182533,-0.046512,0.235826,0.942382,-0.166632,-0.039381,0.287400,1.000000,
0.954472,-0.179504,-0.047718,0.233421,0.912598,-0.229785,-0.051323,0.334259,0.955700,-0.173887,-0.049257,0.232324,0.942507,-0.166815,-0.039452,0.286873,1.000000,
0.954472,-0.179504,-0.047718,0.233421,0.910596,-0.231121,-0.051716,0.338707,0.953778,-0.183322,-0.046812,0.233474,0.942631,-0.166995,-0.039521,0.286351,1.000000,
0.954472,-0.179504,-0.047718,0.233421,0.908723,-0.231946,-0.052186,0.343075,0.955527,-0.173754,-0.049115,0.233164,0.942754,-0.167173,-0.039591,0.285834,1.000000,
0.954472,-0.179504,-0.047718,0.233421,0.906953,-0.232378,-0.052746,0.347353,0.953748,-0.183304,-0.046787,0.233615,0.942875,-0.167347,-0.039660,0.285322,1.000000,
0.954472,-0.179504,-0.047718,0.233421,0.905266,-0.232514,-0.053396,0.351540,0.955535,-0.173759,-0.049122,0.233128,0.942995,-0.167519,-0.039728,0.284815,1.000000,
0.954472,-0.179504,-0.047718,0.233421,0.903642,-0.232426,-0.054133,0.355639,0.953749,-0.183305,-0.046788,0.233609,0.943114,-0.167688,-0.039796,0.284313,1.000000,
0.954472,-0.179504,-0.047718,0.233421,0.902068,-0.232170,-0.054946,0.359653,0.955534,-0.173759,-0.049121,0.233130,0.943231,-0.167854,-0.039864,0.283815,1.000000,
0.954472,-0.179504,-0.047718,0.233421,0.900534,-0.231790,-0.055826,0.363588,0.953749,-0.183305,-0.046788,0.233609,0.943347,-0.168018,-0.039931,0.283323,1.000000,
0.954472,-0.179504,-0.047718,0.233421,0.899029,-0.231316,-0.056762,0.367448,0.955534,-0.173759,-0.049121,0.233129,0.943462,-0.168179,-0.039997,0.282835,1.000000,
0.954472,-0.179504,-0.047718,0.233421,0.897549,-0.230771,-0.057745,0.371237,0.953749,-0.183305,-0.046788,0.233609,0.943575,-0.168338,-0.040063,0.282352,1.000000,
0.954472,-0.179504,-0.047718,0.233421,0.896087,-0.230175,-0.058765,0.374959,0.955534,-0.173759,-0.049121,0.233129,0.943688,-0.168494,-0.040129,0.281873,1.000000,
0.954472,-0.179504,-0.047718,0.233421,0.894641,-0.229540,-0.059815,0.378617,0.953749,-0.183306,-0.046788,0.233609,0.943799,-0.168648,-0.040194,0.281399,1.000000,
0.954472,-0.179504,-0.047718,0.233421,0.893209,-0.228876,-0.060887,0.382213,0.955534,-0.173759,-0.049121,0.233129,0.943909,-0.168799,-0.040259,0.280930,1.000000,
0.954472,-0.179504,-0.047718,0.233421,0.891787,-0.228190,-0.061977,0.385751,0.953749,-0.183306,-0.046788,0.233609,0.944018,-0.168948,-0.040324,0.280465,1.000000,
0.954472,-0.179504,-0.047718,0.233421,0.890376,-0.227489,-0.063079,0.389232,0.955534,-0.173759,-0.049121,0.233129,0.944126,-0.169095,-0.040388,0.280005,1.000000,
0.954472,-0.179504,-0.047718,0.233421,0.888973,-0.226776,-0.064189,0.392656,0.953749,-0.183306,-0.046788,0.233609,0.944232,-0.169239,-0.040451,0.279549,1.000000,
0.954472,-0.179504,-0.047718,0.233421,0.887579,-0.226056,-0.065303,0.396027,0.955534,-0.173759,-0.049121,0.233129,0.944337,-0.169381,-0.040514,0.279098,1.000000,
0.954472,-0.179504,-0.047718,0.233421,0.886194,-0.225330,-0.066419,0.399344,0.953749,-0.183306,-0.046788,0.233609,0.944442,-0.169521,-0.040577,0.278650,1.000000,
0.954472,-0.179504,-0.047718,0.233421,0.884816,-0.224600,-0.067535,0.402609,0.955534,-0.173759,-0.049121,0.233129,0.944545,-0.169659,-0.040639,0.278208,1.000000,
0.954472,-0.179504,-0.047718,0.233421,0.883447,-0.223869,-0.068649,0.405822,0.953749,-0.183306,-0.046788,0.233609,0.944647,-0.169794,-0.040700,0.277769,1.000000,
0.954472,-0.179504,-0.047718,0.233421,0.882086,-0.223137,-0.069759,0.408984,0.955534,-0.173759,-0.049121,0.233129,0.944748,-0.169928,-0.040762,0.277335,1.000000,
0.954472,-0.179504,-0.047718,0.233421,0.880733,-0.222405,-0.070863,0.412096,0.953749,-0.183306,-0.046788,0.233609,0.944848,-0.170059,-0.040822,0.276905,1.000000,
0.954472,-0.179504,-0.047718,0.233421,0.879389,-0.221675,-0.071962,0.415158,0.955534,-0.173760,-0.049121,0.233129,0.944946,-0.170189,-0.040883,0.276479,1.000000,
0.954472,-0.179504,-0.047718,0.233421,0.878054,-0.220946,-0.073053,0.418171,0.953749,-0.183306,-0.046787,0.233609,0.945044,-0.170316,-0.040943,0.276057,1.000000,
0.954472,-0.179504,-0.047718,0.233421,0.876729,-0.220219,-0.074136,0.421134,0.955534,-0.173760,-0.049121,0.233130,0.945141,-0.170442,-0.041002,0.275639,1.000000,
0.954472,-0.179504,-0.047718,0.233421,0.875412,-0.219495,-0.075211,0.424050,0.953749,-0.183306,-0.046787,0.233609,0.945237,-0.170565,-0.041061,0.275226,1.000000,
0.954472,-0.179504,-0.047718,0.233421,0.874106,-0.218774,-0.076277,0.426917,0.955534,-0.173760,-0.049121,0.233130,0.945331,-0.170687,-0.041120,0.274816,1.000000,
0.954472,-0.179504,-0.047718,0.233421,0.872810,-0.218056,-0.077334,0.429737,0.953749,-0.183306,-0.046787,0.233609,0.945425,-0.170806,-0.041178,0.274410,1.000000,
0.954472,-0.179504,-0.047718,0.233421,0.871524,-0.217342,-0.078380,0.432510,0.955534,-0.173760,-0.049121,0.233130,0.945518,-0.170924,-0.041236,0.274009,1.000000,
0.954472,-0.179504,-0.047718,0.233421,0.870249,-0.216632,-0.079417,0.435236,0.953749,-0.183306,-0.046787,0.233609,0.945609,-0.171041,-0.041293,0.273611,1.000000,
0.954472,-0.179504,-0.047718,0.233421,0.868985,-0.215926,-0.080443,0.437916,0.955534,-0.173760,-0.049121,0.233130,0.945700,-0.171155,-0.041350,0.273217,1.000000,
0.954472,-0.179504,-0.047718,0.233421,0.867732,-0.215225,-0.081458,0.440550,0.953749,-0.183307,-0.046787,0.233609,0.945790,-0.171268,-0.041406,0.272826,1.000000,
0.954472,-0.179504,-0.047718,0.233421,0.866490,-0.214528,-0.082462,0.443139,0.955534,-0.173760,-0.049121,0.233130,0.945879,-0.171378,-0.041463,0.272440,1.000000,
0.954472,-0.179504,-0.047718,0.233421,0.865261,-0.213836,-0.083456,0.445682,0.953749,-0.183307,-0.046787,0.233609,0.945967,-0.171488,-0.041518,0.272057,1.000000,
0.954472,-0.179504,-0.047718,0.233421,0.864044,-0.213148,-0.084438,0.448182,0.955534,-0.173760,-0.049121,0.233130,0.946054,-0.171595,-0.041573,0.271678,1.000000,
0.954472,-0.179504,-0.047718,0.233421,0.862838,-0.212466,-0.085409,0.450637,0.953749,-0.183307,-0.046787,0.233609,0.946140,-0.171701,-0.041628,0.271303,1.000000,
0.954472,-0.179504,-0.047718,0.233421,0.861646,-0.211789,-0.086369,0.453048,0.955534,-0.173760,-0.049121,0.233130,0.946225,-0.171806,-0.041682,0.270932,1.000000,
0.954472,-0.179504,-0.047718,0.233421,0.860466,-0.211117,-0.087316,0.455416,0.953749,-0.183307,-0.046787,0.233609,0.946309,-0.171908,-0.041736,0.270563,1.000000,
0.954472,-0.179504,-0.047718,0.233421,0.859299,-0.210451,-0.088253,0.457742,0.955534,-0.173760,-0.049121,0.233130,0.946392,-0.172010,-0.041790,0.270199,1.000000,
0.954472,-0.179504,-0.047718,0.233421,0.858145,-0.209790,-0.089177,0.460025,0.953749,-0.183307,-0.046787,0.233609,0.946475,-0.172109,-0.041843,0.269838,1.000000,
0.954472,-0.179504,-0.047718,0.233421,0.857004,-0.209135,-0.090090,0.462267,0.955534,-0.173760,-0.049121,0.233130,0.946557,-0.172208,-0.041895,0.269481,1.000000,
0.954472,-0.179504,-0.047718,0.233421,0.855877,-0.208486,-0.090991,0.464467,0.953749,-0.183307,-0.046787,0.233609,0.946637,-0.172305,-0.041948,0.269127,1.000000,
0.954472,-0.179504,-0.047718,0.233421,0.854763,-0.207842,-0.091880,0.466627,0.955534,-0.173761,-0.049121,0.233130,0.946717,-0.172400,-0.042000,0.268776,1.000000,
0.954472,-0.179504,-0.047718,0.233421,0.853662,-0.207205,-0.092757,0.468746,0.953749,-0.183307,-0.046787,0.233609,0.946796,-0.172494,-0.042051,0.268429,1.000000,
0.954472,-0.179504,-0.047718,0.233421,0.852575,-0.206574,-0.093622,0.470826,0.955534,-0.173761,-0.049121,0.233130,0.946875,-0.172586,-0.042102,0.268085,1.000000,
0.954472,-0.179504,-0.047718,0.233421,0.851502,-0.205949,-0.094476,0.472867,0.953749,-0.183307,-0.046787,0.233609,0.946952,-0.172677,-0.042153,0.267745,1.000000,
0.954472,-0.179504,-0.047718,0.233421,0.850443,-0.205331,-0.095317,0.474869,0.955534,-0.173761,-0.049121,0.233130,0.947029,-0.172767,-0.042203,0.267408,1.000000,
0.954472,-0.179504,-0.047718,0.233421,0.849398,-0.204718,-0.096146,0.476833,0.953748,-0.183307,-0.046787,0.233609,0.947105,-0.172856,-0.042253,0.267074,1.000000,
0.954472,-0.179504,-0.047718,0.233421,0.848367,-0.204113,-0.096964,0.478759,0.955534,-0.173761,-0.049121,0.233130,0.947180,-0.172943,-0.042302,0.266744,1.000000,
0.954472,-0.179504,-0.047718,0.233421,0.847349,-0.203513,-0.097769,0.480648,0.953748,-0.183307,-0.046787,0.233609,0.947254,-0.173029,-0.042351,0.266416,1.000000,
0.954472,-0.179504,-0.047718,0.233421,0.846346,-0.202921,-0.098563,0.482501,0.955534,-0.173761,-0.049121,0.233130,0.947327,-0.173113,-0.042400,0.266092,1.000000,
0.954472,-0.179504,-0.047718,0.233421,0.845357,-0.202335,-0.099345,0.484317,0.953748,-0.183308,-0.046787,0.233609,0.947400,-0.173197,-0.042448,0.265771,1.000000,
0.954472,-0.179504,-0.047718,0.233421,0.844382,-0.201755,-0.100115,0.486098,0.955534,-0.173761,-0.049121,0.233130,0.947472,-0.173279,-0.042496,0.265453,1.000000,
0.954472,-0.179504,-0.047718,0.233421,0.843421,-0.201183,-0.100873,0.487844,0.953748,-0.183308,-0.046787,0.233609,0.947543,-0.173360,-0.042543,0.265139,1.000000,
0.954472,-0.179504,-0.047718,0.233421,0.842473,-0.200617,-0.101620,0.489556,0.955534,-0.173761,-0.049121,0.233130,0.947614,-0.173440,-0.042590,0.264827,1.000000,
0.954472,-0.179504,-0.047718,0.233421,0.841540,-0.200058,-0.102355,0.491234,0.953748,-0.183308,-0.046787,0.233609,0.947683,-0.173518,-0.042637,0.264518,1.000000,
0.954472,-0.179504,-0.047718,0.233421,0.840621,-0.199505,-0.103078,0.492878,0.955534,-0.173761,-0.049121,0.233130,0.947752,-0.173596,-0.042683,0.264213,1.000000,
0.954472,-0.179504,-0.047718,0.233421,0.839716,-0.198960,-0.103790,0.494489,0.953748,-0.183308,-0.046787,0.233609,0.947820,-0.173672,-0.042729,0.263910,1.000000,
0.954472,-0.179504,-0.047718,0.233421,0.838825,-0.198421,-0.104491,0.496068,0.955534,-0.173761,-0.049121,0.233130,0.947888,-0.173747,-0.042775,0.263610,1.000000,
0.954472,-0.179504,-0.047718,0.233421,0.837947,-0.197890,-0.105180,0.497616,0.953748,-0.183308,-0.046787,0.233609,0.947955,-0.173821,-0.042820,0.263314,1.000000,
0.954472,-0.179504,-0.047718,0.233421,0.837083,-0.197365,-0.105858,0.499132,0.955534,-0.173761,-0.049121,0.233130,0.948021,-0.173894,-0.042865,0.263020,1.000000,
0.954472,-0.179504,-0.047718,0.233421,0.836233,-0.196847,-0.106524,0.500617,0.953748,-0.183308,-0.046787,0.233609,0.948087,-0.173966,-0.042909,0.262729,1.000000,
0.954472,-0.179504,-0.047718,0.233421,0.835397,-0.196337,-0.107180,0.502072,0.955534,-0.173762,-0.049121,0.233130,0.948151,-0.174037,-0.042953,0.262441,1.000000,
0.954472,-0.179504,-0.047718,0.233421,0.834574,-0.195833,-0.107824,0.503497,0.953748,-0.183308,-0.046787,0.233609,0.948215,-0.174107,-0.042997,0.262155,1.000000,
0.954472,-0.179504,-0.047718,0.233421,0.833765,-0.195336,-0.108458,0.504894,0.955534,-0.173762,-0.049121,0.233130,0.948279,-0.174176,-0.043040,0.261873,1.000000,
0.954472,-0.179504,-0.047718,0.233421,0.832968,-0.194846,-0.109081,0.506261,0.953748,-0.183308,-0.046787,0.233609,0.948342,-0.174244,-0.043083,0.261593,1.000000,
0.954472,-0.179504,-0.047718,0.233421,0.832186,-0.194363,-0.109693,0.507600,0.955534,-0.173762,-0.049121,0.233130,0.948404,-0.174311,-0.043126,0.261316,1.000000,
0.954472,-0.179504,-0.047718,0.233421,0.831416,-0.193886,-0.110294,0.508911,0.953748,-0.183308,-0.046787,0.233609,0.948465,-0.174377,-0.043168,0.261041,1.000000,
0.954472,-0.179504,-0.047718,0.233421,0.830659,-0.193417,-0.110885,0.510196,0.955534,-0.173762,-0.049121,0.233130,0.948526,-0.174442,-0.043210,0.260770,1.000000,
0.954472,-0.179504,-0.047718,0.233421,0.829915,-0.192955,-0.111466,0.511453,0.953748,-0.183308,-0.046787,0.233609,0.948586,-0.174506,-0.043252,0.260501,1.000000,
0.954472,-0.179504,-0.047718,0.233421,0.829184,-0.192499,-0.112036,0.512684,0.955534,-0.173762,-0.049121,0.233130,0.948646,-0.174570,-0.043293,0.260234,1.000000,
0.954472,-0.179504,-0.047718,0.233421,0.828466,-0.192050,-0.112596,0.513890,0.953748,-0.183308,-0.046787,0.233609,0.948705,-0.174632,-0.043334,0.259970,1.000000,
0.954472,-0.179504,-0.047718,0.233421,0.827760,-0.191608,-0.113146,0.515070,0.955534,-0.173762,-0.049121,0.233130,0.948763,-0.174693,-0.043374,0.259709,1.000000,
0.954472,-0.179504,-0.047718,0.233421,0.827067,-0.191173,-0.113686,0.516225,0.953748,-0.183309,-0.046787,0.233609,0.948821,-0.174754,-0.043414,0.259450,1.000000,
0.954472,-0.179504,-0.047718,0.233421,0.826386,-0.190744,-0.114216,0.517356,0.955534,-0.173762,-0.049121,0.233130,0.948878,-0.174814,-0.043454,0.259194,1.000000,
0.954472,-0.179504,-0.047718,0.233421,0.825717,-0.190322,-0.114737,0.518463,0.953748,-0.183309,-0.046787,0.233609,0.948935,-0.174872,-0.043494,0.258941,1.000000,
0.954472,-0.179504,-0.047718,0.233421,0.825060,-0.189907,-0.115248,0.519547,0.955534,-0.173762,-0.049121,0.233130,0.948991,-0.174931,-0.043533,0.258689,1.000000,
0.954472,-0.179504,-0.047718,0.233421,0.824415,-0.189498,-0.115750,0.520607,0.953748,-0.183309,-0.046787,0.233609,0.949046,-0.174988,-0.043572,0.258441,1.000000,
0.954472,-0.179504,-0.047718,0.233421,0.823782,-0.189096,-0.116242,0.521645,0.955534,-0.173762,-0.049121,0.233130,0.949101,-0.175044,-0.043610,0.258194,1.000000,
0.954472,-0.179504,-0.047718,0.233421,0.823160,-0.188701,-0.116725,0.522661,0.953748,-0.183309,-0.046787,0.233609,0.949156,-0.175100,-0.043648,0.257951,1.000000,
0.954472,-0.179504,-0.047718,0.233421,0.822550,-0.188311,-0.117199,0.523655,0.955534,-0.173762,-0.049121,0.233130,0.949209,-0.175155,-0.043686,0.257709,1.000000,
0.954472,-0.179504,-0.047718,0.233421,0.821951,-0.187928,-0.117665,0.524628,0.953748,-0.183309,-0.046787,0.233609,0.949263,-0.175209,-0.043724,0.257470,1.000000,
0.954472,-0.179504,-0.047718,0.233421,0.821363,-0.187552,-0.118121,0.525580,0.955534,-0.173762,-0.049121,0.233130,0.949315,-0.175262,-0.043761,0.257233,1.000000,
0.954472,-0.179504,-0.047718,0.233421,0.820786,-0.187182,-0.118568,0.526512,0.953748,-0.183309,-0.046787,0.233609,0.949367,-0.175315,-0.043798,0.256999,1.000000,
0.954472,-0.179504,-0.047718,0.233421,0.820220,-0.186818,-0.119008,0.527423,0.955534,-0.173763,-0.049120,0.233130,0.949419,-0.175367,-0.043834,0.256766,1.000000,
0.954472,-0.179504,-0.047718,0.233421,0.819665,-0.186460,-0.119438,0.528315,0.953748,-0.183309,-0.046787,0.233609,0.949470,-0.175418,-0.043870,0.256537,1.000000,
0.954472,-0.179504,-0.047718,0.233421,0.819120,-0.186108,-0.119861,0.529188,0.955534,-0.173763,-0.049120,0.233130,0.949520,-0.175468,-0.043906,0.256309,1.000000,
0.954472,-0.179504,-0.047718,0.233421,0.818586,-0.185762,-0.120275,0.530041,0.953748,-0.183309,-0.046787,0.233609,0.949570,-0.175518,-0.043942,0.256084,1.000000,
0.954472,-0.179504,-0.047718,0.233421,0.818062,-0.185423,-0.120681,0.530876,0.955533,-0.173763,-0.049120,0.233130,0.949620,-0.175567,-0.043977,0.255860,1.000000,
0.954472,-0.179504,-0.047718,0.233421,0.817548,-0.185089,-0.121079,0.531693,0.953748,-0.183309,-0.046787,0.233609,0.949669,-0.175615,-0.044012,0.255639,1.000000,
0.954472,-0.179504,-0.047718,0.233421,0.817044,-0.184761,-0.121469,0.532493,0.955533,-0.173763,-0.049120,0.233130,0.949717,-0.175663,-0.044047,0.255420,1.000000,
0.954472,-0.179504,-0.047718,0.233421,0.816549,-0.184439,-0.121852,0.533275,0.953748,-0.183309,-0.046787,0.233609,0.949765,-0.175710,-0.044081,0.255204,1.000000,
0.954472,-0.179504,-0.047718,0.233421,0.816065,-0.184122,-0.122227,0.534040,0.955533,-0.173763,-0.049120,0.233130,0.949813,-0.175757,-0.044115,0.254989,1.000000,
0.954472,-0.179504,-0.047718,0.233421,0.815589,-0.183811,-0.122595,0.534788,0.953748,-0.183310,-0.046787,0.233609,0.949860,-0.175802,-0.044149,0.254777,1.000000,
0.954472,-0.179504,-0.047718,0.233421,0.815123,-0.183506,-0.122955,0.535520,0.955533,-0.173763,-0.049120,0.233130,0.949906,-0.175848,-0.044183,0.254566,1.000000,
0.954472,-0.179504,-0.047718,0.233421,0.814667,-0.183206,-0.123308,0.536235,0.953748,-0.183310,-0.046787,0.233609,0.949952,-0.175892,-0.044216,0.254358,1.000000,
0.954472,-0.179504,-0.047718,0.233421,0.814219,-0.182912,-0.123654,0.536936,0.955533,-0.173763,-0.049120,0.233130,0.949998,-0.175936,-0.044249,0.254152,1.000000,
0.954472,-0.179504,-0.047718,0.233421,0.813780,-0.182623,-0.123994,0.537620,0.953748,-0.183310,-0.046787,0.233609,0.950043,-0.175979,-0.044281,0.253947,1.000000,
0.954472,-0.179504,-0.047718,0.233421,0.813350,-0.182339,-0.124326,0.538290,0.955533,-0.173763,-0.049120,0.233130,0.950087,-0.176022,-0.044314,0.253745,1.000000,
0.954472,-0.179504,-0.047718,0.233421,0.812929,-0.182061,-0.124652,0.538945,0.953748,-0.183310,-0.046787,0.233609,0.950132,-0.176064,-0.044346,0.253545,1.000000,
0.954472,-0.179504,-0.047718,0.233421,0.812516,-0.181788,-0.124971,0.539586,0.955533,-0.173763,-0.049120,0.233130,0.950175,-0.176106,-0.044377,0.253346,1.000000,
0.954472,-0.179504,-0.047718,0.233421,0.812112,-0.181520,-0.125283,0.540213,0.953748,-0.183310,-0.046787,0.233609,0.950219,-0.176147,-0.044409,0.253150,1.000000,
0.954472,-0.179504,-0.047718,0.233421,0.811715,-0.181256,-0.125589,0.540825,0.955533,-0.173763,-0.049120,0.233130,0.950261,-0.176187,-0.044440,0.252955,1.000000,
0.954472,-0.179504,-0.047718,0.233421,0.811327,-0.180998,-0.125889,0.541425,0.953748,-0.183310,-0.046787,0.233609,0.950304,-0.176227,-0.044471,0.252763,1.000000,
0.954472,-0.179504,-0.047718,0.233421,0.810946,-0.180745,-0.126183,0.542011,0.955533,-0.173764,-0.049120,0.233130,0.950346,-0.176267,-0.044501,0.252572,1.000000,
0.954472,-0.179504,-0.047718,0.233421,0.810573,-0.180496,-0.126471,0.542584,0.953748,-0.183310,-0.046787,0.233609,0.950387,-0.176306,-0.044532,0.252383,1.000000,
0.954472,-0.179504,-0.047718,0.233421,0.810208,-0.180252,-0.126752,0.543144,0.955533,-0.173764,-0.049120,0.233130,0.950428,-0.176344,-0.044562,0.252197,1.000000,
0.954472,-0.179504,-0.047718,0.233421,0.809850,-0.180013,-0.127028,0.543692,0.953748,-0.183310,-0.046786,0.233609,0.950469,-0.176382,-0.044592,0.252011,1.000000,
0.954472,-0.179504,-0.047718,0.233421,0.809500,-0.179779,-0.127299,0.544228,0.955533,-0.173764,-0.049120,0.233130,0.950509,-0.176419,-0.044621,0.251828,1.000000,
0.954472,-0.179504,-0.047718,0.233421,0.809157,-0.179549,-0.127563,0.544752,0.953748,-0.183310,-0.046786,0.233609,0.950549,-0.176456,-0.044651,0.251647,1.000000,
0.954472,-0.179504,-0.047718,0.233421,0.808821,-0.179323,-0.127823,0.545265,0.955533,-0.173764,-0.049120,0.233130,0.950589,-0.176492,-0.044680,0.251467,1.000000,
0.954472,-0.179504,-0.047718,0.233421,0.808492,-0.179102,-0.128076,0.545766,0.953748,-0.183310,-0.046786,0.233609,0.950628,-0.176528,-0.044708,0.251289,1.000000,
0.954472,-0.179504,-0.047718,0.233421,0.808169,-0.178885,-0.128325,0.546255,0.955533,-0.173764,-0.049120,0.233130,0.950666,-0.176564,-0.044737,0.251113,1.000000,
0.954472,-0.179504,-0.047718,0.233421,0.807854,-0.178672,-0.128568,0.546734,0.953748,-0.183311,-0.046786,0.233609,0.950704,-0.176599,-0.044765,0.250938,1.000000,
0.954472,-0.179504,-0.047718,0.233421,0.807545,-0.178464,-0.128806,0.547203,0.955533,-0.173764,-0.049120,0.233130,0.950742,-0.176633,-0.044793,0.250766,1.000000,
0.954472,-0.179504,-0.047718,0.233421,0.807242,-0.178260,-0.129040,0.547661,0.953748,-0.183311,-0.046786,0.233609,0.950780,-0.176667,-0.044821,0.250595,1.000000,
0.954472,-0.179504,-0.047718,0.233421,0.806946,-0.178059,-0.129268,0.548109,0.955533,-0.173764,-0.049120,0.233130,0.950817,-0.176701,-0.044848,0.250425,1.000000,
0.954472,-0.179504,-0.047718,0.233421,0.806656,-0.177863,-0.129491,0.548546,0.953748,-0.183311,-0.046786,0.233609,0.950854,-0.176734,-0.044875,0.250257,1.000000,
0.954472,-0.179504,-0.047718,0.233421,0.806372,-0.177670,-0.129710,0.548974,0.955533,-0.173764,-0.049120,0.233130,0.950890,-0.176766,-0.044902,0.250091,1.000000,
0.954472,-0.179504,-0.047718,0.233421,0.806094,-0.177482,-0.129924,0.549393,0.953748,-0.183311,-0.046786,0.233609,0.950926,-0.176799,-0.044929,0.249927,1.000000,
0.954472,-0.179504,-0.047718,0.233421,0.805822,-0.177297,-0.130134,0.549802,0.955533,-0.173764,-0.049120,0.233130,0.950962,-0.176831,-0.044956,0.249764,1.000000,
0.954472,-0.179504,-0.047718,0.233421,0.805555,-0.177116,-0.130339,0.550202,0.953748,-0.183311,-0.046786,0.233609,0.950997,-0.176862,-0.044982,0.249603,1.000000,
0.954472,-0.179504,-0.047718,0.233421,0.805295,-0.176938,-0.130540,0.550593,0.955533,-0.173764,-0.049120,0.233130,0.951032,-0.176893,-0.045008,0.249443,1.000000,
0.954472,-0.179504,-0.047718,0.233421,0.805039,-0.176765,-0.130736,0.550976,0.953748,-0.183311,-0.046786,0.233609,0.951066,-0.176924,-0.045034,0.249285,1.000000,
0.954472,-0.179504,-0.047718,0.233421,0.804789,-0.176594,-0.130929,0.551349,0.955533,-0.173765,-0.049120,0.233130,0.951100,-0.176954,-0.045059,0.249129,1.000000,
0.954472,-0.179504,-0.047718,0.233421,0.804545,-0.176427,-0.131117,0.551715,0.953748,-0.183311,-0.046786,0.233609,0.951134,-0.176984,-0.045085,0.248974,1.000000,
0.954472,-0.179504,-0.047718,0.233421,0.804306,-0.176264,-0.131301,0.552072,0.955533,-0.173765,-0.049120,0.233130,0.951168,-0.177013,-0.045110,0.248820,1.000000,
0.954472,-0.179504,-0.047718,0.233421,0.804071,-0.176104,-0.131481,0.552421,0.953748,-0.183311,-0.046786,0.233609,0.951201,-0.177042,-0.045135,0.248668,1.000000,
0.954472,-0.179504,-0.047718,0.233421,0.803842,-0.175947,-0.131658,0.552763,0.955533,-0.173765,-0.049120,0.233130,0.951234,-0.177071,-0.045159,0.248518,1.000000,
0.954472,-0.179504,-0.047718,0.233421,0.803618,-0.175793,-0.131830,0.553097,0.953748,-0.183311,-0.046786,0.233609,0.951266,-0.177099,-0.045184,0.248369,1.000000,
0.954472,-0.179504,-0.047718,0.233421,0.803398,-0.175642,-0.131999,0.553423,0.955533,-0.173765,-0.049120,0.233130,0.951298,-0.177127,-0.045208,0.248221,1.000000,
0.954472,-0.179504,-0.047718,0.233421,0.803184,-0.175495,-0.132164,0.553742,0.953748,-0.183311,-0.046786,0.233609,0.951330,-0.177155,-0.045232,0.248075,1.000000,
0.954472,-0.179504,-0.047718,0.233421,0.802973,-0.175351,-0.132326,0.554054,0.955533,-0.173765,-0.049120,0.233130,0.951362,-0.177182,-0.045256,0.247931,1.000000,
0.954472,-0.179504,-0.047718,0.233421,0.802768,-0.175209,-0.132484,0.554359,0.953748,-0.183311,-0.046786,0.233609,0.951393,-0.177209,-0.045279,0.247788,1.000000,
0.954472,-0.179504,-0.047718,0.233421,0.802566,-0.175071,-0.132639,0.554657,0.955533,-0.173765,-0.049120,0.233130,0.951424,-0.177235,-0.045302,0.247646,1.000000,
0.954472,-0.179504,-0.047718,0.233421,0.802370,-0.174935,-0.132790,0.554948,0.953748,-0.183312,-0.046786,0.233609,0.951454,-0.177262,-0.045326,0.247505,1.000000,
0.954472,-0.179504,-0.047718,0.233421,0.802177,-0.174802,-0.132939,0.555233,0.955533,-0.173765,-0.049120,0.233130,0.951484,-0.177288,-0.045348,0.247366,1.000000,
0.954472,-0.179504,-0.047718,0.233421,0.801988,-0.174672,-0.133084,0.555512,0.953748,-0.183312,-0.046786,0.233609,0.951514,-0.177313,-0.045371,0.247229,1.000000,
0.954472,-0.179504,-0.047718,0.233421,0.801804,-0.174545,-0.133225,0.555784,0.955533,-0.173765,-0.049120,0.233130,0.951544,-0.177338,-0.045394,0.247092,1.000000,
0.954472,-0.179504,-0.047718,0.233421,0.801623,-0.174420,-0.133364,0.556050,0.953748,-0.183312,-0.046786,0.233609,0.951573,-0.177363,-0.045416,0.246957,1.000000,
0.954472,-0.179504,-0.047718,0.233421,0.801447,-0.174298,-0.133500,0.556310,0.955533,-0.173765,-0.049120,0.233130,0.951602,-0.177388,-0.045438,0.246824,1.000000,
0.954472,-0.179504,-0.047718,0.233421,0.801274,-0.174179,-0.133633,0.556564,0.953748,-0.183312,-0.046786,0.233609,0.951631,-0.177412,-0.045460,0.246692,1.000000,
0.954472,-0.179504,-0.047718,0.233421,0.801105,-0.174062,-0.133762,0.556813,0.955533,-0.173765,-0.049120,0.233130,0.951659,-0.177436,-0.045481,0.246561,1.000000,
0.954472,-0.179504,-0.047718,0.233421,0.800940,-0.173948,-0.133889,0.557056,0.953748,-0.183312,-0.046786,0.233609,0.951688,-0.177460,-0.045503,0.246431,1.000000,
0.954472,-0.179504,-0.047718,0.233421,0.800778,-0.173836,-0.134014,0.557293,0.955533,-0.173765,-0.049120,0.233130,0.951716,-0.177483,-0.045524,0.246302,1.000000,
0.954472,-0.179504,-0.047718,0.233421,0.800620,-0.173726,-0.134135,0.557525,0.953748,-0.183312,-0.046786,0.233609,0.951743,-0.177506,-0.045545,0.246175,1.000000,
0.954472,-0.179504,-0.047718,0.233421,0.800466,-0.173618,-0.134254,0.557752,0.955533,-0.173766,-0.049120,0.233130,0.951770,-0.177529,-0.045566,0.246049,1.000000,
0.954472,-0.179504,-0.047718,0.233421,0.800314,-0.173513,-0.134370,0.557974,0.953748,-0.183312,-0.046786,0.233609,0.951797,-0.177552,-0.045587,0.245925,1.000000,
0.954472,-0.179504,-0.047718,0.233421,0.800166,-0.173411,-0.134484,0.558191,0.955533,-0.173766,-0.049120,0.233130,0.951824,-0.177574,-0.045607,0.245801,1.000000,
0.954472,-0.179504,-0.047718,0.233421,0.800021,-0.173310,-0.134595,0.558403,0.953748,-0.183312,-0.046786,0.233609,0.951851,-0.177596,-0.045627,0.245679,1.000000,
0.954472,-0.179504,-0.047718,0.233421,0.799880,-0.173211,-0.134704,0.558610,0.955533,-0.173766,-0.049120,0.233130,0.951877,-0.177617,-0.045647,0.245558,1.000000,
0.954472,-0.179504,-0.047718,0.233421,0.799741,-0.173115,-0.134811,0.558812,0.953748,-0.183312,-0.046786,0.233609,0.951903,-0.177639,-0.045667,0.245438,1.000000,
0.954472,-0.179504,-0.047718,0.233421,0.799606,-0.173021,-0.134915,0.559010,0.955533,-0.173766,-0.049120,0.233130,0.951929,-0.177660,-0.045687,0.245319,1.000000,
0.954472,-0.179504,-0.047718,0.233421,0.799473,-0.172928,-0.135016,0.559204,0.953748,-0.183312,-0.046786,0.233609,0.951954,-0.177681,-0.045707,0.245202,1.000000,
0.954472,-0.179504,-0.047718,0.233421,0.799344,-0.172838,-0.135116,0.559393,0.955533,-0.173766,-0.049120,0.233130,0.951979,-0.177701,-0.045726,0.245085,1.000000,
0.954472,-0.179504,-0.047718,0.233421,0.799217,-0.172750,-0.135213,0.559578,0.953747,-0.183313,-0.046786,0.233609,0.952004,-0.177722,-0.045745,0.244970,1.000000,
0.954472,-0.179504,-0.047718,0.233421,0.799093,-0.172663,-0.135309,0.559758,0.955533,-0.173766,-0.049120,0.233130,0.952029,-0.177742,-0.045764,0.244856,1.000000,
0.954472,-0.179504,-0.047718,0.233421,0.798972,-0.172578,-0.135402,0.559935,0.953747,-0.183313,-0.046786,0.233609,0.952053,-0.177762,-0.045783,0.244743,1.000000,
0.954472,-0.179504,-0.047718,0.233421,0.798853,-0.172496,-0.135493,0.560108,0.955533,-0.173766,-0.049120,0.233130,0.952077,-0.177781,-0.045802,0.244631,1.000000,
0.954472,-0.179504,-0.047718,0.233421,0.798737,-0.172415,-0.135582,0.560277,0.953747,-0.183313,-0.046786,0.233609,0.952101,-0.177801,-0.045820,0.244521,1.000000,
0.954472,-0.179504,-0.047718,0.233421,0.798624,-0.172335,-0.135669,0.560441,0.955533,-0.173766,-0.049120,0.233130,0.952125,-0.177820,-0.045838,0.244411,1.000000,
0.954472,-0.179504,-0.047718,0.233421,0.798513,-0.172258,-0.135754,0.560603,0.953747,-0.183313,-0.046786,0.233609,0.952149,-0.177839,-0.045856,0.244303,1.000000,
0.954472,-0.179504,-0.047718,0.233421,0.798404,-0.172182,-0.135837,0.560760,0.955533,-0.173766,-0.049120,0.233130,0.952172,-0.177857,-0.045874,0.244195,1.000000,
0.954472,-0.179504,-0.047718,0.233421,0.798298,-0.172107,-0.135919,0.560914,0.953747,-0.183313,-0.046786,0.233609,0.952195,-0.177876,-0.045892,0.244089,1.000000,
0.954472,-0.179504,-0.047718,0.233421,0.798195,-0.172035,-0.135998,0.561065,0.955533,-0.173766,-0.049120,0.233130,0.952217,-0.177894,-0.045910,0.243983,1.000000,
0.954472,-0.179504,-0.047718,0.233421,0.798093,-0.171964,-0.136076,0.561212,0.953747,-0.183313,-0.046786,0.233609,0.952240,-0.177912,-0.045927,0.243879,1.000000,
0.954472,-0.179504,-0.047718,0.233421,0.797994,-0.171894,-0.136152,0.561356,0.955533,-0.173767,-0.049120,0.233130,0.952262,-0.177930,-0.045945,0.243776,1.000000,
0.954472,-0.179504,-0.047718,0.233421,0.797897,-0.171826,-0.136227,0.561496,0.953747,-0.183313,-0.046786,0.233609,0.952284,-0.177948,-0.045962,0.243673,1.000000,
0.954472,-0.179504,-0.047718,0.233421,0.797802,-0.171760,-0.136300,0.561634,0.955533,-0.173767,-0.049119,0.233130,0.952306,-0.177965,-0.045979,0.243572,1.000000,
0.954472,-0.179504,-0.047718,0.233421,0.797709,-0.171695,-0.136371,0.561768,0.953747,-0.183313,-0.046786,0.233609,0.952328,-0.177982,-0.045995,0.243472,1.000000,
0.954472,-0.179504,-0.047718,0.233421,0.797619,-0.171631,-0.136440,0.561900,0.955533,-0.173767,-0.049119,0.233130,0.952349,-0.177999,-0.046012,0.243373,1.000000,
0.954472,-0.179504,-0.047718,0.233421,0.797530,-0.171569,-0.136509,0.562028,0.953747,-0.183313,-0.046786,0.233609,0.952370,-0.178016,-0.046029,0.243274,1.000000,
0.954472,-0.179504,-0.047718,0.233421,0.797443,-0.171508,-0.136575,0.562153,0.955533,-0.173767,-0.049119,0.233130,0.952391,-0.178032,-0.046045,0.243177,1.000000,
0.954472,-0.179504,-0.047718,0.233421,0.797359,-0.171448,-0.136640,0.562276,0.953747,-0.183313,-0.046786,0.233609,0.952412,-0.178049,-0.046061,0.243080,1.000000,
0.954472,-0.179504,-0.047718,0.233421,0.797276,-0.171390,-0.136704,0.562396,0.955533,-0.173767,-0.049119,0.233130,0.952433,-0.178065,-0.046077,0.242985,1.000000,
0.954472,-0.179504,-0.047718,0.233421,0.797195,-0.171333,-0.136766,0.562513,0.953747,-0.183313,-0.046786,0.233609,0.952453,-0.178081,-0.046093,0.242891,1.000000,
0.954472,-0.179504,-0.047718,0.233421,0.797115,-0.171277,-0.136827,0.562627,0.955533,-0.173767,-0.049119,0.233130,0.952473,-0.178096,-0.046109,0.242797,1.000000,
0.954472,-0.179504,-0.047718,0.233421,0.797038,-0.171223,-0.136886,0.562739,0.953747,-0.183314,-0.046786,0.233609,0.952493,-0.178112,-0.046124,0.242704,1.000000,
0.954472,-0.179504,-0.047718,0.233421,0.796962,-0.171169,-0.136944,0.562849,0.955533,-0.173767,-0.049119,0.233130,0.952513,-0.178127,-0.046140,0.242613,1.000000,
0.954472,-0.179504,-0.047718,0.233421,0.796888,-0.171117,-0.137001,0.562955,0.953747,-0.183314,-0.046786,0.233609,0.952533,-0.178142,-0.046155,0.242522,1.000000,
0.954472,-0.179504,-0.047718,0.233421,0.796816,-0.171066,-0.137057,0.563060,0.955533,-0.173767,-0.049119,0.233130,0.952552,-0.178157,-0.046170,0.242432,1.000000,
0.954472,-0.179504,-0.047718,0.233421,0.796745,-0.171016,-0.137111,0.563162,0.953747,-0.183314,-0.046786,0.233609,0.952571,-0.178172,-0.046185,0.242343,1.000000,
0.954472,-0.179504,-0.047718,0.233421,0.796676,-0.170967,-0.137164,0.563262,0.955533,-0.173767,-0.049119,0.233130,0.952590,-0.178187,-0.046200,0.242255,1.000000,
0.954472,-0.179504,-0.047718,0.233421,0.796608,-0.170920,-0.137216,0.563359,0.953747,-0.183314,-0.046786,0.233609,0.952609,-0.178201,-0.046215,0.242167,1.000000,
0.954472,-0.179504,-0.047718,0.233421,0.796542,-0.170873,-0.137267,0.563455,0.955533,-0.173767,-0.049119,0.233130,0.952627,-0.178216,-0.046229,0.242081,1.000000,
0.954472,-0.179504,-0.047718,0.233421,0.796477,-0.170827,-0.137317,0.563548,0.953747,-0.183314,-0.046786,0.233609,0.952646,-0.178230,-0.046244,0.241995,1.000000,
0.954472,-0.179504,-0.047718,0.233421,0.796414,-0.170783,-0.137365,0.563639,0.955533,-0.173768,-0.049119,0.233130,0.952664,-0.178244,-0.046258,0.241911,1.000000,
0.954472,-0.179504,-0.047718,0.233421,0.796352,-0.170739,-0.137413,0.563728,0.953747,-0.183314,-0.046786,0.233609,0.952682,-0.178258,-0.046272,0.241827,1.000000,
0.954472,-0.179504,-0.047718,0.233421,0.796292,-0.170696,-0.137459,0.563815,0.955533,-0.173768,-0.049119,0.233130,0.952700,-0.178271,-0.046286,0.241744,1.000000,
0.954472,-0.179504,-0.047718,0.233421,0.796233,-0.170655,-0.137504,0.563900,0.953747,-0.183314,-0.046786,0.233609,0.952717,-0.178285,-0.046300,0.241661,1.000000,
0.954472,-0.179504,-0.047718,0.233421,0.796175,-0.170614,-0.137549,0.563983,0.955533,-0.173768,-0.049119,0.233130,0.952735,-0.178298,-0.046314,0.241580,1.000000,
0.954472,-0.179504,-0.047718,0.233421,0.796118,-0.170574,-0.137592,0.564065,0.953747,-0.183314,-0.046786,0.233609,0.952752,-0.178311,-0.046328,0.241499,1.000000,
0.954472,-0.179504,-0.047718,0.233421,0.796063,-0.170535,-0.137634,0.564144,0.955533,-0.173768,-0.049119,0.233130,0.952769,-0.178324,-0.046341,0.241419,1.000000,
0.954472,-0.179504,-0.047718,0.233421,0.796009,-0.170497,-0.137676,0.564222,0.953747,-0.183314,-0.046785,0.233609,0.952786,-0.178337,-0.046354,0.241340,1.000000,
0.954472,-0.179504,-0.047718,0.233421,0.795956,-0.170459,-0.137716,0.564297,0.955533,-0.173768,-0.049119,0.233130,0.952803,-0.178350,-0.046368,0.241262,1.000000,
0.954472,-0.179504,-0.047718,0.233421,0.795905,-0.170423,-0.137756,0.564372,0.953747,-0.183314,-0.046785,0.233609,0.952820,-0.178362,-0.046381,0.241185,1.000000,
0.954472,-0.179504,-0.047718,0.233421,0.795854,-0.170387,-0.137795,0.564444,0.955533,-0.173768,-0.049119,0.233130,0.952836,-0.178375,-0.046394,0.241108,1.000000,
0.954472,-0.179504,-0.047718,0.233421,0.795805,-0.170352,-0.137832,0.564515,0.953747,-0.183315,-0.046785,0.233609,0.952853,-0.178387,-0.046407,0.241032,1.000000,
0.954472,-0.179504,-0.047718,0.233421,0.795757,-0.170318,-0.137869,0.564584,0.955533,-0.173768,-0.049119,0.233130,0.952869,-0.178399,-0.046419,0.240957,1.000000,
0.954472,-0.179504,-0.047718,0.233421,0.795709,-0.170285,-0.137906,0.564652,0.953747,-0.183315,-0.046785,0.233609,0.952885,-0.178411,-0.046432,0.240882,1.000000,
0.954472,-0.179504,-0.047718,0.233421,0.795663,-0.170252,-0.137941,0.564718,0.955533,-0.173768,-0.049119,0.233130,0.952901,-0.178423,-0.046445,0.240808,1.000000,
0.954472,-0.179504,-0.047718,0.233421,0.795618,-0.170220,-0.137976,0.564783,0.953747,-0.183315,-0.046785,0.233609,0.952916,-0.178435,-0.046457,0.240735,1.000000,
0.954472,-0.179504,-0.047718,0.233421,0.795574,-0.170189,-0.138009,0.564846,0.955532,-0.173768,-0.049119,0.233130,0.952932,-0.178446,-0.046469,0.240663,1.000000,
0.954472,-0.179504,-0.047718,0.233421,0.795531,-0.170159,-0.138042,0.564907,0.953747,-0.183315,-0.046785,0.233609,0.952947,-0.178458,-0.046481,0.240591,1.000000,
0.954472,-0.179504,-0.047718,0.233421,0.795489,-0.170129,-0.138075,0.564968,0.955532,-0.173768,-0.049119,0.233130,0.952962,-0.178469,-0.046493,0.240521,1.000000,
0.954472,-0.179504,-0.047718,0.233421,0.795448,-0.170100,-0.138106,0.565027,0.953747,-0.183315,-0.046785,0.233609,0.952977,-0.178480,-0.046505,0.240450,1.000000,
0.954472,-0.179504,-0.047718,0.233421,0.795408,-0.170071,-0.138137,0.565084,0.955532,-0.173768,-0.049119,0.233130,0.952992,-0.178491,-0.046517,0.240381,1.000000,
0.954472,-0.179504,-0.047718,0.233421,0.795368,-0.170043,-0.138167,0.565141,0.953747,-0.183315,-0.046785,0.233609,0.953007,-0.178502,-0.046529,0.240312,1.000000,
0.954472,-0.179504,-0.047718,0.233421,0.795330,-0.170016,-0.138197,0.565196,0.955532,-0.173769,-0.049119,0.233130,0.953021,-0.178513,-0.046540,0.240244,1.000000,
0.954472,-0.179504,-0.047718,0.233421,0.795292,-0.169989,-0.138225,0.565250,0.953747,-0.183315,-0.046785,0.233609,0.953036,-0.178524,-0.046552,0.240177,1.000000,
0.954472,-0.179504,-0.047718,0.233421,0.795256,-0.169963,-0.138254,0.565302,0.955532,-0.173769,-0.049119,0.233130,0.953050,-0.178534,-0.046563,0.240110,1.000000,
0.954472,-0.179504,-0.047718,0.233421,0.795220,-0.169938,-0.138281,0.565354,0.953747,-0.183315,-0.046785,0.233609,0.953064,-0.178545,-0.046575,0.240044,1.000000,
0.954472,-0.179504,-0.047718,0.233421,0.795185,-0.169913,-0.138308,0.565404,0.955532,-0.173769,-0.049119,0.233130,0.953078,-0.178555,-0.046586,0.239978,1.000000,
0.954472,-0.179504,-0.047718,0.233421,0.795150,-0.169889,-0.138334,0.565453,0.953747,-0.183315,-0.046785,0.233609,0.953092,-0.178565,-0.046597,0.239913,1.000000,
0.954472,-0.179504,-0.047718,0.233421,0.795117,-0.169865,-0.138360,0.565501,0.955532,-0.173769,-0.049119,0.233130,0.953106,-0.178575,-0.046608,0.239849,1.000000,
0.954472,-0.179504,-0.047718,0.233421,0.795084,-0.169842,-0.138385,0.565548,0.953747,-0.183315,-0.046785,0.233610,0.953120,-0.178585,-0.046618,0.239786,1.000000,
0.954472,-0.179504,-0.047718,0.233421,0.795052,-0.169819,-0.138410,0.565594,0.955532,-0.173769,-0.049119,0.233130,0.953133,-0.178595,-0.046629,0.239723,1.000000,
0.954472,-0.179504,-0.047718,0.233421,0.795021,-0.169797,-0.138434,0.565639,0.953747,-0.183316,-0.046785,0.233610,0.953146,-0.178605,-0.046640,0.239660,1.000000,
0.954472,-0.179504,-0.047718,0.233421,0.794990,-0.169775,-0.138457,0.565682,0.955532,-0.173769,-0.049119,0.233130,0.953160,-0.178614,-0.046650,0.239599,1.000000,
0.954472,-0.179504,-0.047718,0.233421,0.794960,-0.169754,-0.138480,0.565725,0.953747,-0.183316,-0.046785,0.233610,0.953173,-0.178624,-0.046661,0.239538,1.000000,
0.954472,-0.179504,-0.047718,0.233421,0.794931,-0.169733,-0.138503,0.565767,0.955532,-0.173769,-0.049119,0.233130,0.953186,-0.178633,-0.046671,0.239477,1.000000,
0.954472,-0.179504,-0.047718,0.233421,0.794902,-0.169713,-0.138525,0.565808,0.953747,-0.183316,-0.046785,0.233610,0.953198,-0.178643,-0.046681,0.239417,1.000000,
0.954472,-0.179504,-0.047718,0.233421,0.794874,-0.169693,-0.138546,0.565848,0.955532,-0.173769,-0.049119,0.233130,0.953211,-0.178652,-0.046691,0.239358,1.000000,
0.954472,-0.179504,-0.047718,0.233421,0.794847,-0.169673,-0.138567,0.565887,0.953747,-0.183316,-0.046785,0.233610,0.953224,-0.178661,-0.046701,0.239299,1.000000,
0.954472,-0.179504,-0.047718,0.233421,0.794820,-0.169654,-0.138588,0.565925,0.955532,-0.173769,-0.049119,0.233130,0.953236,-0.178670,-0.046711,0.239241,1.000000,
0.954472,-0.179504,-0.047718,0.233421,0.794794,-0.169636,-0.138608,0.565963,0.953747,-0.183316,-0.046785,0.233610,0.953248,-0.178679,-0.046721,0.239183,1.000000,
0.954472,-0.179504,-0.047718,0.233421,0.794769,-0.169618,-0.138627,0.565999,0.955532,-0.173769,-0.049119,0.233130,0.953260,-0.178688,-0.046731,0.239126,1.000000,
0.954472,-0.179504,-0.047718,0.233421,0.794744,-0.169600,-0.138646,0.566035,0.953747,-0.183316,-0.046785,0.233610,0.953273,-0.178696,-0.046741,0.239070,1.000000,
0.954472,-0.179504,-0.047718,0.233421,0.794719,-0.169583,-0.138665,0.566070,0.955532,-0.173770,-0.049119,0.233130,0.953284,-0.178705,-0.046750,0.239014,1.000000,
0.954472,-0.179504,-0.047718,0.233421,0.794696,-0.169566,-0.138683,0.566104,0.953747,-0.183316,-0.046785,0.233610,0.953296,-0.178713,-0.046760,0.238959,1.000000,
0.954472,-0.179504,-0.047718,0.233421,0.794672,-0.169549,-0.138701,0.566137,0.955532,-0.173770,-0.049119,0.233130,0.953308,-0.178722,-0.046769,0.238904,1.000000,
0.954472,-0.179504,-0.047718,0.233421,0.794650,-0.169533,-0.138719,0.566169,0.953747,-0.183316,-0.046785,0.233610,0.953320,-0.178730,-0.046778,0.238850,1.000000,
0.954472,-0.179504,-0.047718,0.233421,0.794627,-0.169517,-0.138736,0.566201,0.955532,-0.173770,-0.049119,0.233130,0.953331,-0.178738,-0.046787,0.238796,1.000000,
0.954472,-0.179504,-0.047718,0.233421,0.794606,-0.169502,-0.138752,0.566232,0.953747,-0.183316,-0.046785,0.233610,0.953342,-0.178746,-0.046797,0.238743,1.000000,
0.954472,-0.179504,-0.047718,0.233421,0.794584,-0.169487,-0.138769,0.566263,0.955532,-0.173770,-0.049119,0.233130,0.953354,-0.178754,-0.046806,0.238690,1.000000,
0.954472,-0.179504,-0.047718,0.233421,0.794564,-0.169472,-0.138785,0.566292,0.953747,-0.183316,-0.046785,0.233610,0.953365,-0.178762,-0.046814,0.238638,1.000000,
0.954472,-0.179504,-0.047718,0.233421,0.794543,-0.169457,-0.138800,0.566321,0.955532,-0.173770,-0.049119,0.233130,0.953376,-0.178770,-0.046823,0.238587,1.000000,
0.954472,-0.179504,-0.047718,0.233421,0.794523,-0.169443,-0.138815,0.566350,0.953747,-0.183316,-0.046785,0.233610,0.953387,-0.178778,-0.046832,0.238536,1.000000,
0.954472,-0.179504,-0.047718,0.233421,0.794504,-0.169429,-0.138830,0.566377,0.955532,-0.173770,-0.049119,0.233130,0.953397,-0.178786,-0.046841,0.238485,1.000000,
0.954472,-0.179504,-0.047718,0.233421,0.794485,-0.169416,-0.138845,0.566405,0.953747,-0.183317,-0.046785,0.233610,0.953408,-0.178793,-0.046849,0.238435,1.000000,
0.954472,-0.179504,-0.047718,0.233421,0.794466,-0.169403,-0.138859,0.566431,0.955532,-0.173770,-0.049119,0.233130,0.953419,-0.178801,-0.046858,0.238385,1.000000,
0.954472,-0.179504,-0.047718,0.233421,0.794448,-0.169390,-0.138873,0.566457,0.953747,-0.183317,-0.046785,0.233610,0.953429,-0.178808,-0.046866,0.238336,1.000000,
0.954472,-0.179504,-0.047718,0.233421,0.794431,-0.169377,-0.138886,0.566482,0.955532,-0.173770,-0.049119,0.233130,0.953439,-0.178815,-0.046875,0.238288,1.000000,
0.954472,-0.179504,-0.047718,0.233421,0.794413,-0.169365,-0.138900,0.566507,0.953747,-0.183317,-0.046785,0.233610,0.953450,-0.178823,-0.046883,0.238239,1.000000,
0.954472,-0.179504,-0.047718,0.233421,0.794396,-0.169353,-0.138913,0.566531,0.955532,-0.173770,-0.049119,0.233130,0.953460,-0.178830,-0.046891,0.238192,1.000000,
0.954472,-0.179504,-0.047718,0.233421,0.794380,-0.169341,-0.138925,0.566555,0.953747,-0.183317,-0.046785,0.233610,0.953470,-0.178837,-0.046899,0.238145,1.000000,
0.954472,-0.179504,-0.047718,0.233421,0.794364,-0.169330,-0.138938,0.566578,0.955532,-0.173770,-0.049119,0.233130,0.953480,-0.178844,-0.046907,0.238098,1.000000,
0.954472,-0.179504,-0.047718,0.233421,0.794348,-0.169318,-0.138950,0.566600,0.953747,-0.183317,-0.046785,0.233610,0.953490,-0.178851,-0.046915,0.238052,1.000000,
0.954472,-0.179504,-0.047718,0.233421,0.794332,-0.169307,-0.138962,0.566622,0.955532,-0.173770,-0.049119,0.233130,0.953500,-0.178858,-0.046923,0.238006,1.000000,
0.954472,-0.179504,-0.047718,0.233421,0.794317,-0.169297,-0.138973,0.566644,0.953747,-0.183317,-0.046785,0.233610,0.953509,-0.178865,-0.046931,0.237960,1.000000,
0.954472,-0.179504,-0.047718,0.233421,0.794302,-0.169286,-0.138985,0.566665,0.955532,-0.173771,-0.049119,0.233130,0.953519,-0.178871,-0.046938,0.237916,1.000000,
0.954472,-0.179504,-0.047718,0.233421,0.794288,-0.169276,-0.138996,0.566685,0.953747,-0.183317,-0.046785,0.233610,0.953528,-0.178878,-0.046946,0.237871,1.000000,
0.954472,-0.179504,-0.047718,0.233421,0.794274,-0.169266,-0.139007,0.566706,0.955532,-0.173771,-0.049119,0.233130,0.953538,-0.178884,-0.046954,0.237827,1.000000,
0.954472,-0.179504,-0.047718,0.233421,0.794260,-0.169256,-0.139017,0.566725,0.953747,-0.183317,-0.046785,0.233610,0.953547,-0.178891,-0.046961,0.237784,1.000000,
0.954472,-0.179504,-0.047718,0.233421,0.794247,-0.169246,-0.139027,0.566744,0.955532,-0.173771,-0.049118,0.233130,0.953556,-0.178897,-0.046969,0.237740,1.000000,
0.954472,-0.179504,-0.047718,0.233421,0.794234,-0.169237,-0.139038,0.566763,0.953747,-0.183317,-0.046785,0.233610,0.953565,-0.178904,-0.046976,0.237698,1.000000,
0.954472,-0.179504,-0.047718,0.233421,0.794221,-0.169228,-0.139047,0.566782,0.955532,-0.173771,-0.049118,0.233130,0.953574,-0.178910,-0.046983,0.237655,1.000000,
0.954472,-0.179504,-0.047718,0.233421,0.794208,-0.169219,-0.139057,0.566800,0.953747,-0.183317,-0.046785,0.233610,0.953583,-0.178916,-0.046990,0.237613,1.000000,
0.954472,-0.179504,-0.047718,0.233421,0.794196,-0.169210,-0.139066,0.566817,0.955532,-0.173771,-0.049118,0.233130,0.953592,-0.178922,-0.046997,0.237572,1.000000,
0.954472,-0.179504,-0.047718,0.233421,0.794184,-0.169201,-0.139076,0.566834,0.953747,-0.183318,-0.046785,0.233610,0.953601,-0.178928,-0.047005,0.237531,1.000000,
0.954472,-0.179504,-0.047718,0.233421,0.794172,-0.169193,-0.139085,0.566851,0.955532,-0.173771,-0.049118,0.233130,0.953609,-0.178934,-0.047012,0.237490,1.000000,
0.954472,-0.179504,-0.047718,0.233421,0.794161,-0.169185,-0.139093,0.566867,0.953747,-0.183318,-0.046785,0.233610,0.953618,-0.178940,-0.047018,0.237450,1.000000,
0.954472,-0.179504,-0.047718,0.233421,0.794149,-0.169177,-0.139102,0.566883,0.955532,-0.173771,-0.049118,0.233130,0.953626,-0.178946,-0.047025,0.237410,1.000000,
0.954472,-0.179504,-0.047718,0.233421,0.794138,-0.169169,-0.139111,0.566899,0.953746,-0.183318,-0.046785,0.233610,0.953635,-0.178952,-0.047032,0.237371,1.000000,
0.954472,-0.179504,-0.047718,0.233421,0.794128,-0.169161,-0.139119,0.566914,0.955532,-0.173771,-0.049118,0.233130,0.953643,-0.178958,-0.047039,0.237332,1.000000,
0.954472,-0.179504,-0.047718,0.233421,0.794117,-0.169154,-0.139127,0.566929,0.953746,-0.183318,-0.046785,0.233610,0.953651,-0.178964,-0.047045,0.237293,1.000000,
0.954472,-0.179504,-0.047718,0.233421,0.794107,-0.169147,-0.139135,0.566944,0.955532,-0.173771,-0.049118,0.233130,0.953659,-0.178969,-0.047052,0.237255,1.000000,
0.954472,-0.179504,-0.047718,0.233421,0.794097,-0.169140,-0.139142,0.566958,0.953746,-0.183318,-0.046785,0.233610,0.953668,-0.178975,-0.047059,0.237217,1.000000,
0.954472,-0.179504,-0.047718,0.233421,0.794087,-0.169133,-0.139150,0.566972,0.955532,-0.173771,-0.049118,0.233130,0.953676,-0.178980,-0.047065,0.237179,1.000000,
0.954472,-0.179504,-0.047718,0.233421,0.794078,-0.169126,-0.139157,0.566986,0.953746,-0.183318,-0.046785,0.233610,0.953683,-0.178986,-0.047072,0.237142,1.000000,
0.954472,-0.179504,-0.047718,0.233421,0.794068,-0.169119,-0.139164,0.566999,0.955532,-0.173772,-0.049118,0.233130,0.953691,-0.178991,-0.047078,0.237105,1.000000,
0.954472,-0.179504,-0.047718,0.233421,0.794059,-0.169113,-0.139171,0.567012,0.953746,-0.183318,-0.046785,0.233610,0.953699,-0.178996,-0.047084,0.237069,1.000000,
0.954472,-0.179504,-0.047718,0.233421,0.794050,-0.169106,-0.139178,0.567025,0.955532,-0.173772,-0.049118,0.233130,0.953707,-0.179002,-0.047090,0.237033,1.000000,
0.954472,-0.179504,-0.047718,0.233421,0.794041,-0.169100,-0.139185,0.567037,0.953746,-0.183318,-0.046785,0.233610,0.953714,-0.179007,-0.047097,0.236997,1.000000,
0.954472,-0.179504,-0.047718,0.233421,0.794033,-0.169094,-0.139191,0.567049,0.955532,-0.173772,-0.049118,0.233130,0.953722,-0.179012,-0.047103,0.236961,1.000000,
0.954472,-0.179504,-0.047718,0.233421,0.794025,-0.169088,-0.139198,0.567061,0.953746,-0.183318,-0.046785,0.233610,0.953729,-0.179017,-0.047109,0.236926,1.000000,
0.954472,-0.179504,-0.047718,0.233421,0.794016,-0.169082,-0.139204,0.567073,0.955532,-0.173772,-0.049118,0.233130,0.953737,-0.179022,-0.047115,0.236892,1.000000,
0.954472,-0.179504,-0.047718,0.233421,0.794008,-0.169077,-0.139210,0.567084,0.953746,-0.183318,-0.046784,0.233610,0.953744,-0.179027,-0.047121,0.236857,1.000000,
0.954472,-0.179504,-0.047718,0.233421,0.794001,-0.169071,-0.139216,0.567095,0.955532,-0.173772,-0.049118,0.233130,0.953751,-0.179032,-0.047126,0.236823,1.000000,
0.954472,-0.179504,-0.047718,0.233421,0.793993,-0.169066,-0.139222,0.567106,0.953746,-0.183318,-0.046784,0.233610,0.953758,-0.179037,-0.047132,0.236790,1.000000,
0.954472,-0.179504,-0.047718,0.233421,0.793986,-0.169060,-0.139228,0.567117,0.955532,-0.173772,-0.049118,0.233130,0.953765,-0.179042,-0.047138,0.236756,1.000000,
0.954472,-0.179504,-0.047718,0.233421,0.793978,-0.169055,-0.139233,0.567127,0.953746,-0.183319,-0.046784,0.233610,0.953772,-0.179047,-0.047144,0.236723,1.000000,
0.954472,-0.179504,-0.047718,0.233421,0.793971,-0.169050,-0.139239,0.567137,0.955532,-0.173772,-0.049118,0.233130,0.953779,-0.179051,-0.047149,0.236691,1.000000,
0.954472,-0.179504,-0.047718,0.233421,0.793964,-0.169045,-0.139244,0.567147,0.953746,-0.183319,-0.046784,0.233610,0.953786,-0.179056,-0.047155,0.236658,1.000000,
0.954472,-0.179504,-0.047718,0.233421,0.793958,-0.169040,-0.139249,0.567157,0.955532,-0.173772,-0.049118,0.233130,0.953793,-0.179061,-0.047160,0.236626,1.000000,
0.954472,-0.179504,-0.047718,0.233421,0.793951,-0.169035,-0.139254,0.567166,0.953746,-0.183319,-0.046784,0.233610,0.953800,-0.179065,-0.047166,0.236595,1.000000,
0.954472,-0.179504,-0.047718,0.233421,0.793944,-0.169031,-0.139259,0.567175,0.955532,-0.173772,-0.049118,0.233130,0.953806,-0.179070,-0.047171,0.236563,1.000000,
0.954472,-0.179504,-0.047718,0.233421,0.793938,-0.169026,-0.139264,0.567184,0.953746,-0.183319,-0.046784,0.233610,0.953813,-0.179074,-0.047177,0.236532,1.000000,
0.954472,-0.179504,-0.047718,0.233421,0.793932,-0.169022,-0.139269,0.567193,0.955532,-0.173772,-0.049118,0.233130,0.953820,-0.179079,-0.047182,0.236501,1.000000,
0.954472,-0.179504,-0.047718,0.233421,0.793926,-0.169018,-0.139273,0.567202,0.953746,-0.183319,-0.046784,0.233610,0.953826,-0.179083,-0.047187,0.236471,1.000000,
0.954472,-0.179504,-0.047718,0.233421,0.793920,-0.169013,-0.139278,0.567210,0.955532,-0.173772,-0.049118,0.233130,0.953832,-0.179087,-0.047193,0.236441,1.000000,
0.954472,-0.179504,-0.047718,0.233421,0.793914,-0.169009,-0.139282,0.567218,0.953746,-0.183319,-0.046784,0.233610,0.953839,-0.179092,-0.047198,0.236411,1.000000,
0.954472,-0.179504,-0.047718,0.233421,0.793908,-0.169005,-0.139287,0.567226,0.955532,-0.173773,-0.049118,0.233130,0.953845,-0.179096,-0.047203,0.236381,1.000000,
0.954472,-0.179504,-0.047718,0.233421,0.793903,-0.169001,-0.139291,0.567234,0.953746,-0.183319,-0.046784,0.233610,0.953851,-0.179100,-0.047208,0.236352,1.000000,
0.954472,-0.179504,-0.047718,0.233421,0.793898,-0.168997,-0.139295,0.567242,0.955532,-0.173773,-0.049118,0.233130,0.953857,-0.179104,-0.047213,0.236323,1.000000,
0.954472,-0.179504,-0.047718,0.233421,0.793892,-0.168994,-0.139299,0.567249,0.953746,-0.183319,-0.046784,0.233610,0.953864,-0.179108,-0.047218,0.236294,1.000000,
0.954472,-0.179504,-0.047718,0.233421,0.793887,-0.168990,-0.139303,0.567257,0.955532,-0.173773,-0.049118,0.233130,0.953870,-0.179113,-0.047223,0.236266,1.000000,
0.954472,-0.179504,-0.047718,0.233421,0.793882,-0.168986,-0.139307,0.567264,0.953746,-0.183319,-0.046784,0.233610,0.953876,-0.179117,-0.047228,0.236238,1.000000,
0.954472,-0.179504,-0.047718,0.233421,0.793877,-0.168983,-0.139311,0.567271,0.955532,-0.173773,-0.049118,0.233130,0.953881,-0.179121,-0.047232,0.236210,1.000000,
0.954472,-0.179504,-0.047718,0.233421,0.793872,-0.168979,-0.139314,0.567278,0.953746,-0.183319,-0.046784,0.233610,0.953887,-0.179124,-0.047237,0.236182,1.000000,
0.954472,-0.179504,-0.047718,0.233421,0.793868,-0.168976,-0.139318,0.567285,0.955532,-0.173773,-0.049118,0.233130,0.953893,-0.179128,-0.047242,0.236155,1.000000,
0.954472,-0.179504,-0.047718,0.233421,0.793863,-0.168973,-0.139322,0.567291,0.953746,-0.183320,-0.046784,0.233610,0.953899,-0.179132,-0.047247,0.236128,1.000000,
0.954472,-0.179504,-0.047718,0.233421,0.793859,-0.168970,-0.139325,0.567297,0.955532,-0.173773,-0.049118,0.233130,0.953905,-0.179136,-0.047251,0.236101,1.000000,
0.954472,-0.179504,-0.047718,0.233421,0.793854,-0.168967,-0.139328,0.567304,0.953746,-0.183320,-0.046784,0.233610,0.953910,-0.179140,-0.047256,0.236074,1.000000,
0.954472,-0.179504,-0.047718,0.233421,0.793850,-0.168963,-0.139332,0.567310,0.955532,-0.173773,-0.049118,0.233130,0.953916,-0.179144,-0.047260,0.236048,1.000000,
0.954472,-0.179504,-0.047718,0.233421,0.793846,-0.168960,-0.139335,0.567316,0.953746,-0.183320,-0.046784,0.233610,0.953921,-0.179147,-0.047265,0.236022,1.000000,
0.954472,-0.179504,-0.047718,0.233421,0.793842,-0.168958,-0.139338,0.567322,0.955532,-0.173773,-0.049118,0.233130,0.953927,-0.179151,-0.047269,0.235996,1.000000,
0.954472,-0.179504,-0.047718,0.233421,0.793838,-0.168955,-0.139341,0.567327,0.953746,-0.183320,-0.046784,0.233610,0.953932,-0.179155,-0.047274,0.235971,1.000000,
0.954472,-0.179504,-0.047718,0.233421,0.793834,-0.168952,-0.139344,0.567333,0.955532,-0.173773,-0.049118,0.233130,0.953937,-0.179158,-0.047278,0.235946,1.000000,
0.954472,-0.179504,-0.047718,0.233421,0.793830,-0.168949,-0.139347,0.567338,0.953746,-0.183320,-0.046784,0.233610,0.953943,-0.179162,-0.047283,0.235921,1.000000,
0.954472,-0.179504,-0.047718,0.233421,0.793826,-0.168946,-0.139350,0.567344,0.955532,-0.173773,-0.049118,0.233130,0.953948,-0.179165,-0.047287,0.235896,1.000000,
0.954472,-0.179504,-0.047718,0.233421,0.793822,-0.168944,-0.139353,0.567349,0.953746,-0.183320,-0.046784,0.233610,0.953953,-0.179169,-0.047291,0.235872,1.000000,
0.954472,-0.179504,-0.047718,0.233421,0.793819,-0.168941,-0.139355,0.567354,0.955532,-0.173774,-0.049118,0.233130,0.953958,-0.179172,-0.047295,0.235847,1.000000,
0.954472,-0.179504,-0.047718,0.233421,0.793815,-0.168939,-0.139358,0.567359,0.953746,-0.183320,-0.046784,0.233610,0.953963,-0.179175,-0.047299,0.235823,1.000000,
0.954472,-0.179504,-0.047718,0.233421,0.793812,-0.168936,-0.139361,0.567364,0.955532,-0.173774,-0.049118,0.233130,0.953969,-0.179179,-0.047304,0.235799,1.000000,
0.954472,-0.179504,-0.047718,0.233421,0.793809,-0.168934,-0.139363,0.567369,0.953746,-0.183320,-0.046784,0.233610,0.953973,-0.179182,-0.047308,0.235776,1.000000,
0.954472,-0.179504,-0.047718,0.233421,0.793805,-0.168932,-0.139366,0.567373,0.955531,-0.173774,-0.049118,0.233130,0.953978,-0.179185,-0.047312,0.235753,1.000000,
0.954472,-0.179504,-0.047718,0.233421,0.793802,-0.168929,-0.139368,0.567378,0.953746,-0.183320,-0.046784,0.233610,0.953983,-0.179189,-0.047316,0.235730,1.000000,
0.954472,-0.179504,-0.047718,0.233421,0.793799,-0.168927,-0.139371,0.567382,0.955531,-0.173774,-0.049118,0.233130,0.953988,-0.179192,-0.047320,0.235707,1.000000,
0.954472,-0.179504,-0.047718,0.233421,0.793796,-0.168925,-0.139373,0.567387,0.953746,-0.183320,-0.046784,0.233610,0.953993,-0.179195,-0.047324,0.235684,1.000000,
0.954472,-0.179504,-0.047718,0.233421,0.793793,-0.168923,-0.139375,0.567391,0.955531,-0.173774,-0.049118,0.233130,0.953998,-0.179198,-0.047327,0.235662,1.000000,
0.954472,-0.179504,-0.047718,0.233421,0.793790,-0.168921,-0.139377,0.567395,0.953746,-0.183320,-0.046784,0.233610,0.954002,-0.179201,-0.047331,0.235640,1.000000,
0.954472,-0.179504,-0.047718,0.233421,0.793787,-0.168919,-0.139380,0.567399,0.955531,-0.173774,-0.049118,0.233130,0.954007,-0.179205,-0.047335,0.235618,1.000000,
0.954472,-0.179504,-0.047718,0.233421,0.793784,-0.168917,-0.139382,0.567403,0.953746,-0.183321,-0.046784,0.233610,0.954012,-0.179208,-0.047339,0.235596,1.000000,
0.954472,-0.179504,-0.047718,0.233421,0.793782,-0.168915,-0.139384,0.567407,0.955531,-0.173774,-0.049118,0.233130,0.954016,-0.179211,-0.047343,0.235574,1.000000,
0.954472,-0.179504,-0.047718,0.233421,0.793779,-0.168913,-0.139386,0.567411,0.953746,-0.183321,-0.046784,0.233610,0.954021,-0.179214,-0.047346,0.235553,1.000000,
0.954472,-0.179504,-0.047718,0.233421,0.793776,-0.168911,-0.139388,0.567414,0.955531,-0.173774,-0.049118,0.233130,0.954025,-0.179217,-0.047350,0.235532,1.000000,
0.954472,-0.179504,-0.047718,0.233421,0.793774,-0.168909,-0.139390,0.567418,0.953746,-0.183321,-0.046784,0.233610,0.954030,-0.179219,-0.047354,0.235511,1.000000,
0.954472,-0.179504,-0.047718,0.233421,0.793771,-0.168908,-0.139392,0.567421,0.955531,-0.173774,-0.049118,0.233130,0.954034,-0.179222,-0.047357,0.235490,1.000000,
0.954472,-0.179504,-0.047718,0.233421,0.793769,-0.168906,-0.139394,0.567425,0.953746,-0.183321,-0.046784,0.233610,0.954038,-0.179225,-0.047361,0.235470,1.000000,
0.954472,-0.179504,-0.047718,0.233421,0.793767,-0.168904,-0.139395,0.567428,0.955531,-0.173774,-0.049118,0.233130,0.954043,-0.179228,-0.047364,0.235450,1.000000,
0.954472,-0.179504,-0.047718,0.233421,0.793764,-0.168902,-0.139397,0.567431,0.953746,-0.183321,-0.046784,0.233610,0.954047,-0.179231,-0.047368,0.235429,1.000000,
0.954472,-0.179504,-0.047718,0.233421,0.793762,-0.168901,-0.139399,0.567435,0.955531,-0.173775,-0.049118,0.233130,0.954051,-0.179234,-0.047371,0.235410,1.000000,
0.954472,-0.179504,-0.047718,0.233421,0.793760,-0.168899,-0.139401,0.567438,0.953746,-0.183321,-0.046784,0.233610,0.954055,-0.179236,-0.047375,0.235390,1.000000,
0.954472,-0.179504,-0.047718,0.233421,0.793758,-0.168898,-0.139402,0.567441,0.955531,-0.173775,-0.049118,0.233130,0.954059,-0.179239,-0.047378,0.235370,1.000000,
0.954472,-0.179504,-0.047718,0.233421,0.793756,-0.168896,-0.139404,0.567444,0.953746,-0.183321,-0.046784,0.233610,0.954064,-0.179242,-0.047381,0.235351,1.000000,
0.954472,-0.179504,-0.047718,0.233421,0.793754,-0.168895,-0.139405,0.567447,0.955531,-0.173775,-0.049118,0.233130,0.954068,-0.179245,-0.047385,0.235332,1.000000,
0.954472,-0.179504,-0.047718,0.233421,0.793752,-0.168893,-0.139407,0.567450,0.953746,-0.183321,-0.046784,0.233610,0.954072,-0.179247,-0.047388,0.235313,1.000000,
0.954472,-0.179504,-0.047718,0.233421,0.793750,-0.168892,-0.139409,0.567453,0.955531,-0.173775,-0.049118,0.233130,0.954076,-0.179250,-0.047391,0.235294,1.000000,
0.954472,-0.179504,-0.047718,0.233421,0.793748,-0.168891,-0.139410,0.567455,0.953746,-0.183321,-0.046784,0.233610,0.954079,-0.179252,-0.047394,0.235276,1.000000,
0.954472,-0.179504,-0.047718,0.233421,0.793746,-0.168889,-0.139411,0.567458,0.955531,-0.173775,-0.049117,0.233130,0.954083,-0.179255,-0.047398,0.235257,1.000000,
0.954472,-0.179504,-0.047718,0.233421,0.793744,-0.168888,-0.139413,0.567461,0.953746,-0.183321,-0.046784,0.233610,0.954087,-0.179257,-0.047401,0.235239,1.000000,
0.954472,-0.179504,-0.047718,0.233421,0.793742,-0.168887,-0.139414,0.567463,0.955531,-0.173775,-0.049117,0.233130,0.954091,-0.179260,-0.047404,0.235221,1.000000,
0.954472,-0.179504,-0.047718,0.233421,0.793740,-0.168885,-0.139416,0.567466,0.953746,-0.183322,-0.046784,0.233610,0.954095,-0.179262,-0.047407,0.235203,1.000000,
0.954472,-0.179504,-0.047718,0.233421,0.793739,-0.168884,-0.139417,0.567468,0.955531,-0.173775,-0.049117,0.233130,0.954099,-0.179265,-0.047410,0.235186,1.000000,
0.954472,-0.179504,-0.047718,0.233421,0.793737,-0.168883,-0.139418,0.567470,0.953746,-0.183322,-0.046784,0.233610,0.954102,-0.179267,-0.047413,0.235168,1.000000,
0.954472,-0.179504,-0.047718,0.233421,0.793735,-0.168882,-0.139419,0.567473,0.955531,-0.173775,-0.049117,0.233130,0.954106,-0.179270,-0.047416,0.235151,1.000000,
0.954472,-0.179504,-0.047718,0.233421,0.793734,-0.168881,-0.139421,0.567475,0.953746,-0.183322,-0.046784,0.233610,0.954110,-0.179272,-0.047419,0.235134,1.000000,
0.954472,-0.179504,-0.047718,0.233421,0.793732,-0.168879,-0.139422,0.567477,0.955531,-0.173775,-0.049117,0.233130,0.954113,-0.179274,-0.047422,0.235117,1.000000,
0.954472,-0.179504,-0.047718,0.233421,0.793731,-0.168878,-0.139423,0.567480,0.953746,-0.183322,-0.046784,0.233610,0.954117,-0.179277,-0.047425,0.235100,1.000000,
0.954472,-0.179504,-0.047718,0.233421,0.793729,-0.168877,-0.139424,0.567482,0.955531,-0.173775,-0.049117,0.233130,0.954120,-0.179279,-0.047428,0.235084,1.000000,
0.954472,-0.179504,-0.047718,0.233421,0.793728,-0.168876,-0.139425,0.567484,0.953746,-0.183322,-0.046784,0.233610,0.954124,-0.179281,-0.047431,0.235067,1.000000,
0.954472,-0.179504,-0.047718,0.233421,0.793726,-0.168875,-0.139426,0.567486,0.955531,-0.173775,-0.049117,0.233130,0.954127,-0.179284,-0.047434,0.235051,1.000000,
0.954472,-0.179504,-0.047718,0.233421,0.793725,-0.168874,-0.139428,0.567488,0.953746,-0.183322,-0.046784,0.233610,0.954131,-0.179286,-0.047436,0.235035,1.000000,
0.954472,-0.179504,-0.047718,0.233421,0.793723,-0.168873,-0.139429,0.567490,0.955531,-0.173776,-0.049117,0.233130,0.954134,-0.179288,-0.047439,0.235019,1.000000,
0.954472,-0.179504,-0.047718,0.233421,0.793722,-0.168872,-0.139430,0.567492,0.953746,-0.183322,-0.046784,0.233610,0.954137,-0.179290,-0.047442,0.235003,1.000000,
0.954472,-0.179504,-0.047718,0.233421,0.793721,-0.168871,-0.139431,0.567493,0.955531,-0.173776,-0.049117,0.233130,0.954141,-0.179292,-0.047445,0.234987,1.000000,
0.954472,-0.179504,-0.047718,0.233421,0.793720,-0.168870,-0.139432,0.567495,0.953746,-0.183322,-0.046784,0.233610,0.954144,-0.179295,-0.047447,0.234972,1.000000,
0.954472,-0.179504,-0.047718,0.233421,0.793718,-0.168870,-0.139433,0.567497,0.955531,-0.173776,-0.049117,0.233130,0.954147,-0.179297,-0.047450,0.234956,1.000000,
0.954472,-0.179504,-0.047718,0.233421,0.793717,-0.168869,-0.139433,0.567499,0.953746,-0.183322,-0.046784,0.233610,0.954150,-0.179299,-0.047453,0.234941,1.000000,
0.954472,-0.179504,-0.047718,0.233421,0.793716,-0.168868,-0.139434,0.567500,0.955531,-0.173776,-0.049117,0.233130,0.954154,-0.179301,-0.047455,0.234926,1.000000,
0.954472,-0.179504,-0.047718,0.233421,0.793715,-0.168867,-0.139435,0.567502,0.953746,-0.183322,-0.046784,0.233610,0.954157,-0.179303,-0.047458,0.234911,1.000000,
0.954472,-0.179504,-0.047718,0.233421,0.793714,-0.168866,-0.139436,0.567504,0.955531,-0.173776,-0.049117,0.233130,0.954160,-0.179305,-0.047460,0.234896,1.000000,
0.954472,-0.179504,-0.047718,0.233421,0.793712,-0.168865,-0.139437,0.567505,0.953746,-0.183322,-0.046783,0.233610,0.954163,-0.179307,-0.047463,0.234882,1.000000,
0.954472,-0.179504,-0.047718,0.233421,0.793711,-0.168865,-0.139438,0.567507,0.955531,-0.173776,-0.049117,0.233130,0.954166,-0.179309,-0.047465,0.234867,1.000000,
0.954472,-0.179504,-0.047718,0.233421,0.793710,-0.168864,-0.139439,0.567508,0.953746,-0.183323,-0.046783,0.233610,0.954169,-0.179311,-0.047468,0.234853,1.000000,
0.954472,-0.179504,-0.047718,0.233421,0.793709,-0.168863,-0.139439,0.567510,0.955531,-0.173776,-0.049117,0.233130,0.954172,-0.179313,-0.047470,0.234839,1.000000,
0.954472,-0.179504,-0.047718,0.233421,0.793708,-0.168862,-0.139440,0.567511,0.953746,-0.183323,-0.046783,0.233610,0.954175,-0.179315,-0.047473,0.234825,1.000000,
0.954472,-0.179504,-0.047718,0.233421,0.793707,-0.168862,-0.139441,0.567513,0.955531,-0.173776,-0.049117,0.233130,0.954178,-0.179317,-0.047475,0.234811,1.000000,
0.954472,-0.179504,-0.047718,0.233421,0.793706,-0.168861,-0.139442,0.567514,0.953746,-0.183323,-0.046783,0.233610,0.954181,-0.179319,-0.047478,0.234797,1.000000,
0.954472,-0.179504,-0.047718,0.233421,0.793705,-0.168860,-0.139442,0.567515,0.955531,-0.173776,-0.049117,0.233130,0.954184,-0.179321,-0.047480,0.234784,1.000000,
0.954472,-0.179504,-0.047718,0.233421,0.793704,-0.168860,-0.139443,0.567517,0.953745,-0.183323,-0.046783,0.233610,0.954187,-0.179322,-0.047482,0.234770,1.000000,
0.954472,-0.179504,-0.047718,0.233421,0.793704,-0.168859,-0.139444,0.567518,0.955531,-0.173776,-0.049117,0.233130,0.954189,-0.179324,-0.047485,0.234757,1.000000,
0.954472,-0.179504,-0.047718,0.233421,0.793703,-0.168858,-0.139445,0.567519,0.953745,-0.183323,-0.046783,0.233610,0.954192,-0.179326,-0.047487,0.234744,1.000000,
0.954472,-0.179504,-0.047718,0.233421,0.793702,-0.168858,-0.139445,0.567521,0.955531,-0.173777,-0.049117,0.233130,0.954195,-0.179328,-0.047489,0.234730,1.000000,
0.954472,-0.179504,-0.047718,0.233421,0.793701,-0.168857,-0.139446,0.567522,0.953745,-0.183323,-0.046783,0.233610,0.954198,-0.179330,-0.047492,0.234717,1.000000,
0.954472,-0.179504,-0.047718,0.233421,0.793700,-0.168857,-0.139446,0.567523,0.955531,-0.173777,-0.049117,0.233130,0.954200,-0.179331,-0.047494,0.234705,1.000000,
0.954472,-0.179504,-0.047718,0.233421,0.793699,-0.168856,-0.139447,0.567524,0.953745,-0.183323,-0.046783,0.233610,0.954203,-0.179333,-0.047496,0.234692,1.000000,
0.954472,-0.179504,-0.047718,0.233421,0.793699,-0.168855,-0.139448,0.567525,0.955531,-0.173777,-0.049117,0.233130,0.954206,-0.179335,-0.047498,0.234679,1.000000,
0.954472,-0.179504,-0.047718,0.233421,0.793698,-0.168855,-0.139448,0.567526,0.953745,-0.183323,-0.046783,0.233610,0.954208,-0.179337,-0.047500,0.234667,1.000000,
0.954472,-0.179504,-0.047718,0.233421,0.793697,-0.168854,-0.139449,0.567527,0.955531,-0.173777,-0.049117,0.233130,0.954211,-0.179338,-0.047502,0.234655,1.000000,
0.954472,-0.179504,-0.047718,0.233421,0.793696,-0.168854,-0.139449,0.567528,0.953745,-0.183323,-0.046783,0.233610,0.954214,-0.179340,-0.047505,0.234642,1.000000,
0.954472,-0.179504,-0.047718,0.233421,0.793696,-0.168853,-0.139450,0.567529,0.955531,-0.173777,-0.049117,0.233130,0.954216,-0.179342,-0.047507,0.234630,1.000000,
0.954472,-0.179504,-0.047718,0.233421,0.793695,-0.168853,-0.139450,0.567530,0.953745,-0.183323,-0.046783,0.233610,0.954219,-0.179343,-0.047509,0.234618,1.000000,
0.954472,-0.179504,-0.047718,0.233421,0.793694,-0.168852,-0.139451,0.567531,0.955531,-0.173777,-0.049117,0.233130,0.954221,-0.179345,-0.047511,0.234606,1.000000,
0.954472,-0.179504,-0.047718,0.233421,0.793693,-0.168852,-0.139452,0.567532,0.953745,-0.183324,-0.046783,0.233610,0.954224,-0.179346,-0.047513,0.234595,1.000000,
0.954472,-0.179504,-0.047718,0.233421,0.793693,-0.168851,-0.139452,0.567533,0.955531,-0.173777,-0.049117,0.233130,0.954226,-0.179348,-0.047515,0.234583,1.000000,
0.954472,-0.179504,-0.047718,0.233421,0.793692,-0.168851,-0.139453,0.567534,0.953745,-0.183324,-0.046783,0.233610,0.954229,-0.179350,-0.047517,0.234572,1.000000,
0.954472,-0.179504,-0.047718,0.233421,0.793692,-0.168851,-0.139453,0.567535,0.955531,-0.173777,-0.049117,0.233130,0.954231,-0.179351,-0.047519,0.234560,1.000000,
0.954472,-0.179504,-0.047718,0.233421,0.793691,-0.168850,-0.139453,0.567536,0.953745,-0.183324,-0.046783,0.233610,0.954233,-0.179353,-0.047521,0.234549,1.000000,
0.954472,-0.179504,-0.047718,0.233421,0.793690,-0.168850,-0.139454,0.567537,0.955531,-0.173777,-0.049117,0.233130,0.954236,-0.179354,-0.047523,0.234538,1.000000,
0.954472,-0.179504,-0.047718,0.233421,0.793690,-0.168849,-0.139454,0.567538,0.953745,-0.183324,-0.046783,0.233610,0.954238,-0.179356,-0.047525,0.234527,1.000000,
0.954472,-0.179504,-0.047718,0.233421,0.793689,-0.168849,-0.139455,0.567538,0.955531,-0.173777,-0.049117,0.233130,0.954240,-0.179357,-0.047527,0.234516,1.000000,
0.954472,-0.179504,-0.047718,0.233421,0.793689,-0.168848,-0.139455,0.567539,0.953745,-0.183324,-0.046783,0.233610,0.954243,-0.179359,-0.047529,0.234505,1.000000,
0.954472,-0.179504,-0.047718,0.233421,0.793688,-0.168848,-0.139456,0.567540,0.955531,-0.173777,-0.049117,0.233130,0.954245,-0.179360,-0.047530,0.234494,1.000000,
0.954472,-0.179504,-0.047718,0.233421,0.793688,-0.168848,-0.139456,0.567541,0.953745,-0.183324,-0.046783,0.233610,0.954247,-0.179362,-0.047532,0.234484,1.000000,
0.954472,-0.179504,-0.047718,0.233421,0.793687,-0.168847,-0.139456,0.567542,0.955531,-0.173778,-0.049117,0.233130,0.954249,-0.179363,-0.047534,0.234473,1.000000,
0.954472,-0.179504,-0.047718,0.233421,0.793687,-0.168847,-0.139457,0.567542,0.953745,-0.183324,-0.046783,0.233610,0.954252,-0.179364,-0.047536,0.234463,1.000000,
0.954472,-0.179504,-0.047718,0.233421,0.793686,-0.168847,-0.139457,0.567543,0.955531,-0.173778,-0.049117,0.233130,0.954254,-0.179366,-0.047538,0.234452,1.000000,
0.954472,-0.179504,-0.047718,0.233421,0.793686,-0.168846,-0.139458,0.567544,0.953745,-0.183324,-0.046783,0.233610,0.954256,-0.179367,-0.047540,0.234442,1.000000,
0.954472,-0.179504,-0.047718,0.233421,0.793685,-0.168846,-0.139458,0.567544,0.955531,-0.173778,-0.049117,0.233130,0.954258,-0.179369,-0.047541,0.234432,1.000000,
0.954472,-0.179504,-0.047718,0.233421,0.793685,-0.168846,-0.139458,0.567545,0.953745,-0.183324,-0.046783,0.233610,0.954260,-0.179370,-0.047543,0.234422,1.000000,
0.954472,-0.179504,-0.047718,0.233421,0.793684,-0.168845,-0.139459,0.567546,0.955531,-0.173778,-0.049117,0.233130,0.954262,-0.179371,-0.047545,0.234412,1.000000,
0.954472,-0.179504,-0.047718,0.233421,0.793684,-0.168845,-0.139459,0.567546,0.953745,-0.183324,-0.046783,0.233610,0.954264,-0.179373,-0.047546,0.234402,1.000000,
0.954472,-0.179504,-0.047718,0.233421,0.793683,-0.168845,-0.139459,0.567547,0.955531,-0.173778,-0.049117,0.233130,0.954266,-0.179374,-0.047548,0.234393,1.000000,
0.954472,-0.179504,-0.047718,0.233421,0.793683,-0.168844,-0.139460,0.567548,0.953745,-0.183324,-0.046783,0.233610,0.954268,-0.179375,-0.047550,0.234383,1.000000,
0.954472,-0.179504,-0.047718,0.233421,0.793682,-0.168844,-0.139460,0.567548,0.955531,-0.173778,-0.049117,0.233130,0.954270,-0.179377,-0.047551,0.234373,1.000000,
0.954472,-0.179504,-0.047718,0.233421,0.793682,-0.168844,-0.139460,0.567549,0.953745,-0.183325,-0.046783,0.233610,0.954272,-0.179378,-0.047553,0.234364,1.000000,
0.954472,-0.179504,-0.047718,0.233421,0.793682,-0.168843,-0.139461,0.567549,0.955531,-0.173778,-0.049117,0.233130,0.954274,-0.179379,-0.047555,0.234355,1.000000,
0.954472,-0.179504,-0.047718,0.233421,0.793681,-0.168843,-0.139461,0.567550,0.953745,-0.183325,-0.046783,0.233610,0.954276,-0.179380,-0.047556,0.234345,1.000000,
0.954472,-0.179504,-0.047718,0.233421,0.793681,-0.168843,-0.139461,0.567550,0.955531,-0.173778,-0.049117,0.233130,0.954278,-0.179382,-0.047558,0.234336,1.000000,
0.954472,-0.179504,-0.047718,0.233421,0.793680,-0.168843,-0.139462,0.567551,0.953745,-0.183325,-0.046783,0.233610,0.954280,-0.179383,-0.047560,0.234327,1.000000,
0.954472,-0.179504,-0.047718,0.233421,0.793680,-0.168842,-0.139462,0.567551,0.955531,-0.173778,-0.049117,0.233130,0.954282,-0.179384,-0.047561,0.234318,1.000000,
0.954472,-0.179504,-0.047718,0.233421,0.793680,-0.168842,-0.139462,0.567552,0.953745,-0.183325,-0.046783,0.233610,0.954284,-0.179385,-0.047563,0.234309,1.000000,
0.954472,-0.179504,-0.047718,0.233421,0.793679,-0.168842,-0.139462,0.567552,0.955531,-0.173778,-0.049117,0.233130,0.954286,-0.179387,-0.047564,0.234300,1.000000,
0.954472,-0.179504,-0.047718,0.233421,0.793679,-0.168842,-0.139463,0.567553,0.953745,-0.183325,-0.046783,0.233610,0.954288,-0.179388,-0.047566,0.234292,1.000000,
0.954472,-0.179504,-0.047718,0.233421,0.793679,-0.168841,-0.139463,0.567553,0.955531,-0.173779,-0.049117,0.233130,0.954289,-0.179389,-0.047567,0.234283,1.000000,
0.954472,-0.179504,-0.047718,0.233421,0.793678,-0.168841,-0.139463,0.567554,0.953745,-0.183325,-0.046783,0.233610,0.954291,-0.179390,-0.047569,0.234275,1.000000,
0.954472,-0.179504,-0.047718,0.233421,0.793678,-0.168841,-0.139463,0.567554,0.955531,-0.173779,-0.049117,0.233130,0.954293,-0.179391,-0.047570,0.234266,1.000000,
0.954472,-0.179504,-0.047718,0.233421,0.793678,-0.168841,-0.139464,0.567555,0.953745,-0.183325,-0.046783,0.233610,0.954295,-0.179392,-0.047572,0.234258,1.000000,
0.954472,-0.179504,-0.047718,0.233421,0.793677,-0.168840,-0.139464,0.567555,0.955531,-0.173779,-0.049117,0.233130,0.954297,-0.179393,-0.047573,0.234250,1.000000,
0.954472,-0.179504,-0.047718,0.233421,0.793677,-0.168840,-0.139464,0.567556,0.953745,-0.183325,-0.046783,0.233610,0.954298,-0.179395,-0.047575,0.234241,1.000000,
0.954472,-0.179504,-0.047718,0.233421,0.793677,-0.168840,-0.139464,0.567556,0.955531,-0.173779,-0.049117,0.233130,0.954300,-0.179396,-0.047576,0.234233,1.000000,
0.954472,-0.179504,-0.047718,0.233421,0.793677,-0.168840,-0.139464,0.567556,0.953745,-0.183325,-0.046783,0.233610,0.954302,-0.179397,-0.047577,0.234225,1.000000,
0.954472,-0.179504,-0.047718,0.233421,0.793676,-0.168840,-0.139465,0.567557,0.955531,-0.173779,-0.049117,0.233130,0.954303,-0.179398,-0.047579,0.234217,1.000000,
0.954472,-0.179504,-0.047718,0.233421,0.793676,-0.168839,-0.139465,0.567557,0.953745,-0.183325,-0.046783,0.233610,0.954305,-0.179399,-0.047580,0.234209,1.000000,
0.954472,-0.179504,-0.047718,0.233421,0.793676,-0.168839,-0.139465,0.567557,0.955531,-0.173779,-0.049116,0.233130,0.954307,-0.179400,-0.047581,0.234202,1.000000,
0.954472,-0.179504,-0.047718,0.233421,0.793676,-0.168839,-0.139465,0.567558,0.953745,-0.183326,-0.046783,0.233610,0.954308,-0.179401,-0.047583,0.234194,1.000000,
0.954472,-0.179504,-0.047718,0.233421,0.793675,-0.168839,-0.139465,0.567558,0.955531,-0.173779,-0.049116,0.233131,0.954310,-0.179402,-0.047584,0.234186,1.000000,
0.954472,-0.179504,-0.047718,0.233421,0.793675,-0.168839,-0.139466,0.567559,0.953745,-0.183326,-0.046783,0.233610,0.954312,-0.179403,-0.047585,0.234179,1.000000,
0.954472,-0.179504,-0.047718,0.233421,0.793675,-0.168839,-0.139466,0.567559,0.955531,-0.173779,-0.049116,0.233131,0.954313,-0.179404,-0.047587,0.234171,1.000000,
0.954472,-0.179504,-0.047718,0.233421,0.793675,-0.168838,-0.139466,0.567559,0.953745,-0.183326,-0.046783,0.233610,0.954315,-0.179405,-0.047588,0.234164,1.000000,
0.954472,-0.179504,-0.047718,0.233421,0.793674,-0.168838,-0.139466,0.567560,0.955530,-0.173779,-0.049116,0.233131,0.954316,-0.179406,-0.047589,0.234156,1.000000,
0.954472,-0.179504,-0.047718,0.233421,0.793674,-0.168838,-0.139466,0.567560,0.953745,-0.183326,-0.046783,0.233610,0.954318,-0.179407,-0.047591,0.234149,1.000000,
0.954472,-0.179504,-0.047718,0.233421,0.793674,-0.168838,-0.139467,0.567560,0.955530,-0.173779,-0.049116,0.233131,0.954319,-0.179408,-0.047592,0.234142,1.000000,
0.954472,-0.179504,-0.047718,0.233421,0.793674,-0.168838,-0.139467,0.567560,0.953745,-0.183326,-0.046783,0.233610,0.954321,-0.179409,-0.047593,0.234135,1.000000,
0.954472,-0.179504,-0.047718,0.233421,0.793674,-0.168838,-0.139467,0.567561,0.955530,-0.173779,-0.049116,0.233131,0.954322,-0.179410,-0.047594,0.234128,1.000000,
0.954472,-0.179504,-0.047718,0.233421,0.793673,-0.168837,-0.139467,0.567561,0.953745,-0.183326,-0.046783,0.233610,0.954324,-0.179411,-0.047596,0.234121,1.000000,
0.954472,-0.179504,-0.047718,0.233421,0.793673,-0.168837,-0.139467,0.567561,0.955530,-0.173780,-0.049116,0.233131,0.954325,-0.179412,-0.047597,0.234114,1.000000,
0.954472,-0.179504,-0.047718,0.233421,0.793673,-0.168837,-0.139467,0.567562,0.953745,-0.183326,-0.046783,0.233610,0.954327,-0.179413,-0.047598,0.234107,1.000000,
0.954472,-0.179504,-0.047718,0.233421,0.793673,-0.168837,-0.139467,0.567562,0.955530,-0.173780,-0.049116,0.233131,0.954328,-0.179414,-0.047599,0.234100,1.000000,
0.954472,-0.179504,-0.047718,0.233421,0.793673,-0.168837,-0.139468,0.567562,0.953745,-0.183326,-0.046783,0.233610,0.954330,-0.179415,-0.047600,0.234093,1.000000,
0.954472,-0.179504,-0.047718,0.233421,0.793672,-0.168837,-0.139468,0.567562,0.955530,-0.173780,-0.049116,0.233131,0.954331,-0.179415,-0.047602,0.234087,1.000000,
0.954472,-0.179504,-0.047718,0.233421,0.793672,-0.168837,-0.139468,0.567563,0.953745,-0.183326,-0.046783,0.233610,0.954332,-0.179416,-0.047603,0.234080,1.000000,
0.954472,-0.179504,-0.047718,0.233421,0.793672,-0.168837,-0.139468,0.567563,0.955530,-0.173780,-0.049116,0.233131,0.954334,-0.179417,-0.047604,0.234073,1.000000,
0.954472,-0.179504,-0.047718,0.233421,0.793672,-0.168836,-0.139468,0.567563,0.953745,-0.183326,-0.046783,0.233610,0.954335,-0.179418,-0.047605,0.234067,1.000000,
0.954472,-0.179504,-0.047718,0.233421,0.793672,-0.168836,-0.139468,0.567563,0.955530,-0.173780,-0.049116,0.233131,0.954336,-0.179419,-0.047606,0.234061,1.000000,
0.954472,-0.179504,-0.047718,0.233421,0.793672,-0.168836,-0.139468,0.567564,0.953745,-0.183326,-0.046783,0.233610,0.954338,-0.179420,-0.047607,0.234054,1.000000,
0.954472,-0.179504,-0.047718,0.233421,0.793671,-0.168836,-0.139469,0.567564,0.955530,-0.173780,-0.049116,0.233131,0.954339,-0.179421,-0.047608,0.234048,1.000000,
0.954472,-0.179504,-0.047718,0.233421,0.793671,-0.168836,-0.139469,0.567564,0.953745,-0.183327,-0.046782,0.233610,0.954340,-0.179422,-0.047609,0.234042,1.000000,
0.954472,-0.179504,-0.047718,0.233421,0.793671,-0.168836,-0.139469,0.567564,0.955530,-0.173780,-0.049116,0.233131,0.954342,-0.179422,-0.047610,0.234036,1.000000,
0.954472,-0.179504,-0.047718,0.233421,0.793671,-0.168836,-0.139469,0.567564,0.953745,-0.183327,-0.046782,0.233610,0.954343,-0.179423,-0.047611,0.234030,1.000000,
0.954472,-0.179504,-0.047718,0.233421,0.793671,-0.168836,-0.139469,0.567565,0.955530,-0.173780,-0.049116,0.233131,0.954344,-0.179424,-0.047613,0.234024,1.000000,
0.954472,-0.179504,-0.047718,0.233421,0.793671,-0.168836,-0.139469,0.567565,0.953745,-0.183327,-0.046782,0.233610,0.954346,-0.179425,-0.047614,0.234018,1.000000,
0.954472,-0.179504,-0.047718,0.233421,0.793670,-0.168835,-0.139469,0.567565,0.955530,-0.173780,-0.049116,0.233131,0.954347,-0.179426,-0.047615,0.234012,1.000000,
0.954472,-0.179504,-0.047718,0.233421,0.793670,-0.168835,-0.139469,0.567565,0.953745,-0.183327,-0.046782,0.233610,0.954348,-0.179426,-0.047616,0.234006,1.000000,
0.954472,-0.179504,-0.047718,0.233421,0.793670,-0.168835,-0.139469,0.567565,0.955530,-0.173780,-0.049116,0.233131,0.954349,-0.179427,-0.047617,0.234000,1.000000,
0.954472,-0.179504,-0.047718,0.233421,0.793670,-0.168835,-0.139469,0.567566,0.953745,-0.183327,-0.046782,0.233610,0.954350,-0.179428,-0.047618,0.233994,1.000000,
0.954472,-0.179504,-0.047718,0.233421,0.793670,-0.168835,-0.139470,0.567566,0.955530,-0.173781,-0.049116,0.233131,0.954352,-0.179429,-0.047619,0.233989,1.000000,
0.954472,-0.179504,-0.047718,0.233421,0.793670,-0.168835,-0.139470,0.567566,0.953745,-0.183327,-0.046782,0.233610,0.954353,-0.179429,-0.047620,0.233983,1.000000,
0.954472,-0.179504,-0.047718,0.233421,0.793670,-0.168835,-0.139470,0.567566,0.955530,-0.173781,-0.049116,0.233131,0.954354,-0.179430,-0.047621,0.233977,1.000000,
0.954472,-0.179504,-0.047718,0.233421,0.793670,-0.168835,-0.139470,0.567566,0.953745,-0.183327,-0.046782,0.233610,0.954355,-0.179431,-0.047622,0.233972,1.000000,
0.954472,-0.179504,-0.047718,0.233421,0.793669,-0.168835,-0.139470,0.567567,0.955530,-0.173781,-0.049116,0.233131,0.954356,-0.179432,-0.047623,0.233966,1.000000,
0.954472,-0.179504,-0.047718,0.233421,0.793669,-0.168835,-0.139470,0.567567,0.953745,-0.183327,-0.046782,0.233610,0.954358,-0.179432,-0.047623,0.233961,1.000000,
0.954472,-0.179504,-0.047718,0.233421,0.793669,-0.168835,-0.139470,0.567567,0.955530,-0.173781,-0.049116,0.233131,0.954359,-0.179433,-0.047624,0.233956,1.000000,
0.954472,-0.179504,-0.047718,0.233421,0.793669,-0.168834,-0.139470,0.567567,0.953745,-0.183327,-0.046782,0.233610,0.954360,-0.179434,-0.047625,0.233950,1.000000,
0.954472,-0.179504,-0.047718,0.233421,0.793669,-0.168834,-0.139470,0.567567,0.955530,-0.173781,-0.049116,0.233131,0.954361,-0.179435,-0.047626,0.233945,1.000000,
0.954472,-0.179504,-0.047718,0.233421,0.793669,-0.168834,-0.139470,0.567567,0.953745,-0.183327,-0.046782,0.233610,0.954362,-0.179435,-0.047627,0.233940,1.000000,
0.954472,-0.179504,-0.047718,0.233421,0.793669,-0.168834,-0.139470,0.567567,0.955530,-0.173781,-0.049116,0.233131,0.954363,-0.179436,-0.047628,0.233935,1.000000,
0.954472,-0.179504,-0.047718,0.233421,0.793669,-0.168834,-0.139471,0.567568,0.953745,-0.183328,-0.046782,0.233610,0.954364,-0.179437,-0.047629,0.233930,1.000000,
0.954472,-0.179504,-0.047718,0.233421,0.793669,-0.168834,-0.139471,0.567568,0.955530,-0.173781,-0.049116,0.233131,0.954365,-0.179437,-0.047630,0.233925,1.000000,
0.954472,-0.179504,-0.047718,0.233421,0.793669,-0.168834,-0.139471,0.567568,0.953745,-0.183328,-0.046782,0.233610,0.954366,-0.179438,-0.047631,0.233920,1.000000,
0.954472,-0.179504,-0.047718,0.233421,0.793668,-0.168834,-0.139471,0.567568,0.955530,-0.173781,-0.049116,0.233131,0.954367,-0.179439,-0.047632,0.233915,1.000000,
0.954472,-0.179504,-0.047718,0.233421,0.793668,-0.168834,-0.139471,0.567568,0.953745,-0.183328,-0.046782,0.233610,0.954368,-0.179439,-0.047632,0.233910,1.000000,
0.954472,-0.179504,-0.047718,0.233421,0.793668,-0.168834,-0.139471,0.567568,0.955530,-0.173781,-0.049116,0.233131,0.954369,-0.179440,-0.047633,0.233905,1.000000,
0.954472,-0.179504,-0.047718,0.233421,0.793668,-0.168834,-0.139471,0.567568,0.953745,-0.183328,-0.046782,0.233610,0.954370,-0.179441,-0.047634,0.233900,1.000000,
0.954472,-0.179504,-0.047718,0.233421,0.793668,-0.168834,-0.139471,0.567568,0.955530,-0.173781,-0.049116,0.233131,0.954371,-0.179441,-0.047635,0.233896,1.000000,
0.954472,-0.179504,-0.047718,0.233421,0.793668,-0.168834,-0.139471,0.567569,0.953745,-0.183328,-0.046782,0.233610,0.954372,-0.179442,-0.047636,0.233891,1.000000,
0.954472,-0.179504,-0.047718,0.233421,0.793668,-0.168834,-0.139471,0.567569,0.955530,-0.173781,-0.049116,0.233131,0.954373,-0.179442,-0.047637,0.233886,1.000000,
0.954472,-0.179504,-0.047718,0.233421,0.793668,-0.168834,-0.139471,0.567569,0.953745,-0.183328,-0.046782,0.233610,0.954374,-0.179443,-0.047637,0.233882,1.000000,
0.954472,-0.179504,-0.047718,0.233421,0.793668,-0.168834,-0.139471,0.567569,0.955530,-0.173782,-0.049116,0.233131,0.954375,-0.179444,-0.047638,0.233877,1.000000,
0.954472,-0.179504,-0.047718,0.233421,0.793668,-0.168833,-0.139471,0.567569,0.953744,-0.183328,-0.046782,0.233610,0.954376,-0.179444,-0.047639,0.233872,1.000000,
0.954472,-0.179504,-0.047718,0.233421,0.793668,-0.168833,-0.139471,0.567569,0.955530,-0.173782,-0.049116,0.233131,0.954377,-0.179445,-0.047640,0.233868,1.000000,
0.954472,-0.179504,-0.047718,0.233421,0.793668,-0.168833,-0.139471,0.567569,0.953744,-0.183328,-0.046782,0.233610,0.954378,-0.179445,-0.047640,0.233864,1.000000,
0.954472,-0.179504,-0.047718,0.233421,0.793667,-0.168833,-0.139471,0.567569,0.955530,-0.173782,-0.049116,0.233131,0.954379,-0.179446,-0.047641,0.233859,1.000000,
0.954472,-0.179504,-0.047718,0.233421,0.793667,-0.168833,-0.139472,0.567569,0.953744,-0.183328,-0.046782,0.233610,0.954380,-0.179447,-0.047642,0.233855,1.000000,
0.954472,-0.179504,-0.047718,0.233421,0.793667,-0.168833,-0.139472,0.567570,0.955530,-0.173782,-0.049116,0.233131,0.954381,-0.179447,-0.047643,0.233851,1.000000,
0.954472,-0.179504,-0.047718,0.233421,0.793667,-0.168833,-0.139472,0.567570,0.953744,-0.183328,-0.046782,0.233610,0.954382,-0.179448,-0.047644,0.233846,1.000000,
0.954472,-0.179504,-0.047718,0.233421,0.793667,-0.168833,-0.139472,0.567570,0.955530,-0.173782,-0.049116,0.233131,0.954383,-0.179448,-0.047644,0.233842,1.000000,
0.954472,-0.179504,-0.047718,0.233421,0.793667,-0.168833,-0.139472,0.567570,0.953744,-0.183328,-0.046782,0.233610,0.954384,-0.179449,-0.047645,0.233838,1.000000,
0.954472,-0.179504,-0.047718,0.233421,0.793667,-0.168833,-0.139472,0.567570,0.955530,-0.173782,-0.049116,0.233131,0.954384,-0.179449,-0.047646,0.233834,1.000000,
0.954472,-0.179504,-0.047718,0.233421,0.793667,-0.168833,-0.139472,0.567570,0.953744,-0.183329,-0.046782,0.233610,0.954385,-0.179450,-0.047646,0.233830,1.000000,
0.954472,-0.179504,-0.047718,0.233421,0.793667,-0.168833,-0.139472,0.567570,0.955530,-0.173782,-0.049116,0.233131,0.954386,-0.179451,-0.047647,0.233826,1.000000,
0.954472,-0.179504,-0.047718,0.233421,0.793667,-0.168833,-0.139472,0.567570,0.953744,-0.183329,-0.046782,0.233610,0.954387,-0.179451,-0.047648,0.233822,1.000000,
0.954472,-0.179504,-0.047718,0.233421,0.793667,-0.168833,-0.139472,0.567570,0.955530,-0.173782,-0.049116,0.233131,0.954388,-0.179452,-0.047649,0.233818,1.000000,
0.954472,-0.179504,-0.047718,0.233421,0.793667,-0.168833,-0.139472,0.567570,0.953744,-0.183329,-0.046782,0.233610,0.954389,-0.179452,-0.047649,0.233814,1.000000,
0.954472,-0.179504,-0.047718,0.233421,0.793667,-0.168833,-0.139472,0.567570,0.955530,-0.173782,-0.049116,0.233131,0.954389,-0.179453,-0.047650,0.233810,1.000000,
0.954472,-0.179504,-0.047718,0.233421,0.793667,-0.168833,-0.139472,0.567570,0.953744,-0.183329,-0.046782,0.233610,0.954390,-0.179453,-0.047651,0.233806,1.000000,
0.954472,-0.179504,-0.047718,0.233421,0.793667,-0.168833,-0.139472,0.567570,0.955530,-0.173782,-0.049116,0.233131,0.954391,-0.179454,-0.047651,0.233802,1.000000,
0.954472,-0.179504,-0.047718,0.233421,0.793667,-0.168833,-0.139472,0.567571,0.953744,-0.183329,-0.046782,0.233610,0.954392,-0.179454,-0.047652,0.233798,1.000000,
0.954472,-0.179504,-0.047718,0.233421,0.793667,-0.168833,-0.139472,0.567571,0.955530,-0.173782,-0.049116,0.233131,0.954393,-0.179455,-0.047653,0.233795,1.000000,
0.954472,-0.179504,-0.047718,0.233421,0.793667,-0.168833,-0.139472,0.567571,0.953744,-0.183329,-0.046782,0.233610,0.954393,-0.179455,-0.047653,0.233791,1.000000,
0.954472,-0.179504,-0.047718,0.233421,0.793666,-0.168833,-0.139472,0.567571,0.955530,-0.173783,-0.049116,0.233131,0.954394,-0.179456,-0.047654,0.233787,1.000000,
0.954472,-0.179504,-0.047718,0.233421,0.793666,-0.168833,-0.139472,0.567571,0.953744,-0.183329,-0.046782,0.233610,0.954395,-0.179456,-0.047654,0.233784,1.000000,
0.954472,-0.179504,-0.047718,0.233421,0.793666,-0.168833,-0.139472,0.567571,0.955530,-0.173783,-0.049116,0.233131,0.954396,-0.179457,-0.047655,0.233780,1.000000,
0.954472,-0.179504,-0.047718,0.233421,0.793666,-0.168833,-0.139472,0.567571,0.953744,-0.183329,-0.046782,0.233610,0.954396,-0.179457,-0.047656,0.233777,1.000000,
0.954472,-0.179504,-0.047718,0.233421,0.793666,-0.168832,-0.139472,0.567571,0.955530,-0.173783,-0.049116,0.233131,0.954397,-0.179458,-0.047656,0.233773,1.000000,
0.954472,-0.179504,-0.047718,0.233421,0.793666,-0.168832,-0.139472,0.567571,0.953744,-0.183329,-0.046782,0.233610,0.954398,-0.179458,-0.047657,0.233770,1.000000,
0.954472,-0.179504,-0.047718,0.233421,0.793666,-0.168832,-0.139472,0.567571,0.955530,-0.173783,-0.049116,0.233131,0.954399,-0.179459,-0.047658,0.233766,1.000000,
0.954472,-0.179504,-0.047718,0.233421,0.793666,-0.168832,-0.139472,0.567571,0.953744,-0.183329,-0.046782,0.233610,0.954399,-0.179459,-0.047658,0.233763,1.000000,
0.954472,-0.179504,-0.047718,0.233421,0.793666,-0.168832,-0.139472,0.567571,0.955530,-0.173783,-0.049116,0.233131,0.954400,-0.179459,-0.047659,0.233759,1.000000,
0.954472,-0.179504,-0.047718,0.233421,0.793666,-0.168832,-0.139473,0.567571,0.953744,-0.183330,-0.046782,0.233610,0.954401,-0.179460,-0.047659,0.233756,1.000000,
0.954472,-0.179504,-0.047718,0.233421,0.793666,-0.168832,-0.139473,0.567571,0.955530,-0.173783,-0.049115,0.233131,0.954402,-0.179460,-0.047660,0.233753,1.000000,
0.954472,-0.179504,-0.047718,0.233421,0.793666,-0.168832,-0.139473,0.567571,0.953744,-0.183330,-0.046782,0.233610,0.954402,-0.179461,-0.047660,0.233749,1.000000,
0.954472,-0.179504,-0.047718,0.233421,0.793666,-0.168832,-0.139473,0.567571,0.955530,-0.173783,-0.049115,0.233131,0.954403,-0.179461,-0.047661,0.233746,1.000000,
0.954472,-0.179504,-0.047718,0.233421,0.793666,-0.168832,-0.139473,0.567571,0.953744,-0.183330,-0.046782,0.233610,0.954404,-0.179462,-0.047662,0.233743,1.000000,
0.954472,-0.179504,-0.047718,0.233421,0.793666,-0.168832,-0.139473,0.567572,0.955530,-0.173783,-0.049115,0.233131,0.954404,-0.179462,-0.047662,0.233740,1.000000,
0.954472,-0.179504,-0.047718,0.233421,0.793666,-0.168832,-0.139473,0.567572,0.953744,-0.183330,-0.046782,0.233610,0.954405,-0.179462,-0.047663,0.233736,1.000000,
0.954472,-0.179504,-0.047718,0.233421,0.793666,-0.168832,-0.139473,0.567572,0.955530,-0.173783,-0.049115,0.233131,0.954406,-0.179463,-0.047663,0.233733,1.000000,
0.954472,-0.179504,-0.047718,0.233421,0.793666,-0.168832,-0.139473,0.567572,0.953744,-0.183330,-0.046782,0.233610,0.954406,-0.179463,-0.047664,0.233730,1.000000,
0.954472,-0.179504,-0.047718,0.233421,0.793666,-0.168832,-0.139473,0.567572,0.955530,-0.173783,-0.049115,0.233131,0.954407,-0.179464,-0.047664,0.233727,1.000000,
0.954472,-0.179504,-0.047718,0.233421,0.793666,-0.168832,-0.139473,0.567572,0.953744,-0.183330,-0.046782,0.233610,0.954408,-0.179464,-0.047665,0.233724,1.000000,
0.954472,-0.179504,-0.047718,0.233421,0.793666,-0.168832,-0.139473,0.567572,0.955530,-0.173784,-0.049115,0.233131,0.954408,-0.179465,-0.047665,0.233721,1.000000,
0.954472,-0.179504,-0.047718,0.233421,0.793666,-0.168832,-0.139473,0.567572,0.953744,-0.183330,-0.046782,0.233610,0.954409,-0.179465,-0.047666,0.233718,1.000000,
0.954472,-0.179504,-0.047718,0.233421,0.793666,-0.168832,-0.139473,0.567572,0.955530,-0.173784,-0.049115,0.233131,0.954409,-0.179465,-0.047666,0.233715,1.000000,
0.954472,-0.179504,-0.047718,0.233421,0.793666,-0.168832,-0.139473,0.567572,0.953744,-0.183330,-0.046782,0.233610,0.954410,-0.179466,-0.047667,0.233712,1.000000,
0.954472,-0.179504,-0.047718,0.233421,0.793666,-0.168832,-0.139473,0.567572,0.955530,-0.173784,-0.049115,0.233131,0.954411,-0.179466,-0.047667,0.233709,1.000000,
0.954472,-0.179504,-0.047718,0.233421,0.793666,-0.168832,-0.139473,0.567572,0.953744,-0.183330,-0.046782,0.233610,0.954411,-0.179466,-0.047668,0.233707,1.000000,
0.954472,-0.179504,-0.047718,0.233421,0.793666,-0.168832,-0.139473,0.567572,0.955530,-0.173784,-0.049115,0.233131,0.954412,-0.179467,-0.047668,0.233704,1.000000,
0.954472,-0.179504,-0.047718,0.233421,0.793666,-0.168832,-0.139473,0.567572,0.953744,-0.183330,-0.046782,0.233610,0.954412,-0.179467,-0.047669,0.233701,1.000000,
0.954472,-0.179504,-0.047718,0.233421,0.793666,-0.168832,-0.139473,0.567572,0.955530,-0.173784,-0.049115,0.233131,0.954413,-0.179468,-0.047669,0.233698,1.000000,
0.954472,-0.179504,-0.047718,0.233421,0.793666,-0.168832,-0.139473,0.567572,0.953744,-0.183330,-0.046782,0.233610,0.954414,-0.179468,-0.047670,0.233695,1.000000,
0.954472,-0.179504,-0.047718,0.233421,0.793665,-0.168832,-0.139473,0.567572,0.955530,-0.173784,-0.049115,0.233131,0.954414,-0.179468,-0.047670,0.233693,1.000000,
0.954472,-0.179504,-0.047718,0.233421,0.793665,-0.168832,-0.139473,0.567572,0.953744,-0.183331,-0.046782,0.233610,0.954415,-0.179469,-0.047671,0.233690,1.000000,
0.954472,-0.179504,-0.047718,0.233421,0.793665,-0.168832,-0.139473,0.567572,0.955530,-0.173784,-0.049115,0.233131,0.954415,-0.179469,-0.047671,0.233687,1.000000,
0.954472,-0.179504,-0.047718,0.233421,0.793665,-0.168832,-0.139473,0.567572,0.953744,-0.183331,-0.046781,0.233610,0.954416,-0.179469,-0.047672,0.233685,1.000000,
0.954472,-0.179504,-0.047718,0.233421,0.793665,-0.168832,-0.139473,0.567572,0.955530,-0.173784,-0.049115,0.233131,0.954416,-0.179470,-0.047672,0.233682,1.000000,
0.954472,-0.179504,-0.047718,0.233421,0.793665,-0.168832,-0.139473,0.567572,0.953744,-0.183331,-0.046781,0.233610,0.954417,-0.179470,-0.047673,0.233680,1.000000,
0.954472,-0.179504,-0.047718,0.233421,0.793665,-0.168832,-0.139473,0.567572,0.955530,-0.173784,-0.049115,0.233131,0.954417,-0.179470,-0.047673,0.233677,1.000000,
0.954472,-0.179504,-0.047718,0.233421,0.793665,-0.168832,-0.139473,0.567572,0.953744,-0.183331,-0.046781,0.233610,0.954418,-0.179471,-0.047674,0.233674,1.000000,
0.954472,-0.179504,-0.047718,0.233421,0.793665,-0.168832,-0.139473,0.567572,0.955530,-0.173784,-0.049115,0.233131,0.954419,-0.179471,-0.047674,0.233672,1.000000,
0.954472,-0.179504,-0.047718,0.233421,0.793665,-0.168832,-0.139473,0.567572,0.953744,-0.183331,-0.046781,0.233610,0.954419,-0.179471,-0.047674,0.233669,1.000000,
0.954472,-0.179504,-0.047718,0.233421,0.793665,-0.168832,-0.139473,0.567572,0.955530,-0.173784,-0.049115,0.233131,0.954420,-0.179472,-0.047675,0.233667,1.000000,
0.954472,-0.179504,-0.047718,0.233421,0.793665,-0.168832,-0.139473,0.567572,0.953744,-0.183331,-0.046781,0.233610,0.954420,-0.179472,-0.047675,0.233665,1.000000,
0.954472,-0.179504,-0.047718,0.233421,0.793665,-0.168832,-0.139473,0.567572,0.955530,-0.173785,-0.049115,0.233131,0.954421,-0.179472,-0.047676,0.233662,1.000000,
0.954472,-0.179504,-0.047718,0.233421,0.793665,-0.168832,-0.139473,0.567573,0.953744,-0.183331,-0.046781,0.233610,0.954421,-0.179473,-0.047676,0.233660,1.000000,
0.954472,-0.179504,-0.047718,0.233421,0.793665,-0.168832,-0.139473,0.567573,0.955530,-0.173785,-0.049115,0.233131,0.954422,-0.179473,-0.047677,0.233657,1.000000,
0.954472,-0.179504,-0.047718,0.233421,0.793665,-0.168832,-0.139473,0.567573,0.953744,-0.183331,-0.046781,0.233610,0.954422,-0.179473,-0.047677,0.233655,1.000000,
0.954472,-0.179504,-0.047718,0.233421,0.793665,-0.168832,-0.139473,0.567573,0.955529,-0.173785,-0.049115,0.233131,0.954423,-0.179474,-0.047677,0.233653,1.000000,
0.954472,-0.179504,-0.047718,0.233421,0.793665,-0.168832,-0.139473,0.567573,0.953744,-0.183331,-0.046781,0.233610,0.954423,-0.179474,-0.047678,0.233650,1.000000,
0.954472,-0.179504,-0.047718,0.233421,0.793665,-0.168832,-0.139473,0.567573,0.955529,-0.173785,-0.049115,0.233131,0.954424,-0.179474,-0.047678,0.233648,1.000000,
0.954472,-0.179504,-0.047718,0.233421,0.793665,-0.168832,-0.139473,0.567573,0.953744,-0.183331,-0.046781,0.233610,0.954424,-0.179475,-0.047679,0.233646,1.000000,
0.954472,-0.179504,-0.047718,0.233421,0.793665,-0.168832,-0.139473,0.567573,0.955529,-0.173785,-0.049115,0.233131,0.954425,-0.179475,-0.047679,0.233644,1.000000,
0.954472,-0.179504,-0.047718,0.233421,0.793665,-0.168832,-0.139473,0.567573,0.953744,-0.183331,-0.046781,0.233610,0.954425,-0.179475,-0.047679,0.233641,1.000000,
0.954472,-0.179504,-0.047718,0.233421,0.793665,-0.168832,-0.139473,0.567573,0.955529,-0.173785,-0.049115,0.233131,0.954425,-0.179475,-0.047680,0.233639,1.000000,
0.954472,-0.179504,-0.047718,0.233421,0.793665,-0.168832,-0.139473,0.567573,0.953744,-0.183332,-0.046781,0.233610,0.954426,-0.179476,-0.047680,0.233637,1.000000,
0.954472,-0.179504,-0.047718,0.233421,0.793665,-0.168832,-0.139473,0.567573,0.955529,-0.173785,-0.049115,0.233131,0.954426,-0.179476,-0.047680,0.233635,1.000000,
0.954472,-0.179504,-0.047718,0.233421,0.793665,-0.168832,-0.139473,0.567573,0.953744,-0.183332,-0.046781,0.233610,0.954427,-0.179476,-0.047681,0.233633,1.000000,
0.954472,-0.179504,-0.047718,0.233421,0.793665,-0.168832,-0.139473,0.567573,0.955529,-0.173785,-0.049115,0.233131,0.954427,-0.179477,-0.047681,0.233631,1.000000,
0.954472,-0.179504,-0.047718,0.233421,0.793665,-0.168832,-0.139473,0.567573,0.953744,-0.183332,-0.046781,0.233610,0.954428,-0.179477,-0.047682,0.233629,1.000000,
0.954472,-0.179504,-0.047718,0.233421,0.793665,-0.168832,-0.139473,0.567573,0.955529,-0.173785,-0.049115,0.233131,0.954428,-0.179477,-0.047682,0.233627,1.000000,
0.954472,-0.179504,-0.047718,0.233421,0.793665,-0.168832,-0.139473,0.567573,0.953744,-0.183332,-0.046781,0.233610,0.954429,-0.179477,-0.047682,0.233625,1.000000,
0.954472,-0.179504,-0.047718,0.233421,0.793665,-0.168832,-0.139473,0.567573,0.955529,-0.173785,-0.049115,0.233131,0.954429,-0.179478,-0.047683,0.233623,1.000000,
0.954472,-0.179504,-0.047718,0.233421,0.793665,-0.168832,-0.139473,0.567573,0.953744,-0.183332,-0.046781,0.233610,0.954429,-0.179478,-0.047683,0.233621,1.000000,
0.954472,-0.179504,-0.047718,0.233421,0.793665,-0.168832,-0.139473,0.567573,0.955529,-0.173786,-0.049115,0.233131,0.954430,-0.179478,-0.047683,0.233619,1.000000,
0.954472,-0.179504,-0.047718,0.233421,0.793665,-0.168832,-0.139473,0.567573,0.953744,-0.183332,-0.046781,0.233610,0.954430,-0.179478,-0.047684,0.233617,1.000000,
0.954472,-0.179504,-0.047718,0.233421,0.793665,-0.168832,-0.139473,0.567573,0.955529,-0.173786,-0.049115,0.233131,0.954431,-0.179479,-0.047684,0.233615,1.000000,
0.954472,-0.179504,-0.047718,0.233421,0.793665,-0.168832,-0.139473,0.567573,0.953744,-0.183332,-0.046781,0.233610,0.954431,-0.179479,-0.047684,0.233613,1.000000,
0.954472,-0.179504,-0.047718,0.233421,0.793665,-0.168831,-0.139473,0.567573,0.955529,-0.173786,-0.049115,0.233131,0.954431,-0.179479,-0.047685,0.233611,1.000000,
0.954472,-0.179504,-0.047718,0.233421,0.793665,-0.168831,-0.139473,0.567573,0.953744,-0.183332,-0.046781,0.233610,0.954432,-0.179479,-0.047685,0.233609,1.000000,
0.954472,-0.179504,-0.047718,0.233421,0.793665,-0.168831,-0.139473,0.567573,0.955529,-0.173786,-0.049115,0.233131,0.954432,-0.179480,-0.047685,0.233607,1.000000,
0.954472,-0.179504,-0.047718,0.233421,0.793665,-0.168831,-0.139473,0.567573,0.953744,-0.183332,-0.046781,0.233610,0.954433,-0.179480,-0.047686,0.233605,1.000000,
0.954472,-0.179504,-0.047718,0.233421,0.793665,-0.168831,-0.139473,0.567573,0.955529,-0.173786,-0.049115,0.233131,0.954433,-0.179480,-0.047686,0.233603,1.000000,
0.954472,-0.179504,-0.047718,0.233421,0.793665,-0.168831,-0.139473,0.567573,0.953744,-0.183332,-0.046781,0.233610,0.954433,-0.179480,-0.047686,0.233602,1.000000,
0.954472,-0.179504,-0.047718,0.233421,0.793665,-0.168831,-0.139473,0.567573,0.955529,-0.173786,-0.049115,0.233131,0.954434,-0.179481,-0.047687,0.233600,1.000000,
0.954472,-0.179504,-0.047718,0.233421,0.793665,-0.168831,-0.139473,0.567573,0.953744,-0.183333,-0.046781,0.233610,0.954434,-0.179481,-0.047687,0.233598,1.000000,
0.954472,-0.179504,-0.047718,0.233421,0.793665,-0.168831,-0.139473,0.567573,0.955529,-0.173786,-0.049115,0.233131,0.954434,-0.179481,-0.047687,0.233596,1.000000,
0.954472,-0.179504,-0.047718,0.233421,0.793665,-0.168831,-0.139473,0.567573,0.953744,-0.183333,-0.046781,0.233610,0.954435,-0.179481,-0.047688,0.233595,1.000000,
0.954472,-0.179504,-0.047718,0.233421,0.793665,-0.168831,-0.139473,0.567573,0.955529,-0.173786,-0.049115,0.233131,0.954435,-0.179482,-0.047688,0.233593,1.000000,
0.954472,-0.179504,-0.047718,0.233421,0.793665,-0.168831,-0.139473,0.567573,0.953744,-0.183333,-0.046781,0.233610,0.954436,-0.179482,-0.047688,0.233591,1.000000,
0.954472,-0.179504,-0.047718,0.233421,0.793665,-0.168831,-0.139474,0.567573,0.955529,-0.173786,-0.049115,0.233131,0.954436,-0.179482,-0.047688,0.233589,1.000000,
0.954472,-0.179504,-0.047718,0.233421,0.793665,-0.168831,-0.139474,0.567573,0.953744,-0.183333,-0.046781,0.233610,0.954436,-0.179482,-0.047689,0.233588,1.000000,
0.954472,-0.179504,-0.047718,0.233421,0.793665,-0.168831,-0.139474,0.567573,0.955529,-0.173786,-0.049115,0.233131,0.954437,-0.179483,-0.047689,0.233586,1.000000,
0.954472,-0.179504,-0.047718,0.233421,0.793665,-0.168831,-0.139474,0.567573,0.953744,-0.183333,-0.046781,0.233610,0.954437,-0.179483,-0.047689,0.233584,1.000000,
0.954472,-0.179504,-0.047718,0.233421,0.793665,-0.168831,-0.139474,0.567573,0.955529,-0.173786,-0.049115,0.233131,0.954437,-0.179483,-0.047690,0.233583,1.000000,
0.954472,-0.179504,-0.047718,0.233421,0.793665,-0.168831,-0.139474,0.567573,0.953744,-0.183333,-0.046781,0.233610,0.954438,-0.179483,-0.047690,0.233581,1.000000,
0.954472,-0.179504,-0.047718,0.233421,0.793665,-0.168831,-0.139474,0.567573,0.955529,-0.173787,-0.049115,0.233131,0.954438,-0.179483,-0.047690,0.233580,1.000000,
0.954472,-0.179504,-0.047718,0.233421,0.793665,-0.168831,-0.139474,0.567573,0.953744,-0.183333,-0.046781,0.233610,0.954438,-0.179484,-0.047690,0.233578,1.000000,
0.954472,-0.179504,-0.047718,0.233421,0.793665,-0.168831,-0.139474,0.567573,0.955529,-0.173787,-0.049115,0.233131,0.954439,-0.179484,-0.047691,0.233577,1.000000,
0.954472,-0.179504,-0.047718,0.233421,0.793665,-0.168831,-0.139474,0.567573,0.953744,-0.183333,-0.046781,0.233610,0.954439,-0.179484,-0.047691,0.233575,1.000000,
0.954472,-0.179504,-0.047718,0.233421,0.793665,-0.168831,-0.139474,0.567573,0.955529,-0.173787,-0.049115,0.233131,0.954439,-0.179484,-0.047691,0.233573,1.000000,
0.954472,-0.179504,-0.047718,0.233421,0.793665,-0.168831,-0.139474,0.567573,0.953743,-0.183333,-0.046781,0.233610,0.954440,-0.179484,-0.047691,0.233572,1.000000,
0.954472,-0.179504,-0.047718,0.233421,0.793665,-0.168831,-0.139474,0.567573,0.955529,-0.173787,-0.049115,0.233131,0.954440,-0.179485,-0.047692,0.233570,1.000000,
0.954472,-0.179504,-0.047718,0.233421,0.793665,-0.168831,-0.139474,0.567573,0.953743,-0.183333,-0.046781,0.233610,0.954440,-0.179485,-0.047692,0.233569,1.000000,
0.954472,-0.179504,-0.047718,0.233421,0.793665,-0.168831,-0.139474,0.567573,0.955529,-0.173787,-0.049115,0.233131,0.954441,-0.179485,-0.047692,0.233568,1.000000,
0.954472,-0.179504,-0.047718,0.233421,0.793665,-0.168831,-0.139474,0.567573,0.953743,-0.183333,-0.046781,0.233610,0.954441,-0.179485,-0.047693,0.233566,1.000000,
0.954472,-0.179504,-0.047718,0.233421,0.793665,-0.168831,-0.139474,0.567573,0.955529,-0.173787,-0.049115,0.233131,0.954441,-0.179485,-0.047693,0.233565,1.000000,
0.954472,-0.179504,-0.047718,0.233421,0.793665,-0.168831,-0.139474,0.567573,0.953743,-0.183334,-0.046781,0.233610,0.954441,-0.179486,-0.047693,0.233563,1.000000,
0.954472,-0.179504,-0.047718,0.233421,0.793665,-0.168831,-0.139474,0.567573,0.955529,-0.173787,-0.049115,0.233131,0.954442,-0.179486,-0.047693,0.233562,1.000000,
0.954472,-0.179504,-0.047718,0.233421,0.793665,-0.168831,-0.139474,0.567573,0.953743,-0.183334,-0.046781,0.233610,0.954442,-0.179486,-0.047693,0.233560,1.000000,
0.954472,-0.179504,-0.047718,0.233421,0.793665,-0.168831,-0.139474,0.567573,0.955529,-0.173787,-0.049114,0.233131,0.954442,-0.179486,-0.047694,0.233559,1.000000,
0.954472,-0.179504,-0.047718,0.233421,0.793665,-0.168831,-0.139474,0.567573,0.953743,-0.183334,-0.046781,0.233610,0.954443,-0.179486,-0.047694,0.233558,1.000000,
0.954472,-0.179504,-0.047718,0.233421,0.793665,-0.168831,-0.139474,0.567573,0.955529,-0.173787,-0.049114,0.233131,0.954443,-0.179486,-0.047694,0.233556,1.000000,
0.954472,-0.179504,-0.047718,0.233421,0.793665,-0.168831,-0.139474,0.567573,0.953743,-0.183334,-0.046781,0.233610,0.954443,-0.179487,-0.047694,0.233555,1.000000,
0.954472,-0.179504,-0.047718,0.233421,0.793665,-0.168831,-0.139474,0.567573,0.955529,-0.173787,-0.049114,0.233131,0.954444,-0.179487,-0.047695,0.233554,1.000000,
0.954472,-0.179504,-0.047718,0.233421,0.793665,-0.168831,-0.139474,0.567573,0.953743,-0.183334,-0.046781,0.233610,0.954444,-0.179487,-0.047695,0.233552,1.000000,
0.954472,-0.179504,-0.047718,0.233421,0.793665,-0.168831,-0.139474,0.567573,0.955529,-0.173788,-0.049114,0.233131,0.954444,-0.179487,-0.047695,0.233551,1.000000,
0.954472,-0.179504,-0.047718,0.233421,0.793665,-0.168831,-0.139474,0.567573,0.953743,-0.183334,-0.046781,0.233610,0.954444,-0.179487,-0.047695,0.233550,1.000000,
0.954472,-0.179504,-0.047718,0.233421,0.793665,-0.168831,-0.139474,0.567573,0.955529,-0.173788,-0.049114,0.233131,0.954445,-0.179488,-0.047696,0.233548,1.000000,
0.954472,-0.179504,-0.047718,0.233421,0.793665,-0.168831,-0.139474,0.567573,0.953743,-0.183334,-0.046781,0.233610,0.954445,-0.179488,-0.047696,0.233547,1.000000,
0.954472,-0.179504,-0.047718,0.233421,0.793665,-0.168831,-0.139474,0.567573,0.955529,-0.173788,-0.049114,0.233131,0.954445,-0.179488,-0.047696,0.233546,1.000000,
0.954472,-0.179504,-0.047718,0.233421,0.793665,-0.168831,-0.139474,0.567573,0.953743,-0.183334,-0.046781,0.233610,0.954445,-0.179488,-0.047696,0.233545,1.000000,
0.954472,-0.179504,-0.047718,0.233421,0.793665,-0.168831,-0.139474,0.567573,0.955529,-0.173788,-0.049114,0.233131,0.954446,-0.179488,-0.047696,0.233543,1.000000,
0.954472,-0.179504,-0.047718,0.233421,0.793665,-0.168831,-0.139474,0.567573,0.953743,-0.183334,-0.046781,0.233610,0.954446,-0.179488,-0.047697,0.233542,1.000000,
0.954472,-0.179504,-0.047718,0.233421,0.793665,-0.168831,-0.139474,0.567573,0.955529,-0.173788,-0.049114,0.233131,0.954446,-0.179489,-0.047697,0.233541,1.000000,
0.954472,-0.179504,-0.047718,0.233421,0.793665,-0.168831,-0.139474,0.567573,0.953743,-0.183334,-0.046781,0.233610,0.954446,-0.179489,-0.047697,0.233540,1.000000,
0.954472,-0.179504,-0.047718,0.233421,0.793665,-0.168831,-0.139474,0.567573,0.955529,-0.173788,-0.049114,0.233131,0.954447,-0.179489,-0.047697,0.233539,1.000000,
0.954472,-0.179504,-0.047718,0.233421,0.793665,-0.168831,-0.139474,0.567573,0.953743,-0.183334,-0.046781,0.233610,0.954447,-0.179489,-0.047698,0.233538,1.000000,
0.954472,-0.179504,-0.047718,0.233421,0.793665,-0.168831,-0.139474,0.567573,0.955529,-0.173788,-0.049114,0.233131,0.954447,-0.179489,-0.047698,0.233536,1.000000,
0.954472,-0.179504,-0.047718,0.233421,0.793665,-0.168831,-0.139474,0.567573,0.953743,-0.183335,-0.046781,0.233610,0.954447,-0.179489,-0.047698,0.233535,1.000000,
0.954472,-0.179504,-0.047718,0.233421,0.793665,-0.168831,-0.139474,0.567573,0.955529,-0.173788,-0.049114,0.233131,0.954448,-0.179489,-0.047698,0.233534,1.000000,
0.954472,-0.179504,-0.047718,0.233421,0.793665,-0.168831,-0.139474,0.567573,0.953743,-0.183335,-0.046781,0.233610,0.954448,-0.179490,-0.047698,0.233533,1.000000,
0.954472,-0.179504,-0.047718,0.233421,0.793665,-0.168831,-0.139474,0.567573,0.955529,-0.173788,-0.049114,0.233131,0.954448,-0.179490,-0.047698,0.233532,1.000000,
0.954472,-0.179504,-0.047718,0.233421,0.793665,-0.168831,-0.139474,0.567573,0.953743,-0.183335,-0.046780,0.233610,0.954448,-0.179490,-0.047699,0.233531,1.000000,
0.954472,-0.179504,-0.047718,0.233421,0.793665,-0.168831,-0.139474,0.567573,0.955529,-0.173788,-0.049114,0.233131,0.954449,-0.179490,-0.047699,0.233530,1.000000,
0.954472,-0.179504,-0.047718,0.233421,0.793665,-0.168831,-0.139474,0.567573,0.953743,-0.183335,-0.046780,0.233610,0.954449,-0.179490,-0.047699,0.233529,1.000000,
0.954472,-0.179504,-0.047718,0.233421,0.793665,-0.168831,-0.139474,0.567573,0.955529,-0.173788,-0.049114,0.233131,0.954449,-0.179490,-0.047699,0.233528,1.000000,
0.954472,-0.179504,-0.047718,0.233421,0.793665,-0.168831,-0.139474,0.567573,0.953743,-0.183335,-0.046780,0.233610,0.954449,-0.179490,-0.047699,0.233526,1.000000,
0.954472,-0.179504,-0.047718,0.233421,0.793665,-0.168831,-0.139474,0.567573,0.955529,-0.173789,-0.049114,0.233131,0.954449,-0.179491,-0.047700,0.233525,1.000000,
0.954472,-0.179504,-0.047718,0.233421,0.793665,-0.168831,-0.139474,0.567573,0.953743,-0.183335,-0.046780,0.233610,0.954450,-0.179491,-0.047700,0.233524,1.000000,
0.954472,-0.179504,-0.047718,0.233421,0.793665,-0.168831,-0.139474,0.567573,0.955529,-0.173789,-0.049114,0.233131,0.954450,-0.179491,-0.047700,0.233523,1.000000,
0.954472,-0.179504,-0.047718,0.233421,0.793665,-0.168831,-0.139474,0.567573,0.953743,-0.183335,-0.046780,0.233610,0.954450,-0.179491,-0.047700,0.233522,1.000000,
0.954472,-0.179504,-0.047718,0.233421,0.793665,-0.168831,-0.139474,0.567573,0.955529,-0.173789,-0.049114,0.233131,0.954450,-0.179491,-0.047700,0.233521,1.000000,
0.954472,-0.179504,-0.047718,0.233421,0.793665,-0.168831,-0.139474,0.567573,0.953743,-0.183335,-0.046780,0.233610,0.954451,-0.179491,-0.047701,0.233520,1.000000,
0.954472,-0.179504,-0.047718,0.233421,0.793665,-0.168831,-0.139474,0.567573,0.955529,-0.173789,-0.049114,0.233131,0.954451,-0.179491,-0.047701,0.233519,1.000000,
0.954472,-0.179504,-0.047718,0.233421,0.793665,-0.168831,-0.139474,0.567573,0.953743,-0.183335,-0.046780,0.233610,0.954451,-0.179492,-0.047701,0.233518,1.000000,
0.954472,-0.179504,-0.047718,0.233421,0.793665,-0.168831,-0.139474,0.567573,0.955529,-0.173789,-0.049114,0.233131,0.954451,-0.179492,-0.047701,0.233517,1.000000,
0.954472,-0.179504,-0.047718,0.233421,0.793665,-0.168831,-0.139474,0.567573,0.953743,-0.183335,-0.046780,0.233610,0.954451,-0.179492,-0.047701,0.233516,1.000000,
0.954472,-0.179504,-0.047718,0.233421,0.793665,-0.168831,-0.139474,0.567573,0.955529,-0.173789,-0.049114,0.233131,0.954452,-0.179492,-0.047701,0.233515,1.000000,
0.954472,-0.179504,-0.047718,0.233421,0.793665,-0.168831,-0.139474,0.567573,0.953743,-0.183336,-0.046780,0.233610,0.954452,-0.179492,-0.047702,0.233515,1.000000,
0.954472,-0.179504,-0.047718,0.233421,0.793665,-0.168831,-0.139474,0.567573,0.955529,-0.173789,-0.049114,0.233131,0.954452,-0.179492,-0.047702,0.233514,1.000000,
0.954472,-0.179504,-0.047718,0.233421,0.793665,-0.168831,-0.139474,0.567573,0.953743,-0.183336,-0.046780,0.233610,0.954452,-0.179492,-0.047702,0.233513,1.000000,
0.954472,-0.179504,-0.047718,0.233421,0.793665,-0.168831,-0.139474,0.567573,0.955529,-0.173789,-0.049114,0.233131,0.954452,-0.179492,-0.047702,0.233512,1.000000,
0.954472,-0.179504,-0.047718,0.233421,0.793665,-0.168831,-0.139474,0.567573,0.953743,-0.183336,-0.046780,0.233611,0.954453,-0.179493,-0.047702,0.233511,1.000000,
0.954472,-0.179504,-0.047718,0.233421,0.793665,-0.168831,-0.139474,0.567573,0.955529,-0.173789,-0.049114,0.233131,0.954453,-0.179493,-0.047702,0.233510,1.000000,
0.954472,-0.179504,-0.047718,0.233421,0.793665,-0.168831,-0.139474,0.567573,0.953743,-0.183336,-0.046780,0.233611,0.954453,-0.179493,-0.047702,0.233509,1.000000,
0.954472,-0.179504,-0.047718,0.233421,0.793665,-0.168831,-0.139474,0.567573,0.955529,-0.173789,-0.049114,0.233131,0.954453,-0.179493,-0.047703,0.233508,1.000000,
0.954472,-0.179504,-0.047718,0.233421,0.793665,-0.168831,-0.139474,0.567573,0.953743,-0.183336,-0.046780,0.233611,0.954453,-0.179493,-0.047703,0.233507,1.000000,
0.954472,-0.179504,-0.047718,0.233421,0.793665,-0.168831,-0.139474,0.567573,0.955529,-0.173789,-0.049114,0.233131,0.954453,-0.179493,-0.047703,0.233507,1.000000,
0.954472,-0.179504,-0.047718,0.233421,0.793665,-0.168831,-0.139474,0.567573,0.953743,-0.183336,-0.046780,0.233611,0.954454,-0.179493,-0.047703,0.233506,1.000000,
0.954472,-0.179504,-0.047718,0.233421,0.793665,-0.168831,-0.139474,0.567573,0.955529,-0.173790,-0.049114,0.233131,0.954454,-0.179493,-0.047703,0.233505,1.000000,
0.954472,-0.179504,-0.047718,0.233421,0.793665,-0.168831,-0.139474,0.567573,0.953743,-0.183336,-0.046780,0.233611,0.954454,-0.179493,-0.047703,0.233504,1.000000,
0.954472,-0.179504,-0.047718,0.233421,0.793665,-0.168831,-0.139474,0.567573,0.955529,-0.173790,-0.049114,0.233131,0.954454,-0.179494,-0.047704,0.233503,1.000000,
0.954472,-0.179504,-0.047718,0.233421,0.793665,-0.168831,-0.139474,0.567573,0.953743,-0.183336,-0.046780,0.233611,0.954454,-0.179494,-0.047704,0.233502,1.000000,
0.954472,-0.179504,-0.047718,0.233421,0.793665,-0.168831,-0.139474,0.567573,0.955529,-0.173790,-0.049114,0.233131,0.954454,-0.179494,-0.047704,0.233502,1.000000,
0.954472,-0.179504,-0.047718,0.233421,0.793665,-0.168831,-0.139474,0.567573,0.953743,-0.183336,-0.046780,0.233611,0.954455,-0.179494,-0.047704,0.233501,1.000000,
0.954472,-0.179504,-0.047718,0.233421,0.793665,-0.168831,-0.139474,0.567573,0.955529,-0.173790,-0.049114,0.233131,0.954455,-0.179494,-0.047704,0.233500,1.000000,
0.954472,-0.179504,-0.047718,0.233421,0.793665,-0.168831,-0.139474,0.567573,0.953743,-0.183336,-0.046780,0.233611,0.954455,-0.179494,-0.047704,0.233499,1.000000,
0.954472,-0.179504,-0.047718,0.233421,0.793665,-0.168831,-0.139474,0.567573,0.955529,-0.173790,-0.049114,0.233131,0.954455,-0.179494,-0.047704,0.233498,1.000000,
0.954472,-0.179504,-0.047718,0.233421,0.793665,-0.168831,-0.139474,0.567574,0.953743,-0.183336,-0.046780,0.233611,0.954455,-0.179494,-0.047704,0.233498,1.000000,
0.954472,-0.179504,-0.047718,0.233421,0.793665,-0.168831,-0.139474,0.567574,0.955529,-0.173790,-0.049114,0.233131,0.954455,-0.179494,-0.047705,0.233497,1.000000,
0.954472,-0.179504,-0.047718,0.233421,0.793665,-0.168831,-0.139474,0.567574,0.953743,-0.183337,-0.046780,0.233611,0.954456,-0.179494,-0.047705,0.233496,1.000000,
0.954472,-0.179504,-0.047718,0.233421,0.793665,-0.168831,-0.139474,0.567574,0.955529,-0.173790,-0.049114,0.233131,0.954456,-0.179495,-0.047705,0.233495,1.000000,
0.954472,-0.179504,-0.047718,0.233421,0.793665,-0.168831,-0.139474,0.567574,0.953743,-0.183337,-0.046780,0.233611,0.954456,-0.179495,-0.047705,0.233495,1.000000,
0.954472,-0.179504,-0.047718,0.233421,0.793665,-0.168831,-0.139474,0.567574,0.955528,-0.173790,-0.049114,0.233131,0.954456,-0.179495,-0.047705,0.233494,1.000000,
0.954472,-0.179504,-0.047718,0.233421,0.793665,-0.168831,-0.139474,0.567574,0.953743,-0.183337,-0.046780,0.233611,0.954456,-0.179495,-0.047705,0.233493,1.000000,
0.954472,-0.179504,-0.047718,0.233421,0.793665,-0.168831,-0.139474,0.567574,0.955528,-0.173790,-0.049114,0.233131,0.954456,-0.179495,-0.047705,0.233492,1.000000,
0.954472,-0.179504,-0.047718,0.233421,0.793665,-0.168831,-0.139474,0.567574,0.953743,-0.183337,-0.046780,0.233611,0.954457,-0.179495,-0.047706,0.233492,1.000000,
0.954472,-0.179504,-0.047718,0.233421,0.793665,-0.168831,-0.139474,0.567574,0.955528,-0.173790,-0.049114,0.233131,0.954457,-0.179495,-0.047706,0.233491,1.000000,
0.954472,-0.179504,-0.047718,0.233421,0.793665,-0.168831,-0.139474,0.567574,0.953743,-0.183337,-0.046780,0.233611,0.954457,-0.179495,-0.047706,0.233490,1.000000,
0.954472,-0.179504,-0.047718,0.233421,0.793665,-0.168831,-0.139474,0.567574,0.955528,-0.173791,-0.049114,0.233131,0.954457,-0.179495,-0.047706,0.233490,1.000000,
0.954472,-0.179504,-0.047718,0.233421,0.793665,-0.168831,-0.139474,0.567574,0.953743,-0.183337,-0.046780,0.233611,0.954457,-0.179495,-0.047706,0.233489,1.000000,
0.954472,-0.179504,-0.047718,0.233421,0.793665,-0.168831,-0.139474,0.567574,0.955528,-0.173791,-0.049114,0.233131,0.954457,-0.179496,-0.047706,0.233488,1.000000,
0.954472,-0.179504,-0.047718,0.233421,0.793665,-0.168831,-0.139474,0.567574,0.953743,-0.183337,-0.046780,0.233611,0.954457,-0.179496,-0.047706,0.233488,1.000000,
0.954472,-0.179504,-0.047718,0.233421,0.793665,-0.168831,-0.139474,0.567574,0.955528,-0.173791,-0.049114,0.233131,0.954458,-0.179496,-0.047706,0.233487,1.000000,
0.954472,-0.179504,-0.047718,0.233421,0.793665,-0.168831,-0.139474,0.567574,0.953743,-0.183337,-0.046780,0.233611,0.954458,-0.179496,-0.047706,0.233486,1.000000,
0.954472,-0.179504,-0.047718,0.233421,0.793665,-0.168831,-0.139474,0.567574,0.955528,-0.173791,-0.049114,0.233131,0.954458,-0.179496,-0.047707,0.233486,1.000000,
0.954472,-0.179504,-0.047718,0.233421,0.793665,-0.168831,-0.139474,0.567574,0.953743,-0.183337,-0.046780,0.233611,0.954458,-0.179496,-0.047707,0.233485,1.000000,
0.954472,-0.179504,-0.047718,0.233421,0.793665,-0.168831,-0.139474,0.567574,0.955528,-0.173791,-0.049114,0.233131,0.954458,-0.179496,-0.047707,0.233484,1.000000,
0.954472,-0.179504,-0.047718,0.233421,0.793665,-0.168831,-0.139474,0.567574,0.953743,-0.183337,-0.046780,0.233611,0.954458,-0.179496,-0.047707,0.233484,1.000000,
0.954472,-0.179504,-0.047718,0.233421,0.793665,-0.168831,-0.139474,0.567574,0.955528,-0.173791,-0.049114,0.233131,0.954458,-0.179496,-0.047707,0.233483,1.000000,
0.954472,-0.179504,-0.047718,0.233421,0.793665,-0.168831,-0.139474,0.567574,0.953743,-0.183338,-0.046780,0.233611,0.954458,-0.179496,-0.047707,0.233483,1.000000,
0.954472,-0.179504,-0.047718,0.233421,0.793665,-0.168831,-0.139474,0.567574,0.955528,-0.173791,-0.049114,0.233131,0.954459,-0.179496,-0.047707,0.233482,1.000000,
0.954472,-0.179504,-0.047718,0.233421,0.793665,-0.168831,-0.139474,0.567574,0.953743,-0.183338,-0.046780,0.233611,0.954459,-0.179496,-0.047707,0.233481,1.000000,
0.954472,-0.179504,-0.047718,0.233421,0.793665,-0.168831,-0.139474,0.567574,0.955528,-0.173791,-0.049114,0.233131,0.954459,-0.179497,-0.047707,0.233481,1.000000,
0.954472,-0.179504,-0.047718,0.233421,0.793665,-0.168831,-0.139474,0.567574,0.953743,-0.183338,-0.046780,0.233611,0.954459,-0.179497,-0.047708,0.233480,1.000000,
0.954472,-0.179504,-0.047718,0.233421,0.793665,-0.168831,-0.139474,0.567574,0.955528,-0.173791,-0.049113,0.233131,0.954459,-0.179497,-0.047708,0.233480,1.000000,
0.954472,-0.179504,-0.047718,0.233421,0.793665,-0.168831,-0.139474,0.567574,0.953743,-0.183338,-0.046780,0.233611,0.954459,-0.179497,-0.047708,0.233479,1.000000,
0.954472,-0.179504,-0.047718,0.233421,0.793665,-0.168831,-0.139474,0.567574,0.955528,-0.173791,-0.049113,0.233131,0.954459,-0.179497,-0.047708,0.233478,1.000000,
0.954472,-0.179504,-0.047718,0.233421,0.793665,-0.168831,-0.139474,0.567574,0.953743,-0.183338,-0.046780,0.233611,0.954459,-0.179497,-0.047708,0.233478,1.000000,
0.954472,-0.179504,-0.047718,0.233421,0.793665,-0.168831,-0.139474,0.567574,0.955528,-0.173791,-0.049113,0.233131,0.954460,-0.179497,-0.047708,0.233477,1.000000,
0.954472,-0.179504,-0.047718,0.233421,0.793665,-0.168831,-0.139474,0.567574,0.953743,-0.183338,-0.046780,0.233611,0.954460,-0.179497,-0.047708,0.233477,1.000000,
0.954472,-0.179504,-0.047718,0.233421,0.793665,-0.168831,-0.139474,0.567574,0.955528,-0.173792,-0.049113,0.233131,0.954460,-0.179497,-0.047708,0.233476,1.000000,
0.954472,-0.179504,-0.047718,0.233421,0.793665,-0.168831,-0.139474,0.567574,0.953743,-0.183338,-0.046780,0.233611,0.954460,-0.179497,-0.047708,0.233476,1.000000,
0.954472,-0.179504,-0.047718,0.233421,0.793665,-0.168831,-0.139474,0.567574,0.955528,-0.173792,-0.049113,0.233131,0.954460,-0.179497,-0.047708,0.233475,1.000000,
0.954472,-0.179504,-0.047718,0.233421,0.793665,-0.168831,-0.139474,0.567574,0.953743,-0.183338,-0.046780,0.233611,0.954460,-0.179497,-0.047709,0.233474,1.000000,
0.954472,-0.179504,-0.047718,0.233421,0.793665,-0.168831,-0.139474,0.567574,0.955528,-0.173792,-0.049113,0.233131,0.954460,-0.179497,-0.047709,0.233474,1.000000,
0.954472,-0.179504,-0.047718,0.233421,0.793665,-0.168831,-0.139474,0.567574,0.953743,-0.183338,-0.046780,0.233611,0.954460,-0.179497,-0.047709,0.233473,1.000000,
0.954472,-0.179504,-0.047718,0.233421,0.793665,-0.168831,-0.139474,0.567574,0.955528,-0.173792,-0.049113,0.233131,0.954461,-0.179498,-0.047709,0.233473,1.000000,
0.954472,-0.179504,-0.047718,0.233421,0.793665,-0.168831,-0.139474,0.567574,0.953743,-0.183338,-0.046780,0.233611,0.954461,-0.179498,-0.047709,0.233472,1.000000,
0.954472,-0.179504,-0.047718,0.233421,0.793665,-0.168831,-0.139474,0.567574,0.955528,-0.173792,-0.049113,0.233131,0.954461,-0.179498,-0.047709,0.233472,1.000000,
0.954472,-0.179504,-0.047718,0.233421,0.793665,-0.168831,-0.139474,0.567574,0.953743,-0.183338,-0.046780,0.233611,0.954461,-0.179498,-0.047709,0.233471,1.000000,
0.954472,-0.179504,-0.047718,0.233421,0.793665,-0.168831,-0.139474,0.567574,0.955528,-0.173792,-0.049113,0.233131,0.954461,-0.179498,-0.047709,0.233471,1.000000,
0.954472,-0.179504,-0.047718,0.233421,0.793665,-0.168831,-0.139474,0.567574,0.953742,-0.183339,-0.046780,0.233611,0.954461,-0.179498,-0.047709,0.233470,1.000000,
0.954472,-0.179504,-0.047718,0.233421,0.793665,-0.168831,-0.139474,0.567574,0.955528,-0.173792,-0.049113,0.233131,0.954461,-0.179498,-0.047709,0.233470,1.000000,
0.954472,-0.179504,-0.047718,0.233421,0.793665,-0.168831,-0.139474,0.567574,0.953742,-0.183339,-0.046780,0.233611,0.954461,-0.179498,-0.047709,0.233469,1.000000,
0.954472,-0.179504,-0.047718,0.233421,0.793665,-0.168831,-0.139474,0.567574,0.955528,-0.173792,-0.049113,0.233131,0.954461,-0.179498,-0.047710,0.233469,1.000000,
0.954472,-0.179504,-0.047718,0.233421,0.793665,-0.168831,-0.139474,0.567574,0.953742,-0.183339,-0.046780,0.233611,0.954461,-0.179498,-0.047710,0.233468,1.000000,
0.954472,-0.179504,-0.047718,0.233421,0.793665,-0.168831,-0.139474,0.567574,0.955528,-0.173792,-0.049113,0.233131,0.954462,-0.179498,-0.047710,0.233468,1.000000,
0.954472,-0.179504,-0.047718,0.233421,0.793665,-0.168831,-0.139474,0.567574,0.953742,-0.183339,-0.046779,0.233611,0.954462,-0.179498,-0.047710,0.233468,1.000000,
0.954472,-0.179504,-0.047718,0.233421,0.793665,-0.168831,-0.139474,0.567574,0.955528,-0.173792,-0.049113,0.233131,0.954462,-0.179498,-0.047710,0.233467,1.000000,
0.954472,-0.179504,-0.047718,0.233421,0.793665,-0.168831,-0.139474,0.567574,0.953742,-0.183339,-0.046779,0.233611,0.954462,-0.179498,-0.047710,0.233467,1.000000,
0.954472,-0.179504,-0.047718,0.233421,0.793665,-0.168831,-0.139474,0.567574,0.955528,-0.173792,-0.049113,0.233131,0.954462,-0.179498,-0.047710,0.233466,1.000000,
0.954472,-0.179504,-0.047718,0.233421,0.793665,-0.168831,-0.139474,0.567574,0.953742,-0.183339,-0.046779,0.233611,0.954462,-0.179499,-0.047710,0.233466,1.000000,
0.954472,-0.179504,-0.047718,0.233421,0.793665,-0.168831,-0.139474,0.567574,0.955528,-0.173793,-0.049113,0.233131,0.954462,-0.179499,-0.047710,0.233465,1.000000,
0.954472,-0.179504,-0.047718,0.233421,0.793665,-0.168831,-0.139474,0.567574,0.953742,-0.183339,-0.046779,0.233611,0.954462,-0.179499,-0.047710,0.233465,1.000000,
0.954472,-0.179504,-0.047718,0.233421,0.793665,-0.168831,-0.139474,0.567574,0.955528,-0.173793,-0.049113,0.233131,0.954462,-0.179499,-0.047710,0.233464,1.000000,
0.954472,-0.179504,-0.047718,0.233421,0.793665,-0.168831,-0.139474,0.567574,0.953742,-0.183339,-0.046779,0.233611,0.954462,-0.179499,-0.047710,0.233464,1.000000,
0.954472,-0.179504,-0.047718,0.233421,0.793665,-0.168831,-0.139474,0.567574,0.955528,-0.173793,-0.049113,0.233131,0.954463,-0.179499,-0.047710,0.233464,1.000000,
0.954472,-0.179504,-0.047718,0.233421,0.793665,-0.168831,-0.139474,0.567574,0.953742,-0.183339,-0.046779,0.233611,0.954463,-0.179499,-0.047711,0.233463,1.000000,
0.954472,-0.179504,-0.047718,0.233421,0.793665,-0.168831,-0.139474,0.567574,0.955528,-0.173793,-0.049113,0.233131,0.954463,-0.179499,-0.047711,0.233463,1.000000,
0.954472,-0.179504,-0.047718,0.233421,0.793665,-0.168831,-0.139474,0.567574,0.953742,-0.183339,-0.046779,0.233611,0.954463,-0.179499,-0.047711,0.233462,1.000000,
0.954472,-0.179504,-0.047718,0.233421,0.793665,-0.168831,-0.139474,0.567574,0.955528,-0.173793,-0.049113,0.233131,0.954463,-0.179499,-0.047711,0.233462,1.000000,
0.954472,-0.179504,-0.047718,0.233421,0.793665,-0.168831,-0.139474,0.567574,0.953742,-0.183339,-0.046779,0.233611,0.954463,-0.179499,-0.047711,0.233461,1.000000,
0.954472,-0.179504,-0.047718,0.233421,0.793665,-0.168831,-0.139474,0.567574,0.955528,-0.173793,-0.049113,0.233131,0.954463,-0.179499,-0.047711,0.233461,1.000000,
0.954472,-0.179504,-0.047718,0.233421,0.793665,-0.168831,-0.139474,0.567574,0.953742,-0.183340,-0.046779,0.233611,0.954463,-0.179499,-0.047711,0.233461,1.000000,
0.954472,-0.179504,-0.047718,0.233421,0.793665,-0.168831,-0.139474,0.567574,0.955528,-0.173793,-0.049113,0.233131,0.954463,-0.179499,-0.047711,0.233460,1.000000,
0.954472,-0.179504,-0.047718,0.233421,0.793665,-0.168831,-0.139474,0.567574,0.953742,-0.183340,-0.046779,0.233611,0.954463,-0.179499,-0.047711,0.233460,1.000000,
0.954472,-0.179504,-0.047718,0.233421,0.793665,-0.168831,-0.139474,0.567574,0.955528,-0.173793,-0.049113,0.233131,0.954463,-0.179499,-0.047711,0.233459,1.000000,
0.954472,-0.179504,-0.047718,0.233421,0.793665,-0.168831,-0.139474,0.567574,0.953742,-0.183340,-0.046779,0.233611,0.954463,-0.179499,-0.047711,0.233459,1.000000,
0.954472,-0.179504,-0.047718,0.233421,0.793665,-0.168831,-0.139474,0.567574,0.955528,-0.173793,-0.049113,0.233131,0.954464,-0.179499,-0.047711,0.233459,1.000000,
0.954472,-0.179504,-0.047718,0.233421,0.793665,-0.168831,-0.139474,0.567574,0.953742,-0.183340,-0.046779,0.233611,0.954464,-0.179500,-0.047711,0.233458,1.000000,
0.954472,-0.179504,-0.047718,0.233421,0.793665,-0.168831,-0.139474,0.567574,0.955528,-0.173793,-0.049113,0.233131,0.954464,-0.179500,-0.047711,0.233458,1.000000,
0.954472,-0.179504,-0.047718,0.233421,0.793665,-0.168831,-0.139474,0.567574,0.953742,-0.183340,-0.046779,0.233611,0.954464,-0.179500,-0.047711,0.233458,1.000000,
0.954472,-0.179504,-0.047718,0.233421,0.793665,-0.168831,-0.139474,0.567574,0.955528,-0.173794,-0.049113,0.233131,0.954464,-0.179500,-0.047712,0.233457,1.000000,
0.954472,-0.179504,-0.047718,0.233421,0.793665,-0.168831,-0.139474,0.567574,0.953742,-0.183340,-0.046779,0.233611,0.954464,-0.179500,-0.047712,0.233457,1.000000,
0.954472,-0.179504,-0.047718,0.233421,0.793665,-0.168831,-0.139474,0.567574,0.955528,-0.173794,-0.049113,0.233131,0.954464,-0.179500,-0.047712,0.233456,1.000000,
0.954472,-0.179504,-0.047718,0.233421,0.793665,-0.168831,-0.139474,0.567574,0.953742,-0.183340,-0.046779,0.233611,0.954464,-0.179500,-0.047712,0.233456,1.000000,
0.954472,-0.179504,-0.047718,0.233421,0.793665,-0.168831,-0.139474,0.567574,0.955528,-0.173794,-0.049113,0.233131,0.954464,-0.179500,-0.047712,0.233456,1.000000,
0.954472,-0.179504,-0.047718,0.233421,0.793665,-0.168831,-0.139474,0.567574,0.953742,-0.183340,-0.046779,0.233611,0.954464,-0.179500,-0.047712,0.233455,1.000000,
0.954472,-0.179504,-0.047718,0.233421,0.793665,-0.168831,-0.139474,0.567574,0.955528,-0.173794,-0.049113,0.233131,0.954464,-0.179500,-0.047712,0.233455,1.000000,
0.954472,-0.179504,-0.047718,0.233421,0.793665,-0.168831,-0.139474,0.567574,0.953742,-0.183340,-0.046779,0.233611,0.954464,-0.179500,-0.047712,0.233455,1.000000,
0.954472,-0.179504,-0.047718,0.233421,0.793665,-0.168831,-0.139474,0.567574,0.955528,-0.173794,-0.049113,0.233131,0.954464,-0.179500,-0.047712,0.233454,1.000000,
0.954472,-0.179504,-0.047718,0.233421,0.793665,-0.168831,-0.139474,0.567574,0.953742,-0.183340,-0.046779,0.233611,0.954464,-0.179500,-0.047712,0.233454,1.000000,
0.954472,-0.179504,-0.047718,0.233421,0.793665,-0.168831,-0.139474,0.567574,0.955528,-0.173794,-0.049113,0.233131,0.954465,-0.179500,-0.047712,0.233454,1.000000,
0.954472,-0.179504,-0.047718,0.233421,0.793665,-0.168831,-0.139474,0.567574,0.953742,-0.183340,-0.046779,0.233611,0.954465,-0.179500,-0.047712,0.233453,1.000000,
0.954472,-0.179504,-0.047718,0.233421,0.793665,-0.168831,-0.139474,0.567574,0.955528,-0.173794,-0.049113,0.233131,0.954465,-0.179500,-0.047712,0.233453,1.000000,
0.954472,-0.179504,-0.047718,0.233421,0.793665,-0.168831,-0.139474,0.567574,0.953742,-0.183341,-0.046779,0.233611,0.954465,-0.179500,-0.047712,0.233453,1.000000,
0.954472,-0.179504,-0.047718,0.233421,0.793665,-0.168831,-0.139474,0.567574,0.955528,-0.173794,-0.049113,0.233131,0.954465,-0.179500,-0.047712,0.233452,1.000000,
0.954472,-0.179504,-0.047718,0.233421,0.793665,-0.168831,-0.139474,0.567574,0.953742,-0.183341,-0.046779,0.233611,0.954465,-0.179500,-0.047712,0.233452,1.000000,
0.954472,-0.179504,-0.047718,0.233421,0.793665,-0.168831,-0.139474,0.567574,0.955528,-0.173794,-0.049113,0.233131,0.954465,-0.179500,-0.047712,0.233452,1.000000,
0.954472,-0.179504,-0.047718,0.233421,0.793665,-0.168831,-0.139474,0.567574,0.953742,-0.183341,-0.046779,0.233611,0.954465,-0.179500,-0.047713,0.233452,1.000000,
0.954472,-0.179504,-0.047718,0.233421,0.793665,-0.168831,-0.139474,0.567574,0.955528,-0.173794,-0.049113,0.233131,0.954465,-0.179500,-0.047713,0.233451,1.000000,
0.954472,-0.179504,-0.047718,0.233421,0.793665,-0.168831,-0.139474,0.567574,0.953742,-0.183341,-0.046779,0.233611,0.954465,-0.179500,-0.047713,0.233451,1.000000,
0.954472,-0.179504,-0.047718,0.233421,0.793665,-0.168831,-0.139474,0.567574,0.955528,-0.173794,-0.049113,0.233131,0.954465,-0.179501,-0.047713,0.233451,1.000000,
0.954472,-0.179504,-0.047718,0.233421,0.793665,-0.168831,-0.139474,0.567574,0.953742,-0.183341,-0.046779,0.233611,0.954465,-0.179501,-0.047713,0.233450,1.000000,
0.954472,-0.179504,-0.047718,0.233421,0.793665,-0.168831,-0.139474,0.567574,0.955528,-0.173795,-0.049113,0.233131,0.954465,-0.179501,-0.047713,0.233450,1.000000,
0.954472,-0.179504,-0.047718,0.233421,0.793665,-0.168831,-0.139474,0.567574,0.953742,-0.183341,-0.046779,0.233611,0.954465,-0.179501,-0.047713,0.233450,1.000000,
0.954472,-0.179504,-0.047718,0.233421,0.793665,-0.168831,-0.139474,0.567574,0.955528,-0.173795,-0.049113,0.233131,0.954465,-0.179501,-0.047713,0.233449,1.000000,
0.954472,-0.179504,-0.047718,0.233421,0.793665,-0.168831,-0.139474,0.567574,0.953742,-0.183341,-0.046779,0.233611,0.954466,-0.179501,-0.047713,0.233449,1.000000,
0.954472,-0.179504,-0.047718,0.233421,0.793665,-0.168831,-0.139474,0.567574,0.955528,-0.173795,-0.049113,0.233131,0.954466,-0.179501,-0.047713,0.233449,1.000000,
0.954472,-0.179504,-0.047718,0.233421,0.793665,-0.168831,-0.139474,0.567574,0.953742,-0.183341,-0.046779,0.233611,0.954466,-0.179501,-0.047713,0.233449,1.000000,
0.954472,-0.179504,-0.047718,0.233421,0.793665,-0.168831,-0.139474,0.567574,0.955528,-0.173795,-0.049113,0.233131,0.954466,-0.179501,-0.047713,0.233448,1.000000,
0.954472,-0.179504,-0.047718,0.233421,0.793665,-0.168831,-0.139474,0.567574,0.953742,-0.183341,-0.046779,0.233611,0.954466,-0.179501,-0.047713,0.233448,1.000000,
0.954472,-0.179504,-0.047718,0.233421,0.793665,-0.168831,-0.139474,0.567574,0.955528,-0.173795,-0.049113,0.233131,0.954466,-0.179501,-0.047713,0.233448,1.000000,
0.954472,-0.179504,-0.047718,0.233421,0.793665,-0.168831,-0.139474,0.567574,0.953742,-0.183341,-0.046779,0.233611,0.954466,-0.179501,-0.047713,0.233448,1.000000,
0.954472,-0.179504,-0.047718,0.233421,0.793665,-0.168831,-0.139474,0.567574,0.955528,-0.173795,-0.049113,0.233131,0.954466,-0.179501,-0.047713,0.233447,1.000000,
0.954472,-0.179504,-0.047718,0.233421,0.793665,-0.168831,-0.139474,0.567574,0.953742,-0.183342,-0.046779,0.233611,0.954466,-0.179501,-0.047713,0.233447,1.000000,
0.954472,-0.179504,-0.047718,0.233421,0.793665,-0.168831,-0.139474,0.567574,0.955528,-0.173795,-0.049113,0.233131,0.954466,-0.179501,-0.047713,0.233447,1.000000,
0.954472,-0.179504,-0.047718,0.233421,0.793665,-0.168831,-0.139474,0.567574,0.953742,-0.183342,-0.046779,0.233611,0.954466,-0.179501,-0.047713,0.233446,1.000000,
0.954472,-0.179504,-0.047718,0.233421,0.793665,-0.168831,-0.139474,0.567574,0.955528,-0.173795,-0.049113,0.233131,0.954466,-0.179501,-0.047713,0.233446,1.000000,
0.954472,-0.179504,-0.047718,0.233421,0.793665,-0.168831,-0.139474,0.567574,0.953742,-0.183342,-0.046779,0.233611,0.954466,-0.179501,-0.047714,0.233446,1.000000,
0.954472,-0.179504,-0.047718,0.233421,0.793665,-0.168831,-0.139474,0.567574,0.955528,-0.173795,-0.049113,0.233131,0.954466,-0.179501,-0.047714,0.233446,1.000000,
0.954472,-0.179504,-0.047718,0.233421,0.793665,-0.168831,-0.139474,0.567574,0.953742,-0.183342,-0.046779,0.233611,0.954466,-0.179501,-0.047714,0.233445,1.000000,
0.954472,-0.179504,-0.047718,0.233421,0.793665,-0.168831,-0.139474,0.567574,0.955528,-0.173795,-0.049112,0.233131,0.954466,-0.179501,-0.047714,0.233445,1.000000,
0.954472,-0.179504,-0.047718,0.233421,0.793665,-0.168831,-0.139474,0.567574,0.953742,-0.183342,-0.046779,0.233611,0.954466,-0.179501,-0.047714,0.233445,1.000000,
0.954472,-0.179504,-0.047718,0.233421,0.793665,-0.168831,-0.139474,0.567574,0.955528,-0.173795,-0.049112,0.233131,0.954466,-0.179501,-0.047714,0.233445,1.000000,
0.954472,-0.179504,-0.047718,0.233421,0.793665,-0.168831,-0.139474,0.567574,0.953742,-0.183342,-0.046779,0.233611,0.954467,-0.179501,-0.047714,0.233445,1.000000,
0.954472,-0.179504,-0.047718,0.233421,0.793665,-0.168831,-0.139474,0.567574,0.955528,-0.173796,-0.049112,0.233131,0.954467,-0.179501,-0.047714,0.233444,1.000000,
0.954472,-0.179504,-0.047718,0.233421,0.793665,-0.168831,-0.139474,0.567574,0.953742,-0.183342,-0.046779,0.233611,0.954467,-0.179501,-0.047714,0.233444,1.000000,
0.954472,-0.179504,-0.047718,0.233421,0.793665,-0.168831,-0.139474,0.567574,0.955528,-0.173796,-0.049112,0.233131,0.954467,-0.179501,-0.047714,0.233444,1.000000,
0.954472,-0.179504,-0.047718,0.233421,0.793665,-0.168831,-0.139474,0.567574,0.953742,-0.183342,-0.046779,0.233611,0.954467,-0.179501,-0.047714,0.233444,1.000000,
0.954472,-0.179504,-0.047718,0.233421,0.793665,-0.168831,-0.139474,0.567574,0.955527,-0.173796,-0.049112,0.233131,0.954467,-0.179501,-0.047714,0.233443,1.000000,
0.954472,-0.179504,-0.047718,0.233421,0.793665,-0.168831,-0.139474,0.567574,0.953742,-0.183342,-0.046779,0.233611,0.954467,-0.179502,-0.047714,0.233443,1.000000,
0.954472,-0.179504,-0.047718,0.233421,0.793665,-0.168831,-0.139474,0.567574,0.955527,-0.173796,-0.049112,0.233131,0.954467,-0.179502,-0.047714,0.233443,1.000000,
0.954472,-0.179504,-0.047718,0.233421,0.793665,-0.168831,-0.139474,0.567574,0.953742,-0.183342,-0.046779,0.233611,0.954467,-0.179502,-0.047714,0.233443,1.000000,
0.954472,-0.179504,-0.047718,0.233421,0.793665,-0.168831,-0.139474,0.567574,0.955527,-0.173796,-0.049112,0.233131,0.954467,-0.179502,-0.047714,0.233442,1.000000,
0.954472,-0.179504,-0.047718,0.233421,0.793665,-0.168831,-0.139474,0.567574,0.953742,-0.183342,-0.046779,0.233611,0.954467,-0.179502,-0.047714,0.233442,1.000000,
0.954472,-0.179504,-0.047718,0.233421,0.793665,-0.168831,-0.139474,0.567574,0.955527,-0.173796,-0.049112,0.233131,0.954467,-0.179502,-0.047714,0.233442,1.000000,
0.954472,-0.179504,-0.047718,0.233421,0.793665,-0.168831,-0.139474,0.567574,0.953742,-0.183343,-0.046779,0.233611,0.954467,-0.179502,-0.047714,0.233442,1.000000,
0.954472,-0.179504,-0.047718,0.233421,0.793665,-0.168831,-0.139474,0.567574,0.955527,-0.173796,-0.049112,0.233131,0.954467,-0.179502,-0.047714,0.233442,1.000000,
0.954472,-0.179504,-0.047718,0.233421,0.793665,-0.168831,-0.139474,0.567574,0.953742,-0.183343,-0.046779,0.233611,0.954467,-0.179502,-0.047714,0.233441,1.000000,
0.954472,-0.179504,-0.047718,0.233421,0.793665,-0.168831,-0.139474,0.567574,0.955527,-0.173796,-0.049112,0.233131,0.954467,-0.179502,-0.047714,0.233441,1.000000,
0.954472,-0.179504,-0.047718,0.233421,0.793665,-0.168831,-0.139474,0.567574,0.953742,-0.183343,-0.046779,0.233611,0.954467,-0.179502,-0.047714,0.233441,1.000000,
0.954472,-0.179504,-0.047718,0.233421,0.793665,-0.168831,-0.139474,0.567574,0.955527,-0.173796,-0.049112,0.233131,0.954467,-0.179502,-0.047714,0.233441,1.000000,
0.954472,-0.179504,-0.047718,0.233421,0.793665,-0.168831,-0.139474,0.567574,0.953742,-0.183343,-0.046779,0.233611,0.954467,-0.179502,-0.047714,0.233441,1.000000,
0.954472,-0.179504,-0.047718,0.233421,0.793665,-0.168831,-0.139474,0.567574,0.955527,-0.173796,-0.049112,0.233131,0.954467,-0.179502,-0.047714,0.233440,1.000000,
0.954472,-0.179504,-0.047718,0.233421,0.793664,-0.168831,-0.139474,0.567574,0.953742,-0.183343,-0.046778,0.233611,0.954467,-0.179502,-0.047715,0.233440,1.000000,
0.954472,-0.179504,-0.047718,0.233421,0.793664,-0.168831,-0.139474,0.567574,0.955527,-0.173797,-0.049112,0.233131,0.954467,-0.179502,-0.047715,0.233440,1.000000,
0.954472,-0.179504,-0.047718,0.233421,0.793664,-0.168831,-0.139474,0.567574,0.953742,-0.183343,-0.046778,0.233611,0.954467,-0.179502,-0.047715,0.233440,1.000000,
0.954472,-0.179504,-0.047718,0.233421,0.793664,-0.168831,-0.139474,0.567574,0.955527,-0.173797,-0.049112,0.233131,0.954468,-0.179502,-0.047715,0.233440,1.000000,
0.954472,-0.179504,-0.047718,0.233421,0.793664,-0.168831,-0.139474,0.567574,0.953742,-0.183343,-0.046778,0.233611,0.954468,-0.179502,-0.047715,0.233439,1.000000,
0.954472,-0.179504,-0.047718,0.233421,0.793664,-0.168831,-0.139474,0.567574,0.955527,-0.173797,-0.049112,0.233131,0.954468,-0.179502,-0.047715,0.233439,1.000000,
0.954472,-0.179504,-0.047718,0.233421,0.793664,-0.168831,-0.139474,0.567574,0.953742,-0.183343,-0.046778,0.233611,0.954468,-0.179502,-0.047715,0.233439,1.000000,
0.954472,-0.179504,-0.047718,0.233421,0.793664,-0.168831,-0.139474,0.567574,0.955527,-0.173797,-0.049112,0.233131,0.954468,-0.179502,-0.047715,0.233439,1.000000,
0.954472,-0.179504,-0.047718,0.233421,0.793664,-0.168831,-0.139474,0.567574,0.953742,-0.183343,-0.046778,0.233611,0.954468,-0.179502,-0.047715,0.233439,1.000000,
0.954472,-0.179504,-0.047718,0.233421,0.793664,-0.168831,-0.139474,0.567574,0.955527,-0.173797,-0.049112,0.233131,0.954468,-0.179502,-0.047715,0.233439,1.000000,
0.954472,-0.179504,-0.047718,0.233421,0.793664,-0.168831,-0.139474,0.567574,0.953742,-0.183343,-0.046778,0.233611,0.954468,-0.179502,-0.047715,0.233438,1.000000,
0.954472,-0.179504,-0.047718,0.233421,0.793664,-0.168831,-0.139474,0.567574,0.955527,-0.173797,-0.049112,0.233131,0.954468,-0.179502,-0.047715,0.233438,1.000000,
0.954472,-0.179504,-0.047718,0.233421,0.793664,-0.168831,-0.139474,0.567574,0.953742,-0.183343,-0.046778,0.233611,0.954468,-0.179502,-0.047715,0.233438,1.000000,
0.954472,-0.179504,-0.047718,0.233421,0.793664,-0.168831,-0.139474,0.567574,0.955527,-0.173797,-0.049112,0.233131,0.954468,-0.179502,-0.047715,0.233438,1.000000,
0.954472,-0.179504,-0.047718,0.233421,0.793664,-0.168831,-0.139474,0.567574,0.953742,-0.183344,-0.046778,0.233611,0.954468,-0.179502,-0.047715,0.233438,1.000000,
0.954472,-0.179504,-0.047718,0.233421,0.793664,-0.168831,-0.139474,0.567574,0.955527,-0.173797,-0.049112,0.233131,0.954468,-0.179502,-0.047715,0.233438,1.000000,
0.954472,-0.179504,-0.047718,0.233421,0.793664,-0.168831,-0.139474,0.567574,0.953741,-0.183344,-0.046778,0.233611,0.954468,-0.179502,-0.047715,0.233437,1.000000,
0.954472,-0.179504,-0.047718,0.233421,0.793664,-0.168831,-0.139474,0.567574,0.955527,-0.173797,-0.049112,0.233131,0.954468,-0.179502,-0.047715,0.233437,1.000000,
0.954472,-0.179504,-0.047718,0.233421,0.793664,-0.168831,-0.139474,0.567574,0.953741,-0.183344,-0.046778,0.233611,0.954468,-0.179502,-0.047715,0.233437,1.000000,
0.954472,-0.179504,-0.047718,0.233421,0.793664,-0.168831,-0.139474,0.567574,0.955527,-0.173797,-0.049112,0.233131,0.954468,-0.179502,-0.047715,0.233437,1.000000,
0.954472,-0.179504,-0.047718,0.233421,0.793664,-0.168831,-0.139474,0.567574,0.953741,-0.183344,-0.046778,0.233611,0.954468,-0.179502,-0.047715,0.233437,1.000000,
0.954472,-0.179504,-0.047718,0.233421,0.793664,-0.168831,-0.139474,0.567574,0.955527,-0.173797,-0.049112,0.233131,0.954468,-0.179502,-0.047715,0.233437,1.000000,
0.954472,-0.179504,-0.047718,0.233421,0.793664,-0.168831,-0.139474,0.567574,0.953741,-0.183344,-0.046778,0.233611,0.954468,-0.179502,-0.047715,0.233436,1.000000,
0.954472,-0.179504,-0.047718,0.233421,0.793664,-0.168831,-0.139474,0.567574,0.955527,-0.173798,-0.049112,0.233131,0.954468,-0.179502,-0.047715,0.233436,1.000000,
0.954472,-0.179504,-0.047718,0.233421,0.793664,-0.168831,-0.139474,0.567574,0.953741,-0.183344,-0.046778,0.233611,0.954468,-0.179502,-0.047715,0.233436,1.000000,
0.954472,-0.179504,-0.047718,0.233421,0.793664,-0.168831,-0.139474,0.567574,0.955527,-0.173798,-0.049112,0.233131,0.954468,-0.179502,-0.047715,0.233436,1.000000,
0.954472,-0.179504,-0.047718,0.233421,0.793664,-0.168831,-0.139474,0.567574,0.953741,-0.183344,-0.046778,0.233611,0.954468,-0.179502,-0.047715,0.233436,1.000000,
0.954472,-0.179504,-0.047718,0.233421,0.793664,-0.168831,-0.139474,0.567574,0.955527,-0.173798,-0.049112,0.233131,0.954468,-0.179503,-0.047715,0.233436,1.000000,
0.954472,-0.179504,-0.047718,0.233421,0.793664,-0.168831,-0.139474,0.567574,0.953741,-0.183344,-0.046778,0.233611,0.954468,-0.179503,-0.047715,0.233436,1.000000,
0.954472,-0.179504,-0.047718,0.233421,0.793664,-0.168831,-0.139474,0.567574,0.955527,-0.173798,-0.049112,0.233131,0.954468,-0.179503,-0.047715,0.233435,1.000000,
0.954472,-0.179504,-0.047718,0.233421,0.793664,-0.168831,-0.139474,0.567574,0.953741,-0.183344,-0.046778,0.233611,0.954468,-0.179503,-0.047715,0.233435,1.000000,
0.954472,-0.179504,-0.047718,0.233421,0.793664,-0.168831,-0.139474,0.567574,0.955527,-0.173798,-0.049112,0.233131,0.954469,-0.179503,-0.047715,0.233435,1.000000,
0.954472,-0.179504,-0.047718,0.233421,0.793664,-0.168831,-0.139474,0.567574,0.953741,-0.183344,-0.046778,0.233611,0.954469,-0.179503,-0.047715,0.233435,1.000000,
0.954472,-0.179504,-0.047718,0.233421,0.793664,-0.168831,-0.139474,0.567574,0.955527,-0.173798,-0.049112,0.233131,0.954469,-0.179503,-0.047715,0.233435,1.000000,
0.954472,-0.179504,-0.047718,0.233421,0.793664,-0.168831,-0.139474,0.567574,0.953741,-0.183345,-0.046778,0.233611,0.954469,-0.179503,-0.047716,0.233435,1.000000,
0.954472,-0.179504,-0.047718,0.233421,0.793664,-0.168831,-0.139474,0.567574,0.955527,-0.173798,-0.049112,0.233131,0.954469,-0.179503,-0.047716,0.233435,1.000000,
0.954472,-0.179504,-0.047718,0.233421,0.793664,-0.168831,-0.139474,0.567574,0.953741,-0.183345,-0.046778,0.233611,0.954469,-0.179503,-0.047716,0.233434,1.000000,
0.954472,-0.179504,-0.047718,0.233421,0.793664,-0.168831,-0.139474,0.567574,0.955527,-0.173798,-0.049112,0.233131,0.954469,-0.179503,-0.047716,0.233434,1.000000,
0.954472,-0.179504,-0.047718,0.233421,0.793664,-0.168831,-0.139474,0.567574,0.953741,-0.183345,-0.046778,0.233611,0.954469,-0.179503,-0.047716,0.233434,1.000000,
0.954472,-0.179504,-0.047718,0.233421,0.793664,-0.168831,-0.139474,0.567574,0.955527,-0.173798,-0.049112,0.233131,0.954469,-0.179503,-0.047716,0.233434,1.000000,
0.954472,-0.179504,-0.047718,0.233421,0.793664,-0.168831,-0.139474,0.567574,0.953741,-0.183345,-0.046778,0.233611,0.954469,-0.179503,-0.047716,0.233434,1.000000,
0.954472,-0.179504,-0.047718,0.233421,0.793664,-0.168831,-0.139474,0.567574,0.955527,-0.173798,-0.049112,0.233131,0.954469,-0.179503,-0.047716,0.233434,1.000000,
0.954472,-0.179504,-0.047718,0.233421,0.793664,-0.168831,-0.139474,0.567574,0.953741,-0.183345,-0.046778,0.233611,0.954469,-0.179503,-0.047716,0.233434,1.000000,
0.954472,-0.179504,-0.047718,0.233421,0.793664,-0.168831,-0.139474,0.567574,0.955527,-0.173798,-0.049112,0.233131,0.954469,-0.179503,-0.047716,0.233433,1.000000,
0.954472,-0.179504,-0.047718,0.233421,0.793664,-0.168831,-0.139474,0.567574,0.953741,-0.183345,-0.046778,0.233611,0.954469,-0.179503,-0.047716,0.233433,1.000000,
0.954472,-0.179504,-0.047718,0.233421,0.793664,-0.168831,-0.139474,0.567574,0.955527,-0.173799,-0.049112,0.233132,0.954469,-0.179503,-0.047716,0.233433,1.000000,
0.954472,-0.179504,-0.047718,0.233421,0.793664,-0.168831,-0.139474,0.567574,0.953741,-0.183345,-0.046778,0.233611,0.954469,-0.179503,-0.047716,0.233433,1.000000,
0.954472,-0.179504,-0.047718,0.233421,0.793664,-0.168831,-0.139474,0.567574,0.955527,-0.173799,-0.049112,0.233132,0.954469,-0.179503,-0.047716,0.233433,1.000000,
0.954472,-0.179504,-0.047718,0.233421,0.793664,-0.168831,-0.139474,0.567574,0.953741,-0.183345,-0.046778,0.233611,0.954469,-0.179503,-0.047716,0.233433,1.000000,
0.954472,-0.179504,-0.047718,0.233421,0.793664,-0.168831,-0.139474,0.567574,0.955527,-0.173799,-0.049112,0.233132,0.954469,-0.179503,-0.047716,0.233433,1.000000,
0.954472,-0.179504,-0.047718,0.233421,0.793664,-0.168831,-0.139474,0.567574,0.953741,-0.183345,-0.046778,0.233611,0.954469,-0.179503,-0.047716,0.233433,1.000000,
0.954472,-0.179504,-0.047718,0.233421,0.793664,-0.168831,-0.139474,0.567574,0.955527,-0.173799,-0.049112,0.233132,0.954469,-0.179503,-0.047716,0.233432,1.000000,
0.954472,-0.179504,-0.047718,0.233421,0.793664,-0.168831,-0.139474,0.567574,0.953741,-0.183345,-0.046778,0.233611,0.954469,-0.179503,-0.047716,0.233432,1.000000,
0.954472,-0.179504,-0.047718,0.233421,0.793664,-0.168831,-0.139474,0.567574,0.955527,-0.173799,-0.049112,0.233132,0.954469,-0.179503,-0.047716,0.233432,1.000000,
0.954472,-0.179504,-0.047718,0.233421,0.793664,-0.168831,-0.139474,0.567574,0.953741,-0.183345,-0.046778,0.233611,0.954469,-0.179503,-0.047716,0.233432,1.000000,
0.954472,-0.179504,-0.047718,0.233421,0.793664,-0.168831,-0.139474,0.567574,0.955527,-0.173799,-0.049112,0.233132,0.954469,-0.179503,-0.047716,0.233432,1.000000,
0.954472,-0.179504,-0.047718,0.233421,0.793664,-0.168831,-0.139474,0.567574,0.953741,-0.183346,-0.046778,0.233611,0.954469,-0.179503,-0.047716,0.233432,1.000000,
0.954472,-0.179504,-0.047718,0.233421,0.793664,-0.168831,-0.139474,0.567574,0.955527,-0.173799,-0.049112,0.233132,0.954469,-0.179503,-0.047716,0.233432,1.000000,
0.954472,-0.179504,-0.047718,0.233421,0.793664,-0.168831,-0.139474,0.567574,0.953741,-0.183346,-0.046778,0.233611,0.954469,-0.179503,-0.047716,0.233432,1.000000,
0.954472,-0.179504,-0.047718,0.233421,0.793664,-0.168831,-0.139474,0.567574,0.955527,-0.173799,-0.049112,0.233132,0.954469,-0.179503,-0.047716,0.233432,1.000000,
0.954472,-0.179504,-0.047718,0.233421,0.793664,-0.168831,-0.139474,0.567574,0.953741,-0.183346,-0.046778,0.233611,0.954469,-0.179503,-0.047716,0.233431,1.000000,
0.954472,-0.179504,-0.047718,0.233421,0.793664,-0.168831,-0.139474,0.567574,0.955527,-0.173799,-0.049112,0.233132,0.954469,-0.179503,-0.047716,0.233431,1.000000,
0.954472,-0.179504,-0.047718,0.233421,0.793664,-0.168831,-0.139474,0.567574,0.953741,-0.183346,-0.046778,0.233611,0.954469,-0.179503,-0.047716,0.233431,1.000000,
0.954472,-0.179504,-0.047718,0.233421,0.793664,-0.168831,-0.139474,0.567574,0.955527,-0.173799,-0.049112,0.233132,0.954469,-0.179503,-0.047716,0.233431,1.000000,
0.954472,-0.179504,-0.047718,0.233421,0.793664,-0.168831,-0.139474,0.567574,0.953741,-0.183346,-0.046778,0.233611,0.954469,-0.179503,-0.047716,0.233431,1.000000,
0.954472,-0.179504,-0.047718,0.233421,0.793664,-0.168831,-0.139474,0.567574,0.955527,-0.173799,-0.049111,0.233132,0.954469,-0.179503,-0.047716,0.233431,1.000000,
0.954472,-0.179504,-0.047718,0.233421,0.793664,-0.168831,-0.139474,0.567574,0.953741,-0.183346,-0.046778,0.233611,0.954469,-0.179503,-0.047716,0.233431,1.000000,
0.954472,-0.179504,-0.047718,0.233421,0.793664,-0.168831,-0.139474,0.567574,0.955527,-0.173800,-0.049111,0.233132,0.954469,-0.179503,-0.047716,0.233431,1.000000,
0.954472,-0.179504,-0.047718,0.233421,0.793664,-0.168831,-0.139474,0.567574,0.953741,-0.183346,-0.046778,0.233611,0.954469,-0.179503,-0.047716,0.233431,1.000000,
0.954472,-0.179504,-0.047718,0.233421,0.793664,-0.168831,-0.139474,0.567574,0.955527,-0.173800,-0.049111,0.233132,0.954469,-0.179503,-0.047716,0.233431,1.000000,
0.954472,-0.179504,-0.047718,0.233421,0.793664,-0.168831,-0.139474,0.567574,0.953741,-0.183346,-0.046778,0.233611,0.954469,-0.179503,-0.047716,0.233430,1.000000,
0.954472,-0.179504,-0.047718,0.233421,0.793664,-0.168831,-0.139474,0.567574,0.955527,-0.173800,-0.049111,0.233132,0.954469,-0.179503,-0.047716,0.233430,1.000000,
0.954472,-0.179504,-0.047718,0.233421,0.793664,-0.168831,-0.139474,0.567574,0.953741,-0.183346,-0.046778,0.233611,0.954470,-0.179503,-0.047716,0.233430,1.000000,
0.954472,-0.179504,-0.047718,0.233421,0.793664,-0.168831,-0.139474,0.567574,0.955527,-0.173800,-0.049111,0.233132,0.954470,-0.179503,-0.047716,0.233430,1.000000,
0.954472,-0.179504,-0.047718,0.233421,0.793664,-0.168831,-0.139474,0.567574,0.953741,-0.183346,-0.046778,0.233611,0.954470,-0.179503,-0.047716,0.233430,1.000000,
0.954472,-0.179504,-0.047718,0.233421,0.793664,-0.168831,-0.139474,0.567574,0.955527,-0.173800,-0.049111,0.233132,0.954470,-0.179503,-0.047716,0.233430,1.000000,
0.954472,-0.179504,-0.047718,0.233421,0.793664,-0.168831,-0.139474,0.567574,0.953741,-0.183346,-0.046778,0.233611,0.954470,-0.179503,-0.047716,0.233430,1.000000,
0.954472,-0.179504,-0.047718,0.233421,0.793664,-0.168831,-0.139474,0.567574,0.955527,-0.173800,-0.049111,0.233132,0.954470,-0.179503,-0.047716,0.233430,1.000000,
0.954472,-0.179504,-0.047718,0.233421,0.793664,-0.168831,-0.139474,0.567574,0.953741,-0.183347,-0.046778,0.233611,0.954470,-0.179503,-0.047716,0.233430,1.000000,
0.954472,-0.179504,-0.047718,0.233421,0.793664,-0.168831,-0.139474,0.567574,0.955527,-0.173800,-0.049111,0.233132,0.954470,-0.179503,-0.047716,0.233430,1.000000,
0.954472,-0.179504,-0.047718,0.233421,0.793664,-0.168831,-0.139474,0.567574,0.953741,-0.183347,-0.046778,0.233611,0.954470,-0.179503,-0.047716,0.233430,1.000000,
0.954472,-0.179504,-0.047718,0.233421,0.793664,-0.168831,-0.139474,0.567574,0.955527,-0.173800,-0.049111,0.233132,0.954470,-0.179503,-0.047716,0.233429,1.000000,
0.954472,-0.179504,-0.047718,0.233421,0.793664,-0.168831,-0.139474,0.567574,0.953741,-0.183347,-0.046778,0.233611,0.954470,-0.179503,-0.047716,0.233429,1.000000,
0.954472,-0.179504,-0.047718,0.233421,0.793664,-0.168831,-0.139474,0.567574,0.955527,-0.173800,-0.049111,0.233132,0.954470,-0.179503,-0.047716,0.233429,1.000000,
0.954472,-0.179504,-0.047718,0.233421,0.793664,-0.168831,-0.139474,0.567574,0.953741,-0.183347,-0.046778,0.233611,0.954470,-0.179503,-0.047716,0.233429,1.000000,
0.954472,-0.179504,-0.047718,0.233421,0.793664,-0.168831,-0.139474,0.567574,0.955527,-0.173800,-0.049111,0.233132,0.954470,-0.179503,-0.047716,0.233429,1.000000,
0.954472,-0.179504,-0.047718,0.233421,0.793664,-0.168831,-0.139474,0.567574,0.953741,-0.183347,-0.046778,0.233611,0.954470,-0.179503,-0.047716,0.233429,1.000000,
0.954472,-0.179504,-0.047718,0.233421,0.793664,-0.168831,-0.139474,0.567574,0.955527,-0.173801,-0.049111,0.233132,0.954470,-0.179503,-0.047717,0.233429,1.000000,
0.954472,-0.179504,-0.047718,0.233421,0.793664,-0.168831,-0.139474,0.567574,0.953741,-0.183347,-0.046777,0.233611,0.954470,-0.179503,-0.047717,0.233429,1.000000,
0.954472,-0.179504,-0.047718,0.233421,0.793664,-0.168831,-0.139474,0.567574,0.955527,-0.173801,-0.049111,0.233132,0.954470,-0.179503,-0.047717,0.233429,1.000000,
0.954472,-0.179504,-0.047718,0.233421,0.793664,-0.168831,-0.139474,0.567574,0.953741,-0.183347,-0.046777,0.233611,0.954470,-0.179503,-0.047717,0.233429,1.000000,
0.954472,-0.179504,-0.047718,0.233421,0.793664,-0.168831,-0.139474,0.567574,0.955527,-0.173801,-0.049111,0.233132,0.954470,-0.179503,-0.047717,0.233429,1.000000,
0.954472,-0.179504,-0.047718,0.233421,0.793664,-0.168831,-0.139474,0.567574,0.953741,-0.183347,-0.046777,0.233611,0.954470,-0.179503,-0.047717,0.233429,1.000000,
0.954472,-0.179504,-0.047718,0.233421,0.793664,-0.168831,-0.139474,0.567574,0.955527,-0.173801,-0.049111,0.233132,0.954470,-0.179503,-0.047717,0.233428,1.000000,
0.954472,-0.179504,-0.047718,0.233421,0.793664,-0.168831,-0.139474,0.567574,0.953741,-0.183347,-0.046777,0.233611,0.954470,-0.179503,-0.047717,0.233428,1.000000,
0.954472,-0.179504,-0.047718,0.233421,0.793664,-0.168831,-0.139474,0.567574,0.955527,-0.173801,-0.049111,0.233132,0.954470,-0.179503,-0.047717,0.233428,1.000000,
0.954472,-0.179504,-0.047718,0.233421,0.793664,-0.168831,-0.139474,0.567574,0.953741,-0.183347,-0.046777,0.233611,0.954470,-0.179503,-0.047717,0.233428,1.000000,
0.954472,-0.179504,-0.047718,0.233421,0.793664,-0.168831,-0.139474,0.567574,0.955527,-0.173801,-0.049111,0.233132,0.954470,-0.179503,-0.047717,0.233428,1.000000,
0.954472,-0.179504,-0.047718,0.233421,0.793664,-0.168831,-0.139474,0.567574,0.953741,-0.183347,-0.046777,0.233611,0.954470,-0.179504,-0.047717,0.233428,1.000000,
0.954472,-0.179504,-0.047718,0.233421,0.793664,-0.168831,-0.139474,0.567574,0.955527,-0.173801,-0.049111,0.233132,0.954470,-0.179504,-0.047717,0.233428,1.000000,
0.954472,-0.179504,-0.047718,0.233421,0.793664,-0.168831,-0.139474,0.567574,0.953741,-0.183348,-0.046777,0.233611,0.954470,-0.179504,-0.047717,0.233428,1.000000,
0.954472,-0.179504,-0.047718,0.233421,0.793664,-0.168831,-0.139474,0.567574,0.955527,-0.173801,-0.049111,0.233132,0.954470,-0.179504,-0.047717,0.233428,1.000000,
0.954472,-0.179504,-0.047718,0.233421,0.793664,-0.168831,-0.139474,0.567574,0.953741,-0.183348,-0.046777,0.233611,0.954470,-0.179504,-0.047717,0.233428,1.000000,
0.954472,-0.179504,-0.047718,0.233421,0.793664,-0.168831,-0.139474,0.567574,0.955526,-0.173801,-0.049111,0.233132,0.954470,-0.179504,-0.047717,0.233428,1.000000,
0.954472,-0.179504,-0.047718,0.233421,0.793664,-0.168831,-0.139474,0.567574,0.953741,-0.183348,-0.046777,0.233611,0.954470,-0.179504,-0.047717,0.233428,1.000000,
0.954472,-0.179504,-0.047718,0.233421,0.793664,-0.168831,-0.139474,0.567574,0.955526,-0.173801,-0.049111,0.233132,0.954470,-0.179504,-0.047717,0.233428,1.000000,
0.954472,-0.179504,-0.047718,0.233421,0.793664,-0.168831,-0.139474,0.567574,0.953741,-0.183348,-0.046777,0.233611,0.954470,-0.179504,-0.047717,0.233428,1.000000,
0.954472,-0.179504,-0.047718,0.233421,0.793664,-0.168831,-0.139474,0.567574,0.955526,-0.173801,-0.049111,0.233132,0.954470,-0.179504,-0.047717,0.233427,1.000000,
0.954472,-0.179504,-0.047718,0.233421,0.793664,-0.168831,-0.139474,0.567574,0.953741,-0.183348,-0.046777,0.233611,0.954470,-0.179504,-0.047717,0.233427,1.000000,
0.954472,-0.179504,-0.047718,0.233421,0.793664,-0.168831,-0.139474,0.567574,0.955526,-0.173802,-0.049111,0.233132,0.954470,-0.179504,-0.047717,0.233427,1.000000,
0.954472,-0.179504,-0.047718,0.233421,0.793664,-0.168831,-0.139474,0.567574,0.953741,-0.183348,-0.046777,0.233611,0.954470,-0.179504,-0.047717,0.233427,1.000000,
0.954472,-0.179504,-0.047718,0.233421,0.793664,-0.168831,-0.139474,0.567574,0.955526,-0.173802,-0.049111,0.233132,0.954470,-0.179504,-0.047717,0.233427,1.000000,
0.954472,-0.179504,-0.047718,0.233421,0.793664,-0.168831,-0.139474,0.567574,0.953741,-0.183348,-0.046777,0.233611,0.954470,-0.179504,-0.047717,0.233427,1.000000,
0.954472,-0.179504,-0.047718,0.233421,0.793664,-0.168831,-0.139474,0.567574,0.955526,-0.173802,-0.049111,0.233132,0.954470,-0.179504,-0.047717,0.233427,1.000000,
0.954472,-0.179504,-0.047718,0.233421,0.793664,-0.168831,-0.139474,0.567574,0.953741,-0.183348,-0.046777,0.233611,0.954470,-0.179504,-0.047717,0.233427,1.000000,
0.954472,-0.179504,-0.047718,0.233421,0.793664,-0.168831,-0.139474,0.567574,0.955526,-0.173802,-0.049111,0.233132,0.954470,-0.179504,-0.047717,0.233427,1.000000,
0.954472,-0.179504,-0.047718,0.233421,0.793664,-0.168831,-0.139474,0.567574,0.953741,-0.183348,-0.046777,0.233611,0.954470,-0.179504,-0.047717,0.233427,1.000000,
0.954472,-0.179504,-0.047718,0.233421,0.793664,-0.168831,-0.139474,0.567574,0.955526,-0.173802,-0.049111,0.233132,0.954470,-0.179504,-0.047717,0.233427,1.000000,
0.954472,-0.179504,-0.047718,0.233421,0.793664,-0.168831,-0.139474,0.567574,0.953741,-0.183348,-0.046777,0.233611,0.954470,-0.179504,-0.047717,0.233427,1.000000,
0.954472,-0.179504,-0.047718,0.233421,0.793664,-0.168831,-0.139474,0.567574,0.955526,-0.173802,-0.049111,0.233132,0.954470,-0.179504,-0.047717,0.233427,1.000000,
0.954472,-0.179504,-0.047718,0.233421,0.793664,-0.168831,-0.139474,0.567574,0.953741,-0.183348,-0.046777,0.233611,0.954470,-0.179504,-0.047717,0.233427,1.000000,
0.954472,-0.179504,-0.047718,0.233421,0.793664,-0.168831,-0.139474,0.567574,0.955526,-0.173802,-0.049111,0.233132,0.954470,-0.179504,-0.047717,0.233427,1.000000,
0.954472,-0.179504,-0.047718,0.233421,0.793664,-0.168831,-0.139474,0.567574,0.953741,-0.183349,-0.046777,0.233611,0.954470,-0.179504,-0.047717,0.233427,1.000000,
0.954472,-0.179504,-0.047718,0.233421,0.793664,-0.168831,-0.139474,0.567574,0.955526,-0.173802,-0.049111,0.233132,0.954470,-0.179504,-0.047717,0.233426,1.000000,
0.954472,-0.179504,-0.047718,0.233421,0.793664,-0.168831,-0.139474,0.567574,0.953741,-0.183349,-0.046777,0.233611,0.954470,-0.179504,-0.047717,0.233426,1.000000,
0.954472,-0.179504,-0.047718,0.233421,0.793664,-0.168831,-0.139474,0.567574,0.955526,-0.173802,-0.049111,0.233132,0.954470,-0.179504,-0.047717,0.233426,1.000000,
0.954472,-0.179504,-0.047718,0.233421,0.793664,-0.168831,-0.139474,0.567574,0.953741,-0.183349,-0.046777,0.233611,0.954470,-0.179504,-0.047717,0.233426,1.000000,
0.954472,-0.179504,-0.047718,0.233421,0.793664,-0.168831,-0.139474,0.567574,0.955526,-0.173802,-0.049111,0.233132,0.954470,-0.179504,-0.047717,0.233426,1.000000,
0.954472,-0.179504,-0.047718,0.233421,0.793664,-0.168831,-0.139474,0.567574,0.953740,-0.183349,-0.046777,0.233611,0.954470,-0.179504,-0.047717,0.233426,1.000000,
0.954472,-0.179504,-0.047718,0.233421,0.793664,-0.168831,-0.139474,0.567574,0.955526,-0.173802,-0.049111,0.233132,0.954470,-0.179504,-0.047717,0.233426,1.000000,
0.954472,-0.179504,-0.047718,0.233421,0.793664,-0.168831,-0.139474,0.567574,0.953740,-0.183349,-0.046777,0.233611,0.954470,-0.179504,-0.047717,0.233426,1.000000,
0.954472,-0.179504,-0.047718,0.233421,0.793664,-0.168831,-0.139474,0.567574,0.955526,-0.173803,-0.049111,0.233132,0.954470,-0.179504,-0.047717,0.233426,1.000000,
0.954472,-0.179504,-0.047718,0.233421,0.793664,-0.168831,-0.139474,0.567574,0.953740,-0.183349,-0.046777,0.233611,0.954470,-0.179504,-0.047717,0.233426,1.000000,
0.954472,-0.179504,-0.047718,0.233421,0.793664,-0.168831,-0.139474,0.567574,0.955526,-0.173803,-0.049111,0.233132,0.954470,-0.179504,-0.047717,0.233426,1.000000,
0.954472,-0.179504,-0.047718,0.233421,0.793664,-0.168831,-0.139474,0.567574,0.953740,-0.183349,-0.046777,0.233611,0.954470,-0.179504,-0.047717,0.233426,1.000000,
0.954472,-0.179504,-0.047718,0.233421,0.793664,-0.168831,-0.139474,0.567574,0.955526,-0.173803,-0.049111,0.233132,0.954470,-0.179504,-0.047717,0.233426,1.000000,
0.954472,-0.179504,-0.047718,0.233421,0.793664,-0.168831,-0.139474,0.567574,0.953740,-0.183349,-0.046777,0.233611,0.954470,-0.179504,-0.047717,0.233426,1.000000,
0.954472,-0.179504,-0.047718,0.233421,0.793664,-0.168831,-0.139474,0.567574,0.955526,-0.173803,-0.049111,0.233132,0.954470,-0.179504,-0.047717,0.233426,1.000000,
0.954472,-0.179504,-0.047718,0.233421,0.793664,-0.168831,-0.139474,0.567574,0.953740,-0.183349,-0.046777,0.233611,0.954470,-0.179504,-0.047717,0.233426,1.000000,
0.954472,-0.179504,-0.047718,0.233421,0.793664,-0.168831,-0.139474,0.567574,0.955526,-0.173803,-0.049111,0.233132,0.954470,-0.179504,-0.047717,0.233426,1.000000,
0.954472,-0.179504,-0.047718,0.233421,0.793664,-0.168831,-0.139474,0.567574,0.953740,-0.183349,-0.046777,0.233611,0.954471,-0.179504,-0.047717,0.233426,1.000000,
0.954472,-0.179504,-0.047718,0.233421,0.793664,-0.168831,-0.139474,0.567574,0.955526,-0.173803,-0.049111,0.233132,0.954471,-0.179504,-0.047717,0.233426,1.000000,
0.954472,-0.179504,-0.047718,0.233421,0.793664,-0.168831,-0.139474,0.567574,0.953740,-0.183350,-0.046777,0.233611,0.954471,-0.179504,-0.047717,0.233426,1.000000,
0.954472,-0.179504,-0.047718,0.233421,0.793664,-0.168831,-0.139474,0.567574,0.955526,-0.173803,-0.049111,0.233132,0.954471,-0.179504,-0.047717,0.233425,1.000000,
0.954472,-0.179504,-0.047718,0.233421,0.793664,-0.168831,-0.139474,0.567574,0.953740,-0.183350,-0.046777,0.233611,0.954471,-0.179504,-0.047717,0.233425,1.000000,
0.954472,-0.179504,-0.047718,0.233421,0.793664,-0.168831,-0.139474,0.567574,0.955526,-0.173803,-0.049111,0.233132,0.954471,-0.179504,-0.047717,0.233425,1.000000,
0.954472,-0.179504,-0.047718,0.233421,0.793664,-0.168831,-0.139474,0.567574,0.953740,-0.183350,-0.046777,0.233611,0.954471,-0.179504,-0.047717,0.233425,1.000000,
0.954472,-0.179504,-0.047718,0.233421,0.793664,-0.168831,-0.139474,0.567574,0.955526,-0.173803,-0.049111,0.233132,0.954471,-0.179504,-0.047717,0.233425,1.000000,
0.954472,-0.179504,-0.047718,0.233421,0.793664,-0.168831,-0.139474,0.567574,0.953740,-0.183350,-0.046777,0.233611,0.954471,-0.179504,-0.047717,0.233425,1.000000,
0.954472,-0.179504,-0.047718,0.233421,0.793664,-0.168831,-0.139474,0.567574,0.955526,-0.173803,-0.049111,0.233132,0.954471,-0.179504,-0.047717,0.233425,1.000000,
0.954472,-0.179504,-0.047718,0.233421,0.793664,-0.168831,-0.139474,0.567574,0.953740,-0.183350,-0.046777,0.233611,0.954471,-0.179504,-0.047717,0.233425,1.000000,
0.954472,-0.179504,-0.047718,0.233421,0.793664,-0.168831,-0.139474,0.567574,0.955526,-0.173803,-0.049111,0.233132,0.954471,-0.179504,-0.047717,0.233425,1.000000,
0.954472,-0.179504,-0.047718,0.233421,0.793664,-0.168831,-0.139474,0.567574,0.953740,-0.183350,-0.046777,0.233611,0.954471,-0.179504,-0.047717,0.233425,1.000000,
0.954472,-0.179504,-0.047718,0.233421,0.793664,-0.168831,-0.139474,0.567574,0.955526,-0.173804,-0.049110,0.233132,0.954471,-0.179504,-0.047717,0.233425,1.000000,
0.954472,-0.179504,-0.047718,0.233421,0.793664,-0.168831,-0.139474,0.567574,0.953740,-0.183350,-0.046777,0.233611,0.954471,-0.179504,-0.047717,0.233425,1.000000,
0.954472,-0.179504,-0.047718,0.233421,0.793664,-0.168831,-0.139474,0.567574,0.955526,-0.173804,-0.049110,0.233132,0.954471,-0.179504,-0.047717,0.233425,1.000000,
0.954472,-0.179504,-0.047718,0.233421,0.793664,-0.168831,-0.139474,0.567574,0.953740,-0.183350,-0.046777,0.233611,0.954471,-0.179504,-0.047717,0.233425,1.000000,
0.954472,-0.179504,-0.047718,0.233421,0.793664,-0.168831,-0.139474,0.567574,0.955526,-0.173804,-0.049110,0.233132,0.954471,-0.179504,-0.047717,0.233425,1.000000,
0.954472,-0.179504,-0.047718,0.233421,0.793664,-0.168831,-0.139474,0.567574,0.953740,-0.183350,-0.046777,0.233611,0.954471,-0.179504,-0.047717,0.233425,1.000000,
0.954472,-0.179504,-0.047718,0.233421,0.793664,-0.168831,-0.139474,0.567574,0.955526,-0.173804,-0.049110,0.233132,0.954471,-0.179504,-0.047717,0.233425,1.000000,
0.954472,-0.179504,-0.047718,0.233421,0.793664,-0.168831,-0.139474,0.567574,0.953740,-0.183350,-0.046777,0.233611,0.954471,-0.179504,-0.047717,0.233425,1.000000,
0.954472,-0.179504,-0.047718,0.233421,0.793664,-0.168831,-0.139474,0.567574,0.955526,-0.173804,-0.049110,0.233132,0.954471,-0.179504,-0.047717,0.233425,1.000000,
0.954472,-0.179504,-0.047718,0.233421,0.793664,-0.168831,-0.139474,0.567574,0.953740,-0.183350,-0.046777,0.233611,0.954471,-0.179504,-0.047717,0.233425,1.000000,
0.954472,-0.179504,-0.047718,0.233421,0.793664,-0.168831,-0.139474,0.567574,0.955526,-0.173804,-0.049110,0.233132,0.954471,-0.179504,-0.047717,0.233425,1.000000,
0.954472,-0.179504,-0.047718,0.233421,0.793664,-0.168831,-0.139474,0.567574,0.953740,-0.183351,-0.046777,0.233611,0.954471,-0.179504,-0.047717,0.233425,1.000000,
0.954472,-0.179504,-0.047718,0.233421,0.793664,-0.168831,-0.139474,0.567574,0.955526,-0.173804,-0.049110,0.233132,0.954471,-0.179504,-0.047717,0.233425,1.000000,
0.954472,-0.179504,-0.047718,0.233421,0.793664,-0.168831,-0.139474,0.567574,0.953740,-0.183351,-0.046777,0.233611,0.954471,-0.179504,-0.047717,0.233425,1.000000,
0.954472,-0.179504,-0.047718,0.233421,0.793664,-0.168831,-0.139474,0.567574,0.955526,-0.173804,-0.049110,0.233132,0.954471,-0.179504,-0.047717,0.233424,1.000000,
0.954472,-0.179504,-0.047718,0.233421,0.793664,-0.168831,-0.139474,0.567574,0.953740,-0.183351,-0.046777,0.233611,0.954471,-0.179504,-0.047717,0.233424,1.000000,
0.954472,-0.179504,-0.047718,0.233421,0.793664,-0.168831,-0.139474,0.567574,0.955526,-0.173804,-0.049110,0.233132,0.954471,-0.179504,-0.047717,0.233424,1.000000,
0.954472,-0.179504,-0.047718,0.233421,0.793664,-0.168831,-0.139474,0.567574,0.953740,-0.183351,-0.046777,0.233611,0.954471,-0.179504,-0.047717,0.233424,1.000000,
0.954472,-0.179504,-0.047718,0.233421,0.793664,-0.168831,-0.139474,0.567574,0.955526,-0.173804,-0.049110,0.233132,0.954471,-0.179504,-0.047717,0.233424,1.000000,
0.954472,-0.179504,-0.047718,0.233421,0.793664,-0.168831,-0.139474,0.567574,0.953740,-0.183351,-0.046777,0.233611,0.954471,-0.179504,-0.047717,0.233424,1.000000,
0.954472,-0.179504,-0.047718,0.233421,0.793664,-0.168831,-0.139474,0.567574,0.955526,-0.173805,-0.049110,0.233132,0.954471,-0.179504,-0.047717,0.233424,1.000000,
0.954472,-0.179504,-0.047718,0.233421,0.793664,-0.168831,-0.139474,0.567574,0.953740,-0.183351,-0.046777,0.233611,0.954471,-0.179504,-0.047717,0.233424,1.000000,
0.954472,-0.179504,-0.047718,0.233421,0.793664,-0.168831,-0.139474,0.567574,0.955526,-0.173805,-0.049110,0.233132,0.954471,-0.179504,-0.047717,0.233424,1.000000,
0.954472,-0.179504,-0.047718,0.233421,0.793664,-0.168831,-0.139474,0.567574,0.953740,-0.183351,-0.046776,0.233611,0.954471,-0.179504,-0.047717,0.233424,1.000000,
0.954472,-0.179504,-0.047718,0.233421,0.793664,-0.168831,-0.139474,0.567574,0.955526,-0.173805,-0.049110,0.233132,0.954471,-0.179504,-0.047717,0.233424,1.000000,
0.954472,-0.179504,-0.047718,0.233421,0.793664,-0.168831,-0.139474,0.567574,0.953740,-0.183351,-0.046776,0.233611,0.954471,-0.179504,-0.047717,0.233424,1.000000,
0.954472,-0.179504,-0.047718,0.233421,0.793664,-0.168831,-0.139474,0.567574,0.955526,-0.173805,-0.049110,0.233132,0.954471,-0.179504,-0.047717,0.233424,1.000000,
0.954472,-0.179504,-0.047718,0.233421,0.793664,-0.168831,-0.139474,0.567574,0.953740,-0.183351,-0.046776,0.233611,0.954471,-0.179504,-0.047717,0.233424,1.000000,
0.954472,-0.179504,-0.047718,0.233421,0.793664,-0.168831,-0.139474,0.567574,0.955526,-0.173805,-0.049110,0.233132,0.954471,-0.179504,-0.047717,0.233424,1.000000,
0.954472,-0.179504,-0.047718,0.233421,0.793664,-0.168831,-0.139474,0.567574,0.953740,-0.183351,-0.046776,0.233611,0.954471,-0.179504,-0.047717,0.233424,1.000000,
0.954472,-0.179504,-0.047718,0.233421,0.793664,-0.168831,-0.139474,0.567574,0.955526,-0.173805,-0.049110,0.233132,0.954471,-0.179504,-0.047717,0.233424,1.000000,
0.954472,-0.179504,-0.047718,0.233421,0.793664,-0.168831,-0.139474,0.567574,0.953740,-0.183351,-0.046776,0.233611,0.954471,-0.179504,-0.047717,0.233424,1.000000,
0.954472,-0.179504,-0.047718,0.233421,0.793664,-0.168831,-0.139474,0.567574,0.955526,-0.173805,-0.049110,0.233132,0.954471,-0.179504,-0.047717,0.233424,1.000000,
0.954472,-0.179504,-0.047718,0.233421,0.793664,-0.168831,-0.139474,0.567574,0.953740,-0.183352,-0.046776,0.233611,0.954471,-0.179504,-0.047717,0.233424,1.000000,
0.954472,-0.179504,-0.047718,0.233421,0.793664,-0.168831,-0.139474,0.567574,0.955526,-0.173805,-0.049110,0.233132,0.954471,-0.179504,-0.047717,0.233424,1.000000,
0.954472,-0.179504,-0.047718,0.233421,0.793664,-0.168831,-0.139474,0.567574,0.953740,-0.183352,-0.046776,0.233611,0.954471,-0.179504,-0.047717,0.233424,1.000000,
0.954472,-0.179504,-0.047718,0.233421,0.793664,-0.168831,-0.139474,0.567574,0.955526,-0.173805,-0.049110,0.233132,0.954471,-0.179504,-0.047717,0.233424,1.000000,
0.954472,-0.179504,-0.047718,0.233421,0.793664,-0.168831,-0.139474,0.567574,0.953740,-0.183352,-0.046776,0.233611,0.954471,-0.179504,-0.047717,0.233424,1.000000,
0.954472,-0.179504,-0.047718,0.233421,0.793664,-0.168831,-0.139474,0.567574,0.955526,-0.173805,-0.049110,0.233132,0.954471,-0.179504,-0.047717,0.233424,1.000000,
0.954472,-0.179504,-0.047718,0.233421,0.793664,-0.168831,-0.139474,0.567574,0.953740,-0.183352,-0.046776,0.233611,0.954471,-0.179504,-0.047717,0.233424,1.000000,
0.954472,-0.179504,-0.047718,0.233421,0.793664,-0.168831,-0.139474,0.567574,0.955526,-0.173805,-0.049110,0.233132,0.954471,-0.179504,-0.047717,0.233424,1.000000,
0.954472,-0.179504,-0.047718,0.233421,0.793664,-0.168831,-0.139474,0.567574,0.953740,-0.183352,-0.046776,0.233611,0.954471,-0.179504,-0.047717,0.233424,1.000000,
0.954472,-0.179504,-0.047718,0.233421,0.793664,-0.168831,-0.139474,0.567574,0.955526,-0.173806,-0.049110,0.233132,0.954471,-0.179504,-0.047717,0.233424,1.000000,
0.954472,-0.179504,-0.047718,0.233421,0.793664,-0.168831,-0.139474,0.567574,0.953740,-0.183352,-0.046776,0.233611,0.954471,-0.179504,-0.047717,0.233424,1.000000,
0.954472,-0.179504,-0.047718,0.233421,0.793664,-0.168831,-0.139474,0.567574,0.955526,-0.173806,-0.049110,0.233132,0.954471,-0.179504,-0.047717,0.233424,1.000000,
0.954472,-0.179504,-0.047718,0.233421,0.793664,-0.168831,-0.139474,0.567574,0.953740,-0.183352,-0.046776,0.233611,0.954471,-0.179504,-0.047717,0.233423,1.000000,
0.954472,-0.179504,-0.047718,0.233421,0.793664,-0.168831,-0.139474,0.567574,0.955526,-0.173806,-0.049110,0.233132,0.954471,-0.179504,-0.047717,0.233423,1.000000,
0.954472,-0.179504,-0.047718,0.233421,0.793664,-0.168831,-0.139474,0.567574,0.953740,-0.183352,-0.046776,0.233611,0.954471,-0.179504,-0.047717,0.233423,1.000000,
0.954472,-0.179504,-0.047718,0.233421,0.793664,-0.168831,-0.139474,0.567574,0.955526,-0.173806,-0.049110,0.233132,0.954471,-0.179504,-0.047717,0.233423,1.000000,
0.954472,-0.179504,-0.047718,0.233421,0.793664,-0.168831,-0.139474,0.567574,0.953740,-0.183352,-0.046776,0.233611,0.954471,-0.179504,-0.047717,0.233423,1.000000,
0.954472,-0.179504,-0.047718,0.233421,0.793664,-0.168831,-0.139474,0.567574,0.955526,-0.173806,-0.049110,0.233132,0.954471,-0.179504,-0.047717,0.233423,1.000000,
0.954472,-0.179504,-0.047718,0.233421,0.793664,-0.168831,-0.139474,0.567574,0.953740,-0.183352,-0.046776,0.233611,0.954471,-0.179504,-0.047717,0.233423,1.000000,
0.954472,-0.179504,-0.047718,0.233421,0.793664,-0.168831,-0.139474,0.567574,0.955526,-0.173806,-0.049110,0.233132,0.954471,-0.179504,-0.047717,0.233423,1.000000,
0.954472,-0.179504,-0.047718,0.233421,0.793664,-0.168831,-0.139474,0.567574,0.953740,-0.183352,-0.046776,0.233611,0.954471,-0.179504,-0.047717,0.233423,1.000000,
0.954472,-0.179504,-0.047718,0.233421,0.793664,-0.168831,-0.139474,0.567574,0.955526,-0.173806,-0.049110,0.233132,0.954471,-0.179504,-0.047718,0.233423,1.000000,
0.954472,-0.179504,-0.047718,0.233421,0.793664,-0.168831,-0.139474,0.567574,0.953740,-0.183353,-0.046776,0.233611,0.954471,-0.179504,-0.047718,0.233423,1.000000,
0.954472,-0.179504,-0.047718,0.233421,0.793664,-0.168831,-0.139474,0.567574,0.955526,-0.173806,-0.049110,0.233132,0.954471,-0.179504,-0.047718,0.233423,1.000000,
0.954472,-0.179504,-0.047718,0.233421,0.793664,-0.168831,-0.139474,0.567574,0.953740,-0.183353,-0.046776,0.233611,0.954471,-0.179504,-0.047718,0.233423,1.000000,
0.954472,-0.179504,-0.047718,0.233421,0.793664,-0.168831,-0.139474,0.567574,0.955526,-0.173806,-0.049110,0.233132,0.954471,-0.179504,-0.047718,0.233423,1.000000,
0.954472,-0.179504,-0.047718,0.233421,0.793664,-0.168831,-0.139474,0.567574,0.953740,-0.183353,-0.046776,0.233611,0.954471,-0.179504,-0.047718,0.233423,1.000000,
0.954472,-0.179504,-0.047718,0.233421,0.793664,-0.168831,-0.139474,0.567574,0.955526,-0.173806,-0.049110,0.233132,0.954471,-0.179504,-0.047718,0.233423,1.000000,
0.954472,-0.179504,-0.047718,0.233421,0.793664,-0.168831,-0.139474,0.567574,0.953740,-0.183353,-0.046776,0.233611,0.954471,-0.179504,-0.047718,0.233423,1.000000,
0.954472,-0.179504,-0.047718,0.233421,0.793664,-0.168831,-0.139474,0.567574,0.955526,-0.173806,-0.049110,0.233132,0.954471,-0.179504,-0.047718,0.233423,1.000000,
0.954472,-0.179504,-0.047718,0.233421,0.793664,-0.168831,-0.139474,0.567574,0.953740,-0.183353,-0.046776,0.233611,0.954471,-0.179504,-0.047718,0.233423,1.000000,
0.954472,-0.179504,-0.047718,0.233421,0.793664,-0.168831,-0.139474,0.567574,0.955526,-0.173807,-0.049110,0.233132,0.954471,-0.179504,-0.047718,0.233423,1.000000,
0.954472,-0.179504,-0.047718,0.233421,0.793664,-0.168831,-0.139474,0.567574,0.953740,-0.183353,-0.046776,0.233611,0.954471,-0.179504,-0.047718,0.233423,1.000000,
0.954472,-0.179504,-0.047718,0.233421,0.793664,-0.168831,-0.139474,0.567574,0.955526,-0.173807,-0.049110,0.233132,0.954471,-0.179504,-0.047718,0.233423,1.000000,
0.954472,-0.179504,-0.047718,0.233421,0.793664,-0.168831,-0.139474,0.567574,0.953740,-0.183353,-0.046776,0.233611,0.954471,-0.179504,-0.047718,0.233423,1.000000,
0.954472,-0.179504,-0.047718,0.233421,0.793664,-0.168831,-0.139474,0.567574,0.955525,-0.173807,-0.049110,0.233132,0.954471,-0.179504,-0.047718,0.233423,1.000000,
0.954472,-0.179504,-0.047718,0.233421,0.793664,-0.168831,-0.139474,0.567574,0.953740,-0.183353,-0.046776,0.233611,0.954471,-0.179504,-0.047718,0.233423,1.000000,
0.954472,-0.179504,-0.047718,0.233421,0.793664,-0.168831,-0.139474,0.567574,0.955525,-0.173807,-0.049110,0.233132,0.954471,-0.179504,-0.047718,0.233423,1.000000,
0.954472,-0.179504,-0.047718,0.233421,0.793664,-0.168831,-0.139474,0.567574,0.953740,-0.183353,-0.046776,0.233611,0.954471,-0.179504,-0.047718,0.233423,1.000000,
0.954472,-0.179504,-0.047718,0.233421,0.793664,-0.168831,-0.139474,0.567574,0.955525,-0.173807,-0.049110,0.233132,0.954471,-0.179504,-0.047718,0.233423,1.000000,
0.954472,-0.179504,-0.047718,0.233421,0.793664,-0.168831,-0.139474,0.567574,0.953740,-0.183353,-0.046776,0.233611,0.954471,-0.179504,-0.047718,0.233423,1.000000,
0.954472,-0.179504,-0.047718,0.233421,0.793664,-0.168831,-0.139474,0.567574,0.955525,-0.173807,-0.049110,0.233132,0.954471,-0.179504,-0.047718,0.233423,1.000000,
0.954472,-0.179504,-0.047718,0.233421,0.793664,-0.168831,-0.139474,0.567574,0.953740,-0.183353,-0.046776,0.233611,0.954471,-0.179504,-0.047718,0.233423,1.000000,
0.954472,-0.179504,-0.047718,0.233421,0.793664,-0.168831,-0.139474,0.567574,0.955525,-0.173807,-0.049110,0.233132,0.954471,-0.179504,-0.047718,0.233423,1.000000,
0.954472,-0.179504,-0.047718,0.233421,0.793664,-0.168831,-0.139474,0.567574,0.953740,-0.183354,-0.046776,0.233611,0.954471,-0.179504,-0.047718,0.233423,1.000000,
0.954472,-0.179504,-0.047718,0.233421,0.793664,-0.168831,-0.139474,0.567574,0.955525,-0.173807,-0.049110,0.233132,0.954471,-0.179504,-0.047718,0.233423,1.000000,
0.954472,-0.179504,-0.047718,0.233421,0.793664,-0.168831,-0.139474,0.567574,0.953740,-0.183354,-0.046776,0.233611,0.954471,-0.179504,-0.047718,0.233423,1.000000,
0.954472,-0.179504,-0.047718,0.233421,0.793664,-0.168831,-0.139474,0.567574,0.955525,-0.173807,-0.049110,0.233132,0.954471,-0.179504,-0.047718,0.233423,1.000000,
0.954472,-0.179504,-0.047718,0.233421,0.793664,-0.168831,-0.139474,0.567574,0.953740,-0.183354,-0.046776,0.233611,0.954471,-0.179504,-0.047718,0.233423,1.000000,
0.954472,-0.179504,-0.047718,0.233421,0.793664,-0.168831,-0.139474,0.567574,0.955525,-0.173807,-0.049110,0.233132,0.954471,-0.179504,-0.047718,0.233423,1.000000,
0.954472,-0.179504,-0.047718,0.233421,0.793664,-0.168831,-0.139474,0.567574,0.953740,-0.183354,-0.046776,0.233611,0.954471,-0.179504,-0.047718,0.233423,1.000000,
0.954472,-0.179504,-0.047718,0.233421,0.793664,-0.168831,-0.139474,0.567574,0.955525,-0.173807,-0.049110,0.233132,0.954471,-0.179504,-0.047718,0.233423,1.000000,
0.954472,-0.179504,-0.047718,0.233421,0.793664,-0.168831,-0.139474,0.567574,0.953740,-0.183354,-0.046776,0.233611,0.954471,-0.179504,-0.047718,0.233423,1.000000,
0.954472,-0.179504,-0.047718,0.233421,0.793664,-0.168831,-0.139474,0.567574,0.955525,-0.173808,-0.049110,0.233132,0.954471,-0.179504,-0.047718,0.233423,1.000000,
0.954472,-0.179504,-0.047718,0.233421,0.793664,-0.168831,-0.139474,0.567574,0.953740,-0.183354,-0.046776,0.233611,0.954471,-0.179504,-0.047718,0.233423,1.000000,
0.954472,-0.179504,-0.047718,0.233421,0.793664,-0.168831,-0.139474,0.567574,0.955525,-0.173808,-0.049109,0.233132,0.954471,-0.179504,-0.047718,0.233423,1.000000,
0.954472,-0.179504,-0.047718,0.233421,0.793664,-0.168831,-0.139474,0.567574,0.953739,-0.183354,-0.046776,0.233611,0.954471,-0.179504,-0.047718,0.233423,1.000000,
0.954472,-0.179504,-0.047718,0.233421,0.793664,-0.168831,-0.139474,0.567574,0.955525,-0.173808,-0.049109,0.233132,0.954471,-0.179504,-0.047718,0.233423,1.000000,
0.954472,-0.179504,-0.047718,0.233421,0.793664,-0.168831,-0.139474,0.567574,0.953739,-0.183354,-0.046776,0.233611,0.954471,-0.179504,-0.047718,0.233422,1.000000,
0.954472,-0.179504,-0.047718,0.233421,0.793664,-0.168831,-0.139474,0.567574,0.955525,-0.173808,-0.049109,0.233132,0.954471,-0.179504,-0.047718,0.233422,1.000000,
0.954472,-0.179504,-0.047718,0.233421,0.793664,-0.168831,-0.139474,0.567574,0.953739,-0.183354,-0.046776,0.233611,0.954471,-0.179504,-0.047718,0.233422,1.000000,
0.954472,-0.179504,-0.047718,0.233421,0.793664,-0.168831,-0.139474,0.567574,0.955525,-0.173808,-0.049109,0.233132,0.954471,-0.179504,-0.047718,0.233422,1.000000,
0.954472,-0.179504,-0.047718,0.233421,0.793664,-0.168831,-0.139474,0.567574,0.953739,-0.183354,-0.046776,0.233611,0.954471,-0.179504,-0.047718,0.233422,1.000000,
0.954472,-0.179504,-0.047718,0.233421,0.793664,-0.168831,-0.139474,0.567574,0.955525,-0.173808,-0.049109,0.233132,0.954471,-0.179504,-0.047718,0.233422,1.000000,
0.954472,-0.179504,-0.047718,0.233421,0.793664,-0.168831,-0.139474,0.567574,0.953739,-0.183354,-0.046776,0.233611,0.954471,-0.179504,-0.047718,0.233422,1.000000,
0.954472,-0.179504,-0.047718,0.233421,0.793664,-0.168831,-0.139474,0.567574,0.955525,-0.173808,-0.049109,0.233132,0.954471,-0.179504,-0.047718,0.233422,1.000000,
0.954472,-0.179504,-0.047718,0.233421,0.793664,-0.168831,-0.139474,0.567574,0.953739,-0.183355,-0.046776,0.233611,0.954471,-0.179504,-0.047718,0.233422,1.000000,
0.954472,-0.179504,-0.047718,0.233421,0.793664,-0.168831,-0.139474,0.567574,0.955525,-0.173808,-0.049109,0.233132,0.954471,-0.179504,-0.047718,0.233422,1.000000,
0.954472,-0.179504,-0.047718,0.233421,0.793664,-0.168831,-0.139474,0.567574,0.953739,-0.183355,-0.046776,0.233611,0.954471,-0.179504,-0.047718,0.233422,1.000000,
0.954472,-0.179504,-0.047718,0.233421,0.793664,-0.168831,-0.139474,0.567574,0.955525,-0.173808,-0.049109,0.233132,0.954471,-0.179504,-0.047718,0.233422,1.000000,
0.954472,-0.179504,-0.047718,0.233421,0.793664,-0.168831,-0.139474,0.567574,0.953739,-0.183355,-0.046776,0.233611,0.954471,-0.179504,-0.047718,0.233422,1.000000,
0.954472,-0.179504,-0.047718,0.233421,0.793664,-0.168831,-0.139474,0.567574,0.955525,-0.173808,-0.049109,0.233132,0.954471,-0.179504,-0.047718,0.233422,1.000000,
0.954472,-0.179504,-0.047718,0.233421,0.793664,-0.168831,-0.139474,0.567574,0.953739,-0.183355,-0.046776,0.233611,0.954471,-0.179504,-0.047718,0.233422,1.000000,
0.954472,-0.179504,-0.047718,0.233421,0.793664,-0.168831,-0.139474,0.567574,0.955525,-0.173808,-0.049109,0.233132,0.954471,-0.179504,-0.047718,0.233422,1.000000,
0.954472,-0.179504,-0.047718,0.233421,0.793664,-0.168831,-0.139474,0.567574,0.953739,-0.183355,-0.046776,0.233611,0.954471,-0.179504,-0.047718,0.233422,1.000000,
0.954472,-0.179504,-0.047718,0.233421,0.793664,-0.168831,-0.139474,0.567574,0.955525,-0.173809,-0.049109,0.233132,0.954471,-0.179504,-0.047718,0.233422,1.000000,
0.954472,-0.179504,-0.047718,0.233421,0.793664,-0.168831,-0.139474,0.567574,0.953739,-0.183355,-0.046776,0.233611,0.954471,-0.179504,-0.047718,0.233422,1.000000,
0.954472,-0.179504,-0.047718,0.233421,0.793664,-0.168831,-0.139474,0.567574,0.955525,-0.173809,-0.049109,0.233132,0.954471,-0.179504,-0.047718,0.233422,1.000000,
0.954472,-0.179504,-0.047718,0.233421,0.793664,-0.168831,-0.139474,0.567574,0.953739,-0.183355,-0.046775,0.233611,0.954471,-0.179504,-0.047718,0.233422,1.000000,
0.954472,-0.179504,-0.047718,0.233421,0.793664,-0.168831,-0.139474,0.567574,0.955525,-0.173809,-0.049109,0.233132,0.954471,-0.179504,-0.047718,0.233422,1.000000,
0.954472,-0.179504,-0.047718,0.233421,0.793664,-0.168831,-0.139474,0.567574,0.953739,-0.183355,-0.046775,0.233611,0.954471,-0.179504,-0.047718,0.233422,1.000000,
0.954472,-0.179504,-0.047718,0.233421,0.793664,-0.168831,-0.139474,0.567574,0.955525,-0.173809,-0.049109,0.233132,0.954471,-0.179504,-0.047718,0.233422,1.000000,
0.954472,-0.179504,-0.047718,0.233421,0.793664,-0.168831,-0.139474,0.567574,0.953739,-0.183355,-0.046775,0.233611,0.954471,-0.179504,-0.047718,0.233422,1.000000,
0.954472,-0.179504,-0.047718,0.233421,0.793664,-0.168831,-0.139474,0.567574,0.955525,-0.173809,-0.049109,0.233132,0.954471,-0.179504,-0.047718,0.233422,1.000000,
0.954472,-0.179504,-0.047718,0.233421,0.793664,-0.168831,-0.139474,0.567574,0.953739,-0.183355,-0.046775,0.233611,0.954471,-0.179504,-0.047718,0.233422,1.000000,
0.954472,-0.179504,-0.047718,0.233421,0.793664,-0.168831,-0.139474,0.567574,0.955525,-0.173809,-0.049109,0.233132,0.954471,-0.179504,-0.047718,0.233422,1.000000,
0.954472,-0.179504,-0.047718,0.233421,0.793664,-0.168831,-0.139474,0.567574,0.953739,-0.183356,-0.046775,0.233611,0.954471,-0.179504,-0.047718,0.233422,1.000000,
0.954472,-0.179504,-0.047718,0.233421,0.793664,-0.168831,-0.139474,0.567574,0.955525,-0.173809,-0.049109,0.233132,0.954471,-0.179504,-0.047718,0.233422,1.000000,
0.954472,-0.179504,-0.047718,0.233421,0.793664,-0.168831,-0.139474,0.567574,0.953739,-0.183356,-0.046775,0.233611,0.954471,-0.179504,-0.047718,0.233422,1.000000,
0.954472,-0.179504,-0.047718,0.233421,0.793664,-0.168831,-0.139474,0.567574,0.955525,-0.173809,-0.049109,0.233132,0.954471,-0.179504,-0.047718,0.233422,1.000000,
0.954472,-0.179504,-0.047718,0.233421,0.793664,-0.168831,-0.139474,0.567574,0.953739,-0.183356,-0.046775,0.233611,0.954471,-0.179504,-0.047718,0.233422,1.000000,
0.954472,-0.179504,-0.047718,0.233421,0.793664,-0.168831,-0.139474,0.567574,0.955525,-0.173809,-0.049109,0.233132,0.954471,-0.179504,-0.047718,0.233422,1.000000,
0.954472,-0.179504,-0.047718,0.233421,0.793664,-0.168831,-0.139474,0.567574,0.953739,-0.183356,-0.046775,0.233611,0.954471,-0.179504,-0.047718,0.233422,1.000000,
0.954472,-0.179504,-0.047718,0.233421,0.793664,-0.168831,-0.139474,0.567574,0.955525,-0.173809,-0.049109,0.233132,0.954471,-0.179504,-0.047718,0.233422,1.000000,
0.954472,-0.179504,-0.047718,0.233421,0.793664,-0.168831,-0.139474,0.567574,0.953739,-0.183356,-0.046775,0.233611,0.954471,-0.179504,-0.047718,0.233422,1.000000,
0.954472,-0.179504,-0.047718,0.233421,0.793664,-0.168831,-0.139474,0.567574,0.955525,-0.173809,-0.049109,0.233132,0.954471,-0.179504,-0.047718,0.233422,1.000000,
0.954472,-0.179504,-0.047718,0.233421,0.793664,-0.168831,-0.139474,0.567574,0.953739,-0.183356,-0.046775,0.233611,0.954471,-0.179504,-0.047718,0.233422,1.000000,
0.954472,-0.179504,-0.047718,0.233421,0.793664,-0.168831,-0.139474,0.567574,0.955525,-0.173810,-0.049109,0.233132,0.954471,-0.179504,-0.047718,0.233422,1.000000,
0.954472,-0.179504,-0.047718,0.233421,0.793664,-0.168831,-0.139474,0.567574,0.953739,-0.183356,-0.046775,0.233611,0.954471,-0.179504,-0.047718,0.233422,1.000000,
0.954472,-0.179504,-0.047718,0.233421,0.793664,-0.168831,-0.139474,0.567574,0.955525,-0.173810,-0.049109,0.233132,0.954471,-0.179504,-0.047718,0.233422,1.000000,
0.954472,-0.179504,-0.047718,0.233421,0.793664,-0.168831,-0.139474,0.567574,0.953739,-0.183356,-0.046775,0.233612,0.954471,-0.179504,-0.047718,0.233422,1.000000,
0.954472,-0.179504,-0.047718,0.233421,0.793664,-0.168831,-0.139474,0.567574,0.955525,-0.173810,-0.049109,0.233132,0.954471,-0.179504,-0.047718,0.233422,1.000000,
0.954472,-0.179504,-0.047718,0.233421,0.793664,-0.168831,-0.139474,0.567574,0.953739,-0.183356,-0.046775,0.233612,0.954471,-0.179504,-0.047718,0.233422,1.000000,
0.954472,-0.179504,-0.047718,0.233421,0.793664,-0.168831,-0.139474,0.567574,0.955525,-0.173810,-0.049109,0.233132,0.954471,-0.179504,-0.047718,0.233422,1.000000,
0.954472,-0.179504,-0.047718,0.233421,0.793664,-0.168831,-0.139474,0.567574,0.953739,-0.183356,-0.046775,0.233612,0.954471,-0.179504,-0.047718,0.233422,1.000000,
0.954472,-0.179504,-0.047718,0.233421,0.793664,-0.168831,-0.139474,0.567574,0.955525,-0.173810,-0.049109,0.233132,0.954471,-0.179504,-0.047718,0.233422,1.000000,
0.954472,-0.179504,-0.047718,0.233421,0.793664,-0.168831,-0.139474,0.567574,0.953739,-0.183356,-0.046775,0.233612,0.954471,-0.179504,-0.047718,0.233422,1.000000,
0.954472,-0.179504,-0.047718,0.233421,0.793664,-0.168831,-0.139474,0.567574,0.955525,-0.173810,-0.049109,0.233132,0.954471,-0.179504,-0.047718,0.233422,1.000000,
0.954472,-0.179504,-0.047718,0.233421,0.793664,-0.168831,-0.139474,0.567574,0.953739,-0.183357,-0.046775,0.233612,0.954471,-0.179504,-0.047718,0.233422,1.000000,
0.954472,-0.179504,-0.047718,0.233421,0.793664,-0.168831,-0.139474,0.567574,0.955525,-0.173810,-0.049109,0.233132,0.954471,-0.179504,-0.047718,0.233422,1.000000,
0.954472,-0.179504,-0.047718,0.233421,0.793664,-0.168831,-0.139474,0.567574,0.953739,-0.183357,-0.046775,0.233612,0.954471,-0.179504,-0.047718,0.233422,1.000000,
0.954472,-0.179504,-0.047718,0.233421,0.793664,-0.168831,-0.139474,0.567574,0.955525,-0.173810,-0.049109,0.233132,0.954471,-0.179504,-0.047718,0.233422,1.000000,
0.954472,-0.179504,-0.047718,0.233421,0.793664,-0.168831,-0.139474,0.567574,0.953739,-0.183357,-0.046775,0.233612,0.954471,-0.179504,-0.047718,0.233422,1.000000,
0.954472,-0.179504,-0.047718,0.233421,0.793664,-0.168831,-0.139474,0.567574,0.955525,-0.173810,-0.049109,0.233132,0.954471,-0.179504,-0.047718,0.233422,1.000000,
0.954472,-0.179504,-0.047718,0.233421,0.793664,-0.168831,-0.139474,0.567574,0.953739,-0.183357,-0.046775,0.233612,0.954471,-0.179504,-0.047718,0.233422,1.000000,
0.954472,-0.179504,-0.047718,0.233421,0.793664,-0.168831,-0.139474,0.567574,0.955525,-0.173810,-0.049109,0.233132,0.954471,-0.179504,-0.047718,0.233422,1.000000,
0.954472,-0.179504,-0.047718,0.233421,0.793664,-0.168831,-0.139474,0.567574,0.953739,-0.183357,-0.046775,0.233612,0.954471,-0.179504,-0.047718,0.233422,1.000000,
0.954472,-0.179504,-0.047718,0.233421,0.793664,-0.168831,-0.139474,0.567574,0.955525,-0.173810,-0.049109,0.233132,0.954471,-0.179504,-0.047718,0.233422,1.000000,
0.954472,-0.179504,-0.047718,0.233421,0.793664,-0.168831,-0.139474,0.567574,0.953739,-0.183357,-0.046775,0.233612,0.954471,-0.179504,-0.047718,0.233422,1.000000,
0.954472,-0.179504,-0.047718,0.233421,0.793664,-0.168831,-0.139474,0.567574,0.955525,-0.173811,-0.049109,0.233132,0.954471,-0.179504,-0.047718,0.233422,1.000000,
0.954472,-0.179504,-0.047718,0.233421,0.793664,-0.168831,-0.139474,0.567574,0.953739,-0.183357,-0.046775,0.233612,0.954471,-0.179504,-0.047718,0.233422,1.000000,
0.954472,-0.179504,-0.047718,0.233421,0.793664,-0.168831,-0.139474,0.567574,0.955525,-0.173811,-0.049109,0.233132,0.954471,-0.179504,-0.047718,0.233422,1.000000,
0.954472,-0.179504,-0.047718,0.233421,0.793664,-0.168831,-0.139474,0.567574,0.953739,-0.183357,-0.046775,0.233612,0.954471,-0.179504,-0.047718,0.233422,1.000000,
0.954472,-0.179504,-0.047718,0.233421,0.793664,-0.168831,-0.139474,0.567574,0.955525,-0.173811,-0.049109,0.233132,0.954471,-0.179504,-0.047718,0.233422,1.000000,
0.954472,-0.179504,-0.047718,0.233421,0.793664,-0.168831,-0.139474,0.567574,0.953739,-0.183357,-0.046775,0.233612,0.954471,-0.179504,-0.047718,0.233422,1.000000,
0.954472,-0.179504,-0.047718,0.233421,0.793664,-0.168831,-0.139474,0.567574,0.955525,-0.173811,-0.049109,0.233132,0.954471,-0.179504,-0.047718,0.233422,1.000000,
0.954472,-0.179504,-0.047718,0.233421,0.793664,-0.168831,-0.139474,0.567574,0.953739,-0.183357,-0.046775,0.233612,0.954471,-0.179504,-0.047718,0.233422,1.000000,
0.954472,-0.179504,-0.047718,0.233421,0.793664,-0.168831,-0.139474,0.567574,0.955525,-0.173811,-0.049109,0.233132,0.954471,-0.179504,-0.047718,0.233422,1.000000,
0.954472,-0.179504,-0.047718,0.233421,0.793664,-0.168831,-0.139474,0.567574,0.953739,-0.183357,-0.046775,0.233612,0.954471,-0.179504,-0.047718,0.233422,1.000000,
0.954472,-0.179504,-0.047718,0.233421,0.793664,-0.168831,-0.139474,0.567574,0.955525,-0.173811,-0.049109,0.233132,0.954471,-0.179504,-0.047718,0.233422,1.000000,
0.954472,-0.179504,-0.047718,0.233421,0.793664,-0.168831,-0.139474,0.567574,0.953739,-0.183358,-0.046775,0.233612,0.954471,-0.179504,-0.047718,0.233422,1.000000,
0.954472,-0.179504,-0.047718,0.233421,0.793664,-0.168831,-0.139474,0.567574,0.955525,-0.173811,-0.049109,0.233132,0.954471,-0.179504,-0.047718,0.233422,1.000000,
0.954472,-0.179504,-0.047718,0.233421,0.793664,-0.168831,-0.139474,0.567574,0.953739,-0.183358,-0.046775,0.233612,0.954471,-0.179504,-0.047718,0.233422,1.000000,
0.954472,-0.179504,-0.047718,0.233421,0.793664,-0.168831,-0.139474,0.567574,0.955525,-0.173811,-0.049109,0.233132,0.954471,-0.179504,-0.047718,0.233422,1.000000,
0.954472,-0.179504,-0.047718,0.233421,0.793664,-0.168831,-0.139474,0.567574,0.953739,-0.183358,-0.046775,0.233612,0.954471,-0.179504,-0.047718,0.233422,1.000000,
0.954472,-0.179504,-0.047718,0.233421,0.793664,-0.168831,-0.139474,0.567574,0.955525,-0.173811,-0.049109,0.233132,0.954471,-0.179504,-0.047718,0.233422,1.000000,
0.954472,-0.179504,-0.047718,0.233421,0.793664,-0.168831,-0.139474,0.567574,0.953739,-0.183358,-0.046775,0.233612,0.954471,-0.179504,-0.047718,0.233422,1.000000,
0.954472,-0.179504,-0.047718,0.233421,0.793664,-0.168831,-0.139474,0.567574,0.955525,-0.173811,-0.049109,0.233132,0.954471,-0.179504,-0.047718,0.233422,1.000000,
0.954472,-0.179504,-0.047718,0.233421,0.793664,-0.168831,-0.139474,0.567574,0.953739,-0.183358,-0.046775,0.233612,0.954471,-0.179504,-0.047718,0.233422,1.000000,
0.954472,-0.179504,-0.047718,0.233421,0.793664,-0.168831,-0.139474,0.567574,0.955525,-0.173812,-0.049109,0.233132,0.954471,-0.179504,-0.047718,0.233422,1.000000,
0.954472,-0.179504,-0.047718,0.233421,0.793664,-0.168831,-0.139474,0.567574,0.953739,-0.183358,-0.046775,0.233612,0.954471,-0.179504,-0.047718,0.233422,1.000000,
0.954472,-0.179504,-0.047718,0.233421,0.793664,-0.168831,-0.139474,0.567574,0.955525,-0.173812,-0.049109,0.233132,0.954471,-0.179504,-0.047718,0.233422,1.000000,
0.954472,-0.179504,-0.047718,0.233421,0.793664,-0.168831,-0.139474,0.567574,0.953739,-0.183358,-0.046775,0.233612,0.954471,-0.179504,-0.047718,0.233422,1.000000,
0.954472,-0.179504,-0.047718,0.233421,0.793664,-0.168831,-0.139474,0.567574,0.955525,-0.173812,-0.049109,0.233132,0.954471,-0.179504,-0.047718,0.233422,1.000000,
0.954472,-0.179504,-0.047718,0.233421,0.793664,-0.168831,-0.139474,0.567574,0.953739,-0.183358,-0.046775,0.233612,0.954471,-0.179504,-0.047718,0.233422,1.000000,
0.954472,-0.179504,-0.047718,0.233421,0.793664,-0.168831,-0.139474,0.567574,0.955525,-0.173812,-0.049108,0.233132,0.954471,-0.179504,-0.047718,0.233421,1.000000,
0.954472,-0.179504,-0.047718,0.233421,0.793664,-0.168831,-0.139474,0.567574,0.953739,-0.183358,-0.046775,0.233612,0.954471,-0.179504,-0.047718,0.233421,1.000000,
0.954472,-0.179504,-0.047718,0.233421,0.793664,-0.168831,-0.139474,0.567574,0.955525,-0.173812,-0.049108,0.233132,0.954471,-0.179504,-0.047718,0.233421,1.000000,
0.954472,-0.179504,-0.047718,0.233421,0.793664,-0.168831,-0.139474,0.567574,0.953739,-0.183358,-0.046775,0.233612,0.954471,-0.179504,-0.047718,0.233421,1.000000,
0.954472,-0.179504,-0.047718,0.233421,0.793664,-0.168831,-0.139474,0.567574,0.955525,-0.173812,-0.049108,0.233132,0.954471,-0.179504,-0.047718,0.233421,1.000000,
0.954472,-0.179504,-0.047718,0.233421,0.793664,-0.168831,-0.139474,0.567574,0.953739,-0.183358,-0.046775,0.233612,0.954471,-0.179504,-0.047718,0.233421,1.000000,
0.954472,-0.179504,-0.047718,0.233421,0.793664,-0.168831,-0.139474,0.567574,0.955525,-0.173812,-0.049108,0.233132,0.954471,-0.179504,-0.047718,0.233421,1.000000,
0.954472,-0.179504,-0.047718,0.233421,0.793664,-0.168831,-0.139474,0.567574,0.953739,-0.183359,-0.046775,0.233612,0.954471,-0.179504,-0.047718,0.233421,1.000000,
0.954472,-0.179504,-0.047718,0.233421,0.793664,-0.168831,-0.139474,0.567574,0.955525,-0.173812,-0.049108,0.233132,0.954471,-0.179504,-0.047718,0.233421,1.000000,
0.954472,-0.179504,-0.047718,0.233421,0.793664,-0.168831,-0.139474,0.567574,0.953739,-0.183359,-0.046775,0.233612,0.954471,-0.179504,-0.047718,0.233421,1.000000,
0.954472,-0.179504,-0.047718,0.233421,0.793664,-0.168831,-0.139474,0.567574,0.955524,-0.173812,-0.049108,0.233132,0.954471,-0.179504,-0.047718,0.233421,1.000000,
0.954472,-0.179504,-0.047718,0.233421,0.793664,-0.168831,-0.139474,0.567574,0.953739,-0.183359,-0.046775,0.233612,0.954471,-0.179504,-0.047718,0.233421,1.000000,
0.954472,-0.179504,-0.047718,0.233421,0.793664,-0.168831,-0.139474,0.567574,0.955524,-0.173812,-0.049108,0.233132,0.954471,-0.179504,-0.047718,0.233421,1.000000,
0.954472,-0.179504,-0.047718,0.233421,0.793664,-0.168831,-0.139474,0.567574,0.953739,-0.183359,-0.046775,0.233612,0.954471,-0.179504,-0.047718,0.233421,1.000000,
0.954472,-0.179504,-0.047718,0.233421,0.793664,-0.168831,-0.139474,0.567574,0.955524,-0.173812,-0.049108,0.233132,0.954471,-0.179504,-0.047718,0.233421,1.000000,
0.954472,-0.179504,-0.047718,0.233421,0.793664,-0.168831,-0.139474,0.567574,0.953739,-0.183359,-0.046775,0.233612,0.954471,-0.179504,-0.047718,0.233421,1.000000,
0.954472,-0.179504,-0.047718,0.233421,0.793664,-0.168831,-0.139474,0.567574,0.955524,-0.173813,-0.049108,0.233132,0.954471,-0.179504,-0.047718,0.233421,1.000000,
0.954472,-0.179504,-0.047718,0.233421,0.793664,-0.168831,-0.139474,0.567574,0.953739,-0.183359,-0.046775,0.233612,0.954471,-0.179504,-0.047718,0.233421,1.000000,
0.954472,-0.179504,-0.047718,0.233421,0.793664,-0.168831,-0.139474,0.567574,0.955524,-0.173813,-0.049108,0.233132,0.954471,-0.179504,-0.047718,0.233421,1.000000,
0.954472,-0.179504,-0.047718,0.233421,0.793664,-0.168831,-0.139474,0.567574,0.953739,-0.183359,-0.046775,0.233612,0.954471,-0.179504,-0.047718,0.233421,1.000000,
0.954472,-0.179504,-0.047718,0.233421,0.793664,-0.168831,-0.139474,0.567574,0.955524,-0.173813,-0.049108,0.233132,0.954471,-0.179504,-0.047718,0.233421,1.000000,
0.954472,-0.179504,-0.047718,0.233421,0.793664,-0.168831,-0.139474,0.567574,0.953739,-0.183359,-0.046775,0.233612,0.954471,-0.179504,-0.047718,0.233421,1.000000,
0.954472,-0.179504,-0.047718,0.233421,0.793664,-0.168831,-0.139474,0.567574,0.955524,-0.173813,-0.049108,0.233132,0.954471,-0.179504,-0.047718,0.233421,1.000000,
0.954472,-0.179504,-0.047718,0.233421,0.793664,-0.168831,-0.139474,0.567574,0.953738,-0.183359,-0.046774,0.233612,0.954471,-0.179504,-0.047718,0.233421,1.000000,
0.954472,-0.179504,-0.047718,0.233421,0.793664,-0.168831,-0.139474,0.567574,0.955524,-0.173813,-0.049108,0.233132,0.954471,-0.179504,-0.047718,0.233421,1.000000,
0.954472,-0.179504,-0.047718,0.233421,0.793664,-0.168831,-0.139474,0.567574,0.953738,-0.183359,-0.046774,0.233612,0.954471,-0.179504,-0.047718,0.233421,1.000000,
0.954472,-0.179504,-0.047718,0.233421,0.793664,-0.168831,-0.139474,0.567574,0.955524,-0.173813,-0.049108,0.233132,0.954471,-0.179504,-0.047718,0.233421,1.000000,
0.954472,-0.179504,-0.047718,0.233421,0.793664,-0.168831,-0.139474,0.567574,0.953738,-0.183359,-0.046774,0.233612,0.954471,-0.179504,-0.047718,0.233421,1.000000,
0.954472,-0.179504,-0.047718,0.233421,0.793664,-0.168831,-0.139474,0.567574,0.955524,-0.173813,-0.049108,0.233132,0.954471,-0.179504,-0.047718,0.233421,1.000000,
0.954472,-0.179504,-0.047718,0.233421,0.793664,-0.168831,-0.139474,0.567574,0.953738,-0.183360,-0.046774,0.233612,0.954471,-0.179504,-0.047718,0.233421,1.000000,
0.954472,-0.179504,-0.047718,0.233421,0.793664,-0.168831,-0.139474,0.567574,0.955524,-0.173813,-0.049108,0.233132,0.954471,-0.179504,-0.047718,0.233421,1.000000,
0.954472,-0.179504,-0.047718,0.233421,0.793664,-0.168831,-0.139474,0.567574,0.953738,-0.183360,-0.046774,0.233612,0.954471,-0.179504,-0.047718,0.233421,1.000000,
0.954472,-0.179504,-0.047718,0.233421,0.793664,-0.168831,-0.139474,0.567574,0.955524,-0.173813,-0.049108,0.233132,0.954471,-0.179504,-0.047718,0.233421,1.000000,
0.954472,-0.179504,-0.047718,0.233421,0.793664,-0.168831,-0.139474,0.567574,0.953738,-0.183360,-0.046774,0.233612,0.954471,-0.179504,-0.047718,0.233421,1.000000,
0.954472,-0.179504,-0.047718,0.233421,0.793664,-0.168831,-0.139474,0.567574,0.955524,-0.173813,-0.049108,0.233132,0.954471,-0.179504,-0.047718,0.233421,1.000000,
0.954472,-0.179504,-0.047718,0.233421,0.793664,-0.168831,-0.139474,0.567574,0.953738,-0.183360,-0.046774,0.233612,0.954471,-0.179504,-0.047718,0.233421,1.000000,
0.954472,-0.179504,-0.047718,0.233421,0.793664,-0.168831,-0.139474,0.567574,0.955524,-0.173813,-0.049108,0.233132,0.954471,-0.179504,-0.047718,0.233421,1.000000,
0.954472,-0.179504,-0.047718,0.233421,0.793664,-0.168831,-0.139474,0.567574,0.953738,-0.183360,-0.046774,0.233612,0.954471,-0.179504,-0.047718,0.233421,1.000000,
0.954472,-0.179504,-0.047718,0.233421,0.793664,-0.168831,-0.139474,0.567574,0.955524,-0.173814,-0.049108,0.233132,0.954471,-0.179504,-0.047718,0.233421,1.000000,
0.954472,-0.179504,-0.047718,0.233421,0.793664,-0.168831,-0.139474,0.567574,0.953738,-0.183360,-0.046774,0.233612,0.954471,-0.179504,-0.047718,0.233421,1.000000,
0.954472,-0.179504,-0.047718,0.233421,0.793664,-0.168831,-0.139474,0.567574,0.955524,-0.173814,-0.049108,0.233132,0.954471,-0.179504,-0.047718,0.233421,1.000000,
0.954472,-0.179504,-0.047718,0.233421,0.793664,-0.168831,-0.139474,0.567574,0.953738,-0.183360,-0.046774,0.233612,0.954471,-0.179504,-0.047718,0.233421,1.000000,
0.954472,-0.179504,-0.047718,0.233421,0.793664,-0.168831,-0.139474,0.567574,0.955524,-0.173814,-0.049108,0.233132,0.954471,-0.179504,-0.047718,0.233421,1.000000,
0.954472,-0.179504,-0.047718,0.233421,0.793664,-0.168831,-0.139474,0.567574,0.953738,-0.183360,-0.046774,0.233612,0.954471,-0.179504,-0.047718,0.233421,1.000000,
0.954472,-0.179504,-0.047718,0.233421,0.793664,-0.168831,-0.139474,0.567574,0.955524,-0.173814,-0.049108,0.233132,0.954471,-0.179504,-0.047718,0.233421,1.000000,
0.954472,-0.179504,-0.047718,0.233421,0.793664,-0.168831,-0.139474,0.567574,0.953738,-0.183360,-0.046774,0.233612,0.954471,-0.179504,-0.047718,0.233421,1.000000,
0.954472,-0.179504,-0.047718,0.233421,0.793664,-0.168831,-0.139474,0.567574,0.955524,-0.173814,-0.049108,0.233132,0.954471,-0.179504,-0.047718,0.233421,1.000000,
0.954472,-0.179504,-0.047718,0.233421,0.793664,-0.168831,-0.139474,0.567574,0.953738,-0.183360,-0.046774,0.233612,0.954471,-0.179504,-0.047718,0.233421,1.000000,
0.954472,-0.179504,-0.047718,0.233421,0.793664,-0.168831,-0.139474,0.567574,0.955524,-0.173814,-0.049108,0.233132,0.954471,-0.179504,-0.047718,0.233421,1.000000,
0.954472,-0.179504,-0.047718,0.233421,0.793664,-0.168831,-0.139474,0.567574,0.953738,-0.183360,-0.046774,0.233612,0.954471,-0.179504,-0.047718,0.233421,1.000000,
0.954472,-0.179504,-0.047718,0.233421,0.793664,-0.168831,-0.139474,0.567574,0.955524,-0.173814,-0.049108,0.233132,0.954471,-0.179504,-0.047718,0.233421,1.000000,
0.954472,-0.179504,-0.047718,0.233421,0.793664,-0.168831,-0.139474,0.567574,0.953738,-0.183361,-0.046774,0.233612,0.954471,-0.179504,-0.047718,0.233421,1.000000,
0.954472,-0.179504,-0.047718,0.233421,0.793664,-0.168831,-0.139474,0.567574,0.955524,-0.173814,-0.049108,0.233132,0.954471,-0.179504,-0.047718,0.233421,1.000000,
0.954472,-0.179504,-0.047718,0.233421,0.793664,-0.168831,-0.139474,0.567574,0.953738,-0.183361,-0.046774,0.233612,0.954471,-0.179504,-0.047718,0.233421,1.000000,
0.954472,-0.179504,-0.047718,0.233421,0.793664,-0.168831,-0.139474,0.567574,0.955524,-0.173814,-0.049108,0.233132,0.954471,-0.179504,-0.047718,0.233421,1.000000,
0.954472,-0.179504,-0.047718,0.233421,0.793664,-0.168831,-0.139474,0.567574,0.953738,-0.183361,-0.046774,0.233612,0.954471,-0.179504,-0.047718,0.233421,1.000000,
0.954472,-0.179504,-0.047718,0.233421,0.793664,-0.168831,-0.139474,0.567574,0.955524,-0.173814,-0.049108,0.233132,0.954471,-0.179504,-0.047718,0.233421,1.000000,
0.954472,-0.179504,-0.047718,0.233421,0.793664,-0.168831,-0.139474,0.567574,0.953738,-0.183361,-0.046774,0.233612,0.954471,-0.179504,-0.047718,0.233421,1.000000,
0.954472,-0.179504,-0.047718,0.233421,0.793664,-0.168831,-0.139474,0.567574,0.955524,-0.173814,-0.049108,0.233132,0.954471,-0.179504,-0.047718,0.233421,1.000000,
0.954472,-0.179504,-0.047718,0.233421,0.793664,-0.168831,-0.139474,0.567574,0.953738,-0.183361,-0.046774,0.233612,0.954471,-0.179504,-0.047718,0.233421,1.000000,
0.954472,-0.179504,-0.047718,0.233421,0.793664,-0.168831,-0.139474,0.567574,0.955524,-0.173815,-0.049108,0.233132,0.954471,-0.179504,-0.047718,0.233421,1.000000,
0.954472,-0.179504,-0.047718,0.233421,0.793664,-0.168831,-0.139474,0.567574,0.953738,-0.183361,-0.046774,0.233612,0.954471,-0.179504,-0.047718,0.233421,1.000000,
0.954472,-0.179504,-0.047718,0.233421,0.793664,-0.168831,-0.139474,0.567574,0.955524,-0.173815,-0.049108,0.233132,0.954471,-0.179504,-0.047718,0.233421,1.000000,
0.954472,-0.179504,-0.047718,0.233421,0.793664,-0.168831,-0.139474,0.567574,0.953738,-0.183361,-0.046774,0.233612,0.954471,-0.179504,-0.047718,0.233421,1.000000,
0.954472,-0.179504,-0.047718,0.233421,0.793664,-0.168831,-0.139474,0.567574,0.955524,-0.173815,-0.049108,0.233132,0.954471,-0.179504,-0.047718,0.233421,1.000000,
0.954472,-0.179504,-0.047718,0.233421,0.793664,-0.168831,-0.139474,0.567574,0.953738,-0.183361,-0.046774,0.233612,0.954471,-0.179504,-0.047718,0.233421,1.000000,
0.954472,-0.179504,-0.047718,0.233421,0.793664,-0.168831,-0.139474,0.567574,0.955524,-0.173815,-0.049108,0.233132,0.954471,-0.179504,-0.047718,0.233421,1.000000,
0.954472,-0.179504,-0.047718,0.233421,0.793664,-0.168831,-0.139474,0.567574,0.953738,-0.183361,-0.046774,0.233612,0.954471,-0.179504,-0.047718,0.233421,1.000000,
0.954472,-0.179504,-0.047718,0.233421,0.793664,-0.168831,-0.139474,0.567574,0.955524,-0.173815,-0.049108,0.233132,0.954471,-0.179504,-0.047718,0.233421,1.000000,
0.954472,-0.179504,-0.047718,0.233421,0.793664,-0.168831,-0.139474,0.567574,0.953738,-0.183361,-0.046774,0.233612,0.954471,-0.179504,-0.047718,0.233421,1.000000,
0.954472,-0.179504,-0.047718,0.233421,0.793664,-0.168831,-0.139474,0.567574,0.955524,-0.173815,-0.049108,0.233132,0.954471,-0.179504,-0.047718,0.233421,1.000000,
0.954472,-0.179504,-0.047718,0.233421,0.793664,-0.168831,-0.139474,0.567574,0.953738,-0.183361,-0.046774,0.233612,0.954471,-0.179504,-0.047718,0.233421,1.000000,
0.954472,-0.179504,-0.047718,0.233421,0.793664,-0.168831,-0.139474,0.567574,0.955524,-0.173815,-0.049108,0.233132,0.954471,-0.179504,-0.047718,0.233421,1.000000,
0.954472,-0.179504,-0.047718,0.233421,0.793664,-0.168831,-0.139474,0.567574,0.953738,-0.183362,-0.046774,0.233612,0.954471,-0.179504,-0.047718,0.233421,1.000000,
0.954472,-0.179504,-0.047718,0.233421,0.793664,-0.168831,-0.139474,0.567574,0.955524,-0.173815,-0.049108,0.233132,0.954471,-0.179504,-0.047718,0.233421,1.000000,
0.954472,-0.179504,-0.047718,0.233421,0.793664,-0.168831,-0.139474,0.567574,0.953738,-0.183362,-0.046774,0.233612,0.954471,-0.179504,-0.047718,0.233421,1.000000,
0.954472,-0.179504,-0.047718,0.233421,0.793664,-0.168831,-0.139474,0.567574,0.955524,-0.173815,-0.049108,0.233132,0.954471,-0.179504,-0.047718,0.233421,1.000000,
0.954472,-0.179504,-0.047718,0.233421,0.793664,-0.168831,-0.139474,0.567574,0.953738,-0.183362,-0.046774,0.233612,0.954471,-0.179504,-0.047718,0.233421,1.000000,
0.954472,-0.179504,-0.047718,0.233421,0.793664,-0.168831,-0.139474,0.567574,0.955524,-0.173815,-0.049108,0.233132,0.954471,-0.179504,-0.047718,0.233421,1.000000,
0.954472,-0.179504,-0.047718,0.233421,0.793664,-0.168831,-0.139474,0.567574,0.953738,-0.183362,-0.046774,0.233612,0.954471,-0.179504,-0.047718,0.233421,1.000000,
0.954472,-0.179504,-0.047718,0.233421,0.793664,-0.168831,-0.139474,0.567574,0.955524,-0.173815,-0.049108,0.233132,0.954471,-0.179504,-0.047718,0.233421,1.000000,
0.954472,-0.179504,-0.047718,0.233421,0.793664,-0.168831,-0.139474,0.567574,0.953738,-0.183362,-0.046774,0.233612,0.954471,-0.179504,-0.047718,0.233421,1.000000,
0.954472,-0.179504,-0.047718,0.233421,0.793664,-0.168831,-0.139474,0.567574,0.955524,-0.173816,-0.049108,0.233132,0.954471,-0.179504,-0.047718,0.233421,1.000000,
0.954472,-0.179504,-0.047718,0.233421,0.793664,-0.168831,-0.139474,0.567574,0.953738,-0.183362,-0.046774,0.233612,0.954471,-0.179504,-0.047718,0.233421,1.000000,
0.954472,-0.179504,-0.047718,0.233421,0.793664,-0.168831,-0.139474,0.567574,0.955524,-0.173816,-0.049108,0.233132,0.954471,-0.179504,-0.047718,0.233421,1.000000,
0.954472,-0.179504,-0.047718,0.233421,0.793664,-0.168831,-0.139474,0.567574,0.953738,-0.183362,-0.046774,0.233612,0.954471,-0.179504,-0.047718,0.233421,1.000000,
0.954472,-0.179504,-0.047718,0.233421,0.793664,-0.168831,-0.139474,0.567574,0.955524,-0.173816,-0.049108,0.233132,0.954471,-0.179504,-0.047718,0.233421,1.000000,
0.954472,-0.179504,-0.047718,0.233421,0.793664,-0.168831,-0.139474,0.567574,0.953738,-0.183362,-0.046774,0.233612,0.954471,-0.179504,-0.047718,0.233421,1.000000,
0.954472,-0.179504,-0.047718,0.233421,0.793664,-0.168831,-0.139474,0.567574,0.955524,-0.173816,-0.049108,0.233132,0.954471,-0.179504,-0.047718,0.233421,1.000000,
0.954472,-0.179504,-0.047718,0.233421,0.793664,-0.168831,-0.139474,0.567574,0.953738,-0.183362,-0.046774,0.233612,0.954471,-0.179504,-0.047718,0.233421,1.000000,
0.954472,-0.179504,-0.047718,0.233421,0.793664,-0.168831,-0.139474,0.567574,0.955524,-0.173816,-0.049107,0.233132,0.954471,-0.179504,-0.047718,0.233421,1.000000,
0.954472,-0.179504,-0.047718,0.233421,0.793664,-0.168831,-0.139474,0.567574,0.953738,-0.183362,-0.046774,0.233612,0.954471,-0.179504,-0.047718,0.233421,1.000000,
0.954472,-0.179504,-0.047718,0.233421,0.793664,-0.168831,-0.139474,0.567574,0.955524,-0.173816,-0.049107,0.233132,0.954471,-0.179504,-0.047718,0.233421,1.000000,
0.954472,-0.179504,-0.047718,0.233421,0.793664,-0.168831,-0.139474,0.567574,0.953738,-0.183362,-0.046774,0.233612,0.954471,-0.179504,-0.047718,0.233421,1.000000,
0.954472,-0.179504,-0.047718,0.233421,0.793664,-0.168831,-0.139474,0.567574,0.955524,-0.173816,-0.049107,0.233132,0.954471,-0.179504,-0.047718,0.233421,1.000000,
0.954472,-0.179504,-0.047718,0.233421,0.793664,-0.168831,-0.139474,0.567574,0.953738,-0.183363,-0.046774,0.233612,0.954471,-0.179504,-0.047718,0.233421,1.000000,
0.954472,-0.179504,-0.047718,0.233421,0.793664,-0.168831,-0.139474,0.567574,0.955524,-0.173816,-0.049107,0.233132,0.954471,-0.179504,-0.047718,0.233421,1.000000,
0.954472,-0.179504,-0.047718,0.233421,0.793664,-0.168831,-0.139474,0.567574,0.953738,-0.183363,-0.046774,0.233612,0.954471,-0.179504,-0.047718,0.233421,1.000000,
0.954472,-0.179504,-0.047718,0.233421,0.793664,-0.168831,-0.139474,0.567574,0.955524,-0.173816,-0.049107,0.233132,0.954471,-0.179504,-0.047718,0.233421,1.000000,
0.954472,-0.179504,-0.047718,0.233421,0.793664,-0.168831,-0.139474,0.567574,0.953738,-0.183363,-0.046774,0.233612,0.954471,-0.179504,-0.047718,0.233421,1.000000,
0.954472,-0.179504,-0.047718,0.233421,0.793664,-0.168831,-0.139474,0.567574,0.955524,-0.173816,-0.049107,0.233132,0.954471,-0.179504,-0.047718,0.233421,1.000000,
0.954472,-0.179504,-0.047718,0.233421,0.793664,-0.168831,-0.139474,0.567574,0.953738,-0.183363,-0.046774,0.233612,0.954471,-0.179504,-0.047718,0.233421,1.000000,
0.954472,-0.179504,-0.047718,0.233421,0.793664,-0.168831,-0.139474,0.567574,0.955524,-0.173816,-0.049107,0.233132,0.954471,-0.179504,-0.047718,0.233421,1.000000,
0.954472,-0.179504,-0.047718,0.233421,0.793664,-0.168831,-0.139474,0.567574,0.953738,-0.183363,-0.046774,0.233612,0.954471,-0.179504,-0.047718,0.233421,1.000000,
0.954472,-0.179504,-0.047718,0.233421,0.793664,-0.168831,-0.139474,0.567574,0.955524,-0.173817,-0.049107,0.233132,0.954471,-0.179504,-0.047718,0.233421,1.000000,
0.954472,-0.179504,-0.047718,0.233421,0.793664,-0.168831,-0.139474,0.567574,0.953738,-0.183363,-0.046774,0.233612,0.954471,-0.179504,-0.047718,0.233421,1.000000,
0.954472,-0.179504,-0.047718,0.233421,0.793664,-0.168831,-0.139474,0.567574,0.955524,-0.173817,-0.049107,0.233132,0.954471,-0.179504,-0.047718,0.233421,1.000000,
0.954472,-0.179504,-0.047718,0.233421,0.793664,-0.168831,-0.139474,0.567574,0.953738,-0.183363,-0.046774,0.233612,0.954471,-0.179504,-0.047718,0.233421,1.000000,
0.954472,-0.179504,-0.047718,0.233421,0.793664,-0.168831,-0.139474,0.567574,0.955524,-0.173817,-0.049107,0.233132,0.954471,-0.179504,-0.047718,0.233421,1.000000,
0.954472,-0.179504,-0.047718,0.233421,0.793664,-0.168831,-0.139474,0.567574,0.953738,-0.183363,-0.046774,0.233612,0.954471,-0.179504,-0.047718,0.233421,1.000000,
0.954472,-0.179504,-0.047718,0.233421,0.793664,-0.168831,-0.139474,0.567574,0.955524,-0.173817,-0.049107,0.233132,0.954471,-0.179504,-0.047718,0.233421,1.000000,
0.954472,-0.179504,-0.047718,0.233421,0.793664,-0.168831,-0.139474,0.567574,0.953738,-0.183363,-0.046773,0.233612,0.954471,-0.179504,-0.047718,0.233421,1.000000,
0.954472,-0.179504,-0.047718,0.233421,0.793664,-0.168831,-0.139474,0.567574,0.955524,-0.173817,-0.049107,0.233132,0.954471,-0.179504,-0.047718,0.233421,1.000000,
0.954472,-0.179504,-0.047718,0.233421,0.793664,-0.168831,-0.139474,0.567574,0.953738,-0.183363,-0.046773,0.233612,0.954471,-0.179504,-0.047718,0.233421,1.000000,
0.954472,-0.179504,-0.047718,0.233421,0.793664,-0.168831,-0.139474,0.567574,0.955524,-0.173817,-0.049107,0.233132,0.954471,-0.179504,-0.047718,0.233421,1.000000,
0.954472,-0.179504,-0.047718,0.233421,0.793664,-0.168831,-0.139474,0.567574,0.953738,-0.183363,-0.046773,0.233612,0.954471,-0.179504,-0.047718,0.233421,1.000000,
0.954472,-0.179504,-0.047718,0.233421,0.793664,-0.168831,-0.139474,0.567574,0.955524,-0.173817,-0.049107,0.233132,0.954471,-0.179504,-0.047718,0.233421,1.000000,
0.954472,-0.179504,-0.047718,0.233421,0.793664,-0.168831,-0.139474,0.567574,0.953738,-0.183364,-0.046773,0.233612,0.954471,-0.179504,-0.047718,0.233421,1.000000,
0.954472,-0.179504,-0.047718,0.233421,0.793664,-0.168831,-0.139474,0.567574,0.955524,-0.173817,-0.049107,0.233132,0.954471,-0.179504,-0.047718,0.233421,1.000000,
0.954472,-0.179504,-0.047718,0.233421,0.793664,-0.168831,-0.139474,0.567574,0.953738,-0.183364,-0.046773,0.233612,0.954471,-0.179504,-0.047718,0.233421,1.000000,
0.954472,-0.179504,-0.047718,0.233421,0.793664,-0.168831,-0.139474,0.567574,0.955524,-0.173817,-0.049107,0.233132,0.954471,-0.179504,-0.047718,0.233421,1.000000,
0.954472,-0.179504,-0.047718,0.233421,0.793664,-0.168831,-0.139474,0.567574,0.953738,-0.183364,-0.046773,0.233612,0.954471,-0.179504,-0.047718,0.233421,1.000000,
0.954472,-0.179504,-0.047718,0.233421,0.793664,-0.168831,-0.139474,0.567574,0.955524,-0.173817,-0.049107,0.233132,0.954471,-0.179504,-0.047718,0.233421,1.000000,
0.954472,-0.179504,-0.047718,0.233421,0.793664,-0.168831,-0.139474,0.567574,0.953738,-0.183364,-0.046773,0.233612,0.954471,-0.179504,-0.047718,0.233421,1.000000,
0.954472,-0.179504,-0.047718,0.233421,0.793664,-0.168831,-0.139474,0.567574,0.955524,-0.173817,-0.049107,0.233132,0.954471,-0.179504,-0.047718,0.233421,1.000000,
0.954472,-0.179504,-0.047718,0.233421,0.793664,-0.168831,-0.139474,0.567574,0.953738,-0.183364,-0.046773,0.233612,0.954471,-0.179504,-0.047718,0.233421,1.000000,
0.954472,-0.179504,-0.047718,0.233421,0.793664,-0.168831,-0.139474,0.567574,0.955524,-0.173818,-0.049107,0.233132,0.954471,-0.179504,-0.047718,0.233421,1.000000,
0.954472,-0.179504,-0.047718,0.233421,0.793664,-0.168831,-0.139474,0.567574,0.953738,-0.183364,-0.046773,0.233612,0.954471,-0.179504,-0.047718,0.233421,1.000000,
0.954472,-0.179504,-0.047718,0.233421,0.793664,-0.168831,-0.139474,0.567574,0.955524,-0.173818,-0.049107,0.233132,0.954471,-0.179504,-0.047718,0.233421,1.000000,
0.954472,-0.179504,-0.047718,0.233421,0.793664,-0.168831,-0.139474,0.567574,0.953738,-0.183364,-0.046773,0.233612,0.954471,-0.179504,-0.047718,0.233421,1.000000,
0.954472,-0.179504,-0.047718,0.233421,0.793664,-0.168831,-0.139474,0.567574,0.955523,-0.173818,-0.049107,0.233132,0.954471,-0.179504,-0.047718,0.233421,1.000000,
0.954472,-0.179504,-0.047718,0.233421,0.793664,-0.168831,-0.139474,0.567574,0.953738,-0.183364,-0.046773,0.233612,0.954471,-0.179504,-0.047718,0.233421,1.000000,
0.954472,-0.179504,-0.047718,0.233421,0.793664,-0.168831,-0.139474,0.567574,0.955523,-0.173818,-0.049107,0.233132,0.954471,-0.179504,-0.047718,0.233421,1.000000,
0.954472,-0.179504,-0.047718,0.233421,0.793664,-0.168831,-0.139474,0.567574,0.953738,-0.183364,-0.046773,0.233612,0.954471,-0.179504,-0.047718,0.233421,1.000000,
0.954472,-0.179504,-0.047718,0.233421,0.793664,-0.168831,-0.139474,0.567574,0.955523,-0.173818,-0.049107,0.233132,0.954471,-0.179504,-0.047718,0.233421,1.000000,
0.954472,-0.179504,-0.047718,0.233421,0.793664,-0.168831,-0.139474,0.567574,0.953738,-0.183364,-0.046773,0.233612,0.954471,-0.179504,-0.047718,0.233421,1.000000,
0.954472,-0.179504,-0.047718,0.233421,0.793664,-0.168831,-0.139474,0.567574,0.955523,-0.173818,-0.049107,0.233133,0.954471,-0.179504,-0.047718,0.233421,1.000000,
0.954472,-0.179504,-0.047718,0.233421,0.793664,-0.168831,-0.139474,0.567574,0.953737,-0.183364,-0.046773,0.233612,0.954471,-0.179504,-0.047718,0.233421,1.000000,
0.954472,-0.179504,-0.047718,0.233421,0.793664,-0.168831,-0.139474,0.567574,0.955523,-0.173818,-0.049107,0.233133,0.954471,-0.179504,-0.047718,0.233421,1.000000,
0.954472,-0.179504,-0.047718,0.233421,0.793664,-0.168831,-0.139474,0.567574,0.953737,-0.183365,-0.046773,0.233612,0.954471,-0.179504,-0.047718,0.233421,1.000000,
0.954472,-0.179504,-0.047718,0.233421,0.793664,-0.168831,-0.139474,0.567574,0.955523,-0.173818,-0.049107,0.233133,0.954471,-0.179504,-0.047718,0.233421,1.000000,
0.954472,-0.179504,-0.047718,0.233421,0.793664,-0.168831,-0.139474,0.567574,0.953737,-0.183365,-0.046773,0.233612,0.954471,-0.179504,-0.047718,0.233421,1.000000,
0.954472,-0.179504,-0.047718,0.233421,0.793664,-0.168831,-0.139474,0.567574,0.955523,-0.173818,-0.049107,0.233133,0.954471,-0.179504,-0.047718,0.233421,1.000000,
0.954472,-0.179504,-0.047718,0.233421,0.793664,-0.168831,-0.139474,0.567574,0.953737,-0.183365,-0.046773,0.233612,0.954471,-0.179504,-0.047718,0.233421,1.000000,
0.954472,-0.179504,-0.047718,0.233421,0.793664,-0.168831,-0.139474,0.567574,0.955523,-0.173818,-0.049107,0.233133,0.954471,-0.179504,-0.047718,0.233421,1.000000,
0.954472,-0.179504,-0.047718,0.233421,0.793664,-0.168831,-0.139474,0.567574,0.953737,-0.183365,-0.046773,0.233612,0.954471,-0.179504,-0.047718,0.233421,1.000000,
0.954472,-0.179504,-0.047718,0.233421,0.793664,-0.168831,-0.139474,0.567574,0.955523,-0.173818,-0.049107,0.233133,0.954471,-0.179504,-0.047718,0.233421,1.000000,
0.954472,-0.179504,-0.047718,0.233421,0.793664,-0.168831,-0.139474,0.567574,0.953737,-0.183365,-0.046773,0.233612,0.954471,-0.179504,-0.047718,0.233421,1.000000,
0.954472,-0.179504,-0.047718,0.233421,0.793664,-0.168831,-0.139474,0.567574,0.955523,-0.173819,-0.049107,0.233133,0.954471,-0.179504,-0.047718,0.233421,1.000000,
0.954472,-0.179504,-0.047718,0.233421,0.793664,-0.168831,-0.139474,0.567574,0.953737,-0.183365,-0.046773,0.233612,0.954471,-0.179504,-0.047718,0.233421,1.000000,
0.954472,-0.179504,-0.047718,0.233421,0.793664,-0.168831,-0.139474,0.567574,0.955523,-0.173819,-0.049107,0.233133,0.954471,-0.179504,-0.047718,0.233421,1.000000,
0.954472,-0.179504,-0.047718,0.233421,0.793664,-0.168831,-0.139474,0.567574,0.953737,-0.183365,-0.046773,0.233612,0.954471,-0.179504,-0.047718,0.233421,1.000000,
0.954472,-0.179504,-0.047718,0.233421,0.793664,-0.168831,-0.139474,0.567574,0.955523,-0.173819,-0.049107,0.233133,0.954471,-0.179504,-0.047718,0.233421,1.000000,
0.954472,-0.179504,-0.047718,0.233421,0.793664,-0.168831,-0.139474,0.567574,0.953737,-0.183365,-0.046773,0.233612,0.954471,-0.179504,-0.047718,0.233421,1.000000,
0.954472,-0.179504,-0.047718,0.233421,0.793664,-0.168831,-0.139474,0.567574,0.955523,-0.173819,-0.049107,0.233133,0.954471,-0.179504,-0.047718,0.233421,1.000000,
0.954472,-0.179504,-0.047718,0.233421,0.793664,-0.168831,-0.139474,0.567574,0.953737,-0.183365,-0.046773,0.233612,0.954471,-0.179504,-0.047718,0.233421,1.000000,
0.954472,-0.179504,-0.047718,0.233421,0.793664,-0.168831,-0.139474,0.567574,0.955523,-0.173819,-0.049107,0.233133,0.954471,-0.179504,-0.047718,0.233421,1.000000,
0.954472,-0.179504,-0.047718,0.233421,0.793664,-0.168831,-0.139474,0.567574,0.953737,-0.183365,-0.046773,0.233612,0.954471,-0.179504,-0.047718,0.233421,1.000000,
0.954472,-0.179504,-0.047718,0.233421,0.793664,-0.168831,-0.139474,0.567574,0.955523,-0.173819,-0.049107,0.233133,0.954471,-0.179504,-0.047718,0.233421,1.000000,
0.954472,-0.179504,-0.047718,0.233421,0.793664,-0.168831,-0.139474,0.567574,0.953737,-0.183365,-0.046773,0.233612,0.954471,-0.179504,-0.047718,0.233421,1.000000,
0.954472,-0.179504,-0.047718,0.233421,0.793664,-0.168831,-0.139474,0.567574,0.955523,-0.173819,-0.049107,0.233133,0.954471,-0.179504,-0.047718,0.233421,1.000000,
0.954472,-0.179504,-0.047718,0.233421,0.793664,-0.168831,-0.139474,0.567574,0.953737,-0.183366,-0.046773,0.233612,0.954471,-0.179504,-0.047718,0.233421,1.000000,
0.954472,-0.179504,-0.047718,0.233421,0.793664,-0.168831,-0.139474,0.567574,0.955523,-0.173819,-0.049107,0.233133,0.954471,-0.179504,-0.047718,0.233421,1.000000,
0.954472,-0.179504,-0.047718,0.233421,0.793664,-0.168831,-0.139474,0.567574,0.953737,-0.183366,-0.046773,0.233612,0.954471,-0.179504,-0.047718,0.233421,1.000000,
0.954472,-0.179504,-0.047718,0.233421,0.793664,-0.168831,-0.139474,0.567574,0.955523,-0.173819,-0.049107,0.233133,0.954471,-0.179504,-0.047718,0.233421,1.000000,
0.954472,-0.179504,-0.047718,0.233421,0.793664,-0.168831,-0.139474,0.567574,0.953737,-0.183366,-0.046773,0.233612,0.954471,-0.179504,-0.047718,0.233421,1.000000,
0.954472,-0.179504,-0.047718,0.233421,0.793664,-0.168831,-0.139474,0.567574,0.955523,-0.173819,-0.049107,0.233133,0.954471,-0.179504,-0.047718,0.233421,1.000000,
0.954472,-0.179504,-0.047718,0.233421,0.793664,-0.168831,-0.139474,0.567574,0.953737,-0.183366,-0.046773,0.233612,0.954471,-0.179504,-0.047718,0.233421,1.000000,
0.954472,-0.179504,-0.047718,0.233421,0.793664,-0.168831,-0.139474,0.567574,0.955523,-0.173819,-0.049107,0.233133,0.954471,-0.179504,-0.047718,0.233421,1.000000,
0.954472,-0.179504,-0.047718,0.233421,0.793664,-0.168831,-0.139474,0.567574,0.953737,-0.183366,-0.046773,0.233612,0.954471,-0.179504,-0.047718,0.233421,1.000000,
0.954472,-0.179504,-0.047718,0.233421,0.793664,-0.168831,-0.139474,0.567574,0.955523,-0.173820,-0.049107,0.233133,0.954471,-0.179504,-0.047718,0.233421,1.000000,
0.954472,-0.179504,-0.047718,0.233421,0.793664,-0.168831,-0.139474,0.567574,0.953737,-0.183366,-0.046773,0.233612,0.954471,-0.179504,-0.047718,0.233421,1.000000,
0.954472,-0.179504,-0.047718,0.233421,0.793664,-0.168831,-0.139474,0.567574,0.955523,-0.173820,-0.049107,0.233133,0.954471,-0.179504,-0.047718,0.233421,1.000000,
0.954472,-0.179504,-0.047718,0.233421,0.793664,-0.168831,-0.139474,0.567574,0.953737,-0.183366,-0.046773,0.233612,0.954471,-0.179504,-0.047718,0.233421,1.000000,
0.954472,-0.179504,-0.047718,0.233421,0.793664,-0.168831,-0.139474,0.567574,0.955523,-0.173820,-0.049107,0.233133,0.954471,-0.179504,-0.047718,0.233421,1.000000,
0.954472,-0.179504,-0.047718,0.233421,0.793664,-0.168831,-0.139474,0.567574,0.953737,-0.183366,-0.046773,0.233612,0.954471,-0.179504,-0.047718,0.233421,1.000000,
0.954472,-0.179504,-0.047718,0.233421,0.793664,-0.168831,-0.139474,0.567574,0.955523,-0.173820,-0.049107,0.233133,0.954471,-0.179504,-0.047718,0.233421,1.000000,
0.954472,-0.179504,-0.047718,0.233421,0.793664,-0.168831,-0.139474,0.567574,0.953737,-0.183366,-0.046773,0.233612,0.954471,-0.179504,-0.047718,0.233421,1.000000,
0.954472,-0.179504,-0.047718,0.233421,0.793664,-0.168831,-0.139474,0.567574,0.955523,-0.173820,-0.049106,0.233133,0.954471,-0.179504,-0.047718,0.233421,1.000000,
0.954472,-0.179504,-0.047718,0.233421,0.793664,-0.168831,-0.139474,0.567574,0.953737,-0.183366,-0.046773,0.233612,0.954471,-0.179504,-0.047718,0.233421,1.000000,
0.954472,-0.179504,-0.047718,0.233421,0.793664,-0.168831,-0.139474,0.567574,0.955523,-0.173820,-0.049106,0.233133,0.954471,-0.179504,-0.047718,0.233421,1.000000,
0.954472,-0.179504,-0.047718,0.233421,0.793664,-0.168831,-0.139474,0.567574,0.953737,-0.183366,-0.046773,0.233612,0.954471,-0.179504,-0.047718,0.233421,1.000000,
0.954472,-0.179504,-0.047718,0.233421,0.793664,-0.168831,-0.139474,0.567574,0.955523,-0.173820,-0.049106,0.233133,0.954471,-0.179504,-0.047718,0.233421,1.000000,
0.954472,-0.179504,-0.047718,0.233421,0.793664,-0.168831,-0.139474,0.567574,0.953737,-0.183367,-0.046773,0.233612,0.954471,-0.179504,-0.047718,0.233421,1.000000,
0.954472,-0.179504,-0.047718,0.233421,0.793664,-0.168831,-0.139474,0.567574,0.955523,-0.173820,-0.049106,0.233133,0.954471,-0.179504,-0.047718,0.233421,1.000000,
0.954472,-0.179504,-0.047718,0.233421,0.793664,-0.168831,-0.139474,0.567574,0.953737,-0.183367,-0.046773,0.233612,0.954471,-0.179504,-0.047718,0.233421,1.000000,
0.954472,-0.179504,-0.047718,0.233421,0.793664,-0.168831,-0.139474,0.567574,0.955523,-0.173820,-0.049106,0.233133,0.954471,-0.179504,-0.047718,0.233421,1.000000,
0.954472,-0.179504,-0.047718,0.233421,0.793664,-0.168831,-0.139474,0.567574,0.953737,-0.183367,-0.046773,0.233612,0.954471,-0.179504,-0.047718,0.233421,1.000000,
0.954472,-0.179504,-0.047718,0.233421,0.793664,-0.168831,-0.139474,0.567574,0.955523,-0.173820,-0.049106,0.233133,0.954471,-0.179504,-0.047718,0.233421,1.000000,
0.954472,-0.179504,-0.047718,0.233421,0.793664,-0.168831,-0.139474,0.567574,0.953737,-0.183367,-0.046773,0.233612,0.954471,-0.179504,-0.047718,0.233421,1.000000,
0.954472,-0.179504,-0.047718,0.233421,0.793664,-0.168831,-0.139474,0.567574,0.955523,-0.173820,-0.049106,0.233133,0.954471,-0.179504,-0.047718,0.233421,1.000000,
0.954472,-0.179504,-0.047718,0.233421,0.793664,-0.168831,-0.139474,0.567574,0.953737,-0.183367,-0.046773,0.233612,0.954471,-0.179504,-0.047718,0.233421,1.000000,
0.954472,-0.179504,-0.047718,0.233421,0.793664,-0.168831,-0.139474,0.567574,0.955523,-0.173821,-0.049106,0.233133,0.954471,-0.179504,-0.047718,0.233421,1.000000,
0.954472,-0.179504,-0.047718,0.233421,0.793664,-0.168831,-0.139474,0.567574,0.953737,-0.183367,-0.046773,0.233612,0.954471,-0.179504,-0.047718,0.233421,1.000000,
0.954472,-0.179504,-0.047718,0.233421,0.793664,-0.168831,-0.139474,0.567574,0.955523,-0.173821,-0.049106,0.233133,0.954471,-0.179504,-0.047718,0.233421,1.000000,
0.954472,-0.179504,-0.047718,0.233421,0.793664,-0.168831,-0.139474,0.567574,0.953737,-0.183367,-0.046773,0.233612,0.954471,-0.179504,-0.047718,0.233421,1.000000,
0.954472,-0.179504,-0.047718,0.233421,0.793664,-0.168831,-0.139474,0.567574,0.955523,-0.173821,-0.049106,0.233133,0.954471,-0.179504,-0.047718,0.233421,1.000000,
0.954472,-0.179504,-0.047718,0.233421,0.793664,-0.168831,-0.139474,0.567574,0.953737,-0.183367,-0.046773,0.233612,0.954471,-0.179504,-0.047718,0.233421,1.000000,
0.954472,-0.179504,-0.047718,0.233421,0.793664,-0.168831,-0.139474,0.567574,0.955523,-0.173821,-0.049106,0.233133,0.954471,-0.179504,-0.047718,0.233421,1.000000,
0.954472,-0.179504,-0.047718,0.233421,0.793664,-0.168831,-0.139474,0.567574,0.953737,-0.183367,-0.046773,0.233612,0.954472,-0.179504,-0.047718,0.233421,1.000000,
0.954472,-0.179504,-0.047718,0.233421,0.793664,-0.168831,-0.139474,0.567574,0.955523,-0.173821,-0.049106,0.233133,0.954472,-0.179504,-0.047718,0.233421,1.000000,
0.954472,-0.179504,-0.047718,0.233421,0.793664,-0.168831,-0.139474,0.567574,0.953737,-0.183367,-0.046772,0.233612,0.954472,-0.179504,-0.047718,0.233421,1.000000,
0.954472,-0.179504,-0.047718,0.233421,0.793664,-0.168831,-0.139474,0.567574,0.955523,-0.173821,-0.049106,0.233133,0.954472,-0.179504,-0.047718,0.233421,1.000000,
0.954472,-0.179504,-0.047718,0.233421,0.793664,-0.168831,-0.139474,0.567574,0.953737,-0.183367,-0.046772,0.233612,0.954472,-0.179504,-0.047718,0.233421,1.000000,
0.954472,-0.179504,-0.047718,0.233421,0.793664,-0.168831,-0.139474,0.567574,0.955523,-0.173821,-0.049106,0.233133,0.954472,-0.179504,-0.047718,0.233421,1.000000,
0.954472,-0.179504,-0.047718,0.233421,0.793664,-0.168831,-0.139474,0.567574,0.953737,-0.183368,-0.046772,0.233612,0.954472,-0.179504,-0.047718,0.233421,1.000000,
0.954472,-0.179504,-0.047718,0.233421,0.793664,-0.168831,-0.139474,0.567574,0.955523,-0.173821,-0.049106,0.233133,0.954472,-0.179504,-0.047718,0.233421,1.000000,
0.954472,-0.179504,-0.047718,0.233421,0.793664,-0.168831,-0.139474,0.567574,0.953737,-0.183368,-0.046772,0.233612,0.954472,-0.179504,-0.047718,0.233421,1.000000,
0.954472,-0.179504,-0.047718,0.233421,0.793664,-0.168831,-0.139474,0.567574,0.955523,-0.173821,-0.049106,0.233133,0.954472,-0.179504,-0.047718,0.233421,1.000000,
0.954472,-0.179504,-0.047718,0.233421,0.793664,-0.168831,-0.139474,0.567574,0.953737,-0.183368,-0.046772,0.233612,0.954472,-0.179504,-0.047718,0.233421,1.000000,
0.954472,-0.179504,-0.047718,0.233421,0.793664,-0.168831,-0.139474,0.567574,0.955523,-0.173821,-0.049106,0.233133,0.954472,-0.179504,-0.047718,0.233421,1.000000,
0.954472,-0.179504,-0.047718,0.233421,0.793664,-0.168831,-0.139474,0.567574,0.953737,-0.183368,-0.046772,0.233612,0.954472,-0.179504,-0.047718,0.233421,1.000000,
0.954472,-0.179504,-0.047718,0.233421,0.793664,-0.168831,-0.139474,0.567574,0.955523,-0.173821,-0.049106,0.233133,0.954472,-0.179504,-0.047718,0.233421,1.000000,
0.954472,-0.179504,-0.047718,0.233421,0.793664,-0.168831,-0.139474,0.567574,0.953737,-0.183368,-0.046772,0.233612,0.954472,-0.179504,-0.047718,0.233421,1.000000,
0.954472,-0.179504,-0.047718,0.233421,0.793664,-0.168831,-0.139474,0.567574,0.955523,-0.173822,-0.049106,0.233133,0.954472,-0.179504,-0.047718,0.233421,1.000000,
0.954472,-0.179504,-0.047718,0.233421,0.793664,-0.168831,-0.139474,0.567574,0.953737,-0.183368,-0.046772,0.233612,0.954472,-0.179504,-0.047718,0.233421,1.000000,
0.954472,-0.179504,-0.047718,0.233421,0.793664,-0.168831,-0.139474,0.567574,0.955523,-0.173822,-0.049106,0.233133,0.954472,-0.179504,-0.047718,0.233421,1.000000,
0.954472,-0.179504,-0.047718,0.233421,0.793664,-0.168831,-0.139474,0.567574,0.953737,-0.183368,-0.046772,0.233612,0.954472,-0.179504,-0.047718,0.233421,1.000000,
0.954472,-0.179504,-0.047718,0.233421,0.793664,-0.168831,-0.139474,0.567574,0.955523,-0.173822,-0.049106,0.233133,0.954472,-0.179504,-0.047718,0.233421,1.000000,
0.954472,-0.179504,-0.047718,0.233421,0.793664,-0.168831,-0.139474,0.567574,0.953737,-0.183368,-0.046772,0.233612,0.954472,-0.179504,-0.047718,0.233421,1.000000,
0.954472,-0.179504,-0.047718,0.233421,0.793664,-0.168831,-0.139474,0.567574,0.955523,-0.173822,-0.049106,0.233133,0.954472,-0.179504,-0.047718,0.233421,1.000000,
0.954472,-0.179504,-0.047718,0.233421,0.793664,-0.168831,-0.139474,0.567574,0.953737,-0.183368,-0.046772,0.233612,0.954472,-0.179504,-0.047718,0.233421,1.000000,
0.954472,-0.179504,-0.047718,0.233421,0.793664,-0.168831,-0.139474,0.567574,0.955523,-0.173822,-0.049106,0.233133,0.954472,-0.179504,-0.047718,0.233421,1.000000,
0.954472,-0.179504,-0.047718,0.233421,0.793664,-0.168831,-0.139474,0.567574,0.953737,-0.183368,-0.046772,0.233612,0.954472,-0.179504,-0.047718,0.233421,1.000000,
0.954472,-0.179504,-0.047718,0.233421,0.793664,-0.168831,-0.139474,0.567574,0.955523,-0.173822,-0.049106,0.233133,0.954472,-0.179504,-0.047718,0.233421,1.000000,
0.954472,-0.179504,-0.047718,0.233421,0.793664,-0.168831,-0.139474,0.567574,0.953737,-0.183368,-0.046772,0.233612,0.954472,-0.179504,-0.047718,0.233421,1.000000,
0.954472,-0.179504,-0.047718,0.233421,0.793664,-0.168831,-0.139474,0.567574,0.955523,-0.173822,-0.049106,0.233133,0.954472,-0.179504,-0.047718,0.233421,1.000000,
0.954472,-0.179504,-0.047718,0.233421,0.793664,-0.168831,-0.139474,0.567574,0.953737,-0.183369,-0.046772,0.233612,0.954472,-0.179504,-0.047718,0.233421,1.000000,
0.954472,-0.179504,-0.047718,0.233421,0.793664,-0.168831,-0.139474,0.567574,0.955523,-0.173822,-0.049106,0.233133,0.954472,-0.179504,-0.047718,0.233421,1.000000,
0.954472,-0.179504,-0.047718,0.233421,0.793664,-0.168831,-0.139474,0.567574,0.953737,-0.183369,-0.046772,0.233612,0.954472,-0.179504,-0.047718,0.233421,1.000000,
0.954472,-0.179504,-0.047718,0.233421,0.793664,-0.168831,-0.139474,0.567574,0.955523,-0.173822,-0.049106,0.233133,0.954472,-0.179504,-0.047718,0.233421,1.000000,
0.954472,-0.179504,-0.047718,0.233421,0.793664,-0.168831,-0.139474,0.567574,0.953737,-0.183369,-0.046772,0.233612,0.954472,-0.179504,-0.047718,0.233421,1.000000,
0.954472,-0.179504,-0.047718,0.233421,0.793664,-0.168831,-0.139474,0.567574,0.955523,-0.173822,-0.049106,0.233133,0.954472,-0.179504,-0.047718,0.233421,1.000000,
0.954472,-0.179504,-0.047718,0.233421,0.793664,-0.168831,-0.139474,0.567574,0.953737,-0.183369,-0.046772,0.233612,0.954472,-0.179504,-0.047718,0.233421,1.000000,
0.954472,-0.179504,-0.047718,0.233421,0.793664,-0.168831,-0.139474,0.567574,0.955523,-0.173822,-0.049106,0.233133,0.954472,-0.179504,-0.047718,0.233421,1.000000,
0.954472,-0.179504,-0.047718,0.233421,0.793664,-0.168831,-0.139474,0.567574,0.953737,-0.183369,-0.046772,0.233612,0.954472,-0.179504,-0.047718,0.233421,1.000000,
0.954472,-0.179504,-0.047718,0.233421,0.793664,-0.168831,-0.139474,0.567574,0.955523,-0.173823,-0.049106,0.233133,0.954472,-0.179504,-0.047718,0.233421,1.000000,
0.954472,-0.179504,-0.047718,0.233421,0.793664,-0.168831,-0.139474,0.567574,0.953737,-0.183369,-0.046772,0.233612,0.954472,-0.179504,-0.047718,0.233421,1.000000,
0.954472,-0.179504,-0.047718,0.233421,0.793664,-0.168831,-0.139474,0.567574,0.955523,-0.173823,-0.049106,0.233133,0.954472,-0.179504,-0.047718,0.233421,1.000000,
0.954472,-0.179504,-0.047718,0.233421,0.793664,-0.168831,-0.139474,0.567574,0.953737,-0.183369,-0.046772,0.233612,0.954472,-0.179504,-0.047718,0.233421,1.000000,
0.954472,-0.179504,-0.047718,0.233421,0.793664,-0.168831,-0.139474,0.567574,0.955523,-0.173823,-0.049106,0.233133,0.954472,-0.179504,-0.047718,0.233421,1.000000,
0.954472,-0.179504,-0.047718,0.233421,0.793664,-0.168831,-0.139474,0.567574,0.953737,-0.183369,-0.046772,0.233612,0.954472,-0.179504,-0.047718,0.233421,1.000000,
0.954472,-0.179504,-0.047718,0.233421,0.793664,-0.168831,-0.139474,0.567574,0.955523,-0.173823,-0.049106,0.233133,0.954472,-0.179504,-0.047718,0.233421,1.000000,
0.954472,-0.179504,-0.047718,0.233421,0.793664,-0.168831,-0.139474,0.567574,0.953737,-0.183369,-0.046772,0.233612,0.954472,-0.179504,-0.047718,0.233421,1.000000,
0.954472,-0.179504,-0.047718,0.233421,0.793664,-0.168831,-0.139474,0.567574,0.955523,-0.173823,-0.049106,0.233133,0.954472,-0.179504,-0.047718,0.233421,1.000000,
0.954472,-0.179504,-0.047718,0.233421,0.793664,-0.168831,-0.139474,0.567574,0.953737,-0.183369,-0.046772,0.233612,0.954472,-0.179504,-0.047718,0.233421,1.000000,
0.954472,-0.179504,-0.047718,0.233421,0.793664,-0.168831,-0.139474,0.567574,0.955523,-0.173823,-0.049106,0.233133,0.954472,-0.179504,-0.047718,0.233421,1.000000,
0.954472,-0.179504,-0.047718,0.233421,0.793664,-0.168831,-0.139474,0.567574,0.953737,-0.183369,-0.046772,0.233612,0.954472,-0.179504,-0.047718,0.233421,1.000000,
0.954472,-0.179504,-0.047718,0.233421,0.793664,-0.168831,-0.139474,0.567574,0.955523,-0.173823,-0.049106,0.233133,0.954472,-0.179504,-0.047718,0.233421,1.000000,
0.954472,-0.179504,-0.047718,0.233421,0.793664,-0.168831,-0.139474,0.567574,0.953737,-0.183370,-0.046772,0.233612,0.954472,-0.179504,-0.047718,0.233421,1.000000,
0.954472,-0.179504,-0.047718,0.233421,0.793664,-0.168831,-0.139474,0.567574,0.955522,-0.173823,-0.049106,0.233133,0.954472,-0.179504,-0.047718,0.233421,1.000000,
0.954472,-0.179504,-0.047718,0.233421,0.793664,-0.168831,-0.139474,0.567574,0.953737,-0.183370,-0.046772,0.233612,0.954472,-0.179504,-0.047718,0.233421,1.000000,
0.954472,-0.179504,-0.047718,0.233421,0.793664,-0.168831,-0.139474,0.567574,0.955522,-0.173823,-0.049106,0.233133,0.954472,-0.179504,-0.047718,0.233421,1.000000,
0.954472,-0.179504,-0.047718,0.233421,0.793664,-0.168831,-0.139474,0.567574,0.953736,-0.183370,-0.046772,0.233612,0.954472,-0.179504,-0.047718,0.233421,1.000000,
0.954472,-0.179504,-0.047718,0.233421,0.793664,-0.168831,-0.139474,0.567574,0.955522,-0.173823,-0.049106,0.233133,0.954472,-0.179504,-0.047718,0.233421,1.000000,
0.954472,-0.179504,-0.047718,0.233421,0.793664,-0.168831,-0.139474,0.567574,0.953736,-0.183370,-0.046772,0.233612,0.954472,-0.179504,-0.047718,0.233421,1.000000,
0.954472,-0.179504,-0.047718,0.233421,0.793664,-0.168831,-0.139474,0.567574,0.955522,-0.173823,-0.049106,0.233133,0.954472,-0.179504,-0.047718,0.233421,1.000000,
0.954472,-0.179504,-0.047718,0.233421,0.793664,-0.168831,-0.139474,0.567574,0.953736,-0.183370,-0.046772,0.233612,0.954472,-0.179504,-0.047718,0.233421,1.000000,
0.954472,-0.179504,-0.047718,0.233421,0.793664,-0.168831,-0.139474,0.567574,0.955522,-0.173824,-0.049106,0.233133,0.954472,-0.179504,-0.047718,0.233421,1.000000,
0.954472,-0.179504,-0.047718,0.233421,0.793664,-0.168831,-0.139474,0.567574,0.953736,-0.183370,-0.046772,0.233612,0.954472,-0.179504,-0.047718,0.233421,1.000000,
0.954472,-0.179504,-0.047718,0.233421,0.793664,-0.168831,-0.139474,0.567574,0.955522,-0.173824,-0.049106,0.233133,0.954472,-0.179504,-0.047718,0.233421,1.000000,
0.954472,-0.179504,-0.047718,0.233421,0.793664,-0.168831,-0.139474,0.567574,0.953736,-0.183370,-0.046772,0.233612,0.954472,-0.179504,-0.047718,0.233421,1.000000,
0.954472,-0.179504,-0.047718,0.233421,0.793664,-0.168831,-0.139474,0.567574,0.955522,-0.173824,-0.049106,0.233133,0.954472,-0.179504,-0.047718,0.233421,1.000000,
0.954472,-0.179504,-0.047718,0.233421,0.793664,-0.168831,-0.139474,0.567574,0.953736,-0.183370,-0.046772,0.233612,0.954472,-0.179504,-0.047718,0.233421,1.000000,
0.954472,-0.179504,-0.047718,0.233421,0.793664,-0.168831,-0.139474,0.567574,0.955522,-0.173824,-0.049106,0.233133,0.954472,-0.179504,-0.047718,0.233421,1.000000,
0.954472,-0.179504,-0.047718,0.233421,0.793664,-0.168831,-0.139474,0.567574,0.953736,-0.183370,-0.046772,0.233612,0.954472,-0.179504,-0.047718,0.233421,1.000000,
0.954472,-0.179504,-0.047718,0.233421,0.793664,-0.168831,-0.139474,0.567574,0.955522,-0.173824,-0.049106,0.233133,0.954472,-0.179504,-0.047718,0.233421,1.000000,
0.954472,-0.179504,-0.047718,0.233421,0.793664,-0.168831,-0.139474,0.567574,0.953736,-0.183370,-0.046772,0.233612,0.954472,-0.179504,-0.047718,0.233421,1.000000,
0.954472,-0.179504,-0.047718,0.233421,0.793664,-0.168831,-0.139474,0.567574,0.955522,-0.173824,-0.049106,0.233133,0.954472,-0.179504,-0.047718,0.233421,1.000000,
0.954472,-0.179504,-0.047718,0.233421,0.793664,-0.168831,-0.139474,0.567574,0.953736,-0.183370,-0.046772,0.233612,0.954472,-0.179504,-0.047718,0.233421,1.000000,
0.954472,-0.179504,-0.047718,0.233421,0.793664,-0.168831,-0.139474,0.567574,0.955522,-0.173824,-0.049105,0.233133,0.954472,-0.179504,-0.047718,0.233421,1.000000,
0.954472,-0.179504,-0.047718,0.233421,0.793664,-0.168831,-0.139474,0.567574,0.953736,-0.183371,-0.046772,0.233612,0.954472,-0.179504,-0.047718,0.233421,1.000000,
0.954472,-0.179504,-0.047718,0.233421,0.793664,-0.168831,-0.139474,0.567574,0.955522,-0.173824,-0.049105,0.233133,0.954472,-0.179504,-0.047718,0.233421,1.000000,
0.954472,-0.179504,-0.047718,0.233421,0.793664,-0.168831,-0.139474,0.567574,0.953736,-0.183371,-0.046772,0.233612,0.954472,-0.179504,-0.047718,0.233421,1.000000,
0.954472,-0.179504,-0.047718,0.233421,0.793664,-0.168831,-0.139474,0.567574,0.955522,-0.173824,-0.049105,0.233133,0.954472,-0.179504,-0.047718,0.233421,1.000000,
0.954472,-0.179504,-0.047718,0.233421,0.793664,-0.168831,-0.139474,0.567574,0.953736,-0.183371,-0.046772,0.233612,0.954472,-0.179504,-0.047718,0.233421,1.000000,
0.954472,-0.179504,-0.047718,0.233421,0.793664,-0.168831,-0.139474,0.567574,0.955522,-0.173824,-0.049105,0.233133,0.954472,-0.179504,-0.047718,0.233421,1.000000,
0.954472,-0.179504,-0.047718,0.233421,0.793664,-0.168831,-0.139474,0.567574,0.953736,-0.183371,-0.046772,0.233612,0.954472,-0.179504,-0.047718,0.233421,1.000000,
0.954472,-0.179504,-0.047718,0.233421,0.793664,-0.168831,-0.139474,0.567574,0.955522,-0.173824,-0.049105,0.233133,0.954472,-0.179504,-0.047718,0.233421,1.000000,
0.954472,-0.179504,-0.047718,0.233421,0.793664,-0.168831,-0.139474,0.567574,0.953736,-0.183371,-0.046772,0.233612,0.954472,-0.179504,-0.047718,0.233421,1.000000,
0.954472,-0.179504,-0.047718,0.233421,0.793664,-0.168831,-0.139474,0.567574,0.955522,-0.173825,-0.049105,0.233133,0.954472,-0.179504,-0.047718,0.233421,1.000000,
0.954472,-0.179504,-0.047718,0.233421,0.793664,-0.168831,-0.139474,0.567574,0.953736,-0.183371,-0.046772,0.233612,0.954472,-0.179504,-0.047718,0.233421,1.000000,
0.954472,-0.179504,-0.047718,0.233421,0.793664,-0.168831,-0.139474,0.567574,0.955522,-0.173825,-0.049105,0.233133,0.954472,-0.179504,-0.047718,0.233421,1.000000,
0.954472,-0.179504,-0.047718,0.233421,0.793664,-0.168831,-0.139474,0.567574,0.953736,-0.183371,-0.046772,0.233612,0.954472,-0.179504,-0.047718,0.233421,1.000000,
0.954472,-0.179504,-0.047718,0.233421,0.793664,-0.168831,-0.139474,0.567574,0.955522,-0.173825,-0.049105,0.233133,0.954472,-0.179504,-0.047718,0.233421,1.000000,
0.954472,-0.179504,-0.047718,0.233421,0.793664,-0.168831,-0.139474,0.567574,0.953736,-0.183371,-0.046772,0.233612,0.954472,-0.179504,-0.047718,0.233421,1.000000,
0.954472,-0.179504,-0.047718,0.233421,0.793664,-0.168831,-0.139474,0.567574,0.955522,-0.173825,-0.049105,0.233133,0.954472,-0.179504,-0.047718,0.233421,1.000000,
0.954472,-0.179504,-0.047718,0.233421,0.793664,-0.168831,-0.139474,0.567574,0.953736,-0.183371,-0.046772,0.233612,0.954472,-0.179504,-0.047718,0.233421,1.000000,
0.954472,-0.179504,-0.047718,0.233421,0.793664,-0.168831,-0.139474,0.567574,0.955522,-0.173825,-0.049105,0.233133,0.954472,-0.179504,-0.047718,0.233421,1.000000,
0.954472,-0.179504,-0.047718,0.233421,0.793664,-0.168831,-0.139474,0.567574,0.953736,-0.183371,-0.046772,0.233612,0.954472,-0.179504,-0.047718,0.233421,1.000000,
0.954472,-0.179504,-0.047718,0.233421,0.793664,-0.168831,-0.139474,0.567574,0.955522,-0.173825,-0.049105,0.233133,0.954472,-0.179504,-0.047718,0.233421,1.000000,
0.954472,-0.179504,-0.047718,0.233421,0.793664,-0.168831,-0.139474,0.567574,0.953736,-0.183371,-0.046771,0.233612,0.954472,-0.179504,-0.047718,0.233421,1.000000,
0.954472,-0.179504,-0.047718,0.233421,0.793664,-0.168831,-0.139474,0.567574,0.955522,-0.173825,-0.049105,0.233133,0.954472,-0.179504,-0.047718,0.233421,1.000000,
0.954472,-0.179504,-0.047718,0.233421,0.793664,-0.168831,-0.139474,0.567574,0.953736,-0.183372,-0.046771,0.233612,0.954472,-0.179504,-0.047718,0.233421,1.000000,
0.954472,-0.179504,-0.047718,0.233421,0.793664,-0.168831,-0.139474,0.567574,0.955522,-0.173825,-0.049105,0.233133,0.954472,-0.179504,-0.047718,0.233421,1.000000,
0.954472,-0.179504,-0.047718,0.233421,0.793664,-0.168831,-0.139474,0.567574,0.953736,-0.183372,-0.046771,0.233612,0.954472,-0.179504,-0.047718,0.233421,1.000000,
0.954472,-0.179504,-0.047718,0.233421,0.793664,-0.168831,-0.139474,0.567574,0.955522,-0.173825,-0.049105,0.233133,0.954472,-0.179504,-0.047718,0.233421,1.000000,
0.954472,-0.179504,-0.047718,0.233421,0.793664,-0.168831,-0.139474,0.567574,0.953736,-0.183372,-0.046771,0.233612,0.954472,-0.179504,-0.047718,0.233421,1.000000,
0.954472,-0.179504,-0.047718,0.233421,0.793664,-0.168831,-0.139474,0.567574,0.955522,-0.173825,-0.049105,0.233133,0.954472,-0.179504,-0.047718,0.233421,1.000000,
0.954472,-0.179504,-0.047718,0.233421,0.793664,-0.168831,-0.139474,0.567574,0.953736,-0.183372,-0.046771,0.233612,0.954472,-0.179504,-0.047718,0.233421,1.000000,
0.954472,-0.179504,-0.047718,0.233421,0.793664,-0.168831,-0.139474,0.567574,0.955522,-0.173825,-0.049105,0.233133,0.954472,-0.179504,-0.047718,0.233421,1.000000,
0.954472,-0.179504,-0.047718,0.233421,0.793664,-0.168831,-0.139474,0.567574,0.953736,-0.183372,-0.046771,0.233612,0.954472,-0.179504,-0.047718,0.233421,1.000000,
0.954472,-0.179504,-0.047718,0.233421,0.793664,-0.168831,-0.139474,0.567574,0.955522,-0.173826,-0.049105,0.233133,0.954472,-0.179504,-0.047718,0.233421,1.000000,
0.954472,-0.179504,-0.047718,0.233421,0.793664,-0.168831,-0.139474,0.567574,0.953736,-0.183372,-0.046771,0.233612,0.954472,-0.179504,-0.047718,0.233421,1.000000,
0.954472,-0.179504,-0.047718,0.233421,0.793664,-0.168831,-0.139474,0.567574,0.955522,-0.173826,-0.049105,0.233133,0.954472,-0.179504,-0.047718,0.233421,1.000000,
0.954472,-0.179504,-0.047718,0.233421,0.793664,-0.168831,-0.139474,0.567574,0.953736,-0.183372,-0.046771,0.233612,0.954472,-0.179504,-0.047718,0.233421,1.000000,
0.954472,-0.179504,-0.047718,0.233421,0.793664,-0.168831,-0.139474,0.567574,0.955522,-0.173826,-0.049105,0.233133,0.954472,-0.179504,-0.047718,0.233421,1.000000,
0.954472,-0.179504,-0.047718,0.233421,0.793664,-0.168831,-0.139474,0.567574,0.953736,-0.183372,-0.046771,0.233612,0.954472,-0.179504,-0.047718,0.233421,1.000000,
0.954472,-0.179504,-0.047718,0.233421,0.793664,-0.168831,-0.139474,0.567574,0.955522,-0.173826,-0.049105,0.233133,0.954472,-0.179504,-0.047718,0.233421,1.000000,
0.954472,-0.179504,-0.047718,0.233421,0.793664,-0.168831,-0.139474,0.567574,0.953736,-0.183372,-0.046771,0.233612,0.954472,-0.179504,-0.047718,0.233421,1.000000,
0.954472,-0.179504,-0.047718,0.233421,0.793664,-0.168831,-0.139474,0.567574,0.955522,-0.173826,-0.049105,0.233133,0.954472,-0.179504,-0.047718,0.233421,1.000000,
0.954472,-0.179504,-0.047718,0.233421,0.793664,-0.168831,-0.139474,0.567574,0.953736,-0.183372,-0.046771,0.233612,0.954472,-0.179504,-0.047718,0.233421,1.000000,
0.954472,-0.179504,-0.047718,0.233421,0.793664,-0.168831,-0.139474,0.567574,0.955522,-0.173826,-0.049105,0.233133,0.954472,-0.179504,-0.047718,0.233421,1.000000,
0.954472,-0.179504,-0.047718,0.233421,0.793664,-0.168831,-0.139474,0.567574,0.953736,-0.183372,-0.046771,0.233612,0.954472,-0.179504,-0.047718,0.233421,1.000000,
0.954472,-0.179504,-0.047718,0.233421,0.793664,-0.168831,-0.139474,0.567574,0.955522,-0.173826,-0.049105,0.233133,0.954472,-0.179504,-0.047718,0.233421,1.000000,
0.954472,-0.179504,-0.047718,0.233421,0.793664,-0.168831,-0.139474,0.567574,0.953736,-0.183373,-0.046771,0.233612,0.954472,-0.179504,-0.047718,0.233421,1.000000,
0.954472,-0.179504,-0.047718,0.233421,0.793664,-0.168831,-0.139474,0.567574,0.955522,-0.173826,-0.049105,0.233133,0.954472,-0.179504,-0.047718,0.233421,1.000000,
0.954472,-0.179504,-0.047718,0.233421,0.793664,-0.168831,-0.139474,0.567574,0.953736,-0.183373,-0.046771,0.233612,0.954472,-0.179504,-0.047718,0.233421,1.000000,
0.954472,-0.179504,-0.047718,0.233421,0.793664,-0.168831,-0.139474,0.567574,0.955522,-0.173826,-0.049105,0.233133,0.954472,-0.179504,-0.047718,0.233421,1.000000,
0.954472,-0.179504,-0.047718,0.233421,0.793664,-0.168831,-0.139474,0.567574,0.953736,-0.183373,-0.046771,0.233612,0.954472,-0.179504,-0.047718,0.233421,1.000000,
0.954472,-0.179504,-0.047718,0.233421,0.793664,-0.168831,-0.139474,0.567574,0.955522,-0.173826,-0.049105,0.233133,0.954472,-0.179504,-0.047718,0.233421,1.000000,
0.954472,-0.179504,-0.047718,0.233421,0.793664,-0.168831,-0.139474,0.567574,0.953736,-0.183373,-0.046771,0.233612,0.954472,-0.179504,-0.047718,0.233421,1.000000,
0.954472,-0.179504,-0.047718,0.233421,0.793664,-0.168831,-0.139474,0.567574,0.955522,-0.173826,-0.049105,0.233133,0.954472,-0.179504,-0.047718,0.233421,1.000000,
0.954472,-0.179504,-0.047718,0.233421,0.793664,-0.168831,-0.139474,0.567574,0.953736,-0.183373,-0.046771,0.233612,0.954472,-0.179504,-0.047718,0.233421,1.000000,
0.954472,-0.179504,-0.047718,0.233421,0.793664,-0.168831,-0.139474,0.567574,0.955522,-0.173827,-0.049105,0.233133,0.954472,-0.179504,-0.047718,0.233421,1.000000,
0.954472,-0.179504,-0.047718,0.233421,0.793664,-0.168831,-0.139474,0.567574,0.953736,-0.183373,-0.046771,0.233612,0.954472,-0.179504,-0.047718,0.233421,1.000000,
0.954472,-0.179504,-0.047718,0.233421,0.793664,-0.168831,-0.139474,0.567574,0.955522,-0.173827,-0.049105,0.233133,0.954472,-0.179504,-0.047718,0.233421,1.000000,
0.954472,-0.179504,-0.047718,0.233421,0.793664,-0.168831,-0.139474,0.567574,0.953736,-0.183373,-0.046771,0.233612,0.954472,-0.179504,-0.047718,0.233421,1.000000,
0.954472,-0.179504,-0.047718,0.233421,0.793664,-0.168831,-0.139474,0.567574,0.955522,-0.173827,-0.049105,0.233133,0.954472,-0.179504,-0.047718,0.233421,1.000000,
0.954472,-0.179504,-0.047718,0.233421,0.793664,-0.168831,-0.139474,0.567574,0.953736,-0.183373,-0.046771,0.233612,0.954472,-0.179504,-0.047718,0.233421,1.000000,
0.954472,-0.179504,-0.047718,0.233421,0.793664,-0.168831,-0.139474,0.567574,0.955522,-0.173827,-0.049105,0.233133,0.954472,-0.179504,-0.047718,0.233421,1.000000,
0.954472,-0.179504,-0.047718,0.233421,0.793664,-0.168831,-0.139474,0.567574,0.953736,-0.183373,-0.046771,0.233612,0.954472,-0.179504,-0.047718,0.233421,1.000000,
0.954472,-0.179504,-0.047718,0.233421,0.793664,-0.168831,-0.139474,0.567574,0.955522,-0.173827,-0.049105,0.233133,0.954472,-0.179504,-0.047718,0.233421,1.000000,
0.954472,-0.179504,-0.047718,0.233421,0.793664,-0.168831,-0.139474,0.567574,0.953736,-0.183373,-0.046771,0.233612,0.954472,-0.179504,-0.047718,0.233421,1.000000,
0.954472,-0.179504,-0.047718,0.233421,0.793664,-0.168831,-0.139474,0.567574,0.955522,-0.173827,-0.049105,0.233133,0.954472,-0.179504,-0.047718,0.233421,1.000000,
0.954472,-0.179504,-0.047718,0.233421,0.793664,-0.168831,-0.139474,0.567574,0.953736,-0.183373,-0.046771,0.233612,0.954472,-0.179504,-0.047718,0.233421,1.000000,
0.954472,-0.179504,-0.047718,0.233421,0.793664,-0.168831,-0.139474,0.567574,0.955522,-0.173827,-0.049105,0.233133,0.954472,-0.179504,-0.047718,0.233421,1.000000,
0.954472,-0.179504,-0.047718,0.233421,0.793664,-0.168831,-0.139474,0.567574,0.953736,-0.183374,-0.046771,0.233612,0.954472,-0.179504,-0.047718,0.233421,1.000000,
0.954472,-0.179504,-0.047718,0.233421,0.793664,-0.168831,-0.139474,0.567574,0.955522,-0.173827,-0.049105,0.233133,0.954472,-0.179504,-0.047718,0.233421,1.000000,
0.954472,-0.179504,-0.047718,0.233421,0.793664,-0.168831,-0.139474,0.567574,0.953736,-0.183374,-0.046771,0.233612,0.954472,-0.179504,-0.047718,0.233421,1.000000,
0.954472,-0.179504,-0.047718,0.233421,0.793664,-0.168831,-0.139474,0.567574,0.955522,-0.173827,-0.049105,0.233133,0.954472,-0.179504,-0.047718,0.233421,1.000000,
0.954472,-0.179504,-0.047718,0.233421,0.793664,-0.168831,-0.139474,0.567574,0.953736,-0.183374,-0.046771,0.233612,0.954472,-0.179504,-0.047718,0.233421,1.000000,
0.954472,-0.179504,-0.047718,0.233421,0.793664,-0.168831,-0.139474,0.567574,0.955522,-0.173827,-0.049105,0.233133,0.954472,-0.179504,-0.047718,0.233421,1.000000,
0.954472,-0.179504,-0.047718,0.233421,0.793664,-0.168831,-0.139474,0.567574,0.953736,-0.183374,-0.046771,0.233612,0.954472,-0.179504,-0.047718,0.233421,1.000000,
0.954472,-0.179504,-0.047718,0.233421,0.793664,-0.168831,-0.139474,0.567574,0.955522,-0.173827,-0.049105,0.233133,0.954472,-0.179504,-0.047718,0.233421,1.000000,
0.954472,-0.179504,-0.047718,0.233421,0.793664,-0.168831,-0.139474,0.567574,0.953736,-0.183374,-0.046771,0.233612,0.954472,-0.179504,-0.047718,0.233421,1.000000,
0.954472,-0.179504,-0.047718,0.233421,0.793664,-0.168831,-0.139474,0.567574,0.955522,-0.173828,-0.049105,0.233133,0.954472,-0.179504,-0.047718,0.233421,1.000000,
0.954472,-0.179504,-0.047718,0.233421,0.793664,-0.168831,-0.139474,0.567574,0.953736,-0.183374,-0.046771,0.233612,0.954472,-0.179504,-0.047718,0.233421,1.000000,
0.954472,-0.179504,-0.047718,0.233421,0.793664,-0.168831,-0.139474,0.567574,0.955522,-0.173828,-0.049105,0.233133,0.954472,-0.179504,-0.047718,0.233421,1.000000,
0.954472,-0.179504,-0.047718,0.233421,0.793664,-0.168831,-0.139474,0.567574,0.953736,-0.183374,-0.046771,0.233612,0.954472,-0.179504,-0.047718,0.233421,1.000000,
0.954472,-0.179504,-0.047718,0.233421,0.793664,-0.168831,-0.139474,0.567574,0.955522,-0.173828,-0.049105,0.233133,0.954472,-0.179504,-0.047718,0.233421,1.000000,
0.954472,-0.179504,-0.047718,0.233421,0.793664,-0.168831,-0.139474,0.567574,0.953736,-0.183374,-0.046771,0.233612,0.954472,-0.179504,-0.047718,0.233421,1.000000,
0.954472,-0.179504,-0.047718,0.233421,0.793664,-0.168831,-0.139474,0.567574,0.955522,-0.173828,-0.049105,0.233133,0.954472,-0.179504,-0.047718,0.233421,1.000000,
0.954472,-0.179504,-0.047718,0.233421,0.793664,-0.168831,-0.139474,0.567574,0.953736,-0.183374,-0.046771,0.233612,0.954472,-0.179504,-0.047718,0.233421,1.000000,
0.954472,-0.179504,-0.047718,0.233421,0.793664,-0.168831,-0.139474,0.567574,0.955522,-0.173828,-0.049105,0.233133,0.954472,-0.179504,-0.047718,0.233421,1.000000,
0.954472,-0.179504,-0.047718,0.233421,0.793664,-0.168831,-0.139474,0.567574,0.953736,-0.183374,-0.046771,0.233612,0.954472,-0.179504,-0.047718,0.233421,1.000000,
0.954472,-0.179504,-0.047718,0.233421,0.793664,-0.168831,-0.139474,0.567574,0.955522,-0.173828,-0.049105,0.233133,0.954472,-0.179504,-0.047718,0.233421,1.000000,
0.954472,-0.179504,-0.047718,0.233421,0.793664,-0.168831,-0.139474,0.567574,0.953736,-0.183374,-0.046771,0.233612,0.954472,-0.179504,-0.047718,0.233421,1.000000,
0.954472,-0.179504,-0.047718,0.233421,0.793664,-0.168831,-0.139474,0.567574,0.955522,-0.173828,-0.049105,0.233133,0.954472,-0.179504,-0.047718,0.233421,1.000000,
0.954472,-0.179504,-0.047718,0.233421,0.793664,-0.168831,-0.139474,0.567574,0.953736,-0.183375,-0.046771,0.233612,0.954472,-0.179504,-0.047718,0.233421,1.000000,
0.954472,-0.179504,-0.047718,0.233421,0.793664,-0.168831,-0.139474,0.567574,0.955522,-0.173828,-0.049104,0.233133,0.954472,-0.179504,-0.047718,0.233421,1.000000,
0.954472,-0.179504,-0.047718,0.233421,0.793664,-0.168831,-0.139474,0.567574,0.953736,-0.183375,-0.046771,0.233612,0.954472,-0.179504,-0.047718,0.233421,1.000000,
0.954472,-0.179504,-0.047718,0.233421,0.793664,-0.168831,-0.139474,0.567574,0.955522,-0.173828,-0.049104,0.233133,0.954472,-0.179504,-0.047718,0.233421,1.000000,
0.954472,-0.179504,-0.047718,0.233421,0.793664,-0.168831,-0.139474,0.567574,0.953736,-0.183375,-0.046771,0.233612,0.954472,-0.179504,-0.047718,0.233421,1.000000,
0.954472,-0.179504,-0.047718,0.233421,0.793664,-0.168831,-0.139474,0.567574,0.955522,-0.173828,-0.049104,0.233133,0.954472,-0.179504,-0.047718,0.233421,1.000000,
0.954472,-0.179504,-0.047718,0.233421,0.793664,-0.168831,-0.139474,0.567574,0.953736,-0.183375,-0.046771,0.233612,0.954472,-0.179504,-0.047718,0.233421,1.000000,
0.954472,-0.179504,-0.047718,0.233421,0.793664,-0.168831,-0.139474,0.567574,0.955522,-0.173828,-0.049104,0.233133,0.954472,-0.179504,-0.047718,0.233421,1.000000,
0.954472,-0.179504,-0.047718,0.233421,0.793664,-0.168831,-0.139474,0.567574,0.953735,-0.183375,-0.046771,0.233612,0.954472,-0.179504,-0.047718,0.233421,1.000000,
0.954472,-0.179504,-0.047718,0.233421,0.793664,-0.168831,-0.139474,0.567574,0.955522,-0.173829,-0.049104,0.233133,0.954472,-0.179504,-0.047718,0.233421,1.000000,
0.954472,-0.179504,-0.047718,0.233421,0.793664,-0.168831,-0.139474,0.567574,0.953735,-0.183375,-0.046771,0.233612,0.954472,-0.179504,-0.047718,0.233421,1.000000,
0.954472,-0.179504,-0.047718,0.233421,0.793664,-0.168831,-0.139474,0.567574,0.955522,-0.173829,-0.049104,0.233133,0.954472,-0.179504,-0.047718,0.233421,1.000000,
0.954472,-0.179504,-0.047718,0.233421,0.793664,-0.168831,-0.139474,0.567574,0.953735,-0.183375,-0.046771,0.233612,0.954472,-0.179504,-0.047718,0.233421,1.000000,
0.954472,-0.179504,-0.047718,0.233421,0.793664,-0.168831,-0.139474,0.567574,0.955521,-0.173829,-0.049104,0.233133,0.954472,-0.179504,-0.047718,0.233421,1.000000,
0.954472,-0.179504,-0.047718,0.233421,0.793664,-0.168831,-0.139474,0.567574,0.953735,-0.183375,-0.046771,0.233612,0.954472,-0.179504,-0.047718,0.233421,1.000000,
0.954472,-0.179504,-0.047718,0.233421,0.793664,-0.168831,-0.139474,0.567574,0.955521,-0.173829,-0.049104,0.233133,0.954472,-0.179504,-0.047718,0.233421,1.000000,
0.954472,-0.179504,-0.047718,0.233421,0.793664,-0.168831,-0.139474,0.567574,0.953735,-0.183375,-0.046771,0.233612,0.954472,-0.179504,-0.047718,0.233421,1.000000,
0.954472,-0.179504,-0.047718,0.233421,0.793664,-0.168831,-0.139474,0.567574,0.955521,-0.173829,-0.049104,0.233133,0.954472,-0.179504,-0.047718,0.233421,1.000000,
0.954472,-0.179504,-0.047718,0.233421,0.793664,-0.168831,-0.139474,0.567574,0.953735,-0.183375,-0.046771,0.233612,0.954472,-0.179504,-0.047718,0.233421,1.000000,
0.954472,-0.179504,-0.047718,0.233421,0.793664,-0.168831,-0.139474,0.567574,0.955521,-0.173829,-0.049104,0.233133,0.954472,-0.179504,-0.047718,0.233421,1.000000,
0.954472,-0.179504,-0.047718,0.233421,0.793664,-0.168831,-0.139474,0.567574,0.953735,-0.183375,-0.046771,0.233612,0.954472,-0.179504,-0.047718,0.233421,1.000000,
0.954472,-0.179504,-0.047718,0.233421,0.793664,-0.168831,-0.139474,0.567574,0.955521,-0.173829,-0.049104,0.233133,0.954472,-0.179504,-0.047718,0.233421,1.000000,
0.954472,-0.179504,-0.047718,0.233421,0.793664,-0.168831,-0.139474,0.567574,0.953735,-0.183376,-0.046771,0.233612,0.954472,-0.179504,-0.047718,0.233421,1.000000,
0.954472,-0.179504,-0.047718,0.233421,0.793664,-0.168831,-0.139474,0.567574,0.955521,-0.173829,-0.049104,0.233133,0.954472,-0.179504,-0.047718,0.233421,1.000000,
0.954472,-0.179504,-0.047718,0.233421,0.793664,-0.168831,-0.139474,0.567574,0.953735,-0.183376,-0.046770,0.233612,0.954472,-0.179504,-0.047718,0.233421,1.000000,
0.954472,-0.179504,-0.047718,0.233421,0.793664,-0.168831,-0.139474,0.567574,0.955521,-0.173829,-0.049104,0.233133,0.954472,-0.179504,-0.047718,0.233421,1.000000,
0.954472,-0.179504,-0.047718,0.233421,0.793664,-0.168831,-0.139474,0.567574,0.953735,-0.183376,-0.046770,0.233612,0.954472,-0.179504,-0.047718,0.233421,1.000000,
0.954472,-0.179504,-0.047718,0.233421,0.793664,-0.168831,-0.139474,0.567574,0.955521,-0.173829,-0.049104,0.233133,0.954472,-0.179504,-0.047718,0.233421,1.000000,
0.954472,-0.179504,-0.047718,0.233421,0.793664,-0.168831,-0.139474,0.567574,0.953735,-0.183376,-0.046770,0.233612,0.954472,-0.179504,-0.047718,0.233421,1.000000,
0.954472,-0.179504,-0.047718,0.233421,0.793664,-0.168831,-0.139474,0.567574,0.955521,-0.173829,-0.049104,0.233133,0.954472,-0.179504,-0.047718,0.233421,1.000000,
0.954472,-0.179504,-0.047718,0.233421,0.793664,-0.168831,-0.139474,0.567574,0.953735,-0.183376,-0.046770,0.233612,0.954472,-0.179504,-0.047718,0.233421,1.000000,
0.954472,-0.179504,-0.047718,0.233421,0.793664,-0.168831,-0.139474,0.567574,0.955521,-0.173830,-0.049104,0.233133,0.954472,-0.179504,-0.047718,0.233421,1.000000,
0.954472,-0.179504,-0.047718,0.233421,0.793664,-0.168831,-0.139474,0.567574,0.953735,-0.183376,-0.046770,0.233612,0.954472,-0.179504,-0.047718,0.233421,1.000000,
0.954472,-0.179504,-0.047718,0.233421,0.793664,-0.168831,-0.139474,0.567574,0.955521,-0.173830,-0.049104,0.233133,0.954472,-0.179504,-0.047718,0.233421,1.000000,
0.954472,-0.179504,-0.047718,0.233421,0.793664,-0.168831,-0.139474,0.567574,0.953735,-0.183376,-0.046770,0.233612,0.954472,-0.179504,-0.047718,0.233421,1.000000,
0.954472,-0.179504,-0.047718,0.233421,0.793664,-0.168831,-0.139474,0.567574,0.955521,-0.173830,-0.049104,0.233133,0.954472,-0.179504,-0.047718,0.233421,1.000000,
0.954472,-0.179504,-0.047718,0.233421,0.793664,-0.168831,-0.139474,0.567574,0.953735,-0.183376,-0.046770,0.233612,0.954472,-0.179504,-0.047718,0.233421,1.000000,
0.954472,-0.179504,-0.047718,0.233421,0.793664,-0.168831,-0.139474,0.567574,0.955521,-0.173830,-0.049104,0.233133,0.954472,-0.179504,-0.047718,0.233421,1.000000,
0.954472,-0.179504,-0.047718,0.233421,0.793664,-0.168831,-0.139474,0.567574,0.953735,-0.183376,-0.046770,0.233612,0.954472,-0.179504,-0.047718,0.233421,1.000000,
0.954472,-0.179504,-0.047718,0.233421,0.793664,-0.168831,-0.139474,0.567574,0.955521,-0.173830,-0.049104,0.233133,0.954472,-0.179504,-0.047718,0.233421,1.000000,
0.954472,-0.179504,-0.047718,0.233421,0.793664,-0.168831,-0.139474,0.567574,0.953735,-0.183376,-0.046770,0.233612,0.954472,-0.179504,-0.047718,0.233421,1.000000,
0.954472,-0.179504,-0.047718,0.233421,0.793664,-0.168831,-0.139474,0.567574,0.955521,-0.173830,-0.049104,0.233133,0.954472,-0.179504,-0.047718,0.233421,1.000000,
0.954472,-0.179504,-0.047718,0.233421,0.793664,-0.168831,-0.139474,0.567574,0.953735,-0.183376,-0.046770,0.233612,0.954472,-0.179504,-0.047718,0.233421,1.000000,
0.954472,-0.179504,-0.047718,0.233421,0.793664,-0.168831,-0.139474,0.567574,0.955521,-0.173830,-0.049104,0.233133,0.954472,-0.179504,-0.047718,0.233421,1.000000,
0.954472,-0.179504,-0.047718,0.233421,0.793664,-0.168831,-0.139474,0.567574,0.953735,-0.183376,-0.046770,0.233613,0.954472,-0.179504,-0.047718,0.233421,1.000000,
0.954472,-0.179504,-0.047718,0.233421,0.793664,-0.168831,-0.139474,0.567574,0.955521,-0.173830,-0.049104,0.233133,0.954472,-0.179504,-0.047718,0.233421,1.000000,
0.954472,-0.179504,-0.047718,0.233421,0.793664,-0.168831,-0.139474,0.567574,0.953735,-0.183377,-0.046770,0.233613,0.954472,-0.179504,-0.047718,0.233421,1.000000,
0.954472,-0.179504,-0.047718,0.233421,0.793664,-0.168831,-0.139474,0.567574,0.955521,-0.173830,-0.049104,0.233133,0.954472,-0.179504,-0.047718,0.233421,1.000000,
0.954472,-0.179504,-0.047718,0.233421,0.793664,-0.168831,-0.139474,0.567574,0.953735,-0.183377,-0.046770,0.233613,0.954472,-0.179504,-0.047718,0.233421,1.000000,
0.954472,-0.179504,-0.047718,0.233421,0.793664,-0.168831,-0.139474,0.567574,0.955521,-0.173830,-0.049104,0.233133,0.954472,-0.179504,-0.047718,0.233421,1.000000,
0.954472,-0.179504,-0.047718,0.233421,0.793664,-0.168831,-0.139474,0.567574,0.953735,-0.183377,-0.046770,0.233613,0.954472,-0.179504,-0.047718,0.233421,1.000000,
0.954472,-0.179504,-0.047718,0.233421,0.793664,-0.168831,-0.139474,0.567574,0.955521,-0.173830,-0.049104,0.233133,0.954472,-0.179504,-0.047718,0.233421,1.000000,
0.954472,-0.179504,-0.047718,0.233421,0.793664,-0.168831,-0.139474,0.567574,0.953735,-0.183377,-0.046770,0.233613,0.954472,-0.179504,-0.047718,0.233421,1.000000,
0.954472,-0.179504,-0.047718,0.233421,0.793664,-0.168831,-0.139474,0.567574,0.955521,-0.173831,-0.049104,0.233133,0.954472,-0.179504,-0.047718,0.233421,1.000000,
0.954472,-0.179504,-0.047718,0.233421,0.793664,-0.168831,-0.139474,0.567574,0.953735,-0.183377,-0.046770,0.233613,0.954472,-0.179504,-0.047718,0.233421,1.000000,
0.954472,-0.179504,-0.047718,0.233421,0.793664,-0.168831,-0.139474,0.567574,0.955521,-0.173831,-0.049104,0.233133,0.954472,-0.179504,-0.047718,0.233421,1.000000,
0.954472,-0.179504,-0.047718,0.233421,0.793664,-0.168831,-0.139474,0.567574,0.953735,-0.183377,-0.046770,0.233613,0.954472,-0.179504,-0.047718,0.233421,1.000000,
0.954472,-0.179504,-0.047718,0.233421,0.793664,-0.168831,-0.139474,0.567574,0.955521,-0.173831,-0.049104,0.233133,0.954472,-0.179504,-0.047718,0.233421,1.000000,
0.954472,-0.179504,-0.047718,0.233421,0.793664,-0.168831,-0.139474,0.567574,0.953735,-0.183377,-0.046770,0.233613,0.954472,-0.179504,-0.047718,0.233421,1.000000,
0.954472,-0.179504,-0.047718,0.233421,0.793664,-0.168831,-0.139474,0.567574,0.955521,-0.173831,-0.049104,0.233133,0.954472,-0.179504,-0.047718,0.233421,1.000000,
0.954472,-0.179504,-0.047718,0.233421,0.793664,-0.168831,-0.139474,0.567574,0.953735,-0.183377,-0.046770,0.233613,0.954472,-0.179504,-0.047718,0.233421,1.000000,
0.954472,-0.179504,-0.047718,0.233421,0.793664,-0.168831,-0.139474,0.567574,0.955521,-0.173831,-0.049104,0.233133,0.954472,-0.179504,-0.047718,0.233421,1.000000,
0.954472,-0.179504,-0.047718,0.233421,0.793664,-0.168831,-0.139474,0.567574,0.953735,-0.183377,-0.046770,0.233613,0.954472,-0.179504,-0.047718,0.233421,1.000000,
0.954472,-0.179504,-0.047718,0.233421,0.793664,-0.168831,-0.139474,0.567574,0.955521,-0.173831,-0.049104,0.233133,0.954472,-0.179504,-0.047718,0.233421,1.000000,
0.954472,-0.179504,-0.047718,0.233421,0.793664,-0.168831,-0.139474,0.567574,0.953735,-0.183377,-0.046770,0.233613,0.954472,-0.179504,-0.047718,0.233421,1.000000,
0.954472,-0.179504,-0.047718,0.233421,0.793664,-0.168831,-0.139474,0.567574,0.955521,-0.173831,-0.049104,0.233133,0.954472,-0.179504,-0.047718,0.233421,1.000000,
0.954472,-0.179504,-0.047718,0.233421,0.793664,-0.168831,-0.139474,0.567574,0.953735,-0.183377,-0.046770,0.233613,0.954472,-0.179504,-0.047718,0.233421,1.000000,
0.954472,-0.179504,-0.047718,0.233421,0.793664,-0.168831,-0.139474,0.567574,0.955521,-0.173831,-0.049104,0.233133,0.954472,-0.179504,-0.047718,0.233421,1.000000,
0.954472,-0.179504,-0.047718,0.233421,0.793664,-0.168831,-0.139474,0.567574,0.953735,-0.183378,-0.046770,0.233613,0.954472,-0.179504,-0.047718,0.233421,1.000000,
0.954472,-0.179504,-0.047718,0.233421,0.793664,-0.168831,-0.139474,0.567574,0.955521,-0.173831,-0.049104,0.233133,0.954472,-0.179504,-0.047718,0.233421,1.000000,
0.954472,-0.179504,-0.047718,0.233421,0.793664,-0.168831,-0.139474,0.567574,0.953735,-0.183378,-0.046770,0.233613,0.954472,-0.179504,-0.047718,0.233421,1.000000,
0.954472,-0.179504,-0.047718,0.233421,0.793664,-0.168831,-0.139474,0.567574,0.955521,-0.173831,-0.049104,0.233133,0.954472,-0.179504,-0.047718,0.233421,1.000000,
0.954472,-0.179504,-0.047718,0.233421,0.793664,-0.168831,-0.139474,0.567574,0.953735,-0.183378,-0.046770,0.233613,0.954472,-0.179504,-0.047718,0.233421,1.000000,
0.954472,-0.179504,-0.047718,0.233421,0.793664,-0.168831,-0.139474,0.567574,0.955521,-0.173831,-0.049104,0.233133,0.954472,-0.179504,-0.047718,0.233421,1.000000,
0.954472,-0.179504,-0.047718,0.233421,0.793664,-0.168831,-0.139474,0.567574,0.953735,-0.183378,-0.046770,0.233613,0.954472,-0.179504,-0.047718,0.233421,1.000000,
0.954472,-0.179504,-0.047718,0.233421,0.793664,-0.168831,-0.139474,0.567574,0.955521,-0.173831,-0.049104,0.233133,0.954472,-0.179504,-0.047718,0.233421,1.000000,
0.954472,-0.179504,-0.047718,0.233421,0.793664,-0.168831,-0.139474,0.567574,0.953735,-0.183378,-0.046770,0.233613,0.954472,-0.179504,-0.047718,0.233421,1.000000,
0.954472,-0.179504,-0.047718,0.233421,0.793664,-0.168831,-0.139474,0.567574,0.955521,-0.173832,-0.049104,0.233133,0.954472,-0.179504,-0.047718,0.233421,1.000000,
0.954472,-0.179504,-0.047718,0.233421,0.793664,-0.168831,-0.139474,0.567574,0.953735,-0.183378,-0.046770,0.233613,0.954472,-0.179504,-0.047718,0.233421,1.000000,
0.954472,-0.179504,-0.047718,0.233421,0.793664,-0.168831,-0.139474,0.567574,0.955521,-0.173832,-0.049104,0.233133,0.954472,-0.179504,-0.047718,0.233421,1.000000,
0.954472,-0.179504,-0.047718,0.233421,0.793664,-0.168831,-0.139474,0.567574,0.953735,-0.183378,-0.046770,0.233613,0.954472,-0.179504,-0.047718,0.233421,1.000000,
0.954472,-0.179504,-0.047718,0.233421,0.793664,-0.168831,-0.139474,0.567574,0.955521,-0.173832,-0.049104,0.233133,0.954472,-0.179504,-0.047718,0.233421,1.000000,
0.954472,-0.179504,-0.047718,0.233421,0.793664,-0.168831,-0.139474,0.567574,0.953735,-0.183378,-0.046770,0.233613,0.954472,-0.179504,-0.047718,0.233421,1.000000,
0.954472,-0.179504,-0.047718,0.233421,0.793664,-0.168831,-0.139474,0.567574,0.955521,-0.173832,-0.049104,0.233133,0.954472,-0.179504,-0.047718,0.233421,1.000000,
0.954472,-0.179504,-0.047718,0.233421,0.793664,-0.168831,-0.139474,0.567574,0.953735,-0.183378,-0.046770,0.233613,0.954472,-0.179504,-0.047718,0.233421,1.000000,
0.954472,-0.179504,-0.047718,0.233421,0.793664,-0.168831,-0.139474,0.567574,0.955521,-0.173832,-0.049104,0.233133,0.954472,-0.179504,-0.047718,0.233421,1.000000,
0.954472,-0.179504,-0.047718,0.233421,0.793664,-0.168831,-0.139474,0.567574,0.953735,-0.183378,-0.046770,0.233613,0.954472,-0.179504,-0.047718,0.233421,1.000000,
0.954472,-0.179504,-0.047718,0.233421,0.793664,-0.168831,-0.139474,0.567574,0.955521,-0.173832,-0.049104,0.233133,0.954472,-0.179504,-0.047718,0.233421,1.000000,
0.954472,-0.179504,-0.047718,0.233421,0.793664,-0.168831,-0.139474,0.567574,0.953735,-0.183378,-0.046770,0.233613,0.954472,-0.179504,-0.047718,0.233421,1.000000,
0.954472,-0.179504,-0.047718,0.233421,0.793664,-0.168831,-0.139474,0.567574,0.955521,-0.173832,-0.049104,0.233133,0.954472,-0.179504,-0.047718,0.233421,1.000000,
0.954472,-0.179504,-0.047718,0.233421,0.793664,-0.168831,-0.139474,0.567574,0.953735,-0.183379,-0.046770,0.233613,0.954472,-0.179504,-0.047718,0.233421,1.000000,
0.954472,-0.179504,-0.047718,0.233421,0.793664,-0.168831,-0.139474,0.567574,0.955521,-0.173832,-0.049104,0.233133,0.954472,-0.179504,-0.047718,0.233421,1.000000,
0.954472,-0.179504,-0.047718,0.233421,0.793664,-0.168831,-0.139474,0.567574,0.953735,-0.183379,-0.046770,0.233613,0.954472,-0.179504,-0.047718,0.233421,1.000000,
0.954472,-0.179504,-0.047718,0.233421,0.793664,-0.168831,-0.139474,0.567574,0.955521,-0.173832,-0.049103,0.233133,0.954472,-0.179504,-0.047718,0.233421,1.000000,
0.954472,-0.179504,-0.047718,0.233421,0.793664,-0.168831,-0.139474,0.567574,0.953735,-0.183379,-0.046770,0.233613,0.954472,-0.179504,-0.047718,0.233421,1.000000,
0.954472,-0.179504,-0.047718,0.233421,0.793664,-0.168831,-0.139474,0.567574,0.955521,-0.173832,-0.049103,0.233133,0.954472,-0.179504,-0.047718,0.233421,1.000000,
0.954472,-0.179504,-0.047718,0.233421,0.793664,-0.168831,-0.139474,0.567574,0.953735,-0.183379,-0.046770,0.233613,0.954472,-0.179504,-0.047718,0.233421,1.000000,
0.954472,-0.179504,-0.047718,0.233421,0.793664,-0.168831,-0.139474,0.567574,0.955521,-0.173832,-0.049103,0.233133,0.954472,-0.179504,-0.047718,0.233421,1.000000,
0.954472,-0.179504,-0.047718,0.233421,0.793664,-0.168831,-0.139474,0.567574,0.953735,-0.183379,-0.046770,0.233613,0.954472,-0.179504,-0.047718,0.233421,1.000000,
0.954472,-0.179504,-0.047718,0.233421,0.793664,-0.168831,-0.139474,0.567574,0.955521,-0.173833,-0.049103,0.233133,0.954472,-0.179504,-0.047718,0.233421,1.000000,
0.954472,-0.179504,-0.047718,0.233421,0.793664,-0.168831,-0.139474,0.567574,0.953735,-0.183379,-0.046770,0.233613,0.954472,-0.179504,-0.047718,0.233421,1.000000,
0.954472,-0.179504,-0.047718,0.233421,0.793664,-0.168831,-0.139474,0.567574,0.955521,-0.173833,-0.049103,0.233133,0.954472,-0.179504,-0.047718,0.233421,1.000000,
0.954472,-0.179504,-0.047718,0.233421,0.793664,-0.168831,-0.139474,0.567574,0.953735,-0.183379,-0.046770,0.233613,0.954472,-0.179504,-0.047718,0.233421,1.000000,
0.954472,-0.179504,-0.047718,0.233421,0.793664,-0.168831,-0.139474,0.567574,0.955521,-0.173833,-0.049103,0.233133,0.954472,-0.179504,-0.047718,0.233421,1.000000,
0.954472,-0.179504,-0.047718,0.233421,0.793664,-0.168831,-0.139474,0.567574,0.953735,-0.183379,-0.046770,0.233613,0.954472,-0.179504,-0.047718,0.233421,1.000000,
0.954472,-0.179504,-0.047718,0.233421,0.793664,-0.168831,-0.139474,0.567574,0.955521,-0.173833,-0.049103,0.233133,0.954472,-0.179504,-0.047718,0.233421,1.000000,
0.954472,-0.179504,-0.047718,0.233421,0.793664,-0.168831,-0.139474,0.567574,0.953735,-0.183379,-0.046770,0.233613,0.954472,-0.179504,-0.047718,0.233421,1.000000,
0.954472,-0.179504,-0.047718,0.233421,0.793664,-0.168831,-0.139474,0.567574,0.955521,-0.173833,-0.049103,0.233133,0.954472,-0.179504,-0.047718,0.233421,1.000000,
0.954472,-0.179504,-0.047718,0.233421,0.793664,-0.168831,-0.139474,0.567574,0.953735,-0.183379,-0.046770,0.233613,0.954472,-0.179504,-0.047718,0.233421,1.000000,
0.954472,-0.179504,-0.047718,0.233421,0.793664,-0.168831,-0.139474,0.567574,0.955521,-0.173833,-0.049103,0.233133,0.954472,-0.179504,-0.047718,0.233421,1.000000,
0.954472,-0.179504,-0.047718,0.233421,0.793664,-0.168831,-0.139474,0.567574,0.953735,-0.183379,-0.046770,0.233613,0.954472,-0.179504,-0.047718,0.233421,1.000000,
0.954472,-0.179504,-0.047718,0.233421,0.793664,-0.168831,-0.139474,0.567574,0.955521,-0.173833,-0.049103,0.233133,0.954472,-0.179504,-0.047718,0.233421,1.000000,
0.954472,-0.179504,-0.047718,0.233421,0.793664,-0.168831,-0.139474,0.567574,0.953735,-0.183380,-0.046770,0.233613,0.954472,-0.179504,-0.047718,0.233421,1.000000,
0.954472,-0.179504,-0.047718,0.233421,0.793664,-0.168831,-0.139474,0.567574,0.955521,-0.173833,-0.049103,0.233133,0.954472,-0.179504,-0.047718,0.233421,1.000000,
0.954472,-0.179504,-0.047718,0.233421,0.793664,-0.168831,-0.139474,0.567574,0.953735,-0.183380,-0.046769,0.233613,0.954472,-0.179504,-0.047718,0.233421,1.000000,
0.954472,-0.179504,-0.047718,0.233421,0.793664,-0.168831,-0.139474,0.567574,0.955521,-0.173833,-0.049103,0.233133,0.954472,-0.179504,-0.047718,0.233421,1.000000,
0.954472,-0.179504,-0.047718,0.233421,0.793664,-0.168831,-0.139474,0.567574,0.953735,-0.183380,-0.046769,0.233613,0.954472,-0.179504,-0.047718,0.233421,1.000000,
0.954472,-0.179504,-0.047718,0.233421,0.793664,-0.168831,-0.139474,0.567574,0.955521,-0.173833,-0.049103,0.233133,0.954472,-0.179504,-0.047718,0.233421,1.000000,
0.954472,-0.179504,-0.047718,0.233421,0.793664,-0.168831,-0.139474,0.567574,0.953735,-0.183380,-0.046769,0.233613,0.954472,-0.179504,-0.047718,0.233421,1.000000,
0.954472,-0.179504,-0.047718,0.233421,0.793664,-0.168831,-0.139474,0.567574,0.955521,-0.173833,-0.049103,0.233133,0.954472,-0.179504,-0.047718,0.233421,1.000000,
0.954472,-0.179504,-0.047718,0.233421,0.793664,-0.168831,-0.139474,0.567574,0.953735,-0.183380,-0.046769,0.233613,0.954472,-0.179504,-0.047718,0.233421,1.000000,
0.954472,-0.179504,-0.047718,0.233421,0.793664,-0.168831,-0.139474,0.567574,0.955521,-0.173834,-0.049103,0.233133,0.954472,-0.179504,-0.047718,0.233421,1.000000,
0.954472,-0.179504,-0.047718,0.233421,0.793664,-0.168831,-0.139474,0.567574,0.953735,-0.183380,-0.046769,0.233613,0.954472,-0.179504,-0.047718,0.233421,1.000000,
0.954472,-0.179504,-0.047718,0.233421,0.793664,-0.168831,-0.139474,0.567574,0.955521,-0.173834,-0.049103,0.233133,0.954472,-0.179504,-0.047718,0.233421,1.000000,
0.954472,-0.179504,-0.047718,0.233421,0.793664,-0.168831,-0.139474,0.567574,0.953734,-0.183380,-0.046769,0.233613,0.954472,-0.179504,-0.047718,0.233421,1.000000,
0.954472,-0.179504,-0.047718,0.233421,0.793664,-0.168831,-0.139474,0.567574,0.955521,-0.173834,-0.049103,0.233133,0.954472,-0.179504,-0.047718,0.233421,1.000000,
0.954472,-0.179504,-0.047718,0.233421,0.793664,-0.168831,-0.139474,0.567574,0.953734,-0.183380,-0.046769,0.233613,0.954472,-0.179504,-0.047718,0.233421,1.000000,
0.954472,-0.179504,-0.047718,0.233421,0.793664,-0.168831,-0.139474,0.567574,0.955521,-0.173834,-0.049103,0.233133,0.954472,-0.179504,-0.047718,0.233421,1.000000,
0.954472,-0.179504,-0.047718,0.233421,0.793664,-0.168831,-0.139474,0.567574,0.953734,-0.183380,-0.046769,0.233613,0.954472,-0.179504,-0.047718,0.233421,1.000000,
0.954472,-0.179504,-0.047718,0.233421,0.793664,-0.168831,-0.139474,0.567574,0.955521,-0.173834,-0.049103,0.233133,0.954472,-0.179504,-0.047718,0.233421,1.000000,
0.954472,-0.179504,-0.047718,0.233421,0.793664,-0.168831,-0.139474,0.567574,0.953734,-0.183380,-0.046769,0.233613,0.954472,-0.179504,-0.047718,0.233421,1.000000,
0.954472,-0.179504,-0.047718,0.233421,0.793664,-0.168831,-0.139474,0.567574,0.955521,-0.173834,-0.049103,0.233133,0.954472,-0.179504,-0.047718,0.233421,1.000000,
0.954472,-0.179504,-0.047718,0.233421,0.793664,-0.168831,-0.139474,0.567574,0.953734,-0.183380,-0.046769,0.233613,0.954472,-0.179504,-0.047718,0.233421,1.000000,
0.954472,-0.179504,-0.047718,0.233421,0.793664,-0.168831,-0.139474,0.567574,0.955521,-0.173834,-0.049103,0.233133,0.954472,-0.179504,-0.047718,0.233421,1.000000,
0.954472,-0.179504,-0.047718,0.233421,0.793664,-0.168831,-0.139474,0.567574,0.953734,-0.183381,-0.046769,0.233613,0.954472,-0.179504,-0.047718,0.233421,1.000000,
0.954472,-0.179504,-0.047718,0.233421,0.793664,-0.168831,-0.139474,0.567574,0.955520,-0.173834,-0.049103,0.233133,0.954472,-0.179504,-0.047718,0.233421,1.000000,
0.954472,-0.179504,-0.047718,0.233421,0.793664,-0.168831,-0.139474,0.567574,0.953734,-0.183381,-0.046769,0.233613,0.954472,-0.179504,-0.047718,0.233421,1.000000,
0.954472,-0.179504,-0.047718,0.233421,0.793664,-0.168831,-0.139474,0.567574,0.955520,-0.173834,-0.049103,0.233133,0.954472,-0.179504,-0.047718,0.233421,1.000000,
0.954472,-0.179504,-0.047718,0.233421,0.793664,-0.168831,-0.139474,0.567574,0.953734,-0.183381,-0.046769,0.233613,0.954472,-0.179504,-0.047718,0.233421,1.000000,
0.954472,-0.179504,-0.047718,0.233421,0.793664,-0.168831,-0.139474,0.567574,0.955520,-0.173834,-0.049103,0.233133,0.954472,-0.179504,-0.047718,0.233421,1.000000,
0.954472,-0.179504,-0.047718,0.233421,0.793664,-0.168831,-0.139474,0.567574,0.953734,-0.183381,-0.046769,0.233613,0.954472,-0.179504,-0.047718,0.233421,1.000000,
0.954472,-0.179504,-0.047718,0.233421,0.793664,-0.168831,-0.139474,0.567574,0.955520,-0.173834,-0.049103,0.233133,0.954472,-0.179504,-0.047718,0.233421,1.000000,
0.954472,-0.179504,-0.047718,0.233421,0.793664,-0.168831,-0.139474,0.567574,0.953734,-0.183381,-0.046769,0.233613,0.954472,-0.179504,-0.047718,0.233421,1.000000,
0.954472,-0.179504,-0.047718,0.233421,0.793664,-0.168831,-0.139474,0.567574,0.955520,-0.173835,-0.049103,0.233133,0.954472,-0.179504,-0.047718,0.233421,1.000000,
0.954472,-0.179504,-0.047718,0.233421,0.793664,-0.168831,-0.139474,0.567574,0.953734,-0.183381,-0.046769,0.233613,0.954472,-0.179504,-0.047718,0.233421,1.000000,
0.954472,-0.179504,-0.047718,0.233421,0.793664,-0.168831,-0.139474,0.567574,0.955520,-0.173835,-0.049103,0.233133,0.954472,-0.179504,-0.047718,0.233421,1.000000,
0.954472,-0.179504,-0.047718,0.233421,0.793664,-0.168831,-0.139474,0.567574,0.953734,-0.183381,-0.046769,0.233613,0.954472,-0.179504,-0.047718,0.233421,1.000000,
0.954472,-0.179504,-0.047718,0.233421,0.793664,-0.168831,-0.139474,0.567574,0.955520,-0.173835,-0.049103,0.233133,0.954472,-0.179504,-0.047718,0.233421,1.000000,
0.954472,-0.179504,-0.047718,0.233421,0.793664,-0.168831,-0.139474,0.567574,0.953734,-0.183381,-0.046769,0.233613,0.954472,-0.179504,-0.047718,0.233421,1.000000,
0.954472,-0.179504,-0.047718,0.233421,0.793664,-0.168831,-0.139474,0.567574,0.955520,-0.173835,-0.049103,0.233133,0.954472,-0.179504,-0.047718,0.233421,1.000000,
0.954472,-0.179504,-0.047718,0.233421,0.793664,-0.168831,-0.139474,0.567574,0.953734,-0.183381,-0.046769,0.233613,0.954472,-0.179504,-0.047718,0.233421,1.000000,
0.954472,-0.179504,-0.047718,0.233421,0.793664,-0.168831,-0.139474,0.567574,0.955520,-0.173835,-0.049103,0.233133,0.954472,-0.179504,-0.047718,0.233421,1.000000,
0.954472,-0.179504,-0.047718,0.233421,0.793664,-0.168831,-0.139474,0.567574,0.953734,-0.183381,-0.046769,0.233613,0.954472,-0.179504,-0.047718,0.233421,1.000000,
0.954472,-0.179504,-0.047718,0.233421,0.793664,-0.168831,-0.139474,0.567574,0.955520,-0.173835,-0.049103,0.233133,0.954472,-0.179504,-0.047718,0.233421,1.000000,
0.954472,-0.179504,-0.047718,0.233421,0.793664,-0.168831,-0.139474,0.567574,0.953734,-0.183381,-0.046769,0.233613,0.954472,-0.179504,-0.047718,0.233421,1.000000,
0.954472,-0.179504,-0.047718,0.233421,0.793664,-0.168831,-0.139474,0.567574,0.955520,-0.173835,-0.049103,0.233133,0.954472,-0.179504,-0.047718,0.233421,1.000000,
0.954472,-0.179504,-0.047718,0.233421,0.793664,-0.168831,-0.139474,0.567574,0.953734,-0.183382,-0.046769,0.233613,0.954472,-0.179504,-0.047718,0.233421,1.000000,
0.954472,-0.179504,-0.047718,0.233421,0.793664,-0.168831,-0.139474,0.567574,0.955520,-0.173835,-0.049103,0.233133,0.954472,-0.179504,-0.047718,0.233421,1.000000,
0.954472,-0.179504,-0.047718,0.233421,0.793664,-0.168831,-0.139474,0.567574,0.953734,-0.183382,-0.046769,0.233613,0.954472,-0.179504,-0.047718,0.233421,1.000000,
0.954472,-0.179504,-0.047718,0.233421,0.793664,-0.168831,-0.139474,0.567574,0.955520,-0.173835,-0.049103,0.233133,0.954472,-0.179504,-0.047718,0.233421,1.000000,
0.954472,-0.179504,-0.047718,0.233421,0.793664,-0.168831,-0.139474,0.567574,0.953734,-0.183382,-0.046769,0.233613,0.954472,-0.179504,-0.047718,0.233421,1.000000,
0.954472,-0.179504,-0.047718,0.233421,0.793664,-0.168831,-0.139474,0.567574,0.955520,-0.173835,-0.049103,0.233133,0.954472,-0.179504,-0.047718,0.233421,1.000000,
0.954472,-0.179504,-0.047718,0.233421,0.793664,-0.168831,-0.139474,0.567574,0.953734,-0.183382,-0.046769,0.233613,0.954472,-0.179504,-0.047718,0.233421,1.000000,
0.954472,-0.179504,-0.047718,0.233421,0.793664,-0.168831,-0.139474,0.567574,0.955520,-0.173835,-0.049103,0.233133,0.954472,-0.179504,-0.047718,0.233421,1.000000,
0.954472,-0.179504,-0.047718,0.233421,0.793664,-0.168831,-0.139474,0.567574,0.953734,-0.183382,-0.046769,0.233613,0.954472,-0.179504,-0.047718,0.233421,1.000000,
0.954472,-0.179504,-0.047718,0.233421,0.793664,-0.168831,-0.139474,0.567574,0.955520,-0.173836,-0.049103,0.233133,0.954472,-0.179504,-0.047718,0.233421,1.000000,
0.954472,-0.179504,-0.047718,0.233421,0.793664,-0.168831,-0.139474,0.567574,0.953734,-0.183382,-0.046769,0.233613,0.954472,-0.179504,-0.047718,0.233421,1.000000,
0.954472,-0.179504,-0.047718,0.233421,0.793664,-0.168831,-0.139474,0.567574,0.955520,-0.173836,-0.049103,0.233133,0.954472,-0.179504,-0.047718,0.233421,1.000000,
0.954472,-0.179504,-0.047718,0.233421,0.793664,-0.168831,-0.139474,0.567574,0.953734,-0.183382,-0.046769,0.233613,0.954472,-0.179504,-0.047718,0.233421,1.000000,
0.954472,-0.179504,-0.047718,0.233421,0.793664,-0.168831,-0.139474,0.567574,0.955520,-0.173836,-0.049103,0.233133,0.954472,-0.179504,-0.047718,0.233421,1.000000,
0.954472,-0.179504,-0.047718,0.233421,0.793664,-0.168831,-0.139474,0.567574,0.953734,-0.183382,-0.046769,0.233613,0.954472,-0.179504,-0.047718,0.233421,1.000000,
0.954472,-0.179504,-0.047718,0.233421,0.793664,-0.168831,-0.139474,0.567574,0.955520,-0.173836,-0.049103,0.233133,0.954472,-0.179504,-0.047718,0.233421,1.000000,
0.954472,-0.179504,-0.047718,0.233421,0.793664,-0.168831,-0.139474,0.567574,0.953734,-0.183382,-0.046769,0.233613,0.954472,-0.179504,-0.047718,0.233421,1.000000,
0.954472,-0.179504,-0.047718,0.233421,0.793664,-0.168831,-0.139474,0.567574,0.955520,-0.173836,-0.049103,0.233133,0.954472,-0.179504,-0.047718,0.233421,1.000000,
0.954472,-0.179504,-0.047718,0.233421,0.793664,-0.168831,-0.139474,0.567574,0.953734,-0.183382,-0.046769,0.233613,0.954472,-0.179504,-0.047718,0.233421,1.000000,
0.954472,-0.179504,-0.047718,0.233421,0.793664,-0.168831,-0.139474,0.567574,0.955520,-0.173836,-0.049103,0.233133,0.954472,-0.179504,-0.047718,0.233421,1.000000,
0.954472,-0.179504,-0.047718,0.233421,0.793664,-0.168831,-0.139474,0.567574,0.953734,-0.183382,-0.046769,0.233613,0.954472,-0.179504,-0.047718,0.233421,1.000000,
0.954472,-0.179504,-0.047718,0.233421,0.793664,-0.168831,-0.139474,0.567574,0.955520,-0.173836,-0.049103,0.233133,0.954472,-0.179504,-0.047718,0.233421,1.000000,
0.954472,-0.179504,-0.047718,0.233421,0.793664,-0.168831,-0.139474,0.567574,0.953734,-0.183382,-0.046769,0.233613,0.954472,-0.179504,-0.047718,0.233421,1.000000,
0.954472,-0.179504,-0.047718,0.233421,0.793664,-0.168831,-0.139474,0.567574,0.955520,-0.173836,-0.049103,0.233133,0.954472,-0.179504,-0.047718,0.233421,1.000000,
0.954472,-0.179504,-0.047718,0.233421,0.793664,-0.168831,-0.139474,0.567574,0.953734,-0.183383,-0.046769,0.233613,0.954472,-0.179504,-0.047718,0.233421,1.000000,
0.954472,-0.179504,-0.047718,0.233421,0.793664,-0.168831,-0.139474,0.567574,0.955520,-0.173836,-0.049103,0.233133,0.954472,-0.179504,-0.047718,0.233421,1.000000,
0.954472,-0.179504,-0.047718,0.233421,0.793664,-0.168831,-0.139474,0.567574,0.953734,-0.183383,-0.046769,0.233613,0.954472,-0.179504,-0.047718,0.233421,1.000000,
0.954472,-0.179504,-0.047718,0.233421,0.793664,-0.168831,-0.139474,0.567574,0.955520,-0.173836,-0.049102,0.233133,0.954472,-0.179504,-0.047718,0.233421,1.000000,
0.954472,-0.179504,-0.047718,0.233421,0.793664,-0.168831,-0.139474,0.567574,0.953734,-0.183383,-0.046769,0.233613,0.954472,-0.179504,-0.047718,0.233421,1.000000,
0.954472,-0.179504,-0.047718,0.233421,0.793664,-0.168831,-0.139474,0.567574,0.955520,-0.173836,-0.049102,0.233133,0.954472,-0.179504,-0.047718,0.233421,1.000000,
0.954472,-0.179504,-0.047718,0.233421,0.793664,-0.168831,-0.139474,0.567574,0.953734,-0.183383,-0.046769,0.233613,0.954472,-0.179504,-0.047718,0.233421,1.000000,
0.954472,-0.179504,-0.047718,0.233421,0.793664,-0.168831,-0.139474,0.567574,0.955520,-0.173837,-0.049102,0.233133,0.954472,-0.179504,-0.047718,0.233421,1.000000,
0.954472,-0.179504,-0.047718,0.233421,0.793664,-0.168831,-0.139474,0.567574,0.953734,-0.183383,-0.046769,0.233613,0.954472,-0.179504,-0.047718,0.233421,1.000000,
0.954472,-0.179504,-0.047718,0.233421,0.793664,-0.168831,-0.139474,0.567574,0.955520,-0.173837,-0.049102,0.233133,0.954472,-0.179504,-0.047718,0.233421,1.000000,
0.954472,-0.179504,-0.047718,0.233421,0.793664,-0.168831,-0.139474,0.567574,0.953734,-0.183383,-0.046769,0.233613,0.954472,-0.179504,-0.047718,0.233421,1.000000,
0.954472,-0.179504,-0.047718,0.233421,0.793664,-0.168831,-0.139474,0.567574,0.955520,-0.173837,-0.049102,0.233133,0.954472,-0.179504,-0.047718,0.233421,1.000000,
0.954472,-0.179504,-0.047718,0.233421,0.793664,-0.168831,-0.139474,0.567574,0.953734,-0.183383,-0.046769,0.233613,0.954472,-0.179504,-0.047718,0.233421,1.000000,
0.954472,-0.179504,-0.047718,0.233421,0.793664,-0.168831,-0.139474,0.567574,0.955520,-0.173837,-0.049102,0.233133,0.954472,-0.179504,-0.047718,0.233421,1.000000,
0.954472,-0.179504,-0.047718,0.233421,0.793664,-0.168831,-0.139474,0.567574,0.953734,-0.183383,-0.046769,0.233613,0.954472,-0.179504,-0.047718,0.233421,1.000000,
0.954472,-0.179504,-0.047718,0.233421,0.793664,-0.168831,-0.139474,0.567574,0.955520,-0.173837,-0.049102,0.233133,0.954472,-0.179504,-0.047718,0.233421,1.000000,
0.954472,-0.179504,-0.047718,0.233421,0.793664,-0.168831,-0.139474,0.567574,0.953734,-0.183383,-0.046769,0.233613,0.954472,-0.179504,-0.047718,0.233421,1.000000,
0.954472,-0.179504,-0.047718,0.233421,0.793664,-0.168831,-0.139474,0.567574,0.955520,-0.173837,-0.049102,0.233133,0.954472,-0.179504,-0.047718,0.233421,1.000000,
0.954472,-0.179504,-0.047718,0.233421,0.793664,-0.168831,-0.139474,0.567574,0.953734,-0.183383,-0.046769,0.233613,0.954472,-0.179504,-0.047718,0.233421,1.000000,
0.954472,-0.179504,-0.047718,0.233421,0.793664,-0.168831,-0.139474,0.567574,0.955520,-0.173837,-0.049102,0.233133,0.954472,-0.179504,-0.047718,0.233421,1.000000,
0.954472,-0.179504,-0.047718,0.233421,0.793664,-0.168831,-0.139474,0.567574,0.953734,-0.183383,-0.046769,0.233613,0.954472,-0.179504,-0.047718,0.233421,1.000000,
0.954472,-0.179504,-0.047718,0.233421,0.793664,-0.168831,-0.139474,0.567574,0.955520,-0.173837,-0.049102,0.233133,0.954472,-0.179504,-0.047718,0.233421,1.000000,
0.954472,-0.179504,-0.047718,0.233421,0.793664,-0.168831,-0.139474,0.567574,0.953734,-0.183384,-0.046769,0.233613,0.954472,-0.179504,-0.047718,0.233421,1.000000,
0.954472,-0.179504,-0.047718,0.233421,0.793664,-0.168831,-0.139474,0.567574,0.955520,-0.173837,-0.049102,0.233133,0.954472,-0.179504,-0.047718,0.233421,1.000000,
0.954472,-0.179504,-0.047718,0.233421,0.793664,-0.168831,-0.139474,0.567574,0.953734,-0.183384,-0.046769,0.233613,0.954472,-0.179504,-0.047718,0.233421,1.000000,
0.954472,-0.179504,-0.047718,0.233421,0.793664,-0.168831,-0.139474,0.567574,0.955520,-0.173837,-0.049102,0.233133,0.954472,-0.179504,-0.047718,0.233421,1.000000,
0.954472,-0.179504,-0.047718,0.233421,0.793664,-0.168831,-0.139474,0.567574,0.953734,-0.183384,-0.046768,0.233613,0.954472,-0.179504,-0.047718,0.233421,1.000000,
0.954472,-0.179504,-0.047718,0.233421,0.793664,-0.168831,-0.139474,0.567574,0.955520,-0.173837,-0.049102,0.233133,0.954472,-0.179504,-0.047718,0.233421,1.000000,
0.954472,-0.179504,-0.047718,0.233421,0.793664,-0.168831,-0.139474,0.567574,0.953734,-0.183384,-0.046768,0.233613,0.954472,-0.179504,-0.047718,0.233421,1.000000,
0.954472,-0.179504,-0.047718,0.233421,0.793664,-0.168831,-0.139474,0.567574,0.955520,-0.173837,-0.049102,0.233134,0.954472,-0.179504,-0.047718,0.233421,1.000000,
0.954472,-0.179504,-0.047718,0.233421,0.793664,-0.168831,-0.139474,0.567574,0.953734,-0.183384,-0.046768,0.233613,0.954472,-0.179504,-0.047718,0.233421,1.000000,
0.954472,-0.179504,-0.047718,0.233421,0.793664,-0.168831,-0.139474,0.567574,0.955520,-0.173838,-0.049102,0.233134,0.954472,-0.179504,-0.047718,0.233421,1.000000,
0.954472,-0.179504,-0.047718,0.233421,0.793664,-0.168831,-0.139474,0.567574,0.953734,-0.183384,-0.046768,0.233613,0.954472,-0.179504,-0.047718,0.233421,1.000000,
0.954472,-0.179504,-0.047718,0.233421,0.793664,-0.168831,-0.139474,0.567574,0.955520,-0.173838,-0.049102,0.233134,0.954472,-0.179504,-0.047718,0.233421,1.000000,
0.954472,-0.179504,-0.047718,0.233421,0.793664,-0.168831,-0.139474,0.567574,0.953734,-0.183384,-0.046768,0.233613,0.954472,-0.179504,-0.047718,0.233421,1.000000,
0.954472,-0.179504,-0.047718,0.233421,0.793664,-0.168831,-0.139474,0.567574,0.955520,-0.173838,-0.049102,0.233134,0.954472,-0.179504,-0.047718,0.233421,1.000000,
0.954472,-0.179504,-0.047718,0.233421,0.793664,-0.168831,-0.139474,0.567574,0.953734,-0.183384,-0.046768,0.233613,0.954472,-0.179504,-0.047718,0.233421,1.000000,
0.954472,-0.179504,-0.047718,0.233421,0.793664,-0.168831,-0.139474,0.567574,0.955520,-0.173838,-0.049102,0.233134,0.954472,-0.179504,-0.047718,0.233421,1.000000,
0.954472,-0.179504,-0.047718,0.233421,0.793664,-0.168831,-0.139474,0.567574,0.953734,-0.183384,-0.046768,0.233613,0.954472,-0.179504,-0.047718,0.233421,1.000000,
0.954472,-0.179504,-0.047718,0.233421,0.793664,-0.168831,-0.139474,0.567574,0.955520,-0.173838,-0.049102,0.233134,0.954472,-0.179504,-0.047718,0.233421,1.000000,
0.954472,-0.179504,-0.047718,0.233421,0.793664,-0.168831,-0.139474,0.567574,0.953734,-0.183384,-0.046768,0.233613,0.954472,-0.179504,-0.047718,0.233421,1.000000,
0.954472,-0.179504,-0.047718,0.233421,0.793664,-0.168831,-0.139474,0.567574,0.955520,-0.173838,-0.049102,0.233134,0.954472,-0.179504,-0.047718,0.233421,1.000000,
0.954472,-0.179504,-0.047718,0.233421,0.793664,-0.168831,-0.139474,0.567574,0.953734,-0.183384,-0.046768,0.233613,0.954472,-0.179504,-0.047718,0.233421,1.000000,
0.954472,-0.179504,-0.047718,0.233421,0.793664,-0.168831,-0.139474,0.567574,0.955520,-0.173838,-0.049102,0.233134,0.954472,-0.179504,-0.047718,0.233421,1.000000,
0.954472,-0.179504,-0.047718,0.233421,0.793664,-0.168831,-0.139474,0.567574,0.953734,-0.183385,-0.046768,0.233613,0.954472,-0.179504,-0.047718,0.233421,1.000000,
0.954472,-0.179504,-0.047718,0.233421,0.793664,-0.168831,-0.139474,0.567574,0.955520,-0.173838,-0.049102,0.233134,0.954472,-0.179504,-0.047718,0.233421,1.000000,
0.954472,-0.179504,-0.047718,0.233421,0.793664,-0.168831,-0.139474,0.567574,0.953734,-0.183385,-0.046768,0.233613,0.954472,-0.179504,-0.047718,0.233421,1.000000,
0.954472,-0.179504,-0.047718,0.233421,0.793664,-0.168831,-0.139474,0.567574,0.955520,-0.173838,-0.049102,0.233134,0.954472,-0.179504,-0.047718,0.233421,1.000000,
0.954472,-0.179504,-0.047718,0.233421,0.793664,-0.168831,-0.139474,0.567574,0.953734,-0.183385,-0.046768,0.233613,0.954472,-0.179504,-0.047718,0.233421,1.000000,
0.954472,-0.179504,-0.047718,0.233421,0.793664,-0.168831,-0.139474,0.567574,0.955520,-0.173838,-0.049102,0.233134,0.954472,-0.179504,-0.047718,0.233421,1.000000,
0.954472,-0.179504,-0.047718,0.233421,0.793664,-0.168831,-0.139474,0.567574,0.953734,-0.183385,-0.046768,0.233613,0.954472,-0.179504,-0.047718,0.233421,1.000000,
0.954472,-0.179504,-0.047718,0.233421,0.793664,-0.168831,-0.139474,0.567574,0.955520,-0.173838,-0.049102,0.233134,0.954472,-0.179504,-0.047718,0.233421,1.000000,
0.954472,-0.179504,-0.047718,0.233421,0.793664,-0.168831,-0.139474,0.567574,0.953734,-0.183385,-0.046768,0.233613,0.954472,-0.179504,-0.047718,0.233421,1.000000,
0.954472,-0.179504,-0.047718,0.233421,0.793664,-0.168831,-0.139474,0.567574,0.955520,-0.173839,-0.049102,0.233134,0.954472,-0.179504,-0.047718,0.233421,1.000000,
0.954472,-0.179504,-0.047718,0.233421,0.793664,-0.168831,-0.139474,0.567574,0.953734,-0.183385,-0.046768,0.233613,0.954472,-0.179504,-0.047718,0.233421,1.000000,
0.954472,-0.179504,-0.047718,0.233421,0.793664,-0.168831,-0.139474,0.567574,0.955520,-0.173839,-0.049102,0.233134,0.954472,-0.179504,-0.047718,0.233421,1.000000,
0.954472,-0.179504,-0.047718,0.233421,0.793664,-0.168831,-0.139474,0.567574,0.953734,-0.183385,-0.046768,0.233613,0.954472,-0.179504,-0.047718,0.233421,1.000000,
0.954472,-0.179504,-0.047718,0.233421,0.793664,-0.168831,-0.139474,0.567574,0.955520,-0.173839,-0.049102,0.233134,0.954472,-0.179504,-0.047718,0.233421,1.000000,
0.954472,-0.179504,-0.047718,0.233421,0.793664,-0.168831,-0.139474,0.567574,0.953734,-0.183385,-0.046768,0.233613,0.954472,-0.179504,-0.047718,0.233421,1.000000,
0.954472,-0.179504,-0.047718,0.233421,0.793664,-0.168831,-0.139474,0.567574,0.955520,-0.173839,-0.049102,0.233134,0.954472,-0.179504,-0.047718,0.233421,1.000000,
0.954472,-0.179504,-0.047718,0.233421,0.793664,-0.168831,-0.139474,0.567574,0.953734,-0.183385,-0.046768,0.233613,0.954472,-0.179504,-0.047718,0.233421,1.000000,
0.954472,-0.179504,-0.047718,0.233421,0.793664,-0.168831,-0.139474,0.567574,0.955520,-0.173839,-0.049102,0.233134,0.954472,-0.179504,-0.047718,0.233421,1.000000,
0.954472,-0.179504,-0.047718,0.233421,0.793664,-0.168831,-0.139474,0.567574,0.953733,-0.183385,-0.046768,0.233613,0.954472,-0.179504,-0.047718,0.233421,1.000000,
0.954472,-0.179504,-0.047718,0.233421,0.793664,-0.168831,-0.139474,0.567574,0.955520,-0.173839,-0.049102,0.233134,0.954472,-0.179504,-0.047718,0.233421,1.000000,
0.954472,-0.179504,-0.047718,0.233421,0.793664,-0.168831,-0.139474,0.567574,0.953733,-0.183385,-0.046768,0.233613,0.954472,-0.179504,-0.047718,0.233421,1.000000,
0.954472,-0.179504,-0.047718,0.233421,0.793664,-0.168831,-0.139474,0.567574,0.955520,-0.173839,-0.049102,0.233134,0.954472,-0.179504,-0.047718,0.233421,1.000000,
0.954472,-0.179504,-0.047718,0.233421,0.793664,-0.168831,-0.139474,0.567574,0.953733,-0.183386,-0.046768,0.233613,0.954472,-0.179504,-0.047718,0.233421,1.000000,
0.954472,-0.179504,-0.047718,0.233421,0.793664,-0.168831,-0.139474,0.567574,0.955520,-0.173839,-0.049102,0.233134,0.954472,-0.179504,-0.047718,0.233421,1.000000,
0.954472,-0.179504,-0.047718,0.233421,0.793664,-0.168831,-0.139474,0.567574,0.953733,-0.183386,-0.046768,0.233613,0.954472,-0.179504,-0.047718,0.233421,1.000000,
0.954472,-0.179504,-0.047718,0.233421,0.793664,-0.168831,-0.139474,0.567574,0.955520,-0.173839,-0.049102,0.233134,0.954472,-0.179504,-0.047718,0.233421,1.000000,
0.954472,-0.179504,-0.047718,0.233421,0.793664,-0.168831,-0.139474,0.567574,0.953733,-0.183386,-0.046768,0.233613,0.954472,-0.179504,-0.047718,0.233421,1.000000,
0.954472,-0.179504,-0.047718,0.233421,0.793664,-0.168831,-0.139474,0.567574,0.955520,-0.173839,-0.049102,0.233134,0.954472,-0.179504,-0.047718,0.233421,1.000000,
0.954472,-0.179504,-0.047718,0.233421,0.793664,-0.168831,-0.139474,0.567574,0.953733,-0.183386,-0.046768,0.233613,0.954472,-0.179504,-0.047718,0.233421,1.000000,
0.954472,-0.179504,-0.047718,0.233421,0.793664,-0.168831,-0.139474,0.567574,0.955520,-0.173839,-0.049102,0.233134,0.954472,-0.179504,-0.047718,0.233421,1.000000,
0.954472,-0.179504,-0.047718,0.233421,0.793664,-0.168831,-0.139474,0.567574,0.953733,-0.183386,-0.046768,0.233613,0.954472,-0.179504,-0.047718,0.233421,1.000000,
0.954472,-0.179504,-0.047718,0.233421,0.793664,-0.168831,-0.139474,0.567574,0.955520,-0.173840,-0.049102,0.233134,0.954472,-0.179504,-0.047718,0.233421,1.000000,
0.954472,-0.179504,-0.047718,0.233421,0.793664,-0.168831,-0.139474,0.567574,0.953733,-0.183386,-0.046768,0.233613,0.954472,-0.179504,-0.047718,0.233421,1.000000,
0.954472,-0.179504,-0.047718,0.233421,0.793664,-0.168831,-0.139474,0.567574,0.955520,-0.173840,-0.049102,0.233134,0.954472,-0.179504,-0.047718,0.233421,1.000000,
0.954472,-0.179504,-0.047718,0.233421,0.793664,-0.168831,-0.139474,0.567574,0.953733,-0.183386,-0.046768,0.233613,0.954472,-0.179504,-0.047718,0.233421,1.000000,
0.954472,-0.179504,-0.047718,0.233421,0.793664,-0.168831,-0.139474,0.567574,0.955519,-0.173840,-0.049102,0.233134,0.954472,-0.179504,-0.047718,0.233421,1.000000,
0.954472,-0.179504,-0.047718,0.233421,0.793664,-0.168831,-0.139474,0.567574,0.953733,-0.183386,-0.046768,0.233613,0.954472,-0.179504,-0.047718,0.233421,1.000000,
0.954472,-0.179504,-0.047718,0.233421,0.793664,-0.168831,-0.139474,0.567574,0.955519,-0.173840,-0.049102,0.233134,0.954472,-0.179504,-0.047718,0.233421,1.000000,
0.954472,-0.179504,-0.047718,0.233421,0.793664,-0.168831,-0.139474,0.567574,0.953733,-0.183386,-0.046768,0.233613,0.954472,-0.179504,-0.047718,0.233421,1.000000,
0.954472,-0.179504,-0.047718,0.233421,0.793664,-0.168831,-0.139474,0.567574,0.955519,-0.173840,-0.049102,0.233134,0.954472,-0.179504,-0.047718,0.233421,1.000000,
0.954472,-0.179504,-0.047718,0.233421,0.793664,-0.168831,-0.139474,0.567574,0.953733,-0.183386,-0.046768,0.233613,0.954472,-0.179504,-0.047718,0.233421,1.000000,
0.954472,-0.179504,-0.047718,0.233421,0.793664,-0.168831,-0.139474,0.567574,0.955519,-0.173840,-0.049102,0.233134,0.954472,-0.179504,-0.047718,0.233421,1.000000,
0.954472,-0.179504,-0.047718,0.233421,0.793664,-0.168831,-0.139474,0.567574,0.953733,-0.183386,-0.046768,0.233613,0.954472,-0.179504,-0.047718,0.233421,1.000000,
0.954472,-0.179504,-0.047718,0.233421,0.793664,-0.168831,-0.139474,0.567574,0.955519,-0.173840,-0.049102,0.233134,0.954472,-0.179504,-0.047718,0.233421,1.000000,
0.954472,-0.179504,-0.047718,0.233421,0.793664,-0.168831,-0.139474,0.567574,0.953733,-0.183387,-0.046768,0.233613,0.954472,-0.179504,-0.047718,0.233421,1.000000,
0.954472,-0.179504,-0.047718,0.233421,0.793664,-0.168831,-0.139474,0.567574,0.955519,-0.173840,-0.049102,0.233134,0.954472,-0.179504,-0.047718,0.233421,1.000000,
0.954472,-0.179504,-0.047718,0.233421,0.793664,-0.168831,-0.139474,0.567574,0.953733,-0.183387,-0.046768,0.233613,0.954472,-0.179504,-0.047718,0.233421,1.000000,
0.954472,-0.179504,-0.047718,0.233421,0.793664,-0.168831,-0.139474,0.567574,0.955519,-0.173840,-0.049102,0.233134,0.954472,-0.179504,-0.047718,0.233421,1.000000,
0.954472,-0.179504,-0.047718,0.233421,0.793664,-0.168831,-0.139474,0.567574,0.953733,-0.183387,-0.046768,0.233613,0.954472,-0.179504,-0.047718,0.233421,1.000000,
0.954472,-0.179504,-0.047718,0.233421,0.793664,-0.168831,-0.139474,0.567574,0.955519,-0.173840,-0.049102,0.233134,0.954472,-0.179504,-0.047718,0.233421,1.000000,
0.954472,-0.179504,-0.047718,0.233421,0.793664,-0.168831,-0.139474,0.567574,0.953733,-0.183387,-0.046768,0.233613,0.954472,-0.179504,-0.047718,0.233421,1.000000,
0.954472,-0.179504,-0.047718,0.233421,0.793664,-0.168831,-0.139474,0.567574,0.955519,-0.173840,-0.049101,0.233134,0.954472,-0.179504,-0.047718,0.233421,1.000000,
0.954472,-0.179504,-0.047718,0.233421,0.793664,-0.168831,-0.139474,0.567574,0.953733,-0.183387,-0.046768,0.233613,0.954472,-0.179504,-0.047718,0.233421,1.000000,
0.954472,-0.179504,-0.047718,0.233421,0.793664,-0.168831,-0.139474,0.567574,0.955519,-0.173841,-0.049101,0.233134,0.954472,-0.179504,-0.047718,0.233421,1.000000,
0.954472,-0.179504,-0.047718,0.233421,0.793664,-0.168831,-0.139474,0.567574,0.953733,-0.183387,-0.046768,0.233613,0.954472,-0.179504,-0.047718,0.233421,1.000000,
0.954472,-0.179504,-0.047718,0.233421,0.793664,-0.168831,-0.139474,0.567574,0.955519,-0.173841,-0.049101,0.233134,0.954472,-0.179504,-0.047718,0.233421,1.000000,
0.954472,-0.179504,-0.047718,0.233421,0.793664,-0.168831,-0.139474,0.567574,0.953733,-0.183387,-0.046768,0.233613,0.954472,-0.179504,-0.047718,0.233421,1.000000,
0.954472,-0.179504,-0.047718,0.233421,0.793664,-0.168831,-0.139474,0.567574,0.955519,-0.173841,-0.049101,0.233134,0.954472,-0.179504,-0.047718,0.233421,1.000000,
0.954472,-0.179504,-0.047718,0.233421,0.793664,-0.168831,-0.139474,0.567574,0.953733,-0.183387,-0.046768,0.233613,0.954472,-0.179504,-0.047718,0.233421,1.000000,
0.954472,-0.179504,-0.047718,0.233421,0.793664,-0.168831,-0.139474,0.567574,0.955519,-0.173841,-0.049101,0.233134,0.954472,-0.179504,-0.047718,0.233421,1.000000,
0.954472,-0.179504,-0.047718,0.233421,0.793664,-0.168831,-0.139474,0.567574,0.953733,-0.183387,-0.046768,0.233613,0.954472,-0.179504,-0.047718,0.233421,1.000000,
0.954472,-0.179504,-0.047718,0.233421,0.793664,-0.168831,-0.139474,0.567574,0.955519,-0.173841,-0.049101,0.233134,0.954472,-0.179504,-0.047718,0.233421,1.000000,
0.954472,-0.179504,-0.047718,0.233421,0.793664,-0.168831,-0.139474,0.567574,0.953733,-0.183387,-0.046768,0.233613,0.954472,-0.179504,-0.047718,0.233421,1.000000,
0.954472,-0.179504,-0.047718,0.233421,0.793664,-0.168831,-0.139474,0.567574,0.955519,-0.173841,-0.049101,0.233134,0.954472,-0.179504,-0.047718,0.233421,1.000000,
0.954472,-0.179504,-0.047718,0.233421,0.793664,-0.168831,-0.139474,0.567574,0.953733,-0.183387,-0.046768,0.233613,0.954472,-0.179504,-0.047718,0.233421,1.000000,
0.954472,-0.179504,-0.047718,0.233421,0.793664,-0.168831,-0.139474,0.567574,0.955519,-0.173841,-0.049101,0.233134,0.954472,-0.179504,-0.047718,0.233421,1.000000,
0.954472,-0.179504,-0.047718,0.233421,0.793664,-0.168831,-0.139474,0.567574,0.953733,-0.183387,-0.046768,0.233613,0.954472,-0.179504,-0.047718,0.233421,1.000000,
0.954472,-0.179504,-0.047718,0.233421,0.793664,-0.168831,-0.139474,0.567574,0.955519,-0.173841,-0.049101,0.233134,0.954472,-0.179504,-0.047718,0.233421,1.000000,
0.954472,-0.179504,-0.047718,0.233421,0.793664,-0.168831,-0.139474,0.567574,0.953733,-0.183388,-0.046768,0.233613,0.954472,-0.179504,-0.047718,0.233421,1.000000,
0.954472,-0.179504,-0.047718,0.233421,0.793664,-0.168831,-0.139474,0.567574,0.955519,-0.173841,-0.049101,0.233134,0.954472,-0.179504,-0.047718,0.233421,1.000000,
0.954472,-0.179504,-0.047718,0.233421,0.793664,-0.168831,-0.139474,0.567574,0.953733,-0.183388,-0.046768,0.233613,0.954472,-0.179504,-0.047718,0.233421,1.000000,
0.954472,-0.179504,-0.047718,0.233421,0.793664,-0.168831,-0.139474,0.567574,0.955519,-0.173841,-0.049101,0.233134,0.954472,-0.179504,-0.047718,0.233421,1.000000,
0.954472,-0.179504,-0.047718,0.233421,0.793664,-0.168831,-0.139474,0.567574,0.953733,-0.183388,-0.046768,0.233613,0.954472,-0.179504,-0.047718,0.233421,1.000000,
0.954472,-0.179504,-0.047718,0.233421,0.793664,-0.168831,-0.139474,0.567574,0.955519,-0.173841,-0.049101,0.233134,0.954472,-0.179504,-0.047718,0.233421,1.000000,
0.954472,-0.179504,-0.047718,0.233421,0.793664,-0.168831,-0.139474,0.567574,0.953733,-0.183388,-0.046767,0.233613,0.954472,-0.179504,-0.047718,0.233421,1.000000,
0.954472,-0.179504,-0.047718,0.233421,0.793664,-0.168831,-0.139474,0.567574,0.955519,-0.173842,-0.049101,0.233134,0.954472,-0.179504,-0.047718,0.233421,1.000000,
0.954472,-0.179504,-0.047718,0.233421,0.793664,-0.168831,-0.139474,0.567574,0.953733,-0.183388,-0.046767,0.233613,0.954472,-0.179504,-0.047718,0.233421,1.000000,
0.954472,-0.179504,-0.047718,0.233421,0.793664,-0.168831,-0.139474,0.567574,0.955519,-0.173842,-0.049101,0.233134,0.954472,-0.179504,-0.047718,0.233421,1.000000,
0.954472,-0.179504,-0.047718,0.233421,0.793664,-0.168831,-0.139474,0.567574,0.953733,-0.183388,-0.046767,0.233613,0.954472,-0.179504,-0.047718,0.233421,1.000000,
0.954472,-0.179504,-0.047718,0.233421,0.793664,-0.168831,-0.139474,0.567574,0.955519,-0.173842,-0.049101,0.233134,0.954472,-0.179504,-0.047718,0.233421,1.000000,
0.954472,-0.179504,-0.047718,0.233421,0.793664,-0.168831,-0.139474,0.567574,0.953733,-0.183388,-0.046767,0.233613,0.954472,-0.179504,-0.047718,0.233421,1.000000,
0.954472,-0.179504,-0.047718,0.233421,0.793664,-0.168831,-0.139474,0.567574,0.955519,-0.173842,-0.049101,0.233134,0.954472,-0.179504,-0.047718,0.233421,1.000000,
0.954472,-0.179504,-0.047718,0.233421,0.793664,-0.168831,-0.139474,0.567574,0.953733,-0.183388,-0.046767,0.233613,0.954472,-0.179504,-0.047718,0.233421,1.000000,
0.954472,-0.179504,-0.047718,0.233421,0.793664,-0.168831,-0.139474,0.567574,0.955519,-0.173842,-0.049101,0.233134,0.954472,-0.179504,-0.047718,0.233421,1.000000,
0.954472,-0.179504,-0.047718,0.233421,0.793664,-0.168831,-0.139474,0.567574,0.953733,-0.183388,-0.046767,0.233613,0.954472,-0.179504,-0.047718,0.233421,1.000000,
0.954472,-0.179504,-0.047718,0.233421,0.793664,-0.168831,-0.139474,0.567574,0.955519,-0.173842,-0.049101,0.233134,0.954472,-0.179504,-0.047718,0.233421,1.000000,
0.954472,-0.179504,-0.047718,0.233421,0.793664,-0.168831,-0.139474,0.567574,0.953733,-0.183388,-0.046767,0.233613,0.954472,-0.179504,-0.047718,0.233421,1.000000,
0.954472,-0.179504,-0.047718,0.233421,0.793664,-0.168831,-0.139474,0.567574,0.955519,-0.173842,-0.049101,0.233134,0.954472,-0.179504,-0.047718,0.233421,1.000000,
0.954472,-0.179504,-0.047718,0.233421,0.793664,-0.168831,-0.139474,0.567574,0.953733,-0.183388,-0.046767,0.233613,0.954472,-0.179504,-0.047718,0.233421,1.000000,
0.954472,-0.179504,-0.047718,0.233421,0.793664,-0.168831,-0.139474,0.567574,0.955519,-0.173842,-0.049101,0.233134,0.954472,-0.179504,-0.047718,0.233421,1.000000,
0.954472,-0.179504,-0.047718,0.233421,0.793664,-0.168831,-0.139474,0.567574,0.953733,-0.183389,-0.046767,0.233613,0.954472,-0.179504,-0.047718,0.233421,1.000000,
0.954472,-0.179504,-0.047718,0.233421,0.793664,-0.168831,-0.139474,0.567574,0.955519,-0.173842,-0.049101,0.233134,0.954472,-0.179504,-0.047718,0.233421,1.000000,
0.954472,-0.179504,-0.047718,0.233421,0.793664,-0.168831,-0.139474,0.567574,0.953733,-0.183389,-0.046767,0.233613,0.954472,-0.179504,-0.047718,0.233421,1.000000,
0.954472,-0.179504,-0.047718,0.233421,0.793664,-0.168831,-0.139474,0.567574,0.955519,-0.173842,-0.049101,0.233134,0.954472,-0.179504,-0.047718,0.233421,1.000000,
0.954472,-0.179504,-0.047718,0.233421,0.793664,-0.168831,-0.139474,0.567574,0.953733,-0.183389,-0.046767,0.233613,0.954472,-0.179504,-0.047718,0.233421,1.000000,
0.954472,-0.179504,-0.047718,0.233421,0.793664,-0.168831,-0.139474,0.567574,0.955519,-0.173842,-0.049101,0.233134,0.954472,-0.179504,-0.047718,0.233421,1.000000,
0.954472,-0.179504,-0.047718,0.233421,0.793664,-0.168831,-0.139474,0.567574,0.953733,-0.183389,-0.046767,0.233613,0.954472,-0.179504,-0.047718,0.233421,1.000000,
0.954472,-0.179504,-0.047718,0.233421,0.793664,-0.168831,-0.139474,0.567574,0.955519,-0.173842,-0.049101,0.233134,0.954472,-0.179504,-0.047718,0.233421,1.000000,
0.954472,-0.179504,-0.047718,0.233421,0.793664,-0.168831,-0.139474,0.567574,0.953733,-0.183389,-0.046767,0.233613,0.954472,-0.179504,-0.047718,0.233421,1.000000,
0.954472,-0.179504,-0.047718,0.233421,0.793664,-0.168831,-0.139474,0.567574,0.955519,-0.173843,-0.049101,0.233134,0.954472,-0.179504,-0.047718,0.233421,1.000000,
0.954472,-0.179504,-0.047718,0.233421,0.793664,-0.168831,-0.139474,0.567574,0.953733,-0.183389,-0.046767,0.233613,0.954472,-0.179504,-0.047718,0.233421,1.000000,
0.954472,-0.179504,-0.047718,0.233421,0.793664,-0.168831,-0.139474,0.567574,0.955519,-0.173843,-0.049101,0.233134,0.954472,-0.179504,-0.047718,0.233421,1.000000,
0.954472,-0.179504,-0.047718,0.233421,0.793664,-0.168831,-0.139474,0.567574,0.953733,-0.183389,-0.046767,0.233613,0.954472,-0.179504,-0.047718,0.233421,1.000000,
0.954472,-0.179504,-0.047718,0.233421,0.793664,-0.168831,-0.139474,0.567574,0.955519,-0.173843,-0.049101,0.233134,0.954472,-0.179504,-0.047718,0.233421,1.000000,
0.954472,-0.179504,-0.047718,0.233421,0.793664,-0.168831,-0.139474,0.567574,0.953733,-0.183389,-0.046767,0.233613,0.954472,-0.179504,-0.047718,0.233421,1.000000,
0.954472,-0.179504,-0.047718,0.233421,0.793664,-0.168831,-0.139474,0.567574,0.955519,-0.173843,-0.049101,0.233134,0.954472,-0.179504,-0.047718,0.233421,1.000000,
0.954472,-0.179504,-0.047718,0.233421,0.793664,-0.168831,-0.139474,0.567574,0.953733,-0.183389,-0.046767,0.233613,0.954472,-0.179504,-0.047718,0.233421,1.000000,
0.954472,-0.179504,-0.047718,0.233421,0.793664,-0.168831,-0.139474,0.567574,0.955519,-0.173843,-0.049101,0.233134,0.954472,-0.179504,-0.047718,0.233421,1.000000,
0.954472,-0.179504,-0.047718,0.233421,0.793664,-0.168831,-0.139474,0.567574,0.953733,-0.183389,-0.046767,0.233613,0.954472,-0.179504,-0.047718,0.233421,1.000000,
0.954472,-0.179504,-0.047718,0.233421,0.793664,-0.168831,-0.139474,0.567574,0.955519,-0.173843,-0.049101,0.233134,0.954472,-0.179504,-0.047718,0.233421,1.000000,
0.954472,-0.179504,-0.047718,0.233421,0.793664,-0.168831,-0.139474,0.567574,0.953733,-0.183389,-0.046767,0.233613,0.954472,-0.179504,-0.047718,0.233421,1.000000,
0.954472,-0.179504,-0.047718,0.233421,0.793664,-0.168831,-0.139474,0.567574,0.955519,-0.173843,-0.049101,0.233134,0.954472,-0.179504,-0.047718,0.233421,1.000000,
0.954472,-0.179504,-0.047718,0.233421,0.793664,-0.168831,-0.139474,0.567574,0.953733,-0.183390,-0.046767,0.233613,0.954472,-0.179504,-0.047718,0.233421,1.000000,
0.954472,-0.179504,-0.047718,0.233421,0.793664,-0.168831,-0.139474,0.567574,0.955519,-0.173843,-0.049101,0.233134,0.954472,-0.179504,-0.047718,0.233421,1.000000,
0.954472,-0.179504,-0.047718,0.233421,0.793664,-0.168831,-0.139474,0.567574,0.953733,-0.183390,-0.046767,0.233613,0.954472,-0.179504,-0.047718,0.233421,1.000000,
0.954472,-0.179504,-0.047718,0.233421,0.793664,-0.168831,-0.139474,0.567574,0.955519,-0.173843,-0.049101,0.233134,0.954472,-0.179504,-0.047718,0.233421,1.000000,
0.954472,-0.179504,-0.047718,0.233421,0.793664,-0.168831,-0.139474,0.567574,0.953733,-0.183390,-0.046767,0.233613,0.954472,-0.179504,-0.047718,0.233421,1.000000,
0.954472,-0.179504,-0.047718,0.233421,0.793664,-0.168831,-0.139474,0.567574,0.955519,-0.173843,-0.049101,0.233134,0.954472,-0.179504,-0.047718,0.233421,1.000000,
0.954472,-0.179504,-0.047718,0.233421,0.793664,-0.168831,-0.139474,0.567574,0.953733,-0.183390,-0.046767,0.233613,0.954472,-0.179504,-0.047718,0.233421,1.000000,
0.954472,-0.179504,-0.047718,0.233421,0.793664,-0.168831,-0.139474,0.567574,0.955519,-0.173843,-0.049101,0.233134,0.954472,-0.179504,-0.047718,0.233421,1.000000,
0.954472,-0.179504,-0.047718,0.233421,0.793664,-0.168831,-0.139474,0.567574,0.953733,-0.183390,-0.046767,0.233613,0.954472,-0.179504,-0.047718,0.233421,1.000000,
0.954472,-0.179504,-0.047718,0.233421,0.793664,-0.168831,-0.139474,0.567574,0.955519,-0.173844,-0.049101,0.233134,0.954472,-0.179504,-0.047718,0.233421,1.000000,
0.954472,-0.179504,-0.047718,0.233421,0.793664,-0.168831,-0.139474,0.567574,0.953733,-0.183390,-0.046767,0.233613,0.954472,-0.179504,-0.047718,0.233421,1.000000,
0.954472,-0.179504,-0.047718,0.233421,0.793664,-0.168831,-0.139474,0.567574,0.955519,-0.173844,-0.049101,0.233134,0.954472,-0.179504,-0.047718,0.233421,1.000000,
0.954472,-0.179504,-0.047718,0.233421,0.793664,-0.168831,-0.139474,0.567574,0.953733,-0.183390,-0.046767,0.233613,0.954472,-0.179504,-0.047718,0.233421,1.000000,
0.954472,-0.179504,-0.047718,0.233421,0.793664,-0.168831,-0.139474,0.567574,0.955519,-0.173844,-0.049101,0.233134,0.954472,-0.179504,-0.047718,0.233421,1.000000,
0.954472,-0.179504,-0.047718,0.233421,0.793664,-0.168831,-0.139474,0.567574,0.953733,-0.183390,-0.046767,0.233613,0.954472,-0.179504,-0.047718,0.233421,1.000000,
0.954472,-0.179504,-0.047718,0.233421,0.793664,-0.168831,-0.139474,0.567574,0.955519,-0.173844,-0.049101,0.233134,0.954472,-0.179504,-0.047718,0.233421,1.000000,
0.954472,-0.179504,-0.047718,0.233421,0.793664,-0.168831,-0.139474,0.567574,0.953733,-0.183390,-0.046767,0.233613,0.954472,-0.179504,-0.047718,0.233421,1.000000,
0.954472,-0.179504,-0.047718,0.233421,0.793664,-0.168831,-0.139474,0.567574,0.955519,-0.173844,-0.049101,0.233134,0.954472,-0.179504,-0.047718,0.233421,1.000000,
0.954472,-0.179504,-0.047718,0.233421,0.793664,-0.168831,-0.139474,0.567574,0.953733,-0.183390,-0.046767,0.233613,0.954472,-0.179504,-0.047718,0.233421,1.000000,
0.954472,-0.179504,-0.047718,0.233421,0.793664,-0.168831,-0.139474,0.567574,0.955519,-0.173844,-0.049101,0.233134,0.954472,-0.179504,-0.047718,0.233421,1.000000,
0.954472,-0.179504,-0.047718,0.233421,0.793664,-0.168831,-0.139474,0.567574,0.953733,-0.183390,-0.046767,0.233613,0.954472,-0.179504,-0.047718,0.233421,1.000000,
0.954472,-0.179504,-0.047718,0.233421,0.793664,-0.168831,-0.139474,0.567574,0.955519,-0.173844,-0.049101,0.233134,0.954472,-0.179504,-0.047718,0.233421,1.000000,
0.954472,-0.179504,-0.047718,0.233421,0.793664,-0.168831,-0.139474,0.567574,0.953732,-0.183390,-0.046767,0.233613,0.954472,-0.179504,-0.047718,0.233421,1.000000,
0.954472,-0.179504,-0.047718,0.233421,0.793664,-0.168831,-0.139474,0.567574,0.955519,-0.173844,-0.049101,0.233134,0.954472,-0.179504,-0.047718,0.233421,1.000000,
0.954472,-0.179504,-0.047718,0.233421,0.793664,-0.168831,-0.139474,0.567574,0.953732,-0.183391,-0.046767,0.233613,0.954472,-0.179504,-0.047718,0.233421,1.000000,
0.954472,-0.179504,-0.047718,0.233421,0.793664,-0.168831,-0.139474,0.567574,0.955519,-0.173844,-0.049101,0.233134,0.954472,-0.179504,-0.047718,0.233421,1.000000,
0.954472,-0.179504,-0.047718,0.233421,0.793664,-0.168831,-0.139474,0.567574,0.953732,-0.183391,-0.046767,0.233613,0.954472,-0.179504,-0.047718,0.233421,1.000000,
0.954472,-0.179504,-0.047718,0.233421,0.793664,-0.168831,-0.139474,0.567574,0.955519,-0.173844,-0.049101,0.233134,0.954472,-0.179504,-0.047718,0.233421,1.000000,
0.954472,-0.179504,-0.047718,0.233421,0.793664,-0.168831,-0.139474,0.567574,0.953732,-0.183391,-0.046767,0.233613,0.954472,-0.179504,-0.047718,0.233421,1.000000,
0.954472,-0.179504,-0.047718,0.233421,0.793664,-0.168831,-0.139474,0.567574,0.955519,-0.173844,-0.049101,0.233134,0.954472,-0.179504,-0.047718,0.233421,1.000000,
0.954472,-0.179504,-0.047718,0.233421,0.793664,-0.168831,-0.139474,0.567574,0.953732,-0.183391,-0.046767,0.233613,0.954472,-0.179504,-0.047718,0.233421,1.000000,
0.954472,-0.179504,-0.047718,0.233421,0.793664,-0.168831,-0.139474,0.567574,0.955519,-0.173845,-0.049100,0.233134,0.954472,-0.179504,-0.047718,0.233421,1.000000,
0.954472,-0.179504,-0.047718,0.233421,0.793664,-0.168831,-0.139474,0.567574,0.953732,-0.183391,-0.046767,0.233613,0.954472,-0.179504,-0.047718,0.233421,1.000000,
0.954472,-0.179504,-0.047718,0.233421,0.793664,-0.168831,-0.139474,0.567574,0.955519,-0.173845,-0.049100,0.233134,0.954472,-0.179504,-0.047718,0.233421,1.000000,
0.954472,-0.179504,-0.047718,0.233421,0.793664,-0.168831,-0.139474,0.567574,0.953732,-0.183391,-0.046767,0.233613,0.954472,-0.179504,-0.047718,0.233421,1.000000,
0.954472,-0.179504,-0.047718,0.233421,0.793664,-0.168831,-0.139474,0.567574,0.955519,-0.173845,-0.049100,0.233134,0.954472,-0.179504,-0.047718,0.233421,1.000000,
0.954472,-0.179504,-0.047718,0.233421,0.793664,-0.168831,-0.139474,0.567574,0.953732,-0.183391,-0.046767,0.233613,0.954472,-0.179504,-0.047718,0.233421,1.000000,
0.954472,-0.179504,-0.047718,0.233421,0.793664,-0.168831,-0.139474,0.567574,0.955519,-0.173845,-0.049100,0.233134,0.954472,-0.179504,-0.047718,0.233421,1.000000,
0.954472,-0.179504,-0.047718,0.233421,0.793664,-0.168831,-0.139474,0.567574,0.953732,-0.183391,-0.046767,0.233613,0.954472,-0.179504,-0.047718,0.233421,1.000000,
0.954472,-0.179504,-0.047718,0.233421,0.793664,-0.168831,-0.139474,0.567574,0.955519,-0.173845,-0.049100,0.233134,0.954472,-0.179504,-0.047718,0.233421,1.000000,
0.954472,-0.179504,-0.047718,0.233421,0.793664,-0.168831,-0.139474,0.567574,0.953732,-0.183391,-0.046767,0.233613,0.954472,-0.179504,-0.047718,0.233421,1.000000,
0.954472,-0.179504,-0.047718,0.233421,0.793664,-0.168831,-0.139474,0.567574,0.955519,-0.173845,-0.049100,0.233134,0.954472,-0.179504,-0.047718,0.233421,1.000000,
0.954472,-0.179504,-0.047718,0.233421,0.793664,-0.168831,-0.139474,0.567574,0.953732,-0.183391,-0.046767,0.233613,0.954472,-0.179504,-0.047718,0.233421,1.000000,
0.954472,-0.179504,-0.047718,0.233421,0.793664,-0.168831,-0.139474,0.567574,0.955519,-0.173845,-0.049100,0.233134,0.954472,-0.179504,-0.047718,0.233421,1.000000,
0.954472,-0.179504,-0.047718,0.233421,0.793664,-0.168831,-0.139474,0.567574,0.953732,-0.183391,-0.046767,0.233613,0.954472,-0.179504,-0.047718,0.233421,1.000000,
0.954472,-0.179504,-0.047718,0.233421,0.793664,-0.168831,-0.139474,0.567574,0.955519,-0.173845,-0.049100,0.233134,0.954472,-0.179504,-0.047718,0.233421,1.000000,
0.954472,-0.179504,-0.047718,0.233421,0.793664,-0.168831,-0.139474,0.567574,0.953732,-0.183392,-0.046767,0.233613,0.954472,-0.179504,-0.047718,0.233421,1.000000,
0.954472,-0.179504,-0.047718,0.233421,0.793664,-0.168831,-0.139474,0.567574,0.955518,-0.173845,-0.049100,0.233134,0.954472,-0.179504,-0.047718,0.233421,1.000000,
0.954472,-0.179504,-0.047718,0.233421,0.793664,-0.168831,-0.139474,0.567574,0.953732,-0.183392,-0.046767,0.233613,0.954472,-0.179504,-0.047718,0.233421,1.000000,
0.954472,-0.179504,-0.047718,0.233421,0.793664,-0.168831,-0.139474,0.567574,0.955518,-0.173845,-0.049100,0.233134,0.954472,-0.179504,-0.047718,0.233421,1.000000,
0.954472,-0.179504,-0.047718,0.233421,0.793664,-0.168831,-0.139474,0.567574,0.953732,-0.183392,-0.046767,0.233613,0.954472,-0.179504,-0.047718,0.233421,1.000000,
0.954472,-0.179504,-0.047718,0.233421,0.793664,-0.168831,-0.139474,0.567574,0.955518,-0.173845,-0.049100,0.233134,0.954472,-0.179504,-0.047718,0.233421,1.000000,
0.954472,-0.179504,-0.047718,0.233421,0.793664,-0.168831,-0.139474,0.567574,0.953732,-0.183392,-0.046767,0.233613,0.954472,-0.179504,-0.047718,0.233421,1.000000,
0.954472,-0.179504,-0.047718,0.233421,0.793664,-0.168831,-0.139474,0.567574,0.955518,-0.173845,-0.049100,0.233134,0.954472,-0.179504,-0.047718,0.233421,1.000000,
0.954472,-0.179504,-0.047718,0.233421,0.793664,-0.168831,-0.139474,0.567574,0.953732,-0.183392,-0.046766,0.233613,0.954472,-0.179504,-0.047718,0.233421,1.000000,
0.954472,-0.179504,-0.047718,0.233421,0.793664,-0.168831,-0.139474,0.567574,0.955518,-0.173846,-0.049100,0.233134,0.954472,-0.179504,-0.047718,0.233421,1.000000,
0.954472,-0.179504,-0.047718,0.233421,0.793664,-0.168831,-0.139474,0.567574,0.953732,-0.183392,-0.046766,0.233613,0.954472,-0.179504,-0.047718,0.233421,1.000000,
0.954472,-0.179504,-0.047718,0.233421,0.793664,-0.168831,-0.139474,0.567574,0.955518,-0.173846,-0.049100,0.233134,0.954472,-0.179504,-0.047718,0.233421,1.000000,
0.954472,-0.179504,-0.047718,0.233421,0.793664,-0.168831,-0.139474,0.567574,0.953732,-0.183392,-0.046766,0.233613,0.954472,-0.179504,-0.047718,0.233421,1.000000,
0.954472,-0.179504,-0.047718,0.233421,0.793664,-0.168831,-0.139474,0.567574,0.955518,-0.173846,-0.049100,0.233134,0.954472,-0.179504,-0.047718,0.233421,1.000000,
0.954472,-0.179504,-0.047718,0.233421,0.793664,-0.168831,-0.139474,0.567574,0.953732,-0.183392,-0.046766,0.233613,0.954472,-0.179504,-0.047718,0.233421,1.000000,
0.954472,-0.179504,-0.047718,0.233421,0.793664,-0.168831,-0.139474,0.567574,0.955518,-0.173846,-0.049100,0.233134,0.954472,-0.179504,-0.047718,0.233421,1.000000,
0.954472,-0.179504,-0.047718,0.233421,0.793664,-0.168831,-0.139474,0.567574,0.953732,-0.183392,-0.046766,0.233613,0.954472,-0.179504,-0.047718,0.233421,1.000000,
0.954472,-0.179504,-0.047718,0.233421,0.793664,-0.168831,-0.139474,0.567574,0.955518,-0.173846,-0.049100,0.233134,0.954472,-0.179504,-0.047718,0.233421,1.000000,
0.954472,-0.179504,-0.047718,0.233421,0.793664,-0.168831,-0.139474,0.567574,0.953732,-0.183392,-0.046766,0.233613,0.954472,-0.179504,-0.047718,0.233421,1.000000,
0.954472,-0.179504,-0.047718,0.233421,0.793664,-0.168831,-0.139474,0.567574,0.955518,-0.173846,-0.049100,0.233134,0.954472,-0.179504,-0.047718,0.233421,1.000000,
0.954472,-0.179504,-0.047718,0.233421,0.793664,-0.168831,-0.139474,0.567574,0.953732,-0.183392,-0.046766,0.233613,0.954472,-0.179504,-0.047718,0.233421,1.000000,
0.954472,-0.179504,-0.047718,0.233421,0.793664,-0.168831,-0.139474,0.567574,0.955518,-0.173846,-0.049100,0.233134,0.954472,-0.179504,-0.047718,0.233421,1.000000,
0.954472,-0.179504,-0.047718,0.233421,0.793664,-0.168831,-0.139474,0.567574,0.953732,-0.183393,-0.046766,0.233613,0.954472,-0.179504,-0.047718,0.233421,1.000000,
0.954472,-0.179504,-0.047718,0.233421,0.793664,-0.168831,-0.139474,0.567574,0.955518,-0.173846,-0.049100,0.233134,0.954472,-0.179504,-0.047718,0.233421,1.000000,
0.954472,-0.179504,-0.047718,0.233421,0.793664,-0.168831,-0.139474,0.567574,0.953732,-0.183393,-0.046766,0.233613,0.954472,-0.179504,-0.047718,0.233421,1.000000,
0.954472,-0.179504,-0.047718,0.233421,0.793664,-0.168831,-0.139474,0.567574,0.955518,-0.173846,-0.049100,0.233134,0.954472,-0.179504,-0.047718,0.233421,1.000000,
0.954472,-0.179504,-0.047718,0.233421,0.793664,-0.168831,-0.139474,0.567574,0.953732,-0.183393,-0.046766,0.233613,0.954472,-0.179504,-0.047718,0.233421,1.000000,
0.954472,-0.179504,-0.047718,0.233421,0.793664,-0.168831,-0.139474,0.567574,0.955518,-0.173846,-0.049100,0.233134,0.954472,-0.179504,-0.047718,0.233421,1.000000,
0.954472,-0.179504,-0.047718,0.233421,0.793664,-0.168831,-0.139474,0.567574,0.953732,-0.183393,-0.046766,0.233613,0.954472,-0.179504,-0.047718,0.233421,1.000000,
0.954472,-0.179504,-0.047718,0.233421,0.793664,-0.168831,-0.139474,0.567574,0.955518,-0.173846,-0.049100,0.233134,0.954472,-0.179504,-0.047718,0.233421,1.000000,
0.954472,-0.179504,-0.047718,0.233421,0.793664,-0.168831,-0.139474,0.567574,0.953732,-0.183393,-0.046766,0.233613,0.954472,-0.179504,-0.047718,0.233421,1.000000,
0.954472,-0.179504,-0.047718,0.233421,0.793664,-0.168831,-0.139474,0.567574,0.955518,-0.173847,-0.049100,0.233134,0.954472,-0.179504,-0.047718,0.233421,1.000000,
0.954472,-0.179504,-0.047718,0.233421,0.793664,-0.168831,-0.139474,0.567574,0.953732,-0.183393,-0.046766,0.233613,0.954472,-0.179504,-0.047718,0.233421,1.000000,
0.954472,-0.179504,-0.047718,0.233421,0.793664,-0.168831,-0.139474,0.567574,0.955518,-0.173847,-0.049100,0.233134,0.954472,-0.179504,-0.047718,0.233421,1.000000,
0.954472,-0.179504,-0.047718,0.233421,0.793664,-0.168831,-0.139474,0.567574,0.953732,-0.183393,-0.046766,0.233613,0.954472,-0.179504,-0.047718,0.233421,1.000000,
0.954472,-0.179504,-0.047718,0.233421,0.793664,-0.168831,-0.139474,0.567574,0.955518,-0.173847,-0.049100,0.233134,0.954472,-0.179504,-0.047718,0.233421,1.000000,
0.954472,-0.179504,-0.047718,0.233421,0.793664,-0.168831,-0.139474,0.567574,0.953732,-0.183393,-0.046766,0.233613,0.954472,-0.179504,-0.047718,0.233421,1.000000,
0.954472,-0.179504,-0.047718,0.233421,0.793664,-0.168831,-0.139474,0.567574,0.955518,-0.173847,-0.049100,0.233134,0.954472,-0.179504,-0.047718,0.233421,1.000000,
0.954472,-0.179504,-0.047718,0.233421,0.793664,-0.168831,-0.139474,0.567574,0.953732,-0.183393,-0.046766,0.233613,0.954472,-0.179504,-0.047718,0.233421,1.000000,
0.954472,-0.179504,-0.047718,0.233421,0.793664,-0.168831,-0.139474,0.567574,0.955518,-0.173847,-0.049100,0.233134,0.954472,-0.179504,-0.047718,0.233421,1.000000,
0.954472,-0.179504,-0.047718,0.233421,0.793664,-0.168831,-0.139474,0.567574,0.953732,-0.183393,-0.046766,0.233613,0.954472,-0.179504,-0.047718,0.233421,1.000000,
0.954472,-0.179504,-0.047718,0.233421,0.793664,-0.168831,-0.139474,0.567574,0.955518,-0.173847,-0.049100,0.233134,0.954472,-0.179504,-0.047718,0.233421,1.000000,
0.954472,-0.179504,-0.047718,0.233421,0.793664,-0.168831,-0.139474,0.567574,0.953732,-0.183393,-0.046766,0.233613,0.954472,-0.179504,-0.047718,0.233421,1.000000,
0.954472,-0.179504,-0.047718,0.233421,0.793664,-0.168831,-0.139474,0.567574,0.955518,-0.173847,-0.049100,0.233134,0.954472,-0.179504,-0.047718,0.233421,1.000000,
0.954472,-0.179504,-0.047718,0.233421,0.793664,-0.168831,-0.139474,0.567574,0.953732,-0.183393,-0.046766,0.233613,0.954472,-0.179504,-0.047718,0.233421,1.000000,
0.954472,-0.179504,-0.047718,0.233421,0.793664,-0.168831,-0.139474,0.567574,0.955518,-0.173847,-0.049100,0.233134,0.954472,-0.179504,-0.047718,0.233421,1.000000,
0.954472,-0.179504,-0.047718,0.233421,0.793664,-0.168831,-0.139474,0.567574,0.953732,-0.183394,-0.046766,0.233613,0.954472,-0.179504,-0.047718,0.233421,1.000000,
0.954472,-0.179504,-0.047718,0.233421,0.793664,-0.168831,-0.139474,0.567574,0.955518,-0.173847,-0.049100,0.233134,0.954472,-0.179504,-0.047718,0.233421,1.000000,
0.954472,-0.179504,-0.047718,0.233421,0.793664,-0.168831,-0.139474,0.567574,0.953732,-0.183394,-0.046766,0.233613,0.954472,-0.179504,-0.047718,0.233421,1.000000,
0.954472,-0.179504,-0.047718,0.233421,0.793664,-0.168831,-0.139474,0.567574,0.955518,-0.173847,-0.049100,0.233134,0.954472,-0.179504,-0.047718,0.233421,1.000000,
0.954472,-0.179504,-0.047718,0.233421,0.793664,-0.168831,-0.139474,0.567574,0.953732,-0.183394,-0.046766,0.233613,0.954472,-0.179504,-0.047718,0.233421,1.000000,
0.954472,-0.179504,-0.047718,0.233421,0.793664,-0.168831,-0.139474,0.567574,0.955518,-0.173847,-0.049100,0.233134,0.954472,-0.179504,-0.047718,0.233421,1.000000,
0.954472,-0.179504,-0.047718,0.233421,0.793664,-0.168831,-0.139474,0.567574,0.953732,-0.183394,-0.046766,0.233613,0.954472,-0.179504,-0.047718,0.233421,1.000000,
0.954472,-0.179504,-0.047718,0.233421,0.793664,-0.168831,-0.139474,0.567574,0.955518,-0.173848,-0.049100,0.233134,0.954472,-0.179504,-0.047718,0.233421,1.000000,
0.954472,-0.179504,-0.047718,0.233421,0.793664,-0.168831,-0.139474,0.567574,0.953732,-0.183394,-0.046766,0.233613,0.954472,-0.179504,-0.047718,0.233421,1.000000,
0.954472,-0.179504,-0.047718,0.233421,0.793664,-0.168831,-0.139474,0.567574,0.955518,-0.173848,-0.049100,0.233134,0.954472,-0.179504,-0.047718,0.233421,1.000000,
0.954472,-0.179504,-0.047718,0.233421,0.793664,-0.168831,-0.139474,0.567574,0.953732,-0.183394,-0.046766,0.233613,0.954472,-0.179504,-0.047718,0.233421,1.000000,
0.954472,-0.179504,-0.047718,0.233421,0.793664,-0.168831,-0.139474,0.567574,0.955518,-0.173848,-0.049100,0.233134,0.954472,-0.179504,-0.047718,0.233421,1.000000,
0.954472,-0.179504,-0.047718,0.233421,0.793664,-0.168831,-0.139474,0.567574,0.953732,-0.183394,-0.046766,0.233613,0.954472,-0.179504,-0.047718,0.233421,1.000000,
0.954472,-0.179504,-0.047718,0.233421,0.793664,-0.168831,-0.139474,0.567574,0.955518,-0.173848,-0.049100,0.233134,0.954472,-0.179504,-0.047718,0.233421,1.000000,
0.954472,-0.179504,-0.047718,0.233421,0.793664,-0.168831,-0.139474,0.567574,0.953732,-0.183394,-0.046766,0.233613,0.954472,-0.179504,-0.047718,0.233421,1.000000,
0.954472,-0.179504,-0.047718,0.233421,0.793664,-0.168831,-0.139474,0.567574,0.955518,-0.173848,-0.049100,0.233134,0.954472,-0.179504,-0.047718,0.233421,1.000000,
0.954472,-0.179504,-0.047718,0.233421,0.793664,-0.168831,-0.139474,0.567574,0.953732,-0.183394,-0.046766,0.233613,0.954472,-0.179504,-0.047718,0.233421,1.000000,
0.954472,-0.179504,-0.047718,0.233421,0.793664,-0.168831,-0.139474,0.567574,0.955518,-0.173848,-0.049100,0.233134,0.954472,-0.179504,-0.047718,0.233421,1.000000,
0.954472,-0.179504,-0.047718,0.233421,0.793664,-0.168831,-0.139474,0.567574,0.953732,-0.183394,-0.046766,0.233613,0.954472,-0.179504,-0.047718,0.233421,1.000000,
0.954472,-0.179504,-0.047718,0.233421,0.793664,-0.168831,-0.139474,0.567574,0.955518,-0.173848,-0.049100,0.233134,0.954472,-0.179504,-0.047718,0.233421,1.000000,
0.954472,-0.179504,-0.047718,0.233421,0.793664,-0.168831,-0.139474,0.567574,0.953732,-0.183394,-0.046766,0.233613,0.954472,-0.179504,-0.047718,0.233421,1.000000,
0.954472,-0.179504,-0.047718,0.233421,0.793664,-0.168831,-0.139474,0.567574,0.955518,-0.173848,-0.049100,0.233134,0.954472,-0.179504,-0.047718,0.233421,1.000000,
0.954472,-0.179504,-0.047718,0.233421,0.793664,-0.168831,-0.139474,0.567574,0.953732,-0.183395,-0.046766,0.233613,0.954472,-0.179504,-0.047718,0.233421,1.000000,
0.954472,-0.179504,-0.047718,0.233421,0.793664,-0.168831,-0.139474,0.567574,0.955518,-0.173848,-0.049100,0.233134,0.954472,-0.179504,-0.047718,0.233421,1.000000,
0.954472,-0.179504,-0.047718,0.233421,0.793664,-0.168831,-0.139474,0.567574,0.953732,-0.183395,-0.046766,0.233613,0.954472,-0.179504,-0.047718,0.233421,1.000000,
0.954472,-0.179504,-0.047718,0.233421,0.793664,-0.168831,-0.139474,0.567574,0.955518,-0.173848,-0.049100,0.233134,0.954472,-0.179504,-0.047718,0.233421,1.000000,
0.954472,-0.179504,-0.047718,0.233421,0.793664,-0.168831,-0.139474,0.567574,0.953732,-0.183395,-0.046766,0.233613,0.954472,-0.179504,-0.047718,0.233421,1.000000,
0.954472,-0.179504,-0.047718,0.233421,0.793664,-0.168831,-0.139474,0.567574,0.955518,-0.173848,-0.049100,0.233134,0.954472,-0.179504,-0.047718,0.233421,1.000000,
0.954472,-0.179504,-0.047718,0.233421,0.793664,-0.168831,-0.139474,0.567574,0.953732,-0.183395,-0.046766,0.233613,0.954472,-0.179504,-0.047718,0.233421,1.000000,
0.954472,-0.179504,-0.047718,0.233421,0.793664,-0.168831,-0.139474,0.567574,0.955518,-0.173848,-0.049100,0.233134,0.954472,-0.179504,-0.047718,0.233421,1.000000,
0.954472,-0.179504,-0.047718,0.233421,0.793664,-0.168831,-0.139474,0.567574,0.953732,-0.183395,-0.046766,0.233613,0.954472,-0.179504,-0.047718,0.233421,1.000000,
0.954472,-0.179504,-0.047718,0.233421,0.793664,-0.168831,-0.139474,0.567574,0.955518,-0.173849,-0.049100,0.233134,0.954472,-0.179504,-0.047718,0.233421,1.000000,
0.954472,-0.179504,-0.047718,0.233421,0.793664,-0.168831,-0.139474,0.567574,0.953732,-0.183395,-0.046766,0.233613,0.954472,-0.179504,-0.047718,0.233421,1.000000,
0.954472,-0.179504,-0.047718,0.233421,0.793664,-0.168831,-0.139474,0.567574,0.955518,-0.173849,-0.049099,0.233134,0.954472,-0.179504,-0.047718,0.233421,1.000000,
0.954472,-0.179504,-0.047718,0.233421,0.793664,-0.168831,-0.139474,0.567574,0.953732,-0.183395,-0.046766,0.233613,0.954472,-0.179504,-0.047718,0.233421,1.000000,
0.954472,-0.179504,-0.047718,0.233421,0.793664,-0.168831,-0.139474,0.567574,0.955518,-0.173849,-0.049099,0.233134,0.954472,-0.179504,-0.047718,0.233421,1.000000,
0.954472,-0.179504,-0.047718,0.233421,0.793664,-0.168831,-0.139474,0.567574,0.953732,-0.183395,-0.046766,0.233613,0.954472,-0.179504,-0.047718,0.233421,1.000000,
0.954472,-0.179504,-0.047718,0.233421,0.793664,-0.168831,-0.139474,0.567574,0.955518,-0.173849,-0.049099,0.233134,0.954472,-0.179504,-0.047718,0.233421,1.000000,
0.954472,-0.179504,-0.047718,0.233421,0.793664,-0.168831,-0.139474,0.567574,0.953732,-0.183395,-0.046766,0.233613,0.954472,-0.179504,-0.047718,0.233421,1.000000,
0.954472,-0.179504,-0.047718,0.233421,0.793664,-0.168831,-0.139474,0.567574,0.955518,-0.173849,-0.049099,0.233134,0.954472,-0.179504,-0.047718,0.233421,1.000000,
0.954472,-0.179504,-0.047718,0.233421,0.793664,-0.168831,-0.139474,0.567574,0.953732,-0.183395,-0.046766,0.233613,0.954472,-0.179504,-0.047718,0.233421,1.000000,
0.954472,-0.179504,-0.047718,0.233421,0.793664,-0.168831,-0.139474,0.567574,0.955518,-0.173849,-0.049099,0.233134,0.954472,-0.179504,-0.047718,0.233421,1.000000,
0.954472,-0.179504,-0.047718,0.233421,0.793664,-0.168831,-0.139474,0.567574,0.953732,-0.183395,-0.046766,0.233613,0.954472,-0.179504,-0.047718,0.233421,1.000000,
0.954472,-0.179504,-0.047718,0.233421,0.793664,-0.168831,-0.139474,0.567574,0.955518,-0.173849,-0.049099,0.233134,0.954472,-0.179504,-0.047718,0.233421,1.000000,
0.954472,-0.179504,-0.047718,0.233421,0.793664,-0.168831,-0.139474,0.567574,0.953732,-0.183396,-0.046766,0.233613,0.954472,-0.179504,-0.047718,0.233421,1.000000,
0.954472,-0.179504,-0.047718,0.233421,0.793664,-0.168831,-0.139474,0.567574,0.955518,-0.173849,-0.049099,0.233134,0.954472,-0.179504,-0.047718,0.233421,1.000000,
0.954472,-0.179504,-0.047718,0.233421,0.793664,-0.168831,-0.139474,0.567574,0.953732,-0.183396,-0.046766,0.233613,0.954472,-0.179504,-0.047718,0.233421,1.000000,
0.954472,-0.179504,-0.047718,0.233421,0.793664,-0.168831,-0.139474,0.567574,0.955518,-0.173849,-0.049099,0.233134,0.954472,-0.179504,-0.047718,0.233421,1.000000,
0.954472,-0.179504,-0.047718,0.233421,0.793664,-0.168831,-0.139474,0.567574,0.953731,-0.183396,-0.046766,0.233613,0.954472,-0.179504,-0.047718,0.233421,1.000000,
0.954472,-0.179504,-0.047718,0.233421,0.793664,-0.168831,-0.139474,0.567574,0.955518,-0.173849,-0.049099,0.233134,0.954472,-0.179504,-0.047718,0.233421,1.000000,
0.954472,-0.179504,-0.047718,0.233421,0.793664,-0.168831,-0.139474,0.567574,0.953731,-0.183396,-0.046766,0.233613,0.954472,-0.179504,-0.047718,0.233421,1.000000,
0.954472,-0.179504,-0.047718,0.233421,0.793664,-0.168831,-0.139474,0.567574,0.955518,-0.173849,-0.049099,0.233134,0.954472,-0.179504,-0.047718,0.233421,1.000000,
0.954472,-0.179504,-0.047718,0.233421,0.793664,-0.168831,-0.139474,0.567574,0.953731,-0.183396,-0.046766,0.233613,0.954472,-0.179504,-0.047718,0.233421,1.000000,
0.954472,-0.179504,-0.047718,0.233421,0.793664,-0.168831,-0.139474,0.567574,0.955518,-0.173850,-0.049099,0.233134,0.954472,-0.179504,-0.047718,0.233421,1.000000,
0.954472,-0.179504,-0.047718,0.233421,0.793664,-0.168831,-0.139474,0.567574,0.953731,-0.183396,-0.046765,0.233613,0.954472,-0.179504,-0.047718,0.233421,1.000000,
0.954472,-0.179504,-0.047718,0.233421,0.793664,-0.168831,-0.139474,0.567574,0.955518,-0.173850,-0.049099,0.233134,0.954472,-0.179504,-0.047718,0.233421,1.000000,
0.954472,-0.179504,-0.047718,0.233421,0.793664,-0.168831,-0.139474,0.567574,0.953731,-0.183396,-0.046765,0.233613,0.954472,-0.179504,-0.047718,0.233421,1.000000,
0.954472,-0.179504,-0.047718,0.233421,0.793664,-0.168831,-0.139474,0.567574,0.955518,-0.173850,-0.049099,0.233134,0.954472,-0.179504,-0.047718,0.233421,1.000000,
0.954472,-0.179504,-0.047718,0.233421,0.793664,-0.168831,-0.139474,0.567574,0.953731,-0.183396,-0.046765,0.233613,0.954472,-0.179504,-0.047718,0.233421,1.000000,
0.954472,-0.179504,-0.047718,0.233421,0.793664,-0.168831,-0.139474,0.567574,0.955518,-0.173850,-0.049099,0.233134,0.954472,-0.179504,-0.047718,0.233421,1.000000,
0.954472,-0.179504,-0.047718,0.233421,0.793664,-0.168831,-0.139474,0.567574,0.953731,-0.183396,-0.046765,0.233613,0.954472,-0.179504,-0.047718,0.233421,1.000000,
0.954472,-0.179504,-0.047718,0.233421,0.793664,-0.168831,-0.139474,0.567574,0.955518,-0.173850,-0.049099,0.233134,0.954472,-0.179504,-0.047718,0.233421,1.000000,
0.954472,-0.179504,-0.047718,0.233421,0.793664,-0.168831,-0.139474,0.567574,0.953731,-0.183396,-0.046765,0.233613,0.954472,-0.179504,-0.047718,0.233421,1.000000,
0.954472,-0.179504,-0.047718,0.233421,0.793664,-0.168831,-0.139474,0.567574,0.955518,-0.173850,-0.049099,0.233134,0.954472,-0.179504,-0.047718,0.233421,1.000000,
0.954472,-0.179504,-0.047718,0.233421,0.793664,-0.168831,-0.139474,0.567574,0.953731,-0.183396,-0.046765,0.233613,0.954472,-0.179504,-0.047718,0.233421,1.000000,
0.954472,-0.179504,-0.047718,0.233421,0.793664,-0.168831,-0.139474,0.567574,0.955518,-0.173850,-0.049099,0.233134,0.954472,-0.179504,-0.047718,0.233421,1.000000,
0.954472,-0.179504,-0.047718,0.233421,0.793664,-0.168831,-0.139474,0.567574,0.953731,-0.183396,-0.046765,0.233613,0.954472,-0.179504,-0.047718,0.233421,1.000000,
0.954472,-0.179504,-0.047718,0.233421,0.793664,-0.168831,-0.139474,0.567574,0.955518,-0.173850,-0.049099,0.233134,0.954472,-0.179504,-0.047718,0.233421,1.000000,
0.954472,-0.179504,-0.047718,0.233421,0.793664,-0.168831,-0.139474,0.567574,0.953731,-0.183397,-0.046765,0.233613,0.954472,-0.179504,-0.047718,0.233421,1.000000,
0.954472,-0.179504,-0.047718,0.233421,0.793664,-0.168831,-0.139474,0.567574,0.955518,-0.173850,-0.049099,0.233134,0.954472,-0.179504,-0.047718,0.233421,1.000000,
0.954472,-0.179504,-0.047718,0.233421,0.793664,-0.168831,-0.139474,0.567574,0.953731,-0.183397,-0.046765,0.233613,0.954472,-0.179504,-0.047718,0.233421,1.000000,
0.954472,-0.179504,-0.047718,0.233421,0.793664,-0.168831,-0.139474,0.567574,0.955518,-0.173850,-0.049099,0.233134,0.954472,-0.179504,-0.047718,0.233421,1.000000,
0.954472,-0.179504,-0.047718,0.233421,0.793664,-0.168831,-0.139474,0.567574,0.953731,-0.183397,-0.046765,0.233613,0.954472,-0.179504,-0.047718,0.233421,1.000000,
0.954472,-0.179504,-0.047718,0.233421,0.793664,-0.168831,-0.139474,0.567574,0.955518,-0.173850,-0.049099,0.233134,0.954472,-0.179504,-0.047718,0.233421,1.000000,
0.954472,-0.179504,-0.047718,0.233421,0.793664,-0.168831,-0.139474,0.567574,0.953731,-0.183397,-0.046765,0.233613,0.954472,-0.179504,-0.047718,0.233421,1.000000,
0.954472,-0.179504,-0.047718,0.233421,0.793664,-0.168831,-0.139474,0.567574,0.955518,-0.173851,-0.049099,0.233134,0.954472,-0.179504,-0.047718,0.233421,1.000000,
0.954472,-0.179504,-0.047718,0.233421,0.793664,-0.168831,-0.139474,0.567574,0.953731,-0.183397,-0.046765,0.233614,0.954472,-0.179504,-0.047718,0.233421,1.000000,
0.954472,-0.179504,-0.047718,0.233421,0.793664,-0.168831,-0.139474,0.567574,0.955518,-0.173851,-0.049099,0.233134,0.954472,-0.179504,-0.047718,0.233421,1.000000,
0.954472,-0.179504,-0.047718,0.233421,0.793664,-0.168831,-0.139474,0.567574,0.953731,-0.183397,-0.046765,0.233614,0.954472,-0.179504,-0.047718,0.233421,1.000000,
0.954472,-0.179504,-0.047718,0.233421,0.793664,-0.168831,-0.139474,0.567574,0.955517,-0.173851,-0.049099,0.233134,0.954472,-0.179504,-0.047718,0.233421,1.000000,
0.954472,-0.179504,-0.047718,0.233421,0.793664,-0.168831,-0.139474,0.567574,0.953731,-0.183397,-0.046765,0.233614,0.954472,-0.179504,-0.047718,0.233421,1.000000,
0.954472,-0.179504,-0.047718,0.233421,0.793664,-0.168831,-0.139474,0.567574,0.955517,-0.173851,-0.049099,0.233134,0.954472,-0.179504,-0.047718,0.233421,1.000000,
0.954472,-0.179504,-0.047718,0.233421,0.793664,-0.168831,-0.139474,0.567574,0.953731,-0.183397,-0.046765,0.233614,0.954472,-0.179504,-0.047718,0.233421,1.000000,
0.954472,-0.179504,-0.047718,0.233421,0.793664,-0.168831,-0.139474,0.567574,0.955517,-0.173851,-0.049099,0.233134,0.954472,-0.179504,-0.047718,0.233421,1.000000,
0.954472,-0.179504,-0.047718,0.233421,0.793664,-0.168831,-0.139474,0.567574,0.953731,-0.183397,-0.046765,0.233614,0.954472,-0.179504,-0.047718,0.233421,1.000000,
0.954472,-0.179504,-0.047718,0.233421,0.793664,-0.168831,-0.139474,0.567574,0.955517,-0.173851,-0.049099,0.233134,0.954472,-0.179504,-0.047718,0.233421,1.000000,
0.954472,-0.179504,-0.047718,0.233421,0.793664,-0.168831,-0.139474,0.567574,0.953731,-0.183397,-0.046765,0.233614,0.954472,-0.179504,-0.047718,0.233421,1.000000,
0.954472,-0.179504,-0.047718,0.233421,0.793664,-0.168831,-0.139474,0.567574,0.955517,-0.173851,-0.049099,0.233134,0.954472,-0.179504,-0.047718,0.233421,1.000000,
0.954472,-0.179504,-0.047718,0.233421,0.793664,-0.168831,-0.139474,0.567574,0.953731,-0.183397,-0.046765,0.233614,0.954472,-0.179504,-0.047718,0.233421,1.000000,
0.954472,-0.179504,-0.047718,0.233421,0.793664,-0.168831,-0.139474,0.567574,0.955517,-0.173851,-0.049099,0.233134,0.954472,-0.179504,-0.047718,0.233421,1.000000,
0.954472,-0.179504,-0.047718,0.233421,0.793664,-0.168831,-0.139474,0.567574,0.953731,-0.183398,-0.046765,0.233614,0.954472,-0.179504,-0.047718,0.233421,1.000000,
0.954472,-0.179504,-0.047718,0.233421,0.793664,-0.168831,-0.139474,0.567574,0.955517,-0.173851,-0.049099,0.233134,0.954472,-0.179504,-0.047718,0.233421,1.000000,
0.954472,-0.179504,-0.047718,0.233421,0.793664,-0.168831,-0.139474,0.567574,0.953731,-0.183398,-0.046765,0.233614,0.954472,-0.179504,-0.047718,0.233421,1.000000,
0.954472,-0.179504,-0.047718,0.233421,0.793664,-0.168831,-0.139474,0.567574,0.955517,-0.173851,-0.049099,0.233134,0.954472,-0.179504,-0.047718,0.233421,1.000000,
0.954472,-0.179504,-0.047718,0.233421,0.793664,-0.168831,-0.139474,0.567574,0.953731,-0.183398,-0.046765,0.233614,0.954472,-0.179504,-0.047718,0.233421,1.000000,
0.954472,-0.179504,-0.047718,0.233421,0.793664,-0.168831,-0.139474,0.567574,0.955517,-0.173851,-0.049099,0.233134,0.954472,-0.179504,-0.047718,0.233421,1.000000,
0.954472,-0.179504,-0.047718,0.233421,0.793664,-0.168831,-0.139474,0.567574,0.953731,-0.183398,-0.046765,0.233614,0.954472,-0.179504,-0.047718,0.233421,1.000000,
0.954472,-0.179504,-0.047718,0.233421,0.793664,-0.168831,-0.139474,0.567574,0.955517,-0.173851,-0.049099,0.233134,0.954472,-0.179504,-0.047718,0.233421,1.000000,
0.954472,-0.179504,-0.047718,0.233421,0.793664,-0.168831,-0.139474,0.567574,0.953731,-0.183398,-0.046765,0.233614,0.954472,-0.179504,-0.047718,0.233421,1.000000,
0.954472,-0.179504,-0.047718,0.233421,0.793664,-0.168831,-0.139474,0.567574,0.955517,-0.173852,-0.049099,0.233134,0.954472,-0.179504,-0.047718,0.233421,1.000000,
0.954472,-0.179504,-0.047718,0.233421,0.793664,-0.168831,-0.139474,0.567574,0.953731,-0.183398,-0.046765,0.233614,0.954472,-0.179504,-0.047718,0.233421,1.000000,
0.954472,-0.179504,-0.047718,0.233421,0.793664,-0.168831,-0.139474,0.567574,0.955517,-0.173852,-0.049099,0.233134,0.954472,-0.179504,-0.047718,0.233421,1.000000,
0.954472,-0.179504,-0.047718,0.233421,0.793664,-0.168831,-0.139474,0.567574,0.953731,-0.183398,-0.046765,0.233614,0.954472,-0.179504,-0.047718,0.233421,1.000000,
0.954472,-0.179504,-0.047718,0.233421,0.793664,-0.168831,-0.139474,0.567574,0.955517,-0.173852,-0.049099,0.233134,0.954472,-0.179504,-0.047718,0.233421,1.000000,
0.954472,-0.179504,-0.047718,0.233421,0.793664,-0.168831,-0.139474,0.567574,0.953731,-0.183398,-0.046765,0.233614,0.954472,-0.179504,-0.047718,0.233421,1.000000,
0.954472,-0.179504,-0.047718,0.233421,0.793664,-0.168831,-0.139474,0.567574,0.955517,-0.173852,-0.049099,0.233134,0.954472,-0.179504,-0.047718,0.233421,1.000000,
0.954472,-0.179504,-0.047718,0.233421,0.793664,-0.168831,-0.139474,0.567574,0.953731,-0.183398,-0.046765,0.233614,0.954472,-0.179504,-0.047718,0.233421,1.000000,
0.954472,-0.179504,-0.047718,0.233421,0.793664,-0.168831,-0.139474,0.567574,0.955517,-0.173852,-0.049099,0.233134,0.954472,-0.179504,-0.047718,0.233421,1.000000,
0.954472,-0.179504,-0.047718,0.233421,0.793664,-0.168831,-0.139474,0.567574,0.953731,-0.183398,-0.046765,0.233614,0.954472,-0.179504,-0.047718,0.233421,1.000000,
0.954472,-0.179504,-0.047718,0.233421,0.793664,-0.168831,-0.139474,0.567574,0.955517,-0.173852,-0.049099,0.233134,0.954472,-0.179504,-0.047718,0.233421,1.000000,
0.954472,-0.179504,-0.047718,0.233421,0.793664,-0.168831,-0.139474,0.567574,0.953731,-0.183398,-0.046765,0.233614,0.954472,-0.179504,-0.047718,0.233421,1.000000,
0.954472,-0.179504,-0.047718,0.233421,0.793664,-0.168831,-0.139474,0.567574,0.955517,-0.173852,-0.049099,0.233134,0.954472,-0.179504,-0.047718,0.233421,1.000000,
0.954472,-0.179504,-0.047718,0.233421,0.793664,-0.168831,-0.139474,0.567574,0.953731,-0.183398,-0.046765,0.233614,0.954472,-0.179504,-0.047718,0.233421,1.000000,
0.954472,-0.179504,-0.047718,0.233421,0.793664,-0.168831,-0.139474,0.567574,0.955517,-0.173852,-0.049099,0.233134,0.954472,-0.179504,-0.047718,0.233421,1.000000,
0.954472,-0.179504,-0.047718,0.233421,0.793664,-0.168831,-0.139474,0.567574,0.953731,-0.183399,-0.046765,0.233614,0.954472,-0.179504,-0.047718,0.233421,1.000000,
0.954472,-0.179504,-0.047718,0.233421,0.793664,-0.168831,-0.139474,0.567574,0.955517,-0.173852,-0.049099,0.233134,0.954472,-0.179504,-0.047718,0.233421,1.000000,
0.954472,-0.179504,-0.047718,0.233421,0.793664,-0.168831,-0.139474,0.567574,0.953731,-0.183399,-0.046765,0.233614,0.954472,-0.179504,-0.047718,0.233421,1.000000,
0.954472,-0.179504,-0.047718,0.233421,0.793664,-0.168831,-0.139474,0.567574,0.955517,-0.173852,-0.049099,0.233134,0.954472,-0.179504,-0.047718,0.233421,1.000000,
0.954472,-0.179504,-0.047718,0.233421,0.793664,-0.168831,-0.139474,0.567574,0.953731,-0.183399,-0.046765,0.233614,0.954472,-0.179504,-0.047718,0.233421,1.000000,
0.954472,-0.179504,-0.047718,0.233421,0.793664,-0.168831,-0.139474,0.567574,0.955517,-0.173852,-0.049099,0.233134,0.954472,-0.179504,-0.047718,0.233421,1.000000,
0.954472,-0.179504,-0.047718,0.233421,0.793664,-0.168831,-0.139474,0.567574,0.953731,-0.183399,-0.046765,0.233614,0.954472,-0.179504,-0.047718,0.233421,1.000000,
0.954472,-0.179504,-0.047718,0.233421,0.793664,-0.168831,-0.139474,0.567574,0.955517,-0.173853,-0.049099,0.233134,0.954472,-0.179504,-0.047718,0.233421,1.000000,
0.954472,-0.179504,-0.047718,0.233421,0.793664,-0.168831,-0.139474,0.567574,0.953731,-0.183399,-0.046765,0.233614,0.954472,-0.179504,-0.047718,0.233421,1.000000,
0.954472,-0.179504,-0.047718,0.233421,0.793664,-0.168831,-0.139474,0.567574,0.955517,-0.173853,-0.049099,0.233134,0.954472,-0.179504,-0.047718,0.233421,1.000000,
0.954472,-0.179504,-0.047718,0.233421,0.793664,-0.168831,-0.139474,0.567574,0.953731,-0.183399,-0.046765,0.233614,0.954472,-0.179504,-0.047718,0.233421,1.000000,
0.954472,-0.179504,-0.047718,0.233421,0.793664,-0.168831,-0.139474,0.567574,0.955517,-0.173853,-0.049098,0.233134,0.954472,-0.179504,-0.047718,0.233421,1.000000,
0.954472,-0.179504,-0.047718,0.233421,0.793664,-0.168831,-0.139474,0.567574,0.953731,-0.183399,-0.046765,0.233614,0.954472,-0.179504,-0.047718,0.233421,1.000000,
0.954472,-0.179504,-0.047718,0.233421,0.793664,-0.168831,-0.139474,0.567574,0.955517,-0.173853,-0.049098,0.233134,0.954472,-0.179504,-0.047718,0.233421,1.000000,
0.954472,-0.179504,-0.047718,0.233421,0.793664,-0.168831,-0.139474,0.567574,0.953731,-0.183399,-0.046765,0.233614,0.954472,-0.179504,-0.047718,0.233421,1.000000,
0.954472,-0.179504,-0.047718,0.233421,0.793664,-0.168831,-0.139474,0.567574,0.955517,-0.173853,-0.049098,0.233134,0.954472,-0.179504,-0.047718,0.233421,1.000000,
0.954472,-0.179504,-0.047718,0.233421,0.793664,-0.168831,-0.139474,0.567574,0.953731,-0.183399,-0.046765,0.233614,0.954472,-0.179504,-0.047718,0.233421,1.000000,
0.954472,-0.179504,-0.047718,0.233421,0.793664,-0.168831,-0.139474,0.567574,0.955517,-0.173853,-0.049098,0.233134,0.954472,-0.179504,-0.047718,0.233421,1.000000,
0.954472,-0.179504,-0.047718,0.233421,0.793664,-0.168831,-0.139474,0.567574,0.953731,-0.183399,-0.046765,0.233614,0.954472,-0.179504,-0.047718,0.233421,1.000000,
0.954472,-0.179504,-0.047718,0.233421,0.793664,-0.168831,-0.139474,0.567574,0.955517,-0.173853,-0.049098,0.233134,0.954472,-0.179504,-0.047718,0.233421,1.000000,
0.954472,-0.179504,-0.047718,0.233421,0.793664,-0.168831,-0.139474,0.567574,0.953731,-0.183399,-0.046765,0.233614,0.954472,-0.179504,-0.047718,0.233421,1.000000,
0.954472,-0.179504,-0.047718,0.233421,0.793664,-0.168831,-0.139474,0.567574,0.955517,-0.173853,-0.049098,0.233134,0.954472,-0.179504,-0.047718,0.233421,1.000000,
0.954472,-0.179504,-0.047718,0.233421,0.793664,-0.168831,-0.139474,0.567574,0.953731,-0.183400,-0.046765,0.233614,0.954472,-0.179504,-0.047718,0.233421,1.000000,
0.954472,-0.179504,-0.047718,0.233421,0.793664,-0.168831,-0.139474,0.567574,0.955517,-0.173853,-0.049098,0.233134,0.954472,-0.179504,-0.047718,0.233421,1.000000,
0.954472,-0.179504,-0.047718,0.233421,0.793664,-0.168831,-0.139474,0.567574,0.953731,-0.183400,-0.046765,0.233614,0.954472,-0.179504,-0.047718,0.233421,1.000000,
0.954472,-0.179504,-0.047718,0.233421,0.793664,-0.168831,-0.139474,0.567574,0.955517,-0.173853,-0.049098,0.233134,0.954472,-0.179504,-0.047718,0.233421,1.000000,
0.954472,-0.179504,-0.047718,0.233421,0.793664,-0.168831,-0.139474,0.567574,0.953731,-0.183400,-0.046765,0.233614,0.954472,-0.179504,-0.047718,0.233421,1.000000,
0.954472,-0.179504,-0.047718,0.233421,0.793664,-0.168831,-0.139474,0.567574,0.955517,-0.173853,-0.049098,0.233134,0.954472,-0.179504,-0.047718,0.233421,1.000000,
0.954472,-0.179504,-0.047718,0.233421,0.793664,-0.168831,-0.139474,0.567574,0.953731,-0.183400,-0.046765,0.233614,0.954472,-0.179504,-0.047718,0.233421,1.000000,
0.954472,-0.179504,-0.047718,0.233421,0.793664,-0.168831,-0.139474,0.567574,0.955517,-0.173854,-0.049098,0.233134,0.954472,-0.179504,-0.047718,0.233421,1.000000,
0.954472,-0.179504,-0.047718,0.233421,0.793664,-0.168831,-0.139474,0.567574,0.953731,-0.183400,-0.046765,0.233614,0.954472,-0.179504,-0.047718,0.233421,1.000000,
0.954472,-0.179504,-0.047718,0.233421,0.793664,-0.168831,-0.139474,0.567574,0.955517,-0.173854,-0.049098,0.233134,0.954472,-0.179504,-0.047718,0.233421,1.000000,
0.954472,-0.179504,-0.047718,0.233421,0.793664,-0.168831,-0.139474,0.567574,0.953731,-0.183400,-0.046765,0.233614,0.954472,-0.179504,-0.047718,0.233421,1.000000,
0.954472,-0.179504,-0.047718,0.233421,0.793664,-0.168831,-0.139474,0.567574,0.955517,-0.173854,-0.049098,0.233134,0.954472,-0.179504,-0.047718,0.233421,1.000000,
0.954472,-0.179504,-0.047718,0.233421,0.793664,-0.168831,-0.139474,0.567574,0.953731,-0.183400,-0.046764,0.233614,0.954472,-0.179504,-0.047718,0.233421,1.000000,
0.954472,-0.179504,-0.047718,0.233421,0.793664,-0.168831,-0.139474,0.567574,0.955517,-0.173854,-0.049098,0.233134,0.954472,-0.179504,-0.047718,0.233421,1.000000,
0.954472,-0.179504,-0.047718,0.233421,0.793664,-0.168831,-0.139474,0.567574,0.953731,-0.183400,-0.046764,0.233614,0.954472,-0.179504,-0.047718,0.233421,1.000000,
0.954472,-0.179504,-0.047718,0.233421,0.793664,-0.168831,-0.139474,0.567574,0.955517,-0.173854,-0.049098,0.233134,0.954472,-0.179504,-0.047718,0.233421,1.000000,
0.954472,-0.179504,-0.047718,0.233421,0.793664,-0.168831,-0.139474,0.567574,0.953731,-0.183400,-0.046764,0.233614,0.954472,-0.179504,-0.047718,0.233421,1.000000,
0.954472,-0.179504,-0.047718,0.233421,0.793664,-0.168831,-0.139474,0.567574,0.955517,-0.173854,-0.049098,0.233134,0.954472,-0.179504,-0.047718,0.233421,1.000000,
0.954472,-0.179504,-0.047718,0.233421,0.793664,-0.168831,-0.139474,0.567574,0.953731,-0.183400,-0.046764,0.233614,0.954472,-0.179504,-0.047718,0.233421,1.000000,
0.954472,-0.179504,-0.047718,0.233421,0.793664,-0.168831,-0.139474,0.567574,0.955517,-0.173854,-0.049098,0.233134,0.954472,-0.179504,-0.047718,0.233421,1.000000,
0.954472,-0.179504,-0.047718,0.233421,0.793664,-0.168831,-0.139474,0.567574,0.953731,-0.183400,-0.046764,0.233614,0.954472,-0.179504,-0.047718,0.233421,1.000000,
0.954472,-0.179504,-0.047718,0.233421,0.793664,-0.168831,-0.139474,0.567574,0.955517,-0.173854,-0.049098,0.233134,0.954472,-0.179504,-0.047718,0.233421,1.000000,
0.954472,-0.179504,-0.047718,0.233421,0.793664,-0.168831,-0.139474,0.567574,0.953731,-0.183401,-0.046764,0.233614,0.954472,-0.179504,-0.047718,0.233421,1.000000,
0.954472,-0.179504,-0.047718,0.233421,0.793664,-0.168831,-0.139474,0.567574,0.955517,-0.173854,-0.049098,0.233134,0.954472,-0.179504,-0.047718,0.233421,1.000000,
0.954472,-0.179504,-0.047718,0.233421,0.793664,-0.168831,-0.139474,0.567574,0.953731,-0.183401,-0.046764,0.233614,0.954472,-0.179504,-0.047718,0.233421,1.000000,
0.954472,-0.179504,-0.047718,0.233421,0.793664,-0.168831,-0.139474,0.567574,0.955517,-0.173854,-0.049098,0.233134,0.954472,-0.179504,-0.047718,0.233421,1.000000,
0.954472,-0.179504,-0.047718,0.233421,0.793664,-0.168831,-0.139474,0.567574,0.953731,-0.183401,-0.046764,0.233614,0.954472,-0.179504,-0.047718,0.233421,1.000000,
0.954472,-0.179504,-0.047718,0.233421,0.793664,-0.168831,-0.139474,0.567574,0.955517,-0.173854,-0.049098,0.233134,0.954472,-0.179504,-0.047718,0.233421,1.000000,
0.954472,-0.179504,-0.047718,0.233421,0.793664,-0.168831,-0.139474,0.567574,0.953731,-0.183401,-0.046764,0.233614,0.954472,-0.179504,-0.047718,0.233421,1.000000,
0.954472,-0.179504,-0.047718,0.233421,0.793664,-0.168831,-0.139474,0.567574,0.955517,-0.173854,-0.049098,0.233134,0.954472,-0.179504,-0.047718,0.233421,1.000000,
0.954472,-0.179504,-0.047718,0.233421,0.793664,-0.168831,-0.139474,0.567574,0.953730,-0.183401,-0.046764,0.233614,0.954472,-0.179504,-0.047718,0.233421,1.000000,
0.954472,-0.179504,-0.047718,0.233421,0.793664,-0.168831,-0.139474,0.567574,0.955517,-0.173855,-0.049098,0.233134,0.954472,-0.179504,-0.047718,0.233421,1.000000,
0.954472,-0.179504,-0.047718,0.233421,0.793664,-0.168831,-0.139474,0.567574,0.953730,-0.183401,-0.046764,0.233614,0.954472,-0.179504,-0.047718,0.233421,1.000000,
0.954472,-0.179504,-0.047718,0.233421,0.793664,-0.168831,-0.139474,0.567574,0.955517,-0.173855,-0.049098,0.233134,0.954472,-0.179504,-0.047718,0.233421,1.000000,
0.954472,-0.179504,-0.047718,0.233421,0.793664,-0.168831,-0.139474,0.567574,0.953730,-0.183401,-0.046764,0.233614,0.954472,-0.179504,-0.047718,0.233421,1.000000,
0.954472,-0.179504,-0.047718,0.233421,0.793664,-0.168831,-0.139474,0.567574,0.955517,-0.173855,-0.049098,0.233134,0.954472,-0.179504,-0.047718,0.233421,1.000000,
0.954472,-0.179504,-0.047718,0.233421,0.793664,-0.168831,-0.139474,0.567574,0.953730,-0.183401,-0.046764,0.233614,0.954472,-0.179504,-0.047718,0.233421,1.000000,
0.954472,-0.179504,-0.047718,0.233421,0.793664,-0.168831,-0.139474,0.567574,0.955517,-0.173855,-0.049098,0.233134,0.954472,-0.179504,-0.047718,0.233421,1.000000,
0.954472,-0.179504,-0.047718,0.233421,0.793664,-0.168831,-0.139474,0.567574,0.953730,-0.183401,-0.046764,0.233614,0.954472,-0.179504,-0.047718,0.233421,1.000000,
0.954472,-0.179504,-0.047718,0.233421,0.793664,-0.168831,-0.139474,0.567574,0.955517,-0.173855,-0.049098,0.233134,0.954472,-0.179504,-0.047718,0.233421,1.000000,
0.954472,-0.179504,-0.047718,0.233421,0.793664,-0.168831,-0.139474,0.567574,0.953730,-0.183401,-0.046764,0.233614,0.954472,-0.179504,-0.047718,0.233421,1.000000,
0.954472,-0.179504,-0.047718,0.233421,0.793664,-0.168831,-0.139474,0.567574,0.955517,-0.173855,-0.049098,0.233134,0.954472,-0.179504,-0.047718,0.233421,1.000000,
0.954472,-0.179504,-0.047718,0.233421,0.793664,-0.168831,-0.139474,0.567574,0.953730,-0.183401,-0.046764,0.233614,0.954472,-0.179504,-0.047718,0.233421,1.000000,
0.954472,-0.179504,-0.047718,0.233421,0.793664,-0.168831,-0.139474,0.567574,0.955517,-0.173855,-0.049098,0.233134,0.954472,-0.179504,-0.047718,0.233421,1.000000,
0.954472,-0.179504,-0.047718,0.233421,0.793664,-0.168831,-0.139474,0.567574,0.953730,-0.183401,-0.046764,0.233614,0.954472,-0.179504,-0.047718,0.233421,1.000000,
0.954472,-0.179504,-0.047718,0.233421,0.793664,-0.168831,-0.139474,0.567574,0.955517,-0.173855,-0.049098,0.233134,0.954472,-0.179504,-0.047718,0.233421,1.000000,
0.954472,-0.179504,-0.047718,0.233421,0.793664,-0.168831,-0.139474,0.567574,0.953730,-0.183402,-0.046764,0.233614,0.954472,-0.179504,-0.047718,0.233421,1.000000,
0.954472,-0.179504,-0.047718,0.233421,0.793664,-0.168831,-0.139474,0.567574,0.955517,-0.173855,-0.049098,0.233134,0.954472,-0.179504,-0.047718,0.233421,1.000000,
0.954472,-0.179504,-0.047718,0.233421,0.793664,-0.168831,-0.139474,0.567574,0.953730,-0.183402,-0.046764,0.233614,0.954472,-0.179504,-0.047718,0.233421,1.000000,
0.954472,-0.179504,-0.047718,0.233421,0.793664,-0.168831,-0.139474,0.567574,0.955517,-0.173855,-0.049098,0.233134,0.954472,-0.179504,-0.047718,0.233421,1.000000,
0.954472,-0.179504,-0.047718,0.233421,0.793664,-0.168831,-0.139474,0.567574,0.953730,-0.183402,-0.046764,0.233614,0.954472,-0.179504,-0.047718,0.233421,1.000000,
0.954472,-0.179504,-0.047718,0.233421,0.793664,-0.168831,-0.139474,0.567574,0.955517,-0.173855,-0.049098,0.233134,0.954472,-0.179504,-0.047718,0.233421,1.000000,
0.954472,-0.179504,-0.047718,0.233421,0.793664,-0.168831,-0.139474,0.567574,0.953730,-0.183402,-0.046764,0.233614,0.954472,-0.179504,-0.047718,0.233421,1.000000,
0.954472,-0.179504,-0.047718,0.233421,0.793664,-0.168831,-0.139474,0.567574,0.955517,-0.173856,-0.049098,0.233134,0.954472,-0.179504,-0.047718,0.233421,1.000000,
0.954472,-0.179504,-0.047718,0.233421,0.793664,-0.168831,-0.139474,0.567574,0.953730,-0.183402,-0.046764,0.233614,0.954472,-0.179504,-0.047718,0.233421,1.000000,
0.954472,-0.179504,-0.047718,0.233421,0.793664,-0.168831,-0.139474,0.567574,0.955517,-0.173856,-0.049098,0.233134,0.954472,-0.179504,-0.047718,0.233421,1.000000,
0.954472,-0.179504,-0.047718,0.233421,0.793664,-0.168831,-0.139474,0.567574,0.953730,-0.183402,-0.046764,0.233614,0.954472,-0.179504,-0.047718,0.233421,1.000000,
0.954472,-0.179504,-0.047718,0.233421,0.793664,-0.168831,-0.139474,0.567574,0.955517,-0.173856,-0.049098,0.233134,0.954472,-0.179504,-0.047718,0.233421,1.000000,
0.954472,-0.179504,-0.047718,0.233421,0.793664,-0.168831,-0.139474,0.567574,0.953730,-0.183402,-0.046764,0.233614,0.954472,-0.179504,-0.047718,0.233421,1.000000,
0.954472,-0.179504,-0.047718,0.233421,0.793664,-0.168831,-0.139474,0.567574,0.955517,-0.173856,-0.049098,0.233134,0.954472,-0.179504,-0.047718,0.233421,1.000000,
0.954472,-0.179504,-0.047718,0.233421,0.793664,-0.168831,-0.139474,0.567574,0.953730,-0.183402,-0.046764,0.233614,0.954472,-0.179504,-0.047718,0.233421,1.000000,
0.954472,-0.179504,-0.047718,0.233421,0.793664,-0.168831,-0.139474,0.567574,0.955517,-0.173856,-0.049098,0.233134,0.954472,-0.179504,-0.047718,0.233421,1.000000,
0.954472,-0.179504,-0.047718,0.233421,0.793664,-0.168831,-0.139474,0.567574,0.953730,-0.183402,-0.046764,0.233614,0.954472,-0.179504,-0.047718,0.233421,1.000000,
0.954472,-0.179504,-0.047718,0.233421,0.793664,-0.168831,-0.139474,0.567574,0.955517,-0.173856,-0.049098,0.233134,0.954472,-0.179504,-0.047718,0.233421,1.000000,
0.954472,-0.179504,-0.047718,0.233421,0.793664,-0.168831,-0.139474,0.567574,0.953730,-0.183402,-0.046764,0.233614,0.954472,-0.179504,-0.047718,0.233421,1.000000,
0.954472,-0.179504,-0.047718,0.233421,0.793664,-0.168831,-0.139474,0.567574,0.955517,-0.173856,-0.049098,0.233134,0.954472,-0.179504,-0.047718,0.233421,1.000000,
0.954472,-0.179504,-0.047718,0.233421,0.793664,-0.168831,-0.139474,0.567574,0.953730,-0.183402,-0.046764,0.233614,0.954472,-0.179504,-0.047718,0.233421,1.000000,
0.954472,-0.179504,-0.047718,0.233421,0.793664,-0.168831,-0.139474,0.567574,0.955517,-0.173856,-0.049098,0.233134,0.954472,-0.179504,-0.047718,0.233421,1.000000,
0.954472,-0.179504,-0.047718,0.233421,0.793664,-0.168831,-0.139474,0.567574,0.953730,-0.183403,-0.046764,0.233614,0.954472,-0.179504,-0.047718,0.233421,1.000000,
0.954472,-0.179504,-0.047718,0.233421,0.793664,-0.168831,-0.139474,0.567574,0.955516,-0.173856,-0.049098,0.233134,0.954472,-0.179504,-0.047718,0.233421,1.000000,
0.954472,-0.179504,-0.047718,0.233421,0.793664,-0.168831,-0.139474,0.567574,0.953730,-0.183403,-0.046764,0.233614,0.954472,-0.179504,-0.047718,0.233421,1.000000,
0.954472,-0.179504,-0.047718,0.233421,0.793664,-0.168831,-0.139474,0.567574,0.955516,-0.173856,-0.049098,0.233134,0.954472,-0.179504,-0.047718,0.233421,1.000000,
0.954472,-0.179504,-0.047718,0.233421,0.793664,-0.168831,-0.139474,0.567574,0.953730,-0.183403,-0.046764,0.233614,0.954472,-0.179504,-0.047718,0.233421,1.000000,
0.954472,-0.179504,-0.047718,0.233421,0.793664,-0.168831,-0.139474,0.567574,0.955516,-0.173856,-0.049098,0.233134,0.954472,-0.179504,-0.047718,0.233421,1.000000,
0.954472,-0.179504,-0.047718,0.233421,0.793664,-0.168831,-0.139474,0.567574,0.953730,-0.183403,-0.046764,0.233614,0.954472,-0.179504,-0.047718,0.233421,1.000000,
0.954472,-0.179504,-0.047718,0.233421,0.793664,-0.168831,-0.139474,0.567574,0.955516,-0.173856,-0.049098,0.233134,0.954472,-0.179504,-0.047718,0.233421,1.000000,
0.954472,-0.179504,-0.047718,0.233421,0.793664,-0.168831,-0.139474,0.567574,0.953730,-0.183403,-0.046764,0.233614,0.954472,-0.179504,-0.047718,0.233421,1.000000,
0.954472,-0.179504,-0.047718,0.233421,0.793664,-0.168831,-0.139474,0.567574,0.955516,-0.173857,-0.049098,0.233134,0.954472,-0.179504,-0.047718,0.233421,1.000000,
0.954472,-0.179504,-0.047718,0.233421,0.793664,-0.168831,-0.139474,0.567574,0.953730,-0.183403,-0.046764,0.233614,0.954472,-0.179504,-0.047718,0.233421,1.000000,
0.954472,-0.179504,-0.047718,0.233421,0.793664,-0.168831,-0.139474,0.567574,0.955516,-0.173857,-0.049098,0.233134,0.954472,-0.179504,-0.047718,0.233421,1.000000,
0.954472,-0.179504,-0.047718,0.233421,0.793664,-0.168831,-0.139474,0.567574,0.953730,-0.183403,-0.046764,0.233614,0.954472,-0.179504,-0.047718,0.233421,1.000000,
0.954472,-0.179504,-0.047718,0.233421,0.793664,-0.168831,-0.139474,0.567574,0.955516,-0.173857,-0.049098,0.233134,0.954472,-0.179504,-0.047718,0.233421,1.000000,
0.954472,-0.179504,-0.047718,0.233421,0.793664,-0.168831,-0.139474,0.567574,0.953730,-0.183403,-0.046764,0.233614,0.954472,-0.179504,-0.047718,0.233421,1.000000,
0.954472,-0.179504,-0.047718,0.233421,0.793664,-0.168831,-0.139474,0.567574,0.955516,-0.173857,-0.049097,0.233134,0.954472,-0.179504,-0.047718,0.233421,1.000000,
0.954472,-0.179504,-0.047718,0.233421,0.793664,-0.168831,-0.139474,0.567574,0.953730,-0.183403,-0.046764,0.233614,0.954472,-0.179504,-0.047718,0.233421,1.000000,
0.954472,-0.179504,-0.047718,0.233421,0.793664,-0.168831,-0.139474,0.567574,0.955516,-0.173857,-0.049097,0.233135,0.954472,-0.179504,-0.047718,0.233421,1.000000,
0.954472,-0.179504,-0.047718,0.233421,0.793664,-0.168831,-0.139474,0.567574,0.953730,-0.183403,-0.046764,0.233614,0.954472,-0.179504,-0.047718,0.233421,1.000000,
0.954472,-0.179504,-0.047718,0.233421,0.793664,-0.168831,-0.139474,0.567574,0.955516,-0.173857,-0.049097,0.233135,0.954472,-0.179504,-0.047718,0.233421,1.000000,
0.954472,-0.179504,-0.047718,0.233421,0.793664,-0.168831,-0.139474,0.567574,0.953730,-0.183403,-0.046764,0.233614,0.954472,-0.179504,-0.047718,0.233421,1.000000,
0.954472,-0.179504,-0.047718,0.233421,0.793664,-0.168831,-0.139474,0.567574,0.955516,-0.173857,-0.049097,0.233135,0.954472,-0.179504,-0.047718,0.233421,1.000000,
0.954472,-0.179504,-0.047718,0.233421,0.793664,-0.168831,-0.139474,0.567574,0.953730,-0.183403,-0.046764,0.233614,0.954472,-0.179504,-0.047718,0.233421,1.000000,
0.954472,-0.179504,-0.047718,0.233421,0.793664,-0.168831,-0.139474,0.567574,0.955516,-0.173857,-0.049097,0.233135,0.954472,-0.179504,-0.047718,0.233421,1.000000,
0.954472,-0.179504,-0.047718,0.233421,0.793664,-0.168831,-0.139474,0.567574,0.953730,-0.183404,-0.046764,0.233614,0.954472,-0.179504,-0.047718,0.233421,1.000000,
0.954472,-0.179504,-0.047718,0.233421,0.793664,-0.168831,-0.139474,0.567574,0.955516,-0.173857,-0.049097,0.233135,0.954472,-0.179504,-0.047718,0.233421,1.000000,
0.954472,-0.179504,-0.047718,0.233421,0.793664,-0.168831,-0.139474,0.567574,0.953730,-0.183404,-0.046764,0.233614,0.954472,-0.179504,-0.047718,0.233421,1.000000,
0.954472,-0.179504,-0.047718,0.233421,0.793664,-0.168831,-0.139474,0.567574,0.955516,-0.173857,-0.049097,0.233135,0.954472,-0.179504,-0.047718,0.233421,1.000000,
0.954472,-0.179504,-0.047718,0.233421,0.793664,-0.168831,-0.139474,0.567574,0.953730,-0.183404,-0.046764,0.233614,0.954472,-0.179504,-0.047718,0.233421,1.000000,
0.954472,-0.179504,-0.047718,0.233421,0.793664,-0.168831,-0.139474,0.567574,0.955516,-0.173857,-0.049097,0.233135,0.954472,-0.179504,-0.047718,0.233421,1.000000,
0.954472,-0.179504,-0.047718,0.233421,0.793664,-0.168831,-0.139474,0.567574,0.953730,-0.183404,-0.046764,0.233614,0.954472,-0.179504,-0.047718,0.233421,1.000000,
0.954472,-0.179504,-0.047718,0.233421,0.793664,-0.168831,-0.139474,0.567574,0.955516,-0.173858,-0.049097,0.233135,0.954472,-0.179504,-0.047718,0.233421,1.000000,
0.954472,-0.179504,-0.047718,0.233421,0.793664,-0.168831,-0.139474,0.567574,0.953730,-0.183404,-0.046764,0.233614,0.954472,-0.179504,-0.047718,0.233421,1.000000,
0.954472,-0.179504,-0.047718,0.233421,0.793664,-0.168831,-0.139474,0.567574,0.955516,-0.173858,-0.049097,0.233135,0.954472,-0.179504,-0.047718,0.233421,1.000000,
0.954472,-0.179504,-0.047718,0.233421,0.793664,-0.168831,-0.139474,0.567574,0.953730,-0.183404,-0.046764,0.233614,0.954472,-0.179504,-0.047718,0.233421,1.000000,
0.954472,-0.179504,-0.047718,0.233421,0.793664,-0.168831,-0.139474,0.567574,0.955516,-0.173858,-0.049097,0.233135,0.954472,-0.179504,-0.047718,0.233421,1.000000,
0.954472,-0.179504,-0.047718,0.233421,0.793664,-0.168831,-0.139474,0.567574,0.953730,-0.183404,-0.046764,0.233614,0.954472,-0.179504,-0.047718,0.233421,1.000000,
0.954472,-0.179504,-0.047718,0.233421,0.793664,-0.168831,-0.139474,0.567574,0.955516,-0.173858,-0.049097,0.233135,0.954472,-0.179504,-0.047718,0.233421,1.000000,
0.954472,-0.179504,-0.047718,0.233421,0.793664,-0.168831,-0.139474,0.567574,0.953730,-0.183404,-0.046763,0.233614,0.954472,-0.179504,-0.047718,0.233421,1.000000,
0.954472,-0.179504,-0.047718,0.233421,0.793664,-0.168831,-0.139474,0.567574,0.955516,-0.173858,-0.049097,0.233135,0.954472,-0.179504,-0.047718,0.233421,1.000000,
0.954472,-0.179504,-0.047718,0.233421,0.793664,-0.168831,-0.139474,0.567574,0.953730,-0.183404,-0.046763,0.233614,0.954472,-0.179504,-0.047718,0.233421,1.000000,
0.954472,-0.179504,-0.047718,0.233421,0.793664,-0.168831,-0.139474,0.567574,0.955516,-0.173858,-0.049097,0.233135,0.954472,-0.179504,-0.047718,0.233421,1.000000,
0.954472,-0.179504,-0.047718,0.233421,0.793664,-0.168831,-0.139474,0.567574,0.953730,-0.183404,-0.046763,0.233614,0.954472,-0.179504,-0.047718,0.233421,1.000000,
0.954472,-0.179504,-0.047718,0.233421,0.793664,-0.168831,-0.139474,0.567574,0.955516,-0.173858,-0.049097,0.233135,0.954472,-0.179504,-0.047718,0.233421,1.000000,
0.954472,-0.179504,-0.047718,0.233421,0.793664,-0.168831,-0.139474,0.567574,0.953730,-0.183404,-0.046763,0.233614,0.954472,-0.179504,-0.047718,0.233421,1.000000,
0.954472,-0.179504,-0.047718,0.233421,0.793664,-0.168831,-0.139474,0.567574,0.955516,-0.173858,-0.049097,0.233135,0.954472,-0.179504,-0.047718,0.233421,1.000000,
0.954472,-0.179504,-0.047718,0.233421,0.793664,-0.168831,-0.139474,0.567574,0.953730,-0.183405,-0.046763,0.233614,0.954472,-0.179504,-0.047718,0.233421,1.000000,
0.954472,-0.179504,-0.047718,0.233421,0.793664,-0.168831,-0.139474,0.567574,0.955516,-0.173858,-0.049097,0.233135,0.954472,-0.179504,-0.047718,0.233421,1.000000,
0.954472,-0.179504,-0.047718,0.233421,0.793664,-0.168831,-0.139474,0.567574,0.953730,-0.183405,-0.046763,0.233614,0.954472,-0.179504,-0.047718,0.233421,1.000000,
0.954472,-0.179504,-0.047718,0.233421,0.793664,-0.168831,-0.139474,0.567574,0.955516,-0.173858,-0.049097,0.233135,0.954472,-0.179504,-0.047718,0.233421,1.000000,
0.954472,-0.179504,-0.047718,0.233421,0.793664,-0.168831,-0.139474,0.567574,0.953730,-0.183405,-0.046763,0.233614,0.954472,-0.179504,-0.047718,0.233421,1.000000,
0.954472,-0.179504,-0.047718,0.233421,0.793664,-0.168831,-0.139474,0.567574,0.955516,-0.173858,-0.049097,0.233135,0.954472,-0.179504,-0.047718,0.233421,1.000000,
0.954472,-0.179504,-0.047718,0.233421,0.793664,-0.168831,-0.139474,0.567574,0.953730,-0.183405,-0.046763,0.233614,0.954472,-0.179504,-0.047718,0.233421,1.000000,
0.954472,-0.179504,-0.047718,0.233421,0.793664,-0.168831,-0.139474,0.567574,0.955516,-0.173858,-0.049097,0.233135,0.954472,-0.179504,-0.047718,0.233421,1.000000,
0.954472,-0.179504,-0.047718,0.233421,0.793664,-0.168831,-0.139474,0.567574,0.953730,-0.183405,-0.046763,0.233614,0.954472,-0.179504,-0.047718,0.233421,1.000000,
0.954472,-0.179504,-0.047718,0.233421,0.793664,-0.168831,-0.139474,0.567574,0.955516,-0.173859,-0.049097,0.233135,0.954472,-0.179504,-0.047718,0.233421,1.000000,
0.954472,-0.179504,-0.047718,0.233421,0.793664,-0.168831,-0.139474,0.567574,0.953730,-0.183405,-0.046763,0.233614,0.954472,-0.179504,-0.047718,0.233421,1.000000,
0.954472,-0.179504,-0.047718,0.233421,0.793664,-0.168831,-0.139474,0.567574,0.955516,-0.173859,-0.049097,0.233135,0.954472,-0.179504,-0.047718,0.233421,1.000000,
0.954472,-0.179504,-0.047718,0.233421,0.793664,-0.168831,-0.139474,0.567574,0.953730,-0.183405,-0.046763,0.233614,0.954472,-0.179504,-0.047718,0.233421,1.000000,
0.954472,-0.179504,-0.047718,0.233421,0.793664,-0.168831,-0.139474,0.567574,0.955516,-0.173859,-0.049097,0.233135,0.954472,-0.179504,-0.047718,0.233421,1.000000,
0.954472,-0.179504,-0.047718,0.233421,0.793664,-0.168831,-0.139474,0.567574,0.953730,-0.183405,-0.046763,0.233614,0.954472,-0.179504,-0.047718,0.233421,1.000000,
0.954472,-0.179504,-0.047718,0.233421,0.793664,-0.168831,-0.139474,0.567574,0.955516,-0.173859,-0.049097,0.233135,0.954472,-0.179504,-0.047718,0.233421,1.000000,
0.954472,-0.179504,-0.047718,0.233421,0.793664,-0.168831,-0.139474,0.567574,0.953730,-0.183405,-0.046763,0.233614,0.954472,-0.179504,-0.047718,0.233421,1.000000,
0.954472,-0.179504,-0.047718,0.233421,0.793664,-0.168831,-0.139474,0.567574,0.955516,-0.173859,-0.049097,0.233135,0.954472,-0.179504,-0.047718,0.233421,1.000000,
0.954472,-0.179504,-0.047718,0.233421,0.793664,-0.168831,-0.139474,0.567574,0.953730,-0.183405,-0.046763,0.233614,0.954472,-0.179504,-0.047718,0.233421,1.000000,
0.954472,-0.179504,-0.047718,0.233421,0.793664,-0.168831,-0.139474,0.567574,0.955516,-0.173859,-0.049097,0.233135,0.954472,-0.179504,-0.047718,0.233421,1.000000,
0.954472,-0.179504,-0.047718,0.233421,0.793664,-0.168831,-0.139474,0.567574,0.953730,-0.183405,-0.046763,0.233614,0.954472,-0.179504,-0.047718,0.233421,1.000000,
0.954472,-0.179504,-0.047718,0.233421,0.793664,-0.168831,-0.139474,0.567574,0.955516,-0.173859,-0.049097,0.233135,0.954472,-0.179504,-0.047718,0.233421,1.000000,
0.954472,-0.179504,-0.047718,0.233421,0.793664,-0.168831,-0.139474,0.567574,0.953730,-0.183405,-0.046763,0.233614,0.954472,-0.179504,-0.047718,0.233421,1.000000,
0.954472,-0.179504,-0.047718,0.233421,0.793664,-0.168831,-0.139474,0.567574,0.955516,-0.173859,-0.049097,0.233135,0.954472,-0.179504,-0.047718,0.233421,1.000000,
0.954472,-0.179504,-0.047718,0.233421,0.793664,-0.168831,-0.139474,0.567574,0.953730,-0.183406,-0.046763,0.233614,0.954472,-0.179504,-0.047718,0.233421,1.000000,
0.954472,-0.179504,-0.047718,0.233421,0.793664,-0.168831,-0.139474,0.567574,0.955516,-0.173859,-0.049097,0.233135,0.954472,-0.179504,-0.047718,0.233421,1.000000,
0.954472,-0.179504,-0.047718,0.233421,0.793664,-0.168831,-0.139474,0.567574,0.953730,-0.183406,-0.046763,0.233614,0.954472,-0.179504,-0.047718,0.233421,1.000000,
0.954472,-0.179504,-0.047718,0.233421,0.793664,-0.168831,-0.139474,0.567574,0.955516,-0.173859,-0.049097,0.233135,0.954472,-0.179504,-0.047718,0.233421,1.000000,
0.954472,-0.179504,-0.047718,0.233421,0.793664,-0.168831,-0.139474,0.567574,0.953730,-0.183406,-0.046763,0.233614,0.954472,-0.179504,-0.047718,0.233421,1.000000,
0.954472,-0.179504,-0.047718,0.233421,0.793664,-0.168831,-0.139474,0.567574,0.955516,-0.173859,-0.049097,0.233135,0.954472,-0.179504,-0.047718,0.233421,1.000000,
0.954472,-0.179504,-0.047718,0.233421,0.793664,-0.168831,-0.139474,0.567574,0.953730,-0.183406,-0.046763,0.233614,0.954472,-0.179504,-0.047718,0.233421,1.000000,
0.954472,-0.179504,-0.047718,0.233421,0.793664,-0.168831,-0.139474,0.567574,0.955516,-0.173860,-0.049097,0.233135,0.954472,-0.179504,-0.047718,0.233421,1.000000,
0.954472,-0.179504,-0.047718,0.233421,0.793664,-0.168831,-0.139474,0.567574,0.953730,-0.183406,-0.046763,0.233614,0.954472,-0.179504,-0.047718,0.233421,1.000000,
0.954472,-0.179504,-0.047718,0.233421,0.793664,-0.168831,-0.139474,0.567574,0.955516,-0.173860,-0.049097,0.233135,0.954472,-0.179504,-0.047718,0.233421,1.000000,
0.954472,-0.179504,-0.047718,0.233421,0.793664,-0.168831,-0.139474,0.567574,0.953730,-0.183406,-0.046763,0.233614,0.954472,-0.179504,-0.047718,0.233421,1.000000,
0.954472,-0.179504,-0.047718,0.233421,0.793664,-0.168831,-0.139474,0.567574,0.955516,-0.173860,-0.049097,0.233135,0.954472,-0.179504,-0.047718,0.233421,1.000000,
0.954472,-0.179504,-0.047718,0.233421,0.793664,-0.168831,-0.139474,0.567574,0.953729,-0.183406,-0.046763,0.233614,0.954472,-0.179504,-0.047718,0.233421,1.000000,
0.954472,-0.179504,-0.047718,0.233421,0.793664,-0.168831,-0.139474,0.567574,0.955516,-0.173860,-0.049097,0.233135,0.954472,-0.179504,-0.047718,0.233421,1.000000,
0.954472,-0.179504,-0.047718,0.233421,0.793664,-0.168831,-0.139474,0.567574,0.953729,-0.183406,-0.046763,0.233614,0.954472,-0.179504,-0.047718,0.233421,1.000000,
0.954472,-0.179504,-0.047718,0.233421,0.793664,-0.168831,-0.139474,0.567574,0.955516,-0.173860,-0.049097,0.233135,0.954472,-0.179504,-0.047718,0.233421,1.000000,
0.954472,-0.179504,-0.047718,0.233421,0.793664,-0.168831,-0.139474,0.567574,0.953729,-0.183406,-0.046763,0.233614,0.954472,-0.179504,-0.047718,0.233421,1.000000,
0.954472,-0.179504,-0.047718,0.233421,0.793664,-0.168831,-0.139474,0.567574,0.955516,-0.173860,-0.049097,0.233135,0.954472,-0.179504,-0.047718,0.233421,1.000000,
0.954472,-0.179504,-0.047718,0.233421,0.793664,-0.168831,-0.139474,0.567574,0.953729,-0.183406,-0.046763,0.233614,0.954472,-0.179504,-0.047718,0.233421,1.000000,
0.954472,-0.179504,-0.047718,0.233421,0.793664,-0.168831,-0.139474,0.567574,0.955516,-0.173860,-0.049097,0.233135,0.954472,-0.179504,-0.047718,0.233421,1.000000,
0.954472,-0.179504,-0.047718,0.233421,0.793664,-0.168831,-0.139474,0.567574,0.953729,-0.183406,-0.046763,0.233614,0.954472,-0.179504,-0.047718,0.233421,1.000000,
0.954472,-0.179504,-0.047718,0.233421,0.793664,-0.168831,-0.139474,0.567574,0.955516,-0.173860,-0.049097,0.233135,0.954472,-0.179504,-0.047718,0.233421,1.000000,
0.954472,-0.179504,-0.047718,0.233421,0.793664,-0.168831,-0.139474,0.567574,0.953729,-0.183407,-0.046763,0.233614,0.954472,-0.179504,-0.047718,0.233421,1.000000,
0.954472,-0.179504,-0.047718,0.233421,0.793664,-0.168831,-0.139474,0.567574,0.955516,-0.173860,-0.049097,0.233135,0.954472,-0.179504,-0.047718,0.233421,1.000000,
0.954472,-0.179504,-0.047718,0.233421,0.793664,-0.168831,-0.139474,0.567574,0.953729,-0.183407,-0.046763,0.233614,0.954472,-0.179504,-0.047718,0.233421,1.000000,
0.954472,-0.179504,-0.047718,0.233421,0.793664,-0.168831,-0.139474,0.567574,0.955516,-0.173860,-0.049097,0.233135,0.954472,-0.179504,-0.047718,0.233421,1.000000,
0.954472,-0.179504,-0.047718,0.233421,0.793664,-0.168831,-0.139474,0.567574,0.953729,-0.183407,-0.046763,0.233614,0.954472,-0.179504,-0.047718,0.233421,1.000000,
0.954472,-0.179504,-0.047718,0.233421,0.793664,-0.168831,-0.139474,0.567574,0.955516,-0.173860,-0.049097,0.233135,0.954472,-0.179504,-0.047718,0.233421,1.000000,
0.954472,-0.179504,-0.047718,0.233421,0.793664,-0.168831,-0.139474,0.567574,0.953729,-0.183407,-0.046763,0.233614,0.954472,-0.179504,-0.047718,0.233421,1.000000,
0.954472,-0.179504,-0.047718,0.233421,0.793664,-0.168831,-0.139474,0.567574,0.955516,-0.173860,-0.049097,0.233135,0.954472,-0.179504,-0.047718,0.233421,1.000000,
0.954472,-0.179504,-0.047718,0.233421,0.793664,-0.168831,-0.139474,0.567574,0.953729,-0.183407,-0.046763,0.233614,0.954472,-0.179504,-0.047718,0.233421,1.000000,
0.954472,-0.179504,-0.047718,0.233421,0.793664,-0.168831,-0.139474,0.567574,0.955516,-0.173861,-0.049097,0.233135,0.954472,-0.179504,-0.047718,0.233421,1.000000,
0.954472,-0.179504,-0.047718,0.233421,0.793664,-0.168831,-0.139474,0.567574,0.953729,-0.183407,-0.046763,0.233614,0.954472,-0.179504,-0.047718,0.233421,1.000000,
0.954472,-0.179504,-0.047718,0.233421,0.793664,-0.168831,-0.139474,0.567574,0.955516,-0.173861,-0.049097,0.233135,0.954472,-0.179504,-0.047718,0.233421,1.000000,
0.954472,-0.179504,-0.047718,0.233421,0.793664,-0.168831,-0.139474,0.567574,0.953729,-0.183407,-0.046763,0.233614,0.954472,-0.179504,-0.047718,0.233421,1.000000,
0.954472,-0.179504,-0.047718,0.233421,0.793664,-0.168831,-0.139474,0.567574,0.955516,-0.173861,-0.049097,0.233135,0.954472,-0.179504,-0.047718,0.233421,1.000000,
0.954472,-0.179504,-0.047718,0.233421,0.793664,-0.168831,-0.139474,0.567574,0.953729,-0.183407,-0.046763,0.233614,0.954472,-0.179504,-0.047718,0.233421,1.000000,
0.954472,-0.179504,-0.047718,0.233421,0.793664,-0.168831,-0.139474,0.567574,0.955516,-0.173861,-0.049097,0.233135,0.954472,-0.179504,-0.047718,0.233421,1.000000,
0.954472,-0.179504,-0.047718,0.233421,0.793664,-0.168831,-0.139474,0.567574,0.953729,-0.183407,-0.046763,0.233614,0.954472,-0.179504,-0.047718,0.233421,1.000000,
0.954472,-0.179504,-0.047718,0.233421,0.793664,-0.168831,-0.139474,0.567574,0.955516,-0.173861,-0.049096,0.233135,0.954472,-0.179504,-0.047718,0.233421,1.000000,
0.954472,-0.179504,-0.047718,0.233421,0.793664,-0.168831,-0.139474,0.567574,0.953729,-0.183407,-0.046763,0.233614,0.954472,-0.179504,-0.047718,0.233421,1.000000,
0.954472,-0.179504,-0.047718,0.233421,0.793664,-0.168831,-0.139474,0.567574,0.955516,-0.173861,-0.049096,0.233135,0.954472,-0.179504,-0.047718,0.233421,1.000000,
0.954472,-0.179504,-0.047718,0.233421,0.793664,-0.168831,-0.139474,0.567574,0.953729,-0.183407,-0.046763,0.233614,0.954472,-0.179504,-0.047718,0.233421,1.000000,
0.954472,-0.179504,-0.047718,0.233421,0.793664,-0.168831,-0.139474,0.567574,0.955516,-0.173861,-0.049096,0.233135,0.954472,-0.179504,-0.047718,0.233421,1.000000,
0.954472,-0.179504,-0.047718,0.233421,0.793664,-0.168831,-0.139474,0.567574,0.953729,-0.183407,-0.046763,0.233614,0.954472,-0.179504,-0.047718,0.233421,1.000000,
0.954472,-0.179504,-0.047718,0.233421,0.793664,-0.168831,-0.139474,0.567574,0.955516,-0.173861,-0.049096,0.233135,0.954472,-0.179504,-0.047718,0.233421,1.000000,
0.954472,-0.179504,-0.047718,0.233421,0.793664,-0.168831,-0.139474,0.567574,0.953729,-0.183408,-0.046763,0.233614,0.954472,-0.179504,-0.047718,0.233421,1.000000,
0.954472,-0.179504,-0.047718,0.233421,0.793664,-0.168831,-0.139474,0.567574,0.955516,-0.173861,-0.049096,0.233135,0.954472,-0.179504,-0.047718,0.233421,1.000000,
0.954472,-0.179504,-0.047718,0.233421,0.793664,-0.168831,-0.139474,0.567574,0.953729,-0.183408,-0.046763,0.233614,0.954472,-0.179504,-0.047718,0.233421,1.000000,
0.954472,-0.179504,-0.047718,0.233421,0.793664,-0.168831,-0.139474,0.567574,0.955516,-0.173861,-0.049096,0.233135,0.954472,-0.179504,-0.047718,0.233421,1.000000,
0.954472,-0.179504,-0.047718,0.233421,0.793664,-0.168831,-0.139474,0.567574,0.953729,-0.183408,-0.046763,0.233614,0.954472,-0.179504,-0.047718,0.233421,1.000000,
0.954472,-0.179504,-0.047718,0.233421,0.793664,-0.168831,-0.139474,0.567574,0.955516,-0.173861,-0.049096,0.233135,0.954472,-0.179504,-0.047718,0.233421,1.000000,
0.954472,-0.179504,-0.047718,0.233421,0.793664,-0.168831,-0.139474,0.567574,0.953729,-0.183408,-0.046763,0.233614,0.954472,-0.179504,-0.047718,0.233421,1.000000,
0.954472,-0.179504,-0.047718,0.233421,0.793664,-0.168831,-0.139474,0.567574,0.955516,-0.173862,-0.049096,0.233135,0.954472,-0.179504,-0.047718,0.233421,1.000000,
0.954472,-0.179504,-0.047718,0.233421,0.793664,-0.168831,-0.139474,0.567574,0.953729,-0.183408,-0.046763,0.233614,0.954472,-0.179504,-0.047718,0.233421,1.000000,
0.954472,-0.179504,-0.047718,0.233421,0.793664,-0.168831,-0.139474,0.567574,0.955516,-0.173862,-0.049096,0.233135,0.954472,-0.179504,-0.047718,0.233421,1.000000,
0.954472,-0.179504,-0.047718,0.233421,0.793664,-0.168831,-0.139474,0.567574,0.953729,-0.183408,-0.046763,0.233614,0.954472,-0.179504,-0.047718,0.233421,1.000000,
0.954472,-0.179504,-0.047718,0.233421,0.793664,-0.168831,-0.139474,0.567574,0.955515,-0.173862,-0.049096,0.233135,0.954472,-0.179504,-0.047718,0.233421,1.000000,
0.954472,-0.179504,-0.047718,0.233421,0.793664,-0.168831,-0.139474,0.567574,0.953729,-0.183408,-0.046763,0.233614,0.954472,-0.179504,-0.047718,0.233421,1.000000,
0.954472,-0.179504,-0.047718,0.233421,0.793664,-0.168831,-0.139474,0.567574,0.955515,-0.173862,-0.049096,0.233135,0.954472,-0.179504,-0.047718,0.233421,1.000000,
0.954472,-0.179504,-0.047718,0.233421,0.793664,-0.168831,-0.139474,0.567574,0.953729,-0.183408,-0.046763,0.233614,0.954472,-0.179504,-0.047718,0.233421,1.000000,
0.954472,-0.179504,-0.047718,0.233421,0.793664,-0.168831,-0.139474,0.567574,0.955515,-0.173862,-0.049096,0.233135,0.954472,-0.179504,-0.047718,0.233421,1.000000,
0.954472,-0.179504,-0.047718,0.233421,0.793664,-0.168831,-0.139474,0.567574,0.953729,-0.183408,-0.046762,0.233614,0.954472,-0.179504,-0.047718,0.233421,1.000000,
0.954472,-0.179504,-0.047718,0.233421,0.793664,-0.168831,-0.139474,0.567574,0.955515,-0.173862,-0.049096,0.233135,0.954472,-0.179504,-0.047718,0.233421,1.000000,
0.954472,-0.179504,-0.047718,0.233421,0.793664,-0.168831,-0.139474,0.567574,0.953729,-0.183408,-0.046762,0.233614,0.954472,-0.179504,-0.047718,0.233421,1.000000,
0.954472,-0.179504,-0.047718,0.233421,0.793664,-0.168831,-0.139474,0.567574,0.955515,-0.173862,-0.049096,0.233135,0.954472,-0.179504,-0.047718,0.233421,1.000000,
0.954472,-0.179504,-0.047718,0.233421,0.793664,-0.168831,-0.139474,0.567574,0.953729,-0.183408,-0.046762,0.233614,0.954472,-0.179504,-0.047718,0.233421,1.000000,
0.954472,-0.179504,-0.047718,0.233421,0.793664,-0.168831,-0.139474,0.567574,0.955515,-0.173862,-0.049096,0.233135,0.954472,-0.179504,-0.047718,0.233421,1.000000,
0.954472,-0.179504,-0.047718,0.233421,0.793664,-0.168831,-0.139474,0.567574,0.953729,-0.183409,-0.046762,0.233614,0.954472,-0.179504,-0.047718,0.233421,1.000000,
0.954472,-0.179504,-0.047718,0.233421,0.793664,-0.168831,-0.139474,0.567574,0.955515,-0.173862,-0.049096,0.233135,0.954472,-0.179504,-0.047718,0.233421,1.000000,
0.954472,-0.179504,-0.047718,0.233421,0.793664,-0.168831,-0.139474,0.567574,0.953729,-0.183409,-0.046762,0.233614,0.954472,-0.179504,-0.047718,0.233421,1.000000,
0.954472,-0.179504,-0.047718,0.233421,0.793664,-0.168831,-0.139474,0.567574,0.955515,-0.173862,-0.049096,0.233135,0.954472,-0.179504,-0.047718,0.233421,1.000000,
0.954472,-0.179504,-0.047718,0.233421,0.793664,-0.168831,-0.139474,0.567574,0.953729,-0.183409,-0.046762,0.233614,0.954472,-0.179504,-0.047718,0.233421,1.000000,
0.954472,-0.179504,-0.047718,0.233421,0.793664,-0.168831,-0.139474,0.567574,0.955515,-0.173862,-0.049096,0.233135,0.954472,-0.179504,-0.047718,0.233421,1.000000,
0.954472,-0.179504,-0.047718,0.233421,0.793664,-0.168831,-0.139474,0.567574,0.953729,-0.183409,-0.046762,0.233614,0.954472,-0.179504,-0.047718,0.233421,1.000000,
0.954472,-0.179504,-0.047718,0.233421,0.793664,-0.168831,-0.139474,0.567574,0.955515,-0.173862,-0.049096,0.233135,0.954472,-0.179504,-0.047718,0.233421,1.000000,
0.954472,-0.179504,-0.047718,0.233421,0.793664,-0.168831,-0.139474,0.567574,0.953729,-0.183409,-0.046762,0.233614,0.954472,-0.179504,-0.047718,0.233421,1.000000,
0.954472,-0.179504,-0.047718,0.233421,0.793664,-0.168831,-0.139474,0.567574,0.955515,-0.173863,-0.049096,0.233135,0.954472,-0.179504,-0.047718,0.233421,1.000000,
0.954472,-0.179504,-0.047718,0.233421,0.793664,-0.168831,-0.139474,0.567574,0.953729,-0.183409,-0.046762,0.233614,0.954472,-0.179504,-0.047718,0.233421,1.000000,
0.954472,-0.179504,-0.047718,0.233421,0.793664,-0.168831,-0.139474,0.567574,0.955515,-0.173863,-0.049096,0.233135,0.954472,-0.179504,-0.047718,0.233421,1.000000,
0.954472,-0.179504,-0.047718,0.233421,0.793664,-0.168831,-0.139474,0.567574,0.953729,-0.183409,-0.046762,0.233614,0.954472,-0.179504,-0.047718,0.233421,1.000000,
0.954472,-0.179504,-0.047718,0.233421,0.793664,-0.168831,-0.139474,0.567574,0.955515,-0.173863,-0.049096,0.233135,0.954472,-0.179504,-0.047718,0.233421,1.000000,
0.954472,-0.179504,-0.047718,0.233421,0.793664,-0.168831,-0.139474,0.567574,0.953729,-0.183409,-0.046762,0.233614,0.954472,-0.179504,-0.047718,0.233421,1.000000,
0.954472,-0.179504,-0.047718,0.233421,0.793664,-0.168831,-0.139474,0.567574,0.955515,-0.173863,-0.049096,0.233135,0.954472,-0.179504,-0.047718,0.233421,1.000000,
0.954472,-0.179504,-0.047718,0.233421,0.793664,-0.168831,-0.139474,0.567574,0.953729,-0.183409,-0.046762,0.233614,0.954472,-0.179504,-0.047718,0.233421,1.000000,
0.954472,-0.179504,-0.047718,0.233421,0.793664,-0.168831,-0.139474,0.567574,0.955515,-0.173863,-0.049096,0.233135,0.954472,-0.179504,-0.047718,0.233421,1.000000,
0.954472,-0.179504,-0.047718,0.233421,0.793664,-0.168831,-0.139474,0.567574,0.953729,-0.183409,-0.046762,0.233614,0.954472,-0.179504,-0.047718,0.233421,1.000000,
0.954472,-0.179504,-0.047718,0.233421,0.793664,-0.168831,-0.139474,0.567574,0.955515,-0.173863,-0.049096,0.233135,0.954472,-0.179504,-0.047718,0.233421,1.000000,
0.954472,-0.179504,-0.047718,0.233421,0.793664,-0.168831,-0.139474,0.567574,0.953729,-0.183409,-0.046762,0.233614,0.954472,-0.179504,-0.047718,0.233421,1.000000,
0.954472,-0.179504,-0.047718,0.233421,0.793664,-0.168831,-0.139474,0.567574,0.955515,-0.173863,-0.049096,0.233135,0.954472,-0.179504,-0.047718,0.233421,1.000000,
0.954472,-0.179504,-0.047718,0.233421,0.793664,-0.168831,-0.139474,0.567574,0.953729,-0.183409,-0.046762,0.233614,0.954472,-0.179504,-0.047718,0.233421,1.000000,
0.954472,-0.179504,-0.047718,0.233421,0.793664,-0.168831,-0.139474,0.567574,0.955515,-0.173863,-0.049096,0.233135,0.954472,-0.179504,-0.047718,0.233421,1.000000,
0.954472,-0.179504,-0.047718,0.233421,0.793664,-0.168831,-0.139474,0.567574,0.953729,-0.183410,-0.046762,0.233614,0.954472,-0.179504,-0.047718,0.233421,1.000000,
0.954472,-0.179504,-0.047718,0.233421,0.793664,-0.168831,-0.139474,0.567574,0.955515,-0.173863,-0.049096,0.233135,0.954472,-0.179504,-0.047718,0.233421,1.000000,
0.954472,-0.179504,-0.047718,0.233421,0.793664,-0.168831,-0.139474,0.567574,0.953729,-0.183410,-0.046762,0.233614,0.954472,-0.179504,-0.047718,0.233421,1.000000,
0.954472,-0.179504,-0.047718,0.233421,0.793664,-0.168831,-0.139474,0.567574,0.955515,-0.173863,-0.049096,0.233135,0.954472,-0.179504,-0.047718,0.233421,1.000000,
0.954472,-0.179504,-0.047718,0.233421,0.793664,-0.168831,-0.139474,0.567574,0.953729,-0.183410,-0.046762,0.233614,0.954472,-0.179504,-0.047718,0.233421,1.000000,
0.954472,-0.179504,-0.047718,0.233421,0.793664,-0.168831,-0.139474,0.567574,0.955515,-0.173863,-0.049096,0.233135,0.954472,-0.179504,-0.047718,0.233421,1.000000,
0.954472,-0.179504,-0.047718,0.233421,0.793664,-0.168831,-0.139474,0.567574,0.953729,-0.183410,-0.046762,0.233614,0.954472,-0.179504,-0.047718,0.233421,1.000000,
0.954472,-0.179504,-0.047718,0.233421,0.793664,-0.168831,-0.139474,0.567574,0.955515,-0.173864,-0.049096,0.233135,0.954472,-0.179504,-0.047718,0.233421,1.000000,
0.954472,-0.179504,-0.047718,0.233421,0.793664,-0.168831,-0.139474,0.567574,0.953729,-0.183410,-0.046762,0.233614,0.954472,-0.179504,-0.047718,0.233421,1.000000,
0.954472,-0.179504,-0.047718,0.233421,0.793664,-0.168831,-0.139474,0.567574,0.955515,-0.173864,-0.049096,0.233135,0.954472,-0.179504,-0.047718,0.233421,1.000000,
0.954472,-0.179504,-0.047718,0.233421,0.793664,-0.168831,-0.139474,0.567574,0.953729,-0.183410,-0.046762,0.233614,0.954472,-0.179504,-0.047718,0.233421,1.000000,
0.954472,-0.179504,-0.047718,0.233421,0.793664,-0.168831,-0.139474,0.567574,0.955515,-0.173864,-0.049096,0.233135,0.954472,-0.179504,-0.047718,0.233421,1.000000,
0.954472,-0.179504,-0.047718,0.233421,0.793664,-0.168831,-0.139474,0.567574,0.953729,-0.183410,-0.046762,0.233614,0.954472,-0.179504,-0.047718,0.233421,1.000000,
0.954472,-0.179504,-0.047718,0.233421,0.793664,-0.168831,-0.139474,0.567574,0.955515,-0.173864,-0.049096,0.233135,0.954472,-0.179504,-0.047718,0.233421,1.000000,
0.954472,-0.179504,-0.047718,0.233421,0.793664,-0.168831,-0.139474,0.567574,0.953729,-0.183410,-0.046762,0.233614,0.954472,-0.179504,-0.047718,0.233421,1.000000,
0.954472,-0.179504,-0.047718,0.233421,0.793664,-0.168831,-0.139474,0.567574,0.955515,-0.173864,-0.049096,0.233135,0.954472,-0.179504,-0.047718,0.233421,1.000000,
0.954472,-0.179504,-0.047718,0.233421,0.793664,-0.168831,-0.139474,0.567574,0.953729,-0.183410,-0.046762,0.233614,0.954472,-0.179504,-0.047718,0.233421,1.000000,
0.954472,-0.179504,-0.047718,0.233421,0.793664,-0.168831,-0.139474,0.567574,0.955515,-0.173864,-0.049096,0.233135,0.954472,-0.179504,-0.047718,0.233421,1.000000,
0.954472,-0.179504,-0.047718,0.233421,0.793664,-0.168831,-0.139474,0.567574,0.953729,-0.183410,-0.046762,0.233614,0.954472,-0.179504,-0.047718,0.233421,1.000000,
0.954472,-0.179504,-0.047718,0.233421,0.793664,-0.168831,-0.139474,0.567574,0.955515,-0.173864,-0.049096,0.233135,0.954472,-0.179504,-0.047718,0.233421,1.000000,
0.954472,-0.179504,-0.047718,0.233421,0.793664,-0.168831,-0.139474,0.567574,0.953729,-0.183410,-0.046762,0.233614,0.954472,-0.179504,-0.047718,0.233421,1.000000,
0.954472,-0.179504,-0.047718,0.233421,0.793664,-0.168831,-0.139474,0.567574,0.955515,-0.173864,-0.049096,0.233135,0.954472,-0.179504,-0.047718,0.233421,1.000000,
0.954472,-0.179504,-0.047718,0.233421,0.793664,-0.168831,-0.139474,0.567574,0.953729,-0.183411,-0.046762,0.233614,0.954472,-0.179504,-0.047718,0.233421,1.000000,
0.954472,-0.179504,-0.047718,0.233421,0.793664,-0.168831,-0.139474,0.567574,0.955515,-0.173864,-0.049096,0.233135,0.954472,-0.179504,-0.047718,0.233421,1.000000,
0.954472,-0.179504,-0.047718,0.233421,0.793664,-0.168831,-0.139474,0.567574,0.953729,-0.183411,-0.046762,0.233614,0.954472,-0.179504,-0.047718,0.233421,1.000000,
0.954472,-0.179504,-0.047718,0.233421,0.793664,-0.168831,-0.139474,0.567574,0.955515,-0.173864,-0.049096,0.233135,0.954472,-0.179504,-0.047718,0.233421,1.000000,
0.954472,-0.179504,-0.047718,0.233421,0.793664,-0.168831,-0.139474,0.567574,0.953729,-0.183411,-0.046762,0.233614,0.954472,-0.179504,-0.047718,0.233421,1.000000,
0.954472,-0.179504,-0.047718,0.233421,0.793664,-0.168831,-0.139474,0.567574,0.955515,-0.173864,-0.049096,0.233135,0.954472,-0.179504,-0.047718,0.233421,1.000000,
0.954472,-0.179504,-0.047718,0.233421,0.793664,-0.168831,-0.139474,0.567574,0.953729,-0.183411,-0.046762,0.233614,0.954472,-0.179504,-0.047718,0.233421,1.000000,
0.954472,-0.179504,-0.047718,0.233421,0.793664,-0.168831,-0.139474,0.567574,0.955515,-0.173864,-0.049096,0.233135,0.954472,-0.179504,-0.047718,0.233421,1.000000,
0.954472,-0.179504,-0.047718,0.233421,0.793664,-0.168831,-0.139474,0.567574,0.953729,-0.183411,-0.046762,0.233614,0.954472,-0.179504,-0.047718,0.233421,1.000000,
0.954472,-0.179504,-0.047718,0.233421,0.793664,-0.168831,-0.139474,0.567574,0.955515,-0.173865,-0.049096,0.233135,0.954472,-0.179504,-0.047718,0.233421,1.000000,
0.954472,-0.179504,-0.047718,0.233421,0.793664,-0.168831,-0.139474,0.567574,0.953729,-0.183411,-0.046762,0.233614,0.954472,-0.179504,-0.047718,0.233421,1.000000,
0.954472,-0.179504,-0.047718,0.233421,0.793664,-0.168831,-0.139474,0.567574,0.955515,-0.173865,-0.049096,0.233135,0.954472,-0.179504,-0.047718,0.233421,1.000000,
0.954472,-0.179504,-0.047718,0.233421,0.793664,-0.168831,-0.139474,0.567574,0.953729,-0.183411,-0.046762,0.233614,0.954472,-0.179504,-0.047718,0.233421,1.000000,
0.954472,-0.179504,-0.047718,0.233421,0.793664,-0.168831,-0.139474,0.567574,0.955515,-0.173865,-0.049096,0.233135,0.954472,-0.179504,-0.047718,0.233421,1.000000,
0.954472,-0.179504,-0.047718,0.233421,0.793664,-0.168831,-0.139474,0.567574,0.953729,-0.183411,-0.046762,0.233614,0.954472,-0.179504,-0.047718,0.233421,1.000000,
0.954472,-0.179504,-0.047718,0.233421,0.793664,-0.168831,-0.139474,0.567574,0.955515,-0.173865,-0.049096,0.233135,0.954472,-0.179504,-0.047718,0.233421,1.000000,
0.954472,-0.179504,-0.047718,0.233421,0.793664,-0.168831,-0.139474,0.567574,0.953729,-0.183411,-0.046762,0.233614,0.954472,-0.179504,-0.047718,0.233421,1.000000,
0.954472,-0.179504,-0.047718,0.233421,0.793664,-0.168831,-0.139474,0.567574,0.955515,-0.173865,-0.049096,0.233135,0.954472,-0.179504,-0.047718,0.233421,1.000000,
0.954472,-0.179504,-0.047718,0.233421,0.793664,-0.168831,-0.139474,0.567574,0.953728,-0.183411,-0.046762,0.233614,0.954472,-0.179504,-0.047718,0.233421,1.000000,
0.954472,-0.179504,-0.047718,0.233421,0.793664,-0.168831,-0.139474,0.567574,0.955515,-0.173865,-0.049096,0.233135,0.954472,-0.179504,-0.047718,0.233421,1.000000,
0.954472,-0.179504,-0.047718,0.233421,0.793664,-0.168831,-0.139474,0.567574,0.953728,-0.183411,-0.046762,0.233614,0.954472,-0.179504,-0.047718,0.233421,1.000000,
0.954472,-0.179504,-0.047718,0.233421,0.793664,-0.168831,-0.139474,0.567574,0.955515,-0.173865,-0.049095,0.233135,0.954472,-0.179504,-0.047718,0.233421,1.000000,
0.954472,-0.179504,-0.047718,0.233421,0.793664,-0.168831,-0.139474,0.567574,0.953728,-0.183411,-0.046762,0.233614,0.954472,-0.179504,-0.047718,0.233421,1.000000,
0.954472,-0.179504,-0.047718,0.233421,0.793664,-0.168831,-0.139474,0.567574,0.955515,-0.173865,-0.049095,0.233135,0.954472,-0.179504,-0.047718,0.233421,1.000000,
0.954472,-0.179504,-0.047718,0.233421,0.793664,-0.168831,-0.139474,0.567574,0.953728,-0.183412,-0.046762,0.233614,0.954472,-0.179504,-0.047718,0.233421,1.000000,
0.954472,-0.179504,-0.047718,0.233421,0.793664,-0.168831,-0.139474,0.567574,0.955515,-0.173865,-0.049095,0.233135,0.954472,-0.179504,-0.047718,0.233421,1.000000,
0.954472,-0.179504,-0.047718,0.233421,0.793664,-0.168831,-0.139474,0.567574,0.953728,-0.183412,-0.046762,0.233614,0.954472,-0.179504,-0.047718,0.233421,1.000000,
0.954472,-0.179504,-0.047718,0.233421,0.793664,-0.168831,-0.139474,0.567574,0.955515,-0.173865,-0.049095,0.233135,0.954472,-0.179504,-0.047718,0.233421,1.000000,
0.954472,-0.179504,-0.047718,0.233421,0.793664,-0.168831,-0.139474,0.567574,0.953728,-0.183412,-0.046762,0.233614,0.954472,-0.179504,-0.047718,0.233421,1.000000,
0.954472,-0.179504,-0.047718,0.233421,0.793664,-0.168831,-0.139474,0.567574,0.955515,-0.173865,-0.049095,0.233135,0.954472,-0.179504,-0.047718,0.233421,1.000000,
0.954472,-0.179504,-0.047718,0.233421,0.793664,-0.168831,-0.139474,0.567574,0.953728,-0.183412,-0.046762,0.233614,0.954472,-0.179504,-0.047718,0.233421,1.000000,
0.954472,-0.179504,-0.047718,0.233421,0.793664,-0.168831,-0.139474,0.567574,0.955515,-0.173866,-0.049095,0.233135,0.954472,-0.179504,-0.047718,0.233421,1.000000,
0.954472,-0.179504,-0.047718,0.233421,0.793664,-0.168831,-0.139474,0.567574,0.953728,-0.183412,-0.046762,0.233614,0.954472,-0.179504,-0.047718,0.233421,1.000000,
0.954472,-0.179504,-0.047718,0.233421,0.793664,-0.168831,-0.139474,0.567574,0.955515,-0.173866,-0.049095,0.233135,0.954472,-0.179504,-0.047718,0.233421,1.000000,
0.954472,-0.179504,-0.047718,0.233421,0.793664,-0.168831,-0.139474,0.567574,0.953728,-0.183412,-0.046762,0.233614,0.954472,-0.179504,-0.047718,0.233421,1.000000,
0.954472,-0.179504,-0.047718,0.233421,0.793664,-0.168831,-0.139474,0.567574,0.955515,-0.173866,-0.049095,0.233135,0.954472,-0.179504,-0.047718,0.233421,1.000000,
0.954472,-0.179504,-0.047718,0.233421,0.793664,-0.168831,-0.139474,0.567574,0.953728,-0.183412,-0.046762,0.233614,0.954472,-0.179504,-0.047718,0.233421,1.000000,
0.954472,-0.179504,-0.047718,0.233421,0.793664,-0.168831,-0.139474,0.567574,0.955515,-0.173866,-0.049095,0.233135,0.954472,-0.179504,-0.047718,0.233421,1.000000,
0.954472,-0.179504,-0.047718,0.233421,0.793664,-0.168831,-0.139474,0.567574,0.953728,-0.183412,-0.046762,0.233614,0.954472,-0.179504,-0.047718,0.233421,1.000000,
0.954472,-0.179504,-0.047718,0.233421,0.793664,-0.168831,-0.139474,0.567574,0.955515,-0.173866,-0.049095,0.233135,0.954472,-0.179504,-0.047718,0.233421,1.000000,
0.954472,-0.179504,-0.047718,0.233421,0.793664,-0.168831,-0.139474,0.567574,0.953728,-0.183412,-0.046762,0.233614,0.954472,-0.179504,-0.047718,0.233421,1.000000,
0.954472,-0.179504,-0.047718,0.233421,0.793664,-0.168831,-0.139474,0.567574,0.955515,-0.173866,-0.049095,0.233135,0.954472,-0.179504,-0.047718,0.233421,1.000000,
0.954472,-0.179504,-0.047718,0.233421,0.793664,-0.168831,-0.139474,0.567574,0.953728,-0.183412,-0.046761,0.233614,0.954472,-0.179504,-0.047718,0.233421,1.000000,
0.954472,-0.179504,-0.047718,0.233421,0.793664,-0.168831,-0.139474,0.567574,0.955515,-0.173866,-0.049095,0.233135,0.954472,-0.179504,-0.047718,0.233421,1.000000,
0.954472,-0.179504,-0.047718,0.233421,0.793664,-0.168831,-0.139474,0.567574,0.953728,-0.183412,-0.046761,0.233614,0.954472,-0.179504,-0.047718,0.233421,1.000000,
0.954472,-0.179504,-0.047718,0.233421,0.793664,-0.168831,-0.139474,0.567574,0.955515,-0.173866,-0.049095,0.233135,0.954472,-0.179504,-0.047718,0.233421,1.000000,
0.954472,-0.179504,-0.047718,0.233421,0.793664,-0.168831,-0.139474,0.567574,0.953728,-0.183412,-0.046761,0.233614,0.954472,-0.179504,-0.047718,0.233421,1.000000,
0.954472,-0.179504,-0.047718,0.233421,0.793664,-0.168831,-0.139474,0.567574,0.955515,-0.173866,-0.049095,0.233135,0.954472,-0.179504,-0.047718,0.233421,1.000000,
0.954472,-0.179504,-0.047718,0.233421,0.793664,-0.168831,-0.139474,0.567574,0.953728,-0.183413,-0.046761,0.233614,0.954472,-0.179504,-0.047718,0.233421,1.000000,
0.954472,-0.179504,-0.047718,0.233421,0.793664,-0.168831,-0.139474,0.567574,0.955515,-0.173866,-0.049095,0.233135,0.954472,-0.179504,-0.047718,0.233421,1.000000,
0.954472,-0.179504,-0.047718,0.233421,0.793664,-0.168831,-0.139474,0.567574,0.953728,-0.183413,-0.046761,0.233614,0.954472,-0.179504,-0.047718,0.233421,1.000000,
0.954472,-0.179504,-0.047718,0.233421,0.793664,-0.168831,-0.139474,0.567574,0.955515,-0.173866,-0.049095,0.233135,0.954472,-0.179504,-0.047718,0.233421,1.000000,
0.954472,-0.179504,-0.047718,0.233421,0.793664,-0.168831,-0.139474,0.567574,0.953728,-0.183413,-0.046761,0.233614,0.954472,-0.179504,-0.047718,0.233421,1.000000,
0.954472,-0.179504,-0.047718,0.233421,0.793664,-0.168831,-0.139474,0.567574,0.955515,-0.173866,-0.049095,0.233135,0.954472,-0.179504,-0.047718,0.233421,1.000000,
0.954472,-0.179504,-0.047718,0.233421,0.793664,-0.168831,-0.139474,0.567574,0.953728,-0.183413,-0.046761,0.233614,0.954472,-0.179504,-0.047718,0.233421,1.000000,
0.954472,-0.179504,-0.047718,0.233421,0.793664,-0.168831,-0.139474,0.567574,0.955515,-0.173867,-0.049095,0.233135,0.954472,-0.179504,-0.047718,0.233421,1.000000,
0.954472,-0.179504,-0.047718,0.233421,0.793664,-0.168831,-0.139474,0.567574,0.953728,-0.183413,-0.046761,0.233614,0.954472,-0.179504,-0.047718,0.233421,1.000000,
0.954472,-0.179504,-0.047718,0.233421,0.793664,-0.168831,-0.139474,0.567574,0.955515,-0.173867,-0.049095,0.233135,0.954472,-0.179504,-0.047718,0.233421,1.000000,
0.954472,-0.179504,-0.047718,0.233421,0.793664,-0.168831,-0.139474,0.567574,0.953728,-0.183413,-0.046761,0.233614,0.954472,-0.179504,-0.047718,0.233421,1.000000,
0.954472,-0.179504,-0.047718,0.233421,0.793664,-0.168831,-0.139474,0.567574,0.955515,-0.173867,-0.049095,0.233135,0.954472,-0.179504,-0.047718,0.233421,1.000000,
0.954472,-0.179504,-0.047718,0.233421,0.793664,-0.168831,-0.139474,0.567574,0.953728,-0.183413,-0.046761,0.233614,0.954472,-0.179504,-0.047718,0.233421,1.000000,
0.954472,-0.179504,-0.047718,0.233421,0.793664,-0.168831,-0.139474,0.567574,0.955515,-0.173867,-0.049095,0.233135,0.954472,-0.179504,-0.047718,0.233421,1.000000,
0.954472,-0.179504,-0.047718,0.233421,0.793664,-0.168831,-0.139474,0.567574,0.953728,-0.183413,-0.046761,0.233614,0.954472,-0.179504,-0.047718,0.233421,1.000000,
0.954472,-0.179504,-0.047718,0.233421,0.793664,-0.168831,-0.139474,0.567574,0.955515,-0.173867,-0.049095,0.233135,0.954472,-0.179504,-0.047718,0.233421,1.000000,
0.954472,-0.179504,-0.047718,0.233421,0.793664,-0.168831,-0.139474,0.567574,0.953728,-0.183413,-0.046761,0.233614,0.954472,-0.179504,-0.047718,0.233421,1.000000,
0.954472,-0.179504,-0.047718,0.233421,0.793664,-0.168831,-0.139474,0.567574,0.955515,-0.173867,-0.049095,0.233135,0.954472,-0.179504,-0.047718,0.233421,1.000000,
0.954472,-0.179504,-0.047718,0.233421,0.793664,-0.168831,-0.139474,0.567574,0.953728,-0.183413,-0.046761,0.233614,0.954472,-0.179504,-0.047718,0.233421,1.000000,
0.954472,-0.179504,-0.047718,0.233421,0.793664,-0.168831,-0.139474,0.567574,0.955515,-0.173867,-0.049095,0.233135,0.954472,-0.179504,-0.047718,0.233421,1.000000,
0.954472,-0.179504,-0.047718,0.233421,0.793664,-0.168831,-0.139474,0.567574,0.953728,-0.183413,-0.046761,0.233614,0.954472,-0.179504,-0.047718,0.233421,1.000000,
0.954472,-0.179504,-0.047718,0.233421,0.793664,-0.168831,-0.139474,0.567574,0.955514,-0.173867,-0.049095,0.233135,0.954472,-0.179504,-0.047718,0.233421,1.000000,
0.954472,-0.179504,-0.047718,0.233421,0.793664,-0.168831,-0.139474,0.567574,0.953728,-0.183414,-0.046761,0.233614,0.954472,-0.179504,-0.047718,0.233421,1.000000,
0.954472,-0.179504,-0.047718,0.233421,0.793664,-0.168831,-0.139474,0.567574,0.955514,-0.173867,-0.049095,0.233135,0.954472,-0.179504,-0.047718,0.233421,1.000000,
0.954472,-0.179504,-0.047718,0.233421,0.793664,-0.168831,-0.139474,0.567574,0.953728,-0.183414,-0.046761,0.233614,0.954472,-0.179504,-0.047718,0.233421,1.000000,
0.954472,-0.179504,-0.047718,0.233421,0.793664,-0.168831,-0.139474,0.567574,0.955514,-0.173867,-0.049095,0.233135,0.954472,-0.179504,-0.047718,0.233421,1.000000,
0.954472,-0.179504,-0.047718,0.233421,0.793664,-0.168831,-0.139474,0.567574,0.953728,-0.183414,-0.046761,0.233614,0.954472,-0.179504,-0.047718,0.233421,1.000000,
0.954472,-0.179504,-0.047718,0.233421,0.793664,-0.168831,-0.139474,0.567574,0.955514,-0.173867,-0.049095,0.233135,0.954472,-0.179504,-0.047718,0.233421,1.000000,
0.954472,-0.179504,-0.047718,0.233421,0.793664,-0.168831,-0.139474,0.567574,0.953728,-0.183414,-0.046761,0.233614,0.954472,-0.179504,-0.047718,0.233421,1.000000,
0.954472,-0.179504,-0.047718,0.233421,0.793664,-0.168831,-0.139474,0.567574,0.955514,-0.173868,-0.049095,0.233135,0.954472,-0.179504,-0.047718,0.233421,1.000000,
0.954472,-0.179504,-0.047718,0.233421,0.793664,-0.168831,-0.139474,0.567574,0.953728,-0.183414,-0.046761,0.233614,0.954472,-0.179504,-0.047718,0.233421,1.000000,
0.954472,-0.179504,-0.047718,0.233421,0.793664,-0.168831,-0.139474,0.567574,0.955514,-0.173868,-0.049095,0.233135,0.954472,-0.179504,-0.047718,0.233421,1.000000,
0.954472,-0.179504,-0.047718,0.233421,0.793664,-0.168831,-0.139474,0.567574,0.953728,-0.183414,-0.046761,0.233614,0.954472,-0.179504,-0.047718,0.233421,1.000000,
0.954472,-0.179504,-0.047718,0.233421,0.793664,-0.168831,-0.139474,0.567574,0.955514,-0.173868,-0.049095,0.233135,0.954472,-0.179504,-0.047718,0.233421,1.000000,
0.954472,-0.179504,-0.047718,0.233421,0.793664,-0.168831,-0.139474,0.567574,0.953728,-0.183414,-0.046761,0.233614,0.954472,-0.179504,-0.047718,0.233421,1.000000,
0.954472,-0.179504,-0.047718,0.233421,0.793664,-0.168831,-0.139474,0.567574,0.955514,-0.173868,-0.049095,0.233135,0.954472,-0.179504,-0.047718,0.233421,1.000000,
0.954472,-0.179504,-0.047718,0.233421,0.793664,-0.168831,-0.139474,0.567574,0.953728,-0.183414,-0.046761,0.233614,0.954472,-0.179504,-0.047718,0.233421,1.000000,
0.954472,-0.179504,-0.047718,0.233421,0.793664,-0.168831,-0.139474,0.567574,0.955514,-0.173868,-0.049095,0.233135,0.954472,-0.179504,-0.047718,0.233421,1.000000,
0.954472,-0.179504,-0.047718,0.233421,0.793664,-0.168831,-0.139474,0.567574,0.953728,-0.183414,-0.046761,0.233614,0.954472,-0.179504,-0.047718,0.233421,1.000000,
0.954472,-0.179504,-0.047718,0.233421,0.793664,-0.168831,-0.139474,0.567574,0.955514,-0.173868,-0.049095,0.233135,0.954472,-0.179504,-0.047718,0.233421,1.000000,
0.954472,-0.179504,-0.047718,0.233421,0.793664,-0.168831,-0.139474,0.567574,0.953728,-0.183414,-0.046761,0.233614,0.954472,-0.179504,-0.047718,0.233421,1.000000,
0.954472,-0.179504,-0.047718,0.233421,0.793664,-0.168831,-0.139474,0.567574,0.955514,-0.173868,-0.049095,0.233135,0.954472,-0.179504,-0.047718,0.233421,1.000000,
0.954472,-0.179504,-0.047718,0.233421,0.793664,-0.168831,-0.139474,0.567574,0.953728,-0.183414,-0.046761,0.233614,0.954472,-0.179504,-0.047718,0.233421,1.000000,
0.954472,-0.179504,-0.047718,0.233421,0.793664,-0.168831,-0.139474,0.567574,0.955514,-0.173868,-0.049095,0.233135,0.954472,-0.179504,-0.047718,0.233421,1.000000,
0.954472,-0.179504,-0.047718,0.233421,0.793664,-0.168831,-0.139474,0.567574,0.953728,-0.183414,-0.046761,0.233614,0.954472,-0.179504,-0.047718,0.233421,1.000000,
0.954472,-0.179504,-0.047718,0.233421,0.793664,-0.168831,-0.139474,0.567574,0.955514,-0.173868,-0.049095,0.233135,0.954472,-0.179504,-0.047718,0.233421,1.000000,
0.954472,-0.179504,-0.047718,0.233421,0.793664,-0.168831,-0.139474,0.567574,0.953728,-0.183415,-0.046761,0.233614,0.954472,-0.179504,-0.047718,0.233421,1.000000,
0.954472,-0.179504,-0.047718,0.233421,0.793664,-0.168831,-0.139474,0.567574,0.955514,-0.173868,-0.049095,0.233135,0.954472,-0.179504,-0.047718,0.233421,1.000000,
0.954472,-0.179504,-0.047718,0.233421,0.793664,-0.168831,-0.139474,0.567574,0.953728,-0.183415,-0.046761,0.233614,0.954472,-0.179504,-0.047718,0.233421,1.000000,
0.954472,-0.179504,-0.047718,0.233421,0.793664,-0.168831,-0.139474,0.567574,0.955514,-0.173868,-0.049095,0.233135,0.954472,-0.179504,-0.047718,0.233421,1.000000,
0.954472,-0.179504,-0.047718,0.233421,0.793664,-0.168831,-0.139474,0.567574,0.953728,-0.183415,-0.046761,0.233614,0.954472,-0.179504,-0.047718,0.233421,1.000000,
0.954472,-0.179504,-0.047718,0.233421,0.793664,-0.168831,-0.139474,0.567574,0.955514,-0.173868,-0.049095,0.233135,0.954472,-0.179504,-0.047718,0.233421,1.000000,
0.954472,-0.179504,-0.047718,0.233421,0.793664,-0.168831,-0.139474,0.567574,0.953728,-0.183415,-0.046761,0.233614,0.954472,-0.179504,-0.047718,0.233421,1.000000,
0.954472,-0.179504,-0.047718,0.233421,0.793664,-0.168831,-0.139474,0.567574,0.955514,-0.173869,-0.049095,0.233135,0.954472,-0.179504,-0.047718,0.233421,1.000000,
0.954472,-0.179504,-0.047718,0.233421,0.793664,-0.168831,-0.139474,0.567574,0.953728,-0.183415,-0.046761,0.233614,0.954472,-0.179504,-0.047718,0.233421,1.000000,
0.954472,-0.179504,-0.047718,0.233421,0.793664,-0.168831,-0.139474,0.567574,0.955514,-0.173869,-0.049095,0.233135,0.954472,-0.179504,-0.047718,0.233421,1.000000,
0.954472,-0.179504,-0.047718,0.233421,0.793664,-0.168831,-0.139474,0.567574,0.953728,-0.183415,-0.046761,0.233614,0.954472,-0.179504,-0.047718,0.233421,1.000000,
0.954472,-0.179504,-0.047718,0.233421,0.793664,-0.168831,-0.139474,0.567574,0.955514,-0.173869,-0.049095,0.233135,0.954472,-0.179504,-0.047718,0.233421,1.000000,
0.954472,-0.179504,-0.047718,0.233421,0.793664,-0.168831,-0.139474,0.567574,0.953728,-0.183415,-0.046761,0.233614,0.954472,-0.179504,-0.047718,0.233421,1.000000,
0.954472,-0.179504,-0.047718,0.233421,0.793664,-0.168831,-0.139474,0.567574,0.955514,-0.173869,-0.049095,0.233135,0.954472,-0.179504,-0.047718,0.233421,1.000000,
0.954472,-0.179504,-0.047718,0.233421,0.793664,-0.168831,-0.139474,0.567574,0.953728,-0.183415,-0.046761,0.233614,0.954472,-0.179504,-0.047718,0.233421,1.000000,
0.954472,-0.179504,-0.047718,0.233421,0.793664,-0.168831,-0.139474,0.567574,0.955514,-0.173869,-0.049095,0.233135,0.954472,-0.179504,-0.047718,0.233421,1.000000,
0.954472,-0.179504,-0.047718,0.233421,0.793664,-0.168831,-0.139474,0.567574,0.953728,-0.183415,-0.046761,0.233614,0.954472,-0.179504,-0.047718,0.233421,1.000000,
0.954472,-0.179504,-0.047718,0.233421,0.793664,-0.168831,-0.139474,0.567574,0.955514,-0.173869,-0.049095,0.233135,0.954472,-0.179504,-0.047718,0.233421,1.000000,
0.954472,-0.179504,-0.047718,0.233421,0.793664,-0.168831,-0.139474,0.567574,0.953728,-0.183415,-0.046761,0.233614,0.954472,-0.179504,-0.047718,0.233421,1.000000,
0.954472,-0.179504,-0.047718,0.233421,0.793664,-0.168831,-0.139474,0.567574,0.955514,-0.173869,-0.049095,0.233135,0.954472,-0.179504,-0.047718,0.233421,1.000000,
0.954472,-0.179504,-0.047718,0.233421,0.793664,-0.168831,-0.139474,0.567574,0.953728,-0.183415,-0.046761,0.233614,0.954472,-0.179504,-0.047718,0.233421,1.000000,
0.954472,-0.179504,-0.047718,0.233421,0.793664,-0.168831,-0.139474,0.567574,0.955514,-0.173869,-0.049094,0.233135,0.954472,-0.179504,-0.047718,0.233421,1.000000,
0.954472,-0.179504,-0.047718,0.233421,0.793664,-0.168831,-0.139474,0.567574,0.953728,-0.183416,-0.046761,0.233614,0.954472,-0.179504,-0.047718,0.233421,1.000000,
0.954472,-0.179504,-0.047718,0.233421,0.793664,-0.168831,-0.139474,0.567574,0.955514,-0.173869,-0.049094,0.233135,0.954472,-0.179504,-0.047718,0.233421,1.000000,
0.954472,-0.179504,-0.047718,0.233421,0.793664,-0.168831,-0.139474,0.567574,0.953728,-0.183416,-0.046761,0.233614,0.954472,-0.179504,-0.047718,0.233421,1.000000,
0.954472,-0.179504,-0.047718,0.233421,0.793664,-0.168831,-0.139474,0.567574,0.955514,-0.173869,-0.049094,0.233135,0.954472,-0.179504,-0.047718,0.233421,1.000000,
0.954472,-0.179504,-0.047718,0.233421,0.793664,-0.168831,-0.139474,0.567574,0.953728,-0.183416,-0.046761,0.233614,0.954472,-0.179504,-0.047718,0.233421,1.000000,
0.954472,-0.179504,-0.047718,0.233421,0.793664,-0.168831,-0.139474,0.567574,0.955514,-0.173869,-0.049094,0.233135,0.954472,-0.179504,-0.047718,0.233421,1.000000,
0.954472,-0.179504,-0.047718,0.233421,0.793664,-0.168831,-0.139474,0.567574,0.953728,-0.183416,-0.046761,0.233614,0.954472,-0.179504,-0.047718,0.233421,1.000000,
0.954472,-0.179504,-0.047718,0.233421,0.793664,-0.168831,-0.139474,0.567574,0.955514,-0.173869,-0.049094,0.233135,0.954472,-0.179504,-0.047718,0.233421,1.000000,
0.954472,-0.179504,-0.047718,0.233421,0.793664,-0.168831,-0.139474,0.567574,0.953728,-0.183416,-0.046761,0.233614,0.954472,-0.179504,-0.047718,0.233421,1.000000,
0.954472,-0.179504,-0.047718,0.233421,0.793664,-0.168831,-0.139474,0.567574,0.955514,-0.173870,-0.049094,0.233135,0.954472,-0.179504,-0.047718,0.233421,1.000000,
0.954472,-0.179504,-0.047718,0.233421,0.793664,-0.168831,-0.139474,0.567574,0.953728,-0.183416,-0.046761,0.233614,0.954472,-0.179504,-0.047718,0.233421,1.000000,
0.954472,-0.179504,-0.047718,0.233421,0.793664,-0.168831,-0.139474,0.567574,0.955514,-0.173870,-0.049094,0.233135,0.954472,-0.179504,-0.047718,0.233421,1.000000,
0.954472,-0.179504,-0.047718,0.233421,0.793664,-0.168831,-0.139474,0.567574,0.953728,-0.183416,-0.046761,0.233614,0.954472,-0.179504,-0.047718,0.233421,1.000000,
0.954472,-0.179504,-0.047718,0.233421,0.793664,-0.168831,-0.139474,0.567574,0.955514,-0.173870,-0.049094,0.233135,0.954472,-0.179504,-0.047718,0.233421,1.000000,
0.954472,-0.179504,-0.047718,0.233421,0.793664,-0.168831,-0.139474,0.567574,0.953728,-0.183416,-0.046761,0.233614,0.954472,-0.179504,-0.047718,0.233421,1.000000,
0.954472,-0.179504,-0.047718,0.233421,0.793664,-0.168831,-0.139474,0.567574,0.955514,-0.173870,-0.049094,0.233135,0.954472,-0.179504,-0.047718,0.233421,1.000000,
0.954472,-0.179504,-0.047718,0.233421,0.793664,-0.168831,-0.139474,0.567574,0.953728,-0.183416,-0.046761,0.233614,0.954472,-0.179504,-0.047718,0.233421,1.000000,
0.954472,-0.179504,-0.047718,0.233421,0.793664,-0.168831,-0.139474,0.567574,0.955514,-0.173870,-0.049094,0.233135,0.954472,-0.179504,-0.047718,0.233421,1.000000,
0.954472,-0.179504,-0.047718,0.233421,0.793664,-0.168831,-0.139474,0.567574,0.953728,-0.183416,-0.046761,0.233614,0.954472,-0.179504,-0.047718,0.233421,1.000000,
0.954472,-0.179504,-0.047718,0.233421,0.793664,-0.168831,-0.139474,0.567574,0.955514,-0.173870,-0.049094,0.233135,0.954472,-0.179504,-0.047718,0.233421,1.000000,
0.954472,-0.179504,-0.047718,0.233421,0.793664,-0.168831,-0.139474,0.567574,0.953728,-0.183416,-0.046760,0.233614,0.954472,-0.179504,-0.047718,0.233421,1.000000,
0.954472,-0.179504,-0.047718,0.233421,0.793664,-0.168831,-0.139474,0.567574,0.955514,-0.173870,-0.049094,0.233135,0.954472,-0.179504,-0.047718,0.233421,1.000000,
0.954472,-0.179504,-0.047718,0.233421,0.793664,-0.168831,-0.139474,0.567574,0.953728,-0.183416,-0.046760,0.233614,0.954472,-0.179504,-0.047718,0.233421,1.000000,
0.954472,-0.179504,-0.047718,0.233421,0.793664,-0.168831,-0.139474,0.567574,0.955514,-0.173870,-0.049094,0.233135,0.954472,-0.179504,-0.047718,0.233421,1.000000,
0.954472,-0.179504,-0.047718,0.233421,0.793664,-0.168831,-0.139474,0.567574,0.953727,-0.183417,-0.046760,0.233614,0.954472,-0.179504,-0.047718,0.233421,1.000000,
0.954472,-0.179504,-0.047718,0.233421,0.793664,-0.168831,-0.139474,0.567574,0.955514,-0.173870,-0.049094,0.233135,0.954472,-0.179504,-0.047718,0.233421,1.000000,
0.954472,-0.179504,-0.047718,0.233421,0.793664,-0.168831,-0.139474,0.567574,0.953727,-0.183417,-0.046760,0.233614,0.954472,-0.179504,-0.047718,0.233421,1.000000,
0.954472,-0.179504,-0.047718,0.233421,0.793664,-0.168831,-0.139474,0.567574,0.955514,-0.173870,-0.049094,0.233135,0.954472,-0.179504,-0.047718,0.233421,1.000000,
0.954472,-0.179504,-0.047718,0.233421,0.793664,-0.168831,-0.139474,0.567574,0.953727,-0.183417,-0.046760,0.233614,0.954472,-0.179504,-0.047718,0.233421,1.000000,
0.954472,-0.179504,-0.047718,0.233421,0.793664,-0.168831,-0.139474,0.567574,0.955514,-0.173870,-0.049094,0.233135,0.954472,-0.179504,-0.047718,0.233421,1.000000,
0.954472,-0.179504,-0.047718,0.233421,0.793664,-0.168831,-0.139474,0.567574,0.953727,-0.183417,-0.046760,0.233614,0.954472,-0.179504,-0.047718,0.233421,1.000000,
0.954472,-0.179504,-0.047718,0.233421,0.793664,-0.168831,-0.139474,0.567574,0.955514,-0.173871,-0.049094,0.233135,0.954472,-0.179504,-0.047718,0.233421,1.000000,
0.954472,-0.179504,-0.047718,0.233421,0.793664,-0.168831,-0.139474,0.567574,0.953727,-0.183417,-0.046760,0.233614,0.954472,-0.179504,-0.047718,0.233421,1.000000,
0.954472,-0.179504,-0.047718,0.233421,0.793664,-0.168831,-0.139474,0.567574,0.955514,-0.173871,-0.049094,0.233135,0.954472,-0.179504,-0.047718,0.233421,1.000000,
0.954472,-0.179504,-0.047718,0.233421,0.793664,-0.168831,-0.139474,0.567574,0.953727,-0.183417,-0.046760,0.233614,0.954472,-0.179504,-0.047718,0.233421,1.000000,
0.954472,-0.179504,-0.047718,0.233421,0.793664,-0.168831,-0.139474,0.567574,0.955514,-0.173871,-0.049094,0.233135,0.954472,-0.179504,-0.047718,0.233421,1.000000,
0.954472,-0.179504,-0.047718,0.233421,0.793664,-0.168831,-0.139474,0.567574,0.953727,-0.183417,-0.046760,0.233614,0.954472,-0.179504,-0.047718,0.233421,1.000000,
0.954472,-0.179504,-0.047718,0.233421,0.793664,-0.168831,-0.139474,0.567574,0.955514,-0.173871,-0.049094,0.233135,0.954472,-0.179504,-0.047718,0.233421,1.000000,
0.954472,-0.179504,-0.047718,0.233421,0.793664,-0.168831,-0.139474,0.567574,0.953727,-0.183417,-0.046760,0.233614,0.954472,-0.179504,-0.047718,0.233421,1.000000,
0.954472,-0.179504,-0.047718,0.233421,0.793664,-0.168831,-0.139474,0.567574,0.955514,-0.173871,-0.049094,0.233135,0.954472,-0.179504,-0.047718,0.233421,1.000000,
0.954472,-0.179504,-0.047718,0.233421,0.793664,-0.168831,-0.139474,0.567574,0.953727,-0.183417,-0.046760,0.233614,0.954472,-0.179504,-0.047718,0.233421,1.000000,
0.954472,-0.179504,-0.047718,0.233421,0.793664,-0.168831,-0.139474,0.567574,0.955514,-0.173871,-0.049094,0.233135,0.954472,-0.179504,-0.047718,0.233421,1.000000,
0.954472,-0.179504,-0.047718,0.233421,0.793664,-0.168831,-0.139474,0.567574,0.953727,-0.183417,-0.046760,0.233615,0.954472,-0.179504,-0.047718,0.233421,1.000000,
0.954472,-0.179504,-0.047718,0.233421,0.793664,-0.168831,-0.139474,0.567574,0.955514,-0.173871,-0.049094,0.233135,0.954472,-0.179504,-0.047718,0.233421,1.000000,
0.954472,-0.179504,-0.047718,0.233421,0.793664,-0.168831,-0.139474,0.567574,0.953727,-0.183417,-0.046760,0.233615,0.954472,-0.179504,-0.047718,0.233421,1.000000,
0.954472,-0.179504,-0.047718,0.233421,0.793664,-0.168831,-0.139474,0.567574,0.955514,-0.173871,-0.049094,0.233135,0.954472,-0.179504,-0.047718,0.233421,1.000000,
0.954472,-0.179504,-0.047718,0.233421,0.793664,-0.168831,-0.139474,0.567574,0.953727,-0.183417,-0.046760,0.233615,0.954472,-0.179504,-0.047718,0.233421,1.000000,
0.954472,-0.179504,-0.047718,0.233421,0.793664,-0.168831,-0.139474,0.567574,0.955514,-0.173871,-0.049094,0.233135,0.954472,-0.179504,-0.047718,0.233421,1.000000,
0.954472,-0.179504,-0.047718,0.233421,0.793664,-0.168831,-0.139474,0.567574,0.953727,-0.183418,-0.046760,0.233615,0.954472,-0.179504,-0.047718,0.233421,1.000000,
0.954472,-0.179504,-0.047718,0.233421,0.793664,-0.168831,-0.139474,0.567574,0.955514,-0.173871,-0.049094,0.233135,0.954472,-0.179504,-0.047718,0.233421,1.000000,
0.954472,-0.179504,-0.047718,0.233421,0.793664,-0.168831,-0.139474,0.567574,0.953727,-0.183418,-0.046760,0.233615,0.954472,-0.179504,-0.047718,0.233421,1.000000,
0.954472,-0.179504,-0.047718,0.233421,0.793664,-0.168831,-0.139474,0.567574,0.955514,-0.173871,-0.049094,0.233135,0.954472,-0.179504,-0.047718,0.233421,1.000000,
0.954472,-0.179504,-0.047718,0.233421,0.793664,-0.168831,-0.139474,0.567574,0.953727,-0.183418,-0.046760,0.233615,0.954472,-0.179504,-0.047718,0.233421,1.000000,
0.954472,-0.179504,-0.047718,0.233421,0.793664,-0.168831,-0.139474,0.567574,0.955514,-0.173871,-0.049094,0.233135,0.954472,-0.179504,-0.047718,0.233421,1.000000,
0.954472,-0.179504,-0.047718,0.233421,0.793664,-0.168831,-0.139474,0.567574,0.953727,-0.183418,-0.046760,0.233615,0.954472,-0.179504,-0.047718,0.233421,1.000000,
0.954472,-0.179504,-0.047718,0.233421,0.793664,-0.168831,-0.139474,0.567574,0.955514,-0.173872,-0.049094,0.233135,0.954472,-0.179504,-0.047718,0.233421,1.000000,
0.954472,-0.179504,-0.047718,0.233421,0.793664,-0.168831,-0.139474,0.567574,0.953727,-0.183418,-0.046760,0.233615,0.954472,-0.179504,-0.047718,0.233421,1.000000,
0.954472,-0.179504,-0.047718,0.233421,0.793664,-0.168831,-0.139474,0.567574,0.955514,-0.173872,-0.049094,0.233135,0.954472,-0.179504,-0.047718,0.233421,1.000000,
0.954472,-0.179504,-0.047718,0.233421,0.793664,-0.168831,-0.139474,0.567574,0.953727,-0.183418,-0.046760,0.233615,0.954472,-0.179504,-0.047718,0.233421,1.000000,
0.954472,-0.179504,-0.047718,0.233421,0.793664,-0.168831,-0.139474,0.567574,0.955514,-0.173872,-0.049094,0.233135,0.954472,-0.179504,-0.047718,0.233421,1.000000,
0.954472,-0.179504,-0.047718,0.233421,0.793664,-0.168831,-0.139474,0.567574,0.953727,-0.183418,-0.046760,0.233615,0.954472,-0.179504,-0.047718,0.233421,1.000000,
0.954472,-0.179504,-0.047718,0.233421,0.793664,-0.168831,-0.139474,0.567574,0.955514,-0.173872,-0.049094,0.233135,0.954472,-0.179504,-0.047718,0.233421,1.000000,
0.954472,-0.179504,-0.047718,0.233421,0.793664,-0.168831,-0.139474,0.567574,0.953727,-0.183418,-0.046760,0.233615,0.954472,-0.179504,-0.047718,0.233421,1.000000,
0.954472,-0.179504,-0.047718,0.233421,0.793664,-0.168831,-0.139474,0.567574,0.955514,-0.173872,-0.049094,0.233135,0.954472,-0.179504,-0.047718,0.233421,1.000000,
0.954472,-0.179504,-0.047718,0.233421,0.793664,-0.168831,-0.139474,0.567574,0.953727,-0.183418,-0.046760,0.233615,0.954472,-0.179504,-0.047718,0.233421,1.000000,
0.954472,-0.179504,-0.047718,0.233421,0.793664,-0.168831,-0.139474,0.567574,0.955514,-0.173872,-0.049094,0.233135,0.954472,-0.179504,-0.047718,0.233421,1.000000,
0.954472,-0.179504,-0.047718,0.233421,0.793664,-0.168831,-0.139474,0.567574,0.953727,-0.183418,-0.046760,0.233615,0.954472,-0.179504,-0.047718,0.233421,1.000000,
0.954472,-0.179504,-0.047718,0.233421,0.793664,-0.168831,-0.139474,0.567574,0.955514,-0.173872,-0.049094,0.233135,0.954472,-0.179504,-0.047718,0.233421,1.000000,
0.954472,-0.179504,-0.047718,0.233421,0.793664,-0.168831,-0.139474,0.567574,0.953727,-0.183418,-0.046760,0.233615,0.954472,-0.179504,-0.047718,0.233421,1.000000,
0.954472,-0.179504,-0.047718,0.233421,0.793664,-0.168831,-0.139474,0.567574,0.955514,-0.173872,-0.049094,0.233135,0.954472,-0.179504,-0.047718,0.233421,1.000000,
0.954472,-0.179504,-0.047718,0.233421,0.793664,-0.168831,-0.139474,0.567574,0.953727,-0.183419,-0.046760,0.233615,0.954472,-0.179504,-0.047718,0.233421,1.000000,
0.954472,-0.179504,-0.047718,0.233421,0.793664,-0.168831,-0.139474,0.567574,0.955514,-0.173872,-0.049094,0.233135,0.954472,-0.179504,-0.047718,0.233421,1.000000,
0.954472,-0.179504,-0.047718,0.233421,0.793664,-0.168831,-0.139474,0.567574,0.953727,-0.183419,-0.046760,0.233615,0.954472,-0.179504,-0.047718,0.233421,1.000000,
0.954472,-0.179504,-0.047718,0.233421,0.793664,-0.168831,-0.139474,0.567574,0.955514,-0.173872,-0.049094,0.233135,0.954472,-0.179504,-0.047718,0.233421,1.000000,
0.954472,-0.179504,-0.047718,0.233421,0.793664,-0.168831,-0.139474,0.567574,0.953727,-0.183419,-0.046760,0.233615,0.954472,-0.179504,-0.047718,0.233421,1.000000,
0.954472,-0.179504,-0.047718,0.233421,0.793664,-0.168831,-0.139474,0.567574,0.955514,-0.173872,-0.049094,0.233135,0.954472,-0.179504,-0.047718,0.233421,1.000000,
0.954472,-0.179504,-0.047718,0.233421,0.793664,-0.168831,-0.139474,0.567574,0.953727,-0.183419,-0.046760,0.233615,0.954472,-0.179504,-0.047718,0.233421,1.000000,
0.954472,-0.179504,-0.047718,0.233421,0.793664,-0.168831,-0.139474,0.567574,0.955514,-0.173872,-0.049094,0.233135,0.954472,-0.179504,-0.047718,0.233421,1.000000,
0.954472,-0.179504,-0.047718,0.233421,0.793664,-0.168831,-0.139474,0.567574,0.953727,-0.183419,-0.046760,0.233615,0.954472,-0.179504,-0.047718,0.233421,1.000000,
0.954472,-0.179504,-0.047718,0.233421,0.793664,-0.168831,-0.139474,0.567574,0.955514,-0.173873,-0.049094,0.233135,0.954472,-0.179504,-0.047718,0.233421,1.000000,
0.954472,-0.179504,-0.047718,0.233421,0.793664,-0.168831,-0.139474,0.567574,0.953727,-0.183419,-0.046760,0.233615,0.954472,-0.179504,-0.047718,0.233421,1.000000,
0.954472,-0.179504,-0.047718,0.233421,0.793664,-0.168831,-0.139474,0.567574,0.955513,-0.173873,-0.049094,0.233135,0.954472,-0.179504,-0.047718,0.233421,1.000000,
0.954472,-0.179504,-0.047718,0.233421,0.793664,-0.168831,-0.139474,0.567574,0.953727,-0.183419,-0.046760,0.233615,0.954472,-0.179504,-0.047718,0.233421,1.000000,
0.954472,-0.179504,-0.047718,0.233421,0.793664,-0.168831,-0.139474,0.567574,0.955513,-0.173873,-0.049094,0.233135,0.954472,-0.179504,-0.047718,0.233421,1.000000,
0.954472,-0.179504,-0.047718,0.233421,0.793664,-0.168831,-0.139474,0.567574,0.953727,-0.183419,-0.046760,0.233615,0.954472,-0.179504,-0.047718,0.233421,1.000000,
0.954472,-0.179504,-0.047718,0.233421,0.793664,-0.168831,-0.139474,0.567574,0.955513,-0.173873,-0.049094,0.233135,0.954472,-0.179504,-0.047718,0.233421,1.000000,
0.954472,-0.179504,-0.047718,0.233421,0.793664,-0.168831,-0.139474,0.567574,0.953727,-0.183419,-0.046760,0.233615,0.954472,-0.179504,-0.047718,0.233421,1.000000,
0.954472,-0.179504,-0.047718,0.233421,0.793664,-0.168831,-0.139474,0.567574,0.955513,-0.173873,-0.049094,0.233135,0.954472,-0.179504,-0.047718,0.233421,1.000000,
0.954472,-0.179504,-0.047718,0.233421,0.793664,-0.168831,-0.139474,0.567574,0.953727,-0.183419,-0.046760,0.233615,0.954472,-0.179504,-0.047718,0.233421,1.000000,
0.954472,-0.179504,-0.047718,0.233421,0.793664,-0.168831,-0.139474,0.567574,0.955513,-0.173873,-0.049094,0.233135,0.954472,-0.179504,-0.047718,0.233421,1.000000,
0.954472,-0.179504,-0.047718,0.233421,0.793664,-0.168831,-0.139474,0.567574,0.953727,-0.183419,-0.046760,0.233615,0.954472,-0.179504,-0.047718,0.233421,1.000000,
0.954472,-0.179504,-0.047718,0.233421,0.793664,-0.168831,-0.139474,0.567574,0.955513,-0.173873,-0.049094,0.233135,0.954472,-0.179504,-0.047718,0.233421,1.000000,
0.954472,-0.179504,-0.047718,0.233421,0.793664,-0.168831,-0.139474,0.567574,0.953727,-0.183419,-0.046760,0.233615,0.954472,-0.179504,-0.047718,0.233421,1.000000,
0.954472,-0.179504,-0.047718,0.233421,0.793664,-0.168831,-0.139474,0.567574,0.955513,-0.173873,-0.049094,0.233135,0.954472,-0.179504,-0.047718,0.233421,1.000000,
0.954472,-0.179504,-0.047718,0.233421,0.793664,-0.168831,-0.139474,0.567574,0.953727,-0.183420,-0.046760,0.233615,0.954472,-0.179504,-0.047718,0.233421,1.000000,
0.954472,-0.179504,-0.047718,0.233421,0.793664,-0.168831,-0.139474,0.567574,0.955513,-0.173873,-0.049093,0.233135,0.954472,-0.179504,-0.047718,0.233421,1.000000,
0.954472,-0.179504,-0.047718,0.233421,0.793664,-0.168831,-0.139474,0.567574,0.953727,-0.183420,-0.046760,0.233615,0.954472,-0.179504,-0.047718,0.233421,1.000000,
0.954472,-0.179504,-0.047718,0.233421,0.793664,-0.168831,-0.139474,0.567574,0.955513,-0.173873,-0.049093,0.233135,0.954472,-0.179504,-0.047718,0.233421,1.000000,
0.954472,-0.179504,-0.047718,0.233421,0.793664,-0.168831,-0.139474,0.567574,0.953727,-0.183420,-0.046760,0.233615,0.954472,-0.179504,-0.047718,0.233421,1.000000,
0.954472,-0.179504,-0.047718,0.233421,0.793664,-0.168831,-0.139474,0.567574,0.955513,-0.173873,-0.049093,0.233135,0.954472,-0.179504,-0.047718,0.233421,1.000000,
0.954472,-0.179504,-0.047718,0.233421,0.793664,-0.168831,-0.139474,0.567574,0.953727,-0.183420,-0.046760,0.233615,0.954472,-0.179504,-0.047718,0.233421,1.000000,
0.954472,-0.179504,-0.047718,0.233421,0.793664,-0.168831,-0.139474,0.567574,0.955513,-0.173874,-0.049093,0.233135,0.954472,-0.179504,-0.047718,0.233421,1.000000,
0.954472,-0.179504,-0.047718,0.233421,0.793664,-0.168831,-0.139474,0.567574,0.953727,-0.183420,-0.046760,0.233615,0.954472,-0.179504,-0.047718,0.233421,1.000000,
0.954472,-0.179504,-0.047718,0.233421,0.793664,-0.168831,-0.139474,0.567574,0.955513,-0.173874,-0.049093,0.233135,0.954472,-0.179504,-0.047718,0.233421,1.000000,
0.954472,-0.179504,-0.047718,0.233421,0.793664,-0.168831,-0.139474,0.567574,0.953727,-0.183420,-0.046760,0.233615,0.954472,-0.179504,-0.047718,0.233421,1.000000,
0.954472,-0.179504,-0.047718,0.233421,0.793664,-0.168831,-0.139474,0.567574,0.955513,-0.173874,-0.049093,0.233135,0.954472,-0.179504,-0.047718,0.233421,1.000000,
0.954472,-0.179504,-0.047718,0.233421,0.793664,-0.168831,-0.139474,0.567574,0.953727,-0.183420,-0.046760,0.233615,0.954472,-0.179504,-0.047718,0.233421,1.000000,
0.954472,-0.179504,-0.047718,0.233421,0.793664,-0.168831,-0.139474,0.567574,0.955513,-0.173874,-0.049093,0.233135,0.954472,-0.179504,-0.047718,0.233421,1.000000,
0.954472,-0.179504,-0.047718,0.233421,0.793664,-0.168831,-0.139474,0.567574,0.953727,-0.183420,-0.046760,0.233615,0.954472,-0.179504,-0.047718,0.233421,1.000000,
0.954472,-0.179504,-0.047718,0.233421,0.793664,-0.168831,-0.139474,0.567574,0.955513,-0.173874,-0.049093,0.233135,0.954472,-0.179504,-0.047718,0.233421,1.000000,
0.954472,-0.179504,-0.047718,0.233421,0.793664,-0.168831,-0.139474,0.567574,0.953727,-0.183420,-0.046760,0.233615,0.954472,-0.179504,-0.047718,0.233421,1.000000,
0.954472,-0.179504,-0.047718,0.233421,0.793664,-0.168831,-0.139474,0.567574,0.955513,-0.173874,-0.049093,0.233135,0.954472,-0.179504,-0.047718,0.233421,1.000000,
0.954472,-0.179504,-0.047718,0.233421,0.793664,-0.168831,-0.139474,0.567574,0.953727,-0.183420,-0.046760,0.233615,0.954472,-0.179504,-0.047718,0.233421,1.000000,
0.954472,-0.179504,-0.047718,0.233421,0.793664,-0.168831,-0.139474,0.567574,0.955513,-0.173874,-0.049093,0.233135,0.954472,-0.179504,-0.047718,0.233421,1.000000,
0.954472,-0.179504,-0.047718,0.233421,0.793664,-0.168831,-0.139474,0.567574,0.953727,-0.183420,-0.046760,0.233615,0.954472,-0.179504,-0.047718,0.233421,1.000000,
0.954472,-0.179504,-0.047718,0.233421,0.793664,-0.168831,-0.139474,0.567574,0.955513,-0.173874,-0.049093,0.233135,0.954472,-0.179504,-0.047718,0.233421,1.000000,
0.954472,-0.179504,-0.047718,0.233421,0.793664,-0.168831,-0.139474,0.567574,0.953727,-0.183420,-0.046759,0.233615,0.954472,-0.179504,-0.047718,0.233421,1.000000,
0.954472,-0.179504,-0.047718,0.233421,0.793664,-0.168831,-0.139474,0.567574,0.955513,-0.173874,-0.049093,0.233135,0.954472,-0.179504,-0.047718,0.233421,1.000000,
0.954472,-0.179504,-0.047718,0.233421,0.793664,-0.168831,-0.139474,0.567574,0.953727,-0.183421,-0.046759,0.233615,0.954472,-0.179504,-0.047718,0.233421,1.000000,
0.954472,-0.179504,-0.047718,0.233421,0.793664,-0.168831,-0.139474,0.567574,0.955513,-0.173874,-0.049093,0.233135,0.954472,-0.179504,-0.047718,0.233421,1.000000,
0.954472,-0.179504,-0.047718,0.233421,0.793664,-0.168831,-0.139474,0.567574,0.953727,-0.183421,-0.046759,0.233615,0.954472,-0.179504,-0.047718,0.233421,1.000000,
0.954472,-0.179504,-0.047718,0.233421,0.793664,-0.168831,-0.139474,0.567574,0.955513,-0.173874,-0.049093,0.233135,0.954472,-0.179504,-0.047718,0.233421,1.000000,
0.954472,-0.179504,-0.047718,0.233421,0.793664,-0.168831,-0.139474,0.567574,0.953727,-0.183421,-0.046759,0.233615,0.954472,-0.179504,-0.047718,0.233421,1.000000,
0.954472,-0.179504,-0.047718,0.233421,0.793664,-0.168831,-0.139474,0.567574,0.955513,-0.173874,-0.049093,0.233135,0.954472,-0.179504,-0.047718,0.233421,1.000000,
0.954472,-0.179504,-0.047718,0.233421,0.793664,-0.168831,-0.139474,0.567574,0.953727,-0.183421,-0.046759,0.233615,0.954472,-0.179504,-0.047718,0.233421,1.000000,
0.954472,-0.179504,-0.047718,0.233421,0.793664,-0.168831,-0.139474,0.567574,0.955513,-0.173875,-0.049093,0.233135,0.954472,-0.179504,-0.047718,0.233421,1.000000,
0.954472,-0.179504,-0.047718,0.233421,0.793664,-0.168831,-0.139474,0.567574,0.953727,-0.183421,-0.046759,0.233615,0.954472,-0.179504,-0.047718,0.233421,1.000000,
0.954472,-0.179504,-0.047718,0.233421,0.793664,-0.168831,-0.139474,0.567574,0.955513,-0.173875,-0.049093,0.233135,0.954472,-0.179504,-0.047718,0.233421,1.000000,
0.954472,-0.179504,-0.047718,0.233421,0.793664,-0.168831,-0.139474,0.567574,0.953727,-0.183421,-0.046759,0.233615,0.954472,-0.179504,-0.047718,0.233421,1.000000,
0.954472,-0.179504,-0.047718,0.233421,0.793664,-0.168831,-0.139474,0.567574,0.955513,-0.173875,-0.049093,0.233135,0.954472,-0.179504,-0.047718,0.233421,1.000000,
0.954472,-0.179504,-0.047718,0.233421,0.793664,-0.168831,-0.139474,0.567574,0.953727,-0.183421,-0.046759,0.233615,0.954472,-0.179504,-0.047718,0.233421,1.000000,
0.954472,-0.179504,-0.047718,0.233421,0.793664,-0.168831,-0.139474,0.567574,0.955513,-0.173875,-0.049093,0.233135,0.954472,-0.179504,-0.047718,0.233421,1.000000,
0.954472,-0.179504,-0.047718,0.233421,0.793664,-0.168831,-0.139474,0.567574,0.953727,-0.183421,-0.046759,0.233615,0.954472,-0.179504,-0.047718,0.233421,1.000000,
0.954472,-0.179504,-0.047718,0.233421,0.793664,-0.168831,-0.139474,0.567574,0.955513,-0.173875,-0.049093,0.233135,0.954472,-0.179504,-0.047718,0.233421,1.000000,
0.954472,-0.179504,-0.047718,0.233421,0.793664,-0.168831,-0.139474,0.567574,0.953727,-0.183421,-0.046759,0.233615,0.954472,-0.179504,-0.047718,0.233421,1.000000,
0.954472,-0.179504,-0.047718,0.233421,0.793664,-0.168831,-0.139474,0.567574,0.955513,-0.173875,-0.049093,0.233135,0.954472,-0.179504,-0.047718,0.233421,1.000000,
0.954472,-0.179504,-0.047718,0.233421,0.793664,-0.168831,-0.139474,0.567574,0.953727,-0.183421,-0.046759,0.233615,0.954472,-0.179504,-0.047718,0.233421,1.000000,
0.954472,-0.179504,-0.047718,0.233421,0.793664,-0.168831,-0.139474,0.567574,0.955513,-0.173875,-0.049093,0.233135,0.954472,-0.179504,-0.047718,0.233421,1.000000,
0.954472,-0.179504,-0.047718,0.233421,0.793664,-0.168831,-0.139474,0.567574,0.953727,-0.183421,-0.046759,0.233615,0.954472,-0.179504,-0.047718,0.233421,1.000000,
0.954472,-0.179504,-0.047718,0.233421,0.793664,-0.168831,-0.139474,0.567574,0.955513,-0.173875,-0.049093,0.233135,0.954472,-0.179504,-0.047718,0.233421,1.000000,
0.954472,-0.179504,-0.047718,0.233421,0.793664,-0.168831,-0.139474,0.567574,0.953727,-0.183421,-0.046759,0.233615,0.954472,-0.179504,-0.047718,0.233421,1.000000,
0.954472,-0.179504,-0.047718,0.233421,0.793664,-0.168831,-0.139474,0.567574,0.955513,-0.173875,-0.049093,0.233135,0.954472,-0.179504,-0.047718,0.233421,1.000000,
0.954472,-0.179504,-0.047718,0.233421,0.793664,-0.168831,-0.139474,0.567574,0.953727,-0.183422,-0.046759,0.233615,0.954472,-0.179504,-0.047718,0.233421,1.000000,
0.954472,-0.179504,-0.047718,0.233421,0.793664,-0.168831,-0.139474,0.567574,0.955513,-0.173875,-0.049093,0.233135,0.954472,-0.179504,-0.047718,0.233421,1.000000,
0.954472,-0.179504,-0.047718,0.233421,0.793664,-0.168831,-0.139474,0.567574,0.953726,-0.183422,-0.046759,0.233615,0.954472,-0.179504,-0.047718,0.233421,1.000000,
0.954472,-0.179504,-0.047718,0.233421,0.793664,-0.168831,-0.139474,0.567574,0.955513,-0.173875,-0.049093,0.233135,0.954472,-0.179504,-0.047718,0.233421,1.000000,
0.954472,-0.179504,-0.047718,0.233421,0.793664,-0.168831,-0.139474,0.567574,0.953726,-0.183422,-0.046759,0.233615,0.954472,-0.179504,-0.047718,0.233421,1.000000,
0.954472,-0.179504,-0.047718,0.233421,0.793664,-0.168831,-0.139474,0.567574,0.955513,-0.173875,-0.049093,0.233135,0.954472,-0.179504,-0.047718,0.233421,1.000000,
0.954472,-0.179504,-0.047718,0.233421,0.793664,-0.168831,-0.139474,0.567574,0.953726,-0.183422,-0.046759,0.233615,0.954472,-0.179504,-0.047718,0.233421,1.000000,
0.954472,-0.179504,-0.047718,0.233421,0.793664,-0.168831,-0.139474,0.567574,0.955513,-0.173876,-0.049093,0.233135,0.954472,-0.179504,-0.047718,0.233421,1.000000,
0.954472,-0.179504,-0.047718,0.233421,0.793664,-0.168831,-0.139474,0.567574,0.953726,-0.183422,-0.046759,0.233615,0.954472,-0.179504,-0.047718,0.233421,1.000000,
0.954472,-0.179504,-0.047718,0.233421,0.793664,-0.168831,-0.139474,0.567574,0.955513,-0.173876,-0.049093,0.233135,0.954472,-0.179504,-0.047718,0.233421,1.000000,
0.954472,-0.179504,-0.047718,0.233421,0.793664,-0.168831,-0.139474,0.567574,0.953726,-0.183422,-0.046759,0.233615,0.954472,-0.179504,-0.047718,0.233421,1.000000,
0.954472,-0.179504,-0.047718,0.233421,0.793664,-0.168831,-0.139474,0.567574,0.955513,-0.173876,-0.049093,0.233135,0.954472,-0.179504,-0.047718,0.233421,1.000000,
0.954472,-0.179504,-0.047718,0.233421,0.793664,-0.168831,-0.139474,0.567574,0.953726,-0.183422,-0.046759,0.233615,0.954472,-0.179504,-0.047718,0.233421,1.000000,
0.954472,-0.179504,-0.047718,0.233421,0.793664,-0.168831,-0.139474,0.567574,0.955513,-0.173876,-0.049093,0.233135,0.954472,-0.179504,-0.047718,0.233421,1.000000,
0.954472,-0.179504,-0.047718,0.233421,0.793664,-0.168831,-0.139474,0.567574,0.953726,-0.183422,-0.046759,0.233615,0.954472,-0.179504,-0.047718,0.233421,1.000000,
0.954472,-0.179504,-0.047718,0.233421,0.793664,-0.168831,-0.139474,0.567574,0.955513,-0.173876,-0.049093,0.233135,0.954472,-0.179504,-0.047718,0.233421,1.000000,
0.954472,-0.179504,-0.047718,0.233421,0.793664,-0.168831,-0.139474,0.567574,0.953726,-0.183422,-0.046759,0.233615,0.954472,-0.179504,-0.047718,0.233421,1.000000,
0.954472,-0.179504,-0.047718,0.233421,0.793664,-0.168831,-0.139474,0.567574,0.955513,-0.173876,-0.049093,0.233135,0.954472,-0.179504,-0.047718,0.233421,1.000000,
0.954472,-0.179504,-0.047718,0.233421,0.793664,-0.168831,-0.139474,0.567574,0.953726,-0.183422,-0.046759,0.233615,0.954472,-0.179504,-0.047718,0.233421,1.000000,
0.954472,-0.179504,-0.047718,0.233421,0.793664,-0.168831,-0.139474,0.567574,0.955513,-0.173876,-0.049093,0.233135,0.954472,-0.179504,-0.047718,0.233421,1.000000,
0.954472,-0.179504,-0.047718,0.233421,0.793664,-0.168831,-0.139474,0.567574,0.953726,-0.183422,-0.046759,0.233615,0.954472,-0.179504,-0.047718,0.233421,1.000000,
0.954472,-0.179504,-0.047718,0.233421,0.793664,-0.168831,-0.139474,0.567574,0.955513,-0.173876,-0.049093,0.233135,0.954472,-0.179504,-0.047718,0.233421,1.000000,
0.954472,-0.179504,-0.047718,0.233421,0.793664,-0.168831,-0.139474,0.567574,0.953726,-0.183423,-0.046759,0.233615,0.954472,-0.179504,-0.047718,0.233421,1.000000,
0.954472,-0.179504,-0.047718,0.233421,0.793664,-0.168831,-0.139474,0.567574,0.955513,-0.173876,-0.049093,0.233135,0.954472,-0.179504,-0.047718,0.233421,1.000000,
0.954472,-0.179504,-0.047718,0.233421,0.793664,-0.168831,-0.139474,0.567574,0.953726,-0.183423,-0.046759,0.233615,0.954472,-0.179504,-0.047718,0.233421,1.000000,
0.954472,-0.179504,-0.047718,0.233421,0.793664,-0.168831,-0.139474,0.567574,0.955513,-0.173876,-0.049093,0.233135,0.954472,-0.179504,-0.047718,0.233421,1.000000,
0.954472,-0.179504,-0.047718,0.233421,0.793664,-0.168831,-0.139474,0.567574,0.953726,-0.183423,-0.046759,0.233615,0.954472,-0.179504,-0.047718,0.233421,1.000000,
0.954472,-0.179504,-0.047718,0.233421,0.793664,-0.168831,-0.139474,0.567574,0.955513,-0.173876,-0.049093,0.233136,0.954472,-0.179504,-0.047718,0.233421,1.000000,
0.954472,-0.179504,-0.047718,0.233421,0.793664,-0.168831,-0.139474,0.567574,0.953726,-0.183423,-0.046759,0.233615,0.954472,-0.179504,-0.047718,0.233421,1.000000,
0.954472,-0.179504,-0.047718,0.233421,0.793664,-0.168831,-0.139474,0.567574,0.955513,-0.173877,-0.049093,0.233136,0.954472,-0.179504,-0.047718,0.233421,1.000000,
0.954472,-0.179504,-0.047718,0.233421,0.793664,-0.168831,-0.139474,0.567574,0.953726,-0.183423,-0.046759,0.233615,0.954472,-0.179504,-0.047718,0.233421,1.000000,
0.954472,-0.179504,-0.047718,0.233421,0.793664,-0.168831,-0.139474,0.567574,0.955513,-0.173877,-0.049093,0.233136,0.954472,-0.179504,-0.047718,0.233421,1.000000,
0.954472,-0.179504,-0.047718,0.233421,0.793664,-0.168831,-0.139474,0.567574,0.953726,-0.183423,-0.046759,0.233615,0.954472,-0.179504,-0.047718,0.233421,1.000000,
0.954472,-0.179504,-0.047718,0.233421,0.793664,-0.168831,-0.139474,0.567574,0.955513,-0.173877,-0.049093,0.233136,0.954472,-0.179504,-0.047718,0.233421,1.000000,
0.954472,-0.179504,-0.047718,0.233421,0.793664,-0.168831,-0.139474,0.567574,0.953726,-0.183423,-0.046759,0.233615,0.954472,-0.179504,-0.047718,0.233421,1.000000,
0.954472,-0.179504,-0.047718,0.233421,0.793664,-0.168831,-0.139474,0.567574,0.955513,-0.173877,-0.049093,0.233136,0.954472,-0.179504,-0.047718,0.233421,1.000000,
0.954472,-0.179504,-0.047718,0.233421,0.793664,-0.168831,-0.139474,0.567574,0.953726,-0.183423,-0.046759,0.233615,0.954472,-0.179504,-0.047718,0.233421,1.000000,
0.954472,-0.179504,-0.047718,0.233421,0.793664,-0.168831,-0.139474,0.567574,0.955513,-0.173877,-0.049093,0.233136,0.954472,-0.179504,-0.047718,0.233421,1.000000,
0.954472,-0.179504,-0.047718,0.233421,0.793664,-0.168831,-0.139474,0.567574,0.953726,-0.183423,-0.046759,0.233615,0.954472,-0.179504,-0.047718,0.233421,1.000000,
0.954472,-0.179504,-0.047718,0.233421,0.793664,-0.168831,-0.139474,0.567574,0.955513,-0.173877,-0.049093,0.233136,0.954472,-0.179504,-0.047718,0.233421,1.000000,
0.954472,-0.179504,-0.047718,0.233421,0.793664,-0.168831,-0.139474,0.567574,0.953726,-0.183423,-0.046759,0.233615,0.954472,-0.179504,-0.047718,0.233421,1.000000,
0.954472,-0.179504,-0.047718,0.233421,0.793664,-0.168831,-0.139474,0.567574,0.955513,-0.173877,-0.049093,0.233136,0.954472,-0.179504,-0.047718,0.233421,1.000000,
0.954472,-0.179504,-0.047718,0.233421,0.793664,-0.168831,-0.139474,0.567574,0.953726,-0.183423,-0.046759,0.233615,0.954472,-0.179504,-0.047718,0.233421,1.000000,
0.954472,-0.179504,-0.047718,0.233421,0.793664,-0.168831,-0.139474,0.567574,0.955513,-0.173877,-0.049093,0.233136,0.954472,-0.179504,-0.047718,0.233421,1.000000,
0.954472,-0.179504,-0.047718,0.233421,0.793664,-0.168831,-0.139474,0.567574,0.953726,-0.183423,-0.046759,0.233615,0.954472,-0.179504,-0.047718,0.233421,1.000000,
0.954472,-0.179504,-0.047718,0.233421,0.793664,-0.168831,-0.139474,0.567574,0.955513,-0.173877,-0.049093,0.233136,0.954472,-0.179504,-0.047718,0.233421,1.000000,
0.954472,-0.179504,-0.047718,0.233421,0.793664,-0.168831,-0.139474,0.567574,0.953726,-0.183424,-0.046759,0.233615,0.954472,-0.179504,-0.047718,0.233421,1.000000,
0.954472,-0.179504,-0.047718,0.233421,0.793664,-0.168831,-0.139474,0.567574,0.955513,-0.173877,-0.049093,0.233136,0.954472,-0.179504,-0.047718,0.233421,1.000000,
0.954472,-0.179504,-0.047718,0.233421,0.793664,-0.168831,-0.139474,0.567574,0.953726,-0.183424,-0.046759,0.233615,0.954472,-0.179504,-0.047718,0.233421,1.000000,
0.954472,-0.179504,-0.047718,0.233421,0.793664,-0.168831,-0.139474,0.567574,0.955513,-0.173877,-0.049092,0.233136,0.954472,-0.179504,-0.047718,0.233421,1.000000,
0.954472,-0.179504,-0.047718,0.233421,0.793664,-0.168831,-0.139474,0.567574,0.953726,-0.183424,-0.046759,0.233615,0.954472,-0.179504,-0.047718,0.233421,1.000000,
0.954472,-0.179504,-0.047718,0.233421,0.793664,-0.168831,-0.139474,0.567574,0.955513,-0.173877,-0.049092,0.233136,0.954472,-0.179504,-0.047718,0.233421,1.000000,
0.954472,-0.179504,-0.047718,0.233421,0.793664,-0.168831,-0.139474,0.567574,0.953726,-0.183424,-0.046759,0.233615,0.954472,-0.179504,-0.047718,0.233421,1.000000,
0.954472,-0.179504,-0.047718,0.233421,0.793664,-0.168831,-0.139474,0.567574,0.955513,-0.173878,-0.049092,0.233136,0.954472,-0.179504,-0.047718,0.233421,1.000000,
0.954472,-0.179504,-0.047718,0.233421,0.793664,-0.168831,-0.139474,0.567574,0.953726,-0.183424,-0.046759,0.233615,0.954472,-0.179504,-0.047718,0.233421,1.000000,
0.954472,-0.179504,-0.047718,0.233421,0.793664,-0.168831,-0.139474,0.567574,0.955513,-0.173878,-0.049092,0.233136,0.954472,-0.179504,-0.047718,0.233421,1.000000,
0.954472,-0.179504,-0.047718,0.233421,0.793664,-0.168831,-0.139474,0.567574,0.953726,-0.183424,-0.046759,0.233615,0.954472,-0.179504,-0.047718,0.233421,1.000000,
0.954472,-0.179504,-0.047718,0.233421,0.793664,-0.168831,-0.139474,0.567574,0.955513,-0.173878,-0.049092,0.233136,0.954472,-0.179504,-0.047718,0.233421,1.000000,
0.954472,-0.179504,-0.047718,0.233421,0.793664,-0.168831,-0.139474,0.567574,0.953726,-0.183424,-0.046759,0.233615,0.954472,-0.179504,-0.047718,0.233421,1.000000,
0.954472,-0.179504,-0.047718,0.233421,0.793664,-0.168831,-0.139474,0.567574,0.955513,-0.173878,-0.049092,0.233136,0.954472,-0.179504,-0.047718,0.233421,1.000000,
0.954472,-0.179504,-0.047718,0.233421,0.793664,-0.168831,-0.139474,0.567574,0.953726,-0.183424,-0.046759,0.233615,0.954472,-0.179504,-0.047718,0.233421,1.000000,
0.954472,-0.179504,-0.047718,0.233421,0.793664,-0.168831,-0.139474,0.567574,0.955513,-0.173878,-0.049092,0.233136,0.954472,-0.179504,-0.047718,0.233421,1.000000,
0.954472,-0.179504,-0.047718,0.233421,0.793664,-0.168831,-0.139474,0.567574,0.953726,-0.183424,-0.046759,0.233615,0.954472,-0.179504,-0.047718,0.233421,1.000000,
0.954472,-0.179504,-0.047718,0.233421,0.793664,-0.168831,-0.139474,0.567574,0.955513,-0.173878,-0.049092,0.233136,0.954472,-0.179504,-0.047718,0.233421,1.000000,
0.954472,-0.179504,-0.047718,0.233421,0.793664,-0.168831,-0.139474,0.567574,0.953726,-0.183424,-0.046759,0.233615,0.954472,-0.179504,-0.047718,0.233421,1.000000,
0.954472,-0.179504,-0.047718,0.233421,0.793664,-0.168831,-0.139474,0.567574,0.955513,-0.173878,-0.049092,0.233136,0.954472,-0.179504,-0.047718,0.233421,1.000000,
0.954472,-0.179504,-0.047718,0.233421,0.793664,-0.168831,-0.139474,0.567574,0.953726,-0.183424,-0.046759,0.233615,0.954472,-0.179504,-0.047718,0.233421,1.000000,
0.954472,-0.179504,-0.047718,0.233421,0.793664,-0.168831,-0.139474,0.567574,0.955513,-0.173878,-0.049092,0.233136,0.954472,-0.179504,-0.047718,0.233421,1.000000,
0.954472,-0.179504,-0.047718,0.233421,0.793664,-0.168831,-0.139474,0.567574,0.953726,-0.183424,-0.046759,0.233615,0.954472,-0.179504,-0.047718,0.233421,1.000000,
0.954472,-0.179504,-0.047718,0.233421,0.793664,-0.168831,-0.139474,0.567574,0.955512,-0.173878,-0.049092,0.233136,0.954472,-0.179504,-0.047718,0.233421,1.000000,
0.954472,-0.179504,-0.047718,0.233421,0.793664,-0.168831,-0.139474,0.567574,0.953726,-0.183425,-0.046758,0.233615,0.954472,-0.179504,-0.047718,0.233421,1.000000,
0.954472,-0.179504,-0.047718,0.233421,0.793664,-0.168831,-0.139474,0.567574,0.955512,-0.173878,-0.049092,0.233136,0.954472,-0.179504,-0.047718,0.233421,1.000000,
0.954472,-0.179504,-0.047718,0.233421,0.793664,-0.168831,-0.139474,0.567574,0.953726,-0.183425,-0.046758,0.233615,0.954472,-0.179504,-0.047718,0.233421,1.000000,
0.954472,-0.179504,-0.047718,0.233421,0.793664,-0.168831,-0.139474,0.567574,0.955512,-0.173878,-0.049092,0.233136,0.954472,-0.179504,-0.047718,0.233421,1.000000,
0.954472,-0.179504,-0.047718,0.233421,0.793664,-0.168831,-0.139474,0.567574,0.953726,-0.183425,-0.046758,0.233615,0.954472,-0.179504,-0.047718,0.233421,1.000000,
0.954472,-0.179504,-0.047718,0.233421,0.793664,-0.168831,-0.139474,0.567574,0.955512,-0.173878,-0.049092,0.233136,0.954472,-0.179504,-0.047718,0.233421,1.000000,
0.954472,-0.179504,-0.047718,0.233421,0.793664,-0.168831,-0.139474,0.567574,0.953726,-0.183425,-0.046758,0.233615,0.954472,-0.179504,-0.047718,0.233421,1.000000,
0.954472,-0.179504,-0.047718,0.233421,0.793664,-0.168831,-0.139474,0.567574,0.955512,-0.173879,-0.049092,0.233136,0.954472,-0.179504,-0.047718,0.233421,1.000000,
0.954472,-0.179504,-0.047718,0.233421,0.793664,-0.168831,-0.139474,0.567574,0.953726,-0.183425,-0.046758,0.233615,0.954472,-0.179504,-0.047718,0.233421,1.000000,
0.954472,-0.179504,-0.047718,0.233421,0.793664,-0.168831,-0.139474,0.567574,0.955512,-0.173879,-0.049092,0.233136,0.954472,-0.179504,-0.047718,0.233421,1.000000,
0.954472,-0.179504,-0.047718,0.233421,0.793664,-0.168831,-0.139474,0.567574,0.953726,-0.183425,-0.046758,0.233615,0.954472,-0.179504,-0.047718,0.233421,1.000000,
0.954472,-0.179504,-0.047718,0.233421,0.793664,-0.168831,-0.139474,0.567574,0.955512,-0.173879,-0.049092,0.233136,0.954472,-0.179504,-0.047718,0.233421,1.000000,
0.954472,-0.179504,-0.047718,0.233421,0.793664,-0.168831,-0.139474,0.567574,0.953726,-0.183425,-0.046758,0.233615,0.954472,-0.179504,-0.047718,0.233421,1.000000,
0.954472,-0.179504,-0.047718,0.233421,0.793664,-0.168831,-0.139474,0.567574,0.955512,-0.173879,-0.049092,0.233136,0.954472,-0.179504,-0.047718,0.233421,1.000000,
0.954472,-0.179504,-0.047718,0.233421,0.793664,-0.168831,-0.139474,0.567574,0.953726,-0.183425,-0.046758,0.233615,0.954472,-0.179504,-0.047718,0.233421,1.000000,
0.954472,-0.179504,-0.047718,0.233421,0.793664,-0.168831,-0.139474,0.567574,0.955512,-0.173879,-0.049092,0.233136,0.954472,-0.179504,-0.047718,0.233421,1.000000,
0.954472,-0.179504,-0.047718,0.233421,0.793664,-0.168831,-0.139474,0.567574,0.953726,-0.183425,-0.046758,0.233615,0.954472,-0.179504,-0.047718,0.233421,1.000000,
0.954472,-0.179504,-0.047718,0.233421,0.793664,-0.168831,-0.139474,0.567574,0.955512,-0.173879,-0.049092,0.233136,0.954472,-0.179504,-0.047718,0.233421,1.000000,
0.954472,-0.179504,-0.047718,0.233421,0.793664,-0.168831,-0.139474,0.567574,0.953726,-0.183425,-0.046758,0.233615,0.954472,-0.179504,-0.047718,0.233421,1.000000,
0.954472,-0.179504,-0.047718,0.233421,0.793664,-0.168831,-0.139474,0.567574,0.955512,-0.173879,-0.049092,0.233136,0.954472,-0.179504,-0.047718,0.233421,1.000000,
0.954472,-0.179504,-0.047718,0.233421,0.793664,-0.168831,-0.139474,0.567574,0.953726,-0.183425,-0.046758,0.233615,0.954472,-0.179504,-0.047718,0.233421,1.000000,
0.954472,-0.179504,-0.047718,0.233421,0.793664,-0.168831,-0.139474,0.567574,0.955512,-0.173879,-0.049092,0.233136,0.954472,-0.179504,-0.047718,0.233421,1.000000,
0.954472,-0.179504,-0.047718,0.233421,0.793664,-0.168831,-0.139474,0.567574,0.953726,-0.183425,-0.046758,0.233615,0.954472,-0.179504,-0.047718,0.233421,1.000000,
0.954472,-0.179504,-0.047718,0.233421,0.793664,-0.168831,-0.139474,0.567574,0.955512,-0.173879,-0.049092,0.233136,0.954472,-0.179504,-0.047718,0.233421,1.000000,
0.954472,-0.179504,-0.047718,0.233421,0.793664,-0.168831,-0.139474,0.567574,0.953726,-0.183426,-0.046758,0.233615,0.954472,-0.179504,-0.047718,0.233421,1.000000,
0.954472,-0.179504,-0.047718,0.233421,0.793664,-0.168831,-0.139474,0.567574,0.955512,-0.173879,-0.049092,0.233136,0.954472,-0.179504,-0.047718,0.233421,1.000000,
0.954472,-0.179504,-0.047718,0.233421,0.793664,-0.168831,-0.139474,0.567574,0.953726,-0.183426,-0.046758,0.233615,0.954472,-0.179504,-0.047718,0.233421,1.000000,
0.954472,-0.179504,-0.047718,0.233421,0.793664,-0.168831,-0.139474,0.567574,0.955512,-0.173879,-0.049092,0.233136,0.954472,-0.179504,-0.047718,0.233421,1.000000,
0.954472,-0.179504,-0.047718,0.233421,0.793664,-0.168831,-0.139474,0.567574,0.953726,-0.183426,-0.046758,0.233615,0.954472,-0.179504,-0.047718,0.233421,1.000000,
0.954472,-0.179504,-0.047718,0.233421,0.793664,-0.168831,-0.139474,0.567574,0.955512,-0.173879,-0.049092,0.233136,0.954472,-0.179504,-0.047718,0.233421,1.000000,
0.954472,-0.179504,-0.047718,0.233421,0.793664,-0.168831,-0.139474,0.567574,0.953726,-0.183426,-0.046758,0.233615,0.954472,-0.179504,-0.047718,0.233421,1.000000,
0.954472,-0.179504,-0.047718,0.233421,0.793664,-0.168831,-0.139474,0.567574,0.955512,-0.173880,-0.049092,0.233136,0.954472,-0.179504,-0.047718,0.233421,1.000000,
0.954472,-0.179504,-0.047718,0.233421,0.793664,-0.168831,-0.139474,0.567574,0.953726,-0.183426,-0.046758,0.233615,0.954472,-0.179504,-0.047718,0.233421,1.000000,
0.954472,-0.179504,-0.047718,0.233421,0.793664,-0.168831,-0.139474,0.567574,0.955512,-0.173880,-0.049092,0.233136,0.954472,-0.179504,-0.047718,0.233421,1.000000,
0.954472,-0.179504,-0.047718,0.233421,0.793664,-0.168831,-0.139474,0.567574,0.953726,-0.183426,-0.046758,0.233615,0.954472,-0.179504,-0.047718,0.233421,1.000000,
0.954472,-0.179504,-0.047718,0.233421,0.793664,-0.168831,-0.139474,0.567574,0.955512,-0.173880,-0.049092,0.233136,0.954472,-0.179504,-0.047718,0.233421,1.000000,
0.954472,-0.179504,-0.047718,0.233421,0.793664,-0.168831,-0.139474,0.567574,0.953726,-0.183426,-0.046758,0.233615,0.954472,-0.179504,-0.047718,0.233421,1.000000,
0.954472,-0.179504,-0.047718,0.233421,0.793664,-0.168831,-0.139474,0.567574,0.955512,-0.173880,-0.049092,0.233136,0.954472,-0.179504,-0.047718,0.233421,1.000000,
0.954472,-0.179504,-0.047718,0.233421,0.793664,-0.168831,-0.139474,0.567574,0.953726,-0.183426,-0.046758,0.233615,0.954472,-0.179504,-0.047718,0.233421,1.000000,
0.954472,-0.179504,-0.047718,0.233421,0.793664,-0.168831,-0.139474,0.567574,0.955512,-0.173880,-0.049092,0.233136,0.954472,-0.179504,-0.047718,0.233421,1.000000,
0.954472,-0.179504,-0.047718,0.233421,0.793664,-0.168831,-0.139474,0.567574,0.953726,-0.183426,-0.046758,0.233615,0.954472,-0.179504,-0.047718,0.233421,1.000000,
0.954472,-0.179504,-0.047718,0.233421,0.793664,-0.168831,-0.139474,0.567574,0.955512,-0.173880,-0.049092,0.233136,0.954472,-0.179504,-0.047718,0.233421,1.000000,
0.954472,-0.179504,-0.047718,0.233421,0.793664,-0.168831,-0.139474,0.567574,0.953726,-0.183426,-0.046758,0.233615,0.954472,-0.179504,-0.047718,0.233421,1.000000,
0.954472,-0.179504,-0.047718,0.233421,0.793664,-0.168831,-0.139474,0.567574,0.955512,-0.173880,-0.049092,0.233136,0.954472,-0.179504,-0.047718,0.233421,1.000000,
0.954472,-0.179504,-0.047718,0.233421,0.793664,-0.168831,-0.139474,0.567574,0.953726,-0.183426,-0.046758,0.233615,0.954472,-0.179504,-0.047718,0.233421,1.000000,
0.954472,-0.179504,-0.047718,0.233421,0.793664,-0.168831,-0.139474,0.567574,0.955512,-0.173880,-0.049092,0.233136,0.954472,-0.179504,-0.047718,0.233421,1.000000,
0.954472,-0.179504,-0.047718,0.233421,0.793664,-0.168831,-0.139474,0.567574,0.953726,-0.183427,-0.046758,0.233615,0.954472,-0.179504,-0.047718,0.233421,1.000000,
0.954472,-0.179504,-0.047718,0.233421,0.793664,-0.168831,-0.139474,0.567574,0.955512,-0.173880,-0.049092,0.233136,0.954472,-0.179504,-0.047718,0.233421,1.000000,
0.954472,-0.179504,-0.047718,0.233421,0.793664,-0.168831,-0.139474,0.567574,0.953726,-0.183427,-0.046758,0.233615,0.954472,-0.179504,-0.047718,0.233421,1.000000,
0.954472,-0.179504,-0.047718,0.233421,0.793664,-0.168831,-0.139474,0.567574,0.955512,-0.173880,-0.049092,0.233136,0.954472,-0.179504,-0.047718,0.233421,1.000000,
0.954472,-0.179504,-0.047718,0.233421,0.793664,-0.168831,-0.139474,0.567574,0.953726,-0.183427,-0.046758,0.233615,0.954472,-0.179504,-0.047718,0.233421,1.000000,
0.954472,-0.179504,-0.047718,0.233421,0.793664,-0.168831,-0.139474,0.567574,0.955512,-0.173880,-0.049092,0.233136,0.954472,-0.179504,-0.047718,0.233421,1.000000,
0.954472,-0.179504,-0.047718,0.233421,0.793664,-0.168831,-0.139474,0.567574,0.953726,-0.183427,-0.046758,0.233615,0.954472,-0.179504,-0.047718,0.233421,1.000000,
0.954472,-0.179504,-0.047718,0.233421,0.793664,-0.168831,-0.139474,0.567574,0.955512,-0.173881,-0.049092,0.233136,0.954472,-0.179504,-0.047718,0.233421,1.000000,
0.954472,-0.179504,-0.047718,0.233421,0.793664,-0.168831,-0.139474,0.567574,0.953726,-0.183427,-0.046758,0.233615,0.954472,-0.179504,-0.047718,0.233421,1.000000,
0.954472,-0.179504,-0.047718,0.233421,0.793664,-0.168831,-0.139474,0.567574,0.955512,-0.173881,-0.049092,0.233136,0.954472,-0.179504,-0.047718,0.233421,1.000000,
0.954472,-0.179504,-0.047718,0.233421,0.793664,-0.168831,-0.139474,0.567574,0.953725,-0.183427,-0.046758,0.233615,0.954472,-0.179504,-0.047718,0.233421,1.000000,
0.954472,-0.179504,-0.047718,0.233421,0.793664,-0.168831,-0.139474,0.567574,0.955512,-0.173881,-0.049092,0.233136,0.954472,-0.179504,-0.047718,0.233421,1.000000,
0.954472,-0.179504,-0.047718,0.233421,0.793664,-0.168831,-0.139474,0.567574,0.953725,-0.183427,-0.046758,0.233615,0.954472,-0.179504,-0.047718,0.233421,1.000000,
0.954472,-0.179504,-0.047718,0.233421,0.793664,-0.168831,-0.139474,0.567574,0.955512,-0.173881,-0.049092,0.233136,0.954472,-0.179504,-0.047718,0.233421,1.000000,
0.954472,-0.179504,-0.047718,0.233421,0.793664,-0.168831,-0.139474,0.567574,0.953725,-0.183427,-0.046758,0.233615,0.954472,-0.179504,-0.047718,0.233421,1.000000,
0.954472,-0.179504,-0.047718,0.233421,0.793664,-0.168831,-0.139474,0.567574,0.955512,-0.173881,-0.049092,0.233136,0.954472,-0.179504,-0.047718,0.233421,1.000000,
0.954472,-0.179504,-0.047718,0.233421,0.793664,-0.168831,-0.139474,0.567574,0.953725,-0.183427,-0.046758,0.233615,0.954472,-0.179504,-0.047718,0.233421,1.000000,
0.954472,-0.179504,-0.047718,0.233421,0.793664,-0.168831,-0.139474,0.567574,0.955512,-0.173881,-0.049092,0.233136,0.954472,-0.179504,-0.047718,0.233421,1.000000,
0.954472,-0.179504,-0.047718,0.233421,0.793664,-0.168831,-0.139474,0.567574,0.953725,-0.183427,-0.046758,0.233615,0.954472,-0.179504,-0.047718,0.233421,1.000000,
0.954472,-0.179504,-0.047718,0.233421,0.793664,-0.168831,-0.139474,0.567574,0.955512,-0.173881,-0.049092,0.233136,0.954472,-0.179504,-0.047718,0.233421,1.000000,
0.954472,-0.179504,-0.047718,0.233421,0.793664,-0.168831,-0.139474,0.567574,0.953725,-0.183427,-0.046758,0.233615,0.954472,-0.179504,-0.047718,0.233421,1.000000,
0.954472,-0.179504,-0.047718,0.233421,0.793664,-0.168831,-0.139474,0.567574,0.955512,-0.173881,-0.049092,0.233136,0.954472,-0.179504,-0.047718,0.233421,1.000000,
0.954472,-0.179504,-0.047718,0.233421,0.793664,-0.168831,-0.139474,0.567574,0.953725,-0.183427,-0.046758,0.233615,0.954472,-0.179504,-0.047718,0.233421,1.000000,
0.954472,-0.179504,-0.047718,0.233421,0.793664,-0.168831,-0.139474,0.567574,0.955512,-0.173881,-0.049092,0.233136,0.954472,-0.179504,-0.047718,0.233421,1.000000,
0.954472,-0.179504,-0.047718,0.233421,0.793664,-0.168831,-0.139474,0.567574,0.953725,-0.183428,-0.046758,0.233615,0.954472,-0.179504,-0.047718,0.233421,1.000000,
0.954472,-0.179504,-0.047718,0.233421,0.793664,-0.168831,-0.139474,0.567574,0.955512,-0.173881,-0.049092,0.233136,0.954472,-0.179504,-0.047718,0.233421,1.000000,
0.954472,-0.179504,-0.047718,0.233421,0.793664,-0.168831,-0.139474,0.567574,0.953725,-0.183428,-0.046758,0.233615,0.954472,-0.179504,-0.047718,0.233421,1.000000,
0.954472,-0.179504,-0.047718,0.233421,0.793664,-0.168831,-0.139474,0.567574,0.955512,-0.173881,-0.049092,0.233136,0.954472,-0.179504,-0.047718,0.233421,1.000000,
0.954472,-0.179504,-0.047718,0.233421,0.793664,-0.168831,-0.139474,0.567574,0.953725,-0.183428,-0.046758,0.233615,0.954472,-0.179504,-0.047718,0.233421,1.000000,
0.954472,-0.179504,-0.047718,0.233421,0.793664,-0.168831,-0.139474,0.567574,0.955512,-0.173881,-0.049091,0.233136,0.954472,-0.179504,-0.047718,0.233421,1.000000,
0.954472,-0.179504,-0.047718,0.233421,0.793664,-0.168831,-0.139474,0.567574,0.953725,-0.183428,-0.046758,0.233615,0.954472,-0.179504,-0.047718,0.233421,1.000000,
0.954472,-0.179504,-0.047718,0.233421,0.793664,-0.168831,-0.139474,0.567574,0.955512,-0.173882,-0.049091,0.233136,0.954472,-0.179504,-0.047718,0.233421,1.000000,
0.954472,-0.179504,-0.047718,0.233421,0.793664,-0.168831,-0.139474,0.567574,0.953725,-0.183428,-0.046758,0.233615,0.954472,-0.179504,-0.047718,0.233421,1.000000,
0.954472,-0.179504,-0.047718,0.233421,0.793664,-0.168831,-0.139474,0.567574,0.955512,-0.173882,-0.049091,0.233136,0.954472,-0.179504,-0.047718,0.233421,1.000000,
0.954472,-0.179504,-0.047718,0.233421,0.793664,-0.168831,-0.139474,0.567574,0.953725,-0.183428,-0.046758,0.233615,0.954472,-0.179504,-0.047718,0.233421,1.000000,
0.954472,-0.179504,-0.047718,0.233421,0.793664,-0.168831,-0.139474,0.567574,0.955512,-0.173882,-0.049091,0.233136,0.954472,-0.179504,-0.047718,0.233421,1.000000,
0.954472,-0.179504,-0.047718,0.233421,0.793664,-0.168831,-0.139474,0.567574,0.953725,-0.183428,-0.046758,0.233615,0.954472,-0.179504,-0.047718,0.233421,1.000000,
0.954472,-0.179504,-0.047718,0.233421,0.793664,-0.168831,-0.139474,0.567574,0.955512,-0.173882,-0.049091,0.233136,0.954472,-0.179504,-0.047718,0.233421,1.000000,
0.954472,-0.179504,-0.047718,0.233421,0.793664,-0.168831,-0.139474,0.567574,0.953725,-0.183428,-0.046758,0.233615,0.954472,-0.179504,-0.047718,0.233421,1.000000,
0.954472,-0.179504,-0.047718,0.233421,0.793664,-0.168831,-0.139474,0.567574,0.955512,-0.173882,-0.049091,0.233136,0.954472,-0.179504,-0.047718,0.233421,1.000000,
0.954472,-0.179504,-0.047718,0.233421,0.793664,-0.168831,-0.139474,0.567574,0.953725,-0.183428,-0.046758,0.233615,0.954472,-0.179504,-0.047718,0.233421,1.000000,
0.954472,-0.179504,-0.047718,0.233421,0.793664,-0.168831,-0.139474,0.567574,0.955512,-0.173882,-0.049091,0.233136,0.954472,-0.179504,-0.047718,0.233421,1.000000,
0.954472,-0.179504,-0.047718,0.233421,0.793664,-0.168831,-0.139474,0.567574,0.953725,-0.183428,-0.046758,0.233615,0.954472,-0.179504,-0.047718,0.233421,1.000000,
0.954472,-0.179504,-0.047718,0.233421,0.793664,-0.168831,-0.139474,0.567574,0.955512,-0.173882,-0.049091,0.233136,0.954472,-0.179504,-0.047718,0.233421,1.000000,
0.954472,-0.179504,-0.047718,0.233421,0.793664,-0.168831,-0.139474,0.567574,0.953725,-0.183428,-0.046758,0.233615,0.954472,-0.179504,-0.047718,0.233421,1.000000,
0.954472,-0.179504,-0.047718,0.233421,0.793664,-0.168831,-0.139474,0.567574,0.955512,-0.173882,-0.049091,0.233136,0.954472,-0.179504,-0.047718,0.233421,1.000000,
0.954472,-0.179504,-0.047718,0.233421,0.793664,-0.168831,-0.139474,0.567574,0.953725,-0.183428,-0.046758,0.233615,0.954472,-0.179504,-0.047718,0.233421,1.000000,
0.954472,-0.179504,-0.047718,0.233421,0.793664,-0.168831,-0.139474,0.567574,0.955512,-0.173882,-0.049091,0.233136,0.954472,-0.179504,-0.047718,0.233421,1.000000,
0.954472,-0.179504,-0.047718,0.233421,0.793664,-0.168831,-0.139474,0.567574,0.953725,-0.183429,-0.046758,0.233615,0.954472,-0.179504,-0.047718,0.233421,1.000000,
0.954472,-0.179504,-0.047718,0.233421,0.793664,-0.168831,-0.139474,0.567574,0.955512,-0.173882,-0.049091,0.233136,0.954472,-0.179504,-0.047718,0.233421,1.000000,
0.954472,-0.179504,-0.047718,0.233421,0.793664,-0.168831,-0.139474,0.567574,0.953725,-0.183429,-0.046757,0.233615,0.954472,-0.179504,-0.047718,0.233421,1.000000,
0.954472,-0.179504,-0.047718,0.233421,0.793664,-0.168831,-0.139474,0.567574,0.955512,-0.173882,-0.049091,0.233136,0.954472,-0.179504,-0.047718,0.233421,1.000000,
0.954472,-0.179504,-0.047718,0.233421,0.793664,-0.168831,-0.139474,0.567574,0.953725,-0.183429,-0.046757,0.233615,0.954472,-0.179504,-0.047718,0.233421,1.000000,
0.954472,-0.179504,-0.047718,0.233421,0.793664,-0.168831,-0.139474,0.567574,0.955512,-0.173882,-0.049091,0.233136,0.954472,-0.179504,-0.047718,0.233421,1.000000,
0.954472,-0.179504,-0.047718,0.233421,0.793664,-0.168831,-0.139474,0.567574,0.953725,-0.183429,-0.046757,0.233615,0.954472,-0.179504,-0.047718,0.233421,1.000000,
0.954472,-0.179504,-0.047718,0.233421,0.793664,-0.168831,-0.139474,0.567574,0.955512,-0.173883,-0.049091,0.233136,0.954472,-0.179504,-0.047718,0.233421,1.000000,
0.954472,-0.179504,-0.047718,0.233421,0.793664,-0.168831,-0.139474,0.567574,0.953725,-0.183429,-0.046757,0.233615,0.954472,-0.179504,-0.047718,0.233421,1.000000,
0.954472,-0.179504,-0.047718,0.233421,0.793664,-0.168831,-0.139474,0.567574,0.955512,-0.173883,-0.049091,0.233136,0.954472,-0.179504,-0.047718,0.233421,1.000000,
0.954472,-0.179504,-0.047718,0.233421,0.793664,-0.168831,-0.139474,0.567574,0.953725,-0.183429,-0.046757,0.233615,0.954472,-0.179504,-0.047718,0.233421,1.000000,
0.954472,-0.179504,-0.047718,0.233421,0.793664,-0.168831,-0.139474,0.567574,0.955512,-0.173883,-0.049091,0.233136,0.954472,-0.179504,-0.047718,0.233421,1.000000,
0.954472,-0.179504,-0.047718,0.233421,0.793664,-0.168831,-0.139474,0.567574,0.953725,-0.183429,-0.046757,0.233615,0.954472,-0.179504,-0.047718,0.233421,1.000000,
0.954472,-0.179504,-0.047718,0.233421,0.793664,-0.168831,-0.139474,0.567574,0.955512,-0.173883,-0.049091,0.233136,0.954472,-0.179504,-0.047718,0.233421,1.000000,
0.954472,-0.179504,-0.047718,0.233421,0.793664,-0.168831,-0.139474,0.567574,0.953725,-0.183429,-0.046757,0.233615,0.954472,-0.179504,-0.047718,0.233421,1.000000,
0.954472,-0.179504,-0.047718,0.233421,0.793664,-0.168831,-0.139474,0.567574,0.955512,-0.173883,-0.049091,0.233136,0.954472,-0.179504,-0.047718,0.233421,1.000000,
0.954472,-0.179504,-0.047718,0.233421,0.793664,-0.168831,-0.139474,0.567574,0.953725,-0.183429,-0.046757,0.233615,0.954472,-0.179504,-0.047718,0.233421,1.000000,
0.954472,-0.179504,-0.047718,0.233421,0.793664,-0.168831,-0.139474,0.567574,0.955512,-0.173883,-0.049091,0.233136,0.954472,-0.179504,-0.047718,0.233421,1.000000,
0.954472,-0.179504,-0.047718,0.233421,0.793664,-0.168831,-0.139474,0.567574,0.953725,-0.183429,-0.046757,0.233615,0.954472,-0.179504,-0.047718,0.233421,1.000000,
0.954472,-0.179504,-0.047718,0.233421,0.793664,-0.168831,-0.139474,0.567574,0.955512,-0.173883,-0.049091,0.233136,0.954472,-0.179504,-0.047718,0.233421,1.000000,
0.954472,-0.179504,-0.047718,0.233421,0.793664,-0.168831,-0.139474,0.567574,0.953725,-0.183429,-0.046757,0.233615,0.954472,-0.179504,-0.047718,0.233421,1.000000,
0.954472,-0.179504,-0.047718,0.233421,0.793664,-0.168831,-0.139474,0.567574,0.955512,-0.173883,-0.049091,0.233136,0.954472,-0.179504,-0.047718,0.233421,1.000000,
0.954472,-0.179504,-0.047718,0.233421,0.793664,-0.168831,-0.139474,0.567574,0.953725,-0.183429,-0.046757,0.233615,0.954472,-0.179504,-0.047718,0.233421,1.000000,
0.954472,-0.179504,-0.047718,0.233421,0.793664,-0.168831,-0.139474,0.567574,0.955512,-0.173883,-0.049091,0.233136,0.954472,-0.179504,-0.047718,0.233421,1.000000,
0.954472,-0.179504,-0.047718,0.233421,0.793664,-0.168831,-0.139474,0.567574,0.953725,-0.183430,-0.046757,0.233615,0.954472,-0.179504,-0.047718,0.233421,1.000000,
0.954472,-0.179504,-0.047718,0.233421,0.793664,-0.168831,-0.139474,0.567574,0.955512,-0.173883,-0.049091,0.233136,0.954472,-0.179504,-0.047718,0.233421,1.000000,
0.954472,-0.179504,-0.047718,0.233421,0.793664,-0.168831,-0.139474,0.567574,0.953725,-0.183430,-0.046757,0.233615,0.954472,-0.179504,-0.047718,0.233421,1.000000,
0.954472,-0.179504,-0.047718,0.233421,0.793664,-0.168831,-0.139474,0.567574,0.955512,-0.173883,-0.049091,0.233136,0.954472,-0.179504,-0.047718,0.233421,1.000000,
0.954472,-0.179504,-0.047718,0.233421,0.793664,-0.168831,-0.139474,0.567574,0.953725,-0.183430,-0.046757,0.233615,0.954472,-0.179504,-0.047718,0.233421,1.000000,
0.954472,-0.179504,-0.047718,0.233421,0.793664,-0.168831,-0.139474,0.567574,0.955512,-0.173883,-0.049091,0.233136,0.954472,-0.179504,-0.047718,0.233421,1.000000,
0.954472,-0.179504,-0.047718,0.233421,0.793664,-0.168831,-0.139474,0.567574,0.953725,-0.183430,-0.046757,0.233615,0.954472,-0.179504,-0.047718,0.233421,1.000000,
0.954472,-0.179504,-0.047718,0.233421,0.793664,-0.168831,-0.139474,0.567574,0.955512,-0.173884,-0.049091,0.233136,0.954472,-0.179504,-0.047718,0.233421,1.000000,
0.954472,-0.179504,-0.047718,0.233421,0.793664,-0.168831,-0.139474,0.567574,0.953725,-0.183430,-0.046757,0.233615,0.954472,-0.179504,-0.047718,0.233421,1.000000,
0.954472,-0.179504,-0.047718,0.233421,0.793664,-0.168831,-0.139474,0.567574,0.955511,-0.173884,-0.049091,0.233136,0.954472,-0.179504,-0.047718,0.233421,1.000000,
0.954472,-0.179504,-0.047718,0.233421,0.793664,-0.168831,-0.139474,0.567574,0.953725,-0.183430,-0.046757,0.233615,0.954472,-0.179504,-0.047718,0.233421,1.000000,
0.954472,-0.179504,-0.047718,0.233421,0.793664,-0.168831,-0.139474,0.567574,0.955511,-0.173884,-0.049091,0.233136,0.954472,-0.179504,-0.047718,0.233421,1.000000,
0.954472,-0.179504,-0.047718,0.233421,0.793664,-0.168831,-0.139474,0.567574,0.953725,-0.183430,-0.046757,0.233615,0.954472,-0.179504,-0.047718,0.233421,1.000000,
0.954472,-0.179504,-0.047718,0.233421,0.793664,-0.168831,-0.139474,0.567574,0.955511,-0.173884,-0.049091,0.233136,0.954472,-0.179504,-0.047718,0.233421,1.000000,
0.954472,-0.179504,-0.047718,0.233421,0.793664,-0.168831,-0.139474,0.567574,0.953725,-0.183430,-0.046757,0.233615,0.954472,-0.179504,-0.047718,0.233421,1.000000,
0.954472,-0.179504,-0.047718,0.233421,0.793664,-0.168831,-0.139474,0.567574,0.955511,-0.173884,-0.049091,0.233136,0.954472,-0.179504,-0.047718,0.233421,1.000000,
0.954472,-0.179504,-0.047718,0.233421,0.793664,-0.168831,-0.139474,0.567574,0.953725,-0.183430,-0.046757,0.233615,0.954472,-0.179504,-0.047718,0.233421,1.000000,
0.954472,-0.179504,-0.047718,0.233421,0.793664,-0.168831,-0.139474,0.567574,0.955511,-0.173884,-0.049091,0.233136,0.954472,-0.179504,-0.047718,0.233421,1.000000,
0.954472,-0.179504,-0.047718,0.233421,0.793664,-0.168831,-0.139474,0.567574,0.953725,-0.183430,-0.046757,0.233615,0.954472,-0.179504,-0.047718,0.233421,1.000000,
0.954472,-0.179504,-0.047718,0.233421,0.793664,-0.168831,-0.139474,0.567574,0.955511,-0.173884,-0.049091,0.233136,0.954472,-0.179504,-0.047718,0.233421,1.000000,
0.954472,-0.179504,-0.047718,0.233421,0.793664,-0.168831,-0.139474,0.567574,0.953725,-0.183430,-0.046757,0.233615,0.954472,-0.179504,-0.047718,0.233421,1.000000,
0.954472,-0.179504,-0.047718,0.233421,0.793664,-0.168831,-0.139474,0.567574,0.955511,-0.173884,-0.049091,0.233136,0.954472,-0.179504,-0.047718,0.233421,1.000000,
0.954472,-0.179504,-0.047718,0.233421,0.793664,-0.168831,-0.139474,0.567574,0.953725,-0.183430,-0.046757,0.233615,0.954472,-0.179504,-0.047718,0.233421,1.000000,
0.954472,-0.179504,-0.047718,0.233421,0.793664,-0.168831,-0.139474,0.567574,0.955511,-0.173884,-0.049091,0.233136,0.954472,-0.179504,-0.047718,0.233421,1.000000,
0.954472,-0.179504,-0.047718,0.233421,0.793664,-0.168831,-0.139474,0.567574,0.953725,-0.183431,-0.046757,0.233615,0.954472,-0.179504,-0.047718,0.233421,1.000000,
0.954472,-0.179504,-0.047718,0.233421,0.793664,-0.168831,-0.139474,0.567574,0.955511,-0.173884,-0.049091,0.233136,0.954472,-0.179504,-0.047718,0.233421,1.000000,
0.954472,-0.179504,-0.047718,0.233421,0.793664,-0.168831,-0.139474,0.567574,0.953725,-0.183431,-0.046757,0.233615,0.954472,-0.179504,-0.047718,0.233421,1.000000,
0.954472,-0.179504,-0.047718,0.233421,0.793664,-0.168831,-0.139474,0.567574,0.955511,-0.173884,-0.049091,0.233136,0.954472,-0.179504,-0.047718,0.233421,1.000000,
0.954472,-0.179504,-0.047718,0.233421,0.793664,-0.168831,-0.139474,0.567574,0.953725,-0.183431,-0.046757,0.233615,0.954472,-0.179504,-0.047718,0.233421,1.000000,
0.954472,-0.179504,-0.047718,0.233421,0.793664,-0.168831,-0.139474,0.567574,0.955511,-0.173884,-0.049091,0.233136,0.954472,-0.179504,-0.047718,0.233421,1.000000,
0.954472,-0.179504,-0.047718,0.233421,0.793664,-0.168831,-0.139474,0.567574,0.953725,-0.183431,-0.046757,0.233615,0.954472,-0.179504,-0.047718,0.233421,1.000000,
0.954472,-0.179504,-0.047718,0.233421,0.793664,-0.168831,-0.139474,0.567574,0.955511,-0.173885,-0.049091,0.233136,0.954472,-0.179504,-0.047718,0.233421,1.000000,
0.954472,-0.179504,-0.047718,0.233421,0.793664,-0.168831,-0.139474,0.567574,0.953725,-0.183431,-0.046757,0.233615,0.954472,-0.179504,-0.047718,0.233421,1.000000,
0.954472,-0.179504,-0.047718,0.233421,0.793664,-0.168831,-0.139474,0.567574,0.955511,-0.173885,-0.049091,0.233136,0.954472,-0.179504,-0.047718,0.233421,1.000000,
0.954472,-0.179504,-0.047718,0.233421,0.793664,-0.168831,-0.139474,0.567574,0.953725,-0.183431,-0.046757,0.233615,0.954472,-0.179504,-0.047718,0.233421,1.000000,
0.954472,-0.179504,-0.047718,0.233421,0.793664,-0.168831,-0.139474,0.567574,0.955511,-0.173885,-0.049091,0.233136,0.954472,-0.179504,-0.047718,0.233421,1.000000,
0.954472,-0.179504,-0.047718,0.233421,0.793664,-0.168831,-0.139474,0.567574,0.953725,-0.183431,-0.046757,0.233615,0.954472,-0.179504,-0.047718,0.233421,1.000000,
0.954472,-0.179504,-0.047718,0.233421,0.793664,-0.168831,-0.139474,0.567574,0.955511,-0.173885,-0.049091,0.233136,0.954472,-0.179504,-0.047718,0.233421,1.000000,
0.954472,-0.179504,-0.047718,0.233421,0.793664,-0.168831,-0.139474,0.567574,0.953725,-0.183431,-0.046757,0.233615,0.954472,-0.179504,-0.047718,0.233421,1.000000,
0.954472,-0.179504,-0.047718,0.233421,0.793664,-0.168831,-0.139474,0.567574,0.955511,-0.173885,-0.049091,0.233136,0.954472,-0.179504,-0.047718,0.233421,1.000000,
0.954472,-0.179504,-0.047718,0.233421,0.793664,-0.168831,-0.139474,0.567574,0.953725,-0.183431,-0.046757,0.233615,0.954472,-0.179504,-0.047718,0.233421,1.000000,
0.954472,-0.179504,-0.047718,0.233421,0.793664,-0.168831,-0.139474,0.567574,0.955511,-0.173885,-0.049091,0.233136,0.954472,-0.179504,-0.047718,0.233421,1.000000,
0.954472,-0.179504,-0.047718,0.233421,0.793664,-0.168831,-0.139474,0.567574,0.953725,-0.183431,-0.046757,0.233615,0.954472,-0.179504,-0.047718,0.233421,1.000000,
0.954472,-0.179504,-0.047718,0.233421,0.793664,-0.168831,-0.139474,0.567574,0.955511,-0.173885,-0.049091,0.233136,0.954472,-0.179504,-0.047718,0.233421,1.000000,
0.954472,-0.179504,-0.047718,0.233421,0.793664,-0.168831,-0.139474,0.567574,0.953725,-0.183431,-0.046757,0.233615,0.954472,-0.179504,-0.047718,0.233421,1.000000,
0.954472,-0.179504,-0.047718,0.233421,0.793664,-0.168831,-0.139474,0.567574,0.955511,-0.173885,-0.049091,0.233136,0.954472,-0.179504,-0.047718,0.233421,1.000000,
0.954472,-0.179504,-0.047718,0.233421,0.793664,-0.168831,-0.139474,0.567574,0.953725,-0.183432,-0.046757,0.233615,0.954472,-0.179504,-0.047718,0.233421,1.000000,
0.954472,-0.179504,-0.047718,0.233421,0.793664,-0.168831,-0.139474,0.567574,0.955511,-0.173885,-0.049091,0.233136,0.954472,-0.179504,-0.047718,0.233421,1.000000,
0.954472,-0.179504,-0.047718,0.233421,0.793664,-0.168831,-0.139474,0.567574,0.953725,-0.183432,-0.046757,0.233615,0.954472,-0.179504,-0.047718,0.233421,1.000000,
0.954472,-0.179504,-0.047718,0.233421,0.793664,-0.168831,-0.139474,0.567574,0.955511,-0.173885,-0.049091,0.233136,0.954472,-0.179504,-0.047718,0.233421,1.000000,
0.954472,-0.179504,-0.047718,0.233421,0.793664,-0.168831,-0.139474,0.567574,0.953725,-0.183432,-0.046757,0.233615,0.954472,-0.179504,-0.047718,0.233421,1.000000,
0.954472,-0.179504,-0.047718,0.233421,0.793664,-0.168831,-0.139474,0.567574,0.955511,-0.173885,-0.049091,0.233136,0.954472,-0.179504,-0.047718,0.233421,1.000000,
0.954472,-0.179504,-0.047718,0.233421,0.793664,-0.168831,-0.139474,0.567574,0.953725,-0.183432,-0.046757,0.233615,0.954472,-0.179504,-0.047718,0.233421,1.000000,
0.954472,-0.179504,-0.047718,0.233421,0.793664,-0.168831,-0.139474,0.567574,0.955511,-0.173886,-0.049090,0.233136,0.954472,-0.179504,-0.047718,0.233421,1.000000,
0.954472,-0.179504,-0.047718,0.233421,0.793664,-0.168831,-0.139474,0.567574,0.953725,-0.183432,-0.046757,0.233615,0.954472,-0.179504,-0.047718,0.233421,1.000000,
0.954472,-0.179504,-0.047718,0.233421,0.793664,-0.168831,-0.139474,0.567574,0.955511,-0.173886,-0.049090,0.233136,0.954472,-0.179504,-0.047718,0.233421,1.000000,
0.954472,-0.179504,-0.047718,0.233421,0.793664,-0.168831,-0.139474,0.567574,0.953725,-0.183432,-0.046757,0.233615,0.954472,-0.179504,-0.047718,0.233421,1.000000,
0.954472,-0.179504,-0.047718,0.233421,0.793664,-0.168831,-0.139474,0.567574,0.955511,-0.173886,-0.049090,0.233136,0.954472,-0.179504,-0.047718,0.233421,1.000000,
0.954472,-0.179504,-0.047718,0.233421,0.793664,-0.168831,-0.139474,0.567574,0.953725,-0.183432,-0.046757,0.233615,0.954472,-0.179504,-0.047718,0.233421,1.000000,
0.954472,-0.179504,-0.047718,0.233421,0.793664,-0.168831,-0.139474,0.567574,0.955511,-0.173886,-0.049090,0.233136,0.954472,-0.179504,-0.047718,0.233421,1.000000,
0.954472,-0.179504,-0.047718,0.233421,0.793664,-0.168831,-0.139474,0.567574,0.953724,-0.183432,-0.046757,0.233615,0.954472,-0.179504,-0.047718,0.233421,1.000000,
0.954472,-0.179504,-0.047718,0.233421,0.793664,-0.168831,-0.139474,0.567574,0.955511,-0.173886,-0.049090,0.233136,0.954472,-0.179504,-0.047718,0.233421,1.000000,
0.954472,-0.179504,-0.047718,0.233421,0.793664,-0.168831,-0.139474,0.567574,0.953724,-0.183432,-0.046757,0.233615,0.954472,-0.179504,-0.047718,0.233421,1.000000,
0.954472,-0.179504,-0.047718,0.233421,0.793664,-0.168831,-0.139474,0.567574,0.955511,-0.173886,-0.049090,0.233136,0.954472,-0.179504,-0.047718,0.233421,1.000000,
0.954472,-0.179504,-0.047718,0.233421,0.793664,-0.168831,-0.139474,0.567574,0.953724,-0.183432,-0.046757,0.233615,0.954472,-0.179504,-0.047718,0.233421,1.000000,
0.954472,-0.179504,-0.047718,0.233421,0.793664,-0.168831,-0.139474,0.567574,0.955511,-0.173886,-0.049090,0.233136,0.954472,-0.179504,-0.047718,0.233421,1.000000,
0.954472,-0.179504,-0.047718,0.233421,0.793664,-0.168831,-0.139474,0.567574,0.953724,-0.183432,-0.046757,0.233615,0.954472,-0.179504,-0.047718,0.233421,1.000000,
0.954472,-0.179504,-0.047718,0.233421,0.793664,-0.168831,-0.139474,0.567574,0.955511,-0.173886,-0.049090,0.233136,0.954472,-0.179504,-0.047718,0.233421,1.000000,
0.954472,-0.179504,-0.047718,0.233421,0.793664,-0.168831,-0.139474,0.567574,0.953724,-0.183432,-0.046757,0.233615,0.954472,-0.179504,-0.047718,0.233421,1.000000,
0.954472,-0.179504,-0.047718,0.233421,0.793664,-0.168831,-0.139474,0.567574,0.955511,-0.173886,-0.049090,0.233136,0.954472,-0.179504,-0.047718,0.233421,1.000000,
0.954472,-0.179504,-0.047718,0.233421,0.793664,-0.168831,-0.139474,0.567574,0.953724,-0.183433,-0.046757,0.233615,0.954472,-0.179504,-0.047718,0.233421,1.000000,
0.954472,-0.179504,-0.047718,0.233421,0.793664,-0.168831,-0.139474,0.567574,0.955511,-0.173886,-0.049090,0.233136,0.954472,-0.179504,-0.047718,0.233421,1.000000,
0.954472,-0.179504,-0.047718,0.233421,0.793664,-0.168831,-0.139474,0.567574,0.953724,-0.183433,-0.046757,0.233615,0.954472,-0.179504,-0.047718,0.233421,1.000000,
0.954472,-0.179504,-0.047718,0.233421,0.793664,-0.168831,-0.139474,0.567574,0.955511,-0.173886,-0.049090,0.233136,0.954472,-0.179504,-0.047718,0.233421,1.000000,
0.954472,-0.179504,-0.047718,0.233421,0.793664,-0.168831,-0.139474,0.567574,0.953724,-0.183433,-0.046756,0.233615,0.954472,-0.179504,-0.047718,0.233421,1.000000,
0.954472,-0.179504,-0.047718,0.233421,0.793664,-0.168831,-0.139474,0.567574,0.955511,-0.173886,-0.049090,0.233136,0.954472,-0.179504,-0.047718,0.233421,1.000000,
0.954472,-0.179504,-0.047718,0.233421,0.793664,-0.168831,-0.139474,0.567574,0.953724,-0.183433,-0.046756,0.233615,0.954472,-0.179504,-0.047718,0.233421,1.000000,
0.954472,-0.179504,-0.047718,0.233421,0.793664,-0.168831,-0.139474,0.567574,0.955511,-0.173887,-0.049090,0.233136,0.954472,-0.179504,-0.047718,0.233421,1.000000,
0.954472,-0.179504,-0.047718,0.233421,0.793664,-0.168831,-0.139474,0.567574,0.953724,-0.183433,-0.046756,0.233615,0.954472,-0.179504,-0.047718,0.233421,1.000000,
0.954472,-0.179504,-0.047718,0.233421,0.793664,-0.168831,-0.139474,0.567574,0.955511,-0.173887,-0.049090,0.233136,0.954472,-0.179504,-0.047718,0.233421,1.000000,
0.954472,-0.179504,-0.047718,0.233421,0.793664,-0.168831,-0.139474,0.567574,0.953724,-0.183433,-0.046756,0.233615,0.954472,-0.179504,-0.047718,0.233421,1.000000,
0.954472,-0.179504,-0.047718,0.233421,0.793664,-0.168831,-0.139474,0.567574,0.955511,-0.173887,-0.049090,0.233136,0.954472,-0.179504,-0.047718,0.233421,1.000000,
0.954472,-0.179504,-0.047718,0.233421,0.793664,-0.168831,-0.139474,0.567574,0.953724,-0.183433,-0.046756,0.233615,0.954472,-0.179504,-0.047718,0.233421,1.000000,
0.954472,-0.179504,-0.047718,0.233421,0.793664,-0.168831,-0.139474,0.567574,0.955511,-0.173887,-0.049090,0.233136,0.954472,-0.179504,-0.047718,0.233421,1.000000,
0.954472,-0.179504,-0.047718,0.233421,0.793664,-0.168831,-0.139474,0.567574,0.953724,-0.183433,-0.046756,0.233615,0.954472,-0.179504,-0.047718,0.233421,1.000000,
0.954472,-0.179504,-0.047718,0.233421,0.793664,-0.168831,-0.139474,0.567574,0.955511,-0.173887,-0.049090,0.233136,0.954472,-0.179504,-0.047718,0.233421,1.000000,
0.954472,-0.179504,-0.047718,0.233421,0.793664,-0.168831,-0.139474,0.567574,0.953724,-0.183433,-0.046756,0.233615,0.954472,-0.179504,-0.047718,0.233421,1.000000,
0.954472,-0.179504,-0.047718,0.233421,0.793664,-0.168831,-0.139474,0.567574,0.955511,-0.173887,-0.049090,0.233136,0.954472,-0.179504,-0.047718,0.233421,1.000000,
0.954472,-0.179504,-0.047718,0.233421,0.793664,-0.168831,-0.139474,0.567574,0.953724,-0.183433,-0.046756,0.233615,0.954472,-0.179504,-0.047718,0.233421,1.000000,
0.954472,-0.179504,-0.047718,0.233421,0.793664,-0.168831,-0.139474,0.567574,0.955511,-0.173887,-0.049090,0.233136,0.954472,-0.179504,-0.047718,0.233421,1.000000,
0.954472,-0.179504,-0.047718,0.233421,0.793664,-0.168831,-0.139474,0.567574,0.953724,-0.183433,-0.046756,0.233615,0.954472,-0.179504,-0.047718,0.233421,1.000000,
0.954472,-0.179504,-0.047718,0.233421,0.793664,-0.168831,-0.139474,0.567574,0.955511,-0.173887,-0.049090,0.233136,0.954472,-0.179504,-0.047718,0.233421,1.000000,
0.954472,-0.179504,-0.047718,0.233421,0.793664,-0.168831,-0.139474,0.567574,0.953724,-0.183433,-0.046756,0.233615,0.954472,-0.179504,-0.047718,0.233421,1.000000,
0.954472,-0.179504,-0.047718,0.233421,0.793664,-0.168831,-0.139474,0.567574,0.955511,-0.173887,-0.049090,0.233136,0.954472,-0.179504,-0.047718,0.233421,1.000000,
0.954472,-0.179504,-0.047718,0.233421,0.793664,-0.168831,-0.139474,0.567574,0.953724,-0.183434,-0.046756,0.233615,0.954472,-0.179504,-0.047718,0.233421,1.000000,
0.954472,-0.179504,-0.047718,0.233421,0.793664,-0.168831,-0.139474,0.567574,0.955511,-0.173887,-0.049090,0.233136,0.954472,-0.179504,-0.047718,0.233421,1.000000,
0.954472,-0.179504,-0.047718,0.233421,0.793664,-0.168831,-0.139474,0.567574,0.953724,-0.183434,-0.046756,0.233615,0.954472,-0.179504,-0.047718,0.233421,1.000000,
0.954472,-0.179504,-0.047718,0.233421,0.793664,-0.168831,-0.139474,0.567574,0.955511,-0.173887,-0.049090,0.233136,0.954472,-0.179504,-0.047718,0.233421,1.000000,
0.954472,-0.179504,-0.047718,0.233421,0.793664,-0.168831,-0.139474,0.567574,0.953724,-0.183434,-0.046756,0.233615,0.954472,-0.179504,-0.047718,0.233421,1.000000,
0.954472,-0.179504,-0.047718,0.233421,0.793664,-0.168831,-0.139474,0.567574,0.955511,-0.173887,-0.049090,0.233136,0.954472,-0.179504,-0.047718,0.233421,1.000000,
0.954472,-0.179504,-0.047718,0.233421,0.793664,-0.168831,-0.139474,0.567574,0.953724,-0.183434,-0.046756,0.233615,0.954472,-0.179504,-0.047718,0.233421,1.000000,
0.954472,-0.179504,-0.047718,0.233421,0.793664,-0.168831,-0.139474,0.567574,0.955511,-0.173888,-0.049090,0.233136,0.954472,-0.179504,-0.047718,0.233421,1.000000,
0.954472,-0.179504,-0.047718,0.233421,0.793664,-0.168831,-0.139474,0.567574,0.953724,-0.183434,-0.046756,0.233615,0.954472,-0.179504,-0.047718,0.233421,1.000000,
0.954472,-0.179504,-0.047718,0.233421,0.793664,-0.168831,-0.139474,0.567574,0.955511,-0.173888,-0.049090,0.233136,0.954472,-0.179504,-0.047718,0.233421,1.000000,
0.954472,-0.179504,-0.047718,0.233421,0.793664,-0.168831,-0.139474,0.567574,0.953724,-0.183434,-0.046756,0.233615,0.954472,-0.179504,-0.047718,0.233421,1.000000,
0.954472,-0.179504,-0.047718,0.233421,0.793664,-0.168831,-0.139474,0.567574,0.955511,-0.173888,-0.049090,0.233136,0.954472,-0.179504,-0.047718,0.233421,1.000000,
0.954472,-0.179504,-0.047718,0.233421,0.793664,-0.168831,-0.139474,0.567574,0.953724,-0.183434,-0.046756,0.233615,0.954472,-0.179504,-0.047718,0.233421,1.000000,
0.954472,-0.179504,-0.047718,0.233421,0.793664,-0.168831,-0.139474,0.567574,0.955511,-0.173888,-0.049090,0.233136,0.954472,-0.179504,-0.047718,0.233421,1.000000,
0.954472,-0.179504,-0.047718,0.233421,0.793664,-0.168831,-0.139474,0.567574,0.953724,-0.183434,-0.046756,0.233615,0.954472,-0.179504,-0.047718,0.233421,1.000000,
0.954472,-0.179504,-0.047718,0.233421,0.793664,-0.168831,-0.139474,0.567574,0.955511,-0.173888,-0.049090,0.233136,0.954472,-0.179504,-0.047718,0.233421,1.000000,
0.954472,-0.179504,-0.047718,0.233421,0.793664,-0.168831,-0.139474,0.567574,0.953724,-0.183434,-0.046756,0.233615,0.954472,-0.179504,-0.047718,0.233421,1.000000,
0.954472,-0.179504,-0.047718,0.233421,0.793664,-0.168831,-0.139474,0.567574,0.955511,-0.173888,-0.049090,0.233136,0.954472,-0.179504,-0.047718,0.233421,1.000000,
0.954472,-0.179504,-0.047718,0.233421,0.793664,-0.168831,-0.139474,0.567574,0.953724,-0.183434,-0.046756,0.233615,0.954472,-0.179504,-0.047718,0.233421,1.000000,
0.954472,-0.179504,-0.047718,0.233421,0.793664,-0.168831,-0.139474,0.567574,0.955511,-0.173888,-0.049090,0.233136,0.954472,-0.179504,-0.047718,0.233421,1.000000,
0.954472,-0.179504,-0.047718,0.233421,0.793664,-0.168831,-0.139474,0.567574,0.953724,-0.183434,-0.046756,0.233615,0.954472,-0.179504,-0.047718,0.233421,1.000000,
0.954472,-0.179504,-0.047718,0.233421,0.793664,-0.168831,-0.139474,0.567574,0.955511,-0.173888,-0.049090,0.233136,0.954472,-0.179504,-0.047718,0.233421,1.000000,
0.954472,-0.179504,-0.047718,0.233421,0.793664,-0.168831,-0.139474,0.567574,0.953724,-0.183434,-0.046756,0.233615,0.954472,-0.179504,-0.047718,0.233421,1.000000,
0.954472,-0.179504,-0.047718,0.233421,0.793664,-0.168831,-0.139474,0.567574,0.955511,-0.173888,-0.049090,0.233136,0.954472,-0.179504,-0.047718,0.233421,1.000000,
0.954472,-0.179504,-0.047718,0.233421,0.793664,-0.168831,-0.139474,0.567574,0.953724,-0.183435,-0.046756,0.233615,0.954472,-0.179504,-0.047718,0.233421,1.000000,
0.954472,-0.179504,-0.047718,0.233421,0.793664,-0.168831,-0.139474,0.567574,0.955511,-0.173888,-0.049090,0.233136,0.954472,-0.179504,-0.047718,0.233421,1.000000,
0.954472,-0.179504,-0.047718,0.233421,0.793664,-0.168831,-0.139474,0.567574,0.953724,-0.183435,-0.046756,0.233615,0.954472,-0.179504,-0.047718,0.233421,1.000000,
0.954472,-0.179504,-0.047718,0.233421,0.793664,-0.168831,-0.139474,0.567574,0.955511,-0.173888,-0.049090,0.233136,0.954472,-0.179504,-0.047718,0.233421,1.000000,
0.954472,-0.179504,-0.047718,0.233421,0.793664,-0.168831,-0.139474,0.567574,0.953724,-0.183435,-0.046756,0.233615,0.954472,-0.179504,-0.047718,0.233421,1.000000,
0.954472,-0.179504,-0.047718,0.233421,0.793664,-0.168831,-0.139474,0.567574,0.955511,-0.173888,-0.049090,0.233136,0.954472,-0.179504,-0.047718,0.233421,1.000000,
0.954472,-0.179504,-0.047718,0.233421,0.793664,-0.168831,-0.139474,0.567574,0.953724,-0.183435,-0.046756,0.233615,0.954472,-0.179504,-0.047718,0.233421,1.000000,
0.954472,-0.179504,-0.047718,0.233421,0.793664,-0.168831,-0.139474,0.567574,0.955511,-0.173889,-0.049090,0.233136,0.954472,-0.179504,-0.047718,0.233421,1.000000,
0.954472,-0.179504,-0.047718,0.233421,0.793664,-0.168831,-0.139474,0.567574,0.953724,-0.183435,-0.046756,0.233615,0.954472,-0.179504,-0.047718,0.233421,1.000000,
0.954472,-0.179504,-0.047718,0.233421,0.793664,-0.168831,-0.139474,0.567574,0.955511,-0.173889,-0.049090,0.233136,0.954472,-0.179504,-0.047718,0.233421,1.000000,
0.954472,-0.179504,-0.047718,0.233421,0.793664,-0.168831,-0.139474,0.567574,0.953724,-0.183435,-0.046756,0.233615,0.954472,-0.179504,-0.047718,0.233421,1.000000,
0.954472,-0.179504,-0.047718,0.233421,0.793664,-0.168831,-0.139474,0.567574,0.955511,-0.173889,-0.049090,0.233136,0.954472,-0.179504,-0.047718,0.233421,1.000000,
0.954472,-0.179504,-0.047718,0.233421,0.793664,-0.168831,-0.139474,0.567574,0.953724,-0.183435,-0.046756,0.233615,0.954472,-0.179504,-0.047718,0.233421,1.000000,
0.954472,-0.179504,-0.047718,0.233421,0.793664,-0.168831,-0.139474,0.567574,0.955511,-0.173889,-0.049090,0.233136,0.954472,-0.179504,-0.047718,0.233421,1.000000,
0.954472,-0.179504,-0.047718,0.233421,0.793664,-0.168831,-0.139474,0.567574,0.953724,-0.183435,-0.046756,0.233615,0.954472,-0.179504,-0.047718,0.233421,1.000000,
0.954472,-0.179504,-0.047718,0.233421,0.793664,-0.168831,-0.139474,0.567574,0.955511,-0.173889,-0.049090,0.233136,0.954472,-0.179504,-0.047718,0.233421,1.000000,
0.954472,-0.179504,-0.047718,0.233421,0.793664,-0.168831,-0.139474,0.567574,0.953724,-0.183435,-0.046756,0.233615,0.954472,-0.179504,-0.047718,0.233421,1.000000,
0.954472,-0.179504,-0.047718,0.233421,0.793664,-0.168831,-0.139474,0.567574,0.955511,-0.173889,-0.049090,0.233136,0.954472,-0.179504,-0.047718,0.233421,1.000000,
0.954472,-0.179504,-0.047718,0.233421,0.793664,-0.168831,-0.139474,0.567574,0.953724,-0.183435,-0.046756,0.233615,0.954472,-0.179504,-0.047718,0.233421,1.000000,
0.954472,-0.179504,-0.047718,0.233421,0.793664,-0.168831,-0.139474,0.567574,0.955511,-0.173889,-0.049090,0.233136,0.954472,-0.179504,-0.047718,0.233421,1.000000,
0.954472,-0.179504,-0.047718,0.233421,0.793664,-0.168831,-0.139474,0.567574,0.953724,-0.183435,-0.046756,0.233615,0.954472,-0.179504,-0.047718,0.233421,1.000000,
0.954472,-0.179504,-0.047718,0.233421,0.793664,-0.168831,-0.139474,0.567574,0.955510,-0.173889,-0.049090,0.233136,0.954472,-0.179504,-0.047718,0.233421,1.000000,
0.954472,-0.179504,-0.047718,0.233421,0.793664,-0.168831,-0.139474,0.567574,0.953724,-0.183435,-0.046756,0.233615,0.954472,-0.179504,-0.047718,0.233421,1.000000,
0.954472,-0.179504,-0.047718,0.233421,0.793664,-0.168831,-0.139474,0.567574,0.955510,-0.173889,-0.049090,0.233136,0.954472,-0.179504,-0.047718,0.233421,1.000000,
0.954472,-0.179504,-0.047718,0.233421,0.793664,-0.168831,-0.139474,0.567574,0.953724,-0.183436,-0.046756,0.233615,0.954472,-0.179504,-0.047718,0.233421,1.000000,
0.954472,-0.179504,-0.047718,0.233421,0.793664,-0.168831,-0.139474,0.567574,0.955510,-0.173889,-0.049090,0.233136,0.954472,-0.179504,-0.047718,0.233421,1.000000,
0.954472,-0.179504,-0.047718,0.233421,0.793664,-0.168831,-0.139474,0.567574,0.953724,-0.183436,-0.046756,0.233615,0.954472,-0.179504,-0.047718,0.233421,1.000000,
0.954472,-0.179504,-0.047718,0.233421,0.793664,-0.168831,-0.139474,0.567574,0.955510,-0.173889,-0.049090,0.233136,0.954472,-0.179504,-0.047718,0.233421,1.000000,
0.954472,-0.179504,-0.047718,0.233421,0.793664,-0.168831,-0.139474,0.567574,0.953724,-0.183436,-0.046756,0.233615,0.954472,-0.179504,-0.047718,0.233421,1.000000,
0.954472,-0.179504,-0.047718,0.233421,0.793664,-0.168831,-0.139474,0.567574,0.955510,-0.173889,-0.049090,0.233136,0.954472,-0.179504,-0.047718,0.233421,1.000000,
0.954472,-0.179504,-0.047718,0.233421,0.793664,-0.168831,-0.139474,0.567574,0.953724,-0.183436,-0.046756,0.233615,0.954472,-0.179504,-0.047718,0.233421,1.000000,
0.954472,-0.179504,-0.047718,0.233421,0.793664,-0.168831,-0.139474,0.567574,0.955510,-0.173890,-0.049090,0.233136,0.954472,-0.179504,-0.047718,0.233421,1.000000,
0.954472,-0.179504,-0.047718,0.233421,0.793664,-0.168831,-0.139474,0.567574,0.953724,-0.183436,-0.046756,0.233615,0.954472,-0.179504,-0.047718,0.233421,1.000000,
0.954472,-0.179504,-0.047718,0.233421,0.793664,-0.168831,-0.139474,0.567574,0.955510,-0.173890,-0.049089,0.233136,0.954472,-0.179504,-0.047718,0.233421,1.000000,
0.954472,-0.179504,-0.047718,0.233421,0.793664,-0.168831,-0.139474,0.567574,0.953724,-0.183436,-0.046756,0.233615,0.954472,-0.179504,-0.047718,0.233421,1.000000,
0.954472,-0.179504,-0.047718,0.233421,0.793664,-0.168831,-0.139474,0.567574,0.955510,-0.173890,-0.049089,0.233136,0.954472,-0.179504,-0.047718,0.233421,1.000000,
0.954472,-0.179504,-0.047718,0.233421,0.793664,-0.168831,-0.139474,0.567574,0.953724,-0.183436,-0.046756,0.233615,0.954472,-0.179504,-0.047718,0.233421,1.000000,
0.954472,-0.179504,-0.047718,0.233421,0.793664,-0.168831,-0.139474,0.567574,0.955510,-0.173890,-0.049089,0.233136,0.954472,-0.179504,-0.047718,0.233421,1.000000,
0.954472,-0.179504,-0.047718,0.233421,0.793664,-0.168831,-0.139474,0.567574,0.953724,-0.183436,-0.046756,0.233615,0.954472,-0.179504,-0.047718,0.233421,1.000000,
0.954472,-0.179504,-0.047718,0.233421,0.793664,-0.168831,-0.139474,0.567574,0.955510,-0.173890,-0.049089,0.233136,0.954472,-0.179504,-0.047718,0.233421,1.000000,
0.954472,-0.179504,-0.047718,0.233421,0.793664,-0.168831,-0.139474,0.567574,0.953724,-0.183436,-0.046756,0.233615,0.954472,-0.179504,-0.047718,0.233421,1.000000,
0.954472,-0.179504,-0.047718,0.233421,0.793664,-0.168831,-0.139474,0.567574,0.955510,-0.173890,-0.049089,0.233136,0.954472,-0.179504,-0.047718,0.233421,1.000000,
0.954472,-0.179504,-0.047718,0.233421,0.793664,-0.168831,-0.139474,0.567574,0.953724,-0.183436,-0.046756,0.233615,0.954472,-0.179504,-0.047718,0.233421,1.000000,
0.954472,-0.179504,-0.047718,0.233421,0.793664,-0.168831,-0.139474,0.567574,0.955510,-0.173890,-0.049089,0.233136,0.954472,-0.179504,-0.047718,0.233421,1.000000,
0.954472,-0.179504,-0.047718,0.233421,0.793664,-0.168831,-0.139474,0.567574,0.953724,-0.183436,-0.046756,0.233615,0.954472,-0.179504,-0.047718,0.233421,1.000000,
0.954472,-0.179504,-0.047718,0.233421,0.793664,-0.168831,-0.139474,0.567574,0.955510,-0.173890,-0.049089,0.233136,0.954472,-0.179504,-0.047718,0.233421,1.000000,
0.954472,-0.179504,-0.047718,0.233421,0.793664,-0.168831,-0.139474,0.567574,0.953724,-0.183436,-0.046756,0.233615,0.954472,-0.179504,-0.047718,0.233421,1.000000,
0.954472,-0.179504,-0.047718,0.233421,0.793664,-0.168831,-0.139474,0.567574,0.955510,-0.173890,-0.049089,0.233136,0.954472,-0.179504,-0.047718,0.233421,1.000000,
0.954472,-0.179504,-0.047718,0.233421,0.793664,-0.168831,-0.139474,0.567574,0.953724,-0.183437,-0.046756,0.233615,0.954472,-0.179504,-0.047718,0.233421,1.000000,
0.954472,-0.179504,-0.047718,0.233421,0.793664,-0.168831,-0.139474,0.567574,0.955510,-0.173890,-0.049089,0.233136,0.954472,-0.179504,-0.047718,0.233421,1.000000,
0.954472,-0.179504,-0.047718,0.233421,0.793664,-0.168831,-0.139474,0.567574,0.953724,-0.183437,-0.046756,0.233615,0.954472,-0.179504,-0.047718,0.233421,1.000000,
0.954472,-0.179504,-0.047718,0.233421,0.793664,-0.168831,-0.139474,0.567574,0.955510,-0.173890,-0.049089,0.233136,0.954472,-0.179504,-0.047718,0.233421,1.000000,
0.954472,-0.179504,-0.047718,0.233421,0.793664,-0.168831,-0.139474,0.567574,0.953724,-0.183437,-0.046756,0.233615,0.954472,-0.179504,-0.047718,0.233421,1.000000,
0.954472,-0.179504,-0.047718,0.233421,0.793664,-0.168831,-0.139474,0.567574,0.955510,-0.173890,-0.049089,0.233136,0.954472,-0.179504,-0.047718,0.233421,1.000000,
0.954472,-0.179504,-0.047718,0.233421,0.793664,-0.168831,-0.139474,0.567574,0.953724,-0.183437,-0.046755,0.233615,0.954472,-0.179504,-0.047718,0.233421,1.000000,
0.954472,-0.179504,-0.047718,0.233421,0.793664,-0.168831,-0.139474,0.567574,0.955510,-0.173891,-0.049089,0.233136,0.954472,-0.179504,-0.047718,0.233421,1.000000,
0.954472,-0.179504,-0.047718,0.233421,0.793664,-0.168831,-0.139474,0.567574,0.953724,-0.183437,-0.046755,0.233615,0.954472,-0.179504,-0.047718,0.233421,1.000000,
0.954472,-0.179504,-0.047718,0.233421,0.793664,-0.168831,-0.139474,0.567574,0.955510,-0.173891,-0.049089,0.233136,0.954472,-0.179504,-0.047718,0.233421,1.000000,
0.954472,-0.179504,-0.047718,0.233421,0.793664,-0.168831,-0.139474,0.567574,0.953724,-0.183437,-0.046755,0.233615,0.954472,-0.179504,-0.047718,0.233421,1.000000,
0.954472,-0.179504,-0.047718,0.233421,0.793664,-0.168831,-0.139474,0.567574,0.955510,-0.173891,-0.049089,0.233136,0.954472,-0.179504,-0.047718,0.233421,1.000000,
0.954472,-0.179504,-0.047718,0.233421,0.793664,-0.168831,-0.139474,0.567574,0.953724,-0.183437,-0.046755,0.233615,0.954472,-0.179504,-0.047718,0.233421,1.000000,
0.954472,-0.179504,-0.047718,0.233421,0.793664,-0.168831,-0.139474,0.567574,0.955510,-0.173891,-0.049089,0.233136,0.954472,-0.179504,-0.047718,0.233421,1.000000,
0.954472,-0.179504,-0.047718,0.233421,0.793664,-0.168831,-0.139474,0.567574,0.953724,-0.183437,-0.046755,0.233615,0.954472,-0.179504,-0.047718,0.233421,1.000000,
0.954472,-0.179504,-0.047718,0.233421,0.793664,-0.168831,-0.139474,0.567574,0.955510,-0.173891,-0.049089,0.233136,0.954472,-0.179504,-0.047718,0.233421,1.000000,
0.954472,-0.179504,-0.047718,0.233421,0.793664,-0.168831,-0.139474,0.567574,0.953724,-0.183437,-0.046755,0.233615,0.954472,-0.179504,-0.047718,0.233421,1.000000,
0.954472,-0.179504,-0.047718,0.233421,0.793664,-0.168831,-0.139474,0.567574,0.955510,-0.173891,-0.049089,0.233136,0.954472,-0.179504,-0.047718,0.233421,1.000000,
0.954472,-0.179504,-0.047718,0.233421,0.793664,-0.168831,-0.139474,0.567574,0.953723,-0.183437,-0.046755,0.233615,0.954472,-0.179504,-0.047718,0.233421,1.000000,
0.954472,-0.179504,-0.047718,0.233421,0.793664,-0.168831,-0.139474,0.567574,0.955510,-0.173891,-0.049089,0.233136,0.954472,-0.179504,-0.047718,0.233421,1.000000,
0.954472,-0.179504,-0.047718,0.233421,0.793664,-0.168831,-0.139474,0.567574,0.953723,-0.183437,-0.046755,0.233615,0.954472,-0.179504,-0.047718,0.233421,1.000000,
0.954472,-0.179504,-0.047718,0.233421,0.793664,-0.168831,-0.139474,0.567574,0.955510,-0.173891,-0.049089,0.233136,0.954472,-0.179504,-0.047718,0.233421,1.000000,
0.954472,-0.179504,-0.047718,0.233421,0.793664,-0.168831,-0.139474,0.567574,0.953723,-0.183437,-0.046755,0.233615,0.954472,-0.179504,-0.047718,0.233421,1.000000,
0.954472,-0.179504,-0.047718,0.233421,0.793664,-0.168831,-0.139474,0.567574,0.955510,-0.173891,-0.049089,0.233136,0.954472,-0.179504,-0.047718,0.233421,1.000000,
0.954472,-0.179504,-0.047718,0.233421,0.793664,-0.168831,-0.139474,0.567574,0.953723,-0.183438,-0.046755,0.233615,0.954472,-0.179504,-0.047718,0.233421,1.000000,
0.954472,-0.179504,-0.047718,0.233421,0.793664,-0.168831,-0.139474,0.567574,0.955510,-0.173891,-0.049089,0.233136,0.954472,-0.179504,-0.047718,0.233421,1.000000,
0.954472,-0.179504,-0.047718,0.233421,0.793664,-0.168831,-0.139474,0.567574,0.953723,-0.183438,-0.046755,0.233615,0.954472,-0.179504,-0.047718,0.233421,1.000000,
0.954472,-0.179504,-0.047718,0.233421,0.793664,-0.168831,-0.139474,0.567574,0.955510,-0.173891,-0.049089,0.233136,0.954472,-0.179504,-0.047718,0.233421,1.000000,
0.954472,-0.179504,-0.047718,0.233421,0.793664,-0.168831,-0.139474,0.567574,0.953723,-0.183438,-0.046755,0.233616,0.954472,-0.179504,-0.047718,0.233421,1.000000,
0.954472,-0.179504,-0.047718,0.233421,0.793664,-0.168831,-0.139474,0.567574,0.955510,-0.173891,-0.049089,0.233136,0.954472,-0.179504,-0.047718,0.233421,1.000000,
0.954472,-0.179504,-0.047718,0.233421,0.793664,-0.168831,-0.139474,0.567574,0.953723,-0.183438,-0.046755,0.233616,0.954472,-0.179504,-0.047718,0.233421,1.000000,
0.954472,-0.179504,-0.047718,0.233421,0.793664,-0.168831,-0.139474,0.567574,0.955510,-0.173892,-0.049089,0.233136,0.954472,-0.179504,-0.047718,0.233421,1.000000,
0.954472,-0.179504,-0.047718,0.233421,0.793664,-0.168831,-0.139474,0.567574,0.953723,-0.183438,-0.046755,0.233616,0.954472,-0.179504,-0.047718,0.233421,1.000000,
0.954472,-0.179504,-0.047718,0.233421,0.793664,-0.168831,-0.139474,0.567574,0.955510,-0.173892,-0.049089,0.233136,0.954472,-0.179504,-0.047718,0.233421,1.000000,
0.954472,-0.179504,-0.047718,0.233421,0.793664,-0.168831,-0.139474,0.567574,0.953723,-0.183438,-0.046755,0.233616,0.954472,-0.179504,-0.047718,0.233421,1.000000,
0.954472,-0.179504,-0.047718,0.233421,0.793664,-0.168831,-0.139474,0.567574,0.955510,-0.173892,-0.049089,0.233136,0.954472,-0.179504,-0.047718,0.233421,1.000000,
0.954472,-0.179504,-0.047718,0.233421,0.793664,-0.168831,-0.139474,0.567574,0.953723,-0.183438,-0.046755,0.233616,0.954472,-0.179504,-0.047718,0.233421,1.000000,
0.954472,-0.179504,-0.047718,0.233421,0.793664,-0.168831,-0.139474,0.567574,0.955510,-0.173892,-0.049089,0.233136,0.954472,-0.179504,-0.047718,0.233421,1.000000,
0.954472,-0.179504,-0.047718,0.233421,0.793664,-0.168831,-0.139474,0.567574,0.953723,-0.183438,-0.046755,0.233616,0.954472,-0.179504,-0.047718,0.233421,1.000000,
0.954472,-0.179504,-0.047718,0.233421,0.793664,-0.168831,-0.139474,0.567574,0.955510,-0.173892,-0.049089,0.233136,0.954472,-0.179504,-0.047718,0.233421,1.000000,
0.954472,-0.179504,-0.047718,0.233421,0.793664,-0.168831,-0.139474,0.567574,0.953723,-0.183438,-0.046755,0.233616,0.954472,-0.179504,-0.047718,0.233421,1.000000,
0.954472,-0.179504,-0.047718,0.233421,0.793664,-0.168831,-0.139474,0.567574,0.955510,-0.173892,-0.049089,0.233136,0.954472,-0.179504,-0.047718,0.233421,1.000000,
0.954472,-0.179504,-0.047718,0.233421,0.793664,-0.168831,-0.139474,0.567574,0.953723,-0.183438,-0.046755,0.233616,0.954472,-0.179504,-0.047718,0.233421,1.000000,
0.954472,-0.179504,-0.047718,0.233421,0.793664,-0.168831,-0.139474,0.567574,0.955510,-0.173892,-0.049089,0.233136,0.954472,-0.179504,-0.047718,0.233421,1.000000,
0.954472,-0.179504,-0.047718,0.233421,0.793664,-0.168831,-0.139474,0.567574,0.953723,-0.183438,-0.046755,0.233616,0.954472,-0.179504,-0.047718,0.233421,1.000000,
0.954472,-0.179504,-0.047718,0.233421,0.793664,-0.168831,-0.139474,0.567574,0.955510,-0.173892,-0.049089,0.233136,0.954472,-0.179504,-0.047718,0.233421,1.000000,
0.954472,-0.179504,-0.047718,0.233421,0.793664,-0.168831,-0.139474,0.567574,0.953723,-0.183438,-0.046755,0.233616,0.954472,-0.179504,-0.047718,0.233421,1.000000,
0.954472,-0.179504,-0.047718,0.233421,0.793664,-0.168831,-0.139474,0.567574,0.955510,-0.173892,-0.049089,0.233136,0.954472,-0.179504,-0.047718,0.233421,1.000000,
0.954472,-0.179504,-0.047718,0.233421,0.793664,-0.168831,-0.139474,0.567574,0.953723,-0.183439,-0.046755,0.233616,0.954472,-0.179504,-0.047718,0.233421,1.000000,
0.954472,-0.179504,-0.047718,0.233421,0.793664,-0.168831,-0.139474,0.567574,0.955510,-0.173892,-0.049089,0.233136,0.954472,-0.179504,-0.047718,0.233421,1.000000,
0.954472,-0.179504,-0.047718,0.233421,0.793664,-0.168831,-0.139474,0.567574,0.953723,-0.183439,-0.046755,0.233616,0.954472,-0.179504,-0.047718,0.233421,1.000000,
0.954472,-0.179504,-0.047718,0.233421,0.793664,-0.168831,-0.139474,0.567574,0.955510,-0.173892,-0.049089,0.233136,0.954472,-0.179504,-0.047718,0.233421,1.000000,
0.954472,-0.179504,-0.047718,0.233421,0.793664,-0.168831,-0.139474,0.567574,0.953723,-0.183439,-0.046755,0.233616,0.954472,-0.179504,-0.047718,0.233421,1.000000,
0.954472,-0.179504,-0.047718,0.233421,0.793664,-0.168831,-0.139474,0.567574,0.955510,-0.173892,-0.049089,0.233136,0.954472,-0.179504,-0.047718,0.233421,1.000000,
0.954472,-0.179504,-0.047718,0.233421,0.793664,-0.168831,-0.139474,0.567574,0.953723,-0.183439,-0.046755,0.233616,0.954472,-0.179504,-0.047718,0.233421,1.000000,
0.954472,-0.179504,-0.047718,0.233421,0.793664,-0.168831,-0.139474,0.567574,0.955510,-0.173893,-0.049089,0.233136,0.954472,-0.179504,-0.047718,0.233421,1.000000,
0.954472,-0.179504,-0.047718,0.233421,0.793664,-0.168831,-0.139474,0.567574,0.953723,-0.183439,-0.046755,0.233616,0.954472,-0.179504,-0.047718,0.233421,1.000000,
0.954472,-0.179504,-0.047718,0.233421,0.793664,-0.168831,-0.139474,0.567574,0.955510,-0.173893,-0.049089,0.233136,0.954472,-0.179504,-0.047718,0.233421,1.000000,
0.954472,-0.179504,-0.047718,0.233421,0.793664,-0.168831,-0.139474,0.567574,0.953723,-0.183439,-0.046755,0.233616,0.954472,-0.179504,-0.047718,0.233421,1.000000,
0.954472,-0.179504,-0.047718,0.233421,0.793664,-0.168831,-0.139474,0.567574,0.955510,-0.173893,-0.049089,0.233136,0.954472,-0.179504,-0.047718,0.233421,1.000000,
0.954472,-0.179504,-0.047718,0.233421,0.793664,-0.168831,-0.139474,0.567574,0.953723,-0.183439,-0.046755,0.233616,0.954472,-0.179504,-0.047718,0.233421,1.000000,
0.954472,-0.179504,-0.047718,0.233421,0.793664,-0.168831,-0.139474,0.567574,0.955510,-0.173893,-0.049089,0.233136,0.954472,-0.179504,-0.047718,0.233421,1.000000,
0.954472,-0.179504,-0.047718,0.233421,0.793664,-0.168831,-0.139474,0.567574,0.953723,-0.183439,-0.046755,0.233616,0.954472,-0.179504,-0.047718,0.233421,1.000000,
0.954472,-0.179504,-0.047718,0.233421,0.793664,-0.168831,-0.139474,0.567574,0.955510,-0.173893,-0.049089,0.233136,0.954472,-0.179504,-0.047718,0.233421,1.000000,
0.954472,-0.179504,-0.047718,0.233421,0.793664,-0.168831,-0.139474,0.567574,0.953723,-0.183439,-0.046755,0.233616,0.954472,-0.179504,-0.047718,0.233421,1.000000,
0.954472,-0.179504,-0.047718,0.233421,0.793664,-0.168831,-0.139474,0.567574,0.955510,-0.173893,-0.049089,0.233136,0.954472,-0.179504,-0.047718,0.233421,1.000000,
0.954472,-0.179504,-0.047718,0.233421,0.793664,-0.168831,-0.139474,0.567574,0.953723,-0.183439,-0.046755,0.233616,0.954472,-0.179504,-0.047718,0.233421,1.000000,
0.954472,-0.179504,-0.047718,0.233421,0.793664,-0.168831,-0.139474,0.567574,0.955510,-0.173893,-0.049089,0.233136,0.954472,-0.179504,-0.047718,0.233421,1.000000,
0.954472,-0.179504,-0.047718,0.233421,0.793664,-0.168831,-0.139474,0.567574,0.953723,-0.183439,-0.046755,0.233616,0.954472,-0.179504,-0.047718,0.233421,1.000000,
0.954472,-0.179504,-0.047718,0.233421,0.793664,-0.168831,-0.139474,0.567574,0.955510,-0.173893,-0.049089,0.233136,0.954472,-0.179504,-0.047718,0.233421,1.000000,
0.954472,-0.179504,-0.047718,0.233421,0.793664,-0.168831,-0.139474,0.567574,0.953723,-0.183439,-0.046755,0.233616,0.954472,-0.179504,-0.047718,0.233421,1.000000,
0.954472,-0.179504,-0.047718,0.233421,0.793664,-0.168831,-0.139474,0.567574,0.955510,-0.173893,-0.049089,0.233136,0.954472,-0.179504,-0.047718,0.233421,1.000000,
0.954472,-0.179504,-0.047718,0.233421,0.793664,-0.168831,-0.139474,0.567574,0.953723,-0.183440,-0.046755,0.233616,0.954472,-0.179504,-0.047718,0.233421,1.000000,
0.954472,-0.179504,-0.047718,0.233421,0.793664,-0.168831,-0.139474,0.567574,0.955510,-0.173893,-0.049089,0.233136,0.954472,-0.179504,-0.047718,0.233421,1.000000,
0.954472,-0.179504,-0.047718,0.233421,0.793664,-0.168831,-0.139474,0.567574,0.953723,-0.183440,-0.046755,0.233616,0.954472,-0.179504,-0.047718,0.233421,1.000000,
0.954472,-0.179504,-0.047718,0.233421,0.793664,-0.168831,-0.139474,0.567574,0.955510,-0.173893,-0.049089,0.233136,0.954472,-0.179504,-0.047718,0.233421,1.000000,
0.954472,-0.179504,-0.047718,0.233421,0.793664,-0.168831,-0.139474,0.567574,0.953723,-0.183440,-0.046755,0.233616,0.954472,-0.179504,-0.047718,0.233421,1.000000,
0.954472,-0.179504,-0.047718,0.233421,0.793664,-0.168831,-0.139474,0.567574,0.955510,-0.173893,-0.049089,0.233136,0.954472,-0.179504,-0.047718,0.233421,1.000000,
0.954472,-0.179504,-0.047718,0.233421,0.793664,-0.168831,-0.139474,0.567574,0.953723,-0.183440,-0.046755,0.233616,0.954472,-0.179504,-0.047718,0.233421,1.000000,
0.954472,-0.179504,-0.047718,0.233421,0.793664,-0.168831,-0.139474,0.567574,0.955510,-0.173894,-0.049089,0.233136,0.954472,-0.179504,-0.047718,0.233421,1.000000,
0.954472,-0.179504,-0.047718,0.233421,0.793664,-0.168831,-0.139474,0.567574,0.953723,-0.183440,-0.046755,0.233616,0.954472,-0.179504,-0.047718,0.233421,1.000000,
0.954472,-0.179504,-0.047718,0.233421,0.793664,-0.168831,-0.139474,0.567574,0.955510,-0.173894,-0.049089,0.233136,0.954472,-0.179504,-0.047718,0.233421,1.000000,
0.954472,-0.179504,-0.047718,0.233421,0.793664,-0.168831,-0.139474,0.567574,0.953723,-0.183440,-0.046755,0.233616,0.954472,-0.179504,-0.047718,0.233421,1.000000,
0.954472,-0.179504,-0.047718,0.233421,0.793664,-0.168831,-0.139474,0.567574,0.955510,-0.173894,-0.049088,0.233136,0.954472,-0.179504,-0.047718,0.233421,1.000000,
0.954472,-0.179504,-0.047718,0.233421,0.793664,-0.168831,-0.139474,0.567574,0.953723,-0.183440,-0.046755,0.233616,0.954472,-0.179504,-0.047718,0.233421,1.000000,
0.954472,-0.179504,-0.047718,0.233421,0.793664,-0.168831,-0.139474,0.567574,0.955510,-0.173894,-0.049088,0.233136,0.954472,-0.179504,-0.047718,0.233421,1.000000,
0.954472,-0.179504,-0.047718,0.233421,0.793664,-0.168831,-0.139474,0.567574,0.953723,-0.183440,-0.046755,0.233616,0.954472,-0.179504,-0.047718,0.233421,1.000000,
0.954472,-0.179504,-0.047718,0.233421,0.793664,-0.168831,-0.139474,0.567574,0.955510,-0.173894,-0.049088,0.233136,0.954472,-0.179504,-0.047718,0.233421,1.000000,
0.954472,-0.179504,-0.047718,0.233421,0.793664,-0.168831,-0.139474,0.567574,0.953723,-0.183440,-0.046755,0.233616,0.954472,-0.179504,-0.047718,0.233421,1.000000,
0.954472,-0.179504,-0.047718,0.233421,0.793664,-0.168831,-0.139474,0.567574,0.955510,-0.173894,-0.049088,0.233136,0.954472,-0.179504,-0.047718,0.233421,1.000000,
0.954472,-0.179504,-0.047718,0.233421,0.793664,-0.168831,-0.139474,0.567574,0.953723,-0.183440,-0.046755,0.233616,0.954472,-0.179504,-0.047718,0.233421,1.000000,
0.954472,-0.179504,-0.047718,0.233421,0.793664,-0.168831,-0.139474,0.567574,0.955510,-0.173894,-0.049088,0.233136,0.954472,-0.179504,-0.047718,0.233421,1.000000,
0.954472,-0.179504,-0.047718,0.233421,0.793664,-0.168831,-0.139474,0.567574,0.953723,-0.183440,-0.046755,0.233616,0.954472,-0.179504,-0.047718,0.233421,1.000000,
0.954472,-0.179504,-0.047718,0.233421,0.793664,-0.168831,-0.139474,0.567574,0.955510,-0.173894,-0.049088,0.233136,0.954472,-0.179504,-0.047718,0.233421,1.000000,
0.954472,-0.179504,-0.047718,0.233421,0.793664,-0.168831,-0.139474,0.567574,0.953723,-0.183440,-0.046755,0.233616,0.954472,-0.179504,-0.047718,0.233421,1.000000,
0.954472,-0.179504,-0.047718,0.233421,0.793664,-0.168831,-0.139474,0.567574,0.955510,-0.173894,-0.049088,0.233136,0.954472,-0.179504,-0.047718,0.233421,1.000000,
0.954472,-0.179504,-0.047718,0.233421,0.793664,-0.168831,-0.139474,0.567574,0.953723,-0.183441,-0.046755,0.233616,0.954472,-0.179504,-0.047718,0.233421,1.000000,
0.954472,-0.179504,-0.047718,0.233421,0.793664,-0.168831,-0.139474,0.567574,0.955510,-0.173894,-0.049088,0.233136,0.954472,-0.179504,-0.047718,0.233421,1.000000,
0.954472,-0.179504,-0.047718,0.233421,0.793664,-0.168831,-0.139474,0.567574,0.953723,-0.183441,-0.046755,0.233616,0.954472,-0.179504,-0.047718,0.233421,1.000000,
0.954472,-0.179504,-0.047718,0.233421,0.793664,-0.168831,-0.139474,0.567574,0.955510,-0.173894,-0.049088,0.233136,0.954472,-0.179504,-0.047718,0.233421,1.000000,
0.954472,-0.179504,-0.047718,0.233421,0.793664,-0.168831,-0.139474,0.567574,0.953723,-0.183441,-0.046755,0.233616,0.954472,-0.179504,-0.047718,0.233421,1.000000,
0.954472,-0.179504,-0.047718,0.233421,0.793664,-0.168831,-0.139474,0.567574,0.955510,-0.173894,-0.049088,0.233136,0.954472,-0.179504,-0.047718,0.233421,1.000000,
0.954472,-0.179504,-0.047718,0.233421,0.793664,-0.168831,-0.139474,0.567574,0.953723,-0.183441,-0.046755,0.233616,0.954472,-0.179504,-0.047718,0.233421,1.000000,
0.954472,-0.179504,-0.047718,0.233421,0.793664,-0.168831,-0.139474,0.567574,0.955510,-0.173895,-0.049088,0.233136,0.954472,-0.179504,-0.047718,0.233421,1.000000,
0.954472,-0.179504,-0.047718,0.233421,0.793664,-0.168831,-0.139474,0.567574,0.953723,-0.183441,-0.046754,0.233616,0.954472,-0.179504,-0.047718,0.233421,1.000000,
0.954472,-0.179504,-0.047718,0.233421,0.793664,-0.168831,-0.139474,0.567574,0.955509,-0.173895,-0.049088,0.233136,0.954472,-0.179504,-0.047718,0.233421,1.000000,
0.954472,-0.179504,-0.047718,0.233421,0.793664,-0.168831,-0.139474,0.567574,0.953723,-0.183441,-0.046754,0.233616,0.954472,-0.179504,-0.047718,0.233421,1.000000,
0.954472,-0.179504,-0.047718,0.233421,0.793664,-0.168831,-0.139474,0.567574,0.955509,-0.173895,-0.049088,0.233136,0.954472,-0.179504,-0.047718,0.233421,1.000000,
0.954472,-0.179504,-0.047718,0.233421,0.793664,-0.168831,-0.139474,0.567574,0.953723,-0.183441,-0.046754,0.233616,0.954472,-0.179504,-0.047718,0.233421,1.000000,
0.954472,-0.179504,-0.047718,0.233421,0.793664,-0.168831,-0.139474,0.567574,0.955509,-0.173895,-0.049088,0.233136,0.954472,-0.179504,-0.047718,0.233421,1.000000,
0.954472,-0.179504,-0.047718,0.233421,0.793664,-0.168831,-0.139474,0.567574,0.953723,-0.183441,-0.046754,0.233616,0.954472,-0.179504,-0.047718,0.233421,1.000000,
0.954472,-0.179504,-0.047718,0.233421,0.793664,-0.168831,-0.139474,0.567574,0.955509,-0.173895,-0.049088,0.233136,0.954472,-0.179504,-0.047718,0.233421,1.000000,
0.954472,-0.179504,-0.047718,0.233421,0.793664,-0.168831,-0.139474,0.567574,0.953723,-0.183441,-0.046754,0.233616,0.954472,-0.179504,-0.047718,0.233421,1.000000,
0.954472,-0.179504,-0.047718,0.233421,0.793664,-0.168831,-0.139474,0.567574,0.955509,-0.173895,-0.049088,0.233136,0.954472,-0.179504,-0.047718,0.233421,1.000000,
0.954472,-0.179504,-0.047718,0.233421,0.793664,-0.168831,-0.139474,0.567574,0.953723,-0.183441,-0.046754,0.233616,0.954472,-0.179504,-0.047718,0.233421,1.000000,
0.954472,-0.179504,-0.047718,0.233421,0.793664,-0.168831,-0.139474,0.567574,0.955509,-0.173895,-0.049088,0.233136,0.954472,-0.179504,-0.047718,0.233421,1.000000,
0.954472,-0.179504,-0.047718,0.233421,0.793664,-0.168831,-0.139474,0.567574,0.953723,-0.183441,-0.046754,0.233616,0.954472,-0.179504,-0.047718,0.233421,1.000000,
0.954472,-0.179504,-0.047718,0.233421,0.793664,-0.168831,-0.139474,0.567574,0.955509,-0.173895,-0.049088,0.233136,0.954472,-0.179504,-0.047718,0.233421,1.000000,
0.954472,-0.179504,-0.047718,0.233421,0.793664,-0.168831,-0.139474,0.567574,0.953723,-0.183441,-0.046754,0.233616,0.954472,-0.179504,-0.047718,0.233421,1.000000,
0.954472,-0.179504,-0.047718,0.233421,0.793664,-0.168831,-0.139474,0.567574,0.955509,-0.173895,-0.049088,0.233136,0.954472,-0.179504,-0.047718,0.233421,1.000000,
0.954472,-0.179504,-0.047718,0.233421,0.793664,-0.168831,-0.139474,0.567574,0.953723,-0.183442,-0.046754,0.233616,0.954472,-0.179504,-0.047718,0.233421,1.000000,
0.954472,-0.179504,-0.047718,0.233421,0.793664,-0.168831,-0.139474,0.567574,0.955509,-0.173895,-0.049088,0.233136,0.954472,-0.179504,-0.047718,0.233421,1.000000,
0.954472,-0.179504,-0.047718,0.233421,0.793664,-0.168831,-0.139474,0.567574,0.953723,-0.183442,-0.046754,0.233616,0.954472,-0.179504,-0.047718,0.233421,1.000000,
0.954472,-0.179504,-0.047718,0.233421,0.793664,-0.168831,-0.139474,0.567574,0.955509,-0.173895,-0.049088,0.233136,0.954472,-0.179504,-0.047718,0.233421,1.000000,
0.954472,-0.179504,-0.047718,0.233421,0.793664,-0.168831,-0.139474,0.567574,0.953723,-0.183442,-0.046754,0.233616,0.954472,-0.179504,-0.047718,0.233421,1.000000,
0.954472,-0.179504,-0.047718,0.233421,0.793664,-0.168831,-0.139474,0.567574,0.955509,-0.173895,-0.049088,0.233136,0.954472,-0.179504,-0.047718,0.233421,1.000000,
0.954472,-0.179504,-0.047718,0.233421,0.793664,-0.168831,-0.139474,0.567574,0.953723,-0.183442,-0.046754,0.233616,0.954472,-0.179504,-0.047718,0.233421,1.000000,
0.954472,-0.179504,-0.047718,0.233421,0.793664,-0.168831,-0.139474,0.567574,0.955509,-0.173896,-0.049088,0.233136,0.954472,-0.179504,-0.047718,0.233421,1.000000,
0.954472,-0.179504,-0.047718,0.233421,0.793664,-0.168831,-0.139474,0.567574,0.953723,-0.183442,-0.046754,0.233616,0.954472,-0.179504,-0.047718,0.233421,1.000000,
0.954472,-0.179504,-0.047718,0.233421,0.793664,-0.168831,-0.139474,0.567574,0.955509,-0.173896,-0.049088,0.233136,0.954472,-0.179504,-0.047718,0.233421,1.000000,
0.954472,-0.179504,-0.047718,0.233421,0.793664,-0.168831,-0.139474,0.567574,0.953723,-0.183442,-0.046754,0.233616,0.954472,-0.179504,-0.047718,0.233421,1.000000,
0.954472,-0.179504,-0.047718,0.233421,0.793664,-0.168831,-0.139474,0.567574,0.955509,-0.173896,-0.049088,0.233136,0.954472,-0.179504,-0.047718,0.233421,1.000000,
0.954472,-0.179504,-0.047718,0.233421,0.793664,-0.168831,-0.139474,0.567574,0.953723,-0.183442,-0.046754,0.233616,0.954472,-0.179504,-0.047718,0.233421,1.000000,
0.954472,-0.179504,-0.047718,0.233421,0.793664,-0.168831,-0.139474,0.567574,0.955509,-0.173896,-0.049088,0.233137,0.954472,-0.179504,-0.047718,0.233421,1.000000,
0.954472,-0.179504,-0.047718,0.233421,0.793664,-0.168831,-0.139474,0.567574,0.953723,-0.183442,-0.046754,0.233616,0.954472,-0.179504,-0.047718,0.233421,1.000000,
0.954472,-0.179504,-0.047718,0.233421,0.793664,-0.168831,-0.139474,0.567574,0.955509,-0.173896,-0.049088,0.233137,0.954472,-0.179504,-0.047718,0.233421,1.000000,
0.954472,-0.179504,-0.047718,0.233421,0.793664,-0.168831,-0.139474,0.567574,0.953723,-0.183442,-0.046754,0.233616,0.954472,-0.179504,-0.047718,0.233421,1.000000,
0.954472,-0.179504,-0.047718,0.233421,0.793664,-0.168831,-0.139474,0.567574,0.955509,-0.173896,-0.049088,0.233137,0.954472,-0.179504,-0.047718,0.233421,1.000000,
0.954472,-0.179504,-0.047718,0.233421,0.793664,-0.168831,-0.139474,0.567574,0.953723,-0.183442,-0.046754,0.233616,0.954472,-0.179504,-0.047718,0.233421,1.000000,
0.954472,-0.179504,-0.047718,0.233421,0.793664,-0.168831,-0.139474,0.567574,0.955509,-0.173896,-0.049088,0.233137,0.954472,-0.179504,-0.047718,0.233421,1.000000,
0.954472,-0.179504,-0.047718,0.233421,0.793664,-0.168831,-0.139474,0.567574,0.953723,-0.183442,-0.046754,0.233616,0.954472,-0.179504,-0.047718,0.233421,1.000000,
0.954472,-0.179504,-0.047718,0.233421,0.793664,-0.168831,-0.139474,0.567574,0.955509,-0.173896,-0.049088,0.233137,0.954472,-0.179504,-0.047718,0.233421,1.000000,
0.954472,-0.179504,-0.047718,0.233421,0.793664,-0.168831,-0.139474,0.567574,0.953722,-0.183442,-0.046754,0.233616,0.954472,-0.179504,-0.047718,0.233421,1.000000,
0.954472,-0.179504,-0.047718,0.233421,0.793664,-0.168831,-0.139474,0.567574,0.955509,-0.173896,-0.049088,0.233137,0.954472,-0.179504,-0.047718,0.233421,1.000000,
0.954472,-0.179504,-0.047718,0.233421,0.793664,-0.168831,-0.139474,0.567574,0.953722,-0.183443,-0.046754,0.233616,0.954472,-0.179504,-0.047718,0.233421,1.000000,
0.954472,-0.179504,-0.047718,0.233421,0.793664,-0.168831,-0.139474,0.567574,0.955509,-0.173896,-0.049088,0.233137,0.954472,-0.179504,-0.047718,0.233421,1.000000,
0.954472,-0.179504,-0.047718,0.233421,0.793664,-0.168831,-0.139474,0.567574,0.953722,-0.183443,-0.046754,0.233616,0.954472,-0.179504,-0.047718,0.233421,1.000000,
0.954472,-0.179504,-0.047718,0.233421,0.793664,-0.168831,-0.139474,0.567574,0.955509,-0.173896,-0.049088,0.233137,0.954472,-0.179504,-0.047718,0.233421,1.000000,
0.954472,-0.179504,-0.047718,0.233421,0.793664,-0.168831,-0.139474,0.567574,0.953722,-0.183443,-0.046754,0.233616,0.954472,-0.179504,-0.047718,0.233421,1.000000,
0.954472,-0.179504,-0.047718,0.233421,0.793664,-0.168831,-0.139474,0.567574,0.955509,-0.173896,-0.049088,0.233137,0.954472,-0.179504,-0.047718,0.233421,1.000000,
0.954472,-0.179504,-0.047718,0.233421,0.793664,-0.168831,-0.139474,0.567574,0.953722,-0.183443,-0.046754,0.233616,0.954472,-0.179504,-0.047718,0.233421,1.000000,
0.954472,-0.179504,-0.047718,0.233421,0.793664,-0.168831,-0.139474,0.567574,0.955509,-0.173897,-0.049088,0.233137,0.954472,-0.179504,-0.047718,0.233421,1.000000,
0.954472,-0.179504,-0.047718,0.233421,0.793664,-0.168831,-0.139474,0.567574,0.953722,-0.183443,-0.046754,0.233616,0.954472,-0.179504,-0.047718,0.233421,1.000000,
0.954472,-0.179504,-0.047718,0.233421,0.793664,-0.168831,-0.139474,0.567574,0.955509,-0.173897,-0.049088,0.233137,0.954472,-0.179504,-0.047718,0.233421,1.000000,
0.954472,-0.179504,-0.047718,0.233421,0.793664,-0.168831,-0.139474,0.567574,0.953722,-0.183443,-0.046754,0.233616,0.954472,-0.179504,-0.047718,0.233421,1.000000,
0.954472,-0.179504,-0.047718,0.233421,0.793664,-0.168831,-0.139474,0.567574,0.955509,-0.173897,-0.049088,0.233137,0.954472,-0.179504,-0.047718,0.233421,1.000000,
0.954472,-0.179504,-0.047718,0.233421,0.793664,-0.168831,-0.139474,0.567574,0.953722,-0.183443,-0.046754,0.233616,0.954472,-0.179504,-0.047718,0.233421,1.000000,
0.954472,-0.179504,-0.047718,0.233421,0.793664,-0.168831,-0.139474,0.567574,0.955509,-0.173897,-0.049088,0.233137,0.954472,-0.179504,-0.047718,0.233421,1.000000,
0.954472,-0.179504,-0.047718,0.233421,0.793664,-0.168831,-0.139474,0.567574,0.953722,-0.183443,-0.046754,0.233616,0.954472,-0.179504,-0.047718,0.233421,1.000000,
0.954472,-0.179504,-0.047718,0.233421,0.793664,-0.168831,-0.139474,0.567574,0.955509,-0.173897,-0.049088,0.233137,0.954472,-0.179504,-0.047718,0.233421,1.000000,
0.954472,-0.179504,-0.047718,0.233421,0.793664,-0.168831,-0.139474,0.567574,0.953722,-0.183443,-0.046754,0.233616,0.954472,-0.179504,-0.047718,0.233421,1.000000,
0.954472,-0.179504,-0.047718,0.233421,0.793664,-0.168831,-0.139474,0.567574,0.955509,-0.173897,-0.049088,0.233137,0.954472,-0.179504,-0.047718,0.233421,1.000000,
0.954472,-0.179504,-0.047718,0.233421,0.793664,-0.168831,-0.139474,0.567574,0.953722,-0.183443,-0.046754,0.233616,0.954472,-0.179504,-0.047718,0.233421,1.000000,
0.954472,-0.179504,-0.047718,0.233421,0.793664,-0.168831,-0.139474,0.567574,0.955509,-0.173897,-0.049088,0.233137,0.954472,-0.179504,-0.047718,0.233421,1.000000,
0.954472,-0.179504,-0.047718,0.233421,0.793664,-0.168831,-0.139474,0.567574,0.953722,-0.183443,-0.046754,0.233616,0.954472,-0.179504,-0.047718,0.233421,1.000000,
0.954472,-0.179504,-0.047718,0.233421,0.793664,-0.168831,-0.139474,0.567574,0.955509,-0.173897,-0.049088,0.233137,0.954472,-0.179504,-0.047718,0.233421,1.000000,
0.954472,-0.179504,-0.047718,0.233421,0.793664,-0.168831,-0.139474,0.567574,0.953722,-0.183443,-0.046754,0.233616,0.954472,-0.179504,-0.047718,0.233421,1.000000,
0.954472,-0.179504,-0.047718,0.233421,0.793664,-0.168831,-0.139474,0.567574,0.955509,-0.173897,-0.049088,0.233137,0.954472,-0.179504,-0.047718,0.233421,1.000000,
0.954472,-0.179504,-0.047718,0.233421,0.793664,-0.168831,-0.139474,0.567574,0.953722,-0.183444,-0.046754,0.233616,0.954472,-0.179504,-0.047718,0.233421,1.000000,
0.954472,-0.179504,-0.047718,0.233421,0.793664,-0.168831,-0.139474,0.567574,0.955509,-0.173897,-0.049088,0.233137,0.954472,-0.179504,-0.047718,0.233421,1.000000,
0.954472,-0.179504,-0.047718,0.233421,0.793664,-0.168831,-0.139474,0.567574,0.953722,-0.183444,-0.046754,0.233616,0.954472,-0.179504,-0.047718,0.233421,1.000000,
0.954472,-0.179504,-0.047718,0.233421,0.793664,-0.168831,-0.139474,0.567574,0.955509,-0.173897,-0.049088,0.233137,0.954472,-0.179504,-0.047718,0.233421,1.000000,
0.954472,-0.179504,-0.047718,0.233421,0.793664,-0.168831,-0.139474,0.567574,0.953722,-0.183444,-0.046754,0.233616,0.954472,-0.179504,-0.047718,0.233421,1.000000,
0.954472,-0.179504,-0.047718,0.233421,0.793664,-0.168831,-0.139474,0.567574,0.955509,-0.173897,-0.049088,0.233137,0.954472,-0.179504,-0.047718,0.233421,1.000000,
0.954472,-0.179504,-0.047718,0.233421,0.793664,-0.168831,-0.139474,0.567574,0.953722,-0.183444,-0.046754,0.233616,0.954472,-0.179504,-0.047718,0.233421,1.000000,
0.954472,-0.179504,-0.047718,0.233421,0.793664,-0.168831,-0.139474,0.567574,0.955509,-0.173898,-0.049088,0.233137,0.954472,-0.179504,-0.047718,0.233421,1.000000,
0.954472,-0.179504,-0.047718,0.233421,0.793664,-0.168831,-0.139474,0.567574,0.953722,-0.183444,-0.046754,0.233616,0.954472,-0.179504,-0.047718,0.233421,1.000000,
0.954472,-0.179504,-0.047718,0.233421,0.793664,-0.168831,-0.139474,0.567574,0.955509,-0.173898,-0.049088,0.233137,0.954472,-0.179504,-0.047718,0.233421,1.000000,
0.954472,-0.179504,-0.047718,0.233421,0.793664,-0.168831,-0.139474,0.567574,0.953722,-0.183444,-0.046754,0.233616,0.954472,-0.179504,-0.047718,0.233421,1.000000,
0.954472,-0.179504,-0.047718,0.233421,0.793664,-0.168831,-0.139474,0.567574,0.955509,-0.173898,-0.049088,0.233137,0.954472,-0.179504,-0.047718,0.233421,1.000000,
0.954472,-0.179504,-0.047718,0.233421,0.793664,-0.168831,-0.139474,0.567574,0.953722,-0.183444,-0.046754,0.233616,0.954472,-0.179504,-0.047718,0.233421,1.000000,
0.954472,-0.179504,-0.047718,0.233421,0.793664,-0.168831,-0.139474,0.567574,0.955509,-0.173898,-0.049087,0.233137,0.954472,-0.179504,-0.047718,0.233421,1.000000,
0.954472,-0.179504,-0.047718,0.233421,0.793664,-0.168831,-0.139474,0.567574,0.953722,-0.183444,-0.046754,0.233616,0.954472,-0.179504,-0.047718,0.233421,1.000000,
0.954472,-0.179504,-0.047718,0.233421,0.793664,-0.168831,-0.139474,0.567574,0.955509,-0.173898,-0.049087,0.233137,0.954472,-0.179504,-0.047718,0.233421,1.000000,
0.954472,-0.179504,-0.047718,0.233421,0.793664,-0.168831,-0.139474,0.567574,0.953722,-0.183444,-0.046754,0.233616,0.954472,-0.179504,-0.047718,0.233421,1.000000,
0.954472,-0.179504,-0.047718,0.233421,0.793664,-0.168831,-0.139474,0.567574,0.955509,-0.173898,-0.049087,0.233137,0.954472,-0.179504,-0.047718,0.233421,1.000000,
0.954472,-0.179504,-0.047718,0.233421,0.793664,-0.168831,-0.139474,0.567574,0.953722,-0.183444,-0.046754,0.233616,0.954472,-0.179504,-0.047718,0.233421,1.000000,
0.954472,-0.179504,-0.047718,0.233421,0.793664,-0.168831,-0.139474,0.567574,0.955509,-0.173898,-0.049087,0.233137,0.954472,-0.179504,-0.047718,0.233421,1.000000,
0.954472,-0.179504,-0.047718,0.233421,0.793664,-0.168831,-0.139474,0.567574,0.953722,-0.183444,-0.046754,0.233616,0.954472,-0.179504,-0.047718,0.233421,1.000000,
0.954472,-0.179504,-0.047718,0.233421,0.793664,-0.168831,-0.139474,0.567574,0.955509,-0.173898,-0.049087,0.233137,0.954472,-0.179504,-0.047718,0.233421,1.000000,
0.954472,-0.179504,-0.047718,0.233421,0.793664,-0.168831,-0.139474,0.567574,0.953722,-0.183444,-0.046754,0.233616,0.954472,-0.179504,-0.047718,0.233421,1.000000,
0.954472,-0.179504,-0.047718,0.233421,0.793664,-0.168831,-0.139474,0.567574,0.955509,-0.173898,-0.049087,0.233137,0.954472,-0.179504,-0.047718,0.233421,1.000000,
0.954472,-0.179504,-0.047718,0.233421,0.793664,-0.168831,-0.139474,0.567574,0.953722,-0.183445,-0.046754,0.233616,0.954472,-0.179504,-0.047718,0.233421,1.000000,
0.954472,-0.179504,-0.047718,0.233421,0.793664,-0.168831,-0.139474,0.567574,0.955509,-0.173898,-0.049087,0.233137,0.954472,-0.179504,-0.047718,0.233421,1.000000,
0.954472,-0.179504,-0.047718,0.233421,0.793664,-0.168831,-0.139474,0.567574,0.953722,-0.183445,-0.046754,0.233616,0.954472,-0.179504,-0.047718,0.233421,1.000000,
0.954472,-0.179504,-0.047718,0.233421,0.793664,-0.168831,-0.139474,0.567574,0.955509,-0.173898,-0.049087,0.233137,0.954472,-0.179504,-0.047718,0.233421,1.000000,
0.954472,-0.179504,-0.047718,0.233421,0.793664,-0.168831,-0.139474,0.567574,0.953722,-0.183445,-0.046754,0.233616,0.954472,-0.179504,-0.047718,0.233421,1.000000,
0.954472,-0.179504,-0.047718,0.233421,0.793664,-0.168831,-0.139474,0.567574,0.955509,-0.173898,-0.049087,0.233137,0.954472,-0.179504,-0.047718,0.233421,1.000000,
0.954472,-0.179504,-0.047718,0.233421,0.793664,-0.168831,-0.139474,0.567574,0.953722,-0.183445,-0.046754,0.233616,0.954472,-0.179504,-0.047718,0.233421,1.000000,
0.954472,-0.179504,-0.047718,0.233421,0.793664,-0.168831,-0.139474,0.567574,0.955509,-0.173899,-0.049087,0.233137,0.954472,-0.179504,-0.047718,0.233421,1.000000,
0.954472,-0.179504,-0.047718,0.233421,0.793664,-0.168831,-0.139474,0.567574,0.953722,-0.183445,-0.046754,0.233616,0.954472,-0.179504,-0.047718,0.233421,1.000000,
0.954472,-0.179504,-0.047718,0.233421,0.793664,-0.168831,-0.139474,0.567574,0.955509,-0.173899,-0.049087,0.233137,0.954472,-0.179504,-0.047718,0.233421,1.000000,
0.954472,-0.179504,-0.047718,0.233421,0.793664,-0.168831,-0.139474,0.567574,0.953722,-0.183445,-0.046753,0.233616,0.954472,-0.179504,-0.047718,0.233421,1.000000,
0.954472,-0.179504,-0.047718,0.233421,0.793664,-0.168831,-0.139474,0.567574,0.955509,-0.173899,-0.049087,0.233137,0.954472,-0.179504,-0.047718,0.233421,1.000000,
0.954472,-0.179504,-0.047718,0.233421,0.793664,-0.168831,-0.139474,0.567574,0.953722,-0.183445,-0.046753,0.233616,0.954472,-0.179504,-0.047718,0.233421,1.000000,
0.954472,-0.179504,-0.047718,0.233421,0.793664,-0.168831,-0.139474,0.567574,0.955509,-0.173899,-0.049087,0.233137,0.954472,-0.179504,-0.047718,0.233421,1.000000,
0.954472,-0.179504,-0.047718,0.233421,0.793664,-0.168831,-0.139474,0.567574,0.953722,-0.183445,-0.046753,0.233616,0.954472,-0.179504,-0.047718,0.233421,1.000000,
0.954472,-0.179504,-0.047718,0.233421,0.793664,-0.168831,-0.139474,0.567574,0.955509,-0.173899,-0.049087,0.233137,0.954472,-0.179504,-0.047718,0.233421,1.000000,
0.954472,-0.179504,-0.047718,0.233421,0.793664,-0.168831,-0.139474,0.567574,0.953722,-0.183445,-0.046753,0.233616,0.954472,-0.179504,-0.047718,0.233421,1.000000,
0.954472,-0.179504,-0.047718,0.233421,0.793664,-0.168831,-0.139474,0.567574,0.955509,-0.173899,-0.049087,0.233137,0.954472,-0.179504,-0.047718,0.233421,1.000000,
0.954472,-0.179504,-0.047718,0.233421,0.793664,-0.168831,-0.139474,0.567574,0.953722,-0.183445,-0.046753,0.233616,0.954472,-0.179504,-0.047718,0.233421,1.000000,
0.954472,-0.179504,-0.047718,0.233421,0.793664,-0.168831,-0.139474,0.567574,0.955509,-0.173899,-0.049087,0.233137,0.954472,-0.179504,-0.047718,0.233421,1.000000,
0.954472,-0.179504,-0.047718,0.233421,0.793664,-0.168831,-0.139474,0.567574,0.953722,-0.183445,-0.046753,0.233616,0.954472,-0.179504,-0.047718,0.233421,1.000000,
0.954472,-0.179504,-0.047718,0.233421,0.793664,-0.168831,-0.139474,0.567574,0.955509,-0.173899,-0.049087,0.233137,0.954472,-0.179504,-0.047718,0.233421,1.000000,
0.954472,-0.179504,-0.047718,0.233421,0.793664,-0.168831,-0.139474,0.567574,0.953722,-0.183445,-0.046753,0.233616,0.954472,-0.179504,-0.047718,0.233421,1.000000,
0.954472,-0.179504,-0.047718,0.233421,0.793664,-0.168831,-0.139474,0.567574,0.955509,-0.173899,-0.049087,0.233137,0.954472,-0.179504,-0.047718,0.233421,1.000000,
0.954472,-0.179504,-0.047718,0.233421,0.793664,-0.168831,-0.139474,0.567574,0.953722,-0.183446,-0.046753,0.233616,0.954472,-0.179504,-0.047718,0.233421,1.000000,
0.954472,-0.179504,-0.047718,0.233421,0.793664,-0.168831,-0.139474,0.567574,0.955509,-0.173899,-0.049087,0.233137,0.954472,-0.179504,-0.047718,0.233421,1.000000,
0.954472,-0.179504,-0.047718,0.233421,0.793664,-0.168831,-0.139474,0.567574,0.953722,-0.183446,-0.046753,0.233616,0.954472,-0.179504,-0.047718,0.233421,1.000000,
0.954472,-0.179504,-0.047718,0.233421,0.793664,-0.168831,-0.139474,0.567574,0.955509,-0.173899,-0.049087,0.233137,0.954472,-0.179504,-0.047718,0.233421,1.000000,
0.954472,-0.179504,-0.047718,0.233421,0.793664,-0.168831,-0.139474,0.567574,0.953722,-0.183446,-0.046753,0.233616,0.954472,-0.179504,-0.047718,0.233421,1.000000,
0.954472,-0.179504,-0.047718,0.233421,0.793664,-0.168831,-0.139474,0.567574,0.955509,-0.173899,-0.049087,0.233137,0.954472,-0.179504,-0.047718,0.233421,1.000000,
0.954472,-0.179504,-0.047718,0.233421,0.793664,-0.168831,-0.139474,0.567574,0.953722,-0.183446,-0.046753,0.233616,0.954472,-0.179504,-0.047718,0.233421,1.000000,
0.954472,-0.179504,-0.047718,0.233421,0.793664,-0.168831,-0.139474,0.567574,0.955509,-0.173900,-0.049087,0.233137,0.954472,-0.179504,-0.047718,0.233421,1.000000,
0.954472,-0.179504,-0.047718,0.233421,0.793664,-0.168831,-0.139474,0.567574,0.953722,-0.183446,-0.046753,0.233616,0.954472,-0.179504,-0.047718,0.233421,1.000000,
0.954472,-0.179504,-0.047718,0.233421,0.793664,-0.168831,-0.139474,0.567574,0.955509,-0.173900,-0.049087,0.233137,0.954472,-0.179504,-0.047718,0.233421,1.000000,
0.954472,-0.179504,-0.047718,0.233421,0.793664,-0.168831,-0.139474,0.567574,0.953722,-0.183446,-0.046753,0.233616,0.954472,-0.179504,-0.047718,0.233421,1.000000,
0.954472,-0.179504,-0.047718,0.233421,0.793664,-0.168831,-0.139474,0.567574,0.955509,-0.173900,-0.049087,0.233137,0.954472,-0.179504,-0.047718,0.233421,1.000000,
0.954472,-0.179504,-0.047718,0.233421,0.793664,-0.168831,-0.139474,0.567574,0.953722,-0.183446,-0.046753,0.233616,0.954472,-0.179504,-0.047718,0.233421,1.000000,
0.954472,-0.179504,-0.047718,0.233421,0.793664,-0.168831,-0.139474,0.567574,0.955509,-0.173900,-0.049087,0.233137,0.954472,-0.179504,-0.047718,0.233421,1.000000,
0.954472,-0.179504,-0.047718,0.233421,0.793664,-0.168831,-0.139474,0.567574,0.953722,-0.183446,-0.046753,0.233616,0.954472,-0.179504,-0.047718,0.233421,1.000000,
0.954472,-0.179504,-0.047718,0.233421,0.793664,-0.168831,-0.139474,0.567574,0.955509,-0.173900,-0.049087,0.233137,0.954472,-0.179504,-0.047718,0.233421,1.000000,
0.954472,-0.179504,-0.047718,0.233421,0.793664,-0.168831,-0.139474,0.567574,0.953722,-0.183446,-0.046753,0.233616,0.954472,-0.179504,-0.047718,0.233421,1.000000,
0.954472,-0.179504,-0.047718,0.233421,0.793664,-0.168831,-0.139474,0.567574,0.955509,-0.173900,-0.049087,0.233137,0.954472,-0.179504,-0.047718,0.233421,1.000000,
0.954472,-0.179504,-0.047718,0.233421,0.793664,-0.168831,-0.139474,0.567574,0.953722,-0.183446,-0.046753,0.233616,0.954472,-0.179504,-0.047718,0.233421,1.000000,
0.954472,-0.179504,-0.047718,0.233421,0.793664,-0.168831,-0.139474,0.567574,0.955509,-0.173900,-0.049087,0.233137,0.954472,-0.179504,-0.047718,0.233421,1.000000,
0.954472,-0.179504,-0.047718,0.233421,0.793664,-0.168831,-0.139474,0.567574,0.953722,-0.183446,-0.046753,0.233616,0.954472,-0.179504,-0.047718,0.233421,1.000000,
0.954472,-0.179504,-0.047718,0.233421,0.793664,-0.168831,-0.139474,0.567574,0.955508,-0.173900,-0.049087,0.233137,0.954472,-0.179504,-0.047718,0.233421,1.000000,
0.954472,-0.179504,-0.047718,0.233421,0.793664,-0.168831,-0.139474,0.567574,0.953722,-0.183446,-0.046753,0.233616,0.954472,-0.179504,-0.047718,0.233421,1.000000,
0.954472,-0.179504,-0.047718,0.233421,0.793664,-0.168831,-0.139474,0.567574,0.955508,-0.173900,-0.049087,0.233137,0.954472,-0.179504,-0.047718,0.233421,1.000000,
0.954472,-0.179504,-0.047718,0.233421,0.793664,-0.168831,-0.139474,0.567574,0.953722,-0.183447,-0.046753,0.233616,0.954472,-0.179504,-0.047718,0.233421,1.000000,
0.954472,-0.179504,-0.047718,0.233421,0.793664,-0.168831,-0.139474,0.567574,0.955508,-0.173900,-0.049087,0.233137,0.954472,-0.179504,-0.047718,0.233421,1.000000,
0.954472,-0.179504,-0.047718,0.233421,0.793664,-0.168831,-0.139474,0.567574,0.953722,-0.183447,-0.046753,0.233616,0.954472,-0.179504,-0.047718,0.233421,1.000000,
0.954472,-0.179504,-0.047718,0.233421,0.793664,-0.168831,-0.139474,0.567574,0.955508,-0.173900,-0.049087,0.233137,0.954472,-0.179504,-0.047718,0.233421,1.000000,
0.954472,-0.179504,-0.047718,0.233421,0.793664,-0.168831,-0.139474,0.567574,0.953722,-0.183447,-0.046753,0.233616,0.954472,-0.179504,-0.047718,0.233421,1.000000,
0.954472,-0.179504,-0.047718,0.233421,0.793664,-0.168831,-0.139474,0.567574,0.955508,-0.173900,-0.049087,0.233137,0.954472,-0.179504,-0.047718,0.233421,1.000000,
0.954472,-0.179504,-0.047718,0.233421,0.793664,-0.168831,-0.139474,0.567574,0.953722,-0.183447,-0.046753,0.233616,0.954472,-0.179504,-0.047718,0.233421,1.000000,
0.954472,-0.179504,-0.047718,0.233421,0.793664,-0.168831,-0.139474,0.567574,0.955508,-0.173901,-0.049087,0.233137,0.954472,-0.179504,-0.047718,0.233421,1.000000,
0.954472,-0.179504,-0.047718,0.233421,0.793664,-0.168831,-0.139474,0.567574,0.953722,-0.183447,-0.046753,0.233616,0.954472,-0.179504,-0.047718,0.233421,1.000000,
0.954472,-0.179504,-0.047718,0.233421,0.793664,-0.168831,-0.139474,0.567574,0.955508,-0.173901,-0.049087,0.233137,0.954472,-0.179504,-0.047718,0.233421,1.000000,
0.954472,-0.179504,-0.047718,0.233421,0.793664,-0.168831,-0.139474,0.567574,0.953722,-0.183447,-0.046753,0.233616,0.954472,-0.179504,-0.047718,0.233421,1.000000,
0.954472,-0.179504,-0.047718,0.233421,0.793664,-0.168831,-0.139474,0.567574,0.955508,-0.173901,-0.049087,0.233137,0.954472,-0.179504,-0.047718,0.233421,1.000000,
0.954472,-0.179504,-0.047718,0.233421,0.793664,-0.168831,-0.139474,0.567574,0.953722,-0.183447,-0.046753,0.233616,0.954472,-0.179504,-0.047718,0.233421,1.000000,
0.954472,-0.179504,-0.047718,0.233421,0.793664,-0.168831,-0.139474,0.567574,0.955508,-0.173901,-0.049087,0.233137,0.954472,-0.179504,-0.047718,0.233421,1.000000,
0.954472,-0.179504,-0.047718,0.233421,0.793664,-0.168831,-0.139474,0.567574,0.953722,-0.183447,-0.046753,0.233616,0.954472,-0.179504,-0.047718,0.233421,1.000000,
0.954472,-0.179504,-0.047718,0.233421,0.793664,-0.168831,-0.139474,0.567574,0.955508,-0.173901,-0.049087,0.233137,0.954472,-0.179504,-0.047718,0.233421,1.000000,
0.954472,-0.179504,-0.047718,0.233421,0.793664,-0.168831,-0.139474,0.567574,0.953722,-0.183447,-0.046753,0.233616,0.954472,-0.179504,-0.047718,0.233421,1.000000,
0.954472,-0.179504,-0.047718,0.233421,0.793664,-0.168831,-0.139474,0.567574,0.955508,-0.173901,-0.049087,0.233137,0.954472,-0.179504,-0.047718,0.233421,1.000000,
0.954472,-0.179504,-0.047718,0.233421,0.793664,-0.168831,-0.139474,0.567574,0.953722,-0.183447,-0.046753,0.233616,0.954472,-0.179504,-0.047718,0.233421,1.000000,
0.954472,-0.179504,-0.047718,0.233421,0.793664,-0.168831,-0.139474,0.567574,0.955508,-0.173901,-0.049087,0.233137,0.954472,-0.179504,-0.047718,0.233421,1.000000,
0.954472,-0.179504,-0.047718,0.233421,0.793664,-0.168831,-0.139474,0.567574,0.953722,-0.183447,-0.046753,0.233616,0.954472,-0.179504,-0.047718,0.233421,1.000000,
0.954472,-0.179504,-0.047718,0.233421,0.793664,-0.168831,-0.139474,0.567574,0.955508,-0.173901,-0.049087,0.233137,0.954472,-0.179504,-0.047718,0.233421,1.000000,
0.954472,-0.179504,-0.047718,0.233421,0.793664,-0.168831,-0.139474,0.567574,0.953722,-0.183447,-0.046753,0.233616,0.954472,-0.179504,-0.047718,0.233421,1.000000,
0.954472,-0.179504,-0.047718,0.233421,0.793664,-0.168831,-0.139474,0.567574,0.955508,-0.173901,-0.049087,0.233137,0.954472,-0.179504,-0.047718,0.233421,1.000000,
0.954472,-0.179504,-0.047718,0.233421,0.793664,-0.168831,-0.139474,0.567574,0.953722,-0.183448,-0.046753,0.233616,0.954472,-0.179504,-0.047718,0.233421,1.000000,
0.954472,-0.179504,-0.047718,0.233421,0.793664,-0.168831,-0.139474,0.567574,0.955508,-0.173901,-0.049087,0.233137,0.954472,-0.179504,-0.047718,0.233421,1.000000,
0.954472,-0.179504,-0.047718,0.233421,0.793664,-0.168831,-0.139474,0.567574,0.953722,-0.183448,-0.046753,0.233616,0.954472,-0.179504,-0.047718,0.233421,1.000000,
0.954472,-0.179504,-0.047718,0.233421,0.793664,-0.168831,-0.139474,0.567574,0.955508,-0.173901,-0.049087,0.233137,0.954472,-0.179504,-0.047718,0.233421,1.000000,
0.954472,-0.179504,-0.047718,0.233421,0.793664,-0.168831,-0.139474,0.567574,0.953721,-0.183448,-0.046753,0.233616,0.954472,-0.179504,-0.047718,0.233421,1.000000,
0.954472,-0.179504,-0.047718,0.233421,0.793664,-0.168831,-0.139474,0.567574,0.955508,-0.173901,-0.049087,0.233137,0.954472,-0.179504,-0.047718,0.233421,1.000000,
0.954472,-0.179504,-0.047718,0.233421,0.793664,-0.168831,-0.139474,0.567574,0.953721,-0.183448,-0.046753,0.233616,0.954472,-0.179504,-0.047718,0.233421,1.000000,
0.954472,-0.179504,-0.047718,0.233421,0.793664,-0.168831,-0.139474,0.567574,0.955508,-0.173902,-0.049087,0.233137,0.954472,-0.179504,-0.047718,0.233421,1.000000,
0.954472,-0.179504,-0.047718,0.233421,0.793664,-0.168831,-0.139474,0.567574,0.953721,-0.183448,-0.046753,0.233616,0.954472,-0.179504,-0.047718,0.233421,1.000000,
0.954472,-0.179504,-0.047718,0.233421,0.793664,-0.168831,-0.139474,0.567574,0.955508,-0.173902,-0.049087,0.233137,0.954472,-0.179504,-0.047718,0.233421,1.000000,
0.954472,-0.179504,-0.047718,0.233421,0.793664,-0.168831,-0.139474,0.567574,0.953721,-0.183448,-0.046753,0.233616,0.954472,-0.179504,-0.047718,0.233421,1.000000,
0.954472,-0.179504,-0.047718,0.233421,0.793664,-0.168831,-0.139474,0.567574,0.955508,-0.173902,-0.049087,0.233137,0.954472,-0.179504,-0.047718,0.233421,1.000000,
0.954472,-0.179504,-0.047718,0.233421,0.793664,-0.168831,-0.139474,0.567574,0.953721,-0.183448,-0.046753,0.233616,0.954472,-0.179504,-0.047718,0.233421,1.000000,
0.954472,-0.179504,-0.047718,0.233421,0.793664,-0.168831,-0.139474,0.567574,0.955508,-0.173902,-0.049087,0.233137,0.954472,-0.179504,-0.047718,0.233421,1.000000,
0.954472,-0.179504,-0.047718,0.233421,0.793664,-0.168831,-0.139474,0.567574,0.953721,-0.183448,-0.046753,0.233616,0.954472,-0.179504,-0.047718,0.233421,1.000000,
0.954472,-0.179504,-0.047718,0.233421,0.793664,-0.168831,-0.139474,0.567574,0.955508,-0.173902,-0.049086,0.233137,0.954472,-0.179504,-0.047718,0.233421,1.000000,
0.954472,-0.179504,-0.047718,0.233421,0.793664,-0.168831,-0.139474,0.567574,0.953721,-0.183448,-0.046753,0.233616,0.954472,-0.179504,-0.047718,0.233421,1.000000,
0.954472,-0.179504,-0.047718,0.233421,0.793664,-0.168831,-0.139474,0.567574,0.955508,-0.173902,-0.049086,0.233137,0.954472,-0.179504,-0.047718,0.233421,1.000000,
0.954472,-0.179504,-0.047718,0.233421,0.793664,-0.168831,-0.139474,0.567574,0.953721,-0.183448,-0.046753,0.233616,0.954472,-0.179504,-0.047718,0.233421,1.000000,
0.954472,-0.179504,-0.047718,0.233421,0.793664,-0.168831,-0.139474,0.567574,0.955508,-0.173902,-0.049086,0.233137,0.954472,-0.179504,-0.047718,0.233421,1.000000,
0.954472,-0.179504,-0.047718,0.233421,0.793664,-0.168831,-0.139474,0.567574,0.953721,-0.183448,-0.046753,0.233616,0.954472,-0.179504,-0.047718,0.233421,1.000000,
0.954472,-0.179504,-0.047718,0.233421,0.793664,-0.168831,-0.139474,0.567574,0.955508,-0.173902,-0.049086,0.233137,0.954472,-0.179504,-0.047718,0.233421,1.000000,
0.954472,-0.179504,-0.047718,0.233421,0.793664,-0.168831,-0.139474,0.567574,0.953721,-0.183448,-0.046753,0.233616,0.954472,-0.179504,-0.047718,0.233421,1.000000,
0.954472,-0.179504,-0.047718,0.233421,0.793664,-0.168831,-0.139474,0.567574,0.955508,-0.173902,-0.049086,0.233137,0.954472,-0.179504,-0.047718,0.233421,1.000000,
0.954472,-0.179504,-0.047718,0.233421,0.793664,-0.168831,-0.139474,0.567574,0.953721,-0.183449,-0.046753,0.233616,0.954472,-0.179504,-0.047718,0.233421,1.000000,
0.954472,-0.179504,-0.047718,0.233421,0.793664,-0.168831,-0.139474,0.567574,0.955508,-0.173902,-0.049086,0.233137,0.954472,-0.179504,-0.047718,0.233421,1.000000,
0.954472,-0.179504,-0.047718,0.233421,0.793664,-0.168831,-0.139474,0.567574,0.953721,-0.183449,-0.046753,0.233616,0.954472,-0.179504,-0.047718,0.233421,1.000000,
0.954472,-0.179504,-0.047718,0.233421,0.793664,-0.168831,-0.139474,0.567574,0.955508,-0.173902,-0.049086,0.233137,0.954472,-0.179504,-0.047718,0.233421,1.000000,
0.954472,-0.179504,-0.047718,0.233421,0.793664,-0.168831,-0.139474,0.567574,0.953721,-0.183449,-0.046753,0.233616,0.954472,-0.179504,-0.047718,0.233421,1.000000,
0.954472,-0.179504,-0.047718,0.233421,0.793664,-0.168831,-0.139474,0.567574,0.955508,-0.173902,-0.049086,0.233137,0.954472,-0.179504,-0.047718,0.233421,1.000000,
0.954472,-0.179504,-0.047718,0.233421,0.793664,-0.168831,-0.139474,0.567574,0.953721,-0.183449,-0.046753,0.233616,0.954472,-0.179504,-0.047718,0.233421,1.000000,
0.954472,-0.179504,-0.047718,0.233421,0.793664,-0.168831,-0.139474,0.567574,0.955508,-0.173903,-0.049086,0.233137,0.954472,-0.179504,-0.047718,0.233421,1.000000,
0.954472,-0.179504,-0.047718,0.233421,0.793664,-0.168831,-0.139474,0.567574,0.953721,-0.183449,-0.046753,0.233616,0.954472,-0.179504,-0.047718,0.233421,1.000000,
0.954472,-0.179504,-0.047718,0.233421,0.793664,-0.168831,-0.139474,0.567574,0.955508,-0.173903,-0.049086,0.233137,0.954472,-0.179504,-0.047718,0.233421,1.000000,
0.954472,-0.179504,-0.047718,0.233421,0.793664,-0.168831,-0.139474,0.567574,0.953721,-0.183449,-0.046753,0.233616,0.954472,-0.179504,-0.047718,0.233421,1.000000,
0.954472,-0.179504,-0.047718,0.233421,0.793664,-0.168831,-0.139474,0.567574,0.955508,-0.173903,-0.049086,0.233137,0.954472,-0.179504,-0.047718,0.233421,1.000000,
0.954472,-0.179504,-0.047718,0.233421,0.793664,-0.168831,-0.139474,0.567574,0.953721,-0.183449,-0.046752,0.233616,0.954472,-0.179504,-0.047718,0.233421,1.000000,
0.954472,-0.179504,-0.047718,0.233421,0.793664,-0.168831,-0.139474,0.567574,0.955508,-0.173903,-0.049086,0.233137,0.954472,-0.179504,-0.047718,0.233421,1.000000,
0.954472,-0.179504,-0.047718,0.233421,0.793664,-0.168831,-0.139474,0.567574,0.953721,-0.183449,-0.046752,0.233616,0.954472,-0.179504,-0.047718,0.233421,1.000000,
0.954472,-0.179504,-0.047718,0.233421,0.793664,-0.168831,-0.139474,0.567574,0.955508,-0.173903,-0.049086,0.233137,0.954472,-0.179504,-0.047718,0.233421,1.000000,
0.954472,-0.179504,-0.047718,0.233421,0.793664,-0.168831,-0.139474,0.567574,0.953721,-0.183449,-0.046752,0.233616,0.954472,-0.179504,-0.047718,0.233421,1.000000,
0.954472,-0.179504,-0.047718,0.233421,0.793664,-0.168831,-0.139474,0.567574,0.955508,-0.173903,-0.049086,0.233137,0.954472,-0.179504,-0.047718,0.233421,1.000000,
0.954472,-0.179504,-0.047718,0.233421,0.793664,-0.168831,-0.139474,0.567574,0.953721,-0.183449,-0.046752,0.233616,0.954472,-0.179504,-0.047718,0.233421,1.000000,
0.954472,-0.179504,-0.047718,0.233421,0.793664,-0.168831,-0.139474,0.567574,0.955508,-0.173903,-0.049086,0.233137,0.954472,-0.179504,-0.047718,0.233421,1.000000,
0.954472,-0.179504,-0.047718,0.233421,0.793664,-0.168831,-0.139474,0.567574,0.953721,-0.183449,-0.046752,0.233616,0.954472,-0.179504,-0.047718,0.233421,1.000000,
0.954472,-0.179504,-0.047718,0.233421,0.793664,-0.168831,-0.139474,0.567574,0.955508,-0.173903,-0.049086,0.233137,0.954472,-0.179504,-0.047718,0.233421,1.000000,
0.954472,-0.179504,-0.047718,0.233421,0.793664,-0.168831,-0.139474,0.567574,0.953721,-0.183449,-0.046752,0.233616,0.954472,-0.179504,-0.047718,0.233421,1.000000,
0.954472,-0.179504,-0.047718,0.233421,0.793664,-0.168831,-0.139474,0.567574,0.955508,-0.173903,-0.049086,0.233137,0.954472,-0.179504,-0.047718,0.233421,1.000000,
0.954472,-0.179504,-0.047718,0.233421,0.793664,-0.168831,-0.139474,0.567574,0.953721,-0.183450,-0.046752,0.233616,0.954472,-0.179504,-0.047718,0.233421,1.000000,
0.954472,-0.179504,-0.047718,0.233421,0.793664,-0.168831,-0.139474,0.567574,0.955508,-0.173903,-0.049086,0.233137,0.954472,-0.179504,-0.047718,0.233421,1.000000,
0.954472,-0.179504,-0.047718,0.233421,0.793664,-0.168831,-0.139474,0.567574,0.953721,-0.183450,-0.046752,0.233616,0.954472,-0.179504,-0.047718,0.233421,1.000000,
0.954472,-0.179504,-0.047718,0.233421,0.793664,-0.168831,-0.139474,0.567574,0.955508,-0.173903,-0.049086,0.233137,0.954472,-0.179504,-0.047718,0.233421,1.000000,
0.954472,-0.179504,-0.047718,0.233421,0.793664,-0.168831,-0.139474,0.567574,0.953721,-0.183450,-0.046752,0.233616,0.954472,-0.179504,-0.047718,0.233421,1.000000,
0.954472,-0.179504,-0.047718,0.233421,0.793664,-0.168831,-0.139474,0.567574,0.955508,-0.173903,-0.049086,0.233137,0.954472,-0.179504,-0.047718,0.233421,1.000000,
0.954472,-0.179504,-0.047718,0.233421,0.793664,-0.168831,-0.139474,0.567574,0.953721,-0.183450,-0.046752,0.233616,0.954472,-0.179504,-0.047718,0.233421,1.000000,
0.954472,-0.179504,-0.047718,0.233421,0.793664,-0.168831,-0.139474,0.567574,0.955508,-0.173904,-0.049086,0.233137,0.954472,-0.179504,-0.047718,0.233421,1.000000,
0.954472,-0.179504,-0.047718,0.233421,0.793664,-0.168831,-0.139474,0.567574,0.953721,-0.183450,-0.046752,0.233616,0.954472,-0.179504,-0.047718,0.233421,1.000000,
0.954472,-0.179504,-0.047718,0.233421,0.793664,-0.168831,-0.139474,0.567574,0.955508,-0.173904,-0.049086,0.233137,0.954472,-0.179504,-0.047718,0.233421,1.000000,
0.954472,-0.179504,-0.047718,0.233421,0.793664,-0.168831,-0.139474,0.567574,0.953721,-0.183450,-0.046752,0.233616,0.954472,-0.179504,-0.047718,0.233421,1.000000,
0.954472,-0.179504,-0.047718,0.233421,0.793664,-0.168831,-0.139474,0.567574,0.955508,-0.173904,-0.049086,0.233137,0.954472,-0.179504,-0.047718,0.233421,1.000000,
0.954472,-0.179504,-0.047718,0.233421,0.793664,-0.168831,-0.139474,0.567574,0.953721,-0.183450,-0.046752,0.233616,0.954472,-0.179504,-0.047718,0.233421,1.000000,
0.954472,-0.179504,-0.047718,0.233421,0.793664,-0.168831,-0.139474,0.567574,0.955508,-0.173904,-0.049086,0.233137,0.954472,-0.179504,-0.047718,0.233421,1.000000,
0.954472,-0.179504,-0.047718,0.233421,0.793664,-0.168831,-0.139474,0.567574,0.953721,-0.183450,-0.046752,0.233616,0.954472,-0.179504,-0.047718,0.233421,1.000000,
0.954472,-0.179504,-0.047718,0.233421,0.793664,-0.168831,-0.139474,0.567574,0.955508,-0.173904,-0.049086,0.233137,0.954472,-0.179504,-0.047718,0.233421,1.000000,
0.954472,-0.179504,-0.047718,0.233421,0.793664,-0.168831,-0.139474,0.567574,0.953721,-0.183450,-0.046752,0.233616,0.954472,-0.179504,-0.047718,0.233421,1.000000,
0.954472,-0.179504,-0.047718,0.233421,0.793664,-0.168831,-0.139474,0.567574,0.955508,-0.173904,-0.049086,0.233137,0.954472,-0.179504,-0.047718,0.233421,1.000000,
0.954472,-0.179504,-0.047718,0.233421,0.793664,-0.168831,-0.139474,0.567574,0.953721,-0.183450,-0.046752,0.233616,0.954472,-0.179504,-0.047718,0.233421,1.000000,
0.954472,-0.179504,-0.047718,0.233421,0.793664,-0.168831,-0.139474,0.567574,0.955508,-0.173904,-0.049086,0.233137,0.954472,-0.179504,-0.047718,0.233421,1.000000,
0.954472,-0.179504,-0.047718,0.233421,0.793664,-0.168831,-0.139474,0.567574,0.953721,-0.183450,-0.046752,0.233616,0.954472,-0.179504,-0.047718,0.233421,1.000000,
0.954472,-0.179504,-0.047718,0.233421,0.793664,-0.168831,-0.139474,0.567574,0.955508,-0.173904,-0.049086,0.233137,0.954472,-0.179504,-0.047718,0.233421,1.000000,
0.954472,-0.179504,-0.047718,0.233421,0.793664,-0.168831,-0.139474,0.567574,0.953721,-0.183450,-0.046752,0.233616,0.954472,-0.179504,-0.047718,0.233421,1.000000,
0.954472,-0.179504,-0.047718,0.233421,0.793664,-0.168831,-0.139474,0.567574,0.955508,-0.173904,-0.049086,0.233137,0.954472,-0.179504,-0.047718,0.233421,1.000000,
0.954472,-0.179504,-0.047718,0.233421,0.793664,-0.168831,-0.139474,0.567574,0.953721,-0.183451,-0.046752,0.233616,0.954472,-0.179504,-0.047718,0.233421,1.000000,
0.954472,-0.179504,-0.047718,0.233421,0.793664,-0.168831,-0.139474,0.567574,0.955508,-0.173904,-0.049086,0.233137,0.954472,-0.179504,-0.047718,0.233421,1.000000,
0.954472,-0.179504,-0.047718,0.233421,0.793664,-0.168831,-0.139474,0.567574,0.953721,-0.183451,-0.046752,0.233616,0.954472,-0.179504,-0.047718,0.233421,1.000000,
0.954472,-0.179504,-0.047718,0.233421,0.793664,-0.168831,-0.139474,0.567574,0.955508,-0.173904,-0.049086,0.233137,0.954472,-0.179504,-0.047718,0.233421,1.000000,
0.954472,-0.179504,-0.047718,0.233421,0.793664,-0.168831,-0.139474,0.567574,0.953721,-0.183451,-0.046752,0.233616,0.954472,-0.179504,-0.047718,0.233421,1.000000,
0.954472,-0.179504,-0.047718,0.233421,0.793664,-0.168831,-0.139474,0.567574,0.955508,-0.173904,-0.049086,0.233137,0.954472,-0.179504,-0.047718,0.233421,1.000000,
0.954472,-0.179504,-0.047718,0.233421,0.793664,-0.168831,-0.139474,0.567574,0.953721,-0.183451,-0.046752,0.233616,0.954472,-0.179504,-0.047718,0.233421,1.000000,
0.954472,-0.179504,-0.047718,0.233421,0.793664,-0.168831,-0.139474,0.567574,0.955508,-0.173905,-0.049086,0.233137,0.954472,-0.179504,-0.047718,0.233421,1.000000,
0.954472,-0.179504,-0.047718,0.233421,0.793664,-0.168831,-0.139474,0.567574,0.953721,-0.183451,-0.046752,0.233616,0.954472,-0.179504,-0.047718,0.233421,1.000000,
0.954472,-0.179504,-0.047718,0.233421,0.793664,-0.168831,-0.139474,0.567574,0.955508,-0.173905,-0.049086,0.233137,0.954472,-0.179504,-0.047718,0.233421,1.000000,
0.954472,-0.179504,-0.047718,0.233421,0.793664,-0.168831,-0.139474,0.567574,0.953721,-0.183451,-0.046752,0.233616,0.954472,-0.179504,-0.047718,0.233421,1.000000,
0.954472,-0.179504,-0.047718,0.233421,0.793664,-0.168831,-0.139474,0.567574,0.955508,-0.173905,-0.049086,0.233137,0.954472,-0.179504,-0.047718,0.233421,1.000000,
0.954472,-0.179504,-0.047718,0.233421,0.793664,-0.168831,-0.139474,0.567574,0.953721,-0.183451,-0.046752,0.233616,0.954472,-0.179504,-0.047718,0.233421,1.000000,
0.954472,-0.179504,-0.047718,0.233421,0.793664,-0.168831,-0.139474,0.567574,0.955508,-0.173905,-0.049086,0.233137,0.954472,-0.179504,-0.047718,0.233421,1.000000,
0.954472,-0.179504,-0.047718,0.233421,0.793664,-0.168831,-0.139474,0.567574,0.953721,-0.183451,-0.046752,0.233616,0.954472,-0.179504,-0.047718,0.233421,1.000000,
0.954472,-0.179504,-0.047718,0.233421,0.793664,-0.168831,-0.139474,0.567574,0.955508,-0.173905,-0.049086,0.233137,0.954472,-0.179504,-0.047718,0.233421,1.000000,
0.954472,-0.179504,-0.047718,0.233421,0.793664,-0.168831,-0.139474,0.567574,0.953721,-0.183451,-0.046752,0.233616,0.954472,-0.179504,-0.047718,0.233421,1.000000,
0.954472,-0.179504,-0.047718,0.233421,0.793664,-0.168831,-0.139474,0.567574,0.955508,-0.173905,-0.049086,0.233137,0.954472,-0.179504,-0.047718,0.233421,1.000000,
0.954472,-0.179504,-0.047718,0.233421,0.793664,-0.168831,-0.139474,0.567574,0.953721,-0.183451,-0.046752,0.233616,0.954472,-0.179504,-0.047718,0.233421,1.000000,
0.954472,-0.179504,-0.047718,0.233421,0.793664,-0.168831,-0.139474,0.567574,0.955508,-0.173905,-0.049086,0.233137,0.954472,-0.179504,-0.047718,0.233421,1.000000,
0.954472,-0.179504,-0.047718,0.233421,0.793664,-0.168831,-0.139474,0.567574,0.953721,-0.183451,-0.046752,0.233616,0.954472,-0.179504,-0.047718,0.233421,1.000000,
0.954472,-0.179504,-0.047718,0.233421,0.793664,-0.168831,-0.139474,0.567574,0.955508,-0.173905,-0.049086,0.233137,0.954472,-0.179504,-0.047718,0.233421,1.000000,
0.954472,-0.179504,-0.047718,0.233421,0.793664,-0.168831,-0.139474,0.567574,0.953721,-0.183451,-0.046752,0.233616,0.954472,-0.179504,-0.047718,0.233421,1.000000,
0.954472,-0.179504,-0.047718,0.233421,0.793664,-0.168831,-0.139474,0.567574,0.955508,-0.173905,-0.049086,0.233137,0.954472,-0.179504,-0.047718,0.233421,1.000000,
0.954472,-0.179504,-0.047718,0.233421,0.793664,-0.168831,-0.139474,0.567574,0.953721,-0.183452,-0.046752,0.233616,0.954472,-0.179504,-0.047718,0.233421,1.000000,
0.954472,-0.179504,-0.047718,0.233421,0.793664,-0.168831,-0.139474,0.567574,0.955508,-0.173905,-0.049086,0.233137,0.954472,-0.179504,-0.047718,0.233421,1.000000,
0.954472,-0.179504,-0.047718,0.233421,0.793664,-0.168831,-0.139474,0.567574,0.953721,-0.183452,-0.046752,0.233616,0.954472,-0.179504,-0.047718,0.233421,1.000000,
0.954472,-0.179504,-0.047718,0.233421,0.793664,-0.168831,-0.139474,0.567574,0.955508,-0.173905,-0.049086,0.233137,0.954472,-0.179504,-0.047718,0.233421,1.000000,
0.954472,-0.179504,-0.047718,0.233421,0.793664,-0.168831,-0.139474,0.567574,0.953721,-0.183452,-0.046752,0.233616,0.954472,-0.179504,-0.047718,0.233421,1.000000,
0.954472,-0.179504,-0.047718,0.233421,0.793664,-0.168831,-0.139474,0.567574,0.955508,-0.173905,-0.049086,0.233137,0.954472,-0.179504,-0.047718,0.233421,1.000000,
0.954472,-0.179504,-0.047718,0.233421,0.793664,-0.168831,-0.139474,0.567574,0.953721,-0.183452,-0.046752,0.233616,0.954472,-0.179504,-0.047718,0.233421,1.000000,
0.954472,-0.179504,-0.047718,0.233421,0.793664,-0.168831,-0.139474,0.567574,0.955508,-0.173906,-0.049086,0.233137,0.954472,-0.179504,-0.047718,0.233421,1.000000,
0.954472,-0.179504,-0.047718,0.233421,0.793664,-0.168831,-0.139474,0.567574,0.953721,-0.183452,-0.046752,0.233616,0.954472,-0.179504,-0.047718,0.233421,1.000000,
0.954472,-0.179504,-0.047718,0.233421,0.793664,-0.168831,-0.139474,0.567574,0.955507,-0.173906,-0.049086,0.233137,0.954472,-0.179504,-0.047718,0.233421,1.000000,
0.954472,-0.179504,-0.047718,0.233421,0.793664,-0.168831,-0.139474,0.567574,0.953721,-0.183452,-0.046752,0.233616,0.954472,-0.179504,-0.047718,0.233421,1.000000,
0.954472,-0.179504,-0.047718,0.233421,0.793664,-0.168831,-0.139474,0.567574,0.955507,-0.173906,-0.049086,0.233137,0.954472,-0.179504,-0.047718,0.233421,1.000000,
0.954472,-0.179504,-0.047718,0.233421,0.793664,-0.168831,-0.139474,0.567574,0.953721,-0.183452,-0.046752,0.233616,0.954472,-0.179504,-0.047718,0.233421,1.000000,
0.954472,-0.179504,-0.047718,0.233421,0.793664,-0.168831,-0.139474,0.567574,0.955507,-0.173906,-0.049086,0.233137,0.954472,-0.179504,-0.047718,0.233421,1.000000,
0.954472,-0.179504,-0.047718,0.233421,0.793664,-0.168831,-0.139474,0.567574,0.953721,-0.183452,-0.046752,0.233616,0.954472,-0.179504,-0.047718,0.233421,1.000000,
0.954472,-0.179504,-0.047718,0.233421,0.793664,-0.168831,-0.139474,0.567574,0.955507,-0.173906,-0.049086,0.233137,0.954472,-0.179504,-0.047718,0.233421,1.000000,
0.954472,-0.179504,-0.047718,0.233421,0.793664,-0.168831,-0.139474,0.567574,0.953721,-0.183452,-0.046752,0.233616,0.954472,-0.179504,-0.047718,0.233421,1.000000,
0.954472,-0.179504,-0.047718,0.233421,0.793664,-0.168831,-0.139474,0.567574,0.955507,-0.173906,-0.049086,0.233137,0.954472,-0.179504,-0.047718,0.233421,1.000000,
0.954472,-0.179504,-0.047718,0.233421,0.793664,-0.168831,-0.139474,0.567574,0.953721,-0.183452,-0.046752,0.233616,0.954472,-0.179504,-0.047718,0.233421,1.000000,
0.954472,-0.179504,-0.047718,0.233421,0.793664,-0.168831,-0.139474,0.567574,0.955507,-0.173906,-0.049085,0.233137,0.954472,-0.179504,-0.047718,0.233421,1.000000,
0.954472,-0.179504,-0.047718,0.233421,0.793664,-0.168831,-0.139474,0.567574,0.953721,-0.183452,-0.046752,0.233616,0.954472,-0.179504,-0.047718,0.233421,1.000000,
0.954472,-0.179504,-0.047718,0.233421,0.793664,-0.168831,-0.139474,0.567574,0.955507,-0.173906,-0.049085,0.233137,0.954472,-0.179504,-0.047718,0.233421,1.000000,
0.954472,-0.179504,-0.047718,0.233421,0.793664,-0.168831,-0.139474,0.567574,0.953721,-0.183452,-0.046752,0.233616,0.954472,-0.179504,-0.047718,0.233421,1.000000,
0.954472,-0.179504,-0.047718,0.233421,0.793664,-0.168831,-0.139474,0.567574,0.955507,-0.173906,-0.049085,0.233137,0.954472,-0.179504,-0.047718,0.233421,1.000000,
0.954472,-0.179504,-0.047718,0.233421,0.793664,-0.168831,-0.139474,0.567574,0.953721,-0.183452,-0.046752,0.233616,0.954472,-0.179504,-0.047718,0.233421,1.000000,
0.954472,-0.179504,-0.047718,0.233421,0.793664,-0.168831,-0.139474,0.567574,0.955507,-0.173906,-0.049085,0.233137,0.954472,-0.179504,-0.047718,0.233421,1.000000,
0.954472,-0.179504,-0.047718,0.233421,0.793664,-0.168831,-0.139474,0.567574,0.953721,-0.183453,-0.046752,0.233616,0.954472,-0.179504,-0.047718,0.233421,1.000000,
0.954472,-0.179504,-0.047718,0.233421,0.793664,-0.168831,-0.139474,0.567574,0.955507,-0.173906,-0.049085,0.233137,0.954472,-0.179504,-0.047718,0.233421,1.000000,
0.954472,-0.179504,-0.047718,0.233421,0.793664,-0.168831,-0.139474,0.567574,0.953721,-0.183453,-0.046752,0.233616,0.954472,-0.179504,-0.047718,0.233421,1.000000,
0.954472,-0.179504,-0.047718,0.233421,0.793664,-0.168831,-0.139474,0.567574,0.955507,-0.173906,-0.049085,0.233137,0.954472,-0.179504,-0.047718,0.233421,1.000000,
0.954472,-0.179504,-0.047718,0.233421,0.793664,-0.168831,-0.139474,0.567574,0.953721,-0.183453,-0.046752,0.233616,0.954472,-0.179504,-0.047718,0.233421,1.000000,
0.954472,-0.179504,-0.047718,0.233421,0.793664,-0.168831,-0.139474,0.567574,0.955507,-0.173907,-0.049085,0.233137,0.954472,-0.179504,-0.047718,0.233421,1.000000,
0.954472,-0.179504,-0.047718,0.233421,0.793664,-0.168831,-0.139474,0.567574,0.953721,-0.183453,-0.046752,0.233616,0.954472,-0.179504,-0.047718,0.233421,1.000000,
0.954472,-0.179504,-0.047718,0.233421,0.793664,-0.168831,-0.139474,0.567574,0.955507,-0.173907,-0.049085,0.233137,0.954472,-0.179504,-0.047718,0.233421,1.000000,
0.954472,-0.179504,-0.047718,0.233421,0.793664,-0.168831,-0.139474,0.567574,0.953720,-0.183453,-0.046752,0.233616,0.954472,-0.179504,-0.047718,0.233421,1.000000,
0.954472,-0.179504,-0.047718,0.233421,0.793664,-0.168831,-0.139474,0.567574,0.955507,-0.173907,-0.049085,0.233137,0.954472,-0.179504,-0.047718,0.233421,1.000000,
0.954472,-0.179504,-0.047718,0.233421,0.793664,-0.168831,-0.139474,0.567574,0.953720,-0.183453,-0.046752,0.233616,0.954472,-0.179504,-0.047718,0.233421,1.000000,
0.954472,-0.179504,-0.047718,0.233421,0.793664,-0.168831,-0.139474,0.567574,0.955507,-0.173907,-0.049085,0.233137,0.954472,-0.179504,-0.047718,0.233421,1.000000,
0.954472,-0.179504,-0.047718,0.233421,0.793664,-0.168831,-0.139474,0.567574,0.953720,-0.183453,-0.046752,0.233616,0.954472,-0.179504,-0.047718,0.233421,1.000000,
0.954472,-0.179504,-0.047718,0.233421,0.793664,-0.168831,-0.139474,0.567574,0.955507,-0.173907,-0.049085,0.233137,0.954472,-0.179504,-0.047718,0.233421,1.000000,
0.954472,-0.179504,-0.047718,0.233421,0.793664,-0.168831,-0.139474,0.567574,0.953720,-0.183453,-0.046751,0.233616,0.954472,-0.179504,-0.047718,0.233421,1.000000,
0.954472,-0.179504,-0.047718,0.233421,0.793664,-0.168831,-0.139474,0.567574,0.955507,-0.173907,-0.049085,0.233137,0.954472,-0.179504,-0.047718,0.233421,1.000000,
0.954472,-0.179504,-0.047718,0.233421,0.793664,-0.168831,-0.139474,0.567574,0.953720,-0.183453,-0.046751,0.233616,0.954472,-0.179504,-0.047718,0.233421,1.000000,
0.954472,-0.179504,-0.047718,0.233421,0.793664,-0.168831,-0.139474,0.567574,0.955507,-0.173907,-0.049085,0.233137,0.954472,-0.179504,-0.047718,0.233421,1.000000,
0.954472,-0.179504,-0.047718,0.233421,0.793664,-0.168831,-0.139474,0.567574,0.953720,-0.183453,-0.046751,0.233616,0.954472,-0.179504,-0.047718,0.233421,1.000000,
0.954472,-0.179504,-0.047718,0.233421,0.793664,-0.168831,-0.139474,0.567574,0.955507,-0.173907,-0.049085,0.233137,0.954472,-0.179504,-0.047718,0.233421,1.000000,
0.954472,-0.179504,-0.047718,0.233421,0.793664,-0.168831,-0.139474,0.567574,0.953720,-0.183453,-0.046751,0.233616,0.954472,-0.179504,-0.047718,0.233421,1.000000,
0.954472,-0.179504,-0.047718,0.233421,0.793664,-0.168831,-0.139474,0.567574,0.955507,-0.173907,-0.049085,0.233137,0.954472,-0.179504,-0.047718,0.233421,1.000000,
0.954472,-0.179504,-0.047718,0.233421,0.793664,-0.168831,-0.139474,0.567574,0.953720,-0.183453,-0.046751,0.233616,0.954472,-0.179504,-0.047718,0.233421,1.000000,
0.954472,-0.179504,-0.047718,0.233421,0.793664,-0.168831,-0.139474,0.567574,0.955507,-0.173907,-0.049085,0.233137,0.954472,-0.179504,-0.047718,0.233421,1.000000,
0.954472,-0.179504,-0.047718,0.233421,0.793664,-0.168831,-0.139474,0.567574,0.953720,-0.183454,-0.046751,0.233616,0.954472,-0.179504,-0.047718,0.233421,1.000000,
0.954472,-0.179504,-0.047718,0.233421,0.793664,-0.168831,-0.139474,0.567574,0.955507,-0.173907,-0.049085,0.233137,0.954472,-0.179504,-0.047718,0.233421,1.000000,
0.954472,-0.179504,-0.047718,0.233421,0.793664,-0.168831,-0.139474,0.567574,0.953720,-0.183454,-0.046751,0.233616,0.954472,-0.179504,-0.047718,0.233421,1.000000,
0.954472,-0.179504,-0.047718,0.233421,0.793664,-0.168831,-0.139474,0.567574,0.955507,-0.173907,-0.049085,0.233137,0.954472,-0.179504,-0.047718,0.233421,1.000000,
0.954472,-0.179504,-0.047718,0.233421,0.793664,-0.168831,-0.139474,0.567574,0.953720,-0.183454,-0.046751,0.233616,0.954472,-0.179504,-0.047718,0.233421,1.000000,
0.954472,-0.179504,-0.047718,0.233421,0.793664,-0.168831,-0.139474,0.567574,0.955507,-0.173908,-0.049085,0.233137,0.954472,-0.179504,-0.047718,0.233421,1.000000,
0.954472,-0.179504,-0.047718,0.233421,0.793664,-0.168831,-0.139474,0.567574,0.953720,-0.183454,-0.046751,0.233616,0.954472,-0.179504,-0.047718,0.233421,1.000000,
0.954472,-0.179504,-0.047718,0.233421,0.793664,-0.168831,-0.139474,0.567574,0.955507,-0.173908,-0.049085,0.233137,0.954472,-0.179504,-0.047718,0.233421,1.000000,
0.954472,-0.179504,-0.047718,0.233421,0.793664,-0.168831,-0.139474,0.567574,0.953720,-0.183454,-0.046751,0.233616,0.954472,-0.179504,-0.047718,0.233421,1.000000,
0.954472,-0.179504,-0.047718,0.233421,0.793664,-0.168831,-0.139474,0.567574,0.955507,-0.173908,-0.049085,0.233137,0.954472,-0.179504,-0.047718,0.233421,1.000000,
0.954472,-0.179504,-0.047718,0.233421,0.793664,-0.168831,-0.139474,0.567574,0.953720,-0.183454,-0.046751,0.233616,0.954472,-0.179504,-0.047718,0.233421,1.000000,
0.954472,-0.179504,-0.047718,0.233421,0.793664,-0.168831,-0.139474,0.567574,0.955507,-0.173908,-0.049085,0.233137,0.954472,-0.179504,-0.047718,0.233421,1.000000,
0.954472,-0.179504,-0.047718,0.233421,0.793664,-0.168831,-0.139474,0.567574,0.953720,-0.183454,-0.046751,0.233616,0.954472,-0.179504,-0.047718,0.233421,1.000000,
0.954472,-0.179504,-0.047718,0.233421,0.793664,-0.168831,-0.139474,0.567574,0.955507,-0.173908,-0.049085,0.233137,0.954472,-0.179504,-0.047718,0.233421,1.000000,
0.954472,-0.179504,-0.047718,0.233421,0.793664,-0.168831,-0.139474,0.567574,0.953720,-0.183454,-0.046751,0.233616,0.954472,-0.179504,-0.047718,0.233421,1.000000,
0.954472,-0.179504,-0.047718,0.233421,0.793664,-0.168831,-0.139474,0.567574,0.955507,-0.173908,-0.049085,0.233137,0.954472,-0.179504,-0.047718,0.233421,1.000000,
0.954472,-0.179504,-0.047718,0.233421,0.793664,-0.168831,-0.139474,0.567574,0.953720,-0.183454,-0.046751,0.233616,0.954472,-0.179504,-0.047718,0.233421,1.000000,
0.954472,-0.179504,-0.047718,0.233421,0.793664,-0.168831,-0.139474,0.567574,0.955507,-0.173908,-0.049085,0.233137,0.954472,-0.179504,-0.047718,0.233421,1.000000,
0.954472,-0.179504,-0.047718,0.233421,0.793664,-0.168831,-0.139474,0.567574,0.953720,-0.183454,-0.046751,0.233616,0.954472,-0.179504,-0.047718,0.233421,1.000000,
0.954472,-0.179504,-0.047718,0.233421,0.793664,-0.168831,-0.139474,0.567574,0.955507,-0.173908,-0.049085,0.233137,0.954472,-0.179504,-0.047718,0.233421,1.000000,
0.954472,-0.179504,-0.047718,0.233421,0.793664,-0.168831,-0.139474,0.567574,0.953720,-0.183454,-0.046751,0.233616,0.954472,-0.179504,-0.047718,0.233421,1.000000,
0.954472,-0.179504,-0.047718,0.233421,0.793664,-0.168831,-0.139474,0.567574,0.955507,-0.173908,-0.049085,0.233137,0.954472,-0.179504,-0.047718,0.233421,1.000000,
0.954472,-0.179504,-0.047718,0.233421,0.793664,-0.168831,-0.139474,0.567574,0.953720,-0.183454,-0.046751,0.233616,0.954472,-0.179504,-0.047718,0.233421,1.000000,
0.954472,-0.179504,-0.047718,0.233421,0.793664,-0.168831,-0.139474,0.567574,0.955507,-0.173908,-0.049085,0.233137,0.954472,-0.179504,-0.047718,0.233421,1.000000,
0.954472,-0.179504,-0.047718,0.233421,0.793664,-0.168831,-0.139474,0.567574,0.953720,-0.183455,-0.046751,0.233616,0.954472,-0.179504,-0.047718,0.233421,1.000000,
0.954472,-0.179504,-0.047718,0.233421,0.793664,-0.168831,-0.139474,0.567574,0.955507,-0.173908,-0.049085,0.233137,0.954472,-0.179504,-0.047718,0.233421,1.000000,
0.954472,-0.179504,-0.047718,0.233421,0.793664,-0.168831,-0.139474,0.567574,0.953720,-0.183455,-0.046751,0.233616,0.954472,-0.179504,-0.047718,0.233421,1.000000,
0.954472,-0.179504,-0.047718,0.233421,0.793664,-0.168831,-0.139474,0.567574,0.955507,-0.173908,-0.049085,0.233137,0.954472,-0.179504,-0.047718,0.233421,1.000000,
0.954472,-0.179504,-0.047718,0.233421,0.793664,-0.168831,-0.139474,0.567574,0.953720,-0.183455,-0.046751,0.233616,0.954472,-0.179504,-0.047718,0.233421,1.000000,
0.954472,-0.179504,-0.047718,0.233421,0.793664,-0.168831,-0.139474,0.567574,0.955507,-0.173908,-0.049085,0.233137,0.954472,-0.179504,-0.047718,0.233421,1.000000,
0.954472,-0.179504,-0.047718,0.233421,0.793664,-0.168831,-0.139474,0.567574,0.953720,-0.183455,-0.046751,0.233616,0.954472,-0.179504,-0.047718,0.233421,1.000000,
0.954472,-0.179504,-0.047718,0.233421,0.793664,-0.168831,-0.139474,0.567574,0.955507,-0.173909,-0.049085,0.233137,0.954472,-0.179504,-0.047718,0.233421,1.000000,
0.954472,-0.179504,-0.047718,0.233421,0.793664,-0.168831,-0.139474,0.567574,0.953720,-0.183455,-0.046751,0.233616,0.954472,-0.179504,-0.047718,0.233421,1.000000,
0.954472,-0.179504,-0.047718,0.233421,0.793664,-0.168831,-0.139474,0.567574,0.955507,-0.173909,-0.049085,0.233137,0.954472,-0.179504,-0.047718,0.233421,1.000000,
0.954472,-0.179504,-0.047718,0.233421,0.793664,-0.168831,-0.139474,0.567574,0.953720,-0.183455,-0.046751,0.233616,0.954472,-0.179504,-0.047718,0.233421,1.000000,
0.954472,-0.179504,-0.047718,0.233421,0.793664,-0.168831,-0.139474,0.567574,0.955507,-0.173909,-0.049085,0.233137,0.954472,-0.179504,-0.047718,0.233421,1.000000,
0.954472,-0.179504,-0.047718,0.233421,0.793664,-0.168831,-0.139474,0.567574,0.953720,-0.183455,-0.046751,0.233616,0.954472,-0.179504,-0.047718,0.233421,1.000000,
0.954472,-0.179504,-0.047718,0.233421,0.793664,-0.168831,-0.139474,0.567574,0.955507,-0.173909,-0.049085,0.233137,0.954472,-0.179504,-0.047718,0.233421,1.000000,
0.954472,-0.179504,-0.047718,0.233421,0.793664,-0.168831,-0.139474,0.567574,0.953720,-0.183455,-0.046751,0.233616,0.954472,-0.179504,-0.047718,0.233421,1.000000,
0.954472,-0.179504,-0.047718,0.233421,0.793664,-0.168831,-0.139474,0.567574,0.955507,-0.173909,-0.049085,0.233137,0.954472,-0.179504,-0.047718,0.233421,1.000000,
0.954472,-0.179504,-0.047718,0.233421,0.793664,-0.168831,-0.139474,0.567574,0.953720,-0.183455,-0.046751,0.233616,0.954472,-0.179504,-0.047718,0.233421,1.000000,
0.954472,-0.179504,-0.047718,0.233421,0.793664,-0.168831,-0.139474,0.567574,0.955507,-0.173909,-0.049085,0.233137,0.954472,-0.179504,-0.047718,0.233421,1.000000,
0.954472,-0.179504,-0.047718,0.233421,0.793664,-0.168831,-0.139474,0.567574,0.953720,-0.183455,-0.046751,0.233616,0.954472,-0.179504,-0.047718,0.233421,1.000000,
0.954472,-0.179504,-0.047718,0.233421,0.793664,-0.168831,-0.139474,0.567574,0.955507,-0.173909,-0.049085,0.233137,0.954472,-0.179504,-0.047718,0.233421,1.000000,
0.954472,-0.179504,-0.047718,0.233421,0.793664,-0.168831,-0.139474,0.567574,0.953720,-0.183455,-0.046751,0.233616,0.954472,-0.179504,-0.047718,0.233421,1.000000,
0.954472,-0.179504,-0.047718,0.233421,0.793664,-0.168831,-0.139474,0.567574,0.955507,-0.173909,-0.049085,0.233137,0.954472,-0.179504,-0.047718,0.233421,1.000000,
0.954472,-0.179504,-0.047718,0.233421,0.793664,-0.168831,-0.139474,0.567574,0.953720,-0.183455,-0.046751,0.233616,0.954472,-0.179504,-0.047718,0.233421,1.000000,
0.954472,-0.179504,-0.047718,0.233421,0.793664,-0.168831,-0.139474,0.567574,0.955507,-0.173909,-0.049085,0.233137,0.954472,-0.179504,-0.047718,0.233421,1.000000,
0.954472,-0.179504,-0.047718,0.233421,0.793664,-0.168831,-0.139474,0.567574,0.953720,-0.183456,-0.046751,0.233616,0.954472,-0.179504,-0.047718,0.233421,1.000000,
0.954472,-0.179504,-0.047718,0.233421,0.793664,-0.168831,-0.139474,0.567574,0.955507,-0.173909,-0.049085,0.233137,0.954472,-0.179504,-0.047718,0.233421,1.000000,
0.954472,-0.179504,-0.047718,0.233421,0.793664,-0.168831,-0.139474,0.567574,0.953720,-0.183456,-0.046751,0.233616,0.954472,-0.179504,-0.047718,0.233421,1.000000,
0.954472,-0.179504,-0.047718,0.233421,0.793664,-0.168831,-0.139474,0.567574,0.955507,-0.173909,-0.049085,0.233137,0.954472,-0.179504,-0.047718,0.233421,1.000000,
0.954472,-0.179504,-0.047718,0.233421,0.793664,-0.168831,-0.139474,0.567574,0.953720,-0.183456,-0.046751,0.233616,0.954472,-0.179504,-0.047718,0.233421,1.000000,
0.954472,-0.179504,-0.047718,0.233421,0.793664,-0.168831,-0.139474,0.567574,0.955507,-0.173909,-0.049085,0.233137,0.954472,-0.179504,-0.047718,0.233421,1.000000,
0.954472,-0.179504,-0.047718,0.233421,0.793664,-0.168831,-0.139474,0.567574,0.953720,-0.183456,-0.046751,0.233616,0.954472,-0.179504,-0.047718,0.233421,1.000000,
0.954472,-0.179504,-0.047718,0.233421,0.793664,-0.168831,-0.139474,0.567574,0.955507,-0.173910,-0.049085,0.233137,0.954472,-0.179504,-0.047718,0.233421,1.000000,
0.954472,-0.179504,-0.047718,0.233421,0.793664,-0.168831,-0.139474,0.567574,0.953720,-0.183456,-0.046751,0.233616,0.954472,-0.179504,-0.047718,0.233421,1.000000,
0.954472,-0.179504,-0.047718,0.233421,0.793664,-0.168831,-0.139474,0.567574,0.955507,-0.173910,-0.049085,0.233137,0.954472,-0.179504,-0.047718,0.233421,1.000000,
0.954472,-0.179504,-0.047718,0.233421,0.793664,-0.168831,-0.139474,0.567574,0.953720,-0.183456,-0.046751,0.233616,0.954472,-0.179504,-0.047718,0.233421,1.000000,
0.954472,-0.179504,-0.047718,0.233421,0.793664,-0.168831,-0.139474,0.567574,0.955507,-0.173910,-0.049085,0.233137,0.954472,-0.179504,-0.047718,0.233421,1.000000,
0.954472,-0.179504,-0.047718,0.233421,0.793664,-0.168831,-0.139474,0.567574,0.953720,-0.183456,-0.046751,0.233616,0.954472,-0.179504,-0.047718,0.233421,1.000000,
0.954472,-0.179504,-0.047718,0.233421,0.793664,-0.168831,-0.139474,0.567574,0.955507,-0.173910,-0.049085,0.233137,0.954472,-0.179504,-0.047718,0.233421,1.000000,
0.954472,-0.179504,-0.047718,0.233421,0.793664,-0.168831,-0.139474,0.567574,0.953720,-0.183456,-0.046751,0.233616,0.954472,-0.179504,-0.047718,0.233421,1.000000,
0.954472,-0.179504,-0.047718,0.233421,0.793664,-0.168831,-0.139474,0.567574,0.955507,-0.173910,-0.049085,0.233137,0.954472,-0.179504,-0.047718,0.233421,1.000000,
0.954472,-0.179504,-0.047718,0.233421,0.793664,-0.168831,-0.139474,0.567574,0.953720,-0.183456,-0.046751,0.233616,0.954472,-0.179504,-0.047718,0.233421,1.000000,
0.954472,-0.179504,-0.047718,0.233421,0.793664,-0.168831,-0.139474,0.567574,0.955507,-0.173910,-0.049085,0.233137,0.954472,-0.179504,-0.047718,0.233421,1.000000,
0.954472,-0.179504,-0.047718,0.233421,0.793664,-0.168831,-0.139474,0.567574,0.953720,-0.183456,-0.046751,0.233616,0.954472,-0.179504,-0.047718,0.233421,1.000000,
0.954472,-0.179504,-0.047718,0.233421,0.793664,-0.168831,-0.139474,0.567574,0.955507,-0.173910,-0.049085,0.233137,0.954472,-0.179504,-0.047718,0.233421,1.000000,
0.954472,-0.179504,-0.047718,0.233421,0.793664,-0.168831,-0.139474,0.567574,0.953720,-0.183456,-0.046751,0.233616,0.954472,-0.179504,-0.047718,0.233421,1.000000,
0.954472,-0.179504,-0.047718,0.233421,0.793664,-0.168831,-0.139474,0.567574,0.955507,-0.173910,-0.049084,0.233137,0.954472,-0.179504,-0.047718,0.233421,1.000000,
0.954472,-0.179504,-0.047718,0.233421,0.793664,-0.168831,-0.139474,0.567574,0.953720,-0.183456,-0.046751,0.233616,0.954472,-0.179504,-0.047718,0.233421,1.000000,
0.954472,-0.179504,-0.047718,0.233421,0.793664,-0.168831,-0.139474,0.567574,0.955507,-0.173910,-0.049084,0.233137,0.954472,-0.179504,-0.047718,0.233421,1.000000,
0.954472,-0.179504,-0.047718,0.233421,0.793664,-0.168831,-0.139474,0.567574,0.953720,-0.183457,-0.046751,0.233616,0.954472,-0.179504,-0.047718,0.233421,1.000000,
0.954472,-0.179504,-0.047718,0.233421,0.793664,-0.168831,-0.139474,0.567574,0.955507,-0.173910,-0.049084,0.233137,0.954472,-0.179504,-0.047718,0.233421,1.000000,
0.954472,-0.179504,-0.047718,0.233421,0.793664,-0.168831,-0.139474,0.567574,0.953720,-0.183457,-0.046751,0.233616,0.954472,-0.179504,-0.047718,0.233421,1.000000,
0.954472,-0.179504,-0.047718,0.233421,0.793664,-0.168831,-0.139474,0.567574,0.955507,-0.173910,-0.049084,0.233137,0.954472,-0.179504,-0.047718,0.233421,1.000000,
0.954472,-0.179504,-0.047718,0.233421,0.793664,-0.168831,-0.139474,0.567574,0.953720,-0.183457,-0.046751,0.233616,0.954472,-0.179504,-0.047718,0.233421,1.000000,
0.954472,-0.179504,-0.047718,0.233421,0.793664,-0.168831,-0.139474,0.567574,0.955507,-0.173910,-0.049084,0.233137,0.954472,-0.179504,-0.047718,0.233421,1.000000,
0.954472,-0.179504,-0.047718,0.233421,0.793664,-0.168831,-0.139474,0.567574,0.953720,-0.183457,-0.046751,0.233616,0.954472,-0.179504,-0.047718,0.233421,1.000000,
0.954472,-0.179504,-0.047718,0.233421,0.793664,-0.168831,-0.139474,0.567574,0.955507,-0.173911,-0.049084,0.233137,0.954472,-0.179504,-0.047718,0.233421,1.000000,
0.954472,-0.179504,-0.047718,0.233421,0.793664,-0.168831,-0.139474,0.567574,0.953720,-0.183457,-0.046751,0.233616,0.954472,-0.179504,-0.047718,0.233421,1.000000,
0.954472,-0.179504,-0.047718,0.233421,0.793664,-0.168831,-0.139474,0.567574,0.955507,-0.173911,-0.049084,0.233137,0.954472,-0.179504,-0.047718,0.233421,1.000000,
0.954472,-0.179504,-0.047718,0.233421,0.793664,-0.168831,-0.139474,0.567574,0.953720,-0.183457,-0.046751,0.233616,0.954472,-0.179504,-0.047718,0.233421,1.000000,
0.954472,-0.179504,-0.047718,0.233421,0.793664,-0.168831,-0.139474,0.567574,0.955507,-0.173911,-0.049084,0.233137,0.954472,-0.179504,-0.047718,0.233421,1.000000,
0.954472,-0.179504,-0.047718,0.233421,0.793664,-0.168831,-0.139474,0.567574,0.953720,-0.183457,-0.046751,0.233616,0.954472,-0.179504,-0.047718,0.233421,1.000000,
0.954472,-0.179504,-0.047718,0.233421,0.793664,-0.168831,-0.139474,0.567574,0.955507,-0.173911,-0.049084,0.233137,0.954472,-0.179504,-0.047718,0.233421,1.000000,
0.954472,-0.179504,-0.047718,0.233421,0.793664,-0.168831,-0.139474,0.567574,0.953720,-0.183457,-0.046751,0.233616,0.954472,-0.179504,-0.047718,0.233421,1.000000,
0.954472,-0.179504,-0.047718,0.233421,0.793664,-0.168831,-0.139474,0.567574,0.955507,-0.173911,-0.049084,0.233137,0.954472,-0.179504,-0.047718,0.233421,1.000000,
0.954472,-0.179504,-0.047718,0.233421,0.793664,-0.168831,-0.139474,0.567574,0.953720,-0.183457,-0.046751,0.233616,0.954472,-0.179504,-0.047718,0.233421,1.000000,
0.954472,-0.179504,-0.047718,0.233421,0.793664,-0.168831,-0.139474,0.567574,0.955507,-0.173911,-0.049084,0.233137,0.954472,-0.179504,-0.047718,0.233421,1.000000,
0.954472,-0.179504,-0.047718,0.233421,0.793664,-0.168831,-0.139474,0.567574,0.953720,-0.183457,-0.046750,0.233616,0.954472,-0.179504,-0.047718,0.233421,1.000000,
0.954472,-0.179504,-0.047718,0.233421,0.793664,-0.168831,-0.139474,0.567574,0.955507,-0.173911,-0.049084,0.233137,0.954472,-0.179504,-0.047718,0.233421,1.000000,
0.954472,-0.179504,-0.047718,0.233421,0.793664,-0.168831,-0.139474,0.567574,0.953720,-0.183457,-0.046750,0.233616,0.954472,-0.179504,-0.047718,0.233421,1.000000,
0.954472,-0.179504,-0.047718,0.233421,0.793664,-0.168831,-0.139474,0.567574,0.955506,-0.173911,-0.049084,0.233137,0.954472,-0.179504,-0.047718,0.233421,1.000000,
0.954472,-0.179504,-0.047718,0.233421,0.793664,-0.168831,-0.139474,0.567574,0.953720,-0.183457,-0.046750,0.233616,0.954472,-0.179504,-0.047718,0.233421,1.000000,
0.954472,-0.179504,-0.047718,0.233421,0.793664,-0.168831,-0.139474,0.567574,0.955506,-0.173911,-0.049084,0.233137,0.954472,-0.179504,-0.047718,0.233421,1.000000,
0.954472,-0.179504,-0.047718,0.233421,0.793664,-0.168831,-0.139474,0.567574,0.953720,-0.183457,-0.046750,0.233616,0.954472,-0.179504,-0.047718,0.233421,1.000000,
0.954472,-0.179504,-0.047718,0.233421,0.793664,-0.168831,-0.139474,0.567574,0.955506,-0.173911,-0.049084,0.233137,0.954472,-0.179504,-0.047718,0.233421,1.000000,
0.954472,-0.179504,-0.047718,0.233421,0.793664,-0.168831,-0.139474,0.567574,0.953720,-0.183458,-0.046750,0.233616,0.954472,-0.179504,-0.047718,0.233421,1.000000,
0.954472,-0.179504,-0.047718,0.233421,0.793664,-0.168831,-0.139474,0.567574,0.955506,-0.173911,-0.049084,0.233137,0.954472,-0.179504,-0.047718,0.233421,1.000000,
0.954472,-0.179504,-0.047718,0.233421,0.793664,-0.168831,-0.139474,0.567574,0.953720,-0.183458,-0.046750,0.233616,0.954472,-0.179504,-0.047718,0.233421,1.000000,
0.954472,-0.179504,-0.047718,0.233421,0.793664,-0.168831,-0.139474,0.567574,0.955506,-0.173911,-0.049084,0.233137,0.954472,-0.179504,-0.047718,0.233421,1.000000,
0.954472,-0.179504,-0.047718,0.233421,0.793664,-0.168831,-0.139474,0.567574,0.953720,-0.183458,-0.046750,0.233616,0.954472,-0.179504,-0.047718,0.233421,1.000000,
0.954472,-0.179504,-0.047718,0.233421,0.793664,-0.168831,-0.139474,0.567574,0.955506,-0.173912,-0.049084,0.233137,0.954472,-0.179504,-0.047718,0.233421,1.000000,
0.954472,-0.179504,-0.047718,0.233421,0.793664,-0.168831,-0.139474,0.567574,0.953720,-0.183458,-0.046750,0.233616,0.954472,-0.179504,-0.047718,0.233421,1.000000,
0.954472,-0.179504,-0.047718,0.233421,0.793664,-0.168831,-0.139474,0.567574,0.955506,-0.173912,-0.049084,0.233137,0.954472,-0.179504,-0.047718,0.233421,1.000000,
0.954472,-0.179504,-0.047718,0.233421,0.793664,-0.168831,-0.139474,0.567574,0.953720,-0.183458,-0.046750,0.233616,0.954472,-0.179504,-0.047718,0.233421,1.000000,
0.954472,-0.179504,-0.047718,0.233421,0.793664,-0.168831,-0.139474,0.567574,0.955506,-0.173912,-0.049084,0.233137,0.954472,-0.179504,-0.047718,0.233421,1.000000,
0.954472,-0.179504,-0.047718,0.233421,0.793664,-0.168831,-0.139474,0.567574,0.953720,-0.183458,-0.046750,0.233616,0.954472,-0.179504,-0.047718,0.233421,1.000000,
0.954472,-0.179504,-0.047718,0.233421,0.793664,-0.168831,-0.139474,0.567574,0.955506,-0.173912,-0.049084,0.233137,0.954472,-0.179504,-0.047718,0.233421,1.000000,
0.954472,-0.179504,-0.047718,0.233421,0.793664,-0.168831,-0.139474,0.567574,0.953719,-0.183458,-0.046750,0.233616,0.954472,-0.179504,-0.047718,0.233421,1.000000,
0.954472,-0.179504,-0.047718,0.233421,0.793664,-0.168831,-0.139474,0.567574,0.955506,-0.173912,-0.049084,0.233137,0.954472,-0.179504,-0.047718,0.233421,1.000000,
0.954472,-0.179504,-0.047718,0.233421,0.793664,-0.168831,-0.139474,0.567574,0.953719,-0.183458,-0.046750,0.233617,0.954472,-0.179504,-0.047718,0.233421,1.000000,
0.954472,-0.179504,-0.047718,0.233421,0.793664,-0.168831,-0.139474,0.567574,0.955506,-0.173912,-0.049084,0.233137,0.954472,-0.179504,-0.047718,0.233421,1.000000,
0.954472,-0.179504,-0.047718,0.233421,0.793664,-0.168831,-0.139474,0.567574,0.953719,-0.183458,-0.046750,0.233617,0.954472,-0.179504,-0.047718,0.233421,1.000000,
0.954472,-0.179504,-0.047718,0.233421,0.793664,-0.168831,-0.139474,0.567574,0.955506,-0.173912,-0.049084,0.233137,0.954472,-0.179504,-0.047718,0.233421,1.000000,
0.954472,-0.179504,-0.047718,0.233421,0.793664,-0.168831,-0.139474,0.567574,0.953719,-0.183458,-0.046750,0.233617,0.954472,-0.179504,-0.047718,0.233421,1.000000,
0.954472,-0.179504,-0.047718,0.233421,0.793664,-0.168831,-0.139474,0.567574,0.955506,-0.173912,-0.049084,0.233137,0.954472,-0.179504,-0.047718,0.233421,1.000000,
0.954472,-0.179504,-0.047718,0.233421,0.793664,-0.168831,-0.139474,0.567574,0.953719,-0.183458,-0.046750,0.233617,0.954472,-0.179504,-0.047718,0.233421,1.000000,
0.954472,-0.179504,-0.047718,0.233421,0.793664,-0.168831,-0.139474,0.567574,0.955506,-0.173912,-0.049084,0.233137,0.954472,-0.179504,-0.047718,0.233421,1.000000,
0.954472,-0.179504,-0.047718,0.233421,0.793664,-0.168831,-0.139474,0.567574,0.953719,-0.183458,-0.046750,0.233617,0.954472,-0.179504,-0.047718,0.233421,1.000000,
0.954472,-0.179504,-0.047718,0.233421,0.793664,-0.168831,-0.139474,0.567574,0.955506,-0.173912,-0.049084,0.233137,0.954472,-0.179504,-0.047718,0.233421,1.000000,
0.954472,-0.179504,-0.047718,0.233421,0.793664,-0.168831,-0.139474,0.567574,0.953719,-0.183459,-0.046750,0.233617,0.954472,-0.179504,-0.047718,0.233421,1.000000,
0.954472,-0.179504,-0.047718,0.233421,0.793664,-0.168831,-0.139474,0.567574,0.955506,-0.173912,-0.049084,0.233137,0.954472,-0.179504,-0.047718,0.233421,1.000000,
0.954472,-0.179504,-0.047718,0.233421,0.793664,-0.168831,-0.139474,0.567574,0.953719,-0.183459,-0.046750,0.233617,0.954472,-0.179504,-0.047718,0.233421,1.000000,
0.954472,-0.179504,-0.047718,0.233421,0.793664,-0.168831,-0.139474,0.567574,0.955506,-0.173912,-0.049084,0.233137,0.954472,-0.179504,-0.047718,0.233421,1.000000,
0.954472,-0.179504,-0.047718,0.233421,0.793664,-0.168831,-0.139474,0.567574,0.953719,-0.183459,-0.046750,0.233617,0.954472,-0.179504,-0.047718,0.233421,1.000000,
0.954472,-0.179504,-0.047718,0.233421,0.793664,-0.168831,-0.139474,0.567574,0.955506,-0.173913,-0.049084,0.233137,0.954472,-0.179504,-0.047718,0.233421,1.000000,
0.954472,-0.179504,-0.047718,0.233421,0.793664,-0.168831,-0.139474,0.567574,0.953719,-0.183459,-0.046750,0.233617,0.954472,-0.179504,-0.047718,0.233421,1.000000,
0.954472,-0.179504,-0.047718,0.233421,0.793664,-0.168831,-0.139474,0.567574,0.955506,-0.173913,-0.049084,0.233137,0.954472,-0.179504,-0.047718,0.233421,1.000000,
0.954472,-0.179504,-0.047718,0.233421,0.793664,-0.168831,-0.139474,0.567574,0.953719,-0.183459,-0.046750,0.233617,0.954472,-0.179504,-0.047718,0.233421,1.000000,
0.954472,-0.179504,-0.047718,0.233421,0.793664,-0.168831,-0.139474,0.567574,0.955506,-0.173913,-0.049084,0.233137,0.954472,-0.179504,-0.047718,0.233421,1.000000,
0.954472,-0.179504,-0.047718,0.233421,0.793664,-0.168831,-0.139474,0.567574,0.953719,-0.183459,-0.046750,0.233617,0.954472,-0.179504,-0.047718,0.233421,1.000000,
0.954472,-0.179504,-0.047718,0.233421,0.793664,-0.168831,-0.139474,0.567574,0.955506,-0.173913,-0.049084,0.233137,0.954472,-0.179504,-0.047718,0.233421,1.000000,
0.954472,-0.179504,-0.047718,0.233421,0.793664,-0.168831,-0.139474,0.567574,0.953719,-0.183459,-0.046750,0.233617,0.954472,-0.179504,-0.047718,0.233421,1.000000,
0.954472,-0.179504,-0.047718,0.233421,0.793664,-0.168831,-0.139474,0.567574,0.955506,-0.173913,-0.049084,0.233137,0.954472,-0.179504,-0.047718,0.233421,1.000000,
0.954472,-0.179504,-0.047718,0.233421,0.793664,-0.168831,-0.139474,0.567574,0.953719,-0.183459,-0.046750,0.233617,0.954472,-0.179504,-0.047718,0.233421,1.000000,
0.954472,-0.179504,-0.047718,0.233421,0.793664,-0.168831,-0.139474,0.567574,0.955506,-0.173913,-0.049084,0.233137,0.954472,-0.179504,-0.047718,0.233421,1.000000,
0.954472,-0.179504,-0.047718,0.233421,0.793664,-0.168831,-0.139474,0.567574,0.953719,-0.183459,-0.046750,0.233617,0.954472,-0.179504,-0.047718,0.233421,1.000000,
0.954472,-0.179504,-0.047718,0.233421,0.793664,-0.168831,-0.139474,0.567574,0.955506,-0.173913,-0.049084,0.233137,0.954472,-0.179504,-0.047718,0.233421,1.000000,
0.954472,-0.179504,-0.047718,0.233421,0.793664,-0.168831,-0.139474,0.567574,0.953719,-0.183459,-0.046750,0.233617,0.954472,-0.179504,-0.047718,0.233421,1.000000,
0.954472,-0.179504,-0.047718,0.233421,0.793664,-0.168831,-0.139474,0.567574,0.955506,-0.173913,-0.049084,0.233137,0.954472,-0.179504,-0.047718,0.233421,1.000000,
0.954472,-0.179504,-0.047718,0.233421,0.793664,-0.168831,-0.139474,0.567574,0.953719,-0.183459,-0.046750,0.233617,0.954472,-0.179504,-0.047718,0.233421,1.000000,
0.954472,-0.179504,-0.047718,0.233421,0.793664,-0.168831,-0.139474,0.567574,0.955506,-0.173913,-0.049084,0.233137,0.954472,-0.179504,-0.047718,0.233421,1.000000,
0.954472,-0.179504,-0.047718,0.233421,0.793664,-0.168831,-0.139474,0.567574,0.953719,-0.183459,-0.046750,0.233617,0.954472,-0.179504,-0.047718,0.233421,1.000000,
0.954472,-0.179504,-0.047718,0.233421,0.793664,-0.168831,-0.139474,0.567574,0.955506,-0.173913,-0.049084,0.233137,0.954472,-0.179504,-0.047718,0.233421,1.000000,
0.954472,-0.179504,-0.047718,0.233421,0.793664,-0.168831,-0.139474,0.567574,0.953719,-0.183460,-0.046750,0.233617,0.954472,-0.179504,-0.047718,0.233421,1.000000,
0.954472,-0.179504,-0.047718,0.233421,0.793664,-0.168831,-0.139474,0.567574,0.955506,-0.173913,-0.049084,0.233137,0.954472,-0.179504,-0.047718,0.233421,1.000000,
0.954472,-0.179504,-0.047718,0.233421,0.793664,-0.168831,-0.139474,0.567574,0.953719,-0.183460,-0.046750,0.233617,0.954472,-0.179504,-0.047718,0.233421,1.000000,
0.954472,-0.179504,-0.047718,0.233421,0.793664,-0.168831,-0.139474,0.567574,0.955506,-0.173913,-0.049084,0.233137,0.954472,-0.179504,-0.047718,0.233421,1.000000,
0.954472,-0.179504,-0.047718,0.233421,0.793664,-0.168831,-0.139474,0.567574,0.953719,-0.183460,-0.046750,0.233617,0.954472,-0.179504,-0.047718,0.233421,1.000000,
0.954472,-0.179504,-0.047718,0.233421,0.793664,-0.168831,-0.139474,0.567574,0.955506,-0.173913,-0.049084,0.233137,0.954472,-0.179504,-0.047718,0.233421,1.000000,
0.954472,-0.179504,-0.047718,0.233421,0.793664,-0.168831,-0.139474,0.567574,0.953719,-0.183460,-0.046750,0.233617,0.954472,-0.179504,-0.047718,0.233421,1.000000,
0.954472,-0.179504,-0.047718,0.233421,0.793664,-0.168831,-0.139474,0.567574,0.955506,-0.173914,-0.049084,0.233137,0.954472,-0.179504,-0.047718,0.233421,1.000000,
0.954472,-0.179504,-0.047718,0.233421,0.793664,-0.168831,-0.139474,0.567574,0.953719,-0.183460,-0.046750,0.233617,0.954472,-0.179504,-0.047718,0.233421,1.000000,
0.954472,-0.179504,-0.047718,0.233421,0.793664,-0.168831,-0.139474,0.567574,0.955506,-0.173914,-0.049084,0.233137,0.954472,-0.179504,-0.047718,0.233421,1.000000,
0.954472,-0.179504,-0.047718,0.233421,0.793664,-0.168831,-0.139474,0.567574,0.953719,-0.183460,-0.046750,0.233617,0.954472,-0.179504,-0.047718,0.233421,1.000000,
0.954472,-0.179504,-0.047718,0.233421,0.793664,-0.168831,-0.139474,0.567574,0.955506,-0.173914,-0.049084,0.233137,0.954472,-0.179504,-0.047718,0.233421,1.000000,
0.954472,-0.179504,-0.047718,0.233421,0.793664,-0.168831,-0.139474,0.567574,0.953719,-0.183460,-0.046750,0.233617,0.954472,-0.179504,-0.047718,0.233421,1.000000,
0.954472,-0.179504,-0.047718,0.233421,0.793664,-0.168831,-0.139474,0.567574,0.955506,-0.173914,-0.049084,0.233137,0.954472,-0.179504,-0.047718,0.233421,1.000000,
0.954472,-0.179504,-0.047718,0.233421,0.793664,-0.168831,-0.139474,0.567574,0.953719,-0.183460,-0.046750,0.233617,0.954472,-0.179504,-0.047718,0.233421,1.000000,
0.954472,-0.179504,-0.047718,0.233421,0.793664,-0.168831,-0.139474,0.567574,0.955506,-0.173914,-0.049084,0.233137,0.954472,-0.179504,-0.047718,0.233421,1.000000,
0.954472,-0.179504,-0.047718,0.233421,0.793664,-0.168831,-0.139474,0.567574,0.953719,-0.183460,-0.046750,0.233617,0.954472,-0.179504,-0.047718,0.233421,1.000000,
0.954472,-0.179504,-0.047718,0.233421,0.793664,-0.168831,-0.139474,0.567574,0.955506,-0.173914,-0.049084,0.233137,0.954472,-0.179504,-0.047718,0.233421,1.000000,
0.954472,-0.179504,-0.047718,0.233421,0.793664,-0.168831,-0.139474,0.567574,0.953719,-0.183460,-0.046750,0.233617,0.954472,-0.179504,-0.047718,0.233421,1.000000,
0.954472,-0.179504,-0.047718,0.233421,0.793664,-0.168831,-0.139474,0.567574,0.955506,-0.173914,-0.049084,0.233137,0.954472,-0.179504,-0.047718,0.233421,1.000000,
0.954472,-0.179504,-0.047718,0.233421,0.793664,-0.168831,-0.139474,0.567574,0.953719,-0.183460,-0.046750,0.233617,0.954472,-0.179504,-0.047718,0.233421,1.000000,
0.954472,-0.179504,-0.047718,0.233421,0.793664,-0.168831,-0.139474,0.567574,0.955506,-0.173914,-0.049084,0.233137,0.954472,-0.179504,-0.047718,0.233421,1.000000,
0.954472,-0.179504,-0.047718,0.233421,0.793664,-0.168831,-0.139474,0.567574,0.953719,-0.183460,-0.046750,0.233617,0.954472,-0.179504,-0.047718,0.233421,1.000000,
0.954472,-0.179504,-0.047718,0.233421,0.793664,-0.168831,-0.139474,0.567574,0.955506,-0.173914,-0.049083,0.233137,0.954472,-0.179504,-0.047718,0.233421,1.000000,
0.954472,-0.179504,-0.047718,0.233421,0.793664,-0.168831,-0.139474,0.567574,0.953719,-0.183461,-0.046750,0.233617,0.954472,-0.179504,-0.047718,0.233421,1.000000,
0.954472,-0.179504,-0.047718,0.233421,0.793664,-0.168831,-0.139474,0.567574,0.955506,-0.173914,-0.049083,0.233137,0.954472,-0.179504,-0.047718,0.233421,1.000000,
0.954472,-0.179504,-0.047718,0.233421,0.793664,-0.168831,-0.139474,0.567574,0.953719,-0.183461,-0.046750,0.233617,0.954472,-0.179504,-0.047718,0.233421,1.000000,
0.954472,-0.179504,-0.047718,0.233421,0.793664,-0.168831,-0.139474,0.567574,0.955506,-0.173914,-0.049083,0.233137,0.954472,-0.179504,-0.047718,0.233421,1.000000,
0.954472,-0.179504,-0.047718,0.233421,0.793664,-0.168831,-0.139474,0.567574,0.953719,-0.183461,-0.046750,0.233617,0.954472,-0.179504,-0.047718,0.233421,1.000000,
0.954472,-0.179504,-0.047718,0.233421,0.793664,-0.168831,-0.139474,0.567574,0.955506,-0.173914,-0.049083,0.233137,0.954472,-0.179504,-0.047718,0.233421,1.000000,
0.954472,-0.179504,-0.047718,0.233421,0.793664,-0.168831,-0.139474,0.567574,0.953719,-0.183461,-0.046750,0.233617,0.954472,-0.179504,-0.047718,0.233421,1.000000,
0.954472,-0.179504,-0.047718,0.233421,0.793664,-0.168831,-0.139474,0.567574,0.955506,-0.173915,-0.049083,0.233137,0.954472,-0.179504,-0.047718,0.233421,1.000000,
0.954472,-0.179504,-0.047718,0.233421,0.793664,-0.168831,-0.139474,0.567574,0.953719,-0.183461,-0.046750,0.233617,0.954472,-0.179504,-0.047718,0.233421,1.000000,
0.954472,-0.179504,-0.047718,0.233421,0.793664,-0.168831,-0.139474,0.567574,0.955506,-0.173915,-0.049083,0.233137,0.954472,-0.179504,-0.047718,0.233421,1.000000,
0.954472,-0.179504,-0.047718,0.233421,0.793664,-0.168831,-0.139474,0.567574,0.953719,-0.183461,-0.046750,0.233617,0.954472,-0.179504,-0.047718,0.233421,1.000000,
0.954472,-0.179504,-0.047718,0.233421,0.793664,-0.168831,-0.139474,0.567574,0.955506,-0.173915,-0.049083,0.233137,0.954472,-0.179504,-0.047718,0.233421,1.000000,
0.954472,-0.179504,-0.047718,0.233421,0.793664,-0.168831,-0.139474,0.567574,0.953719,-0.183461,-0.046750,0.233617,0.954472,-0.179504,-0.047718,0.233421,1.000000,
0.954472,-0.179504,-0.047718,0.233421,0.793664,-0.168831,-0.139474,0.567574,0.955506,-0.173915,-0.049083,0.233137,0.954472,-0.179504,-0.047718,0.233421,1.000000,
0.954472,-0.179504,-0.047718,0.233421,0.793664,-0.168831,-0.139474,0.567574,0.953719,-0.183461,-0.046750,0.233617,0.954472,-0.179504,-0.047718,0.233421,1.000000,
0.954472,-0.179504,-0.047718,0.233421,0.793664,-0.168831,-0.139474,0.567574,0.955506,-0.173915,-0.049083,0.233137,0.954472,-0.179504,-0.047718,0.233421,1.000000,
0.954472,-0.179504,-0.047718,0.233421,0.793664,-0.168831,-0.139474,0.567574,0.953719,-0.183461,-0.046750,0.233617,0.954472,-0.179504,-0.047718,0.233421,1.000000,
0.954472,-0.179504,-0.047718,0.233421,0.793664,-0.168831,-0.139474,0.567574,0.955506,-0.173915,-0.049083,0.233137,0.954472,-0.179504,-0.047718,0.233421,1.000000,
0.954472,-0.179504,-0.047718,0.233421,0.793664,-0.168831,-0.139474,0.567574,0.953719,-0.183461,-0.046750,0.233617,0.954472,-0.179504,-0.047718,0.233421,1.000000,
0.954472,-0.179504,-0.047718,0.233421,0.793664,-0.168831,-0.139474,0.567574,0.955506,-0.173915,-0.049083,0.233137,0.954472,-0.179504,-0.047718,0.233421,1.000000,
0.954472,-0.179504,-0.047718,0.233421,0.793664,-0.168831,-0.139474,0.567574,0.953719,-0.183461,-0.046749,0.233617,0.954472,-0.179504,-0.047718,0.233421,1.000000,
0.954472,-0.179504,-0.047718,0.233421,0.793664,-0.168831,-0.139474,0.567574,0.955506,-0.173915,-0.049083,0.233137,0.954472,-0.179504,-0.047718,0.233421,1.000000,
0.954472,-0.179504,-0.047718,0.233421,0.793664,-0.168831,-0.139474,0.567574,0.953719,-0.183461,-0.046749,0.233617,0.954472,-0.179504,-0.047718,0.233421,1.000000,
0.954472,-0.179504,-0.047718,0.233421,0.793664,-0.168831,-0.139474,0.567574,0.955506,-0.173915,-0.049083,0.233137,0.954472,-0.179504,-0.047718,0.233421,1.000000,
0.954472,-0.179504,-0.047718,0.233421,0.793664,-0.168831,-0.139474,0.567574,0.953719,-0.183461,-0.046749,0.233617,0.954472,-0.179504,-0.047718,0.233421,1.000000,
0.954472,-0.179504,-0.047718,0.233421,0.793664,-0.168831,-0.139474,0.567574,0.955506,-0.173915,-0.049083,0.233138,0.954472,-0.179504,-0.047718,0.233421,1.000000,
0.954472,-0.179504,-0.047718,0.233421,0.793664,-0.168831,-0.139474,0.567574,0.953719,-0.183462,-0.046749,0.233617,0.954472,-0.179504,-0.047718,0.233421,1.000000,
0.954472,-0.179504,-0.047718,0.233421,0.793664,-0.168831,-0.139474,0.567574,0.955506,-0.173915,-0.049083,0.233138,0.954472,-0.179504,-0.047718,0.233421,1.000000,
0.954472,-0.179504,-0.047718,0.233421,0.793664,-0.168831,-0.139474,0.567574,0.953719,-0.183462,-0.046749,0.233617,0.954472,-0.179504,-0.047718,0.233421,1.000000,
0.954472,-0.179504,-0.047718,0.233421,0.793664,-0.168831,-0.139474,0.567574,0.955506,-0.173915,-0.049083,0.233138,0.954472,-0.179504,-0.047718,0.233421,1.000000,
0.954472,-0.179504,-0.047718,0.233421,0.793664,-0.168831,-0.139474,0.567574,0.953719,-0.183462,-0.046749,0.233617,0.954472,-0.179504,-0.047718,0.233421,1.000000,
0.954472,-0.179504,-0.047718,0.233421,0.793664,-0.168831,-0.139474,0.567574,0.955506,-0.173916,-0.049083,0.233138,0.954472,-0.179504,-0.047718,0.233421,1.000000,
0.954472,-0.179504,-0.047718,0.233421,0.793664,-0.168831,-0.139474,0.567574,0.953719,-0.183462,-0.046749,0.233617,0.954472,-0.179504,-0.047718,0.233421,1.000000,
0.954472,-0.179504,-0.047718,0.233421,0.793664,-0.168831,-0.139474,0.567574,0.955506,-0.173916,-0.049083,0.233138,0.954472,-0.179504,-0.047718,0.233421,1.000000,
0.954472,-0.179504,-0.047718,0.233421,0.793664,-0.168831,-0.139474,0.567574,0.953719,-0.183462,-0.046749,0.233617,0.954472,-0.179504,-0.047718,0.233421,1.000000,
0.954472,-0.179504,-0.047718,0.233421,0.793664,-0.168831,-0.139474,0.567574,0.955506,-0.173916,-0.049083,0.233138,0.954472,-0.179504,-0.047718,0.233421,1.000000,
0.954472,-0.179504,-0.047718,0.233421,0.793664,-0.168831,-0.139474,0.567574,0.953719,-0.183462,-0.046749,0.233617,0.954472,-0.179504,-0.047718,0.233421,1.000000,
0.954472,-0.179504,-0.047718,0.233421,0.793664,-0.168831,-0.139474,0.567574,0.955506,-0.173916,-0.049083,0.233138,0.954472,-0.179504,-0.047718,0.233421,1.000000,
0.954472,-0.179504,-0.047718,0.233421,0.793664,-0.168831,-0.139474,0.567574,0.953719,-0.183462,-0.046749,0.233617,0.954472,-0.179504,-0.047718,0.233421,1.000000,
0.954472,-0.179504,-0.047718,0.233421,0.793664,-0.168831,-0.139474,0.567574,0.955506,-0.173916,-0.049083,0.233138,0.954472,-0.179504,-0.047718,0.233421,1.000000,
0.954472,-0.179504,-0.047718,0.233421,0.793664,-0.168831,-0.139474,0.567574,0.953719,-0.183462,-0.046749,0.233617,0.954472,-0.179504,-0.047718,0.233421,1.000000,
0.954472,-0.179504,-0.047718,0.233421,0.793664,-0.168831,-0.139474,0.567574,0.955506,-0.173916,-0.049083,0.233138,0.954472,-0.179504,-0.047718,0.233421,1.000000,
0.954472,-0.179504,-0.047718,0.233421,0.793664,-0.168831,-0.139474,0.567574,0.953719,-0.183462,-0.046749,0.233617,0.954472,-0.179504,-0.047718,0.233421,1.000000,
0.954472,-0.179504,-0.047718,0.233421,0.793664,-0.168831,-0.139474,0.567574,0.955506,-0.173916,-0.049083,0.233138,0.954472,-0.179504,-0.047718,0.233421,1.000000,
0.954472,-0.179504,-0.047718,0.233421,0.793664,-0.168831,-0.139474,0.567574,0.953719,-0.183462,-0.046749,0.233617,0.954472,-0.179504,-0.047718,0.233421,1.000000,
0.954472,-0.179504,-0.047718,0.233421,0.793664,-0.168831,-0.139474,0.567574,0.955506,-0.173916,-0.049083,0.233138,0.954472,-0.179504,-0.047718,0.233421,1.000000,
0.954472,-0.179504,-0.047718,0.233421,0.793664,-0.168831,-0.139474,0.567574,0.953719,-0.183462,-0.046749,0.233617,0.954472,-0.179504,-0.047718,0.233421,1.000000,
0.954472,-0.179504,-0.047718,0.233421,0.793664,-0.168831,-0.139474,0.567574,0.955506,-0.173916,-0.049083,0.233138,0.954472,-0.179504,-0.047718,0.233421,1.000000,
0.954472,-0.179504,-0.047718,0.233421,0.793664,-0.168831,-0.139474,0.567574,0.953719,-0.183462,-0.046749,0.233617,0.954472,-0.179504,-0.047718,0.233421,1.000000,
0.954472,-0.179504,-0.047718,0.233421,0.793664,-0.168831,-0.139474,0.567574,0.955506,-0.173916,-0.049083,0.233138,0.954472,-0.179504,-0.047718,0.233421,1.000000,
0.954472,-0.179504,-0.047718,0.233421,0.793664,-0.168831,-0.139474,0.567574,0.953719,-0.183463,-0.046749,0.233617,0.954472,-0.179504,-0.047718,0.233421,1.000000,
0.954472,-0.179504,-0.047718,0.233421,0.793664,-0.168831,-0.139474,0.567574,0.955506,-0.173916,-0.049083,0.233138,0.954472,-0.179504,-0.047718,0.233421,1.000000,
0.954472,-0.179504,-0.047718,0.233421,0.793664,-0.168831,-0.139474,0.567574,0.953719,-0.183463,-0.046749,0.233617,0.954472,-0.179504,-0.047718,0.233421,1.000000,
0.954472,-0.179504,-0.047718,0.233421,0.793664,-0.168831,-0.139474,0.567574,0.955506,-0.173916,-0.049083,0.233138,0.954472,-0.179504,-0.047718,0.233421,1.000000,
0.954472,-0.179504,-0.047718,0.233421,0.793664,-0.168831,-0.139474,0.567574,0.953719,-0.183463,-0.046749,0.233617,0.954472,-0.179504,-0.047718,0.233421,1.000000,
0.954472,-0.179504,-0.047718,0.233421,0.793664,-0.168831,-0.139474,0.567574,0.955506,-0.173917,-0.049083,0.233138,0.954472,-0.179504,-0.047718,0.233421,1.000000,
0.954472,-0.179504,-0.047718,0.233421,0.793664,-0.168831,-0.139474,0.567574,0.953719,-0.183463,-0.046749,0.233617,0.954472,-0.179504,-0.047718,0.233421,1.000000,
0.954472,-0.179504,-0.047718,0.233421,0.793664,-0.168831,-0.139474,0.567574,0.955506,-0.173917,-0.049083,0.233138,0.954472,-0.179504,-0.047718,0.233421,1.000000,
0.954472,-0.179504,-0.047718,0.233421,0.793664,-0.168831,-0.139474,0.567574,0.953719,-0.183463,-0.046749,0.233617,0.954472,-0.179504,-0.047718,0.233421,1.000000,
0.954472,-0.179504,-0.047718,0.233421,0.793664,-0.168831,-0.139474,0.567574,0.955505,-0.173917,-0.049083,0.233138,0.954472,-0.179504,-0.047718,0.233421,1.000000,
0.954472,-0.179504,-0.047718,0.233421,0.793664,-0.168831,-0.139474,0.567574,0.953719,-0.183463,-0.046749,0.233617,0.954472,-0.179504,-0.047718,0.233421,1.000000,
0.954472,-0.179504,-0.047718,0.233421,0.793664,-0.168831,-0.139474,0.567574,0.955505,-0.173917,-0.049083,0.233138,0.954472,-0.179504,-0.047718,0.233421,1.000000,
0.954472,-0.179504,-0.047718,0.233421,0.793664,-0.168831,-0.139474,0.567574,0.953719,-0.183463,-0.046749,0.233617,0.954472,-0.179504,-0.047718,0.233421,1.000000,
0.954472,-0.179504,-0.047718,0.233421,0.793664,-0.168831,-0.139474,0.567574,0.955505,-0.173917,-0.049083,0.233138,0.954472,-0.179504,-0.047718,0.233421,1.000000,
0.954472,-0.179504,-0.047718,0.233421,0.793664,-0.168831,-0.139474,0.567574,0.953719,-0.183463,-0.046749,0.233617,0.954472,-0.179504,-0.047718,0.233421,1.000000,
0.954472,-0.179504,-0.047718,0.233421,0.793664,-0.168831,-0.139474,0.567574,0.955505,-0.173917,-0.049083,0.233138,0.954472,-0.179504,-0.047718,0.233421,1.000000,
0.954472,-0.179504,-0.047718,0.233421,0.793664,-0.168831,-0.139474,0.567574,0.953719,-0.183463,-0.046749,0.233617,0.954472,-0.179504,-0.047718,0.233421,1.000000,
0.954472,-0.179504,-0.047718,0.233421,0.793664,-0.168831,-0.139474,0.567574,0.955505,-0.173917,-0.049083,0.233138,0.954472,-0.179504,-0.047718,0.233421,1.000000,
0.954472,-0.179504,-0.047718,0.233421,0.793664,-0.168831,-0.139474,0.567574,0.953718,-0.183463,-0.046749,0.233617,0.954472,-0.179504,-0.047718,0.233421,1.000000,
0.954472,-0.179504,-0.047718,0.233421,0.793664,-0.168831,-0.139474,0.567574,0.955505,-0.173917,-0.049083,0.233138,0.954472,-0.179504,-0.047718,0.233421,1.000000,
0.954472,-0.179504,-0.047718,0.233421,0.793664,-0.168831,-0.139474,0.567574,0.953718,-0.183463,-0.046749,0.233617,0.954472,-0.179504,-0.047718,0.233421,1.000000,
0.954472,-0.179504,-0.047718,0.233421,0.793664,-0.168831,-0.139474,0.567574,0.955505,-0.173917,-0.049083,0.233138,0.954472,-0.179504,-0.047718,0.233421,1.000000,
0.954472,-0.179504,-0.047718,0.233421,0.793664,-0.168831,-0.139474,0.567574,0.953718,-0.183463,-0.046749,0.233617,0.954472,-0.179504,-0.047718,0.233421,1.000000,
0.954472,-0.179504,-0.047718,0.233421,0.793664,-0.168831,-0.139474,0.567574,0.955505,-0.173917,-0.049083,0.233138,0.954472,-0.179504,-0.047718,0.233421,1.000000,
0.954472,-0.179504,-0.047718,0.233421,0.793664,-0.168831,-0.139474,0.567574,0.953718,-0.183464,-0.046749,0.233617,0.954472,-0.179504,-0.047718,0.233421,1.000000,
0.954472,-0.179504,-0.047718,0.233421,0.793664,-0.168831,-0.139474,0.567574,0.955505,-0.173917,-0.049083,0.233138,0.954472,-0.179504,-0.047718,0.233421,1.000000,
0.954472,-0.179504,-0.047718,0.233421,0.793664,-0.168831,-0.139474,0.567574,0.953718,-0.183464,-0.046749,0.233617,0.954472,-0.179504,-0.047718,0.233421,1.000000,
0.954472,-0.179504,-0.047718,0.233421,0.793664,-0.168831,-0.139474,0.567574,0.955505,-0.173917,-0.049083,0.233138,0.954472,-0.179504,-0.047718,0.233421,1.000000,
0.954472,-0.179504,-0.047718,0.233421,0.793664,-0.168831,-0.139474,0.567574,0.953718,-0.183464,-0.046749,0.233617,0.954472,-0.179504,-0.047718,0.233421,1.000000,
0.954472,-0.179504,-0.047718,0.233421,0.793664,-0.168831,-0.139474,0.567574,0.955505,-0.173917,-0.049083,0.233138,0.954472,-0.179504,-0.047718,0.233421,1.000000,
0.954472,-0.179504,-0.047718,0.233421,0.793664,-0.168831,-0.139474,0.567574,0.953718,-0.183464,-0.046749,0.233617,0.954472,-0.179504,-0.047718,0.233421,1.000000,
0.954472,-0.179504,-0.047718,0.233421,0.793664,-0.168831,-0.139474,0.567574,0.955505,-0.173918,-0.049083,0.233138,0.954472,-0.179504,-0.047718,0.233421,1.000000,
0.954472,-0.179504,-0.047718,0.233421,0.793664,-0.168831,-0.139474,0.567574,0.953718,-0.183464,-0.046749,0.233617,0.954472,-0.179504,-0.047718,0.233421,1.000000,
0.954472,-0.179504,-0.047718,0.233421,0.793664,-0.168831,-0.139474,0.567574,0.955505,-0.173918,-0.049083,0.233138,0.954472,-0.179504,-0.047718,0.233421,1.000000,
0.954472,-0.179504,-0.047718,0.233421,0.793664,-0.168831,-0.139474,0.567574,0.953718,-0.183464,-0.046749,0.233617,0.954472,-0.179504,-0.047718,0.233421,1.000000,
0.954472,-0.179504,-0.047718,0.233421,0.793664,-0.168831,-0.139474,0.567574,0.955505,-0.173918,-0.049083,0.233138,0.954472,-0.179504,-0.047718,0.233421,1.000000,
0.954472,-0.179504,-0.047718,0.233421,0.793664,-0.168831,-0.139474,0.567574,0.953718,-0.183464,-0.046749,0.233617,0.954472,-0.179504,-0.047718,0.233421,1.000000,
0.954472,-0.179504,-0.047718,0.233421,0.793664,-0.168831,-0.139474,0.567574,0.955505,-0.173918,-0.049083,0.233138,0.954472,-0.179504,-0.047718,0.233421,1.000000,
0.954472,-0.179504,-0.047718,0.233421,0.793664,-0.168831,-0.139474,0.567574,0.953718,-0.183464,-0.046749,0.233617,0.954472,-0.179504,-0.047718,0.233421,1.000000,
0.954472,-0.179504,-0.047718,0.233421,0.793664,-0.168831,-0.139474,0.567574,0.955505,-0.173918,-0.049083,0.233138,0.954472,-0.179504,-0.047718,0.233421,1.000000,
0.954472,-0.179504,-0.047718,0.233421,0.793664,-0.168831,-0.139474,0.567574,0.953718,-0.183464,-0.046749,0.233617,0.954472,-0.179504,-0.047718,0.233421,1.000000,
0.954472,-0.179504,-0.047718,0.233421,0.793664,-0.168831,-0.139474,0.567574,0.955505,-0.173918,-0.049083,0.233138,0.954472,-0.179504,-0.047718,0.233421,1.000000,
0.954472,-0.179504,-0.047718,0.233421,0.793664,-0.168831,-0.139474,0.567574,0.953718,-0.183464,-0.046749,0.233617,0.954472,-0.179504,-0.047718,0.233421,1.000000,
0.954472,-0.179504,-0.047718,0.233421,0.793664,-0.168831,-0.139474,0.567574,0.955505,-0.173918,-0.049083,0.233138,0.954472,-0.179504,-0.047718,0.233421,1.000000,
0.954472,-0.179504,-0.047718,0.233421,0.793664,-0.168831,-0.139474,0.567574,0.953718,-0.183464,-0.046749,0.233617,0.954472,-0.179504,-0.047718,0.233421,1.000000,
0.954472,-0.179504,-0.047718,0.233421,0.793664,-0.168831,-0.139474,0.567574,0.955505,-0.173918,-0.049083,0.233138,0.954472,-0.179504,-0.047718,0.233421,1.000000,
0.954472,-0.179504,-0.047718,0.233421,0.793664,-0.168831,-0.139474,0.567574,0.953718,-0.183464,-0.046749,0.233617,0.954472,-0.179504,-0.047718,0.233421,1.000000,
0.954472,-0.179504,-0.047718,0.233421,0.793664,-0.168831,-0.139474,0.567574,0.955505,-0.173918,-0.049083,0.233138,0.954472,-0.179504,-0.047718,0.233421,1.000000,
0.954472,-0.179504,-0.047718,0.233421,0.793664,-0.168831,-0.139474,0.567574,0.953718,-0.183464,-0.046749,0.233617,0.954472,-0.179504,-0.047718,0.233421,1.000000,
0.954472,-0.179504,-0.047718,0.233421,0.793664,-0.168831,-0.139474,0.567574,0.955505,-0.173918,-0.049082,0.233138,0.954472,-0.179504,-0.047718,0.233421,1.000000,
0.954472,-0.179504,-0.047718,0.233421,0.793664,-0.168831,-0.139474,0.567574,0.953718,-0.183465,-0.046749,0.233617,0.954472,-0.179504,-0.047718,0.233421,1.000000,
0.954472,-0.179504,-0.047718,0.233421,0.793664,-0.168831,-0.139474,0.567574,0.955505,-0.173918,-0.049082,0.233138,0.954472,-0.179504,-0.047718,0.233421,1.000000,
0.954472,-0.179504,-0.047718,0.233421,0.793664,-0.168831,-0.139474,0.567574,0.953718,-0.183465,-0.046749,0.233617,0.954472,-0.179504,-0.047718,0.233421,1.000000,
0.954472,-0.179504,-0.047718,0.233421,0.793664,-0.168831,-0.139474,0.567574,0.955505,-0.173918,-0.049082,0.233138,0.954472,-0.179504,-0.047718,0.233421,1.000000,
0.954472,-0.179504,-0.047718,0.233421,0.793664,-0.168831,-0.139474,0.567574,0.953718,-0.183465,-0.046749,0.233617,0.954472,-0.179504,-0.047718,0.233421,1.000000,
0.954472,-0.179504,-0.047718,0.233421,0.793664,-0.168831,-0.139474,0.567574,0.955505,-0.173919,-0.049082,0.233138,0.954472,-0.179504,-0.047718,0.233421,1.000000,
0.954472,-0.179504,-0.047718,0.233421,0.793664,-0.168831,-0.139474,0.567574,0.953718,-0.183465,-0.046749,0.233617,0.954472,-0.179504,-0.047718,0.233421,1.000000,
0.954472,-0.179504,-0.047718,0.233421,0.793664,-0.168831,-0.139474,0.567574,0.955505,-0.173919,-0.049082,0.233138,0.954472,-0.179504,-0.047718,0.233421,1.000000,
0.954472,-0.179504,-0.047718,0.233421,0.793664,-0.168831,-0.139474,0.567574,0.953718,-0.183465,-0.046749,0.233617,0.954472,-0.179504,-0.047718,0.233421,1.000000,
0.954472,-0.179504,-0.047718,0.233421,0.793664,-0.168831,-0.139474,0.567574,0.955505,-0.173919,-0.049082,0.233138,0.954472,-0.179504,-0.047718,0.233421,1.000000,
0.954472,-0.179504,-0.047718,0.233421,0.793664,-0.168831,-0.139474,0.567574,0.953718,-0.183465,-0.046749,0.233617,0.954472,-0.179504,-0.047718,0.233421,1.000000,
0.954472,-0.179504,-0.047718,0.233421,0.793664,-0.168831,-0.139474,0.567574,0.955505,-0.173919,-0.049082,0.233138,0.954472,-0.179504,-0.047718,0.233421,1.000000,
0.954472,-0.179504,-0.047718,0.233421,0.793664,-0.168831,-0.139474,0.567574,0.953718,-0.183465,-0.046749,0.233617,0.954472,-0.179504,-0.047718,0.233421,1.000000,
0.954472,-0.179504,-0.047718,0.233421,0.793664,-0.168831,-0.139474,0.567574,0.955505,-0.173919,-0.049082,0.233138,0.954472,-0.179504,-0.047718,0.233421,1.000000,
0.954472,-0.179504,-0.047718,0.233421,0.793664,-0.168831,-0.139474,0.567574,0.953718,-0.183465,-0.046749,0.233617,0.954472,-0.179504,-0.047718,0.233421,1.000000,
0.954472,-0.179504,-0.047718,0.233421,0.793664,-0.168831,-0.139474,0.567574,0.955505,-0.173919,-0.049082,0.233138,0.954472,-0.179504,-0.047718,0.233421,1.000000,
0.954472,-0.179504,-0.047718,0.233421,0.793664,-0.168831,-0.139474,0.567574,0.953718,-0.183465,-0.046749,0.233617,0.954472,-0.179504,-0.047718,0.233421,1.000000,
0.954472,-0.179504,-0.047718,0.233421,0.793664,-0.168831,-0.139474,0.567574,0.955505,-0.173919,-0.049082,0.233138,0.954472,-0.179504,-0.047718,0.233421,1.000000,
0.954472,-0.179504,-0.047718,0.233421,0.793664,-0.168831,-0.139474,0.567574,0.953718,-0.183465,-0.046749,0.233617,0.954472,-0.179504,-0.047718,0.233421,1.000000,
0.954472,-0.179504,-0.047718,0.233421,0.793664,-0.168831,-0.139474,0.567574,0.955505,-0.173919,-0.049082,0.233138,0.954472,-0.179504,-0.047718,0.233421,1.000000,
0.954472,-0.179504,-0.047718,0.233421,0.793664,-0.168831,-0.139474,0.567574,0.953718,-0.183465,-0.046748,0.233617,0.954472,-0.179504,-0.047718,0.233421,1.000000,
0.954472,-0.179504,-0.047718,0.233421,0.793664,-0.168831,-0.139474,0.567574,0.955505,-0.173919,-0.049082,0.233138,0.954472,-0.179504,-0.047718,0.233421,1.000000,
0.954472,-0.179504,-0.047718,0.233421,0.793664,-0.168831,-0.139474,0.567574,0.953718,-0.183465,-0.046748,0.233617,0.954472,-0.179504,-0.047718,0.233421,1.000000,
0.954472,-0.179504,-0.047718,0.233421,0.793664,-0.168831,-0.139474,0.567574,0.955505,-0.173919,-0.049082,0.233138,0.954472,-0.179504,-0.047718,0.233421,1.000000,
0.954472,-0.179504,-0.047718,0.233421,0.793664,-0.168831,-0.139474,0.567574,0.953718,-0.183466,-0.046748,0.233617,0.954472,-0.179504,-0.047718,0.233421,1.000000,
0.954472,-0.179504,-0.047718,0.233421,0.793664,-0.168831,-0.139474,0.567574,0.955505,-0.173919,-0.049082,0.233138,0.954472,-0.179504,-0.047718,0.233421,1.000000,
0.954472,-0.179504,-0.047718,0.233421,0.793664,-0.168831,-0.139474,0.567574,0.953718,-0.183466,-0.046748,0.233617,0.954472,-0.179504,-0.047718,0.233421,1.000000,
0.954472,-0.179504,-0.047718,0.233421,0.793664,-0.168831,-0.139474,0.567574,0.955505,-0.173919,-0.049082,0.233138,0.954472,-0.179504,-0.047718,0.233421,1.000000,
0.954472,-0.179504,-0.047718,0.233421,0.793664,-0.168831,-0.139474,0.567574,0.953718,-0.183466,-0.046748,0.233617,0.954472,-0.179504,-0.047718,0.233421,1.000000,
0.954472,-0.179504,-0.047718,0.233421,0.793664,-0.168831,-0.139474,0.567574,0.955505,-0.173920,-0.049082,0.233138,0.954472,-0.179504,-0.047718,0.233421,1.000000,
0.954472,-0.179504,-0.047718,0.233421,0.793664,-0.168831,-0.139474,0.567574,0.953718,-0.183466,-0.046748,0.233617,0.954472,-0.179504,-0.047718,0.233421,1.000000,
0.954472,-0.179504,-0.047718,0.233421,0.793664,-0.168831,-0.139474,0.567574,0.955505,-0.173920,-0.049082,0.233138,0.954472,-0.179504,-0.047718,0.233421,1.000000,
0.954472,-0.179504,-0.047718,0.233421,0.793664,-0.168831,-0.139474,0.567574,0.953718,-0.183466,-0.046748,0.233617,0.954472,-0.179504,-0.047718,0.233421,1.000000,
0.954472,-0.179504,-0.047718,0.233421,0.793664,-0.168831,-0.139474,0.567574,0.955505,-0.173920,-0.049082,0.233138,0.954472,-0.179504,-0.047718,0.233421,1.000000,
0.954472,-0.179504,-0.047718,0.233421,0.793664,-0.168831,-0.139474,0.567574,0.953718,-0.183466,-0.046748,0.233617,0.954472,-0.179504,-0.047718,0.233421,1.000000,
0.954472,-0.179504,-0.047718,0.233421,0.793664,-0.168831,-0.139474,0.567574,0.955505,-0.173920,-0.049082,0.233138,0.954472,-0.179504,-0.047718,0.233421,1.000000,
0.954472,-0.179504,-0.047718,0.233421,0.793664,-0.168831,-0.139474,0.567574,0.953718,-0.183466,-0.046748,0.233617,0.954472,-0.179504,-0.047718,0.233421,1.000000,
0.954472,-0.179504,-0.047718,0.233421,0.793664,-0.168831,-0.139474,0.567574,0.955505,-0.173920,-0.049082,0.233138,0.954472,-0.179504,-0.047718,0.233421,1.000000,
0.954472,-0.179504,-0.047718,0.233421,0.793664,-0.168831,-0.139474,0.567574,0.953718,-0.183466,-0.046748,0.233617,0.954472,-0.179504,-0.047718,0.233421,1.000000,
0.954472,-0.179504,-0.047718,0.233421,0.793664,-0.168831,-0.139474,0.567574,0.955505,-0.173920,-0.049082,0.233138,0.954472,-0.179504,-0.047718,0.233421,1.000000,
0.954472,-0.179504,-0.047718,0.233421,0.793664,-0.168831,-0.139474,0.567574,0.953718,-0.183466,-0.046748,0.233617,0.954472,-0.179504,-0.047718,0.233421,1.000000,
0.954472,-0.179504,-0.047718,0.233421,0.793664,-0.168831,-0.139474,0.567574,0.955505,-0.173920,-0.049082,0.233138,0.954472,-0.179504,-0.047718,0.233421,1.000000,
0.954472,-0.179504,-0.047718,0.233421,0.793664,-0.168831,-0.139474,0.567574,0.953718,-0.183466,-0.046748,0.233617,0.954472,-0.179504,-0.047718,0.233421,1.000000,
0.954472,-0.179504,-0.047718,0.233421,0.793664,-0.168831,-0.139474,0.567574,0.955505,-0.173920,-0.049082,0.233138,0.954472,-0.179504,-0.047718,0.233421,1.000000,
0.954472,-0.179504,-0.047718,0.233421,0.793664,-0.168831,-0.139474,0.567574,0.953718,-0.183466,-0.046748,0.233617,0.954472,-0.179504,-0.047718,0.233421,1.000000,
0.954472,-0.179504,-0.047718,0.233421,0.793664,-0.168831,-0.139474,0.567574,0.955505,-0.173920,-0.049082,0.233138,0.954472,-0.179504,-0.047718,0.233421,1.000000,
0.954472,-0.179504,-0.047718,0.233421,0.793664,-0.168831,-0.139474,0.567574,0.953718,-0.183466,-0.046748,0.233617,0.954472,-0.179504,-0.047718,0.233421,1.000000,
0.954472,-0.179504,-0.047718,0.233421,0.793664,-0.168831,-0.139474,0.567574,0.955505,-0.173920,-0.049082,0.233138,0.954472,-0.179504,-0.047718,0.233421,1.000000,
0.954472,-0.179504,-0.047718,0.233421,0.793664,-0.168831,-0.139474,0.567574,0.953718,-0.183467,-0.046748,0.233617,0.954472,-0.179504,-0.047718,0.233421,1.000000,
0.954472,-0.179504,-0.047718,0.233421,0.793664,-0.168831,-0.139474,0.567574,0.955505,-0.173920,-0.049082,0.233138,0.954472,-0.179504,-0.047718,0.233421,1.000000,
0.954472,-0.179504,-0.047718,0.233421,0.793664,-0.168831,-0.139474,0.567574,0.953718,-0.183467,-0.046748,0.233617,0.954472,-0.179504,-0.047718,0.233421,1.000000,
0.954472,-0.179504,-0.047718,0.233421,0.793664,-0.168831,-0.139474,0.567574,0.955505,-0.173920,-0.049082,0.233138,0.954472,-0.179504,-0.047718,0.233421,1.000000,
0.954472,-0.179504,-0.047718,0.233421,0.793664,-0.168831,-0.139474,0.567574,0.953718,-0.183467,-0.046748,0.233617,0.954472,-0.179504,-0.047718,0.233421,1.000000,
0.954472,-0.179504,-0.047718,0.233421,0.793664,-0.168831,-0.139474,0.567574,0.955505,-0.173920,-0.049082,0.233138,0.954472,-0.179504,-0.047718,0.233421,1.000000,
0.954472,-0.179504,-0.047718,0.233421,0.793664,-0.168831,-0.139474,0.567574,0.953718,-0.183467,-0.046748,0.233617,0.954472,-0.179504,-0.047718,0.233421,1.000000,
0.954472,-0.179504,-0.047718,0.233421,0.793664,-0.168831,-0.139474,0.567574,0.955505,-0.173921,-0.049082,0.233138,0.954472,-0.179504,-0.047718,0.233421,1.000000,
0.954472,-0.179504,-0.047718,0.233421,0.793664,-0.168831,-0.139474,0.567574,0.953718,-0.183467,-0.046748,0.233617,0.954472,-0.179504,-0.047718,0.233421,1.000000,
0.954472,-0.179504,-0.047718,0.233421,0.793664,-0.168831,-0.139474,0.567574,0.955505,-0.173921,-0.049082,0.233138,0.954472,-0.179504,-0.047718,0.233421,1.000000,
0.954472,-0.179504,-0.047718,0.233421,0.793664,-0.168831,-0.139474,0.567574,0.953718,-0.183467,-0.046748,0.233617,0.954472,-0.179504,-0.047718,0.233421,1.000000,
0.954472,-0.179504,-0.047718,0.233421,0.793664,-0.168831,-0.139474,0.567574,0.955505,-0.173921,-0.049082,0.233138,0.954472,-0.179504,-0.047718,0.233421,1.000000,
0.954472,-0.179504,-0.047718,0.233421,0.793664,-0.168831,-0.139474,0.567574,0.953718,-0.183467,-0.046748,0.233617,0.954472,-0.179504,-0.047718,0.233421,1.000000,
0.954472,-0.179504,-0.047718,0.233421,0.793664,-0.168831,-0.139474,0.567574,0.955505,-0.173921,-0.049082,0.233138,0.954472,-0.179504,-0.047718,0.233421,1.000000,
0.954472,-0.179504,-0.047718,0.233421,0.793664,-0.168831,-0.139474,0.567574,0.953718,-0.183467,-0.046748,0.233617,0.954472,-0.179504,-0.047718,0.233421,1.000000,
0.954472,-0.179504,-0.047718,0.233421,0.793664,-0.168831,-0.139474,0.567574,0.955505,-0.173921,-0.049082,0.233138,0.954472,-0.179504,-0.047718,0.233421,1.000000,
0.954472,-0.179504,-0.047718,0.233421,0.793664,-0.168831,-0.139474,0.567574,0.953718,-0.183467,-0.046748,0.233617,0.954472,-0.179504,-0.047718,0.233421,1.000000,
0.954472,-0.179504,-0.047718,0.233421,0.793664,-0.168831,-0.139474,0.567574,0.955505,-0.173921,-0.049082,0.233138,0.954472,-0.179504,-0.047718,0.233421,1.000000,
0.954472,-0.179504,-0.047718,0.233421,0.793664,-0.168831,-0.139474,0.567574,0.953718,-0.183467,-0.046748,0.233617,0.954472,-0.179504,-0.047718,0.233421,1.000000,
0.954472,-0.179504,-0.047718,0.233421,0.793664,-0.168831,-0.139474,0.567574,0.955505,-0.173921,-0.049082,0.233138,0.954472,-0.179504,-0.047718,0.233421,1.000000,
0.954472,-0.179504,-0.047718,0.233421,0.793664,-0.168831,-0.139474,0.567574,0.953718,-0.183467,-0.046748,0.233617,0.954472,-0.179504,-0.047718,0.233421,1.000000,
0.954472,-0.179504,-0.047718,0.233421,0.793664,-0.168831,-0.139474,0.567574,0.955505,-0.173921,-0.049082,0.233138,0.954472,-0.179504,-0.047718,0.233421,1.000000,
0.954472,-0.179504,-0.047718,0.233421,0.793664,-0.168831,-0.139474,0.567574,0.953718,-0.183467,-0.046748,0.233617,0.954472,-0.179504,-0.047718,0.233421,1.000000,
0.954472,-0.179504,-0.047718,0.233421,0.793664,-0.168831,-0.139474,0.567574,0.955505,-0.173921,-0.049082,0.233138,0.954472,-0.179504,-0.047718,0.233421,1.000000,
0.954472,-0.179504,-0.047718,0.233421,0.793664,-0.168831,-0.139474,0.567574,0.953718,-0.183467,-0.046748,0.233617,0.954472,-0.179504,-0.047718,0.233421,1.000000,
0.954472,-0.179504,-0.047718,0.233421,0.793664,-0.168831,-0.139474,0.567574,0.955505,-0.173921,-0.049082,0.233138,0.954472,-0.179504,-0.047718,0.233421,1.000000,
0.954472,-0.179504,-0.047718,0.233421,0.793664,-0.168831,-0.139474,0.567574,0.953718,-0.183468,-0.046748,0.233617,0.954472,-0.179504,-0.047718,0.233421,1.000000,
0.954472,-0.179504,-0.047718,0.233421,0.793664,-0.168831,-0.139474,0.567574,0.955505,-0.173921,-0.049082,0.233138,0.954472,-0.179504,-0.047718,0.233421,1.000000,
0.954472,-0.179504,-0.047718,0.233421,0.793664,-0.168831,-0.139474,0.567574,0.953718,-0.183468,-0.046748,0.233617,0.954472,-0.179504,-0.047718,0.233421,1.000000,
0.954472,-0.179504,-0.047718,0.233421,0.793664,-0.168831,-0.139474,0.567574,0.955505,-0.173921,-0.049082,0.233138,0.954472,-0.179504,-0.047718,0.233421,1.000000,
0.954472,-0.179504,-0.047718,0.233421,0.793664,-0.168831,-0.139474,0.567574,0.953718,-0.183468,-0.046748,0.233617,0.954472,-0.179504,-0.047718,0.233421,1.000000,
0.954472,-0.179504,-0.047718,0.233421,0.793664,-0.168831,-0.139474,0.567574,0.955505,-0.173922,-0.049082,0.233138,0.954472,-0.179504,-0.047718,0.233421,1.000000,
0.954472,-0.179504,-0.047718,0.233421,0.793664,-0.168831,-0.139474,0.567574,0.953718,-0.183468,-0.046748,0.233617,0.954472,-0.179504,-0.047718,0.233421,1.000000,
0.954472,-0.179504,-0.047718,0.233421,0.793664,-0.168831,-0.139474,0.567574,0.955505,-0.173922,-0.049082,0.233138,0.954472,-0.179504,-0.047718,0.233421,1.000000,
0.954472,-0.179504,-0.047718,0.233421,0.793664,-0.168831,-0.139474,0.567574,0.953718,-0.183468,-0.046748,0.233617,0.954472,-0.179504,-0.047718,0.233421,1.000000,
0.954472,-0.179504,-0.047718,0.233421,0.793664,-0.168831,-0.139474,0.567574,0.955505,-0.173922,-0.049082,0.233138,0.954472,-0.179504,-0.047718,0.233421,1.000000,
0.954472,-0.179504,-0.047718,0.233421,0.793664,-0.168831,-0.139474,0.567574,0.953718,-0.183468,-0.046748,0.233617,0.954472,-0.179504,-0.047718,0.233421,1.000000,
0.954472,-0.179504,-0.047718,0.233421,0.793664,-0.168831,-0.139474,0.567574,0.955505,-0.173922,-0.049082,0.233138,0.954472,-0.179504,-0.047718,0.233421,1.000000,
0.954472,-0.179504,-0.047718,0.233421,0.793664,-0.168831,-0.139474,0.567574,0.953718,-0.183468,-0.046748,0.233617,0.954472,-0.179504,-0.047718,0.233421,1.000000,
0.954472,-0.179504,-0.047718,0.233421,0.793664,-0.168831,-0.139474,0.567574,0.955505,-0.173922,-0.049082,0.233138,0.954472,-0.179504,-0.047718,0.233421,1.000000,
0.954472,-0.179504,-0.047718,0.233421,0.793664,-0.168831,-0.139474,0.567574,0.953718,-0.183468,-0.046748,0.233617,0.954472,-0.179504,-0.047718,0.233421,1.000000,
0.954472,-0.179504,-0.047718,0.233421,0.793664,-0.168831,-0.139474,0.567574,0.955505,-0.173922,-0.049082,0.233138,0.954472,-0.179504,-0.047718,0.233421,1.000000,
0.954472,-0.179504,-0.047718,0.233421,0.793664,-0.168831,-0.139474,0.567574,0.953718,-0.183468,-0.046748,0.233617,0.954472,-0.179504,-0.047718,0.233421,1.000000,
0.954472,-0.179504,-0.047718,0.233421,0.793664,-0.168831,-0.139474,0.567574,0.955505,-0.173922,-0.049082,0.233138,0.954472,-0.179504,-0.047718,0.233421,1.000000,
0.954472,-0.179504,-0.047718,0.233421,0.793664,-0.168831,-0.139474,0.567574,0.953718,-0.183468,-0.046748,0.233617,0.954472,-0.179504,-0.047718,0.233421,1.000000,
0.954472,-0.179504,-0.047718,0.233421,0.793664,-0.168831,-0.139474,0.567574,0.955504,-0.173922,-0.049082,0.233138,0.954472,-0.179504,-0.047718,0.233421,1.000000,
0.954472,-0.179504,-0.047718,0.233421,0.793664,-0.168831,-0.139474,0.567574,0.953718,-0.183468,-0.046748,0.233617,0.954472,-0.179504,-0.047718,0.233421,1.000000,
0.954472,-0.179504,-0.047718,0.233421,0.793664,-0.168831,-0.139474,0.567574,0.955504,-0.173922,-0.049082,0.233138,0.954472,-0.179504,-0.047718,0.233421,1.000000,
0.954472,-0.179504,-0.047718,0.233421,0.793664,-0.168831,-0.139474,0.567574,0.953718,-0.183468,-0.046748,0.233617,0.954472,-0.179504,-0.047718,0.233421,1.000000,
0.954472,-0.179504,-0.047718,0.233421,0.793664,-0.168831,-0.139474,0.567574,0.955504,-0.173922,-0.049082,0.233138,0.954472,-0.179504,-0.047718,0.233421,1.000000,
0.954472,-0.179504,-0.047718,0.233421,0.793664,-0.168831,-0.139474,0.567574,0.953717,-0.183469,-0.046748,0.233617,0.954472,-0.179504,-0.047718,0.233421,1.000000,
0.954472,-0.179504,-0.047718,0.233421,0.793664,-0.168831,-0.139474,0.567574,0.955504,-0.173922,-0.049082,0.233138,0.954472,-0.179504,-0.047718,0.233421,1.000000,
0.954472,-0.179504,-0.047718,0.233421,0.793664,-0.168831,-0.139474,0.567574,0.953717,-0.183469,-0.046748,0.233617,0.954472,-0.179504,-0.047718,0.233421,1.000000,
0.954472,-0.179504,-0.047718,0.233421,0.793664,-0.168831,-0.139474,0.567574,0.955504,-0.173922,-0.049081,0.233138,0.954472,-0.179504,-0.047718,0.233421,1.000000,
0.954472,-0.179504,-0.047718,0.233421,0.793664,-0.168831,-0.139474,0.567574,0.953717,-0.183469,-0.046748,0.233617,0.954472,-0.179504,-0.047718,0.233421,1.000000,
0.954472,-0.179504,-0.047718,0.233421,0.793664,-0.168831,-0.139474,0.567574,0.955504,-0.173923,-0.049081,0.233138,0.954472,-0.179504,-0.047718,0.233421,1.000000,
0.954472,-0.179504,-0.047718,0.233421,0.793664,-0.168831,-0.139474,0.567574,0.953717,-0.183469,-0.046748,0.233617,0.954472,-0.179504,-0.047718,0.233421,1.000000,
0.954472,-0.179504,-0.047718,0.233421,0.793664,-0.168831,-0.139474,0.567574,0.955504,-0.173923,-0.049081,0.233138,0.954472,-0.179504,-0.047718,0.233421,1.000000,
0.954472,-0.179504,-0.047718,0.233421,0.793664,-0.168831,-0.139474,0.567574,0.953717,-0.183469,-0.046748,0.233617,0.954472,-0.179504,-0.047718,0.233421,1.000000,
0.954472,-0.179504,-0.047718,0.233421,0.793664,-0.168831,-0.139474,0.567574,0.955504,-0.173923,-0.049081,0.233138,0.954472,-0.179504,-0.047718,0.233421,1.000000,
0.954472,-0.179504,-0.047718,0.233421,0.793664,-0.168831,-0.139474,0.567574,0.953717,-0.183469,-0.046748,0.233617,0.954472,-0.179504,-0.047718,0.233421,1.000000,
0.954472,-0.179504,-0.047718,0.233421,0.793664,-0.168831,-0.139474,0.567574,0.955504,-0.173923,-0.049081,0.233138,0.954472,-0.179504,-0.047718,0.233421,1.000000,
0.954472,-0.179504,-0.047718,0.233421,0.793664,-0.168831,-0.139474,0.567574,0.953717,-0.183469,-0.046748,0.233617,0.954472,-0.179504,-0.047718,0.233421,1.000000,
0.954472,-0.179504,-0.047718,0.233421,0.793664,-0.168831,-0.139474,0.567574,0.955504,-0.173923,-0.049081,0.233138,0.954472,-0.179504,-0.047718,0.233421,1.000000,
0.954472,-0.179504,-0.047718,0.233421,0.793664,-0.168831,-0.139474,0.567574,0.953717,-0.183469,-0.046748,0.233617,0.954472,-0.179504,-0.047718,0.233421,1.000000,
0.954472,-0.179504,-0.047718,0.233421,0.793664,-0.168831,-0.139474,0.567574,0.955504,-0.173923,-0.049081,0.233138,0.954472,-0.179504,-0.047718,0.233421,1.000000,
0.954472,-0.179504,-0.047718,0.233421,0.793664,-0.168831,-0.139474,0.567574,0.953717,-0.183469,-0.046748,0.233617,0.954472,-0.179504,-0.047718,0.233421,1.000000,
0.954472,-0.179504,-0.047718,0.233421,0.793664,-0.168831,-0.139474,0.567574,0.955504,-0.173923,-0.049081,0.233138,0.954472,-0.179504,-0.047718,0.233421,1.000000,
0.954472,-0.179504,-0.047718,0.233421,0.793664,-0.168831,-0.139474,0.567574,0.953717,-0.183469,-0.046748,0.233617,0.954472,-0.179504,-0.047718,0.233421,1.000000,
0.954472,-0.179504,-0.047718,0.233421,0.793664,-0.168831,-0.139474,0.567574,0.955504,-0.173923,-0.049081,0.233138,0.954472,-0.179504,-0.047718,0.233421,1.000000,
0.954472,-0.179504,-0.047718,0.233421,0.793664,-0.168831,-0.139474,0.567574,0.953717,-0.183469,-0.046748,0.233617,0.954472,-0.179504,-0.047718,0.233421,1.000000,
0.954472,-0.179504,-0.047718,0.233421,0.793664,-0.168831,-0.139474,0.567574,0.955504,-0.173923,-0.049081,0.233138,0.954472,-0.179504,-0.047718,0.233421,1.000000,
0.954472,-0.179504,-0.047718,0.233421,0.793664,-0.168831,-0.139474,0.567574,0.953717,-0.183469,-0.046747,0.233617,0.954472,-0.179504,-0.047718,0.233421,1.000000,
0.954472,-0.179504,-0.047718,0.233421,0.793664,-0.168831,-0.139474,0.567574,0.955504,-0.173923,-0.049081,0.233138,0.954472,-0.179504,-0.047718,0.233421,1.000000,
0.954472,-0.179504,-0.047718,0.233421,0.793664,-0.168831,-0.139474,0.567574,0.953717,-0.183469,-0.046747,0.233617,0.954472,-0.179504,-0.047718,0.233421,1.000000,
0.954472,-0.179504,-0.047718,0.233421,0.793664,-0.168831,-0.139474,0.567574,0.955504,-0.173923,-0.049081,0.233138,0.954472,-0.179504,-0.047718,0.233421,1.000000,
0.954472,-0.179504,-0.047718,0.233421,0.793664,-0.168831,-0.139474,0.567574,0.953717,-0.183470,-0.046747,0.233617,0.954472,-0.179504,-0.047718,0.233421,1.000000,
0.954472,-0.179504,-0.047718,0.233421,0.793664,-0.168831,-0.139474,0.567574,0.955504,-0.173923,-0.049081,0.233138,0.954472,-0.179504,-0.047718,0.233421,1.000000,
0.954472,-0.179504,-0.047718,0.233421,0.793664,-0.168831,-0.139474,0.567574,0.953717,-0.183470,-0.046747,0.233617,0.954472,-0.179504,-0.047718,0.233421,1.000000,
0.954472,-0.179504,-0.047718,0.233421,0.793664,-0.168831,-0.139474,0.567574,0.955504,-0.173923,-0.049081,0.233138,0.954472,-0.179504,-0.047718,0.233421,1.000000,
0.954472,-0.179504,-0.047718,0.233421,0.793664,-0.168831,-0.139474,0.567574,0.953717,-0.183470,-0.046747,0.233617,0.954472,-0.179504,-0.047718,0.233421,1.000000,
0.954472,-0.179504,-0.047718,0.233421,0.793664,-0.168831,-0.139474,0.567574,0.955504,-0.173924,-0.049081,0.233138,0.954472,-0.179504,-0.047718,0.233421,1.000000,
0.954472,-0.179504,-0.047718,0.233421,0.793664,-0.168831,-0.139474,0.567574,0.953717,-0.183470,-0.046747,0.233617,0.954472,-0.179504,-0.047718,0.233421,1.000000,
0.954472,-0.179504,-0.047718,0.233421,0.793664,-0.168831,-0.139474,0.567574,0.955504,-0.173924,-0.049081,0.233138,0.954472,-0.179504,-0.047718,0.233421,1.000000,
0.954472,-0.179504,-0.047718,0.233421,0.793664,-0.168831,-0.139474,0.567574,0.953717,-0.183470,-0.046747,0.233617,0.954472,-0.179504,-0.047718,0.233421,1.000000,
0.954472,-0.179504,-0.047718,0.233421,0.793664,-0.168831,-0.139474,0.567574,0.955504,-0.173924,-0.049081,0.233138,0.954472,-0.179504,-0.047718,0.233421,1.000000,
0.954472,-0.179504,-0.047718,0.233421,0.793664,-0.168831,-0.139474,0.567574,0.953717,-0.183470,-0.046747,0.233617,0.954472,-0.179504,-0.047718,0.233421,1.000000,
0.954472,-0.179504,-0.047718,0.233421,0.793664,-0.168831,-0.139474,0.567574,0.955504,-0.173924,-0.049081,0.233138,0.954472,-0.179504,-0.047718,0.233421,1.000000,
0.954472,-0.179504,-0.047718,0.233421,0.793664,-0.168831,-0.139474,0.567574,0.953717,-0.183470,-0.046747,0.233617,0.954472,-0.179504,-0.047718,0.233421,1.000000,
0.954472,-0.179504,-0.047718,0.233421,0.793664,-0.168831,-0.139474,0.567574,0.955504,-0.173924,-0.049081,0.233138,0.954472,-0.179504,-0.047718,0.233421,1.000000,
0.954472,-0.179504,-0.047718,0.233421,0.793664,-0.168831,-0.139474,0.567574,0.953717,-0.183470,-0.046747,0.233617,0.954472,-0.179504,-0.047718,0.233421,1.000000,
0.954472,-0.179504,-0.047718,0.233421,0.793664,-0.168831,-0.139474,0.567574,0.955504,-0.173924,-0.049081,0.233138,0.954472,-0.179504,-0.047718,0.233421,1.000000,
0.954472,-0.179504,-0.047718,0.233421,0.793664,-0.168831,-0.139474,0.567574,0.953717,-0.183470,-0.046747,0.233617,0.954472,-0.179504,-0.047718,0.233421,1.000000,
0.954472,-0.179504,-0.047718,0.233421,0.793664,-0.168831,-0.139474,0.567574,0.955504,-0.173924,-0.049081,0.233138,0.954472,-0.179504,-0.047718,0.233421,1.000000,
0.954472,-0.179504,-0.047718,0.233421,0.793664,-0.168831,-0.139474,0.567574,0.953717,-0.183470,-0.046747,0.233617,0.954472,-0.179504,-0.047718,0.233421,1.000000,
0.954472,-0.179504,-0.047718,0.233421,0.793664,-0.168831,-0.139474,0.567574,0.955504,-0.173924,-0.049081,0.233138,0.954472,-0.179504,-0.047718,0.233421,1.000000,
0.954472,-0.179504,-0.047718,0.233421,0.793664,-0.168831,-0.139474,0.567574,0.953717,-0.183470,-0.046747,0.233617,0.954472,-0.179504,-0.047718,0.233421,1.000000,
0.954472,-0.179504,-0.047718,0.233421,0.793664,-0.168831,-0.139474,0.567574,0.955504,-0.173924,-0.049081,0.233138,0.954472,-0.179504,-0.047718,0.233421,1.000000,
0.954472,-0.179504,-0.047718,0.233421,0.793664,-0.168831,-0.139474,0.567574,0.953717,-0.183470,-0.046747,0.233617,0.954472,-0.179504,-0.047718,0.233421,1.000000,
0.954472,-0.179504,-0.047718,0.233421,0.793664,-0.168831,-0.139474,0.567574,0.955504,-0.173924,-0.049081,0.233138,0.954472,-0.179504,-0.047718,0.233421,1.000000,
0.954472,-0.179504,-0.047718,0.233421,0.793664,-0.168831,-0.139474,0.567574,0.953717,-0.183471,-0.046747,0.233617,0.954472,-0.179504,-0.047718,0.233421,1.000000,
0.954472,-0.179504,-0.047718,0.233421,0.793664,-0.168831,-0.139474,0.567574,0.955504,-0.173924,-0.049081,0.233138,0.954472,-0.179504,-0.047718,0.233421,1.000000,
0.954472,-0.179504,-0.047718,0.233421,0.793664,-0.168831,-0.139474,0.567574,0.953717,-0.183471,-0.046747,0.233617,0.954472,-0.179504,-0.047718,0.233421,1.000000,
0.954472,-0.179504,-0.047718,0.233421,0.793664,-0.168831,-0.139474,0.567574,0.955504,-0.173924,-0.049081,0.233138,0.954472,-0.179504,-0.047718,0.233421,1.000000,
0.954472,-0.179504,-0.047718,0.233421,0.793664,-0.168831,-0.139474,0.567574,0.953717,-0.183471,-0.046747,0.233617,0.954472,-0.179504,-0.047718,0.233421,1.000000,
0.954472,-0.179504,-0.047718,0.233421,0.793664,-0.168831,-0.139474,0.567574,0.955504,-0.173925,-0.049081,0.233138,0.954472,-0.179504,-0.047718,0.233421,1.000000,
0.954472,-0.179504,-0.047718,0.233421,0.793664,-0.168831,-0.139474,0.567574,0.953717,-0.183471,-0.046747,0.233617,0.954472,-0.179504,-0.047718,0.233421,1.000000,
0.954472,-0.179504,-0.047718,0.233421,0.793664,-0.168831,-0.139474,0.567574,0.955504,-0.173925,-0.049081,0.233138,0.954472,-0.179504,-0.047718,0.233421,1.000000,
0.954472,-0.179504,-0.047718,0.233421,0.793664,-0.168831,-0.139474,0.567574,0.953717,-0.183471,-0.046747,0.233617,0.954472,-0.179504,-0.047718,0.233421,1.000000,
0.954472,-0.179504,-0.047718,0.233421,0.793664,-0.168831,-0.139474,0.567574,0.955504,-0.173925,-0.049081,0.233138,0.954472,-0.179504,-0.047718,0.233421,1.000000,
0.954472,-0.179504,-0.047718,0.233421,0.793664,-0.168831,-0.139474,0.567574,0.953717,-0.183471,-0.046747,0.233617,0.954472,-0.179504,-0.047718,0.233421,1.000000,
0.954472,-0.179504,-0.047718,0.233421,0.793664,-0.168831,-0.139474,0.567574,0.955504,-0.173925,-0.049081,0.233138,0.954472,-0.179504,-0.047718,0.233421,1.000000,
0.954472,-0.179504,-0.047718,0.233421,0.793664,-0.168831,-0.139474,0.567574,0.953717,-0.183471,-0.046747,0.233617,0.954472,-0.179504,-0.047718,0.233421,1.000000,
0.954472,-0.179504,-0.047718,0.233421,0.793664,-0.168831,-0.139474,0.567574,0.955504,-0.173925,-0.049081,0.233138,0.954472,-0.179504,-0.047718,0.233421,1.000000,
0.954472,-0.179504,-0.047718,0.233421,0.793664,-0.168831,-0.139474,0.567574,0.953717,-0.183471,-0.046747,0.233617,0.954472,-0.179504,-0.047718,0.233421,1.000000,
0.954472,-0.179504,-0.047718,0.233421,0.793664,-0.168831,-0.139474,0.567574,0.955504,-0.173925,-0.049081,0.233138,0.954472,-0.179504,-0.047718,0.233421,1.000000,
0.954472,-0.179504,-0.047718,0.233421,0.793664,-0.168831,-0.139474,0.567574,0.953717,-0.183471,-0.046747,0.233617,0.954472,-0.179504,-0.047718,0.233421,1.000000,
0.954472,-0.179504,-0.047718,0.233421,0.793664,-0.168831,-0.139474,0.567574,0.955504,-0.173925,-0.049081,0.233138,0.954472,-0.179504,-0.047718,0.233421,1.000000,
0.954472,-0.179504,-0.047718,0.233421,0.793664,-0.168831,-0.139474,0.567574,0.953717,-0.183471,-0.046747,0.233617,0.954472,-0.179504,-0.047718,0.233421,1.000000,
0.954472,-0.179504,-0.047718,0.233421,0.793664,-0.168831,-0.139474,0.567574,0.955504,-0.173925,-0.049081,0.233138,0.954472,-0.179504,-0.047718,0.233421,1.000000,
0.954472,-0.179504,-0.047718,0.233421,0.793664,-0.168831,-0.139474,0.567574,0.953717,-0.183471,-0.046747,0.233617,0.954472,-0.179504,-0.047718,0.233421,1.000000,
0.954472,-0.179504,-0.047718,0.233421,0.793664,-0.168831,-0.139474,0.567574,0.955504,-0.173925,-0.049081,0.233138,0.954472,-0.179504,-0.047718,0.233421,1.000000,
0.954472,-0.179504,-0.047718,0.233421,0.793664,-0.168831,-0.139474,0.567574,0.953717,-0.183471,-0.046747,0.233617,0.954472,-0.179504,-0.047718,0.233421,1.000000,
0.954472,-0.179504,-0.047718,0.233421,0.793664,-0.168831,-0.139474,0.567574,0.955504,-0.173925,-0.049081,0.233138,0.954472,-0.179504,-0.047718,0.233421,1.000000,
0.954472,-0.179504,-0.047718,0.233421,0.793664,-0.168831,-0.139474,0.567574,0.953717,-0.183472,-0.046747,0.233617,0.954472,-0.179504,-0.047718,0.233421,1.000000,
0.954472,-0.179504,-0.047718,0.233421,0.793664,-0.168831,-0.139474,0.567574,0.955504,-0.173925,-0.049081,0.233138,0.954472,-0.179504,-0.047718,0.233421,1.000000,
0.954472,-0.179504,-0.047718,0.233421,0.793664,-0.168831,-0.139474,0.567574,0.953717,-0.183472,-0.046747,0.233617,0.954472,-0.179504,-0.047718,0.233421,1.000000,
0.954472,-0.179504,-0.047718,0.233421,0.793664,-0.168831,-0.139474,0.567574,0.955504,-0.173925,-0.049081,0.233138,0.954472,-0.179504,-0.047718,0.233421,1.000000,
0.954472,-0.179504,-0.047718,0.233421,0.793664,-0.168831,-0.139474,0.567574,0.953717,-0.183472,-0.046747,0.233617,0.954472,-0.179504,-0.047718,0.233421,1.000000,
0.954472,-0.179504,-0.047718,0.233421,0.793664,-0.168831,-0.139474,0.567574,0.955504,-0.173925,-0.049081,0.233138,0.954472,-0.179504,-0.047718,0.233421,1.000000,
0.954472,-0.179504,-0.047718,0.233421,0.793664,-0.168831,-0.139474,0.567574,0.953717,-0.183472,-0.046747,0.233617,0.954472,-0.179504,-0.047718,0.233421,1.000000,
0.954472,-0.179504,-0.047718,0.233421,0.793664,-0.168831,-0.139474,0.567574,0.955504,-0.173926,-0.049081,0.233138,0.954472,-0.179504,-0.047718,0.233421,1.000000,
0.954472,-0.179504,-0.047718,0.233421,0.793664,-0.168831,-0.139474,0.567574,0.953717,-0.183472,-0.046747,0.233617,0.954472,-0.179504,-0.047718,0.233421,1.000000,
0.954472,-0.179504,-0.047718,0.233421,0.793664,-0.168831,-0.139474,0.567574,0.955504,-0.173926,-0.049081,0.233138,0.954472,-0.179504,-0.047718,0.233421,1.000000,
0.954472,-0.179504,-0.047718,0.233421,0.793664,-0.168831,-0.139474,0.567574,0.953717,-0.183472,-0.046747,0.233617,0.954472,-0.179504,-0.047718,0.233421,1.000000,
0.954472,-0.179504,-0.047718,0.233421,0.793664,-0.168831,-0.139474,0.567574,0.955504,-0.173926,-0.049081,0.233138,0.954472,-0.179504,-0.047718,0.233421,1.000000,
0.954472,-0.179504,-0.047718,0.233421,0.793664,-0.168831,-0.139474,0.567574,0.953717,-0.183472,-0.046747,0.233617,0.954472,-0.179504,-0.047718,0.233421,1.000000,
0.954472,-0.179504,-0.047718,0.233421,0.793664,-0.168831,-0.139474,0.567574,0.955504,-0.173926,-0.049081,0.233138,0.954472,-0.179504,-0.047718,0.233421,1.000000,
0.954472,-0.179504,-0.047718,0.233421,0.793664,-0.168831,-0.139474,0.567574,0.953717,-0.183472,-0.046747,0.233617,0.954472,-0.179504,-0.047718,0.233421,1.000000,
0.954472,-0.179504,-0.047718,0.233421,0.793664,-0.168831,-0.139474,0.567574,0.955504,-0.173926,-0.049081,0.233138,0.954472,-0.179504,-0.047718,0.233421,1.000000,
0.954472,-0.179504,-0.047718,0.233421,0.793664,-0.168831,-0.139474,0.567574,0.953717,-0.183472,-0.046747,0.233617,0.954472,-0.179504,-0.047718,0.233421,1.000000,
0.954472,-0.179504,-0.047718,0.233421,0.793664,-0.168831,-0.139474,0.567574,0.955504,-0.173926,-0.049081,0.233138,0.954472,-0.179504,-0.047718,0.233421,1.000000,
0.954472,-0.179504,-0.047718,0.233421,0.793664,-0.168831,-0.139474,0.567574,0.953717,-0.183472,-0.046747,0.233617,0.954472,-0.179504,-0.047718,0.233421,1.000000,
0.954472,-0.179504,-0.047718,0.233421,0.793664,-0.168831,-0.139474,0.567574,0.955504,-0.173926,-0.049081,0.233138,0.954472,-0.179504,-0.047718,0.233421,1.000000,
0.954472,-0.179504,-0.047718,0.233421,0.793664,-0.168831,-0.139474,0.567574,0.953717,-0.183472,-0.046747,0.233617,0.954472,-0.179504,-0.047718,0.233421,1.000000,
0.954472,-0.179504,-0.047718,0.233421,0.793664,-0.168831,-0.139474,0.567574,0.955504,-0.173926,-0.049081,0.233138,0.954472,-0.179504,-0.047718,0.233421,1.000000,
0.954472,-0.179504,-0.047718,0.233421,0.793664,-0.168831,-0.139474,0.567574,0.953717,-0.183472,-0.046747,0.233617,0.954472,-0.179504,-0.047718,0.233421,1.000000,
0.954472,-0.179504,-0.047718,0.233421,0.793664,-0.168831,-0.139474,0.567574,0.955504,-0.173926,-0.049081,0.233138,0.954472,-0.179504,-0.047718,0.233421,1.000000,
0.954472,-0.179504,-0.047718,0.233421,0.793664,-0.168831,-0.139474,0.567574,0.953717,-0.183472,-0.046747,0.233617,0.954472,-0.179504,-0.047718,0.233421,1.000000,
0.954472,-0.179504,-0.047718,0.233421,0.793664,-0.168831,-0.139474,0.567574,0.955504,-0.173926,-0.049081,0.233138,0.954472,-0.179504,-0.047718,0.233421,1.000000,
0.954472,-0.179504,-0.047718,0.233421,0.793664,-0.168831,-0.139474,0.567574,0.953717,-0.183473,-0.046747,0.233617,0.954472,-0.179504,-0.047718,0.233421,1.000000,
0.954472,-0.179504,-0.047718,0.233421,0.793664,-0.168831,-0.139474,0.567574,0.955504,-0.173926,-0.049081,0.233138,0.954472,-0.179504,-0.047718,0.233421,1.000000,
0.954472,-0.179504,-0.047718,0.233421,0.793664,-0.168831,-0.139474,0.567574,0.953717,-0.183473,-0.046747,0.233617,0.954472,-0.179504,-0.047718,0.233421,1.000000,
0.954472,-0.179504,-0.047718,0.233421,0.793664,-0.168831,-0.139474,0.567574,0.955504,-0.173926,-0.049081,0.233138,0.954472,-0.179504,-0.047718,0.233421,1.000000,
0.954472,-0.179504,-0.047718,0.233421,0.793664,-0.168831,-0.139474,0.567574,0.953717,-0.183473,-0.046747,0.233617,0.954472,-0.179504,-0.047718,0.233421,1.000000,
0.954472,-0.179504,-0.047718,0.233421,0.793664,-0.168831,-0.139474,0.567574,0.955504,-0.173927,-0.049080,0.233138,0.954472,-0.179504,-0.047718,0.233421,1.000000,
0.954472,-0.179504,-0.047718,0.233421,0.793664,-0.168831,-0.139474,0.567574,0.953717,-0.183473,-0.046747,0.233617,0.954472,-0.179504,-0.047718,0.233421,1.000000,
0.954472,-0.179504,-0.047718,0.233421,0.793664,-0.168831,-0.139474,0.567574,0.955504,-0.173927,-0.049080,0.233138,0.954472,-0.179504,-0.047718,0.233421,1.000000,
0.954472,-0.179504,-0.047718,0.233421,0.793664,-0.168831,-0.139474,0.567574,0.953717,-0.183473,-0.046747,0.233617,0.954472,-0.179504,-0.047718,0.233421,1.000000,
0.954472,-0.179504,-0.047718,0.233421,0.793664,-0.168831,-0.139474,0.567574,0.955504,-0.173927,-0.049080,0.233138,0.954472,-0.179504,-0.047718,0.233421,1.000000,
0.954472,-0.179504,-0.047718,0.233421,0.793664,-0.168831,-0.139474,0.567574,0.953717,-0.183473,-0.046747,0.233617,0.954472,-0.179504,-0.047718,0.233421,1.000000,
0.954472,-0.179504,-0.047718,0.233421,0.793664,-0.168831,-0.139474,0.567574,0.955504,-0.173927,-0.049080,0.233138,0.954472,-0.179504,-0.047718,0.233421,1.000000,
0.954472,-0.179504,-0.047718,0.233421,0.793664,-0.168831,-0.139474,0.567574,0.953717,-0.183473,-0.046747,0.233617,0.954472,-0.179504,-0.047718,0.233421,1.000000,
0.954472,-0.179504,-0.047718,0.233421,0.793664,-0.168831,-0.139474,0.567574,0.955504,-0.173927,-0.049080,0.233138,0.954472,-0.179504,-0.047718,0.233421,1.000000,
0.954472,-0.179504,-0.047718,0.233421,0.793664,-0.168831,-0.139474,0.567574,0.953717,-0.183473,-0.046747,0.233617,0.954472,-0.179504,-0.047718,0.233421,1.000000,
0.954472,-0.179504,-0.047718,0.233421,0.793664,-0.168831,-0.139474,0.567574,0.955504,-0.173927,-0.049080,0.233138,0.954472,-0.179504,-0.047718,0.233421,1.000000,
0.954472,-0.179504,-0.047718,0.233421,0.793664,-0.168831,-0.139474,0.567574,0.953717,-0.183473,-0.046747,0.233617,0.954472,-0.179504,-0.047718,0.233421,1.000000,
0.954472,-0.179504,-0.047718,0.233421,0.793664,-0.168831,-0.139474,0.567574,0.955504,-0.173927,-0.049080,0.233138,0.954472,-0.179504,-0.047718,0.233421,1.000000,
0.954472,-0.179504,-0.047718,0.233421,0.793664,-0.168831,-0.139474,0.567574,0.953717,-0.183473,-0.046747,0.233617,0.954472,-0.179504,-0.047718,0.233421,1.000000,
0.954472,-0.179504,-0.047718,0.233421,0.793664,-0.168831,-0.139474,0.567574,0.955504,-0.173927,-0.049080,0.233138,0.954472,-0.179504,-0.047718,0.233421,1.000000,
0.954472,-0.179504,-0.047718,0.233421,0.793664,-0.168831,-0.139474,0.567574,0.953717,-0.183473,-0.046747,0.233617,0.954472,-0.179504,-0.047718,0.233421,1.000000,
0.954472,-0.179504,-0.047718,0.233421,0.793664,-0.168831,-0.139474,0.567574,0.955504,-0.173927,-0.049080,0.233138,0.954472,-0.179504,-0.047718,0.233421,1.000000,
0.954472,-0.179504,-0.047718,0.233421,0.793664,-0.168831,-0.139474,0.567574,0.953717,-0.183473,-0.046747,0.233617,0.954472,-0.179504,-0.047718,0.233421,1.000000,
0.954472,-0.179504,-0.047718,0.233421,0.793664,-0.168831,-0.139474,0.567574,0.955504,-0.173927,-0.049080,0.233138,0.954472,-0.179504,-0.047718,0.233421,1.000000,
0.954472,-0.179504,-0.047718,0.233421,0.793664,-0.168831,-0.139474,0.567574,0.953717,-0.183474,-0.046746,0.233617,0.954472,-0.179504,-0.047718,0.233421,1.000000,
0.954472,-0.179504,-0.047718,0.233421,0.793664,-0.168831,-0.139474,0.567574,0.955504,-0.173927,-0.049080,0.233138,0.954472,-0.179504,-0.047718,0.233421,1.000000,
0.954472,-0.179504,-0.047718,0.233421,0.793664,-0.168831,-0.139474,0.567574,0.953717,-0.183474,-0.046746,0.233617,0.954472,-0.179504,-0.047718,0.233421,1.000000,
0.954472,-0.179504,-0.047718,0.233421,0.793664,-0.168831,-0.139474,0.567574,0.955504,-0.173927,-0.049080,0.233138,0.954472,-0.179504,-0.047718,0.233421,1.000000,
0.954472,-0.179504,-0.047718,0.233421,0.793664,-0.168831,-0.139474,0.567574,0.953716,-0.183474,-0.046746,0.233617,0.954472,-0.179504,-0.047718,0.233421,1.000000,
0.954472,-0.179504,-0.047718,0.233421,0.793664,-0.168831,-0.139474,0.567574,0.955504,-0.173927,-0.049080,0.233138,0.954472,-0.179504,-0.047718,0.233421,1.000000,
0.954472,-0.179504,-0.047718,0.233421,0.793664,-0.168831,-0.139474,0.567574,0.953716,-0.183474,-0.046746,0.233617,0.954472,-0.179504,-0.047718,0.233421,1.000000,
0.954472,-0.179504,-0.047718,0.233421,0.793664,-0.168831,-0.139474,0.567574,0.955504,-0.173928,-0.049080,0.233138,0.954472,-0.179504,-0.047718,0.233421,1.000000,
0.954472,-0.179504,-0.047718,0.233421,0.793664,-0.168831,-0.139474,0.567574,0.953716,-0.183474,-0.046746,0.233617,0.954472,-0.179504,-0.047718,0.233421,1.000000,
0.954472,-0.179504,-0.047718,0.233421,0.793664,-0.168831,-0.139474,0.567574,0.955503,-0.173928,-0.049080,0.233138,0.954472,-0.179504,-0.047718,0.233421,1.000000,
0.954472,-0.179504,-0.047718,0.233421,0.793664,-0.168831,-0.139474,0.567574,0.953716,-0.183474,-0.046746,0.233617,0.954472,-0.179504,-0.047718,0.233421,1.000000,
0.954472,-0.179504,-0.047718,0.233421,0.793664,-0.168831,-0.139474,0.567574,0.955503,-0.173928,-0.049080,0.233138,0.954472,-0.179504,-0.047718,0.233421,1.000000,
0.954472,-0.179504,-0.047718,0.233421,0.793664,-0.168831,-0.139474,0.567574,0.953716,-0.183474,-0.046746,0.233617,0.954472,-0.179504,-0.047718,0.233421,1.000000,
0.954472,-0.179504,-0.047718,0.233421,0.793664,-0.168831,-0.139474,0.567574,0.955503,-0.173928,-0.049080,0.233138,0.954472,-0.179504,-0.047718,0.233421,1.000000,
0.954472,-0.179504,-0.047718,0.233421,0.793664,-0.168831,-0.139474,0.567574,0.953716,-0.183474,-0.046746,0.233617,0.954472,-0.179504,-0.047718,0.233421,1.000000,
0.954472,-0.179504,-0.047718,0.233421,0.793664,-0.168831,-0.139474,0.567574,0.955503,-0.173928,-0.049080,0.233138,0.954472,-0.179504,-0.047718,0.233421,1.000000,
0.954472,-0.179504,-0.047718,0.233421,0.793664,-0.168831,-0.139474,0.567574,0.953716,-0.183474,-0.046746,0.233617,0.954472,-0.179504,-0.047718,0.233421,1.000000,
0.954472,-0.179504,-0.047718,0.233421,0.793664,-0.168831,-0.139474,0.567574,0.955503,-0.173928,-0.049080,0.233138,0.954472,-0.179504,-0.047718,0.233421,1.000000,
0.954472,-0.179504,-0.047718,0.233421,0.793664,-0.168831,-0.139474,0.567574,0.953716,-0.183474,-0.046746,0.233617,0.954472,-0.179504,-0.047718,0.233421,1.000000,
0.954472,-0.179504,-0.047718,0.233421,0.793664,-0.168831,-0.139474,0.567574,0.955503,-0.173928,-0.049080,0.233138,0.954472,-0.179504,-0.047718,0.233421,1.000000,
0.954472,-0.179504,-0.047718,0.233421,0.793664,-0.168831,-0.139474,0.567574,0.953716,-0.183474,-0.046746,0.233617,0.954472,-0.179504,-0.047718,0.233421,1.000000,
0.954472,-0.179504,-0.047718,0.233421,0.793664,-0.168831,-0.139474,0.567574,0.955503,-0.173928,-0.049080,0.233138,0.954472,-0.179504,-0.047718,0.233421,1.000000,
0.954472,-0.179504,-0.047718,0.233421,0.793664,-0.168831,-0.139474,0.567574,0.953716,-0.183474,-0.046746,0.233617,0.954472,-0.179504,-0.047718,0.233421,1.000000,
0.954472,-0.179504,-0.047718,0.233421,0.793664,-0.168831,-0.139474,0.567574,0.955503,-0.173928,-0.049080,0.233138,0.954472,-0.179504,-0.047718,0.233421,1.000000,
0.954472,-0.179504,-0.047718,0.233421,0.793664,-0.168831,-0.139474,0.567574,0.953716,-0.183474,-0.046746,0.233617,0.954472,-0.179504,-0.047718,0.233421,1.000000,
0.954472,-0.179504,-0.047718,0.233421,0.793664,-0.168831,-0.139474,0.567574,0.955503,-0.173928,-0.049080,0.233138,0.954472,-0.179504,-0.047718,0.233421,1.000000,
0.954472,-0.179504,-0.047718,0.233421,0.793664,-0.168831,-0.139474,0.567574,0.953716,-0.183475,-0.046746,0.233617,0.954472,-0.179504,-0.047718,0.233421,1.000000,
0.954472,-0.179504,-0.047718,0.233421,0.793664,-0.168831,-0.139474,0.567574,0.955503,-0.173928,-0.049080,0.233138,0.954472,-0.179504,-0.047718,0.233421,1.000000,
0.954472,-0.179504,-0.047718,0.233421,0.793664,-0.168831,-0.139474,0.567574,0.953716,-0.183475,-0.046746,0.233617,0.954472,-0.179504,-0.047718,0.233421,1.000000,
0.954472,-0.179504,-0.047718,0.233421,0.793664,-0.168831,-0.139474,0.567574,0.955503,-0.173928,-0.049080,0.233138,0.954472,-0.179504,-0.047718,0.233421,1.000000,
0.954472,-0.179504,-0.047718,0.233421,0.793664,-0.168831,-0.139474,0.567574,0.953716,-0.183475,-0.046746,0.233617,0.954472,-0.179504,-0.047718,0.233421,1.000000,
0.954472,-0.179504,-0.047718,0.233421,0.793664,-0.168831,-0.139474,0.567574,0.955503,-0.173929,-0.049080,0.233138,0.954472,-0.179504,-0.047718,0.233421,1.000000,
0.954472,-0.179504,-0.047718,0.233421,0.793664,-0.168831,-0.139474,0.567574,0.953716,-0.183475,-0.046746,0.233617,0.954472,-0.179504,-0.047718,0.233421,1.000000,
0.954472,-0.179504,-0.047718,0.233421,0.793664,-0.168831,-0.139474,0.567574,0.955503,-0.173929,-0.049080,0.233138,0.954472,-0.179504,-0.047718,0.233421,1.000000,
0.954472,-0.179504,-0.047718,0.233421,0.793664,-0.168831,-0.139474,0.567574,0.953716,-0.183475,-0.046746,0.233617,0.954472,-0.179504,-0.047718,0.233421,1.000000,
0.954472,-0.179504,-0.047718,0.233421,0.793664,-0.168831,-0.139474,0.567574,0.955503,-0.173929,-0.049080,0.233138,0.954472,-0.179504,-0.047718,0.233421,1.000000,
0.954472,-0.179504,-0.047718,0.233421,0.793664,-0.168831,-0.139474,0.567574,0.953716,-0.183475,-0.046746,0.233617,0.954472,-0.179504,-0.047718,0.233421,1.000000,
0.954472,-0.179504,-0.047718,0.233421,0.793664,-0.168831,-0.139474,0.567574,0.955503,-0.173929,-0.049080,0.233138,0.954472,-0.179504,-0.047718,0.233421,1.000000,
0.954472,-0.179504,-0.047718,0.233421,0.793664,-0.168831,-0.139474,0.567574,0.953716,-0.183475,-0.046746,0.233617,0.954472,-0.179504,-0.047718,0.233421,1.000000,
0.954472,-0.179504,-0.047718,0.233421,0.793664,-0.168831,-0.139474,0.567574,0.955503,-0.173929,-0.049080,0.233138,0.954472,-0.179504,-0.047718,0.233421,1.000000,
0.954472,-0.179504,-0.047718,0.233421,0.793664,-0.168831,-0.139474,0.567574,0.953716,-0.183475,-0.046746,0.233617,0.954472,-0.179504,-0.047718,0.233421,1.000000,
0.954472,-0.179504,-0.047718,0.233421,0.793664,-0.168831,-0.139474,0.567574,0.955503,-0.173929,-0.049080,0.233138,0.954472,-0.179504,-0.047718,0.233421,1.000000,
0.954472,-0.179504,-0.047718,0.233421,0.793664,-0.168831,-0.139474,0.567574,0.953716,-0.183475,-0.046746,0.233617,0.954472,-0.179504,-0.047718,0.233421,1.000000,
0.954472,-0.179504,-0.047718,0.233421,0.793664,-0.168831,-0.139474,0.567574,0.955503,-0.173929,-0.049080,0.233138,0.954472,-0.179504,-0.047718,0.233421,1.000000,
0.954472,-0.179504,-0.047718,0.233421,0.793664,-0.168831,-0.139474,0.567574,0.953716,-0.183475,-0.046746,0.233617,0.954472,-0.179504,-0.047718,0.233421,1.000000,
0.954472,-0.179504,-0.047718,0.233421,0.793664,-0.168831,-0.139474,0.567574,0.955503,-0.173929,-0.049080,0.233138,0.954472,-0.179504,-0.047718,0.233421,1.000000,
0.954472,-0.179504,-0.047718,0.233421,0.793664,-0.168831,-0.139474,0.567574,0.953716,-0.183475,-0.046746,0.233617,0.954472,-0.179504,-0.047718,0.233421,1.000000,
0.954472,-0.179504,-0.047718,0.233421,0.793664,-0.168831,-0.139474,0.567574,0.955503,-0.173929,-0.049080,0.233138,0.954472,-0.179504,-0.047718,0.233421,1.000000,
0.954472,-0.179504,-0.047718,0.233421,0.793664,-0.168831,-0.139474,0.567574,0.953716,-0.183475,-0.046746,0.233617,0.954472,-0.179504,-0.047718,0.233421,1.000000,
0.954472,-0.179504,-0.047718,0.233421,0.793664,-0.168831,-0.139474,0.567574,0.955503,-0.173929,-0.049080,0.233138,0.954472,-0.179504,-0.047718,0.233421,1.000000,
0.954472,-0.179504,-0.047718,0.233421,0.793664,-0.168831,-0.139474,0.567574,0.953716,-0.183476,-0.046746,0.233617,0.954472,-0.179504,-0.047718,0.233421,1.000000,
0.954472,-0.179504,-0.047718,0.233421,0.793664,-0.168831,-0.139474,0.567574,0.955503,-0.173929,-0.049080,0.233138,0.954472,-0.179504,-0.047718,0.233421,1.000000,
0.954472,-0.179504,-0.047718,0.233421,0.793664,-0.168831,-0.139474,0.567574,0.953716,-0.183476,-0.046746,0.233617,0.954472,-0.179504,-0.047718,0.233421,1.000000,
0.954472,-0.179504,-0.047718,0.233421,0.793664,-0.168831,-0.139474,0.567574,0.955503,-0.173929,-0.049080,0.233138,0.954472,-0.179504,-0.047718,0.233421,1.000000,
0.954472,-0.179504,-0.047718,0.233421,0.793664,-0.168831,-0.139474,0.567574,0.953716,-0.183476,-0.046746,0.233617,0.954472,-0.179504,-0.047718,0.233421,1.000000,
0.954472,-0.179504,-0.047718,0.233421,0.793664,-0.168831,-0.139474,0.567574,0.955503,-0.173929,-0.049080,0.233138,0.954472,-0.179504,-0.047718,0.233421,1.000000,
0.954472,-0.179504,-0.047718,0.233421,0.793664,-0.168831,-0.139474,0.567574,0.953716,-0.183476,-0.046746,0.233617,0.954472,-0.179504,-0.047718,0.233421,1.000000,
0.954472,-0.179504,-0.047718,0.233421,0.793664,-0.168831,-0.139474,0.567574,0.955503,-0.173930,-0.049080,0.233138,0.954472,-0.179504,-0.047718,0.233421,1.000000,
0.954472,-0.179504,-0.047718,0.233421,0.793664,-0.168831,-0.139474,0.567574,0.953716,-0.183476,-0.046746,0.233617,0.954472,-0.179504,-0.047718,0.233421,1.000000,
0.954472,-0.179504,-0.047718,0.233421,0.793664,-0.168831,-0.139474,0.567574,0.955503,-0.173930,-0.049080,0.233138,0.954472,-0.179504,-0.047718,0.233421,1.000000,
0.954472,-0.179504,-0.047718,0.233421,0.793664,-0.168831,-0.139474,0.567574,0.953716,-0.183476,-0.046746,0.233617,0.954472,-0.179504,-0.047718,0.233421,1.000000,
0.954472,-0.179504,-0.047718,0.233421,0.793664,-0.168831,-0.139474,0.567574,0.955503,-0.173930,-0.049080,0.233138,0.954472,-0.179504,-0.047718,0.233421,1.000000,
0.954472,-0.179504,-0.047718,0.233421,0.793664,-0.168831,-0.139474,0.567574,0.953716,-0.183476,-0.046746,0.233617,0.954472,-0.179504,-0.047718,0.233421,1.000000,
0.954472,-0.179504,-0.047718,0.233421,0.793664,-0.168831,-0.139474,0.567574,0.955503,-0.173930,-0.049080,0.233138,0.954472,-0.179504,-0.047718,0.233421,1.000000,
0.954472,-0.179504,-0.047718,0.233421,0.793664,-0.168831,-0.139474,0.567574,0.953716,-0.183476,-0.046746,0.233617,0.954472,-0.179504,-0.047718,0.233421,1.000000,
0.954472,-0.179504,-0.047718,0.233421,0.793664,-0.168831,-0.139474,0.567574,0.955503,-0.173930,-0.049080,0.233138,0.954472,-0.179504,-0.047718,0.233421,1.000000,
0.954472,-0.179504,-0.047718,0.233421,0.793664,-0.168831,-0.139474,0.567574,0.953716,-0.183476,-0.046746,0.233617,0.954472,-0.179504,-0.047718,0.233421,1.000000,
0.954472,-0.179504,-0.047718,0.233421,0.793664,-0.168831,-0.139474,0.567574,0.955503,-0.173930,-0.049080,0.233138,0.954472,-0.179504,-0.047718,0.233421,1.000000,
0.954472,-0.179504,-0.047718,0.233421,0.793664,-0.168831,-0.139474,0.567574,0.953716,-0.183476,-0.046746,0.233617,0.954472,-0.179504,-0.047718,0.233421,1.000000,
0.954472,-0.179504,-0.047718,0.233421,0.793664,-0.168831,-0.139474,0.567574,0.955503,-0.173930,-0.049080,0.233138,0.954472,-0.179504,-0.047718,0.233421,1.000000,
0.954472,-0.179504,-0.047718,0.233421,0.793664,-0.168831,-0.139474,0.567574,0.953716,-0.183476,-0.046746,0.233617,0.954472,-0.179504,-0.047718,0.233421,1.000000,
0.954472,-0.179504,-0.047718,0.233421,0.793664,-0.168831,-0.139474,0.567574,0.955503,-0.173930,-0.049080,0.233138,0.954472,-0.179504,-0.047718,0.233421,1.000000,
0.954472,-0.179504,-0.047718,0.233421,0.793664,-0.168831,-0.139474,0.567574,0.953716,-0.183476,-0.046746,0.233617,0.954472,-0.179504,-0.047718,0.233421,1.000000,
0.954472,-0.179504,-0.047718,0.233421,0.793664,-0.168831,-0.139474,0.567574,0.955503,-0.173930,-0.049080,0.233138,0.954472,-0.179504,-0.047718,0.233421,1.000000,
0.954472,-0.179504,-0.047718,0.233421,0.793664,-0.168831,-0.139474,0.567574,0.953716,-0.183476,-0.046746,0.233617,0.954472,-0.179504,-0.047718,0.233421,1.000000,
0.954472,-0.179504,-0.047718,0.233421,0.793664,-0.168831,-0.139474,0.567574,0.955503,-0.173930,-0.049080,0.233138,0.954472,-0.179504,-0.047718,0.233421,1.000000,
0.954472,-0.179504,-0.047718,0.233421,0.793664,-0.168831,-0.139474,0.567574,0.953716,-0.183477,-0.046746,0.233617,0.954472,-0.179504,-0.047718,0.233421,1.000000,
0.954472,-0.179504,-0.047718,0.233421,0.793664,-0.168831,-0.139474,0.567574,0.955503,-0.173930,-0.049080,0.233138,0.954472,-0.179504,-0.047718,0.233421,1.000000,
0.954472,-0.179504,-0.047718,0.233421,0.793664,-0.168831,-0.139474,0.567574,0.953716,-0.183477,-0.046746,0.233617,0.954472,-0.179504,-0.047718,0.233421,1.000000,
0.954472,-0.179504,-0.047718,0.233421,0.793664,-0.168831,-0.139474,0.567574,0.955503,-0.173930,-0.049080,0.233138,0.954472,-0.179504,-0.047718,0.233421,1.000000,
0.954472,-0.179504,-0.047718,0.233421,0.793664,-0.168831,-0.139474,0.567574,0.953716,-0.183477,-0.046746,0.233617,0.954472,-0.179504,-0.047718,0.233421,1.000000,
0.954472,-0.179504,-0.047718,0.233421,0.793664,-0.168831,-0.139474,0.567574,0.955503,-0.173931,-0.049080,0.233138,0.954472,-0.179504,-0.047718,0.233421,1.000000,
0.954472,-0.179504,-0.047718,0.233421,0.793664,-0.168831,-0.139474,0.567574,0.953716,-0.183477,-0.046746,0.233617,0.954472,-0.179504,-0.047718,0.233421,1.000000,
0.954472,-0.179504,-0.047718,0.233421,0.793664,-0.168831,-0.139474,0.567574,0.955503,-0.173931,-0.049079,0.233138,0.954472,-0.179504,-0.047718,0.233421,1.000000,
0.954472,-0.179504,-0.047718,0.233421,0.793664,-0.168831,-0.139474,0.567574,0.953716,-0.183477,-0.046746,0.233617,0.954472,-0.179504,-0.047718,0.233421,1.000000,
0.954472,-0.179504,-0.047718,0.233421,0.793664,-0.168831,-0.139474,0.567574,0.955503,-0.173931,-0.049079,0.233138,0.954472,-0.179504,-0.047718,0.233421,1.000000,
0.954472,-0.179504,-0.047718,0.233421,0.793664,-0.168831,-0.139474,0.567574,0.953716,-0.183477,-0.046746,0.233617,0.954472,-0.179504,-0.047718,0.233421,1.000000,
0.954472,-0.179504,-0.047718,0.233421,0.793664,-0.168831,-0.139474,0.567574,0.955503,-0.173931,-0.049079,0.233138,0.954472,-0.179504,-0.047718,0.233421,1.000000,
0.954472,-0.179504,-0.047718,0.233421,0.793664,-0.168831,-0.139474,0.567574,0.953716,-0.183477,-0.046746,0.233617,0.954472,-0.179504,-0.047718,0.233421,1.000000,
0.954472,-0.179504,-0.047718,0.233421,0.793664,-0.168831,-0.139474,0.567574,0.955503,-0.173931,-0.049079,0.233138,0.954472,-0.179504,-0.047718,0.233421,1.000000,
0.954472,-0.179504,-0.047718,0.233421,0.793664,-0.168831,-0.139474,0.567574,0.953716,-0.183477,-0.046746,0.233617,0.954472,-0.179504,-0.047718,0.233421,1.000000,
0.954472,-0.179504,-0.047718,0.233421,0.793664,-0.168831,-0.139474,0.567574,0.955503,-0.173931,-0.049079,0.233138,0.954472,-0.179504,-0.047718,0.233421,1.000000,
0.954472,-0.179504,-0.047718,0.233421,0.793664,-0.168831,-0.139474,0.567574,0.953716,-0.183477,-0.046746,0.233617,0.954472,-0.179504,-0.047718,0.233421,1.000000,
0.954472,-0.179504,-0.047718,0.233421,0.793664,-0.168831,-0.139474,0.567574,0.955503,-0.173931,-0.049079,0.233138,0.954472,-0.179504,-0.047718,0.233421,1.000000,
0.954472,-0.179504,-0.047718,0.233421,0.793664,-0.168831,-0.139474,0.567574,0.953716,-0.183477,-0.046746,0.233617,0.954472,-0.179504,-0.047718,0.233421,1.000000,
0.954472,-0.179504,-0.047718,0.233421,0.793664,-0.168831,-0.139474,0.567574,0.955503,-0.173931,-0.049079,0.233138,0.954472,-0.179504,-0.047718,0.233421,1.000000,
0.954472,-0.179504,-0.047718,0.233421,0.793664,-0.168831,-0.139474,0.567574,0.953716,-0.183477,-0.046746,0.233617,0.954472,-0.179504,-0.047718,0.233421,1.000000,
0.954472,-0.179504,-0.047718,0.233421,0.793664,-0.168831,-0.139474,0.567574,0.955503,-0.173931,-0.049079,0.233138,0.954472,-0.179504,-0.047718,0.233421,1.000000,
0.954472,-0.179504,-0.047718,0.233421,0.793664,-0.168831,-0.139474,0.567574,0.953716,-0.183477,-0.046746,0.233617,0.954472,-0.179504,-0.047718,0.233421,1.000000,
0.954472,-0.179504,-0.047718,0.233421,0.793664,-0.168831,-0.139474,0.567574,0.955503,-0.173931,-0.049079,0.233138,0.954472,-0.179504,-0.047718,0.233421,1.000000,
0.954472,-0.179504,-0.047718,0.233421,0.793664,-0.168831,-0.139474,0.567574,0.953716,-0.183478,-0.046746,0.233617,0.954472,-0.179504,-0.047718,0.233421,1.000000,
0.954472,-0.179504,-0.047718,0.233421,0.793664,-0.168831,-0.139474,0.567574,0.955503,-0.173931,-0.049079,0.233138,0.954472,-0.179504,-0.047718,0.233421,1.000000,
0.954472,-0.179504,-0.047718,0.233421,0.793664,-0.168831,-0.139474,0.567574,0.953716,-0.183478,-0.046745,0.233617,0.954472,-0.179504,-0.047718,0.233421,1.000000,
0.954472,-0.179504,-0.047718,0.233421,0.793664,-0.168831,-0.139474,0.567574,0.955503,-0.173931,-0.049079,0.233138,0.954472,-0.179504,-0.047718,0.233421,1.000000,
0.954472,-0.179504,-0.047718,0.233421,0.793664,-0.168831,-0.139474,0.567574,0.953716,-0.183478,-0.046745,0.233617,0.954472,-0.179504,-0.047718,0.233421,1.000000,
0.954472,-0.179504,-0.047718,0.233421,0.793664,-0.168831,-0.139474,0.567574,0.955503,-0.173931,-0.049079,0.233138,0.954472,-0.179504,-0.047718,0.233421,1.000000,
0.954472,-0.179504,-0.047718,0.233421,0.793664,-0.168831,-0.139474,0.567574,0.953716,-0.183478,-0.046745,0.233617,0.954472,-0.179504,-0.047718,0.233421,1.000000,
0.954472,-0.179504,-0.047718,0.233421,0.793664,-0.168831,-0.139474,0.567574,0.955503,-0.173932,-0.049079,0.233138,0.954472,-0.179504,-0.047718,0.233421,1.000000,
0.954472,-0.179504,-0.047718,0.233421,0.793664,-0.168831,-0.139474,0.567574,0.953716,-0.183478,-0.046745,0.233617,0.954472,-0.179504,-0.047718,0.233421,1.000000,
0.954472,-0.179504,-0.047718,0.233421,0.793664,-0.168831,-0.139474,0.567574,0.955503,-0.173932,-0.049079,0.233138,0.954472,-0.179504,-0.047718,0.233421,1.000000,
0.954472,-0.179504,-0.047718,0.233421,0.793664,-0.168831,-0.139474,0.567574,0.953716,-0.183478,-0.046745,0.233617,0.954472,-0.179504,-0.047718,0.233421,1.000000,
0.954472,-0.179504,-0.047718,0.233421,0.793664,-0.168831,-0.139474,0.567574,0.955503,-0.173932,-0.049079,0.233138,0.954472,-0.179504,-0.047718,0.233421,1.000000,
0.954472,-0.179504,-0.047718,0.233421,0.793664,-0.168831,-0.139474,0.567574,0.953716,-0.183478,-0.046745,0.233617,0.954472,-0.179504,-0.047718,0.233421,1.000000,
0.954472,-0.179504,-0.047718,0.233421,0.793664,-0.168831,-0.139474,0.567574,0.955503,-0.173932,-0.049079,0.233138,0.954472,-0.179504,-0.047718,0.233421,1.000000,
0.954472,-0.179504,-0.047718,0.233421,0.793664,-0.168831,-0.139474,0.567574,0.953716,-0.183478,-0.046745,0.233617,0.954472,-0.179504,-0.047718,0.233421,1.000000,
0.954472,-0.179504,-0.047718,0.233421,0.793664,-0.168831,-0.139474,0.567574,0.955503,-0.173932,-0.049079,0.233138,0.954472,-0.179504,-0.047718,0.233421,1.000000,
0.954472,-0.179504,-0.047718,0.233421,0.793664,-0.168831,-0.139474,0.567574,0.953716,-0.183478,-0.046745,0.233617,0.954472,-0.179504,-0.047718,0.233421,1.000000,
0.954472,-0.179504,-0.047718,0.233421,0.793664,-0.168831,-0.139474,0.567574,0.955503,-0.173932,-0.049079,0.233138,0.954472,-0.179504,-0.047718,0.233421,1.000000,
0.954472,-0.179504,-0.047718,0.233421,0.793664,-0.168831,-0.139474,0.567574,0.953716,-0.183478,-0.046745,0.233617,0.954472,-0.179504,-0.047718,0.233421,1.000000,
0.954472,-0.179504,-0.047718,0.233421,0.793664,-0.168831,-0.139474,0.567574,0.955503,-0.173932,-0.049079,0.233138,0.954472,-0.179504,-0.047718,0.233421,1.000000,
0.954472,-0.179504,-0.047718,0.233421,0.793664,-0.168831,-0.139474,0.567574,0.953716,-0.183478,-0.046745,0.233617,0.954472,-0.179504,-0.047718,0.233421,1.000000,
0.954472,-0.179504,-0.047718,0.233421,0.793664,-0.168831,-0.139474,0.567574,0.955503,-0.173932,-0.049079,0.233138,0.954472,-0.179504,-0.047718,0.233421,1.000000,
0.954472,-0.179504,-0.047718,0.233421,0.793664,-0.168831,-0.139474,0.567574,0.953716,-0.183478,-0.046745,0.233617,0.954472,-0.179504,-0.047718,0.233421,1.000000,
0.954472,-0.179504,-0.047718,0.233421,0.793664,-0.168831,-0.139474,0.567574,0.955503,-0.173932,-0.049079,0.233138,0.954472,-0.179504,-0.047718,0.233421,1.000000,
0.954472,-0.179504,-0.047718,0.233421,0.793664,-0.168831,-0.139474,0.567574,0.953716,-0.183478,-0.046745,0.233617,0.954472,-0.179504,-0.047718,0.233421,1.000000,
0.954472,-0.179504,-0.047718,0.233421,0.793664,-0.168831,-0.139474,0.567574,0.955503,-0.173932,-0.049079,0.233138,0.954472,-0.179504,-0.047718,0.233421,1.000000,
0.954472,-0.179504,-0.047718,0.233421,0.793664,-0.168831,-0.139474,0.567574,0.953716,-0.183479,-0.046745,0.233618,0.954472,-0.179504,-0.047718,0.233421,1.000000,
0.954472,-0.179504,-0.047718,0.233421,0.793664,-0.168831,-0.139474,0.567574,0.955503,-0.173932,-0.049079,0.233138,0.954472,-0.179504,-0.047718,0.233421,1.000000,
0.954472,-0.179504,-0.047718,0.233421,0.793664,-0.168831,-0.139474,0.567574,0.953716,-0.183479,-0.046745,0.233618,0.954472,-0.179504,-0.047718,0.233421,1.000000,
0.954472,-0.179504,-0.047718,0.233421,0.793664,-0.168831,-0.139474,0.567574,0.955503,-0.173932,-0.049079,0.233138,0.954472,-0.179504,-0.047718,0.233421,1.000000,
0.954472,-0.179504,-0.047718,0.233421,0.793664,-0.168831,-0.139474,0.567574,0.953716,-0.183479,-0.046745,0.233618,0.954472,-0.179504,-0.047718,0.233421,1.000000,
0.954472,-0.179504,-0.047718,0.233421,0.793664,-0.168831,-0.139474,0.567574,0.955503,-0.173933,-0.049079,0.233138,0.954472,-0.179504,-0.047718,0.233421,1.000000,
0.954472,-0.179504,-0.047718,0.233421,0.793664,-0.168831,-0.139474,0.567574,0.953716,-0.183479,-0.046745,0.233618,0.954472,-0.179504,-0.047718,0.233421,1.000000,
0.954472,-0.179504,-0.047718,0.233421,0.793664,-0.168831,-0.139474,0.567574,0.955503,-0.173933,-0.049079,0.233138,0.954472,-0.179504,-0.047718,0.233421,1.000000,
0.954472,-0.179504,-0.047718,0.233421,0.793664,-0.168831,-0.139474,0.567574,0.953715,-0.183479,-0.046745,0.233618,0.954472,-0.179504,-0.047718,0.233421,1.000000,
0.954472,-0.179504,-0.047718,0.233421,0.793664,-0.168831,-0.139474,0.567574,0.955503,-0.173933,-0.049079,0.233138,0.954472,-0.179504,-0.047718,0.233421,1.000000,
0.954472,-0.179504,-0.047718,0.233421,0.793664,-0.168831,-0.139474,0.567574,0.953715,-0.183479,-0.046745,0.233618,0.954472,-0.179504,-0.047718,0.233421,1.000000,
0.954472,-0.179504,-0.047718,0.233421,0.793664,-0.168831,-0.139474,0.567574,0.955503,-0.173933,-0.049079,0.233138,0.954472,-0.179504,-0.047718,0.233421,1.000000,
0.954472,-0.179504,-0.047718,0.233421,0.793664,-0.168831,-0.139474,0.567574,0.953715,-0.183479,-0.046745,0.233618,0.954472,-0.179504,-0.047718,0.233421,1.000000,
0.954472,-0.179504,-0.047718,0.233421,0.793664,-0.168831,-0.139474,0.567574,0.955503,-0.173933,-0.049079,0.233138,0.954472,-0.179504,-0.047718,0.233421,1.000000,
0.954472,-0.179504,-0.047718,0.233421,0.793664,-0.168831,-0.139474,0.567574,0.953715,-0.183479,-0.046745,0.233618,0.954472,-0.179504,-0.047718,0.233421,1.000000,
0.954472,-0.179504,-0.047718,0.233421,0.793664,-0.168831,-0.139474,0.567574,0.955503,-0.173933,-0.049079,0.233138,0.954472,-0.179504,-0.047718,0.233421,1.000000,
0.954472,-0.179504,-0.047718,0.233421,0.793664,-0.168831,-0.139474,0.567574,0.953715,-0.183479,-0.046745,0.233618,0.954472,-0.179504,-0.047718,0.233421,1.000000,
0.954472,-0.179504,-0.047718,0.233421,0.793664,-0.168831,-0.139474,0.567574,0.955503,-0.173933,-0.049079,0.233138,0.954472,-0.179504,-0.047718,0.233421,1.000000,
0.954472,-0.179504,-0.047718,0.233421,0.793664,-0.168831,-0.139474,0.567574,0.953715,-0.183479,-0.046745,0.233618,0.954472,-0.179504,-0.047718,0.233421,1.000000,
0.954472,-0.179504,-0.047718,0.233421,0.793664,-0.168831,-0.139474,0.567574,0.955502,-0.173933,-0.049079,0.233138,0.954472,-0.179504,-0.047718,0.233421,1.000000,
0.954472,-0.179504,-0.047718,0.233421,0.793664,-0.168831,-0.139474,0.567574,0.953715,-0.183479,-0.046745,0.233618,0.954472,-0.179504,-0.047718,0.233421,1.000000,
0.954472,-0.179504,-0.047718,0.233421,0.793664,-0.168831,-0.139474,0.567574,0.955502,-0.173933,-0.049079,0.233138,0.954472,-0.179504,-0.047718,0.233421,1.000000,
0.954472,-0.179504,-0.047718,0.233421,0.793664,-0.168831,-0.139474,0.567574,0.953715,-0.183479,-0.046745,0.233618,0.954472,-0.179504,-0.047718,0.233421,1.000000,
0.954472,-0.179504,-0.047718,0.233421,0.793664,-0.168831,-0.139474,0.567574,0.955502,-0.173933,-0.049079,0.233138,0.954472,-0.179504,-0.047718,0.233421,1.000000,
0.954472,-0.179504,-0.047718,0.233421,0.793664,-0.168831,-0.139474,0.567574,0.953715,-0.183479,-0.046745,0.233618,0.954472,-0.179504,-0.047718,0.233421,1.000000,
0.954472,-0.179504,-0.047718,0.233421,0.793664,-0.168831,-0.139474,0.567574,0.955502,-0.173933,-0.049079,0.233138,0.954472,-0.179504,-0.047718,0.233421,1.000000,
0.954472,-0.179504,-0.047718,0.233421,0.793664,-0.168831,-0.139474,0.567574,0.953715,-0.183480,-0.046745,0.233618,0.954472,-0.179504,-0.047718,0.233421,1.000000,
0.954472,-0.179504,-0.047718,0.233421,0.793664,-0.168831,-0.139474,0.567574,0.955502,-0.173933,-0.049079,0.233138,0.954472,-0.179504,-0.047718,0.233421,1.000000,
0.954472,-0.179504,-0.047718,0.233421,0.793664,-0.168831,-0.139474,0.567574,0.953715,-0.183480,-0.046745,0.233618,0.954472,-0.179504,-0.047718,0.233421,1.000000,
0.954472,-0.179504,-0.047718,0.233421,0.793664,-0.168831,-0.139474,0.567574,0.955502,-0.173933,-0.049079,0.233138,0.954472,-0.179504,-0.047718,0.233421,1.000000,
0.954472,-0.179504,-0.047718,0.233421,0.793664,-0.168831,-0.139474,0.567574,0.953715,-0.183480,-0.046745,0.233618,0.954472,-0.179504,-0.047718,0.233421,1.000000,
0.954472,-0.179504,-0.047718,0.233421,0.793664,-0.168831,-0.139474,0.567574,0.955502,-0.173934,-0.049079,0.233138,0.954472,-0.179504,-0.047718,0.233421,1.000000,
0.954472,-0.179504,-0.047718,0.233421,0.793664,-0.168831,-0.139474,0.567574,0.953715,-0.183480,-0.046745,0.233618,0.954472,-0.179504,-0.047718,0.233421,1.000000,
0.954472,-0.179504,-0.047718,0.233421,0.793664,-0.168831,-0.139474,0.567574,0.955502,-0.173934,-0.049079,0.233138,0.954472,-0.179504,-0.047718,0.233421,1.000000,
0.954472,-0.179504,-0.047718,0.233421,0.793664,-0.168831,-0.139474,0.567574,0.953715,-0.183480,-0.046745,0.233618,0.954472,-0.179504,-0.047718,0.233421,1.000000,
0.954472,-0.179504,-0.047718,0.233421,0.793664,-0.168831,-0.139474,0.567574,0.955502,-0.173934,-0.049079,0.233138,0.954472,-0.179504,-0.047718,0.233421,1.000000,
0.954472,-0.179504,-0.047718,0.233421,0.793664,-0.168831,-0.139474,0.567574,0.953715,-0.183480,-0.046745,0.233618,0.954472,-0.179504,-0.047718,0.233421,1.000000,
0.954472,-0.179504,-0.047718,0.233421,0.793664,-0.168831,-0.139474,0.567574,0.955502,-0.173934,-0.049079,0.233138,0.954472,-0.179504,-0.047718,0.233421,1.000000,
0.954472,-0.179504,-0.047718,0.233421,0.793664,-0.168831,-0.139474,0.567574,0.953715,-0.183480,-0.046745,0.233618,0.954472,-0.179504,-0.047718,0.233421,1.000000,
0.954472,-0.179504,-0.047718,0.233421,0.793664,-0.168831,-0.139474,0.567574,0.955502,-0.173934,-0.049079,0.233138,0.954472,-0.179504,-0.047718,0.233421,1.000000,
0.954472,-0.179504,-0.047718,0.233421,0.793664,-0.168831,-0.139474,0.567574,0.953715,-0.183480,-0.046745,0.233618,0.954472,-0.179504,-0.047718,0.233421,1.000000,
0.954472,-0.179504,-0.047718,0.233421,0.793664,-0.168831,-0.139474,0.567574,0.955502,-0.173934,-0.049079,0.233138,0.954472,-0.179504,-0.047718,0.233421,1.000000,
0.954472,-0.179504,-0.047718,0.233421,0.793664,-0.168831,-0.139474,0.567574,0.953715,-0.183480,-0.046745,0.233618,0.954472,-0.179504,-0.047718,0.233421,1.000000,
0.954472,-0.179504,-0.047718,0.233421,0.793664,-0.168831,-0.139474,0.567574,0.955502,-0.173934,-0.049079,0.233138,0.954472,-0.179504,-0.047718,0.233421,1.000000,
0.954472,-0.179504,-0.047718,0.233421,0.793664,-0.168831,-0.139474,0.567574,0.953715,-0.183480,-0.046745,0.233618,0.954472,-0.179504,-0.047718,0.233421,1.000000,
0.954472,-0.179504,-0.047718,0.233421,0.793664,-0.168831,-0.139474,0.567574,0.955502,-0.173934,-0.049079,0.233138,0.954472,-0.179504,-0.047718,0.233421,1.000000,
0.954472,-0.179504,-0.047718,0.233421,0.793664,-0.168831,-0.139474,0.567574,0.953715,-0.183480,-0.046745,0.233618,0.954472,-0.179504,-0.047718,0.233421,1.000000,
0.954472,-0.179504,-0.047718,0.233421,0.793664,-0.168831,-0.139474,0.567574,0.955502,-0.173934,-0.049079,0.233138,0.954472,-0.179504,-0.047718,0.233421,1.000000,
0.954472,-0.179504,-0.047718,0.233421,0.793664,-0.168831,-0.139474,0.567574,0.953715,-0.183480,-0.046745,0.233618,0.954472,-0.179504,-0.047718,0.233421,1.000000,
0.954472,-0.179504,-0.047718,0.233421,0.793664,-0.168831,-0.139474,0.567574,0.955502,-0.173934,-0.049079,0.233138,0.954472,-0.179504,-0.047718,0.233421,1.000000,
0.954472,-0.179504,-0.047718,0.233421,0.793664,-0.168831,-0.139474,0.567574,0.953715,-0.183481,-0.046745,0.233618,0.954472,-0.179504,-0.047718,0.233421,1.000000,
0.954472,-0.179504,-0.047718,0.233421,0.793664,-0.168831,-0.139474,0.567574,0.955502,-0.173934,-0.049079,0.233138,0.954472,-0.179504,-0.047718,0.233421,1.000000,
0.954472,-0.179504,-0.047718,0.233421,0.793664,-0.168831,-0.139474,0.567574,0.953715,-0.183481,-0.046745,0.233618,0.954472,-0.179504,-0.047718,0.233421,1.000000,
0.954472,-0.179504,-0.047718,0.233421,0.793664,-0.168831,-0.139474,0.567574,0.955502,-0.173934,-0.049079,0.233138,0.954472,-0.179504,-0.047718,0.233421,1.000000,
0.954472,-0.179504,-0.047718,0.233421,0.793664,-0.168831,-0.139474,0.567574,0.953715,-0.183481,-0.046745,0.233618,0.954472,-0.179504,-0.047718,0.233421,1.000000,
0.954472,-0.179504,-0.047718,0.233421,0.793664,-0.168831,-0.139474,0.567574,0.955502,-0.173935,-0.049079,0.233138,0.954472,-0.179504,-0.047718,0.233421,1.000000,
0.954472,-0.179504,-0.047718,0.233421,0.793664,-0.168831,-0.139474,0.567574,0.953715,-0.183481,-0.046745,0.233618,0.954472,-0.179504,-0.047718,0.233421,1.000000,
0.954472,-0.179504,-0.047718,0.233421,0.793664,-0.168831,-0.139474,0.567574,0.955502,-0.173935,-0.049079,0.233138,0.954472,-0.179504,-0.047718,0.233421,1.000000,
0.954472,-0.179504,-0.047718,0.233421,0.793664,-0.168831,-0.139474,0.567574,0.953715,-0.183481,-0.046745,0.233618,0.954472,-0.179504,-0.047718,0.233421,1.000000,
0.954472,-0.179504,-0.047718,0.233421,0.793664,-0.168831,-0.139474,0.567574,0.955502,-0.173935,-0.049078,0.233138,0.954472,-0.179504,-0.047718,0.233421,1.000000,
0.954472,-0.179504,-0.047718,0.233421,0.793664,-0.168831,-0.139474,0.567574,0.953715,-0.183481,-0.046745,0.233618,0.954472,-0.179504,-0.047718,0.233421,1.000000,
0.954472,-0.179504,-0.047718,0.233421,0.793664,-0.168831,-0.139474,0.567574,0.955502,-0.173935,-0.049078,0.233139,0.954472,-0.179504,-0.047718,0.233421,1.000000,
0.954472,-0.179504,-0.047718,0.233421,0.793664,-0.168831,-0.139474,0.567574,0.953715,-0.183481,-0.046745,0.233618,0.954472,-0.179504,-0.047718,0.233421,1.000000,
0.954472,-0.179504,-0.047718,0.233421,0.793664,-0.168831,-0.139474,0.567574,0.955502,-0.173935,-0.049078,0.233139,0.954472,-0.179504,-0.047718,0.233421,1.000000,
0.954472,-0.179504,-0.047718,0.233421,0.793664,-0.168831,-0.139474,0.567574,0.953715,-0.183481,-0.046745,0.233618,0.954472,-0.179504,-0.047718,0.233421,1.000000,
0.954472,-0.179504,-0.047718,0.233421,0.793664,-0.168831,-0.139474,0.567574,0.955502,-0.173935,-0.049078,0.233139,0.954472,-0.179504,-0.047718,0.233421,1.000000,
0.954472,-0.179504,-0.047718,0.233421,0.793664,-0.168831,-0.139474,0.567574,0.953715,-0.183481,-0.046745,0.233618,0.954472,-0.179504,-0.047718,0.233421,1.000000,
0.954472,-0.179504,-0.047718,0.233421,0.793664,-0.168831,-0.139474,0.567574,0.955502,-0.173935,-0.049078,0.233139,0.954472,-0.179504,-0.047718,0.233421,1.000000,
0.954472,-0.179504,-0.047718,0.233421,0.793664,-0.168831,-0.139474,0.567574,0.953715,-0.183481,-0.046745,0.233618,0.954472,-0.179504,-0.047718,0.233421,1.000000,
0.954472,-0.179504,-0.047718,0.233421,0.793664,-0.168831,-0.139474,0.567574,0.955502,-0.173935,-0.049078,0.233139,0.954472,-0.179504,-0.047718,0.233421,1.000000,
0.954472,-0.179504,-0.047718,0.233421,0.793664,-0.168831,-0.139474,0.567574,0.953715,-0.183481,-0.046745,0.233618,0.954472,-0.179504,-0.047718,0.233421,1.000000,
0.954472,-0.179504,-0.047718,0.233421,0.793664,-0.168831,-0.139474,0.567574,0.955502,-0.173935,-0.049078,0.233139,0.954472,-0.179504,-0.047718,0.233421,1.000000,
0.954472,-0.179504,-0.047718,0.233421,0.793664,-0.168831,-0.139474,0.567574,0.953715,-0.183481,-0.046745,0.233618,0.954472,-0.179504,-0.047718,0.233421,1.000000,
0.954472,-0.179504,-0.047718,0.233421,0.793664,-0.168831,-0.139474,0.567574,0.955502,-0.173935,-0.049078,0.233139,0.954472,-0.179504,-0.047718,0.233421,1.000000,
0.954472,-0.179504,-0.047718,0.233421,0.793664,-0.168831,-0.139474,0.567574,0.953715,-0.183481,-0.046745,0.233618,0.954472,-0.179504,-0.047718,0.233421,1.000000,
0.954472,-0.179504,-0.047718,0.233421,0.793664,-0.168831,-0.139474,0.567574,0.955502,-0.173935,-0.049078,0.233139,0.954472,-0.179504,-0.047718,0.233421,1.000000,
0.954472,-0.179504,-0.047718,0.233421,0.793664,-0.168831,-0.139474,0.567574,0.953715,-0.183482,-0.046745,0.233618,0.954472,-0.179504,-0.047718,0.233421,1.000000,
0.954472,-0.179504,-0.047718,0.233421,0.793664,-0.168831,-0.139474,0.567574,0.955502,-0.173935,-0.049078,0.233139,0.954472,-0.179504,-0.047718,0.233421,1.000000,
0.954472,-0.179504,-0.047718,0.233421,0.793664,-0.168831,-0.139474,0.567574,0.953715,-0.183482,-0.046745,0.233618,0.954472,-0.179504,-0.047718,0.233421,1.000000,
0.954472,-0.179504,-0.047718,0.233421,0.793664,-0.168831,-0.139474,0.567574,0.955502,-0.173935,-0.049078,0.233139,0.954472,-0.179504,-0.047718,0.233421,1.000000,
0.954472,-0.179504,-0.047718,0.233421,0.793664,-0.168831,-0.139474,0.567574,0.953715,-0.183482,-0.046744,0.233618,0.954472,-0.179504,-0.047718,0.233421,1.000000,
0.954472,-0.179504,-0.047718,0.233421,0.793664,-0.168831,-0.139474,0.567574,0.955502,-0.173936,-0.049078,0.233139,0.954472,-0.179504,-0.047718,0.233421,1.000000,
0.954472,-0.179504,-0.047718,0.233421,0.793664,-0.168831,-0.139474,0.567574,0.953715,-0.183482,-0.046744,0.233618,0.954472,-0.179504,-0.047718,0.233421,1.000000,
0.954472,-0.179504,-0.047718,0.233421,0.793664,-0.168831,-0.139474,0.567574,0.955502,-0.173936,-0.049078,0.233139,0.954472,-0.179504,-0.047718,0.233421,1.000000,
0.954472,-0.179504,-0.047718,0.233421,0.793664,-0.168831,-0.139474,0.567574,0.953715,-0.183482,-0.046744,0.233618,0.954472,-0.179504,-0.047718,0.233421,1.000000,
0.954472,-0.179504,-0.047718,0.233421,0.793664,-0.168831,-0.139474,0.567574,0.955502,-0.173936,-0.049078,0.233139,0.954472,-0.179504,-0.047718,0.233421,1.000000,
0.954472,-0.179504,-0.047718,0.233421,0.793664,-0.168831,-0.139474,0.567574,0.953715,-0.183482,-0.046744,0.233618,0.954472,-0.179504,-0.047718,0.233421,1.000000,
0.954472,-0.179504,-0.047718,0.233421,0.793664,-0.168831,-0.139474,0.567574,0.955502,-0.173936,-0.049078,0.233139,0.954472,-0.179504,-0.047718,0.233421,1.000000,
0.954472,-0.179504,-0.047718,0.233421,0.793664,-0.168831,-0.139474,0.567574,0.953715,-0.183482,-0.046744,0.233618,0.954472,-0.179504,-0.047718,0.233421,1.000000,
0.954472,-0.179504,-0.047718,0.233421,0.793664,-0.168831,-0.139474,0.567574,0.955502,-0.173936,-0.049078,0.233139,0.954472,-0.179504,-0.047718,0.233421,1.000000,
0.954472,-0.179504,-0.047718,0.233421,0.793664,-0.168831,-0.139474,0.567574,0.953715,-0.183482,-0.046744,0.233618,0.954472,-0.179504,-0.047718,0.233421,1.000000,
0.954472,-0.179504,-0.047718,0.233421,0.793664,-0.168831,-0.139474,0.567574,0.955502,-0.173936,-0.049078,0.233139,0.954472,-0.179504,-0.047718,0.233421,1.000000,
0.954472,-0.179504,-0.047718,0.233421,0.793664,-0.168831,-0.139474,0.567574,0.953715,-0.183482,-0.046744,0.233618,0.954472,-0.179504,-0.047718,0.233421,1.000000,
0.954472,-0.179504,-0.047718,0.233421,0.793664,-0.168831,-0.139474,0.567574,0.955502,-0.173936,-0.049078,0.233139,0.954472,-0.179504,-0.047718,0.233421,1.000000,
0.954472,-0.179504,-0.047718,0.233421,0.793664,-0.168831,-0.139474,0.567574,0.953715,-0.183482,-0.046744,0.233618,0.954472,-0.179504,-0.047718,0.233421,1.000000,
0.954472,-0.179504,-0.047718,0.233421,0.793664,-0.168831,-0.139474,0.567574,0.955502,-0.173936,-0.049078,0.233139,0.954472,-0.179504,-0.047718,0.233421,1.000000,
0.954472,-0.179504,-0.047718,0.233421,0.793664,-0.168831,-0.139474,0.567574,0.953715,-0.183482,-0.046744,0.233618,0.954472,-0.179504,-0.047718,0.233421,1.000000,
0.954472,-0.179504,-0.047718,0.233421,0.793664,-0.168831,-0.139474,0.567574,0.955502,-0.173936,-0.049078,0.233139,0.954472,-0.179504,-0.047718,0.233421,1.000000,
0.954472,-0.179504,-0.047718,0.233421,0.793664,-0.168831,-0.139474,0.567574,0.953715,-0.183482,-0.046744,0.233618,0.954472,-0.179504,-0.047718,0.233421,1.000000,
0.954472,-0.179504,-0.047718,0.233421,0.793664,-0.168831,-0.139474,0.567574,0.955502,-0.173936,-0.049078,0.233139,0.954472,-0.179504,-0.047718,0.233421,1.000000,
0.954472,-0.179504,-0.047718,0.233421,0.793664,-0.168831,-0.139474,0.567574,0.953715,-0.183483,-0.046744,0.233618,0.954472,-0.179504,-0.047718,0.233421,1.000000,
0.954472,-0.179504,-0.047718,0.233421,0.793664,-0.168831,-0.139474,0.567574,0.955502,-0.173936,-0.049078,0.233139,0.954472,-0.179504,-0.047718,0.233421,1.000000,
0.954472,-0.179504,-0.047718,0.233421,0.793664,-0.168831,-0.139474,0.567574,0.953715,-0.183483,-0.046744,0.233618,0.954472,-0.179504,-0.047718,0.233421,1.000000,
0.954472,-0.179504,-0.047718,0.233421,0.793664,-0.168831,-0.139474,0.567574,0.955502,-0.173936,-0.049078,0.233139,0.954472,-0.179504,-0.047718,0.233421,1.000000,
0.954472,-0.179504,-0.047718,0.233421,0.793664,-0.168831,-0.139474,0.567574,0.953715,-0.183483,-0.046744,0.233618,0.954472,-0.179504,-0.047718,0.233421,1.000000,
0.954472,-0.179504,-0.047718,0.233421,0.793664,-0.168831,-0.139474,0.567574,0.955502,-0.173937,-0.049078,0.233139,0.954472,-0.179504,-0.047718,0.233421,1.000000,
0.954472,-0.179504,-0.047718,0.233421,0.793664,-0.168831,-0.139474,0.567574,0.953715,-0.183483,-0.046744,0.233618,0.954472,-0.179504,-0.047718,0.233421,1.000000,
0.954472,-0.179504,-0.047718,0.233421,0.793664,-0.168831,-0.139474,0.567574,0.955502,-0.173937,-0.049078,0.233139,0.954472,-0.179504,-0.047718,0.233421,1.000000,
0.954472,-0.179504,-0.047718,0.233421,0.793664,-0.168831,-0.139474,0.567574,0.953715,-0.183483,-0.046744,0.233618,0.954472,-0.179504,-0.047718,0.233421,1.000000,
0.954472,-0.179504,-0.047718,0.233421,0.793664,-0.168831,-0.139474,0.567574,0.955502,-0.173937,-0.049078,0.233139,0.954472,-0.179504,-0.047718,0.233421,1.000000,
0.954472,-0.179504,-0.047718,0.233421,0.793664,-0.168831,-0.139474,0.567574,0.953715,-0.183483,-0.046744,0.233618,0.954472,-0.179504,-0.047718,0.233421,1.000000,
0.954472,-0.179504,-0.047718,0.233421,0.793664,-0.168831,-0.139474,0.567574,0.955502,-0.173937,-0.049078,0.233139,0.954472,-0.179504,-0.047718,0.233421,1.000000,
0.954472,-0.179504,-0.047718,0.233421,0.793664,-0.168831,-0.139474,0.567574,0.953715,-0.183483,-0.046744,0.233618,0.954472,-0.179504,-0.047718,0.233421,1.000000,
0.954472,-0.179504,-0.047718,0.233421,0.793664,-0.168831,-0.139474,0.567574,0.955502,-0.173937,-0.049078,0.233139,0.954472,-0.179504,-0.047718,0.233421,1.000000,
0.954472,-0.179504,-0.047718,0.233421,0.793664,-0.168831,-0.139474,0.567574,0.953715,-0.183483,-0.046744,0.233618,0.954472,-0.179504,-0.047718,0.233421,1.000000,
0.954472,-0.179504,-0.047718,0.233421,0.793664,-0.168831,-0.139474,0.567574,0.955502,-0.173937,-0.049078,0.233139,0.954472,-0.179504,-0.047718,0.233421,1.000000,
0.954472,-0.179504,-0.047718,0.233421,0.793664,-0.168831,-0.139474,0.567574,0.953715,-0.183483,-0.046744,0.233618,0.954472,-0.179504,-0.047718,0.233421,1.000000,
0.954472,-0.179504,-0.047718,0.233421,0.793664,-0.168831,-0.139474,0.567574,0.955502,-0.173937,-0.049078,0.233139,0.954472,-0.179504,-0.047718,0.233421,1.000000,
0.954472,-0.179504,-0.047718,0.233421,0.793664,-0.168831,-0.139474,0.567574,0.953715,-0.183483,-0.046744,0.233618,0.954472,-0.179504,-0.047718,0.233421,1.000000,
0.954472,-0.179504,-0.047718,0.233421,0.793664,-0.168831,-0.139474,0.567574,0.955502,-0.173937,-0.049078,0.233139,0.954472,-0.179504,-0.047718,0.233421,1.000000,
0.954472,-0.179504,-0.047718,0.233421,0.793664,-0.168831,-0.139474,0.567574,0.953715,-0.183483,-0.046744,0.233618,0.954472,-0.179504,-0.047718,0.233421,1.000000,
0.954472,-0.179504,-0.047718,0.233421,0.793664,-0.168831,-0.139474,0.567574,0.955502,-0.173937,-0.049078,0.233139,0.954472,-0.179504,-0.047718,0.233421,1.000000,
0.954472,-0.179504,-0.047718,0.233421,0.793664,-0.168831,-0.139474,0.567574,0.953715,-0.183483,-0.046744,0.233618,0.954472,-0.179504,-0.047718,0.233421,1.000000,
0.954472,-0.179504,-0.047718,0.233421,0.793664,-0.168831,-0.139474,0.567574,0.955502,-0.173937,-0.049078,0.233139,0.954472,-0.179504,-0.047718,0.233421,1.000000,
0.954472,-0.179504,-0.047718,0.233421,0.793664,-0.168831,-0.139474,0.567574,0.953715,-0.183483,-0.046744,0.233618,0.954472,-0.179504,-0.047718,0.233421,1.000000,
0.954472,-0.179504,-0.047718,0.233421,0.793664,-0.168831,-0.139474,0.567574,0.955502,-0.173937,-0.049078,0.233139,0.954472,-0.179504,-0.047718,0.233421,1.000000,
0.954472,-0.179504,-0.047718,0.233421,0.793664,-0.168831,-0.139474,0.567574,0.953715,-0.183484,-0.046744,0.233618,0.954472,-0.179504,-0.047718,0.233421,1.000000,
0.954472,-0.179504,-0.047718,0.233421,0.793664,-0.168831,-0.139474,0.567574,0.955502,-0.173937,-0.049078,0.233139,0.954472,-0.179504,-0.047718,0.233421,1.000000,
0.954472,-0.179504,-0.047718,0.233421,0.793664,-0.168831,-0.139474,0.567574,0.953715,-0.183484,-0.046744,0.233618,0.954472,-0.179504,-0.047718,0.233421,1.000000,
0.954472,-0.179504,-0.047718,0.233421,0.793664,-0.168831,-0.139474,0.567574,0.955502,-0.173937,-0.049078,0.233139,0.954472,-0.179504,-0.047718,0.233421,1.000000,
0.954472,-0.179504,-0.047718,0.233421,0.793664,-0.168831,-0.139474,0.567574,0.953715,-0.183484,-0.046744,0.233618,0.954472,-0.179504,-0.047718,0.233421,1.000000,
0.954472,-0.179504,-0.047718,0.233421,0.793664,-0.168831,-0.139474,0.567574,0.955502,-0.173938,-0.049078,0.233139,0.954472,-0.179504,-0.047718,0.233421,1.000000,
0.954472,-0.179504,-0.047718,0.233421,0.793664,-0.168831,-0.139474,0.567574,0.953715,-0.183484,-0.046744,0.233618,0.954472,-0.179504,-0.047718,0.233421,1.000000,
0.954472,-0.179504,-0.047718,0.233421,0.793664,-0.168831,-0.139474,0.567574,0.955502,-0.173938,-0.049078,0.233139,0.954472,-0.179504,-0.047718,0.233421,1.000000,
0.954472,-0.179504,-0.047718,0.233421,0.793664,-0.168831,-0.139474,0.567574,0.953715,-0.183484,-0.046744,0.233618,0.954472,-0.179504,-0.047718,0.233421,1.000000,
0.954472,-0.179504,-0.047718,0.233421,0.793664,-0.168831,-0.139474,0.567574,0.955502,-0.173938,-0.049078,0.233139,0.954472,-0.179504,-0.047718,0.233421,1.000000,
0.954472,-0.179504,-0.047718,0.233421,0.793664,-0.168831,-0.139474,0.567574,0.953715,-0.183484,-0.046744,0.233618,0.954472,-0.179504,-0.047718,0.233421,1.000000,
0.954472,-0.179504,-0.047718,0.233421,0.793664,-0.168831,-0.139474,0.567574,0.955502,-0.173938,-0.049078,0.233139,0.954472,-0.179504,-0.047718,0.233421,1.000000,
0.954472,-0.179504,-0.047718,0.233421,0.793664,-0.168831,-0.139474,0.567574,0.953715,-0.183484,-0.046744,0.233618,0.954472,-0.179504,-0.047718,0.233421,1.000000,
0.954472,-0.179504,-0.047718,0.233421,0.793664,-0.168831,-0.139474,0.567574,0.955502,-0.173938,-0.049078,0.233139,0.954472,-0.179504,-0.047718,0.233421,1.000000,
0.954472,-0.179504,-0.047718,0.233421,0.793664,-0.168831,-0.139474,0.567574,0.953714,-0.183484,-0.046744,0.233618,0.954472,-0.179504,-0.047718,0.233421,1.000000,
0.954472,-0.179504,-0.047718,0.233421,0.793664,-0.168831,-0.139474,0.567574,0.955502,-0.173938,-0.049078,0.233139,0.954472,-0.179504,-0.047718,0.233421,1.000000,
0.954472,-0.179504,-0.047718,0.233421,0.793664,-0.168831,-0.139474,0.567574,0.953714,-0.183484,-0.046744,0.233618,0.954472,-0.179504,-0.047718,0.233421,1.000000,
0.954472,-0.179504,-0.047718,0.233421,0.793664,-0.168831,-0.139474,0.567574,0.955502,-0.173938,-0.049078,0.233139,0.954472,-0.179504,-0.047718,0.233421,1.000000,
0.954472,-0.179504,-0.047718,0.233421,0.793664,-0.168831,-0.139474,0.567574,0.953714,-0.183484,-0.046744,0.233618,0.954472,-0.179504,-0.047718,0.233421,1.000000,
0.954472,-0.179504,-0.047718,0.233421,0.793664,-0.168831,-0.139474,0.567574,0.955502,-0.173938,-0.049078,0.233139,0.954472,-0.179504,-0.047718,0.233421,1.000000,
0.954472,-0.179504,-0.047718,0.233421,0.793664,-0.168831,-0.139474,0.567574,0.953714,-0.183484,-0.046744,0.233618,0.954472,-0.179504,-0.047718,0.233421,1.000000,
0.954472,-0.179504,-0.047718,0.233421,0.793664,-0.168831,-0.139474,0.567574,0.955502,-0.173938,-0.049078,0.233139,0.954472,-0.179504,-0.047718,0.233421,1.000000,
0.954472,-0.179504,-0.047718,0.233421,0.793664,-0.168831,-0.139474,0.567574,0.953714,-0.183484,-0.046744,0.233618,0.954472,-0.179504,-0.047718,0.233421,1.000000,
0.954472,-0.179504,-0.047718,0.233421,0.793664,-0.168831,-0.139474,0.567574,0.955502,-0.173938,-0.049078,0.233139,0.954472,-0.179504,-0.047718,0.233421,1.000000,
0.954472,-0.179504,-0.047718,0.233421,0.793664,-0.168831,-0.139474,0.567574,0.953714,-0.183484,-0.046744,0.233618,0.954472,-0.179504,-0.047718,0.233421,1.000000,
0.954472,-0.179504,-0.047718,0.233421,0.793664,-0.168831,-0.139474,0.567574,0.955502,-0.173938,-0.049078,0.233139,0.954472,-0.179504,-0.047718,0.233421,1.000000,
0.954472,-0.179504,-0.047718,0.233421,0.793664,-0.168831,-0.139474,0.567574,0.953714,-0.183485,-0.046744,0.233618,0.954472,-0.179504,-0.047718,0.233421,1.000000,
0.954472,-0.179504,-0.047718,0.233421,0.793664,-0.168831,-0.139474,0.567574,0.955502,-0.173938,-0.049078,0.233139,0.954472,-0.179504,-0.047718,0.233421,1.000000,
0.954472,-0.179504,-0.047718,0.233421,0.793664,-0.168831,-0.139474,0.567574,0.953714,-0.183485,-0.046744,0.233618,0.954472,-0.179504,-0.047718,0.233421,1.000000,
0.954472,-0.179504,-0.047718,0.233421,0.793664,-0.168831,-0.139474,0.567574,0.955502,-0.173938,-0.049078,0.233139,0.954472,-0.179504,-0.047718,0.233421,1.000000,
0.954472,-0.179504,-0.047718,0.233421,0.793664,-0.168831,-0.139474,0.567574,0.953714,-0.183485,-0.046744,0.233618,0.954472,-0.179504,-0.047718,0.233421,1.000000,
0.954472,-0.179504,-0.047718,0.233421,0.793664,-0.168831,-0.139474,0.567574,0.955501,-0.173939,-0.049078,0.233139,0.954472,-0.179504,-0.047718,0.233421,1.000000,
0.954472,-0.179504,-0.047718,0.233421,0.793664,-0.168831,-0.139474,0.567574,0.953714,-0.183485,-0.046744,0.233618,0.954472,-0.179504,-0.047718,0.233421,1.000000,
0.954472,-0.179504,-0.047718,0.233421,0.793664,-0.168831,-0.139474,0.567574,0.955501,-0.173939,-0.049078,0.233139,0.954472,-0.179504,-0.047718,0.233421,1.000000,
0.954472,-0.179504,-0.047718,0.233421,0.793664,-0.168831,-0.139474,0.567574,0.953714,-0.183485,-0.046744,0.233618,0.954472,-0.179504,-0.047718,0.233421,1.000000,
0.954472,-0.179504,-0.047718,0.233421,0.793664,-0.168831,-0.139474,0.567574,0.955501,-0.173939,-0.049078,0.233139,0.954472,-0.179504,-0.047718,0.233421,1.000000,
0.954472,-0.179504,-0.047718,0.233421,0.793664,-0.168831,-0.139474,0.567574,0.953714,-0.183485,-0.046744,0.233618,0.954472,-0.179504,-0.047718,0.233421,1.000000,
0.954472,-0.179504,-0.047718,0.233421,0.793664,-0.168831,-0.139474,0.567574,0.955501,-0.173939,-0.049077,0.233139,0.954472,-0.179504,-0.047718,0.233421,1.000000,
0.954472,-0.179504,-0.047718,0.233421,0.793664,-0.168831,-0.139474,0.567574,0.953714,-0.183485,-0.046744,0.233618,0.954472,-0.179504,-0.047718,0.233421,1.000000,
0.954472,-0.179504,-0.047718,0.233421,0.793664,-0.168831,-0.139474,0.567574,0.955501,-0.173939,-0.049077,0.233139,0.954472,-0.179504,-0.047718,0.233421,1.000000,
0.954472,-0.179504,-0.047718,0.233421,0.793664,-0.168831,-0.139474,0.567574,0.953714,-0.183485,-0.046744,0.233618,0.954472,-0.179504,-0.047718,0.233421,1.000000,
0.954472,-0.179504,-0.047718,0.233421,0.793664,-0.168831,-0.139474,0.567574,0.955501,-0.173939,-0.049077,0.233139,0.954472,-0.179504,-0.047718,0.233421,1.000000,
0.954472,-0.179504,-0.047718,0.233421,0.793664,-0.168831,-0.139474,0.567574,0.953714,-0.183485,-0.046744,0.233618,0.954472,-0.179504,-0.047718,0.233421,1.000000,
0.954472,-0.179504,-0.047718,0.233421,0.793664,-0.168831,-0.139474,0.567574,0.955501,-0.173939,-0.049077,0.233139,0.954472,-0.179504,-0.047718,0.233421,1.000000,
0.954472,-0.179504,-0.047718,0.233421,0.793664,-0.168831,-0.139474,0.567574,0.953714,-0.183485,-0.046744,0.233618,0.954472,-0.179504,-0.047718,0.233421,1.000000,
0.954472,-0.179504,-0.047718,0.233421,0.793664,-0.168831,-0.139474,0.567574,0.955501,-0.173939,-0.049077,0.233139,0.954472,-0.179504,-0.047718,0.233421,1.000000,
0.954472,-0.179504,-0.047718,0.233421,0.793664,-0.168831,-0.139474,0.567574,0.953714,-0.183485,-0.046744,0.233618,0.954472,-0.179504,-0.047718,0.233421,1.000000,
0.954472,-0.179504,-0.047718,0.233421,0.793664,-0.168831,-0.139474,0.567574,0.955501,-0.173939,-0.049077,0.233139,0.954472,-0.179504,-0.047718,0.233421,1.000000,
0.954472,-0.179504,-0.047718,0.233421,0.793664,-0.168831,-0.139474,0.567574,0.953714,-0.183485,-0.046744,0.233618,0.954472,-0.179504,-0.047718,0.233421,1.000000,
0.954472,-0.179504,-0.047718,0.233421,0.793664,-0.168831,-0.139474,0.567574,0.955501,-0.173939,-0.049077,0.233139,0.954472,-0.179504,-0.047718,0.233421,1.000000,
0.954472,-0.179504,-0.047718,0.233421,0.793664,-0.168831,-0.139474,0.567574,0.953714,-0.183486,-0.046744,0.233618,0.954472,-0.179504,-0.047718,0.233421,1.000000,
0.954472,-0.179504,-0.047718,0.233421,0.793664,-0.168831,-0.139474,0.567574,0.955501,-0.173939,-0.049077,0.233139,0.954472,-0.179504,-0.047718,0.233421,1.000000,
0.954472,-0.179504,-0.047718,0.233421,0.793664,-0.168831,-0.139474,0.567574,0.953714,-0.183486,-0.046744,0.233618,0.954472,-0.179504,-0.047718,0.233421,1.000000,
0.954472,-0.179504,-0.047718,0.233421,0.793664,-0.168831,-0.139474,0.567574,0.955501,-0.173939,-0.049077,0.233139,0.954472,-0.179504,-0.047718,0.233421,1.000000,
0.954472,-0.179504,-0.047718,0.233421,0.793664,-0.168831,-0.139474,0.567574,0.953714,-0.183486,-0.046744,0.233618,0.954472,-0.179504,-0.047718,0.233421,1.000000,
0.954472,-0.179504,-0.047718,0.233421,0.793664,-0.168831,-0.139474,0.567574,0.955501,-0.173940,-0.049077,0.233139,0.954472,-0.179504,-0.047718,0.233421,1.000000,
0.954472,-0.179504,-0.047718,0.233421,0.793664,-0.168831,-0.139474,0.567574,0.953714,-0.183486,-0.046743,0.233618,0.954472,-0.179504,-0.047718,0.233421,1.000000,
0.954472,-0.179504,-0.047718,0.233421,0.793664,-0.168831,-0.139474,0.567574,0.955501,-0.173940,-0.049077,0.233139,0.954472,-0.179504,-0.047718,0.233421,1.000000,
0.954472,-0.179504,-0.047718,0.233421,0.793664,-0.168831,-0.139474,0.567574,0.953714,-0.183486,-0.046743,0.233618,0.954472,-0.179504,-0.047718,0.233421,1.000000,
0.954472,-0.179504,-0.047718,0.233421,0.793664,-0.168831,-0.139474,0.567574,0.955501,-0.173940,-0.049077,0.233139,0.954472,-0.179504,-0.047718,0.233421,1.000000,
0.954472,-0.179504,-0.047718,0.233421,0.793664,-0.168831,-0.139474,0.567574,0.953714,-0.183486,-0.046743,0.233618,0.954472,-0.179504,-0.047718,0.233421,1.000000,
0.954472,-0.179504,-0.047718,0.233421,0.793664,-0.168831,-0.139474,0.567574,0.955501,-0.173940,-0.049077,0.233139,0.954472,-0.179504,-0.047718,0.233421,1.000000,
0.954472,-0.179504,-0.047718,0.233421,0.793664,-0.168831,-0.139474,0.567574,0.953714,-0.183486,-0.046743,0.233618,0.954472,-0.179504,-0.047718,0.233421,1.000000,
0.954472,-0.179504,-0.047718,0.233421,0.793664,-0.168831,-0.139474,0.567574,0.955501,-0.173940,-0.049077,0.233139,0.954472,-0.179504,-0.047718,0.233421,1.000000,
0.954472,-0.179504,-0.047718,0.233421,0.793664,-0.168831,-0.139474,0.567574,0.953714,-0.183486,-0.046743,0.233618,0.954472,-0.179504,-0.047718,0.233421,1.000000,
0.954472,-0.179504,-0.047718,0.233421,0.793664,-0.168831,-0.139474,0.567574,0.955501,-0.173940,-0.049077,0.233139,0.954472,-0.179504,-0.047718,0.233421,1.000000,
0.954472,-0.179504,-0.047718,0.233421,0.793664,-0.168831,-0.139474,0.567574,0.953714,-0.183486,-0.046743,0.233618,0.954472,-0.179504,-0.047718,0.233421,1.000000,
0.954472,-0.179504,-0.047718,0.233421,0.793664,-0.168831,-0.139474,0.567574,0.955501,-0.173940,-0.049077,0.233139,0.954472,-0.179504,-0.047718,0.233421,1.000000,
0.954472,-0.179504,-0.047718,0.233421,0.793664,-0.168831,-0.139474,0.567574,0.953714,-0.183486,-0.046743,0.233618,0.954472,-0.179504,-0.047718,0.233421,1.000000,
0.954472,-0.179504,-0.047718,0.233421,0.793664,-0.168831,-0.139474,0.567574,0.955501,-0.173940,-0.049077,0.233139,0.954472,-0.179504,-0.047718,0.233421,1.000000,
0.954472,-0.179504,-0.047718,0.233421,0.793664,-0.168831,-0.139474,0.567574,0.953714,-0.183486,-0.046743,0.233618,0.954472,-0.179504,-0.047718,0.233421,1.000000,
0.954472,-0.179504,-0.047718,0.233421,0.793664,-0.168831,-0.139474,0.567574,0.955501,-0.173940,-0.049077,0.233139,0.954472,-0.179504,-0.047718,0.233421,1.000000,
0.954472,-0.179504,-0.047718,0.233421,0.793664,-0.168831,-0.139474,0.567574,0.953714,-0.183486,-0.046743,0.233618,0.954472,-0.179504,-0.047718,0.233421,1.000000,
0.954472,-0.179504,-0.047718,0.233421,0.793664,-0.168831,-0.139474,0.567574,0.955501,-0.173940,-0.049077,0.233139,0.954472,-0.179504,-0.047718,0.233421,1.000000,
0.954472,-0.179504,-0.047718,0.233421,0.793664,-0.168831,-0.139474,0.567574,0.953714,-0.183486,-0.046743,0.233618,0.954472,-0.179504,-0.047718,0.233421,1.000000,
0.954472,-0.179504,-0.047718,0.233421,0.793664,-0.168831,-0.139474,0.567574,0.955501,-0.173940,-0.049077,0.233139,0.954472,-0.179504,-0.047718,0.233421,1.000000,
0.954472,-0.179504,-0.047718,0.233421,0.793664,-0.168831,-0.139474,0.567574,0.953714,-0.183487,-0.046743,0.233618,0.954472,-0.179504,-0.047718,0.233421,1.000000,
0.954472,-0.179504,-0.047718,0.233421,0.793664,-0.168831,-0.139474,0.567574,0.955501,-0.173940,-0.049077,0.233139,0.954472,-0.179504,-0.047718,0.233421,1.000000,
0.954472,-0.179504,-0.047718,0.233421,0.793664,-0.168831,-0.139474,0.567574,0.953714,-0.183487,-0.046743,0.233618,0.954472,-0.179504,-0.047718,0.233421,1.000000,
0.954472,-0.179504,-0.047718,0.233421,0.793664,-0.168831,-0.139474,0.567574,0.955501,-0.173940,-0.049077,0.233139,0.954472,-0.179504,-0.047718,0.233421,1.000000,
0.954472,-0.179504,-0.047718,0.233421,0.793664,-0.168831,-0.139474,0.567574,0.953714,-0.183487,-0.046743,0.233618,0.954472,-0.179504,-0.047718,0.233421,1.000000,
0.954472,-0.179504,-0.047718,0.233421,0.793664,-0.168831,-0.139474,0.567574,0.955501,-0.173941,-0.049077,0.233139,0.954472,-0.179504,-0.047718,0.233421,1.000000,
0.954472,-0.179504,-0.047718,0.233421,0.793664,-0.168831,-0.139474,0.567574,0.953714,-0.183487,-0.046743,0.233618,0.954472,-0.179504,-0.047718,0.233421,1.000000,
0.954472,-0.179504,-0.047718,0.233421,0.793664,-0.168831,-0.139474,0.567574,0.955501,-0.173941,-0.049077,0.233139,0.954472,-0.179504,-0.047718,0.233421,1.000000,
0.954472,-0.179504,-0.047718,0.233421,0.793664,-0.168831,-0.139474,0.567574,0.953714,-0.183487,-0.046743,0.233618,0.954472,-0.179504,-0.047718,0.233421,1.000000,
0.954472,-0.179504,-0.047718,0.233421,0.793664,-0.168831,-0.139474,0.567574,0.955501,-0.173941,-0.049077,0.233139,0.954472,-0.179504,-0.047718,0.233421,1.000000,
0.954472,-0.179504,-0.047718,0.233421,0.793664,-0.168831,-0.139474,0.567574,0.953714,-0.183487,-0.046743,0.233618,0.954472,-0.179504,-0.047718,0.233421,1.000000,
0.954472,-0.179504,-0.047718,0.233421,0.793664,-0.168831,-0.139474,0.567574,0.955501,-0.173941,-0.049077,0.233139,0.954472,-0.179504,-0.047718,0.233421,1.000000,
0.954472,-0.179504,-0.047718,0.233421,0.793664,-0.168831,-0.139474,0.567574,0.953714,-0.183487,-0.046743,0.233618,0.954472,-0.179504,-0.047718,0.233421,1.000000,
0.954472,-0.179504,-0.047718,0.233421,0.793664,-0.168831,-0.139474,0.567574,0.955501,-0.173941,-0.049077,0.233139,0.954472,-0.179504,-0.047718,0.233421,1.000000,
0.954472,-0.179504,-0.047718,0.233421,0.793664,-0.168831,-0.139474,0.567574,0.953714,-0.183487,-0.046743,0.233618,0.954472,-0.179504,-0.047718,0.233421,1.000000,
0.954472,-0.179504,-0.047718,0.233421,0.793664,-0.168831,-0.139474,0.567574,0.955501,-0.173941,-0.049077,0.233139,0.954472,-0.179504,-0.047718,0.233421,1.000000,
0.954472,-0.179504,-0.047718,0.233421,0.793664,-0.168831,-0.139474,0.567574,0.953714,-0.183487,-0.046743,0.233618,0.954472,-0.179504,-0.047718,0.233421,1.000000,
0.954472,-0.179504,-0.047718,0.233421,0.793664,-0.168831,-0.139474,0.567574,0.955501,-0.173941,-0.049077,0.233139,0.954472,-0.179504,-0.047718,0.233421,1.000000,
0.954472,-0.179504,-0.047718,0.233421,0.793664,-0.168831,-0.139474,0.567574,0.953714,-0.183487,-0.046743,0.233618,0.954472,-0.179504,-0.047718,0.233421,1.000000,
0.954472,-0.179504,-0.047718,0.233421,0.793664,-0.168831,-0.139474,0.567574,0.955501,-0.173941,-0.049077,0.233139,0.954472,-0.179504,-0.047718,0.233421,1.000000,
0.954472,-0.179504,-0.047718,0.233421,0.793664,-0.168831,-0.139474,0.567574,0.953714,-0.183487,-0.046743,0.233618,0.954472,-0.179504,-0.047718,0.233421,1.000000,
0.954472,-0.179504,-0.047718,0.233421,0.793664,-0.168831,-0.139474,0.567574,0.955501,-0.173941,-0.049077,0.233139,0.954472,-0.179504,-0.047718,0.233421,1.000000,
0.954472,-0.179504,-0.047718,0.233421,0.793664,-0.168831,-0.139474,0.567574,0.953714,-0.183487,-0.046743,0.233618,0.954472,-0.179504,-0.047718,0.233421,1.000000,
0.954472,-0.179504,-0.047718,0.233421,0.793664,-0.168831,-0.139474,0.567574,0.955501,-0.173941,-0.049077,0.233139,0.954472,-0.179504,-0.047718,0.233421,1.000000,
0.954472,-0.179504,-0.047718,0.233421,0.793664,-0.168831,-0.139474,0.567574,0.953714,-0.183487,-0.046743,0.233618,0.954472,-0.179504,-0.047718,0.233421,1.000000,
0.954472,-0.179504,-0.047718,0.233421,0.793664,-0.168831,-0.139474,0.567574,0.955501,-0.173941,-0.049077,0.233139,0.954472,-0.179504,-0.047718,0.233421,1.000000,
0.954472,-0.179504,-0.047718,0.233421,0.793664,-0.168831,-0.139474,0.567574,0.953714,-0.183488,-0.046743,0.233618,0.954472,-0.179504,-0.047718,0.233421,1.000000,
0.954472,-0.179504,-0.047718,0.233421,0.793664,-0.168831,-0.139474,0.567574,0.955501,-0.173941,-0.049077,0.233139,0.954472,-0.179504,-0.047718,0.233421,1.000000,
0.954472,-0.179504,-0.047718,0.233421,0.793664,-0.168831,-0.139474,0.567574,0.953714,-0.183488,-0.046743,0.233618,0.954472,-0.179504,-0.047718,0.233421,1.000000,
0.954472,-0.179504,-0.047718,0.233421,0.793664,-0.168831,-0.139474,0.567574,0.955501,-0.173941,-0.049077,0.233139,0.954472,-0.179504,-0.047718,0.233421,1.000000,
0.954472,-0.179504,-0.047718,0.233421,0.793664,-0.168831,-0.139474,0.567574,0.953714,-0.183488,-0.046743,0.233618,0.954472,-0.179504,-0.047718,0.233421,1.000000,
0.954472,-0.179504,-0.047718,0.233421,0.793664,-0.168831,-0.139474,0.567574,0.955501,-0.173942,-0.049077,0.233139,0.954472,-0.179504,-0.047718,0.233421,1.000000,
0.954472,-0.179504,-0.047718,0.233421,0.793664,-0.168831,-0.139474,0.567574,0.953714,-0.183488,-0.046743,0.233618,0.954472,-0.179504,-0.047718,0.233421,1.000000,
0.954472,-0.179504,-0.047718,0.233421,0.793664,-0.168831,-0.139474,0.567574,0.955501,-0.173942,-0.049077,0.233139,0.954472,-0.179504,-0.047718,0.233421,1.000000,
0.954472,-0.179504,-0.047718,0.233421,0.793664,-0.168831,-0.139474,0.567574,0.953714,-0.183488,-0.046743,0.233618,0.954472,-0.179504,-0.047718,0.233421,1.000000,
0.954472,-0.179504,-0.047718,0.233421,0.793664,-0.168831,-0.139474,0.567574,0.955501,-0.173942,-0.049077,0.233139,0.954472,-0.179504,-0.047718,0.233421,1.000000,
0.954472,-0.179504,-0.047718,0.233421,0.793664,-0.168831,-0.139474,0.567574,0.953714,-0.183488,-0.046743,0.233618,0.954472,-0.179504,-0.047718,0.233421,1.000000,
0.954472,-0.179504,-0.047718,0.233421,0.793664,-0.168831,-0.139474,0.567574,0.955501,-0.173942,-0.049077,0.233139,0.954472,-0.179504,-0.047718,0.233421,1.000000,
0.954472,-0.179504,-0.047718,0.233421,0.793664,-0.168831,-0.139474,0.567574,0.953714,-0.183488,-0.046743,0.233618,0.954472,-0.179504,-0.047718,0.233421,1.000000,
0.954472,-0.179504,-0.047718,0.233421,0.793664,-0.168831,-0.139474,0.567574,0.955501,-0.173942,-0.049077,0.233139,0.954472,-0.179504,-0.047718,0.233421,1.000000,
0.954472,-0.179504,-0.047718,0.233421,0.793664,-0.168831,-0.139474,0.567574,0.953714,-0.183488,-0.046743,0.233618,0.954472,-0.179504,-0.047718,0.233421,1.000000,
0.954472,-0.179504,-0.047718,0.233421,0.793664,-0.168831,-0.139474,0.567574,0.955501,-0.173942,-0.049077,0.233139,0.954472,-0.179504,-0.047718,0.233421,1.000000,
0.954472,-0.179504,-0.047718,0.233421,0.793664,-0.168831,-0.139474,0.567574,0.953714,-0.183488,-0.046743,0.233618,0.954472,-0.179504,-0.047718,0.233421,1.000000,
0.954472,-0.179504,-0.047718,0.233421,0.793664,-0.168831,-0.139474,0.567574,0.955501,-0.173942,-0.049077,0.233139,0.954472,-0.179504,-0.047718,0.233421,1.000000,
0.954472,-0.179504,-0.047718,0.233421,0.793664,-0.168831,-0.139474,0.567574,0.953714,-0.183488,-0.046743,0.233618,0.954472,-0.179504,-0.047718,0.233421,1.000000,
0.954472,-0.179504,-0.047718,0.233421,0.793664,-0.168831,-0.139474,0.567574,0.955501,-0.173942,-0.049077,0.233139,0.954472,-0.179504,-0.047718,0.233421,1.000000,
0.954472,-0.179504,-0.047718,0.233421,0.793664,-0.168831,-0.139474,0.567574,0.953714,-0.183488,-0.046743,0.233618,0.954472,-0.179504,-0.047718,0.233421,1.000000,
0.954472,-0.179504,-0.047718,0.233421,0.793664,-0.168831,-0.139474,0.567574,0.955501,-0.173942,-0.049077,0.233139,0.954472,-0.179504,-0.047718,0.233421,1.000000,
0.954472,-0.179504,-0.047718,0.233421,0.793664,-0.168831,-0.139474,0.567574,0.953714,-0.183488,-0.046743,0.233618,0.954472,-0.179504,-0.047718,0.233421,1.000000,
0.954472,-0.179504,-0.047718,0.233421,0.793664,-0.168831,-0.139474,0.567574,0.955501,-0.173942,-0.049077,0.233139,0.954472,-0.179504,-0.047718,0.233421,1.000000,
0.954472,-0.179504,-0.047718,0.233421,0.793664,-0.168831,-0.139474,0.567574,0.953714,-0.183489,-0.046743,0.233618,0.954472,-0.179504,-0.047718,0.233421,1.000000,
0.954472,-0.179504,-0.047718,0.233421,0.793664,-0.168831,-0.139474,0.567574,0.955501,-0.173942,-0.049077,0.233139,0.954472,-0.179504,-0.047718,0.233421,1.000000,
0.954472,-0.179504,-0.047718,0.233421,0.793664,-0.168831,-0.139474,0.567574,0.953714,-0.183489,-0.046743,0.233618,0.954472,-0.179504,-0.047718,0.233421,1.000000,
0.954472,-0.179504,-0.047718,0.233421,0.793664,-0.168831,-0.139474,0.567574,0.955501,-0.173942,-0.049077,0.233139,0.954472,-0.179504,-0.047718,0.233421,1.000000,
0.954472,-0.179504,-0.047718,0.233421,0.793664,-0.168831,-0.139474,0.567574,0.953714,-0.183489,-0.046743,0.233618,0.954472,-0.179504,-0.047718,0.233421,1.000000,
0.954472,-0.179504,-0.047718,0.233421,0.793664,-0.168831,-0.139474,0.567574,0.955501,-0.173943,-0.049077,0.233139,0.954472,-0.179504,-0.047718,0.233421,1.000000,
0.954472,-0.179504,-0.047718,0.233421,0.793664,-0.168831,-0.139474,0.567574,0.953714,-0.183489,-0.046743,0.233618,0.954472,-0.179504,-0.047718,0.233421,1.000000,
0.954472,-0.179504,-0.047718,0.233421,0.793664,-0.168831,-0.139474,0.567574,0.955501,-0.173943,-0.049077,0.233139,0.954472,-0.179504,-0.047718,0.233421,1.000000,
0.954472,-0.179504,-0.047718,0.233421,0.793664,-0.168831,-0.139474,0.567574,0.953714,-0.183489,-0.046743,0.233618,0.954472,-0.179504,-0.047718,0.233421,1.000000,
0.954472,-0.179504,-0.047718,0.233421,0.793664,-0.168831,-0.139474,0.567574,0.955501,-0.173943,-0.049077,0.233139,0.954472,-0.179504,-0.047718,0.233421,1.000000,
0.954472,-0.179504,-0.047718,0.233421,0.793664,-0.168831,-0.139474,0.567574,0.953714,-0.183489,-0.046743,0.233618,0.954472,-0.179504,-0.047718,0.233421,1.000000,
0.954472,-0.179504,-0.047718,0.233421,0.793664,-0.168831,-0.139474,0.567574,0.955501,-0.173943,-0.049077,0.233139,0.954472,-0.179504,-0.047718,0.233421,1.000000,
0.954472,-0.179504,-0.047718,0.233421,0.793664,-0.168831,-0.139474,0.567574,0.953714,-0.183489,-0.046743,0.233618,0.954472,-0.179504,-0.047718,0.233421,1.000000,
0.954472,-0.179504,-0.047718,0.233421,0.793664,-0.168831,-0.139474,0.567574,0.955501,-0.173943,-0.049077,0.233139,0.954472,-0.179504,-0.047718,0.233421,1.000000,
0.954472,-0.179504,-0.047718,0.233421,0.793664,-0.168831,-0.139474,0.567574,0.953714,-0.183489,-0.046743,0.233618,0.954472,-0.179504,-0.047718,0.233421,1.000000,
0.954472,-0.179504,-0.047718,0.233421,0.793664,-0.168831,-0.139474,0.567574,0.955501,-0.173943,-0.049076,0.233139,0.954472,-0.179504,-0.047718,0.233421,1.000000,
0.954472,-0.179504,-0.047718,0.233421,0.793664,-0.168831,-0.139474,0.567574,0.953714,-0.183489,-0.046743,0.233618,0.954472,-0.179504,-0.047718,0.233421,1.000000,
0.954472,-0.179504,-0.047718,0.233421,0.793664,-0.168831,-0.139474,0.567574,0.955501,-0.173943,-0.049076,0.233139,0.954472,-0.179504,-0.047718,0.233421,1.000000,
0.954472,-0.179504,-0.047718,0.233421,0.793664,-0.168831,-0.139474,0.567574,0.953714,-0.183489,-0.046743,0.233618,0.954472,-0.179504,-0.047718,0.233421,1.000000,
0.954472,-0.179504,-0.047718,0.233421,0.793664,-0.168831,-0.139474,0.567574,0.955501,-0.173943,-0.049076,0.233139,0.954472,-0.179504,-0.047718,0.233421,1.000000,
0.954472,-0.179504,-0.047718,0.233421,0.793664,-0.168831,-0.139474,0.567574,0.953713,-0.183489,-0.046743,0.233618,0.954472,-0.179504,-0.047718,0.233421,1.000000,
0.954472,-0.179504,-0.047718,0.233421,0.793664,-0.168831,-0.139474,0.567574,0.955501,-0.173943,-0.049076,0.233139,0.954472,-0.179504,-0.047718,0.233421,1.000000,
0.954472,-0.179504,-0.047718,0.233421,0.793664,-0.168831,-0.139474,0.567574,0.953713,-0.183489,-0.046743,0.233618,0.954472,-0.179504,-0.047718,0.233421,1.000000,
0.954472,-0.179504,-0.047718,0.233421,0.793664,-0.168831,-0.139474,0.567574,0.955501,-0.173943,-0.049076,0.233139,0.954472,-0.179504,-0.047718,0.233421,1.000000,
0.954472,-0.179504,-0.047718,0.233421,0.793664,-0.168831,-0.139474,0.567574,0.953713,-0.183489,-0.046743,0.233618,0.954472,-0.179504,-0.047718,0.233421,1.000000,
0.954472,-0.179504,-0.047718,0.233421,0.793664,-0.168831,-0.139474,0.567574,0.955501,-0.173943,-0.049076,0.233139,0.954472,-0.179504,-0.047718,0.233421,1.000000,
0.954472,-0.179504,-0.047718,0.233421,0.793664,-0.168831,-0.139474,0.567574,0.953713,-0.183490,-0.046743,0.233618,0.954472,-0.179504,-0.047718,0.233421,1.000000,
0.954472,-0.179504,-0.047718,0.233421,0.793664,-0.168831,-0.139474,0.567574,0.955501,-0.173943,-0.049076,0.233139,0.954472,-0.179504,-0.047718,0.233421,1.000000,
0.954472,-0.179504,-0.047718,0.233421,0.793664,-0.168831,-0.139474,0.567574,0.953713,-0.183490,-0.046743,0.233618,0.954472,-0.179504,-0.047718,0.233421,1.000000,
0.954472,-0.179504,-0.047718,0.233421,0.793664,-0.168831,-0.139474,0.567574,0.955501,-0.173943,-0.049076,0.233139,0.954472,-0.179504,-0.047718,0.233421,1.000000,
0.954472,-0.179504,-0.047718,0.233421,0.793664,-0.168831,-0.139474,0.567574,0.953713,-0.183490,-0.046743,0.233618,0.954472,-0.179504,-0.047718,0.233421,1.000000,
0.954472,-0.179504,-0.047718,0.233421,0.793664,-0.168831,-0.139474,0.567574,0.955501,-0.173944,-0.049076,0.233139,0.954472,-0.179504,-0.047718,0.233421,1.000000,
0.954472,-0.179504,-0.047718,0.233421,0.793664,-0.168831,-0.139474,0.567574,0.953713,-0.183490,-0.046743,0.233618,0.954472,-0.179504,-0.047718,0.233421,1.000000,
0.954472,-0.179504,-0.047718,0.233421,0.793664,-0.168831,-0.139474,0.567574,0.955501,-0.173944,-0.049076,0.233139,0.954472,-0.179504,-0.047718,0.233421,1.000000,
0.954472,-0.179504,-0.047718,0.233421,0.793664,-0.168831,-0.139474,0.567574,0.953713,-0.183490,-0.046742,0.233618,0.954472,-0.179504,-0.047718,0.233421,1.000000,
0.954472,-0.179504,-0.047718,0.233421,0.793664,-0.168831,-0.139474,0.567574,0.955501,-0.173944,-0.049076,0.233139,0.954472,-0.179504,-0.047718,0.233421,1.000000,
0.954472,-0.179504,-0.047718,0.233421,0.793664,-0.168831,-0.139474,0.567574,0.953713,-0.183490,-0.046742,0.233618,0.954472,-0.179504,-0.047718,0.233421,1.000000,
0.954472,-0.179504,-0.047718,0.233421,0.793664,-0.168831,-0.139474,0.567574,0.955501,-0.173944,-0.049076,0.233139,0.954472,-0.179504,-0.047718,0.233421,1.000000,
0.954472,-0.179504,-0.047718,0.233421,0.793664,-0.168831,-0.139474,0.567574,0.953713,-0.183490,-0.046742,0.233618,0.954472,-0.179504,-0.047718,0.233421,1.000000,
0.954472,-0.179504,-0.047718,0.233421,0.793664,-0.168831,-0.139474,0.567574,0.955501,-0.173944,-0.049076,0.233139,0.954472,-0.179504,-0.047718,0.233421,1.000000,
0.954472,-0.179504,-0.047718,0.233421,0.793664,-0.168831,-0.139474,0.567574,0.953713,-0.183490,-0.046742,0.233618,0.954472,-0.179504,-0.047718,0.233421,1.000000,
0.954472,-0.179504,-0.047718,0.233421,0.793664,-0.168831,-0.139474,0.567574,0.955501,-0.173944,-0.049076,0.233139,0.954472,-0.179504,-0.047718,0.233421,1.000000,
0.954472,-0.179504,-0.047718,0.233421,0.793664,-0.168831,-0.139474,0.567574,0.953713,-0.183490,-0.046742,0.233618,0.954472,-0.179504,-0.047718,0.233421,1.000000,
0.954472,-0.179504,-0.047718,0.233421,0.793664,-0.168831,-0.139474,0.567574,0.955501,-0.173944,-0.049076,0.233139,0.954472,-0.179504,-0.047718,0.233421,1.000000,
0.954472,-0.179504,-0.047718,0.233421,0.793664,-0.168831,-0.139474,0.567574,0.953713,-0.183490,-0.046742,0.233618,0.954472,-0.179504,-0.047718,0.233421,1.000000,
0.954472,-0.179504,-0.047718,0.233421,0.793664,-0.168831,-0.139474,0.567574,0.955500,-0.173944,-0.049076,0.233139,0.954472,-0.179504,-0.047718,0.233421,1.000000,
0.954472,-0.179504,-0.047718,0.233421,0.793664,-0.168831,-0.139474,0.567574,0.953713,-0.183490,-0.046742,0.233618,0.954472,-0.179504,-0.047718,0.233421,1.000000,
0.954472,-0.179504,-0.047718,0.233421,0.793664,-0.168831,-0.139474,0.567574,0.955500,-0.173944,-0.049076,0.233139,0.954472,-0.179504,-0.047718,0.233421,1.000000,
0.954472,-0.179504,-0.047718,0.233421,0.793664,-0.168831,-0.139474,0.567574,0.953713,-0.183490,-0.046742,0.233618,0.954472,-0.179504,-0.047718,0.233421,1.000000,
0.954472,-0.179504,-0.047718,0.233421,0.793664,-0.168831,-0.139474,0.567574,0.955500,-0.173944,-0.049076,0.233139,0.954472,-0.179504,-0.047718,0.233421,1.000000,
0.954472,-0.179504,-0.047718,0.233421,0.793664,-0.168831,-0.139474,0.567574,0.953713,-0.183490,-0.046742,0.233618,0.954472,-0.179504,-0.047718,0.233421,1.000000,
0.954472,-0.179504,-0.047718,0.233421,0.793664,-0.168831,-0.139474,0.567574,0.955500,-0.173944,-0.049076,0.233139,0.954472,-0.179504,-0.047718,0.233421,1.000000,
0.954472,-0.179504,-0.047718,0.233421,0.793664,-0.168831,-0.139474,0.567574,0.953713,-0.183491,-0.046742,0.233618,0.954472,-0.179504,-0.047718,0.233421,1.000000,
0.954472,-0.179504,-0.047718,0.233421,0.793664,-0.168831,-0.139474,0.567574,0.955500,-0.173944,-0.049076,0.233139,0.954472,-0.179504,-0.047718,0.233421,1.000000,
0.954472,-0.179504,-0.047718,0.233421,0.793664,-0.168831,-0.139474,0.567574,0.953713,-0.183491,-0.046742,0.233618,0.954472,-0.179504,-0.047718,0.233421,1.000000,
0.954472,-0.179504,-0.047718,0.233421,0.793664,-0.168831,-0.139474,0.567574,0.955500,-0.173944,-0.049076,0.233139,0.954472,-0.179504,-0.047718,0.233421,1.000000,
0.954472,-0.179504,-0.047718,0.233421,0.793664,-0.168831,-0.139474,0.567574,0.953713,-0.183491,-0.046742,0.233618,0.954472,-0.179504,-0.047718,0.233421,1.000000,
0.954472,-0.179504,-0.047718,0.233421,0.793664,-0.168831,-0.139474,0.567574,0.955500,-0.173945,-0.049076,0.233139,0.954472,-0.179504,-0.047718,0.233421,1.000000,
0.954472,-0.179504,-0.047718,0.233421,0.793664,-0.168831,-0.139474,0.567574,0.953713,-0.183491,-0.046742,0.233618,0.954472,-0.179504,-0.047718,0.233421,1.000000,
0.954472,-0.179504,-0.047718,0.233421,0.793664,-0.168831,-0.139474,0.567574,0.955500,-0.173945,-0.049076,0.233139,0.954472,-0.179504,-0.047718,0.233421,1.000000,
0.954472,-0.179504,-0.047718,0.233421,0.793664,-0.168831,-0.139474,0.567574,0.953713,-0.183491,-0.046742,0.233618,0.954472,-0.179504,-0.047718,0.233421,1.000000,
0.954472,-0.179504,-0.047718,0.233421,0.793664,-0.168831,-0.139474,0.567574,0.955500,-0.173945,-0.049076,0.233139,0.954472,-0.179504,-0.047718,0.233421,1.000000,
0.954472,-0.179504,-0.047718,0.233421,0.793664,-0.168831,-0.139474,0.567574,0.953713,-0.183491,-0.046742,0.233618,0.954472,-0.179504,-0.047718,0.233421,1.000000,
0.954472,-0.179504,-0.047718,0.233421,0.793664,-0.168831,-0.139474,0.567574,0.955500,-0.173945,-0.049076,0.233139,0.954472,-0.179504,-0.047718,0.233421,1.000000,
0.954472,-0.179504,-0.047718,0.233421,0.793664,-0.168831,-0.139474,0.567574,0.953713,-0.183491,-0.046742,0.233618,0.954472,-0.179504,-0.047718,0.233421,1.000000,
0.954472,-0.179504,-0.047718,0.233421,0.793664,-0.168831,-0.139474,0.567574,0.955500,-0.173945,-0.049076,0.233139,0.954472,-0.179504,-0.047718,0.233421,1.000000,
0.954472,-0.179504,-0.047718,0.233421,0.793664,-0.168831,-0.139474,0.567574,0.953713,-0.183491,-0.046742,0.233618,0.954472,-0.179504,-0.047718,0.233421,1.000000,
0.954472,-0.179504,-0.047718,0.233421,0.793664,-0.168831,-0.139474,0.567574,0.955500,-0.173945,-0.049076,0.233139,0.954472,-0.179504,-0.047718,0.233421,1.000000,
0.954472,-0.179504,-0.047718,0.233421,0.793664,-0.168831,-0.139474,0.567574,0.953713,-0.183491,-0.046742,0.233618,0.954472,-0.179504,-0.047718,0.233421,1.000000,
0.954472,-0.179504,-0.047718,0.233421,0.793664,-0.168831,-0.139474,0.567574,0.955500,-0.173945,-0.049076,0.233139,0.954472,-0.179504,-0.047718,0.233421,1.000000,
0.954472,-0.179504,-0.047718,0.233421,0.793664,-0.168831,-0.139474,0.567574,0.953713,-0.183491,-0.046742,0.233618,0.954472,-0.179504,-0.047718,0.233421,1.000000,
0.954472,-0.179504,-0.047718,0.233421,0.793664,-0.168831,-0.139474,0.567574,0.955500,-0.173945,-0.049076,0.233139,0.954472,-0.179504,-0.047718,0.233421,1.000000,
0.954472,-0.179504,-0.047718,0.233421,0.793664,-0.168831,-0.139474,0.567574,0.953713,-0.183491,-0.046742,0.233618,0.954472,-0.179504,-0.047718,0.233421,1.000000,
0.954472,-0.179504,-0.047718,0.233421,0.793664,-0.168831,-0.139474,0.567574,0.955500,-0.173945,-0.049076,0.233139,0.954472,-0.179504,-0.047718,0.233421,1.000000,
0.954472,-0.179504,-0.047718,0.233421,0.793664,-0.168831,-0.139474,0.567574,0.953713,-0.183491,-0.046742,0.233618,0.954472,-0.179504,-0.047718,0.233421,1.000000,
0.954472,-0.179504,-0.047718,0.233421,0.793664,-0.168831,-0.139474,0.567574,0.955500,-0.173945,-0.049076,0.233139,0.954472,-0.179504,-0.047718,0.233421,1.000000,
0.954472,-0.179504,-0.047718,0.233421,0.793664,-0.168831,-0.139474,0.567574,0.953713,-0.183491,-0.046742,0.233618,0.954472,-0.179504,-0.047718,0.233421,1.000000,
0.954472,-0.179504,-0.047718,0.233421,0.793664,-0.168831,-0.139474,0.567574,0.955500,-0.173945,-0.049076,0.233139,0.954472,-0.179504,-0.047718,0.233421,1.000000,
0.954472,-0.179504,-0.047718,0.233421,0.793664,-0.168831,-0.139474,0.567574,0.953713,-0.183492,-0.046742,0.233618,0.954472,-0.179504,-0.047718,0.233421,1.000000,
0.954472,-0.179504,-0.047718,0.233421,0.793664,-0.168831,-0.139474,0.567574,0.955500,-0.173945,-0.049076,0.233139,0.954472,-0.179504,-0.047718,0.233421,1.000000,
0.954472,-0.179504,-0.047718,0.233421,0.793664,-0.168831,-0.139474,0.567574,0.953713,-0.183492,-0.046742,0.233618,0.954472,-0.179504,-0.047718,0.233421,1.000000,
0.954472,-0.179504,-0.047718,0.233421,0.793664,-0.168831,-0.139474,0.567574,0.955500,-0.173946,-0.049076,0.233139,0.954472,-0.179504,-0.047718,0.233421,1.000000,
0.954472,-0.179504,-0.047718,0.233421,0.793664,-0.168831,-0.139474,0.567574,0.953713,-0.183492,-0.046742,0.233618,0.954472,-0.179504,-0.047718,0.233421,1.000000,
0.954472,-0.179504,-0.047718,0.233421,0.793664,-0.168831,-0.139474,0.567574,0.955500,-0.173946,-0.049076,0.233139,0.954472,-0.179504,-0.047718,0.233421,1.000000,
0.954472,-0.179504,-0.047718,0.233421,0.793664,-0.168831,-0.139474,0.567574,0.953713,-0.183492,-0.046742,0.233618,0.954472,-0.179504,-0.047718,0.233421,1.000000,
0.954472,-0.179504,-0.047718,0.233421,0.793664,-0.168831,-0.139474,0.567574,0.955500,-0.173946,-0.049076,0.233139,0.954472,-0.179504,-0.047718,0.233421,1.000000,
0.954472,-0.179504,-0.047718,0.233421,0.793664,-0.168831,-0.139474,0.567574,0.953713,-0.183492,-0.046742,0.233618,0.954472,-0.179504,-0.047718,0.233421,1.000000,
0.954472,-0.179504,-0.047718,0.233421,0.793664,-0.168831,-0.139474,0.567574,0.955500,-0.173946,-0.049076,0.233139,0.954472,-0.179504,-0.047718,0.233421,1.000000,
0.954472,-0.179504,-0.047718,0.233421,0.793664,-0.168831,-0.139474,0.567574,0.953713,-0.183492,-0.046742,0.233618,0.954472,-0.179504,-0.047718,0.233421,1.000000,
0.954472,-0.179504,-0.047718,0.233421,0.793664,-0.168831,-0.139474,0.567574,0.955500,-0.173946,-0.049076,0.233139,0.954472,-0.179504,-0.047718,0.233421,1.000000,
0.954472,-0.179504,-0.047718,0.233421,0.793664,-0.168831,-0.139474,0.567574,0.953713,-0.183492,-0.046742,0.233618,0.954472,-0.179504,-0.047718,0.233421,1.000000,
0.954472,-0.179504,-0.047718,0.233421,0.793664,-0.168831,-0.139474,0.567574,0.955500,-0.173946,-0.049076,0.233139,0.954472,-0.179504,-0.047718,0.233421,1.000000,
0.954472,-0.179504,-0.047718,0.233421,0.793664,-0.168831,-0.139474,0.567574,0.953713,-0.183492,-0.046742,0.233618,0.954472,-0.179504,-0.047718,0.233421,1.000000,
0.954472,-0.179504,-0.047718,0.233421,0.793664,-0.168831,-0.139474,0.567574,0.955500,-0.173946,-0.049076,0.233139,0.954472,-0.179504,-0.047718,0.233421,1.000000,
0.954472,-0.179504,-0.047718,0.233421,0.793664,-0.168831,-0.139474,0.567574,0.953713,-0.183492,-0.046742,0.233618,0.954472,-0.179504,-0.047718,0.233421,1.000000,
0.954472,-0.179504,-0.047718,0.233421,0.793664,-0.168831,-0.139474,0.567574,0.955500,-0.173946,-0.049076,0.233139,0.954472,-0.179504,-0.047718,0.233421,1.000000,
0.954472,-0.179504,-0.047718,0.233421,0.793664,-0.168831,-0.139474,0.567574,0.953713,-0.183492,-0.046742,0.233618,0.954472,-0.179504,-0.047718,0.233421,1.000000,
0.954472,-0.179504,-0.047718,0.233421,0.793664,-0.168831,-0.139474,0.567574,0.955500,-0.173946,-0.049076,0.233139,0.954472,-0.179504,-0.047718,0.233421,1.000000,
0.954472,-0.179504,-0.047718,0.233421,0.793664,-0.168831,-0.139474,0.567574,0.953713,-0.183492,-0.046742,0.233618,0.954472,-0.179504,-0.047718,0.233421,1.000000,
0.954472,-0.179504,-0.047718,0.233421,0.793664,-0.168831,-0.139474,0.567574,0.955500,-0.173946,-0.049076,0.233139,0.954472,-0.179504,-0.047718,0.233421,1.000000,
0.954472,-0.179504,-0.047718,0.233421,0.793664,-0.168831,-0.139474,0.567574,0.953713,-0.183492,-0.046742,0.233618,0.954472,-0.179504,-0.047718,0.233421,1.000000,
0.954472,-0.179504,-0.047718,0.233421,0.793664,-0.168831,-0.139474,0.567574,0.955500,-0.173946,-0.049076,0.233139,0.954472,-0.179504,-0.047718,0.233421,1.000000,
0.954472,-0.179504,-0.047718,0.233421,0.793664,-0.168831,-0.139474,0.567574,0.953713,-0.183493,-0.046742,0.233618,0.954472,-0.179504,-0.047718,0.233421,1.000000,
0.954472,-0.179504,-0.047718,0.233421,0.793664,-0.168831,-0.139474,0.567574,0.955500,-0.173946,-0.049076,0.233139,0.954472,-0.179504,-0.047718,0.233421,1.000000,
0.954472,-0.179504,-0.047718,0.233421,0.793664,-0.168831,-0.139474,0.567574,0.953713,-0.183493,-0.046742,0.233618,0.954472,-0.179504,-0.047718,0.233421,1.000000,
0.954472,-0.179504,-0.047718,0.233421,0.793664,-0.168831,-0.139474,0.567574,0.955500,-0.173946,-0.049076,0.233139,0.954472,-0.179504,-0.047718,0.233421,1.000000,
0.954472,-0.179504,-0.047718,0.233421,0.793664,-0.168831,-0.139474,0.567574,0.953713,-0.183493,-0.046742,0.233618,0.954472,-0.179504,-0.047718,0.233421,1.000000,
0.954472,-0.179504,-0.047718,0.233421,0.793664,-0.168831,-0.139474,0.567574,0.955500,-0.173947,-0.049076,0.233139,0.954472,-0.179504,-0.047718,0.233421,1.000000,
0.954472,-0.179504,-0.047718,0.233421,0.793664,-0.168831,-0.139474,0.567574,0.953713,-0.183493,-0.046742,0.233618,0.954472,-0.179504,-0.047718,0.233421,1.000000,
0.954472,-0.179504,-0.047718,0.233421,0.793664,-0.168831,-0.139474,0.567574,0.955500,-0.173947,-0.049076,0.233139,0.954472,-0.179504,-0.047718,0.233421,1.000000,
0.954472,-0.179504,-0.047718,0.233421,0.793664,-0.168831,-0.139474,0.567574,0.953713,-0.183493,-0.046742,0.233618,0.954472,-0.179504,-0.047718,0.233421,1.000000,
0.954472,-0.179504,-0.047718,0.233421,0.793664,-0.168831,-0.139474,0.567574,0.955500,-0.173947,-0.049076,0.233139,0.954472,-0.179504,-0.047718,0.233421,1.000000,
0.954472,-0.179504,-0.047718,0.233421,0.793664,-0.168831,-0.139474,0.567574,0.953713,-0.183493,-0.046742,0.233618,0.954472,-0.179504,-0.047718,0.233421,1.000000,
0.954472,-0.179504,-0.047718,0.233421,0.793664,-0.168831,-0.139474,0.567574,0.955500,-0.173947,-0.049076,0.233139,0.954472,-0.179504,-0.047718,0.233421,1.000000,
0.954472,-0.179504,-0.047718,0.233421,0.793664,-0.168831,-0.139474,0.567574,0.953713,-0.183493,-0.046742,0.233618,0.954472,-0.179504,-0.047718,0.233421,1.000000,
0.954472,-0.179504,-0.047718,0.233421,0.793664,-0.168831,-0.139474,0.567574,0.955500,-0.173947,-0.049076,0.233139,0.954472,-0.179504,-0.047718,0.233421,1.000000,
0.954472,-0.179504,-0.047718,0.233421,0.793664,-0.168831,-0.139474,0.567574,0.953713,-0.183493,-0.046742,0.233618,0.954472,-0.179504,-0.047718,0.233421,1.000000,
0.954472,-0.179504,-0.047718,0.233421,0.793664,-0.168831,-0.139474,0.567574,0.955500,-0.173947,-0.049076,0.233139,0.954472,-0.179504,-0.047718,0.233421,1.000000,
0.954472,-0.179504,-0.047718,0.233421,0.793664,-0.168831,-0.139474,0.567574,0.953713,-0.183493,-0.046742,0.233618,0.954472,-0.179504,-0.047718,0.233421,1.000000,
0.954472,-0.179504,-0.047718,0.233421,0.793664,-0.168831,-0.139474,0.567574,0.955500,-0.173947,-0.049075,0.233139,0.954472,-0.179504,-0.047718,0.233421,1.000000,
0.954472,-0.179504,-0.047718,0.233421,0.793664,-0.168831,-0.139474,0.567574,0.953713,-0.183493,-0.046742,0.233618,0.954472,-0.179504,-0.047718,0.233421,1.000000,
0.954472,-0.179504,-0.047718,0.233421,0.793664,-0.168831,-0.139474,0.567574,0.955500,-0.173947,-0.049075,0.233139,0.954472,-0.179504,-0.047718,0.233421,1.000000,
0.954472,-0.179504,-0.047718,0.233421,0.793664,-0.168831,-0.139474,0.567574,0.953713,-0.183493,-0.046742,0.233618,0.954472,-0.179504,-0.047718,0.233421,1.000000,
0.954472,-0.179504,-0.047718,0.233421,0.793664,-0.168831,-0.139474,0.567574,0.955500,-0.173947,-0.049075,0.233139,0.954472,-0.179504,-0.047718,0.233421,1.000000,
0.954472,-0.179504,-0.047718,0.233421,0.793664,-0.168831,-0.139474,0.567574,0.953713,-0.183493,-0.046742,0.233618,0.954472,-0.179504,-0.047718,0.233421,1.000000,
0.954472,-0.179504,-0.047718,0.233421,0.793664,-0.168831,-0.139474,0.567574,0.955500,-0.173947,-0.049075,0.233139,0.954472,-0.179504,-0.047718,0.233421,1.000000,
0.954472,-0.179504,-0.047718,0.233421,0.793664,-0.168831,-0.139474,0.567574,0.953713,-0.183493,-0.046742,0.233618,0.954472,-0.179504,-0.047718,0.233421,1.000000,
0.954472,-0.179504,-0.047718,0.233421,0.793664,-0.168831,-0.139474,0.567574,0.955500,-0.173947,-0.049075,0.233139,0.954472,-0.179504,-0.047718,0.233421,1.000000,
0.954472,-0.179504,-0.047718,0.233421,0.793664,-0.168831,-0.139474,0.567574,0.953713,-0.183494,-0.046742,0.233618,0.954472,-0.179504,-0.047718,0.233421,1.000000,
0.954472,-0.179504,-0.047718,0.233421,0.793664,-0.168831,-0.139474,0.567574,0.955500,-0.173947,-0.049075,0.233139,0.954472,-0.179504,-0.047718,0.233421,1.000000,
0.954472,-0.179504,-0.047718,0.233421,0.793664,-0.168831,-0.139474,0.567574,0.953713,-0.183494,-0.046742,0.233618,0.954472,-0.179504,-0.047718,0.233421,1.000000,
0.954472,-0.179504,-0.047718,0.233421,0.793664,-0.168831,-0.139474,0.567574,0.955500,-0.173947,-0.049075,0.233139,0.954472,-0.179504,-0.047718,0.233421,1.000000,
0.954472,-0.179504,-0.047718,0.233421,0.793664,-0.168831,-0.139474,0.567574,0.953713,-0.183494,-0.046742,0.233618,0.954472,-0.179504,-0.047718,0.233421,1.000000,
0.954472,-0.179504,-0.047718,0.233421,0.793664,-0.168831,-0.139474,0.567574,0.955500,-0.173948,-0.049075,0.233139,0.954472,-0.179504,-0.047718,0.233421,1.000000,
0.954472,-0.179504,-0.047718,0.233421,0.793664,-0.168831,-0.139474,0.567574,0.953713,-0.183494,-0.046742,0.233618,0.954472,-0.179504,-0.047718,0.233421,1.000000,
0.954472,-0.179504,-0.047718,0.233421,0.793664,-0.168831,-0.139474,0.567574,0.955500,-0.173948,-0.049075,0.233139,0.954472,-0.179504,-0.047718,0.233421,1.000000,
0.954472,-0.179504,-0.047718,0.233421,0.793664,-0.168831,-0.139474,0.567574,0.953713,-0.183494,-0.046742,0.233618,0.954472,-0.179504,-0.047718,0.233421,1.000000,
0.954472,-0.179504,-0.047718,0.233421,0.793664,-0.168831,-0.139474,0.567574,0.955500,-0.173948,-0.049075,0.233139,0.954472,-0.179504,-0.047718,0.233421,1.000000,
0.954472,-0.179504,-0.047718,0.233421,0.793664,-0.168831,-0.139474,0.567574,0.953713,-0.183494,-0.046741,0.233618,0.954472,-0.179504,-0.047718,0.233421,1.000000,
0.954472,-0.179504,-0.047718,0.233421,0.793664,-0.168831,-0.139474,0.567574,0.955500,-0.173948,-0.049075,0.233139,0.954472,-0.179504,-0.047718,0.233421,1.000000,
0.954472,-0.179504,-0.047718,0.233421,0.793664,-0.168831,-0.139474,0.567574,0.953713,-0.183494,-0.046741,0.233618,0.954472,-0.179504,-0.047718,0.233421,1.000000,
0.954472,-0.179504,-0.047718,0.233421,0.793664,-0.168831,-0.139474,0.567574,0.955500,-0.173948,-0.049075,0.233139,0.954472,-0.179504,-0.047718,0.233421,1.000000,
0.954472,-0.179504,-0.047718,0.233421,0.793664,-0.168831,-0.139474,0.567574,0.953713,-0.183494,-0.046741,0.233618,0.954472,-0.179504,-0.047718,0.233421,1.000000,
0.954472,-0.179504,-0.047718,0.233421,0.793664,-0.168831,-0.139474,0.567574,0.955500,-0.173948,-0.049075,0.233139,0.954472,-0.179504,-0.047718,0.233421,1.000000,
0.954472,-0.179504,-0.047718,0.233421,0.793664,-0.168831,-0.139474,0.567574,0.953713,-0.183494,-0.046741,0.233618,0.954472,-0.179504,-0.047718,0.233421,1.000000,
0.954472,-0.179504,-0.047718,0.233421,0.793664,-0.168831,-0.139474,0.567574,0.955500,-0.173948,-0.049075,0.233139,0.954472,-0.179504,-0.047718,0.233421,1.000000,
0.954472,-0.179504,-0.047718,0.233421,0.793664,-0.168831,-0.139474,0.567574,0.953713,-0.183494,-0.046741,0.233618,0.954472,-0.179504,-0.047718,0.233421,1.000000,
0.954472,-0.179504,-0.047718,0.233421,0.793664,-0.168831,-0.139474,0.567574,0.955500,-0.173948,-0.049075,0.233139,0.954472,-0.179504,-0.047718,0.233421,1.000000,
0.954472,-0.179504,-0.047718,0.233421,0.793664,-0.168831,-0.139474,0.567574,0.953713,-0.183494,-0.046741,0.233618,0.954472,-0.179504,-0.047718,0.233421,1.000000,
0.954472,-0.179504,-0.047718,0.233421,0.793664,-0.168831,-0.139474,0.567574,0.955500,-0.173948,-0.049075,0.233139,0.954472,-0.179504,-0.047718,0.233421,1.000000,
0.954472,-0.179504,-0.047718,0.233421,0.793664,-0.168831,-0.139474,0.567574,0.953713,-0.183494,-0.046741,0.233618,0.954472,-0.179504,-0.047718,0.233421,1.000000,
0.954472,-0.179504,-0.047718,0.233421,0.793664,-0.168831,-0.139474,0.567574,0.955500,-0.173948,-0.049075,0.233139,0.954472,-0.179504,-0.047718,0.233421,1.000000,
0.954472,-0.179504,-0.047718,0.233421,0.793664,-0.168831,-0.139474,0.567574,0.953712,-0.183494,-0.046741,0.233618,0.954472,-0.179504,-0.047718,0.233421,1.000000,
0.954472,-0.179504,-0.047718,0.233421,0.793664,-0.168831,-0.139474,0.567574,0.955500,-0.173948,-0.049075,0.233139,0.954472,-0.179504,-0.047718,0.233421,1.000000,
0.954472,-0.179504,-0.047718,0.233421,0.793664,-0.168831,-0.139474,0.567574,0.953712,-0.183495,-0.046741,0.233618,0.954472,-0.179504,-0.047718,0.233421,1.000000,
0.954472,-0.179504,-0.047718,0.233421,0.793664,-0.168831,-0.139474,0.567574,0.955500,-0.173948,-0.049075,0.233139,0.954472,-0.179504,-0.047718,0.233421,1.000000,
0.954472,-0.179504,-0.047718,0.233421,0.793664,-0.168831,-0.139474,0.567574,0.953712,-0.183495,-0.046741,0.233618,0.954472,-0.179504,-0.047718,0.233421,1.000000,
0.954472,-0.179504,-0.047718,0.233421,0.793664,-0.168831,-0.139474,0.567574,0.955500,-0.173948,-0.049075,0.233139,0.954472,-0.179504,-0.047718,0.233421,1.000000,
0.954472,-0.179504,-0.047718,0.233421,0.793664,-0.168831,-0.139474,0.567574,0.953712,-0.183495,-0.046741,0.233618,0.954472,-0.179504,-0.047718,0.233421,1.000000,
0.954472,-0.179504,-0.047718,0.233421,0.793664,-0.168831,-0.139474,0.567574,0.955500,-0.173949,-0.049075,0.233139,0.954472,-0.179504,-0.047718,0.233421,1.000000,
0.954472,-0.179504,-0.047718,0.233421,0.793664,-0.168831,-0.139474,0.567574,0.953712,-0.183495,-0.046741,0.233618,0.954472,-0.179504,-0.047718,0.233421,1.000000,
0.954472,-0.179504,-0.047718,0.233421,0.793664,-0.168831,-0.139474,0.567574,0.955500,-0.173949,-0.049075,0.233139,0.954472,-0.179504,-0.047718,0.233421,1.000000,
0.954472,-0.179504,-0.047718,0.233421,0.793664,-0.168831,-0.139474,0.567574,0.953712,-0.183495,-0.046741,0.233618,0.954472,-0.179504,-0.047718,0.233421,1.000000,
0.954472,-0.179504,-0.047718,0.233421,0.793664,-0.168831,-0.139474,0.567574,0.955500,-0.173949,-0.049075,0.233139,0.954472,-0.179504,-0.047718,0.233421,1.000000,
0.954472,-0.179504,-0.047718,0.233421,0.793664,-0.168831,-0.139474,0.567574,0.953712,-0.183495,-0.046741,0.233618,0.954472,-0.179504,-0.047718,0.233421,1.000000,
0.954472,-0.179504,-0.047718,0.233421,0.793664,-0.168831,-0.139474,0.567574,0.955500,-0.173949,-0.049075,0.233139,0.954472,-0.179504,-0.047718,0.233421,1.000000,
0.954472,-0.179504,-0.047718,0.233421,0.793664,-0.168831,-0.139474,0.567574,0.953712,-0.183495,-0.046741,0.233618,0.954472,-0.179504,-0.047718,0.233421,1.000000,
0.954472,-0.179504,-0.047718,0.233421,0.793664,-0.168831,-0.139474,0.567574,0.955500,-0.173949,-0.049075,0.233139,0.954472,-0.179504,-0.047718,0.233421,1.000000,
0.954472,-0.179504,-0.047718,0.233421,0.793664,-0.168831,-0.139474,0.567574,0.953712,-0.183495,-0.046741,0.233618,0.954472,-0.179504,-0.047718,0.233421,1.000000,
0.954472,-0.179504,-0.047718,0.233421,0.793664,-0.168831,-0.139474,0.567574,0.955500,-0.173949,-0.049075,0.233139,0.954472,-0.179504,-0.047718,0.233421,1.000000,
0.954472,-0.179504,-0.047718,0.233421,0.793664,-0.168831,-0.139474,0.567574,0.953712,-0.183495,-0.046741,0.233618,0.954472,-0.179504,-0.047718,0.233421,1.000000,
0.954472,-0.179504,-0.047718,0.233421,0.793664,-0.168831,-0.139474,0.567574,0.955500,-0.173949,-0.049075,0.233139,0.954472,-0.179504,-0.047718,0.233421,1.000000,
0.954472,-0.179504,-0.047718,0.233421,0.793664,-0.168831,-0.139474,0.567574,0.953712,-0.183495,-0.046741,0.233618,0.954472,-0.179504,-0.047718,0.233421,1.000000,
0.954472,-0.179504,-0.047718,0.233421,0.793664,-0.168831,-0.139474,0.567574,0.955500,-0.173949,-0.049075,0.233139,0.954472,-0.179504,-0.047718,0.233421,1.000000,
0.954472,-0.179504,-0.047718,0.233421,0.793664,-0.168831,-0.139474,0.567574,0.953712,-0.183495,-0.046741,0.233618,0.954472,-0.179504,-0.047718,0.233421,1.000000,
0.954472,-0.179504,-0.047718,0.233421,0.793664,-0.168831,-0.139474,0.567574,0.955500,-0.173949,-0.049075,0.233139,0.954472,-0.179504,-0.047718,0.233421,1.000000,
0.954472,-0.179504,-0.047718,0.233421,0.793664,-0.168831,-0.139474,0.567574,0.953712,-0.183495,-0.046741,0.233618,0.954472,-0.179504,-0.047718,0.233421,1.000000,
0.954472,-0.179504,-0.047718,0.233421,0.793664,-0.168831,-0.139474,0.567574,0.955500,-0.173949,-0.049075,0.233139,0.954472,-0.179504,-0.047718,0.233421,1.000000,
0.954472,-0.179504,-0.047718,0.233421,0.793664,-0.168831,-0.139474,0.567574,0.953712,-0.183495,-0.046741,0.233618,0.954472,-0.179504,-0.047718,0.233421,1.000000,
0.954472,-0.179504,-0.047718,0.233421,0.793664,-0.168831,-0.139474,0.567574,0.955500,-0.173949,-0.049075,0.233139,0.954472,-0.179504,-0.047718,0.233421,1.000000,
0.954472,-0.179504,-0.047718,0.233421,0.793664,-0.168831,-0.139474,0.567574,0.953712,-0.183496,-0.046741,0.233618,0.954472,-0.179504,-0.047718,0.233421,1.000000,
0.954472,-0.179504,-0.047718,0.233421,0.793664,-0.168831,-0.139474,0.567574,0.955500,-0.173949,-0.049075,0.233139,0.954472,-0.179504,-0.047718,0.233421,1.000000,
0.954472,-0.179504,-0.047718,0.233421,0.793664,-0.168831,-0.139474,0.567574,0.953712,-0.183496,-0.046741,0.233618,0.954472,-0.179504,-0.047718,0.233421,1.000000,
0.954472,-0.179504,-0.047718,0.233421,0.793664,-0.168831,-0.139474,0.567574,0.955500,-0.173949,-0.049075,0.233139,0.954472,-0.179504,-0.047718,0.233421,1.000000,
0.954472,-0.179504,-0.047718,0.233421,0.793664,-0.168831,-0.139474,0.567574,0.953712,-0.183496,-0.046741,0.233618,0.954472,-0.179504,-0.047718,0.233421,1.000000,
0.954472,-0.179504,-0.047718,0.233421,0.793664,-0.168831,-0.139474,0.567574,0.955499,-0.173950,-0.049075,0.233139,0.954472,-0.179504,-0.047718,0.233421,1.000000,
0.954472,-0.179504,-0.047718,0.233421,0.793664,-0.168831,-0.139474,0.567574,0.953712,-0.183496,-0.046741,0.233618,0.954472,-0.179504,-0.047718,0.233421,1.000000,
0.954472,-0.179504,-0.047718,0.233421,0.793664,-0.168831,-0.139474,0.567574,0.955499,-0.173950,-0.049075,0.233139,0.954472,-0.179504,-0.047718,0.233421,1.000000,
0.954472,-0.179504,-0.047718,0.233421,0.793664,-0.168831,-0.139474,0.567574,0.953712,-0.183496,-0.046741,0.233618,0.954472,-0.179504,-0.047718,0.233421,1.000000,
0.954472,-0.179504,-0.047718,0.233421,0.793664,-0.168831,-0.139474,0.567574,0.955499,-0.173950,-0.049075,0.233139,0.954472,-0.179504,-0.047718,0.233421,1.000000,
0.954472,-0.179504,-0.047718,0.233421,0.793664,-0.168831,-0.139474,0.567574,0.953712,-0.183496,-0.046741,0.233618,0.954472,-0.179504,-0.047718,0.233421,1.000000,
0.954472,-0.179504,-0.047718,0.233421,0.793664,-0.168831,-0.139474,0.567574,0.955499,-0.173950,-0.049075,0.233139,0.954472,-0.179504,-0.047718,0.233421,1.000000,
0.954472,-0.179504,-0.047718,0.233421,0.793664,-0.168831,-0.139474,0.567574,0.953712,-0.183496,-0.046741,0.233618,0.954472,-0.179504,-0.047718,0.233421,1.000000,
0.954472,-0.179504,-0.047718,0.233421,0.793664,-0.168831,-0.139474,0.567574,0.955499,-0.173950,-0.049075,0.233139,0.954472,-0.179504,-0.047718,0.233421,1.000000,
0.954472,-0.179504,-0.047718,0.233421,0.793664,-0.168831,-0.139474,0.567574,0.953712,-0.183496,-0.046741,0.233618,0.954472,-0.179504,-0.047718,0.233421,1.000000,
0.954472,-0.179504,-0.047718,0.233421,0.793664,-0.168831,-0.139474,0.567574,0.955499,-0.173950,-0.049075,0.233139,0.954472,-0.179504,-0.047718,0.233421,1.000000,
0.954472,-0.179504,-0.047718,0.233421,0.793664,-0.168831,-0.139474,0.567574,0.953712,-0.183496,-0.046741,0.233618,0.954472,-0.179504,-0.047718,0.233421,1.000000,
0.954472,-0.179504,-0.047718,0.233421,0.793664,-0.168831,-0.139474,0.567574,0.955499,-0.173950,-0.049075,0.233139,0.954472,-0.179504,-0.047718,0.233421,1.000000,
0.954472,-0.179504,-0.047718,0.233421,0.793664,-0.168831,-0.139474,0.567574,0.953712,-0.183496,-0.046741,0.233618,0.954472,-0.179504,-0.047718,0.233421,1.000000,
0.954472,-0.179504,-0.047718,0.233421,0.793664,-0.168831,-0.139474,0.567574,0.955499,-0.173950,-0.049075,0.233139,0.954472,-0.179504,-0.047718,0.233421,1.000000,
0.954472,-0.179504,-0.047718,0.233421,0.793664,-0.168831,-0.139474,0.567574,0.953712,-0.183496,-0.046741,0.233618,0.954472,-0.179504,-0.047718,0.233421,1.000000,
0.954472,-0.179504,-0.047718,0.233421,0.793664,-0.168831,-0.139474,0.567574,0.955499,-0.173950,-0.049075,0.233139,0.954472,-0.179504,-0.047718,0.233421,1.000000,
0.954472,-0.179504,-0.047718,0.233421,0.793664,-0.168831,-0.139474,0.567574,0.953712,-0.183496,-0.046741,0.233618,0.954472,-0.179504,-0.047718,0.233421,1.000000,
0.954472,-0.179504,-0.047718,0.233421,0.793664,-0.168831,-0.139474,0.567574,0.955499,-0.173950,-0.049075,0.233139,0.954472,-0.179504,-0.047718,0.233421,1.000000,
0.954472,-0.179504,-0.047718,0.233421,0.793664,-0.168831,-0.139474,0.567574,0.953712,-0.183496,-0.046741,0.233618,0.954472,-0.179504,-0.047718,0.233421,1.000000,
0.954472,-0.179504,-0.047718,0.233421,0.793664,-0.168831,-0.139474,0.567574,0.955499,-0.173950,-0.049075,0.233139,0.954472,-0.179504,-0.047718,0.233421,1.000000,
0.954472,-0.179504,-0.047718,0.233421,0.793664,-0.168831,-0.139474,0.567574,0.953712,-0.183497,-0.046741,0.233618,0.954472,-0.179504,-0.047718,0.233421,1.000000,
0.954472,-0.179504,-0.047718,0.233421,0.793664,-0.168831,-0.139474,0.567574,0.955499,-0.173950,-0.049075,0.233139,0.954472,-0.179504,-0.047718,0.233421,1.000000,
0.954472,-0.179504,-0.047718,0.233421,0.793664,-0.168831,-0.139474,0.567574,0.953712,-0.183497,-0.046741,0.233618,0.954472,-0.179504,-0.047718,0.233421,1.000000,
0.954472,-0.179504,-0.047718,0.233421,0.793664,-0.168831,-0.139474,0.567574,0.955499,-0.173951,-0.049075,0.233139,0.954472,-0.179504,-0.047718,0.233421,1.000000,
0.954472,-0.179504,-0.047718,0.233421,0.793664,-0.168831,-0.139474,0.567574,0.953712,-0.183497,-0.046741,0.233618,0.954472,-0.179504,-0.047718,0.233421,1.000000,
0.954472,-0.179504,-0.047718,0.233421,0.793664,-0.168831,-0.139474,0.567574,0.955499,-0.173951,-0.049075,0.233139,0.954472,-0.179504,-0.047718,0.233421,1.000000,
0.954472,-0.179504,-0.047718,0.233421,0.793664,-0.168831,-0.139474,0.567574,0.953712,-0.183497,-0.046741,0.233618,0.954472,-0.179504,-0.047718,0.233421,1.000000,
0.954472,-0.179504,-0.047718,0.233421,0.793664,-0.168831,-0.139474,0.567574,0.955499,-0.173951,-0.049075,0.233139,0.954472,-0.179504,-0.047718,0.233421,1.000000,
0.954472,-0.179504,-0.047718,0.233421,0.793664,-0.168831,-0.139474,0.567574,0.953712,-0.183497,-0.046741,0.233618,0.954472,-0.179504,-0.047718,0.233421,1.000000,
0.954472,-0.179504,-0.047718,0.233421,0.793664,-0.168831,-0.139474,0.567574,0.955499,-0.173951,-0.049075,0.233139,0.954472,-0.179504,-0.047718,0.233421,1.000000,
0.954472,-0.179504,-0.047718,0.233421,0.793664,-0.168831,-0.139474,0.567574,0.953712,-0.183497,-0.046741,0.233618,0.954472,-0.179504,-0.047718,0.233421,1.000000,
0.954472,-0.179504,-0.047718,0.233421,0.793664,-0.168831,-0.139474,0.567574,0.955499,-0.173951,-0.049075,0.233139,0.954472,-0.179504,-0.047718,0.233421,1.000000,
0.954472,-0.179504,-0.047718,0.233421,0.793664,-0.168831,-0.139474,0.567574,0.953712,-0.183497,-0.046741,0.233618,0.954472,-0.179504,-0.047718,0.233421,1.000000,
0.954472,-0.179504,-0.047718,0.233421,0.793664,-0.168831,-0.139474,0.567574,0.955499,-0.173951,-0.049075,0.233139,0.954472,-0.179504,-0.047718,0.233421,1.000000,
0.954472,-0.179504,-0.047718,0.233421,0.793664,-0.168831,-0.139474,0.567574,0.953712,-0.183497,-0.046741,0.233618,0.954472,-0.179504,-0.047718,0.233421,1.000000,
0.954472,-0.179504,-0.047718,0.233421,0.793664,-0.168831,-0.139474,0.567574,0.955499,-0.173951,-0.049075,0.233139,0.954472,-0.179504,-0.047718,0.233421,1.000000,
0.954472,-0.179504,-0.047718,0.233421,0.793664,-0.168831,-0.139474,0.567574,0.953712,-0.183497,-0.046741,0.233618,0.954472,-0.179504,-0.047718,0.233421,1.000000,
0.954472,-0.179504,-0.047718,0.233421,0.793664,-0.168831,-0.139474,0.567574,0.955499,-0.173951,-0.049075,0.233139,0.954472,-0.179504,-0.047718,0.233421,1.000000,
0.954472,-0.179504,-0.047718,0.233421,0.793664,-0.168831,-0.139474,0.567574,0.953712,-0.183497,-0.046741,0.233618,0.954472,-0.179504,-0.047718,0.233421,1.000000,
0.954472,-0.179504,-0.047718,0.233421,0.793664,-0.168831,-0.139474,0.567574,0.955499,-0.173951,-0.049074,0.233139,0.954472,-0.179504,-0.047718,0.233421,1.000000,
0.954472,-0.179504,-0.047718,0.233421,0.793664,-0.168831,-0.139474,0.567574,0.953712,-0.183497,-0.046741,0.233618,0.954472,-0.179504,-0.047718,0.233421,1.000000,
0.954472,-0.179504,-0.047718,0.233421,0.793664,-0.168831,-0.139474,0.567574,0.955499,-0.173951,-0.049074,0.233139,0.954472,-0.179504,-0.047718,0.233421,1.000000,
0.954472,-0.179504,-0.047718,0.233421,0.793664,-0.168831,-0.139474,0.567574,0.953712,-0.183497,-0.046741,0.233618,0.954472,-0.179504,-0.047718,0.233421,1.000000,
0.954472,-0.179504,-0.047718,0.233421,0.793664,-0.168831,-0.139474,0.567574,0.955499,-0.173951,-0.049074,0.233139,0.954472,-0.179504,-0.047718,0.233421,1.000000,
0.954472,-0.179504,-0.047718,0.233421,0.793664,-0.168831,-0.139474,0.567574,0.953712,-0.183497,-0.046741,0.233618,0.954472,-0.179504,-0.047718,0.233421,1.000000,
0.954472,-0.179504,-0.047718,0.233421,0.793664,-0.168831,-0.139474,0.567574,0.955499,-0.173951,-0.049074,0.233139,0.954472,-0.179504,-0.047718,0.233421,1.000000,
0.954472,-0.179504,-0.047718,0.233421,0.793664,-0.168831,-0.139474,0.567574,0.953712,-0.183498,-0.046741,0.233618,0.954472,-0.179504,-0.047718,0.233421,1.000000,
0.954472,-0.179504,-0.047718,0.233421,0.793664,-0.168831,-0.139474,0.567574,0.955499,-0.173951,-0.049074,0.233139,0.954472,-0.179504,-0.047718,0.233421,1.000000,
0.954472,-0.179504,-0.047718,0.233421,0.793664,-0.168831,-0.139474,0.567574,0.953712,-0.183498,-0.046741,0.233618,0.954472,-0.179504,-0.047718,0.233421,1.000000,
0.954472,-0.179504,-0.047718,0.233421,0.793664,-0.168831,-0.139474,0.567574,0.955499,-0.173952,-0.049074,0.233139,0.954472,-0.179504,-0.047718,0.233421,1.000000,
0.954472,-0.179504,-0.047718,0.233421,0.793664,-0.168831,-0.139474,0.567574,0.953712,-0.183498,-0.046741,0.233618,0.954472,-0.179504,-0.047718,0.233421,1.000000,
0.954472,-0.179504,-0.047718,0.233421,0.793664,-0.168831,-0.139474,0.567574,0.955499,-0.173952,-0.049074,0.233139,0.954472,-0.179504,-0.047718,0.233421,1.000000,
0.954472,-0.179504,-0.047718,0.233421,0.793664,-0.168831,-0.139474,0.567574,0.953712,-0.183498,-0.046741,0.233618,0.954472,-0.179504,-0.047718,0.233421,1.000000,
0.954472,-0.179504,-0.047718,0.233421,0.793664,-0.168831,-0.139474,0.567574,0.955499,-0.173952,-0.049074,0.233139,0.954472,-0.179504,-0.047718,0.233421,1.000000,
0.954472,-0.179504,-0.047718,0.233421,0.793664,-0.168831,-0.139474,0.567574,0.953712,-0.183498,-0.046741,0.233618,0.954472,-0.179504,-0.047718,0.233421,1.000000,
0.954472,-0.179504,-0.047718,0.233421,0.793664,-0.168831,-0.139474,0.567574,0.955499,-0.173952,-0.049074,0.233139,0.954472,-0.179504,-0.047718,0.233421,1.000000,
0.954472,-0.179504,-0.047718,0.233421,0.793664,-0.168831,-0.139474,0.567574,0.953712,-0.183498,-0.046741,0.233618,0.954472,-0.179504,-0.047718,0.233421,1.000000,
0.954472,-0.179504,-0.047718,0.233421,0.793664,-0.168831,-0.139474,0.567574,0.955499,-0.173952,-0.049074,0.233139,0.954472,-0.179504,-0.047718,0.233421,1.000000,
0.954472,-0.179504,-0.047718,0.233421,0.793664,-0.168831,-0.139474,0.567574,0.953712,-0.183498,-0.046740,0.233618,0.954472,-0.179504,-0.047718,0.233421,1.000000,
0.954472,-0.179504,-0.047718,0.233421,0.793664,-0.168831,-0.139474,0.567574,0.955499,-0.173952,-0.049074,0.233139,0.954472,-0.179504,-0.047718,0.233421,1.000000,
0.954472,-0.179504,-0.047718,0.233421,0.793664,-0.168831,-0.139474,0.567574,0.953712,-0.183498,-0.046740,0.233618,0.954472,-0.179504,-0.047718,0.233421,1.000000,
0.954472,-0.179504,-0.047718,0.233421,0.793664,-0.168831,-0.139474,0.567574,0.955499,-0.173952,-0.049074,0.233139,0.954472,-0.179504,-0.047718,0.233421,1.000000,
0.954472,-0.179504,-0.047718,0.233421,0.793664,-0.168831,-0.139474,0.567574,0.953712,-0.183498,-0.046740,0.233618,0.954472,-0.179504,-0.047718,0.233421,1.000000,
0.954472,-0.179504,-0.047718,0.233421,0.793664,-0.168831,-0.139474,0.567574,0.955499,-0.173952,-0.049074,0.233139,0.954472,-0.179504,-0.047718,0.233421,1.000000,
0.954472,-0.179504,-0.047718,0.233421,0.793664,-0.168831,-0.139474,0.567574,0.953712,-0.183498,-0.046740,0.233618,0.954472,-0.179504,-0.047718,0.233421,1.000000,
0.954472,-0.179504,-0.047718,0.233421,0.793664,-0.168831,-0.139474,0.567574,0.955499,-0.173952,-0.049074,0.233139,0.954472,-0.179504,-0.047718,0.233421,1.000000,
0.954472,-0.179504,-0.047718,0.233421,0.793664,-0.168831,-0.139474,0.567574,0.953712,-0.183498,-0.046740,0.233618,0.954472,-0.179504,-0.047718,0.233421,1.000000,
0.954472,-0.179504,-0.047718,0.233421,0.793664,-0.168831,-0.139474,0.567574,0.955499,-0.173952,-0.049074,0.233139,0.954472,-0.179504,-0.047718,0.233421,1.000000,
0.954472,-0.179504,-0.047718,0.233421,0.793664,-0.168831,-0.139474,0.567574,0.953712,-0.183498,-0.046740,0.233618,0.954472,-0.179504,-0.047718,0.233421,1.000000,
0.954472,-0.179504,-0.047718,0.233421,0.793664,-0.168831,-0.139474,0.567574,0.955499,-0.173952,-0.049074,0.233139,0.954472,-0.179504,-0.047718,0.233421,1.000000,
0.954472,-0.179504,-0.047718,0.233421,0.793664,-0.168831,-0.139474,0.567574,0.953712,-0.183499,-0.046740,0.233618,0.954472,-0.179504,-0.047718,0.233421,1.000000,
0.954472,-0.179504,-0.047718,0.233421,0.793664,-0.168831,-0.139474,0.567574,0.955499,-0.173952,-0.049074,0.233139,0.954472,-0.179504,-0.047718,0.233421,1.000000,
0.954472,-0.179504,-0.047718,0.233421,0.793664,-0.168831,-0.139474,0.567574,0.953712,-0.183499,-0.046740,0.233618,0.954472,-0.179504,-0.047718,0.233421,1.000000,
0.954472,-0.179504,-0.047718,0.233421,0.793664,-0.168831,-0.139474,0.567574,0.955499,-0.173952,-0.049074,0.233139,0.954472,-0.179504,-0.047718,0.233421,1.000000,
0.954472,-0.179504,-0.047718,0.233421,0.793664,-0.168831,-0.139474,0.567574,0.953712,-0.183499,-0.046740,0.233618,0.954472,-0.179504,-0.047718,0.233421,1.000000,
0.954472,-0.179504,-0.047718,0.233421,0.793664,-0.168831,-0.139474,0.567574,0.955499,-0.173953,-0.049074,0.233139,0.954472,-0.179504,-0.047718,0.233421,1.000000,
0.954472,-0.179504,-0.047718,0.233421,0.793664,-0.168831,-0.139474,0.567574,0.953712,-0.183499,-0.046740,0.233618,0.954472,-0.179504,-0.047718,0.233421,1.000000,
0.954472,-0.179504,-0.047718,0.233421,0.793664,-0.168831,-0.139474,0.567574,0.955499,-0.173953,-0.049074,0.233139,0.954472,-0.179504,-0.047718,0.233421,1.000000,
0.954472,-0.179504,-0.047718,0.233421,0.793664,-0.168831,-0.139474,0.567574,0.953712,-0.183499,-0.046740,0.233618,0.954472,-0.179504,-0.047718,0.233421,1.000000,
0.954472,-0.179504,-0.047718,0.233421,0.793664,-0.168831,-0.139474,0.567574,0.955499,-0.173953,-0.049074,0.233139,0.954472,-0.179504,-0.047718,0.233421,1.000000,
0.954472,-0.179504,-0.047718,0.233421,0.793664,-0.168831,-0.139474,0.567574,0.953712,-0.183499,-0.046740,0.233619,0.954472,-0.179504,-0.047718,0.233421,1.000000,
0.954472,-0.179504,-0.047718,0.233421,0.793664,-0.168831,-0.139474,0.567574,0.955499,-0.173953,-0.049074,0.233139,0.954472,-0.179504,-0.047718,0.233421,1.000000,
0.954472,-0.179504,-0.047718,0.233421,0.793664,-0.168831,-0.139474,0.567574,0.953712,-0.183499,-0.046740,0.233619,0.954472,-0.179504,-0.047718,0.233421,1.000000,
0.954472,-0.179504,-0.047718,0.233421,0.793664,-0.168831,-0.139474,0.567574,0.955499,-0.173953,-0.049074,0.233139,0.954472,-0.179504,-0.047718,0.233421,1.000000,
0.954472,-0.179504,-0.047718,0.233421,0.793664,-0.168831,-0.139474,0.567574,0.953712,-0.183499,-0.046740,0.233619,0.954472,-0.179504,-0.047718,0.233421,1.000000,
0.954472,-0.179504,-0.047718,0.233421,0.793664,-0.168831,-0.139474,0.567574,0.955499,-0.173953,-0.049074,0.233139,0.954472,-0.179504,-0.047718,0.233421,1.000000,
0.954472,-0.179504,-0.047718,0.233421,0.793664,-0.168831,-0.139474,0.567574,0.953712,-0.183499,-0.046740,0.233619,0.954472,-0.179504,-0.047718,0.233421,1.000000,
0.954472,-0.179504,-0.047718,0.233421,0.793664,-0.168831,-0.139474,0.567574,0.955499,-0.173953,-0.049074,0.233139,0.954472,-0.179504,-0.047718,0.233421,1.000000,
0.954472,-0.179504,-0.047718,0.233421,0.793664,-0.168831,-0.139474,0.567574,0.953712,-0.183499,-0.046740,0.233619,0.954472,-0.179504,-0.047718,0.233421,1.000000,
0.954472,-0.179504,-0.047718,0.233421,0.793664,-0.168831,-0.139474,0.567574,0.955499,-0.173953,-0.049074,0.233139,0.954472,-0.179504,-0.047718,0.233421,1.000000,
0.954472,-0.179504,-0.047718,0.233421,0.793664,-0.168831,-0.139474,0.567574,0.953712,-0.183499,-0.046740,0.233619,0.954472,-0.179504,-0.047718,0.233421,1.000000,
0.954472,-0.179504,-0.047718,0.233421,0.793664,-0.168831,-0.139474,0.567574,0.955499,-0.173953,-0.049074,0.233139,0.954472,-0.179504,-0.047718,0.233421,1.000000,
0.954472,-0.179504,-0.047718,0.233421,0.793664,-0.168831,-0.139474,0.567574,0.953712,-0.183499,-0.046740,0.233619,0.954472,-0.179504,-0.047718,0.233421,1.000000,
0.954472,-0.179504,-0.047718,0.233421,0.793664,-0.168831,-0.139474,0.567574,0.955499,-0.173953,-0.049074,0.233139,0.954472,-0.179504,-0.047718,0.233421,1.000000,
0.954472,-0.179504,-0.047718,0.233421,0.793664,-0.168831,-0.139474,0.567574,0.953712,-0.183499,-0.046740,0.233619,0.954472,-0.179504,-0.047718,0.233421,1.000000,
0.954472,-0.179504,-0.047718,0.233421,0.793664,-0.168831,-0.139474,0.567574,0.955499,-0.173953,-0.049074,0.233139,0.954472,-0.179504,-0.047718,0.233421,1.000000,
0.954472,-0.179504,-0.047718,0.233421,0.793664,-0.168831,-0.139474,0.567574,0.953712,-0.183500,-0.046740,0.233619,0.954472,-0.179504,-0.047718,0.233421,1.000000,
0.954472,-0.179504,-0.047718,0.233421,0.793664,-0.168831,-0.139474,0.567574,0.955499,-0.173953,-0.049074,0.233139,0.954472,-0.179504,-0.047718,0.233421,1.000000,
0.954472,-0.179504,-0.047718,0.233421,0.793664,-0.168831,-0.139474,0.567574,0.953712,-0.183500,-0.046740,0.233619,0.954472,-0.179504,-0.047718,0.233421,1.000000,
0.954472,-0.179504,-0.047718,0.233421,0.793664,-0.168831,-0.139474,0.567574,0.955499,-0.173953,-0.049074,0.233139,0.954472,-0.179504,-0.047718,0.233421,1.000000,
0.954472,-0.179504,-0.047718,0.233421,0.793664,-0.168831,-0.139474,0.567574,0.953711,-0.183500,-0.046740,0.233619,0.954472,-0.179504,-0.047718,0.233421,1.000000,
0.954472,-0.179504,-0.047718,0.233421,0.793664,-0.168831,-0.139474,0.567574,0.955499,-0.173954,-0.049074,0.233139,0.954472,-0.179504,-0.047718,0.233421,1.000000,
0.954472,-0.179504,-0.047718,0.233421,0.793664,-0.168831,-0.139474,0.567574,0.953711,-0.183500,-0.046740,0.233619,0.954472,-0.179504,-0.047718,0.233421,1.000000,
0.954472,-0.179504,-0.047718,0.233421,0.793664,-0.168831,-0.139474,0.567574,0.955499,-0.173954,-0.049074,0.233139,0.954472,-0.179504,-0.047718,0.233421,1.000000,
0.954472,-0.179504,-0.047718,0.233421,0.793664,-0.168831,-0.139474,0.567574,0.953711,-0.183500,-0.046740,0.233619,0.954472,-0.179504,-0.047718,0.233421,1.000000,
0.954472,-0.179504,-0.047718,0.233421,0.793664,-0.168831,-0.139474,0.567574,0.955499,-0.173954,-0.049074,0.233139,0.954472,-0.179504,-0.047718,0.233421,1.000000,
0.954472,-0.179504,-0.047718,0.233421,0.793664,-0.168831,-0.139474,0.567574,0.953711,-0.183500,-0.046740,0.233619,0.954472,-0.179504,-0.047718,0.233421,1.000000,
0.954472,-0.179504,-0.047718,0.233421,0.793664,-0.168831,-0.139474,0.567574,0.955499,-0.173954,-0.049074,0.233139,0.954472,-0.179504,-0.047718,0.233421,1.000000,
0.954472,-0.179504,-0.047718,0.233421,0.793664,-0.168831,-0.139474,0.567574,0.953711,-0.183500,-0.046740,0.233619,0.954472,-0.179504,-0.047718,0.233421,1.000000,
0.954472,-0.179504,-0.047718,0.233421,0.793664,-0.168831,-0.139474,0.567574,0.955499,-0.173954,-0.049074,0.233139,0.954472,-0.179504,-0.047718,0.233421,1.000000,
0.954472,-0.179504,-0.047718,0.233421,0.793664,-0.168831,-0.139474,0.567574,0.953711,-0.183500,-0.046740,0.233619,0.954472,-0.179504,-0.047718,0.233421,1.000000,
0.954472,-0.179504,-0.047718,0.233421,0.793664,-0.168831,-0.139474,0.567574,0.955499,-0.173954,-0.049074,0.233139,0.954472,-0.179504,-0.047718,0.233421,1.000000,
0.954472,-0.179504,-0.047718,0.233421,0.793664,-0.168831,-0.139474,0.567574,0.953711,-0.183500,-0.046740,0.233619,0.954472,-0.179504,-0.047718,0.233421,1.000000,
0.954472,-0.179504,-0.047718,0.233421,0.793664,-0.168831,-0.139474,0.567574,0.955499,-0.173954,-0.049074,0.233139,0.954472,-0.179504,-0.047718,0.233421,1.000000,
0.954472,-0.179504,-0.047718,0.233421,0.793664,-0.168831,-0.139474,0.567574,0.953711,-0.183500,-0.046740,0.233619,0.954472,-0.179504,-0.047718,0.233421,1.000000,
0.954472,-0.179504,-0.047718,0.233421,0.793664,-0.168831,-0.139474,0.567574,0.955499,-0.173954,-0.049074,0.233139,0.954472,-0.179504,-0.047718,0.233421,1.000000,
0.954472,-0.179504,-0.047718,0.233421,0.793664,-0.168831,-0.139474,0.567574,0.953711,-0.183500,-0.046740,0.233619,0.954472,-0.179504,-0.047718,0.233421,1.000000,
0.954472,-0.179504,-0.047718,0.233421,0.793664,-0.168831,-0.139474,0.567574,0.955499,-0.173954,-0.049074,0.233139,0.954472,-0.179504,-0.047718,0.233421,1.000000,
0.954472,-0.179504,-0.047718,0.233421,0.793664,-0.168831,-0.139474,0.567574,0.953711,-0.183500,-0.046740,0.233619,0.954472,-0.179504,-0.047718,0.233421,1.000000,
0.954472,-0.179504,-0.047718,0.233421,0.793664,-0.168831,-0.139474,0.567574,0.955499,-0.173954,-0.049074,0.233140,0.954472,-0.179504,-0.047718,0.233421,1.000000,
0.954472,-0.179504,-0.047718,0.233421,0.793664,-0.168831,-0.139474,0.567574,0.953711,-0.183500,-0.046740,0.233619,0.954472,-0.179504,-0.047718,0.233421,1.000000,
0.954472,-0.179504,-0.047718,0.233421,0.793664,-0.168831,-0.139474,0.567574,0.955499,-0.173954,-0.049074,0.233140,0.954472,-0.179504,-0.047718,0.233421,1.000000,
0.954472,-0.179504,-0.047718,0.233421,0.793664,-0.168831,-0.139474,0.567574,0.953711,-0.183501,-0.046740,0.233619,0.954472,-0.179504,-0.047718,0.233421,1.000000,
0.954472,-0.179504,-0.047718,0.233421,0.793664,-0.168831,-0.139474,0.567574,0.955499,-0.173954,-0.049074,0.233140,0.954472,-0.179504,-0.047718,0.233421,1.000000,
0.954472,-0.179504,-0.047718,0.233421,0.793664,-0.168831,-0.139474,0.567574,0.953711,-0.183501,-0.046740,0.233619,0.954472,-0.179504,-0.047718,0.233421,1.000000,
0.954472,-0.179504,-0.047718,0.233421,0.793664,-0.168831,-0.139474,0.567574,0.955499,-0.173954,-0.049074,0.233140,0.954472,-0.179504,-0.047718,0.233421,1.000000,
0.954472,-0.179504,-0.047718,0.233421,0.793664,-0.168831,-0.139474,0.567574,0.953711,-0.183501,-0.046740,0.233619,0.954472,-0.179504,-0.047718,0.233421,1.000000,
0.954472,-0.179504,-0.047718,0.233421,0.793664,-0.168831,-0.139474,0.567574,0.955499,-0.173955,-0.049074,0.233140,0.954472,-0.179504,-0.047718,0.233421,1.000000,
0.954472,-0.179504,-0.047718,0.233421,0.793664,-0.168831,-0.139474,0.567574,0.953711,-0.183501,-0.046740,0.233619,0.954472,-0.179504,-0.047718,0.233421,1.000000,
0.954472,-0.179504,-0.047718,0.233421,0.793664,-0.168831,-0.139474,0.567574,0.955499,-0.173955,-0.049074,0.233140,0.954472,-0.179504,-0.047718,0.233421,1.000000,
0.954472,-0.179504,-0.047718,0.233421,0.793664,-0.168831,-0.139474,0.567574,0.953711,-0.183501,-0.046740,0.233619,0.954472,-0.179504,-0.047718,0.233421,1.000000,
0.954472,-0.179504,-0.047718,0.233421,0.793664,-0.168831,-0.139474,0.567574,0.955499,-0.173955,-0.049074,0.233140,0.954472,-0.179504,-0.047718,0.233421,1.000000,
0.954472,-0.179504,-0.047718,0.233421,0.793664,-0.168831,-0.139474,0.567574,0.953711,-0.183501,-0.046740,0.233619,0.954472,-0.179504,-0.047718,0.233421,1.000000,
0.954472,-0.179504,-0.047718,0.233421,0.793664,-0.168831,-0.139474,0.567574,0.955499,-0.173955,-0.049074,0.233140,0.954472,-0.179504,-0.047718,0.233421,1.000000,
0.954472,-0.179504,-0.047718,0.233421,0.793664,-0.168831,-0.139474,0.567574,0.953711,-0.183501,-0.046740,0.233619,0.954472,-0.179504,-0.047718,0.233421,1.000000,
0.954472,-0.179504,-0.047718,0.233421,0.793664,-0.168831,-0.139474,0.567574,0.955499,-0.173955,-0.049074,0.233140,0.954472,-0.179504,-0.047718,0.233421,1.000000,
0.954472,-0.179504,-0.047718,0.233421,0.793664,-0.168831,-0.139474,0.567574,0.953711,-0.183501,-0.046740,0.233619,0.954472,-0.179504,-0.047718,0.233421,1.000000,
0.954472,-0.179504,-0.047718,0.233421,0.793664,-0.168831,-0.139474,0.567574,0.955499,-0.173955,-0.049074,0.233140,0.954472,-0.179504,-0.047718,0.233421,1.000000,
0.954472,-0.179504,-0.047718,0.233421,0.793664,-0.168831,-0.139474,0.567574,0.953711,-0.183501,-0.046740,0.233619,0.954472,-0.179504,-0.047718,0.233421,1.000000,
0.954472,-0.179504,-0.047718,0.233421,0.793664,-0.168831,-0.139474,0.567574,0.955499,-0.173955,-0.049074,0.233140,0.954472,-0.179504,-0.047718,0.233421,1.000000,
0.954472,-0.179504,-0.047718,0.233421,0.793664,-0.168831,-0.139474,0.567574,0.953711,-0.183501,-0.046740,0.233619,0.954472,-0.179504,-0.047718,0.233421,1.000000,
0.954472,-0.179504,-0.047718,0.233421,0.793664,-0.168831,-0.139474,0.567574,0.955498,-0.173955,-0.049074,0.233140,0.954472,-0.179504,-0.047718,0.233421,1.000000,
0.954472,-0.179504,-0.047718,0.233421,0.793664,-0.168831,-0.139474,0.567574,0.953711,-0.183501,-0.046740,0.233619,0.954472,-0.179504,-0.047718,0.233421,1.000000,
0.954472,-0.179504,-0.047718,0.233421,0.793664,-0.168831,-0.139474,0.567574,0.955498,-0.173955,-0.049073,0.233140,0.954472,-0.179504,-0.047718,0.233421,1.000000,
0.954472,-0.179504,-0.047718,0.233421,0.793664,-0.168831,-0.139474,0.567574,0.953711,-0.183501,-0.046740,0.233619,0.954472,-0.179504,-0.047718,0.233421,1.000000,
0.954472,-0.179504,-0.047718,0.233421,0.793664,-0.168831,-0.139474,0.567574,0.955498,-0.173955,-0.049073,0.233140,0.954472,-0.179504,-0.047718,0.233421,1.000000,
0.954472,-0.179504,-0.047718,0.233421,0.793664,-0.168831,-0.139474,0.567574,0.953711,-0.183501,-0.046740,0.233619,0.954472,-0.179504,-0.047718,0.233421,1.000000,
0.954472,-0.179504,-0.047718,0.233421,0.793664,-0.168831,-0.139474,0.567574,0.955498,-0.173955,-0.049073,0.233140,0.954472,-0.179504,-0.047718,0.233421,1.000000,
0.954472,-0.179504,-0.047718,0.233421,0.793664,-0.168831,-0.139474,0.567574,0.953711,-0.183502,-0.046740,0.233619,0.954472,-0.179504,-0.047718,0.233421,1.000000,
0.954472,-0.179504,-0.047718,0.233421,0.793664,-0.168831,-0.139474,0.567574,0.955498,-0.173955,-0.049073,0.233140,0.954472,-0.179504,-0.047718,0.233421,1.000000,
0.954472,-0.179504,-0.047718,0.233421,0.793664,-0.168831,-0.139474,0.567574,0.953711,-0.183502,-0.046740,0.233619,0.954472,-0.179504,-0.047718,0.233421,1.000000,
0.954472,-0.179504,-0.047718,0.233421,0.793664,-0.168831,-0.139474,0.567574,0.955498,-0.173955,-0.049073,0.233140,0.954472,-0.179504,-0.047718,0.233421,1.000000,
0.954472,-0.179504,-0.047718,0.233421,0.793664,-0.168831,-0.139474,0.567574,0.953711,-0.183502,-0.046740,0.233619,0.954472,-0.179504,-0.047718,0.233421,1.000000,
0.954472,-0.179504,-0.047718,0.233421,0.793664,-0.168831,-0.139474,0.567574,0.955498,-0.173956,-0.049073,0.233140,0.954472,-0.179504,-0.047718,0.233421,1.000000,
0.954472,-0.179504,-0.047718,0.233421,0.793664,-0.168831,-0.139474,0.567574,0.953711,-0.183502,-0.046740,0.233619,0.954472,-0.179504,-0.047718,0.233421,1.000000,
0.954472,-0.179504,-0.047718,0.233421,0.793664,-0.168831,-0.139474,0.567574,0.955498,-0.173956,-0.049073,0.233140,0.954472,-0.179504,-0.047718,0.233421,1.000000,
0.954472,-0.179504,-0.047718,0.233421,0.793664,-0.168831,-0.139474,0.567574,0.953711,-0.183502,-0.046740,0.233619,0.954472,-0.179504,-0.047718,0.233421,1.000000,
0.954472,-0.179504,-0.047718,0.233421,0.793664,-0.168831,-0.139474,0.567574,0.955498,-0.173956,-0.049073,0.233140,0.954472,-0.179504,-0.047718,0.233421,1.000000,
0.954472,-0.179504,-0.047718,0.233421,0.793664,-0.168831,-0.139474,0.567574,0.953711,-0.183502,-0.046740,0.233619,0.954472,-0.179504,-0.047718,0.233421,1.000000,
0.954472,-0.179504,-0.047718,0.233421,0.793664,-0.168831,-0.139474,0.567574,0.955498,-0.173956,-0.049073,0.233140,0.954472,-0.179504,-0.047718,0.233421,1.000000,
0.954472,-0.179504,-0.047718,0.233421,0.793664,-0.168831,-0.139474,0.567574,0.953711,-0.183502,-0.046740,0.233619,0.954472,-0.179504,-0.047718,0.233421,1.000000,
0.954472,-0.179504,-0.047718,0.233421,0.793664,-0.168831,-0.139474,0.567574,0.955498,-0.173956,-0.049073,0.233140,0.954472,-0.179504,-0.047718,0.233421,1.000000,
0.954472,-0.179504,-0.047718,0.233421,0.793664,-0.168831,-0.139474,0.567574,0.953711,-0.183502,-0.046739,0.233619,0.954472,-0.179504,-0.047718,0.233421,1.000000,
0.954472,-0.179504,-0.047718,0.233421,0.793664,-0.168831,-0.139474,0.567574,0.955498,-0.173956,-0.049073,0.233140,0.954472,-0.179504,-0.047718,0.233421,1.000000,
0.954472,-0.179504,-0.047718,0.233421,0.793664,-0.168831,-0.139474,0.567574,0.953711,-0.183502,-0.046739,0.233619,0.954472,-0.179504,-0.047718,0.233421,1.000000,
0.954472,-0.179504,-0.047718,0.233421,0.793664,-0.168831,-0.139474,0.567574,0.955498,-0.173956,-0.049073,0.233140,0.954472,-0.179504,-0.047718,0.233421,1.000000,
0.954472,-0.179504,-0.047718,0.233421,0.793664,-0.168831,-0.139474,0.567574,0.953711,-0.183502,-0.046739,0.233619,0.954472,-0.179504,-0.047718,0.233421,1.000000,
0.954472,-0.179504,-0.047718,0.233421,0.793664,-0.168831,-0.139474,0.567574,0.955498,-0.173956,-0.049073,0.233140,0.954472,-0.179504,-0.047718,0.233421,1.000000,
0.954472,-0.179504,-0.047718,0.233421,0.793664,-0.168831,-0.139474,0.567574,0.953711,-0.183502,-0.046739,0.233619,0.954472,-0.179504,-0.047718,0.233421,1.000000,
0.954472,-0.179504,-0.047718,0.233421,0.793664,-0.168831,-0.139474,0.567574,0.955498,-0.173956,-0.049073,0.233140,0.954472,-0.179504,-0.047718,0.233421,1.000000,
0.954472,-0.179504,-0.047718,0.233421,0.793664,-0.168831,-0.139474,0.567574,0.953711,-0.183502,-0.046739,0.233619,0.954472,-0.179504,-0.047718,0.233421,1.000000,
0.954472,-0.179504,-0.047718,0.233421,0.793664,-0.168831,-0.139474,0.567574,0.955498,-0.173956,-0.049073,0.233140,0.954472,-0.179504,-0.047718,0.233421,1.000000,
0.954472,-0.179504,-0.047718,0.233421,0.793664,-0.168831,-0.139474,0.567574,0.953711,-0.183502,-0.046739,0.233619,0.954472,-0.179504,-0.047718,0.233421,1.000000,
0.954472,-0.179504,-0.047718,0.233421,0.793664,-0.168831,-0.139474,0.567574,0.955498,-0.173956,-0.049073,0.233140,0.954472,-0.179504,-0.047718,0.233421,1.000000,
0.954472,-0.179504,-0.047718,0.233421,0.793664,-0.168831,-0.139474,0.567574,0.953711,-0.183503,-0.046739,0.233619,0.954472,-0.179504,-0.047718,0.233421,1.000000,
0.954472,-0.179504,-0.047718,0.233421,0.793664,-0.168831,-0.139474,0.567574,0.955498,-0.173956,-0.049073,0.233140,0.954472,-0.179504,-0.047718,0.233421,1.000000,
0.954472,-0.179504,-0.047718,0.233421,0.793664,-0.168831,-0.139474,0.567574,0.953711,-0.183503,-0.046739,0.233619,0.954472,-0.179504,-0.047718,0.233421,1.000000,
0.954472,-0.179504,-0.047718,0.233421,0.793664,-0.168831,-0.139474,0.567574,0.955498,-0.173956,-0.049073,0.233140,0.954472,-0.179504,-0.047718,0.233421,1.000000,
0.954472,-0.179504,-0.047718,0.233421,0.793664,-0.168831,-0.139474,0.567574,0.953711,-0.183503,-0.046739,0.233619,0.954472,-0.179504,-0.047718,0.233421,1.000000,
0.954472,-0.179504,-0.047718,0.233421,0.793664,-0.168831,-0.139474,0.567574,0.955498,-0.173957,-0.049073,0.233140,0.954472,-0.179504,-0.047718,0.233421,1.000000,
0.954472,-0.179504,-0.047718,0.233421,0.793664,-0.168831,-0.139474,0.567574,0.953711,-0.183503,-0.046739,0.233619,0.954472,-0.179504,-0.047718,0.233421,1.000000,
0.954472,-0.179504,-0.047718,0.233421,0.793664,-0.168831,-0.139474,0.567574,0.955498,-0.173957,-0.049073,0.233140,0.954472,-0.179504,-0.047718,0.233421,1.000000,
0.954472,-0.179504,-0.047718,0.233421,0.793664,-0.168831,-0.139474,0.567574,0.953711,-0.183503,-0.046739,0.233619,0.954472,-0.179504,-0.047718,0.233421,1.000000,
0.954472,-0.179504,-0.047718,0.233421,0.793664,-0.168831,-0.139474,0.567574,0.955498,-0.173957,-0.049073,0.233140,0.954472,-0.179504,-0.047718,0.233421,1.000000,
0.954472,-0.179504,-0.047718,0.233421,0.793664,-0.168831,-0.139474,0.567574,0.953711,-0.183503,-0.046739,0.233619,0.954472,-0.179504,-0.047718,0.233421,1.000000,
0.954472,-0.179504,-0.047718,0.233421,0.793664,-0.168831,-0.139474,0.567574,0.955498,-0.173957,-0.049073,0.233140,0.954472,-0.179504,-0.047718,0.233421,1.000000,
0.954472,-0.179504,-0.047718,0.233421,0.793664,-0.168831,-0.139474,0.567574,0.953711,-0.183503,-0.046739,0.233619,0.954472,-0.179504,-0.047718,0.233421,1.000000,
0.954472,-0.179504,-0.047718,0.233421,0.793664,-0.168831,-0.139474,0.567574,0.955498,-0.173957,-0.049073,0.233140,0.954472,-0.179504,-0.047718,0.233421,1.000000,
0.954472,-0.179504,-0.047718,0.233421,0.793664,-0.168831,-0.139474,0.567574,0.953711,-0.183503,-0.046739,0.233619,0.954472,-0.179504,-0.047718,0.233421,1.000000,
0.954472,-0.179504,-0.047718,0.233421,0.793664,-0.168831,-0.139474,0.567574,0.955498,-0.173957,-0.049073,0.233140,0.954472,-0.179504,-0.047718,0.233421,1.000000,
0.954472,-0.179504,-0.047718,0.233421,0.793664,-0.168831,-0.139474,0.567574,0.953711,-0.183503,-0.046739,0.233619,0.954472,-0.179504,-0.047718,0.233421,1.000000,
0.954472,-0.179504,-0.047718,0.233421,0.793664,-0.168831,-0.139474,0.567574,0.955498,-0.173957,-0.049073,0.233140,0.954472,-0.179504,-0.047718,0.233421,1.000000,
0.954472,-0.179504,-0.047718,0.233421,0.793664,-0.168831,-0.139474,0.567574,0.953711,-0.183503,-0.046739,0.233619,0.954472,-0.179504,-0.047718,0.233421,1.000000,
0.954472,-0.179504,-0.047718,0.233421,0.793664,-0.168831,-0.139474,0.567574,0.955498,-0.173957,-0.049073,0.233140,0.954472,-0.179504,-0.047718,0.233421,1.000000,
0.954472,-0.179504,-0.047718,0.233421,0.793664,-0.168831,-0.139474,0.567574,0.953711,-0.183503,-0.046739,0.233619,0.954472,-0.179504,-0.047718,0.233421,1.000000,
0.954472,-0.179504,-0.047718,0.233421,0.793664,-0.168831,-0.139474,0.567574,0.955498,-0.173957,-0.049073,0.233140,0.954472,-0.179504,-0.047718,0.233421,1.000000,
0.954472,-0.179504,-0.047718,0.233421,0.793664,-0.168831,-0.139474,0.567574,0.953711,-0.183503,-0.046739,0.233619,0.954472,-0.179504,-0.047718,0.233421,1.000000,
0.954472,-0.179504,-0.047718,0.233421,0.793664,-0.168831,-0.139474,0.567574,0.955498,-0.173957,-0.049073,0.233140,0.954472,-0.179504,-0.047718,0.233421,1.000000,
0.954472,-0.179504,-0.047718,0.233421,0.793664,-0.168831,-0.139474,0.567574,0.953711,-0.183503,-0.046739,0.233619,0.954472,-0.179504,-0.047718,0.233421,1.000000,
0.954472,-0.179504,-0.047718,0.233421,0.793664,-0.168831,-0.139474,0.567574,0.955498,-0.173957,-0.049073,0.233140,0.954472,-0.179504,-0.047718,0.233421,1.000000,
0.954472,-0.179504,-0.047718,0.233421,0.793664,-0.168831,-0.139474,0.567574,0.953711,-0.183504,-0.046739,0.233619,0.954472,-0.179504,-0.047718,0.233421,1.000000,
0.954472,-0.179504,-0.047718,0.233421,0.793664,-0.168831,-0.139474,0.567574,0.955498,-0.173957,-0.049073,0.233140,0.954472,-0.179504,-0.047718,0.233421,1.000000,
0.954472,-0.179504,-0.047718,0.233421,0.793664,-0.168831,-0.139474,0.567574,0.953711,-0.183504,-0.046739,0.233619,0.954472,-0.179504,-0.047718,0.233421,1.000000,
0.954472,-0.179504,-0.047718,0.233421,0.793664,-0.168831,-0.139474,0.567574,0.955498,-0.173957,-0.049073,0.233140,0.954472,-0.179504,-0.047718,0.233421,1.000000,
0.954472,-0.179504,-0.047718,0.233421,0.793664,-0.168831,-0.139474,0.567574,0.953711,-0.183504,-0.046739,0.233619,0.954472,-0.179504,-0.047718,0.233421,1.000000,
0.954472,-0.179504,-0.047718,0.233421,0.793664,-0.168831,-0.139474,0.567574,0.955498,-0.173958,-0.049073,0.233140,0.954472,-0.179504,-0.047718,0.233421,1.000000,
0.954472,-0.179504,-0.047718,0.233421,0.793664,-0.168831,-0.139474,0.567574,0.953711,-0.183504,-0.046739,0.233619,0.954472,-0.179504,-0.047718,0.233421,1.000000,
0.954472,-0.179504,-0.047718,0.233421,0.793664,-0.168831,-0.139474,0.567574,0.955498,-0.173958,-0.049073,0.233140,0.954472,-0.179504,-0.047718,0.233421,1.000000,
0.954472,-0.179504,-0.047718,0.233421,0.793664,-0.168831,-0.139474,0.567574,0.953711,-0.183504,-0.046739,0.233619,0.954472,-0.179504,-0.047718,0.233421,1.000000,
0.954472,-0.179504,-0.047718,0.233421,0.793664,-0.168831,-0.139474,0.567574,0.955498,-0.173958,-0.049073,0.233140,0.954472,-0.179504,-0.047718,0.233421,1.000000,
0.954472,-0.179504,-0.047718,0.233421,0.793664,-0.168831,-0.139474,0.567574,0.953711,-0.183504,-0.046739,0.233619,0.954472,-0.179504,-0.047718,0.233421,1.000000,
0.954472,-0.179504,-0.047718,0.233421,0.793664,-0.168831,-0.139474,0.567574,0.955498,-0.173958,-0.049073,0.233140,0.954472,-0.179504,-0.047718,0.233421,1.000000,
0.954472,-0.179504,-0.047718,0.233421,0.793664,-0.168831,-0.139474,0.567574,0.953711,-0.183504,-0.046739,0.233619,0.954472,-0.179504,-0.047718,0.233421,1.000000,
0.954472,-0.179504,-0.047718,0.233421,0.793664,-0.168831,-0.139474,0.567574,0.955498,-0.173958,-0.049073,0.233140,0.954472,-0.179504,-0.047718,0.233421,1.000000,
0.954472,-0.179504,-0.047718,0.233421,0.793664,-0.168831,-0.139474,0.567574,0.953711,-0.183504,-0.046739,0.233619,0.954472,-0.179504,-0.047718,0.233421,1.000000,
0.954472,-0.179504,-0.047718,0.233421,0.793664,-0.168831,-0.139474,0.567574,0.955498,-0.173958,-0.049073,0.233140,0.954472,-0.179504,-0.047718,0.233421,1.000000,
0.954472,-0.179504,-0.047718,0.233421,0.793664,-0.168831,-0.139474,0.567574,0.953711,-0.183504,-0.046739,0.233619,0.954472,-0.179504,-0.047718,0.233421,1.000000,
0.954472,-0.179504,-0.047718,0.233421,0.793664,-0.168831,-0.139474,0.567574,0.955498,-0.173958,-0.049073,0.233140,0.954472,-0.179504,-0.047718,0.233421,1.000000,
0.954472,-0.179504,-0.047718,0.233421,0.793664,-0.168831,-0.139474,0.567574,0.953711,-0.183504,-0.046739,0.233619,0.954472,-0.179504,-0.047718,0.233421,1.000000,
0.954472,-0.179504,-0.047718,0.233421,0.793664,-0.168831,-0.139474,0.567574,0.955498,-0.173958,-0.049073,0.233140,0.954472,-0.179504,-0.047718,0.233421,1.000000,
0.954472,-0.179504,-0.047718,0.233421,0.793664,-0.168831,-0.139474,0.567574,0.953711,-0.183504,-0.046739,0.233619,0.954472,-0.179504,-0.047718,0.233421,1.000000,
0.954472,-0.179504,-0.047718,0.233421,0.793664,-0.168831,-0.139474,0.567574,0.955498,-0.173958,-0.049073,0.233140,0.954472,-0.179504,-0.047718,0.233421,1.000000,
0.954472,-0.179504,-0.047718,0.233421,0.793664,-0.168831,-0.139474,0.567574,0.953711,-0.183504,-0.046739,0.233619,0.954472,-0.179504,-0.047718,0.233421,1.000000,
0.954472,-0.179504,-0.047718,0.233421,0.793664,-0.168831,-0.139474,0.567574,0.955498,-0.173958,-0.049073,0.233140,0.954472,-0.179504,-0.047718,0.233421,1.000000,
0.954472,-0.179504,-0.047718,0.233421,0.793664,-0.168831,-0.139474,0.567574,0.953711,-0.183504,-0.046739,0.233619,0.954472,-0.179504,-0.047718,0.233421,1.000000,
0.954472,-0.179504,-0.047718,0.233421,0.793664,-0.168831,-0.139474,0.567574,0.955498,-0.173958,-0.049073,0.233140,0.954472,-0.179504,-0.047718,0.233421,1.000000,
0.954472,-0.179504,-0.047718,0.233421,0.793664,-0.168831,-0.139474,0.567574,0.953711,-0.183505,-0.046739,0.233619,0.954472,-0.179504,-0.047718,0.233421,1.000000,
0.954472,-0.179504,-0.047718,0.233421,0.793664,-0.168831,-0.139474,0.567574,0.955498,-0.173958,-0.049073,0.233140,0.954472,-0.179504,-0.047718,0.233421,1.000000,
0.954472,-0.179504,-0.047718,0.233421,0.793664,-0.168831,-0.139474,0.567574,0.953711,-0.183505,-0.046739,0.233619,0.954472,-0.179504,-0.047718,0.233421,1.000000,
0.954472,-0.179504,-0.047718,0.233421,0.793664,-0.168831,-0.139474,0.567574,0.955498,-0.173958,-0.049073,0.233140,0.954472,-0.179504,-0.047718,0.233421,1.000000,
0.954472,-0.179504,-0.047718,0.233421,0.793664,-0.168831,-0.139474,0.567574,0.953711,-0.183505,-0.046739,0.233619,0.954472,-0.179504,-0.047718,0.233421,1.000000,
0.954472,-0.179504,-0.047718,0.233421,0.793664,-0.168831,-0.139474,0.567574,0.955498,-0.173959,-0.049073,0.233140,0.954472,-0.179504,-0.047718,0.233421,1.000000,
0.954472,-0.179504,-0.047718,0.233421,0.793664,-0.168831,-0.139474,0.567574,0.953711,-0.183505,-0.046739,0.233619,0.954472,-0.179504,-0.047718,0.233421,1.000000,
0.954472,-0.179504,-0.047718,0.233421,0.793664,-0.168831,-0.139474,0.567574,0.955498,-0.173959,-0.049073,0.233140,0.954472,-0.179504,-0.047718,0.233421,1.000000,
0.954472,-0.179504,-0.047718,0.233421,0.793664,-0.168831,-0.139474,0.567574,0.953710,-0.183505,-0.046739,0.233619,0.954472,-0.179504,-0.047718,0.233421,1.000000,
0.954472,-0.179504,-0.047718,0.233421,0.793664,-0.168831,-0.139474,0.567574,0.955498,-0.173959,-0.049073,0.233140,0.954472,-0.179504,-0.047718,0.233421,1.000000,
0.954472,-0.179504,-0.047718,0.233421,0.793664,-0.168831,-0.139474,0.567574,0.953710,-0.183505,-0.046739,0.233619,0.954472,-0.179504,-0.047718,0.233421,1.000000,
0.954472,-0.179504,-0.047718,0.233421,0.793664,-0.168831,-0.139474,0.567574,0.955498,-0.173959,-0.049073,0.233140,0.954472,-0.179504,-0.047718,0.233421,1.000000,
0.954472,-0.179504,-0.047718,0.233421,0.793664,-0.168831,-0.139474,0.567574,0.953710,-0.183505,-0.046739,0.233619,0.954472,-0.179504,-0.047718,0.233421,1.000000,
0.954472,-0.179504,-0.047718,0.233421,0.793664,-0.168831,-0.139474,0.567574,0.955498,-0.173959,-0.049073,0.233140,0.954472,-0.179504,-0.047718,0.233421,1.000000,
0.954472,-0.179504,-0.047718,0.233421,0.793664,-0.168831,-0.139474,0.567574,0.953710,-0.183505,-0.046739,0.233619,0.954472,-0.179504,-0.047718,0.233421,1.000000,
0.954472,-0.179504,-0.047718,0.233421,0.793664,-0.168831,-0.139474,0.567574,0.955498,-0.173959,-0.049073,0.233140,0.954472,-0.179504,-0.047718,0.233421,1.000000,
0.954472,-0.179504,-0.047718,0.233421,0.793664,-0.168831,-0.139474,0.567574,0.953710,-0.183505,-0.046739,0.233619,0.954472,-0.179504,-0.047718,0.233421,1.000000,
0.954472,-0.179504,-0.047718,0.233421,0.793664,-0.168831,-0.139474,0.567574,0.955498,-0.173959,-0.049073,0.233140,0.954472,-0.179504,-0.047718,0.233421,1.000000,
0.954472,-0.179504,-0.047718,0.233421,0.793664,-0.168831,-0.139474,0.567574,0.953710,-0.183505,-0.046739,0.233619,0.954472,-0.179504,-0.047718,0.233421,1.000000,
0.954472,-0.179504,-0.047718,0.233421,0.793664,-0.168831,-0.139474,0.567574,0.955498,-0.173959,-0.049073,0.233140,0.954472,-0.179504,-0.047718,0.233421,1.000000,
0.954472,-0.179504,-0.047718,0.233421,0.793664,-0.168831,-0.139474,0.567574,0.953710,-0.183505,-0.046739,0.233619,0.954472,-0.179504,-0.047718,0.233421,1.000000,
0.954472,-0.179504,-0.047718,0.233421,0.793664,-0.168831,-0.139474,0.567574,0.955498,-0.173959,-0.049073,0.233140,0.954472,-0.179504,-0.047718,0.233421,1.000000,
0.954472,-0.179504,-0.047718,0.233421,0.793664,-0.168831,-0.139474,0.567574,0.953710,-0.183505,-0.046739,0.233619,0.954472,-0.179504,-0.047718,0.233421,1.000000,
0.954472,-0.179504,-0.047718,0.233421,0.793664,-0.168831,-0.139474,0.567574,0.955498,-0.173959,-0.049072,0.233140,0.954472,-0.179504,-0.047718,0.233421,1.000000,
0.954472,-0.179504,-0.047718,0.233421,0.793664,-0.168831,-0.139474,0.567574,0.953710,-0.183505,-0.046739,0.233619,0.954472,-0.179504,-0.047718,0.233421,1.000000,
0.954472,-0.179504,-0.047718,0.233421,0.793664,-0.168831,-0.139474,0.567574,0.955498,-0.173959,-0.049072,0.233140,0.954472,-0.179504,-0.047718,0.233421,1.000000,
0.954472,-0.179504,-0.047718,0.233421,0.793664,-0.168831,-0.139474,0.567574,0.953710,-0.183506,-0.046739,0.233619,0.954472,-0.179504,-0.047718,0.233421,1.000000,
0.954472,-0.179504,-0.047718,0.233421,0.793664,-0.168831,-0.139474,0.567574,0.955498,-0.173959,-0.049072,0.233140,0.954472,-0.179504,-0.047718,0.233421,1.000000,
0.954472,-0.179504,-0.047718,0.233421,0.793664,-0.168831,-0.139474,0.567574,0.953710,-0.183506,-0.046739,0.233619,0.954472,-0.179504,-0.047718,0.233421,1.000000,
0.954472,-0.179504,-0.047718,0.233421,0.793664,-0.168831,-0.139474,0.567574,0.955498,-0.173959,-0.049072,0.233140,0.954472,-0.179504,-0.047718,0.233421,1.000000,
0.954472,-0.179504,-0.047718,0.233421,0.793664,-0.168831,-0.139474,0.567574,0.953710,-0.183506,-0.046739,0.233619,0.954472,-0.179504,-0.047718,0.233421,1.000000,
0.954472,-0.179504,-0.047718,0.233421,0.793664,-0.168831,-0.139474,0.567574,0.955498,-0.173960,-0.049072,0.233140,0.954472,-0.179504,-0.047718,0.233421,1.000000,
0.954472,-0.179504,-0.047718,0.233421,0.793664,-0.168831,-0.139474,0.567574,0.953710,-0.183506,-0.046739,0.233619,0.954472,-0.179504,-0.047718,0.233421,1.000000,
0.954472,-0.179504,-0.047718,0.233421,0.793664,-0.168831,-0.139474,0.567574,0.955498,-0.173960,-0.049072,0.233140,0.954472,-0.179504,-0.047718,0.233421,1.000000,
0.954472,-0.179504,-0.047718,0.233421,0.793664,-0.168831,-0.139474,0.567574,0.953710,-0.183506,-0.046739,0.233619,0.954472,-0.179504,-0.047718,0.233421,1.000000,
0.954472,-0.179504,-0.047718,0.233421,0.793664,-0.168831,-0.139474,0.567574,0.955498,-0.173960,-0.049072,0.233140,0.954472,-0.179504,-0.047718,0.233421,1.000000,
0.954472,-0.179504,-0.047718,0.233421,0.793664,-0.168831,-0.139474,0.567574,0.953710,-0.183506,-0.046739,0.233619,0.954472,-0.179504,-0.047718,0.233421,1.000000,
0.954472,-0.179504,-0.047718,0.233421,0.793664,-0.168831,-0.139474,0.567574,0.955498,-0.173960,-0.049072,0.233140,0.954472,-0.179504,-0.047718,0.233421,1.000000,
0.954472,-0.179504,-0.047718,0.233421,0.793664,-0.168831,-0.139474,0.567574,0.953710,-0.183506,-0.046739,0.233619,0.954472,-0.179504,-0.047718,0.233421,1.000000,
0.954472,-0.179504,-0.047718,0.233421,0.793664,-0.168831,-0.139474,0.567574,0.955498,-0.173960,-0.049072,0.233140,0.954472,-0.179504,-0.047718,0.233421,1.000000,
0.954472,-0.179504,-0.047718,0.233421,0.793664,-0.168831,-0.139474,0.567574,0.953710,-0.183506,-0.046739,0.233619,0.954472,-0.179504,-0.047718,0.233421,1.000000,
0.954472,-0.179504,-0.047718,0.233421,0.793664,-0.168831,-0.139474,0.567574,0.955498,-0.173960,-0.049072,0.233140,0.954472,-0.179504,-0.047718,0.233421,1.000000,
0.954472,-0.179504,-0.047718,0.233421,0.793664,-0.168831,-0.139474,0.567574,0.953710,-0.183506,-0.046738,0.233619,0.954472,-0.179504,-0.047718,0.233421,1.000000,
0.954472,-0.179504,-0.047718,0.233421,0.793664,-0.168831,-0.139474,0.567574,0.955498,-0.173960,-0.049072,0.233140,0.954472,-0.179504,-0.047718,0.233421,1.000000,
0.954472,-0.179504,-0.047718,0.233421,0.793664,-0.168831,-0.139474,0.567574,0.953710,-0.183506,-0.046738,0.233619,0.954472,-0.179504,-0.047718,0.233421,1.000000,
0.954472,-0.179504,-0.047718,0.233421,0.793664,-0.168831,-0.139474,0.567574,0.955498,-0.173960,-0.049072,0.233140,0.954472,-0.179504,-0.047718,0.233421,1.000000,
0.954472,-0.179504,-0.047718,0.233421,0.793664,-0.168831,-0.139474,0.567574,0.953710,-0.183506,-0.046738,0.233619,0.954472,-0.179504,-0.047718,0.233421,1.000000,
0.954472,-0.179504,-0.047718,0.233421,0.793664,-0.168831,-0.139474,0.567574,0.955498,-0.173960,-0.049072,0.233140,0.954472,-0.179504,-0.047718,0.233421,1.000000,
0.954472,-0.179504,-0.047718,0.233421,0.793664,-0.168831,-0.139474,0.567574,0.953710,-0.183506,-0.046738,0.233619,0.954472,-0.179504,-0.047718,0.233421,1.000000,
0.954472,-0.179504,-0.047718,0.233421,0.793664,-0.168831,-0.139474,0.567574,0.955498,-0.173960,-0.049072,0.233140,0.954472,-0.179504,-0.047718,0.233421,1.000000,
0.954472,-0.179504,-0.047718,0.233421,0.793664,-0.168831,-0.139474,0.567574,0.953710,-0.183506,-0.046738,0.233619,0.954472,-0.179504,-0.047718,0.233421,1.000000,
0.954472,-0.179504,-0.047718,0.233421,0.793664,-0.168831,-0.139474,0.567574,0.955498,-0.173960,-0.049072,0.233140,0.954472,-0.179504,-0.047718,0.233421,1.000000,
0.954472,-0.179504,-0.047718,0.233421,0.793664,-0.168831,-0.139474,0.567574,0.953710,-0.183507,-0.046738,0.233619,0.954472,-0.179504,-0.047718,0.233421,1.000000,
0.954472,-0.179504,-0.047718,0.233421,0.793664,-0.168831,-0.139474,0.567574,0.955498,-0.173960,-0.049072,0.233140,0.954472,-0.179504,-0.047718,0.233421,1.000000,
0.954472,-0.179504,-0.047718,0.233421,0.793664,-0.168831,-0.139474,0.567574,0.953710,-0.183507,-0.046738,0.233619,0.954472,-0.179504,-0.047718,0.233421,1.000000,
0.954472,-0.179504,-0.047718,0.233421,0.793664,-0.168831,-0.139474,0.567574,0.955498,-0.173960,-0.049072,0.233140,0.954472,-0.179504,-0.047718,0.233421,1.000000,
0.954472,-0.179504,-0.047718,0.233421,0.793664,-0.168831,-0.139474,0.567574,0.953710,-0.183507,-0.046738,0.233619,0.954472,-0.179504,-0.047718,0.233421,1.000000,
0.954472,-0.179504,-0.047718,0.233421,0.793664,-0.168831,-0.139474,0.567574,0.955497,-0.173961,-0.049072,0.233140,0.954472,-0.179504,-0.047718,0.233421,1.000000,
0.954472,-0.179504,-0.047718,0.233421,0.793664,-0.168831,-0.139474,0.567574,0.953710,-0.183507,-0.046738,0.233619,0.954472,-0.179504,-0.047718,0.233421,1.000000,
0.954472,-0.179504,-0.047718,0.233421,0.793664,-0.168831,-0.139474,0.567574,0.955497,-0.173961,-0.049072,0.233140,0.954472,-0.179504,-0.047718,0.233421,1.000000,
0.954472,-0.179504,-0.047718,0.233421,0.793664,-0.168831,-0.139474,0.567574,0.953710,-0.183507,-0.046738,0.233619,0.954472,-0.179504,-0.047718,0.233421,1.000000,
0.954472,-0.179504,-0.047718,0.233421,0.793664,-0.168831,-0.139474,0.567574,0.955497,-0.173961,-0.049072,0.233140,0.954472,-0.179504,-0.047718,0.233421,1.000000,
0.954472,-0.179504,-0.047718,0.233421,0.793664,-0.168831,-0.139474,0.567574,0.953710,-0.183507,-0.046738,0.233619,0.954472,-0.179504,-0.047718,0.233421,1.000000,
0.954472,-0.179504,-0.047718,0.233421,0.793664,-0.168831,-0.139474,0.567574,0.955497,-0.173961,-0.049072,0.233140,0.954472,-0.179504,-0.047718,0.233421,1.000000,
0.954472,-0.179504,-0.047718,0.233421,0.793664,-0.168831,-0.139474,0.567574,0.953710,-0.183507,-0.046738,0.233619,0.954472,-0.179504,-0.047718,0.233421,1.000000,
0.954472,-0.179504,-0.047718,0.233421,0.793664,-0.168831,-0.139474,0.567574,0.955497,-0.173961,-0.049072,0.233140,0.954472,-0.179504,-0.047718,0.233421,1.000000,
0.954472,-0.179504,-0.047718,0.233421,0.793664,-0.168831,-0.139474,0.567574,0.953710,-0.183507,-0.046738,0.233619,0.954472,-0.179504,-0.047718,0.233421,1.000000,
0.954472,-0.179504,-0.047718,0.233421,0.793664,-0.168831,-0.139474,0.567574,0.955497,-0.173961,-0.049072,0.233140,0.954472,-0.179504,-0.047718,0.233421,1.000000,
0.954472,-0.179504,-0.047718,0.233421,0.793664,-0.168831,-0.139474,0.567574,0.953710,-0.183507,-0.046738,0.233619,0.954472,-0.179504,-0.047718,0.233421,1.000000,
0.954472,-0.179504,-0.047718,0.233421,0.793664,-0.168831,-0.139474,0.567574,0.955497,-0.173961,-0.049072,0.233140,0.954472,-0.179504,-0.047718,0.233421,1.000000,
0.954472,-0.179504,-0.047718,0.233421,0.793664,-0.168831,-0.139474,0.567574,0.953710,-0.183507,-0.046738,0.233619,0.954472,-0.179504,-0.047718,0.233421,1.000000,
0.954472,-0.179504,-0.047718,0.233421,0.793664,-0.168831,-0.139474,0.567574,0.955497,-0.173961,-0.049072,0.233140,0.954472,-0.179504,-0.047718,0.233421,1.000000,
0.954472,-0.179504,-0.047718,0.233421,0.793664,-0.168831,-0.139474,0.567574,0.953710,-0.183507,-0.046738,0.233619,0.954472,-0.179504,-0.047718,0.233421,1.000000,
0.954472,-0.179504,-0.047718,0.233421,0.793664,-0.168831,-0.139474,0.567574,0.955497,-0.173961,-0.049072,0.233140,0.954472,-0.179504,-0.047718,0.233421,1.000000,
0.954472,-0.179504,-0.047718,0.233421,0.793664,-0.168831,-0.139474,0.567574,0.953710,-0.183507,-0.046738,0.233619,0.954472,-0.179504,-0.047718,0.233421,1.000000,
0.954472,-0.179504,-0.047718,0.233421,0.793664,-0.168831,-0.139474,0.567574,0.955497,-0.173961,-0.049072,0.233140,0.954472,-0.179504,-0.047718,0.233421,1.000000,
0.954472,-0.179504,-0.047718,0.233421,0.793664,-0.168831,-0.139474,0.567574,0.953710,-0.183507,-0.046738,0.233619,0.954472,-0.179504,-0.047718,0.233421,1.000000,
0.954472,-0.179504,-0.047718,0.233421,0.793664,-0.168831,-0.139474,0.567574,0.955497,-0.173961,-0.049072,0.233140,0.954472,-0.179504,-0.047718,0.233421,1.000000,
0.954472,-0.179504,-0.047718,0.233421,0.793664,-0.168831,-0.139474,0.567574,0.953710,-0.183508,-0.046738,0.233619,0.954472,-0.179504,-0.047718,0.233421,1.000000,
0.954472,-0.179504,-0.047718,0.233421,0.793664,-0.168831,-0.139474,0.567574,0.955497,-0.173961,-0.049072,0.233140,0.954472,-0.179504,-0.047718,0.233421,1.000000,
0.954472,-0.179504,-0.047718,0.233421,0.793664,-0.168831,-0.139474,0.567574,0.953710,-0.183508,-0.046738,0.233619,0.954472,-0.179504,-0.047718,0.233421,1.000000,
0.954472,-0.179504,-0.047718,0.233421,0.793664,-0.168831,-0.139474,0.567574,0.955497,-0.173961,-0.049072,0.233140,0.954472,-0.179504,-0.047718,0.233421,1.000000,
0.954472,-0.179504,-0.047718,0.233421,0.793664,-0.168831,-0.139474,0.567574,0.953710,-0.183508,-0.046738,0.233619,0.954472,-0.179504,-0.047718,0.233421,1.000000,
0.954472,-0.179504,-0.047718,0.233421,0.793664,-0.168831,-0.139474,0.567574,0.955497,-0.173962,-0.049072,0.233140,0.954472,-0.179504,-0.047718,0.233421,1.000000,
0.954472,-0.179504,-0.047718,0.233421,0.793664,-0.168831,-0.139474,0.567574,0.953710,-0.183508,-0.046738,0.233619,0.954472,-0.179504,-0.047718,0.233421,1.000000,
0.954472,-0.179504,-0.047718,0.233421,0.793664,-0.168831,-0.139474,0.567574,0.955497,-0.173962,-0.049072,0.233140,0.954472,-0.179504,-0.047718,0.233421,1.000000,
0.954472,-0.179504,-0.047718,0.233421,0.793664,-0.168831,-0.139474,0.567574,0.953710,-0.183508,-0.046738,0.233619,0.954472,-0.179504,-0.047718,0.233421,1.000000,
0.954472,-0.179504,-0.047718,0.233421,0.793664,-0.168831,-0.139474,0.567574,0.955497,-0.173962,-0.049072,0.233140,0.954472,-0.179504,-0.047718,0.233421,1.000000,
0.954472,-0.179504,-0.047718,0.233421,0.793664,-0.168831,-0.139474,0.567574,0.953710,-0.183508,-0.046738,0.233619,0.954472,-0.179504,-0.047718,0.233421,1.000000,
0.954472,-0.179504,-0.047718,0.233421,0.793664,-0.168831,-0.139474,0.567574,0.955497,-0.173962,-0.049072,0.233140,0.954472,-0.179504,-0.047718,0.233421,1.000000,
0.954472,-0.179504,-0.047718,0.233421,0.793664,-0.168831,-0.139474,0.567574,0.953710,-0.183508,-0.046738,0.233619,0.954472,-0.179504,-0.047718,0.233421,1.000000,
0.954472,-0.179504,-0.047718,0.233421,0.793664,-0.168831,-0.139474,0.567574,0.955497,-0.173962,-0.049072,0.233140,0.954472,-0.179504,-0.047718,0.233421,1.000000,
0.954472,-0.179504,-0.047718,0.233421,0.793664,-0.168831,-0.139474,0.567574,0.953710,-0.183508,-0.046738,0.233619,0.954472,-0.179504,-0.047718,0.233421,1.000000,
0.954472,-0.179504,-0.047718,0.233421,0.793664,-0.168831,-0.139474,0.567574,0.955497,-0.173962,-0.049072,0.233140,0.954472,-0.179504,-0.047718,0.233421,1.000000,
0.954472,-0.179504,-0.047718,0.233421,0.793664,-0.168831,-0.139474,0.567574,0.953710,-0.183508,-0.046738,0.233619,0.954472,-0.179504,-0.047718,0.233421,1.000000,
0.954472,-0.179504,-0.047718,0.233421,0.793664,-0.168831,-0.139474,0.567574,0.955497,-0.173962,-0.049072,0.233140,0.954472,-0.179504,-0.047718,0.233421,1.000000,
0.954472,-0.179504,-0.047718,0.233421,0.793664,-0.168831,-0.139474,0.567574,0.953710,-0.183508,-0.046738,0.233619,0.954472,-0.179504,-0.047718,0.233421,1.000000,
0.954472,-0.179504,-0.047718,0.233421,0.793664,-0.168831,-0.139474,0.567574,0.955497,-0.173962,-0.049072,0.233140,0.954472,-0.179504,-0.047718,0.233421,1.000000,
0.954472,-0.179504,-0.047718,0.233421,0.793664,-0.168831,-0.139474,0.567574,0.953710,-0.183508,-0.046738,0.233619,0.954472,-0.179504,-0.047718,0.233421,1.000000,
0.954472,-0.179504,-0.047718,0.233421,0.793664,-0.168831,-0.139474,0.567574,0.955497,-0.173962,-0.049072,0.233140,0.954472,-0.179504,-0.047718,0.233421,1.000000,
0.954472,-0.179504,-0.047718,0.233421,0.793664,-0.168831,-0.139474,0.567574,0.953710,-0.183508,-0.046738,0.233619,0.954472,-0.179504,-0.047718,0.233421,1.000000,
0.954472,-0.179504,-0.047718,0.233421,0.793664,-0.168831,-0.139474,0.567574,0.955497,-0.173962,-0.049072,0.233140,0.954472,-0.179504,-0.047718,0.233421,1.000000,
0.954472,-0.179504,-0.047718,0.233421,0.793664,-0.168831,-0.139474,0.567574,0.953710,-0.183508,-0.046738,0.233619,0.954472,-0.179504,-0.047718,0.233421,1.000000,
0.954472,-0.179504,-0.047718,0.233421,0.793664,-0.168831,-0.139474,0.567574,0.955497,-0.173962,-0.049072,0.233140,0.954472,-0.179504,-0.047718,0.233421,1.000000,
0.954472,-0.179504,-0.047718,0.233421,0.793664,-0.168831,-0.139474,0.567574,0.953710,-0.183509,-0.046738,0.233619,0.954472,-0.179504,-0.047718,0.233421,1.000000,
0.954472,-0.179504,-0.047718,0.233421,0.793664,-0.168831,-0.139474,0.567574,0.955497,-0.173962,-0.049072,0.233140,0.954472,-0.179504,-0.047718,0.233421,1.000000,
0.954472,-0.179504,-0.047718,0.233421,0.793664,-0.168831,-0.139474,0.567574,0.953710,-0.183509,-0.046738,0.233619,0.954472,-0.179504,-0.047718,0.233421,1.000000,
0.954472,-0.179504,-0.047718,0.233421,0.793664,-0.168831,-0.139474,0.567574,0.955497,-0.173962,-0.049072,0.233140,0.954472,-0.179504,-0.047718,0.233421,1.000000,
0.954472,-0.179504,-0.047718,0.233421,0.793664,-0.168831,-0.139474,0.567574,0.953710,-0.183509,-0.046738,0.233619,0.954472,-0.179504,-0.047718,0.233421,1.000000,
0.954472,-0.179504,-0.047718,0.233421,0.793664,-0.168831,-0.139474,0.567574,0.955497,-0.173963,-0.049072,0.233140,0.954472,-0.179504,-0.047718,0.233421,1.000000,
0.954472,-0.179504,-0.047718,0.233421,0.793664,-0.168831,-0.139474,0.567574,0.953710,-0.183509,-0.046738,0.233619,0.954472,-0.179504,-0.047718,0.233421,1.000000,
0.954472,-0.179504,-0.047718,0.233421,0.793664,-0.168831,-0.139474,0.567574,0.955497,-0.173963,-0.049072,0.233140,0.954472,-0.179504,-0.047718,0.233421,1.000000,
0.954472,-0.179504,-0.047718,0.233421,0.793664,-0.168831,-0.139474,0.567574,0.953710,-0.183509,-0.046738,0.233619,0.954472,-0.179504,-0.047718,0.233421,1.000000,
0.954472,-0.179504,-0.047718,0.233421,0.793664,-0.168831,-0.139474,0.567574,0.955497,-0.173963,-0.049072,0.233140,0.954472,-0.179504,-0.047718,0.233421,1.000000,
0.954472,-0.179504,-0.047718,0.233421,0.793664,-0.168831,-0.139474,0.567574,0.953710,-0.183509,-0.046738,0.233619,0.954472,-0.179504,-0.047718,0.233421,1.000000,
0.954472,-0.179504,-0.047718,0.233421,0.793664,-0.168831,-0.139474,0.567574,0.955497,-0.173963,-0.049072,0.233140,0.954472,-0.179504,-0.047718,0.233421,1.000000,
0.954472,-0.179504,-0.047718,0.233421,0.793664,-0.168831,-0.139474,0.567574,0.953710,-0.183509,-0.046738,0.233619,0.954472,-0.179504,-0.047718,0.233421,1.000000,
0.954472,-0.179504,-0.047718,0.233421,0.793664,-0.168831,-0.139474,0.567574,0.955497,-0.173963,-0.049072,0.233140,0.954472,-0.179504,-0.047718,0.233421,1.000000,
0.954472,-0.179504,-0.047718,0.233421,0.793664,-0.168831,-0.139474,0.567574,0.953710,-0.183509,-0.046738,0.233619,0.954472,-0.179504,-0.047718,0.233421,1.000000,
0.954472,-0.179504,-0.047718,0.233421,0.793664,-0.168831,-0.139474,0.567574,0.955497,-0.173963,-0.049072,0.233140,0.954472,-0.179504,-0.047718,0.233421,1.000000,
0.954472,-0.179504,-0.047718,0.233421,0.793664,-0.168831,-0.139474,0.567574,0.953710,-0.183509,-0.046738,0.233619,0.954472,-0.179504,-0.047718,0.233421,1.000000,
0.954472,-0.179504,-0.047718,0.233421,0.793664,-0.168831,-0.139474,0.567574,0.955497,-0.173963,-0.049072,0.233140,0.954472,-0.179504,-0.047718,0.233421,1.000000,
0.954472,-0.179504,-0.047718,0.233421,0.793664,-0.168831,-0.139474,0.567574,0.953710,-0.183509,-0.046738,0.233619,0.954472,-0.179504,-0.047718,0.233421,1.000000,
0.954472,-0.179504,-0.047718,0.233421,0.793664,-0.168831,-0.139474,0.567574,0.955497,-0.173963,-0.049072,0.233140,0.954472,-0.179504,-0.047718,0.233421,1.000000,
0.954472,-0.179504,-0.047718,0.233421,0.793664,-0.168831,-0.139474,0.567574,0.953710,-0.183509,-0.046738,0.233619,0.954472,-0.179504,-0.047718,0.233421,1.000000,
0.954472,-0.179504,-0.047718,0.233421,0.793664,-0.168831,-0.139474,0.567574,0.955497,-0.173963,-0.049072,0.233140,0.954472,-0.179504,-0.047718,0.233421,1.000000,
0.954472,-0.179504,-0.047718,0.233421,0.793664,-0.168831,-0.139474,0.567574,0.953710,-0.183509,-0.046738,0.233619,0.954472,-0.179504,-0.047718,0.233421,1.000000,
0.954472,-0.179504,-0.047718,0.233421,0.793664,-0.168831,-0.139474,0.567574,0.955497,-0.173963,-0.049072,0.233140,0.954472,-0.179504,-0.047718,0.233421,1.000000,
0.954472,-0.179504,-0.047718,0.233421,0.793664,-0.168831,-0.139474,0.567574,0.953710,-0.183509,-0.046738,0.233619,0.954472,-0.179504,-0.047718,0.233421,1.000000,
0.954472,-0.179504,-0.047718,0.233421,0.793664,-0.168831,-0.139474,0.567574,0.955497,-0.173963,-0.049072,0.233140,0.954472,-0.179504,-0.047718,0.233421,1.000000,
0.954472,-0.179504,-0.047718,0.233421,0.793664,-0.168831,-0.139474,0.567574,0.953710,-0.183510,-0.046738,0.233619,0.954472,-0.179504,-0.047718,0.233421,1.000000,
0.954472,-0.179504,-0.047718,0.233421,0.793664,-0.168831,-0.139474,0.567574,0.955497,-0.173963,-0.049071,0.233140,0.954472,-0.179504,-0.047718,0.233421,1.000000,
0.954472,-0.179504,-0.047718,0.233421,0.793664,-0.168831,-0.139474,0.567574,0.953710,-0.183510,-0.046738,0.233619,0.954472,-0.179504,-0.047718,0.233421,1.000000,
0.954472,-0.179504,-0.047718,0.233421,0.793664,-0.168831,-0.139474,0.567574,0.955497,-0.173963,-0.049071,0.233140,0.954472,-0.179504,-0.047718,0.233421,1.000000,
0.954472,-0.179504,-0.047718,0.233421,0.793664,-0.168831,-0.139474,0.567574,0.953710,-0.183510,-0.046738,0.233619,0.954472,-0.179504,-0.047718,0.233421,1.000000,
0.954472,-0.179504,-0.047718,0.233421,0.793664,-0.168831,-0.139474,0.567574,0.955497,-0.173964,-0.049071,0.233140,0.954472,-0.179504,-0.047718,0.233421,1.000000,
0.954472,-0.179504,-0.047718,0.233421,0.793664,-0.168831,-0.139474,0.567574,0.953710,-0.183510,-0.046738,0.233619,0.954472,-0.179504,-0.047718,0.233421,1.000000,
0.954472,-0.179504,-0.047718,0.233421,0.793664,-0.168831,-0.139474,0.567574,0.955497,-0.173964,-0.049071,0.233140,0.954472,-0.179504,-0.047718,0.233421,1.000000,
0.954472,-0.179504,-0.047718,0.233421,0.793664,-0.168831,-0.139474,0.567574,0.953710,-0.183510,-0.046738,0.233619,0.954472,-0.179504,-0.047718,0.233421,1.000000,
0.954472,-0.179504,-0.047718,0.233421,0.793664,-0.168831,-0.139474,0.567574,0.955497,-0.173964,-0.049071,0.233140,0.954472,-0.179504,-0.047718,0.233421,1.000000,
0.954472,-0.179504,-0.047718,0.233421,0.793664,-0.168831,-0.139474,0.567574,0.953710,-0.183510,-0.046738,0.233619,0.954472,-0.179504,-0.047718,0.233421,1.000000,
0.954472,-0.179504,-0.047718,0.233421,0.793664,-0.168831,-0.139474,0.567574,0.955497,-0.173964,-0.049071,0.233140,0.954472,-0.179504,-0.047718,0.233421,1.000000,
0.954472,-0.179504,-0.047718,0.233421,0.793664,-0.168831,-0.139474,0.567574,0.953710,-0.183510,-0.046738,0.233619,0.954472,-0.179504,-0.047718,0.233421,1.000000,
0.954472,-0.179504,-0.047718,0.233421,0.793664,-0.168831,-0.139474,0.567574,0.955497,-0.173964,-0.049071,0.233140,0.954472,-0.179504,-0.047718,0.233421,1.000000,
0.954472,-0.179504,-0.047718,0.233421,0.793664,-0.168831,-0.139474,0.567574,0.953709,-0.183510,-0.046738,0.233619,0.954472,-0.179504,-0.047718,0.233421,1.000000,
0.954472,-0.179504,-0.047718,0.233421,0.793664,-0.168831,-0.139474,0.567574,0.955497,-0.173964,-0.049071,0.233140,0.954472,-0.179504,-0.047718,0.233421,1.000000,
0.954472,-0.179504,-0.047718,0.233421,0.793664,-0.168831,-0.139474,0.567574,0.953709,-0.183510,-0.046738,0.233619,0.954472,-0.179504,-0.047718,0.233421,1.000000,
0.954472,-0.179504,-0.047718,0.233421,0.793664,-0.168831,-0.139474,0.567574,0.955497,-0.173964,-0.049071,0.233140,0.954472,-0.179504,-0.047718,0.233421,1.000000,
0.954472,-0.179504,-0.047718,0.233421,0.793664,-0.168831,-0.139474,0.567574,0.953709,-0.183510,-0.046738,0.233619,0.954472,-0.179504,-0.047718,0.233421,1.000000,
0.954472,-0.179504,-0.047718,0.233421,0.793664,-0.168831,-0.139474,0.567574,0.955497,-0.173964,-0.049071,0.233140,0.954472,-0.179504,-0.047718,0.233421,1.000000,
0.954472,-0.179504,-0.047718,0.233421,0.793664,-0.168831,-0.139474,0.567574,0.953709,-0.183510,-0.046737,0.233619,0.954472,-0.179504,-0.047718,0.233421,1.000000,
0.954472,-0.179504,-0.047718,0.233421,0.793664,-0.168831,-0.139474,0.567574,0.955497,-0.173964,-0.049071,0.233140,0.954472,-0.179504,-0.047718,0.233421,1.000000,
0.954472,-0.179504,-0.047718,0.233421,0.793664,-0.168831,-0.139474,0.567574,0.953709,-0.183510,-0.046737,0.233619,0.954472,-0.179504,-0.047718,0.233421,1.000000,
0.954472,-0.179504,-0.047718,0.233421,0.793664,-0.168831,-0.139474,0.567574,0.955497,-0.173964,-0.049071,0.233140,0.954472,-0.179504,-0.047718,0.233421,1.000000,
0.954472,-0.179504,-0.047718,0.233421,0.793664,-0.168831,-0.139474,0.567574,0.953709,-0.183510,-0.046737,0.233619,0.954472,-0.179504,-0.047718,0.233421,1.000000,
0.954472,-0.179504,-0.047718,0.233421,0.793664,-0.168831,-0.139474,0.567574,0.955497,-0.173964,-0.049071,0.233140,0.954472,-0.179504,-0.047718,0.233421,1.000000,
0.954472,-0.179504,-0.047718,0.233421,0.793664,-0.168831,-0.139474,0.567574,0.953709,-0.183511,-0.046737,0.233619,0.954472,-0.179504,-0.047718,0.233421,1.000000,
0.954472,-0.179504,-0.047718,0.233421,0.793664,-0.168831,-0.139474,0.567574,0.955497,-0.173964,-0.049071,0.233140,0.954472,-0.179504,-0.047718,0.233421,1.000000,
0.954472,-0.179504,-0.047718,0.233421,0.793664,-0.168831,-0.139474,0.567574,0.953709,-0.183511,-0.046737,0.233619,0.954472,-0.179504,-0.047718,0.233421,1.000000,
0.954472,-0.179504,-0.047718,0.233421,0.793664,-0.168831,-0.139474,0.567574,0.955497,-0.173964,-0.049071,0.233140,0.954472,-0.179504,-0.047718,0.233421,1.000000,
0.954472,-0.179504,-0.047718,0.233421,0.793664,-0.168831,-0.139474,0.567574,0.953709,-0.183511,-0.046737,0.233619,0.954472,-0.179504,-0.047718,0.233421,1.000000,
0.954472,-0.179504,-0.047718,0.233421,0.793664,-0.168831,-0.139474,0.567574,0.955497,-0.173965,-0.049071,0.233140,0.954472,-0.179504,-0.047718,0.233421,1.000000,
0.954472,-0.179504,-0.047718,0.233421,0.793664,-0.168831,-0.139474,0.567574,0.953709,-0.183511,-0.046737,0.233619,0.954472,-0.179504,-0.047718,0.233421,1.000000,
0.954472,-0.179504,-0.047718,0.233421,0.793664,-0.168831,-0.139474,0.567574,0.955497,-0.173965,-0.049071,0.233140,0.954472,-0.179504,-0.047718,0.233421,1.000000,
0.954472,-0.179504,-0.047718,0.233421,0.793664,-0.168831,-0.139474,0.567574,0.953709,-0.183511,-0.046737,0.233619,0.954472,-0.179504,-0.047718,0.233421,1.000000,
0.954472,-0.179504,-0.047718,0.233421,0.793664,-0.168831,-0.139474,0.567574,0.955497,-0.173965,-0.049071,0.233140,0.954472,-0.179504,-0.047718,0.233421,1.000000,
0.954472,-0.179504,-0.047718,0.233421,0.793664,-0.168831,-0.139474,0.567574,0.953709,-0.183511,-0.046737,0.233619,0.954472,-0.179504,-0.047718,0.233421,1.000000,
0.954472,-0.179504,-0.047718,0.233421,0.793664,-0.168831,-0.139474,0.567574,0.955497,-0.173965,-0.049071,0.233140,0.954472,-0.179504,-0.047718,0.233421,1.000000,
0.954472,-0.179504,-0.047718,0.233421,0.793664,-0.168831,-0.139474,0.567574,0.953709,-0.183511,-0.046737,0.233619,0.954472,-0.179504,-0.047718,0.233421,1.000000,
0.954472,-0.179504,-0.047718,0.233421,0.793664,-0.168831,-0.139474,0.567574,0.955497,-0.173965,-0.049071,0.233140,0.954472,-0.179504,-0.047718,0.233421,1.000000,
0.954472,-0.179504,-0.047718,0.233421,0.793664,-0.168831,-0.139474,0.567574,0.953709,-0.183511,-0.046737,0.233619,0.954472,-0.179504,-0.047718,0.233421,1.000000,
0.954472,-0.179504,-0.047718,0.233421,0.793664,-0.168831,-0.139474,0.567574,0.955497,-0.173965,-0.049071,0.233140,0.954472,-0.179504,-0.047718,0.233421,1.000000,
0.954472,-0.179504,-0.047718,0.233421,0.793664,-0.168831,-0.139474,0.567574,0.953709,-0.183511,-0.046737,0.233619,0.954472,-0.179504,-0.047718,0.233421,1.000000,
0.954472,-0.179504,-0.047718,0.233421,0.793664,-0.168831,-0.139474,0.567574,0.955497,-0.173965,-0.049071,0.233140,0.954472,-0.179504,-0.047718,0.233421,1.000000,
0.954472,-0.179504,-0.047718,0.233421,0.793664,-0.168831,-0.139474,0.567574,0.953709,-0.183511,-0.046737,0.233619,0.954472,-0.179504,-0.047718,0.233421,1.000000,
0.954472,-0.179504,-0.047718,0.233421,0.793664,-0.168831,-0.139474,0.567574,0.955497,-0.173965,-0.049071,0.233140,0.954472,-0.179504,-0.047718,0.233421,1.000000,
0.954472,-0.179504,-0.047718,0.233421,0.793664,-0.168831,-0.139474,0.567574,0.953709,-0.183511,-0.046737,0.233619,0.954472,-0.179504,-0.047718,0.233421,1.000000,
0.954472,-0.179504,-0.047718,0.233421,0.793664,-0.168831,-0.139474,0.567574,0.955497,-0.173965,-0.049071,0.233140,0.954472,-0.179504,-0.047718,0.233421,1.000000,
0.954472,-0.179504,-0.047718,0.233421,0.793664,-0.168831,-0.139474,0.567574,0.953709,-0.183511,-0.046737,0.233619,0.954472,-0.179504,-0.047718,0.233421,1.000000,
0.954472,-0.179504,-0.047718,0.233421,0.793664,-0.168831,-0.139474,0.567574,0.955497,-0.173965,-0.049071,0.233140,0.954472,-0.179504,-0.047718,0.233421,1.000000,
0.954472,-0.179504,-0.047718,0.233421,0.793664,-0.168831,-0.139474,0.567574,0.953709,-0.183511,-0.046737,0.233619,0.954472,-0.179504,-0.047718,0.233421,1.000000,
0.954472,-0.179504,-0.047718,0.233421,0.793664,-0.168831,-0.139474,0.567574,0.955497,-0.173965,-0.049071,0.233140,0.954472,-0.179504,-0.047718,0.233421,1.000000,
0.954472,-0.179504,-0.047718,0.233421,0.793664,-0.168831,-0.139474,0.567574,0.953709,-0.183512,-0.046737,0.233619,0.954472,-0.179504,-0.047718,0.233421,1.000000,
0.954472,-0.179504,-0.047718,0.233421,0.793664,-0.168831,-0.139474,0.567574,0.955497,-0.173965,-0.049071,0.233140,0.954472,-0.179504,-0.047718,0.233421,1.000000,
0.954472,-0.179504,-0.047718,0.233421,0.793664,-0.168831,-0.139474,0.567574,0.953709,-0.183512,-0.046737,0.233619,0.954472,-0.179504,-0.047718,0.233421,1.000000,
0.954472,-0.179504,-0.047718,0.233421,0.793664,-0.168831,-0.139474,0.567574,0.955497,-0.173965,-0.049071,0.233140,0.954472,-0.179504,-0.047718,0.233421,1.000000,
0.954472,-0.179504,-0.047718,0.233421,0.793664,-0.168831,-0.139474,0.567574,0.953709,-0.183512,-0.046737,0.233619,0.954472,-0.179504,-0.047718,0.233421,1.000000,
0.954472,-0.179504,-0.047718,0.233421,0.793664,-0.168831,-0.139474,0.567574,0.955497,-0.173966,-0.049071,0.233140,0.954472,-0.179504,-0.047718,0.233421,1.000000,
0.954472,-0.179504,-0.047718,0.233421,0.793664,-0.168831,-0.139474,0.567574,0.953709,-0.183512,-0.046737,0.233619,0.954472,-0.179504,-0.047718,0.233421,1.000000,
0.954472,-0.179504,-0.047718,0.233421,0.793664,-0.168831,-0.139474,0.567574,0.955497,-0.173966,-0.049071,0.233140,0.954472,-0.179504,-0.047718,0.233421,1.000000,
0.954472,-0.179504,-0.047718,0.233421,0.793664,-0.168831,-0.139474,0.567574,0.953709,-0.183512,-0.046737,0.233619,0.954472,-0.179504,-0.047718,0.233421,1.000000,
0.954472,-0.179504,-0.047718,0.233421,0.793664,-0.168831,-0.139474,0.567574,0.955497,-0.173966,-0.049071,0.233140,0.954472,-0.179504,-0.047718,0.233421,1.000000,
0.954472,-0.179504,-0.047718,0.233421,0.793664,-0.168831,-0.139474,0.567574,0.953709,-0.183512,-0.046737,0.233619,0.954472,-0.179504,-0.047718,0.233421,1.000000,
0.954472,-0.179504,-0.047718,0.233421,0.793664,-0.168831,-0.139474,0.567574,0.955497,-0.173966,-0.049071,0.233140,0.954472,-0.179504,-0.047718,0.233421,1.000000,
0.954472,-0.179504,-0.047718,0.233421,0.793664,-0.168831,-0.139474,0.567574,0.953709,-0.183512,-0.046737,0.233619,0.954472,-0.179504,-0.047718,0.233421,1.000000,
0.954472,-0.179504,-0.047718,0.233421,0.793664,-0.168831,-0.139474,0.567574,0.955497,-0.173966,-0.049071,0.233140,0.954472,-0.179504,-0.047718,0.233421,1.000000,
0.954472,-0.179504,-0.047718,0.233421,0.793664,-0.168831,-0.139474,0.567574,0.953709,-0.183512,-0.046737,0.233619,0.954472,-0.179504,-0.047718,0.233421,1.000000,
0.954472,-0.179504,-0.047718,0.233421,0.793664,-0.168831,-0.139474,0.567574,0.955497,-0.173966,-0.049071,0.233140,0.954472,-0.179504,-0.047718,0.233421,1.000000,
0.954472,-0.179504,-0.047718,0.233421,0.793664,-0.168831,-0.139474,0.567574,0.953709,-0.183512,-0.046737,0.233619,0.954472,-0.179504,-0.047718,0.233421,1.000000,
0.954472,-0.179504,-0.047718,0.233421,0.793664,-0.168831,-0.139474,0.567574,0.955497,-0.173966,-0.049071,0.233140,0.954472,-0.179504,-0.047718,0.233421,1.000000,
0.954472,-0.179504,-0.047718,0.233421,0.793664,-0.168831,-0.139474,0.567574,0.953709,-0.183512,-0.046737,0.233619,0.954472,-0.179504,-0.047718,0.233421,1.000000,
0.954472,-0.179504,-0.047718,0.233421,0.793664,-0.168831,-0.139474,0.567574,0.955496,-0.173966,-0.049071,0.233140,0.954472,-0.179504,-0.047718,0.233421,1.000000,
0.954472,-0.179504,-0.047718,0.233421,0.793664,-0.168831,-0.139474,0.567574,0.953709,-0.183512,-0.046737,0.233619,0.954472,-0.179504,-0.047718,0.233421,1.000000,
0.954472,-0.179504,-0.047718,0.233421,0.793664,-0.168831,-0.139474,0.567574,0.955496,-0.173966,-0.049071,0.233140,0.954472,-0.179504,-0.047718,0.233421,1.000000,
0.954472,-0.179504,-0.047718,0.233421,0.793664,-0.168831,-0.139474,0.567574,0.953709,-0.183512,-0.046737,0.233619,0.954472,-0.179504,-0.047718,0.233421,1.000000,
0.954472,-0.179504,-0.047718,0.233421,0.793664,-0.168831,-0.139474,0.567574,0.955496,-0.173966,-0.049071,0.233140,0.954472,-0.179504,-0.047718,0.233421,1.000000,
0.954472,-0.179504,-0.047718,0.233421,0.793664,-0.168831,-0.139474,0.567574,0.953709,-0.183512,-0.046737,0.233619,0.954472,-0.179504,-0.047718,0.233421,1.000000,
0.954472,-0.179504,-0.047718,0.233421,0.793664,-0.168831,-0.139474,0.567574,0.955496,-0.173966,-0.049071,0.233140,0.954472,-0.179504,-0.047718,0.233421,1.000000,
0.954472,-0.179504,-0.047718,0.233421,0.793664,-0.168831,-0.139474,0.567574,0.953709,-0.183513,-0.046737,0.233619,0.954472,-0.179504,-0.047718,0.233421,1.000000,
0.954472,-0.179504,-0.047718,0.233421,0.793664,-0.168831,-0.139474,0.567574,0.955496,-0.173966,-0.049071,0.233140,0.954472,-0.179504,-0.047718,0.233421,1.000000,
0.954472,-0.179504,-0.047718,0.233421,0.793664,-0.168831,-0.139474,0.567574,0.953709,-0.183513,-0.046737,0.233619,0.954472,-0.179504,-0.047718,0.233421,1.000000,
0.954472,-0.179504,-0.047718,0.233421,0.793664,-0.168831,-0.139474,0.567574,0.955496,-0.173966,-0.049071,0.233140,0.954472,-0.179504,-0.047718,0.233421,1.000000,
0.954472,-0.179504,-0.047718,0.233421,0.793664,-0.168831,-0.139474,0.567574,0.953709,-0.183513,-0.046737,0.233619,0.954472,-0.179504,-0.047718,0.233421,1.000000,
0.954472,-0.179504,-0.047718,0.233421,0.793664,-0.168831,-0.139474,0.567574,0.955496,-0.173967,-0.049071,0.233140,0.954472,-0.179504,-0.047718,0.233421,1.000000,
0.954472,-0.179504,-0.047718,0.233421,0.793664,-0.168831,-0.139474,0.567574,0.953709,-0.183513,-0.046737,0.233619,0.954472,-0.179504,-0.047718,0.233421,1.000000,
0.954472,-0.179504,-0.047718,0.233421,0.793664,-0.168831,-0.139474,0.567574,0.955496,-0.173967,-0.049071,0.233140,0.954472,-0.179504,-0.047718,0.233421,1.000000,
0.954472,-0.179504,-0.047718,0.233421,0.793664,-0.168831,-0.139474,0.567574,0.953709,-0.183513,-0.046737,0.233619,0.954472,-0.179504,-0.047718,0.233421,1.000000,
0.954472,-0.179504,-0.047718,0.233421,0.793664,-0.168831,-0.139474,0.567574,0.955496,-0.173967,-0.049071,0.233140,0.954472,-0.179504,-0.047718,0.233421,1.000000,
0.954472,-0.179504,-0.047718,0.233421,0.793664,-0.168831,-0.139474,0.567574,0.953709,-0.183513,-0.046737,0.233619,0.954472,-0.179504,-0.047718,0.233421,1.000000,
0.954472,-0.179504,-0.047718,0.233421,0.793664,-0.168831,-0.139474,0.567574,0.955496,-0.173967,-0.049071,0.233140,0.954472,-0.179504,-0.047718,0.233421,1.000000,
0.954472,-0.179504,-0.047718,0.233421,0.793664,-0.168831,-0.139474,0.567574,0.953709,-0.183513,-0.046737,0.233619,0.954472,-0.179504,-0.047718,0.233421,1.000000,
0.954472,-0.179504,-0.047718,0.233421,0.793664,-0.168831,-0.139474,0.567574,0.955496,-0.173967,-0.049071,0.233140,0.954472,-0.179504,-0.047718,0.233421,1.000000,
0.954472,-0.179504,-0.047718,0.233421,0.793664,-0.168831,-0.139474,0.567574,0.953709,-0.183513,-0.046737,0.233619,0.954472,-0.179504,-0.047718,0.233421,1.000000,
0.954472,-0.179504,-0.047718,0.233421,0.793664,-0.168831,-0.139474,0.567574,0.955496,-0.173967,-0.049071,0.233140,0.954472,-0.179504,-0.047718,0.233421,1.000000,
0.954472,-0.179504,-0.047718,0.233421,0.793664,-0.168831,-0.139474,0.567574,0.953709,-0.183513,-0.046737,0.233619,0.954472,-0.179504,-0.047718,0.233421,1.000000,
0.954472,-0.179504,-0.047718,0.233421,0.793664,-0.168831,-0.139474,0.567574,0.955496,-0.173967,-0.049071,0.233140,0.954472,-0.179504,-0.047718,0.233421,1.000000,
0.954472,-0.179504,-0.047718,0.233421,0.793664,-0.168831,-0.139474,0.567574,0.953709,-0.183513,-0.046737,0.233619,0.954472,-0.179504,-0.047718,0.233421,1.000000,
0.954472,-0.179504,-0.047718,0.233421,0.793664,-0.168831,-0.139474,0.567574,0.955496,-0.173967,-0.049071,0.233140,0.954472,-0.179504,-0.047718,0.233421,1.000000,
0.954472,-0.179504,-0.047718,0.233421,0.793664,-0.168831,-0.139474,0.567574,0.953709,-0.183513,-0.046737,0.233619,0.954472,-0.179504,-0.047718,0.233421,1.000000,
0.954472,-0.179504,-0.047718,0.233421,0.793664,-0.168831,-0.139474,0.567574,0.955496,-0.173967,-0.049071,0.233140,0.954472,-0.179504,-0.047718,0.233421,1.000000,
0.954472,-0.179504,-0.047718,0.233421,0.793664,-0.168831,-0.139474,0.567574,0.953709,-0.183513,-0.046737,0.233619,0.954472,-0.179504,-0.047718,0.233421,1.000000,
0.954472,-0.179504,-0.047718,0.233421,0.793664,-0.168831,-0.139474,0.567574,0.955496,-0.173967,-0.049071,0.233140,0.954472,-0.179504,-0.047718,0.233421,1.000000,
0.954472,-0.179504,-0.047718,0.233421,0.793664,-0.168831,-0.139474,0.567574,0.953709,-0.183513,-0.046737,0.233619,0.954472,-0.179504,-0.047718,0.233421,1.000000,
0.954472,-0.179504,-0.047718,0.233421,0.793664,-0.168831,-0.139474,0.567574,0.955496,-0.173967,-0.049071,0.233140,0.954472,-0.179504,-0.047718,0.233421,1.000000,
0.954472,-0.179504,-0.047718,0.233421,0.793664,-0.168831,-0.139474,0.567574,0.953709,-0.183513,-0.046737,0.233619,0.954472,-0.179504,-0.047718,0.233421,1.000000,
0.954472,-0.179504,-0.047718,0.233421,0.793664,-0.168831,-0.139474,0.567574,0.955496,-0.173967,-0.049071,0.233140,0.954472,-0.179504,-0.047718,0.233421,1.000000,
0.954472,-0.179504,-0.047718,0.233421,0.793664,-0.168831,-0.139474,0.567574,0.953709,-0.183514,-0.046737,0.233619,0.954472,-0.179504,-0.047718,0.233421,1.000000,
0.954472,-0.179504,-0.047718,0.233421,0.793664,-0.168831,-0.139474,0.567574,0.955496,-0.173967,-0.049070,0.233140,0.954472,-0.179504,-0.047718,0.233421,1.000000,
0.954472,-0.179504,-0.047718,0.233421,0.793664,-0.168831,-0.139474,0.567574,0.953709,-0.183514,-0.046737,0.233619,0.954472,-0.179504,-0.047718,0.233421,1.000000,
0.954472,-0.179504,-0.047718,0.233421,0.793664,-0.168831,-0.139474,0.567574,0.955496,-0.173968,-0.049070,0.233140,0.954472,-0.179504,-0.047718,0.233421,1.000000,
0.954472,-0.179504,-0.047718,0.233421,0.793664,-0.168831,-0.139474,0.567574,0.953709,-0.183514,-0.046737,0.233619,0.954472,-0.179504,-0.047718,0.233421,1.000000,
0.954472,-0.179504,-0.047718,0.233421,0.793664,-0.168831,-0.139474,0.567574,0.955496,-0.173968,-0.049070,0.233140,0.954472,-0.179504,-0.047718,0.233421,1.000000,
0.954472,-0.179504,-0.047718,0.233421,0.793664,-0.168831,-0.139474,0.567574,0.953709,-0.183514,-0.046737,0.233619,0.954472,-0.179504,-0.047718,0.233421,1.000000,
0.954472,-0.179504,-0.047718,0.233421,0.793664,-0.168831,-0.139474,0.567574,0.955496,-0.173968,-0.049070,0.233140,0.954472,-0.179504,-0.047718,0.233421,1.000000,
0.954472,-0.179504,-0.047718,0.233421,0.793664,-0.168831,-0.139474,0.567574,0.953709,-0.183514,-0.046737,0.233619,0.954472,-0.179504,-0.047718,0.233421,1.000000,
0.954472,-0.179504,-0.047718,0.233421,0.793664,-0.168831,-0.139474,0.567574,0.955496,-0.173968,-0.049070,0.233140,0.954472,-0.179504,-0.047718,0.233421,1.000000,
0.954472,-0.179504,-0.047718,0.233421,0.793664,-0.168831,-0.139474,0.567574,0.953709,-0.183514,-0.046737,0.233619,0.954472,-0.179504,-0.047718,0.233421,1.000000,
0.954472,-0.179504,-0.047718,0.233421,0.793664,-0.168831,-0.139474,0.567574,0.955496,-0.173968,-0.049070,0.233140,0.954472,-0.179504,-0.047718,0.233421,1.000000,
0.954472,-0.179504,-0.047718,0.233421,0.793664,-0.168831,-0.139474,0.567574,0.953709,-0.183514,-0.046737,0.233619,0.954472,-0.179504,-0.047718,0.233421,1.000000,
0.954472,-0.179504,-0.047718,0.233421,0.793664,-0.168831,-0.139474,0.567574,0.955496,-0.173968,-0.049070,0.233140,0.954472,-0.179504,-0.047718,0.233421,1.000000,
0.954472,-0.179504,-0.047718,0.233421,0.793664,-0.168831,-0.139474,0.567574,0.953709,-0.183514,-0.046737,0.233619,0.954472,-0.179504,-0.047718,0.233421,1.000000,
0.954472,-0.179504,-0.047718,0.233421,0.793664,-0.168831,-0.139474,0.567574,0.955496,-0.173968,-0.049070,0.233140,0.954472,-0.179504,-0.047718,0.233421,1.000000,
0.954472,-0.179504,-0.047718,0.233421,0.793664,-0.168831,-0.139474,0.567574,0.953709,-0.183514,-0.046737,0.233619,0.954472,-0.179504,-0.047718,0.233421,1.000000,
0.954472,-0.179504,-0.047718,0.233421,0.793664,-0.168831,-0.139474,0.567574,0.955496,-0.173968,-0.049070,0.233140,0.954472,-0.179504,-0.047718,0.233421,1.000000,
0.954472,-0.179504,-0.047718,0.233421,0.793664,-0.168831,-0.139474,0.567574,0.953709,-0.183514,-0.046737,0.233619,0.954472,-0.179504,-0.047718,0.233421,1.000000,
0.954472,-0.179504,-0.047718,0.233421,0.793664,-0.168831,-0.139474,0.567574,0.955496,-0.173968,-0.049070,0.233140,0.954472,-0.179504,-0.047718,0.233421,1.000000,
0.954472,-0.179504,-0.047718,0.233421,0.793664,-0.168831,-0.139474,0.567574,0.953709,-0.183514,-0.046736,0.233619,0.954472,-0.179504,-0.047718,0.233421,1.000000,
0.954472,-0.179504,-0.047718,0.233421,0.793664,-0.168831,-0.139474,0.567574,0.955496,-0.173968,-0.049070,0.233140,0.954472,-0.179504,-0.047718,0.233421,1.000000,
0.954472,-0.179504,-0.047718,0.233421,0.793664,-0.168831,-0.139474,0.567574,0.953709,-0.183514,-0.046736,0.233619,0.954472,-0.179504,-0.047718,0.233421,1.000000,
0.954472,-0.179504,-0.047718,0.233421,0.793664,-0.168831,-0.139474,0.567574,0.955496,-0.173968,-0.049070,0.233140,0.954472,-0.179504,-0.047718,0.233421,1.000000,
0.954472,-0.179504,-0.047718,0.233421,0.793664,-0.168831,-0.139474,0.567574,0.953709,-0.183514,-0.046736,0.233619,0.954472,-0.179504,-0.047718,0.233421,1.000000,
0.954472,-0.179504,-0.047718,0.233421,0.793664,-0.168831,-0.139474,0.567574,0.955496,-0.173968,-0.049070,0.233140,0.954472,-0.179504,-0.047718,0.233421,1.000000,
0.954472,-0.179504,-0.047718,0.233421,0.793664,-0.168831,-0.139474,0.567574,0.953709,-0.183515,-0.046736,0.233619,0.954472,-0.179504,-0.047718,0.233421,1.000000,
0.954472,-0.179504,-0.047718,0.233421,0.793664,-0.168831,-0.139474,0.567574,0.955496,-0.173968,-0.049070,0.233140,0.954472,-0.179504,-0.047718,0.233421,1.000000,
0.954472,-0.179504,-0.047718,0.233421,0.793664,-0.168831,-0.139474,0.567574,0.953709,-0.183515,-0.046736,0.233619,0.954472,-0.179504,-0.047718,0.233421,1.000000,
0.954472,-0.179504,-0.047718,0.233421,0.793664,-0.168831,-0.139474,0.567574,0.955496,-0.173969,-0.049070,0.233140,0.954472,-0.179504,-0.047718,0.233421,1.000000,
0.954472,-0.179504,-0.047718,0.233421,0.793664,-0.168831,-0.139474,0.567574,0.953709,-0.183515,-0.046736,0.233619,0.954472,-0.179504,-0.047718,0.233421,1.000000,
0.954472,-0.179504,-0.047718,0.233421,0.793664,-0.168831,-0.139474,0.567574,0.955496,-0.173969,-0.049070,0.233140,0.954472,-0.179504,-0.047718,0.233421,1.000000,
0.954472,-0.179504,-0.047718,0.233421,0.793664,-0.168831,-0.139474,0.567574,0.953709,-0.183515,-0.046736,0.233619,0.954472,-0.179504,-0.047718,0.233421,1.000000,
0.954472,-0.179504,-0.047718,0.233421,0.793664,-0.168831,-0.139474,0.567574,0.955496,-0.173969,-0.049070,0.233140,0.954472,-0.179504,-0.047718,0.233421,1.000000,
0.954472,-0.179504,-0.047718,0.233421,0.793664,-0.168831,-0.139474,0.567574,0.953709,-0.183515,-0.046736,0.233619,0.954472,-0.179504,-0.047718,0.233421,1.000000,
0.954472,-0.179504,-0.047718,0.233421,0.793664,-0.168831,-0.139474,0.567574,0.955496,-0.173969,-0.049070,0.233140,0.954472,-0.179504,-0.047718,0.233421,1.000000,
0.954472,-0.179504,-0.047718,0.233421,0.793664,-0.168831,-0.139474,0.567574,0.953709,-0.183515,-0.046736,0.233619,0.954472,-0.179504,-0.047718,0.233421,1.000000,
0.954472,-0.179504,-0.047718,0.233421,0.793664,-0.168831,-0.139474,0.567574,0.955496,-0.173969,-0.049070,0.233140,0.954472,-0.179504,-0.047718,0.233421,1.000000,
0.954472,-0.179504,-0.047718,0.233421,0.793664,-0.168831,-0.139474,0.567574,0.953709,-0.183515,-0.046736,0.233619,0.954472,-0.179504,-0.047718,0.233421,1.000000,
0.954472,-0.179504,-0.047718,0.233421,0.793664,-0.168831,-0.139474,0.567574,0.955496,-0.173969,-0.049070,0.233140,0.954472,-0.179504,-0.047718,0.233421,1.000000,
0.954472,-0.179504,-0.047718,0.233421,0.793664,-0.168831,-0.139474,0.567574,0.953709,-0.183515,-0.046736,0.233619,0.954472,-0.179504,-0.047718,0.233421,1.000000,
0.954472,-0.179504,-0.047718,0.233421,0.793664,-0.168831,-0.139474,0.567574,0.955496,-0.173969,-0.049070,0.233140,0.954472,-0.179504,-0.047718,0.233421,1.000000,
0.954472,-0.179504,-0.047718,0.233421,0.793664,-0.168831,-0.139474,0.567574,0.953709,-0.183515,-0.046736,0.233619,0.954472,-0.179504,-0.047718,0.233421,1.000000,
0.954472,-0.179504,-0.047718,0.233421,0.793664,-0.168831,-0.139474,0.567574,0.955496,-0.173969,-0.049070,0.233140,0.954472,-0.179504,-0.047718,0.233421,1.000000,
0.954472,-0.179504,-0.047718,0.233421,0.793664,-0.168831,-0.139474,0.567574,0.953708,-0.183515,-0.046736,0.233619,0.954472,-0.179504,-0.047718,0.233421,1.000000,
0.954472,-0.179504,-0.047718,0.233421,0.793664,-0.168831,-0.139474,0.567574,0.955496,-0.173969,-0.049070,0.233140,0.954472,-0.179504,-0.047718,0.233421,1.000000,
0.954472,-0.179504,-0.047718,0.233421,0.793664,-0.168831,-0.139474,0.567574,0.953708,-0.183515,-0.046736,0.233619,0.954472,-0.179504,-0.047718,0.233421,1.000000,
0.954472,-0.179504,-0.047718,0.233421,0.793664,-0.168831,-0.139474,0.567574,0.955496,-0.173969,-0.049070,0.233140,0.954472,-0.179504,-0.047718,0.233421,1.000000,
0.954472,-0.179504,-0.047718,0.233421,0.793664,-0.168831,-0.139474,0.567574,0.953708,-0.183515,-0.046736,0.233619,0.954472,-0.179504,-0.047718,0.233421,1.000000,
0.954472,-0.179504,-0.047718,0.233421,0.793664,-0.168831,-0.139474,0.567574,0.955496,-0.173969,-0.049070,0.233140,0.954472,-0.179504,-0.047718,0.233421,1.000000,
0.954472,-0.179504,-0.047718,0.233421,0.793664,-0.168831,-0.139474,0.567574,0.953708,-0.183515,-0.046736,0.233619,0.954472,-0.179504,-0.047718,0.233421,1.000000,
0.954472,-0.179504,-0.047718,0.233421,0.793664,-0.168831,-0.139474,0.567574,0.955496,-0.173969,-0.049070,0.233140,0.954472,-0.179504,-0.047718,0.233421,1.000000,
0.954472,-0.179504,-0.047718,0.233421,0.793664,-0.168831,-0.139474,0.567574,0.953708,-0.183516,-0.046736,0.233619,0.954472,-0.179504,-0.047718,0.233421,1.000000,
0.954472,-0.179504,-0.047718,0.233421,0.793664,-0.168831,-0.139474,0.567574,0.955496,-0.173969,-0.049070,0.233140,0.954472,-0.179504,-0.047718,0.233421,1.000000,
0.954472,-0.179504,-0.047718,0.233421,0.793664,-0.168831,-0.139474,0.567574,0.953708,-0.183516,-0.046736,0.233619,0.954472,-0.179504,-0.047718,0.233421,1.000000,
0.954472,-0.179504,-0.047718,0.233421,0.793664,-0.168831,-0.139474,0.567574,0.955496,-0.173970,-0.049070,0.233140,0.954472,-0.179504,-0.047718,0.233421,1.000000,
0.954472,-0.179504,-0.047718,0.233421,0.793664,-0.168831,-0.139474,0.567574,0.953708,-0.183516,-0.046736,0.233619,0.954472,-0.179504,-0.047718,0.233421,1.000000,
0.954472,-0.179504,-0.047718,0.233421,0.793664,-0.168831,-0.139474,0.567574,0.955496,-0.173970,-0.049070,0.233140,0.954472,-0.179504,-0.047718,0.233421,1.000000,
0.954472,-0.179504,-0.047718,0.233421,0.793664,-0.168831,-0.139474,0.567574,0.953708,-0.183516,-0.046736,0.233619,0.954472,-0.179504,-0.047718,0.233421,1.000000,
0.954472,-0.179504,-0.047718,0.233421,0.793664,-0.168831,-0.139474,0.567574,0.955496,-0.173970,-0.049070,0.233140,0.954472,-0.179504,-0.047718,0.233421,1.000000,
0.954472,-0.179504,-0.047718,0.233421,0.793664,-0.168831,-0.139474,0.567574,0.953708,-0.183516,-0.046736,0.233619,0.954472,-0.179504,-0.047718,0.233421,1.000000,
0.954472,-0.179504,-0.047718,0.233421,0.793664,-0.168831,-0.139474,0.567574,0.955496,-0.173970,-0.049070,0.233140,0.954472,-0.179504,-0.047718,0.233421,1.000000,
0.954472,-0.179504,-0.047718,0.233421,0.793664,-0.168831,-0.139474,0.567574,0.953708,-0.183516,-0.046736,0.233619,0.954472,-0.179504,-0.047718,0.233421,1.000000,
0.954472,-0.179504,-0.047718,0.233421,0.793664,-0.168831,-0.139474,0.567574,0.955496,-0.173970,-0.049070,0.233140,0.954472,-0.179504,-0.047718,0.233421,1.000000,
0.954472,-0.179504,-0.047718,0.233421,0.793664,-0.168831,-0.139474,0.567574,0.953708,-0.183516,-0.046736,0.233619,0.954472,-0.179504,-0.047718,0.233421,1.000000,
0.954472,-0.179504,-0.047718,0.233421,0.793664,-0.168831,-0.139474,0.567574,0.955496,-0.173970,-0.049070,0.233140,0.954472,-0.179504,-0.047718,0.233421,1.000000,
0.954472,-0.179504,-0.047718,0.233421,0.793664,-0.168831,-0.139474,0.567574,0.953708,-0.183516,-0.046736,0.233619,0.954472,-0.179504,-0.047718,0.233421,1.000000,
0.954472,-0.179504,-0.047718,0.233421,0.793664,-0.168831,-0.139474,0.567574,0.955496,-0.173970,-0.049070,0.233140,0.954472,-0.179504,-0.047718,0.233421,1.000000,
0.954472,-0.179504,-0.047718,0.233421,0.793664,-0.168831,-0.139474,0.567574,0.953708,-0.183516,-0.046736,0.233619,0.954472,-0.179504,-0.047718,0.233421,1.000000,
0.954472,-0.179504,-0.047718,0.233421,0.793664,-0.168831,-0.139474,0.567574,0.955496,-0.173970,-0.049070,0.233140,0.954472,-0.179504,-0.047718,0.233421,1.000000,
0.954472,-0.179504,-0.047718,0.233421,0.793664,-0.168831,-0.139474,0.567574,0.953708,-0.183516,-0.046736,0.233619,0.954472,-0.179504,-0.047718,0.233421,1.000000,
0.954472,-0.179504,-0.047718,0.233421,0.793664,-0.168831,-0.139474,0.567574,0.955496,-0.173970,-0.049070,0.233140,0.954472,-0.179504,-0.047718,0.233421,1.000000,
0.954472,-0.179504,-0.047718,0.233421,0.793664,-0.168831,-0.139474,0.567574,0.953708,-0.183516,-0.046736,0.233619,0.954472,-0.179504,-0.047718,0.233421,1.000000,
0.954472,-0.179504,-0.047718,0.233421,0.793664,-0.168831,-0.139474,0.567574,0.955496,-0.173970,-0.049070,0.233140,0.954472,-0.179504,-0.047718,0.233421,1.000000,
0.954472,-0.179504,-0.047718,0.233421,0.793664,-0.168831,-0.139474,0.567574,0.953708,-0.183516,-0.046736,0.233619,0.954472,-0.179504,-0.047718,0.233421,1.000000,
0.954472,-0.179504,-0.047718,0.233421,0.793664,-0.168831,-0.139474,0.567574,0.955496,-0.173970,-0.049070,0.233140,0.954472,-0.179504,-0.047718,0.233421,1.000000,
0.954472,-0.179504,-0.047718,0.233421,0.793664,-0.168831,-0.139474,0.567574,0.953708,-0.183516,-0.046736,0.233619,0.954472,-0.179504,-0.047718,0.233421,1.000000,
0.954472,-0.179504,-0.047718,0.233421,0.793664,-0.168831,-0.139474,0.567574,0.955496,-0.173970,-0.049070,0.233140,0.954472,-0.179504,-0.047718,0.233421,1.000000,
0.954472,-0.179504,-0.047718,0.233421,0.793664,-0.168831,-0.139474,0.567574,0.953708,-0.183517,-0.046736,0.233619,0.954472,-0.179504,-0.047718,0.233421,1.000000,
0.954472,-0.179504,-0.047718,0.233421,0.793664,-0.168831,-0.139474,0.567574,0.955496,-0.173970,-0.049070,0.233140,0.954472,-0.179504,-0.047718,0.233421,1.000000,
0.954472,-0.179504,-0.047718,0.233421,0.793664,-0.168831,-0.139474,0.567574,0.953708,-0.183517,-0.046736,0.233619,0.954472,-0.179504,-0.047718,0.233421,1.000000,
0.954472,-0.179504,-0.047718,0.233421,0.793664,-0.168831,-0.139474,0.567574,0.955496,-0.173971,-0.049070,0.233140,0.954472,-0.179504,-0.047718,0.233421,1.000000,
0.954472,-0.179504,-0.047718,0.233421,0.793664,-0.168831,-0.139474,0.567574,0.953708,-0.183517,-0.046736,0.233619,0.954472,-0.179504,-0.047718,0.233421,1.000000,
0.954472,-0.179504,-0.047718,0.233421,0.793664,-0.168831,-0.139474,0.567574,0.955496,-0.173971,-0.049070,0.233140,0.954472,-0.179504,-0.047718,0.233421,1.000000,
0.954472,-0.179504,-0.047718,0.233421,0.793664,-0.168831,-0.139474,0.567574,0.953708,-0.183517,-0.046736,0.233619,0.954472,-0.179504,-0.047718,0.233421,1.000000,
0.954472,-0.179504,-0.047718,0.233421,0.793664,-0.168831,-0.139474,0.567574,0.955496,-0.173971,-0.049070,0.233140,0.954472,-0.179504,-0.047718,0.233421,1.000000,
0.954472,-0.179504,-0.047718,0.233421,0.793664,-0.168831,-0.139474,0.567574,0.953708,-0.183517,-0.046736,0.233619,0.954472,-0.179504,-0.047718,0.233421,1.000000,
0.954472,-0.179504,-0.047718,0.233421,0.793664,-0.168831,-0.139474,0.567574,0.955496,-0.173971,-0.049070,0.233140,0.954472,-0.179504,-0.047718,0.233421,1.000000,
0.954472,-0.179504,-0.047718,0.233421,0.793664,-0.168831,-0.139474,0.567574,0.953708,-0.183517,-0.046736,0.233619,0.954472,-0.179504,-0.047718,0.233421,1.000000,
0.954472,-0.179504,-0.047718,0.233421,0.793664,-0.168831,-0.139474,0.567574,0.955496,-0.173971,-0.049070,0.233140,0.954472,-0.179504,-0.047718,0.233421,1.000000,
0.954472,-0.179504,-0.047718,0.233421,0.793664,-0.168831,-0.139474,0.567574,0.953708,-0.183517,-0.046736,0.233619,0.954472,-0.179504,-0.047718,0.233421,1.000000,
0.954472,-0.179504,-0.047718,0.233421,0.793664,-0.168831,-0.139474,0.567574,0.955496,-0.173971,-0.049070,0.233140,0.954472,-0.179504,-0.047718,0.233421,1.000000,
0.954472,-0.179504,-0.047718,0.233421,0.793664,-0.168831,-0.139474,0.567574,0.953708,-0.183517,-0.046736,0.233619,0.954472,-0.179504,-0.047718,0.233421,1.000000,
0.954472,-0.179504,-0.047718,0.233421,0.793664,-0.168831,-0.139474,0.567574,0.955496,-0.173971,-0.049070,0.233140,0.954472,-0.179504,-0.047718,0.233421,1.000000,
0.954472,-0.179504,-0.047718,0.233421,0.793664,-0.168831,-0.139474,0.567574,0.953708,-0.183517,-0.046736,0.233619,0.954472,-0.179504,-0.047718,0.233421,1.000000,
0.954472,-0.179504,-0.047718,0.233421,0.793664,-0.168831,-0.139474,0.567574,0.955496,-0.173971,-0.049070,0.233140,0.954472,-0.179504,-0.047718,0.233421,1.000000,
0.954472,-0.179504,-0.047718,0.233421,0.793664,-0.168831,-0.139474,0.567574,0.953708,-0.183517,-0.046736,0.233619,0.954472,-0.179504,-0.047718,0.233421,1.000000,
0.954472,-0.179504,-0.047718,0.233421,0.793664,-0.168831,-0.139474,0.567574,0.955496,-0.173971,-0.049070,0.233140,0.954472,-0.179504,-0.047718,0.233421,1.000000,
0.954472,-0.179504,-0.047718,0.233421,0.793664,-0.168831,-0.139474,0.567574,0.953708,-0.183517,-0.046736,0.233619,0.954472,-0.179504,-0.047718,0.233421,1.000000,
0.954472,-0.179504,-0.047718,0.233421,0.793664,-0.168831,-0.139474,0.567574,0.955496,-0.173971,-0.049070,0.233140,0.954472,-0.179504,-0.047718,0.233421,1.000000,
0.954472,-0.179504,-0.047718,0.233421,0.793664,-0.168831,-0.139474,0.567574,0.953708,-0.183517,-0.046736,0.233619,0.954472,-0.179504,-0.047718,0.233421,1.000000,
0.954472,-0.179504,-0.047718,0.233421,0.793664,-0.168831,-0.139474,0.567574,0.955496,-0.173971,-0.049070,0.233140,0.954472,-0.179504,-0.047718,0.233421,1.000000,
0.954472,-0.179504,-0.047718,0.233421,0.793664,-0.168831,-0.139474,0.567574,0.953708,-0.183517,-0.046736,0.233619,0.954472,-0.179504,-0.047718,0.233421,1.000000,
0.954472,-0.179504,-0.047718,0.233421,0.793664,-0.168831,-0.139474,0.567574,0.955496,-0.173971,-0.049070,0.233140,0.954472,-0.179504,-0.047718,0.233421,1.000000,
0.954472,-0.179504,-0.047718,0.233421,0.793664,-0.168831,-0.139474,0.567574,0.953708,-0.183518,-0.046736,0.233619,0.954472,-0.179504,-0.047718,0.233421,1.000000,
0.954472,-0.179504,-0.047718,0.233421,0.793664,-0.168831,-0.139474,0.567574,0.955496,-0.173971,-0.049070,0.233140,0.954472,-0.179504,-0.047718,0.233421,1.000000,
0.954472,-0.179504,-0.047718,0.233421,0.793664,-0.168831,-0.139474,0.567574,0.953708,-0.183518,-0.046736,0.233619,0.954472,-0.179504,-0.047718,0.233421,1.000000,
0.954472,-0.179504,-0.047718,0.233421,0.793664,-0.168831,-0.139474,0.567574,0.955496,-0.173972,-0.049070,0.233140,0.954472,-0.179504,-0.047718,0.233421,1.000000,
0.954472,-0.179504,-0.047718,0.233421,0.793664,-0.168831,-0.139474,0.567574,0.953708,-0.183518,-0.046736,0.233619,0.954472,-0.179504,-0.047718,0.233421,1.000000,
0.954472,-0.179504,-0.047718,0.233421,0.793664,-0.168831,-0.139474,0.567574,0.955495,-0.173972,-0.049069,0.233140,0.954472,-0.179504,-0.047718,0.233421,1.000000,
0.954472,-0.179504,-0.047718,0.233421,0.793664,-0.168831,-0.139474,0.567574,0.953708,-0.183518,-0.046736,0.233619,0.954472,-0.179504,-0.047718,0.233421,1.000000,
0.954472,-0.179504,-0.047718,0.233421,0.793664,-0.168831,-0.139474,0.567574,0.955495,-0.173972,-0.049069,0.233140,0.954472,-0.179504,-0.047718,0.233421,1.000000,
0.954472,-0.179504,-0.047718,0.233421,0.793664,-0.168831,-0.139474,0.567574,0.953708,-0.183518,-0.046736,0.233619,0.954472,-0.179504,-0.047718,0.233421,1.000000,
0.954472,-0.179504,-0.047718,0.233421,0.793664,-0.168831,-0.139474,0.567574,0.955495,-0.173972,-0.049069,0.233140,0.954472,-0.179504,-0.047718,0.233421,1.000000,
0.954472,-0.179504,-0.047718,0.233421,0.793664,-0.168831,-0.139474,0.567574,0.953708,-0.183518,-0.046736,0.233619,0.954472,-0.179504,-0.047718,0.233421,1.000000,
0.954472,-0.179504,-0.047718,0.233421,0.793664,-0.168831,-0.139474,0.567574,0.955495,-0.173972,-0.049069,0.233140,0.954472,-0.179504,-0.047718,0.233421,1.000000,
0.954472,-0.179504,-0.047718,0.233421,0.793664,-0.168831,-0.139474,0.567574,0.953708,-0.183518,-0.046736,0.233619,0.954472,-0.179504,-0.047718,0.233421,1.000000,
0.954472,-0.179504,-0.047718,0.233421,0.793664,-0.168831,-0.139474,0.567574,0.955495,-0.173972,-0.049069,0.233140,0.954472,-0.179504,-0.047718,0.233421,1.000000,
0.954472,-0.179504,-0.047718,0.233421,0.793664,-0.168831,-0.139474,0.567574,0.953708,-0.183518,-0.046736,0.233619,0.954472,-0.179504,-0.047718,0.233421,1.000000,
0.954472,-0.179504,-0.047718,0.233421,0.793664,-0.168831,-0.139474,0.567574,0.955495,-0.173972,-0.049069,0.233140,0.954472,-0.179504,-0.047718,0.233421,1.000000,
0.954472,-0.179504,-0.047718,0.233421,0.793664,-0.168831,-0.139474,0.567574,0.953708,-0.183518,-0.046736,0.233619,0.954472,-0.179504,-0.047718,0.233421,1.000000,
0.954472,-0.179504,-0.047718,0.233421,0.793664,-0.168831,-0.139474,0.567574,0.955495,-0.173972,-0.049069,0.233140,0.954472,-0.179504,-0.047718,0.233421,1.000000,
0.954472,-0.179504,-0.047718,0.233421,0.793664,-0.168831,-0.139474,0.567574,0.953708,-0.183518,-0.046736,0.233619,0.954472,-0.179504,-0.047718,0.233421,1.000000,
0.954472,-0.179504,-0.047718,0.233421,0.793664,-0.168831,-0.139474,0.567574,0.955495,-0.173972,-0.049069,0.233140,0.954472,-0.179504,-0.047718,0.233421,1.000000,
0.954472,-0.179504,-0.047718,0.233421,0.793664,-0.168831,-0.139474,0.567574,0.953708,-0.183518,-0.046736,0.233619,0.954472,-0.179504,-0.047718,0.233421,1.000000,
0.954472,-0.179504,-0.047718,0.233421,0.793664,-0.168831,-0.139474,0.567574,0.955495,-0.173972,-0.049069,0.233140,0.954472,-0.179504,-0.047718,0.233421,1.000000,
0.954472,-0.179504,-0.047718,0.233421,0.793664,-0.168831,-0.139474,0.567574,0.953708,-0.183518,-0.046736,0.233619,0.954472,-0.179504,-0.047718,0.233421,1.000000,
0.954472,-0.179504,-0.047718,0.233421,0.793664,-0.168831,-0.139474,0.567574,0.955495,-0.173972,-0.049069,0.233140,0.954472,-0.179504,-0.047718,0.233421,1.000000,
0.954472,-0.179504,-0.047718,0.233421,0.793664,-0.168831,-0.139474,0.567574,0.953708,-0.183518,-0.046735,0.233619,0.954472,-0.179504,-0.047718,0.233421,1.000000,
0.954472,-0.179504,-0.047718,0.233421,0.793664,-0.168831,-0.139474,0.567574,0.955495,-0.173972,-0.049069,0.233140,0.954472,-0.179504,-0.047718,0.233421,1.000000,
0.954472,-0.179504,-0.047718,0.233421,0.793664,-0.168831,-0.139474,0.567574,0.953708,-0.183519,-0.046735,0.233619,0.954472,-0.179504,-0.047718,0.233421,1.000000,
0.954472,-0.179504,-0.047718,0.233421,0.793664,-0.168831,-0.139474,0.567574,0.955495,-0.173972,-0.049069,0.233140,0.954472,-0.179504,-0.047718,0.233421,1.000000,
0.954472,-0.179504,-0.047718,0.233421,0.793664,-0.168831,-0.139474,0.567574,0.953708,-0.183519,-0.046735,0.233619,0.954472,-0.179504,-0.047718,0.233421,1.000000,
0.954472,-0.179504,-0.047718,0.233421,0.793664,-0.168831,-0.139474,0.567574,0.955495,-0.173972,-0.049069,0.233140,0.954472,-0.179504,-0.047718,0.233421,1.000000,
0.954472,-0.179504,-0.047718,0.233421,0.793664,-0.168831,-0.139474,0.567574,0.953708,-0.183519,-0.046735,0.233619,0.954472,-0.179504,-0.047718,0.233421,1.000000,
0.954472,-0.179504,-0.047718,0.233421,0.793664,-0.168831,-0.139474,0.567574,0.955495,-0.173973,-0.049069,0.233140,0.954472,-0.179504,-0.047718,0.233421,1.000000,
0.954472,-0.179504,-0.047718,0.233421,0.793664,-0.168831,-0.139474,0.567574,0.953708,-0.183519,-0.046735,0.233619,0.954472,-0.179504,-0.047718,0.233421,1.000000,
0.954472,-0.179504,-0.047718,0.233421,0.793664,-0.168831,-0.139474,0.567574,0.955495,-0.173973,-0.049069,0.233140,0.954472,-0.179504,-0.047718,0.233421,1.000000,
0.954472,-0.179504,-0.047718,0.233421,0.793664,-0.168831,-0.139474,0.567574,0.953708,-0.183519,-0.046735,0.233619,0.954472,-0.179504,-0.047718,0.233421,1.000000,
0.954472,-0.179504,-0.047718,0.233421,0.793664,-0.168831,-0.139474,0.567574,0.955495,-0.173973,-0.049069,0.233140,0.954472,-0.179504,-0.047718,0.233421,1.000000,
0.954472,-0.179504,-0.047718,0.233421,0.793664,-0.168831,-0.139474,0.567574,0.953708,-0.183519,-0.046735,0.233619,0.954472,-0.179504,-0.047718,0.233421,1.000000,
0.954472,-0.179504,-0.047718,0.233421,0.793664,-0.168831,-0.139474,0.567574,0.955495,-0.173973,-0.049069,0.233140,0.954472,-0.179504,-0.047718,0.233421,1.000000,
0.954472,-0.179504,-0.047718,0.233421,0.793664,-0.168831,-0.139474,0.567574,0.953708,-0.183519,-0.046735,0.233619,0.954472,-0.179504,-0.047718,0.233421,1.000000,
0.954472,-0.179504,-0.047718,0.233421,0.793664,-0.168831,-0.139474,0.567574,0.955495,-0.173973,-0.049069,0.233140,0.954472,-0.179504,-0.047718,0.233421,1.000000,
0.954472,-0.179504,-0.047718,0.233421,0.793664,-0.168831,-0.139474,0.567574,0.953708,-0.183519,-0.046735,0.233619,0.954472,-0.179504,-0.047718,0.233421,1.000000,
0.954472,-0.179504,-0.047718,0.233421,0.793664,-0.168831,-0.139474,0.567574,0.955495,-0.173973,-0.049069,0.233140,0.954472,-0.179504,-0.047718,0.233421,1.000000,
0.954472,-0.179504,-0.047718,0.233421,0.793664,-0.168831,-0.139474,0.567574,0.953708,-0.183519,-0.046735,0.233619,0.954472,-0.179504,-0.047718,0.233421,1.000000,
0.954472,-0.179504,-0.047718,0.233421,0.793664,-0.168831,-0.139474,0.567574,0.955495,-0.173973,-0.049069,0.233140,0.954472,-0.179504,-0.047718,0.233421,1.000000,
0.954472,-0.179504,-0.047718,0.233421,0.793664,-0.168831,-0.139474,0.567574,0.953708,-0.183519,-0.046735,0.233619,0.954472,-0.179504,-0.047718,0.233421,1.000000,
0.954472,-0.179504,-0.047718,0.233421,0.793664,-0.168831,-0.139474,0.567574,0.955495,-0.173973,-0.049069,0.233140,0.954472,-0.179504,-0.047718,0.233421,1.000000,
0.954472,-0.179504,-0.047718,0.233421,0.793664,-0.168831,-0.139474,0.567574,0.953708,-0.183519,-0.046735,0.233619,0.954472,-0.179504,-0.047718,0.233421,1.000000,
0.954472,-0.179504,-0.047718,0.233421,0.793664,-0.168831,-0.139474,0.567574,0.955495,-0.173973,-0.049069,0.233140,0.954472,-0.179504,-0.047718,0.233421,1.000000,
0.954472,-0.179504,-0.047718,0.233421,0.793664,-0.168831,-0.139474,0.567574,0.953708,-0.183519,-0.046735,0.233620,0.954472,-0.179504,-0.047718,0.233421,1.000000,
0.954472,-0.179504,-0.047718,0.233421,0.793664,-0.168831,-0.139474,0.567574,0.955495,-0.173973,-0.049069,0.233140,0.954472,-0.179504,-0.047718,0.233421,1.000000,
0.954472,-0.179504,-0.047718,0.233421,0.793664,-0.168831,-0.139474,0.567574,0.953708,-0.183519,-0.046735,0.233620,0.954472,-0.179504,-0.047718,0.233421,1.000000,
0.954472,-0.179504,-0.047718,0.233421,0.793664,-0.168831,-0.139474,0.567574,0.955495,-0.173973,-0.049069,0.233140,0.954472,-0.179504,-0.047718,0.233421,1.000000,
0.954472,-0.179504,-0.047718,0.233421,0.793664,-0.168831,-0.139474,0.567574,0.953708,-0.183519,-0.046735,0.233620,0.954472,-0.179504,-0.047718,0.233421,1.000000,
0.954472,-0.179504,-0.047718,0.233421,0.793664,-0.168831,-0.139474,0.567574,0.955495,-0.173973,-0.049069,0.233140,0.954472,-0.179504,-0.047718,0.233421,1.000000,
0.954472,-0.179504,-0.047718,0.233421,0.793664,-0.168831,-0.139474,0.567574,0.953708,-0.183520,-0.046735,0.233620,0.954472,-0.179504,-0.047718,0.233421,1.000000,
0.954472,-0.179504,-0.047718,0.233421,0.793664,-0.168831,-0.139474,0.567574,0.955495,-0.173973,-0.049069,0.233140,0.954472,-0.179504,-0.047718,0.233421,1.000000,
0.954472,-0.179504,-0.047718,0.233421,0.793664,-0.168831,-0.139474,0.567574,0.953708,-0.183520,-0.046735,0.233620,0.954472,-0.179504,-0.047718,0.233421,1.000000,
0.954472,-0.179504,-0.047718,0.233421,0.793664,-0.168831,-0.139474,0.567574,0.955495,-0.173974,-0.049069,0.233140,0.954472,-0.179504,-0.047718,0.233421,1.000000,
0.954472,-0.179504,-0.047718,0.233421,0.793664,-0.168831,-0.139474,0.567574,0.953708,-0.183520,-0.046735,0.233620,0.954472,-0.179504,-0.047718,0.233421,1.000000,
0.954472,-0.179504,-0.047718,0.233421,0.793664,-0.168831,-0.139474,0.567574,0.955495,-0.173974,-0.049069,0.233140,0.954472,-0.179504,-0.047718,0.233421,1.000000,
0.954472,-0.179504,-0.047718,0.233421,0.793664,-0.168831,-0.139474,0.567574,0.953708,-0.183520,-0.046735,0.233620,0.954472,-0.179504,-0.047718,0.233421,1.000000,
0.954472,-0.179504,-0.047718,0.233421,0.793664,-0.168831,-0.139474,0.567574,0.955495,-0.173974,-0.049069,0.233141,0.954472,-0.179504,-0.047718,0.233421,1.000000,
0.954472,-0.179504,-0.047718,0.233421,0.793664,-0.168831,-0.139474,0.567574,0.953708,-0.183520,-0.046735,0.233620,0.954472,-0.179504,-0.047718,0.233421,1.000000,
0.954472,-0.179504,-0.047718,0.233421,0.793664,-0.168831,-0.139474,0.567574,0.955495,-0.173974,-0.049069,0.233141,0.954472,-0.179504,-0.047718,0.233421,1.000000,
0.954472,-0.179504,-0.047718,0.233421,0.793664,-0.168831,-0.139474,0.567574,0.953708,-0.183520,-0.046735,0.233620,0.954472,-0.179504,-0.047718,0.233421,1.000000,
0.954472,-0.179504,-0.047718,0.233421,0.793664,-0.168831,-0.139474,0.567574,0.955495,-0.173974,-0.049069,0.233141,0.954472,-0.179504,-0.047718,0.233421,1.000000,
0.954472,-0.179504,-0.047718,0.233421,0.793664,-0.168831,-0.139474,0.567574,0.953708,-0.183520,-0.046735,0.233620,0.954472,-0.179504,-0.047718,0.233421,1.000000,
0.954472,-0.179504,-0.047718,0.233421,0.793664,-0.168831,-0.139474,0.567574,0.955495,-0.173974,-0.049069,0.233141,0.954472,-0.179504,-0.047718,0.233421,1.000000,
0.954472,-0.179504,-0.047718,0.233421,0.793664,-0.168831,-0.139474,0.567574,0.953708,-0.183520,-0.046735,0.233620,0.954472,-0.179504,-0.047718,0.233421,1.000000,
0.954472,-0.179504,-0.047718,0.233421,0.793664,-0.168831,-0.139474,0.567574,0.955495,-0.173974,-0.049069,0.233141,0.954472,-0.179504,-0.047718,0.233421,1.000000,
0.954472,-0.179504,-0.047718,0.233421,0.793664,-0.168831,-0.139474,0.567574,0.953708,-0.183520,-0.046735,0.233620,0.954472,-0.179504,-0.047718,0.233421,1.000000,
0.954472,-0.179504,-0.047718,0.233421,0.793664,-0.168831,-0.139474,0.567574,0.955495,-0.173974,-0.049069,0.233141,0.954472,-0.179504,-0.047718,0.233421,1.000000,
0.954472,-0.179504,-0.047718,0.233421,0.793664,-0.168831,-0.139474,0.567574,0.953708,-0.183520,-0.046735,0.233620,0.954472,-0.179504,-0.047718,0.233421,1.000000,
0.954472,-0.179504,-0.047718,0.233421,0.793664,-0.168831,-0.139474,0.567574,0.955495,-0.173974,-0.049069,0.233141,0.954472,-0.179504,-0.047718,0.233421,1.000000,
0.954472,-0.179504,-0.047718,0.233421,0.793664,-0.168831,-0.139474,0.567574,0.953708,-0.183520,-0.046735,0.233620,0.954472,-0.179504,-0.047718,0.233421,1.000000,
0.954472,-0.179504,-0.047718,0.233421,0.793664,-0.168831,-0.139474,0.567574,0.955495,-0.173974,-0.049069,0.233141,0.954472,-0.179504,-0.047718,0.233421,1.000000,
0.954472,-0.179504,-0.047718,0.233421,0.793664,-0.168831,-0.139474,0.567574,0.953708,-0.183520,-0.046735,0.233620,0.954472,-0.179504,-0.047718,0.233421,1.000000,
0.954472,-0.179504,-0.047718,0.233421,0.793664,-0.168831,-0.139474,0.567574,0.955495,-0.173974,-0.049069,0.233141,0.954472,-0.179504,-0.047718,0.233421,1.000000,
0.954472,-0.179504,-0.047718,0.233421,0.793664,-0.168831,-0.139474,0.567574,0.953707,-0.183520,-0.046735,0.233620,0.954472,-0.179504,-0.047718,0.233421,1.000000,
0.954472,-0.179504,-0.047718,0.233421,0.793664,-0.168831,-0.139474,0.567574,0.955495,-0.173974,-0.049069,0.233141,0.954472,-0.179504,-0.047718,0.233421,1.000000,
0.954472,-0.179504,-0.047718,0.233421,0.793664,-0.168831,-0.139474,0.567574,0.953707,-0.183521,-0.046735,0.233620,0.954472,-0.179504,-0.047718,0.233421,1.000000,
0.954472,-0.179504,-0.047718,0.233421,0.793664,-0.168831,-0.139474,0.567574,0.955495,-0.173974,-0.049069,0.233141,0.954472,-0.179504,-0.047718,0.233421,1.000000,
0.954472,-0.179504,-0.047718,0.233421,0.793664,-0.168831,-0.139474,0.567574,0.953707,-0.183521,-0.046735,0.233620,0.954472,-0.179504,-0.047718,0.233421,1.000000,
0.954472,-0.179504,-0.047718,0.233421,0.793664,-0.168831,-0.139474,0.567574,0.955495,-0.173975,-0.049069,0.233141,0.954472,-0.179504,-0.047718,0.233421,1.000000,
0.954472,-0.179504,-0.047718,0.233421,0.793664,-0.168831,-0.139474,0.567574,0.953707,-0.183521,-0.046735,0.233620,0.954472,-0.179504,-0.047718,0.233421,1.000000,
0.954472,-0.179504,-0.047718,0.233421,0.793664,-0.168831,-0.139474,0.567574,0.955495,-0.173975,-0.049069,0.233141,0.954472,-0.179504,-0.047718,0.233421,1.000000,
0.954472,-0.179504,-0.047718,0.233421,0.793664,-0.168831,-0.139474,0.567574,0.953707,-0.183521,-0.046735,0.233620,0.954472,-0.179504,-0.047718,0.233421,1.000000,
0.954472,-0.179504,-0.047718,0.233421,0.793664,-0.168831,-0.139474,0.567574,0.955495,-0.173975,-0.049069,0.233141,0.954472,-0.179504,-0.047718,0.233421,1.000000,
0.954472,-0.179504,-0.047718,0.233421,0.793664,-0.168831,-0.139474,0.567574,0.953707,-0.183521,-0.046735,0.233620,0.954472,-0.179504,-0.047718,0.233421,1.000000,
0.954472,-0.179504,-0.047718,0.233421,0.793664,-0.168831,-0.139474,0.567574,0.955495,-0.173975,-0.049069,0.233141,0.954472,-0.179504,-0.047718,0.233421,1.000000,
0.954472,-0.179504,-0.047718,0.233421,0.793664,-0.168831,-0.139474,0.567574,0.953707,-0.183521,-0.046735,0.233620,0.954472,-0.179504,-0.047718,0.233421,1.000000,
0.954472,-0.179504,-0.047718,0.233421,0.793664,-0.168831,-0.139474,0.567574,0.955495,-0.173975,-0.049069,0.233141,0.954472,-0.179504,-0.047718,0.233421,1.000000,
0.954472,-0.179504,-0.047718,0.233421,0.793664,-0.168831,-0.139474,0.567574,0.953707,-0.183521,-0.046735,0.233620,0.954472,-0.179504,-0.047718,0.233421,1.000000,
0.954472,-0.179504,-0.047718,0.233421,0.793664,-0.168831,-0.139474,0.567574,0.955495,-0.173975,-0.049069,0.233141,0.954472,-0.179504,-0.047718,0.233421,1.000000,
0.954472,-0.179504,-0.047718,0.233421,0.793664,-0.168831,-0.139474,0.567574,0.953707,-0.183521,-0.046735,0.233620,0.954472,-0.179504,-0.047718,0.233421,1.000000,
0.954472,-0.179504,-0.047718,0.233421,0.793664,-0.168831,-0.139474,0.567574,0.955495,-0.173975,-0.049069,0.233141,0.954472,-0.179504,-0.047718,0.233421,1.000000,
0.954472,-0.179504,-0.047718,0.233421,0.793664,-0.168831,-0.139474,0.567574,0.953707,-0.183521,-0.046735,0.233620,0.954472,-0.179504,-0.047718,0.233421,1.000000,
0.954472,-0.179504,-0.047718,0.233421,0.793664,-0.168831,-0.139474,0.567574,0.955495,-0.173975,-0.049069,0.233141,0.954472,-0.179504,-0.047718,0.233421,1.000000,
0.954472,-0.179504,-0.047718,0.233421,0.793664,-0.168831,-0.139474,0.567574,0.953707,-0.183521,-0.046735,0.233620,0.954472,-0.179504,-0.047718,0.233421,1.000000,
0.954472,-0.179504,-0.047718,0.233421,0.793664,-0.168831,-0.139474,0.567574,0.955495,-0.173975,-0.049069,0.233141,0.954472,-0.179504,-0.047718,0.233421,1.000000,
0.954472,-0.179504,-0.047718,0.233421,0.793664,-0.168831,-0.139474,0.567574,0.953707,-0.183521,-0.046735,0.233620,0.954472,-0.179504,-0.047718,0.233421,1.000000,
0.954472,-0.179504,-0.047718,0.233421,0.793664,-0.168831,-0.139474,0.567574,0.955495,-0.173975,-0.049069,0.233141,0.954472,-0.179504,-0.047718,0.233421,1.000000,
0.954472,-0.179504,-0.047718,0.233421,0.793664,-0.168831,-0.139474,0.567574,0.953707,-0.183521,-0.046735,0.233620,0.954472,-0.179504,-0.047718,0.233421,1.000000,
0.954472,-0.179504,-0.047718,0.233421,0.793664,-0.168831,-0.139474,0.567574,0.955495,-0.173975,-0.049069,0.233141,0.954472,-0.179504,-0.047718,0.233421,1.000000,
0.954472,-0.179504,-0.047718,0.233421,0.793664,-0.168831,-0.139474,0.567574,0.953707,-0.183521,-0.046735,0.233620,0.954472,-0.179504,-0.047718,0.233421,1.000000,
0.954472,-0.179504,-0.047718,0.233421,0.793664,-0.168831,-0.139474,0.567574,0.955495,-0.173975,-0.049069,0.233141,0.954472,-0.179504,-0.047718,0.233421,1.000000,
0.954472,-0.179504,-0.047718,0.233421,0.793664,-0.168831,-0.139474,0.567574,0.953707,-0.183522,-0.046735,0.233620,0.954472,-0.179504,-0.047718,0.233421,1.000000,
0.954472,-0.179504,-0.047718,0.233421,0.793664,-0.168831,-0.139474,0.567574,0.955495,-0.173975,-0.049069,0.233141,0.954472,-0.179504,-0.047718,0.233421,1.000000,
0.954472,-0.179504,-0.047718,0.233421,0.793664,-0.168831,-0.139474,0.567574,0.953707,-0.183522,-0.046735,0.233620,0.954472,-0.179504,-0.047718,0.233421,1.000000,
0.954472,-0.179504,-0.047718,0.233421,0.793664,-0.168831,-0.139474,0.567574,0.955495,-0.173976,-0.049069,0.233141,0.954472,-0.179504,-0.047718,0.233421,1.000000,
0.954472,-0.179504,-0.047718,0.233421,0.793664,-0.168831,-0.139474,0.567574,0.953707,-0.183522,-0.046735,0.233620,0.954472,-0.179504,-0.047718,0.233421,1.000000,
0.954472,-0.179504,-0.047718,0.233421,0.793664,-0.168831,-0.139474,0.567574,0.955495,-0.173976,-0.049069,0.233141,0.954472,-0.179504,-0.047718,0.233421,1.000000,
0.954472,-0.179504,-0.047718,0.233421,0.793664,-0.168831,-0.139474,0.567574,0.953707,-0.183522,-0.046735,0.233620,0.954472,-0.179504,-0.047718,0.233421,1.000000,
0.954472,-0.179504,-0.047718,0.233421,0.793664,-0.168831,-0.139474,0.567574,0.955495,-0.173976,-0.049068,0.233141,0.954472,-0.179504,-0.047718,0.233421,1.000000,
0.954472,-0.179504,-0.047718,0.233421,0.793664,-0.168831,-0.139474,0.567574,0.953707,-0.183522,-0.046735,0.233620,0.954472,-0.179504,-0.047718,0.233421,1.000000,
0.954472,-0.179504,-0.047718,0.233421,0.793664,-0.168831,-0.139474,0.567574,0.955495,-0.173976,-0.049068,0.233141,0.954472,-0.179504,-0.047718,0.233421,1.000000,
0.954472,-0.179504,-0.047718,0.233421,0.793664,-0.168831,-0.139474,0.567574,0.953707,-0.183522,-0.046735,0.233620,0.954472,-0.179504,-0.047718,0.233421,1.000000,
0.954472,-0.179504,-0.047718,0.233421,0.793664,-0.168831,-0.139474,0.567574,0.955495,-0.173976,-0.049068,0.233141,0.954472,-0.179504,-0.047718,0.233421,1.000000,
0.954472,-0.179504,-0.047718,0.233421,0.793664,-0.168831,-0.139474,0.567574,0.953707,-0.183522,-0.046735,0.233620,0.954472,-0.179504,-0.047718,0.233421,1.000000,
0.954472,-0.179504,-0.047718,0.233421,0.793664,-0.168831,-0.139474,0.567574,0.955495,-0.173976,-0.049068,0.233141,0.954472,-0.179504,-0.047718,0.233421,1.000000,
0.954472,-0.179504,-0.047718,0.233421,0.793664,-0.168831,-0.139474,0.567574,0.953707,-0.183522,-0.046735,0.233620,0.954472,-0.179504,-0.047718,0.233421,1.000000,
0.954472,-0.179504,-0.047718,0.233421,0.793664,-0.168831,-0.139474,0.567574,0.955495,-0.173976,-0.049068,0.233141,0.954472,-0.179504,-0.047718,0.233421,1.000000,
0.954472,-0.179504,-0.047718,0.233421,0.793664,-0.168831,-0.139474,0.567574,0.953707,-0.183522,-0.046735,0.233620,0.954472,-0.179504,-0.047718,0.233421,1.000000,
0.954472,-0.179504,-0.047718,0.233421,0.793664,-0.168831,-0.139474,0.567574,0.955495,-0.173976,-0.049068,0.233141,0.954472,-0.179504,-0.047718,0.233421,1.000000,
0.954472,-0.179504,-0.047718,0.233421,0.793664,-0.168831,-0.139474,0.567574,0.953707,-0.183522,-0.046735,0.233620,0.954472,-0.179504,-0.047718,0.233421,1.000000,
0.954472,-0.179504,-0.047718,0.233421,0.793664,-0.168831,-0.139474,0.567574,0.955495,-0.173976,-0.049068,0.233141,0.954472,-0.179504,-0.047718,0.233421,1.000000,
0.954472,-0.179504,-0.047718,0.233421,0.793664,-0.168831,-0.139474,0.567574,0.953707,-0.183522,-0.046735,0.233620,0.954472,-0.179504,-0.047718,0.233421,1.000000,
0.954472,-0.179504,-0.047718,0.233421,0.793664,-0.168831,-0.139474,0.567574,0.955495,-0.173976,-0.049068,0.233141,0.954472,-0.179504,-0.047718,0.233421,1.000000,
0.954472,-0.179504,-0.047718,0.233421,0.793664,-0.168831,-0.139474,0.567574,0.953707,-0.183522,-0.046735,0.233620,0.954472,-0.179504,-0.047718,0.233421,1.000000,
0.954472,-0.179504,-0.047718,0.233421,0.793664,-0.168831,-0.139474,0.567574,0.955495,-0.173976,-0.049068,0.233141,0.954472,-0.179504,-0.047718,0.233421,1.000000,
0.954472,-0.179504,-0.047718,0.233421,0.793664,-0.168831,-0.139474,0.567574,0.953707,-0.183522,-0.046735,0.233620,0.954472,-0.179504,-0.047718,0.233421,1.000000,
0.954472,-0.179504,-0.047718,0.233421,0.793664,-0.168831,-0.139474,0.567574,0.955495,-0.173976,-0.049068,0.233141,0.954472,-0.179504,-0.047718,0.233421,1.000000,
0.954472,-0.179504,-0.047718,0.233421,0.793664,-0.168831,-0.139474,0.567574,0.953707,-0.183523,-0.046734,0.233620,0.954472,-0.179504,-0.047718,0.233421,1.000000,
0.954472,-0.179504,-0.047718,0.233421,0.793664,-0.168831,-0.139474,0.567574,0.955495,-0.173976,-0.049068,0.233141,0.954472,-0.179504,-0.047718,0.233421,1.000000,
0.954472,-0.179504,-0.047718,0.233421,0.793664,-0.168831,-0.139474,0.567574,0.953707,-0.183523,-0.046734,0.233620,0.954472,-0.179504,-0.047718,0.233421,1.000000,
0.954472,-0.179504,-0.047718,0.233421,0.793664,-0.168831,-0.139474,0.567574,0.955495,-0.173976,-0.049068,0.233141,0.954472,-0.179504,-0.047718,0.233421,1.000000,
0.954472,-0.179504,-0.047718,0.233421,0.793664,-0.168831,-0.139474,0.567574,0.953707,-0.183523,-0.046734,0.233620,0.954472,-0.179504,-0.047718,0.233421,1.000000,
0.954472,-0.179504,-0.047718,0.233421,0.793664,-0.168831,-0.139474,0.567574,0.955495,-0.173977,-0.049068,0.233141,0.954472,-0.179504,-0.047718,0.233421,1.000000,
0.954472,-0.179504,-0.047718,0.233421,0.793664,-0.168831,-0.139474,0.567574,0.953707,-0.183523,-0.046734,0.233620,0.954472,-0.179504,-0.047718,0.233421,1.000000,
0.954472,-0.179504,-0.047718,0.233421,0.793664,-0.168831,-0.139474,0.567574,0.955495,-0.173977,-0.049068,0.233141,0.954472,-0.179504,-0.047718,0.233421,1.000000,
0.954472,-0.179504,-0.047718,0.233421,0.793664,-0.168831,-0.139474,0.567574,0.953707,-0.183523,-0.046734,0.233620,0.954472,-0.179504,-0.047718,0.233421,1.000000,
0.954472,-0.179504,-0.047718,0.233421,0.793664,-0.168831,-0.139474,0.567574,0.955495,-0.173977,-0.049068,0.233141,0.954472,-0.179504,-0.047718,0.233421,1.000000,
0.954472,-0.179504,-0.047718,0.233421,0.793664,-0.168831,-0.139474,0.567574,0.953707,-0.183523,-0.046734,0.233620,0.954472,-0.179504,-0.047718,0.233421,1.000000,
0.954472,-0.179504,-0.047718,0.233421,0.793664,-0.168831,-0.139474,0.567574,0.955495,-0.173977,-0.049068,0.233141,0.954472,-0.179504,-0.047718,0.233421,1.000000,
0.954472,-0.179504,-0.047718,0.233421,0.793664,-0.168831,-0.139474,0.567574,0.953707,-0.183523,-0.046734,0.233620,0.954472,-0.179504,-0.047718,0.233421,1.000000,
0.954472,-0.179504,-0.047718,0.233421,0.793664,-0.168831,-0.139474,0.567574,0.955495,-0.173977,-0.049068,0.233141,0.954472,-0.179504,-0.047718,0.233421,1.000000,
0.954472,-0.179504,-0.047718,0.233421,0.793664,-0.168831,-0.139474,0.567574,0.953707,-0.183523,-0.046734,0.233620,0.954472,-0.179504,-0.047718,0.233421,1.000000,
0.954472,-0.179504,-0.047718,0.233421,0.793664,-0.168831,-0.139474,0.567574,0.955495,-0.173977,-0.049068,0.233141,0.954472,-0.179504,-0.047718,0.233421,1.000000,
0.954472,-0.179504,-0.047718,0.233421,0.793664,-0.168831,-0.139474,0.567574,0.953707,-0.183523,-0.046734,0.233620,0.954472,-0.179504,-0.047718,0.233421,1.000000,
0.954472,-0.179504,-0.047718,0.233421,0.793664,-0.168831,-0.139474,0.567574,0.955495,-0.173977,-0.049068,0.233141,0.954472,-0.179504,-0.047718,0.233421,1.000000,
0.954472,-0.179504,-0.047718,0.233421,0.793664,-0.168831,-0.139474,0.567574,0.953707,-0.183523,-0.046734,0.233620,0.954472,-0.179504,-0.047718,0.233421,1.000000,
0.954472,-0.179504,-0.047718,0.233421,0.793664,-0.168831,-0.139474,0.567574,0.955494,-0.173977,-0.049068,0.233141,0.954472,-0.179504,-0.047718,0.233421,1.000000,
0.954472,-0.179504,-0.047718,0.233421,0.793664,-0.168831,-0.139474,0.567574,0.953707,-0.183523,-0.046734,0.233620,0.954472,-0.179504,-0.047718,0.233421,1.000000,
0.954472,-0.179504,-0.047718,0.233421,0.793664,-0.168831,-0.139474,0.567574,0.955494,-0.173977,-0.049068,0.233141,0.954472,-0.179504,-0.047718,0.233421,1.000000,
0.954472,-0.179504,-0.047718,0.233421,0.793664,-0.168831,-0.139474,0.567574,0.953707,-0.183523,-0.046734,0.233620,0.954472,-0.179504,-0.047718,0.233421,1.000000,
0.954472,-0.179504,-0.047718,0.233421,0.793664,-0.168831,-0.139474,0.567574,0.955494,-0.173977,-0.049068,0.233141,0.954472,-0.179504,-0.047718,0.233421,1.000000,
0.954472,-0.179504,-0.047718,0.233421,0.793664,-0.168831,-0.139474,0.567574,0.953707,-0.183523,-0.046734,0.233620,0.954472,-0.179504,-0.047718,0.233421,1.000000,
0.954472,-0.179504,-0.047718,0.233421,0.793664,-0.168831,-0.139474,0.567574,0.955494,-0.173977,-0.049068,0.233141,0.954472,-0.179504,-0.047718,0.233421,1.000000,
0.954472,-0.179504,-0.047718,0.233421,0.793664,-0.168831,-0.139474,0.567574,0.953707,-0.183523,-0.046734,0.233620,0.954472,-0.179504,-0.047718,0.233421,1.000000,
0.954472,-0.179504,-0.047718,0.233421,0.793664,-0.168831,-0.139474,0.567574,0.955494,-0.173977,-0.049068,0.233141,0.954472,-0.179504,-0.047718,0.233421,1.000000,
0.954472,-0.179504,-0.047718,0.233421,0.793664,-0.168831,-0.139474,0.567574,0.953707,-0.183524,-0.046734,0.233620,0.954472,-0.179504,-0.047718,0.233421,1.000000,
0.954472,-0.179504,-0.047718,0.233421,0.793664,-0.168831,-0.139474,0.567574,0.955494,-0.173977,-0.049068,0.233141,0.954472,-0.179504,-0.047718,0.233421,1.000000,
0.954472,-0.179504,-0.047718,0.233421,0.793664,-0.168831,-0.139474,0.567574,0.953707,-0.183524,-0.046734,0.233620,0.954472,-0.179504,-0.047718,0.233421,1.000000,
0.954472,-0.179504,-0.047718,0.233421,0.793664,-0.168831,-0.139474,0.567574,0.955494,-0.173978,-0.049068,0.233141,0.954472,-0.179504,-0.047718,0.233421,1.000000,
0.954472,-0.179504,-0.047718,0.233421,0.793664,-0.168831,-0.139474,0.567574,0.953707,-0.183524,-0.046734,0.233620,0.954472,-0.179504,-0.047718,0.233421,1.000000,
0.954472,-0.179504,-0.047718,0.233421,0.793664,-0.168831,-0.139474,0.567574,0.955494,-0.173978,-0.049068,0.233141,0.954472,-0.179504,-0.047718,0.233421,1.000000,
0.954472,-0.179504,-0.047718,0.233421,0.793664,-0.168831,-0.139474,0.567574,0.953707,-0.183524,-0.046734,0.233620,0.954472,-0.179504,-0.047718,0.233421,1.000000,
0.954472,-0.179504,-0.047718,0.233421,0.793664,-0.168831,-0.139474,0.567574,0.955494,-0.173978,-0.049068,0.233141,0.954472,-0.179504,-0.047718,0.233421,1.000000,
0.954472,-0.179504,-0.047718,0.233421,0.793664,-0.168831,-0.139474,0.567574,0.953707,-0.183524,-0.046734,0.233620,0.954472,-0.179504,-0.047718,0.233421,1.000000,
0.954472,-0.179504,-0.047718,0.233421,0.793664,-0.168831,-0.139474,0.567574,0.955494,-0.173978,-0.049068,0.233141,0.954472,-0.179504,-0.047718,0.233421,1.000000,
0.954472,-0.179504,-0.047718,0.233421,0.793664,-0.168831,-0.139474,0.567574,0.953707,-0.183524,-0.046734,0.233620,0.954472,-0.179504,-0.047718,0.233421,1.000000,
0.954472,-0.179504,-0.047718,0.233421,0.793664,-0.168831,-0.139474,0.567574,0.955494,-0.173978,-0.049068,0.233141,0.954472,-0.179504,-0.047718,0.233421,1.000000,
0.954472,-0.179504,-0.047718,0.233421,0.793664,-0.168831,-0.139474,0.567574,0.953707,-0.183524,-0.046734,0.233620,0.954472,-0.179504,-0.047718,0.233421,1.000000,
0.954472,-0.179504,-0.047718,0.233421,0.793664,-0.168831,-0.139474,0.567574,0.955494,-0.173978,-0.049068,0.233141,0.954472,-0.179504,-0.047718,0.233421,1.000000,
0.954472,-0.179504,-0.047718,0.233421,0.793664,-0.168831,-0.139474,0.567574,0.953707,-0.183524,-0.046734,0.233620,0.954472,-0.179504,-0.047718,0.233421,1.000000,
0.954472,-0.179504,-0.047718,0.233421,0.793664,-0.168831,-0.139474,0.567574,0.955494,-0.173978,-0.049068,0.233141,0.954472,-0.179504,-0.047718,0.233421,1.000000,
0.954472,-0.179504,-0.047718,0.233421,0.793664,-0.168831,-0.139474,0.567574,0.953707,-0.183524,-0.046734,0.233620,0.954472,-0.179504,-0.047718,0.233421,1.000000,
0.954472,-0.179504,-0.047718,0.233421,0.793664,-0.168831,-0.139474,0.567574,0.955494,-0.173978,-0.049068,0.233141,0.954472,-0.179504,-0.047718,0.233421,1.000000,
0.954472,-0.179504,-0.047718,0.233421,0.793664,-0.168831,-0.139474,0.567574,0.953707,-0.183524,-0.046734,0.233620,0.954472,-0.179504,-0.047718,0.233421,1.000000,
0.954472,-0.179504,-0.047718,0.233421,0.793664,-0.168831,-0.139474,0.567574,0.955494,-0.173978,-0.049068,0.233141,0.954472,-0.179504,-0.047718,0.233421,1.000000,
0.954472,-0.179504,-0.047718,0.233421,0.793664,-0.168831,-0.139474,0.567574,0.953707,-0.183524,-0.046734,0.233620,0.954472,-0.179504,-0.047718,0.233421,1.000000,
0.954472,-0.179504,-0.047718,0.233421,0.793664,-0.168831,-0.139474,0.567574,0.955494,-0.173978,-0.049068,0.233141,0.954472,-0.179504,-0.047718,0.233421,1.000000,
0.954472,-0.179504,-0.047718,0.233421,0.793664,-0.168831,-0.139474,0.567574,0.953707,-0.183524,-0.046734,0.233620,0.954472,-0.179504,-0.047718,0.233421,1.000000,
0.954472,-0.179504,-0.047718,0.233421,0.793664,-0.168831,-0.139474,0.567574,0.955494,-0.173978,-0.049068,0.233141,0.954472,-0.179504,-0.047718,0.233421,1.000000,
0.954472,-0.179504,-0.047718,0.233421,0.793664,-0.168831,-0.139474,0.567574,0.953707,-0.183524,-0.046734,0.233620,0.954472,-0.179504,-0.047718,0.233421,1.000000,
0.954472,-0.179504,-0.047718,0.233421,0.793664,-0.168831,-0.139474,0.567574,0.955494,-0.173978,-0.049068,0.233141,0.954472,-0.179504,-0.047718,0.233421,1.000000,
0.954472,-0.179504,-0.047718,0.233421,0.793664,-0.168831,-0.139474,0.567574,0.953707,-0.183525,-0.046734,0.233620,0.954472,-0.179504,-0.047718,0.233421,1.000000,
0.954472,-0.179504,-0.047718,0.233421,0.793664,-0.168831,-0.139474,0.567574,0.955494,-0.173978,-0.049068,0.233141,0.954472,-0.179504,-0.047718,0.233421,1.000000,
0.954472,-0.179504,-0.047718,0.233421,0.793664,-0.168831,-0.139474,0.567574,0.953707,-0.183525,-0.046734,0.233620,0.954472,-0.179504,-0.047718,0.233421,1.000000,
0.954472,-0.179504,-0.047718,0.233421,0.793664,-0.168831,-0.139474,0.567574,0.955494,-0.173979,-0.049068,0.233141,0.954472,-0.179504,-0.047718,0.233421,1.000000,
0.954472,-0.179504,-0.047718,0.233421,0.793664,-0.168831,-0.139474,0.567574,0.953707,-0.183525,-0.046734,0.233620,0.954472,-0.179504,-0.047718,0.233421,1.000000,
0.954472,-0.179504,-0.047718,0.233421,0.793664,-0.168831,-0.139474,0.567574,0.955494,-0.173979,-0.049068,0.233141,0.954472,-0.179504,-0.047718,0.233421,1.000000,
0.954472,-0.179504,-0.047718,0.233421,0.793664,-0.168831,-0.139474,0.567574,0.953707,-0.183525,-0.046734,0.233620,0.954472,-0.179504,-0.047718,0.233421,1.000000,
0.954472,-0.179504,-0.047718,0.233421,0.793664,-0.168831,-0.139474,0.567574,0.955494,-0.173979,-0.049068,0.233141,0.954472,-0.179504,-0.047718,0.233421,1.000000,
0.954472,-0.179504,-0.047718,0.233421,0.793664,-0.168831,-0.139474,0.567574,0.953707,-0.183525,-0.046734,0.233620,0.954472,-0.179504,-0.047718,0.233421,1.000000,
0.954472,-0.179504,-0.047718,0.233421,0.793664,-0.168831,-0.139474,0.567574,0.955494,-0.173979,-0.049068,0.233141,0.954472,-0.179504,-0.047718,0.233421,1.000000,
0.954472,-0.179504,-0.047718,0.233421,0.793664,-0.168831,-0.139474,0.567574,0.953707,-0.183525,-0.046734,0.233620,0.954472,-0.179504,-0.047718,0.233421,1.000000,
0.954472,-0.179504,-0.047718,0.233421,0.793664,-0.168831,-0.139474,0.567574,0.955494,-0.173979,-0.049068,0.233141,0.954472,-0.179504,-0.047718,0.233421,1.000000,
0.954472,-0.179504,-0.047718,0.233421,0.793664,-0.168831,-0.139474,0.567574,0.953707,-0.183525,-0.046734,0.233620,0.954472,-0.179504,-0.047718,0.233421,1.000000,
0.954472,-0.179504,-0.047718,0.233421,0.793664,-0.168831,-0.139474,0.567574,0.955494,-0.173979,-0.049068,0.233141,0.954472,-0.179504,-0.047718,0.233421,1.000000,
0.954472,-0.179504,-0.047718,0.233421,0.793664,-0.168831,-0.139474,0.567574,0.953707,-0.183525,-0.046734,0.233620,0.954472,-0.179504,-0.047718,0.233421,1.000000,
0.954472,-0.179504,-0.047718,0.233421,0.793664,-0.168831,-0.139474,0.567574,0.955494,-0.173979,-0.049068,0.233141,0.954472,-0.179504,-0.047718,0.233421,1.000000,
0.954472,-0.179504,-0.047718,0.233421,0.793664,-0.168831,-0.139474,0.567574,0.953707,-0.183525,-0.046734,0.233620,0.954472,-0.179504,-0.047718,0.233421,1.000000,
0.954472,-0.179504,-0.047718,0.233421,0.793664,-0.168831,-0.139474,0.567574,0.955494,-0.173979,-0.049068,0.233141,0.954472,-0.179504,-0.047718,0.233421,1.000000,
0.954472,-0.179504,-0.047718,0.233421,0.793664,-0.168831,-0.139474,0.567574,0.953707,-0.183525,-0.046734,0.233620,0.954472,-0.179504,-0.047718,0.233421,1.000000,
0.954472,-0.179504,-0.047718,0.233421,0.793664,-0.168831,-0.139474,0.567574,0.955494,-0.173979,-0.049068,0.233141,0.954472,-0.179504,-0.047718,0.233421,1.000000,
0.954472,-0.179504,-0.047718,0.233421,0.793664,-0.168831,-0.139474,0.567574,0.953707,-0.183525,-0.046734,0.233620,0.954472,-0.179504,-0.047718,0.233421,1.000000,
0.954472,-0.179504,-0.047718,0.233421,0.793664,-0.168831,-0.139474,0.567574,0.955494,-0.173979,-0.049068,0.233141,0.954472,-0.179504,-0.047718,0.233421,1.000000,
0.954472,-0.179504,-0.047718,0.233421,0.793664,-0.168831,-0.139474,0.567574,0.953707,-0.183525,-0.046734,0.233620,0.954472,-0.179504,-0.047718,0.233421,1.000000,
0.954472,-0.179504,-0.047718,0.233421,0.793664,-0.168831,-0.139474,0.567574,0.955494,-0.173979,-0.049068,0.233141,0.954472,-0.179504,-0.047718,0.233421,1.000000,
0.954472,-0.179504,-0.047718,0.233421,0.793664,-0.168831,-0.139474,0.567574,0.953707,-0.183525,-0.046734,0.233620,0.954472,-0.179504,-0.047718,0.233421,1.000000,
0.954472,-0.179504,-0.047718,0.233421,0.793664,-0.168831,-0.139474,0.567574,0.955494,-0.173979,-0.049068,0.233141,0.954472,-0.179504,-0.047718,0.233421,1.000000,
0.954472,-0.179504,-0.047718,0.233421,0.793664,-0.168831,-0.139474,0.567574,0.953707,-0.183526,-0.046734,0.233620,0.954472,-0.179504,-0.047718,0.233421,1.000000,
0.954472,-0.179504,-0.047718,0.233421,0.793664,-0.168831,-0.139474,0.567574,0.955494,-0.173979,-0.049068,0.233141,0.954472,-0.179504,-0.047718,0.233421,1.000000,
0.954472,-0.179504,-0.047718,0.233421,0.793664,-0.168831,-0.139474,0.567574,0.953707,-0.183526,-0.046734,0.233620,0.954472,-0.179504,-0.047718,0.233421,1.000000,
0.954472,-0.179504,-0.047718,0.233421,0.793664,-0.168831,-0.139474,0.567574,0.955494,-0.173979,-0.049068,0.233141,0.954472,-0.179504,-0.047718,0.233421,1.000000,
0.954472,-0.179504,-0.047718,0.233421,0.793664,-0.168831,-0.139474,0.567574,0.953706,-0.183526,-0.046734,0.233620,0.954472,-0.179504,-0.047718,0.233421,1.000000,
0.954472,-0.179504,-0.047718,0.233421,0.793664,-0.168831,-0.139474,0.567574,0.955494,-0.173980,-0.049068,0.233141,0.954472,-0.179504,-0.047718,0.233421,1.000000,
0.954472,-0.179504,-0.047718,0.233421,0.793664,-0.168831,-0.139474,0.567574,0.953706,-0.183526,-0.046734,0.233620,0.954472,-0.179504,-0.047718,0.233421,1.000000,
0.954472,-0.179504,-0.047718,0.233421,0.793664,-0.168831,-0.139474,0.567574,0.955494,-0.173980,-0.049068,0.233141,0.954472,-0.179504,-0.047718,0.233421,1.000000,
0.954472,-0.179504,-0.047718,0.233421,0.793664,-0.168831,-0.139474,0.567574,0.953706,-0.183526,-0.046734,0.233620,0.954472,-0.179504,-0.047718,0.233421,1.000000,
0.954472,-0.179504,-0.047718,0.233421,0.793664,-0.168831,-0.139474,0.567574,0.955494,-0.173980,-0.049068,0.233141,0.954472,-0.179504,-0.047718,0.233421,1.000000,
0.954472,-0.179504,-0.047718,0.233421,0.793664,-0.168831,-0.139474,0.567574,0.953706,-0.183526,-0.046734,0.233620,0.954472,-0.179504,-0.047718,0.233421,1.000000,
0.954472,-0.179504,-0.047718,0.233421,0.793664,-0.168831,-0.139474,0.567574,0.955494,-0.173980,-0.049067,0.233141,0.954472,-0.179504,-0.047718,0.233421,1.000000,
0.954472,-0.179504,-0.047718,0.233421,0.793664,-0.168831,-0.139474,0.567574,0.953706,-0.183526,-0.046734,0.233620,0.954472,-0.179504,-0.047718,0.233421,1.000000,
0.954472,-0.179504,-0.047718,0.233421,0.793664,-0.168831,-0.139474,0.567574,0.955494,-0.173980,-0.049067,0.233141,0.954472,-0.179504,-0.047718,0.233421,1.000000,
0.954472,-0.179504,-0.047718,0.233421,0.793664,-0.168831,-0.139474,0.567574,0.953706,-0.183526,-0.046734,0.233620,0.954472,-0.179504,-0.047718,0.233421,1.000000,
0.954472,-0.179504,-0.047718,0.233421,0.793664,-0.168831,-0.139474,0.567574,0.955494,-0.173980,-0.049067,0.233141,0.954472,-0.179504,-0.047718,0.233421,1.000000,
0.954472,-0.179504,-0.047718,0.233421,0.793664,-0.168831,-0.139474,0.567574,0.953706,-0.183526,-0.046734,0.233620,0.954472,-0.179504,-0.047718,0.233421,1.000000,
0.954472,-0.179504,-0.047718,0.233421,0.793664,-0.168831,-0.139474,0.567574,0.955494,-0.173980,-0.049067,0.233141,0.954472,-0.179504,-0.047718,0.233421,1.000000,
0.954472,-0.179504,-0.047718,0.233421,0.793664,-0.168831,-0.139474,0.567574,0.953706,-0.183526,-0.046734,0.233620,0.954472,-0.179504,-0.047718,0.233421,1.000000,
0.954472,-0.179504,-0.047718,0.233421,0.793664,-0.168831,-0.139474,0.567574,0.955494,-0.173980,-0.049067,0.233141,0.954472,-0.179504,-0.047718,0.233421,1.000000,
0.954472,-0.179504,-0.047718,0.233421,0.793664,-0.168831,-0.139474,0.567574,0.953706,-0.183526,-0.046734,0.233620,0.954472,-0.179504,-0.047718,0.233421,1.000000,
0.954472,-0.179504,-0.047718,0.233421,0.793664,-0.168831,-0.139474,0.567574,0.955494,-0.173980,-0.049067,0.233141,0.954472,-0.179504,-0.047718,0.233421,1.000000,
0.954472,-0.179504,-0.047718,0.233421,0.793664,-0.168831,-0.139474,0.567574,0.953706,-0.183526,-0.046734,0.233620,0.954472,-0.179504,-0.047718,0.233421,1.000000,
0.954472,-0.179504,-0.047718,0.233421,0.793664,-0.168831,-0.139474,0.567574,0.955494,-0.173980,-0.049067,0.233141,0.954472,-0.179504,-0.047718,0.233421,1.000000,
0.954472,-0.179504,-0.047718,0.233421,0.793664,-0.168831,-0.139474,0.567574,0.953706,-0.183526,-0.046734,0.233620,0.954472,-0.179504,-0.047718,0.233421,1.000000,
0.954472,-0.179504,-0.047718,0.233421,0.793664,-0.168831,-0.139474,0.567574,0.955494,-0.173980,-0.049067,0.233141,0.954472,-0.179504,-0.047718,0.233421,1.000000,
0.954472,-0.179504,-0.047718,0.233421,0.793664,-0.168831,-0.139474,0.567574,0.953706,-0.183526,-0.046734,0.233620,0.954472,-0.179504,-0.047718,0.233421,1.000000,
0.954472,-0.179504,-0.047718,0.233421,0.793664,-0.168831,-0.139474,0.567574,0.955494,-0.173980,-0.049067,0.233141,0.954472,-0.179504,-0.047718,0.233421,1.000000,
0.954472,-0.179504,-0.047718,0.233421,0.793664,-0.168831,-0.139474,0.567574,0.953706,-0.183527,-0.046734,0.233620,0.954472,-0.179504,-0.047718,0.233421,1.000000,
0.954472,-0.179504,-0.047718,0.233421,0.793664,-0.168831,-0.139474,0.567574,0.955494,-0.173980,-0.049067,0.233141,0.954472,-0.179504,-0.047718,0.233421,1.000000,
0.954472,-0.179504,-0.047718,0.233421,0.793664,-0.168831,-0.139474,0.567574,0.953706,-0.183527,-0.046733,0.233620,0.954472,-0.179504,-0.047718,0.233421,1.000000,
0.954472,-0.179504,-0.047718,0.233421,0.793664,-0.168831,-0.139474,0.567574,0.955494,-0.173981,-0.049067,0.233141,0.954472,-0.179504,-0.047718,0.233421,1.000000,
0.954472,-0.179504,-0.047718,0.233421,0.793664,-0.168831,-0.139474,0.567574,0.953706,-0.183527,-0.046733,0.233620,0.954472,-0.179504,-0.047718,0.233421,1.000000,
0.954472,-0.179504,-0.047718,0.233421,0.793664,-0.168831,-0.139474,0.567574,0.955494,-0.173981,-0.049067,0.233141,0.954472,-0.179504,-0.047718,0.233421,1.000000,
0.954472,-0.179504,-0.047718,0.233421,0.793664,-0.168831,-0.139474,0.567574,0.953706,-0.183527,-0.046733,0.233620,0.954472,-0.179504,-0.047718,0.233421,1.000000,
0.954472,-0.179504,-0.047718,0.233421,0.793664,-0.168831,-0.139474,0.567574,0.955494,-0.173981,-0.049067,0.233141,0.954472,-0.179504,-0.047718,0.233421,1.000000,
0.954472,-0.179504,-0.047718,0.233421,0.793664,-0.168831,-0.139474,0.567574,0.953706,-0.183527,-0.046733,0.233620,0.954472,-0.179504,-0.047718,0.233421,1.000000,
0.954472,-0.179504,-0.047718,0.233421,0.793664,-0.168831,-0.139474,0.567574,0.955494,-0.173981,-0.049067,0.233141,0.954472,-0.179504,-0.047718,0.233421,1.000000,
0.954472,-0.179504,-0.047718,0.233421,0.793664,-0.168831,-0.139474,0.567574,0.953706,-0.183527,-0.046733,0.233620,0.954472,-0.179504,-0.047718,0.233421,1.000000,
0.954472,-0.179504,-0.047718,0.233421,0.793664,-0.168831,-0.139474,0.567574,0.955494,-0.173981,-0.049067,0.233141,0.954472,-0.179504,-0.047718,0.233421,1.000000,
0.954472,-0.179504,-0.047718,0.233421,0.793664,-0.168831,-0.139474,0.567574,0.953706,-0.183527,-0.046733,0.233620,0.954472,-0.179504,-0.047718,0.233421,1.000000,
0.954472,-0.179504,-0.047718,0.233421,0.793664,-0.168831,-0.139474,0.567574,0.955494,-0.173981,-0.049067,0.233141,0.954472,-0.179504,-0.047718,0.233421,1.000000,
0.954472,-0.179504,-0.047718,0.233421,0.793664,-0.168831,-0.139474,0.567574,0.953706,-0.183527,-0.046733,0.233620,0.954472,-0.179504,-0.047718,0.233421,1.000000,
0.954472,-0.179504,-0.047718,0.233421,0.793664,-0.168831,-0.139474,0.567574,0.955494,-0.173981,-0.049067,0.233141,0.954472,-0.179504,-0.047718,0.233421,1.000000,
0.954472,-0.179504,-0.047718,0.233421,0.793664,-0.168831,-0.139474,0.567574,0.953706,-0.183527,-0.046733,0.233620,0.954472,-0.179504,-0.047718,0.233421,1.000000,
0.954472,-0.179504,-0.047718,0.233421,0.793664,-0.168831,-0.139474,0.567574,0.955494,-0.173981,-0.049067,0.233141,0.954472,-0.179504,-0.047718,0.233421,1.000000,
0.954472,-0.179504,-0.047718,0.233421,0.793664,-0.168831,-0.139474,0.567574,0.953706,-0.183527,-0.046733,0.233620,0.954472,-0.179504,-0.047718,0.233421,1.000000,
0.954472,-0.179504,-0.047718,0.233421,0.793664,-0.168831,-0.139474,0.567574,0.955494,-0.173981,-0.049067,0.233141,0.954472,-0.179504,-0.047718,0.233421,1.000000,
0.954472,-0.179504,-0.047718,0.233421,0.793664,-0.168831,-0.139474,0.567574,0.953706,-0.183527,-0.046733,0.233620,0.954472,-0.179504,-0.047718,0.233421,1.000000,
0.954472,-0.179504,-0.047718,0.233421,0.793664,-0.168831,-0.139474,0.567574,0.955494,-0.173981,-0.049067,0.233141,0.954472,-0.179504,-0.047718,0.233421,1.000000,
0.954472,-0.179504,-0.047718,0.233421,0.793664,-0.168831,-0.139474,0.567574,0.953706,-0.183527,-0.046733,0.233620,0.954472,-0.179504,-0.047718,0.233421,1.000000,
0.954472,-0.179504,-0.047718,0.233421,0.793664,-0.168831,-0.139474,0.567574,0.955494,-0.173981,-0.049067,0.233141,0.954472,-0.179504,-0.047718,0.233421,1.000000,
0.954472,-0.179504,-0.047718,0.233421,0.793664,-0.168831,-0.139474,0.567574,0.953706,-0.183527,-0.046733,0.233620,0.954472,-0.179504,-0.047718,0.233421,1.000000,
0.954472,-0.179504,-0.047718,0.233421,0.793664,-0.168831,-0.139474,0.567574,0.955494,-0.173981,-0.049067,0.233141,0.954472,-0.179504,-0.047718,0.233421,1.000000,
0.954472,-0.179504,-0.047718,0.233421,0.793664,-0.168831,-0.139474,0.567574,0.953706,-0.183528,-0.046733,0.233620,0.954472,-0.179504,-0.047718,0.233421,1.000000,
0.954472,-0.179504,-0.047718,0.233421,0.793664,-0.168831,-0.139474,0.567574,0.955494,-0.173981,-0.049067,0.233141,0.954472,-0.179504,-0.047718,0.233421,1.000000,
0.954472,-0.179504,-0.047718,0.233421,0.793664,-0.168831,-0.139474,0.567574,0.953706,-0.183528,-0.046733,0.233620,0.954472,-0.179504,-0.047718,0.233421,1.000000,
0.954472,-0.179504,-0.047718,0.233421,0.793664,-0.168831,-0.139474,0.567574,0.955494,-0.173982,-0.049067,0.233141,0.954472,-0.179504,-0.047718,0.233421,1.000000,
0.954472,-0.179504,-0.047718,0.233421,0.793664,-0.168831,-0.139474,0.567574,0.953706,-0.183528,-0.046733,0.233620,0.954472,-0.179504,-0.047718,0.233421,1.000000,
0.954472,-0.179504,-0.047718,0.233421,0.793664,-0.168831,-0.139474,0.567574,0.955494,-0.173982,-0.049067,0.233141,0.954472,-0.179504,-0.047718,0.233421,1.000000,
0.954472,-0.179504,-0.047718,0.233421,0.793664,-0.168831,-0.139474,0.567574,0.953706,-0.183528,-0.046733,0.233620,0.954472,-0.179504,-0.047718,0.233421,1.000000,
0.954472,-0.179504,-0.047718,0.233421,0.793664,-0.168831,-0.139474,0.567574,0.955494,-0.173982,-0.049067,0.233141,0.954472,-0.179504,-0.047718,0.233421,1.000000,
0.954472,-0.179504,-0.047718,0.233421,0.793664,-0.168831,-0.139474,0.567574,0.953706,-0.183528,-0.046733,0.233620,0.954472,-0.179504,-0.047718,0.233421,1.000000,
0.954472,-0.179504,-0.047718,0.233421,0.793664,-0.168831,-0.139474,0.567574,0.955494,-0.173982,-0.049067,0.233141,0.954472,-0.179504,-0.047718,0.233421,1.000000,
0.954472,-0.179504,-0.047718,0.233421,0.793664,-0.168831,-0.139474,0.567574,0.953706,-0.183528,-0.046733,0.233620,0.954472,-0.179504,-0.047718,0.233421,1.000000,
0.954472,-0.179504,-0.047718,0.233421,0.793664,-0.168831,-0.139474,0.567574,0.955494,-0.173982,-0.049067,0.233141,0.954472,-0.179504,-0.047718,0.233421,1.000000,
0.954472,-0.179504,-0.047718,0.233421,0.793664,-0.168831,-0.139474,0.567574,0.953706,-0.183528,-0.046733,0.233620,0.954472,-0.179504,-0.047718,0.233421,1.000000,
0.954472,-0.179504,-0.047718,0.233421,0.793664,-0.168831,-0.139474,0.567574,0.955494,-0.173982,-0.049067,0.233141,0.954472,-0.179504,-0.047718,0.233421,1.000000,
0.954472,-0.179504,-0.047718,0.233421,0.793664,-0.168831,-0.139474,0.567574,0.953706,-0.183528,-0.046733,0.233620,0.954472,-0.179504,-0.047718,0.233421,1.000000,
0.954472,-0.179504,-0.047718,0.233421,0.793664,-0.168831,-0.139474,0.567574,0.955494,-0.173982,-0.049067,0.233141,0.954472,-0.179504,-0.047718,0.233421,1.000000,
0.954472,-0.179504,-0.047718,0.233421,0.793664,-0.168831,-0.139474,0.567574,0.953706,-0.183528,-0.046733,0.233620,0.954472,-0.179504,-0.047718,0.233421,1.000000,
0.954472,-0.179504,-0.047718,0.233421,0.793664,-0.168831,-0.139474,0.567574,0.955494,-0.173982,-0.049067,0.233141,0.954472,-0.179504,-0.047718,0.233421,1.000000,
0.954472,-0.179504,-0.047718,0.233421,0.793664,-0.168831,-0.139474,0.567574,0.953706,-0.183528,-0.046733,0.233620,0.954472,-0.179504,-0.047718,0.233421,1.000000,
0.954472,-0.179504,-0.047718,0.233421,0.793664,-0.168831,-0.139474,0.567574,0.955494,-0.173982,-0.049067,0.233141,0.954472,-0.179504,-0.047718,0.233421,1.000000,
0.954472,-0.179504,-0.047718,0.233421,0.793664,-0.168831,-0.139474,0.567574,0.953706,-0.183528,-0.046733,0.233620,0.954472,-0.179504,-0.047718,0.233421,1.000000,
0.954472,-0.179504,-0.047718,0.233421,0.793664,-0.168831,-0.139474,0.567574,0.955494,-0.173982,-0.049067,0.233141,0.954472,-0.179504,-0.047718,0.233421,1.000000,
0.954472,-0.179504,-0.047718,0.233421,0.793664,-0.168831,-0.139474,0.567574,0.953706,-0.183528,-0.046733,0.233620,0.954472,-0.179504,-0.047718,0.233421,1.000000,
0.954472,-0.179504,-0.047718,0.233421,0.793664,-0.168831,-0.139474,0.567574,0.955494,-0.173982,-0.049067,0.233141,0.954472,-0.179504,-0.047718,0.233421,1.000000,
0.954472,-0.179504,-0.047718,0.233421,0.793664,-0.168831,-0.139474,0.567574,0.953706,-0.183528,-0.046733,0.233620,0.954472,-0.179504,-0.047718,0.233421,1.000000,
0.954472,-0.179504,-0.047718,0.233421,0.793664,-0.168831,-0.139474,0.567574,0.955494,-0.173982,-0.049067,0.233141,0.954472,-0.179504,-0.047718,0.233421,1.000000,
0.954472,-0.179504,-0.047718,0.233421,0.793664,-0.168831,-0.139474,0.567574,0.953706,-0.183528,-0.046733,0.233620,0.954472,-0.179504,-0.047718,0.233421,1.000000,
0.954472,-0.179504,-0.047718,0.233421,0.793664,-0.168831,-0.139474,0.567574,0.955494,-0.173982,-0.049067,0.233141,0.954472,-0.179504,-0.047718,0.233421,1.000000,
0.954472,-0.179504,-0.047718,0.233421,0.793664,-0.168831,-0.139474,0.567574,0.953706,-0.183529,-0.046733,0.233620,0.954472,-0.179504,-0.047718,0.233421,1.000000,
0.954472,-0.179504,-0.047718,0.233421,0.793664,-0.168831,-0.139474,0.567574,0.955494,-0.173982,-0.049067,0.233141,0.954472,-0.179504,-0.047718,0.233421,1.000000,
0.954472,-0.179504,-0.047718,0.233421,0.793664,-0.168831,-0.139474,0.567574,0.953706,-0.183529,-0.046733,0.233620,0.954472,-0.179504,-0.047718,0.233421,1.000000,
0.954472,-0.179504,-0.047718,0.233421,0.793664,-0.168831,-0.139474,0.567574,0.955493,-0.173983,-0.049067,0.233141,0.954472,-0.179504,-0.047718,0.233421,1.000000,
0.954472,-0.179504,-0.047718,0.233421,0.793664,-0.168831,-0.139474,0.567574,0.953706,-0.183529,-0.046733,0.233620,0.954472,-0.179504,-0.047718,0.233421,1.000000,
0.954472,-0.179504,-0.047718,0.233421,0.793664,-0.168831,-0.139474,0.567574,0.955493,-0.173983,-0.049067,0.233141,0.954472,-0.179504,-0.047718,0.233421,1.000000,
0.954472,-0.179504,-0.047718,0.233421,0.793664,-0.168831,-0.139474,0.567574,0.953706,-0.183529,-0.046733,0.233620,0.954472,-0.179504,-0.047718,0.233421,1.000000,
0.954472,-0.179504,-0.047718,0.233421,0.793664,-0.168831,-0.139474,0.567574,0.955493,-0.173983,-0.049067,0.233141,0.954472,-0.179504,-0.047718,0.233421,1.000000,
0.954472,-0.179504,-0.047718,0.233421,0.793664,-0.168831,-0.139474,0.567574,0.953706,-0.183529,-0.046733,0.233620,0.954472,-0.179504,-0.047718,0.233421,1.000000,
0.954472,-0.179504,-0.047718,0.233421,0.793664,-0.168831,-0.139474,0.567574,0.955493,-0.173983,-0.049067,0.233141,0.954472,-0.179504,-0.047718,0.233421,1.000000,
0.954472,-0.179504,-0.047718,0.233421,0.793664,-0.168831,-0.139474,0.567574,0.953706,-0.183529,-0.046733,0.233620,0.954472,-0.179504,-0.047718,0.233421,1.000000,
0.954472,-0.179504,-0.047718,0.233421,0.793664,-0.168831,-0.139474,0.567574,0.955493,-0.173983,-0.049067,0.233141,0.954472,-0.179504,-0.047718,0.233421,1.000000,
0.954472,-0.179504,-0.047718,0.233421,0.793664,-0.168831,-0.139474,0.567574,0.953706,-0.183529,-0.046733,0.233620,0.954472,-0.179504,-0.047718,0.233421,1.000000,
0.954472,-0.179504,-0.047718,0.233421,0.793664,-0.168831,-0.139474,0.567574,0.955493,-0.173983,-0.049067,0.233141,0.954472,-0.179504,-0.047718,0.233421,1.000000,
0.954472,-0.179504,-0.047718,0.233421,0.793664,-0.168831,-0.139474,0.567574,0.953706,-0.183529,-0.046733,0.233620,0.954472,-0.179504,-0.047718,0.233421,1.000000,
0.954472,-0.179504,-0.047718,0.233421,0.793664,-0.168831,-0.139474,0.567574,0.955493,-0.173983,-0.049067,0.233141,0.954472,-0.179504,-0.047718,0.233421,1.000000,
0.954472,-0.179504,-0.047718,0.233421,0.793664,-0.168831,-0.139474,0.567574,0.953706,-0.183529,-0.046733,0.233620,0.954472,-0.179504,-0.047718,0.233421,1.000000,
0.954472,-0.179504,-0.047718,0.233421,0.793664,-0.168831,-0.139474,0.567574,0.955493,-0.173983,-0.049067,0.233141,0.954472,-0.179504,-0.047718,0.233421,1.000000,
0.954472,-0.179504,-0.047718,0.233421,0.793664,-0.168831,-0.139474,0.567574,0.953706,-0.183529,-0.046733,0.233620,0.954472,-0.179504,-0.047718,0.233421,1.000000,
0.954472,-0.179504,-0.047718,0.233421,0.793664,-0.168831,-0.139474,0.567574,0.955493,-0.173983,-0.049067,0.233141,0.954472,-0.179504,-0.047718,0.233421,1.000000,
0.954472,-0.179504,-0.047718,0.233421,0.793664,-0.168831,-0.139474,0.567574,0.953706,-0.183529,-0.046733,0.233620,0.954472,-0.179504,-0.047718,0.233421,1.000000,
0.954472,-0.179504,-0.047718,0.233421,0.793664,-0.168831,-0.139474,0.567574,0.955493,-0.173983,-0.049067,0.233141,0.954472,-0.179504,-0.047718,0.233421,1.000000,
0.954472,-0.179504,-0.047718,0.233421,0.793664,-0.168831,-0.139474,0.567574,0.953706,-0.183529,-0.046733,0.233620,0.954472,-0.179504,-0.047718,0.233421,1.000000,
0.954472,-0.179504,-0.047718,0.233421,0.793664,-0.168831,-0.139474,0.567574,0.955493,-0.173983,-0.049067,0.233141,0.954472,-0.179504,-0.047718,0.233421,1.000000,
0.954472,-0.179504,-0.047718,0.233421,0.793664,-0.168831,-0.139474,0.567574,0.953706,-0.183529,-0.046733,0.233620,0.954472,-0.179504,-0.047718,0.233421,1.000000,
0.954472,-0.179504,-0.047718,0.233421,0.793664,-0.168831,-0.139474,0.567574,0.955493,-0.173983,-0.049067,0.233141,0.954472,-0.179504,-0.047718,0.233421,1.000000,
0.954472,-0.179504,-0.047718,0.233421,0.793664,-0.168831,-0.139474,0.567574,0.953706,-0.183530,-0.046733,0.233620,0.954472,-0.179504,-0.047718,0.233421,1.000000,
0.954472,-0.179504,-0.047718,0.233421,0.793664,-0.168831,-0.139474,0.567574,0.955493,-0.173983,-0.049067,0.233141,0.954472,-0.179504,-0.047718,0.233421,1.000000,
0.954472,-0.179504,-0.047718,0.233421,0.793664,-0.168831,-0.139474,0.567574,0.953706,-0.183530,-0.046733,0.233620,0.954472,-0.179504,-0.047718,0.233421,1.000000,
0.954472,-0.179504,-0.047718,0.233421,0.793664,-0.168831,-0.139474,0.567574,0.955493,-0.173984,-0.049067,0.233141,0.954472,-0.179504,-0.047718,0.233421,1.000000,
0.954472,-0.179504,-0.047718,0.233421,0.793664,-0.168831,-0.139474,0.567574,0.953706,-0.183530,-0.046733,0.233620,0.954472,-0.179504,-0.047718,0.233421,1.000000,
0.954472,-0.179504,-0.047718,0.233421,0.793664,-0.168831,-0.139474,0.567574,0.955493,-0.173984,-0.049067,0.233141,0.954472,-0.179504,-0.047718,0.233421,1.000000,
0.954472,-0.179504,-0.047718,0.233421,0.793664,-0.168831,-0.139474,0.567574,0.953706,-0.183530,-0.046733,0.233620,0.954472,-0.179504,-0.047718,0.233421,1.000000,
0.954472,-0.179504,-0.047718,0.233421,0.793664,-0.168831,-0.139474,0.567574,0.955493,-0.173984,-0.049067,0.233141,0.954472,-0.179504,-0.047718,0.233421,1.000000,
0.954472,-0.179504,-0.047718,0.233421,0.793664,-0.168831,-0.139474,0.567574,0.953706,-0.183530,-0.046733,0.233620,0.954472,-0.179504,-0.047718,0.233421,1.000000,
0.954472,-0.179504,-0.047718,0.233421,0.793664,-0.168831,-0.139474,0.567574,0.955493,-0.173984,-0.049067,0.233141,0.954472,-0.179504,-0.047718,0.233421,1.000000,
0.954472,-0.179504,-0.047718,0.233421,0.793664,-0.168831,-0.139474,0.567574,0.953706,-0.183530,-0.046733,0.233620,0.954472,-0.179504,-0.047718,0.233421,1.000000,
0.954472,-0.179504,-0.047718,0.233421,0.793664,-0.168831,-0.139474,0.567574,0.955493,-0.173984,-0.049067,0.233141,0.954472,-0.179504,-0.047718,0.233421,1.000000,
0.954472,-0.179504,-0.047718,0.233421,0.793664,-0.168831,-0.139474,0.567574,0.953706,-0.183530,-0.046733,0.233620,0.954472,-0.179504,-0.047718,0.233421,1.000000,
0.954472,-0.179504,-0.047718,0.233421,0.793664,-0.168831,-0.139474,0.567574,0.955493,-0.173984,-0.049066,0.233141,0.954472,-0.179504,-0.047718,0.233421,1.000000,
0.954472,-0.179504,-0.047718,0.233421,0.793664,-0.168831,-0.139474,0.567574,0.953706,-0.183530,-0.046733,0.233620,0.954472,-0.179504,-0.047718,0.233421,1.000000,
0.954472,-0.179504,-0.047718,0.233421,0.793664,-0.168831,-0.139474,0.567574,0.955493,-0.173984,-0.049066,0.233141,0.954472,-0.179504,-0.047718,0.233421,1.000000,
0.954472,-0.179504,-0.047718,0.233421,0.793664,-0.168831,-0.139474,0.567574,0.953706,-0.183530,-0.046733,0.233620,0.954472,-0.179504,-0.047718,0.233421,1.000000,
0.954472,-0.179504,-0.047718,0.233421,0.793664,-0.168831,-0.139474,0.567574,0.955493,-0.173984,-0.049066,0.233141,0.954472,-0.179504,-0.047718,0.233421,1.000000,
0.954472,-0.179504,-0.047718,0.233421,0.793664,-0.168831,-0.139474,0.567574,0.953706,-0.183530,-0.046733,0.233620,0.954472,-0.179504,-0.047718,0.233421,1.000000,
0.954472,-0.179504,-0.047718,0.233421,0.793664,-0.168831,-0.139474,0.567574,0.955493,-0.173984,-0.049066,0.233141,0.954472,-0.179504,-0.047718,0.233421,1.000000,
0.954472,-0.179504,-0.047718,0.233421,0.793664,-0.168831,-0.139474,0.567574,0.953706,-0.183530,-0.046733,0.233620,0.954472,-0.179504,-0.047718,0.233421,1.000000,
0.954472,-0.179504,-0.047718,0.233421,0.793664,-0.168831,-0.139474,0.567574,0.955493,-0.173984,-0.049066,0.233141,0.954472,-0.179504,-0.047718,0.233421,1.000000,
0.954472,-0.179504,-0.047718,0.233421,0.793664,-0.168831,-0.139474,0.567574,0.953706,-0.183530,-0.046733,0.233620,0.954472,-0.179504,-0.047718,0.233421,1.000000,
0.954472,-0.179504,-0.047718,0.233421,0.793664,-0.168831,-0.139474,0.567574,0.955493,-0.173984,-0.049066,0.233141,0.954472,-0.179504,-0.047718,0.233421,1.000000,
0.954472,-0.179504,-0.047718,0.233421,0.793664,-0.168831,-0.139474,0.567574,0.953706,-0.183530,-0.046733,0.233620,0.954472,-0.179504,-0.047718,0.233421,1.000000,
0.954472,-0.179504,-0.047718,0.233421,0.793664,-0.168831,-0.139474,0.567574,0.955493,-0.173984,-0.049066,0.233141,0.954472,-0.179504,-0.047718,0.233421,1.000000,
0.954472,-0.179504,-0.047718,0.233421,0.793664,-0.168831,-0.139474,0.567574,0.953706,-0.183531,-0.046733,0.233620,0.954472,-0.179504,-0.047718,0.233421,1.000000,
0.954472,-0.179504,-0.047718,0.233421,0.793664,-0.168831,-0.139474,0.567574,0.955493,-0.173984,-0.049066,0.233141,0.954472,-0.179504,-0.047718,0.233421,1.000000,
0.954472,-0.179504,-0.047718,0.233421,0.793664,-0.168831,-0.139474,0.567574,0.953706,-0.183531,-0.046733,0.233620,0.954472,-0.179504,-0.047718,0.233421,1.000000,
0.954472,-0.179504,-0.047718,0.233421,0.793664,-0.168831,-0.139474,0.567574,0.955493,-0.173985,-0.049066,0.233141,0.954472,-0.179504,-0.047718,0.233421,1.000000,
0.954472,-0.179504,-0.047718,0.233421,0.793664,-0.168831,-0.139474,0.567574,0.953706,-0.183531,-0.046732,0.233620,0.954472,-0.179504,-0.047718,0.233421,1.000000,
0.954472,-0.179504,-0.047718,0.233421,0.793664,-0.168831,-0.139474,0.567574,0.955493,-0.173985,-0.049066,0.233141,0.954472,-0.179504,-0.047718,0.233421,1.000000,
0.954472,-0.179504,-0.047718,0.233421,0.793664,-0.168831,-0.139474,0.567574,0.953706,-0.183531,-0.046732,0.233620,0.954472,-0.179504,-0.047718,0.233421,1.000000,
0.954472,-0.179504,-0.047718,0.233421,0.793664,-0.168831,-0.139474,0.567574,0.955493,-0.173985,-0.049066,0.233141,0.954472,-0.179504,-0.047718,0.233421,1.000000,
0.954472,-0.179504,-0.047718,0.233421,0.793664,-0.168831,-0.139474,0.567574,0.953706,-0.183531,-0.046732,0.233620,0.954472,-0.179504,-0.047718,0.233421,1.000000,
0.954472,-0.179504,-0.047718,0.233421,0.793664,-0.168831,-0.139474,0.567574,0.955493,-0.173985,-0.049066,0.233141,0.954472,-0.179504,-0.047718,0.233421,1.000000,
0.954472,-0.179504,-0.047718,0.233421,0.793664,-0.168831,-0.139474,0.567574,0.953705,-0.183531,-0.046732,0.233620,0.954472,-0.179504,-0.047718,0.233421,1.000000,
0.954472,-0.179504,-0.047718,0.233421,0.793664,-0.168831,-0.139474,0.567574,0.955493,-0.173985,-0.049066,0.233141,0.954472,-0.179504,-0.047718,0.233421,1.000000,
0.954472,-0.179504,-0.047718,0.233421,0.793664,-0.168831,-0.139474,0.567574,0.953705,-0.183531,-0.046732,0.233620,0.954472,-0.179504,-0.047718,0.233421,1.000000,
0.954472,-0.179504,-0.047718,0.233421,0.793664,-0.168831,-0.139474,0.567574,0.955493,-0.173985,-0.049066,0.233141,0.954472,-0.179504,-0.047718,0.233421,1.000000,
0.954472,-0.179504,-0.047718,0.233421,0.793664,-0.168831,-0.139474,0.567574,0.953705,-0.183531,-0.046732,0.233620,0.954472,-0.179504,-0.047718,0.233421,1.000000,
0.954472,-0.179504,-0.047718,0.233421,0.793664,-0.168831,-0.139474,0.567574,0.955493,-0.173985,-0.049066,0.233141,0.954472,-0.179504,-0.047718,0.233421,1.000000,
0.954472,-0.179504,-0.047718,0.233421,0.793664,-0.168831,-0.139474,0.567574,0.953705,-0.183531,-0.046732,0.233620,0.954472,-0.179504,-0.047718,0.233421,1.000000,
0.954472,-0.179504,-0.047718,0.233421,0.793664,-0.168831,-0.139474,0.567574,0.955493,-0.173985,-0.049066,0.233141,0.954472,-0.179504,-0.047718,0.233421,1.000000,
0.954472,-0.179504,-0.047718,0.233421,0.793664,-0.168831,-0.139474,0.567574,0.953705,-0.183531,-0.046732,0.233620,0.954472,-0.179504,-0.047718,0.233421,1.000000,
0.954472,-0.179504,-0.047718,0.233421,0.793664,-0.168831,-0.139474,0.567574,0.955493,-0.173985,-0.049066,0.233141,0.954472,-0.179504,-0.047718,0.233421,1.000000,
0.954472,-0.179504,-0.047718,0.233421,0.793664,-0.168831,-0.139474,0.567574,0.953705,-0.183531,-0.046732,0.233620,0.954472,-0.179504,-0.047718,0.233421,1.000000,
0.954472,-0.179504,-0.047718,0.233421,0.793664,-0.168831,-0.139474,0.567574,0.955493,-0.173985,-0.049066,0.233141,0.954472,-0.179504,-0.047718,0.233421,1.000000,
0.954472,-0.179504,-0.047718,0.233421,0.793664,-0.168831,-0.139474,0.567574,0.953705,-0.183531,-0.046732,0.233620,0.954472,-0.179504,-0.047718,0.233421,1.000000,
0.954472,-0.179504,-0.047718,0.233421,0.793664,-0.168831,-0.139474,0.567574,0.955493,-0.173985,-0.049066,0.233141,0.954472,-0.179504,-0.047718,0.233421,1.000000,
0.954472,-0.179504,-0.047718,0.233421,0.793664,-0.168831,-0.139474,0.567574,0.953705,-0.183531,-0.046732,0.233620,0.954472,-0.179504,-0.047718,0.233421,1.000000,
0.954472,-0.179504,-0.047718,0.233421,0.793664,-0.168831,-0.139474,0.567574,0.955493,-0.173985,-0.049066,0.233141,0.954472,-0.179504,-0.047718,0.233421,1.000000,
0.954472,-0.179504,-0.047718,0.233421,0.793664,-0.168831,-0.139474,0.567574,0.953705,-0.183531,-0.046732,0.233620,0.954472,-0.179504,-0.047718,0.233421,1.000000,
0.954472,-0.179504,-0.047718,0.233421,0.793664,-0.168831,-0.139474,0.567574,0.955493,-0.173985,-0.049066,0.233141,0.954472,-0.179504,-0.047718,0.233421,1.000000,
0.954472,-0.179504,-0.047718,0.233421,0.793664,-0.168831,-0.139474,0.567574,0.953705,-0.183532,-0.046732,0.233620,0.954472,-0.179504,-0.047718,0.233421,1.000000,
0.954472,-0.179504,-0.047718,0.233421,0.793664,-0.168831,-0.139474,0.567574,0.955493,-0.173985,-0.049066,0.233141,0.954472,-0.179504,-0.047718,0.233421,1.000000,
0.954472,-0.179504,-0.047718,0.233421,0.793664,-0.168831,-0.139474,0.567574,0.953705,-0.183532,-0.046732,0.233620,0.954472,-0.179504,-0.047718,0.233421,1.000000,
0.954472,-0.179504,-0.047718,0.233421,0.793664,-0.168831,-0.139474,0.567574,0.955493,-0.173986,-0.049066,0.233141,0.954472,-0.179504,-0.047718,0.233421,1.000000,
0.954472,-0.179504,-0.047718,0.233421,0.793664,-0.168831,-0.139474,0.567574,0.953705,-0.183532,-0.046732,0.233620,0.954472,-0.179504,-0.047718,0.233421,1.000000,
0.954472,-0.179504,-0.047718,0.233421,0.793664,-0.168831,-0.139474,0.567574,0.955493,-0.173986,-0.049066,0.233141,0.954472,-0.179504,-0.047718,0.233421,1.000000,
0.954472,-0.179504,-0.047718,0.233421,0.793664,-0.168831,-0.139474,0.567574,0.953705,-0.183532,-0.046732,0.233620,0.954472,-0.179504,-0.047718,0.233421,1.000000,
0.954472,-0.179504,-0.047718,0.233421,0.793664,-0.168831,-0.139474,0.567574,0.955493,-0.173986,-0.049066,0.233141,0.954472,-0.179504,-0.047718,0.233421,1.000000,
0.954472,-0.179504,-0.047718,0.233421,0.793664,-0.168831,-0.139474,0.567574,0.953705,-0.183532,-0.046732,0.233620,0.954472,-0.179504,-0.047718,0.233421,1.000000,
0.954472,-0.179504,-0.047718,0.233421,0.793664,-0.168831,-0.139474,0.567574,0.955493,-0.173986,-0.049066,0.233141,0.954472,-0.179504,-0.047718,0.233421,1.000000,
0.954472,-0.179504,-0.047718,0.233421,0.793664,-0.168831,-0.139474,0.567574,0.953705,-0.183532,-0.046732,0.233620,0.954472,-0.179504,-0.047718,0.233421,1.000000,
0.954472,-0.179504,-0.047718,0.233421,0.793664,-0.168831,-0.139474,0.567574,0.955493,-0.173986,-0.049066,0.233141,0.954472,-0.179504,-0.047718,0.233421,1.000000,
0.954472,-0.179504,-0.047718,0.233421,0.793664,-0.168831,-0.139474,0.567574,0.953705,-0.183532,-0.046732,0.233620,0.954472,-0.179504,-0.047718,0.233421,1.000000,
0.954472,-0.179504,-0.047718,0.233421,0.793664,-0.168831,-0.139474,0.567574,0.955493,-0.173986,-0.049066,0.233141,0.954472,-0.179504,-0.047718,0.233421,1.000000,
0.954472,-0.179504,-0.047718,0.233421,0.793664,-0.168831,-0.139474,0.567574,0.953705,-0.183532,-0.046732,0.233620,0.954472,-0.179504,-0.047718,0.233421,1.000000,
0.954472,-0.179504,-0.047718,0.233421,0.793664,-0.168831,-0.139474,0.567574,0.955493,-0.173986,-0.049066,0.233141,0.954472,-0.179504,-0.047718,0.233421,1.000000,
0.954472,-0.179504,-0.047718,0.233421,0.793664,-0.168831,-0.139474,0.567574,0.953705,-0.183532,-0.046732,0.233620,0.954472,-0.179504,-0.047718,0.233421,1.000000,
0.954472,-0.179504,-0.047718,0.233421,0.793664,-0.168831,-0.139474,0.567574,0.955493,-0.173986,-0.049066,0.233141,0.954472,-0.179504,-0.047718,0.233421,1.000000,
0.954472,-0.179504,-0.047718,0.233421,0.793664,-0.168831,-0.139474,0.567574,0.953705,-0.183532,-0.046732,0.233620,0.954472,-0.179504,-0.047718,0.233421,1.000000,
0.954472,-0.179504,-0.047718,0.233421,0.793664,-0.168831,-0.139474,0.567574,0.955493,-0.173986,-0.049066,0.233141,0.954472,-0.179504,-0.047718,0.233421,1.000000,
0.954472,-0.179504,-0.047718,0.233421,0.793664,-0.168831,-0.139474,0.567574,0.953705,-0.183532,-0.046732,0.233620,0.954472,-0.179504,-0.047718,0.233421,1.000000,
0.954472,-0.179504,-0.047718,0.233421,0.793664,-0.168831,-0.139474,0.567574,0.955493,-0.173986,-0.049066,0.233141,0.954472,-0.179504,-0.047718,0.233421,1.000000,
0.954472,-0.179504,-0.047718,0.233421,0.793664,-0.168831,-0.139474,0.567574,0.953705,-0.183532,-0.046732,0.233620,0.954472,-0.179504,-0.047718,0.233421,1.000000,
0.954472,-0.179504,-0.047718,0.233421,0.793664,-0.168831,-0.139474,0.567574,0.955493,-0.173986,-0.049066,0.233141,0.954472,-0.179504,-0.047718,0.233421,1.000000,
0.954472,-0.179504,-0.047718,0.233421,0.793664,-0.168831,-0.139474,0.567574,0.953705,-0.183532,-0.046732,0.233620,0.954472,-0.179504,-0.047718,0.233421,1.000000,
0.954472,-0.179504,-0.047718,0.233421,0.793664,-0.168831,-0.139474,0.567574,0.955493,-0.173986,-0.049066,0.233141,0.954472,-0.179504,-0.047718,0.233421,1.000000,
0.954472,-0.179504,-0.047718,0.233421,0.793664,-0.168831,-0.139474,0.567574,0.953705,-0.183533,-0.046732,0.233620,0.954472,-0.179504,-0.047718,0.233421,1.000000,
0.954472,-0.179504,-0.047718,0.233421,0.793664,-0.168831,-0.139474,0.567574,0.955493,-0.173986,-0.049066,0.233141,0.954472,-0.179504,-0.047718,0.233421,1.000000,
0.954472,-0.179504,-0.047718,0.233421,0.793664,-0.168831,-0.139474,0.567574,0.953705,-0.183533,-0.046732,0.233620,0.954472,-0.179504,-0.047718,0.233421,1.000000,
0.954472,-0.179504,-0.047718,0.233421,0.793664,-0.168831,-0.139474,0.567574,0.955493,-0.173987,-0.049066,0.233141,0.954472,-0.179504,-0.047718,0.233421,1.000000,
0.954472,-0.179504,-0.047718,0.233421,0.793664,-0.168831,-0.139474,0.567574,0.953705,-0.183533,-0.046732,0.233620,0.954472,-0.179504,-0.047718,0.233421,1.000000,
0.954472,-0.179504,-0.047718,0.233421,0.793664,-0.168831,-0.139474,0.567574,0.955493,-0.173987,-0.049066,0.233141,0.954472,-0.179504,-0.047718,0.233421,1.000000,
0.954472,-0.179504,-0.047718,0.233421,0.793664,-0.168831,-0.139474,0.567574,0.953705,-0.183533,-0.046732,0.233620,0.954472,-0.179504,-0.047718,0.233421,1.000000,
0.954472,-0.179504,-0.047718,0.233421,0.793664,-0.168831,-0.139474,0.567574,0.955493,-0.173987,-0.049066,0.233141,0.954472,-0.179504,-0.047718,0.233421,1.000000,
0.954472,-0.179504,-0.047718,0.233421,0.793664,-0.168831,-0.139474,0.567574,0.953705,-0.183533,-0.046732,0.233620,0.954472,-0.179504,-0.047718,0.233421,1.000000,
0.954472,-0.179504,-0.047718,0.233421,0.793664,-0.168831,-0.139474,0.567574,0.955493,-0.173987,-0.049066,0.233141,0.954472,-0.179504,-0.047718,0.233421,1.000000,
0.954472,-0.179504,-0.047718,0.233421,0.793664,-0.168831,-0.139474,0.567574,0.953705,-0.183533,-0.046732,0.233620,0.954472,-0.179504,-0.047718,0.233421,1.000000,
0.954472,-0.179504,-0.047718,0.233421,0.793664,-0.168831,-0.139474,0.567574,0.955493,-0.173987,-0.049066,0.233141,0.954472,-0.179504,-0.047718,0.233421,1.000000,
0.954472,-0.179504,-0.047718,0.233421,0.793664,-0.168831,-0.139474,0.567574,0.953705,-0.183533,-0.046732,0.233620,0.954472,-0.179504,-0.047718,0.233421,1.000000,
0.954472,-0.179504,-0.047718,0.233421,0.793664,-0.168831,-0.139474,0.567574,0.955493,-0.173987,-0.049066,0.233141,0.954472,-0.179504,-0.047718,0.233421,1.000000,
0.954472,-0.179504,-0.047718,0.233421,0.793664,-0.168831,-0.139474,0.567574,0.953705,-0.183533,-0.046732,0.233620,0.954472,-0.179504,-0.047718,0.233421,1.000000,
0.954472,-0.179504,-0.047718,0.233421,0.793664,-0.168831,-0.139474,0.567574,0.955493,-0.173987,-0.049066,0.233141,0.954472,-0.179504,-0.047718,0.233421,1.000000,
0.954472,-0.179504,-0.047718,0.233421,0.793664,-0.168831,-0.139474,0.567574,0.953705,-0.183533,-0.046732,0.233620,0.954472,-0.179504,-0.047718,0.233421,1.000000,
0.954472,-0.179504,-0.047718,0.233421,0.793664,-0.168831,-0.139474,0.567574,0.955493,-0.173987,-0.049066,0.233141,0.954472,-0.179504,-0.047718,0.233421,1.000000,
0.954472,-0.179504,-0.047718,0.233421,0.793664,-0.168831,-0.139474,0.567574,0.953705,-0.183533,-0.046732,0.233620,0.954472,-0.179504,-0.047718,0.233421,1.000000,
0.954472,-0.179504,-0.047718,0.233421,0.793664,-0.168831,-0.139474,0.567574,0.955493,-0.173987,-0.049066,0.233141,0.954472,-0.179504,-0.047718,0.233421,1.000000,
0.954472,-0.179504,-0.047718,0.233421,0.793664,-0.168831,-0.139474,0.567574,0.953705,-0.183533,-0.046732,0.233620,0.954472,-0.179504,-0.047718,0.233421,1.000000,
0.954472,-0.179504,-0.047718,0.233421,0.793664,-0.168831,-0.139474,0.567574,0.955493,-0.173987,-0.049066,0.233141,0.954472,-0.179504,-0.047718,0.233421,1.000000,
0.954472,-0.179504,-0.047718,0.233421,0.793664,-0.168831,-0.139474,0.567574,0.953705,-0.183533,-0.046732,0.233620,0.954472,-0.179504,-0.047718,0.233421,1.000000,
0.954472,-0.179504,-0.047718,0.233421,0.793664,-0.168831,-0.139474,0.567574,0.955493,-0.173987,-0.049066,0.233141,0.954472,-0.179504,-0.047718,0.233421,1.000000,
0.954472,-0.179504,-0.047718,0.233421,0.793664,-0.168831,-0.139474,0.567574,0.953705,-0.183533,-0.046732,0.233620,0.954472,-0.179504,-0.047718,0.233421,1.000000,
0.954472,-0.179504,-0.047718,0.233421,0.793664,-0.168831,-0.139474,0.567574,0.955493,-0.173987,-0.049066,0.233141,0.954472,-0.179504,-0.047718,0.233421,1.000000,
0.954472,-0.179504,-0.047718,0.233421,0.793664,-0.168831,-0.139474,0.567574,0.953705,-0.183533,-0.046732,0.233620,0.954472,-0.179504,-0.047718,0.233421,1.000000,
0.954472,-0.179504,-0.047718,0.233421,0.793664,-0.168831,-0.139474,0.567574,0.955493,-0.173987,-0.049066,0.233141,0.954472,-0.179504,-0.047718,0.233421,1.000000,
0.954472,-0.179504,-0.047718,0.233421,0.793664,-0.168831,-0.139474,0.567574,0.953705,-0.183534,-0.046732,0.233620,0.954472,-0.179504,-0.047718,0.233421,1.000000,
0.954472,-0.179504,-0.047718,0.233421,0.793664,-0.168831,-0.139474,0.567574,0.955493,-0.173987,-0.049066,0.233141,0.954472,-0.179504,-0.047718,0.233421,1.000000,
0.954472,-0.179504,-0.047718,0.233421,0.793664,-0.168831,-0.139474,0.567574,0.953705,-0.183534,-0.046732,0.233620,0.954472,-0.179504,-0.047718,0.233421,1.000000,
0.954472,-0.179504,-0.047718,0.233421,0.793664,-0.168831,-0.139474,0.567574,0.955493,-0.173988,-0.049066,0.233141,0.954472,-0.179504,-0.047718,0.233421,1.000000,
0.954472,-0.179504,-0.047718,0.233421,0.793664,-0.168831,-0.139474,0.567574,0.953705,-0.183534,-0.046732,0.233620,0.954472,-0.179504,-0.047718,0.233421,1.000000,
0.954472,-0.179504,-0.047718,0.233421,0.793664,-0.168831,-0.139474,0.567574,0.955493,-0.173988,-0.049066,0.233141,0.954472,-0.179504,-0.047718,0.233421,1.000000,
0.954472,-0.179504,-0.047718,0.233421,0.793664,-0.168831,-0.139474,0.567574,0.953705,-0.183534,-0.046732,0.233620,0.954472,-0.179504,-0.047718,0.233421,1.000000,
0.954472,-0.179504,-0.047718,0.233421,0.793664,-0.168831,-0.139474,0.567574,0.955493,-0.173988,-0.049066,0.233141,0.954472,-0.179504,-0.047718,0.233421,1.000000,
0.954472,-0.179504,-0.047718,0.233421,0.793664,-0.168831,-0.139474,0.567574,0.953705,-0.183534,-0.046732,0.233620,0.954472,-0.179504,-0.047718,0.233421,1.000000,
0.954472,-0.179504,-0.047718,0.233421,0.793664,-0.168831,-0.139474,0.567574,0.955493,-0.173988,-0.049066,0.233141,0.954472,-0.179504,-0.047718,0.233421,1.000000,
0.954472,-0.179504,-0.047718,0.233421,0.793664,-0.168831,-0.139474,0.567574,0.953705,-0.183534,-0.046732,0.233620,0.954472,-0.179504,-0.047718,0.233421,1.000000,
0.954472,-0.179504,-0.047718,0.233421,0.793664,-0.168831,-0.139474,0.567574,0.955493,-0.173988,-0.049066,0.233141,0.954472,-0.179504,-0.047718,0.233421,1.000000,
0.954472,-0.179504,-0.047718,0.233421,0.793664,-0.168831,-0.139474,0.567574,0.953705,-0.183534,-0.046732,0.233620,0.954472,-0.179504,-0.047718,0.233421,1.000000,
0.954472,-0.179504,-0.047718,0.233421,0.793664,-0.168831,-0.139474,0.567574,0.955493,-0.173988,-0.049066,0.233141,0.954472,-0.179504,-0.047718,0.233421,1.000000,
0.954472,-0.179504,-0.047718,0.233421,0.793664,-0.168831,-0.139474,0.567574,0.953705,-0.183534,-0.046732,0.233620,0.954472,-0.179504,-0.047718,0.233421,1.000000,
0.954472,-0.179504,-0.047718,0.233421,0.793664,-0.168831,-0.139474,0.567574,0.955492,-0.173988,-0.049065,0.233141,0.954472,-0.179504,-0.047718,0.233421,1.000000,
0.954472,-0.179504,-0.047718,0.233421,0.793664,-0.168831,-0.139474,0.567574,0.953705,-0.183534,-0.046732,0.233620,0.954472,-0.179504,-0.047718,0.233421,1.000000,
0.954472,-0.179504,-0.047718,0.233421,0.793664,-0.168831,-0.139474,0.567574,0.955492,-0.173988,-0.049065,0.233141,0.954472,-0.179504,-0.047718,0.233421,1.000000,
0.954472,-0.179504,-0.047718,0.233421,0.793664,-0.168831,-0.139474,0.567574,0.953705,-0.183534,-0.046732,0.233620,0.954472,-0.179504,-0.047718,0.233421,1.000000,
0.954472,-0.179504,-0.047718,0.233421,0.793664,-0.168831,-0.139474,0.567574,0.955492,-0.173988,-0.049065,0.233141,0.954472,-0.179504,-0.047718,0.233421,1.000000,
0.954472,-0.179504,-0.047718,0.233421,0.793664,-0.168831,-0.139474,0.567574,0.953705,-0.183534,-0.046732,0.233620,0.954472,-0.179504,-0.047718,0.233421,1.000000,
0.954472,-0.179504,-0.047718,0.233421,0.793664,-0.168831,-0.139474,0.567574,0.955492,-0.173988,-0.049065,0.233141,0.954472,-0.179504,-0.047718,0.233421,1.000000,
0.954472,-0.179504,-0.047718,0.233421,0.793664,-0.168831,-0.139474,0.567574,0.953705,-0.183534,-0.046732,0.233620,0.954472,-0.179504,-0.047718,0.233421,1.000000,
0.954472,-0.179504,-0.047718,0.233421,0.793664,-0.168831,-0.139474,0.567574,0.955492,-0.173988,-0.049065,0.233141,0.954472,-0.179504,-0.047718,0.233421,1.000000,
0.954472,-0.179504,-0.047718,0.233421,0.793664,-0.168831,-0.139474,0.567574,0.953705,-0.183534,-0.046732,0.233620,0.954472,-0.179504,-0.047718,0.233421,1.000000,
0.954472,-0.179504,-0.047718,0.233421,0.793664,-0.168831,-0.139474,0.567574,0.955492,-0.173988,-0.049065,0.233141,0.954472,-0.179504,-0.047718,0.233421,1.000000,
0.954472,-0.179504,-0.047718,0.233421,0.793664,-0.168831,-0.139474,0.567574,0.953705,-0.183535,-0.046732,0.233620,0.954472,-0.179504,-0.047718,0.233421,1.000000,
0.954472,-0.179504,-0.047718,0.233421,0.793664,-0.168831,-0.139474,0.567574,0.955492,-0.173988,-0.049065,0.233141,0.954472,-0.179504,-0.047718,0.233421,1.000000,
0.954472,-0.179504,-0.047718,0.233421,0.793664,-0.168831,-0.139474,0.567574,0.953705,-0.183535,-0.046732,0.233620,0.954472,-0.179504,-0.047718,0.233421,1.000000,
0.954472,-0.179504,-0.047718,0.233421,0.793664,-0.168831,-0.139474,0.567574,0.955492,-0.173989,-0.049065,0.233141,0.954472,-0.179504,-0.047718,0.233421,1.000000,
0.954472,-0.179504,-0.047718,0.233421,0.793664,-0.168831,-0.139474,0.567574,0.953705,-0.183535,-0.046732,0.233620,0.954472,-0.179504,-0.047718,0.233421,1.000000,
0.954472,-0.179504,-0.047718,0.233421,0.793664,-0.168831,-0.139474,0.567574,0.955492,-0.173989,-0.049065,0.233141,0.954472,-0.179504,-0.047718,0.233421,1.000000,
0.954472,-0.179504,-0.047718,0.233421,0.793664,-0.168831,-0.139474,0.567574,0.953705,-0.183535,-0.046731,0.233620,0.954472,-0.179504,-0.047718,0.233421,1.000000,
0.954472,-0.179504,-0.047718,0.233421,0.793664,-0.168831,-0.139474,0.567574,0.955492,-0.173989,-0.049065,0.233141,0.954472,-0.179504,-0.047718,0.233421,1.000000,
0.954472,-0.179504,-0.047718,0.233421,0.793664,-0.168831,-0.139474,0.567574,0.953705,-0.183535,-0.046731,0.233620,0.954472,-0.179504,-0.047718,0.233421,1.000000,
0.954472,-0.179504,-0.047718,0.233421,0.793664,-0.168831,-0.139474,0.567574,0.955492,-0.173989,-0.049065,0.233141,0.954472,-0.179504,-0.047718,0.233421,1.000000,
0.954472,-0.179504,-0.047718,0.233421,0.793664,-0.168831,-0.139474,0.567574,0.953705,-0.183535,-0.046731,0.233620,0.954472,-0.179504,-0.047718,0.233421,1.000000,
0.954472,-0.179504,-0.047718,0.233421,0.793664,-0.168831,-0.139474,0.567574,0.955492,-0.173989,-0.049065,0.233141,0.954472,-0.179504,-0.047718,0.233421,1.000000,
0.954472,-0.179504,-0.047718,0.233421,0.793664,-0.168831,-0.139474,0.567574,0.953705,-0.183535,-0.046731,0.233620,0.954472,-0.179504,-0.047718,0.233421,1.000000,
0.954472,-0.179504,-0.047718,0.233421,0.793664,-0.168831,-0.139474,0.567574,0.955492,-0.173989,-0.049065,0.233141,0.954472,-0.179504,-0.047718,0.233421,1.000000,
0.954472,-0.179504,-0.047718,0.233421,0.793664,-0.168831,-0.139474,0.567574,0.953705,-0.183535,-0.046731,0.233620,0.954472,-0.179504,-0.047718,0.233421,1.000000,
0.954472,-0.179504,-0.047718,0.233421,0.793664,-0.168831,-0.139474,0.567574,0.955492,-0.173989,-0.049065,0.233141,0.954472,-0.179504,-0.047718,0.233421,1.000000,
0.954472,-0.179504,-0.047718,0.233421,0.793664,-0.168831,-0.139474,0.567574,0.953705,-0.183535,-0.046731,0.233620,0.954472,-0.179504,-0.047718,0.233421,1.000000,
0.954472,-0.179504,-0.047718,0.233421,0.793664,-0.168831,-0.139474,0.567574,0.955492,-0.173989,-0.049065,0.233141,0.954472,-0.179504,-0.047718,0.233421,1.000000,
0.954472,-0.179504,-0.047718,0.233421,0.793664,-0.168831,-0.139474,0.567574,0.953705,-0.183535,-0.046731,0.233620,0.954472,-0.179504,-0.047718,0.233421,1.000000,
0.954472,-0.179504,-0.047718,0.233421,0.793664,-0.168831,-0.139474,0.567574,0.955492,-0.173989,-0.049065,0.233141,0.954472,-0.179504,-0.047718,0.233421,1.000000,
0.954472,-0.179504,-0.047718,0.233421,0.793664,-0.168831,-0.139474,0.567574,0.953705,-0.183535,-0.046731,0.233620,0.954472,-0.179504,-0.047718,0.233421,1.000000,
0.954472,-0.179504,-0.047718,0.233421,0.793664,-0.168831,-0.139474,0.567574,0.955492,-0.173989,-0.049065,0.233141,0.954472,-0.179504,-0.047718,0.233421,1.000000,
0.954472,-0.179504,-0.047718,0.233421,0.793664,-0.168831,-0.139474,0.567574,0.953705,-0.183535,-0.046731,0.233620,0.954472,-0.179504,-0.047718,0.233421,1.000000,
0.954472,-0.179504,-0.047718,0.233421,0.793664,-0.168831,-0.139474,0.567574,0.955492,-0.173989,-0.049065,0.233141,0.954472,-0.179504,-0.047718,0.233421,1.000000,
0.954472,-0.179504,-0.047718,0.233421,0.793664,-0.168831,-0.139474,0.567574,0.953705,-0.183535,-0.046731,0.233620,0.954472,-0.179504,-0.047718,0.233421,1.000000,
0.954472,-0.179504,-0.047718,0.233421,0.793664,-0.168831,-0.139474,0.567574,0.955492,-0.173989,-0.049065,0.233141,0.954472,-0.179504,-0.047718,0.233421,1.000000,
0.954472,-0.179504,-0.047718,0.233421,0.793664,-0.168831,-0.139474,0.567574,0.953705,-0.183535,-0.046731,0.233620,0.954472,-0.179504,-0.047718,0.233421,1.000000,
0.954472,-0.179504,-0.047718,0.233421,0.793664,-0.168831,-0.139474,0.567574,0.955492,-0.173989,-0.049065,0.233141,0.954472,-0.179504,-0.047718,0.233421,1.000000,
0.954472,-0.179504,-0.047718,0.233421,0.793664,-0.168831,-0.139474,0.567574,0.953705,-0.183536,-0.046731,0.233620,0.954472,-0.179504,-0.047718,0.233421,1.000000,
0.954472,-0.179504,-0.047718,0.233421,0.793664,-0.168831,-0.139474,0.567574,0.955492,-0.173989,-0.049065,0.233141,0.954472,-0.179504,-0.047718,0.233421,1.000000,
0.954472,-0.179504,-0.047718,0.233421,0.793664,-0.168831,-0.139474,0.567574,0.953705,-0.183536,-0.046731,0.233620,0.954472,-0.179504,-0.047718,0.233421,1.000000,
0.954472,-0.179504,-0.047718,0.233421,0.793664,-0.168831,-0.139474,0.567574,0.955492,-0.173990,-0.049065,0.233141,0.954472,-0.179504,-0.047718,0.233421,1.000000,
0.954472,-0.179504,-0.047718,0.233421,0.793664,-0.168831,-0.139474,0.567574,0.953705,-0.183536,-0.046731,0.233620,0.954472,-0.179504,-0.047718,0.233421,1.000000,
0.954472,-0.179504,-0.047718,0.233421,0.793664,-0.168831,-0.139474,0.567574,0.955492,-0.173990,-0.049065,0.233141,0.954472,-0.179504,-0.047718,0.233421,1.000000,
0.954472,-0.179504,-0.047718,0.233421,0.793664,-0.168831,-0.139474,0.567574,0.953705,-0.183536,-0.046731,0.233620,0.954472,-0.179504,-0.047718,0.233421,1.000000,
0.954472,-0.179504,-0.047718,0.233421,0.793664,-0.168831,-0.139474,0.567574,0.955492,-0.173990,-0.049065,0.233141,0.954472,-0.179504,-0.047718,0.233421,1.000000,
0.954472,-0.179504,-0.047718,0.233421,0.793664,-0.168831,-0.139474,0.567574,0.953705,-0.183536,-0.046731,0.233620,0.954472,-0.179504,-0.047718,0.233421,1.000000,
0.954472,-0.179504,-0.047718,0.233421,0.793664,-0.168831,-0.139474,0.567574,0.955492,-0.173990,-0.049065,0.233141,0.954472,-0.179504,-0.047718,0.233421,1.000000,
0.954472,-0.179504,-0.047718,0.233421,0.793664,-0.168831,-0.139474,0.567574,0.953705,-0.183536,-0.046731,0.233620,0.954472,-0.179504,-0.047718,0.233421,1.000000,
0.954472,-0.179504,-0.047718,0.233421,0.793664,-0.168831,-0.139474,0.567574,0.955492,-0.173990,-0.049065,0.233141,0.954472,-0.179504,-0.047718,0.233421,1.000000,
0.954472,-0.179504,-0.047718,0.233421,0.793664,-0.168831,-0.139474,0.567574,0.953705,-0.183536,-0.046731,0.233620,0.954472,-0.179504,-0.047718,0.233421,1.000000,
0.954472,-0.179504,-0.047718,0.233421,0.793664,-0.168831,-0.139474,0.567574,0.955492,-0.173990,-0.049065,0.233141,0.954472,-0.179504,-0.047718,0.233421,1.000000,
0.954472,-0.179504,-0.047718,0.233421,0.793664,-0.168831,-0.139474,0.567574,0.953704,-0.183536,-0.046731,0.233620,0.954472,-0.179504,-0.047718,0.233421,1.000000,
0.954472,-0.179504,-0.047718,0.233421,0.793664,-0.168831,-0.139474,0.567574,0.955492,-0.173990,-0.049065,0.233141,0.954472,-0.179504,-0.047718,0.233421,1.000000,
0.954472,-0.179504,-0.047718,0.233421,0.793664,-0.168831,-0.139474,0.567574,0.953704,-0.183536,-0.046731,0.233620,0.954472,-0.179504,-0.047718,0.233421,1.000000,
0.954472,-0.179504,-0.047718,0.233421,0.793664,-0.168831,-0.139474,0.567574,0.955492,-0.173990,-0.049065,0.233141,0.954472,-0.179504,-0.047718,0.233421,1.000000,
0.954472,-0.179504,-0.047718,0.233421,0.793664,-0.168831,-0.139474,0.567574,0.953704,-0.183536,-0.046731,0.233620,0.954472,-0.179504,-0.047718,0.233421,1.000000,
0.954472,-0.179504,-0.047718,0.233421,0.793664,-0.168831,-0.139474,0.567574,0.955492,-0.173990,-0.049065,0.233141,0.954472,-0.179504,-0.047718,0.233421,1.000000,
0.954472,-0.179504,-0.047718,0.233421,0.793664,-0.168831,-0.139474,0.567574,0.953704,-0.183536,-0.046731,0.233620,0.954472,-0.179504,-0.047718,0.233421,1.000000,
0.954472,-0.179504,-0.047718,0.233421,0.793664,-0.168831,-0.139474,0.567574,0.955492,-0.173990,-0.049065,0.233141,0.954472,-0.179504,-0.047718,0.233421,1.000000,
0.954472,-0.179504,-0.047718,0.233421,0.793664,-0.168831,-0.139474,0.567574,0.953704,-0.183536,-0.046731,0.233620,0.954472,-0.179504,-0.047718,0.233421,1.000000,
0.954472,-0.179504,-0.047718,0.233421,0.793664,-0.168831,-0.139474,0.567574,0.955492,-0.173990,-0.049065,0.233141,0.954472,-0.179504,-0.047718,0.233421,1.000000,
0.954472,-0.179504,-0.047718,0.233421,0.793664,-0.168831,-0.139474,0.567574,0.953704,-0.183536,-0.046731,0.233620,0.954472,-0.179504,-0.047718,0.233421,1.000000,
0.954472,-0.179504,-0.047718,0.233421,0.793664,-0.168831,-0.139474,0.567574,0.955492,-0.173990,-0.049065,0.233141,0.954472,-0.179504,-0.047718,0.233421,1.000000,
0.954472,-0.179504,-0.047718,0.233421,0.793664,-0.168831,-0.139474,0.567574,0.953704,-0.183537,-0.046731,0.233620,0.954472,-0.179504,-0.047718,0.233421,1.000000,
0.954472,-0.179504,-0.047718,0.233421,0.793664,-0.168831,-0.139474,0.567574,0.955492,-0.173990,-0.049065,0.233141,0.954472,-0.179504,-0.047718,0.233421,1.000000,
0.954472,-0.179504,-0.047718,0.233421,0.793664,-0.168831,-0.139474,0.567574,0.953704,-0.183537,-0.046731,0.233620,0.954472,-0.179504,-0.047718,0.233421,1.000000,
0.954472,-0.179504,-0.047718,0.233421,0.793664,-0.168831,-0.139474,0.567574,0.955492,-0.173991,-0.049065,0.233141,0.954472,-0.179504,-0.047718,0.233421,1.000000,
0.954472,-0.179504,-0.047718,0.233421,0.793664,-0.168831,-0.139474,0.567574,0.953704,-0.183537,-0.046731,0.233620,0.954472,-0.179504,-0.047718,0.233421,1.000000,
0.954472,-0.179504,-0.047718,0.233421,0.793664,-0.168831,-0.139474,0.567574,0.955492,-0.173991,-0.049065,0.233141,0.954472,-0.179504,-0.047718,0.233421,1.000000,
0.954472,-0.179504,-0.047718,0.233421,0.793664,-0.168831,-0.139474,0.567574,0.953704,-0.183537,-0.046731,0.233620,0.954472,-0.179504,-0.047718,0.233421,1.000000,
0.954472,-0.179504,-0.047718,0.233421,0.793664,-0.168831,-0.139474,0.567574,0.955492,-0.173991,-0.049065,0.233141,0.954472,-0.179504,-0.047718,0.233421,1.000000,
0.954472,-0.179504,-0.047718,0.233421,0.793664,-0.168831,-0.139474,0.567574,0.953704,-0.183537,-0.046731,0.233620,0.954472,-0.179504,-0.047718,0.233421,1.000000,
0.954472,-0.179504,-0.047718,0.233421,0.793664,-0.168831,-0.139474,0.567574,0.955492,-0.173991,-0.049065,0.233141,0.954472,-0.179504,-0.047718,0.233421,1.000000,
0.954472,-0.179504,-0.047718,0.233421,0.793664,-0.168831,-0.139474,0.567574,0.953704,-0.183537,-0.046731,0.233620,0.954472,-0.179504,-0.047718,0.233421,1.000000,
0.954472,-0.179504,-0.047718,0.233421,0.793664,-0.168831,-0.139474,0.567574,0.955492,-0.173991,-0.049065,0.233141,0.954472,-0.179504,-0.047718,0.233421,1.000000,
0.954472,-0.179504,-0.047718,0.233421,0.793664,-0.168831,-0.139474,0.567574,0.953704,-0.183537,-0.046731,0.233620,0.954472,-0.179504,-0.047718,0.233421,1.000000,
0.954472,-0.179504,-0.047718,0.233421,0.793664,-0.168831,-0.139474,0.567574,0.955492,-0.173991,-0.049065,0.233141,0.954472,-0.179504,-0.047718,0.233421,1.000000,
0.954472,-0.179504,-0.047718,0.233421,0.793664,-0.168831,-0.139474,0.567574,0.953704,-0.183537,-0.046731,0.233620,0.954472,-0.179504,-0.047718,0.233421,1.000000,
0.954472,-0.179504,-0.047718,0.233421,0.793664,-0.168831,-0.139474,0.567574,0.955492,-0.173991,-0.049065,0.233141,0.954472,-0.179504,-0.047718,0.233421,1.000000,
0.954472,-0.179504,-0.047718,0.233421,0.793664,-0.168831,-0.139474,0.567574,0.953704,-0.183537,-0.046731,0.233620,0.954472,-0.179504,-0.047718,0.233421,1.000000,
0.954472,-0.179504,-0.047718,0.233421,0.793664,-0.168831,-0.139474,0.567574,0.955492,-0.173991,-0.049065,0.233141,0.954472,-0.179504,-0.047718,0.233421,1.000000,
0.954472,-0.179504,-0.047718,0.233421,0.793664,-0.168831,-0.139474,0.567574,0.953704,-0.183537,-0.046731,0.233620,0.954472,-0.179504,-0.047718,0.233421,1.000000,
0.954472,-0.179504,-0.047718,0.233421,0.793664,-0.168831,-0.139474,0.567574,0.955492,-0.173991,-0.049065,0.233141,0.954472,-0.179504,-0.047718,0.233421,1.000000,
0.954472,-0.179504,-0.047718,0.233421,0.793664,-0.168831,-0.139474,0.567574,0.953704,-0.183537,-0.046731,0.233620,0.954472,-0.179504,-0.047718,0.233421,1.000000,
0.954472,-0.179504,-0.047718,0.233421,0.793664,-0.168831,-0.139474,0.567574,0.955492,-0.173991,-0.049065,0.233141,0.954472,-0.179504,-0.047718,0.233421,1.000000,
0.954472,-0.179504,-0.047718,0.233421,0.793664,-0.168831,-0.139474,0.567574,0.953704,-0.183537,-0.046731,0.233620,0.954472,-0.179504,-0.047718,0.233421,1.000000,
0.954472,-0.179504,-0.047718,0.233421,0.793664,-0.168831,-0.139474,0.567574,0.955492,-0.173991,-0.049065,0.233141,0.954472,-0.179504,-0.047718,0.233421,1.000000,
0.954472,-0.179504,-0.047718,0.233421,0.793664,-0.168831,-0.139474,0.567574,0.953704,-0.183537,-0.046731,0.233620,0.954472,-0.179504,-0.047718,0.233421,1.000000,
0.954472,-0.179504,-0.047718,0.233421,0.793664,-0.168831,-0.139474,0.567574,0.955492,-0.173991,-0.049065,0.233141,0.954472,-0.179504,-0.047718,0.233421,1.000000,
0.954472,-0.179504,-0.047718,0.233421,0.793664,-0.168831,-0.139474,0.567574,0.953704,-0.183537,-0.046731,0.233620,0.954472,-0.179504,-0.047718,0.233421,1.000000,
0.954472,-0.179504,-0.047718,0.233421,0.793664,-0.168831,-0.139474,0.567574,0.955492,-0.173991,-0.049065,0.233141,0.954472,-0.179504,-0.047718,0.233421,1.000000,
0.954472,-0.179504,-0.047718,0.233421,0.793664,-0.168831,-0.139474,0.567574,0.953704,-0.183538,-0.046731,0.233620,0.954472,-0.179504,-0.047718,0.233421,1.000000,
0.954472,-0.179504,-0.047718,0.233421,0.793664,-0.168831,-0.139474,0.567574,0.955492,-0.173991,-0.049065,0.233141,0.954472,-0.179504,-0.047718,0.233421,1.000000,
0.954472,-0.179504,-0.047718,0.233421,0.793664,-0.168831,-0.139474,0.567574,0.953704,-0.183538,-0.046731,0.233620,0.954472,-0.179504,-0.047718,0.233421,1.000000,
0.954472,-0.179504,-0.047718,0.233421,0.793664,-0.168831,-0.139474,0.567574,0.955492,-0.173992,-0.049065,0.233141,0.954472,-0.179504,-0.047718,0.233421,1.000000,
0.954472,-0.179504,-0.047718,0.233421,0.793664,-0.168831,-0.139474,0.567574,0.953704,-0.183538,-0.046731,0.233620,0.954472,-0.179504,-0.047718,0.233421,1.000000,
0.954472,-0.179504,-0.047718,0.233421,0.793664,-0.168831,-0.139474,0.567574,0.955492,-0.173992,-0.049065,0.233141,0.954472,-0.179504,-0.047718,0.233421,1.000000,
0.954472,-0.179504,-0.047718,0.233421,0.793664,-0.168831,-0.139474,0.567574,0.953704,-0.183538,-0.046731,0.233620,0.954472,-0.179504,-0.047718,0.233421,1.000000,
0.954472,-0.179504,-0.047718,0.233421,0.793664,-0.168831,-0.139474,0.567574,0.955492,-0.173992,-0.049065,0.233141,0.954472,-0.179504,-0.047718,0.233421,1.000000,
0.954472,-0.179504,-0.047718,0.233421,0.793664,-0.168831,-0.139474,0.567574,0.953704,-0.183538,-0.046731,0.233620,0.954472,-0.179504,-0.047718,0.233421,1.000000,
0.954472,-0.179504,-0.047718,0.233421,0.793664,-0.168831,-0.139474,0.567574,0.955492,-0.173992,-0.049065,0.233141,0.954472,-0.179504,-0.047718,0.233421,1.000000,
0.954472,-0.179504,-0.047718,0.233421,0.793664,-0.168831,-0.139474,0.567574,0.953704,-0.183538,-0.046731,0.233620,0.954472,-0.179504,-0.047718,0.233421,1.000000,
0.954472,-0.179504,-0.047718,0.233421,0.793664,-0.168831,-0.139474,0.567574,0.955492,-0.173992,-0.049065,0.233141,0.954472,-0.179504,-0.047718,0.233421,1.000000,
0.954472,-0.179504,-0.047718,0.233421,0.793664,-0.168831,-0.139474,0.567574,0.953704,-0.183538,-0.046731,0.233620,0.954472,-0.179504,-0.047718,0.233421,1.000000,
0.954472,-0.179504,-0.047718,0.233421,0.793664,-0.168831,-0.139474,0.567574,0.955492,-0.173992,-0.049065,0.233141,0.954472,-0.179504,-0.047718,0.233421,1.000000,
0.954472,-0.179504,-0.047718,0.233421,0.793664,-0.168831,-0.139474,0.567574,0.953704,-0.183538,-0.046731,0.233620,0.954472,-0.179504,-0.047718,0.233421,1.000000,
0.954472,-0.179504,-0.047718,0.233421,0.793664,-0.168831,-0.139474,0.567574,0.955492,-0.173992,-0.049065,0.233141,0.954472,-0.179504,-0.047718,0.233421,1.000000,
0.954472,-0.179504,-0.047718,0.233421,0.793664,-0.168831,-0.139474,0.567574,0.953704,-0.183538,-0.046731,0.233620,0.954472,-0.179504,-0.047718,0.233421,1.000000,
0.954472,-0.179504,-0.047718,0.233421,0.793664,-0.168831,-0.139474,0.567574,0.955492,-0.173992,-0.049064,0.233141,0.954472,-0.179504,-0.047718,0.233421,1.000000,
0.954472,-0.179504,-0.047718,0.233421,0.793664,-0.168831,-0.139474,0.567574,0.953704,-0.183538,-0.046731,0.233620,0.954472,-0.179504,-0.047718,0.233421,1.000000,
0.954472,-0.179504,-0.047718,0.233421,0.793664,-0.168831,-0.139474,0.567574,0.955492,-0.173992,-0.049064,0.233141,0.954472,-0.179504,-0.047718,0.233421,1.000000,
0.954472,-0.179504,-0.047718,0.233421,0.793664,-0.168831,-0.139474,0.567574,0.953704,-0.183538,-0.046731,0.233620,0.954472,-0.179504,-0.047718,0.233421,1.000000,
0.954472,-0.179504,-0.047718,0.233421,0.793664,-0.168831,-0.139474,0.567574,0.955492,-0.173992,-0.049064,0.233141,0.954472,-0.179504,-0.047718,0.233421,1.000000,
0.954472,-0.179504,-0.047718,0.233421,0.793664,-0.168831,-0.139474,0.567574,0.953704,-0.183538,-0.046731,0.233620,0.954472,-0.179504,-0.047718,0.233421,1.000000,
0.954472,-0.179504,-0.047718,0.233421,0.793664,-0.168831,-0.139474,0.567574,0.955492,-0.173992,-0.049064,0.233141,0.954472,-0.179504,-0.047718,0.233421,1.000000,
0.954472,-0.179504,-0.047718,0.233421,0.793664,-0.168831,-0.139474,0.567574,0.953704,-0.183538,-0.046731,0.233620,0.954472,-0.179504,-0.047718,0.233421,1.000000,
0.954472,-0.179504,-0.047718,0.233421,0.793664,-0.168831,-0.139474,0.567574,0.955492,-0.173992,-0.049064,0.233141,0.954472,-0.179504,-0.047718,0.233421,1.000000,
0.954472,-0.179504,-0.047718,0.233421,0.793664,-0.168831,-0.139474,0.567574,0.953704,-0.183539,-0.046731,0.233620,0.954472,-0.179504,-0.047718,0.233421,1.000000,
0.954472,-0.179504,-0.047718,0.233421,0.793664,-0.168831,-0.139474,0.567574,0.955492,-0.173992,-0.049064,0.233141,0.954472,-0.179504,-0.047718,0.233421,1.000000,
0.954472,-0.179504,-0.047718,0.233421,0.793664,-0.168831,-0.139474,0.567574,0.953704,-0.183539,-0.046731,0.233620,0.954472,-0.179504,-0.047718,0.233421,1.000000,
0.954472,-0.179504,-0.047718,0.233421,0.793664,-0.168831,-0.139474,0.567574,0.955492,-0.173993,-0.049064,0.233141,0.954472,-0.179504,-0.047718,0.233421,1.000000,
0.954472,-0.179504,-0.047718,0.233421,0.793664,-0.168831,-0.139474,0.567574,0.953704,-0.183539,-0.046731,0.233620,0.954472,-0.179504,-0.047718,0.233421,1.000000,
0.954472,-0.179504,-0.047718,0.233421,0.793664,-0.168831,-0.139474,0.567574,0.955492,-0.173993,-0.049064,0.233141,0.954472,-0.179504,-0.047718,0.233421,1.000000,
0.954472,-0.179504,-0.047718,0.233421,0.793664,-0.168831,-0.139474,0.567574,0.953704,-0.183539,-0.046731,0.233620,0.954472,-0.179504,-0.047718,0.233421,1.000000,
0.954472,-0.179504,-0.047718,0.233421,0.793664,-0.168831,-0.139474,0.567574,0.955492,-0.173993,-0.049064,0.233141,0.954472,-0.179504,-0.047718,0.233421,1.000000,
0.954472,-0.179504,-0.047718,0.233421,0.793664,-0.168831,-0.139474,0.567574,0.953704,-0.183539,-0.046731,0.233620,0.954472,-0.179504,-0.047718,0.233421,1.000000,
0.954472,-0.179504,-0.047718,0.233421,0.793664,-0.168831,-0.139474,0.567574,0.955492,-0.173993,-0.049064,0.233141,0.954472,-0.179504,-0.047718,0.233421,1.000000,
0.954472,-0.179504,-0.047718,0.233421,0.793664,-0.168831,-0.139474,0.567574,0.953704,-0.183539,-0.046730,0.233620,0.954472,-0.179504,-0.047718,0.233421,1.000000,
0.954472,-0.179504,-0.047718,0.233421,0.793664,-0.168831,-0.139474,0.567574,0.955492,-0.173993,-0.049064,0.233141,0.954472,-0.179504,-0.047718,0.233421,1.000000,
0.954472,-0.179504,-0.047718,0.233421,0.793664,-0.168831,-0.139474,0.567574,0.953704,-0.183539,-0.046730,0.233620,0.954472,-0.179504,-0.047718,0.233421,1.000000,
0.954472,-0.179504,-0.047718,0.233421,0.793664,-0.168831,-0.139474,0.567574,0.955492,-0.173993,-0.049064,0.233141,0.954472,-0.179504,-0.047718,0.233421,1.000000,
0.954472,-0.179504,-0.047718,0.233421,0.793664,-0.168831,-0.139474,0.567574,0.953704,-0.183539,-0.046730,0.233620,0.954472,-0.179504,-0.047718,0.233421,1.000000,
0.954472,-0.179504,-0.047718,0.233421,0.793664,-0.168831,-0.139474,0.567574,0.955492,-0.173993,-0.049064,0.233141,0.954472,-0.179504,-0.047718,0.233421,1.000000,
0.954472,-0.179504,-0.047718,0.233421,0.793664,-0.168831,-0.139474,0.567574,0.953704,-0.183539,-0.046730,0.233620,0.954472,-0.179504,-0.047718,0.233421,1.000000,
0.954472,-0.179504,-0.047718,0.233421,0.793664,-0.168831,-0.139474,0.567574,0.955492,-0.173993,-0.049064,0.233141,0.954472,-0.179504,-0.047718,0.233421,1.000000,
0.954472,-0.179504,-0.047718,0.233421,0.793664,-0.168831,-0.139474,0.567574,0.953704,-0.183539,-0.046730,0.233620,0.954472,-0.179504,-0.047718,0.233421,1.000000,
0.954472,-0.179504,-0.047718,0.233421,0.793664,-0.168831,-0.139474,0.567574,0.955492,-0.173993,-0.049064,0.233141,0.954472,-0.179504,-0.047718,0.233421,1.000000,
0.954472,-0.179504,-0.047718,0.233421,0.793664,-0.168831,-0.139474,0.567574,0.953704,-0.183539,-0.046730,0.233620,0.954472,-0.179504,-0.047718,0.233421,1.000000,
0.954472,-0.179504,-0.047718,0.233421,0.793664,-0.168831,-0.139474,0.567574,0.955492,-0.173993,-0.049064,0.233142,0.954472,-0.179504,-0.047718,0.233421,1.000000,
0.954472,-0.179504,-0.047718,0.233421,0.793664,-0.168831,-0.139474,0.567574,0.953704,-0.183539,-0.046730,0.233620,0.954472,-0.179504,-0.047718,0.233421,1.000000,
0.954472,-0.179504,-0.047718,0.233421,0.793664,-0.168831,-0.139474,0.567574,0.955492,-0.173993,-0.049064,0.233142,0.954472,-0.179504,-0.047718,0.233421,1.000000,
0.954472,-0.179504,-0.047718,0.233421,0.793664,-0.168831,-0.139474,0.567574,0.953704,-0.183539,-0.046730,0.233620,0.954472,-0.179504,-0.047718,0.233421,1.000000,
0.954472,-0.179504,-0.047718,0.233421,0.793664,-0.168831,-0.139474,0.567574,0.955492,-0.173993,-0.049064,0.233142,0.954472,-0.179504,-0.047718,0.233421,1.000000,
0.954472,-0.179504,-0.047718,0.233421,0.793664,-0.168831,-0.139474,0.567574,0.953704,-0.183539,-0.046730,0.233620,0.954472,-0.179504,-0.047718,0.233421,1.000000,
0.954472,-0.179504,-0.047718,0.233421,0.793664,-0.168831,-0.139474,0.567574,0.955492,-0.173993,-0.049064,0.233142,0.954472,-0.179504,-0.047718,0.233421,1.000000,
0.954472,-0.179504,-0.047718,0.233421,0.793664,-0.168831,-0.139474,0.567574,0.953704,-0.183540,-0.046730,0.233620,0.954472,-0.179504,-0.047718,0.233421,1.000000,
0.954472,-0.179504,-0.047718,0.233421,0.793664,-0.168831,-0.139474,0.567574,0.955492,-0.173993,-0.049064,0.233142,0.954472,-0.179504,-0.047718,0.233421,1.000000,
0.954472,-0.179504,-0.047718,0.233421,0.793664,-0.168831,-0.139474,0.567574,0.953704,-0.183540,-0.046730,0.233620,0.954472,-0.179504,-0.047718,0.233421,1.000000,
0.954472,-0.179504,-0.047718,0.233421,0.793664,-0.168831,-0.139474,0.567574,0.955491,-0.173994,-0.049064,0.233142,0.954472,-0.179504,-0.047718,0.233421,1.000000,
0.954472,-0.179504,-0.047718,0.233421,0.793664,-0.168831,-0.139474,0.567574,0.953704,-0.183540,-0.046730,0.233620,0.954472,-0.179504,-0.047718,0.233421,1.000000,
0.954472,-0.179504,-0.047718,0.233421,0.793664,-0.168831,-0.139474,0.567574,0.955491,-0.173994,-0.049064,0.233142,0.954472,-0.179504,-0.047718,0.233421,1.000000,
0.954472,-0.179504,-0.047718,0.233421,0.793664,-0.168831,-0.139474,0.567574,0.953704,-0.183540,-0.046730,0.233621,0.954472,-0.179504,-0.047718,0.233421,1.000000,
0.954472,-0.179504,-0.047718,0.233421,0.793664,-0.168831,-0.139474,0.567574,0.955491,-0.173994,-0.049064,0.233142,0.954472,-0.179504,-0.047718,0.233421,1.000000,
0.954472,-0.179504,-0.047718,0.233421,0.793664,-0.168831,-0.139474,0.567574,0.953704,-0.183540,-0.046730,0.233621,0.954472,-0.179504,-0.047718,0.233421,1.000000,
0.954472,-0.179504,-0.047718,0.233421,0.793664,-0.168831,-0.139474,0.567574,0.955491,-0.173994,-0.049064,0.233142,0.954472,-0.179504,-0.047718,0.233421,1.000000,
0.954472,-0.179504,-0.047718,0.233421,0.793664,-0.168831,-0.139474,0.567574,0.953704,-0.183540,-0.046730,0.233621,0.954472,-0.179504,-0.047718,0.233421,1.000000,
0.954472,-0.179504,-0.047718,0.233421,0.793664,-0.168831,-0.139474,0.567574,0.955491,-0.173994,-0.049064,0.233142,0.954472,-0.179504,-0.047718,0.233421,1.000000,
0.954472,-0.179504,-0.047718,0.233421,0.793664,-0.168831,-0.139474,0.567574,0.953704,-0.183540,-0.046730,0.233621,0.954472,-0.179504,-0.047718,0.233421,1.000000,
0.954472,-0.179504,-0.047718,0.233421,0.793664,-0.168831,-0.139474,0.567574,0.955491,-0.173994,-0.049064,0.233142,0.954472,-0.179504,-0.047718,0.233421,1.000000,
0.954472,-0.179504,-0.047718,0.233421,0.793664,-0.168831,-0.139474,0.567574,0.953704,-0.183540,-0.046730,0.233621,0.954472,-0.179504,-0.047718,0.233421,1.000000,
0.954472,-0.179504,-0.047718,0.233421,0.793664,-0.168831,-0.139474,0.567574,0.955491,-0.173994,-0.049064,0.233142,0.954472,-0.179504,-0.047718,0.233421,1.000000,
0.954472,-0.179504,-0.047718,0.233421,0.793664,-0.168831,-0.139474,0.567574,0.953704,-0.183540,-0.046730,0.233621,0.954472,-0.179504,-0.047718,0.233421,1.000000,
0.954472,-0.179504,-0.047718,0.233421,0.793664,-0.168831,-0.139474,0.567574,0.955491,-0.173994,-0.049064,0.233142,0.954472,-0.179504,-0.047718,0.233421,1.000000,
0.954472,-0.179504,-0.047718,0.233421,0.793664,-0.168831,-0.139474,0.567574,0.953704,-0.183540,-0.046730,0.233621,0.954472,-0.179504,-0.047718,0.233421,1.000000,
0.954472,-0.179504,-0.047718,0.233421,0.793664,-0.168831,-0.139474,0.567574,0.955491,-0.173994,-0.049064,0.233142,0.954472,-0.179504,-0.047718,0.233421,1.000000,
0.954472,-0.179504,-0.047718,0.233421,0.793664,-0.168831,-0.139474,0.567574,0.953704,-0.183540,-0.046730,0.233621,0.954472,-0.179504,-0.047718,0.233421,1.000000,
0.954472,-0.179504,-0.047718,0.233421,0.793664,-0.168831,-0.139474,0.567574,0.955491,-0.173994,-0.049064,0.233142,0.954472,-0.179504,-0.047718,0.233421,1.000000,
0.954472,-0.179504,-0.047718,0.233421,0.793664,-0.168831,-0.139474,0.567574,0.953704,-0.183540,-0.046730,0.233621,0.954472,-0.179504,-0.047718,0.233421,1.000000,
0.954472,-0.179504,-0.047718,0.233421,0.793664,-0.168831,-0.139474,0.567574,0.955491,-0.173994,-0.049064,0.233142,0.954472,-0.179504,-0.047718,0.233421,1.000000,
0.954472,-0.179504,-0.047718,0.233421,0.793664,-0.168831,-0.139474,0.567574,0.953704,-0.183540,-0.046730,0.233621,0.954472,-0.179504,-0.047718,0.233421,1.000000,
0.954472,-0.179504,-0.047718,0.233421,0.793664,-0.168831,-0.139474,0.567574,0.955491,-0.173994,-0.049064,0.233142,0.954472,-0.179504,-0.047718,0.233421,1.000000,
0.954472,-0.179504,-0.047718,0.233421,0.793664,-0.168831,-0.139474,0.567574,0.953704,-0.183540,-0.046730,0.233621,0.954472,-0.179504,-0.047718,0.233421,1.000000,
0.954472,-0.179504,-0.047718,0.233421,0.793664,-0.168831,-0.139474,0.567574,0.955491,-0.173994,-0.049064,0.233142,0.954472,-0.179504,-0.047718,0.233421,1.000000,
0.954472,-0.179504,-0.047718,0.233421,0.793664,-0.168831,-0.139474,0.567574,0.953704,-0.183541,-0.046730,0.233621,0.954472,-0.179504,-0.047718,0.233421,1.000000,
0.954472,-0.179504,-0.047718,0.233421,0.793664,-0.168831,-0.139474,0.567574,0.955491,-0.173995,-0.049064,0.233142,0.954472,-0.179504,-0.047718,0.233421,1.000000,
0.954472,-0.179504,-0.047718,0.233421,0.793664,-0.168831,-0.139474,0.567574,0.953704,-0.183541,-0.046730,0.233621,0.954472,-0.179504,-0.047718,0.233421,1.000000,
0.954472,-0.179504,-0.047718,0.233421,0.793664,-0.168831,-0.139474,0.567574,0.955491,-0.173995,-0.049064,0.233142,0.954472,-0.179504,-0.047718,0.233421,1.000000,
0.954472,-0.179504,-0.047718,0.233421,0.793664,-0.168831,-0.139474,0.567574,0.953704,-0.183541,-0.046730,0.233621,0.954472,-0.179504,-0.047718,0.233421,1.000000,
0.954472,-0.179504,-0.047718,0.233421,0.793664,-0.168831,-0.139474,0.567574,0.955491,-0.173995,-0.049064,0.233142,0.954472,-0.179504,-0.047718,0.233421,1.000000,
0.954472,-0.179504,-0.047718,0.233421,0.793664,-0.168831,-0.139474,0.567574,0.953704,-0.183541,-0.046730,0.233621,0.954472,-0.179504,-0.047718,0.233421,1.000000,
0.954472,-0.179504,-0.047718,0.233421,0.793664,-0.168831,-0.139474,0.567574,0.955491,-0.173995,-0.049064,0.233142,0.954472,-0.179504,-0.047718,0.233421,1.000000,
0.954472,-0.179504,-0.047718,0.233421,0.793664,-0.168831,-0.139474,0.567574,0.953704,-0.183541,-0.046730,0.233621,0.954472,-0.179504,-0.047718,0.233421,1.000000,
0.954472,-0.179504,-0.047718,0.233421,0.793664,-0.168831,-0.139474,0.567574,0.955491,-0.173995,-0.049064,0.233142,0.954472,-0.179504,-0.047718,0.233421,1.000000,
0.954472,-0.179504,-0.047718,0.233421,0.793664,-0.168831,-0.139474,0.567574,0.953704,-0.183541,-0.046730,0.233621,0.954472,-0.179504,-0.047718,0.233421,1.000000,
0.954472,-0.179504,-0.047718,0.233421,0.793664,-0.168831,-0.139474,0.567574,0.955491,-0.173995,-0.049064,0.233142,0.954472,-0.179504,-0.047718,0.233421,1.000000,
0.954472,-0.179504,-0.047718,0.233421,0.793664,-0.168831,-0.139474,0.567574,0.953704,-0.183541,-0.046730,0.233621,0.954472,-0.179504,-0.047718,0.233421,1.000000,
0.954472,-0.179504,-0.047718,0.233421,0.793664,-0.168831,-0.139474,0.567574,0.955491,-0.173995,-0.049064,0.233142,0.954472,-0.179504,-0.047718,0.233421,1.000000,
0.954472,-0.179504,-0.047718,0.233421,0.793664,-0.168831,-0.139474,0.567574,0.953704,-0.183541,-0.046730,0.233621,0.954472,-0.179504,-0.047718,0.233421,1.000000,
0.954472,-0.179504,-0.047718,0.233421,0.793664,-0.168831,-0.139474,0.567574,0.955491,-0.173995,-0.049064,0.233142,0.954472,-0.179504,-0.047718,0.233421,1.000000,
0.954472,-0.179504,-0.047718,0.233421,0.793664,-0.168831,-0.139474,0.567574,0.953704,-0.183541,-0.046730,0.233621,0.954472,-0.179504,-0.047718,0.233421,1.000000,
0.954472,-0.179504,-0.047718,0.233421,0.793664,-0.168831,-0.139474,0.567574,0.955491,-0.173995,-0.049064,0.233142,0.954472,-0.179504,-0.047718,0.233421,1.000000,
0.954472,-0.179504,-0.047718,0.233421,0.793664,-0.168831,-0.139474,0.567574,0.953703,-0.183541,-0.046730,0.233621,0.954472,-0.179504,-0.047718,0.233421,1.000000,
0.954472,-0.179504,-0.047718,0.233421,0.793664,-0.168831,-0.139474,0.567574,0.955491,-0.173995,-0.049064,0.233142,0.954472,-0.179504,-0.047718,0.233421,1.000000,
0.954472,-0.179504,-0.047718,0.233421,0.793664,-0.168831,-0.139474,0.567574,0.953703,-0.183541,-0.046730,0.233621,0.954472,-0.179504,-0.047718,0.233421,1.000000,
0.954472,-0.179504,-0.047718,0.233421,0.793664,-0.168831,-0.139474,0.567574,0.955491,-0.173995,-0.049064,0.233142,0.954472,-0.179504,-0.047718,0.233421,1.000000,
0.954472,-0.179504,-0.047718,0.233421,0.793664,-0.168831,-0.139474,0.567574,0.953703,-0.183541,-0.046730,0.233621,0.954472,-0.179504,-0.047718,0.233421,1.000000,
0.954472,-0.179504,-0.047718,0.233421,0.793664,-0.168831,-0.139474,0.567574,0.955491,-0.173995,-0.049064,0.233142,0.954472,-0.179504,-0.047718,0.233421,1.000000,
0.954472,-0.179504,-0.047718,0.233421,0.793664,-0.168831,-0.139474,0.567574,0.953703,-0.183541,-0.046730,0.233621,0.954472,-0.179504,-0.047718,0.233421,1.000000,
0.954472,-0.179504,-0.047718,0.233421,0.793664,-0.168831,-0.139474,0.567574,0.955491,-0.173995,-0.049064,0.233142,0.954472,-0.179504,-0.047718,0.233421,1.000000,
0.954472,-0.179504,-0.047718,0.233421,0.793664,-0.168831,-0.139474,0.567574,0.953703,-0.183542,-0.046730,0.233621,0.954472,-0.179504,-0.047718,0.233421,1.000000,
0.954472,-0.179504,-0.047718,0.233421,0.793664,-0.168831,-0.139474,0.567574,0.955491,-0.173995,-0.049064,0.233142,0.954472,-0.179504,-0.047718,0.233421,1.000000,
0.954472,-0.179504,-0.047718,0.233421,0.793664,-0.168831,-0.139474,0.567574,0.953703,-0.183542,-0.046730,0.233621,0.954472,-0.179504,-0.047718,0.233421,1.000000,
0.954472,-0.179504,-0.047718,0.233421,0.793664,-0.168831,-0.139474,0.567574,0.955491,-0.173996,-0.049064,0.233142,0.954472,-0.179504,-0.047718,0.233421,1.000000,
0.954472,-0.179504,-0.047718,0.233421,0.793664,-0.168831,-0.139474,0.567574,0.953703,-0.183542,-0.046730,0.233621,0.954472,-0.179504,-0.047718,0.233421,1.000000,
0.954472,-0.179504,-0.047718,0.233421,0.793664,-0.168831,-0.139474,0.567574,0.955491,-0.173996,-0.049064,0.233142,0.954472,-0.179504,-0.047718,0.233421,1.000000,
0.954472,-0.179504,-0.047718,0.233421,0.793664,-0.168831,-0.139474,0.567574,0.953703,-0.183542,-0.046730,0.233621,0.954472,-0.179504,-0.047718,0.233421,1.000000,
0.954472,-0.179504,-0.047718,0.233421,0.793664,-0.168831,-0.139474,0.567574,0.955491,-0.173996,-0.049064,0.233142,0.954472,-0.179504,-0.047718,0.233421,1.000000,
0.954472,-0.179504,-0.047718,0.233421,0.793664,-0.168831,-0.139474,0.567574,0.953703,-0.183542,-0.046730,0.233621,0.954472,-0.179504,-0.047718,0.233421,1.000000,
0.954472,-0.179504,-0.047718,0.233421,0.793664,-0.168831,-0.139474,0.567574,0.955491,-0.173996,-0.049064,0.233142,0.954472,-0.179504,-0.047718,0.233421,1.000000,
0.954472,-0.179504,-0.047718,0.233421,0.793664,-0.168831,-0.139474,0.567574,0.953703,-0.183542,-0.046730,0.233621,0.954472,-0.179504,-0.047718,0.233421,1.000000,
0.954472,-0.179504,-0.047718,0.233421,0.793664,-0.168831,-0.139474,0.567574,0.955491,-0.173996,-0.049064,0.233142,0.954472,-0.179504,-0.047718,0.233421,1.000000,
0.954472,-0.179504,-0.047718,0.233421,0.793664,-0.168831,-0.139474,0.567574,0.953703,-0.183542,-0.046730,0.233621,0.954472,-0.179504,-0.047718,0.233421,1.000000,
0.954472,-0.179504,-0.047718,0.233421,0.793664,-0.168831,-0.139474,0.567574,0.955491,-0.173996,-0.049064,0.233142,0.954472,-0.179504,-0.047718,0.233421,1.000000,
0.954472,-0.179504,-0.047718,0.233421,0.793664,-0.168831,-0.139474,0.567574,0.953703,-0.183542,-0.046730,0.233621,0.954472,-0.179504,-0.047718,0.233421,1.000000,
0.954472,-0.179504,-0.047718,0.233421,0.793664,-0.168831,-0.139474,0.567574,0.955491,-0.173996,-0.049064,0.233142,0.954472,-0.179504,-0.047718,0.233421,1.000000,
0.954472,-0.179504,-0.047718,0.233421,0.793664,-0.168831,-0.139474,0.567574,0.953703,-0.183542,-0.046730,0.233621,0.954472,-0.179504,-0.047718,0.233421,1.000000,
0.954472,-0.179504,-0.047718,0.233421,0.793664,-0.168831,-0.139474,0.567574,0.955491,-0.173996,-0.049064,0.233142,0.954472,-0.179504,-0.047718,0.233421,1.000000,
0.954472,-0.179504,-0.047718,0.233421,0.793664,-0.168831,-0.139474,0.567574,0.953703,-0.183542,-0.046730,0.233621,0.954472,-0.179504,-0.047718,0.233421,1.000000,
0.954472,-0.179504,-0.047718,0.233421,0.793664,-0.168831,-0.139474,0.567574,0.955491,-0.173996,-0.049064,0.233142,0.954472,-0.179504,-0.047718,0.233421,1.000000,
0.954472,-0.179504,-0.047718,0.233421,0.793664,-0.168831,-0.139474,0.567574,0.953703,-0.183542,-0.046730,0.233621,0.954472,-0.179504,-0.047718,0.233421,1.000000,
0.954472,-0.179504,-0.047718,0.233421,0.793664,-0.168831,-0.139474,0.567574,0.955491,-0.173996,-0.049063,0.233142,0.954472,-0.179504,-0.047718,0.233421,1.000000,
0.954472,-0.179504,-0.047718,0.233421,0.793664,-0.168831,-0.139474,0.567574,0.953703,-0.183542,-0.046730,0.233621,0.954472,-0.179504,-0.047718,0.233421,1.000000,
0.954472,-0.179504,-0.047718,0.233421,0.793664,-0.168831,-0.139474,0.567574,0.955491,-0.173996,-0.049063,0.233142,0.954472,-0.179504,-0.047718,0.233421,1.000000,
0.954472,-0.179504,-0.047718,0.233421,0.793664,-0.168831,-0.139474,0.567574,0.953703,-0.183542,-0.046730,0.233621,0.954472,-0.179504,-0.047718,0.233421,1.000000,
0.954472,-0.179504,-0.047718,0.233421,0.793664,-0.168831,-0.139474,0.567574,0.955491,-0.173996,-0.049063,0.233142,0.954472,-0.179504,-0.047718,0.233421,1.000000,
0.954472,-0.179504,-0.047718,0.233421,0.793664,-0.168831,-0.139474,0.567574,0.953703,-0.183542,-0.046730,0.233621,0.954472,-0.179504,-0.047718,0.233421,1.000000,
0.954472,-0.179504,-0.047718,0.233421,0.793664,-0.168831,-0.139474,0.567574,0.955491,-0.173996,-0.049063,0.233142,0.954472,-0.179504,-0.047718,0.233421,1.000000,
0.954472,-0.179504,-0.047718,0.233421,0.793664,-0.168831,-0.139474,0.567574,0.953703,-0.183543,-0.046730,0.233621,0.954472,-0.179504,-0.047718,0.233421,1.000000,
0.954472,-0.179504,-0.047718,0.233421,0.793664,-0.168831,-0.139474,0.567574,0.955491,-0.173996,-0.049063,0.233142,0.954472,-0.179504,-0.047718,0.233421,1.000000,
0.954472,-0.179504,-0.047718,0.233421,0.793664,-0.168831,-0.139474,0.567574,0.953703,-0.183543,-0.046730,0.233621,0.954472,-0.179504,-0.047718,0.233421,1.000000,
0.954472,-0.179504,-0.047718,0.233421,0.793664,-0.168831,-0.139474,0.567574,0.955491,-0.173997,-0.049063,0.233142,0.954472,-0.179504,-0.047718,0.233421,1.000000,
0.954472,-0.179504,-0.047718,0.233421,0.793664,-0.168831,-0.139474,0.567574,0.953703,-0.183543,-0.046730,0.233621,0.954472,-0.179504,-0.047718,0.233421,1.000000,
0.954472,-0.179504,-0.047718,0.233421,0.793664,-0.168831,-0.139474,0.567574,0.955491,-0.173997,-0.049063,0.233142,0.954472,-0.179504,-0.047718,0.233421,1.000000,
0.954472,-0.179504,-0.047718,0.233421,0.793664,-0.168831,-0.139474,0.567574,0.953703,-0.183543,-0.046730,0.233621,0.954472,-0.179504,-0.047718,0.233421,1.000000,
0.954472,-0.179504,-0.047718,0.233421,0.793664,-0.168831,-0.139474,0.567574,0.955491,-0.173997,-0.049063,0.233142,0.954472,-0.179504,-0.047718,0.233421,1.000000,
0.954472,-0.179504,-0.047718,0.233421,0.793664,-0.168831,-0.139474,0.567574,0.953703,-0.183543,-0.046730,0.233621,0.954472,-0.179504,-0.047718,0.233421,1.000000,
0.954472,-0.179504,-0.047718,0.233421,0.793664,-0.168831,-0.139474,0.567574,0.955491,-0.173997,-0.049063,0.233142,0.954472,-0.179504,-0.047718,0.233421,1.000000,
0.954472,-0.179504,-0.047718,0.233421,0.793664,-0.168831,-0.139474,0.567574,0.953703,-0.183543,-0.046729,0.233621,0.954472,-0.179504,-0.047718,0.233421,1.000000,
0.954472,-0.179504,-0.047718,0.233421,0.793664,-0.168831,-0.139474,0.567574,0.955491,-0.173997,-0.049063,0.233142,0.954472,-0.179504,-0.047718,0.233421,1.000000,
0.954472,-0.179504,-0.047718,0.233421,0.793664,-0.168831,-0.139474,0.567574,0.953703,-0.183543,-0.046729,0.233621,0.954472,-0.179504,-0.047718,0.233421,1.000000,
0.954472,-0.179504,-0.047718,0.233421,0.793664,-0.168831,-0.139474,0.567574,0.955491,-0.173997,-0.049063,0.233142,0.954472,-0.179504,-0.047718,0.233421,1.000000,
0.954472,-0.179504,-0.047718,0.233421,0.793664,-0.168831,-0.139474,0.567574,0.953703,-0.183543,-0.046729,0.233621,0.954472,-0.179504,-0.047718,0.233421,1.000000,
0.954472,-0.179504,-0.047718,0.233421,0.793664,-0.168831,-0.139474,0.567574,0.955491,-0.173997,-0.049063,0.233142,0.954472,-0.179504,-0.047718,0.233421,1.000000,
0.954472,-0.179504,-0.047718,0.233421,0.793664,-0.168831,-0.139474,0.567574,0.953703,-0.183543,-0.046729,0.233621,0.954472,-0.179504,-0.047718,0.233421,1.000000,
0.954472,-0.179504,-0.047718,0.233421,0.793664,-0.168831,-0.139474,0.567574,0.955491,-0.173997,-0.049063,0.233142,0.954472,-0.179504,-0.047718,0.233421,1.000000,
0.954472,-0.179504,-0.047718,0.233421,0.793664,-0.168831,-0.139474,0.567574,0.953703,-0.183543,-0.046729,0.233621,0.954472,-0.179504,-0.047718,0.233421,1.000000,
0.954472,-0.179504,-0.047718,0.233421,0.793664,-0.168831,-0.139474,0.567574,0.955491,-0.173997,-0.049063,0.233142,0.954472,-0.179504,-0.047718,0.233421,1.000000,
0.954472,-0.179504,-0.047718,0.233421,0.793664,-0.168831,-0.139474,0.567574,0.953703,-0.183543,-0.046729,0.233621,0.954472,-0.179504,-0.047718,0.233421,1.000000,
0.954472,-0.179504,-0.047718,0.233421,0.793664,-0.168831,-0.139474,0.567574,0.955491,-0.173997,-0.049063,0.233142,0.954472,-0.179504,-0.047718,0.233421,1.000000,
0.954472,-0.179504,-0.047718,0.233421,0.793664,-0.168831,-0.139474,0.567574,0.953703,-0.183543,-0.046729,0.233621,0.954472,-0.179504,-0.047718,0.233421,1.000000,
0.954472,-0.179504,-0.047718,0.233421,0.793664,-0.168831,-0.139474,0.567574,0.955491,-0.173997,-0.049063,0.233142,0.954472,-0.179504,-0.047718,0.233421,1.000000,
0.954472,-0.179504,-0.047718,0.233421,0.793664,-0.168831,-0.139474,0.567574,0.953703,-0.183543,-0.046729,0.233621,0.954472,-0.179504,-0.047718,0.233421,1.000000,
0.954472,-0.179504,-0.047718,0.233421,0.793664,-0.168831,-0.139474,0.567574,0.955491,-0.173997,-0.049063,0.233142,0.954472,-0.179504,-0.047718,0.233421,1.000000,
0.954472,-0.179504,-0.047718,0.233421,0.793664,-0.168831,-0.139474,0.567574,0.953703,-0.183543,-0.046729,0.233621,0.954472,-0.179504,-0.047718,0.233421,1.000000,
0.954472,-0.179504,-0.047718,0.233421,0.793664,-0.168831,-0.139474,0.567574,0.955491,-0.173997,-0.049063,0.233142,0.954472,-0.179504,-0.047718,0.233421,1.000000,
0.954472,-0.179504,-0.047718,0.233421,0.793664,-0.168831,-0.139474,0.567574,0.953703,-0.183544,-0.046729,0.233621,0.954472,-0.179504,-0.047718,0.233421,1.000000,
0.954472,-0.179504,-0.047718,0.233421,0.793664,-0.168831,-0.139474,0.567574,0.955491,-0.173998,-0.049063,0.233142,0.954472,-0.179504,-0.047718,0.233421,1.000000,
0.954472,-0.179504,-0.047718,0.233421,0.793664,-0.168831,-0.139474,0.567574,0.953703,-0.183544,-0.046729,0.233621,0.954472,-0.179504,-0.047718,0.233421,1.000000,
0.954472,-0.179504,-0.047718,0.233421,0.793664,-0.168831,-0.139474,0.567574,0.955491,-0.173998,-0.049063,0.233142,0.954472,-0.179504,-0.047718,0.233421,1.000000,
0.954472,-0.179504,-0.047718,0.233421,0.793664,-0.168831,-0.139474,0.567574,0.953703,-0.183544,-0.046729,0.233621,0.954472,-0.179504,-0.047718,0.233421,1.000000,
0.954472,-0.179504,-0.047718,0.233421,0.793664,-0.168831,-0.139474,0.567574,0.955491,-0.173998,-0.049063,0.233142,0.954472,-0.179504,-0.047718,0.233421,1.000000,
0.954472,-0.179504,-0.047718,0.233421,0.793664,-0.168831,-0.139474,0.567574,0.953703,-0.183544,-0.046729,0.233621,0.954472,-0.179504,-0.047718,0.233421,1.000000,
0.954472,-0.179504,-0.047718,0.233421,0.793664,-0.168831,-0.139474,0.567574,0.955491,-0.173998,-0.049063,0.233142,0.954472,-0.179504,-0.047718,0.233421,1.000000,
0.954472,-0.179504,-0.047718,0.233421,0.793664,-0.168831,-0.139474,0.567574,0.953703,-0.183544,-0.046729,0.233621,0.954472,-0.179504,-0.047718,0.233421,1.000000,
0.954472,-0.179504,-0.047718,0.233421,0.793664,-0.168831,-0.139474,0.567574,0.955491,-0.173998,-0.049063,0.233142,0.954472,-0.179504,-0.047718,0.233421,1.000000,
0.954472,-0.179504,-0.047718,0.233421,0.793664,-0.168831,-0.139474,0.567574,0.953703,-0.183544,-0.046729,0.233621,0.954472,-0.179504,-0.047718,0.233421,1.000000,
0.954472,-0.179504,-0.047718,0.233421,0.793664,-0.168831,-0.139474,0.567574,0.955491,-0.173998,-0.049063,0.233142,0.954472,-0.179504,-0.047718,0.233421,1.000000,
0.954472,-0.179504,-0.047718,0.233421,0.793664,-0.168831,-0.139474,0.567574,0.953703,-0.183544,-0.046729,0.233621,0.954472,-0.179504,-0.047718,0.233421,1.000000,
0.954472,-0.179504,-0.047718,0.233421,0.793664,-0.168831,-0.139474,0.567574,0.955491,-0.173998,-0.049063,0.233142,0.954472,-0.179504,-0.047718,0.233421,1.000000,
0.954472,-0.179504,-0.047718,0.233421,0.793664,-0.168831,-0.139474,0.567574,0.953703,-0.183544,-0.046729,0.233621,0.954472,-0.179504,-0.047718,0.233421,1.000000,
0.954472,-0.179504,-0.047718,0.233421,0.793664,-0.168831,-0.139474,0.567574,0.955491,-0.173998,-0.049063,0.233142,0.954472,-0.179504,-0.047718,0.233421,1.000000,
0.954472,-0.179504,-0.047718,0.233421,0.793664,-0.168831,-0.139474,0.567574,0.953703,-0.183544,-0.046729,0.233621,0.954472,-0.179504,-0.047718,0.233421,1.000000,
0.954472,-0.179504,-0.047718,0.233421,0.793664,-0.168831,-0.139474,0.567574,0.955491,-0.173998,-0.049063,0.233142,0.954472,-0.179504,-0.047718,0.233421,1.000000,
0.954472,-0.179504,-0.047718,0.233421,0.793664,-0.168831,-0.139474,0.567574,0.953703,-0.183544,-0.046729,0.233621,0.954472,-0.179504,-0.047718,0.233421,1.000000,
0.954472,-0.179504,-0.047718,0.233421,0.793664,-0.168831,-0.139474,0.567574,0.955491,-0.173998,-0.049063,0.233142,0.954472,-0.179504,-0.047718,0.233421,1.000000,
0.954472,-0.179504,-0.047718,0.233421,0.793664,-0.168831,-0.139474,0.567574,0.953703,-0.183544,-0.046729,0.233621,0.954472,-0.179504,-0.047718,0.233421,1.000000,
0.954472,-0.179504,-0.047718,0.233421,0.793664,-0.168831,-0.139474,0.567574,0.955491,-0.173998,-0.049063,0.233142,0.954472,-0.179504,-0.047718,0.233421,1.000000,
0.954472,-0.179504,-0.047718,0.233421,0.793664,-0.168831,-0.139474,0.567574,0.953703,-0.183544,-0.046729,0.233621,0.954472,-0.179504,-0.047718,0.233421,1.000000,
0.954472,-0.179504,-0.047718,0.233421,0.793664,-0.168831,-0.139474,0.567574,0.955491,-0.173998,-0.049063,0.233142,0.954472,-0.179504,-0.047718,0.233421,1.000000,
0.954472,-0.179504,-0.047718,0.233421,0.793664,-0.168831,-0.139474,0.567574,0.953703,-0.183544,-0.046729,0.233621,0.954472,-0.179504,-0.047718,0.233421,1.000000,
0.954472,-0.179504,-0.047718,0.233421,0.793664,-0.168831,-0.139474,0.567574,0.955491,-0.173998,-0.049063,0.233142,0.954472,-0.179504,-0.047718,0.233421,1.000000,
0.954472,-0.179504,-0.047718,0.233421,0.793664,-0.168831,-0.139474,0.567574,0.953703,-0.183545,-0.046729,0.233621,0.954472,-0.179504,-0.047718,0.233421,1.000000,
0.954472,-0.179504,-0.047718,0.233421,0.793664,-0.168831,-0.139474,0.567574,0.955491,-0.173998,-0.049063,0.233142,0.954472,-0.179504,-0.047718,0.233421,1.000000,
0.954472,-0.179504,-0.047718,0.233421,0.793664,-0.168831,-0.139474,0.567574,0.953703,-0.183545,-0.046729,0.233621,0.954472,-0.179504,-0.047718,0.233421,1.000000,
0.954472,-0.179504,-0.047718,0.233421,0.793664,-0.168831,-0.139474,0.567574,0.955491,-0.173999,-0.049063,0.233142,0.954472,-0.179504,-0.047718,0.233421,1.000000,
0.954472,-0.179504,-0.047718,0.233421,0.793664,-0.168831,-0.139474,0.567574,0.953703,-0.183545,-0.046729,0.233621,0.954472,-0.179504,-0.047718,0.233421,1.000000,
0.954472,-0.179504,-0.047718,0.233421,0.793664,-0.168831,-0.139474,0.567574,0.955491,-0.173999,-0.049063,0.233142,0.954472,-0.179504,-0.047718,0.233421,1.000000,
0.954472,-0.179504,-0.047718,0.233421,0.793664,-0.168831,-0.139474,0.567574,0.953703,-0.183545,-0.046729,0.233621,0.954472,-0.179504,-0.047718,0.233421,1.000000,
0.954472,-0.179504,-0.047718,0.233421,0.793664,-0.168831,-0.139474,0.567574,0.955491,-0.173999,-0.049063,0.233142,0.954472,-0.179504,-0.047718,0.233421,1.000000,
0.954472,-0.179504,-0.047718,0.233421,0.793664,-0.168831,-0.139474,0.567574,0.953703,-0.183545,-0.046729,0.233621,0.954472,-0.179504,-0.047718,0.233421,1.000000,
0.954472,-0.179504,-0.047718,0.233421,0.793664,-0.168831,-0.139474,0.567574,0.955491,-0.173999,-0.049063,0.233142,0.954472,-0.179504,-0.047718,0.233421,1.000000,
0.954472,-0.179504,-0.047718,0.233421,0.793664,-0.168831,-0.139474,0.567574,0.953703,-0.183545,-0.046729,0.233621,0.954472,-0.179504,-0.047718,0.233421,1.000000,
0.954472,-0.179504,-0.047718,0.233421,0.793664,-0.168831,-0.139474,0.567574,0.955491,-0.173999,-0.049063,0.233142,0.954472,-0.179504,-0.047718,0.233421,1.000000,
0.954472,-0.179504,-0.047718,0.233421,0.793664,-0.168831,-0.139474,0.567574,0.953703,-0.183545,-0.046729,0.233621,0.954472,-0.179504,-0.047718,0.233421,1.000000,
0.954472,-0.179504,-0.047718,0.233421,0.793664,-0.168831,-0.139474,0.567574,0.955491,-0.173999,-0.049063,0.233142,0.954472,-0.179504,-0.047718,0.233421,1.000000,
0.954472,-0.179504,-0.047718,0.233421,0.793664,-0.168831,-0.139474,0.567574,0.953703,-0.183545,-0.046729,0.233621,0.954472,-0.179504,-0.047718,0.233421,1.000000,
0.954472,-0.179504,-0.047718,0.233421,0.793664,-0.168831,-0.139474,0.567574,0.955491,-0.173999,-0.049063,0.233142,0.954472,-0.179504,-0.047718,0.233421,1.000000,
0.954472,-0.179504,-0.047718,0.233421,0.793664,-0.168831,-0.139474,0.567574,0.953703,-0.183545,-0.046729,0.233621,0.954472,-0.179504,-0.047718,0.233421,1.000000,
0.954472,-0.179504,-0.047718,0.233421,0.793664,-0.168831,-0.139474,0.567574,0.955490,-0.173999,-0.049063,0.233142,0.954472,-0.179504,-0.047718,0.233421,1.000000,
0.954472,-0.179504,-0.047718,0.233421,0.793664,-0.168831,-0.139474,0.567574,0.953703,-0.183545,-0.046729,0.233621,0.954472,-0.179504,-0.047718,0.233421,1.000000,
0.954472,-0.179504,-0.047718,0.233421,0.793664,-0.168831,-0.139474,0.567574,0.955490,-0.173999,-0.049063,0.233142,0.954472,-0.179504,-0.047718,0.233421,1.000000,
0.954472,-0.179504,-0.047718,0.233421,0.793664,-0.168831,-0.139474,0.567574,0.953703,-0.183545,-0.046729,0.233621,0.954472,-0.179504,-0.047718,0.233421,1.000000,
0.954472,-0.179504,-0.047718,0.233421,0.793664,-0.168831,-0.139474,0.567574,0.955490,-0.173999,-0.049063,0.233142,0.954472,-0.179504,-0.047718,0.233421,1.000000,
0.954472,-0.179504,-0.047718,0.233421,0.793664,-0.168831,-0.139474,0.567574,0.953703,-0.183545,-0.046729,0.233621,0.954472,-0.179504,-0.047718,0.233421,1.000000,
0.954472,-0.179504,-0.047718,0.233421,0.793664,-0.168831,-0.139474,0.567574,0.955490,-0.173999,-0.049063,0.233142,0.954472,-0.179504,-0.047718,0.233421,1.000000,
0.954472,-0.179504,-0.047718,0.233421,0.793664,-0.168831,-0.139474,0.567574,0.953703,-0.183545,-0.046729,0.233621,0.954472,-0.179504,-0.047718,0.233421,1.000000,
0.954472,-0.179504,-0.047718,0.233421,0.793664,-0.168831,-0.139474,0.567574,0.955490,-0.173999,-0.049063,0.233142,0.954472,-0.179504,-0.047718,0.233421,1.000000,
0.954472,-0.179504,-0.047718,0.233421,0.793664,-0.168831,-0.139474,0.567574,0.953703,-0.183545,-0.046729,0.233621,0.954472,-0.179504,-0.047718,0.233421,1.000000,
0.954472,-0.179504,-0.047718,0.233421,0.793664,-0.168831,-0.139474,0.567574,0.955490,-0.173999,-0.049063,0.233142,0.954472,-0.179504,-0.047718,0.233421,1.000000,
0.954472,-0.179504,-0.047718,0.233421,0.793664,-0.168831,-0.139474,0.567574,0.953703,-0.183546,-0.046729,0.233621,0.954472,-0.179504,-0.047718,0.233421,1.000000,
0.954472,-0.179504,-0.047718,0.233421,0.793664,-0.168831,-0.139474,0.567574,0.955490,-0.173999,-0.049063,0.233142,0.954472,-0.179504,-0.047718,0.233421,1.000000,
0.954472,-0.179504,-0.047718,0.233421,0.793664,-0.168831,-0.139474,0.567574,0.953703,-0.183546,-0.046729,0.233621,0.954472,-0.179504,-0.047718,0.233421,1.000000,
0.954472,-0.179504,-0.047718,0.233421,0.793664,-0.168831,-0.139474,0.567574,0.955490,-0.174000,-0.049063,0.233142,0.954472,-0.179504,-0.047718,0.233421,1.000000,
0.954472,-0.179504,-0.047718,0.233421,0.793664,-0.168831,-0.139474,0.567574,0.953703,-0.183546,-0.046729,0.233621,0.954472,-0.179504,-0.047718,0.233421,1.000000,
0.954472,-0.179504,-0.047718,0.233421,0.793664,-0.168831,-0.139474,0.567574,0.955490,-0.174000,-0.049063,0.233142,0.954472,-0.179504,-0.047718,0.233421,1.000000,
0.954472,-0.179504,-0.047718,0.233421,0.793664,-0.168831,-0.139474,0.567574,0.953703,-0.183546,-0.046729,0.233621,0.954472,-0.179504,-0.047718,0.233421,1.000000,
0.954472,-0.179504,-0.047718,0.233421,0.793664,-0.168831,-0.139474,0.567574,0.955490,-0.174000,-0.049063,0.233142,0.954472,-0.179504,-0.047718,0.233421,1.000000,
0.954472,-0.179504,-0.047718,0.233421,0.793664,-0.168831,-0.139474,0.567574,0.953703,-0.183546,-0.046729,0.233621,0.954472,-0.179504,-0.047718,0.233421,1.000000,
0.954472,-0.179504,-0.047718,0.233421,0.793664,-0.168831,-0.139474,0.567574,0.955490,-0.174000,-0.049063,0.233142,0.954472,-0.179504,-0.047718,0.233421,1.000000,
0.954472,-0.179504,-0.047718,0.233421,0.793664,-0.168831,-0.139474,0.567574,0.953703,-0.183546,-0.046729,0.233621,0.954472,-0.179504,-0.047718,0.233421,1.000000,
0.954472,-0.179504,-0.047718,0.233421,0.793664,-0.168831,-0.139474,0.567574,0.955490,-0.174000,-0.049063,0.233142,0.954472,-0.179504,-0.047718,0.233421,1.000000,
0.954472,-0.179504,-0.047718,0.233421,0.793664,-0.168831,-0.139474,0.567574,0.953703,-0.183546,-0.046729,0.233621,0.954472,-0.179504,-0.047718,0.233421,1.000000,
0.954472,-0.179504,-0.047718,0.233421,0.793664,-0.168831,-0.139474,0.567574,0.955490,-0.174000,-0.049063,0.233142,0.954472,-0.179504,-0.047718,0.233421,1.000000,
0.954472,-0.179504,-0.047718,0.233421,0.793664,-0.168831,-0.139474,0.567574,0.953703,-0.183546,-0.046729,0.233621,0.954472,-0.179504,-0.047718,0.233421,1.000000,
0.954472,-0.179504,-0.047718,0.233421,0.793664,-0.168831,-0.139474,0.567574,0.955490,-0.174000,-0.049063,0.233142,0.954472,-0.179504,-0.047718,0.233421,1.000000,
0.954472,-0.179504,-0.047718,0.233421,0.793664,-0.168831,-0.139474,0.567574,0.953703,-0.183546,-0.046729,0.233621,0.954472,-0.179504,-0.047718,0.233421,1.000000,
0.954472,-0.179504,-0.047718,0.233421,0.793664,-0.168831,-0.139474,0.567574,0.955490,-0.174000,-0.049063,0.233142,0.954472,-0.179504,-0.047718,0.233421,1.000000,
0.954472,-0.179504,-0.047718,0.233421,0.793664,-0.168831,-0.139474,0.567574,0.953703,-0.183546,-0.046729,0.233621,0.954472,-0.179504,-0.047718,0.233421,1.000000,
0.954472,-0.179504,-0.047718,0.233421,0.793664,-0.168831,-0.139474,0.567574,0.955490,-0.174000,-0.049063,0.233142,0.954472,-0.179504,-0.047718,0.233421,1.000000,
0.954472,-0.179504,-0.047718,0.233421,0.793664,-0.168831,-0.139474,0.567574,0.953703,-0.183546,-0.046729,0.233621,0.954472,-0.179504,-0.047718,0.233421,1.000000,
0.954472,-0.179504,-0.047718,0.233421,0.793664,-0.168831,-0.139474,0.567574,0.955490,-0.174000,-0.049063,0.233142,0.954472,-0.179504,-0.047718,0.233421,1.000000,
0.954472,-0.179504,-0.047718,0.233421,0.793664,-0.168831,-0.139474,0.567574,0.953703,-0.183546,-0.046729,0.233621,0.954472,-0.179504,-0.047718,0.233421,1.000000,
0.954472,-0.179504,-0.047718,0.233421,0.793664,-0.168831,-0.139474,0.567574,0.955490,-0.174000,-0.049062,0.233142,0.954472,-0.179504,-0.047718,0.233421,1.000000,
0.954472,-0.179504,-0.047718,0.233421,0.793664,-0.168831,-0.139474,0.567574,0.953702,-0.183546,-0.046729,0.233621,0.954472,-0.179504,-0.047718,0.233421,1.000000,
0.954472,-0.179504,-0.047718,0.233421,0.793664,-0.168831,-0.139474,0.567574,0.955490,-0.174000,-0.049062,0.233142,0.954472,-0.179504,-0.047718,0.233421,1.000000,
0.954472,-0.179504,-0.047718,0.233421,0.793664,-0.168831,-0.139474,0.567574,0.953702,-0.183546,-0.046729,0.233621,0.954472,-0.179504,-0.047718,0.233421,1.000000,
0.954472,-0.179504,-0.047718,0.233421,0.793664,-0.168831,-0.139474,0.567574,0.955490,-0.174000,-0.049062,0.233142,0.954472,-0.179504,-0.047718,0.233421,1.000000,
0.954472,-0.179504,-0.047718,0.233421,0.793664,-0.168831,-0.139474,0.567574,0.953702,-0.183547,-0.046729,0.233621,0.954472,-0.179504,-0.047718,0.233421,1.000000,
0.954472,-0.179504,-0.047718,0.233421,0.793664,-0.168831,-0.139474,0.567574,0.955490,-0.174001,-0.049062,0.233142,0.954472,-0.179504,-0.047718,0.233421,1.000000,
0.954472,-0.179504,-0.047718,0.233421,0.793664,-0.168831,-0.139474,0.567574,0.953702,-0.183547,-0.046729,0.233621,0.954472,-0.179504,-0.047718,0.233421,1.000000,
0.954472,-0.179504,-0.047718,0.233421,0.793664,-0.168831,-0.139474,0.567574,0.955490,-0.174001,-0.049062,0.233142,0.954472,-0.179504,-0.047718,0.233421,1.000000,
0.954472,-0.179504,-0.047718,0.233421,0.793664,-0.168831,-0.139474,0.567574,0.953702,-0.183547,-0.046729,0.233621,0.954472,-0.179504,-0.047718,0.233421,1.000000,
0.954472,-0.179504,-0.047718,0.233421,0.793664,-0.168831,-0.139474,0.567574,0.955490,-0.174001,-0.049062,0.233142,0.954472,-0.179504,-0.047718,0.233421,1.000000,
0.954472,-0.179504,-0.047718,0.233421,0.793664,-0.168831,-0.139474,0.567574,0.953702,-0.183547,-0.046729,0.233621,0.954472,-0.179504,-0.047718,0.233421,1.000000,
0.954472,-0.179504,-0.047718,0.233421,0.793664,-0.168831,-0.139474,0.567574,0.955490,-0.174001,-0.049062,0.233142,0.954472,-0.179504,-0.047718,0.233421,1.000000,
0.954472,-0.179504,-0.047718,0.233421,0.793664,-0.168831,-0.139474,0.567574,0.953702,-0.183547,-0.046729,0.233621,0.954472,-0.179504,-0.047718,0.233421,1.000000,
0.954472,-0.179504,-0.047718,0.233421,0.793664,-0.168831,-0.139474,0.567574,0.955490,-0.174001,-0.049062,0.233142,0.954472,-0.179504,-0.047718,0.233421,1.000000,
0.954472,-0.179504,-0.047718,0.233421,0.793664,-0.168831,-0.139474,0.567574,0.953702,-0.183547,-0.046729,0.233621,0.954472,-0.179504,-0.047718,0.233421,1.000000,
0.954472,-0.179504,-0.047718,0.233421,0.793664,-0.168831,-0.139474,0.567574,0.955490,-0.174001,-0.049062,0.233142,0.954472,-0.179504,-0.047718,0.233421,1.000000,
0.954472,-0.179504,-0.047718,0.233421,0.793664,-0.168831,-0.139474,0.567574,0.953702,-0.183547,-0.046728,0.233621,0.954472,-0.179504,-0.047718,0.233421,1.000000,
0.954472,-0.179504,-0.047718,0.233421,0.793664,-0.168831,-0.139474,0.567574,0.955490,-0.174001,-0.049062,0.233142,0.954472,-0.179504,-0.047718,0.233421,1.000000,
0.954472,-0.179504,-0.047718,0.233421,0.793664,-0.168831,-0.139474,0.567574,0.953702,-0.183547,-0.046728,0.233621,0.954472,-0.179504,-0.047718,0.233421,1.000000,
0.954472,-0.179504,-0.047718,0.233421,0.793664,-0.168831,-0.139474,0.567574,0.955490,-0.174001,-0.049062,0.233142,0.954472,-0.179504,-0.047718,0.233421,1.000000,
0.954472,-0.179504,-0.047718,0.233421,0.793664,-0.168831,-0.139474,0.567574,0.953702,-0.183547,-0.046728,0.233621,0.954472,-0.179504,-0.047718,0.233421,1.000000,
0.954472,-0.179504,-0.047718,0.233421,0.793664,-0.168831,-0.139474,0.567574,0.955490,-0.174001,-0.049062,0.233142,0.954472,-0.179504,-0.047718,0.233421,1.000000,
0.954472,-0.179504,-0.047718,0.233421,0.793664,-0.168831,-0.139474,0.567574,0.953702,-0.183547,-0.046728,0.233621,0.954472,-0.179504,-0.047718,0.233421,1.000000,
0.954472,-0.179504,-0.047718,0.233421,0.793664,-0.168831,-0.139474,0.567574,0.955490,-0.174001,-0.049062,0.233142,0.954472,-0.179504,-0.047718,0.233421,1.000000,
0.954472,-0.179504,-0.047718,0.233421,0.793664,-0.168831,-0.139474,0.567574,0.953702,-0.183547,-0.046728,0.233621,0.954472,-0.179504,-0.047718,0.233421,1.000000,
0.954472,-0.179504,-0.047718,0.233421,0.793664,-0.168831,-0.139474,0.567574,0.955490,-0.174001,-0.049062,0.233142,0.954472,-0.179504,-0.047718,0.233421,1.000000,
0.954472,-0.179504,-0.047718,0.233421,0.793664,-0.168831,-0.139474,0.567574,0.953702,-0.183547,-0.046728,0.233621,0.954472,-0.179504,-0.047718,0.233421,1.000000,
0.954472,-0.179504,-0.047718,0.233421,0.793664,-0.168831,-0.139474,0.567574,0.955490,-0.174001,-0.049062,0.233142,0.954472,-0.179504,-0.047718,0.233421,1.000000,
0.954472,-0.179504,-0.047718,0.233421,0.793664,-0.168831,-0.139474,0.567574,0.953702,-0.183547,-0.046728,0.233621,0.954472,-0.179504,-0.047718,0.233421,1.000000,
0.954472,-0.179504,-0.047718,0.233421,0.793664,-0.168831,-0.139474,0.567574,0.955490,-0.174001,-0.049062,0.233142,0.954472,-0.179504,-0.047718,0.233421,1.000000,
0.954472,-0.179504,-0.047718,0.233421,0.793664,-0.168831,-0.139474,0.567574,0.953702,-0.183548,-0.046728,0.233621,0.954472,-0.179504,-0.047718,0.233421,1.000000,
0.954472,-0.179504,-0.047718,0.233421,0.793664,-0.168831,-0.139474,0.567574,0.955490,-0.174001,-0.049062,0.233142,0.954472,-0.179504,-0.047718,0.233421,1.000000,
0.954472,-0.179504,-0.047718,0.233421,0.793664,-0.168831,-0.139474,0.567574,0.953702,-0.183548,-0.046728,0.233621,0.954472,-0.179504,-0.047718,0.233421,1.000000,
0.954472,-0.179504,-0.047718,0.233421,0.793664,-0.168831,-0.139474,0.567574,0.955490,-0.174002,-0.049062,0.233142,0.954472,-0.179504,-0.047718,0.233421,1.000000,
0.954472,-0.179504,-0.047718,0.233421,0.793664,-0.168831,-0.139474,0.567574,0.953702,-0.183548,-0.046728,0.233621,0.954472,-0.179504,-0.047718,0.233421,1.000000,
0.954472,-0.179504,-0.047718,0.233421,0.793664,-0.168831,-0.139474,0.567574,0.955490,-0.174002,-0.049062,0.233142,0.954472,-0.179504,-0.047718,0.233421,1.000000,
0.954472,-0.179504,-0.047718,0.233421,0.793664,-0.168831,-0.139474,0.567574,0.953702,-0.183548,-0.046728,0.233621,0.954472,-0.179504,-0.047718,0.233421,1.000000,
0.954472,-0.179504,-0.047718,0.233421,0.793664,-0.168831,-0.139474,0.567574,0.955490,-0.174002,-0.049062,0.233142,0.954472,-0.179504,-0.047718,0.233421,1.000000,
0.954472,-0.179504,-0.047718,0.233421,0.793664,-0.168831,-0.139474,0.567574,0.953702,-0.183548,-0.046728,0.233621,0.954472,-0.179504,-0.047718,0.233421,1.000000,
0.954472,-0.179504,-0.047718,0.233421,0.793664,-0.168831,-0.139474,0.567574,0.955490,-0.174002,-0.049062,0.233142,0.954472,-0.179504,-0.047718,0.233421,1.000000,
0.954472,-0.179504,-0.047718,0.233421,0.793664,-0.168831,-0.139474,0.567574,0.953702,-0.183548,-0.046728,0.233621,0.954472,-0.179504,-0.047718,0.233421,1.000000,
0.954472,-0.179504,-0.047718,0.233421,0.793664,-0.168831,-0.139474,0.567574,0.955490,-0.174002,-0.049062,0.233142,0.954472,-0.179504,-0.047718,0.233421,1.000000,
0.954472,-0.179504,-0.047718,0.233421,0.793664,-0.168831,-0.139474,0.567574,0.953702,-0.183548,-0.046728,0.233621,0.954472,-0.179504,-0.047718,0.233421,1.000000,
0.954472,-0.179504,-0.047718,0.233421,0.793664,-0.168831,-0.139474,0.567574,0.955490,-0.174002,-0.049062,0.233142,0.954472,-0.179504,-0.047718,0.233421,1.000000,
0.954472,-0.179504,-0.047718,0.233421,0.793664,-0.168831,-0.139474,0.567574,0.953702,-0.183548,-0.046728,0.233621,0.954472,-0.179504,-0.047718,0.233421,1.000000,
0.954472,-0.179504,-0.047718,0.233421,0.793664,-0.168831,-0.139474,0.567574,0.955490,-0.174002,-0.049062,0.233142,0.954472,-0.179504,-0.047718,0.233421,1.000000,
0.954472,-0.179504,-0.047718,0.233421,0.793664,-0.168831,-0.139474,0.567574,0.953702,-0.183548,-0.046728,0.233621,0.954472,-0.179504,-0.047718,0.233421,1.000000,
0.954472,-0.179504,-0.047718,0.233421,0.793664,-0.168831,-0.139474,0.567574,0.955490,-0.174002,-0.049062,0.233142,0.954472,-0.179504,-0.047718,0.233421,1.000000,
0.954472,-0.179504,-0.047718,0.233421,0.793664,-0.168831,-0.139474,0.567574,0.953702,-0.183548,-0.046728,0.233621,0.954472,-0.179504,-0.047718,0.233421,1.000000,
0.954472,-0.179504,-0.047718,0.233421,0.793664,-0.168831,-0.139474,0.567574,0.955490,-0.174002,-0.049062,0.233142,0.954472,-0.179504,-0.047718,0.233421,1.000000,
0.954472,-0.179504,-0.047718,0.233421,0.793664,-0.168831,-0.139474,0.567574,0.953702,-0.183548,-0.046728,0.233621,0.954472,-0.179504,-0.047718,0.233421,1.000000,
0.954472,-0.179504,-0.047718,0.233421,0.793664,-0.168831,-0.139474,0.567574,0.955490,-0.174002,-0.049062,0.233142,0.954472,-0.179504,-0.047718,0.233421,1.000000,
0.954472,-0.179504,-0.047718,0.233421,0.793664,-0.168831,-0.139474,0.567574,0.953702,-0.183548,-0.046728,0.233621,0.954472,-0.179504,-0.047718,0.233421,1.000000,
0.954472,-0.179504,-0.047718,0.233421,0.793664,-0.168831,-0.139474,0.567574,0.955490,-0.174002,-0.049062,0.233142,0.954472,-0.179504,-0.047718,0.233421,1.000000,
0.954472,-0.179504,-0.047718,0.233421,0.793664,-0.168831,-0.139474,0.567574,0.953702,-0.183548,-0.046728,0.233621,0.954472,-0.179504,-0.047718,0.233421,1.000000,
0.954472,-0.179504,-0.047718,0.233421,0.793664,-0.168831,-0.139474,0.567574,0.955490,-0.174002,-0.049062,0.233142,0.954472,-0.179504,-0.047718,0.233421,1.000000,
0.954472,-0.179504,-0.047718,0.233421,0.793664,-0.168831,-0.139474,0.567574,0.953702,-0.183548,-0.046728,0.233621,0.954472,-0.179504,-0.047718,0.233421,1.000000,
0.954472,-0.179504,-0.047718,0.233421,0.793664,-0.168831,-0.139474,0.567574,0.955490,-0.174002,-0.049062,0.233142,0.954472,-0.179504,-0.047718,0.233421,1.000000,
0.954472,-0.179504,-0.047718,0.233421,0.793664,-0.168831,-0.139474,0.567574,0.953702,-0.183549,-0.046728,0.233621,0.954472,-0.179504,-0.047718,0.233421,1.000000,
0.954472,-0.179504,-0.047718,0.233421,0.793664,-0.168831,-0.139474,0.567574,0.955490,-0.174002,-0.049062,0.233142,0.954472,-0.179504,-0.047718,0.233421,1.000000,
0.954472,-0.179504,-0.047718,0.233421,0.793664,-0.168831,-0.139474,0.567574,0.953702,-0.183549,-0.046728,0.233621,0.954472,-0.179504,-0.047718,0.233421,1.000000,
0.954472,-0.179504,-0.047718,0.233421,0.793664,-0.168831,-0.139474,0.567574,0.955490,-0.174003,-0.049062,0.233142,0.954472,-0.179504,-0.047718,0.233421,1.000000,
0.954472,-0.179504,-0.047718,0.233421,0.793664,-0.168831,-0.139474,0.567574,0.953702,-0.183549,-0.046728,0.233621,0.954472,-0.179504,-0.047718,0.233421,1.000000,
0.954472,-0.179504,-0.047718,0.233421,0.793664,-0.168831,-0.139474,0.567574,0.955490,-0.174003,-0.049062,0.233142,0.954472,-0.179504,-0.047718,0.233421,1.000000,
0.954472,-0.179504,-0.047718,0.233421,0.793664,-0.168831,-0.139474,0.567574,0.953702,-0.183549,-0.046728,0.233621,0.954472,-0.179504,-0.047718,0.233421,1.000000,
0.954472,-0.179504,-0.047718,0.233421,0.793664,-0.168831,-0.139474,0.567574,0.955490,-0.174003,-0.049062,0.233142,0.954472,-0.179504,-0.047718,0.233421,1.000000,
0.954472,-0.179504,-0.047718,0.233421,0.793664,-0.168831,-0.139474,0.567574,0.953702,-0.183549,-0.046728,0.233621,0.954472,-0.179504,-0.047718,0.233421,1.000000,
0.954472,-0.179504,-0.047718,0.233421,0.793664,-0.168831,-0.139474,0.567574,0.955490,-0.174003,-0.049062,0.233142,0.954472,-0.179504,-0.047718,0.233421,1.000000,
0.954472,-0.179504,-0.047718,0.233421,0.793664,-0.168831,-0.139474,0.567574,0.953702,-0.183549,-0.046728,0.233621,0.954472,-0.179504,-0.047718,0.233421,1.000000,
0.954472,-0.179504,-0.047718,0.233421,0.793664,-0.168831,-0.139474,0.567574,0.955490,-0.174003,-0.049062,0.233142,0.954472,-0.179504,-0.047718,0.233421,1.000000,
0.954472,-0.179504,-0.047718,0.233421,0.793664,-0.168831,-0.139474,0.567574,0.953702,-0.183549,-0.046728,0.233621,0.954472,-0.179504,-0.047718,0.233421,1.000000,
0.954472,-0.179504,-0.047718,0.233421,0.793664,-0.168831,-0.139474,0.567574,0.955490,-0.174003,-0.049062,0.233142,0.954472,-0.179504,-0.047718,0.233421,1.000000,
0.954472,-0.179504,-0.047718,0.233421,0.793664,-0.168831,-0.139474,0.567574,0.953702,-0.183549,-0.046728,0.233621,0.954472,-0.179504,-0.047718,0.233421,1.000000,
0.954472,-0.179504,-0.047718,0.233421,0.793664,-0.168831,-0.139474,0.567574,0.955490,-0.174003,-0.049062,0.233142,0.954472,-0.179504,-0.047718,0.233421,1.000000,
0.954472,-0.179504,-0.047718,0.233421,0.793664,-0.168831,-0.139474,0.567574,0.953702,-0.183549,-0.046728,0.233621,0.954472,-0.179504,-0.047718,0.233421,1.000000,
0.954472,-0.179504,-0.047718,0.233421,0.793664,-0.168831,-0.139474,0.567574,0.955490,-0.174003,-0.049062,0.233142,0.954472,-0.179504,-0.047718,0.233421,1.000000,
0.954472,-0.179504,-0.047718,0.233421,0.793664,-0.168831,-0.139474,0.567574,0.953702,-0.183549,-0.046728,0.233621,0.954472,-0.179504,-0.047718,0.233421,1.000000,
0.954472,-0.179504,-0.047718,0.233421,0.793664,-0.168831,-0.139474,0.567574,0.955490,-0.174003,-0.049062,0.233142,0.954472,-0.179504,-0.047718,0.233421,1.000000,
0.954472,-0.179504,-0.047718,0.233421,0.793664,-0.168831,-0.139474,0.567574,0.953702,-0.183549,-0.046728,0.233621,0.954472,-0.179504,-0.047718,0.233421,1.000000,
0.954472,-0.179504,-0.047718,0.233421,0.793664,-0.168831,-0.139474,0.567574,0.955490,-0.174003,-0.049062,0.233142,0.954472,-0.179504,-0.047718,0.233421,1.000000,
0.954472,-0.179504,-0.047718,0.233421,0.793664,-0.168831,-0.139474,0.567574,0.953702,-0.183549,-0.046728,0.233621,0.954472,-0.179504,-0.047718,0.233421,1.000000,
0.954472,-0.179504,-0.047718,0.233421,0.793664,-0.168831,-0.139474,0.567574,0.955490,-0.174003,-0.049062,0.233142,0.954472,-0.179504,-0.047718,0.233421,1.000000,
0.954472,-0.179504,-0.047718,0.233421,0.793664,-0.168831,-0.139474,0.567574,0.953702,-0.183549,-0.046728,0.233621,0.954472,-0.179504,-0.047718,0.233421,1.000000,
0.954472,-0.179504,-0.047718,0.233421,0.793664,-0.168831,-0.139474,0.567574,0.955490,-0.174003,-0.049062,0.233142,0.954472,-0.179504,-0.047718,0.233421,1.000000,
0.954472,-0.179504,-0.047718,0.233421,0.793664,-0.168831,-0.139474,0.567574,0.953702,-0.183549,-0.046728,0.233621,0.954472,-0.179504,-0.047718,0.233421,1.000000,
0.954472,-0.179504,-0.047718,0.233421,0.793664,-0.168831,-0.139474,0.567574,0.955490,-0.174003,-0.049062,0.233142,0.954472,-0.179504,-0.047718,0.233421,1.000000,
0.954472,-0.179504,-0.047718,0.233421,0.793664,-0.168831,-0.139474,0.567574,0.953702,-0.183550,-0.046728,0.233621,0.954472,-0.179504,-0.047718,0.233421,1.000000,
0.954472,-0.179504,-0.047718,0.233421,0.793664,-0.168831,-0.139474,0.567574,0.955490,-0.174003,-0.049062,0.233142,0.954472,-0.179504,-0.047718,0.233421,1.000000,
0.954472,-0.179504,-0.047718,0.233421,0.793664,-0.168831,-0.139474,0.567574,0.953702,-0.183550,-0.046728,0.233621,0.954472,-0.179504,-0.047718,0.233421,1.000000,
0.954472,-0.179504,-0.047718,0.233421,0.793664,-0.168831,-0.139474,0.567574,0.955490,-0.174004,-0.049062,0.233142,0.954472,-0.179504,-0.047718,0.233421,1.000000,
0.954472,-0.179504,-0.047718,0.233421,0.793664,-0.168831,-0.139474,0.567574,0.953702,-0.183550,-0.046728,0.233621,0.954472,-0.179504,-0.047718,0.233421,1.000000,
0.954472,-0.179504,-0.047718,0.233421,0.793664,-0.168831,-0.139474,0.567574,0.955490,-0.174004,-0.049062,0.233142,0.954472,-0.179504,-0.047718,0.233421,1.000000,
0.954472,-0.179504,-0.047718,0.233421,0.793664,-0.168831,-0.139474,0.567574,0.953702,-0.183550,-0.046728,0.233621,0.954472,-0.179504,-0.047718,0.233421,1.000000,
0.954472,-0.179504,-0.047718,0.233421,0.793664,-0.168831,-0.139474,0.567574,0.955490,-0.174004,-0.049062,0.233142,0.954472,-0.179504,-0.047718,0.233421,1.000000,
0.954472,-0.179504,-0.047718,0.233421,0.793664,-0.168831,-0.139474,0.567574,0.953702,-0.183550,-0.046728,0.233621,0.954472,-0.179504,-0.047718,0.233421,1.000000,
0.954472,-0.179504,-0.047718,0.233421,0.793664,-0.168831,-0.139474,0.567574,0.955490,-0.174004,-0.049062,0.233142,0.954472,-0.179504,-0.047718,0.233421,1.000000,
0.954472,-0.179504,-0.047718,0.233421,0.793664,-0.168831,-0.139474,0.567574,0.953702,-0.183550,-0.046728,0.233621,0.954472,-0.179504,-0.047718,0.233421,1.000000,
0.954472,-0.179504,-0.047718,0.233421,0.793664,-0.168831,-0.139474,0.567574,0.955490,-0.174004,-0.049062,0.233142,0.954472,-0.179504,-0.047718,0.233421,1.000000,
0.954472,-0.179504,-0.047718,0.233421,0.793664,-0.168831,-0.139474,0.567574,0.953702,-0.183550,-0.046728,0.233621,0.954472,-0.179504,-0.047718,0.233421,1.000000,
0.954472,-0.179504,-0.047718,0.233421,0.793664,-0.168831,-0.139474,0.567574,0.955490,-0.174004,-0.049062,0.233142,0.954472,-0.179504,-0.047718,0.233421,1.000000,
0.954472,-0.179504,-0.047718,0.233421,0.793664,-0.168831,-0.139474,0.567574,0.953702,-0.183550,-0.046728,0.233621,0.954472,-0.179504,-0.047718,0.233421,1.000000,
0.954472,-0.179504,-0.047718,0.233421,0.793664,-0.168831,-0.139474,0.567574,0.955490,-0.174004,-0.049062,0.233142,0.954472,-0.179504,-0.047718,0.233421,1.000000,
0.954472,-0.179504,-0.047718,0.233421,0.793664,-0.168831,-0.139474,0.567574,0.953702,-0.183550,-0.046728,0.233621,0.954472,-0.179504,-0.047718,0.233421,1.000000,
0.954472,-0.179504,-0.047718,0.233421,0.793664,-0.168831,-0.139474,0.567574,0.955490,-0.174004,-0.049062,0.233142,0.954472,-0.179504,-0.047718,0.233421,1.000000,
0.954472,-0.179504,-0.047718,0.233421,0.793664,-0.168831,-0.139474,0.567574,0.953702,-0.183550,-0.046728,0.233621,0.954472,-0.179504,-0.047718,0.233421,1.000000,
0.954472,-0.179504,-0.047718,0.233421,0.793664,-0.168831,-0.139474,0.567574,0.955490,-0.174004,-0.049062,0.233142,0.954472,-0.179504,-0.047718,0.233421,1.000000,
0.954472,-0.179504,-0.047718,0.233421,0.793664,-0.168831,-0.139474,0.567574,0.953702,-0.183550,-0.046728,0.233621,0.954472,-0.179504,-0.047718,0.233421,1.000000,
0.954472,-0.179504,-0.047718,0.233421,0.793664,-0.168831,-0.139474,0.567574,0.955490,-0.174004,-0.049062,0.233142,0.954472,-0.179504,-0.047718,0.233421,1.000000,
0.954472,-0.179504,-0.047718,0.233421,0.793664,-0.168831,-0.139474,0.567574,0.953702,-0.183550,-0.046728,0.233621,0.954472,-0.179504,-0.047718,0.233421,1.000000,
0.954472,-0.179504,-0.047718,0.233421,0.793664,-0.168831,-0.139474,0.567574,0.955490,-0.174004,-0.049062,0.233142,0.954472,-0.179504,-0.047718,0.233421,1.000000,
0.954472,-0.179504,-0.047718,0.233421,0.793664,-0.168831,-0.139474,0.567574,0.953702,-0.183550,-0.046728,0.233621,0.954472,-0.179504,-0.047718,0.233421,1.000000,
0.954472,-0.179504,-0.047718,0.233421,0.793664,-0.168831,-0.139474,0.567574,0.955490,-0.174004,-0.049061,0.233142,0.954472,-0.179504,-0.047718,0.233421,1.000000,
0.954472,-0.179504,-0.047718,0.233421,0.793664,-0.168831,-0.139474,0.567574,0.953702,-0.183550,-0.046728,0.233621,0.954472,-0.179504,-0.047718,0.233421,1.000000,
0.954472,-0.179504,-0.047718,0.233421,0.793664,-0.168831,-0.139474,0.567574,0.955490,-0.174004,-0.049061,0.233142,0.954472,-0.179504,-0.047718,0.233421,1.000000,
0.954472,-0.179504,-0.047718,0.233421,0.793664,-0.168831,-0.139474,0.567574,0.953702,-0.183551,-0.046728,0.233621,0.954472,-0.179504,-0.047718,0.233421,1.000000,
0.954472,-0.179504,-0.047718,0.233421,0.793664,-0.168831,-0.139474,0.567574,0.955489,-0.174005,-0.049061,0.233142,0.954472,-0.179504,-0.047718,0.233421,1.000000,
0.954472,-0.179504,-0.047718,0.233421,0.793664,-0.168831,-0.139474,0.567574,0.953702,-0.183551,-0.046728,0.233621,0.954472,-0.179504,-0.047718,0.233421,1.000000,
0.954472,-0.179504,-0.047718,0.233421,0.793664,-0.168831,-0.139474,0.567574,0.955489,-0.174005,-0.049061,0.233142,0.954472,-0.179504,-0.047718,0.233421,1.000000,
0.954472,-0.179504,-0.047718,0.233421,0.793664,-0.168831,-0.139474,0.567574,0.953702,-0.183551,-0.046728,0.233621,0.954472,-0.179504,-0.047718,0.233421,1.000000,
0.954472,-0.179504,-0.047718,0.233421,0.793664,-0.168831,-0.139474,0.567574,0.955489,-0.174005,-0.049061,0.233142,0.954472,-0.179504,-0.047718,0.233421,1.000000,
0.954472,-0.179504,-0.047718,0.233421,0.793664,-0.168831,-0.139474,0.567574,0.953702,-0.183551,-0.046728,0.233621,0.954472,-0.179504,-0.047718,0.233421,1.000000,
0.954472,-0.179504,-0.047718,0.233421,0.793664,-0.168831,-0.139474,0.567574,0.955489,-0.174005,-0.049061,0.233142,0.954472,-0.179504,-0.047718,0.233421,1.000000,
0.954472,-0.179504,-0.047718,0.233421,0.793664,-0.168831,-0.139474,0.567574,0.953702,-0.183551,-0.046728,0.233621,0.954472,-0.179504,-0.047718,0.233421,1.000000,
0.954472,-0.179504,-0.047718,0.233421,0.793664,-0.168831,-0.139474,0.567574,0.955489,-0.174005,-0.049061,0.233142,0.954472,-0.179504,-0.047718,0.233421,1.000000,
0.954472,-0.179504,-0.047718,0.233421,0.793664,-0.168831,-0.139474,0.567574,0.953702,-0.183551,-0.046728,0.233621,0.954472,-0.179504,-0.047718,0.233421,1.000000,
0.954472,-0.179504,-0.047718,0.233421,0.793664,-0.168831,-0.139474,0.567574,0.955489,-0.174005,-0.049061,0.233142,0.954472,-0.179504,-0.047718,0.233421,1.000000,
0.954472,-0.179504,-0.047718,0.233421,0.793664,-0.168831,-0.139474,0.567574,0.953702,-0.183551,-0.046728,0.233621,0.954472,-0.179504,-0.047718,0.233421,1.000000,
0.954472,-0.179504,-0.047718,0.233421,0.793664,-0.168831,-0.139474,0.567574,0.955489,-0.174005,-0.049061,0.233142,0.954472,-0.179504,-0.047718,0.233421,1.000000,
0.954472,-0.179504,-0.047718,0.233421,0.793664,-0.168831,-0.139474,0.567574,0.953702,-0.183551,-0.046728,0.233621,0.954472,-0.179504,-0.047718,0.233421,1.000000,
0.954472,-0.179504,-0.047718,0.233421,0.793664,-0.168831,-0.139474,0.567574,0.955489,-0.174005,-0.049061,0.233142,0.954472,-0.179504,-0.047718,0.233421,1.000000,
0.954472,-0.179504,-0.047718,0.233421,0.793664,-0.168831,-0.139474,0.567574,0.953702,-0.183551,-0.046727,0.233621,0.954472,-0.179504,-0.047718,0.233421,1.000000,
0.954472,-0.179504,-0.047718,0.233421,0.793664,-0.168831,-0.139474,0.567574,0.955489,-0.174005,-0.049061,0.233142,0.954472,-0.179504,-0.047718,0.233421,1.000000,
0.954472,-0.179504,-0.047718,0.233421,0.793664,-0.168831,-0.139474,0.567574,0.953702,-0.183551,-0.046727,0.233621,0.954472,-0.179504,-0.047718,0.233421,1.000000,
0.954472,-0.179504,-0.047718,0.233421,0.793664,-0.168831,-0.139474,0.567574,0.955489,-0.174005,-0.049061,0.233142,0.954472,-0.179504,-0.047718,0.233421,1.000000,
0.954472,-0.179504,-0.047718,0.233421,0.793664,-0.168831,-0.139474,0.567574,0.953702,-0.183551,-0.046727,0.233621,0.954472,-0.179504,-0.047718,0.233421,1.000000,
0.954472,-0.179504,-0.047718,0.233421,0.793664,-0.168831,-0.139474,0.567574,0.955489,-0.174005,-0.049061,0.233142,0.954472,-0.179504,-0.047718,0.233421,1.000000,
0.954472,-0.179504,-0.047718,0.233421,0.793664,-0.168831,-0.139474,0.567574,0.953702,-0.183551,-0.046727,0.233621,0.954472,-0.179504,-0.047718,0.233421,1.000000,
0.954472,-0.179504,-0.047718,0.233421,0.793664,-0.168831,-0.139474,0.567574,0.955489,-0.174005,-0.049061,0.233142,0.954472,-0.179504,-0.047718,0.233421,1.000000,
0.954472,-0.179504,-0.047718,0.233421,0.793664,-0.168831,-0.139474,0.567574,0.953702,-0.183551,-0.046727,0.233621,0.954472,-0.179504,-0.047718,0.233421,1.000000,
0.954472,-0.179504,-0.047718,0.233421,0.793664,-0.168831,-0.139474,0.567574,0.955489,-0.174005,-0.049061,0.233142,0.954472,-0.179504,-0.047718,0.233421,1.000000,
0.954472,-0.179504,-0.047718,0.233421,0.793664,-0.168831,-0.139474,0.567574,0.953702,-0.183551,-0.046727,0.233621,0.954472,-0.179504,-0.047718,0.233421,1.000000,
0.954472,-0.179504,-0.047718,0.233421,0.793664,-0.168831,-0.139474,0.567574,0.955489,-0.174005,-0.049061,0.233142,0.954472,-0.179504,-0.047718,0.233421,1.000000,
0.954472,-0.179504,-0.047718,0.233421,0.793664,-0.168831,-0.139474,0.567574,0.953702,-0.183552,-0.046727,0.233621,0.954472,-0.179504,-0.047718,0.233421,1.000000,
0.954472,-0.179504,-0.047718,0.233421,0.793664,-0.168831,-0.139474,0.567574,0.955489,-0.174006,-0.049061,0.233142,0.954472,-0.179504,-0.047718,0.233421,1.000000,
0.954472,-0.179504,-0.047718,0.233421,0.793664,-0.168831,-0.139474,0.567574,0.953701,-0.183552,-0.046727,0.233621,0.954472,-0.179504,-0.047718,0.233421,1.000000,
0.954472,-0.179504,-0.047718,0.233421,0.793664,-0.168831,-0.139474,0.567574,0.955489,-0.174006,-0.049061,0.233142,0.954472,-0.179504,-0.047718,0.233421,1.000000,
0.954472,-0.179504,-0.047718,0.233421,0.793664,-0.168831,-0.139474,0.567574,0.953701,-0.183552,-0.046727,0.233621,0.954472,-0.179504,-0.047718,0.233421,1.000000,
0.954472,-0.179504,-0.047718,0.233421,0.793664,-0.168831,-0.139474,0.567574,0.955489,-0.174006,-0.049061,0.233142,0.954472,-0.179504,-0.047718,0.233421,1.000000,
0.954472,-0.179504,-0.047718,0.233421,0.793664,-0.168831,-0.139474,0.567574,0.953701,-0.183552,-0.046727,0.233621,0.954472,-0.179504,-0.047718,0.233421,1.000000,
0.954472,-0.179504,-0.047718,0.233421,0.793664,-0.168831,-0.139474,0.567574,0.955489,-0.174006,-0.049061,0.233142,0.954472,-0.179504,-0.047718,0.233421,1.000000,
0.954472,-0.179504,-0.047718,0.233421,0.793664,-0.168831,-0.139474,0.567574,0.953701,-0.183552,-0.046727,0.233621,0.954472,-0.179504,-0.047718,0.233421,1.000000,
0.954472,-0.179504,-0.047718,0.233421,0.793664,-0.168831,-0.139474,0.567574,0.955489,-0.174006,-0.049061,0.233142,0.954472,-0.179504,-0.047718,0.233421,1.000000,
0.954472,-0.179504,-0.047718,0.233421,0.793664,-0.168831,-0.139474,0.567574,0.953701,-0.183552,-0.046727,0.233621,0.954472,-0.179504,-0.047718,0.233421,1.000000,
0.954472,-0.179504,-0.047718,0.233421,0.793664,-0.168831,-0.139474,0.567574,0.955489,-0.174006,-0.049061,0.233142,0.954472,-0.179504,-0.047718,0.233421,1.000000,
0.954472,-0.179504,-0.047718,0.233421,0.793664,-0.168831,-0.139474,0.567574,0.953701,-0.183552,-0.046727,0.233621,0.954472,-0.179504,-0.047718,0.233421,1.000000,
0.954472,-0.179504,-0.047718,0.233421,0.793664,-0.168831,-0.139474,0.567574,0.955489,-0.174006,-0.049061,0.233142,0.954472,-0.179504,-0.047718,0.233421,1.000000,
0.954472,-0.179504,-0.047718,0.233421,0.793664,-0.168831,-0.139474,0.567574,0.953701,-0.183552,-0.046727,0.233621,0.954472,-0.179504,-0.047718,0.233421,1.000000,
0.954472,-0.179504,-0.047718,0.233421,0.793664,-0.168831,-0.139474,0.567574,0.955489,-0.174006,-0.049061,0.233142,0.954472,-0.179504,-0.047718,0.233421,1.000000,
0.954472,-0.179504,-0.047718,0.233421,0.793664,-0.168831,-0.139474,0.567574,0.953701,-0.183552,-0.046727,0.233621,0.954472,-0.179504,-0.047718,0.233421,1.000000,
0.954472,-0.179504,-0.047718,0.233421,0.793664,-0.168831,-0.139474,0.567574,0.955489,-0.174006,-0.049061,0.233142,0.954472,-0.179504,-0.047718,0.233421,1.000000,
0.954472,-0.179504,-0.047718,0.233421,0.793664,-0.168831,-0.139474,0.567574,0.953701,-0.183552,-0.046727,0.233621,0.954472,-0.179504,-0.047718,0.233421,1.000000,
0.954472,-0.179504,-0.047718,0.233421,0.793664,-0.168831,-0.139474,0.567574,0.955489,-0.174006,-0.049061,0.233142,0.954472,-0.179504,-0.047718,0.233421,1.000000,
0.954472,-0.179504,-0.047718,0.233421,0.793664,-0.168831,-0.139474,0.567574,0.953701,-0.183552,-0.046727,0.233621,0.954472,-0.179504,-0.047718,0.233421,1.000000,
0.954472,-0.179504,-0.047718,0.233421,0.793664,-0.168831,-0.139474,0.567574,0.955489,-0.174006,-0.049061,0.233142,0.954472,-0.179504,-0.047718,0.233421,1.000000,
0.954472,-0.179504,-0.047718,0.233421,0.793664,-0.168831,-0.139474,0.567574,0.953701,-0.183552,-0.046727,0.233621,0.954472,-0.179504,-0.047718,0.233421,1.000000,
0.954472,-0.179504,-0.047718,0.233421,0.793664,-0.168831,-0.139474,0.567574,0.955489,-0.174006,-0.049061,0.233142,0.954472,-0.179504,-0.047718,0.233421,1.000000,
0.954472,-0.179504,-0.047718,0.233421,0.793664,-0.168831,-0.139474,0.567574,0.953701,-0.183552,-0.046727,0.233621,0.954472,-0.179504,-0.047718,0.233421,1.000000,
0.954472,-0.179504,-0.047718,0.233421,0.793664,-0.168831,-0.139474,0.567574,0.955489,-0.174006,-0.049061,0.233142,0.954472,-0.179504,-0.047718,0.233421,1.000000,
0.954472,-0.179504,-0.047718,0.233421,0.793664,-0.168831,-0.139474,0.567574,0.953701,-0.183553,-0.046727,0.233621,0.954472,-0.179504,-0.047718,0.233421,1.000000,
0.954472,-0.179504,-0.047718,0.233421,0.793664,-0.168831,-0.139474,0.567574,0.955489,-0.174006,-0.049061,0.233142,0.954472,-0.179504,-0.047718,0.233421,1.000000,
0.954472,-0.179504,-0.047718,0.233421,0.793664,-0.168831,-0.139474,0.567574,0.953701,-0.183553,-0.046727,0.233621,0.954472,-0.179504,-0.047718,0.233421,1.000000,
0.954472,-0.179504,-0.047718,0.233421,0.793664,-0.168831,-0.139474,0.567574,0.955489,-0.174007,-0.049061,0.233142,0.954472,-0.179504,-0.047718,0.233421,1.000000,
0.954472,-0.179504,-0.047718,0.233421,0.793664,-0.168831,-0.139474,0.567574,0.953701,-0.183553,-0.046727,0.233621,0.954472,-0.179504,-0.047718,0.233421,1.000000,
0.954472,-0.179504,-0.047718,0.233421,0.793664,-0.168831,-0.139474,0.567574,0.955489,-0.174007,-0.049061,0.233142,0.954472,-0.179504,-0.047718,0.233421,1.000000,
0.954472,-0.179504,-0.047718,0.233421,0.793664,-0.168831,-0.139474,0.567574,0.953701,-0.183553,-0.046727,0.233621,0.954472,-0.179504,-0.047718,0.233421,1.000000,
0.954472,-0.179504,-0.047718,0.233421,0.793664,-0.168831,-0.139474,0.567574,0.955489,-0.174007,-0.049061,0.233142,0.954472,-0.179504,-0.047718,0.233421,1.000000,
0.954472,-0.179504,-0.047718,0.233421,0.793664,-0.168831,-0.139474,0.567574,0.953701,-0.183553,-0.046727,0.233621,0.954472,-0.179504,-0.047718,0.233421,1.000000,
0.954472,-0.179504,-0.047718,0.233421,0.793664,-0.168831,-0.139474,0.567574,0.955489,-0.174007,-0.049061,0.233142,0.954472,-0.179504,-0.047718,0.233421,1.000000,
0.954472,-0.179504,-0.047718,0.233421,0.793664,-0.168831,-0.139474,0.567574,0.953701,-0.183553,-0.046727,0.233621,0.954472,-0.179504,-0.047718,0.233421,1.000000,
0.954472,-0.179504,-0.047718,0.233421,0.793664,-0.168831,-0.139474,0.567574,0.955489,-0.174007,-0.049061,0.233142,0.954472,-0.179504,-0.047718,0.233421,1.000000,
0.954472,-0.179504,-0.047718,0.233421,0.793664,-0.168831,-0.139474,0.567574,0.953701,-0.183553,-0.046727,0.233621,0.954472,-0.179504,-0.047718,0.233421,1.000000,
0.954472,-0.179504,-0.047718,0.233421,0.793664,-0.168831,-0.139474,0.567574,0.955489,-0.174007,-0.049061,0.233142,0.954472,-0.179504,-0.047718,0.233421,1.000000,
0.954472,-0.179504,-0.047718,0.233421,0.793664,-0.168831,-0.139474,0.567574,0.953701,-0.183553,-0.046727,0.233621,0.954472,-0.179504,-0.047718,0.233421,1.000000,
0.954472,-0.179504,-0.047718,0.233421,0.793664,-0.168831,-0.139474,0.567574,0.955489,-0.174007,-0.049061,0.233142,0.954472,-0.179504,-0.047718,0.233421,1.000000,
0.954472,-0.179504,-0.047718,0.233421,0.793664,-0.168831,-0.139474,0.567574,0.953701,-0.183553,-0.046727,0.233621,0.954472,-0.179504,-0.047718,0.233421,1.000000,
0.954472,-0.179504,-0.047718,0.233421,0.793664,-0.168831,-0.139474,0.567574,0.955489,-0.174007,-0.049061,0.233142,0.954472,-0.179504,-0.047718,0.233421,1.000000,
0.954472,-0.179504,-0.047718,0.233421,0.793664,-0.168831,-0.139474,0.567574,0.953701,-0.183553,-0.046727,0.233621,0.954472,-0.179504,-0.047718,0.233421,1.000000,
0.954472,-0.179504,-0.047718,0.233421,0.793664,-0.168831,-0.139474,0.567574,0.955489,-0.174007,-0.049061,0.233142,0.954472,-0.179504,-0.047718,0.233421,1.000000,
0.954472,-0.179504,-0.047718,0.233421,0.793664,-0.168831,-0.139474,0.567574,0.953701,-0.183553,-0.046727,0.233621,0.954472,-0.179504,-0.047718,0.233421,1.000000,
0.954472,-0.179504,-0.047718,0.233421,0.793664,-0.168831,-0.139474,0.567574,0.955489,-0.174007,-0.049061,0.233142,0.954472,-0.179504,-0.047718,0.233421,1.000000,
0.954472,-0.179504,-0.047718,0.233421,0.793664,-0.168831,-0.139474,0.567574,0.953701,-0.183553,-0.046727,0.233621,0.954472,-0.179504,-0.047718,0.233421,1.000000,
0.954472,-0.179504,-0.047718,0.233421,0.793664,-0.168831,-0.139474,0.567574,0.955489,-0.174007,-0.049061,0.233142,0.954472,-0.179504,-0.047718,0.233421,1.000000,
0.954472,-0.179504,-0.047718,0.233421,0.793664,-0.168831,-0.139474,0.567574,0.953701,-0.183553,-0.046727,0.233621,0.954472,-0.179504,-0.047718,0.233421,1.000000,
0.954472,-0.179504,-0.047718,0.233421,0.793664,-0.168831,-0.139474,0.567574,0.955489,-0.174007,-0.049061,0.233142,0.954472,-0.179504,-0.047718,0.233421,1.000000,
0.954472,-0.179504,-0.047718,0.233421,0.793664,-0.168831,-0.139474,0.567574,0.953701,-0.183553,-0.046727,0.233621,0.954472,-0.179504,-0.047718,0.233421,1.000000,
0.954472,-0.179504,-0.047718,0.233421,0.793664,-0.168831,-0.139474,0.567574,0.955489,-0.174007,-0.049061,0.233142,0.954472,-0.179504,-0.047718,0.233421,1.000000,
0.954472,-0.179504,-0.047718,0.233421,0.793664,-0.168831,-0.139474,0.567574,0.953701,-0.183554,-0.046727,0.233621,0.954472,-0.179504,-0.047718,0.233421,1.000000,
0.954472,-0.179504,-0.047718,0.233421,0.793664,-0.168831,-0.139474,0.567574,0.955489,-0.174007,-0.049061,0.233142,0.954472,-0.179504,-0.047718,0.233421,1.000000,
0.954472,-0.179504,-0.047718,0.233421,0.793664,-0.168831,-0.139474,0.567574,0.953701,-0.183554,-0.046727,0.233621,0.954472,-0.179504,-0.047718,0.233421,1.000000,
0.954472,-0.179504,-0.047718,0.233421,0.793664,-0.168831,-0.139474,0.567574,0.955489,-0.174008,-0.049061,0.233142,0.954472,-0.179504,-0.047718,0.233421,1.000000,
0.954472,-0.179504,-0.047718,0.233421,0.793664,-0.168831,-0.139474,0.567574,0.953701,-0.183554,-0.046727,0.233621,0.954472,-0.179504,-0.047718,0.233421,1.000000,
0.954472,-0.179504,-0.047718,0.233421,0.793664,-0.168831,-0.139474,0.567574,0.955489,-0.174008,-0.049061,0.233142,0.954472,-0.179504,-0.047718,0.233421,1.000000,
0.954472,-0.179504,-0.047718,0.233421,0.793664,-0.168831,-0.139474,0.567574,0.953701,-0.183554,-0.046727,0.233621,0.954472,-0.179504,-0.047718,0.233421,1.000000,
0.954472,-0.179504,-0.047718,0.233421,0.793664,-0.168831,-0.139474,0.567574,0.955489,-0.174008,-0.049061,0.233142,0.954472,-0.179504,-0.047718,0.233421,1.000000,
0.954472,-0.179504,-0.047718,0.233421,0.793664,-0.168831,-0.139474,0.567574,0.953701,-0.183554,-0.046727,0.233621,0.954472,-0.179504,-0.047718,0.233421,1.000000,
0.954472,-0.179504,-0.047718,0.233421,0.793664,-0.168831,-0.139474,0.567574,0.955489,-0.174008,-0.049061,0.233142,0.954472,-0.179504,-0.047718,0.233421,1.000000,
0.954472,-0.179504,-0.047718,0.233421,0.793664,-0.168831,-0.139474,0.567574,0.953701,-0.183554,-0.046727,0.233621,0.954472,-0.179504,-0.047718,0.233421,1.000000,
0.954472,-0.179504,-0.047718,0.233421,0.793664,-0.168831,-0.139474,0.567574,0.955489,-0.174008,-0.049061,0.233142,0.954472,-0.179504,-0.047718,0.233421,1.000000,
0.954472,-0.179504,-0.047718,0.233421,0.793664,-0.168831,-0.139474,0.567574,0.953701,-0.183554,-0.046727,0.233621,0.954472,-0.179504,-0.047718,0.233421,1.000000,
0.954472,-0.179504,-0.047718,0.233421,0.793664,-0.168831,-0.139474,0.567574,0.955489,-0.174008,-0.049061,0.233142,0.954472,-0.179504,-0.047718,0.233421,1.000000,
0.954472,-0.179504,-0.047718,0.233421,0.793664,-0.168831,-0.139474,0.567574,0.953701,-0.183554,-0.046727,0.233621,0.954472,-0.179504,-0.047718,0.233421,1.000000,
0.954472,-0.179504,-0.047718,0.233421,0.793664,-0.168831,-0.139474,0.567574,0.955489,-0.174008,-0.049061,0.233142,0.954472,-0.179504,-0.047718,0.233421,1.000000,
0.954472,-0.179504,-0.047718,0.233421,0.793664,-0.168831,-0.139474,0.567574,0.953701,-0.183554,-0.046727,0.233621,0.954472,-0.179504,-0.047718,0.233421,1.000000,
0.954472,-0.179504,-0.047718,0.233421,0.793664,-0.168831,-0.139474,0.567574,0.955489,-0.174008,-0.049061,0.233142,0.954472,-0.179504,-0.047718,0.233421,1.000000,
0.954472,-0.179504,-0.047718,0.233421,0.793664,-0.168831,-0.139474,0.567574,0.953701,-0.183554,-0.046727,0.233621,0.954472,-0.179504,-0.047718,0.233421,1.000000,
0.954472,-0.179504,-0.047718,0.233421,0.793664,-0.168831,-0.139474,0.567574,0.955489,-0.174008,-0.049061,0.233142,0.954472,-0.179504,-0.047718,0.233421,1.000000,
0.954472,-0.179504,-0.047718,0.233421,0.793664,-0.168831,-0.139474,0.567574,0.953701,-0.183554,-0.046727,0.233621,0.954472,-0.179504,-0.047718,0.233421,1.000000,
0.954472,-0.179504,-0.047718,0.233421,0.793664,-0.168831,-0.139474,0.567574,0.955489,-0.174008,-0.049061,0.233142,0.954472,-0.179504,-0.047718,0.233421,1.000000,
0.954472,-0.179504,-0.047718,0.233421,0.793664,-0.168831,-0.139474,0.567574,0.953701,-0.183554,-0.046727,0.233621,0.954472,-0.179504,-0.047718,0.233421,1.000000,
0.954472,-0.179504,-0.047718,0.233421,0.793664,-0.168831,-0.139474,0.567574,0.955489,-0.174008,-0.049061,0.233142,0.954472,-0.179504,-0.047718,0.233421,1.000000,
0.954472,-0.179504,-0.047718,0.233421,0.793664,-0.168831,-0.139474,0.567574,0.953701,-0.183554,-0.046727,0.233621,0.954472,-0.179504,-0.047718,0.233421,1.000000,
0.954472,-0.179504,-0.047718,0.233421,0.793664,-0.168831,-0.139474,0.567574,0.955489,-0.174008,-0.049061,0.233142,0.954472,-0.179504,-0.047718,0.233421,1.000000,
0.954472,-0.179504,-0.047718,0.233421,0.793664,-0.168831,-0.139474,0.567574,0.953701,-0.183554,-0.046727,0.233621,0.954472,-0.179504,-0.047718,0.233421,1.000000,
0.954472,-0.179504,-0.047718,0.233421,0.793664,-0.168831,-0.139474,0.567574,0.955489,-0.174008,-0.049061,0.233142,0.954472,-0.179504,-0.047718,0.233421,1.000000,
0.954472,-0.179504,-0.047718,0.233421,0.793664,-0.168831,-0.139474,0.567574,0.953701,-0.183555,-0.046727,0.233621,0.954472,-0.179504,-0.047718,0.233421,1.000000,
0.954472,-0.179504,-0.047718,0.233421,0.793664,-0.168831,-0.139474,0.567574,0.955489,-0.174008,-0.049060,0.233142,0.954472,-0.179504,-0.047718,0.233421,1.000000,
0.954472,-0.179504,-0.047718,0.233421,0.793664,-0.168831,-0.139474,0.567574,0.953701,-0.183555,-0.046727,0.233621,0.954472,-0.179504,-0.047718,0.233421,1.000000,
0.954472,-0.179504,-0.047718,0.233421,0.793664,-0.168831,-0.139474,0.567574,0.955489,-0.174009,-0.049060,0.233142,0.954472,-0.179504,-0.047718,0.233421,1.000000,
0.954472,-0.179504,-0.047718,0.233421,0.793664,-0.168831,-0.139474,0.567574,0.953701,-0.183555,-0.046727,0.233621,0.954472,-0.179504,-0.047718,0.233421,1.000000,
0.954472,-0.179504,-0.047718,0.233421,0.793664,-0.168831,-0.139474,0.567574,0.955489,-0.174009,-0.049060,0.233142,0.954472,-0.179504,-0.047718,0.233421,1.000000,
0.954472,-0.179504,-0.047718,0.233421,0.793664,-0.168831,-0.139474,0.567574,0.953701,-0.183555,-0.046727,0.233621,0.954472,-0.179504,-0.047718,0.233421,1.000000,
0.954472,-0.179504,-0.047718,0.233421,0.793664,-0.168831,-0.139474,0.567574,0.955489,-0.174009,-0.049060,0.233142,0.954472,-0.179504,-0.047718,0.233421,1.000000,
0.954472,-0.179504,-0.047718,0.233421,0.793664,-0.168831,-0.139474,0.567574,0.953701,-0.183555,-0.046727,0.233621,0.954472,-0.179504,-0.047718,0.233421,1.000000,
0.954472,-0.179504,-0.047718,0.233421,0.793664,-0.168831,-0.139474,0.567574,0.955489,-0.174009,-0.049060,0.233142,0.954472,-0.179504,-0.047718,0.233421,1.000000,
0.954472,-0.179504,-0.047718,0.233421,0.793664,-0.168831,-0.139474,0.567574,0.953701,-0.183555,-0.046727,0.233621,0.954472,-0.179504,-0.047718,0.233421,1.000000,
0.954472,-0.179504,-0.047718,0.233421,0.793664,-0.168831,-0.139474,0.567574,0.955489,-0.174009,-0.049060,0.233142,0.954472,-0.179504,-0.047718,0.233421,1.000000,
0.954472,-0.179504,-0.047718,0.233421,0.793664,-0.168831,-0.139474,0.567574,0.953701,-0.183555,-0.046727,0.233621,0.954472,-0.179504,-0.047718,0.233421,1.000000,
0.954472,-0.179504,-0.047718,0.233421,0.793664,-0.168831,-0.139474,0.567574,0.955489,-0.174009,-0.049060,0.233142,0.954472,-0.179504,-0.047718,0.233421,1.000000,
0.954472,-0.179504,-0.047718,0.233421,0.793664,-0.168831,-0.139474,0.567574,0.953701,-0.183555,-0.046727,0.233621,0.954472,-0.179504,-0.047718,0.233421,1.000000,
0.954472,-0.179504,-0.047718,0.233421,0.793664,-0.168831,-0.139474,0.567574,0.955489,-0.174009,-0.049060,0.233142,0.954472,-0.179504,-0.047718,0.233421,1.000000,
0.954472,-0.179504,-0.047718,0.233421,0.793664,-0.168831,-0.139474,0.567574,0.953701,-0.183555,-0.046727,0.233621,0.954472,-0.179504,-0.047718,0.233421,1.000000,
0.954472,-0.179504,-0.047718,0.233421,0.793664,-0.168831,-0.139474,0.567574,0.955489,-0.174009,-0.049060,0.233142,0.954472,-0.179504,-0.047718,0.233421,1.000000,
0.954472,-0.179504,-0.047718,0.233421,0.793664,-0.168831,-0.139474,0.567574,0.953701,-0.183555,-0.046726,0.233621,0.954472,-0.179504,-0.047718,0.233421,1.000000,
0.954472,-0.179504,-0.047718,0.233421,0.793664,-0.168831,-0.139474,0.567574,0.955489,-0.174009,-0.049060,0.233142,0.954472,-0.179504,-0.047718,0.233421,1.000000,
0.954472,-0.179504,-0.047718,0.233421,0.793664,-0.168831,-0.139474,0.567574,0.953701,-0.183555,-0.046726,0.233621,0.954472,-0.179504,-0.047718,0.233421,1.000000,
0.954472,-0.179504,-0.047718,0.233421,0.793664,-0.168831,-0.139474,0.567574,0.955489,-0.174009,-0.049060,0.233142,0.954472,-0.179504,-0.047718,0.233421,1.000000,
0.954472,-0.179504,-0.047718,0.233421,0.793664,-0.168831,-0.139474,0.567574,0.953701,-0.183555,-0.046726,0.233621,0.954472,-0.179504,-0.047718,0.233421,1.000000,
0.954472,-0.179504,-0.047718,0.233421,0.793664,-0.168831,-0.139474,0.567574,0.955489,-0.174009,-0.049060,0.233142,0.954472,-0.179504,-0.047718,0.233421,1.000000,
0.954472,-0.179504,-0.047718,0.233421,0.793664,-0.168831,-0.139474,0.567574,0.953701,-0.183555,-0.046726,0.233621,0.954472,-0.179504,-0.047718,0.233421,1.000000,
0.954472,-0.179504,-0.047718,0.233421,0.793664,-0.168831,-0.139474,0.567574,0.955489,-0.174009,-0.049060,0.233142,0.954472,-0.179504,-0.047718,0.233421,1.000000,
0.954472,-0.179504,-0.047718,0.233421,0.793664,-0.168831,-0.139474,0.567574,0.953701,-0.183555,-0.046726,0.233621,0.954472,-0.179504,-0.047718,0.233421,1.000000,
0.954472,-0.179504,-0.047718,0.233421,0.793664,-0.168831,-0.139474,0.567574,0.955489,-0.174009,-0.049060,0.233142,0.954472,-0.179504,-0.047718,0.233421,1.000000,
0.954472,-0.179504,-0.047718,0.233421,0.793664,-0.168831,-0.139474,0.567574,0.953701,-0.183556,-0.046726,0.233621,0.954472,-0.179504,-0.047718,0.233421,1.000000,
0.954472,-0.179504,-0.047718,0.233421,0.793664,-0.168831,-0.139474,0.567574,0.955489,-0.174009,-0.049060,0.233142,0.954472,-0.179504,-0.047718,0.233421,1.000000,
0.954472,-0.179504,-0.047718,0.233421,0.793664,-0.168831,-0.139474,0.567574,0.953701,-0.183556,-0.046726,0.233621,0.954472,-0.179504,-0.047718,0.233421,1.000000,
0.954472,-0.179504,-0.047718,0.233421,0.793664,-0.168831,-0.139474,0.567574,0.955489,-0.174010,-0.049060,0.233142,0.954472,-0.179504,-0.047718,0.233421,1.000000,
0.954472,-0.179504,-0.047718,0.233421,0.793664,-0.168831,-0.139474,0.567574,0.953701,-0.183556,-0.046726,0.233621,0.954472,-0.179504,-0.047718,0.233421,1.000000,
0.954472,-0.179504,-0.047718,0.233421,0.793664,-0.168831,-0.139474,0.567574,0.955489,-0.174010,-0.049060,0.233142,0.954472,-0.179504,-0.047718,0.233421,1.000000,
0.954472,-0.179504,-0.047718,0.233421,0.793664,-0.168831,-0.139474,0.567574,0.953701,-0.183556,-0.046726,0.233621,0.954472,-0.179504,-0.047718,0.233421,1.000000,
0.954472,-0.179504,-0.047718,0.233421,0.793664,-0.168831,-0.139474,0.567574,0.955489,-0.174010,-0.049060,0.233142,0.954472,-0.179504,-0.047718,0.233421,1.000000,
0.954472,-0.179504,-0.047718,0.233421,0.793664,-0.168831,-0.139474,0.567574,0.953701,-0.183556,-0.046726,0.233621,0.954472,-0.179504,-0.047718,0.233421,1.000000,
0.954472,-0.179504,-0.047718,0.233421,0.793664,-0.168831,-0.139474,0.567574,0.955489,-0.174010,-0.049060,0.233142,0.954472,-0.179504,-0.047718,0.233421,1.000000,
0.954472,-0.179504,-0.047718,0.233421,0.793664,-0.168831,-0.139474,0.567574,0.953701,-0.183556,-0.046726,0.233621,0.954472,-0.179504,-0.047718,0.233421,1.000000,
0.954472,-0.179504,-0.047718,0.233421,0.793664,-0.168831,-0.139474,0.567574,0.955489,-0.174010,-0.049060,0.233142,0.954472,-0.179504,-0.047718,0.233421,1.000000,
0.954472,-0.179504,-0.047718,0.233421,0.793664,-0.168831,-0.139474,0.567574,0.953701,-0.183556,-0.046726,0.233621,0.954472,-0.179504,-0.047718,0.233421,1.000000,
0.954472,-0.179504,-0.047718,0.233421,0.793664,-0.168831,-0.139474,0.567574,0.955489,-0.174010,-0.049060,0.233142,0.954472,-0.179504,-0.047718,0.233421,1.000000,
0.954472,-0.179504,-0.047718,0.233421,0.793664,-0.168831,-0.139474,0.567574,0.953701,-0.183556,-0.046726,0.233621,0.954472,-0.179504,-0.047718,0.233421,1.000000,
0.954472,-0.179504,-0.047718,0.233421,0.793664,-0.168831,-0.139474,0.567574,0.955488,-0.174010,-0.049060,0.233142,0.954472,-0.179504,-0.047718,0.233421,1.000000,
0.954472,-0.179504,-0.047718,0.233421,0.793664,-0.168831,-0.139474,0.567574,0.953701,-0.183556,-0.046726,0.233621,0.954472,-0.179504,-0.047718,0.233421,1.000000,
0.954472,-0.179504,-0.047718,0.233421,0.793664,-0.168831,-0.139474,0.567574,0.955488,-0.174010,-0.049060,0.233142,0.954472,-0.179504,-0.047718,0.233421,1.000000,
0.954472,-0.179504,-0.047718,0.233421,0.793664,-0.168831,-0.139474,0.567574,0.953701,-0.183556,-0.046726,0.233621,0.954472,-0.179504,-0.047718,0.233421,1.000000,
0.954472,-0.179504,-0.047718,0.233421,0.793664,-0.168831,-0.139474,0.567574,0.955488,-0.174010,-0.049060,0.233142,0.954472,-0.179504,-0.047718,0.233421,1.000000,
0.954472,-0.179504,-0.047718,0.233421,0.793664,-0.168831,-0.139474,0.567574,0.953701,-0.183556,-0.046726,0.233621,0.954472,-0.179504,-0.047718,0.233421,1.000000,
0.954472,-0.179504,-0.047718,0.233421,0.793664,-0.168831,-0.139474,0.567574,0.955488,-0.174010,-0.049060,0.233142,0.954472,-0.179504,-0.047718,0.233421,1.000000,
0.954472,-0.179504,-0.047718,0.233421,0.793664,-0.168831,-0.139474,0.567574,0.953701,-0.183556,-0.046726,0.233621,0.954472,-0.179504,-0.047718,0.233421,1.000000,
0.954472,-0.179504,-0.047718,0.233421,0.793664,-0.168831,-0.139474,0.567574,0.955488,-0.174010,-0.049060,0.233142,0.954472,-0.179504,-0.047718,0.233421,1.000000,
0.954472,-0.179504,-0.047718,0.233421,0.793664,-0.168831,-0.139474,0.567574,0.953701,-0.183556,-0.046726,0.233621,0.954472,-0.179504,-0.047718,0.233421,1.000000,
0.954472,-0.179504,-0.047718,0.233421,0.793664,-0.168831,-0.139474,0.567574,0.955488,-0.174010,-0.049060,0.233142,0.954472,-0.179504,-0.047718,0.233421,1.000000,
0.954472,-0.179504,-0.047718,0.233421,0.793664,-0.168831,-0.139474,0.567574,0.953701,-0.183556,-0.046726,0.233621,0.954472,-0.179504,-0.047718,0.233421,1.000000,
0.954472,-0.179504,-0.047718,0.233421,0.793664,-0.168831,-0.139474,0.567574,0.955488,-0.174010,-0.049060,0.233142,0.954472,-0.179504,-0.047718,0.233421,1.000000,
0.954472,-0.179504,-0.047718,0.233421,0.793664,-0.168831,-0.139474,0.567574,0.953701,-0.183557,-0.046726,0.233621,0.954472,-0.179504,-0.047718,0.233421,1.000000,
0.954472,-0.179504,-0.047718,0.233421,0.793664,-0.168831,-0.139474,0.567574,0.955488,-0.174011,-0.049060,0.233142,0.954472,-0.179504,-0.047718,0.233421,1.000000,
0.954472,-0.179504,-0.047718,0.233421,0.793664,-0.168831,-0.139474,0.567574,0.953701,-0.183557,-0.046726,0.233621,0.954472,-0.179504,-0.047718,0.233421,1.000000,
0.954472,-0.179504,-0.047718,0.233421,0.793664,-0.168831,-0.139474,0.567574,0.955488,-0.174011,-0.049060,0.233142,0.954472,-0.179504,-0.047718,0.233421,1.000000,
0.954472,-0.179504,-0.047718,0.233421,0.793664,-0.168831,-0.139474,0.567574,0.953701,-0.183557,-0.046726,0.233621,0.954472,-0.179504,-0.047718,0.233421,1.000000,
0.954472,-0.179504,-0.047718,0.233421,0.793664,-0.168831,-0.139474,0.567574,0.955488,-0.174011,-0.049060,0.233142,0.954472,-0.179504,-0.047718,0.233421,1.000000,
0.954472,-0.179504,-0.047718,0.233421,0.793664,-0.168831,-0.139474,0.567574,0.953701,-0.183557,-0.046726,0.233621,0.954472,-0.179504,-0.047718,0.233421,1.000000,
0.954472,-0.179504,-0.047718,0.233421,0.793664,-0.168831,-0.139474,0.567574,0.955488,-0.174011,-0.049060,0.233142,0.954472,-0.179504,-0.047718,0.233421,1.000000,
0.954472,-0.179504,-0.047718,0.233421,0.793664,-0.168831,-0.139474,0.567574,0.953700,-0.183557,-0.046726,0.233621,0.954472,-0.179504,-0.047718,0.233421,1.000000,
0.954472,-0.179504,-0.047718,0.233421,0.793664,-0.168831,-0.139474,0.567574,0.955488,-0.174011,-0.049060,0.233142,0.954472,-0.179504,-0.047718,0.233421,1.000000,
0.954472,-0.179504,-0.047718,0.233421,0.793664,-0.168831,-0.139474,0.567574,0.953700,-0.183557,-0.046726,0.233621,0.954472,-0.179504,-0.047718,0.233421,1.000000,
0.954472,-0.179504,-0.047718,0.233421,0.793664,-0.168831,-0.139474,0.567574,0.955488,-0.174011,-0.049060,0.233142,0.954472,-0.179504,-0.047718,0.233421,1.000000,
0.954472,-0.179504,-0.047718,0.233421,0.793664,-0.168831,-0.139474,0.567574,0.953700,-0.183557,-0.046726,0.233621,0.954472,-0.179504,-0.047718,0.233421,1.000000,
0.954472,-0.179504,-0.047718,0.233421,0.793664,-0.168831,-0.139474,0.567574,0.955488,-0.174011,-0.049060,0.233142,0.954472,-0.179504,-0.047718,0.233421,1.000000,
0.954472,-0.179504,-0.047718,0.233421,0.793664,-0.168831,-0.139474,0.567574,0.953700,-0.183557,-0.046726,0.233621,0.954472,-0.179504,-0.047718,0.233421,1.000000,
0.954472,-0.179504,-0.047718,0.233421,0.793664,-0.168831,-0.139474,0.567574,0.955488,-0.174011,-0.049060,0.233142,0.954472,-0.179504,-0.047718,0.233421,1.000000,
0.954472,-0.179504,-0.047718,0.233421,0.793664,-0.168831,-0.139474,0.567574,0.953700,-0.183557,-0.046726,0.233621,0.954472,-0.179504,-0.047718,0.233421,1.000000,
0.954472,-0.179504,-0.047718,0.233421,0.793664,-0.168831,-0.139474,0.567574,0.955488,-0.174011,-0.049060,0.233142,0.954472,-0.179504,-0.047718,0.233421,1.000000,
0.954472,-0.179504,-0.047718,0.233421,0.793664,-0.168831,-0.139474,0.567574,0.953700,-0.183557,-0.046726,0.233621,0.954472,-0.179504,-0.047718,0.233421,1.000000,
0.954472,-0.179504,-0.047718,0.233421,0.793664,-0.168831,-0.139474,0.567574,0.955488,-0.174011,-0.049060,0.233142,0.954472,-0.179504,-0.047718,0.233421,1.000000,
0.954472,-0.179504,-0.047718,0.233421,0.793664,-0.168831,-0.139474,0.567574,0.953700,-0.183557,-0.046726,0.233621,0.954472,-0.179504,-0.047718,0.233421,1.000000,
0.954472,-0.179504,-0.047718,0.233421,0.793664,-0.168831,-0.139474,0.567574,0.955488,-0.174011,-0.049060,0.233142,0.954472,-0.179504,-0.047718,0.233421,1.000000,
0.954472,-0.179504,-0.047718,0.233421,0.793664,-0.168831,-0.139474,0.567574,0.953700,-0.183557,-0.046726,0.233621,0.954472,-0.179504,-0.047718,0.233421,1.000000,
0.954472,-0.179504,-0.047718,0.233421,0.793664,-0.168831,-0.139474,0.567574,0.955488,-0.174011,-0.049060,0.233142,0.954472,-0.179504,-0.047718,0.233421,1.000000,
0.954472,-0.179504,-0.047718,0.233421,0.793664,-0.168831,-0.139474,0.567574,0.953700,-0.183557,-0.046726,0.233621,0.954472,-0.179504,-0.047718,0.233421,1.000000,
0.954472,-0.179504,-0.047718,0.233421,0.793664,-0.168831,-0.139474,0.567574,0.955488,-0.174011,-0.049060,0.233142,0.954472,-0.179504,-0.047718,0.233421,1.000000,
0.954472,-0.179504,-0.047718,0.233421,0.793664,-0.168831,-0.139474,0.567574,0.953700,-0.183557,-0.046726,0.233621,0.954472,-0.179504,-0.047718,0.233421,1.000000,
0.954472,-0.179504,-0.047718,0.233421,0.793664,-0.168831,-0.139474,0.567574,0.955488,-0.174011,-0.049060,0.233142,0.954472,-0.179504,-0.047718,0.233421,1.000000,
0.954472,-0.179504,-0.047718,0.233421,0.793664,-0.168831,-0.139474,0.567574,0.953700,-0.183558,-0.046726,0.233621,0.954472,-0.179504,-0.047718,0.233421,1.000000,
0.954472,-0.179504,-0.047718,0.233421,0.793664,-0.168831,-0.139474,0.567574,0.955488,-0.174012,-0.049060,0.233142,0.954472,-0.179504,-0.047718,0.233421,1.000000,
0.954472,-0.179504,-0.047718,0.233421,0.793664,-0.168831,-0.139474,0.567574,0.953700,-0.183558,-0.046726,0.233621,0.954472,-0.179504,-0.047718,0.233421,1.000000,
0.954472,-0.179504,-0.047718,0.233421,0.793664,-0.168831,-0.139474,0.567574,0.955488,-0.174012,-0.049060,0.233142,0.954472,-0.179504,-0.047718,0.233421,1.000000,
0.954472,-0.179504,-0.047718,0.233421,0.793664,-0.168831,-0.139474,0.567574,0.953700,-0.183558,-0.046726,0.233621,0.954472,-0.179504,-0.047718,0.233421,1.000000,
0.954472,-0.179504,-0.047718,0.233421,0.793664,-0.168831,-0.139474,0.567574,0.955488,-0.174012,-0.049060,0.233142,0.954472,-0.179504,-0.047718,0.233421,1.000000,
0.954472,-0.179504,-0.047718,0.233421,0.793664,-0.168831,-0.139474,0.567574,0.953700,-0.183558,-0.046726,0.233621,0.954472,-0.179504,-0.047718,0.233421,1.000000,
0.954472,-0.179504,-0.047718,0.233421,0.793664,-0.168831,-0.139474,0.567574,0.955488,-0.174012,-0.049060,0.233142,0.954472,-0.179504,-0.047718,0.233421,1.000000,
0.954472,-0.179504,-0.047718,0.233421,0.793664,-0.168831,-0.139474,0.567574,0.953700,-0.183558,-0.046726,0.233621,0.954472,-0.179504,-0.047718,0.233421,1.000000,
0.954472,-0.179504,-0.047718,0.233421,0.793664,-0.168831,-0.139474,0.567574,0.955488,-0.174012,-0.049060,0.233142,0.954472,-0.179504,-0.047718,0.233421,1.000000,
0.954472,-0.179504,-0.047718,0.233421,0.793664,-0.168831,-0.139474,0.567574,0.953700,-0.183558,-0.046726,0.233621,0.954472,-0.179504,-0.047718,0.233421,1.000000,
0.954472,-0.179504,-0.047718,0.233421,0.793664,-0.168831,-0.139474,0.567574,0.955488,-0.174012,-0.049060,0.233142,0.954472,-0.179504,-0.047718,0.233421,1.000000,
0.954472,-0.179504,-0.047718,0.233421,0.793664,-0.168831,-0.139474,0.567574,0.953700,-0.183558,-0.046726,0.233621,0.954472,-0.179504,-0.047718,0.233421,1.000000,
0.954472,-0.179504,-0.047718,0.233421,0.793664,-0.168831,-0.139474,0.567574,0.955488,-0.174012,-0.049060,0.233142,0.954472,-0.179504,-0.047718,0.233421,1.000000,
0.954472,-0.179504,-0.047718,0.233421,0.793664,-0.168831,-0.139474,0.567574,0.953700,-0.183558,-0.046726,0.233621,0.954472,-0.179504,-0.047718,0.233421,1.000000,
0.954472,-0.179504,-0.047718,0.233421,0.793664,-0.168831,-0.139474,0.567574,0.955488,-0.174012,-0.049060,0.233142,0.954472,-0.179504,-0.047718,0.233421,1.000000,
0.954472,-0.179504,-0.047718,0.233421,0.793664,-0.168831,-0.139474,0.567574,0.953700,-0.183558,-0.046726,0.233621,0.954472,-0.179504,-0.047718,0.233421,1.000000,
0.954472,-0.179504,-0.047718,0.233421,0.793664,-0.168831,-0.139474,0.567574,0.955488,-0.174012,-0.049060,0.233142,0.954472,-0.179504,-0.047718,0.233421,1.000000,
0.954472,-0.179504,-0.047718,0.233421,0.793664,-0.168831,-0.139474,0.567574,0.953700,-0.183558,-0.046726,0.233621,0.954472,-0.179504,-0.047718,0.233421,1.000000,
0.954472,-0.179504,-0.047718,0.233421,0.793664,-0.168831,-0.139474,0.567574,0.955488,-0.174012,-0.049060,0.233142,0.954472,-0.179504,-0.047718,0.233421,1.000000,
0.954472,-0.179504,-0.047718,0.233421,0.793664,-0.168831,-0.139474,0.567574,0.953700,-0.183558,-0.046726,0.233621,0.954472,-0.179504,-0.047718,0.233421,1.000000,
0.954472,-0.179504,-0.047718,0.233421,0.793664,-0.168831,-0.139474,0.567574,0.955488,-0.174012,-0.049060,0.233142,0.954472,-0.179504,-0.047718,0.233421,1.000000,
0.954472,-0.179504,-0.047718,0.233421,0.793664,-0.168831,-0.139474,0.567574,0.953700,-0.183558,-0.046726,0.233621,0.954472,-0.179504,-0.047718,0.233421,1.000000,
0.954472,-0.179504,-0.047718,0.233421,0.793664,-0.168831,-0.139474,0.567574,0.955488,-0.174012,-0.049060,0.233142,0.954472,-0.179504,-0.047718,0.233421,1.000000,
0.954472,-0.179504,-0.047718,0.233421,0.793664,-0.168831,-0.139474,0.567574,0.953700,-0.183558,-0.046726,0.233621,0.954472,-0.179504,-0.047718,0.233421,1.000000,
0.954472,-0.179504,-0.047718,0.233421,0.793664,-0.168831,-0.139474,0.567574,0.955488,-0.174012,-0.049060,0.233142,0.954472,-0.179504,-0.047718,0.233421,1.000000,
0.954472,-0.179504,-0.047718,0.233421,0.793664,-0.168831,-0.139474,0.567574,0.953700,-0.183558,-0.046726,0.233621,0.954472,-0.179504,-0.047718,0.233421,1.000000,
0.954472,-0.179504,-0.047718,0.233421,0.793664,-0.168831,-0.139474,0.567574,0.955488,-0.174012,-0.049060,0.233142,0.954472,-0.179504,-0.047718,0.233421,1.000000,
0.954472,-0.179504,-0.047718,0.233421,0.793664,-0.168831,-0.139474,0.567574,0.953700,-0.183559,-0.046726,0.233621,0.954472,-0.179504,-0.047718,0.233421,1.000000,
0.954472,-0.179504,-0.047718,0.233421,0.793664,-0.168831,-0.139474,0.567574,0.955488,-0.174013,-0.049060,0.233142,0.954472,-0.179504,-0.047718,0.233421,1.000000,
0.954472,-0.179504,-0.047718,0.233421,0.793664,-0.168831,-0.139474,0.567574,0.953700,-0.183559,-0.046726,0.233621,0.954472,-0.179504,-0.047718,0.233421,1.000000,
0.954472,-0.179504,-0.047718,0.233421,0.793664,-0.168831,-0.139474,0.567574,0.955488,-0.174013,-0.049059,0.233142,0.954472,-0.179504,-0.047718,0.233421,1.000000,
0.954472,-0.179504,-0.047718,0.233421,0.793664,-0.168831,-0.139474,0.567574,0.953700,-0.183559,-0.046726,0.233621,0.954472,-0.179504,-0.047718,0.233421,1.000000,
0.954472,-0.179504,-0.047718,0.233421,0.793664,-0.168831,-0.139474,0.567574,0.955488,-0.174013,-0.049059,0.233143,0.954472,-0.179504,-0.047718,0.233421,1.000000,
0.954472,-0.179504,-0.047718,0.233421,0.793664,-0.168831,-0.139474,0.567574,0.953700,-0.183559,-0.046726,0.233621,0.954472,-0.179504,-0.047718,0.233421,1.000000,
0.954472,-0.179504,-0.047718,0.233421,0.793664,-0.168831,-0.139474,0.567574,0.955488,-0.174013,-0.049059,0.233143,0.954472,-0.179504,-0.047718,0.233421,1.000000,
0.954472,-0.179504,-0.047718,0.233421,0.793664,-0.168831,-0.139474,0.567574,0.953700,-0.183559,-0.046726,0.233621,0.954472,-0.179504,-0.047718,0.233421,1.000000,
0.954472,-0.179504,-0.047718,0.233421,0.793664,-0.168831,-0.139474,0.567574,0.955488,-0.174013,-0.049059,0.233143,0.954472,-0.179504,-0.047718,0.233421,1.000000,
0.954472,-0.179504,-0.047718,0.233421,0.793664,-0.168831,-0.139474,0.567574,0.953700,-0.183559,-0.046726,0.233621,0.954472,-0.179504,-0.047718,0.233421,1.000000,
0.954472,-0.179504,-0.047718,0.233421,0.793664,-0.168831,-0.139474,0.567574,0.955488,-0.174013,-0.049059,0.233143,0.954472,-0.179504,-0.047718,0.233421,1.000000,
0.954472,-0.179504,-0.047718,0.233421,0.793664,-0.168831,-0.139474,0.567574,0.953700,-0.183559,-0.046726,0.233621,0.954472,-0.179504,-0.047718,0.233421,1.000000,
0.954472,-0.179504,-0.047718,0.233421,0.793664,-0.168831,-0.139474,0.567574,0.955488,-0.174013,-0.049059,0.233143,0.954472,-0.179504,-0.047718,0.233421,1.000000,
0.954472,-0.179504,-0.047718,0.233421,0.793664,-0.168831,-0.139474,0.567574,0.953700,-0.183559,-0.046726,0.233621,0.954472,-0.179504,-0.047718,0.233421,1.000000,
0.954472,-0.179504,-0.047718,0.233421,0.793664,-0.168831,-0.139474,0.567574,0.955488,-0.174013,-0.049059,0.233143,0.954472,-0.179504,-0.047718,0.233421,1.000000,
0.954472,-0.179504,-0.047718,0.233421,0.793664,-0.168831,-0.139474,0.567574,0.953700,-0.183559,-0.046726,0.233621,0.954472,-0.179504,-0.047718,0.233421,1.000000,
0.954472,-0.179504,-0.047718,0.233421,0.793664,-0.168831,-0.139474,0.567574,0.955488,-0.174013,-0.049059,0.233143,0.954472,-0.179504,-0.047718,0.233421,1.000000,
0.954472,-0.179504,-0.047718,0.233421,0.793664,-0.168831,-0.139474,0.567574,0.953700,-0.183559,-0.046726,0.233621,0.954472,-0.179504,-0.047718,0.233421,1.000000,
0.954472,-0.179504,-0.047718,0.233421,0.793664,-0.168831,-0.139474,0.567574,0.955488,-0.174013,-0.049059,0.233143,0.954472,-0.179504,-0.047718,0.233421,1.000000,
0.954472,-0.179504,-0.047718,0.233421,0.793664,-0.168831,-0.139474,0.567574,0.953700,-0.183559,-0.046725,0.233621,0.954472,-0.179504,-0.047718,0.233421,1.000000,
0.954472,-0.179504,-0.047718,0.233421,0.793664,-0.168831,-0.139474,0.567574,0.955488,-0.174013,-0.049059,0.233143,0.954472,-0.179504,-0.047718,0.233421,1.000000,
0.954472,-0.179504,-0.047718,0.233421,0.793664,-0.168831,-0.139474,0.567574,0.953700,-0.183559,-0.046725,0.233621,0.954472,-0.179504,-0.047718,0.233421,1.000000,
0.954472,-0.179504,-0.047718,0.233421,0.793664,-0.168831,-0.139474,0.567574,0.955488,-0.174013,-0.049059,0.233143,0.954472,-0.179504,-0.047718,0.233421,1.000000,
0.954472,-0.179504,-0.047718,0.233421,0.793664,-0.168831,-0.139474,0.567574,0.953700,-0.183559,-0.046725,0.233621,0.954472,-0.179504,-0.047718,0.233421,1.000000,
0.954472,-0.179504,-0.047718,0.233421,0.793664,-0.168831,-0.139474,0.567574,0.955488,-0.174013,-0.049059,0.233143,0.954472,-0.179504,-0.047718,0.233421,1.000000,
0.954472,-0.179504,-0.047718,0.233421,0.793664,-0.168831,-0.139474,0.567574,0.953700,-0.183559,-0.046725,0.233621,0.954472,-0.179504,-0.047718,0.233421,1.000000,
0.954472,-0.179504,-0.047718,0.233421,0.793664,-0.168831,-0.139474,0.567574,0.955488,-0.174013,-0.049059,0.233143,0.954472,-0.179504,-0.047718,0.233421,1.000000,
0.954472,-0.179504,-0.047718,0.233421,0.793664,-0.168831,-0.139474,0.567574,0.953700,-0.183560,-0.046725,0.233621,0.954472,-0.179504,-0.047718,0.233421,1.000000,
0.954472,-0.179504,-0.047718,0.233421,0.793664,-0.168831,-0.139474,0.567574,0.955488,-0.174014,-0.049059,0.233143,0.954472,-0.179504,-0.047718,0.233421,1.000000,
0.954472,-0.179504,-0.047718,0.233421,0.793664,-0.168831,-0.139474,0.567574,0.953700,-0.183560,-0.046725,0.233621,0.954472,-0.179504,-0.047718,0.233421,1.000000,
0.954472,-0.179504,-0.047718,0.233421,0.793664,-0.168831,-0.139474,0.567574,0.955488,-0.174014,-0.049059,0.233143,0.954472,-0.179504,-0.047718,0.233421,1.000000,
0.954472,-0.179504,-0.047718,0.233421,0.793664,-0.168831,-0.139474,0.567574,0.953700,-0.183560,-0.046725,0.233621,0.954472,-0.179504,-0.047718,0.233421,1.000000,
0.954472,-0.179504,-0.047718,0.233421,0.793664,-0.168831,-0.139474,0.567574,0.955488,-0.174014,-0.049059,0.233143,0.954472,-0.179504,-0.047718,0.233421,1.000000,
0.954472,-0.179504,-0.047718,0.233421,0.793664,-0.168831,-0.139474,0.567574,0.953700,-0.183560,-0.046725,0.233621,0.954472,-0.179504,-0.047718,0.233421,1.000000,
0.954472,-0.179504,-0.047718,0.233421,0.793664,-0.168831,-0.139474,0.567574,0.955488,-0.174014,-0.049059,0.233143,0.954472,-0.179504,-0.047718,0.233421,1.000000,
0.954472,-0.179504,-0.047718,0.233421,0.793664,-0.168831,-0.139474,0.567574,0.953700,-0.183560,-0.046725,0.233621,0.954472,-0.179504,-0.047718,0.233421,1.000000,
0.954472,-0.179504,-0.047718,0.233421,0.793664,-0.168831,-0.139474,0.567574,0.955488,-0.174014,-0.049059,0.233143,0.954472,-0.179504,-0.047718,0.233421,1.000000,
0.954472,-0.179504,-0.047718,0.233421,0.793664,-0.168831,-0.139474,0.567574,0.953700,-0.183560,-0.046725,0.233621,0.954472,-0.179504,-0.047718,0.233421,1.000000,
0.954472,-0.179504,-0.047718,0.233421,0.793664,-0.168831,-0.139474,0.567574,0.955488,-0.174014,-0.049059,0.233143,0.954472,-0.179504,-0.047718,0.233421,1.000000,
0.954472,-0.179504,-0.047718,0.233421,0.793664,-0.168831,-0.139474,0.567574,0.953700,-0.183560,-0.046725,0.233621,0.954472,-0.179504,-0.047718,0.233421,1.000000,
0.954472,-0.179504,-0.047718,0.233421,0.793664,-0.168831,-0.139474,0.567574,0.955488,-0.174014,-0.049059,0.233143,0.954472,-0.179504,-0.047718,0.233421,1.000000,
0.954472,-0.179504,-0.047718,0.233421,0.793664,-0.168831,-0.139474,0.567574,0.953700,-0.183560,-0.046725,0.233621,0.954472,-0.179504,-0.047718,0.233421,1.000000,
0.954472,-0.179504,-0.047718,0.233421,0.793664,-0.168831,-0.139474,0.567574,0.955488,-0.174014,-0.049059,0.233143,0.954472,-0.179504,-0.047718,0.233421,1.000000,
0.954472,-0.179504,-0.047718,0.233421,0.793664,-0.168831,-0.139474,0.567574,0.953700,-0.183560,-0.046725,0.233622,0.954472,-0.179504,-0.047718,0.233421,1.000000,
0.954472,-0.179504,-0.047718,0.233421,0.793664,-0.168831,-0.139474,0.567574,0.955488,-0.174014,-0.049059,0.233143,0.954472,-0.179504,-0.047718,0.233421,1.000000,
0.954472,-0.179504,-0.047718,0.233421,0.793664,-0.168831,-0.139474,0.567574,0.953700,-0.183560,-0.046725,0.233622,0.954472,-0.179504,-0.047718,0.233421,1.000000,
0.954472,-0.179504,-0.047718,0.233421,0.793664,-0.168831,-0.139474,0.567574,0.955488,-0.174014,-0.049059,0.233143,0.954472,-0.179504,-0.047718,0.233421,1.000000,
0.954472,-0.179504,-0.047718,0.233421,0.793664,-0.168831,-0.139474,0.567574,0.953700,-0.183560,-0.046725,0.233622,0.954472,-0.179504,-0.047718,0.233421,1.000000,
0.954472,-0.179504,-0.047718,0.233421,0.793664,-0.168831,-0.139474,0.567574,0.955488,-0.174014,-0.049059,0.233143,0.954472,-0.179504,-0.047718,0.233421,1.000000,
0.954472,-0.179504,-0.047718,0.233421,0.793664,-0.168831,-0.139474,0.567574,0.953700,-0.183560,-0.046725,0.233622,0.954472,-0.179504,-0.047718,0.233421,1.000000,
0.954472,-0.179504,-0.047718,0.233421,0.793664,-0.168831,-0.139474,0.567574,0.955488,-0.174014,-0.049059,0.233143,0.954472,-0.179504,-0.047718,0.233421,1.000000,
0.954472,-0.179504,-0.047718,0.233421,0.793664,-0.168831,-0.139474,0.567574,0.953700,-0.183560,-0.046725,0.233622,0.954472,-0.179504,-0.047718,0.233421,1.000000,
0.954472,-0.179504,-0.047718,0.233421,0.793664,-0.168831,-0.139474,0.567574,0.955488,-0.174014,-0.049059,0.233143,0.954472,-0.179504,-0.047718,0.233421,1.000000,
0.954472,-0.179504,-0.047718,0.233421,0.793664,-0.168831,-0.139474,0.567574,0.953700,-0.183560,-0.046725,0.233622,0.954472,-0.179504,-0.047718,0.233421,1.000000,
0.954472,-0.179504,-0.047718,0.233421,0.793664,-0.168831,-0.139474,0.567574,0.955488,-0.174014,-0.049059,0.233143,0.954472,-0.179504,-0.047718,0.233421,1.000000,
0.954472,-0.179504,-0.047718,0.233421,0.793664,-0.168831,-0.139474,0.567574,0.953700,-0.183561,-0.046725,0.233622,0.954472,-0.179504,-0.047718,0.233421,1.000000,
0.954472,-0.179504,-0.047718,0.233421,0.793664,-0.168831,-0.139474,0.567574,0.955488,-0.174015,-0.049059,0.233143,0.954472,-0.179504,-0.047718,0.233421,1.000000,
0.954472,-0.179504,-0.047718,0.233421,0.793664,-0.168831,-0.139474,0.567574,0.953700,-0.183561,-0.046725,0.233622,0.954472,-0.179504,-0.047718,0.233421,1.000000,
0.954472,-0.179504,-0.047718,0.233421,0.793664,-0.168831,-0.139474,0.567574,0.955488,-0.174015,-0.049059,0.233143,0.954472,-0.179504,-0.047718,0.233421,1.000000,
0.954472,-0.179504,-0.047718,0.233421,0.793664,-0.168831,-0.139474,0.567574,0.953700,-0.183561,-0.046725,0.233622,0.954472,-0.179504,-0.047718,0.233421,1.000000,
0.954472,-0.179504,-0.047718,0.233421,0.793664,-0.168831,-0.139474,0.567574,0.955488,-0.174015,-0.049059,0.233143,0.954472,-0.179504,-0.047718,0.233421,1.000000,
0.954472,-0.179504,-0.047718,0.233421,0.793664,-0.168831,-0.139474,0.567574,0.953700,-0.183561,-0.046725,0.233622,0.954472,-0.179504,-0.047718,0.233421,1.000000,
0.954472,-0.179504,-0.047718,0.233421,0.793664,-0.168831,-0.139474,0.567574,0.955488,-0.174015,-0.049059,0.233143,0.954472,-0.179504,-0.047718,0.233421,1.000000,
0.954472,-0.179504,-0.047718,0.233421,0.793664,-0.168831,-0.139474,0.567574,0.953700,-0.183561,-0.046725,0.233622,0.954472,-0.179504,-0.047718,0.233421,1.000000,
0.954472,-0.179504,-0.047718,0.233421,0.793664,-0.168831,-0.139474,0.567574,0.955488,-0.174015,-0.049059,0.233143,0.954472,-0.179504,-0.047718,0.233421,1.000000,
0.954472,-0.179504,-0.047718,0.233421,0.793664,-0.168831,-0.139474,0.567574,0.953700,-0.183561,-0.046725,0.233622,0.954472,-0.179504,-0.047718,0.233421,1.000000,
0.954472,-0.179504,-0.047718,0.233421,0.793664,-0.168831,-0.139474,0.567574,0.955488,-0.174015,-0.049059,0.233143,0.954472,-0.179504,-0.047718,0.233421,1.000000,
0.954472,-0.179504,-0.047718,0.233421,0.793664,-0.168831,-0.139474,0.567574,0.953700,-0.183561,-0.046725,0.233622,0.954472,-0.179504,-0.047718,0.233421,1.000000,
0.954472,-0.179504,-0.047718,0.233421,0.793664,-0.168831,-0.139474,0.567574,0.955488,-0.174015,-0.049059,0.233143,0.954472,-0.179504,-0.047718,0.233421,1.000000,
0.954472,-0.179504,-0.047718,0.233421,0.793664,-0.168831,-0.139474,0.567574,0.953700,-0.183561,-0.046725,0.233622,0.954472,-0.179504,-0.047718,0.233421,1.000000,
0.954472,-0.179504,-0.047718,0.233421,0.793664,-0.168831,-0.139474,0.567574,0.955488,-0.174015,-0.049059,0.233143,0.954472,-0.179504,-0.047718,0.233421,1.000000,
0.954472,-0.179504,-0.047718,0.233421,0.793664,-0.168831,-0.139474,0.567574,0.953700,-0.183561,-0.046725,0.233622,0.954472,-0.179504,-0.047718,0.233421,1.000000,
0.954472,-0.179504,-0.047718,0.233421,0.793664,-0.168831,-0.139474,0.567574,0.955488,-0.174015,-0.049059,0.233143,0.954472,-0.179504,-0.047718,0.233421,1.000000,
0.954472,-0.179504,-0.047718,0.233421,0.793664,-0.168831,-0.139474,0.567574,0.953700,-0.183561,-0.046725,0.233622,0.954472,-0.179504,-0.047718,0.233421,1.000000,
0.954472,-0.179504,-0.047718,0.233421,0.793664,-0.168831,-0.139474,0.567574,0.955488,-0.174015,-0.049059,0.233143,0.954472,-0.179504,-0.047718,0.233421,1.000000,
0.954472,-0.179504,-0.047718,0.233421,0.793664,-0.168831,-0.139474,0.567574,0.953700,-0.183561,-0.046725,0.233622,0.954472,-0.179504,-0.047718,0.233421,1.000000,
0.954472,-0.179504,-0.047718,0.233421,0.793664,-0.168831,-0.139474,0.567574,0.955488,-0.174015,-0.049059,0.233143,0.954472,-0.179504,-0.047718,0.233421,1.000000,
0.954472,-0.179504,-0.047718,0.233421,0.793664,-0.168831,-0.139474,0.567574,0.953700,-0.183561,-0.046725,0.233622,0.954472,-0.179504,-0.047718,0.233421,1.000000,
0.954472,-0.179504,-0.047718,0.233421,0.793664,-0.168831,-0.139474,0.567574,0.955488,-0.174015,-0.049059,0.233143,0.954472,-0.179504,-0.047718,0.233421,1.000000,
0.954472,-0.179504,-0.047718,0.233421,0.793664,-0.168831,-0.139474,0.567574,0.953700,-0.183561,-0.046725,0.233622,0.954472,-0.179504,-0.047718,0.233421,1.000000,
0.954472,-0.179504,-0.047718,0.233421,0.793664,-0.168831,-0.139474,0.567574,0.955488,-0.174015,-0.049059,0.233143,0.954472,-0.179504,-0.047718,0.233421,1.000000,
0.954472,-0.179504,-0.047718,0.233421,0.793664,-0.168831,-0.139474,0.567574,0.953700,-0.183561,-0.046725,0.233622,0.954472,-0.179504,-0.047718,0.233421,1.000000,
0.954472,-0.179504,-0.047718,0.233421,0.793664,-0.168831,-0.139474,0.567574,0.955488,-0.174015,-0.049059,0.233143,0.954472,-0.179504,-0.047718,0.233421,1.000000,
0.954472,-0.179504,-0.047718,0.233421,0.793664,-0.168831,-0.139474,0.567574,0.953700,-0.183562,-0.046725,0.233622,0.954472,-0.179504,-0.047718,0.233421,1.000000,
0.954472,-0.179504,-0.047718,0.233421,0.793664,-0.168831,-0.139474,0.567574,0.955487,-0.174016,-0.049059,0.233143,0.954472,-0.179504,-0.047718,0.233421,1.000000,
0.954472,-0.179504,-0.047718,0.233421,0.793664,-0.168831,-0.139474,0.567574,0.953700,-0.183562,-0.046725,0.233622,0.954472,-0.179504,-0.047718,0.233421,1.000000,
0.954472,-0.179504,-0.047718,0.233421,0.793664,-0.168831,-0.139474,0.567574,0.955487,-0.174016,-0.049059,0.233143,0.954472,-0.179504,-0.047718,0.233421,1.000000,
0.954472,-0.179504,-0.047718,0.233421,0.793664,-0.168831,-0.139474,0.567574,0.953700,-0.183562,-0.046725,0.233622,0.954472,-0.179504,-0.047718,0.233421,1.000000,
0.954472,-0.179504,-0.047718,0.233421,0.793664,-0.168831,-0.139474,0.567574,0.955487,-0.174016,-0.049059,0.233143,0.954472,-0.179504,-0.047718,0.233421,1.000000,
0.954472,-0.179504,-0.047718,0.233421,0.793664,-0.168831,-0.139474,0.567574,0.953700,-0.183562,-0.046725,0.233622,0.954472,-0.179504,-0.047718,0.233421,1.000000,
0.954472,-0.179504,-0.047718,0.233421,0.793664,-0.168831,-0.139474,0.567574,0.955487,-0.174016,-0.049059,0.233143,0.954472,-0.179504,-0.047718,0.233421,1.000000,
0.954472,-0.179504,-0.047718,0.233421,0.793664,-0.168831,-0.139474,0.567574,0.953700,-0.183562,-0.046725,0.233622,0.954472,-0.179504,-0.047718,0.233421,1.000000,
0.954472,-0.179504,-0.047718,0.233421,0.793664,-0.168831,-0.139474,0.567574,0.955487,-0.174016,-0.049059,0.233143,0.954472,-0.179504,-0.047718,0.233421,1.000000,
0.954472,-0.179504,-0.047718,0.233421,0.793664,-0.168831,-0.139474,0.567574,0.953700,-0.183562,-0.046725,0.233622,0.954472,-0.179504,-0.047718,0.233421,1.000000,
0.954472,-0.179504,-0.047718,0.233421,0.793664,-0.168831,-0.139474,0.567574,0.955487,-0.174016,-0.049059,0.233143,0.954472,-0.179504,-0.047718,0.233421,1.000000,
0.954472,-0.179504,-0.047718,0.233421,0.793664,-0.168831,-0.139474,0.567574,0.953700,-0.183562,-0.046725,0.233622,0.954472,-0.179504,-0.047718,0.233421,1.000000,
0.954472,-0.179504,-0.047718,0.233421,0.793664,-0.168831,-0.139474,0.567574,0.955487,-0.174016,-0.049059,0.233143,0.954472,-0.179504,-0.047718,0.233421,1.000000,
0.954472,-0.179504,-0.047718,0.233421,0.793664,-0.168831,-0.139474,0.567574,0.953699,-0.183562,-0.046725,0.233622,0.954472,-0.179504,-0.047718,0.233421,1.000000,
0.954472,-0.179504,-0.047718,0.233421,0.793664,-0.168831,-0.139474,0.567574,0.955487,-0.174016,-0.049059,0.233143,0.954472,-0.179504,-0.047718,0.233421,1.000000,
0.954472,-0.179504,-0.047718,0.233421,0.793664,-0.168831,-0.139474,0.567574,0.953699,-0.183562,-0.046725,0.233622,0.954472,-0.179504,-0.047718,0.233421,1.000000,
0.954472,-0.179504,-0.047718,0.233421,0.793664,-0.168831,-0.139474,0.567574,0.955487,-0.174016,-0.049059,0.233143,0.954472,-0.179504,-0.047718,0.233421,1.000000,
0.954472,-0.179504,-0.047718,0.233421,0.793664,-0.168831,-0.139474,0.567574,0.953699,-0.183562,-0.046725,0.233622,0.954472,-0.179504,-0.047718,0.233421,1.000000,
0.954472,-0.179504,-0.047718,0.233421,0.793664,-0.168831,-0.139474,0.567574,0.955487,-0.174016,-0.049059,0.233143,0.954472,-0.179504,-0.047718,0.233421,1.000000,
0.954472,-0.179504,-0.047718,0.233421,0.793664,-0.168831,-0.139474,0.567574,0.953699,-0.183562,-0.046725,0.233622,0.954472,-0.179504,-0.047718,0.233421,1.000000,
0.954472,-0.179504,-0.047718,0.233421,0.793664,-0.168831,-0.139474,0.567574,0.955487,-0.174016,-0.049059,0.233143,0.954472,-0.179504,-0.047718,0.233421,1.000000,
0.954472,-0.179504,-0.047718,0.233421,0.793664,-0.168831,-0.139474,0.567574,0.953699,-0.183562,-0.046725,0.233622,0.954472,-0.179504,-0.047718,0.233421,1.000000,
0.954472,-0.179504,-0.047718,0.233421,0.793664,-0.168831,-0.139474,0.567574,0.955487,-0.174016,-0.049059,0.233143,0.954472,-0.179504,-0.047718,0.233421,1.000000,
0.954472,-0.179504,-0.047718,0.233421,0.793664,-0.168831,-0.139474,0.567574,0.953699,-0.183562,-0.046725,0.233622,0.954472,-0.179504,-0.047718,0.233421,1.000000,
0.954472,-0.179504,-0.047718,0.233421,0.793664,-0.168831,-0.139474,0.567574,0.955487,-0.174016,-0.049059,0.233143,0.954472,-0.179504,-0.047718,0.233421,1.000000,
0.954472,-0.179504,-0.047718,0.233421,0.793664,-0.168831,-0.139474,0.567574,0.953699,-0.183562,-0.046725,0.233622,0.954472,-0.179504,-0.047718,0.233421,1.000000,
0.954472,-0.179504,-0.047718,0.233421,0.793664,-0.168831,-0.139474,0.567574,0.955487,-0.174016,-0.049059,0.233143,0.954472,-0.179504,-0.047718,0.233421,1.000000,
0.954472,-0.179504,-0.047718,0.233421,0.793664,-0.168831,-0.139474,0.567574,0.953699,-0.183563,-0.046725,0.233622,0.954472,-0.179504,-0.047718,0.233421,1.000000,
0.954472,-0.179504,-0.047718,0.233421,0.793664,-0.168831,-0.139474,0.567574,0.955487,-0.174017,-0.049059,0.233143,0.954472,-0.179504,-0.047718,0.233421,1.000000,
0.954472,-0.179504,-0.047718,0.233421,0.793664,-0.168831,-0.139474,0.567574,0.953699,-0.183563,-0.046725,0.233622,0.954472,-0.179504,-0.047718,0.233421,1.000000,
0.954472,-0.179504,-0.047718,0.233421,0.793664,-0.168831,-0.139474,0.567574,0.955487,-0.174017,-0.049059,0.233143,0.954472,-0.179504,-0.047718,0.233421,1.000000,
0.954472,-0.179504,-0.047718,0.233421,0.793664,-0.168831,-0.139474,0.567574,0.953699,-0.183563,-0.046725,0.233622,0.954472,-0.179504,-0.047718,0.233421,1.000000,
0.954472,-0.179504,-0.047718,0.233421,0.793664,-0.168831,-0.139474,0.567574,0.955487,-0.174017,-0.049058,0.233143,0.954472,-0.179504,-0.047718,0.233421,1.000000,
0.954472,-0.179504,-0.047718,0.233421,0.793664,-0.168831,-0.139474,0.567574,0.953699,-0.183563,-0.046725,0.233622,0.954472,-0.179504,-0.047718,0.233421,1.000000,
0.954472,-0.179504,-0.047718,0.233421,0.793664,-0.168831,-0.139474,0.567574,0.955487,-0.174017,-0.049058,0.233143,0.954472,-0.179504,-0.047718,0.233421,1.000000,
0.954472,-0.179504,-0.047718,0.233421,0.793664,-0.168831,-0.139474,0.567574,0.953699,-0.183563,-0.046725,0.233622,0.954472,-0.179504,-0.047718,0.233421,1.000000,
0.954472,-0.179504,-0.047718,0.233421,0.793664,-0.168831,-0.139474,0.567574,0.955487,-0.174017,-0.049058,0.233143,0.954472,-0.179504,-0.047718,0.233421,1.000000,
0.954472,-0.179504,-0.047718,0.233421,0.793664,-0.168831,-0.139474,0.567574,0.953699,-0.183563,-0.046725,0.233622,0.954472,-0.179504,-0.047718,0.233421,1.000000,
0.954472,-0.179504,-0.047718,0.233421,0.793664,-0.168831,-0.139474,0.567574,0.955487,-0.174017,-0.049058,0.233143,0.954472,-0.179504,-0.047718,0.233421,1.000000,
0.954472,-0.179504,-0.047718,0.233421,0.793664,-0.168831,-0.139474,0.567574,0.953699,-0.183563,-0.046725,0.233622,0.954472,-0.179504,-0.047718,0.233421,1.000000,
0.954472,-0.179504,-0.047718,0.233421,0.793664,-0.168831,-0.139474,0.567574,0.955487,-0.174017,-0.049058,0.233143,0.954472,-0.179504,-0.047718,0.233421,1.000000,
0.954472,-0.179504,-0.047718,0.233421,0.793664,-0.168831,-0.139474,0.567574,0.953699,-0.183563,-0.046725,0.233622,0.954472,-0.179504,-0.047718,0.233421,1.000000,
0.954472,-0.179504,-0.047718,0.233421,0.793664,-0.168831,-0.139474,0.567574,0.955487,-0.174017,-0.049058,0.233143,0.954472,-0.179504,-0.047718,0.233421,1.000000,
0.954472,-0.179504,-0.047718,0.233421,0.793664,-0.168831,-0.139474,0.567574,0.953699,-0.183563,-0.046725,0.233622,0.954472,-0.179504,-0.047718,0.233421,1.000000,
0.954472,-0.179504,-0.047718,0.233421,0.793664,-0.168831,-0.139474,0.567574,0.955487,-0.174017,-0.049058,0.233143,0.954472,-0.179504,-0.047718,0.233421,1.000000,
0.954472,-0.179504,-0.047718,0.233421,0.793664,-0.168831,-0.139474,0.567574,0.953699,-0.183563,-0.046725,0.233622,0.954472,-0.179504,-0.047718,0.233421,1.000000,
0.954472,-0.179504,-0.047718,0.233421,0.793664,-0.168831,-0.139474,0.567574,0.955487,-0.174017,-0.049058,0.233143,0.954472,-0.179504,-0.047718,0.233421,1.000000,
0.954472,-0.179504,-0.047718,0.233421,0.793664,-0.168831,-0.139474,0.567574,0.953699,-0.183563,-0.046725,0.233622,0.954472,-0.179504,-0.047718,0.233421,1.000000,
0.954472,-0.179504,-0.047718,0.233421,0.793664,-0.168831,-0.139474,0.567574,0.955487,-0.174017,-0.049058,0.233143,0.954472,-0.179504,-0.047718,0.233421,1.000000,
0.954472,-0.179504,-0.047718,0.233421,0.793664,-0.168831,-0.139474,0.567574,0.953699,-0.183563,-0.046724,0.233622,0.954472,-0.179504,-0.047718,0.233421,1.000000,
0.954472,-0.179504,-0.047718,0.233421,0.793664,-0.168831,-0.139474,0.567574,0.955487,-0.174017,-0.049058,0.233143,0.954472,-0.179504,-0.047718,0.233421,1.000000,
0.954472,-0.179504,-0.047718,0.233421,0.793664,-0.168831,-0.139474,0.567574,0.953699,-0.183563,-0.046724,0.233622,0.954472,-0.179504,-0.047718,0.233421,1.000000,
0.954472,-0.179504,-0.047718,0.233421,0.793664,-0.168831,-0.139474,0.567574,0.955487,-0.174017,-0.049058,0.233143,0.954472,-0.179504,-0.047718,0.233421,1.000000,
0.954472,-0.179504,-0.047718,0.233421,0.793664,-0.168831,-0.139474,0.567574,0.953699,-0.183563,-0.046724,0.233622,0.954472,-0.179504,-0.047718,0.233421,1.000000,
0.954472,-0.179504,-0.047718,0.233421,0.793664,-0.168831,-0.139474,0.567574,0.955487,-0.174017,-0.049058,0.233143,0.954472,-0.179504,-0.047718,0.233421,1.000000,
0.954472,-0.179504,-0.047718,0.233421,0.793664,-0.168831,-0.139474,0.567574,0.953699,-0.183564,-0.046724,0.233622,0.954472,-0.179504,-0.047718,0.233421,1.000000,
0.954472,-0.179504,-0.047718,0.233421,0.793664,-0.168831,-0.139474,0.567574,0.955487,-0.174018,-0.049058,0.233143,0.954472,-0.179504,-0.047718,0.233421,1.000000,
0.954472,-0.179504,-0.047718,0.233421,0.793664,-0.168831,-0.139474,0.567574,0.953699,-0.183564,-0.046724,0.233622,0.954472,-0.179504,-0.047718,0.233421,1.000000,
0.954472,-0.179504,-0.047718,0.233421,0.793664,-0.168831,-0.139474,0.567574,0.955487,-0.174018,-0.049058,0.233143,0.954472,-0.179504,-0.047718,0.233421,1.000000,
0.954472,-0.179504,-0.047718,0.233421,0.793664,-0.168831,-0.139474,0.567574,0.953699,-0.183564,-0.046724,0.233622,0.954472,-0.179504,-0.047718,0.233421,1.000000,
0.954472,-0.179504,-0.047718,0.233421,0.793664,-0.168831,-0.139474,0.567574,0.955487,-0.174018,-0.049058,0.233143,0.954472,-0.179504,-0.047718,0.233421,1.000000,
0.954472,-0.179504,-0.047718,0.233421,0.793664,-0.168831,-0.139474,0.567574,0.953699,-0.183564,-0.046724,0.233622,0.954472,-0.179504,-0.047718,0.233421,1.000000,
0.954472,-0.179504,-0.047718,0.233421,0.793664,-0.168831,-0.139474,0.567574,0.955487,-0.174018,-0.049058,0.233143,0.954472,-0.179504,-0.047718,0.233421,1.000000,
0.954472,-0.179504,-0.047718,0.233421,0.793664,-0.168831,-0.139474,0.567574,0.953699,-0.183564,-0.046724,0.233622,0.954472,-0.179504,-0.047718,0.233421,1.000000,
0.954472,-0.179504,-0.047718,0.233421,0.793664,-0.168831,-0.139474,0.567574,0.955487,-0.174018,-0.049058,0.233143,0.954472,-0.179504,-0.047718,0.233421,1.000000,
0.954472,-0.179504,-0.047718,0.233421,0.793664,-0.168831,-0.139474,0.567574,0.953699,-0.183564,-0.046724,0.233622,0.954472,-0.179504,-0.047718,0.233421,1.000000,
0.954472,-0.179504,-0.047718,0.233421,0.793664,-0.168831,-0.139474,0.567574,0.955487,-0.174018,-0.049058,0.233143,0.954472,-0.179504,-0.047718,0.233421,1.000000,
0.954472,-0.179504,-0.047718,0.233421,0.793664,-0.168831,-0.139474,0.567574,0.953699,-0.183564,-0.046724,0.233622,0.954472,-0.179504,-0.047718,0.233421,1.000000,
0.954472,-0.179504,-0.047718,0.233421,0.793664,-0.168831,-0.139474,0.567574,0.955487,-0.174018,-0.049058,0.233143,0.954472,-0.179504,-0.047718,0.233421,1.000000,
0.954472,-0.179504,-0.047718,0.233421,0.793664,-0.168831,-0.139474,0.567574,0.953699,-0.183564,-0.046724,0.233622,0.954472,-0.179504,-0.047718,0.233421,1.000000,
0.954472,-0.179504,-0.047718,0.233421,0.793664,-0.168831,-0.139474,0.567574,0.955487,-0.174018,-0.049058,0.233143,0.954472,-0.179504,-0.047718,0.233421,1.000000,
0.954472,-0.179504,-0.047718,0.233421,0.793664,-0.168831,-0.139474,0.567574,0.953699,-0.183564,-0.046724,0.233622,0.954472,-0.179504,-0.047718,0.233421,1.000000,
0.954472,-0.179504,-0.047718,0.233421,0.793664,-0.168831,-0.139474,0.567574,0.955487,-0.174018,-0.049058,0.233143,0.954472,-0.179504,-0.047718,0.233421,1.000000,
0.954472,-0.179504,-0.047718,0.233421,0.793664,-0.168831,-0.139474,0.567574,0.953699,-0.183564,-0.046724,0.233622,0.954472,-0.179504,-0.047718,0.233421,1.000000,
0.954472,-0.179504,-0.047718,0.233421,0.793664,-0.168831,-0.139474,0.567574,0.955487,-0.174018,-0.049058,0.233143,0.954472,-0.179504,-0.047718,0.233421,1.000000,
0.954472,-0.179504,-0.047718,0.233421,0.793664,-0.168831,-0.139474,0.567574,0.953699,-0.183564,-0.046724,0.233622,0.954472,-0.179504,-0.047718,0.233421,1.000000,
0.954472,-0.179504,-0.047718,0.233421,0.793664,-0.168831,-0.139474,0.567574,0.955487,-0.174018,-0.049058,0.233143,0.954472,-0.179504,-0.047718,0.233421,1.000000,
0.954472,-0.179504,-0.047718,0.233421,0.793664,-0.168831,-0.139474,0.567574,0.953699,-0.183564,-0.046724,0.233622,0.954472,-0.179504,-0.047718,0.233421,1.000000,
0.954472,-0.179504,-0.047718,0.233421,0.793664,-0.168831,-0.139474,0.567574,0.955487,-0.174018,-0.049058,0.233143,0.954472,-0.179504,-0.047718,0.233421,1.000000,
0.954472,-0.179504,-0.047718,0.233421,0.793664,-0.168831,-0.139474,0.567574,0.953699,-0.183564,-0.046724,0.233622,0.954472,-0.179504,-0.047718,0.233421,1.000000,
0.954472,-0.179504,-0.047718,0.233421,0.793664,-0.168831,-0.139474,0.567574,0.955487,-0.174018,-0.049058,0.233143,0.954472,-0.179504,-0.047718,0.233421,1.000000,
0.954472,-0.179504,-0.047718,0.233421,0.793664,-0.168831,-0.139474,0.567574,0.953699,-0.183564,-0.046724,0.233622,0.954472,-0.179504,-0.047718,0.233421,1.000000,
0.954472,-0.179504,-0.047718,0.233421,0.793664,-0.168831,-0.139474,0.567574,0.955487,-0.174018,-0.049058,0.233143,0.954472,-0.179504,-0.047718,0.233421,1.000000,
0.954472,-0.179504,-0.047718,0.233421,0.793664,-0.168831,-0.139474,0.567574,0.953699,-0.183565,-0.046724,0.233622,0.954472,-0.179504,-0.047718,0.233421,1.000000,
0.954472,-0.179504,-0.047718,0.233421,0.793664,-0.168831,-0.139474,0.567574,0.955487,-0.174019,-0.049058,0.233143,0.954472,-0.179504,-0.047718,0.233421,1.000000,
0.954472,-0.179504,-0.047718,0.233421,0.793664,-0.168831,-0.139474,0.567574,0.953699,-0.183565,-0.046724,0.233622,0.954472,-0.179504,-0.047718,0.233421,1.000000,
0.954472,-0.179504,-0.047718,0.233421,0.793664,-0.168831,-0.139474,0.567574,0.955487,-0.174019,-0.049058,0.233143,0.954472,-0.179504,-0.047718,0.233421,1.000000,
0.954472,-0.179504,-0.047718,0.233421,0.793664,-0.168831,-0.139474,0.567574,0.953699,-0.183565,-0.046724,0.233622,0.954472,-0.179504,-0.047718,0.233421,1.000000,
0.954472,-0.179504,-0.047718,0.233421,0.793664,-0.168831,-0.139474,0.567574,0.955487,-0.174019,-0.049058,0.233143,0.954472,-0.179504,-0.047718,0.233421,1.000000,
0.954472,-0.179504,-0.047718,0.233421,0.793664,-0.168831,-0.139474,0.567574,0.953699,-0.183565,-0.046724,0.233622,0.954472,-0.179504,-0.047718,0.233421,1.000000,
0.954472,-0.179504,-0.047718,0.233421,0.793664,-0.168831,-0.139474,0.567574,0.955487,-0.174019,-0.049058,0.233143,0.954472,-0.179504,-0.047718,0.233421,1.000000,
0.954472,-0.179504,-0.047718,0.233421,0.793664,-0.168831,-0.139474,0.567574,0.953699,-0.183565,-0.046724,0.233622,0.954472,-0.179504,-0.047718,0.233421,1.000000,
0.954472,-0.179504,-0.047718,0.233421,0.793664,-0.168831,-0.139474,0.567574,0.955487,-0.174019,-0.049058,0.233143,0.954472,-0.179504,-0.047718,0.233421,1.000000,
0.954472,-0.179504,-0.047718,0.233421,0.793664,-0.168831,-0.139474,0.567574,0.953699,-0.183565,-0.046724,0.233622,0.954472,-0.179504,-0.047718,0.233421,1.000000,
0.954472,-0.179504,-0.047718,0.233421,0.793664,-0.168831,-0.139474,0.567574,0.955487,-0.174019,-0.049058,0.233143,0.954472,-0.179504,-0.047718,0.233421,1.000000,
0.954472,-0.179504,-0.047718,0.233421,0.793664,-0.168831,-0.139474,0.567574,0.953699,-0.183565,-0.046724,0.233622,0.954472,-0.179504,-0.047718,0.233421,1.000000,
0.954472,-0.179504,-0.047718,0.233421,0.793664,-0.168831,-0.139474,0.567574,0.955487,-0.174019,-0.049058,0.233143,0.954472,-0.179504,-0.047718,0.233421,1.000000,
0.954472,-0.179504,-0.047718,0.233421,0.793664,-0.168831,-0.139474,0.567574,0.953699,-0.183565,-0.046724,0.233622,0.954472,-0.179504,-0.047718,0.233421,1.000000,
0.954472,-0.179504,-0.047718,0.233421,0.793664,-0.168831,-0.139474,0.567574,0.955487,-0.174019,-0.049058,0.233143,0.954472,-0.179504,-0.047718,0.233421,1.000000,
0.954472,-0.179504,-0.047718,0.233421,0.793664,-0.168831,-0.139474,0.567574,0.953699,-0.183565,-0.046724,0.233622,0.954472,-0.179504,-0.047718,0.233421,1.000000,
0.954472,-0.179504,-0.047718,0.233421,0.793664,-0.168831,-0.139474,0.567574,0.955487,-0.174019,-0.049058,0.233143,0.954472,-0.179504,-0.047718,0.233421,1.000000,
0.954472,-0.179504,-0.047718,0.233421,0.793664,-0.168831,-0.139474,0.567574,0.953699,-0.183565,-0.046724,0.233622,0.954472,-0.179504,-0.047718,0.233421,1.000000,
0.954472,-0.179504,-0.047718,0.233421,0.793664,-0.168831,-0.139474,0.567574,0.955487,-0.174019,-0.049058,0.233143,0.954472,-0.179504,-0.047718,0.233421,1.000000,
0.954472,-0.179504,-0.047718,0.233421,0.793664,-0.168831,-0.139474,0.567574,0.953699,-0.183565,-0.046724,0.233622,0.954472,-0.179504,-0.047718,0.233421,1.000000,
0.954472,-0.179504,-0.047718,0.233421,0.793664,-0.168831,-0.139474,0.567574,0.955487,-0.174019,-0.049058,0.233143,0.954472,-0.179504,-0.047718,0.233421,1.000000,
0.954472,-0.179504,-0.047718,0.233421,0.793664,-0.168831,-0.139474,0.567574,0.953699,-0.183565,-0.046724,0.233622,0.954472,-0.179504,-0.047718,0.233421,1.000000,
0.954472,-0.179504,-0.047718,0.233421,0.793664,-0.168831,-0.139474,0.567574,0.955487,-0.174019,-0.049058,0.233143,0.954472,-0.179504,-0.047718,0.233421,1.000000,
0.954472,-0.179504,-0.047718,0.233421,0.793664,-0.168831,-0.139474,0.567574,0.953699,-0.183565,-0.046724,0.233622,0.954472,-0.179504,-0.047718,0.233421,1.000000,
0.954472,-0.179504,-0.047718,0.233421,0.793664,-0.168831,-0.139474,0.567574,0.955487,-0.174019,-0.049058,0.233143,0.954472,-0.179504,-0.047718,0.233421,1.000000,
0.954472,-0.179504,-0.047718,0.233421,0.793664,-0.168831,-0.139474,0.567574,0.953699,-0.183565,-0.046724,0.233622,0.954472,-0.179504,-0.047718,0.233421,1.000000,
0.954472,-0.179504,-0.047718,0.233421,0.793664,-0.168831,-0.139474,0.567574,0.955487,-0.174019,-0.049058,0.233143,0.954472,-0.179504,-0.047718,0.233421,1.000000,
0.954472,-0.179504,-0.047718,0.233421,0.793664,-0.168831,-0.139474,0.567574,0.953699,-0.183566,-0.046724,0.233622,0.954472,-0.179504,-0.047718,0.233421,1.000000,
0.954472,-0.179504,-0.047718,0.233421,0.793664,-0.168831,-0.139474,0.567574,0.955487,-0.174020,-0.049058,0.233143,0.954472,-0.179504,-0.047718,0.233421,1.000000,
0.954472,-0.179504,-0.047718,0.233421,0.793664,-0.168831,-0.139474,0.567574,0.953699,-0.183566,-0.046724,0.233622,0.954472,-0.179504,-0.047718,0.233421,1.000000,
0.954472,-0.179504,-0.047718,0.233421,0.793664,-0.168831,-0.139474,0.567574,0.955487,-0.174020,-0.049058,0.233143,0.954472,-0.179504,-0.047718,0.233421,1.000000,
0.954472,-0.179504,-0.047718,0.233421,0.793664,-0.168831,-0.139474,0.567574,0.953699,-0.183566,-0.046724,0.233622,0.954472,-0.179504,-0.047718,0.233421,1.000000,
0.954472,-0.179504,-0.047718,0.233421,0.793664,-0.168831,-0.139474,0.567574,0.955487,-0.174020,-0.049058,0.233143,0.954472,-0.179504,-0.047718,0.233421,1.000000,
0.954472,-0.179504,-0.047718,0.233421,0.793664,-0.168831,-0.139474,0.567574,0.953699,-0.183566,-0.046724,0.233622,0.954472,-0.179504,-0.047718,0.233421,1.000000,
0.954472,-0.179504,-0.047718,0.233421,0.793664,-0.168831,-0.139474,0.567574,0.955487,-0.174020,-0.049058,0.233143,0.954472,-0.179504,-0.047718,0.233421,1.000000,
0.954472,-0.179504,-0.047718,0.233421,0.793664,-0.168831,-0.139474,0.567574,0.953699,-0.183566,-0.046724,0.233622,0.954472,-0.179504,-0.047718,0.233421,1.000000,
0.954472,-0.179504,-0.047718,0.233421,0.793664,-0.168831,-0.139474,0.567574,0.955487,-0.174020,-0.049058,0.233143,0.954472,-0.179504,-0.047718,0.233421,1.000000,
0.954472,-0.179504,-0.047718,0.233421,0.793664,-0.168831,-0.139474,0.567574,0.953699,-0.183566,-0.046724,0.233622,0.954472,-0.179504,-0.047718,0.233421,1.000000,
0.954472,-0.179504,-0.047718,0.233421,0.793664,-0.168831,-0.139474,0.567574,0.955487,-0.174020,-0.049058,0.233143,0.954472,-0.179504,-0.047718,0.233421,1.000000,
0.954472,-0.179504,-0.047718,0.233421,0.793664,-0.168831,-0.139474,0.567574,0.953699,-0.183566,-0.046724,0.233622,0.954472,-0.179504,-0.047718,0.233421,1.000000,
0.954472,-0.179504,-0.047718,0.233421,0.793664,-0.168831,-0.139474,0.567574,0.955487,-0.174020,-0.049058,0.233143,0.954472,-0.179504,-0.047718,0.233421,1.000000,
0.954472,-0.179504,-0.047718,0.233421,0.793664,-0.168831,-0.139474,0.567574,0.953699,-0.183566,-0.046724,0.233622,0.954472,-0.179504,-0.047718,0.233421,1.000000,
0.954472,-0.179504,-0.047718,0.233421,0.793664,-0.168831,-0.139474,0.567574,0.955487,-0.174020,-0.049058,0.233143,0.954472,-0.179504,-0.047718,0.233421,1.000000,
0.954472,-0.179504,-0.047718,0.233421,0.793664,-0.168831,-0.139474,0.567574,0.953699,-0.183566,-0.046724,0.233622,0.954472,-0.179504,-0.047718,0.233421,1.000000,
0.954472,-0.179504,-0.047718,0.233421,0.793664,-0.168831,-0.139474,0.567574,0.955487,-0.174020,-0.049058,0.233143,0.954472,-0.179504,-0.047718,0.233421,1.000000,
0.954472,-0.179504,-0.047718,0.233421,0.793664,-0.168831,-0.139474,0.567574,0.953699,-0.183566,-0.046724,0.233622,0.954472,-0.179504,-0.047718,0.233421,1.000000,
0.954472,-0.179504,-0.047718,0.233421,0.793664,-0.168831,-0.139474,0.567574,0.955487,-0.174020,-0.049058,0.233143,0.954472,-0.179504,-0.047718,0.233421,1.000000,
0.954472,-0.179504,-0.047718,0.233421,0.793664,-0.168831,-0.139474,0.567574,0.953699,-0.183566,-0.046724,0.233622,0.954472,-0.179504,-0.047718,0.233421,1.000000,
0.954472,-0.179504,-0.047718,0.233421,0.793664,-0.168831,-0.139474,0.567574,0.955487,-0.174020,-0.049058,0.233143,0.954472,-0.179504,-0.047718,0.233421,1.000000,
0.954472,-0.179504,-0.047718,0.233421,0.793664,-0.168831,-0.139474,0.567574,0.953699,-0.183566,-0.046724,0.233622,0.954472,-0.179504,-0.047718,0.233421,1.000000,
0.954472,-0.179504,-0.047718,0.233421,0.793664,-0.168831,-0.139474,0.567574,0.955487,-0.174020,-0.049058,0.233143,0.954472,-0.179504,-0.047718,0.233421,1.000000,
0.954472,-0.179504,-0.047718,0.233421,0.793664,-0.168831,-0.139474,0.567574,0.953699,-0.183566,-0.046724,0.233622,0.954472,-0.179504,-0.047718,0.233421,1.000000,
0.954472,-0.179504,-0.047718,0.233421,0.793664,-0.168831,-0.139474,0.567574,0.955487,-0.174020,-0.049058,0.233143,0.954472,-0.179504,-0.047718,0.233421,1.000000,
0.954472,-0.179504,-0.047718,0.233421,0.793664,-0.168831,-0.139474,0.567574,0.953699,-0.183566,-0.046724,0.233622,0.954472,-0.179504,-0.047718,0.233421,1.000000,
0.954472,-0.179504,-0.047718,0.233421,0.793664,-0.168831,-0.139474,0.567574,0.955487,-0.174020,-0.049058,0.233143,0.954472,-0.179504,-0.047718,0.233421,1.000000,
0.954472,-0.179504,-0.047718,0.233421,0.793664,-0.168831,-0.139474,0.567574,0.953699,-0.183567,-0.046724,0.233622,0.954472,-0.179504,-0.047718,0.233421,1.000000,
0.954472,-0.179504,-0.047718,0.233421,0.793664,-0.168831,-0.139474,0.567574,0.955487,-0.174021,-0.049058,0.233143,0.954472,-0.179504,-0.047718,0.233421,1.000000,
0.954472,-0.179504,-0.047718,0.233421,0.793664,-0.168831,-0.139474,0.567574,0.953699,-0.183567,-0.046724,0.233622,0.954472,-0.179504,-0.047718,0.233421,1.000000,
0.954472,-0.179504,-0.047718,0.233421,0.793664,-0.168831,-0.139474,0.567574,0.955487,-0.174021,-0.049058,0.233143,0.954472,-0.179504,-0.047718,0.233421,1.000000,
0.954472,-0.179504,-0.047718,0.233421,0.793664,-0.168831,-0.139474,0.567574,0.953699,-0.183567,-0.046724,0.233622,0.954472,-0.179504,-0.047718,0.233421,1.000000,
0.954472,-0.179504,-0.047718,0.233421,0.793664,-0.168831,-0.139474,0.567574,0.955487,-0.174021,-0.049058,0.233143,0.954472,-0.179504,-0.047718,0.233421,1.000000,
0.954472,-0.179504,-0.047718,0.233421,0.793664,-0.168831,-0.139474,0.567574,0.953699,-0.183567,-0.046724,0.233622,0.954472,-0.179504,-0.047718,0.233421,1.000000,
0.954472,-0.179504,-0.047718,0.233421,0.793664,-0.168831,-0.139474,0.567574,0.955487,-0.174021,-0.049058,0.233143,0.954472,-0.179504,-0.047718,0.233421,1.000000,
0.954472,-0.179504,-0.047718,0.233421,0.793664,-0.168831,-0.139474,0.567574,0.953699,-0.183567,-0.046724,0.233622,0.954472,-0.179504,-0.047718,0.233421,1.000000,
0.954472,-0.179504,-0.047718,0.233421,0.793664,-0.168831,-0.139474,0.567574,0.955487,-0.174021,-0.049057,0.233143,0.954472,-0.179504,-0.047718,0.233421,1.000000,
0.954472,-0.179504,-0.047718,0.233421,0.793664,-0.168831,-0.139474,0.567574,0.953699,-0.183567,-0.046724,0.233622,0.954472,-0.179504,-0.047718,0.233421,1.000000,
0.954472,-0.179504,-0.047718,0.233421,0.793664,-0.168831,-0.139474,0.567574,0.955487,-0.174021,-0.049057,0.233143,0.954472,-0.179504,-0.047718,0.233421,1.000000,
0.954472,-0.179504,-0.047718,0.233421,0.793664,-0.168831,-0.139474,0.567574,0.953699,-0.183567,-0.046724,0.233622,0.954472,-0.179504,-0.047718,0.233421,1.000000,
0.954472,-0.179504,-0.047718,0.233421,0.793664,-0.168831,-0.139474,0.567574,0.955487,-0.174021,-0.049057,0.233143,0.954472,-0.179504,-0.047718,0.233421,1.000000,
0.954472,-0.179504,-0.047718,0.233421,0.793664,-0.168831,-0.139474,0.567574,0.953699,-0.183567,-0.046724,0.233622,0.954472,-0.179504,-0.047718,0.233421,1.000000,
0.954472,-0.179504,-0.047718,0.233421,0.793664,-0.168831,-0.139474,0.567574,0.955486,-0.174021,-0.049057,0.233143,0.954472,-0.179504,-0.047718,0.233421,1.000000,
0.954472,-0.179504,-0.047718,0.233421,0.793664,-0.168831,-0.139474,0.567574,0.953699,-0.183567,-0.046724,0.233622,0.954472,-0.179504,-0.047718,0.233421,1.000000,
0.954472,-0.179504,-0.047718,0.233421,0.793664,-0.168831,-0.139474,0.567574,0.955486,-0.174021,-0.049057,0.233143,0.954472,-0.179504,-0.047718,0.233421,1.000000,
0.954472,-0.179504,-0.047718,0.233421,0.793664,-0.168831,-0.139474,0.567574,0.953699,-0.183567,-0.046724,0.233622,0.954472,-0.179504,-0.047718,0.233421,1.000000,
0.954472,-0.179504,-0.047718,0.233421,0.793664,-0.168831,-0.139474,0.567574,0.955486,-0.174021,-0.049057,0.233143,0.954472,-0.179504,-0.047718,0.233421,1.000000,
0.954472,-0.179504,-0.047718,0.233421,0.793664,-0.168831,-0.139474,0.567574,0.953698,-0.183567,-0.046724,0.233622,0.954472,-0.179504,-0.047718,0.233421,1.000000,
0.954472,-0.179504,-0.047718,0.233421,0.793664,-0.168831,-0.139474,0.567574,0.955486,-0.174021,-0.049057,0.233143,0.954472,-0.179504,-0.047718,0.233421,1.000000,
0.954472,-0.179504,-0.047718,0.233421,0.793664,-0.168831,-0.139474,0.567574,0.953698,-0.183567,-0.046724,0.233622,0.954472,-0.179504,-0.047718,0.233421,1.000000,
0.954472,-0.179504,-0.047718,0.233421,0.793664,-0.168831,-0.139474,0.567574,0.955486,-0.174021,-0.049057,0.233143,0.954472,-0.179504,-0.047718,0.233421,1.000000,
0.954472,-0.179504,-0.047718,0.233421,0.793664,-0.168831,-0.139474,0.567574,0.953698,-0.183567,-0.046724,0.233622,0.954472,-0.179504,-0.047718,0.233421,1.000000,
0.954472,-0.179504,-0.047718,0.233421,0.793664,-0.168831,-0.139474,0.567574,0.955486,-0.174021,-0.049057,0.233143,0.954472,-0.179504,-0.047718,0.233421,1.000000,
0.954472,-0.179504,-0.047718,0.233421,0.793664,-0.168831,-0.139474,0.567574,0.953698,-0.183567,-0.046723,0.233622,0.954472,-0.179504,-0.047718,0.233421,1.000000,
0.954472,-0.179504,-0.047718,0.233421,0.793664,-0.168831,-0.139474,0.567574,0.955486,-0.174021,-0.049057,0.233143,0.954472,-0.179504,-0.047718,0.233421,1.000000,
0.954472,-0.179504,-0.047718,0.233421,0.793664,-0.168831,-0.139474,0.567574,0.953698,-0.183568,-0.046723,0.233622,0.954472,-0.179504,-0.047718,0.233421,1.000000,
0.954472,-0.179504,-0.047718,0.233421,0.793664,-0.168831,-0.139474,0.567574,0.955486,-0.174022,-0.049057,0.233143,0.954472,-0.179504,-0.047718,0.233421,1.000000,
0.954472,-0.179504,-0.047718,0.233421,0.793664,-0.168831,-0.139474,0.567574,0.953698,-0.183568,-0.046723,0.233622,0.954472,-0.179504,-0.047718,0.233421,1.000000,
0.954472,-0.179504,-0.047718,0.233421,0.793664,-0.168831,-0.139474,0.567574,0.955486,-0.174022,-0.049057,0.233143,0.954472,-0.179504,-0.047718,0.233421,1.000000,
0.954472,-0.179504,-0.047718,0.233421,0.793664,-0.168831,-0.139474,0.567574,0.953698,-0.183568,-0.046723,0.233622,0.954472,-0.179504,-0.047718,0.233421,1.000000,
0.954472,-0.179504,-0.047718,0.233421,0.793664,-0.168831,-0.139474,0.567574,0.955486,-0.174022,-0.049057,0.233143,0.954472,-0.179504,-0.047718,0.233421,1.000000,
0.954472,-0.179504,-0.047718,0.233421,0.793664,-0.168831,-0.139474,0.567574,0.953698,-0.183568,-0.046723,0.233622,0.954472,-0.179504,-0.047718,0.233421,1.000000,
0.954472,-0.179504,-0.047718,0.233421,0.793664,-0.168831,-0.139474,0.567574,0.955486,-0.174022,-0.049057,0.233143,0.954472,-0.179504,-0.047718,0.233421,1.000000,
0.954472,-0.179504,-0.047718,0.233421,0.793664,-0.168831,-0.139474,0.567574,0.953698,-0.183568,-0.046723,0.233622,0.954472,-0.179504,-0.047718,0.233421,1.000000,
0.954472,-0.179504,-0.047718,0.233421,0.793664,-0.168831,-0.139474,0.567574,0.955486,-0.174022,-0.049057,0.233143,0.954472,-0.179504,-0.047718,0.233421,1.000000,
0.954472,-0.179504,-0.047718,0.233421,0.793664,-0.168831,-0.139474,0.567574,0.953698,-0.183568,-0.046723,0.233622,0.954472,-0.179504,-0.047718,0.233421,1.000000,
0.954472,-0.179504,-0.047718,0.233421,0.793664,-0.168831,-0.139474,0.567574,0.955486,-0.174022,-0.049057,0.233143,0.954472,-0.179504,-0.047718,0.233421,1.000000,
0.954472,-0.179504,-0.047718,0.233421,0.793664,-0.168831,-0.139474,0.567574,0.953698,-0.183568,-0.046723,0.233622,0.954472,-0.179504,-0.047718,0.233421,1.000000,
0.954472,-0.179504,-0.047718,0.233421,0.793664,-0.168831,-0.139474,0.567574,0.955486,-0.174022,-0.049057,0.233143,0.954472,-0.179504,-0.047718,0.233421,1.000000,
0.954472,-0.179504,-0.047718,0.233421,0.793664,-0.168831,-0.139474,0.567574,0.953698,-0.183568,-0.046723,0.233622,0.954472,-0.179504,-0.047718,0.233421,1.000000,
0.954472,-0.179504,-0.047718,0.233421,0.793664,-0.168831,-0.139474,0.567574,0.955486,-0.174022,-0.049057,0.233143,0.954472,-0.179504,-0.047718,0.233421,1.000000,
0.954472,-0.179504,-0.047718,0.233421,0.793664,-0.168831,-0.139474,0.567574,0.953698,-0.183568,-0.046723,0.233622,0.954472,-0.179504,-0.047718,0.233421,1.000000,
0.954472,-0.179504,-0.047718,0.233421,0.793664,-0.168831,-0.139474,0.567574,0.955486,-0.174022,-0.049057,0.233143,0.954472,-0.179504,-0.047718,0.233421,1.000000,
0.954472,-0.179504,-0.047718,0.233421,0.793664,-0.168831,-0.139474,0.567574,0.953698,-0.183568,-0.046723,0.233622,0.954472,-0.179504,-0.047718,0.233421,1.000000,
0.954472,-0.179504,-0.047718,0.233421,0.793664,-0.168831,-0.139474,0.567574,0.955486,-0.174022,-0.049057,0.233143,0.954472,-0.179504,-0.047718,0.233421,1.000000,
0.954472,-0.179504,-0.047718,0.233421,0.793664,-0.168831,-0.139474,0.567574,0.953698,-0.183568,-0.046723,0.233622,0.954472,-0.179504,-0.047718,0.233421,1.000000,
0.954472,-0.179504,-0.047718,0.233421,0.793664,-0.168831,-0.139474,0.567574,0.955486,-0.174022,-0.049057,0.233143,0.954472,-0.179504,-0.047718,0.233421,1.000000,
0.954472,-0.179504,-0.047718,0.233421,0.793664,-0.168831,-0.139474,0.567574,0.953698,-0.183568,-0.046723,0.233622,0.954472,-0.179504,-0.047718,0.233421,1.000000,
0.954472,-0.179504,-0.047718,0.233421,0.793664,-0.168831,-0.139474,0.567574,0.955486,-0.174022,-0.049057,0.233143,0.954472,-0.179504,-0.047718,0.233421,1.000000,
0.954472,-0.179504,-0.047718,0.233421,0.793664,-0.168831,-0.139474,0.567574,0.953698,-0.183568,-0.046723,0.233622,0.954472,-0.179504,-0.047718,0.233421,1.000000,
0.954472,-0.179504,-0.047718,0.233421,0.793664,-0.168831,-0.139474,0.567574,0.955486,-0.174022,-0.049057,0.233143,0.954472,-0.179504,-0.047718,0.233421,1.000000,
0.954472,-0.179504,-0.047718,0.233421,0.793664,-0.168831,-0.139474,0.567574,0.953698,-0.183568,-0.046723,0.233622,0.954472,-0.179504,-0.047718,0.233421,1.000000,
0.954472,-0.179504,-0.047718,0.233421,0.793664,-0.168831,-0.139474,0.567574,0.955486,-0.174022,-0.049057,0.233143,0.954472,-0.179504,-0.047718,0.233421,1.000000,
0.954472,-0.179504,-0.047718,0.233421,0.793664,-0.168831,-0.139474,0.567574,0.953698,-0.183568,-0.046723,0.233622,0.954472,-0.179504,-0.047718,0.233421,1.000000,
0.954472,-0.179504,-0.047718,0.233421,0.793664,-0.168831,-0.139474,0.567574,0.955486,-0.174022,-0.049057,0.233143,0.954472,-0.179504,-0.047718,0.233421,1.000000,
0.954472,-0.179504,-0.047718,0.233421,0.793664,-0.168831,-0.139474,0.567574,0.953698,-0.183569,-0.046723,0.233622,0.954472,-0.179504,-0.047718,0.233421,1.000000,
0.954472,-0.179504,-0.047718,0.233421,0.793664,-0.168831,-0.139474,0.567574,0.955486,-0.174023,-0.049057,0.233143,0.954472,-0.179504,-0.047718,0.233421,1.000000,
0.954472,-0.179504,-0.047718,0.233421,0.793664,-0.168831,-0.139474,0.567574,0.953698,-0.183569,-0.046723,0.233622,0.954472,-0.179504,-0.047718,0.233421,1.000000,
0.954472,-0.179504,-0.047718,0.233421,0.793664,-0.168831,-0.139474,0.567574,0.955486,-0.174023,-0.049057,0.233143,0.954472,-0.179504,-0.047718,0.233421,1.000000,
0.954472,-0.179504,-0.047718,0.233421,0.793664,-0.168831,-0.139474,0.567574,0.953698,-0.183569,-0.046723,0.233622,0.954472,-0.179504,-0.047718,0.233421,1.000000,
0.954472,-0.179504,-0.047718,0.233421,0.793664,-0.168831,-0.139474,0.567574,0.955486,-0.174023,-0.049057,0.233143,0.954472,-0.179504,-0.047718,0.233421,1.000000,
0.954472,-0.179504,-0.047718,0.233421,0.793664,-0.168831,-0.139474,0.567574,0.953698,-0.183569,-0.046723,0.233622,0.954472,-0.179504,-0.047718,0.233421,1.000000,
0.954472,-0.179504,-0.047718,0.233421,0.793664,-0.168831,-0.139474,0.567574,0.955486,-0.174023,-0.049057,0.233143,0.954472,-0.179504,-0.047718,0.233421,1.000000,
0.954472,-0.179504,-0.047718,0.233421,0.793664,-0.168831,-0.139474,0.567574,0.953698,-0.183569,-0.046723,0.233622,0.954472,-0.179504,-0.047718,0.233421,1.000000,
0.954472,-0.179504,-0.047718,0.233421,0.793664,-0.168831,-0.139474,0.567574,0.955486,-0.174023,-0.049057,0.233143,0.954472,-0.179504,-0.047718,0.233421,1.000000,
0.954472,-0.179504,-0.047718,0.233421,0.793664,-0.168831,-0.139474,0.567574,0.953698,-0.183569,-0.046723,0.233622,0.954472,-0.179504,-0.047718,0.233421,1.000000,
0.954472,-0.179504,-0.047718,0.233421,0.793664,-0.168831,-0.139474,0.567574,0.955486,-0.174023,-0.049057,0.233143,0.954472,-0.179504,-0.047718,0.233421,1.000000,
0.954472,-0.179504,-0.047718,0.233421,0.793664,-0.168831,-0.139474,0.567574,0.953698,-0.183569,-0.046723,0.233622,0.954472,-0.179504,-0.047718,0.233421,1.000000,
0.954472,-0.179504,-0.047718,0.233421,0.793664,-0.168831,-0.139474,0.567574,0.955486,-0.174023,-0.049057,0.233143,0.954472,-0.179504,-0.047718,0.233421,1.000000,
0.954472,-0.179504,-0.047718,0.233421,0.793664,-0.168831,-0.139474,0.567574,0.953698,-0.183569,-0.046723,0.233622,0.954472,-0.179504,-0.047718,0.233421,1.000000,
0.954472,-0.179504,-0.047718,0.233421,0.793664,-0.168831,-0.139474,0.567574,0.955486,-0.174023,-0.049057,0.233143,0.954472,-0.179504,-0.047718,0.233421,1.000000,
0.954472,-0.179504,-0.047718,0.233421,0.793664,-0.168831,-0.139474,0.567574,0.953698,-0.183569,-0.046723,0.233622,0.954472,-0.179504,-0.047718,0.233421,1.000000,
0.954472,-0.179504,-0.047718,0.233421,0.793664,-0.168831,-0.139474,0.567574,0.955486,-0.174023,-0.049057,0.233143,0.954472,-0.179504,-0.047718,0.233421,1.000000,
0.954472,-0.179504,-0.047718,0.233421,0.793664,-0.168831,-0.139474,0.567574,0.953698,-0.183569,-0.046723,0.233622,0.954472,-0.179504,-0.047718,0.233421,1.000000,
0.954472,-0.179504,-0.047718,0.233421,0.793664,-0.168831,-0.139474,0.567574,0.955486,-0.174023,-0.049057,0.233143,0.954472,-0.179504,-0.047718,0.233421,1.000000,
0.954472,-0.179504,-0.047718,0.233421,0.793664,-0.168831,-0.139474,0.567574,0.953698,-0.183569,-0.046723,0.233622,0.954472,-0.179504,-0.047718,0.233421,1.000000,
0.954472,-0.179504,-0.047718,0.233421,0.793664,-0.168831,-0.139474,0.567574,0.955486,-0.174023,-0.049057,0.233143,0.954472,-0.179504,-0.047718,0.233421,1.000000,
0.954472,-0.179504,-0.047718,0.233421,0.793664,-0.168831,-0.139474,0.567574,0.953698,-0.183569,-0.046723,0.233622,0.954472,-0.179504,-0.047718,0.233421,1.000000,
0.954472,-0.179504,-0.047718,0.233421,0.793664,-0.168831,-0.139474,0.567574,0.955486,-0.174023,-0.049057,0.233143,0.954472,-0.179504,-0.047718,0.233421,1.000000,
0.954472,-0.179504,-0.047718,0.233421,0.793664,-0.168831,-0.139474,0.567574,0.953698,-0.183569,-0.046723,0.233622,0.954472,-0.179504,-0.047718,0.233421,1.000000,
0.954472,-0.179504,-0.047718,0.233421,0.793664,-0.168831,-0.139474,0.567574,0.955486,-0.174023,-0.049057,0.233143,0.954472,-0.179504,-0.047718,0.233421,1.000000,
0.954472,-0.179504,-0.047718,0.233421,0.793664,-0.168831,-0.139474,0.567574,0.953698,-0.183569,-0.046723,0.233622,0.954472,-0.179504,-0.047718,0.233421,1.000000,
0.954472,-0.179504,-0.047718,0.233421,0.793664,-0.168831,-0.139474,0.567574,0.955486,-0.174023,-0.049057,0.233143,0.954472,-0.179504,-0.047718,0.233421,1.000000,
0.954472,-0.179504,-0.047718,0.233421,0.793664,-0.168831,-0.139474,0.567574,0.953698,-0.183570,-0.046723,0.233622,0.954472,-0.179504,-0.047718,0.233421,1.000000,
0.954472,-0.179504,-0.047718,0.233421,0.793664,-0.168831,-0.139474,0.567574,0.955486,-0.174024,-0.049057,0.233143,0.954472,-0.179504,-0.047718,0.233421,1.000000,
0.954472,-0.179504,-0.047718,0.233421,0.793664,-0.168831,-0.139474,0.567574,0.953698,-0.183570,-0.046723,0.233622,0.954472,-0.179504,-0.047718,0.233421,1.000000,
0.954472,-0.179504,-0.047718,0.233421,0.793664,-0.168831,-0.139474,0.567574,0.955486,-0.174024,-0.049057,0.233143,0.954472,-0.179504,-0.047718,0.233421,1.000000,
0.954472,-0.179504,-0.047718,0.233421,0.793664,-0.168831,-0.139474,0.567574,0.953698,-0.183570,-0.046723,0.233622,0.954472,-0.179504,-0.047718,0.233421,1.000000,
0.954472,-0.179504,-0.047718,0.233421,0.793664,-0.168831,-0.139474,0.567574,0.955486,-0.174024,-0.049057,0.233143,0.954472,-0.179504,-0.047718,0.233421,1.000000,
0.954472,-0.179504,-0.047718,0.233421,0.793664,-0.168831,-0.139474,0.567574,0.953698,-0.183570,-0.046723,0.233622,0.954472,-0.179504,-0.047718,0.233421,1.000000,
0.954472,-0.179504,-0.047718,0.233421,0.793664,-0.168831,-0.139474,0.567574,0.955486,-0.174024,-0.049057,0.233143,0.954472,-0.179504,-0.047718,0.233421,1.000000,
0.954472,-0.179504,-0.047718,0.233421,0.793664,-0.168831,-0.139474,0.567574,0.953698,-0.183570,-0.046723,0.233622,0.954472,-0.179504,-0.047718,0.233421,1.000000,
0.954472,-0.179504,-0.047718,0.233421,0.793664,-0.168831,-0.139474,0.567574,0.955486,-0.174024,-0.049057,0.233143,0.954472,-0.179504,-0.047718,0.233421,1.000000,
0.954472,-0.179504,-0.047718,0.233421,0.793664,-0.168831,-0.139474,0.567574,0.953698,-0.183570,-0.046723,0.233622,0.954472,-0.179504,-0.047718,0.233421,1.000000,
0.954472,-0.179504,-0.047718,0.233421,0.793664,-0.168831,-0.139474,0.567574,0.955486,-0.174024,-0.049057,0.233143,0.954472,-0.179504,-0.047718,0.233421,1.000000,
0.954472,-0.179504,-0.047718,0.233421,0.793664,-0.168831,-0.139474,0.567574,0.953698,-0.183570,-0.046723,0.233622,0.954472,-0.179504,-0.047718,0.233421,1.000000,
0.954472,-0.179504,-0.047718,0.233421,0.793664,-0.168831,-0.139474,0.567574,0.955486,-0.174024,-0.049057,0.233143,0.954472,-0.179504,-0.047718,0.233421,1.000000,
0.954472,-0.179504,-0.047718,0.233421,0.793664,-0.168831,-0.139474,0.567574,0.953698,-0.183570,-0.046723,0.233622,0.954472,-0.179504,-0.047718,0.233421,1.000000,
0.954472,-0.179504,-0.047718,0.233421,0.793664,-0.168831,-0.139474,0.567574,0.955486,-0.174024,-0.049057,0.233143,0.954472,-0.179504,-0.047718,0.233421,1.000000,
0.954472,-0.179504,-0.047718,0.233421,0.793664,-0.168831,-0.139474,0.567574,0.953698,-0.183570,-0.046723,0.233622,0.954472,-0.179504,-0.047718,0.233421,1.000000,
0.954472,-0.179504,-0.047718,0.233421,0.793664,-0.168831,-0.139474,0.567574,0.955486,-0.174024,-0.049057,0.233143,0.954472,-0.179504,-0.047718,0.233421,1.000000,
0.954472,-0.179504,-0.047718,0.233421,0.793664,-0.168831,-0.139474,0.567574,0.953698,-0.183570,-0.046723,0.233622,0.954472,-0.179504,-0.047718,0.233421,1.000000,
0.954472,-0.179504,-0.047718,0.233421,0.793664,-0.168831,-0.139474,0.567574,0.955486,-0.174024,-0.049057,0.233143,0.954472,-0.179504,-0.047718,0.233421,1.000000,
0.954472,-0.179504,-0.047718,0.233421,0.793664,-0.168831,-0.139474,0.567574,0.953698,-0.183570,-0.046723,0.233622,0.954472,-0.179504,-0.047718,0.233421,1.000000,
0.954472,-0.179504,-0.047718,0.233421,0.793664,-0.168831,-0.139474,0.567574,0.955486,-0.174024,-0.049057,0.233143,0.954472,-0.179504,-0.047718,0.233421,1.000000,
0.954472,-0.179504,-0.047718,0.233421,0.793664,-0.168831,-0.139474,0.567574,0.953698,-0.183570,-0.046723,0.233622,0.954472,-0.179504,-0.047718,0.233421,1.000000,
0.954472,-0.179504,-0.047718,0.233421,0.793664,-0.168831,-0.139474,0.567574,0.955486,-0.174024,-0.049057,0.233143,0.954472,-0.179504,-0.047718,0.233421,1.000000,
0.954472,-0.179504,-0.047718,0.233421,0.793664,-0.168831,-0.139474,0.567574,0.953698,-0.183570,-0.046723,0.233622,0.954472,-0.179504,-0.047718,0.233421,1.000000,
0.954472,-0.179504,-0.047718,0.233421,0.793664,-0.168831,-0.139474,0.567574,0.955486,-0.174024,-0.049057,0.233143,0.954472,-0.179504,-0.047718,0.233421,1.000000,
0.954472,-0.179504,-0.047718,0.233421,0.793664,-0.168831,-0.139474,0.567574,0.953698,-0.183570,-0.046723,0.233622,0.954472,-0.179504,-0.047718,0.233421,1.000000,
0.954472,-0.179504,-0.047718,0.233421,0.793664,-0.168831,-0.139474,0.567574,0.955486,-0.174024,-0.049057,0.233143,0.954472,-0.179504,-0.047718,0.233421,1.000000,
0.954472,-0.179504,-0.047718,0.233421,0.793664,-0.168831,-0.139474,0.567574,0.953698,-0.183571,-0.046723,0.233622,0.954472,-0.179504,-0.047718,0.233421,1.000000,
0.954472,-0.179504,-0.047718,0.233421,0.793664,-0.168831,-0.139474,0.567574,0.955486,-0.174025,-0.049057,0.233143,0.954472,-0.179504,-0.047718,0.233421,1.000000,
0.954472,-0.179504,-0.047718,0.233421,0.793664,-0.168831,-0.139474,0.567574,0.953698,-0.183571,-0.046723,0.233622,0.954472,-0.179504,-0.047718,0.233421,1.000000,
0.954472,-0.179504,-0.047718,0.233421,0.793664,-0.168831,-0.139474,0.567574,0.955486,-0.174025,-0.049057,0.233143,0.954472,-0.179504,-0.047718,0.233421,1.000000,
0.954472,-0.179504,-0.047718,0.233421,0.793664,-0.168831,-0.139474,0.567574,0.953698,-0.183571,-0.046723,0.233622,0.954472,-0.179504,-0.047718,0.233421,1.000000,
0.954472,-0.179504,-0.047718,0.233421,0.793664,-0.168831,-0.139474,0.567574,0.955486,-0.174025,-0.049057,0.233143,0.954472,-0.179504,-0.047718,0.233421,1.000000,
0.954472,-0.179504,-0.047718,0.233421,0.793664,-0.168831,-0.139474,0.567574,0.953698,-0.183571,-0.046723,0.233622,0.954472,-0.179504,-0.047718,0.233421,1.000000,
0.954472,-0.179504,-0.047718,0.233421,0.793664,-0.168831,-0.139474,0.567574,0.955486,-0.174025,-0.049057,0.233143,0.954472,-0.179504,-0.047718,0.233421,1.000000,
0.954472,-0.179504,-0.047718,0.233421,0.793664,-0.168831,-0.139474,0.567574,0.953698,-0.183571,-0.046723,0.233622,0.954472,-0.179504,-0.047718,0.233421,1.000000,
0.954472,-0.179504,-0.047718,0.233421,0.793664,-0.168831,-0.139474,0.567574,0.955486,-0.174025,-0.049057,0.233143,0.954472,-0.179504,-0.047718,0.233421,1.000000,
0.954472,-0.179504,-0.047718,0.233421,0.793664,-0.168831,-0.139474,0.567574,0.953698,-0.183571,-0.046723,0.233622,0.954472,-0.179504,-0.047718,0.233421,1.000000,
0.954472,-0.179504,-0.047718,0.233421,0.793664,-0.168831,-0.139474,0.567574,0.955486,-0.174025,-0.049056,0.233143,0.954472,-0.179504,-0.047718,0.233421,1.000000,
0.954472,-0.179504,-0.047718,0.233421,0.793664,-0.168831,-0.139474,0.567574,0.953698,-0.183571,-0.046723,0.233622,0.954472,-0.179504,-0.047718,0.233421,1.000000,
0.954472,-0.179504,-0.047718,0.233421,0.793664,-0.168831,-0.139474,0.567574,0.955486,-0.174025,-0.049056,0.233143,0.954472,-0.179504,-0.047718,0.233421,1.000000,
0.954472,-0.179504,-0.047718,0.233421,0.793664,-0.168831,-0.139474,0.567574,0.953698,-0.183571,-0.046723,0.233622,0.954472,-0.179504,-0.047718,0.233421,1.000000,
0.954472,-0.179504,-0.047718,0.233421,0.793664,-0.168831,-0.139474,0.567574,0.955486,-0.174025,-0.049056,0.233143,0.954472,-0.179504,-0.047718,0.233421,1.000000,
0.954472,-0.179504,-0.047718,0.233421,0.793664,-0.168831,-0.139474,0.567574,0.953698,-0.183571,-0.046723,0.233622,0.954472,-0.179504,-0.047718,0.233421,1.000000,
0.954472,-0.179504,-0.047718,0.233421,0.793664,-0.168831,-0.139474,0.567574,0.955486,-0.174025,-0.049056,0.233143,0.954472,-0.179504,-0.047718,0.233421,1.000000,
0.954472,-0.179504,-0.047718,0.233421,0.793664,-0.168831,-0.139474,0.567574,0.953698,-0.183571,-0.046723,0.233622,0.954472,-0.179504,-0.047718,0.233421,1.000000,
0.954472,-0.179504,-0.047718,0.233421,0.793664,-0.168831,-0.139474,0.567574,0.955486,-0.174025,-0.049056,0.233143,0.954472,-0.179504,-0.047718,0.233421,1.000000,
0.954472,-0.179504,-0.047718,0.233421,0.793664,-0.168831,-0.139474,0.567574,0.953698,-0.183571,-0.046723,0.233622,0.954472,-0.179504,-0.047718,0.233421,1.000000,
0.954472,-0.179504,-0.047718,0.233421,0.793664,-0.168831,-0.139474,0.567574,0.955486,-0.174025,-0.049056,0.233143,0.954472,-0.179504,-0.047718,0.233421,1.000000,
0.954472,-0.179504,-0.047718,0.233421,0.793664,-0.168831,-0.139474,0.567574,0.953698,-0.183571,-0.046723,0.233622,0.954472,-0.179504,-0.047718,0.233421,1.000000,
0.954472,-0.179504,-0.047718,0.233421,0.793664,-0.168831,-0.139474,0.567574,0.955486,-0.174025,-0.049056,0.233143,0.954472,-0.179504,-0.047718,0.233421,1.000000,
0.954472,-0.179504,-0.047718,0.233421,0.793664,-0.168831,-0.139474,0.567574,0.953698,-0.183571,-0.046723,0.233622,0.954472,-0.179504,-0.047718,0.233421,1.000000,
0.954472,-0.179504,-0.047718,0.233421,0.793664,-0.168831,-0.139474,0.567574,0.955486,-0.174025,-0.049056,0.233143,0.954472,-0.179504,-0.047718,0.233421,1.000000,
0.954472,-0.179504,-0.047718,0.233421,0.793664,-0.168831,-0.139474,0.567574,0.953698,-0.183571,-0.046723,0.233622,0.954472,-0.179504,-0.047718,0.233421,1.000000,
0.954472,-0.179504,-0.047718,0.233421,0.793664,-0.168831,-0.139474,0.567574,0.955486,-0.174025,-0.049056,0.233143,0.954472,-0.179504,-0.047718,0.233421,1.000000,
0.954472,-0.179504,-0.047718,0.233421,0.793664,-0.168831,-0.139474,0.567574,0.953698,-0.183572,-0.046722,0.233622,0.954472,-0.179504,-0.047718,0.233421,1.000000,
0.954472,-0.179504,-0.047718,0.233421,0.793664,-0.168831,-0.139474,0.567574,0.955486,-0.174026,-0.049056,0.233143,0.954472,-0.179504,-0.047718,0.233421,1.000000,
0.954472,-0.179504,-0.047718,0.233421,0.793664,-0.168831,-0.139474,0.567574,0.953698,-0.183572,-0.046722,0.233622,0.954472,-0.179504,-0.047718,0.233421,1.000000,
0.954472,-0.179504,-0.047718,0.233421,0.793664,-0.168831,-0.139474,0.567574,0.955486,-0.174026,-0.049056,0.233143,0.954472,-0.179504,-0.047718,0.233421,1.000000,
0.954472,-0.179504,-0.047718,0.233421,0.793664,-0.168831,-0.139474,0.567574,0.953698,-0.183572,-0.046722,0.233622,0.954472,-0.179504,-0.047718,0.233421,1.000000,
0.954472,-0.179504,-0.047718,0.233421,0.793664,-0.168831,-0.139474,0.567574,0.955486,-0.174026,-0.049056,0.233143,0.954472,-0.179504,-0.047718,0.233421,1.000000,
0.954472,-0.179504,-0.047718,0.233421,0.793664,-0.168831,-0.139474,0.567574,0.953698,-0.183572,-0.046722,0.233622,0.954472,-0.179504,-0.047718,0.233421,1.000000,
0.954472,-0.179504,-0.047718,0.233421,0.793664,-0.168831,-0.139474,0.567574,0.955486,-0.174026,-0.049056,0.233143,0.954472,-0.179504,-0.047718,0.233421,1.000000,
0.954472,-0.179504,-0.047718,0.233421,0.793664,-0.168831,-0.139474,0.567574,0.953698,-0.183572,-0.046722,0.233622,0.954472,-0.179504,-0.047718,0.233421,1.000000,
0.954472,-0.179504,-0.047718,0.233421,0.793664,-0.168831,-0.139474,0.567574,0.955486,-0.174026,-0.049056,0.233143,0.954472,-0.179504,-0.047718,0.233421,1.000000,
0.954472,-0.179504,-0.047718,0.233421,0.793664,-0.168831,-0.139474,0.567574,0.953698,-0.183572,-0.046722,0.233622,0.954472,-0.179504,-0.047718,0.233421,1.000000,
0.954472,-0.179504,-0.047718,0.233421,0.793664,-0.168831,-0.139474,0.567574,0.955486,-0.174026,-0.049056,0.233143,0.954472,-0.179504,-0.047718,0.233421,1.000000,
0.954472,-0.179504,-0.047718,0.233421,0.793664,-0.168831,-0.139474,0.567574,0.953698,-0.183572,-0.046722,0.233622,0.954472,-0.179504,-0.047718,0.233421,1.000000,
0.954472,-0.179504,-0.047718,0.233421,0.793664,-0.168831,-0.139474,0.567574,0.955486,-0.174026,-0.049056,0.233143,0.954472,-0.179504,-0.047718,0.233421,1.000000,
0.954472,-0.179504,-0.047718,0.233421,0.793664,-0.168831,-0.139474,0.567574,0.953698,-0.183572,-0.046722,0.233622,0.954472,-0.179504,-0.047718,0.233421,1.000000,
0.954472,-0.179504,-0.047718,0.233421,0.793664,-0.168831,-0.139474,0.567574,0.955486,-0.174026,-0.049056,0.233143,0.954472,-0.179504,-0.047718,0.233421,1.000000,
0.954472,-0.179504,-0.047718,0.233421,0.793664,-0.168831,-0.139474,0.567574,0.953698,-0.183572,-0.046722,0.233622,0.954472,-0.179504,-0.047718,0.233421,1.000000,
0.954472,-0.179504,-0.047718,0.233421,0.793664,-0.168831,-0.139474,0.567574,0.955486,-0.174026,-0.049056,0.233143,0.954472,-0.179504,-0.047718,0.233421,1.000000,
0.954472,-0.179504,-0.047718,0.233421,0.793664,-0.168831,-0.139474,0.567574,0.953698,-0.183572,-0.046722,0.233622,0.954472,-0.179504,-0.047718,0.233421,1.000000,
0.954472,-0.179504,-0.047718,0.233421,0.793664,-0.168831,-0.139474,0.567574,0.955486,-0.174026,-0.049056,0.233143,0.954472,-0.179504,-0.047718,0.233421,1.000000,
0.954472,-0.179504,-0.047718,0.233421,0.793664,-0.168831,-0.139474,0.567574,0.953698,-0.183572,-0.046722,0.233622,0.954472,-0.179504,-0.047718,0.233421,1.000000,
0.954472,-0.179504,-0.047718,0.233421,0.793664,-0.168831,-0.139474,0.567574,0.955486,-0.174026,-0.049056,0.233143,0.954472,-0.179504,-0.047718,0.233421,1.000000,
0.954472,-0.179504,-0.047718,0.233421,0.793664,-0.168831,-0.139474,0.567574,0.953698,-0.183572,-0.046722,0.233622,0.954472,-0.179504,-0.047718,0.233421,1.000000,
0.954472,-0.179504,-0.047718,0.233421,0.793664,-0.168831,-0.139474,0.567574,0.955486,-0.174026,-0.049056,0.233143,0.954472,-0.179504,-0.047718,0.233421,1.000000,
0.954472,-0.179504,-0.047718,0.233421,0.793664,-0.168831,-0.139474,0.567574,0.953698,-0.183572,-0.046722,0.233622,0.954472,-0.179504,-0.047718,0.233421,1.000000,
0.954472,-0.179504,-0.047718,0.233421,0.793664,-0.168831,-0.139474,0.567574,0.955486,-0.174026,-0.049056,0.233143,0.954472,-0.179504,-0.047718,0.233421,1.000000,
0.954472,-0.179504,-0.047718,0.233421,0.793664,-0.168831,-0.139474,0.567574,0.953697,-0.183572,-0.046722,0.233622,0.954472,-0.179504,-0.047718,0.233421,1.000000,
0.954472,-0.179504,-0.047718,0.233421,0.793664,-0.168831,-0.139474,0.567574,0.955485,-0.174026,-0.049056,0.233143,0.954472,-0.179504,-0.047718,0.233421,1.000000,
0.954472,-0.179504,-0.047718,0.233421,0.793664,-0.168831,-0.139474,0.567574,0.953697,-0.183573,-0.046722,0.233622,0.954472,-0.179504,-0.047718,0.233421,1.000000,
0.954472,-0.179504,-0.047718,0.233421,0.793664,-0.168831,-0.139474,0.567574,0.955485,-0.174027,-0.049056,0.233143,0.954472,-0.179504,-0.047718,0.233421,1.000000,
0.954472,-0.179504,-0.047718,0.233421,0.793664,-0.168831,-0.139474,0.567574,0.953697,-0.183573,-0.046722,0.233622,0.954472,-0.179504,-0.047718,0.233421,1.000000,
0.954472,-0.179504,-0.047718,0.233421,0.793664,-0.168831,-0.139474,0.567574,0.955485,-0.174027,-0.049056,0.233143,0.954472,-0.179504,-0.047718,0.233421,1.000000,
0.954472,-0.179504,-0.047718,0.233421,0.793664,-0.168831,-0.139474,0.567574,0.953697,-0.183573,-0.046722,0.233622,0.954472,-0.179504,-0.047718,0.233421,1.000000,
0.954472,-0.179504,-0.047718,0.233421,0.793664,-0.168831,-0.139474,0.567574,0.955485,-0.174027,-0.049056,0.233143,0.954472,-0.179504,-0.047718,0.233421,1.000000,
0.954472,-0.179504,-0.047718,0.233421,0.793664,-0.168831,-0.139474,0.567574,0.953697,-0.183573,-0.046722,0.233622,0.954472,-0.179504,-0.047718,0.233421,1.000000,
0.954472,-0.179504,-0.047718,0.233421,0.793664,-0.168831,-0.139474,0.567574,0.955485,-0.174027,-0.049056,0.233143,0.954472,-0.179504,-0.047718,0.233421,1.000000,
0.954472,-0.179504,-0.047718,0.233421,0.793664,-0.168831,-0.139474,0.567574,0.953697,-0.183573,-0.046722,0.233622,0.954472,-0.179504,-0.047718,0.233421,1.000000,
0.954472,-0.179504,-0.047718,0.233421,0.793664,-0.168831,-0.139474,0.567574,0.955485,-0.174027,-0.049056,0.233143,0.954472,-0.179504,-0.047718,0.233421,1.000000,
0.954472,-0.179504,-0.047718,0.233421,0.793664,-0.168831,-0.139474,0.567574,0.953697,-0.183573,-0.046722,0.233622,0.954472,-0.179504,-0.047718,0.233421,1.000000,
0.954472,-0.179504,-0.047718,0.233421,0.793664,-0.168831,-0.139474,0.567574,0.955485,-0.174027,-0.049056,0.233143,0.954472,-0.179504,-0.047718,0.233421,1.000000,
0.954472,-0.179504,-0.047718,0.233421,0.793664,-0.168831,-0.139474,0.567574,0.953697,-0.183573,-0.046722,0.233622,0.954472,-0.179504,-0.047718,0.233421,1.000000,
0.954472,-0.179504,-0.047718,0.233421,0.793664,-0.168831,-0.139474,0.567574,0.955485,-0.174027,-0.049056,0.233143,0.954472,-0.179504,-0.047718,0.233421,1.000000,
0.954472,-0.179504,-0.047718,0.233421,0.793664,-0.168831,-0.139474,0.567574,0.953697,-0.183573,-0.046722,0.233622,0.954472,-0.179504,-0.047718,0.233421,1.000000,
0.954472,-0.179504,-0.047718,0.233421,0.793664,-0.168831,-0.139474,0.567574,0.955485,-0.174027,-0.049056,0.233143,0.954472,-0.179504,-0.047718,0.233421,1.000000,
0.954472,-0.179504,-0.047718,0.233421,0.793664,-0.168831,-0.139474,0.567574,0.953697,-0.183573,-0.046722,0.233622,0.954472,-0.179504,-0.047718,0.233421,1.000000,
0.954472,-0.179504,-0.047718,0.233421,0.793664,-0.168831,-0.139474,0.567574,0.955485,-0.174027,-0.049056,0.233143,0.954472,-0.179504,-0.047718,0.233421,1.000000,
0.954472,-0.179504,-0.047718,0.233421,0.793664,-0.168831,-0.139474,0.567574,0.953697,-0.183573,-0.046722,0.233622,0.954472,-0.179504,-0.047718,0.233421,1.000000,
0.954472,-0.179504,-0.047718,0.233421,0.793664,-0.168831,-0.139474,0.567574,0.955485,-0.174027,-0.049056,0.233143,0.954472,-0.179504,-0.047718,0.233421,1.000000,
0.954472,-0.179504,-0.047718,0.233421,0.793664,-0.168831,-0.139474,0.567574,0.953697,-0.183573,-0.046722,0.233622,0.954472,-0.179504,-0.047718,0.233421,1.000000,
0.954472,-0.179504,-0.047718,0.233421,0.793664,-0.168831,-0.139474,0.567574,0.955485,-0.174027,-0.049056,0.233143,0.954472,-0.179504,-0.047718,0.233421,1.000000,
0.954472,-0.179504,-0.047718,0.233421,0.793664,-0.168831,-0.139474,0.567574,0.953697,-0.183573,-0.046722,0.233622,0.954472,-0.179504,-0.047718,0.233421,1.000000,
0.954472,-0.179504,-0.047718,0.233421,0.793664,-0.168831,-0.139474,0.567574,0.955485,-0.174027,-0.049056,0.233143,0.954472,-0.179504,-0.047718,0.233421,1.000000,
0.954472,-0.179504,-0.047718,0.233421,0.793664,-0.168831,-0.139474,0.567574,0.953697,-0.183573,-0.046722,0.233622,0.954472,-0.179504,-0.047718,0.233421,1.000000,
0.954472,-0.179504,-0.047718,0.233421,0.793664,-0.168831,-0.139474,0.567574,0.955485,-0.174027,-0.049056,0.233143,0.954472,-0.179504,-0.047718,0.233421,1.000000,
0.954472,-0.179504,-0.047718,0.233421,0.793664,-0.168831,-0.139474,0.567574,0.953697,-0.183573,-0.046722,0.233622,0.954472,-0.179504,-0.047718,0.233421,1.000000,
0.954472,-0.179504,-0.047718,0.233421,0.793664,-0.168831,-0.139474,0.567574,0.955485,-0.174027,-0.049056,0.233143,0.954472,-0.179504,-0.047718,0.233421,1.000000,
0.954472,-0.179504,-0.047718,0.233421,0.793664,-0.168831,-0.139474,0.567574,0.953697,-0.183573,-0.046722,0.233622,0.954472,-0.179504,-0.047718,0.233421,1.000000,
0.954472,-0.179504,-0.047718,0.233421,0.793664,-0.168831,-0.139474,0.567574,0.955485,-0.174027,-0.049056,0.233143,0.954472,-0.179504,-0.047718,0.233421,1.000000,
0.954472,-0.179504,-0.047718,0.233421,0.793664,-0.168831,-0.139474,0.567574,0.953697,-0.183574,-0.046722,0.233622,0.954472,-0.179504,-0.047718,0.233421,1.000000,
0.954472,-0.179504,-0.047718,0.233421,0.793664,-0.168831,-0.139474,0.567574,0.955485,-0.174028,-0.049056,0.233143,0.954472,-0.179504,-0.047718,0.233421,1.000000,
0.954472,-0.179504,-0.047718,0.233421,0.793664,-0.168831,-0.139474,0.567574,0.953697,-0.183574,-0.046722,0.233622,0.954472,-0.179504,-0.047718,0.233421,1.000000,
0.954472,-0.179504,-0.047718,0.233421,0.793664,-0.168831,-0.139474,0.567574,0.955485,-0.174028,-0.049056,0.233143,0.954472,-0.179504,-0.047718,0.233421,1.000000,
0.954472,-0.179504,-0.047718,0.233421,0.793664,-0.168831,-0.139474,0.567574,0.953697,-0.183574,-0.046722,0.233622,0.954472,-0.179504,-0.047718,0.233421,1.000000,
0.954472,-0.179504,-0.047718,0.233421,0.793664,-0.168831,-0.139474,0.567574,0.955485,-0.174028,-0.049056,0.233143,0.954472,-0.179504,-0.047718,0.233421,1.000000,
0.954472,-0.179504,-0.047718,0.233421,0.793664,-0.168831,-0.139474,0.567574,0.953697,-0.183574,-0.046722,0.233622,0.954472,-0.179504,-0.047718,0.233421,1.000000,
0.954472,-0.179504,-0.047718,0.233421,0.793664,-0.168831,-0.139474,0.567574,0.955485,-0.174028,-0.049056,0.233143,0.954472,-0.179504,-0.047718,0.233421,1.000000,
0.954472,-0.179504,-0.047718,0.233421,0.793664,-0.168831,-0.139474,0.567574,0.953697,-0.183574,-0.046722,0.233622,0.954472,-0.179504,-0.047718,0.233421,1.000000,
0.954472,-0.179504,-0.047718,0.233421,0.793664,-0.168831,-0.139474,0.567574,0.955485,-0.174028,-0.049056,0.233143,0.954472,-0.179504,-0.047718,0.233421,1.000000,
0.954472,-0.179504,-0.047718,0.233421,0.793664,-0.168831,-0.139474,0.567574,0.953697,-0.183574,-0.046722,0.233622,0.954472,-0.179504,-0.047718,0.233421,1.000000,
0.954472,-0.179504,-0.047718,0.233421,0.793664,-0.168831,-0.139474,0.567574,0.955485,-0.174028,-0.049056,0.233143,0.954472,-0.179504,-0.047718,0.233421,1.000000,
0.954472,-0.179504,-0.047718,0.233421,0.793664,-0.168831,-0.139474,0.567574,0.953697,-0.183574,-0.046722,0.233622,0.954472,-0.179504,-0.047718,0.233421,1.000000,
0.954472,-0.179504,-0.047718,0.233421,0.793664,-0.168831,-0.139474,0.567574,0.955485,-0.174028,-0.049056,0.233143,0.954472,-0.179504,-0.047718,0.233421,1.000000,
0.954472,-0.179504,-0.047718,0.233421,0.793664,-0.168831,-0.139474,0.567574,0.953697,-0.183574,-0.046722,0.233622,0.954472,-0.179504,-0.047718,0.233421,1.000000,
0.954472,-0.179504,-0.047718,0.233421,0.793664,-0.168831,-0.139474,0.567574,0.955485,-0.174028,-0.049056,0.233143,0.954472,-0.179504,-0.047718,0.233421,1.000000,
0.954472,-0.179504,-0.047718,0.233421,0.793664,-0.168831,-0.139474,0.567574,0.953697,-0.183574,-0.046722,0.233622,0.954472,-0.179504,-0.047718,0.233421,1.000000,
0.954472,-0.179504,-0.047718,0.233421,0.793664,-0.168831,-0.139474,0.567574,0.955485,-0.174028,-0.049056,0.233143,0.954472,-0.179504,-0.047718,0.233421,1.000000,
0.954472,-0.179504,-0.047718,0.233421,0.793664,-0.168831,-0.139474,0.567574,0.953697,-0.183574,-0.046722,0.233622,0.954472,-0.179504,-0.047718,0.233421,1.000000,
0.954472,-0.179504,-0.047718,0.233421,0.793664,-0.168831,-0.139474,0.567574,0.955485,-0.174028,-0.049056,0.233143,0.954472,-0.179504,-0.047718,0.233421,1.000000,
0.954472,-0.179504,-0.047718,0.233421,0.793664,-0.168831,-0.139474,0.567574,0.953697,-0.183574,-0.046722,0.233622,0.954472,-0.179504,-0.047718,0.233421,1.000000,
0.954472,-0.179504,-0.047718,0.233421,0.793664,-0.168831,-0.139474,0.567574,0.955485,-0.174028,-0.049056,0.233143,0.954472,-0.179504,-0.047718,0.233421,1.000000,
0.954472,-0.179504,-0.047718,0.233421,0.793664,-0.168831,-0.139474,0.567574,0.953697,-0.183574,-0.046722,0.233622,0.954472,-0.179504,-0.047718,0.233421,1.000000,
0.954472,-0.179504,-0.047718,0.233421,0.793664,-0.168831,-0.139474,0.567574,0.955485,-0.174028,-0.049056,0.233143,0.954472,-0.179504,-0.047718,0.233421,1.000000,
0.954472,-0.179504,-0.047718,0.233421,0.793664,-0.168831,-0.139474,0.567574,0.953697,-0.183574,-0.046722,0.233622,0.954472,-0.179504,-0.047718,0.233421,1.000000,
0.954472,-0.179504,-0.047718,0.233421,0.793664,-0.168831,-0.139474,0.567574,0.955485,-0.174028,-0.049056,0.233143,0.954472,-0.179504,-0.047718,0.233421,1.000000,
0.954472,-0.179504,-0.047718,0.233421,0.793664,-0.168831,-0.139474,0.567574,0.953697,-0.183574,-0.046722,0.233622,0.954472,-0.179504,-0.047718,0.233421,1.000000,
0.954472,-0.179504,-0.047718,0.233421,0.793664,-0.168831,-0.139474,0.567574,0.955485,-0.174028,-0.049056,0.233143,0.954472,-0.179504,-0.047718,0.233421,1.000000,
0.954472,-0.179504,-0.047718,0.233421,0.793664,-0.168831,-0.139474,0.567574,0.953697,-0.183575,-0.046722,0.233622,0.954472,-0.179504,-0.047718,0.233421,1.000000,
0.954472,-0.179504,-0.047718,0.233421,0.793664,-0.168831,-0.139474,0.567574,0.955485,-0.174029,-0.049056,0.233143,0.954472,-0.179504,-0.047718,0.233421,1.000000,
0.954472,-0.179504,-0.047718,0.233421,0.793664,-0.168831,-0.139474,0.567574,0.953697,-0.183575,-0.046722,0.233622,0.954472,-0.179504,-0.047718,0.233421,1.000000,
0.954472,-0.179504,-0.047718,0.233421,0.793664,-0.168831,-0.139474,0.567574,0.955485,-0.174029,-0.049056,0.233143,0.954472,-0.179504,-0.047718,0.233421,1.000000,
0.954472,-0.179504,-0.047718,0.233421,0.793664,-0.168831,-0.139474,0.567574,0.953697,-0.183575,-0.046722,0.233622,0.954472,-0.179504,-0.047718,0.233421,1.000000,
0.954472,-0.179504,-0.047718,0.233421,0.793664,-0.168831,-0.139474,0.567574,0.955485,-0.174029,-0.049056,0.233143,0.954472,-0.179504,-0.047718,0.233421,1.000000,
0.954472,-0.179504,-0.047718,0.233421,0.793664,-0.168831,-0.139474,0.567574,0.953697,-0.183575,-0.046722,0.233622,0.954472,-0.179504,-0.047718,0.233421,1.000000,
0.954472,-0.179504,-0.047718,0.233421,0.793664,-0.168831,-0.139474,0.567574,0.955485,-0.174029,-0.049056,0.233143,0.954472,-0.179504,-0.047718,0.233421,1.000000,
0.954472,-0.179504,-0.047718,0.233421,0.793664,-0.168831,-0.139474,0.567574,0.953697,-0.183575,-0.046722,0.233622,0.954472,-0.179504,-0.047718,0.233421,1.000000,
0.954472,-0.179504,-0.047718,0.233421,0.793664,-0.168831,-0.139474,0.567574,0.955485,-0.174029,-0.049056,0.233143,0.954472,-0.179504,-0.047718,0.233421,1.000000,
0.954472,-0.179504,-0.047718,0.233421,0.793664,-0.168831,-0.139474,0.567574,0.953697,-0.183575,-0.046722,0.233622,0.954472,-0.179504,-0.047718,0.233421,1.000000,
0.954472,-0.179504,-0.047718,0.233421,0.793664,-0.168831,-0.139474,0.567574,0.955485,-0.174029,-0.049056,0.233143,0.954472,-0.179504,-0.047718,0.233421,1.000000,
0.954472,-0.179504,-0.047718,0.233421,0.793664,-0.168831,-0.139474,0.567574,0.953697,-0.183575,-0.046722,0.233622,0.954472,-0.179504,-0.047718,0.233421,1.000000,
0.954472,-0.179504,-0.047718,0.233421,0.793664,-0.168831,-0.139474,0.567574,0.955485,-0.174029,-0.049055,0.233143,0.954472,-0.179504,-0.047718,0.233421,1.000000,
0.954472,-0.179504,-0.047718,0.233421,0.793664,-0.168831,-0.139474,0.567574,0.953697,-0.183575,-0.046722,0.233622,0.954472,-0.179504,-0.047718,0.233421,1.000000,
0.954472,-0.179504,-0.047718,0.233421,0.793664,-0.168831,-0.139474,0.567574,0.955485,-0.174029,-0.049055,0.233143,0.954472,-0.179504,-0.047718,0.233421,1.000000,
0.954472,-0.179504,-0.047718,0.233421,0.793664,-0.168831,-0.139474,0.567574,0.953697,-0.183575,-0.046722,0.233622,0.954472,-0.179504,-0.047718,0.233421,1.000000,
0.954472,-0.179504,-0.047718,0.233421,0.793664,-0.168831,-0.139474,0.567574,0.955485,-0.174029,-0.049055,0.233143,0.954472,-0.179504,-0.047718,0.233421,1.000000,
0.954472,-0.179504,-0.047718,0.233421,0.793664,-0.168831,-0.139474,0.567574,0.953697,-0.183575,-0.046722,0.233622,0.954472,-0.179504,-0.047718,0.233421,1.000000,
0.954472,-0.179504,-0.047718,0.233421,0.793664,-0.168831,-0.139474,0.567574,0.955485,-0.174029,-0.049055,0.233143,0.954472,-0.179504,-0.047718,0.233421,1.000000,
0.954472,-0.179504,-0.047718,0.233421,0.793664,-0.168831,-0.139474,0.567574,0.953697,-0.183575,-0.046722,0.233622,0.954472,-0.179504,-0.047718,0.233421,1.000000,
0.954472,-0.179504,-0.047718,0.233421,0.793664,-0.168831,-0.139474,0.567574,0.955485,-0.174029,-0.049055,0.233143,0.954472,-0.179504,-0.047718,0.233421,1.000000,
0.954472,-0.179504,-0.047718,0.233421,0.793664,-0.168831,-0.139474,0.567574,0.953697,-0.183575,-0.046722,0.233622,0.954472,-0.179504,-0.047718,0.233421,1.000000,
0.954472,-0.179504,-0.047718,0.233421,0.793664,-0.168831,-0.139474,0.567574,0.955485,-0.174029,-0.049055,0.233143,0.954472,-0.179504,-0.047718,0.233421,1.000000,
0.954472,-0.179504,-0.047718,0.233421,0.793664,-0.168831,-0.139474,0.567574,0.953697,-0.183575,-0.046722,0.233622,0.954472,-0.179504,-0.047718,0.233421,1.000000,
0.954472,-0.179504,-0.047718,0.233421,0.793664,-0.168831,-0.139474,0.567574,0.955485,-0.174029,-0.049055,0.233143,0.954472,-0.179504,-0.047718,0.233421,1.000000,
0.954472,-0.179504,-0.047718,0.233421,0.793664,-0.168831,-0.139474,0.567574,0.953697,-0.183575,-0.046722,0.233622,0.954472,-0.179504,-0.047718,0.233421,1.000000,
0.954472,-0.179504,-0.047718,0.233421,0.793664,-0.168831,-0.139474,0.567574,0.955485,-0.174029,-0.049055,0.233143,0.954472,-0.179504,-0.047718,0.233421,1.000000,
0.954472,-0.179504,-0.047718,0.233421,0.793664,-0.168831,-0.139474,0.567574,0.953697,-0.183576,-0.046722,0.233622,0.954472,-0.179504,-0.047718,0.233421,1.000000,
0.954472,-0.179504,-0.047718,0.233421,0.793664,-0.168831,-0.139474,0.567574,0.955485,-0.174030,-0.049055,0.233143,0.954472,-0.179504,-0.047718,0.233421,1.000000,
0.954472,-0.179504,-0.047718,0.233421,0.793664,-0.168831,-0.139474,0.567574,0.953697,-0.183576,-0.046721,0.233622,0.954472,-0.179504,-0.047718,0.233421,1.000000,
0.954472,-0.179504,-0.047718,0.233421,0.793664,-0.168831,-0.139474,0.567574,0.955485,-0.174030,-0.049055,0.233143,0.954472,-0.179504,-0.047718,0.233421,1.000000,
0.954472,-0.179504,-0.047718,0.233421,0.793664,-0.168831,-0.139474,0.567574,0.953697,-0.183576,-0.046721,0.233622,0.954472,-0.179504,-0.047718,0.233421,1.000000,
0.954472,-0.179504,-0.047718,0.233421,0.793664,-0.168831,-0.139474,0.567574,0.955485,-0.174030,-0.049055,0.233143,0.954472,-0.179504,-0.047718,0.233421,1.000000,
0.954472,-0.179504,-0.047718,0.233421,0.793664,-0.168831,-0.139474,0.567574,0.953697,-0.183576,-0.046721,0.233622,0.954472,-0.179504,-0.047718,0.233421,1.000000,
0.954472,-0.179504,-0.047718,0.233421,0.793664,-0.168831,-0.139474,0.567574,0.955485,-0.174030,-0.049055,0.233143,0.954472,-0.179504,-0.047718,0.233421,1.000000,
0.954472,-0.179504,-0.047718,0.233421,0.793664,-0.168831,-0.139474,0.567574,0.953697,-0.183576,-0.046721,0.233622,0.954472,-0.179504,-0.047718,0.233421,1.000000,
0.954472,-0.179504,-0.047718,0.233421,0.793664,-0.168831,-0.139474,0.567574,0.955485,-0.174030,-0.049055,0.233143,0.954472,-0.179504,-0.047718,0.233421,1.000000,
0.954472,-0.179504,-0.047718,0.233421,0.793664,-0.168831,-0.139474,0.567574,0.953697,-0.183576,-0.046721,0.233622,0.954472,-0.179504,-0.047718,0.233421,1.000000,
0.954472,-0.179504,-0.047718,0.233421,0.793664,-0.168831,-0.139474,0.567574,0.955485,-0.174030,-0.049055,0.233143,0.954472,-0.179504,-0.047718,0.233421,1.000000,
0.954472,-0.179504,-0.047718,0.233421,0.793664,-0.168831,-0.139474,0.567574,0.953697,-0.183576,-0.046721,0.233622,0.954472,-0.179504,-0.047718,0.233421,1.000000,
0.954472,-0.179504,-0.047718,0.233421,0.793664,-0.168831,-0.139474,0.567574,0.955485,-0.174030,-0.049055,0.233143,0.954472,-0.179504,-0.047718,0.233421,1.000000,
0.954472,-0.179504,-0.047718,0.233421,0.793664,-0.168831,-0.139474,0.567574,0.953697,-0.183576,-0.046721,0.233622,0.954472,-0.179504,-0.047718,0.233421,1.000000,
0.954472,-0.179504,-0.047718,0.233421,0.793664,-0.168831,-0.139474,0.567574,0.955485,-0.174030,-0.049055,0.233143,0.954472,-0.179504,-0.047718,0.233421,1.000000,
0.954472,-0.179504,-0.047718,0.233421,0.793664,-0.168831,-0.139474,0.567574,0.953697,-0.183576,-0.046721,0.233622,0.954472,-0.179504,-0.047718,0.233421,1.000000,
0.954472,-0.179504,-0.047718,0.233421,0.793664,-0.168831,-0.139474,0.567574,0.955485,-0.174030,-0.049055,0.233143,0.954472,-0.179504,-0.047718,0.233421,1.000000,
0.954472,-0.179504,-0.047718,0.233421,0.793664,-0.168831,-0.139474,0.567574,0.953697,-0.183576,-0.046721,0.233622,0.954472,-0.179504,-0.047718,0.233421,1.000000,
0.954472,-0.179504,-0.047718,0.233421,0.793664,-0.168831,-0.139474,0.567574,0.955485,-0.174030,-0.049055,0.233143,0.954472,-0.179504,-0.047718,0.233421,1.000000,
0.954472,-0.179504,-0.047718,0.233421,0.793664,-0.168831,-0.139474,0.567574,0.953697,-0.183576,-0.046721,0.233622,0.954472,-0.179504,-0.047718,0.233421,1.000000,
0.954472,-0.179504,-0.047718,0.233421,0.793664,-0.168831,-0.139474,0.567574,0.955485,-0.174030,-0.049055,0.233143,0.954472,-0.179504,-0.047718,0.233421,1.000000,
0.954472,-0.179504,-0.047718,0.233421,0.793664,-0.168831,-0.139474,0.567574,0.953697,-0.183576,-0.046721,0.233622,0.954472,-0.179504,-0.047718,0.233421,1.000000,
0.954472,-0.179504,-0.047718,0.233421,0.793664,-0.168831,-0.139474,0.567574,0.955485,-0.174030,-0.049055,0.233143,0.954472,-0.179504,-0.047718,0.233421,1.000000,
0.954472,-0.179504,-0.047718,0.233421,0.793664,-0.168831,-0.139474,0.567574,0.953697,-0.183576,-0.046721,0.233622,0.954472,-0.179504,-0.047718,0.233421,1.000000,
0.954472,-0.179504,-0.047718,0.233421,0.793664,-0.168831,-0.139474,0.567574,0.955485,-0.174030,-0.049055,0.233143,0.954472,-0.179504,-0.047718,0.233421,1.000000,
0.954472,-0.179504,-0.047718,0.233421,0.793664,-0.168831,-0.139474,0.567574,0.953697,-0.183576,-0.046721,0.233622,0.954472,-0.179504,-0.047718,0.233421,1.000000,
0.954472,-0.179504,-0.047718,0.233421,0.793664,-0.168831,-0.139474,0.567574,0.955485,-0.174030,-0.049055,0.233143,0.954472,-0.179504,-0.047718,0.233421,1.000000,
0.954472,-0.179504,-0.047718,0.233421,0.793664,-0.168831,-0.139474,0.567574,0.953697,-0.183577,-0.046721,0.233622,0.954472,-0.179504,-0.047718,0.233421,1.000000,
0.954472,-0.179504,-0.047718,0.233421,0.793664,-0.168831,-0.139474,0.567574,0.955485,-0.174031,-0.049055,0.233143,0.954472,-0.179504,-0.047718,0.233421,1.000000,
0.954472,-0.179504,-0.047718,0.233421,0.793664,-0.168831,-0.139474,0.567574,0.953697,-0.183577,-0.046721,0.233622,0.954472,-0.179504,-0.047718,0.233421,1.000000,
0.954472,-0.179504,-0.047718,0.233421,0.793664,-0.168831,-0.139474,0.567574,0.955485,-0.174031,-0.049055,0.233143,0.954472,-0.179504,-0.047718,0.233421,1.000000,
0.954472,-0.179504,-0.047718,0.233421,0.793664,-0.168831,-0.139474,0.567574,0.953697,-0.183577,-0.046721,0.233622,0.954472,-0.179504,-0.047718,0.233421,1.000000,
0.954472,-0.179504,-0.047718,0.233421,0.793664,-0.168831,-0.139474,0.567574,0.955485,-0.174031,-0.049055,0.233143,0.954472,-0.179504,-0.047718,0.233421,1.000000,
0.954472,-0.179504,-0.047718,0.233421,0.793664,-0.168831,-0.139474,0.567574,0.953697,-0.183577,-0.046721,0.233622,0.954472,-0.179504,-0.047718,0.233421,1.000000,
0.954472,-0.179504,-0.047718,0.233421,0.793664,-0.168831,-0.139474,0.567574,0.955485,-0.174031,-0.049055,0.233143,0.954472,-0.179504,-0.047718,0.233421,1.000000,
0.954472,-0.179504,-0.047718,0.233421,0.793664,-0.168831,-0.139474,0.567574,0.953697,-0.183577,-0.046721,0.233622,0.954472,-0.179504,-0.047718,0.233421,1.000000,
0.954472,-0.179504,-0.047718,0.233421,0.793664,-0.168831,-0.139474,0.567574,0.955485,-0.174031,-0.049055,0.233143,0.954472,-0.179504,-0.047718,0.233421,1.000000,
0.954472,-0.179504,-0.047718,0.233421,0.793664,-0.168831,-0.139474,0.567574,0.953697,-0.183577,-0.046721,0.233622,0.954472,-0.179504,-0.047718,0.233421,1.000000,
0.954472,-0.179504,-0.047718,0.233421,0.793664,-0.168831,-0.139474,0.567574,0.955485,-0.174031,-0.049055,0.233143,0.954472,-0.179504,-0.047718,0.233421,1.000000,
0.954472,-0.179504,-0.047718,0.233421,0.793664,-0.168831,-0.139474,0.567574,0.953697,-0.183577,-0.046721,0.233622,0.954472,-0.179504,-0.047718,0.233421,1.000000,
0.954472,-0.179504,-0.047718,0.233421,0.793664,-0.168831,-0.139474,0.567574,0.955485,-0.174031,-0.049055,0.233143,0.954472,-0.179504,-0.047718,0.233421,1.000000,
0.954472,-0.179504,-0.047718,0.233421,0.793664,-0.168831,-0.139474,0.567574,0.953697,-0.183577,-0.046721,0.233622,0.954472,-0.179504,-0.047718,0.233421,1.000000,
0.954472,-0.179504,-0.047718,0.233421,0.793664,-0.168831,-0.139474,0.567574,0.955485,-0.174031,-0.049055,0.233143,0.954472,-0.179504,-0.047718,0.233421,1.000000,
0.954472,-0.179504,-0.047718,0.233421,0.793664,-0.168831,-0.139474,0.567574,0.953697,-0.183577,-0.046721,0.233622,0.954472,-0.179504,-0.047718,0.233421,1.000000,
0.954472,-0.179504,-0.047718,0.233421,0.793664,-0.168831,-0.139474,0.567574,0.955485,-0.174031,-0.049055,0.233143,0.954472,-0.179504,-0.047718,0.233421,1.000000,
0.954472,-0.179504,-0.047718,0.233421,0.793664,-0.168831,-0.139474,0.567574,0.953697,-0.183577,-0.046721,0.233622,0.954472,-0.179504,-0.047718,0.233421,1.000000,
0.954472,-0.179504,-0.047718,0.233421,0.793664,-0.168831,-0.139474,0.567574,0.955485,-0.174031,-0.049055,0.233143,0.954472,-0.179504,-0.047718,0.233421,1.000000,
0.954472,-0.179504,-0.047718,0.233421,0.793664,-0.168831,-0.139474,0.567574,0.953697,-0.183577,-0.046721,0.233622,0.954472,-0.179504,-0.047718,0.233421,1.000000,
0.954472,-0.179504,-0.047718,0.233421,0.793664,-0.168831,-0.139474,0.567574,0.955485,-0.174031,-0.049055,0.233143,0.954472,-0.179504,-0.047718,0.233421,1.000000,
0.954472,-0.179504,-0.047718,0.233421,0.793664,-0.168831,-0.139474,0.567574,0.953697,-0.183577,-0.046721,0.233622,0.954472,-0.179504,-0.047718,0.233421,1.000000,
0.954472,-0.179504,-0.047718,0.233421,0.793664,-0.168831,-0.139474,0.567574,0.955485,-0.174031,-0.049055,0.233143,0.954472,-0.179504,-0.047718,0.233421,1.000000,
0.954472,-0.179504,-0.047718,0.233421,0.793664,-0.168831,-0.139474,0.567574,0.953697,-0.183577,-0.046721,0.233622,0.954472,-0.179504,-0.047718,0.233421,1.000000,
0.954472,-0.179504,-0.047718,0.233421,0.793664,-0.168831,-0.139474,0.567574,0.955485,-0.174031,-0.049055,0.233143,0.954472,-0.179504,-0.047718,0.233421,1.000000,
0.954472,-0.179504,-0.047718,0.233421,0.793664,-0.168831,-0.139474,0.567574,0.953697,-0.183577,-0.046721,0.233622,0.954472,-0.179504,-0.047718,0.233421,1.000000,
0.954472,-0.179504,-0.047718,0.233421,0.793664,-0.168831,-0.139474,0.567574,0.955485,-0.174031,-0.049055,0.233143,0.954472,-0.179504,-0.047718,0.233421,1.000000,
0.954472,-0.179504,-0.047718,0.233421,0.793664,-0.168831,-0.139474,0.567574,0.953697,-0.183577,-0.046721,0.233622,0.954472,-0.179504,-0.047718,0.233421,1.000000,
0.954472,-0.179504,-0.047718,0.233421,0.793664,-0.168831,-0.139474,0.567574,0.955485,-0.174031,-0.049055,0.233143,0.954472,-0.179504,-0.047718,0.233421,1.000000,
0.954472,-0.179504,-0.047718,0.233421,0.793664,-0.168831,-0.139474,0.567574,0.953697,-0.183578,-0.046721,0.233622,0.954472,-0.179504,-0.047718,0.233421,1.000000,
0.954472,-0.179504,-0.047718,0.233421,0.793664,-0.168831,-0.139474,0.567574,0.955485,-0.174032,-0.049055,0.233143,0.954472,-0.179504,-0.047718,0.233421,1.000000,
0.954472,-0.179504,-0.047718,0.233421,0.793664,-0.168831,-0.139474,0.567574,0.953696,-0.183578,-0.046721,0.233622,0.954472,-0.179504,-0.047718,0.233421,1.000000,
0.954472,-0.179504,-0.047718,0.233421,0.793664,-0.168831,-0.139474,0.567574,0.955485,-0.174032,-0.049055,0.233143,0.954472,-0.179504,-0.047718,0.233421,1.000000,
0.954472,-0.179504,-0.047718,0.233421,0.793664,-0.168831,-0.139474,0.567574,0.953696,-0.183578,-0.046721,0.233622,0.954472,-0.179504,-0.047718,0.233421,1.000000,
0.954472,-0.179504,-0.047718,0.233421,0.793664,-0.168831,-0.139474,0.567574,0.955485,-0.174032,-0.049055,0.233143,0.954472,-0.179504,-0.047718,0.233421,1.000000,
0.954472,-0.179504,-0.047718,0.233421,0.793664,-0.168831,-0.139474,0.567574,0.953696,-0.183578,-0.046721,0.233622,0.954472,-0.179504,-0.047718,0.233421,1.000000,
0.954472,-0.179504,-0.047718,0.233421,0.793664,-0.168831,-0.139474,0.567574,0.955485,-0.174032,-0.049055,0.233143,0.954472,-0.179504,-0.047718,0.233421,1.000000,
0.954472,-0.179504,-0.047718,0.233421,0.793664,-0.168831,-0.139474,0.567574,0.953696,-0.183578,-0.046721,0.233622,0.954472,-0.179504,-0.047718,0.233421,1.000000,
0.954472,-0.179504,-0.047718,0.233421,0.793664,-0.168831,-0.139474,0.567574,0.955485,-0.174032,-0.049055,0.233143,0.954472,-0.179504,-0.047718,0.233421,1.000000,
0.954472,-0.179504,-0.047718,0.233421,0.793664,-0.168831,-0.139474,0.567574,0.953696,-0.183578,-0.046721,0.233622,0.954472,-0.179504,-0.047718,0.233421,1.000000,
0.954472,-0.179504,-0.047718,0.233421,0.793664,-0.168831,-0.139474,0.567574,0.955485,-0.174032,-0.049055,0.233143,0.954472,-0.179504,-0.047718,0.233421,1.000000,
0.954472,-0.179504,-0.047718,0.233421,0.793664,-0.168831,-0.139474,0.567574,0.953696,-0.183578,-0.046721,0.233622,0.954472,-0.179504,-0.047718,0.233421,1.000000,
0.954472,-0.179504,-0.047718,0.233421,0.793664,-0.168831,-0.139474,0.567574,0.955484,-0.174032,-0.049055,0.233143,0.954472,-0.179504,-0.047718,0.233421,1.000000,
0.954472,-0.179504,-0.047718,0.233421,0.793664,-0.168831,-0.139474,0.567574,0.953696,-0.183578,-0.046721,0.233622,0.954472,-0.179504,-0.047718,0.233421,1.000000,
0.954472,-0.179504,-0.047718,0.233421,0.793664,-0.168831,-0.139474,0.567574,0.955484,-0.174032,-0.049055,0.233143,0.954472,-0.179504,-0.047718,0.233421,1.000000,
0.954472,-0.179504,-0.047718,0.233421,0.793664,-0.168831,-0.139474,0.567574,0.953696,-0.183578,-0.046721,0.233622,0.954472,-0.179504,-0.047718,0.233421,1.000000,
0.954472,-0.179504,-0.047718,0.233421,0.793664,-0.168831,-0.139474,0.567574,0.955484,-0.174032,-0.049055,0.233144,0.954472,-0.179504,-0.047718,0.233421,1.000000,
0.954472,-0.179504,-0.047718,0.233421,0.793664,-0.168831,-0.139474,0.567574,0.953696,-0.183578,-0.046721,0.233622,0.954472,-0.179504,-0.047718,0.233421,1.000000,
0.954472,-0.179504,-0.047718,0.233421,0.793664,-0.168831,-0.139474,0.567574,0.955484,-0.174032,-0.049055,0.233144,0.954472,-0.179504,-0.047718,0.233421,1.000000,
0.954472,-0.179504,-0.047718,0.233421,0.793664,-0.168831,-0.139474,0.567574,0.953696,-0.183578,-0.046721,0.233622,0.954472,-0.179504,-0.047718,0.233421,1.000000,
0.954472,-0.179504,-0.047718,0.233421,0.793664,-0.168831,-0.139474,0.567574,0.955484,-0.174032,-0.049055,0.233144,0.954472,-0.179504,-0.047718,0.233421,1.000000,
0.954472,-0.179504,-0.047718,0.233421,0.793664,-0.168831,-0.139474,0.567574,0.953696,-0.183578,-0.046721,0.233622,0.954472,-0.179504,-0.047718,0.233421,1.000000,
0.954472,-0.179504,-0.047718,0.233421,0.793664,-0.168831,-0.139474,0.567574,0.955484,-0.174032,-0.049055,0.233144,0.954472,-0.179504,-0.047718,0.233421,1.000000,
0.954472,-0.179504,-0.047718,0.233421,0.793664,-0.168831,-0.139474,0.567574,0.953696,-0.183578,-0.046721,0.233622,0.954472,-0.179504,-0.047718,0.233421,1.000000,
0.954472,-0.179504,-0.047718,0.233421,0.793664,-0.168831,-0.139474,0.567574,0.955484,-0.174032,-0.049055,0.233144,0.954472,-0.179504,-0.047718,0.233421,1.000000,
0.954472,-0.179504,-0.047718,0.233421,0.793664,-0.168831,-0.139474,0.567574,0.953696,-0.183578,-0.046721,0.233622,0.954472,-0.179504,-0.047718,0.233421,1.000000,
0.954472,-0.179504,-0.047718,0.233421,0.793664,-0.168831,-0.139474,0.567574,0.955484,-0.174032,-0.049055,0.233144,0.954472,-0.179504,-0.047718,0.233421,1.000000,
0.954472,-0.179504,-0.047718,0.233421,0.793664,-0.168831,-0.139474,0.567574,0.953696,-0.183579,-0.046721,0.233622,0.954472,-0.179504,-0.047718,0.233421,1.000000,
0.954472,-0.179504,-0.047718,0.233421,0.793664,-0.168831,-0.139474,0.567574,0.955484,-0.174033,-0.049055,0.233144,0.954472,-0.179504,-0.047718,0.233421,1.000000,
0.954472,-0.179504,-0.047718,0.233421,0.793664,-0.168831,-0.139474,0.567574,0.953696,-0.183579,-0.046721,0.233622,0.954472,-0.179504,-0.047718,0.233421,1.000000,
0.954472,-0.179504,-0.047718,0.233421,0.793664,-0.168831,-0.139474,0.567574,0.955484,-0.174033,-0.049055,0.233144,0.954472,-0.179504,-0.047718,0.233421,1.000000,
0.954472,-0.179504,-0.047718,0.233421,0.793664,-0.168831,-0.139474,0.567574,0.953696,-0.183579,-0.046721,0.233622,0.954472,-0.179504,-0.047718,0.233421,1.000000,
0.954472,-0.179504,-0.047718,0.233421,0.793664,-0.168831,-0.139474,0.567574,0.955484,-0.174033,-0.049055,0.233144,0.954472,-0.179504,-0.047718,0.233421,1.000000,
0.954472,-0.179504,-0.047718,0.233421,0.793664,-0.168831,-0.139474,0.567574,0.953696,-0.183579,-0.046721,0.233622,0.954472,-0.179504,-0.047718,0.233421,1.000000,
0.954472,-0.179504,-0.047718,0.233421,0.793664,-0.168831,-0.139474,0.567574,0.955484,-0.174033,-0.049055,0.233144,0.954472,-0.179504,-0.047718,0.233421,1.000000,
0.954472,-0.179504,-0.047718,0.233421,0.793664,-0.168831,-0.139474,0.567574,0.953696,-0.183579,-0.046721,0.233622,0.954472,-0.179504,-0.047718,0.233421,1.000000,
0.954472,-0.179504,-0.047718,0.233421,0.793664,-0.168831,-0.139474,0.567574,0.955484,-0.174033,-0.049055,0.233144,0.954472,-0.179504,-0.047718,0.233421,1.000000,
0.954472,-0.179504,-0.047718,0.233421,0.793664,-0.168831,-0.139474,0.567574,0.953696,-0.183579,-0.046721,0.233622,0.954472,-0.179504,-0.047718,0.233421,1.000000,
0.954472,-0.179504,-0.047718,0.233421,0.793664,-0.168831,-0.139474,0.567574,0.955484,-0.174033,-0.049055,0.233144,0.954472,-0.179504,-0.047718,0.233421,1.000000,
0.954472,-0.179504,-0.047718,0.233421,0.793664,-0.168831,-0.139474,0.567574,0.953696,-0.183579,-0.046721,0.233622,0.954472,-0.179504,-0.047718,0.233421,1.000000,
0.954472,-0.179504,-0.047718,0.233421,0.793664,-0.168831,-0.139474,0.567574,0.955484,-0.174033,-0.049055,0.233144,0.954472,-0.179504,-0.047718,0.233421,1.000000,
0.954472,-0.179504,-0.047718,0.233421,0.793664,-0.168831,-0.139474,0.567574,0.953696,-0.183579,-0.046721,0.233622,0.954472,-0.179504,-0.047718,0.233421,1.000000,
0.954472,-0.179504,-0.047718,0.233421,0.793664,-0.168831,-0.139474,0.567574,0.955484,-0.174033,-0.049055,0.233144,0.954472,-0.179504,-0.047718,0.233421,1.000000,
0.954472,-0.179504,-0.047718,0.233421,0.793664,-0.168831,-0.139474,0.567574,0.953696,-0.183579,-0.046721,0.233622,0.954472,-0.179504,-0.047718,0.233421,1.000000,
0.954472,-0.179504,-0.047718,0.233421,0.793664,-0.168831,-0.139474,0.567574,0.955484,-0.174033,-0.049054,0.233144,0.954472,-0.179504,-0.047718,0.233421,1.000000,
0.954472,-0.179504,-0.047718,0.233421,0.793664,-0.168831,-0.139474,0.567574,0.953696,-0.183579,-0.046721,0.233622,0.954472,-0.179504,-0.047718,0.233421,1.000000,
0.954472,-0.179504,-0.047718,0.233421,0.793664,-0.168831,-0.139474,0.567574,0.955484,-0.174033,-0.049054,0.233144,0.954472,-0.179504,-0.047718,0.233421,1.000000,
0.954472,-0.179504,-0.047718,0.233421,0.793664,-0.168831,-0.139474,0.567574,0.953696,-0.183579,-0.046721,0.233622,0.954472,-0.179504,-0.047718,0.233421,1.000000,
0.954472,-0.179504,-0.047718,0.233421,0.793664,-0.168831,-0.139474,0.567574,0.955484,-0.174033,-0.049054,0.233144,0.954472,-0.179504,-0.047718,0.233421,1.000000,
0.954472,-0.179504,-0.047718,0.233421,0.793664,-0.168831,-0.139474,0.567574,0.953696,-0.183579,-0.046721,0.233622,0.954472,-0.179504,-0.047718,0.233421,1.000000,
0.954472,-0.179504,-0.047718,0.233421,0.793664,-0.168831,-0.139474,0.567574,0.955484,-0.174033,-0.049054,0.233144,0.954472,-0.179504,-0.047718,0.233421,1.000000,
0.954472,-0.179504,-0.047718,0.233421,0.793664,-0.168831,-0.139474,0.567574,0.953696,-0.183579,-0.046721,0.233622,0.954472,-0.179504,-0.047718,0.233421,1.000000,
0.954472,-0.179504,-0.047718,0.233421,0.793664,-0.168831,-0.139474,0.567574,0.955484,-0.174033,-0.049054,0.233144,0.954472,-0.179504,-0.047718,0.233421,1.000000,
0.954472,-0.179504,-0.047718,0.233421,0.793664,-0.168831,-0.139474,0.567574,0.953696,-0.183579,-0.046721,0.233622,0.954472,-0.179504,-0.047718,0.233421,1.000000,
0.954472,-0.179504,-0.047718,0.233421,0.793664,-0.168831,-0.139474,0.567574,0.955484,-0.174033,-0.049054,0.233144,0.954472,-0.179504,-0.047718,0.233421,1.000000,
0.954472,-0.179504,-0.047718,0.233421,0.793664,-0.168831,-0.139474,0.567574,0.953696,-0.183579,-0.046721,0.233622,0.954472,-0.179504,-0.047718,0.233421,1.000000,
0.954472,-0.179504,-0.047718,0.233421,0.793664,-0.168831,-0.139474,0.567574,0.955484,-0.174034,-0.049054,0.233144,0.954472,-0.179504,-0.047718,0.233421,1.000000,
0.954472,-0.179504,-0.047718,0.233421,0.793664,-0.168831,-0.139474,0.567574,0.953696,-0.183580,-0.046721,0.233622,0.954472,-0.179504,-0.047718,0.233421,1.000000,
0.954472,-0.179504,-0.047718,0.233421,0.793664,-0.168831,-0.139474,0.567574,0.955484,-0.174034,-0.049054,0.233144,0.954472,-0.179504,-0.047718,0.233421,1.000000,
0.954472,-0.179504,-0.047718,0.233421,0.793664,-0.168831,-0.139474,0.567574,0.953696,-0.183580,-0.046720,0.233622,0.954472,-0.179504,-0.047718,0.233421,1.000000,
0.954472,-0.179504,-0.047718,0.233421,0.793664,-0.168831,-0.139474,0.567574,0.955484,-0.174034,-0.049054,0.233144,0.954472,-0.179504,-0.047718,0.233421,1.000000,
0.954472,-0.179504,-0.047718,0.233421,0.793664,-0.168831,-0.139474,0.567574,0.953696,-0.183580,-0.046720,0.233622,0.954472,-0.179504,-0.047718,0.233421,1.000000,
0.954472,-0.179504,-0.047718,0.233421,0.793664,-0.168831,-0.139474,0.567574,0.955484,-0.174034,-0.049054,0.233144,0.954472,-0.179504,-0.047718,0.233421,1.000000,
0.954472,-0.179504,-0.047718,0.233421,0.793664,-0.168831,-0.139474,0.567574,0.953696,-0.183580,-0.046720,0.233622,0.954472,-0.179504,-0.047718,0.233421,1.000000,
0.954472,-0.179504,-0.047718,0.233421,0.793664,-0.168831,-0.139474,0.567574,0.955484,-0.174034,-0.049054,0.233144,0.954472,-0.179504,-0.047718,0.233421,1.000000,
0.954472,-0.179504,-0.047718,0.233421,0.793664,-0.168831,-0.139474,0.567574,0.953696,-0.183580,-0.046720,0.233622,0.954472,-0.179504,-0.047718,0.233421,1.000000,
0.954472,-0.179504,-0.047718,0.233421,0.793664,-0.168831,-0.139474,0.567574,0.955484,-0.174034,-0.049054,0.233144,0.954472,-0.179504,-0.047718,0.233421,1.000000,
0.954472,-0.179504,-0.047718,0.233421,0.793664,-0.168831,-0.139474,0.567574,0.953696,-0.183580,-0.046720,0.233622,0.954472,-0.179504,-0.047718,0.233421,1.000000,
0.954472,-0.179504,-0.047718,0.233421,0.793664,-0.168831,-0.139474,0.567574,0.955484,-0.174034,-0.049054,0.233144,0.954472,-0.179504,-0.047718,0.233421,1.000000,
0.954472,-0.179504,-0.047718,0.233421,0.793664,-0.168831,-0.139474,0.567574,0.953696,-0.183580,-0.046720,0.233622,0.954472,-0.179504,-0.047718,0.233421,1.000000,
0.954472,-0.179504,-0.047718,0.233421,0.793664,-0.168831,-0.139474,0.567574,0.955484,-0.174034,-0.049054,0.233144,0.954472,-0.179504,-0.047718,0.233421,1.000000,
0.954472,-0.179504,-0.047718,0.233421,0.793664,-0.168831,-0.139474,0.567574,0.953696,-0.183580,-0.046720,0.233622,0.954472,-0.179504,-0.047718,0.233421,1.000000,
0.954472,-0.179504,-0.047718,0.233421,0.793664,-0.168831,-0.139474,0.567574,0.955484,-0.174034,-0.049054,0.233144,0.954472,-0.179504,-0.047718,0.233421,1.000000,
0.954472,-0.179504,-0.047718,0.233421,0.793664,-0.168831,-0.139474,0.567574,0.953696,-0.183580,-0.046720,0.233622,0.954472,-0.179504,-0.047718,0.233421,1.000000,
0.954472,-0.179504,-0.047718,0.233421,0.793664,-0.168831,-0.139474,0.567574,0.955484,-0.174034,-0.049054,0.233144,0.954472,-0.179504,-0.047718,0.233421,1.000000,
0.954472,-0.179504,-0.047718,0.233421,0.793664,-0.168831,-0.139474,0.567574,0.953696,-0.183580,-0.046720,0.233622,0.954472,-0.179504,-0.047718,0.233421,1.000000,
0.954472,-0.179504,-0.047718,0.233421,0.793664,-0.168831,-0.139474,0.567574,0.955484,-0.174034,-0.049054,0.233144,0.954472,-0.179504,-0.047718,0.233421,1.000000,
0.954472,-0.179504,-0.047718,0.233421,0.793664,-0.168831,-0.139474,0.567574,0.953696,-0.183580,-0.046720,0.233622,0.954472,-0.179504,-0.047718,0.233421,1.000000,
0.954472,-0.179504,-0.047718,0.233421,0.793664,-0.168831,-0.139474,0.567574,0.955484,-0.174034,-0.049054,0.233144,0.954472,-0.179504,-0.047718,0.233421,1.000000,
0.954472,-0.179504,-0.047718,0.233421,0.793664,-0.168831,-0.139474,0.567574,0.953696,-0.183580,-0.046720,0.233622,0.954472,-0.179504,-0.047718,0.233421,1.000000,
0.954472,-0.179504,-0.047718,0.233421,0.793664,-0.168831,-0.139474,0.567574,0.955484,-0.174034,-0.049054,0.233144,0.954472,-0.179504,-0.047718,0.233421,1.000000,
0.954472,-0.179504,-0.047718,0.233421,0.793664,-0.168831,-0.139474,0.567574,0.953696,-0.183580,-0.046720,0.233622,0.954472,-0.179504,-0.047718,0.233421,1.000000,
0.954472,-0.179504,-0.047718,0.233421,0.793664,-0.168831,-0.139474,0.567574,0.955484,-0.174034,-0.049054,0.233144,0.954472,-0.179504,-0.047718,0.233421,1.000000,
0.954472,-0.179504,-0.047718,0.233421,0.793664,-0.168831,-0.139474,0.567574,0.953696,-0.183580,-0.046720,0.233622,0.954472,-0.179504,-0.047718,0.233421,1.000000,
0.954472,-0.179504,-0.047718,0.233421,0.793664,-0.168831,-0.139474,0.567574,0.955484,-0.174034,-0.049054,0.233144,0.954472,-0.179504,-0.047718,0.233421,1.000000,
0.954472,-0.179504,-0.047718,0.233421,0.793664,-0.168831,-0.139474,0.567574,0.953696,-0.183581,-0.046720,0.233623,0.954472,-0.179504,-0.047718,0.233421,1.000000,
0.954472,-0.179504,-0.047718,0.233421,0.793664,-0.168831,-0.139474,0.567574,0.955484,-0.174035,-0.049054,0.233144,0.954472,-0.179504,-0.047718,0.233421,1.000000,
0.954472,-0.179504,-0.047718,0.233421,0.793664,-0.168831,-0.139474,0.567574,0.953696,-0.183581,-0.046720,0.233623,0.954472,-0.179504,-0.047718,0.233421,1.000000,
0.954472,-0.179504,-0.047718,0.233421,0.793664,-0.168831,-0.139474,0.567574,0.955484,-0.174035,-0.049054,0.233144,0.954472,-0.179504,-0.047718,0.233421,1.000000,
0.954472,-0.179504,-0.047718,0.233421,0.793664,-0.168831,-0.139474,0.567574,0.953696,-0.183581,-0.046720,0.233623,0.954472,-0.179504,-0.047718,0.233421,1.000000,
0.954472,-0.179504,-0.047718,0.233421,0.793664,-0.168831,-0.139474,0.567574,0.955484,-0.174035,-0.049054,0.233144,0.954472,-0.179504,-0.047718,0.233421,1.000000,
0.954472,-0.179504,-0.047718,0.233421,0.793664,-0.168831,-0.139474,0.567574,0.953696,-0.183581,-0.046720,0.233623,0.954472,-0.179504,-0.047718,0.233421,1.000000,
0.954472,-0.179504,-0.047718,0.233421,0.793664,-0.168831,-0.139474,0.567574,0.955484,-0.174035,-0.049054,0.233144,0.954472,-0.179504,-0.047718,0.233421,1.000000,
0.954472,-0.179504,-0.047718,0.233421,0.793664,-0.168831,-0.139474,0.567574,0.953696,-0.183581,-0.046720,0.233623,0.954472,-0.179504,-0.047718,0.233421,1.000000,
0.954472,-0.179504,-0.047718,0.233421,0.793664,-0.168831,-0.139474,0.567574,0.955484,-0.174035,-0.049054,0.233144,0.954472,-0.179504,-0.047718,0.233421,1.000000,
0.954472,-0.179504,-0.047718,0.233421,0.793664,-0.168831,-0.139474,0.567574,0.953696,-0.183581,-0.046720,0.233623,0.954472,-0.179504,-0.047718,0.233421,1.000000,
0.954472,-0.179504,-0.047718,0.233421,0.793664,-0.168831,-0.139474,0.567574,0.955484,-0.174035,-0.049054,0.233144,0.954472,-0.179504,-0.047718,0.233421,1.000000,
0.954472,-0.179504,-0.047718,0.233421,0.793664,-0.168831,-0.139474,0.567574,0.953696,-0.183581,-0.046720,0.233623,0.954472,-0.179504,-0.047718,0.233421,1.000000,
0.954472,-0.179504,-0.047718,0.233421,0.793664,-0.168831,-0.139474,0.567574,0.955484,-0.174035,-0.049054,0.233144,0.954472,-0.179504,-0.047718,0.233421,1.000000,
0.954472,-0.179504,-0.047718,0.233421,0.793664,-0.168831,-0.139474,0.567574,0.953696,-0.183581,-0.046720,0.233623,0.954472,-0.179504,-0.047718,0.233421,1.000000,
0.954472,-0.179504,-0.047718,0.233421,0.793664,-0.168831,-0.139474,0.567574,0.955484,-0.174035,-0.049054,0.233144,0.954472,-0.179504,-0.047718,0.233421,1.000000,
0.954472,-0.179504,-0.047718,0.233421,0.793664,-0.168831,-0.139474,0.567574,0.953696,-0.183581,-0.046720,0.233623,0.954472,-0.179504,-0.047718,0.233421,1.000000,
0.954472,-0.179504,-0.047718,0.233421,0.793664,-0.168831,-0.139474,0.567574,0.955484,-0.174035,-0.049054,0.233144,0.954472,-0.179504,-0.047718,0.233421,1.000000,
0.954472,-0.179504,-0.047718,0.233421,0.793664,-0.168831,-0.139474,0.567574,0.953696,-0.183581,-0.046720,0.233623,0.954472,-0.179504,-0.047718,0.233421,1.000000,
0.954472,-0.179504,-0.047718,0.233421,0.793664,-0.168831,-0.139474,0.567574,0.955484,-0.174035,-0.049054,0.233144,0.954472,-0.179504,-0.047718,0.233421,1.000000,
0.954472,-0.179504,-0.047718,0.233421,0.793664,-0.168831,-0.139474,0.567574,0.953696,-0.183581,-0.046720,0.233623,0.954472,-0.179504,-0.047718,0.233421,1.000000,
0.954472,-0.179504,-0.047718,0.233421,0.793664,-0.168831,-0.139474,0.567574,0.955484,-0.174035,-0.049054,0.233144,0.954472,-0.179504,-0.047718,0.233421,1.000000,
0.954472,-0.179504,-0.047718,0.233421,0.793664,-0.168831,-0.139474,0.567574,0.953696,-0.183581,-0.046720,0.233623,0.954472,-0.179504,-0.047718,0.233421,1.000000,
0.954472,-0.179504,-0.047718,0.233421,0.793664,-0.168831,-0.139474,0.567574,0.955484,-0.174035,-0.049054,0.233144,0.954472,-0.179504,-0.047718,0.233421,1.000000,
0.954472,-0.179504,-0.047718,0.233421,0.793664,-0.168831,-0.139474,0.567574,0.953696,-0.183581,-0.046720,0.233623,0.954472,-0.179504,-0.047718,0.233421,1.000000,
0.954472,-0.179504,-0.047718,0.233421,0.793664,-0.168831,-0.139474,0.567574,0.955484,-0.174035,-0.049054,0.233144,0.954472,-0.179504,-0.047718,0.233421,1.000000,
0.954472,-0.179504,-0.047718,0.233421,0.793664,-0.168831,-0.139474,0.567574,0.953696,-0.183581,-0.046720,0.233623,0.954472,-0.179504,-0.047718,0.233421,1.000000,
0.954472,-0.179504,-0.047718,0.233421,0.793664,-0.168831,-0.139474,0.567574,0.955484,-0.174035,-0.049054,0.233144,0.954472,-0.179504,-0.047718,0.233421,1.000000,
0.954472,-0.179504,-0.047718,0.233421,0.793664,-0.168831,-0.139474,0.567574,0.953696,-0.183582,-0.046720,0.233623,0.954472,-0.179504,-0.047718,0.233421,1.000000,
0.954472,-0.179504,-0.047718,0.233421,0.793664,-0.168831,-0.139474,0.567574,0.955484,-0.174036,-0.049054,0.233144,0.954472,-0.179504,-0.047718,0.233421,1.000000,
0.954472,-0.179504,-0.047718,0.233421,0.793664,-0.168831,-0.139474,0.567574,0.953696,-0.183582,-0.046720,0.233623,0.954472,-0.179504,-0.047718,0.233421,1.000000,
0.954472,-0.179504,-0.047718,0.233421,0.793664,-0.168831,-0.139474,0.567574,0.955484,-0.174036,-0.049054,0.233144,0.954472,-0.179504,-0.047718,0.233421,1.000000,
0.954472,-0.179504,-0.047718,0.233421,0.793664,-0.168831,-0.139474,0.567574,0.953696,-0.183582,-0.046720,0.233623,0.954472,-0.179504,-0.047718,0.233421,1.000000,
0.954472,-0.179504,-0.047718,0.233421,0.793664,-0.168831,-0.139474,0.567574,0.955484,-0.174036,-0.049054,0.233144,0.954472,-0.179504,-0.047718,0.233421,1.000000,
0.954472,-0.179504,-0.047718,0.233421,0.793664,-0.168831,-0.139474,0.567574,0.953696,-0.183582,-0.046720,0.233623,0.954472,-0.179504,-0.047718,0.233421,1.000000,
0.954472,-0.179504,-0.047718,0.233421,0.793664,-0.168831,-0.139474,0.567574,0.955484,-0.174036,-0.049054,0.233144,0.954472,-0.179504,-0.047718,0.233421,1.000000,
0.954472,-0.179504,-0.047718,0.233421,0.793664,-0.168831,-0.139474,0.567574,0.953696,-0.183582,-0.046720,0.233623,0.954472,-0.179504,-0.047718,0.233421,1.000000,
0.954472,-0.179504,-0.047718,0.233421,0.793664,-0.168831,-0.139474,0.567574,0.955484,-0.174036,-0.049054,0.233144,0.954472,-0.179504,-0.047718,0.233421,1.000000,
0.954472,-0.179504,-0.047718,0.233421,0.793664,-0.168831,-0.139474,0.567574,0.953696,-0.183582,-0.046720,0.233623,0.954472,-0.179504,-0.047718,0.233421,1.000000,
0.954472,-0.179504,-0.047718,0.233421,0.793664,-0.168831,-0.139474,0.567574,0.955484,-0.174036,-0.049054,0.233144,0.954472,-0.179504,-0.047718,0.233421,1.000000,
0.954472,-0.179504,-0.047718,0.233421,0.793664,-0.168831,-0.139474,0.567574,0.953696,-0.183582,-0.046720,0.233623,0.954472,-0.179504,-0.047718,0.233421,1.000000,
0.954472,-0.179504,-0.047718,0.233421,0.793664,-0.168831,-0.139474,0.567574,0.955484,-0.174036,-0.049054,0.233144,0.954472,-0.179504,-0.047718,0.233421,1.000000,
0.954472,-0.179504,-0.047718,0.233421,0.793664,-0.168831,-0.139474,0.567574,0.953696,-0.183582,-0.046720,0.233623,0.954472,-0.179504,-0.047718,0.233421,1.000000,
0.954472,-0.179504,-0.047718,0.233421,0.793664,-0.168831,-0.139474,0.567574,0.955484,-0.174036,-0.049054,0.233144,0.954472,-0.179504,-0.047718,0.233421,1.000000,
0.954472,-0.179504,-0.047718,0.233421,0.793664,-0.168831,-0.139474,0.567574,0.953696,-0.183582,-0.046720,0.233623,0.954472,-0.179504,-0.047718,0.233421,1.000000,
0.954472,-0.179504,-0.047718,0.233421,0.793664,-0.168831,-0.139474,0.567574,0.955484,-0.174036,-0.049054,0.233144,0.954472,-0.179504,-0.047718,0.233421,1.000000,
0.954472,-0.179504,-0.047718,0.233421,0.793664,-0.168831,-0.139474,0.567574,0.953696,-0.183582,-0.046720,0.233623,0.954472,-0.179504,-0.047718,0.233421,1.000000,
0.954472,-0.179504,-0.047718,0.233421,0.793664,-0.168831,-0.139474,0.567574,0.955484,-0.174036,-0.049054,0.233144,0.954472,-0.179504,-0.047718,0.233421,1.000000,
0.954472,-0.179504,-0.047718,0.233421,0.793664,-0.168831,-0.139474,0.567574,0.953696,-0.183582,-0.046720,0.233623,0.954472,-0.179504,-0.047718,0.233421,1.000000,
0.954472,-0.179504,-0.047718,0.233421,0.793664,-0.168831,-0.139474,0.567574,0.955484,-0.174036,-0.049054,0.233144,0.954472,-0.179504,-0.047718,0.233421,1.000000,
0.954472,-0.179504,-0.047718,0.233421,0.793664,-0.168831,-0.139474,0.567574,0.953696,-0.183582,-0.046720,0.233623,0.954472,-0.179504,-0.047718,0.233421,1.000000,
0.954472,-0.179504,-0.047718,0.233421,0.793664,-0.168831,-0.139474,0.567574,0.955484,-0.174036,-0.049054,0.233144,0.954472,-0.179504,-0.047718,0.233421,1.000000,
0.954472,-0.179504,-0.047718,0.233421,0.793664,-0.168831,-0.139474,0.567574,0.953696,-0.183582,-0.046720,0.233623,0.954472,-0.179504,-0.047718,0.233421,1.000000,
0.954472,-0.179504,-0.047718,0.233421,0.793664,-0.168831,-0.139474,0.567574,0.955484,-0.174036,-0.049054,0.233144,0.954472,-0.179504,-0.047718,0.233421,1.000000,
0.954472,-0.179504,-0.047718,0.233421,0.793664,-0.168831,-0.139474,0.567574,0.953696,-0.183582,-0.046720,0.233623,0.954472,-0.179504,-0.047718,0.233421,1.000000,
0.954472,-0.179504,-0.047718,0.233421,0.793664,-0.168831,-0.139474,0.567574,0.955484,-0.174036,-0.049054,0.233144,0.954472,-0.179504,-0.047718,0.233421,1.000000,
0.954472,-0.179504,-0.047718,0.233421,0.793664,-0.168831,-0.139474,0.567574,0.953696,-0.183582,-0.046720,0.233623,0.954472,-0.179504,-0.047718,0.233421,1.000000,
0.954472,-0.179504,-0.047718,0.233421,0.793664,-0.168831,-0.139474,0.567574,0.955484,-0.174037,-0.049054,0.233144,0.954472,-0.179504,-0.047718,0.233421,1.000000,
0.954472,-0.179504,-0.047718,0.233421,0.793664,-0.168831,-0.139474,0.567574,0.953696,-0.183583,-0.046720,0.233623,0.954472,-0.179504,-0.047718,0.233421,1.000000,
0.954472,-0.179504,-0.047718,0.233421,0.793664,-0.168831,-0.139474,0.567574,0.955484,-0.174037,-0.049054,0.233144,0.954472,-0.179504,-0.047718,0.233421,1.000000,
0.954472,-0.179504,-0.047718,0.233421,0.793664,-0.168831,-0.139474,0.567574,0.953696,-0.183583,-0.046720,0.233623,0.954472,-0.179504,-0.047718,0.233421,1.000000,
0.954472,-0.179504,-0.047718,0.233421,0.793664,-0.168831,-0.139474,0.567574,0.955484,-0.174037,-0.049054,0.233144,0.954472,-0.179504,-0.047718,0.233421,1.000000,
0.954472,-0.179504,-0.047718,0.233421,0.793664,-0.168831,-0.139474,0.567574,0.953696,-0.183583,-0.046720,0.233623,0.954472,-0.179504,-0.047718,0.233421,1.000000,
0.954472,-0.179504,-0.047718,0.233421,0.793664,-0.168831,-0.139474,0.567574,0.955484,-0.174037,-0.049054,0.233144,0.954472,-0.179504,-0.047718,0.233421,1.000000,
0.954472,-0.179504,-0.047718,0.233421,0.793664,-0.168831,-0.139474,0.567574,0.953696,-0.183583,-0.046720,0.233623,0.954472,-0.179504,-0.047718,0.233421,1.000000,
0.954472,-0.179504,-0.047718,0.233421,0.793664,-0.168831,-0.139474,0.567574,0.955484,-0.174037,-0.049054,0.233144,0.954472,-0.179504,-0.047718,0.233421,1.000000,
0.954472,-0.179504,-0.047718,0.233421,0.793664,-0.168831,-0.139474,0.567574,0.953695,-0.183583,-0.046720,0.233623,0.954472,-0.179504,-0.047718,0.233421,1.000000,
0.954472,-0.179504,-0.047718,0.233421,0.793664,-0.168831,-0.139474,0.567574,0.955484,-0.174037,-0.049054,0.233144,0.954472,-0.179504,-0.047718,0.233421,1.000000,
0.954472,-0.179504,-0.047718,0.233421,0.793664,-0.168831,-0.139474,0.567574,0.953695,-0.183583,-0.046720,0.233623,0.954472,-0.179504,-0.047718,0.233421,1.000000,
0.954472,-0.179504,-0.047718,0.233421,0.793664,-0.168831,-0.139474,0.567574,0.955484,-0.174037,-0.049054,0.233144,0.954472,-0.179504,-0.047718,0.233421,1.000000,
0.954472,-0.179504,-0.047718,0.233421,0.793664,-0.168831,-0.139474,0.567574,0.953695,-0.183583,-0.046720,0.233623,0.954472,-0.179504,-0.047718,0.233421,1.000000,
0.954472,-0.179504,-0.047718,0.233421,0.793664,-0.168831,-0.139474,0.567574,0.955484,-0.174037,-0.049054,0.233144,0.954472,-0.179504,-0.047718,0.233421,1.000000,
0.954472,-0.179504,-0.047718,0.233421,0.793664,-0.168831,-0.139474,0.567574,0.953695,-0.183583,-0.046720,0.233623,0.954472,-0.179504,-0.047718,0.233421,1.000000,
0.954472,-0.179504,-0.047718,0.233421,0.793664,-0.168831,-0.139474,0.567574,0.955484,-0.174037,-0.049054,0.233144,0.954472,-0.179504,-0.047718,0.233421,1.000000,
0.954472,-0.179504,-0.047718,0.233421,0.793664,-0.168831,-0.139474,0.567574,0.953695,-0.183583,-0.046720,0.233623,0.954472,-0.179504,-0.047718,0.233421,1.000000,
0.954472,-0.179504,-0.047718,0.233421,0.793664,-0.168831,-0.139474,0.567574,0.955484,-0.174037,-0.049054,0.233144,0.954472,-0.179504,-0.047718,0.233421,1.000000,
0.954472,-0.179504,-0.047718,0.233421,0.793664,-0.168831,-0.139474,0.567574,0.953695,-0.183583,-0.046720,0.233623,0.954472,-0.179504,-0.047718,0.233421,1.000000,
0.954472,-0.179504,-0.047718,0.233421,0.793664,-0.168831,-0.139474,0.567574,0.955484,-0.174037,-0.049053,0.233144,0.954472,-0.179504,-0.047718,0.233421,1.000000,
0.954472,-0.179504,-0.047718,0.233421,0.793664,-0.168831,-0.139474,0.567574,0.953695,-0.183583,-0.046720,0.233623,0.954472,-0.179504,-0.047718,0.233421,1.000000,
0.954472,-0.179504,-0.047718,0.233421,0.793664,-0.168831,-0.139474,0.567574,0.955484,-0.174037,-0.049053,0.233144,0.954472,-0.179504,-0.047718,0.233421,1.000000,
0.954472,-0.179504,-0.047718,0.233421,0.793664,-0.168831,-0.139474,0.567574,0.953695,-0.183583,-0.046720,0.233623,0.954472,-0.179504,-0.047718,0.233421,1.000000,
0.954472,-0.179504,-0.047718,0.233421,0.793664,-0.168831,-0.139474,0.567574,0.955484,-0.174037,-0.049053,0.233144,0.954472,-0.179504,-0.047718,0.233421,1.000000,
0.954472,-0.179504,-0.047718,0.233421,0.793664,-0.168831,-0.139474,0.567574,0.953695,-0.183583,-0.046720,0.233623,0.954472,-0.179504,-0.047718,0.233421,1.000000,
0.954472,-0.179504,-0.047718,0.233421,0.793664,-0.168831,-0.139474,0.567574,0.955484,-0.174037,-0.049053,0.233144,0.954472,-0.179504,-0.047718,0.233421,1.000000,
0.954472,-0.179504,-0.047718,0.233421,0.793664,-0.168831,-0.139474,0.567574,0.953695,-0.183583,-0.046720,0.233623,0.954472,-0.179504,-0.047718,0.233421,1.000000,
0.954472,-0.179504,-0.047718,0.233421,0.793664,-0.168831,-0.139474,0.567574,0.955483,-0.174037,-0.049053,0.233144,0.954472,-0.179504,-0.047718,0.233421,1.000000,
0.954472,-0.179504,-0.047718,0.233421,0.793664,-0.168831,-0.139474,0.567574,0.953695,-0.183584,-0.046720,0.233623,0.954472,-0.179504,-0.047718,0.233421,1.000000,
0.954472,-0.179504,-0.047718,0.233421,0.793664,-0.168831,-0.139474,0.567574,0.955483,-0.174038,-0.049053,0.233144,0.954472,-0.179504,-0.047718,0.233421,1.000000,
0.954472,-0.179504,-0.047718,0.233421,0.793664,-0.168831,-0.139474,0.567574,0.953695,-0.183584,-0.046720,0.233623,0.954472,-0.179504,-0.047718,0.233421,1.000000,
0.954472,-0.179504,-0.047718,0.233421,0.793664,-0.168831,-0.139474,0.567574,0.955483,-0.174038,-0.049053,0.233144,0.954472,-0.179504,-0.047718,0.233421,1.000000,
0.954472,-0.179504,-0.047718,0.233421,0.793664,-0.168831,-0.139474,0.567574,0.953695,-0.183584,-0.046720,0.233623,0.954472,-0.179504,-0.047718,0.233421,1.000000,
0.954472,-0.179504,-0.047718,0.233421,0.793664,-0.168831,-0.139474,0.567574,0.955483,-0.174038,-0.049053,0.233144,0.954472,-0.179504,-0.047718,0.233421,1.000000,
0.954472,-0.179504,-0.047718,0.233421,0.793664,-0.168831,-0.139474,0.567574,0.953695,-0.183584,-0.046719,0.233623,0.954472,-0.179504,-0.047718,0.233421,1.000000,
0.954472,-0.179504,-0.047718,0.233421,0.793664,-0.168831,-0.139474,0.567574,0.955483,-0.174038,-0.049053,0.233144,0.954472,-0.179504,-0.047718,0.233421,1.000000,
0.954472,-0.179504,-0.047718,0.233421,0.793664,-0.168831,-0.139474,0.567574,0.953695,-0.183584,-0.046719,0.233623,0.954472,-0.179504,-0.047718,0.233421,1.000000,
0.954472,-0.179504,-0.047718,0.233421,0.793664,-0.168831,-0.139474,0.567574,0.955483,-0.174038,-0.049053,0.233144,0.954472,-0.179504,-0.047718,0.233421,1.000000,
0.954472,-0.179504,-0.047718,0.233421,0.793664,-0.168831,-0.139474,0.567574,0.953695,-0.183584,-0.046719,0.233623,0.954472,-0.179504,-0.047718,0.233421,1.000000,
0.954472,-0.179504,-0.047718,0.233421,0.793664,-0.168831,-0.139474,0.567574,0.955483,-0.174038,-0.049053,0.233144,0.954472,-0.179504,-0.047718,0.233421,1.000000,
0.954472,-0.179504,-0.047718,0.233421,0.793664,-0.168831,-0.139474,0.567574,0.953695,-0.183584,-0.046719,0.233623,0.954472,-0.179504,-0.047718,0.233421,1.000000,
0.954472,-0.179504,-0.047718,0.233421,0.793664,-0.168831,-0.139474,0.567574,0.955483,-0.174038,-0.049053,0.233144,0.954472,-0.179504,-0.047718,0.233421,1.000000,
0.954472,-0.179504,-0.047718,0.233421,0.793664,-0.168831,-0.139474,0.567574,0.953695,-0.183584,-0.046719,0.233623,0.954472,-0.179504,-0.047718,0.233421,1.000000,
0.954472,-0.179504,-0.047718,0.233421,0.793664,-0.168831,-0.139474,0.567574,0.955483,-0.174038,-0.049053,0.233144,0.954472,-0.179504,-0.047718,0.233421,1.000000,
0.954472,-0.179504,-0.047718,0.233421,0.793664,-0.168831,-0.139474,0.567574,0.953695,-0.183584,-0.046719,0.233623,0.954472,-0.179504,-0.047718,0.233421,1.000000,
0.954472,-0.179504,-0.047718,0.233421,0.793664,-0.168831,-0.139474,0.567574,0.955483,-0.174038,-0.049053,0.233144,0.954472,-0.179504,-0.047718,0.233421,1.000000,
0.954472,-0.179504,-0.047718,0.233421,0.793664,-0.168831,-0.139474,0.567574,0.953695,-0.183584,-0.046719,0.233623,0.954472,-0.179504,-0.047718,0.233421,1.000000,
0.954472,-0.179504,-0.047718,0.233421,0.793664,-0.168831,-0.139474,0.567574,0.955483,-0.174038,-0.049053,0.233144,0.954472,-0.179504,-0.047718,0.233421,1.000000,
0.954472,-0.179504,-0.047718,0.233421,0.793664,-0.168831,-0.139474,0.567574,0.953695,-0.183584,-0.046719,0.233623,0.954472,-0.179504,-0.047718,0.233421,1.000000,
0.954472,-0.179504,-0.047718,0.233421,0.793664,-0.168831,-0.139474,0.567574,0.955483,-0.174038,-0.049053,0.233144,0.954472,-0.179504,-0.047718,0.233421,1.000000,
0.954472,-0.179504,-0.047718,0.233421,0.793664,-0.168831,-0.139474,0.567574,0.953695,-0.183584,-0.046719,0.233623,0.954472,-0.179504,-0.047718,0.233421,1.000000,
0.954472,-0.179504,-0.047718,0.233421,0.793664,-0.168831,-0.139474,0.567574,0.955483,-0.174038,-0.049053,0.233144,0.954472,-0.179504,-0.047718,0.233421,1.000000,
0.954472,-0.179504,-0.047718,0.233421,0.793664,-0.168831,-0.139474,0.567574,0.953695,-0.183584,-0.046719,0.233623,0.954472,-0.179504,-0.047718,0.233421,1.000000,
0.954472,-0.179504,-0.047718,0.233421,0.793664,-0.168831,-0.139474,0.567574,0.955483,-0.174038,-0.049053,0.233144,0.954472,-0.179504,-0.047718,0.233421,1.000000,
0.954472,-0.179504,-0.047718,0.233421,0.793664,-0.168831,-0.139474,0.567574,0.953695,-0.183584,-0.046719,0.233623,0.954472,-0.179504,-0.047718,0.233421,1.000000,
0.954472,-0.179504,-0.047718,0.233421,0.793664,-0.168831,-0.139474,0.567574,0.955483,-0.174038,-0.049053,0.233144,0.954472,-0.179504,-0.047718,0.233421,1.000000,
0.954472,-0.179504,-0.047718,0.233421,0.793664,-0.168831,-0.139474,0.567574,0.953695,-0.183584,-0.046719,0.233623,0.954472,-0.179504,-0.047718,0.233421,1.000000,
0.954472,-0.179504,-0.047718,0.233421,0.793664,-0.168831,-0.139474,0.567574,0.955483,-0.174039,-0.049053,0.233144,0.954472,-0.179504,-0.047718,0.233421,1.000000,
0.954472,-0.179504,-0.047718,0.233421,0.793664,-0.168831,-0.139474,0.567574,0.953695,-0.183585,-0.046719,0.233623,0.954472,-0.179504,-0.047718,0.233421,1.000000,
0.954472,-0.179504,-0.047718,0.233421,0.793664,-0.168831,-0.139474,0.567574,0.955483,-0.174039,-0.049053,0.233144,0.954472,-0.179504,-0.047718,0.233421,1.000000,
0.954472,-0.179504,-0.047718,0.233421,0.793664,-0.168831,-0.139474,0.567574,0.953695,-0.183585,-0.046719,0.233623,0.954472,-0.179504,-0.047718,0.233421,1.000000,
0.954472,-0.179504,-0.047718,0.233421,0.793664,-0.168831,-0.139474,0.567574,0.955483,-0.174039,-0.049053,0.233144,0.954472,-0.179504,-0.047718,0.233421,1.000000,
0.954472,-0.179504,-0.047718,0.233421,0.793664,-0.168831,-0.139474,0.567574,0.953695,-0.183585,-0.046719,0.233623,0.954472,-0.179504,-0.047718,0.233421,1.000000,
0.954472,-0.179504,-0.047718,0.233421,0.793664,-0.168831,-0.139474,0.567574,0.955483,-0.174039,-0.049053,0.233144,0.954472,-0.179504,-0.047718,0.233421,1.000000,
0.954472,-0.179504,-0.047718,0.233421,0.793664,-0.168831,-0.139474,0.567574,0.953695,-0.183585,-0.046719,0.233623,0.954472,-0.179504,-0.047718,0.233421,1.000000,
0.954472,-0.179504,-0.047718,0.233421,0.793664,-0.168831,-0.139474,0.567574,0.955483,-0.174039,-0.049053,0.233144,0.954472,-0.179504,-0.047718,0.233421,1.000000,
0.954472,-0.179504,-0.047718,0.233421,0.793664,-0.168831,-0.139474,0.567574,0.953695,-0.183585,-0.046719,0.233623,0.954472,-0.179504,-0.047718,0.233421,1.000000,
0.954472,-0.179504,-0.047718,0.233421,0.793664,-0.168831,-0.139474,0.567574,0.955483,-0.174039,-0.049053,0.233144,0.954472,-0.179504,-0.047718,0.233421,1.000000,
0.954472,-0.179504,-0.047718,0.233421,0.793664,-0.168831,-0.139474,0.567574,0.953695,-0.183585,-0.046719,0.233623,0.954472,-0.179504,-0.047718,0.233421,1.000000,
0.954472,-0.179504,-0.047718,0.233421,0.793664,-0.168831,-0.139474,0.567574,0.955483,-0.174039,-0.049053,0.233144,0.954472,-0.179504,-0.047718,0.233421,1.000000,
0.954472,-0.179504,-0.047718,0.233421,0.793664,-0.168831,-0.139474,0.567574,0.953695,-0.183585,-0.046719,0.233623,0.954472,-0.179504,-0.047718,0.233421,1.000000,
0.954472,-0.179504,-0.047718,0.233421,0.793664,-0.168831,-0.139474,0.567574,0.955483,-0.174039,-0.049053,0.233144,0.954472,-0.179504,-0.047718,0.233421,1.000000,
0.954472,-0.179504,-0.047718,0.233421,0.793664,-0.168831,-0.139474,0.567574,0.953695,-0.183585,-0.046719,0.233623,0.954472,-0.179504,-0.047718,0.233421,1.000000,
0.954472,-0.179504,-0.047718,0.233421,0.793664,-0.168831,-0.139474,0.567574,0.955483,-0.174039,-0.049053,0.233144,0.954472,-0.179504,-0.047718,0.233421,1.000000,
0.954472,-0.179504,-0.047718,0.233421,0.793664,-0.168831,-0.139474,0.567574,0.953695,-0.183585,-0.046719,0.233623,0.954472,-0.179504,-0.047718,0.233421,1.000000,
0.954472,-0.179504,-0.047718,0.233421,0.793664,-0.168831,-0.139474,0.567574,0.955483,-0.174039,-0.049053,0.233144,0.954472,-0.179504,-0.047718,0.233421,1.000000,
0.954472,-0.179504,-0.047718,0.233421,0.793664,-0.168831,-0.139474,0.567574,0.953695,-0.183585,-0.046719,0.233623,0.954472,-0.179504,-0.047718,0.233421,1.000000,
0.954472,-0.179504,-0.047718,0.233421,0.793664,-0.168831,-0.139474,0.567574,0.955483,-0.174039,-0.049053,0.233144,0.954472,-0.179504,-0.047718,0.233421,1.000000,
0.954472,-0.179504,-0.047718,0.233421,0.793664,-0.168831,-0.139474,0.567574,0.953695,-0.183585,-0.046719,0.233623,0.954472,-0.179504,-0.047718,0.233421,1.000000,
0.954472,-0.179504,-0.047718,0.233421,0.793664,-0.168831,-0.139474,0.567574,0.955483,-0.174039,-0.049053,0.233144,0.954472,-0.179504,-0.047718,0.233421,1.000000,
0.954472,-0.179504,-0.047718,0.233421,0.793664,-0.168831,-0.139474,0.567574,0.953695,-0.183585,-0.046719,0.233623,0.954472,-0.179504,-0.047718,0.233421,1.000000,
0.954472,-0.179504,-0.047718,0.233421,0.793664,-0.168831,-0.139474,0.567574,0.955483,-0.174039,-0.049053,0.233144,0.954472,-0.179504,-0.047718,0.233421,1.000000,
0.954472,-0.179504,-0.047718,0.233421,0.793664,-0.168831,-0.139474,0.567574,0.953695,-0.183585,-0.046719,0.233623,0.954472,-0.179504,-0.047718,0.233421,1.000000,
0.954472,-0.179504,-0.047718,0.233421,0.793664,-0.168831,-0.139474,0.567574,0.955483,-0.174039,-0.049053,0.233144,0.954472,-0.179504,-0.047718,0.233421,1.000000,
0.954472,-0.179504,-0.047718,0.233421,0.793664,-0.168831,-0.139474,0.567574,0.953695,-0.183585,-0.046719,0.233623,0.954472,-0.179504,-0.047718,0.233421,1.000000,
0.954472,-0.179504,-0.047718,0.233421,0.793664,-0.168831,-0.139474,0.567574,0.955483,-0.174039,-0.049053,0.233144,0.954472,-0.179504,-0.047718,0.233421,1.000000,
0.954472,-0.179504,-0.047718,0.233421,0.793664,-0.168831,-0.139474,0.567574,0.953695,-0.183586,-0.046719,0.233623,0.954472,-0.179504,-0.047718,0.233421,1.000000,
0.954472,-0.179504,-0.047718,0.233421,0.793664,-0.168831,-0.139474,0.567574,0.955483,-0.174040,-0.049053,0.233144,0.954472,-0.179504,-0.047718,0.233421,1.000000,
0.954472,-0.179504,-0.047718,0.233421,0.793664,-0.168831,-0.139474,0.567574,0.953695,-0.183586,-0.046719,0.233623,0.954472,-0.179504,-0.047718,0.233421,1.000000,
0.954472,-0.179504,-0.047718,0.233421,0.793664,-0.168831,-0.139474,0.567574,0.955483,-0.174040,-0.049053,0.233144,0.954472,-0.179504,-0.047718,0.233421,1.000000,
0.954472,-0.179504,-0.047718,0.233421,0.793664,-0.168831,-0.139474,0.567574,0.953695,-0.183586,-0.046719,0.233623,0.954472,-0.179504,-0.047718,0.233421,1.000000,
0.954472,-0.179504,-0.047718,0.233421,0.793664,-0.168831,-0.139474,0.567574,0.955483,-0.174040,-0.049053,0.233144,0.954472,-0.179504,-0.047718,0.233421,1.000000,
0.954472,-0.179504,-0.047718,0.233421,0.793664,-0.168831,-0.139474,0.567574,0.953695,-0.183586,-0.046719,0.233623,0.954472,-0.179504,-0.047718,0.233421,1.000000,
0.954472,-0.179504,-0.047718,0.233421,0.793664,-0.168831,-0.139474,0.567574,0.955483,-0.174040,-0.049053,0.233144,0.954472,-0.179504,-0.047718,0.233421,1.000000,
0.954472,-0.179504,-0.047718,0.233421,0.793664,-0.168831,-0.139474,0.567574,0.953695,-0.183586,-0.046719,0.233623,0.954472,-0.179504,-0.047718,0.233421,1.000000,
0.954472,-0.179504,-0.047718,0.233421,0.793664,-0.168831,-0.139474,0.567574,0.955483,-0.174040,-0.049053,0.233144,0.954472,-0.179504,-0.047718,0.233421,1.000000,
0.954472,-0.179504,-0.047718,0.233421,0.793664,-0.168831,-0.139474,0.567574,0.953695,-0.183586,-0.046719,0.233623,0.954472,-0.179504,-0.047718,0.233421,1.000000,
0.954472,-0.179504,-0.047718,0.233421,0.793664,-0.168831,-0.139474,0.567574,0.955483,-0.174040,-0.049053,0.233144,0.954472,-0.179504,-0.047718,0.233421,1.000000,
0.954472,-0.179504,-0.047718,0.233421,0.793664,-0.168831,-0.139474,0.567574,0.953695,-0.183586,-0.046719,0.233623,0.954472,-0.179504,-0.047718,0.233421,1.000000,
0.954472,-0.179504,-0.047718,0.233421,0.793664,-0.168831,-0.139474,0.567574,0.955483,-0.174040,-0.049053,0.233144,0.954472,-0.179504,-0.047718,0.233421,1.000000,
0.954472,-0.179504,-0.047718,0.233421,0.793664,-0.168831,-0.139474,0.567574,0.953695,-0.183586,-0.046719,0.233623,0.954472,-0.179504,-0.047718,0.233421,1.000000,
0.954472,-0.179504,-0.047718,0.233421,0.793664,-0.168831,-0.139474,0.567574,0.955483,-0.174040,-0.049053,0.233144,0.954472,-0.179504,-0.047718,0.233421,1.000000,
0.954472,-0.179504,-0.047718,0.233421,0.793664,-0.168831,-0.139474,0.567574,0.953695,-0.183586,-0.046719,0.233623,0.954472,-0.179504,-0.047718,0.233421,1.000000,
0.954472,-0.179504,-0.047718,0.233421,0.793664,-0.168831,-0.139474,0.567574,0.955483,-0.174040,-0.049053,0.233144,0.954472,-0.179504,-0.047718,0.233421,1.000000,
0.954472,-0.179504,-0.047718,0.233421,0.793664,-0.168831,-0.139474,0.567574,0.953695,-0.183586,-0.046719,0.233623,0.954472,-0.179504,-0.047718,0.233421,1.000000,
0.954472,-0.179504,-0.047718,0.233421,0.793664,-0.168831,-0.139474,0.567574,0.955483,-0.174040,-0.049053,0.233144,0.954472,-0.179504,-0.047718,0.233421,1.000000,
0.954472,-0.179504,-0.047718,0.233421,0.793664,-0.168831,-0.139474,0.567574,0.953695,-0.183586,-0.046719,0.233623,0.954472,-0.179504,-0.047718,0.233421,1.000000,
0.954472,-0.179504,-0.047718,0.233421,0.793664,-0.168831,-0.139474,0.567574,0.955483,-0.174040,-0.049053,0.233144,0.954472,-0.179504,-0.047718,0.233421,1.000000,
0.954472,-0.179504,-0.047718,0.233421,0.793664,-0.168831,-0.139474,0.567574,0.953695,-0.183586,-0.046719,0.233623,0.954472,-0.179504,-0.047718,0.233421,1.000000,
0.954472,-0.179504,-0.047718,0.233421,0.793664,-0.168831,-0.139474,0.567574,0.955483,-0.174040,-0.049053,0.233144,0.954472,-0.179504,-0.047718,0.233421,1.000000,
0.954472,-0.179504,-0.047718,0.233421,0.793664,-0.168831,-0.139474,0.567574,0.953695,-0.183586,-0.046719,0.233623,0.954472,-0.179504,-0.047718,0.233421,1.000000,
0.954472,-0.179504,-0.047718,0.233421,0.793664,-0.168831,-0.139474,0.567574,0.955483,-0.174040,-0.049053,0.233144,0.954472,-0.179504,-0.047718,0.233421,1.000000,
0.954472,-0.179504,-0.047718,0.233421,0.793664,-0.168831,-0.139474,0.567574,0.953695,-0.183586,-0.046719,0.233623,0.954472,-0.179504,-0.047718,0.233421,1.000000,
0.954472,-0.179504,-0.047718,0.233421,0.793664,-0.168831,-0.139474,0.567574,0.955483,-0.174040,-0.049053,0.233144,0.954472,-0.179504,-0.047718,0.233421,1.000000,
0.954472,-0.179504,-0.047718,0.233421,0.793664,-0.168831,-0.139474,0.567574,0.953695,-0.183586,-0.046719,0.233623,0.954472,-0.179504,-0.047718,0.233421,1.000000,
0.954472,-0.179504,-0.047718,0.233421,0.793664,-0.168831,-0.139474,0.567574,0.955483,-0.174041,-0.049053,0.233144,0.954472,-0.179504,-0.047718,0.233421,1.000000,
0.954472,-0.179504,-0.047718,0.233421,0.793664,-0.168831,-0.139474,0.567574,0.953695,-0.183587,-0.046719,0.233623,0.954472,-0.179504,-0.047718,0.233421,1.000000,
0.954472,-0.179504,-0.047718,0.233421,0.793664,-0.168831,-0.139474,0.567574,0.955483,-0.174041,-0.049053,0.233144,0.954472,-0.179504,-0.047718,0.233421,1.000000,
0.954472,-0.179504,-0.047718,0.233421,0.793664,-0.168831,-0.139474,0.567574,0.953695,-0.183587,-0.046719,0.233623,0.954472,-0.179504,-0.047718,0.233421,1.000000,
0.954472,-0.179504,-0.047718,0.233421,0.793664,-0.168831,-0.139474,0.567574,0.955483,-0.174041,-0.049053,0.233144,0.954472,-0.179504,-0.047718,0.233421,1.000000,
0.954472,-0.179504,-0.047718,0.233421,0.793664,-0.168831,-0.139474,0.567574,0.953695,-0.183587,-0.046719,0.233623,0.954472,-0.179504,-0.047718,0.233421,1.000000,
0.954472,-0.179504,-0.047718,0.233421,0.793664,-0.168831,-0.139474,0.567574,0.955483,-0.174041,-0.049053,0.233144,0.954472,-0.179504,-0.047718,0.233421,1.000000,
0.954472,-0.179504,-0.047718,0.233421,0.793664,-0.168831,-0.139474,0.567574,0.953695,-0.183587,-0.046719,0.233623,0.954472,-0.179504,-0.047718,0.233421,1.000000,
0.954472,-0.179504,-0.047718,0.233421,0.793664,-0.168831,-0.139474,0.567574,0.955483,-0.174041,-0.049053,0.233144,0.954472,-0.179504,-0.047718,0.233421,1.000000,
0.954472,-0.179504,-0.047718,0.233421,0.793664,-0.168831,-0.139474,0.567574,0.953695,-0.183587,-0.046719,0.233623,0.954472,-0.179504,-0.047718,0.233421,1.000000,
0.954472,-0.179504,-0.047718,0.233421,0.793664,-0.168831,-0.139474,0.567574,0.955483,-0.174041,-0.049053,0.233144,0.954472,-0.179504,-0.047718,0.233421,1.000000,
0.954472,-0.179504,-0.047718,0.233421,0.793664,-0.168831,-0.139474,0.567574,0.953695,-0.183587,-0.046719,0.233623,0.954472,-0.179504,-0.047718,0.233421,1.000000,
0.954472,-0.179504,-0.047718,0.233421,0.793664,-0.168831,-0.139474,0.567574,0.955483,-0.174041,-0.049053,0.233144,0.954472,-0.179504,-0.047718,0.233421,1.000000,
0.954472,-0.179504,-0.047718,0.233421,0.793664,-0.168831,-0.139474,0.567574,0.953695,-0.183587,-0.046719,0.233623,0.954472,-0.179504,-0.047718,0.233421,1.000000,
0.954472,-0.179504,-0.047718,0.233421,0.793664,-0.168831,-0.139474,0.567574,0.955483,-0.174041,-0.049053,0.233144,0.954472,-0.179504,-0.047718,0.233421,1.000000,
0.954472,-0.179504,-0.047718,0.233421,0.793664,-0.168831,-0.139474,0.567574,0.953695,-0.183587,-0.046719,0.233623,0.954472,-0.179504,-0.047718,0.233421,1.000000,
0.954472,-0.179504,-0.047718,0.233421,0.793664,-0.168831,-0.139474,0.567574,0.955483,-0.174041,-0.049053,0.233144,0.954472,-0.179504,-0.047718,0.233421,1.000000,
0.954472,-0.179504,-0.047718,0.233421,0.793664,-0.168831,-0.139474,0.567574,0.953695,-0.183587,-0.046719,0.233623,0.954472,-0.179504,-0.047718,0.233421,1.000000,
0.954472,-0.179504,-0.047718,0.233421,0.793664,-0.168831,-0.139474,0.567574,0.955483,-0.174041,-0.049053,0.233144,0.954472,-0.179504,-0.047718,0.233421,1.000000,
0.954472,-0.179504,-0.047718,0.233421,0.793664,-0.168831,-0.139474,0.567574,0.953695,-0.183587,-0.046719,0.233623,0.954472,-0.179504,-0.047718,0.233421,1.000000,
0.954472,-0.179504,-0.047718,0.233421,0.793664,-0.168831,-0.139474,0.567574,0.955483,-0.174041,-0.049053,0.233144,0.954472,-0.179504,-0.047718,0.233421,1.000000,
0.954472,-0.179504,-0.047718,0.233421,0.793664,-0.168831,-0.139474,0.567574,0.953695,-0.183587,-0.046719,0.233623,0.954472,-0.179504,-0.047718,0.233421,1.000000,
0.954472,-0.179504,-0.047718,0.233421,0.793664,-0.168831,-0.139474,0.567574,0.955483,-0.174041,-0.049052,0.233144,0.954472,-0.179504,-0.047718,0.233421,1.000000,
0.954472,-0.179504,-0.047718,0.233421,0.793664,-0.168831,-0.139474,0.567574,0.953695,-0.183587,-0.046719,0.233623,0.954472,-0.179504,-0.047718,0.233421,1.000000,
0.954472,-0.179504,-0.047718,0.233421,0.793664,-0.168831,-0.139474,0.567574,0.955483,-0.174041,-0.049052,0.233144,0.954472,-0.179504,-0.047718,0.233421,1.000000,
0.954472,-0.179504,-0.047718,0.233421,0.793664,-0.168831,-0.139474,0.567574,0.953695,-0.183587,-0.046719,0.233623,0.954472,-0.179504,-0.047718,0.233421,1.000000,
0.954472,-0.179504,-0.047718,0.233421,0.793664,-0.168831,-0.139474,0.567574,0.955483,-0.174041,-0.049052,0.233144,0.954472,-0.179504,-0.047718,0.233421,1.000000,
0.954472,-0.179504,-0.047718,0.233421,0.793664,-0.168831,-0.139474,0.567574,0.953695,-0.183587,-0.046719,0.233623,0.954472,-0.179504,-0.047718,0.233421,1.000000,
0.954472,-0.179504,-0.047718,0.233421,0.793664,-0.168831,-0.139474,0.567574,0.955483,-0.174041,-0.049052,0.233144,0.954472,-0.179504,-0.047718,0.233421,1.000000,
0.954472,-0.179504,-0.047718,0.233421,0.793664,-0.168831,-0.139474,0.567574,0.953695,-0.183588,-0.046719,0.233623,0.954472,-0.179504,-0.047718,0.233421,1.000000,
0.954472,-0.179504,-0.047718,0.233421,0.793664,-0.168831,-0.139474,0.567574,0.955483,-0.174042,-0.049052,0.233144,0.954472,-0.179504,-0.047718,0.233421,1.000000,
0.954472,-0.179504,-0.047718,0.233421,0.793664,-0.168831,-0.139474,0.567574,0.953695,-0.183588,-0.046719,0.233623,0.954472,-0.179504,-0.047718,0.233421,1.000000,
0.954472,-0.179504,-0.047718,0.233421,0.793664,-0.168831,-0.139474,0.567574,0.955483,-0.174042,-0.049052,0.233144,0.954472,-0.179504,-0.047718,0.233421,1.000000,
0.954472,-0.179504,-0.047718,0.233421,0.793664,-0.168831,-0.139474,0.567574,0.953695,-0.183588,-0.046719,0.233623,0.954472,-0.179504,-0.047718,0.233421,1.000000,
0.954472,-0.179504,-0.047718,0.233421,0.793664,-0.168831,-0.139474,0.567574,0.955483,-0.174042,-0.049052,0.233144,0.954472,-0.179504,-0.047718,0.233421,1.000000,
0.954472,-0.179504,-0.047718,0.233421,0.793664,-0.168831,-0.139474,0.567574,0.953695,-0.183588,-0.046719,0.233623,0.954472,-0.179504,-0.047718,0.233421,1.000000,
0.954472,-0.179504,-0.047718,0.233421,0.793664,-0.168831,-0.139474,0.567574,0.955483,-0.174042,-0.049052,0.233144,0.954472,-0.179504,-0.047718,0.233421,1.000000,
0.954472,-0.179504,-0.047718,0.233421,0.793664,-0.168831,-0.139474,0.567574,0.953695,-0.183588,-0.046719,0.233623,0.954472,-0.179504,-0.047718,0.233421,1.000000,
0.954472,-0.179504,-0.047718,0.233421,0.793664,-0.168831,-0.139474,0.567574,0.955483,-0.174042,-0.049052,0.233144,0.954472,-0.179504,-0.047718,0.233421,1.000000,
0.954472,-0.179504,-0.047718,0.233421,0.793664,-0.168831,-0.139474,0.567574,0.953695,-0.183588,-0.046718,0.233623,0.954472,-0.179504,-0.047718,0.233421,1.000000,
0.954472,-0.179504,-0.047718,0.233421,0.793664,-0.168831,-0.139474,0.567574,0.955483,-0.174042,-0.049052,0.233144,0.954472,-0.179504,-0.047718,0.233421,1.000000,
0.954472,-0.179504,-0.047718,0.233421,0.793664,-0.168831,-0.139474,0.567574,0.953695,-0.183588,-0.046718,0.233623,0.954472,-0.179504,-0.047718,0.233421,1.000000,
0.954472,-0.179504,-0.047718,0.233421,0.793664,-0.168831,-0.139474,0.567574,0.955483,-0.174042,-0.049052,0.233144,0.954472,-0.179504,-0.047718,0.233421,1.000000,
0.954472,-0.179504,-0.047718,0.233421,0.793664,-0.168831,-0.139474,0.567574,0.953694,-0.183588,-0.046718,0.233623,0.954472,-0.179504,-0.047718,0.233421,1.000000,
0.954472,-0.179504,-0.047718,0.233421,0.793664,-0.168831,-0.139474,0.567574,0.955483,-0.174042,-0.049052,0.233144,0.954472,-0.179504,-0.047718,0.233421,1.000000,
0.954472,-0.179504,-0.047718,0.233421,0.793664,-0.168831,-0.139474,0.567574,0.953694,-0.183588,-0.046718,0.233623,0.954472,-0.179504,-0.047718,0.233421,1.000000,
0.954472,-0.179504,-0.047718,0.233421,0.793664,-0.168831,-0.139474,0.567574,0.955483,-0.174042,-0.049052,0.233144,0.954472,-0.179504,-0.047718,0.233421,1.000000,
0.954472,-0.179504,-0.047718,0.233421,0.793664,-0.168831,-0.139474,0.567574,0.953694,-0.183588,-0.046718,0.233623,0.954472,-0.179504,-0.047718,0.233421,1.000000,
0.954472,-0.179504,-0.047718,0.233421,0.793664,-0.168831,-0.139474,0.567574,0.955483,-0.174042,-0.049052,0.233144,0.954472,-0.179504,-0.047718,0.233421,1.000000,
0.954472,-0.179504,-0.047718,0.233421,0.793664,-0.168831,-0.139474,0.567574,0.953694,-0.183588,-0.046718,0.233623,0.954472,-0.179504,-0.047718,0.233421,1.000000,
0.954472,-0.179504,-0.047718,0.233421,0.793664,-0.168831,-0.139474,0.567574,0.955483,-0.174042,-0.049052,0.233144,0.954472,-0.179504,-0.047718,0.233421,1.000000,
0.954472,-0.179504,-0.047718,0.233421,0.793664,-0.168831,-0.139474,0.567574,0.953694,-0.183588,-0.046718,0.233623,0.954472,-0.179504,-0.047718,0.233421,1.000000,
0.954472,-0.179504,-0.047718,0.233421,0.793664,-0.168831,-0.139474,0.567574,0.955483,-0.174042,-0.049052,0.233144,0.954472,-0.179504,-0.047718,0.233421,1.000000,
0.954472,-0.179504,-0.047718,0.233421,0.793664,-0.168831,-0.139474,0.567574,0.953694,-0.183588,-0.046718,0.233623,0.954472,-0.179504,-0.047718,0.233421,1.000000,
0.954472,-0.179504,-0.047718,0.233421,0.793664,-0.168831,-0.139474,0.567574,0.955483,-0.174042,-0.049052,0.233144,0.954472,-0.179504,-0.047718,0.233421,1.000000,
0.954472,-0.179504,-0.047718,0.233421,0.793664,-0.168831,-0.139474,0.567574,0.953694,-0.183588,-0.046718,0.233623,0.954472,-0.179504,-0.047718,0.233421,1.000000,
0.954472,-0.179504,-0.047718,0.233421,0.793664,-0.168831,-0.139474,0.567574,0.955483,-0.174042,-0.049052,0.233144,0.954472,-0.179504,-0.047718,0.233421,1.000000,
0.954472,-0.179504,-0.047718,0.233421,0.793664,-0.168831,-0.139474,0.567574,0.953694,-0.183588,-0.046718,0.233623,0.954472,-0.179504,-0.047718,0.233421,1.000000,
0.954472,-0.179504,-0.047718,0.233421,0.793664,-0.168831,-0.139474,0.567574,0.955483,-0.174043,-0.049052,0.233144,0.954472,-0.179504,-0.047718,0.233421,1.000000,
0.954472,-0.179504,-0.047718,0.233421,0.793664,-0.168831,-0.139474,0.567574,0.953694,-0.183589,-0.046718,0.233623,0.954472,-0.179504,-0.047718,0.233421,1.000000,
0.954472,-0.179504,-0.047718,0.233421,0.793664,-0.168831,-0.139474,0.567574,0.955483,-0.174043,-0.049052,0.233144,0.954472,-0.179504,-0.047718,0.233421,1.000000,
0.954472,-0.179504,-0.047718,0.233421,0.793664,-0.168831,-0.139474,0.567574,0.953694,-0.183589,-0.046718,0.233623,0.954472,-0.179504,-0.047718,0.233421,1.000000,
0.954472,-0.179504,-0.047718,0.233421,0.793664,-0.168831,-0.139474,0.567574,0.955483,-0.174043,-0.049052,0.233144,0.954472,-0.179504,-0.047718,0.233421,1.000000,
0.954472,-0.179504,-0.047718,0.233421,0.793664,-0.168831,-0.139474,0.567574,0.953694,-0.183589,-0.046718,0.233623,0.954472,-0.179504,-0.047718,0.233421,1.000000,
0.954472,-0.179504,-0.047718,0.233421,0.793664,-0.168831,-0.139474,0.567574,0.955483,-0.174043,-0.049052,0.233144,0.954472,-0.179504,-0.047718,0.233421,1.000000,
0.954472,-0.179504,-0.047718,0.233421,0.793664,-0.168831,-0.139474,0.567574,0.953694,-0.183589,-0.046718,0.233623,0.954472,-0.179504,-0.047718,0.233421,1.000000,
0.954472,-0.179504,-0.047718,0.233421,0.793664,-0.168831,-0.139474,0.567574,0.955483,-0.174043,-0.049052,0.233144,0.954472,-0.179504,-0.047718,0.233421,1.000000,
0.954472,-0.179504,-0.047718,0.233421,0.793664,-0.168831,-0.139474,0.567574,0.953694,-0.183589,-0.046718,0.233623,0.954472,-0.179504,-0.047718,0.233421,1.000000,
0.954472,-0.179504,-0.047718,0.233421,0.793664,-0.168831,-0.139474,0.567574,0.955483,-0.174043,-0.049052,0.233144,0.954472,-0.179504,-0.047718,0.233421,1.000000,
0.954472,-0.179504,-0.047718,0.233421,0.793664,-0.168831,-0.139474,0.567574,0.953694,-0.183589,-0.046718,0.233623,0.954472,-0.179504,-0.047718,0.233421,1.000000,
0.954472,-0.179504,-0.047718,0.233421,0.793664,-0.168831,-0.139474,0.567574,0.955482,-0.174043,-0.049052,0.233144,0.954472,-0.179504,-0.047718,0.233421,1.000000,
0.954472,-0.179504,-0.047718,0.233421,0.793664,-0.168831,-0.139474,0.567574,0.953694,-0.183589,-0.046718,0.233623,0.954472,-0.179504,-0.047718,0.233421,1.000000,
0.954472,-0.179504,-0.047718,0.233421,0.793664,-0.168831,-0.139474,0.567574,0.955482,-0.174043,-0.049052,0.233144,0.954472,-0.179504,-0.047718,0.233421,1.000000,
0.954472,-0.179504,-0.047718,0.233421,0.793664,-0.168831,-0.139474,0.567574,0.953694,-0.183589,-0.046718,0.233623,0.954472,-0.179504,-0.047718,0.233421,1.000000,
0.954472,-0.179504,-0.047718,0.233421,0.793664,-0.168831,-0.139474,0.567574,0.955482,-0.174043,-0.049052,0.233144,0.954472,-0.179504,-0.047718,0.233421,1.000000,
0.954472,-0.179504,-0.047718,0.233421,0.793664,-0.168831,-0.139474,0.567574,0.953694,-0.183589,-0.046718,0.233623,0.954472,-0.179504,-0.047718,0.233421,1.000000,
0.954472,-0.179504,-0.047718,0.233421,0.793664,-0.168831,-0.139474,0.567574,0.955482,-0.174043,-0.049052,0.233144,0.954472,-0.179504,-0.047718,0.233421,1.000000,
0.954472,-0.179504,-0.047718,0.233421,0.793664,-0.168831,-0.139474,0.567574,0.953694,-0.183589,-0.046718,0.233623,0.954472,-0.179504,-0.047718,0.233421,1.000000,
0.954472,-0.179504,-0.047718,0.233421,0.793664,-0.168831,-0.139474,0.567574,0.955482,-0.174043,-0.049052,0.233144,0.954472,-0.179504,-0.047718,0.233421,1.000000,
0.954472,-0.179504,-0.047718,0.233421,0.793664,-0.168831,-0.139474,0.567574,0.953694,-0.183589,-0.046718,0.233623,0.954472,-0.179504,-0.047718,0.233421,1.000000,
0.954472,-0.179504,-0.047718,0.233421,0.793664,-0.168831,-0.139474,0.567574,0.955482,-0.174043,-0.049052,0.233144,0.954472,-0.179504,-0.047718,0.233421,1.000000,
0.954472,-0.179504,-0.047718,0.233421,0.793664,-0.168831,-0.139474,0.567574,0.953694,-0.183589,-0.046718,0.233623,0.954472,-0.179504,-0.047718,0.233421,1.000000,
0.954472,-0.179504,-0.047718,0.233421,0.793664,-0.168831,-0.139474,0.567574,0.955482,-0.174043,-0.049052,0.233144,0.954472,-0.179504,-0.047718,0.233421,1.000000,
0.954472,-0.179504,-0.047718,0.233421,0.793664,-0.168831,-0.139474,0.567574,0.953694,-0.183589,-0.046718,0.233623,0.954472,-0.179504,-0.047718,0.233421,1.000000,
0.954472,-0.179504,-0.047718,0.233421,0.793664,-0.168831,-0.139474,0.567574,0.955482,-0.174043,-0.049052,0.233144,0.954472,-0.179504,-0.047718,0.233421,1.000000,
0.954472,-0.179504,-0.047718,0.233421,0.793664,-0.168831,-0.139474,0.567574,0.953694,-0.183589,-0.046718,0.233623,0.954472,-0.179504,-0.047718,0.233421,1.000000,
0.954472,-0.179504,-0.047718,0.233421,0.793664,-0.168831,-0.139474,0.567574,0.955482,-0.174043,-0.049052,0.233144,0.954472,-0.179504,-0.047718,0.233421,1.000000,
0.954472,-0.179504,-0.047718,0.233421,0.793664,-0.168831,-0.139474,0.567574,0.953694,-0.183590,-0.046718,0.233623,0.954472,-0.179504,-0.047718,0.233421,1.000000,
0.954472,-0.179504,-0.047718,0.233421,0.793664,-0.168831,-0.139474,0.567574,0.955482,-0.174044,-0.049052,0.233144,0.954472,-0.179504,-0.047718,0.233421,1.000000,
0.954472,-0.179504,-0.047718,0.233421,0.793664,-0.168831,-0.139474,0.567574,0.953694,-0.183590,-0.046718,0.233623,0.954472,-0.179504,-0.047718,0.233421,1.000000,
0.954472,-0.179504,-0.047718,0.233421,0.793664,-0.168831,-0.139474,0.567574,0.955482,-0.174044,-0.049052,0.233144,0.954472,-0.179504,-0.047718,0.233421,1.000000,
0.954472,-0.179504,-0.047718,0.233421,0.793664,-0.168831,-0.139474,0.567574,0.953694,-0.183590,-0.046718,0.233623,0.954472,-0.179504,-0.047718,0.233421,1.000000,
0.954472,-0.179504,-0.047718,0.233421,0.793664,-0.168831,-0.139474,0.567574,0.955482,-0.174044,-0.049052,0.233144,0.954472,-0.179504,-0.047718,0.233421,1.000000,
0.954472,-0.179504,-0.047718,0.233421,0.793664,-0.168831,-0.139474,0.567574,0.953694,-0.183590,-0.046718,0.233623,0.954472,-0.179504,-0.047718,0.233421,1.000000,
0.954472,-0.179504,-0.047718,0.233421,0.793664,-0.168831,-0.139474,0.567574,0.955482,-0.174044,-0.049052,0.233144,0.954472,-0.179504,-0.047718,0.233421,1.000000,
0.954472,-0.179504,-0.047718,0.233421,0.793664,-0.168831,-0.139474,0.567574,0.953694,-0.183590,-0.046718,0.233623,0.954472,-0.179504,-0.047718,0.233421,1.000000,
0.954472,-0.179504,-0.047718,0.233421,0.793664,-0.168831,-0.139474,0.567574,0.955482,-0.174044,-0.049052,0.233144,0.954472,-0.179504,-0.047718,0.233421,1.000000,
0.954472,-0.179504,-0.047718,0.233421,0.793664,-0.168831,-0.139474,0.567574,0.953694,-0.183590,-0.046718,0.233623,0.954472,-0.179504,-0.047718,0.233421,1.000000,
0.954472,-0.179504,-0.047718,0.233421,0.793664,-0.168831,-0.139474,0.567574,0.955482,-0.174044,-0.049052,0.233144,0.954472,-0.179504,-0.047718,0.233421,1.000000,
0.954472,-0.179504,-0.047718,0.233421,0.793664,-0.168831,-0.139474,0.567574,0.953694,-0.183590,-0.046718,0.233623,0.954472,-0.179504,-0.047718,0.233421,1.000000,
0.954472,-0.179504,-0.047718,0.233421,0.793664,-0.168831,-0.139474,0.567574,0.955482,-0.174044,-0.049052,0.233144,0.954472,-0.179504,-0.047718,0.233421,1.000000,
0.954472,-0.179504,-0.047718,0.233421,0.793664,-0.168831,-0.139474,0.567574,0.953694,-0.183590,-0.046718,0.233623,0.954472,-0.179504,-0.047718,0.233421,1.000000,
0.954472,-0.179504,-0.047718,0.233421,0.793664,-0.168831,-0.139474,0.567574,0.955482,-0.174044,-0.049052,0.233144,0.954472,-0.179504,-0.047718,0.233421,1.000000,
0.954472,-0.179504,-0.047718,0.233421,0.793664,-0.168831,-0.139474,0.567574,0.953694,-0.183590,-0.046718,0.233623,0.954472,-0.179504,-0.047718,0.233421,1.000000,
0.954472,-0.179504,-0.047718,0.233421,0.793664,-0.168831,-0.139474,0.567574,0.955482,-0.174044,-0.049052,0.233144,0.954472,-0.179504,-0.047718,0.233421,1.000000,
0.954472,-0.179504,-0.047718,0.233421,0.793664,-0.168831,-0.139474,0.567574,0.953694,-0.183590,-0.046718,0.233623,0.954472,-0.179504,-0.047718,0.233421,1.000000,
0.954472,-0.179504,-0.047718,0.233421,0.793664,-0.168831,-0.139474,0.567574,0.955482,-0.174044,-0.049052,0.233144,0.954472,-0.179504,-0.047718,0.233421,1.000000,
0.954472,-0.179504,-0.047718,0.233421,0.793664,-0.168831,-0.139474,0.567574,0.953694,-0.183590,-0.046718,0.233623,0.954472,-0.179504,-0.047718,0.233421,1.000000,
0.954472,-0.179504,-0.047718,0.233421,0.793664,-0.168831,-0.139474,0.567574,0.955482,-0.174044,-0.049052,0.233144,0.954472,-0.179504,-0.047718,0.233421,1.000000,
0.954472,-0.179504,-0.047718,0.233421,0.793664,-0.168831,-0.139474,0.567574,0.953694,-0.183590,-0.046718,0.233623,0.954472,-0.179504,-0.047718,0.233421,1.000000,
0.954472,-0.179504,-0.047718,0.233421,0.793664,-0.168831,-0.139474,0.567574,0.955482,-0.174044,-0.049052,0.233144,0.954472,-0.179504,-0.047718,0.233421,1.000000,
0.954472,-0.179504,-0.047718,0.233421,0.793664,-0.168831,-0.139474,0.567574,0.953694,-0.183590,-0.046718,0.233623,0.954472,-0.179504,-0.047718,0.233421,1.000000,
0.954472,-0.179504,-0.047718,0.233421,0.793664,-0.168831,-0.139474,0.567574,0.955482,-0.174044,-0.049052,0.233144,0.954472,-0.179504,-0.047718,0.233421,1.000000,
0.954472,-0.179504,-0.047718,0.233421,0.793664,-0.168831,-0.139474,0.567574,0.953694,-0.183590,-0.046718,0.233623,0.954472,-0.179504,-0.047718,0.233421,1.000000,
0.954472,-0.179504,-0.047718,0.233421,0.793664,-0.168831,-0.139474,0.567574,0.955482,-0.174044,-0.049052,0.233144,0.954472,-0.179504,-0.047718,0.233421,1.000000,
0.954472,-0.179504,-0.047718,0.233421,0.793664,-0.168831,-0.139474,0.567574,0.953694,-0.183590,-0.046718,0.233623,0.954472,-0.179504,-0.047718,0.233421,1.000000,
0.954472,-0.179504,-0.047718,0.233421,0.793664,-0.168831,-0.139474,0.567574,0.955482,-0.174044,-0.049052,0.233144,0.954472,-0.179504,-0.047718,0.233421,1.000000,
0.954472,-0.179504,-0.047718,0.233421,0.793664,-0.168831,-0.139474,0.567574,0.953694,-0.183591,-0.046718,0.233623,0.954472,-0.179504,-0.047718,0.233421,1.000000,
0.954472,-0.179504,-0.047718,0.233421,0.793664,-0.168831,-0.139474,0.567574,0.955482,-0.174045,-0.049052,0.233144,0.954472,-0.179504,-0.047718,0.233421,1.000000,
0.954472,-0.179504,-0.047718,0.233421,0.793664,-0.168831,-0.139474,0.567574,0.953694,-0.183591,-0.046718,0.233623,0.954472,-0.179504,-0.047718,0.233421,1.000000,
0.954472,-0.179504,-0.047718,0.233421,0.793664,-0.168831,-0.139474,0.567574,0.955482,-0.174045,-0.049052,0.233144,0.954472,-0.179504,-0.047718,0.233421,1.000000,
0.954472,-0.179504,-0.047718,0.233421,0.793664,-0.168831,-0.139474,0.567574,0.953694,-0.183591,-0.046718,0.233623,0.954472,-0.179504,-0.047718,0.233421,1.000000,
0.954472,-0.179504,-0.047718,0.233421,0.793664,-0.168831,-0.139474,0.567574,0.955482,-0.174045,-0.049052,0.233144,0.954472,-0.179504,-0.047718,0.233421,1.000000,
0.954472,-0.179504,-0.047718,0.233421,0.793664,-0.168831,-0.139474,0.567574,0.953694,-0.183591,-0.046718,0.233623,0.954472,-0.179504,-0.047718,0.233421,1.000000,
0.954472,-0.179504,-0.047718,0.233421,0.793664,-0.168831,-0.139474,0.567574,0.955482,-0.174045,-0.049052,0.233144,0.954472,-0.179504,-0.047718,0.233421,1.000000,
0.954472,-0.179504,-0.047718,0.233421,0.793664,-0.168831,-0.139474,0.567574,0.953694,-0.183591,-0.046718,0.233623,0.954472,-0.179504,-0.047718,0.233421,1.000000,
0.954472,-0.179504,-0.047718,0.233421,0.793664,-0.168831,-0.139474,0.567574,0.955482,-0.174045,-0.049052,0.233144,0.954472,-0.179504,-0.047718,0.233421,1.000000,
0.954472,-0.179504,-0.047718,0.233421,0.793664,-0.168831,-0.139474,0.567574,0.953694,-0.183591,-0.046718,0.233623,0.954472,-0.179504,-0.047718,0.233421,1.000000,
0.954472,-0.179504,-0.047718,0.233421,0.793664,-0.168831,-0.139474,0.567574,0.955482,-0.174045,-0.049052,0.233144,0.954472,-0.179504,-0.047718,0.233421,1.000000,
0.954472,-0.179504,-0.047718,0.233421,0.793664,-0.168831,-0.139474,0.567574,0.953694,-0.183591,-0.046718,0.233623,0.954472,-0.179504,-0.047718,0.233421,1.000000,
0.954472,-0.179504,-0.047718,0.233421,0.793664,-0.168831,-0.139474,0.567574,0.955482,-0.174045,-0.049052,0.233144,0.954472,-0.179504,-0.047718,0.233421,1.000000,
0.954472,-0.179504,-0.047718,0.233421,0.793664,-0.168831,-0.139474,0.567574,0.953694,-0.183591,-0.046718,0.233623,0.954472,-0.179504,-0.047718,0.233421,1.000000,
0.954472,-0.179504,-0.047718,0.233421,0.793664,-0.168831,-0.139474,0.567574,0.955482,-0.174045,-0.049052,0.233144,0.954472,-0.179504,-0.047718,0.233421,1.000000,
0.954472,-0.179504,-0.047718,0.233421,0.793664,-0.168831,-0.139474,0.567574,0.953694,-0.183591,-0.046718,0.233623,0.954472,-0.179504,-0.047718,0.233421,1.000000,
0.954472,-0.179504,-0.047718,0.233421,0.793664,-0.168831,-0.139474,0.567574,0.955482,-0.174045,-0.049052,0.233144,0.954472,-0.179504,-0.047718,0.233421,1.000000,
0.954472,-0.179504,-0.047718,0.233421,0.793664,-0.168831,-0.139474,0.567574,0.953694,-0.183591,-0.046718,0.233623,0.954472,-0.179504,-0.047718,0.233421,1.000000,
0.954472,-0.179504,-0.047718,0.233421,0.793664,-0.168831,-0.139474,0.567574,0.955482,-0.174045,-0.049052,0.233144,0.954472,-0.179504,-0.047718,0.233421,1.000000,
0.954472,-0.179504,-0.047718,0.233421,0.793664,-0.168831,-0.139474,0.567574,0.953694,-0.183591,-0.046718,0.233623,0.954472,-0.179504,-0.047718,0.233421,1.000000,
0.954472,-0.179504,-0.047718,0.233421,0.793664,-0.168831,-0.139474,0.567574,0.955482,-0.174045,-0.049052,0.233144,0.954472,-0.179504,-0.047718,0.233421,1.000000,
0.954472,-0.179504,-0.047718,0.233421,0.793664,-0.168831,-0.139474,0.567574,0.953694,-0.183591,-0.046718,0.233623,0.954472,-0.179504,-0.047718,0.233421,1.000000,
0.954472,-0.179504,-0.047718,0.233421,0.793664,-0.168831,-0.139474,0.567574,0.955482,-0.174045,-0.049052,0.233144,0.954472,-0.179504,-0.047718,0.233421,1.000000,
0.954472,-0.179504,-0.047718,0.233421,0.793664,-0.168831,-0.139474,0.567574,0.953694,-0.183591,-0.046718,0.233623,0.954472,-0.179504,-0.047718,0.233421,1.000000,
0.954472,-0.179504,-0.047718,0.233421,0.793664,-0.168831,-0.139474,0.567574,0.955482,-0.174045,-0.049051,0.233144,0.954472,-0.179504,-0.047718,0.233421,1.000000,
0.954472,-0.179504,-0.047718,0.233421,0.793664,-0.168831,-0.139474,0.567574,0.953694,-0.183591,-0.046718,0.233623,0.954472,-0.179504,-0.047718,0.233421,1.000000,
0.954472,-0.179504,-0.047718,0.233421,0.793664,-0.168831,-0.139474,0.567574,0.955482,-0.174045,-0.049051,0.233144,0.954472,-0.179504,-0.047718,0.233421,1.000000,
0.954472,-0.179504,-0.047718,0.233421,0.793664,-0.168831,-0.139474,0.567574,0.953694,-0.183591,-0.046718,0.233623,0.954472,-0.179504,-0.047718,0.233421,1.000000,
0.954472,-0.179504,-0.047718,0.233421,0.793664,-0.168831,-0.139474,0.567574,0.955482,-0.174046,-0.049051,0.233144,0.954472,-0.179504,-0.047718,0.233421,1.000000,
0.954472,-0.179504,-0.047718,0.233421,0.793664,-0.168831,-0.139474,0.567574,0.953694,-0.183592,-0.046718,0.233623,0.954472,-0.179504,-0.047718,0.233421,1.000000,
0.954472,-0.179504,-0.047718,0.233421,0.793664,-0.168831,-0.139474,0.567574,0.955482,-0.174046,-0.049051,0.233144,0.954472,-0.179504,-0.047718,0.233421,1.000000,
0.954472,-0.179504,-0.047718,0.233421,0.793664,-0.168831,-0.139474,0.567574,0.953694,-0.183592,-0.046718,0.233623,0.954472,-0.179504,-0.047718,0.233421,1.000000,
0.954472,-0.179504,-0.047718,0.233421,0.793664,-0.168831,-0.139474,0.567574,0.955482,-0.174046,-0.049051,0.233144,0.954472,-0.179504,-0.047718,0.233421,1.000000,
0.954472,-0.179504,-0.047718,0.233421,0.793664,-0.168831,-0.139474,0.567574,0.953694,-0.183592,-0.046718,0.233623,0.954472,-0.179504,-0.047718,0.233421,1.000000,
0.954472,-0.179504,-0.047718,0.233421,0.793664,-0.168831,-0.139474,0.567574,0.955482,-0.174046,-0.049051,0.233144,0.954472,-0.179504,-0.047718,0.233421,1.000000,
0.954472,-0.179504,-0.047718,0.233421,0.793664,-0.168831,-0.139474,0.567574,0.953694,-0.183592,-0.046718,0.233623,0.954472,-0.179504,-0.047718,0.233421,1.000000,
0.954472,-0.179504,-0.047718,0.233421,0.793664,-0.168831,-0.139474,0.567574,0.955482,-0.174046,-0.049051,0.233144,0.954472,-0.179504,-0.047718,0.233421,1.000000,
0.954472,-0.179504,-0.047718,0.233421,0.793664,-0.168831,-0.139474,0.567574,0.953694,-0.183592,-0.046718,0.233623,0.954472,-0.179504,-0.047718,0.233421,1.000000,
0.954472,-0.179504,-0.047718,0.233421,0.793664,-0.168831,-0.139474,0.567574,0.955482,-0.174046,-0.049051,0.233144,0.954472,-0.179504,-0.047718,0.233421,1.000000,
0.954472,-0.179504,-0.047718,0.233421,0.793664,-0.168831,-0.139474,0.567574,0.953694,-0.183592,-0.046717,0.233623,0.954472,-0.179504,-0.047718,0.233421,1.000000,
0.954472,-0.179504,-0.047718,0.233421,0.793664,-0.168831,-0.139474,0.567574,0.955482,-0.174046,-0.049051,0.233144,0.954472,-0.179504,-0.047718,0.233421,1.000000,
0.954472,-0.179504,-0.047718,0.233421,0.793664,-0.168831,-0.139474,0.567574,0.953694,-0.183592,-0.046717,0.233623,0.954472,-0.179504,-0.047718,0.233421,1.000000,
0.954472,-0.179504,-0.047718,0.233421,0.793664,-0.168831,-0.139474,0.567574,0.955482,-0.174046,-0.049051,0.233144,0.954472,-0.179504,-0.047718,0.233421,1.000000,
0.954472,-0.179504,-0.047718,0.233421,0.793664,-0.168831,-0.139474,0.567574,0.953694,-0.183592,-0.046717,0.233623,0.954472,-0.179504,-0.047718,0.233421,1.000000,
0.954472,-0.179504,-0.047718,0.233421,0.793664,-0.168831,-0.139474,0.567574,0.955482,-0.174046,-0.049051,0.233144,0.954472,-0.179504,-0.047718,0.233421,1.000000,
0.954472,-0.179504,-0.047718,0.233421,0.793664,-0.168831,-0.139474,0.567574,0.953694,-0.183592,-0.046717,0.233623,0.954472,-0.179504,-0.047718,0.233421,1.000000,
0.954472,-0.179504,-0.047718,0.233421,0.793664,-0.168831,-0.139474,0.567574,0.955482,-0.174046,-0.049051,0.233144,0.954472,-0.179504,-0.047718,0.233421,1.000000,
0.954472,-0.179504,-0.047718,0.233421,0.793664,-0.168831,-0.139474,0.567574,0.953694,-0.183592,-0.046717,0.233623,0.954472,-0.179504,-0.047718,0.233421,1.000000,
0.954472,-0.179504,-0.047718,0.233421,0.793664,-0.168831,-0.139474,0.567574,0.955482,-0.174046,-0.049051,0.233144,0.954472,-0.179504,-0.047718,0.233421,1.000000,
0.954472,-0.179504,-0.047718,0.233421,0.793664,-0.168831,-0.139474,0.567574,0.953694,-0.183592,-0.046717,0.233623,0.954472,-0.179504,-0.047718,0.233421,1.000000,
0.954472,-0.179504,-0.047718,0.233421,0.793664,-0.168831,-0.139474,0.567574,0.955482,-0.174046,-0.049051,0.233144,0.954472,-0.179504,-0.047718,0.233421,1.000000,
0.954472,-0.179504,-0.047718,0.233421,0.793664,-0.168831,-0.139474,0.567574,0.953694,-0.183592,-0.046717,0.233623,0.954472,-0.179504,-0.047718,0.233421,1.000000,
0.954472,-0.179504,-0.047718,0.233421,0.793664,-0.168831,-0.139474,0.567574,0.955482,-0.174046,-0.049051,0.233144,0.954472,-0.179504,-0.047718,0.233421,1.000000,
0.954472,-0.179504,-0.047718,0.233421,0.793664,-0.168831,-0.139474,0.567574,0.953694,-0.183592,-0.046717,0.233623,0.954472,-0.179504,-0.047718,0.233421,1.000000,
0.954472,-0.179504,-0.047718,0.233421,0.793664,-0.168831,-0.139474,0.567574,0.955482,-0.174046,-0.049051,0.233144,0.954472,-0.179504,-0.047718,0.233421,1.000000,
0.954472,-0.179504,-0.047718,0.233421,0.793664,-0.168831,-0.139474,0.567574,0.953694,-0.183592,-0.046717,0.233623,0.954472,-0.179504,-0.047718,0.233421,1.000000,
0.954472,-0.179504,-0.047718,0.233421,0.793664,-0.168831,-0.139474,0.567574,0.955482,-0.174046,-0.049051,0.233144,0.954472,-0.179504,-0.047718,0.233421,1.000000,
0.954472,-0.179504,-0.047718,0.233421,0.793664,-0.168831,-0.139474,0.567574,0.953694,-0.183593,-0.046717,0.233623,0.954472,-0.179504,-0.047718,0.233421,1.000000,
0.954472,-0.179504,-0.047718,0.233421,0.793664,-0.168831,-0.139474,0.567574,0.955482,-0.174047,-0.049051,0.233144,0.954472,-0.179504,-0.047718,0.233421,1.000000,
0.954472,-0.179504,-0.047718,0.233421,0.793664,-0.168831,-0.139474,0.567574,0.953694,-0.183593,-0.046717,0.233623,0.954472,-0.179504,-0.047718,0.233421,1.000000,
0.954472,-0.179504,-0.047718,0.233421,0.793664,-0.168831,-0.139474,0.567574,0.955482,-0.174047,-0.049051,0.233144,0.954472,-0.179504,-0.047718,0.233421,1.000000,
0.954472,-0.179504,-0.047718,0.233421,0.793664,-0.168831,-0.139474,0.567574,0.953694,-0.183593,-0.046717,0.233623,0.954472,-0.179504,-0.047718,0.233421,1.000000,
0.954472,-0.179504,-0.047718,0.233421,0.793664,-0.168831,-0.139474,0.567574,0.955482,-0.174047,-0.049051,0.233144,0.954472,-0.179504,-0.047718,0.233421,1.000000,
0.954472,-0.179504,-0.047718,0.233421,0.793664,-0.168831,-0.139474,0.567574,0.953694,-0.183593,-0.046717,0.233623,0.954472,-0.179504,-0.047718,0.233421,1.000000,
0.954472,-0.179504,-0.047718,0.233421,0.793664,-0.168831,-0.139474,0.567574,0.955482,-0.174047,-0.049051,0.233144,0.954472,-0.179504,-0.047718,0.233421,1.000000,
0.954472,-0.179504,-0.047718,0.233421,0.793664,-0.168831,-0.139474,0.567574,0.953694,-0.183593,-0.046717,0.233623,0.954472,-0.179504,-0.047718,0.233421,1.000000,
0.954472,-0.179504,-0.047718,0.233421,0.793664,-0.168831,-0.139474,0.567574,0.955482,-0.174047,-0.049051,0.233144,0.954472,-0.179504,-0.047718,0.233421,1.000000,
0.954472,-0.179504,-0.047718,0.233421,0.793664,-0.168831,-0.139474,0.567574,0.953694,-0.183593,-0.046717,0.233623,0.954472,-0.179504,-0.047718,0.233421,1.000000,
0.954472,-0.179504,-0.047718,0.233421,0.793664,-0.168831,-0.139474,0.567574,0.955482,-0.174047,-0.049051,0.233144,0.954472,-0.179504,-0.047718,0.233421,1.000000,
0.954472,-0.179504,-0.047718,0.233421,0.793664,-0.168831,-0.139474,0.567574,0.953694,-0.183593,-0.046717,0.233623,0.954472,-0.179504,-0.047718,0.233421,1.000000,
0.954472,-0.179504,-0.047718,0.233421,0.793664,-0.168831,-0.139474,0.567574,0.955482,-0.174047,-0.049051,0.233144,0.954472,-0.179504,-0.047718,0.233421,1.000000,
0.954472,-0.179504,-0.047718,0.233421,0.793664,-0.168831,-0.139474,0.567574,0.953694,-0.183593,-0.046717,0.233623,0.954472,-0.179504,-0.047718,0.233421,1.000000,
0.954472,-0.179504,-0.047718,0.233421,0.793664,-0.168831,-0.139474,0.567574,0.955482,-0.174047,-0.049051,0.233144,0.954472,-0.179504,-0.047718,0.233421,1.000000,
0.954472,-0.179504,-0.047718,0.233421,0.793664,-0.168831,-0.139474,0.567574,0.953694,-0.183593,-0.046717,0.233623,0.954472,-0.179504,-0.047718,0.233421,1.000000,
0.954472,-0.179504,-0.047718,0.233421,0.793664,-0.168831,-0.139474,0.567574,0.955482,-0.174047,-0.049051,0.233144,0.954472,-0.179504,-0.047718,0.233421,1.000000,
0.954472,-0.179504,-0.047718,0.233421,0.793664,-0.168831,-0.139474,0.567574,0.953694,-0.183593,-0.046717,0.233623,0.954472,-0.179504,-0.047718,0.233421,1.000000,
0.954472,-0.179504,-0.047718,0.233421,0.793664,-0.168831,-0.139474,0.567574,0.955482,-0.174047,-0.049051,0.233144,0.954472,-0.179504,-0.047718,0.233421,1.000000,
0.954472,-0.179504,-0.047718,0.233421,0.793664,-0.168831,-0.139474,0.567574,0.953693,-0.183593,-0.046717,0.233623,0.954472,-0.179504,-0.047718,0.233421,1.000000,
0.954472,-0.179504,-0.047718,0.233421,0.793664,-0.168831,-0.139474,0.567574,0.955482,-0.174047,-0.049051,0.233144,0.954472,-0.179504,-0.047718,0.233421,1.000000,
0.954472,-0.179504,-0.047718,0.233421,0.793664,-0.168831,-0.139474,0.567574,0.953693,-0.183593,-0.046717,0.233623,0.954472,-0.179504,-0.047718,0.233421,1.000000,
0.954472,-0.179504,-0.047718,0.233421,0.793664,-0.168831,-0.139474,0.567574,0.955482,-0.174047,-0.049051,0.233144,0.954472,-0.179504,-0.047718,0.233421,1.000000,
0.954472,-0.179504,-0.047718,0.233421,0.793664,-0.168831,-0.139474,0.567574,0.953693,-0.183593,-0.046717,0.233623,0.954472,-0.179504,-0.047718,0.233421,1.000000,
0.954472,-0.179504,-0.047718,0.233421,0.793664,-0.168831,-0.139474,0.567574,0.955482,-0.174047,-0.049051,0.233144,0.954472,-0.179504,-0.047718,0.233421,1.000000,
0.954472,-0.179504,-0.047718,0.233421,0.793664,-0.168831,-0.139474,0.567574,0.953693,-0.183593,-0.046717,0.233623,0.954472,-0.179504,-0.047718,0.233421,1.000000,
0.954472,-0.179504,-0.047718,0.233421,0.793664,-0.168831,-0.139474,0.567574,0.955482,-0.174047,-0.049051,0.233144,0.954472,-0.179504,-0.047718,0.233421,1.000000,
0.954472,-0.179504,-0.047718,0.233421,0.793664,-0.168831,-0.139474,0.567574,0.953693,-0.183593,-0.046717,0.233623,0.954472,-0.179504,-0.047718,0.233421,1.000000,
0.954472,-0.179504,-0.047718,0.233421,0.793664,-0.168831,-0.139474,0.567574,0.955482,-0.174048,-0.049051,0.233144,0.954472,-0.179504,-0.047718,0.233421,1.000000,
0.954472,-0.179504,-0.047718,0.233421,0.793664,-0.168831,-0.139474,0.567574,0.953693,-0.183594,-0.046717,0.233623,0.954472,-0.179504,-0.047718,0.233421,1.000000,
0.954472,-0.179504,-0.047718,0.233421,0.793664,-0.168831,-0.139474,0.567574,0.955482,-0.174048,-0.049051,0.233144,0.954472,-0.179504,-0.047718,0.233421,1.000000,
0.954472,-0.179504,-0.047718,0.233421,0.793664,-0.168831,-0.139474,0.567574,0.953693,-0.183594,-0.046717,0.233623,0.954472,-0.179504,-0.047718,0.233421,1.000000,
0.954472,-0.179504,-0.047718,0.233421,0.793664,-0.168831,-0.139474,0.567574,0.955482,-0.174048,-0.049051,0.233144,0.954472,-0.179504,-0.047718,0.233421,1.000000,
0.954472,-0.179504,-0.047718,0.233421,0.793664,-0.168831,-0.139474,0.567574,0.953693,-0.183594,-0.046717,0.233623,0.954472,-0.179504,-0.047718,0.233421,1.000000,
0.954472,-0.179504,-0.047718,0.233421,0.793664,-0.168831,-0.139474,0.567574,0.955482,-0.174048,-0.049051,0.233144,0.954472,-0.179504,-0.047718,0.233421,1.000000,
0.954472,-0.179504,-0.047718,0.233421,0.793664,-0.168831,-0.139474,0.567574,0.953693,-0.183594,-0.046717,0.233623,0.954472,-0.179504,-0.047718,0.233421,1.000000,
0.954472,-0.179504,-0.047718,0.233421,0.793664,-0.168831,-0.139474,0.567574,0.955482,-0.174048,-0.049051,0.233144,0.954472,-0.179504,-0.047718,0.233421,1.000000,
0.954472,-0.179504,-0.047718,0.233421,0.793664,-0.168831,-0.139474,0.567574,0.953693,-0.183594,-0.046717,0.233623,0.954472,-0.179504,-0.047718,0.233421,1.000000,
0.954472,-0.179504,-0.047718,0.233421,0.793664,-0.168831,-0.139474,0.567574,0.955482,-0.174048,-0.049051,0.233144,0.954472,-0.179504,-0.047718,0.233421,1.000000,
0.954472,-0.179504,-0.047718,0.233421,0.793664,-0.168831,-0.139474,0.567574,0.953693,-0.183594,-0.046717,0.233623,0.954472,-0.179504,-0.047718,0.233421,1.000000,
0.954472,-0.179504,-0.047718,0.233421,0.793664,-0.168831,-0.139474,0.567574,0.955482,-0.174048,-0.049051,0.233144,0.954472,-0.179504,-0.047718,0.233421,1.000000,
0.954472,-0.179504,-0.047718,0.233421,0.793664,-0.168831,-0.139474,0.567574,0.953693,-0.183594,-0.046717,0.233623,0.954472,-0.179504,-0.047718,0.233421,1.000000,
0.954472,-0.179504,-0.047718,0.233421,0.793664,-0.168831,-0.139474,0.567574,0.955482,-0.174048,-0.049051,0.233144,0.954472,-0.179504,-0.047718,0.233421,1.000000,
0.954472,-0.179504,-0.047718,0.233421,0.793664,-0.168831,-0.139474,0.567574,0.953693,-0.183594,-0.046717,0.233623,0.954472,-0.179504,-0.047718,0.233421,1.000000,
0.954472,-0.179504,-0.047718,0.233421,0.793664,-0.168831,-0.139474,0.567574,0.955482,-0.174048,-0.049051,0.233144,0.954472,-0.179504,-0.047718,0.233421,1.000000,
0.954472,-0.179504,-0.047718,0.233421,0.793664,-0.168831,-0.139474,0.567574,0.953693,-0.183594,-0.046717,0.233623,0.954472,-0.179504,-0.047718,0.233421,1.000000,
0.954472,-0.179504,-0.047718,0.233421,0.793664,-0.168831,-0.139474,0.567574,0.955482,-0.174048,-0.049051,0.233144,0.954472,-0.179504,-0.047718,0.233421,1.000000,
0.954472,-0.179504,-0.047718,0.233421,0.793664,-0.168831,-0.139474,0.567574,0.953693,-0.183594,-0.046717,0.233623,0.954472,-0.179504,-0.047718,0.233421,1.000000,
0.954472,-0.179504,-0.047718,0.233421,0.793664,-0.168831,-0.139474,0.567574,0.955482,-0.174048,-0.049051,0.233144,0.954472,-0.179504,-0.047718,0.233421,1.000000,
0.954472,-0.179504,-0.047718,0.233421,0.793664,-0.168831,-0.139474,0.567574,0.953693,-0.183594,-0.046717,0.233623,0.954472,-0.179504,-0.047718,0.233421,1.000000,
0.954472,-0.179504,-0.047718,0.233421,0.793664,-0.168831,-0.139474,0.567574,0.955482,-0.174048,-0.049051,0.233144,0.954472,-0.179504,-0.047718,0.233421,1.000000,
0.954472,-0.179504,-0.047718,0.233421,0.793664,-0.168831,-0.139474,0.567574,0.953693,-0.183594,-0.046717,0.233623,0.954472,-0.179504,-0.047718,0.233421,1.000000,
0.954472,-0.179504,-0.047718,0.233421,0.793664,-0.168831,-0.139474,0.567574,0.955482,-0.174048,-0.049051,0.233144,0.954472,-0.179504,-0.047718,0.233421,1.000000,
0.954472,-0.179504,-0.047718,0.233421,0.793664,-0.168831,-0.139474,0.567574,0.953693,-0.183594,-0.046717,0.233623,0.954472,-0.179504,-0.047718,0.233421,1.000000,
0.954472,-0.179504,-0.047718,0.233421,0.793664,-0.168831,-0.139474,0.567574,0.955482,-0.174048,-0.049051,0.233144,0.954472,-0.179504,-0.047718,0.233421,1.000000,
0.954472,-0.179504,-0.047718,0.233421,0.793664,-0.168831,-0.139474,0.567574,0.953693,-0.183594,-0.046717,0.233623,0.954472,-0.179504,-0.047718,0.233421,1.000000,
0.954472,-0.179504,-0.047718,0.233421,0.793664,-0.168831,-0.139474,0.567574,0.955481,-0.174048,-0.049051,0.233144,0.954472,-0.179504,-0.047718,0.233421,1.000000,
0.954472,-0.179504,-0.047718,0.233421,0.793664,-0.168831,-0.139474,0.567574,0.953693,-0.183594,-0.046717,0.233623,0.954472,-0.179504,-0.047718,0.233421,1.000000,
0.954472,-0.179504,-0.047718,0.233421,0.793664,-0.168831,-0.139474,0.567574,0.955481,-0.174049,-0.049051,0.233144,0.954472,-0.179504,-0.047718,0.233421,1.000000,
0.954472,-0.179504,-0.047718,0.233421,0.793664,-0.168831,-0.139474,0.567574,0.953693,-0.183595,-0.046717,0.233623,0.954472,-0.179504,-0.047718,0.233421,1.000000,
0.954472,-0.179504,-0.047718,0.233421,0.793664,-0.168831,-0.139474,0.567574,0.955481,-0.174049,-0.049051,0.233144,0.954472,-0.179504,-0.047718,0.233421,1.000000,
0.954472,-0.179504,-0.047718,0.233421,0.793664,-0.168831,-0.139474,0.567574,0.953693,-0.183595,-0.046717,0.233623,0.954472,-0.179504,-0.047718,0.233421,1.000000,
0.954472,-0.179504,-0.047718,0.233421,0.793664,-0.168831,-0.139474,0.567574,0.955481,-0.174049,-0.049051,0.233144,0.954472,-0.179504,-0.047718,0.233421,1.000000,
0.954472,-0.179504,-0.047718,0.233421,0.793664,-0.168831,-0.139474,0.567574,0.953693,-0.183595,-0.046717,0.233623,0.954472,-0.179504,-0.047718,0.233421,1.000000,
0.954472,-0.179504,-0.047718,0.233421,0.793664,-0.168831,-0.139474,0.567574,0.955481,-0.174049,-0.049051,0.233144,0.954472,-0.179504,-0.047718,0.233421,1.000000,
0.954472,-0.179504,-0.047718,0.233421,0.793664,-0.168831,-0.139474,0.567574,0.953693,-0.183595,-0.046717,0.233623,0.954472,-0.179504,-0.047718,0.233421,1.000000,
0.954472,-0.179504,-0.047718,0.233421,0.793664,-0.168831,-0.139474,0.567574,0.955481,-0.174049,-0.049051,0.233144,0.954472,-0.179504,-0.047718,0.233421,1.000000,
0.954472,-0.179504,-0.047718,0.233421,0.793664,-0.168831,-0.139474,0.567574,0.953693,-0.183595,-0.046717,0.233623,0.954472,-0.179504,-0.047718,0.233421,1.000000,
0.954472,-0.179504,-0.047718,0.233421,0.793664,-0.168831,-0.139474,0.567574,0.955481,-0.174049,-0.049051,0.233144,0.954472,-0.179504,-0.047718,0.233421,1.000000,
0.954472,-0.179504,-0.047718,0.233421,0.793664,-0.168831,-0.139474,0.567574,0.953693,-0.183595,-0.046717,0.233623,0.954472,-0.179504,-0.047718,0.233421,1.000000,
0.954472,-0.179504,-0.047718,0.233421,0.793664,-0.168831,-0.139474,0.567574,0.955481,-0.174049,-0.049051,0.233144,0.954472,-0.179504,-0.047718,0.233421,1.000000,
0.954472,-0.179504,-0.047718,0.233421,0.793664,-0.168831,-0.139474,0.567574,0.953693,-0.183595,-0.046717,0.233623,0.954472,-0.179504,-0.047718,0.233421,1.000000,
0.954472,-0.179504,-0.047718,0.233421,0.793664,-0.168831,-0.139474,0.567574,0.955481,-0.174049,-0.049051,0.233144,0.954472,-0.179504,-0.047718,0.233421,1.000000,
0.954472,-0.179504,-0.047718,0.233421,0.793664,-0.168831,-0.139474,0.567574,0.953693,-0.183595,-0.046717,0.233623,0.954472,-0.179504,-0.047718,0.233421,1.000000,
0.954472,-0.179504,-0.047718,0.233421,0.793664,-0.168831,-0.139474,0.567574,0.955481,-0.174049,-0.049051,0.233144,0.954472,-0.179504,-0.047718,0.233421,1.000000,
0.954472,-0.179504,-0.047718,0.233421,0.793664,-0.168831,-0.139474,0.567574,0.953693,-0.183595,-0.046717,0.233623,0.954472,-0.179504,-0.047718,0.233421,1.000000,
0.954472,-0.179504,-0.047718,0.233421,0.793664,-0.168831,-0.139474,0.567574,0.955481,-0.174049,-0.049051,0.233144,0.954472,-0.179504,-0.047718,0.233421,1.000000,
0.954472,-0.179504,-0.047718,0.233421,0.793664,-0.168831,-0.139474,0.567574,0.953693,-0.183595,-0.046717,0.233623,0.954472,-0.179504,-0.047718,0.233421,1.000000,
0.954472,-0.179504,-0.047718,0.233421,0.793664,-0.168831,-0.139474,0.567574,0.955481,-0.174049,-0.049051,0.233144,0.954472,-0.179504,-0.047718,0.233421,1.000000,
0.954472,-0.179504,-0.047718,0.233421,0.793664,-0.168831,-0.139474,0.567574,0.953693,-0.183595,-0.046717,0.233623,0.954472,-0.179504,-0.047718,0.233421,1.000000,
0.954472,-0.179504,-0.047718,0.233421,0.793664,-0.168831,-0.139474,0.567574,0.955481,-0.174049,-0.049051,0.233144,0.954472,-0.179504,-0.047718,0.233421,1.000000,
0.954472,-0.179504,-0.047718,0.233421,0.793664,-0.168831,-0.139474,0.567574,0.953693,-0.183595,-0.046717,0.233623,0.954472,-0.179504,-0.047718,0.233421,1.000000,
0.954472,-0.179504,-0.047718,0.233421,0.793664,-0.168831,-0.139474,0.567574,0.955481,-0.174049,-0.049051,0.233144,0.954472,-0.179504,-0.047718,0.233421,1.000000,
0.954472,-0.179504,-0.047718,0.233421,0.793664,-0.168831,-0.139474,0.567574,0.953693,-0.183595,-0.046717,0.233623,0.954472,-0.179504,-0.047718,0.233421,1.000000,
0.954472,-0.179504,-0.047718,0.233421,0.793664,-0.168831,-0.139474,0.567574,0.955481,-0.174049,-0.049051,0.233144,0.954472,-0.179504,-0.047718,0.233421,1.000000,
0.954472,-0.179504,-0.047718,0.233421,0.793664,-0.168831,-0.139474,0.567574,0.953693,-0.183595,-0.046717,0.233623,0.954472,-0.179504,-0.047718,0.233421,1.000000,
0.954472,-0.179504,-0.047718,0.233421,0.793664,-0.168831,-0.139474,0.567574,0.955481,-0.174049,-0.049050,0.233144,0.954472,-0.179504,-0.047718,0.233421,1.000000,
0.954472,-0.179504,-0.047718,0.233421,0.793664,-0.168831,-0.139474,0.567574,0.953693,-0.183596,-0.046717,0.233623,0.954472,-0.179504,-0.047718,0.233421,1.000000,
0.954472,-0.179504,-0.047718,0.233421,0.793664,-0.168831,-0.139474,0.567574,0.955481,-0.174050,-0.049050,0.233144,0.954472,-0.179504,-0.047718,0.233421,1.000000,
0.954472,-0.179504,-0.047718,0.233421,0.793664,-0.168831,-0.139474,0.567574,0.953693,-0.183596,-0.046717,0.233623,0.954472,-0.179504,-0.047718,0.233421,1.000000,
0.954472,-0.179504,-0.047718,0.233421,0.793664,-0.168831,-0.139474,0.567574,0.955481,-0.174050,-0.049050,0.233144,0.954472,-0.179504,-0.047718,0.233421,1.000000,
0.954472,-0.179504,-0.047718,0.233421,0.793664,-0.168831,-0.139474,0.567574,0.953693,-0.183596,-0.046717,0.233623,0.954472,-0.179504,-0.047718,0.233421,1.000000,
0.954472,-0.179504,-0.047718,0.233421,0.793664,-0.168831,-0.139474,0.567574,0.955481,-0.174050,-0.049050,0.233144,0.954472,-0.179504,-0.047718,0.233421,1.000000,
0.954472,-0.179504,-0.047718,0.233421,0.793664,-0.168831,-0.139474,0.567574,0.953693,-0.183596,-0.046717,0.233623,0.954472,-0.179504,-0.047718,0.233421,1.000000,
0.954472,-0.179504,-0.047718,0.233421,0.793664,-0.168831,-0.139474,0.567574,0.955481,-0.174050,-0.049050,0.233144,0.954472,-0.179504,-0.047718,0.233421,1.000000,
0.954472,-0.179504,-0.047718,0.233421,0.793664,-0.168831,-0.139474,0.567574,0.953693,-0.183596,-0.046717,0.233623,0.954472,-0.179504,-0.047718,0.233421,1.000000,
0.954472,-0.179504,-0.047718,0.233421,0.793664,-0.168831,-0.139474,0.567574,0.955481,-0.174050,-0.049050,0.233144,0.954472,-0.179504,-0.047718,0.233421,1.000000,
0.954472,-0.179504,-0.047718,0.233421,0.793664,-0.168831,-0.139474,0.567574,0.953693,-0.183596,-0.046717,0.233623,0.954472,-0.179504,-0.047718,0.233421,1.000000,
0.954472,-0.179504,-0.047718,0.233421,0.793664,-0.168831,-0.139474,0.567574,0.955481,-0.174050,-0.049050,0.233144,0.954472,-0.179504,-0.047718,0.233421,1.000000,
0.954472,-0.179504,-0.047718,0.233421,0.793664,-0.168831,-0.139474,0.567574,0.953693,-0.183596,-0.046717,0.233623,0.954472,-0.179504,-0.047718,0.233421,1.000000,
0.954472,-0.179504,-0.047718,0.233421,0.793664,-0.168831,-0.139474,0.567574,0.955481,-0.174050,-0.049050,0.233144,0.954472,-0.179504,-0.047718,0.233421,1.000000,
0.954472,-0.179504,-0.047718,0.233421,0.793664,-0.168831,-0.139474,0.567574,0.953693,-0.183596,-0.046716,0.233623,0.954472,-0.179504,-0.047718,0.233421,1.000000,
0.954472,-0.179504,-0.047718,0.233421,0.793664,-0.168831,-0.139474,0.567574,0.955481,-0.174050,-0.049050,0.233144,0.954472,-0.179504,-0.047718,0.233421,1.000000,
0.954472,-0.179504,-0.047718,0.233421,0.793664,-0.168831,-0.139474,0.567574,0.953693,-0.183596,-0.046716,0.233623,0.954472,-0.179504,-0.047718,0.233421,1.000000,
0.954472,-0.179504,-0.047718,0.233421,0.793664,-0.168831,-0.139474,0.567574,0.955481,-0.174050,-0.049050,0.233144,0.954472,-0.179504,-0.047718,0.233421,1.000000,
0.954472,-0.179504,-0.047718,0.233421,0.793664,-0.168831,-0.139474,0.567574,0.953693,-0.183596,-0.046716,0.233623,0.954472,-0.179504,-0.047718,0.233421,1.000000,
0.954472,-0.179504,-0.047718,0.233421,0.793664,-0.168831,-0.139474,0.567574,0.955481,-0.174050,-0.049050,0.233144,0.954472,-0.179504,-0.047718,0.233421,1.000000,
0.954472,-0.179504,-0.047718,0.233421,0.793664,-0.168831,-0.139474,0.567574,0.953693,-0.183596,-0.046716,0.233623,0.954472,-0.179504,-0.047718,0.233421,1.000000,
0.954472,-0.179504,-0.047718,0.233421,0.793664,-0.168831,-0.139474,0.567574,0.955481,-0.174050,-0.049050,0.233144,0.954472,-0.179504,-0.047718,0.233421,1.000000,
0.954472,-0.179504,-0.047718,0.233421,0.793664,-0.168831,-0.139474,0.567574,0.953693,-0.183596,-0.046716,0.233623,0.954472,-0.179504,-0.047718,0.233421,1.000000,
0.954472,-0.179504,-0.047718,0.233421,0.793664,-0.168831,-0.139474,0.567574,0.955481,-0.174050,-0.049050,0.233144,0.954472,-0.179504,-0.047718,0.233421,1.000000,
0.954472,-0.179504,-0.047718,0.233421,0.793664,-0.168831,-0.139474,0.567574,0.953693,-0.183596,-0.046716,0.233623,0.954472,-0.179504,-0.047718,0.233421,1.000000,
0.954472,-0.179504,-0.047718,0.233421,0.793664,-0.168831,-0.139474,0.567574,0.955481,-0.174050,-0.049050,0.233144,0.954472,-0.179504,-0.047718,0.233421,1.000000,
0.954472,-0.179504,-0.047718,0.233421,0.793664,-0.168831,-0.139474,0.567574,0.953693,-0.183596,-0.046716,0.233623,0.954472,-0.179504,-0.047718,0.233421,1.000000,
0.954472,-0.179504,-0.047718,0.233421,0.793664,-0.168831,-0.139474,0.567574,0.955481,-0.174050,-0.049050,0.233144,0.954472,-0.179504,-0.047718,0.233421,1.000000,
0.954472,-0.179504,-0.047718,0.233421,0.793664,-0.168831,-0.139474,0.567574,0.953693,-0.183596,-0.046716,0.233623,0.954472,-0.179504,-0.047718,0.233421,1.000000,
0.954472,-0.179504,-0.047718,0.233421,0.793664,-0.168831,-0.139474,0.567574,0.955481,-0.174051,-0.049050,0.233144,0.954472,-0.179504,-0.047718,0.233421,1.000000,
0.954472,-0.179504,-0.047718,0.233421,0.793664,-0.168831,-0.139474,0.567574,0.953693,-0.183597,-0.046716,0.233623,0.954472,-0.179504,-0.047718,0.233421,1.000000,
0.954472,-0.179504,-0.047718,0.233421,0.793664,-0.168831,-0.139474,0.567574,0.955481,-0.174051,-0.049050,0.233144,0.954472,-0.179504,-0.047718,0.233421,1.000000,
0.954472,-0.179504,-0.047718,0.233421,0.793664,-0.168831,-0.139474,0.567574,0.953693,-0.183597,-0.046716,0.233623,0.954472,-0.179504,-0.047718,0.233421,1.000000,
0.954472,-0.179504,-0.047718,0.233421,0.793664,-0.168831,-0.139474,0.567574,0.955481,-0.174051,-0.049050,0.233144,0.954472,-0.179504,-0.047718,0.233421,1.000000,
0.954472,-0.179504,-0.047718,0.233421,0.793664,-0.168831,-0.139474,0.567574,0.953693,-0.183597,-0.046716,0.233623,0.954472,-0.179504,-0.047718,0.233421,1.000000,
0.954472,-0.179504,-0.047718,0.233421,0.793664,-0.168831,-0.139474,0.567574,0.955481,-0.174051,-0.049050,0.233144,0.954472,-0.179504,-0.047718,0.233421,1.000000,
0.954472,-0.179504,-0.047718,0.233421,0.793664,-0.168831,-0.139474,0.567574,0.953693,-0.183597,-0.046716,0.233623,0.954472,-0.179504,-0.047718,0.233421,1.000000,
0.954472,-0.179504,-0.047718,0.233421,0.793664,-0.168831,-0.139474,0.567574,0.955481,-0.174051,-0.049050,0.233144,0.954472,-0.179504,-0.047718,0.233421,1.000000,
0.954472,-0.179504,-0.047718,0.233421,0.793664,-0.168831,-0.139474,0.567574,0.953693,-0.183597,-0.046716,0.233623,0.954472,-0.179504,-0.047718,0.233421,1.000000,
0.954472,-0.179504,-0.047718,0.233421,0.793664,-0.168831,-0.139474,0.567574,0.955481,-0.174051,-0.049050,0.233144,0.954472,-0.179504,-0.047718,0.233421,1.000000,
0.954472,-0.179504,-0.047718,0.233421,0.793664,-0.168831,-0.139474,0.567574,0.953693,-0.183597,-0.046716,0.233623,0.954472,-0.179504,-0.047718,0.233421,1.000000,
0.954472,-0.179504,-0.047718,0.233421,0.793664,-0.168831,-0.139474,0.567574,0.955481,-0.174051,-0.049050,0.233144,0.954472,-0.179504,-0.047718,0.233421,1.000000,
0.954472,-0.179504,-0.047718,0.233421,0.793664,-0.168831,-0.139474,0.567574,0.953693,-0.183597,-0.046716,0.233623,0.954472,-0.179504,-0.047718,0.233421,1.000000,
0.954472,-0.179504,-0.047718,0.233421,0.793664,-0.168831,-0.139474,0.567574,0.955481,-0.174051,-0.049050,0.233144,0.954472,-0.179504,-0.047718,0.233421,1.000000,
0.954472,-0.179504,-0.047718,0.233421,0.793664,-0.168831,-0.139474,0.567574,0.953693,-0.183597,-0.046716,0.233623,0.954472,-0.179504,-0.047718,0.233421,1.000000,
0.954472,-0.179504,-0.047718,0.233421,0.793664,-0.168831,-0.139474,0.567574,0.955481,-0.174051,-0.049050,0.233144,0.954472,-0.179504,-0.047718,0.233421,1.000000,
0.954472,-0.179504,-0.047718,0.233421,0.793664,-0.168831,-0.139474,0.567574,0.953693,-0.183597,-0.046716,0.233623,0.954472,-0.179504,-0.047718,0.233421,1.000000,
0.954472,-0.179504,-0.047718,0.233421,0.793664,-0.168831,-0.139474,0.567574,0.955481,-0.174051,-0.049050,0.233144,0.954472,-0.179504,-0.047718,0.233421,1.000000,
0.954472,-0.179504,-0.047718,0.233421,0.793664,-0.168831,-0.139474,0.567574,0.953693,-0.183597,-0.046716,0.233623,0.954472,-0.179504,-0.047718,0.233421,1.000000,
0.954472,-0.179504,-0.047718,0.233421,0.793664,-0.168831,-0.139474,0.567574,0.955481,-0.174051,-0.049050,0.233144,0.954472,-0.179504,-0.047718,0.233421,1.000000,
0.954472,-0.179504,-0.047718,0.233421,0.793664,-0.168831,-0.139474,0.567574,0.953693,-0.183597,-0.046716,0.233623,0.954472,-0.179504,-0.047718,0.233421,1.000000,
0.954472,-0.179504,-0.047718,0.233421,0.793664,-0.168831,-0.139474,0.567574,0.955481,-0.174051,-0.049050,0.233144,0.954472,-0.179504,-0.047718,0.233421,1.000000,
0.954472,-0.179504,-0.047718,0.233421,0.793664,-0.168831,-0.139474,0.567574,0.953693,-0.183597,-0.046716,0.233623,0.954472,-0.179504,-0.047718,0.233421,1.000000,
0.954472,-0.179504,-0.047718,0.233421,0.793664,-0.168831,-0.139474,0.567574,0.955481,-0.174051,-0.049050,0.233144,0.954472,-0.179504,-0.047718,0.233421,1.000000,
0.954472,-0.179504,-0.047718,0.233421,0.793664,-0.168831,-0.139474,0.567574,0.953693,-0.183597,-0.046716,0.233623,0.954472,-0.179504,-0.047718,0.233421,1.000000,
0.954472,-0.179504,-0.047718,0.233421,0.793664,-0.168831,-0.139474,0.567574,0.955481,-0.174051,-0.049050,0.233144,0.954472,-0.179504,-0.047718,0.233421,1.000000,
0.954472,-0.179504,-0.047718,0.233421,0.793664,-0.168831,-0.139474,0.567574,0.953693,-0.183597,-0.046716,0.233623,0.954472,-0.179504,-0.047718,0.233421,1.000000,
0.954472,-0.179504,-0.047718,0.233421,0.793664,-0.168831,-0.139474,0.567574,0.955481,-0.174051,-0.049050,0.233144,0.954472,-0.179504,-0.047718,0.233421,1.000000,
0.954472,-0.179504,-0.047718,0.233421,0.793664,-0.168831,-0.139474,0.567574,0.953693,-0.183597,-0.046716,0.233623,0.954472,-0.179504,-0.047718,0.233421,1.000000,
0.954472,-0.179504,-0.047718,0.233421,0.793664,-0.168831,-0.139474,0.567574,0.955481,-0.174052,-0.049050,0.233144,0.954472,-0.179504,-0.047718,0.233421,1.000000,
0.954472,-0.179504,-0.047718,0.233421,0.793664,-0.168831,-0.139474,0.567574,0.953693,-0.183598,-0.046716,0.233623,0.954472,-0.179504,-0.047718,0.233421,1.000000,
0.954472,-0.179504,-0.047718,0.233421,0.793664,-0.168831,-0.139474,0.567574,0.955481,-0.174052,-0.049050,0.233145,0.954472,-0.179504,-0.047718,0.233421,1.000000,
0.954472,-0.179504,-0.047718,0.233421,0.793664,-0.168831,-0.139474,0.567574,0.953693,-0.183598,-0.046716,0.233623,0.954472,-0.179504,-0.047718,0.233421,1.000000,
0.954472,-0.179504,-0.047718,0.233421,0.793664,-0.168831,-0.139474,0.567574,0.955481,-0.174052,-0.049050,0.233145,0.954472,-0.179504,-0.047718,0.233421,1.000000,
0.954472,-0.179504,-0.047718,0.233421,0.793664,-0.168831,-0.139474,0.567574,0.953693,-0.183598,-0.046716,0.233623,0.954472,-0.179504,-0.047718,0.233421,1.000000,
0.954472,-0.179504,-0.047718,0.233421,0.793664,-0.168831,-0.139474,0.567574,0.955481,-0.174052,-0.049050,0.233145,0.954472,-0.179504,-0.047718,0.233421,1.000000,
0.954472,-0.179504,-0.047718,0.233421,0.793664,-0.168831,-0.139474,0.567574,0.953693,-0.183598,-0.046716,0.233623,0.954472,-0.179504,-0.047718,0.233421,1.000000,
0.954472,-0.179504,-0.047718,0.233421,0.793664,-0.168831,-0.139474,0.567574,0.955481,-0.174052,-0.049050,0.233145,0.954472,-0.179504,-0.047718,0.233421,1.000000,
0.954472,-0.179504,-0.047718,0.233421,0.793664,-0.168831,-0.139474,0.567574,0.953693,-0.183598,-0.046716,0.233623,0.954472,-0.179504,-0.047718,0.233421,1.000000,
0.954472,-0.179504,-0.047718,0.233421,0.793664,-0.168831,-0.139474,0.567574,0.955481,-0.174052,-0.049050,0.233145,0.954472,-0.179504,-0.047718,0.233421,1.000000,
0.954472,-0.179504,-0.047718,0.233421,0.793664,-0.168831,-0.139474,0.567574,0.953693,-0.183598,-0.046716,0.233623,0.954472,-0.179504,-0.047718,0.233421,1.000000,
0.954472,-0.179504,-0.047718,0.233421,0.793664,-0.168831,-0.139474,0.567574,0.955481,-0.174052,-0.049050,0.233145,0.954472,-0.179504,-0.047718,0.233421,1.000000,
0.954472,-0.179504,-0.047718,0.233421,0.793664,-0.168831,-0.139474,0.567574,0.953693,-0.183598,-0.046716,0.233623,0.954472,-0.179504,-0.047718,0.233421,1.000000,
0.954472,-0.179504,-0.047718,0.233421,0.793664,-0.168831,-0.139474,0.567574,0.955481,-0.174052,-0.049050,0.233145,0.954472,-0.179504,-0.047718,0.233421,1.000000,
0.954472,-0.179504,-0.047718,0.233421,0.793664,-0.168831,-0.139474,0.567574,0.953693,-0.183598,-0.046716,0.233623,0.954472,-0.179504,-0.047718,0.233421,1.000000,
0.954472,-0.179504,-0.047718,0.233421,0.793664,-0.168831,-0.139474,0.567574,0.955481,-0.174052,-0.049050,0.233145,0.954472,-0.179504,-0.047718,0.233421,1.000000,
0.954472,-0.179504,-0.047718,0.233421,0.793664,-0.168831,-0.139474,0.567574,0.953693,-0.183598,-0.046716,0.233623,0.954472,-0.179504,-0.047718,0.233421,1.000000,
0.954472,-0.179504,-0.047718,0.233421,0.793664,-0.168831,-0.139474,0.567574,0.955481,-0.174052,-0.049050,0.233145,0.954472,-0.179504,-0.047718,0.233421,1.000000,
0.954472,-0.179504,-0.047718,0.233421,0.793664,-0.168831,-0.139474,0.567574,0.953693,-0.183598,-0.046716,0.233623,0.954472,-0.179504,-0.047718,0.233421,1.000000,
0.954472,-0.179504,-0.047718,0.233421,0.793664,-0.168831,-0.139474,0.567574,0.955481,-0.174052,-0.049050,0.233145,0.954472,-0.179504,-0.047718,0.233421,1.000000,
0.954472,-0.179504,-0.047718,0.233421,0.793664,-0.168831,-0.139474,0.567574,0.953693,-0.183598,-0.046716,0.233623,0.954472,-0.179504,-0.047718,0.233421,1.000000,
0.954472,-0.179504,-0.047718,0.233421,0.793664,-0.168831,-0.139474,0.567574,0.955481,-0.174052,-0.049050,0.233145,0.954472,-0.179504,-0.047718,0.233421,1.000000,
0.954472,-0.179504,-0.047718,0.233421,0.793664,-0.168831,-0.139474,0.567574,0.953693,-0.183598,-0.046716,0.233623,0.954472,-0.179504,-0.047718,0.233421,1.000000,
0.954472,-0.179504,-0.047718,0.233421,0.793664,-0.168831,-0.139474,0.567574,0.955481,-0.174052,-0.049050,0.233145,0.954472,-0.179504,-0.047718,0.233421,1.000000,
0.954472,-0.179504,-0.047718,0.233421,0.793664,-0.168831,-0.139474,0.567574,0.953693,-0.183598,-0.046716,0.233623,0.954472,-0.179504,-0.047718,0.233421,1.000000,
0.954472,-0.179504,-0.047718,0.233421,0.793664,-0.168831,-0.139474,0.567574,0.955481,-0.174052,-0.049050,0.233145,0.954472,-0.179504,-0.047718,0.233421,1.000000,
0.954472,-0.179504,-0.047718,0.233421,0.793664,-0.168831,-0.139474,0.567574,0.953692,-0.183598,-0.046716,0.233623,0.954472,-0.179504,-0.047718,0.233421,1.000000,
0.954472,-0.179504,-0.047718,0.233421,0.793664,-0.168831,-0.139474,0.567574,0.955481,-0.174052,-0.049050,0.233145,0.954472,-0.179504,-0.047718,0.233421,1.000000,
0.954472,-0.179504,-0.047718,0.233421,0.793664,-0.168831,-0.139474,0.567574,0.953692,-0.183598,-0.046716,0.233623,0.954472,-0.179504,-0.047718,0.233421,1.000000,
0.954472,-0.179504,-0.047718,0.233421,0.793664,-0.168831,-0.139474,0.567574,0.955481,-0.174053,-0.049050,0.233145,0.954472,-0.179504,-0.047718,0.233421,1.000000,
0.954472,-0.179504,-0.047718,0.233421,0.793664,-0.168831,-0.139474,0.567574,0.953692,-0.183599,-0.046716,0.233623,0.954472,-0.179504,-0.047718,0.233421,1.000000,
0.954472,-0.179504,-0.047718,0.233421,0.793664,-0.168831,-0.139474,0.567574,0.955481,-0.174053,-0.049050,0.233145,0.954472,-0.179504,-0.047718,0.233421,1.000000,
0.954472,-0.179504,-0.047718,0.233421,0.793664,-0.168831,-0.139474,0.567574,0.953692,-0.183599,-0.046716,0.233623,0.954472,-0.179504,-0.047718,0.233421,1.000000,
0.954472,-0.179504,-0.047718,0.233421,0.793664,-0.168831,-0.139474,0.567574,0.955481,-0.174053,-0.049050,0.233145,0.954472,-0.179504,-0.047718,0.233421,1.000000,
0.954472,-0.179504,-0.047718,0.233421,0.793664,-0.168831,-0.139474,0.567574,0.953692,-0.183599,-0.046716,0.233623,0.954472,-0.179504,-0.047718,0.233421,1.000000,
0.954472,-0.179504,-0.047718,0.233421,0.793664,-0.168831,-0.139474,0.567574,0.955481,-0.174053,-0.049050,0.233145,0.954472,-0.179504,-0.047718,0.233421,1.000000,
0.954472,-0.179504,-0.047718,0.233421,0.793664,-0.168831,-0.139474,0.567574,0.953692,-0.183599,-0.046716,0.233623,0.954472,-0.179504,-0.047718,0.233421,1.000000,
0.954472,-0.179504,-0.047718,0.233421,0.793664,-0.168831,-0.139474,0.567574,0.955481,-0.174053,-0.049050,0.233145,0.954472,-0.179504,-0.047718,0.233421,1.000000,
0.954472,-0.179504,-0.047718,0.233421,0.793664,-0.168831,-0.139474,0.567574,0.953692,-0.183599,-0.046716,0.233623,0.954472,-0.179504,-0.047718,0.233421,1.000000,
0.954472,-0.179504,-0.047718,0.233421,0.793664,-0.168831,-0.139474,0.567574,0.955481,-0.174053,-0.049050,0.233145,0.954472,-0.179504,-0.047718,0.233421,1.000000,
0.954472,-0.179504,-0.047718,0.233421,0.793664,-0.168831,-0.139474,0.567574,0.953692,-0.183599,-0.046716,0.233623,0.954472,-0.179504,-0.047718,0.233421,1.000000,
0.954472,-0.179504,-0.047718,0.233421,0.793664,-0.168831,-0.139474,0.567574,0.955481,-0.174053,-0.049050,0.233145,0.954472,-0.179504,-0.047718,0.233421,1.000000,
0.954472,-0.179504,-0.047718,0.233421,0.793664,-0.168831,-0.139474,0.567574,0.953692,-0.183599,-0.046716,0.233623,0.954472,-0.179504,-0.047718,0.233421,1.000000,
0.954472,-0.179504,-0.047718,0.233421,0.793664,-0.168831,-0.139474,0.567574,0.955481,-0.174053,-0.049050,0.233145,0.954472,-0.179504,-0.047718,0.233421,1.000000,
0.954472,-0.179504,-0.047718,0.233421,0.793664,-0.168831,-0.139474,0.567574,0.953692,-0.183599,-0.046716,0.233623,0.954472,-0.179504,-0.047718,0.233421,1.000000,
0.954472,-0.179504,-0.047718,0.233421,0.793664,-0.168831,-0.139474,0.567574,0.955481,-0.174053,-0.049050,0.233145,0.954472,-0.179504,-0.047718,0.233421,1.000000,
0.954472,-0.179504,-0.047718,0.233421,0.793664,-0.168831,-0.139474,0.567574,0.953692,-0.183599,-0.046716,0.233623,0.954472,-0.179504,-0.047718,0.233421,1.000000,
0.954472,-0.179504,-0.047718,0.233421,0.793664,-0.168831,-0.139474,0.567574,0.955481,-0.174053,-0.049050,0.233145,0.954472,-0.179504,-0.047718,0.233421,1.000000,
0.954472,-0.179504,-0.047718,0.233421,0.793664,-0.168831,-0.139474,0.567574,0.953692,-0.183599,-0.046716,0.233623,0.954472,-0.179504,-0.047718,0.233421,1.000000,
0.954472,-0.179504,-0.047718,0.233421,0.793664,-0.168831,-0.139474,0.567574,0.955481,-0.174053,-0.049050,0.233145,0.954472,-0.179504,-0.047718,0.233421,1.000000,
0.954472,-0.179504,-0.047718,0.233421,0.793664,-0.168831,-0.139474,0.567574,0.953692,-0.183599,-0.046716,0.233623,0.954472,-0.179504,-0.047718,0.233421,1.000000,
0.954472,-0.179504,-0.047718,0.233421,0.793664,-0.168831,-0.139474,0.567574,0.955481,-0.174053,-0.049050,0.233145,0.954472,-0.179504,-0.047718,0.233421,1.000000,
0.954472,-0.179504,-0.047718,0.233421,0.793664,-0.168831,-0.139474,0.567574,0.953692,-0.183599,-0.046716,0.233623,0.954472,-0.179504,-0.047718,0.233421,1.000000,
0.954472,-0.179504,-0.047718,0.233421,0.793664,-0.168831,-0.139474,0.567574,0.955481,-0.174053,-0.049050,0.233145,0.954472,-0.179504,-0.047718,0.233421,1.000000,
0.954472,-0.179504,-0.047718,0.233421,0.793664,-0.168831,-0.139474,0.567574,0.953692,-0.183599,-0.046716,0.233623,0.954472,-0.179504,-0.047718,0.233421,1.000000,
0.954472,-0.179504,-0.047718,0.233421,0.793664,-0.168831,-0.139474,0.567574,0.955481,-0.174053,-0.049050,0.233145,0.954472,-0.179504,-0.047718,0.233421,1.000000,
0.954472,-0.179504,-0.047718,0.233421,0.793664,-0.168831,-0.139474,0.567574,0.953692,-0.183599,-0.046716,0.233623,0.954472,-0.179504,-0.047718,0.233421,1.000000,
0.954472,-0.179504,-0.047718,0.233421,0.793664,-0.168831,-0.139474,0.567574,0.955481,-0.174053,-0.049050,0.233145,0.954472,-0.179504,-0.047718,0.233421,1.000000,
0.954472,-0.179504,-0.047718,0.233421,0.793664,-0.168831,-0.139474,0.567574,0.953692,-0.183600,-0.046716,0.233623,0.954472,-0.179504,-0.047718,0.233421,1.000000,
0.954472,-0.179504,-0.047718,0.233421,0.793664,-0.168831,-0.139474,0.567574,0.955481,-0.174054,-0.049049,0.233145,0.954472,-0.179504,-0.047718,0.233421,1.000000,
0.954472,-0.179504,-0.047718,0.233421,0.793664,-0.168831,-0.139474,0.567574,0.953692,-0.183600,-0.046716,0.233623,0.954472,-0.179504,-0.047718,0.233421,1.000000,
0.954472,-0.179504,-0.047718,0.233421,0.793664,-0.168831,-0.139474,0.567574,0.955481,-0.174054,-0.049049,0.233145,0.954472,-0.179504,-0.047718,0.233421,1.000000,
0.954472,-0.179504,-0.047718,0.233421,0.793664,-0.168831,-0.139474,0.567574,0.953692,-0.183600,-0.046716,0.233623,0.954472,-0.179504,-0.047718,0.233421,1.000000,
0.954472,-0.179504,-0.047718,0.233421,0.793664,-0.168831,-0.139474,0.567574,0.955481,-0.174054,-0.049049,0.233145,0.954472,-0.179504,-0.047718,0.233421,1.000000,
0.954472,-0.179504,-0.047718,0.233421,0.793664,-0.168831,-0.139474,0.567574,0.953692,-0.183600,-0.046716,0.233623,0.954472,-0.179504,-0.047718,0.233421,1.000000,
0.954472,-0.179504,-0.047718,0.233421,0.793664,-0.168831,-0.139474,0.567574,0.955481,-0.174054,-0.049049,0.233145,0.954472,-0.179504,-0.047718,0.233421,1.000000,
0.954472,-0.179504,-0.047718,0.233421,0.793664,-0.168831,-0.139474,0.567574,0.953692,-0.183600,-0.046716,0.233623,0.954472,-0.179504,-0.047718,0.233421,1.000000,
0.954472,-0.179504,-0.047718,0.233421,0.793664,-0.168831,-0.139474,0.567574,0.955481,-0.174054,-0.049049,0.233145,0.954472,-0.179504,-0.047718,0.233421,1.000000,
0.954472,-0.179504,-0.047718,0.233421,0.793664,-0.168831,-0.139474,0.567574,0.953692,-0.183600,-0.046716,0.233623,0.954472,-0.179504,-0.047718,0.233421,1.000000,
0.954472,-0.179504,-0.047718,0.233421,0.793664,-0.168831,-0.139474,0.567574,0.955480,-0.174054,-0.049049,0.233145,0.954472,-0.179504,-0.047718,0.233421,1.000000,
0.954472,-0.179504,-0.047718,0.233421,0.793664,-0.168831,-0.139474,0.567574,0.953692,-0.183600,-0.046716,0.233623,0.954472,-0.179504,-0.047718,0.233421,1.000000,
0.954472,-0.179504,-0.047718,0.233421,0.793664,-0.168831,-0.139474,0.567574,0.955480,-0.174054,-0.049049,0.233145,0.954472,-0.179504,-0.047718,0.233421,1.000000,
0.954472,-0.179504,-0.047718,0.233421,0.793664,-0.168831,-0.139474,0.567574,0.953692,-0.183600,-0.046716,0.233623,0.954472,-0.179504,-0.047718,0.233421,1.000000,
0.954472,-0.179504,-0.047718,0.233421,0.793664,-0.168831,-0.139474,0.567574,0.955480,-0.174054,-0.049049,0.233145,0.954472,-0.179504,-0.047718,0.233421,1.000000,
0.954472,-0.179504,-0.047718,0.233421,0.793664,-0.168831,-0.139474,0.567574,0.953692,-0.183600,-0.046716,0.233623,0.954472,-0.179504,-0.047718,0.233421,1.000000,
0.954472,-0.179504,-0.047718,0.233421,0.793664,-0.168831,-0.139474,0.567574,0.955480,-0.174054,-0.049049,0.233145,0.954472,-0.179504,-0.047718,0.233421,1.000000,
0.954472,-0.179504,-0.047718,0.233421,0.793664,-0.168831,-0.139474,0.567574,0.953692,-0.183600,-0.046715,0.233623,0.954472,-0.179504,-0.047718,0.233421,1.000000,
0.954472,-0.179504,-0.047718,0.233421,0.793664,-0.168831,-0.139474,0.567574,0.955480,-0.174054,-0.049049,0.233145,0.954472,-0.179504,-0.047718,0.233421,1.000000,
0.954472,-0.179504,-0.047718,0.233421,0.793664,-0.168831,-0.139474,0.567574,0.953692,-0.183600,-0.046715,0.233623,0.954472,-0.179504,-0.047718,0.233421,1.000000,
0.954472,-0.179504,-0.047718,0.233421,0.793664,-0.168831,-0.139474,0.567574,0.955480,-0.174054,-0.049049,0.233145,0.954472,-0.179504,-0.047718,0.233421,1.000000,
0.954472,-0.179504,-0.047718,0.233421,0.793664,-0.168831,-0.139474,0.567574,0.953692,-0.183600,-0.046715,0.233623,0.954472,-0.179504,-0.047718,0.233421,1.000000,
0.954472,-0.179504,-0.047718,0.233421,0.793664,-0.168831,-0.139474,0.567574,0.955480,-0.174054,-0.049049,0.233145,0.954472,-0.179504,-0.047718,0.233421,1.000000,
0.954472,-0.179504,-0.047718,0.233421,0.793664,-0.168831,-0.139474,0.567574,0.953692,-0.183600,-0.046715,0.233623,0.954472,-0.179504,-0.047718,0.233421,1.000000,
0.954472,-0.179504,-0.047718,0.233421,0.793664,-0.168831,-0.139474,0.567574,0.955480,-0.174054,-0.049049,0.233145,0.954472,-0.179504,-0.047718,0.233421,1.000000,
0.954472,-0.179504,-0.047718,0.233421,0.793664,-0.168831,-0.139474,0.567574,0.953692,-0.183600,-0.046715,0.233623,0.954472,-0.179504,-0.047718,0.233421,1.000000,
0.954472,-0.179504,-0.047718,0.233421,0.793664,-0.168831,-0.139474,0.567574,0.955480,-0.174054,-0.049049,0.233145,0.954472,-0.179504,-0.047718,0.233421,1.000000,
0.954472,-0.179504,-0.047718,0.233421,0.793664,-0.168831,-0.139474,0.567574,0.953692,-0.183600,-0.046715,0.233623,0.954472,-0.179504,-0.047718,0.233421,1.000000,
0.954472,-0.179504,-0.047718,0.233421,0.793664,-0.168831,-0.139474,0.567574,0.955480,-0.174055,-0.049049,0.233145,0.954472,-0.179504,-0.047718,0.233421,1.000000,
0.954472,-0.179504,-0.047718,0.233421,0.793664,-0.168831,-0.139474,0.567574,0.953692,-0.183601,-0.046715,0.233623,0.954472,-0.179504,-0.047718,0.233421,1.000000,
0.954472,-0.179504,-0.047718,0.233421,0.793664,-0.168831,-0.139474,0.567574,0.955480,-0.174055,-0.049049,0.233145,0.954472,-0.179504,-0.047718,0.233421,1.000000,
0.954472,-0.179504,-0.047718,0.233421,0.793664,-0.168831,-0.139474,0.567574,0.953692,-0.183601,-0.046715,0.233623,0.954472,-0.179504,-0.047718,0.233421,1.000000,
0.954472,-0.179504,-0.047718,0.233421,0.793664,-0.168831,-0.139474,0.567574,0.955480,-0.174055,-0.049049,0.233145,0.954472,-0.179504,-0.047718,0.233421,1.000000,
0.954472,-0.179504,-0.047718,0.233421,0.793664,-0.168831,-0.139474,0.567574,0.953692,-0.183601,-0.046715,0.233623,0.954472,-0.179504,-0.047718,0.233421,1.000000,
0.954472,-0.179504,-0.047718,0.233421,0.793664,-0.168831,-0.139474,0.567574,0.955480,-0.174055,-0.049049,0.233145,0.954472,-0.179504,-0.047718,0.233421,1.000000,
0.954472,-0.179504,-0.047718,0.233421,0.793664,-0.168831,-0.139474,0.567574,0.953692,-0.183601,-0.046715,0.233623,0.954472,-0.179504,-0.047718,0.233421,1.000000,
0.954472,-0.179504,-0.047718,0.233421,0.793664,-0.168831,-0.139474,0.567574,0.955480,-0.174055,-0.049049,0.233145,0.954472,-0.179504,-0.047718,0.233421,1.000000,
0.954472,-0.179504,-0.047718,0.233421,0.793664,-0.168831,-0.139474,0.567574,0.953692,-0.183601,-0.046715,0.233623,0.954472,-0.179504,-0.047718,0.233421,1.000000,
0.954472,-0.179504,-0.047718,0.233421,0.793664,-0.168831,-0.139474,0.567574,0.955480,-0.174055,-0.049049,0.233145,0.954472,-0.179504,-0.047718,0.233421,1.000000,
0.954472,-0.179504,-0.047718,0.233421,0.793664,-0.168831,-0.139474,0.567574,0.953692,-0.183601,-0.046715,0.233623,0.954472,-0.179504,-0.047718,0.233421,1.000000,
0.954472,-0.179504,-0.047718,0.233421,0.793664,-0.168831,-0.139474,0.567574,0.955480,-0.174055,-0.049049,0.233145,0.954472,-0.179504,-0.047718,0.233421,1.000000,
0.954472,-0.179504,-0.047718,0.233421,0.793664,-0.168831,-0.139474,0.567574,0.953692,-0.183601,-0.046715,0.233624,0.954472,-0.179504,-0.047718,0.233421,1.000000,
0.954472,-0.179504,-0.047718,0.233421,0.793664,-0.168831,-0.139474,0.567574,0.955480,-0.174055,-0.049049,0.233145,0.954472,-0.179504,-0.047718,0.233421,1.000000,
0.954472,-0.179504,-0.047718,0.233421,0.793664,-0.168831,-0.139474,0.567574,0.953692,-0.183601,-0.046715,0.233624,0.954472,-0.179504,-0.047718,0.233421,1.000000,
0.954472,-0.179504,-0.047718,0.233421,0.793664,-0.168831,-0.139474,0.567574,0.955480,-0.174055,-0.049049,0.233145,0.954472,-0.179504,-0.047718,0.233421,1.000000,
0.954472,-0.179504,-0.047718,0.233421,0.793664,-0.168831,-0.139474,0.567574,0.953692,-0.183601,-0.046715,0.233624,0.954472,-0.179504,-0.047718,0.233421,1.000000,
0.954472,-0.179504,-0.047718,0.233421,0.793664,-0.168831,-0.139474,0.567574,0.955480,-0.174055,-0.049049,0.233145,0.954472,-0.179504,-0.047718,0.233421,1.000000,
0.954472,-0.179504,-0.047718,0.233421,0.793664,-0.168831,-0.139474,0.567574,0.953692,-0.183601,-0.046715,0.233624,0.954472,-0.179504,-0.047718,0.233421,1.000000,
0.954472,-0.179504,-0.047718,0.233421,0.793664,-0.168831,-0.139474,0.567574,0.955480,-0.174055,-0.049049,0.233145,0.954472,-0.179504,-0.047718,0.233421,1.000000,
0.954472,-0.179504,-0.047718,0.233421,0.793664,-0.168831,-0.139474,0.567574,0.953692,-0.183601,-0.046715,0.233624,0.954472,-0.179504,-0.047718,0.233421,1.000000,
0.954472,-0.179504,-0.047718,0.233421,0.793664,-0.168831,-0.139474,0.567574,0.955480,-0.174055,-0.049049,0.233145,0.954472,-0.179504,-0.047718,0.233421,1.000000,
0.954472,-0.179504,-0.047718,0.233421,0.793664,-0.168831,-0.139474,0.567574,0.953692,-0.183601,-0.046715,0.233624,0.954472,-0.179504,-0.047718,0.233421,1.000000,
0.954472,-0.179504,-0.047718,0.233421,0.793664,-0.168831,-0.139474,0.567574,0.955480,-0.174055,-0.049049,0.233145,0.954472,-0.179504,-0.047718,0.233421,1.000000,
0.954472,-0.179504,-0.047718,0.233421,0.793664,-0.168831,-0.139474,0.567574,0.953692,-0.183601,-0.046715,0.233624,0.954472,-0.179504,-0.047718,0.233421,1.000000,
0.954472,-0.179504,-0.047718,0.233421,0.793664,-0.168831,-0.139474,0.567574,0.955480,-0.174055,-0.049049,0.233145,0.954472,-0.179504,-0.047718,0.233421,1.000000,
0.954472,-0.179504,-0.047718,0.233421,0.793664,-0.168831,-0.139474,0.567574,0.953692,-0.183601,-0.046715,0.233624,0.954472,-0.179504,-0.047718,0.233421,1.000000,
0.954472,-0.179504,-0.047718,0.233421,0.793664,-0.168831,-0.139474,0.567574,0.955480,-0.174055,-0.049049,0.233145,0.954472,-0.179504,-0.047718,0.233421,1.000000,
0.954472,-0.179504,-0.047718,0.233421,0.793664,-0.168831,-0.139474,0.567574,0.953692,-0.183601,-0.046715,0.233624,0.954472,-0.179504,-0.047718,0.233421,1.000000,
0.954472,-0.179504,-0.047718,0.233421,0.793664,-0.168831,-0.139474,0.567574,0.955480,-0.174056,-0.049049,0.233145,0.954472,-0.179504,-0.047718,0.233421,1.000000,
0.954472,-0.179504,-0.047718,0.233421,0.793664,-0.168831,-0.139474,0.567574,0.953692,-0.183602,-0.046715,0.233624,0.954472,-0.179504,-0.047718,0.233421,1.000000,
0.954472,-0.179504,-0.047718,0.233421,0.793664,-0.168831,-0.139474,0.567574,0.955480,-0.174056,-0.049049,0.233145,0.954472,-0.179504,-0.047718,0.233421,1.000000,
0.954472,-0.179504,-0.047718,0.233421,0.793664,-0.168831,-0.139474,0.567574,0.953692,-0.183602,-0.046715,0.233624,0.954472,-0.179504,-0.047718,0.233421,1.000000,
0.954472,-0.179504,-0.047718,0.233421,0.793664,-0.168831,-0.139474,0.567574,0.955480,-0.174056,-0.049049,0.233145,0.954472,-0.179504,-0.047718,0.233421,1.000000,
0.954472,-0.179504,-0.047718,0.233421,0.793664,-0.168831,-0.139474,0.567574,0.953692,-0.183602,-0.046715,0.233624,0.954472,-0.179504,-0.047718,0.233421,1.000000,
0.954472,-0.179504,-0.047718,0.233421,0.793664,-0.168831,-0.139474,0.567574,0.955480,-0.174056,-0.049049,0.233145,0.954472,-0.179504,-0.047718,0.233421,1.000000,
0.954472,-0.179504,-0.047718,0.233421,0.793664,-0.168831,-0.139474,0.567574,0.953692,-0.183602,-0.046715,0.233624,0.954472,-0.179504,-0.047718,0.233421,1.000000,
0.954472,-0.179504,-0.047718,0.233421,0.793664,-0.168831,-0.139474,0.567574,0.955480,-0.174056,-0.049049,0.233145,0.954472,-0.179504,-0.047718,0.233421,1.000000,
0.954472,-0.179504,-0.047718,0.233421,0.793664,-0.168831,-0.139474,0.567574,0.953692,-0.183602,-0.046715,0.233624,0.954472,-0.179504,-0.047718,0.233421,1.000000,
0.954472,-0.179504,-0.047718,0.233421,0.793664,-0.168831,-0.139474,0.567574,0.955480,-0.174056,-0.049049,0.233145,0.954472,-0.179504,-0.047718,0.233421,1.000000,
0.954472,-0.179504,-0.047718,0.233421,0.793664,-0.168831,-0.139474,0.567574,0.953692,-0.183602,-0.046715,0.233624,0.954472,-0.179504,-0.047718,0.233421,1.000000,
0.954472,-0.179504,-0.047718,0.233421,0.793664,-0.168831,-0.139474,0.567574,0.955480,-0.174056,-0.049049,0.233145,0.954472,-0.179504,-0.047718,0.233421,1.000000,
0.954472,-0.179504,-0.047718,0.233421,0.793664,-0.168831,-0.139474,0.567574,0.953692,-0.183602,-0.046715,0.233624,0.954472,-0.179504,-0.047718,0.233421,1.000000,
0.954472,-0.179504,-0.047718,0.233421,0.793664,-0.168831,-0.139474,0.567574,0.955480,-0.174056,-0.049049,0.233145,0.954472,-0.179504,-0.047718,0.233421,1.000000,
0.954472,-0.179504,-0.047718,0.233421,0.793664,-0.168831,-0.139474,0.567574,0.953692,-0.183602,-0.046715,0.233624,0.954472,-0.179504,-0.047718,0.233421,1.000000,
0.954472,-0.179504,-0.047718,0.233421,0.793664,-0.168831,-0.139474,0.567574,0.955480,-0.174056,-0.049049,0.233145,0.954472,-0.179504,-0.047718,0.233421,1.000000,
0.954472,-0.179504,-0.047718,0.233421,0.793664,-0.168831,-0.139474,0.567574,0.953692,-0.183602,-0.046715,0.233624,0.954472,-0.179504,-0.047718,0.233421,1.000000,
0.954472,-0.179504,-0.047718,0.233421,0.793664,-0.168831,-0.139474,0.567574,0.955480,-0.174056,-0.049049,0.233145,0.954472,-0.179504,-0.047718,0.233421,1.000000,
0.954472,-0.179504,-0.047718,0.233421,0.793664,-0.168831,-0.139474,0.567574,0.953692,-0.183602,-0.046715,0.233624,0.954472,-0.179504,-0.047718,0.233421,1.000000,
0.954472,-0.179504,-0.047718,0.233421,0.793664,-0.168831,-0.139474,0.567574,0.955480,-0.174056,-0.049049,0.233145,0.954472,-0.179504,-0.047718,0.233421,1.000000,
0.954472,-0.179504,-0.047718,0.233421,0.793664,-0.168831,-0.139474,0.567574,0.953692,-0.183602,-0.046715,0.233624,0.954472,-0.179504,-0.047718,0.233421,1.000000,
0.954472,-0.179504,-0.047718,0.233421,0.793664,-0.168831,-0.139474,0.567574,0.955480,-0.174056,-0.049049,0.233145,0.954472,-0.179504,-0.047718,0.233421,1.000000,
0.954472,-0.179504,-0.047718,0.233421,0.793664,-0.168831,-0.139474,0.567574,0.953692,-0.183602,-0.046715,0.233624,0.954472,-0.179504,-0.047718,0.233421,1.000000,
0.954472,-0.179504,-0.047718,0.233421,0.793664,-0.168831,-0.139474,0.567574,0.955480,-0.174056,-0.049049,0.233145,0.954472,-0.179504,-0.047718,0.233421,1.000000,
0.954472,-0.179504,-0.047718,0.233421,0.793664,-0.168831,-0.139474,0.567574,0.953692,-0.183602,-0.046715,0.233624,0.954472,-0.179504,-0.047718,0.233421,1.000000,
0.954472,-0.179504,-0.047718,0.233421,0.793664,-0.168831,-0.139474,0.567574,0.955480,-0.174056,-0.049049,0.233145,0.954472,-0.179504,-0.047718,0.233421,1.000000,
0.954472,-0.179504,-0.047718,0.233421,0.793664,-0.168831,-0.139474,0.567574,0.953692,-0.183602,-0.046715,0.233624,0.954472,-0.179504,-0.047718,0.233421,1.000000,
0.954472,-0.179504,-0.047718,0.233421,0.793664,-0.168831,-0.139474,0.567574,0.955480,-0.174056,-0.049049,0.233145,0.954472,-0.179504,-0.047718,0.233421,1.000000,
0.954472,-0.179504,-0.047718,0.233421,0.793664,-0.168831,-0.139474,0.567574,0.953692,-0.183602,-0.046715,0.233624,0.954472,-0.179504,-0.047718,0.233421,1.000000,
0.954472,-0.179504,-0.047718,0.233421,0.793664,-0.168831,-0.139474,0.567574,0.955480,-0.174057,-0.049049,0.233145,0.954472,-0.179504,-0.047718,0.233421,1.000000,
0.954472,-0.179504,-0.047718,0.233421,0.793664,-0.168831,-0.139474,0.567574,0.953692,-0.183603,-0.046715,0.233624,0.954472,-0.179504,-0.047718,0.233421,1.000000,
0.954472,-0.179504,-0.047718,0.233421,0.793664,-0.168831,-0.139474,0.567574,0.955480,-0.174057,-0.049049,0.233145,0.954472,-0.179504,-0.047718,0.233421,1.000000,
0.954472,-0.179504,-0.047718,0.233421,0.793664,-0.168831,-0.139474,0.567574,0.953692,-0.183603,-0.046715,0.233624,0.954472,-0.179504,-0.047718,0.233421,1.000000,
0.954472,-0.179504,-0.047718,0.233421,0.793664,-0.168831,-0.139474,0.567574,0.955480,-0.174057,-0.049049,0.233145,0.954472,-0.179504,-0.047718,0.233421,1.000000,
0.954472,-0.179504,-0.047718,0.233421,0.793664,-0.168831,-0.139474,0.567574,0.953692,-0.183603,-0.046715,0.233624,0.954472,-0.179504,-0.047718,0.233421,1.000000,
0.954472,-0.179504,-0.047718,0.233421,0.793664,-0.168831,-0.139474,0.567574,0.955480,-0.174057,-0.049049,0.233145,0.954472,-0.179504,-0.047718,0.233421,1.000000,
0.954472,-0.179504,-0.047718,0.233421,0.793664,-0.168831,-0.139474,0.567574,0.953692,-0.183603,-0.046715,0.233624,0.954472,-0.179504,-0.047718,0.233421,1.000000,
0.954472,-0.179504,-0.047718,0.233421,0.793664,-0.168831,-0.139474,0.567574,0.955480,-0.174057,-0.049049,0.233145,0.954472,-0.179504,-0.047718,0.233421,1.000000,
0.954472,-0.179504,-0.047718,0.233421,0.793664,-0.168831,-0.139474,0.567574,0.953692,-0.183603,-0.046715,0.233624,0.954472,-0.179504,-0.047718,0.233421,1.000000,
0.954472,-0.179504,-0.047718,0.233421,0.793664,-0.168831,-0.139474,0.567574,0.955480,-0.174057,-0.049049,0.233145,0.954472,-0.179504,-0.047718,0.233421,1.000000,
0.954472,-0.179504,-0.047718,0.233421,0.793664,-0.168831,-0.139474,0.567574,0.953692,-0.183603,-0.046715,0.233624,0.954472,-0.179504,-0.047718,0.233421,1.000000,
0.954472,-0.179504,-0.047718,0.233421,0.793664,-0.168831,-0.139474,0.567574,0.955480,-0.174057,-0.049049,0.233145,0.954472,-0.179504,-0.047718,0.233421,1.000000,
0.954472,-0.179504,-0.047718,0.233421,0.793664,-0.168831,-0.139474,0.567574,0.953692,-0.183603,-0.046715,0.233624,0.954472,-0.179504,-0.047718,0.233421,1.000000,
0.954472,-0.179504,-0.047718,0.233421,0.793664,-0.168831,-0.139474,0.567574,0.955480,-0.174057,-0.049049,0.233145,0.954472,-0.179504,-0.047718,0.233421,1.000000,
0.954472,-0.179504,-0.047718,0.233421,0.793664,-0.168831,-0.139474,0.567574,0.953692,-0.183603,-0.046715,0.233624,0.954472,-0.179504,-0.047718,0.233421,1.000000,
0.954472,-0.179504,-0.047718,0.233421,0.793664,-0.168831,-0.139474,0.567574,0.955480,-0.174057,-0.049049,0.233145,0.954472,-0.179504,-0.047718,0.233421,1.000000,
0.954472,-0.179504,-0.047718,0.233421,0.793664,-0.168831,-0.139474,0.567574,0.953692,-0.183603,-0.046715,0.233624,0.954472,-0.179504,-0.047718,0.233421,1.000000,
0.954472,-0.179504,-0.047718,0.233421,0.793664,-0.168831,-0.139474,0.567574,0.955480,-0.174057,-0.049049,0.233145,0.954472,-0.179504,-0.047718,0.233421,1.000000,
0.954472,-0.179504,-0.047718,0.233421,0.793664,-0.168831,-0.139474,0.567574,0.953692,-0.183603,-0.046715,0.233624,0.954472,-0.179504,-0.047718,0.233421,1.000000,
0.954472,-0.179504,-0.047718,0.233421,0.793664,-0.168831,-0.139474,0.567574,0.955480,-0.174057,-0.049049,0.233145,0.954472,-0.179504,-0.047718,0.233421,1.000000,
0.954472,-0.179504,-0.047718,0.233421,0.793664,-0.168831,-0.139474,0.567574,0.953692,-0.183603,-0.046715,0.233624,0.954472,-0.179504,-0.047718,0.233421,1.000000,
0.954472,-0.179504,-0.047718,0.233421,0.793664,-0.168831,-0.139474,0.567574,0.955480,-0.174057,-0.049049,0.233145,0.954472,-0.179504,-0.047718,0.233421,1.000000,
0.954472,-0.179504,-0.047718,0.233421,0.793664,-0.168831,-0.139474,0.567574,0.953692,-0.183603,-0.046715,0.233624,0.954472,-0.179504,-0.047718,0.233421,1.000000,
0.954472,-0.179504,-0.047718,0.233421,0.793664,-0.168831,-0.139474,0.567574,0.955480,-0.174057,-0.049049,0.233145,0.954472,-0.179504,-0.047718,0.233421,1.000000,
0.954472,-0.179504,-0.047718,0.233421,0.793664,-0.168831,-0.139474,0.567574,0.953692,-0.183603,-0.046715,0.233624,0.954472,-0.179504,-0.047718,0.233421,1.000000,
0.954472,-0.179504,-0.047718,0.233421,0.793664,-0.168831,-0.139474,0.567574,0.955480,-0.174057,-0.049049,0.233145,0.954472,-0.179504,-0.047718,0.233421,1.000000,
0.954472,-0.179504,-0.047718,0.233421,0.793664,-0.168831,-0.139474,0.567574,0.953692,-0.183603,-0.046715,0.233624,0.954472,-0.179504,-0.047718,0.233421,1.000000,
0.954472,-0.179504,-0.047718,0.233421,0.793664,-0.168831,-0.139474,0.567574,0.955480,-0.174057,-0.049049,0.233145,0.954472,-0.179504,-0.047718,0.233421,1.000000,
0.954472,-0.179504,-0.047718,0.233421,0.793664,-0.168831,-0.139474,0.567574,0.953692,-0.183603,-0.046715,0.233624,0.954472,-0.179504,-0.047718,0.233421,1.000000,
0.954472,-0.179504,-0.047718,0.233421,0.793664,-0.168831,-0.139474,0.567574,0.955480,-0.174058,-0.049049,0.233145,0.954472,-0.179504,-0.047718,0.233421,1.000000,
0.954472,-0.179504,-0.047718,0.233421,0.793664,-0.168831,-0.139474,0.567574,0.953692,-0.183604,-0.046715,0.233624,0.954472,-0.179504,-0.047718,0.233421,1.000000,
0.954472,-0.179504,-0.047718,0.233421,0.793664,-0.168831,-0.139474,0.567574,0.955480,-0.174058,-0.049049,0.233145,0.954472,-0.179504,-0.047718,0.233421,1.000000,
0.954472,-0.179504,-0.047718,0.233421,0.793664,-0.168831,-0.139474,0.567574,0.953691,-0.183604,-0.046715,0.233624,0.954472,-0.179504,-0.047718,0.233421,1.000000,
0.954472,-0.179504,-0.047718,0.233421,0.793664,-0.168831,-0.139474,0.567574,0.955480,-0.174058,-0.049048,0.233145,0.954472,-0.179504,-0.047718,0.233421,1.000000,
0.954472,-0.179504,-0.047718,0.233421,0.793664,-0.168831,-0.139474,0.567574,0.953691,-0.183604,-0.046715,0.233624,0.954472,-0.179504,-0.047718,0.233421,1.000000,
0.954472,-0.179504,-0.047718,0.233421,0.793664,-0.168831,-0.139474,0.567574,0.955480,-0.174058,-0.049048,0.233145,0.954472,-0.179504,-0.047718,0.233421,1.000000,
0.954472,-0.179504,-0.047718,0.233421,0.793664,-0.168831,-0.139474,0.567574,0.953691,-0.183604,-0.046715,0.233624,0.954472,-0.179504,-0.047718,0.233421,1.000000,
0.954472,-0.179504,-0.047718,0.233421,0.793664,-0.168831,-0.139474,0.567574,0.955480,-0.174058,-0.049048,0.233145,0.954472,-0.179504,-0.047718,0.233421,1.000000,
0.954472,-0.179504,-0.047718,0.233421,0.793664,-0.168831,-0.139474,0.567574,0.953691,-0.183604,-0.046715,0.233624,0.954472,-0.179504,-0.047718,0.233421,1.000000,
0.954472,-0.179504,-0.047718,0.233421,0.793664,-0.168831,-0.139474,0.567574,0.955480,-0.174058,-0.049048,0.233145,0.954472,-0.179504,-0.047718,0.233421,1.000000,
0.954472,-0.179504,-0.047718,0.233421,0.793664,-0.168831,-0.139474,0.567574,0.953691,-0.183604,-0.046715,0.233624,0.954472,-0.179504,-0.047718,0.233421,1.000000,
0.954472,-0.179504,-0.047718,0.233421,0.793664,-0.168831,-0.139474,0.567574,0.955480,-0.174058,-0.049048,0.233145,0.954472,-0.179504,-0.047718,0.233421,1.000000,
0.954472,-0.179504,-0.047718,0.233421,0.793664,-0.168831,-0.139474,0.567574,0.953691,-0.183604,-0.046715,0.233624,0.954472,-0.179504,-0.047718,0.233421,1.000000,
0.954472,-0.179504,-0.047718,0.233421,0.793664,-0.168831,-0.139474,0.567574,0.955480,-0.174058,-0.049048,0.233145,0.954472,-0.179504,-0.047718,0.233421,1.000000,
0.954472,-0.179504,-0.047718,0.233421,0.793664,-0.168831,-0.139474,0.567574,0.953691,-0.183604,-0.046715,0.233624,0.954472,-0.179504,-0.047718,0.233421,1.000000,
0.954472,-0.179504,-0.047718,0.233421,0.793664,-0.168831,-0.139474,0.567574,0.955480,-0.174058,-0.049048,0.233145,0.954472,-0.179504,-0.047718,0.233421,1.000000,
0.954472,-0.179504,-0.047718,0.233421,0.793664,-0.168831,-0.139474,0.567574,0.953691,-0.183604,-0.046715,0.233624,0.954472,-0.179504,-0.047718,0.233421,1.000000,
0.954472,-0.179504,-0.047718,0.233421,0.793664,-0.168831,-0.139474,0.567574,0.955480,-0.174058,-0.049048,0.233145,0.954472,-0.179504,-0.047718,0.233421,1.000000,
0.954472,-0.179504,-0.047718,0.233421,0.793664,-0.168831,-0.139474,0.567574,0.953691,-0.183604,-0.046714,0.233624,0.954472,-0.179504,-0.047718,0.233421,1.000000,
0.954472,-0.179504,-0.047718,0.233421,0.793664,-0.168831,-0.139474,0.567574,0.955480,-0.174058,-0.049048,0.233145,0.954472,-0.179504,-0.047718,0.233421,1.000000,
0.954472,-0.179504,-0.047718,0.233421,0.793664,-0.168831,-0.139474,0.567574,0.953691,-0.183604,-0.046714,0.233624,0.954472,-0.179504,-0.047718,0.233421,1.000000,
0.954472,-0.179504,-0.047718,0.233421,0.793664,-0.168831,-0.139474,0.567574,0.955480,-0.174058,-0.049048,0.233145,0.954472,-0.179504,-0.047718,0.233421,1.000000,
0.954472,-0.179504,-0.047718,0.233421,0.793664,-0.168831,-0.139474,0.567574,0.953691,-0.183604,-0.046714,0.233624,0.954472,-0.179504,-0.047718,0.233421,1.000000,
0.954472,-0.179504,-0.047718,0.233421,0.793664,-0.168831,-0.139474,0.567574,0.955480,-0.174058,-0.049048,0.233145,0.954472,-0.179504,-0.047718,0.233421,1.000000,
0.954472,-0.179504,-0.047718,0.233421,0.793664,-0.168831,-0.139474,0.567574,0.953691,-0.183604,-0.046714,0.233624,0.954472,-0.179504,-0.047718,0.233421,1.000000,
0.954472,-0.179504,-0.047718,0.233421,0.793664,-0.168831,-0.139474,0.567574,0.955480,-0.174058,-0.049048,0.233145,0.954472,-0.179504,-0.047718,0.233421,1.000000,
0.954472,-0.179504,-0.047718,0.233421,0.793664,-0.168831,-0.139474,0.567574,0.953691,-0.183604,-0.046714,0.233624,0.954472,-0.179504,-0.047718,0.233421,1.000000,
0.954472,-0.179504,-0.047718,0.233421,0.793664,-0.168831,-0.139474,0.567574,0.955480,-0.174058,-0.049048,0.233145,0.954472,-0.179504,-0.047718,0.233421,1.000000,
0.954472,-0.179504,-0.047718,0.233421,0.793664,-0.168831,-0.139474,0.567574,0.953691,-0.183604,-0.046714,0.233624,0.954472,-0.179504,-0.047718,0.233421,1.000000,
0.954472,-0.179504,-0.047718,0.233421,0.793664,-0.168831,-0.139474,0.567574,0.955480,-0.174059,-0.049048,0.233145,0.954472,-0.179504,-0.047718,0.233421,1.000000,
0.954472,-0.179504,-0.047718,0.233421,0.793664,-0.168831,-0.139474,0.567574,0.953691,-0.183605,-0.046714,0.233624,0.954472,-0.179504,-0.047718,0.233421,1.000000,
0.954472,-0.179504,-0.047718,0.233421,0.793664,-0.168831,-0.139474,0.567574,0.955480,-0.174059,-0.049048,0.233145,0.954472,-0.179504,-0.047718,0.233421,1.000000,
0.954472,-0.179504,-0.047718,0.233421,0.793664,-0.168831,-0.139474,0.567574,0.953691,-0.183605,-0.046714,0.233624,0.954472,-0.179504,-0.047718,0.233421,1.000000,
0.954472,-0.179504,-0.047718,0.233421,0.793664,-0.168831,-0.139474,0.567574,0.955480,-0.174059,-0.049048,0.233145,0.954472,-0.179504,-0.047718,0.233421,1.000000,
0.954472,-0.179504,-0.047718,0.233421,0.793664,-0.168831,-0.139474,0.567574,0.953691,-0.183605,-0.046714,0.233624,0.954472,-0.179504,-0.047718,0.233421,1.000000,
0.954472,-0.179504,-0.047718,0.233421,0.793664,-0.168831,-0.139474,0.567574,0.955480,-0.174059,-0.049048,0.233145,0.954472,-0.179504,-0.047718,0.233421,1.000000,
0.954472,-0.179504,-0.047718,0.233421,0.793664,-0.168831,-0.139474,0.567574,0.953691,-0.183605,-0.046714,0.233624,0.954472,-0.179504,-0.047718,0.233421,1.000000,
0.954472,-0.179504,-0.047718,0.233421,0.793664,-0.168831,-0.139474,0.567574,0.955480,-0.174059,-0.049048,0.233145,0.954472,-0.179504,-0.047718,0.233421,1.000000,
0.954472,-0.179504,-0.047718,0.233421,0.793664,-0.168831,-0.139474,0.567574,0.953691,-0.183605,-0.046714,0.233624,0.954472,-0.179504,-0.047718,0.233421,1.000000,
0.954472,-0.179504,-0.047718,0.233421,0.793664,-0.168831,-0.139474,0.567574,0.955480,-0.174059,-0.049048,0.233145,0.954472,-0.179504,-0.047718,0.233421,1.000000,
0.954472,-0.179504,-0.047718,0.233421,0.793664,-0.168831,-0.139474,0.567574,0.953691,-0.183605,-0.046714,0.233624,0.954472,-0.179504,-0.047718,0.233421,1.000000,
0.954472,-0.179504,-0.047718,0.233421,0.793664,-0.168831,-0.139474,0.567574,0.955480,-0.174059,-0.049048,0.233145,0.954472,-0.179504,-0.047718,0.233421,1.000000,
0.954472,-0.179504,-0.047718,0.233421,0.793664,-0.168831,-0.139474,0.567574,0.953691,-0.183605,-0.046714,0.233624,0.954472,-0.179504,-0.047718,0.233421,1.000000,
0.954472,-0.179504,-0.047718,0.233421,0.793664,-0.168831,-0.139474,0.567574,0.955480,-0.174059,-0.049048,0.233145,0.954472,-0.179504,-0.047718,0.233421,1.000000,
0.954472,-0.179504,-0.047718,0.233421,0.793664,-0.168831,-0.139474,0.567574,0.953691,-0.183605,-0.046714,0.233624,0.954472,-0.179504,-0.047718,0.233421,1.000000,
0.954472,-0.179504,-0.047718,0.233421,0.793664,-0.168831,-0.139474,0.567574,0.955480,-0.174059,-0.049048,0.233145,0.954472,-0.179504,-0.047718,0.233421,1.000000,
0.954472,-0.179504,-0.047718,0.233421,0.793664,-0.168831,-0.139474,0.567574,0.953691,-0.183605,-0.046714,0.233624,0.954472,-0.179504,-0.047718,0.233421,1.000000,
0.954472,-0.179504,-0.047718,0.233421,0.793664,-0.168831,-0.139474,0.567574,0.955480,-0.174059,-0.049048,0.233145,0.954472,-0.179504,-0.047718,0.233421,1.000000,
0.954472,-0.179504,-0.047718,0.233421,0.793664,-0.168831,-0.139474,0.567574,0.953691,-0.183605,-0.046714,0.233624,0.954472,-0.179504,-0.047718,0.233421,1.000000,
0.954472,-0.179504,-0.047718,0.233421,0.793664,-0.168831,-0.139474,0.567574,0.955480,-0.174059,-0.049048,0.233145,0.954472,-0.179504,-0.047718,0.233421,1.000000,
0.954472,-0.179504,-0.047718,0.233421,0.793664,-0.168831,-0.139474,0.567574,0.953691,-0.183605,-0.046714,0.233624,0.954472,-0.179504,-0.047718,0.233421,1.000000,
0.954472,-0.179504,-0.047718,0.233421,0.793664,-0.168831,-0.139474,0.567574,0.955480,-0.174059,-0.049048,0.233145,0.954472,-0.179504,-0.047718,0.233421,1.000000,
0.954472,-0.179504,-0.047718,0.233421,0.793664,-0.168831,-0.139474,0.567574,0.953691,-0.183605,-0.046714,0.233624,0.954472,-0.179504,-0.047718,0.233421,1.000000,
0.954472,-0.179504,-0.047718,0.233421,0.793664,-0.168831,-0.139474,0.567574,0.955480,-0.174059,-0.049048,0.233145,0.954472,-0.179504,-0.047718,0.233421,1.000000,
0.954472,-0.179504,-0.047718,0.233421,0.793664,-0.168831,-0.139474,0.567574,0.953691,-0.183605,-0.046714,0.233624,0.954472,-0.179504,-0.047718,0.233421,1.000000,
0.954472,-0.179504,-0.047718,0.233421,0.793664,-0.168831,-0.139474,0.567574,0.955479,-0.174059,-0.049048,0.233145,0.954472,-0.179504,-0.047718,0.233421,1.000000,
0.954472,-0.179504,-0.047718,0.233421,0.793664,-0.168831,-0.139474,0.567574,0.953691,-0.183605,-0.046714,0.233624,0.954472,-0.179504,-0.047718,0.233421,1.000000,
0.954472,-0.179504,-0.047718,0.233421,0.793664,-0.168831,-0.139474,0.567574,0.955479,-0.174059,-0.049048,0.233145,0.954472,-0.179504,-0.047718,0.233421,1.000000,
0.954472,-0.179504,-0.047718,0.233421,0.793664,-0.168831,-0.139474,0.567574,0.953691,-0.183605,-0.046714,0.233624,0.954472,-0.179504,-0.047718,0.233421,1.000000,
0.954472,-0.179504,-0.047718,0.233421,0.793664,-0.168831,-0.139474,0.567574,0.955479,-0.174060,-0.049048,0.233145,0.954472,-0.179504,-0.047718,0.233421,1.000000,
0.954472,-0.179504,-0.047718,0.233421,0.793664,-0.168831,-0.139474,0.567574,0.953691,-0.183606,-0.046714,0.233624,0.954472,-0.179504,-0.047718,0.233421,1.000000,
0.954472,-0.179504,-0.047718,0.233421,0.793664,-0.168831,-0.139474,0.567574,0.955479,-0.174060,-0.049048,0.233145,0.954472,-0.179504,-0.047718,0.233421,1.000000,
0.954472,-0.179504,-0.047718,0.233421,0.793664,-0.168831,-0.139474,0.567574,0.953691,-0.183606,-0.046714,0.233624,0.954472,-0.179504,-0.047718,0.233421,1.000000,
0.954472,-0.179504,-0.047718,0.233421,0.793664,-0.168831,-0.139474,0.567574,0.955479,-0.174060,-0.049048,0.233145,0.954472,-0.179504,-0.047718,0.233421,1.000000,
0.954472,-0.179504,-0.047718,0.233421,0.793664,-0.168831,-0.139474,0.567574,0.953691,-0.183606,-0.046714,0.233624,0.954472,-0.179504,-0.047718,0.233421,1.000000,
0.954472,-0.179504,-0.047718,0.233421,0.793664,-0.168831,-0.139474,0.567574,0.955479,-0.174060,-0.049048,0.233145,0.954472,-0.179504,-0.047718,0.233421,1.000000,
0.954472,-0.179504,-0.047718,0.233421,0.793664,-0.168831,-0.139474,0.567574,0.953691,-0.183606,-0.046714,0.233624,0.954472,-0.179504,-0.047718,0.233421,1.000000,
0.954472,-0.179504,-0.047718,0.233421,0.793664,-0.168831,-0.139474,0.567574,0.955479,-0.174060,-0.049048,0.233145,0.954472,-0.179504,-0.047718,0.233421,1.000000,
0.954472,-0.179504,-0.047718,0.233421,0.793664,-0.168831,-0.139474,0.567574,0.953691,-0.183606,-0.046714,0.233624,0.954472,-0.179504,-0.047718,0.233421,1.000000,
0.954472,-0.179504,-0.047718,0.233421,0.793664,-0.168831,-0.139474,0.567574,0.955479,-0.174060,-0.049048,0.233145,0.954472,-0.179504,-0.047718,0.233421,1.000000,
0.954472,-0.179504,-0.047718,0.233421,0.793664,-0.168831,-0.139474,0.567574,0.953691,-0.183606,-0.046714,0.233624,0.954472,-0.179504,-0.047718,0.233421,1.000000,
0.954472,-0.179504,-0.047718,0.233421,0.793664,-0.168831,-0.139474,0.567574,0.955479,-0.174060,-0.049048,0.233145,0.954472,-0.179504,-0.047718,0.233421,1.000000,
0.954472,-0.179504,-0.047718,0.233421,0.793664,-0.168831,-0.139474,0.567574,0.953691,-0.183606,-0.046714,0.233624,0.954472,-0.179504,-0.047718,0.233421,1.000000,
0.954472,-0.179504,-0.047718,0.233421,0.793664,-0.168831,-0.139474,0.567574,0.955479,-0.174060,-0.049048,0.233145,0.954472,-0.179504,-0.047718,0.233421,1.000000,
0.954472,-0.179504,-0.047718,0.233421,0.793664,-0.168831,-0.139474,0.567574,0.953691,-0.183606,-0.046714,0.233624,0.954472,-0.179504,-0.047718,0.233421,1.000000,
0.954472,-0.179504,-0.047718,0.233421,0.793664,-0.168831,-0.139474,0.567574,0.955479,-0.174060,-0.049048,0.233145,0.954472,-0.179504,-0.047718,0.233421,1.000000,
0.954472,-0.179504,-0.047718,0.233421,0.793664,-0.168831,-0.139474,0.567574,0.953691,-0.183606,-0.046714,0.233624,0.954472,-0.179504,-0.047718,0.233421,1.000000,
0.954472,-0.179504,-0.047718,0.233421,0.793664,-0.168831,-0.139474,0.567574,0.955479,-0.174060,-0.049048,0.233145,0.954472,-0.179504,-0.047718,0.233421,1.000000,
0.954472,-0.179504,-0.047718,0.233421,0.793664,-0.168831,-0.139474,0.567574,0.953691,-0.183606,-0.046714,0.233624,0.954472,-0.179504,-0.047718,0.233421,1.000000,
0.954472,-0.179504,-0.047718,0.233421,0.793664,-0.168831,-0.139474,0.567574,0.955479,-0.174060,-0.049048,0.233145,0.954472,-0.179504,-0.047718,0.233421,1.000000,
0.954472,-0.179504,-0.047718,0.233421,0.793664,-0.168831,-0.139474,0.567574,0.953691,-0.183606,-0.046714,0.233624,0.954472,-0.179504,-0.047718,0.233421,1.000000,
0.954472,-0.179504,-0.047718,0.233421,0.793664,-0.168831,-0.139474,0.567574,0.955479,-0.174060,-0.049048,0.233145,0.954472,-0.179504,-0.047718,0.233421,1.000000,
0.954472,-0.179504,-0.047718,0.233421,0.793664,-0.168831,-0.139474,0.567574,0.953691,-0.183606,-0.046714,0.233624,0.954472,-0.179504,-0.047718,0.233421,1.000000,
0.954472,-0.179504,-0.047718,0.233421,0.793664,-0.168831,-0.139474,0.567574,0.955479,-0.174060,-0.049048,0.233145,0.954472,-0.179504,-0.047718,0.233421,1.000000,
0.954472,-0.179504,-0.047718,0.233421,0.793664,-0.168831,-0.139474,0.567574,0.953691,-0.183606,-0.046714,0.233624,0.954472,-0.179504,-0.047718,0.233421,1.000000,
0.954472,-0.179504,-0.047718,0.233421,0.793664,-0.168831,-0.139474,0.567574,0.955479,-0.174060,-0.049048,0.233145,0.954472,-0.179504,-0.047718,0.233421,1.000000,
0.954472,-0.179504,-0.047718,0.233421,0.793664,-0.168831,-0.139474,0.567574,0.953691,-0.183606,-0.046714,0.233624,0.954472,-0.179504,-0.047718,0.233421,1.000000,
0.954472,-0.179504,-0.047718,0.233421,0.793664,-0.168831,-0.139474,0.567574,0.955479,-0.174060,-0.049048,0.233145,0.954472,-0.179504,-0.047718,0.233421,1.000000,
0.954472,-0.179504,-0.047718,0.233421,0.793664,-0.168831,-0.139474,0.567574,0.953691,-0.183606,-0.046714,0.233624,0.954472,-0.179504,-0.047718,0.233421,1.000000,
0.954472,-0.179504,-0.047718,0.233421,0.793664,-0.168831,-0.139474,0.567574,0.955479,-0.174061,-0.049048,0.233145,0.954472,-0.179504,-0.047718,0.233421,1.000000,
0.954472,-0.179504,-0.047718,0.233421,0.793664,-0.168831,-0.139474,0.567574,0.953691,-0.183607,-0.046714,0.233624,0.954472,-0.179504,-0.047718,0.233421,1.000000,
0.954472,-0.179504,-0.047718,0.233421,0.793664,-0.168831,-0.139474,0.567574,0.955479,-0.174061,-0.049048,0.233145,0.954472,-0.179504,-0.047718,0.233421,1.000000,
0.954472,-0.179504,-0.047718,0.233421,0.793664,-0.168831,-0.139474,0.567574,0.953691,-0.183607,-0.046714,0.233624,0.954472,-0.179504,-0.047718,0.233421,1.000000,
0.954472,-0.179504,-0.047718,0.233421,0.793664,-0.168831,-0.139474,0.567574,0.955479,-0.174061,-0.049048,0.233145,0.954472,-0.179504,-0.047718,0.233421,1.000000,
0.954472,-0.179504,-0.047718,0.233421,0.793664,-0.168831,-0.139474,0.567574,0.953691,-0.183607,-0.046714,0.233624,0.954472,-0.179504,-0.047718,0.233421,1.000000,
0.954472,-0.179504,-0.047718,0.233421,0.793664,-0.168831,-0.139474,0.567574,0.955479,-0.174061,-0.049048,0.233145,0.954472,-0.179504,-0.047718,0.233421,1.000000,
0.954472,-0.179504,-0.047718,0.233421,0.793664,-0.168831,-0.139474,0.567574,0.953691,-0.183607,-0.046714,0.233624,0.954472,-0.179504,-0.047718,0.233421,1.000000,
0.954472,-0.179504,-0.047718,0.233421,0.793664,-0.168831,-0.139474,0.567574,0.955479,-0.174061,-0.049048,0.233145,0.954472,-0.179504,-0.047718,0.233421,1.000000,
0.954472,-0.179504,-0.047718,0.233421,0.793664,-0.168831,-0.139474,0.567574,0.953691,-0.183607,-0.046714,0.233624,0.954472,-0.179504,-0.047718,0.233421,1.000000,
0.954472,-0.179504,-0.047718,0.233421,0.793664,-0.168831,-0.139474,0.567574,0.955479,-0.174061,-0.049048,0.233145,0.954472,-0.179504,-0.047718,0.233421,1.000000,
0.954472,-0.179504,-0.047718,0.233421,0.793664,-0.168831,-0.139474,0.567574,0.953691,-0.183607,-0.046714,0.233624,0.954472,-0.179504,-0.047718,0.233421,1.000000,
0.954472,-0.179504,-0.047718,0.233421,0.793664,-0.168831,-0.139474,0.567574,0.955479,-0.174061,-0.049048,0.233145,0.954472,-0.179504,-0.047718,0.233421,1.000000,
0.954472,-0.179504,-0.047718,0.233421,0.793664,-0.168831,-0.139474,0.567574,0.953691,-0.183607,-0.046714,0.233624,0.954472,-0.179504,-0.047718,0.233421,1.000000,
0.954472,-0.179504,-0.047718,0.233421,0.793664,-0.168831,-0.139474,0.567574,0.955479,-0.174061,-0.049048,0.233145,0.954472,-0.179504,-0.047718,0.233421,1.000000,
0.954472,-0.179504,-0.047718,0.233421,0.793664,-0.168831,-0.139474,0.567574,0.953691,-0.183607,-0.046714,0.233624,0.954472,-0.179504,-0.047718,0.233421,1.000000,
0.954472,-0.179504,-0.047718,0.233421,0.793664,-0.168831,-0.139474,0.567574,0.955479,-0.174061,-0.049048,0.233145,0.954472,-0.179504,-0.047718,0.233421,1.000000,
0.954472,-0.179504,-0.047718,0.233421,0.793664,-0.168831,-0.139474,0.567574,0.953691,-0.183607,-0.046714,0.233624,0.954472,-0.179504,-0.047718,0.233421,1.000000,
0.954472,-0.179504,-0.047718,0.233421,0.793664,-0.168831,-0.139474,0.567574,0.955479,-0.174061,-0.049048,0.233145,0.954472,-0.179504,-0.047718,0.233421,1.000000,
0.954472,-0.179504,-0.047718,0.233421,0.793664,-0.168831,-0.139474,0.567574,0.953691,-0.183607,-0.046714,0.233624,0.954472,-0.179504,-0.047718,0.233421,1.000000,
0.954472,-0.179504,-0.047718,0.233421,0.793664,-0.168831,-0.139474,0.567574,0.955479,-0.174061,-0.049048,0.233145,0.954472,-0.179504,-0.047718,0.233421,1.000000,
0.954472,-0.179504,-0.047718,0.233421,0.793664,-0.168831,-0.139474,0.567574,0.953691,-0.183607,-0.046714,0.233624,0.954472,-0.179504,-0.047718,0.233421,1.000000,
0.954472,-0.179504,-0.047718,0.233421,0.793664,-0.168831,-0.139474,0.567574,0.955479,-0.174061,-0.049048,0.233145,0.954472,-0.179504,-0.047718,0.233421,1.000000,
0.954472,-0.179504,-0.047718,0.233421,0.793664,-0.168831,-0.139474,0.567574,0.953691,-0.183607,-0.046714,0.233624,0.954472,-0.179504,-0.047718,0.233421,1.000000,
0.954472,-0.179504,-0.047718,0.233421,0.793664,-0.168831,-0.139474,0.567574,0.955479,-0.174061,-0.049048,0.233145,0.954472,-0.179504,-0.047718,0.233421,1.000000,
0.954472,-0.179504,-0.047718,0.233421,0.793664,-0.168831,-0.139474,0.567574,0.953691,-0.183607,-0.046714,0.233624,0.954472,-0.179504,-0.047718,0.233421,1.000000,
0.954472,-0.179504,-0.047718,0.233421,0.793664,-0.168831,-0.139474,0.567574,0.955479,-0.174061,-0.049048,0.233145,0.954472,-0.179504,-0.047718,0.233421,1.000000,
0.954472,-0.179504,-0.047718,0.233421,0.793664,-0.168831,-0.139474,0.567574,0.953691,-0.183607,-0.046714,0.233624,0.954472,-0.179504,-0.047718,0.233421,1.000000,
0.954472,-0.179504,-0.047718,0.233421,0.793664,-0.168831,-0.139474,0.567574,0.955479,-0.174061,-0.049048,0.233145,0.954472,-0.179504,-0.047718,0.233421,1.000000,
0.954472,-0.179504,-0.047718,0.233421,0.793664,-0.168831,-0.139474,0.567574,0.953691,-0.183607,-0.046714,0.233624,0.954472,-0.179504,-0.047718,0.233421,1.000000,
0.954472,-0.179504,-0.047718,0.233421,0.793664,-0.168831,-0.139474,0.567574,0.955479,-0.174062,-0.049048,0.233145,0.954472,-0.179504,-0.047718,0.233421,1.000000,
0.954472,-0.179504,-0.047718,0.233421,0.793664,-0.168831,-0.139474,0.567574,0.953691,-0.183608,-0.046714,0.233624,0.954472,-0.179504,-0.047718,0.233421,1.000000,
0.954472,-0.179504,-0.047718,0.233421,0.793664,-0.168831,-0.139474,0.567574,0.955479,-0.174062,-0.049048,0.233145,0.954472,-0.179504,-0.047718,0.233421,1.000000,
0.954472,-0.179504,-0.047718,0.233421,0.793664,-0.168831,-0.139474,0.567574,0.953691,-0.183608,-0.046714,0.233624,0.954472,-0.179504,-0.047718,0.233421,1.000000,
0.954472,-0.179504,-0.047718,0.233421,0.793664,-0.168831,-0.139474,0.567574,0.955479,-0.174062,-0.049048,0.233145,0.954472,-0.179504,-0.047718,0.233421,1.000000,
0.954472,-0.179504,-0.047718,0.233421,0.793664,-0.168831,-0.139474,0.567574,0.953691,-0.183608,-0.046714,0.233624,0.954472,-0.179504,-0.047718,0.233421,1.000000,
0.954472,-0.179504,-0.047718,0.233421,0.793664,-0.168831,-0.139474,0.567574,0.955479,-0.174062,-0.049047,0.233145,0.954472,-0.179504,-0.047718,0.233421,1.000000,
0.954472,-0.179504,-0.047718,0.233421,0.793664,-0.168831,-0.139474,0.567574,0.953691,-0.183608,-0.046714,0.233624,0.954472,-0.179504,-0.047718,0.233421,1.000000,
0.954472,-0.179504,-0.047718,0.233421,0.793664,-0.168831,-0.139474,0.567574,0.955479,-0.174062,-0.049047,0.233145,0.954472,-0.179504,-0.047718,0.233421,1.000000,
0.954472,-0.179504,-0.047718,0.233421,0.793664,-0.168831,-0.139474,0.567574,0.953691,-0.183608,-0.046714,0.233624,0.954472,-0.179504,-0.047718,0.233421,1.000000,
0.954472,-0.179504,-0.047718,0.233421,0.793664,-0.168831,-0.139474,0.567574,0.955479,-0.174062,-0.049047,0.233145,0.954472,-0.179504,-0.047718,0.233421,1.000000,
0.954472,-0.179504,-0.047718,0.233421,0.793664,-0.168831,-0.139474,0.567574,0.953691,-0.183608,-0.046714,0.233624,0.954472,-0.179504,-0.047718,0.233421,1.000000,
0.954472,-0.179504,-0.047718,0.233421,0.793664,-0.168831,-0.139474,0.567574,0.955479,-0.174062,-0.049047,0.233145,0.954472,-0.179504,-0.047718,0.233421,1.000000,
0.954472,-0.179504,-0.047718,0.233421,0.793664,-0.168831,-0.139474,0.567574,0.953691,-0.183608,-0.046714,0.233624,0.954472,-0.179504,-0.047718,0.233421,1.000000,
0.954472,-0.179504,-0.047718,0.233421,0.793664,-0.168831,-0.139474,0.567574,0.955479,-0.174062,-0.049047,0.233145,0.954472,-0.179504,-0.047718,0.233421,1.000000,
0.954472,-0.179504,-0.047718,0.233421,0.793664,-0.168831,-0.139474,0.567574,0.953691,-0.183608,-0.046714,0.233624,0.954472,-0.179504,-0.047718,0.233421,1.000000,
0.954472,-0.179504,-0.047718,0.233421,0.793664,-0.168831,-0.139474,0.567574,0.955479,-0.174062,-0.049047,0.233145,0.954472,-0.179504,-0.047718,0.233421,1.000000,
0.954472,-0.179504,-0.047718,0.233421,0.793664,-0.168831,-0.139474,0.567574,0.953691,-0.183608,-0.046714,0.233624,0.954472,-0.179504,-0.047718,0.233421,1.000000,
0.954472,-0.179504,-0.047718,0.233421,0.793664,-0.168831,-0.139474,0.567574,0.955479,-0.174062,-0.049047,0.233145,0.954472,-0.179504,-0.047718,0.233421,1.000000,
0.954472,-0.179504,-0.047718,0.233421,0.793664,-0.168831,-0.139474,0.567574,0.953691,-0.183608,-0.046714,0.233624,0.954472,-0.179504,-0.047718,0.233421,1.000000,
0.954472,-0.179504,-0.047718,0.233421,0.793664,-0.168831,-0.139474,0.567574,0.955479,-0.174062,-0.049047,0.233145,0.954472,-0.179504,-0.047718,0.233421,1.000000,
0.954472,-0.179504,-0.047718,0.233421,0.793664,-0.168831,-0.139474,0.567574,0.953691,-0.183608,-0.046713,0.233624,0.954472,-0.179504,-0.047718,0.233421,1.000000,
0.954472,-0.179504,-0.047718,0.233421,0.793664,-0.168831,-0.139474,0.567574,0.955479,-0.174062,-0.049047,0.233145,0.954472,-0.179504,-0.047718,0.233421,1.000000,
0.954472,-0.179504,-0.047718,0.233421,0.793664,-0.168831,-0.139474,0.567574,0.953691,-0.183608,-0.046713,0.233624,0.954472,-0.179504,-0.047718,0.233421,1.000000,
0.954472,-0.179504,-0.047718,0.233421,0.793664,-0.168831,-0.139474,0.567574,0.955479,-0.174062,-0.049047,0.233145,0.954472,-0.179504,-0.047718,0.233421,1.000000,
0.954472,-0.179504,-0.047718,0.233421,0.793664,-0.168831,-0.139474,0.567574,0.953691,-0.183608,-0.046713,0.233624,0.954472,-0.179504,-0.047718,0.233421,1.000000,
0.954472,-0.179504,-0.047718,0.233421,0.793664,-0.168831,-0.139474,0.567574,0.955479,-0.174062,-0.049047,0.233145,0.954472,-0.179504,-0.047718,0.233421,1.000000,
0.954472,-0.179504,-0.047718,0.233421,0.793664,-0.168831,-0.139474,0.567574,0.953691,-0.183608,-0.046713,0.233624,0.954472,-0.179504,-0.047718,0.233421,1.000000,
0.954472,-0.179504,-0.047718,0.233421,0.793664,-0.168831,-0.139474,0.567574,0.955479,-0.174062,-0.049047,0.233145,0.954472,-0.179504,-0.047718,0.233421,1.000000,
0.954472,-0.179504,-0.047718,0.233421,0.793664,-0.168831,-0.139474,0.567574,0.953691,-0.183608,-0.046713,0.233624,0.954472,-0.179504,-0.047718,0.233421,1.000000,
0.954472,-0.179504,-0.047718,0.233421,0.793664,-0.168831,-0.139474,0.567574,0.955479,-0.174063,-0.049047,0.233145,0.954472,-0.179504,-0.047718,0.233421,1.000000,
0.954472,-0.179504,-0.047718,0.233421,0.793664,-0.168831,-0.139474,0.567574,0.953691,-0.183609,-0.046713,0.233624,0.954472,-0.179504,-0.047718,0.233421,1.000000,
0.954472,-0.179504,-0.047718,0.233421,0.793664,-0.168831,-0.139474,0.567574,0.955479,-0.174063,-0.049047,0.233145,0.954472,-0.179504,-0.047718,0.233421,1.000000,
0.954472,-0.179504,-0.047718,0.233421,0.793664,-0.168831,-0.139474,0.567574,0.953691,-0.183609,-0.046713,0.233624,0.954472,-0.179504,-0.047718,0.233421,1.000000,
0.954472,-0.179504,-0.047718,0.233421,0.793664,-0.168831,-0.139474,0.567574,0.955479,-0.174063,-0.049047,0.233145,0.954472,-0.179504,-0.047718,0.233421,1.000000,
0.954472,-0.179504,-0.047718,0.233421,0.793664,-0.168831,-0.139474,0.567574,0.953691,-0.183609,-0.046713,0.233624,0.954472,-0.179504,-0.047718,0.233421,1.000000,
0.954472,-0.179504,-0.047718,0.233421,0.793664,-0.168831,-0.139474,0.567574,0.955479,-0.174063,-0.049047,0.233145,0.954472,-0.179504,-0.047718,0.233421,1.000000,
0.954472,-0.179504,-0.047718,0.233421,0.793664,-0.168831,-0.139474,0.567574,0.953690,-0.183609,-0.046713,0.233624,0.954472,-0.179504,-0.047718,0.233421,1.000000,
0.954472,-0.179504,-0.047718,0.233421,0.793664,-0.168831,-0.139474,0.567574,0.955479,-0.174063,-0.049047,0.233145,0.954472,-0.179504,-0.047718,0.233421,1.000000,
0.954472,-0.179504,-0.047718,0.233421,0.793664,-0.168831,-0.139474,0.567574,0.953690,-0.183609,-0.046713,0.233624,0.954472,-0.179504,-0.047718,0.233421,1.000000,
0.954472,-0.179504,-0.047718,0.233421,0.793664,-0.168831,-0.139474,0.567574,0.955479,-0.174063,-0.049047,0.233145,0.954472,-0.179504,-0.047718,0.233421,1.000000,
0.954472,-0.179504,-0.047718,0.233421,0.793664,-0.168831,-0.139474,0.567574,0.953690,-0.183609,-0.046713,0.233624,0.954472,-0.179504,-0.047718,0.233421,1.000000,
0.954472,-0.179504,-0.047718,0.233421,0.793664,-0.168831,-0.139474,0.567574,0.955479,-0.174063,-0.049047,0.233145,0.954472,-0.179504,-0.047718,0.233421,1.000000,
0.954472,-0.179504,-0.047718,0.233421,0.793664,-0.168831,-0.139474,0.567574,0.953690,-0.183609,-0.046713,0.233624,0.954472,-0.179504,-0.047718,0.233421,1.000000,
0.954472,-0.179504,-0.047718,0.233421,0.793664,-0.168831,-0.139474,0.567574,0.955479,-0.174063,-0.049047,0.233145,0.954472,-0.179504,-0.047718,0.233421,1.000000,
0.954472,-0.179504,-0.047718,0.233421,0.793664,-0.168831,-0.139474,0.567574,0.953690,-0.183609,-0.046713,0.233624,0.954472,-0.179504,-0.047718,0.233421,1.000000,
0.954472,-0.179504,-0.047718,0.233421,0.793664,-0.168831,-0.139474,0.567574,0.955479,-0.174063,-0.049047,0.233145,0.954472,-0.179504,-0.047718,0.233421,1.000000,
0.954472,-0.179504,-0.047718,0.233421,0.793664,-0.168831,-0.139474,0.567574,0.953690,-0.183609,-0.046713,0.233624,0.954472,-0.179504,-0.047718,0.233421,1.000000,
0.954472,-0.179504,-0.047718,0.233421,0.793664,-0.168831,-0.139474,0.567574,0.955479,-0.174063,-0.049047,0.233145,0.954472,-0.179504,-0.047718,0.233421,1.000000,
0.954472,-0.179504,-0.047718,0.233421,0.793664,-0.168831,-0.139474,0.567574,0.953690,-0.183609,-0.046713,0.233624,0.954472,-0.179504,-0.047718,0.233421,1.000000,
0.954472,-0.179504,-0.047718,0.233421,0.793664,-0.168831,-0.139474,0.567574,0.955479,-0.174063,-0.049047,0.233145,0.954472,-0.179504,-0.047718,0.233421,1.000000,
0.954472,-0.179504,-0.047718,0.233421,0.793664,-0.168831,-0.139474,0.567574,0.953690,-0.183609,-0.046713,0.233624,0.954472,-0.179504,-0.047718,0.233421,1.000000,
0.954472,-0.179504,-0.047718,0.233421,0.793664,-0.168831,-0.139474,0.567574,0.955479,-0.174063,-0.049047,0.233145,0.954472,-0.179504,-0.047718,0.233421,1.000000,
0.954472,-0.179504,-0.047718,0.233421,0.793664,-0.168831,-0.139474,0.567574,0.953690,-0.183609,-0.046713,0.233624,0.954472,-0.179504,-0.047718,0.233421,1.000000,
0.954472,-0.179504,-0.047718,0.233421,0.793664,-0.168831,-0.139474,0.567574,0.955479,-0.174063,-0.049047,0.233145,0.954472,-0.179504,-0.047718,0.233421,1.000000,
0.954472,-0.179504,-0.047718,0.233421,0.793664,-0.168831,-0.139474,0.567574,0.953690,-0.183609,-0.046713,0.233624,0.954472,-0.179504,-0.047718,0.233421,1.000000,
0.954472,-0.179504,-0.047718,0.233421,0.793664,-0.168831,-0.139474,0.567574,0.955479,-0.174063,-0.049047,0.233145,0.954472,-0.179504,-0.047718,0.233421,1.000000,
0.954472,-0.179504,-0.047718,0.233421,0.793664,-0.168831,-0.139474,0.567574,0.953690,-0.183609,-0.046713,0.233624,0.954472,-0.179504,-0.047718,0.233421,1.000000,
0.954472,-0.179504,-0.047718,0.233421,0.793664,-0.168831,-0.139474,0.567574,0.955479,-0.174063,-0.049047,0.233145,0.954472,-0.179504,-0.047718,0.233421,1.000000,
0.954472,-0.179504,-0.047718,0.233421,0.793664,-0.168831,-0.139474,0.567574,0.953690,-0.183609,-0.046713,0.233624,0.954472,-0.179504,-0.047718,0.233421,1.000000,
0.954472,-0.179504,-0.047718,0.233421,0.793664,-0.168831,-0.139474,0.567574,0.955479,-0.174064,-0.049047,0.233145,0.954472,-0.179504,-0.047718,0.233421,1.000000,
0.954472,-0.179504,-0.047718,0.233421,0.793664,-0.168831,-0.139474,0.567574,0.953690,-0.183610,-0.046713,0.233624,0.954472,-0.179504,-0.047718,0.233421,1.000000,
0.954472,-0.179504,-0.047718,0.233421,0.793664,-0.168831,-0.139474,0.567574,0.955479,-0.174064,-0.049047,0.233145,0.954472,-0.179504,-0.047718,0.233421,1.000000,
0.954472,-0.179504,-0.047718,0.233421,0.793664,-0.168831,-0.139474,0.567574,0.953690,-0.183610,-0.046713,0.233624,0.954472,-0.179504,-0.047718,0.233421,1.000000,
0.954472,-0.179504,-0.047718,0.233421,0.793664,-0.168831,-0.139474,0.567574,0.955479,-0.174064,-0.049047,0.233145,0.954472,-0.179504,-0.047718,0.233421,1.000000,
0.954472,-0.179504,-0.047718,0.233421,0.793664,-0.168831,-0.139474,0.567574,0.953690,-0.183610,-0.046713,0.233624,0.954472,-0.179504,-0.047718,0.233421,1.000000,
0.954472,-0.179504,-0.047718,0.233421,0.793664,-0.168831,-0.139474,0.567574,0.955479,-0.174064,-0.049047,0.233145,0.954472,-0.179504,-0.047718,0.233421,1.000000,
0.954472,-0.179504,-0.047718,0.233421,0.793664,-0.168831,-0.139474,0.567574,0.953690,-0.183610,-0.046713,0.233624,0.954472,-0.179504,-0.047718,0.233421,1.000000,
0.954472,-0.179504,-0.047718,0.233421,0.793664,-0.168831,-0.139474,0.567574,0.955479,-0.174064,-0.049047,0.233145,0.954472,-0.179504,-0.047718,0.233421,1.000000,
0.954472,-0.179504,-0.047718,0.233421,0.793664,-0.168831,-0.139474,0.567574,0.953690,-0.183610,-0.046713,0.233624,0.954472,-0.179504,-0.047718,0.233421,1.000000,
0.954472,-0.179504,-0.047718,0.233421,0.793664,-0.168831,-0.139474,0.567574,0.955479,-0.174064,-0.049047,0.233145,0.954472,-0.179504,-0.047718,0.233421,1.000000,
0.954472,-0.179504,-0.047718,0.233421,0.793664,-0.168831,-0.139474,0.567574,0.953690,-0.183610,-0.046713,0.233624,0.954472,-0.179504,-0.047718,0.233421,1.000000,
0.954472,-0.179504,-0.047718,0.233421,0.793664,-0.168831,-0.139474,0.567574,0.955479,-0.174064,-0.049047,0.233145,0.954472,-0.179504,-0.047718,0.233421,1.000000,
0.954472,-0.179504,-0.047718,0.233421,0.793664,-0.168831,-0.139474,0.567574,0.953690,-0.183610,-0.046713,0.233624,0.954472,-0.179504,-0.047718,0.233421,1.000000,
0.954472,-0.179504,-0.047718,0.233421,0.793664,-0.168831,-0.139474,0.567574,0.955479,-0.174064,-0.049047,0.233145,0.954472,-0.179504,-0.047718,0.233421,1.000000,
0.954472,-0.179504,-0.047718,0.233421,0.793664,-0.168831,-0.139474,0.567574,0.953690,-0.183610,-0.046713,0.233624,0.954472,-0.179504,-0.047718,0.233421,1.000000,
0.954472,-0.179504,-0.047718,0.233421,0.793664,-0.168831,-0.139474,0.567574,0.955479,-0.174064,-0.049047,0.233145,0.954472,-0.179504,-0.047718,0.233421,1.000000,
0.954472,-0.179504,-0.047718,0.233421,0.793664,-0.168831,-0.139474,0.567574,0.953690,-0.183610,-0.046713,0.233624,0.954472,-0.179504,-0.047718,0.233421,1.000000,
0.954472,-0.179504,-0.047718,0.233421,0.793664,-0.168831,-0.139474,0.567574,0.955479,-0.174064,-0.049047,0.233145,0.954472,-0.179504,-0.047718,0.233421,1.000000,
0.954472,-0.179504,-0.047718,0.233421,0.793664,-0.168831,-0.139474,0.567574,0.953690,-0.183610,-0.046713,0.233624,0.954472,-0.179504,-0.047718,0.233421,1.000000,
0.954472,-0.179504,-0.047718,0.233421,0.793664,-0.168831,-0.139474,0.567574,0.955479,-0.174064,-0.049047,0.233145,0.954472,-0.179504,-0.047718,0.233421,1.000000,
0.954472,-0.179504,-0.047718,0.233421,0.793664,-0.168831,-0.139474,0.567574,0.953690,-0.183610,-0.046713,0.233624,0.954472,-0.179504,-0.047718,0.233421,1.000000,
0.954472,-0.179504,-0.047718,0.233421,0.793664,-0.168831,-0.139474,0.567574,0.955479,-0.174064,-0.049047,0.233145,0.954472,-0.179504,-0.047718,0.233421,1.000000,
0.954472,-0.179504,-0.047718,0.233421,0.793664,-0.168831,-0.139474,0.567574,0.953690,-0.183610,-0.046713,0.233624,0.954472,-0.179504,-0.047718,0.233421,1.000000,
0.954472,-0.179504,-0.047718,0.233421,0.793664,-0.168831,-0.139474,0.567574,0.955479,-0.174064,-0.049047,0.233145,0.954472,-0.179504,-0.047718,0.233421,1.000000,
0.954472,-0.179504,-0.047718,0.233421,0.793664,-0.168831,-0.139474,0.567574,0.953690,-0.183610,-0.046713,0.233624,0.954472,-0.179504,-0.047718,0.233421,1.000000,
0.954472,-0.179504,-0.047718,0.233421,0.793664,-0.168831,-0.139474,0.567574,0.955479,-0.174064,-0.049047,0.233145,0.954472,-0.179504,-0.047718,0.233421,1.000000,
0.954472,-0.179504,-0.047718,0.233421,0.793664,-0.168831,-0.139474,0.567574,0.953690,-0.183610,-0.046713,0.233624,0.954472,-0.179504,-0.047718,0.233421,1.000000,
0.954472,-0.179504,-0.047718,0.233421,0.793664,-0.168831,-0.139474,0.567574,0.955479,-0.174064,-0.049047,0.233145,0.954472,-0.179504,-0.047718,0.233421,1.000000,
0.954472,-0.179504,-0.047718,0.233421,0.793664,-0.168831,-0.139474,0.567574,0.953690,-0.183610,-0.046713,0.233624,0.954472,-0.179504,-0.047718,0.233421,1.000000,
0.954472,-0.179504,-0.047718,0.233421,0.793664,-0.168831,-0.139474,0.567574,0.955479,-0.174065,-0.049047,0.233145,0.954472,-0.179504,-0.047718,0.233421,1.000000,
0.954472,-0.179504,-0.047718,0.233421,0.793664,-0.168831,-0.139474,0.567574,0.953690,-0.183611,-0.046713,0.233624,0.954472,-0.179504,-0.047718,0.233421,1.000000,
0.954472,-0.179504,-0.047718,0.233421,0.793664,-0.168831,-0.139474,0.567574,0.955479,-0.174065,-0.049047,0.233145,0.954472,-0.179504,-0.047718,0.233421,1.000000,
0.954472,-0.179504,-0.047718,0.233421,0.793664,-0.168831,-0.139474,0.567574,0.953690,-0.183611,-0.046713,0.233624,0.954472,-0.179504,-0.047718,0.233421,1.000000,
0.954472,-0.179504,-0.047718,0.233421,0.793664,-0.168831,-0.139474,0.567574,0.955479,-0.174065,-0.049047,0.233145,0.954472,-0.179504,-0.047718,0.233421,1.000000,
0.954472,-0.179504,-0.047718,0.233421,0.793664,-0.168831,-0.139474,0.567574,0.953690,-0.183611,-0.046713,0.233624,0.954472,-0.179504,-0.047718,0.233421,1.000000,
0.954472,-0.179504,-0.047718,0.233421,0.793664,-0.168831,-0.139474,0.567574,0.955479,-0.174065,-0.049047,0.233145,0.954472,-0.179504,-0.047718,0.233421,1.000000,
0.954472,-0.179504,-0.047718,0.233421,0.793664,-0.168831,-0.139474,0.567574,0.953690,-0.183611,-0.046713,0.233624,0.954472,-0.179504,-0.047718,0.233421,1.000000,
0.954472,-0.179504,-0.047718,0.233421,0.793664,-0.168831,-0.139474,0.567574,0.955479,-0.174065,-0.049047,0.233145,0.954472,-0.179504,-0.047718,0.233421,1.000000,
0.954472,-0.179504,-0.047718,0.233421,0.793664,-0.168831,-0.139474,0.567574,0.953690,-0.183611,-0.046713,0.233624,0.954472,-0.179504,-0.047718,0.233421,1.000000,
0.954472,-0.179504,-0.047718,0.233421,0.793664,-0.168831,-0.139474,0.567574,0.955478,-0.174065,-0.049047,0.233145,0.954472,-0.179504,-0.047718,0.233421,1.000000,
0.954472,-0.179504,-0.047718,0.233421,0.793664,-0.168831,-0.139474,0.567574,0.953690,-0.183611,-0.046713,0.233624,0.954472,-0.179504,-0.047718,0.233421,1.000000,
0.954472,-0.179504,-0.047718,0.233421,0.793664,-0.168831,-0.139474,0.567574,0.955478,-0.174065,-0.049047,0.233145,0.954472,-0.179504,-0.047718,0.233421,1.000000,
0.954472,-0.179504,-0.047718,0.233421,0.793664,-0.168831,-0.139474,0.567574,0.953690,-0.183611,-0.046713,0.233624,0.954472,-0.179504,-0.047718,0.233421,1.000000,
0.954472,-0.179504,-0.047718,0.233421,0.793664,-0.168831,-0.139474,0.567574,0.955478,-0.174065,-0.049047,0.233145,0.954472,-0.179504,-0.047718,0.233421,1.000000,
0.954472,-0.179504,-0.047718,0.233421,0.793664,-0.168831,-0.139474,0.567574,0.953690,-0.183611,-0.046713,0.233624,0.954472,-0.179504,-0.047718,0.233421,1.000000,
0.954472,-0.179504,-0.047718,0.233421,0.793664,-0.168831,-0.139474,0.567574,0.955478,-0.174065,-0.049047,0.233145,0.954472,-0.179504,-0.047718,0.233421,1.000000,
0.954472,-0.179504,-0.047718,0.233421,0.793664,-0.168831,-0.139474,0.567574,0.953690,-0.183611,-0.046713,0.233624,0.954472,-0.179504,-0.047718,0.233421,1.000000,
0.954472,-0.179504,-0.047718,0.233421,0.793664,-0.168831,-0.139474,0.567574,0.955478,-0.174065,-0.049047,0.233145,0.954472,-0.179504,-0.047718,0.233421,1.000000,
0.954472,-0.179504,-0.047718,0.233421,0.793664,-0.168831,-0.139474,0.567574,0.953690,-0.183611,-0.046713,0.233624,0.954472,-0.179504,-0.047718,0.233421,1.000000,
0.954472,-0.179504,-0.047718,0.233421,0.793664,-0.168831,-0.139474,0.567574,0.955478,-0.174065,-0.049047,0.233145,0.954472,-0.179504,-0.047718,0.233421,1.000000,
0.954472,-0.179504,-0.047718,0.233421,0.793664,-0.168831,-0.139474,0.567574,0.953690,-0.183611,-0.046713,0.233624,0.954472,-0.179504,-0.047718,0.233421,1.000000,
0.954472,-0.179504,-0.047718,0.233421,0.793664,-0.168831,-0.139474,0.567574,0.955478,-0.174065,-0.049047,0.233145,0.954472,-0.179504,-0.047718,0.233421,1.000000,
0.954472,-0.179504,-0.047718,0.233421,0.793664,-0.168831,-0.139474,0.567574,0.953690,-0.183611,-0.046713,0.233624,0.954472,-0.179504,-0.047718,0.233421,1.000000,
0.954472,-0.179504,-0.047718,0.233421,0.793664,-0.168831,-0.139474,0.567574,0.955478,-0.174065,-0.049047,0.233145,0.954472,-0.179504,-0.047718,0.233421,1.000000,
0.954472,-0.179504,-0.047718,0.233421,0.793664,-0.168831,-0.139474,0.567574,0.953690,-0.183611,-0.046713,0.233624,0.954472,-0.179504,-0.047718,0.233421,1.000000,
0.954472,-0.179504,-0.047718,0.233421,0.793664,-0.168831,-0.139474,0.567574,0.955478,-0.174065,-0.049047,0.233145,0.954472,-0.179504,-0.047718,0.233421,1.000000,
0.954472,-0.179504,-0.047718,0.233421,0.793664,-0.168831,-0.139474,0.567574,0.953690,-0.183611,-0.046713,0.233624,0.954472,-0.179504,-0.047718,0.233421,1.000000,
0.954472,-0.179504,-0.047718,0.233421,0.793664,-0.168831,-0.139474,0.567574,0.955478,-0.174065,-0.049047,0.233145,0.954472,-0.179504,-0.047718,0.233421,1.000000,
0.954472,-0.179504,-0.047718,0.233421,0.793664,-0.168831,-0.139474,0.567574,0.953690,-0.183611,-0.046713,0.233624,0.954472,-0.179504,-0.047718,0.233421,1.000000,
0.954472,-0.179504,-0.047718,0.233421,0.793664,-0.168831,-0.139474,0.567574,0.955478,-0.174066,-0.049047,0.233145,0.954472,-0.179504,-0.047718,0.233421,1.000000,
0.954472,-0.179504,-0.047718,0.233421,0.793664,-0.168831,-0.139474,0.567574,0.953690,-0.183612,-0.046713,0.233624,0.954472,-0.179504,-0.047718,0.233421,1.000000,
0.954472,-0.179504,-0.047718,0.233421,0.793664,-0.168831,-0.139474,0.567574,0.955478,-0.174066,-0.049047,0.233145,0.954472,-0.179504,-0.047718,0.233421,1.000000,
0.954472,-0.179504,-0.047718,0.233421,0.793664,-0.168831,-0.139474,0.567574,0.953690,-0.183612,-0.046713,0.233624,0.954472,-0.179504,-0.047718,0.233421,1.000000,
0.954472,-0.179504,-0.047718,0.233421,0.793664,-0.168831,-0.139474,0.567574,0.955478,-0.174066,-0.049047,0.233145,0.954472,-0.179504,-0.047718,0.233421,1.000000,
0.954472,-0.179504,-0.047718,0.233421,0.793664,-0.168831,-0.139474,0.567574,0.953690,-0.183612,-0.046713,0.233624,0.954472,-0.179504,-0.047718,0.233421,1.000000,
0.954472,-0.179504,-0.047718,0.233421,0.793664,-0.168831,-0.139474,0.567574,0.955478,-0.174066,-0.049047,0.233145,0.954472,-0.179504,-0.047718,0.233421,1.000000,
0.954472,-0.179504,-0.047718,0.233421,0.793664,-0.168831,-0.139474,0.567574,0.953690,-0.183612,-0.046713,0.233624,0.954472,-0.179504,-0.047718,0.233421,1.000000,
0.954472,-0.179504,-0.047718,0.233421,0.793664,-0.168831,-0.139474,0.567574,0.955478,-0.174066,-0.049047,0.233145,0.954472,-0.179504,-0.047718,0.233421,1.000000,
0.954472,-0.179504,-0.047718,0.233421,0.793664,-0.168831,-0.139474,0.567574,0.953690,-0.183612,-0.046713,0.233624,0.954472,-0.179504,-0.047718,0.233421,1.000000,
0.954472,-0.179504,-0.047718,0.233421,0.793664,-0.168831,-0.139474,0.567574,0.955478,-0.174066,-0.049046,0.233145,0.954472,-0.179504,-0.047718,0.233421,1.000000,
0.954472,-0.179504,-0.047718,0.233421,0.793664,-0.168831,-0.139474,0.567574,0.953690,-0.183612,-0.046713,0.233624,0.954472,-0.179504,-0.047718,0.233421,1.000000,
0.954472,-0.179504,-0.047718,0.233421,0.793664,-0.168831,-0.139474,0.567574,0.955478,-0.174066,-0.049046,0.233145,0.954472,-0.179504,-0.047718,0.233421,1.000000,
0.954472,-0.179504,-0.047718,0.233421,0.793664,-0.168831,-0.139474,0.567574,0.953690,-0.183612,-0.046713,0.233624,0.954472,-0.179504,-0.047718,0.233421,1.000000,
0.954472,-0.179504,-0.047718,0.233421,0.793664,-0.168831,-0.139474,0.567574,0.955478,-0.174066,-0.049046,0.233145,0.954472,-0.179504,-0.047718,0.233421,1.000000,
0.954472,-0.179504,-0.047718,0.233421,0.793664,-0.168831,-0.139474,0.567574,0.953690,-0.183612,-0.046713,0.233624,0.954472,-0.179504,-0.047718,0.233421,1.000000,
0.954472,-0.179504,-0.047718,0.233421,0.793664,-0.168831,-0.139474,0.567574,0.955478,-0.174066,-0.049046,0.233145,0.954472,-0.179504,-0.047718,0.233421,1.000000,
0.954472,-0.179504,-0.047718,0.233421,0.793664,-0.168831,-0.139474,0.567574,0.953690,-0.183612,-0.046713,0.233624,0.954472,-0.179504,-0.047718,0.233421,1.000000,
0.954472,-0.179504,-0.047718,0.233421,0.793664,-0.168831,-0.139474,0.567574,0.955478,-0.174066,-0.049046,0.233145,0.954472,-0.179504,-0.047718,0.233421,1.000000,
0.954472,-0.179504,-0.047718,0.233421,0.793664,-0.168831,-0.139474,0.567574,0.953690,-0.183612,-0.046713,0.233624,0.954472,-0.179504,-0.047718,0.233421,1.000000,
0.954472,-0.179504,-0.047718,0.233421,0.793664,-0.168831,-0.139474,0.567574,0.955478,-0.174066,-0.049046,0.233145,0.954472,-0.179504,-0.047718,0.233421,1.000000,
0.954472,-0.179504,-0.047718,0.233421,0.793664,-0.168831,-0.139474,0.567574,0.953690,-0.183612,-0.046713,0.233624,0.954472,-0.179504,-0.047718,0.233421,1.000000,
0.954472,-0.179504,-0.047718,0.233421,0.793664,-0.168831,-0.139474,0.567574,0.955478,-0.174066,-0.049046,0.233145,0.954472,-0.179504,-0.047718,0.233421,1.000000,
0.954472,-0.179504,-0.047718,0.233421,0.793664,-0.168831,-0.139474,0.567574,0.953690,-0.183612,-0.046713,0.233624,0.954472,-0.179504,-0.047718,0.233421,1.000000,
0.954472,-0.179504,-0.047718,0.233421,0.793664,-0.168831,-0.139474,0.567574,0.955478,-0.174066,-0.049046,0.233145,0.954472,-0.179504,-0.047718,0.233421,1.000000,
0.954472,-0.179504,-0.047718,0.233421,0.793664,-0.168831,-0.139474,0.567574,0.953690,-0.183612,-0.046712,0.233624,0.954472,-0.179504,-0.047718,0.233421,1.000000,
0.954472,-0.179504,-0.047718,0.233421,0.793664,-0.168831,-0.139474,0.567574,0.955478,-0.174066,-0.049046,0.233145,0.954472,-0.179504,-0.047718,0.233421,1.000000,
0.954472,-0.179504,-0.047718,0.233421,0.793664,-0.168831,-0.139474,0.567574,0.953690,-0.183612,-0.046712,0.233624,0.954472,-0.179504,-0.047718,0.233421,1.000000,
0.954472,-0.179504,-0.047718,0.233421,0.793664,-0.168831,-0.139474,0.567574,0.955478,-0.174066,-0.049046,0.233145,0.954472,-0.179504,-0.047718,0.233421,1.000000,
0.954472,-0.179504,-0.047718,0.233421,0.793664,-0.168831,-0.139474,0.567574,0.953690,-0.183612,-0.046712,0.233624,0.954472,-0.179504,-0.047718,0.233421,1.000000,
0.954472,-0.179504,-0.047718,0.233421,0.793664,-0.168831,-0.139474,0.567574,0.955478,-0.174067,-0.049046,0.233145,0.954472,-0.179504,-0.047718,0.233421,1.000000,
0.954472,-0.179504,-0.047718,0.233421,0.793664,-0.168831,-0.139474,0.567574,0.953690,-0.183613,-0.046712,0.233624,0.954472,-0.179504,-0.047718,0.233421,1.000000,
0.954472,-0.179504,-0.047718,0.233421,0.793664,-0.168831,-0.139474,0.567574,0.955478,-0.174067,-0.049046,0.233145,0.954472,-0.179504,-0.047718,0.233421,1.000000,
0.954472,-0.179504,-0.047718,0.233421,0.793664,-0.168831,-0.139474,0.567574,0.953690,-0.183613,-0.046712,0.233624,0.954472,-0.179504,-0.047718,0.233421,1.000000,
0.954472,-0.179504,-0.047718,0.233421,0.793664,-0.168831,-0.139474,0.567574,0.955478,-0.174067,-0.049046,0.233145,0.954472,-0.179504,-0.047718,0.233421,1.000000,
0.954472,-0.179504,-0.047718,0.233421,0.793664,-0.168831,-0.139474,0.567574,0.953690,-0.183613,-0.046712,0.233624,0.954472,-0.179504,-0.047718,0.233421,1.000000,
0.954472,-0.179504,-0.047718,0.233421,0.793664,-0.168831,-0.139474,0.567574,0.955478,-0.174067,-0.049046,0.233145,0.954472,-0.179504,-0.047718,0.233421,1.000000,
0.954472,-0.179504,-0.047718,0.233421,0.793664,-0.168831,-0.139474,0.567574,0.953690,-0.183613,-0.046712,0.233624,0.954472,-0.179504,-0.047718,0.233421,1.000000,
0.954472,-0.179504,-0.047718,0.233421,0.793664,-0.168831,-0.139474,0.567574,0.955478,-0.174067,-0.049046,0.233145,0.954472,-0.179504,-0.047718,0.233421,1.000000,
0.954472,-0.179504,-0.047718,0.233421,0.793664,-0.168831,-0.139474,0.567574,0.953690,-0.183613,-0.046712,0.233624,0.954472,-0.179504,-0.047718,0.233421,1.000000,
0.954472,-0.179504,-0.047718,0.233421,0.793664,-0.168831,-0.139474,0.567574,0.955478,-0.174067,-0.049046,0.233145,0.954472,-0.179504,-0.047718,0.233421,1.000000,
0.954472,-0.179504,-0.047718,0.233421,0.793664,-0.168831,-0.139474,0.567574,0.953690,-0.183613,-0.046712,0.233624,0.954472,-0.179504,-0.047718,0.233421,1.000000,
0.954472,-0.179504,-0.047718,0.233421,0.793664,-0.168831,-0.139474,0.567574,0.955478,-0.174067,-0.049046,0.233145,0.954472,-0.179504,-0.047718,0.233421,1.000000,
0.954472,-0.179504,-0.047718,0.233421,0.793664,-0.168831,-0.139474,0.567574,0.953690,-0.183613,-0.046712,0.233624,0.954472,-0.179504,-0.047718,0.233421,1.000000,
0.954472,-0.179504,-0.047718,0.233421,0.793664,-0.168831,-0.139474,0.567574,0.955478,-0.174067,-0.049046,0.233145,0.954472,-0.179504,-0.047718,0.233421,1.000000,
0.954472,-0.179504,-0.047718,0.233421,0.793664,-0.168831,-0.139474,0.567574,0.953690,-0.183613,-0.046712,0.233624,0.954472,-0.179504,-0.047718,0.233421,1.000000,
0.954472,-0.179504,-0.047718,0.233421,0.793664,-0.168831,-0.139474,0.567574,0.955478,-0.174067,-0.049046,0.233145,0.954472,-0.179504,-0.047718,0.233421,1.000000,
0.954472,-0.179504,-0.047718,0.233421,0.793664,-0.168831,-0.139474,0.567574,0.953690,-0.183613,-0.046712,0.233624,0.954472,-0.179504,-0.047718,0.233421,1.000000,
0.954472,-0.179504,-0.047718,0.233421,0.793664,-0.168831,-0.139474,0.567574,0.955478,-0.174067,-0.049046,0.233145,0.954472,-0.179504,-0.047718,0.233421,1.000000,
0.954472,-0.179504,-0.047718,0.233421,0.793664,-0.168831,-0.139474,0.567574,0.953690,-0.183613,-0.046712,0.233624,0.954472,-0.179504,-0.047718,0.233421,1.000000,
0.954472,-0.179504,-0.047718,0.233421,0.793664,-0.168831,-0.139474,0.567574,0.955478,-0.174067,-0.049046,0.233145,0.954472,-0.179504,-0.047718,0.233421,1.000000,
0.954472,-0.179504,-0.047718,0.233421,0.793664,-0.168831,-0.139474,0.567574,0.953690,-0.183613,-0.046712,0.233624,0.954472,-0.179504,-0.047718,0.233421,1.000000,
0.954472,-0.179504,-0.047718,0.233421,0.793664,-0.168831,-0.139474,0.567574,0.955478,-0.174067,-0.049046,0.233145,0.954472,-0.179504,-0.047718,0.233421,1.000000,
0.954472,-0.179504,-0.047718,0.233421,0.793664,-0.168831,-0.139474,0.567574,0.953690,-0.183613,-0.046712,0.233624,0.954472,-0.179504,-0.047718,0.233421,1.000000,
0.954472,-0.179504,-0.047718,0.233421,0.793664,-0.168831,-0.139474,0.567574,0.955478,-0.174067,-0.049046,0.233145,0.954472,-0.179504,-0.047718,0.233421,1.000000,
0.954472,-0.179504,-0.047718,0.233421,0.793664,-0.168831,-0.139474,0.567574,0.953690,-0.183613,-0.046712,0.233624,0.954472,-0.179504,-0.047718,0.233421,1.000000,
0.954472,-0.179504,-0.047718,0.233421,0.793664,-0.168831,-0.139474,0.567574,0.955478,-0.174067,-0.049046,0.233145,0.954472,-0.179504,-0.047718,0.233421,1.000000,
0.954472,-0.179504,-0.047718,0.233421,0.793664,-0.168831,-0.139474,0.567574,0.953690,-0.183613,-0.046712,0.233624,0.954472,-0.179504,-0.047718,0.233421,1.000000,
0.954472,-0.179504,-0.047718,0.233421,0.793664,-0.168831,-0.139474,0.567574,0.955478,-0.174067,-0.049046,0.233145,0.954472,-0.179504,-0.047718,0.233421,1.000000,
0.954472,-0.179504,-0.047718,0.233421,0.793664,-0.168831,-0.139474,0.567574,0.953690,-0.183613,-0.046712,0.233624,0.954472,-0.179504,-0.047718,0.233421,1.000000,
0.954472,-0.179504,-0.047718,0.233421,0.793664,-0.168831,-0.139474,0.567574,0.955478,-0.174068,-0.049046,0.233145,0.954472,-0.179504,-0.047718,0.233421,1.000000,
0.954472,-0.179504,-0.047718,0.233421,0.793664,-0.168831,-0.139474,0.567574,0.953690,-0.183614,-0.046712,0.233624,0.954472,-0.179504,-0.047718,0.233421,1.000000,
0.954472,-0.179504,-0.047718,0.233421,0.793664,-0.168831,-0.139474,0.567574,0.955478,-0.174068,-0.049046,0.233145,0.954472,-0.179504,-0.047718,0.233421,1.000000,
0.954472,-0.179504,-0.047718,0.233421,0.793664,-0.168831,-0.139474,0.567574,0.953690,-0.183614,-0.046712,0.233624,0.954472,-0.179504,-0.047718,0.233421,1.000000,
0.954472,-0.179504,-0.047718,0.233421,0.793664,-0.168831,-0.139474,0.567574,0.955478,-0.174068,-0.049046,0.233145,0.954472,-0.179504,-0.047718,0.233421,1.000000,
0.954472,-0.179504,-0.047718,0.233421,0.793664,-0.168831,-0.139474,0.567574,0.953690,-0.183614,-0.046712,0.233624,0.954472,-0.179504,-0.047718,0.233421,1.000000,
0.954472,-0.179504,-0.047718,0.233421,0.793664,-0.168831,-0.139474,0.567574,0.955478,-0.174068,-0.049046,0.233145,0.954472,-0.179504,-0.047718,0.233421,1.000000,
0.954472,-0.179504,-0.047718,0.233421,0.793664,-0.168831,-0.139474,0.567574,0.953690,-0.183614,-0.046712,0.233624,0.954472,-0.179504,-0.047718,0.233421,1.000000,
0.954472,-0.179504,-0.047718,0.233421,0.793664,-0.168831,-0.139474,0.567574,0.955478,-0.174068,-0.049046,0.233145,0.954472,-0.179504,-0.047718,0.233421,1.000000,
0.954472,-0.179504,-0.047718,0.233421,0.793664,-0.168831,-0.139474,0.567574,0.953690,-0.183614,-0.046712,0.233624,0.954472,-0.179504,-0.047718,0.233421,1.000000,
0.954472,-0.179504,-0.047718,0.233421,0.793664,-0.168831,-0.139474,0.567574,0.955478,-0.174068,-0.049046,0.233145,0.954472,-0.179504,-0.047718,0.233421,1.000000,
0.954472,-0.179504,-0.047718,0.233421,0.793664,-0.168831,-0.139474,0.567574,0.953690,-0.183614,-0.046712,0.233624,0.954472,-0.179504,-0.047718,0.233421,1.000000,
0.954472,-0.179504,-0.047718,0.233421,0.793664,-0.168831,-0.139474,0.567574,0.955478,-0.174068,-0.049046,0.233145,0.954472,-0.179504,-0.047718,0.233421,1.000000,
0.954472,-0.179504,-0.047718,0.233421,0.793664,-0.168831,-0.139474,0.567574,0.953690,-0.183614,-0.046712,0.233624,0.954472,-0.179504,-0.047718,0.233421,1.000000,
0.954472,-0.179504,-0.047718,0.233421,0.793664,-0.168831,-0.139474,0.567574,0.955478,-0.174068,-0.049046,0.233145,0.954472,-0.179504,-0.047718,0.233421,1.000000,
0.954472,-0.179504,-0.047718,0.233421,0.793664,-0.168831,-0.139474,0.567574,0.953689,-0.183614,-0.046712,0.233624,0.954472,-0.179504,-0.047718,0.233421,1.000000,
0.954472,-0.179504,-0.047718,0.233421,0.793664,-0.168831,-0.139474,0.567574,0.955478,-0.174068,-0.049046,0.233145,0.954472,-0.179504,-0.047718,0.233421,1.000000,
0.954472,-0.179504,-0.047718,0.233421,0.793664,-0.168831,-0.139474,0.567574,0.953689,-0.183614,-0.046712,0.233624,0.954472,-0.179504,-0.047718,0.233421,1.000000,
0.954472,-0.179504,-0.047718,0.233421,0.793664,-0.168831,-0.139474,0.567574,0.955478,-0.174068,-0.049046,0.233145,0.954472,-0.179504,-0.047718,0.233421,1.000000,
0.954472,-0.179504,-0.047718,0.233421,0.793664,-0.168831,-0.139474,0.567574,0.953689,-0.183614,-0.046712,0.233624,0.954472,-0.179504,-0.047718,0.233421,1.000000,
0.954472,-0.179504,-0.047718,0.233421,0.793664,-0.168831,-0.139474,0.567574,0.955478,-0.174068,-0.049046,0.233145,0.954472,-0.179504,-0.047718,0.233421,1.000000,
0.954472,-0.179504,-0.047718,0.233421,0.793664,-0.168831,-0.139474,0.567574,0.953689,-0.183614,-0.046712,0.233624,0.954472,-0.179504,-0.047718,0.233421,1.000000,
0.954472,-0.179504,-0.047718,0.233421,0.793664,-0.168831,-0.139474,0.567574,0.955478,-0.174068,-0.049046,0.233145,0.954472,-0.179504,-0.047718,0.233421,1.000000,
0.954472,-0.179504,-0.047718,0.233421,0.793664,-0.168831,-0.139474,0.567574,0.953689,-0.183614,-0.046712,0.233624,0.954472,-0.179504,-0.047718,0.233421,1.000000,
0.954472,-0.179504,-0.047718,0.233421,0.793664,-0.168831,-0.139474,0.567574,0.955478,-0.174068,-0.049046,0.233145,0.954472,-0.179504,-0.047718,0.233421,1.000000,
0.954472,-0.179504,-0.047718,0.233421,0.793664,-0.168831,-0.139474,0.567574,0.953689,-0.183614,-0.046712,0.233624,0.954472,-0.179504,-0.047718,0.233421,1.000000,
0.954472,-0.179504,-0.047718,0.233421,0.793664,-0.168831,-0.139474,0.567574,0.955478,-0.174068,-0.049046,0.233145,0.954472,-0.179504,-0.047718,0.233421,1.000000,
0.954472,-0.179504,-0.047718,0.233421,0.793664,-0.168831,-0.139474,0.567574,0.953689,-0.183614,-0.046712,0.233624,0.954472,-0.179504,-0.047718,0.233421,1.000000,
0.954472,-0.179504,-0.047718,0.233421,0.793664,-0.168831,-0.139474,0.567574,0.955478,-0.174068,-0.049046,0.233145,0.954472,-0.179504,-0.047718,0.233421,1.000000,
0.954472,-0.179504,-0.047718,0.233421,0.793664,-0.168831,-0.139474,0.567574,0.953689,-0.183614,-0.046712,0.233624,0.954472,-0.179504,-0.047718,0.233421,1.000000,
0.954472,-0.179504,-0.047718,0.233421,0.793664,-0.168831,-0.139474,0.567574,0.955478,-0.174069,-0.049046,0.233145,0.954472,-0.179504,-0.047718,0.233421,1.000000,
0.954472,-0.179504,-0.047718,0.233421,0.793664,-0.168831,-0.139474,0.567574,0.953689,-0.183615,-0.046712,0.233624,0.954472,-0.179504,-0.047718,0.233421,1.000000,
0.954472,-0.179504,-0.047718,0.233421,0.793664,-0.168831,-0.139474,0.567574,0.955478,-0.174069,-0.049046,0.233145,0.954472,-0.179504,-0.047718,0.233421,1.000000,
0.954472,-0.179504,-0.047718,0.233421,0.793664,-0.168831,-0.139474,0.567574,0.953689,-0.183615,-0.046712,0.233624,0.954472,-0.179504,-0.047718,0.233421,1.000000,
0.954472,-0.179504,-0.047718,0.233421,0.793664,-0.168831,-0.139474,0.567574,0.955478,-0.174069,-0.049046,0.233145,0.954472,-0.179504,-0.047718,0.233421,1.000000,
0.954472,-0.179504,-0.047718,0.233421,0.793664,-0.168831,-0.139474,0.567574,0.953689,-0.183615,-0.046712,0.233624,0.954472,-0.179504,-0.047718,0.233421,1.000000,
0.954472,-0.179504,-0.047718,0.233421,0.793664,-0.168831,-0.139474,0.567574,0.955478,-0.174069,-0.049046,0.233145,0.954472,-0.179504,-0.047718,0.233421,1.000000,
0.954472,-0.179504,-0.047718,0.233421,0.793664,-0.168831,-0.139474,0.567574,0.953689,-0.183615,-0.046712,0.233624,0.954472,-0.179504,-0.047718,0.233421,1.000000,
0.954472,-0.179504,-0.047718,0.233421,0.793664,-0.168831,-0.139474,0.567574,0.955478,-0.174069,-0.049046,0.233145,0.954472,-0.179504,-0.047718,0.233421,1.000000,
0.954472,-0.179504,-0.047718,0.233421,0.793664,-0.168831,-0.139474,0.567574,0.953689,-0.183615,-0.046712,0.233624,0.954472,-0.179504,-0.047718,0.233421,1.000000,
0.954472,-0.179504,-0.047718,0.233421,0.793664,-0.168831,-0.139474,0.567574,0.955478,-0.174069,-0.049046,0.233145,0.954472,-0.179504,-0.047718,0.233421,1.000000,
0.954472,-0.179504,-0.047718,0.233421,0.793664,-0.168831,-0.139474,0.567574,0.953689,-0.183615,-0.046712,0.233624,0.954472,-0.179504,-0.047718,0.233421,1.000000,
0.954472,-0.179504,-0.047718,0.233421,0.793664,-0.168831,-0.139474,0.567574,0.955478,-0.174069,-0.049046,0.233145,0.954472,-0.179504,-0.047718,0.233421,1.000000,
0.954472,-0.179504,-0.047718,0.233421,0.793664,-0.168831,-0.139474,0.567574,0.953689,-0.183615,-0.046712,0.233624,0.954472,-0.179504,-0.047718,0.233421,1.000000,
0.954472,-0.179504,-0.047718,0.233421,0.793664,-0.168831,-0.139474,0.567574,0.955478,-0.174069,-0.049046,0.233145,0.954472,-0.179504,-0.047718,0.233421,1.000000,
0.954472,-0.179504,-0.047718,0.233421,0.793664,-0.168831,-0.139474,0.567574,0.953689,-0.183615,-0.046712,0.233624,0.954472,-0.179504,-0.047718,0.233421,1.000000,
0.954472,-0.179504,-0.047718,0.233421,0.793664,-0.168831,-0.139474,0.567574,0.955478,-0.174069,-0.049046,0.233145,0.954472,-0.179504,-0.047718,0.233421,1.000000,
0.954472,-0.179504,-0.047718,0.233421,0.793664,-0.168831,-0.139474,0.567574,0.953689,-0.183615,-0.046712,0.233624,0.954472,-0.179504,-0.047718,0.233421,1.000000,
0.954472,-0.179504,-0.047718,0.233421,0.793664,-0.168831,-0.139474,0.567574,0.955478,-0.174069,-0.049046,0.233145,0.954472,-0.179504,-0.047718,0.233421,1.000000,
0.954472,-0.179504,-0.047718,0.233421,0.793664,-0.168831,-0.139474,0.567574,0.953689,-0.183615,-0.046712,0.233624,0.954472,-0.179504,-0.047718,0.233421,1.000000,
0.954472,-0.179504,-0.047718,0.233421,0.793664,-0.168831,-0.139474,0.567574,0.955478,-0.174069,-0.049046,0.233145,0.954472,-0.179504,-0.047718,0.233421,1.000000,
0.954472,-0.179504,-0.047718,0.233421,0.793664,-0.168831,-0.139474,0.567574,0.953689,-0.183615,-0.046712,0.233624,0.954472,-0.179504,-0.047718,0.233421,1.000000,
0.954472,-0.179504,-0.047718,0.233421,0.793664,-0.168831,-0.139474,0.567574,0.955478,-0.174069,-0.049046,0.233145,0.954472,-0.179504,-0.047718,0.233421,1.000000,
0.954472,-0.179504,-0.047718,0.233421,0.793664,-0.168831,-0.139474,0.567574,0.953689,-0.183615,-0.046712,0.233624,0.954472,-0.179504,-0.047718,0.233421,1.000000,
0.954472,-0.179504,-0.047718,0.233421,0.793664,-0.168831,-0.139474,0.567574,0.955478,-0.174069,-0.049046,0.233145,0.954472,-0.179504,-0.047718,0.233421,1.000000,
0.954472,-0.179504,-0.047718,0.233421,0.793664,-0.168831,-0.139474,0.567574,0.953689,-0.183615,-0.046712,0.233624,0.954472,-0.179504,-0.047718,0.233421,1.000000,
0.954472,-0.179504,-0.047718,0.233421,0.793664,-0.168831,-0.139474,0.567574,0.955478,-0.174069,-0.049046,0.233145,0.954472,-0.179504,-0.047718,0.233421,1.000000,
0.954472,-0.179504,-0.047718,0.233421,0.793664,-0.168831,-0.139474,0.567574,0.953689,-0.183615,-0.046712,0.233624,0.954472,-0.179504,-0.047718,0.233421,1.000000,
0.954472,-0.179504,-0.047718,0.233421,0.793664,-0.168831,-0.139474,0.567574,0.955478,-0.174069,-0.049046,0.233145,0.954472,-0.179504,-0.047718,0.233421,1.000000,
0.954472,-0.179504,-0.047718,0.233421,0.793664,-0.168831,-0.139474,0.567574,0.953689,-0.183615,-0.046712,0.233624,0.954472,-0.179504,-0.047718,0.233421,1.000000,
0.954472,-0.179504,-0.047718,0.233421,0.793664,-0.168831,-0.139474,0.567574,0.955478,-0.174070,-0.049046,0.233145,0.954472,-0.179504,-0.047718,0.233421,1.000000,
0.954472,-0.179504,-0.047718,0.233421,0.793664,-0.168831,-0.139474,0.567574,0.953689,-0.183616,-0.046712,0.233624,0.954472,-0.179504,-0.047718,0.233421,1.000000,
0.954472,-0.179504,-0.047718,0.233421,0.793664,-0.168831,-0.139474,0.567574,0.955478,-0.174070,-0.049046,0.233145,0.954472,-0.179504,-0.047718,0.233421,1.000000,
0.954472,-0.179504,-0.047718,0.233421,0.793664,-0.168831,-0.139474,0.567574,0.953689,-0.183616,-0.046712,0.233624,0.954472,-0.179504,-0.047718,0.233421,1.000000,
0.954472,-0.179504,-0.047718,0.233421,0.793664,-0.168831,-0.139474,0.567574,0.955478,-0.174070,-0.049046,0.233145,0.954472,-0.179504,-0.047718,0.233421,1.000000,
0.954472,-0.179504,-0.047718,0.233421,0.793664,-0.168831,-0.139474,0.567574,0.953689,-0.183616,-0.046712,0.233624,0.954472,-0.179504,-0.047718,0.233421,1.000000,
0.954472,-0.179504,-0.047718,0.233421,0.793664,-0.168831,-0.139474,0.567574,0.955478,-0.174070,-0.049046,0.233145,0.954472,-0.179504,-0.047718,0.233421,1.000000,
0.954472,-0.179504,-0.047718,0.233421,0.793664,-0.168831,-0.139474,0.567574,0.953689,-0.183616,-0.046712,0.233624,0.954472,-0.179504,-0.047718,0.233421,1.000000,
0.954472,-0.179504,-0.047718,0.233421,0.793664,-0.168831,-0.139474,0.567574,0.955478,-0.174070,-0.049046,0.233145,0.954472,-0.179504,-0.047718,0.233421,1.000000,
0.954472,-0.179504,-0.047718,0.233421,0.793664,-0.168831,-0.139474,0.567574,0.953689,-0.183616,-0.046712,0.233624,0.954472,-0.179504,-0.047718,0.233421,1.000000,
0.954472,-0.179504,-0.047718,0.233421,0.793664,-0.168831,-0.139474,0.567574,0.955478,-0.174070,-0.049046,0.233145,0.954472,-0.179504,-0.047718,0.233421,1.000000,
0.954472,-0.179504,-0.047718,0.233421,0.793664,-0.168831,-0.139474,0.567574,0.953689,-0.183616,-0.046712,0.233624,0.954472,-0.179504,-0.047718,0.233421,1.000000,
0.954472,-0.179504,-0.047718,0.233421,0.793664,-0.168831,-0.139474,0.567574,0.955478,-0.174070,-0.049045,0.233145,0.954472,-0.179504,-0.047718,0.233421,1.000000,
0.954472,-0.179504,-0.047718,0.233421,0.793664,-0.168831,-0.139474,0.567574,0.953689,-0.183616,-0.046712,0.233624,0.954472,-0.179504,-0.047718,0.233421,1.000000,
0.954472,-0.179504,-0.047718,0.233421,0.793664,-0.168831,-0.139474,0.567574,0.955478,-0.174070,-0.049045,0.233145,0.954472,-0.179504,-0.047718,0.233421,1.000000,
0.954472,-0.179504,-0.047718,0.233421,0.793664,-0.168831,-0.139474,0.567574,0.953689,-0.183616,-0.046712,0.233624,0.954472,-0.179504,-0.047718,0.233421,1.000000,
0.954472,-0.179504,-0.047718,0.233421,0.793664,-0.168831,-0.139474,0.567574,0.955478,-0.174070,-0.049045,0.233145,0.954472,-0.179504,-0.047718,0.233421,1.000000,
0.954472,-0.179504,-0.047718,0.233421,0.793664,-0.168831,-0.139474,0.567574,0.953689,-0.183616,-0.046712,0.233624,0.954472,-0.179504,-0.047718,0.233421,1.000000,
0.954472,-0.179504,-0.047718,0.233421,0.793664,-0.168831,-0.139474,0.567574,0.955478,-0.174070,-0.049045,0.233145,0.954472,-0.179504,-0.047718,0.233421,1.000000,
0.954472,-0.179504,-0.047718,0.233421,0.793664,-0.168831,-0.139474,0.567574,0.953689,-0.183616,-0.046712,0.233624,0.954472,-0.179504,-0.047718,0.233421,1.000000,
0.954472,-0.179504,-0.047718,0.233421,0.793664,-0.168831,-0.139474,0.567574,0.955478,-0.174070,-0.049045,0.233145,0.954472,-0.179504,-0.047718,0.233421,1.000000,
0.954472,-0.179504,-0.047718,0.233421,0.793664,-0.168831,-0.139474,0.567574,0.953689,-0.183616,-0.046712,0.233624,0.954472,-0.179504,-0.047718,0.233421,1.000000,
0.954472,-0.179504,-0.047718,0.233421,0.793664,-0.168831,-0.139474,0.567574,0.955478,-0.174070,-0.049045,0.233145,0.954472,-0.179504,-0.047718,0.233421,1.000000,
0.954472,-0.179504,-0.047718,0.233421,0.793664,-0.168831,-0.139474,0.567574,0.953689,-0.183616,-0.046712,0.233624,0.954472,-0.179504,-0.047718,0.233421,1.000000,
0.954472,-0.179504,-0.047718,0.233421,0.793664,-0.168831,-0.139474,0.567574,0.955478,-0.174070,-0.049045,0.233145,0.954472,-0.179504,-0.047718,0.233421,1.000000,
0.954472,-0.179504,-0.047718,0.233421,0.793664,-0.168831,-0.139474,0.567574,0.953689,-0.183616,-0.046712,0.233624,0.954472,-0.179504,-0.047718,0.233421,1.000000,
0.954472,-0.179504,-0.047718,0.233421,0.793664,-0.168831,-0.139474,0.567574,0.955477,-0.174070,-0.049045,0.233145,0.954472,-0.179504,-0.047718,0.233421,1.000000,
0.954472,-0.179504,-0.047718,0.233421,0.793664,-0.168831,-0.139474,0.567574,0.953689,-0.183616,-0.046712,0.233624,0.954472,-0.179504,-0.047718,0.233421,1.000000,
0.954472,-0.179504,-0.047718,0.233421,0.793664,-0.168831,-0.139474,0.567574,0.955477,-0.174070,-0.049045,0.233145,0.954472,-0.179504,-0.047718,0.233421,1.000000,
0.954472,-0.179504,-0.047718,0.233421,0.793664,-0.168831,-0.139474,0.567574,0.953689,-0.183616,-0.046711,0.233624,0.954472,-0.179504,-0.047718,0.233421,1.000000,
0.954472,-0.179504,-0.047718,0.233421,0.793664,-0.168831,-0.139474,0.567574,0.955477,-0.174071,-0.049045,0.233145,0.954472,-0.179504,-0.047718,0.233421,1.000000,
0.954472,-0.179504,-0.047718,0.233421,0.793664,-0.168831,-0.139474,0.567574,0.953689,-0.183617,-0.046711,0.233624,0.954472,-0.179504,-0.047718,0.233421,1.000000,
0.954472,-0.179504,-0.047718,0.233421,0.793664,-0.168831,-0.139474,0.567574,0.955477,-0.174071,-0.049045,0.233145,0.954472,-0.179504,-0.047718,0.233421,1.000000,
0.954472,-0.179504,-0.047718,0.233421,0.793664,-0.168831,-0.139474,0.567574,0.953689,-0.183617,-0.046711,0.233624,0.954472,-0.179504,-0.047718,0.233421,1.000000,
0.954472,-0.179504,-0.047718,0.233421,0.793664,-0.168831,-0.139474,0.567574,0.955477,-0.174071,-0.049045,0.233145,0.954472,-0.179504,-0.047718,0.233421,1.000000,
0.954472,-0.179504,-0.047718,0.233421,0.793664,-0.168831,-0.139474,0.567574,0.953689,-0.183617,-0.046711,0.233624,0.954472,-0.179504,-0.047718,0.233421,1.000000,
0.954472,-0.179504,-0.047718,0.233421,0.793664,-0.168831,-0.139474,0.567574,0.955477,-0.174071,-0.049045,0.233145,0.954472,-0.179504,-0.047718,0.233421,1.000000,
0.954472,-0.179504,-0.047718,0.233421,0.793664,-0.168831,-0.139474,0.567574,0.953689,-0.183617,-0.046711,0.233624,0.954472,-0.179504,-0.047718,0.233421,1.000000,
0.954472,-0.179504,-0.047718,0.233421,0.793664,-0.168831,-0.139474,0.567574,0.955477,-0.174071,-0.049045,0.233145,0.954472,-0.179504,-0.047718,0.233421,1.000000,
0.954472,-0.179504,-0.047718,0.233421,0.793664,-0.168831,-0.139474,0.567574,0.953689,-0.183617,-0.046711,0.233624,0.954472,-0.179504,-0.047718,0.233421,1.000000,
0.954472,-0.179504,-0.047718,0.233421,0.793664,-0.168831,-0.139474,0.567574,0.955477,-0.174071,-0.049045,0.233145,0.954472,-0.179504,-0.047718,0.233421,1.000000,
0.954472,-0.179504,-0.047718,0.233421,0.793664,-0.168831,-0.139474,0.567574,0.953689,-0.183617,-0.046711,0.233624,0.954472,-0.179504,-0.047718,0.233421,1.000000,
0.954472,-0.179504,-0.047718,0.233421,0.793664,-0.168831,-0.139474,0.567574,0.955477,-0.174071,-0.049045,0.233145,0.954472,-0.179504,-0.047718,0.233421,1.000000,
0.954472,-0.179504,-0.047718,0.233421,0.793664,-0.168831,-0.139474,0.567574,0.953689,-0.183617,-0.046711,0.233624,0.954472,-0.179504,-0.047718,0.233421,1.000000,
0.954472,-0.179504,-0.047718,0.233421,0.793664,-0.168831,-0.139474,0.567574,0.955477,-0.174071,-0.049045,0.233145,0.954472,-0.179504,-0.047718,0.233421,1.000000,
0.954472,-0.179504,-0.047718,0.233421,0.793664,-0.168831,-0.139474,0.567574,0.953689,-0.183617,-0.046711,0.233624,0.954472,-0.179504,-0.047718,0.233421,1.000000,
0.954472,-0.179504,-0.047718,0.233421,0.793664,-0.168831,-0.139474,0.567574,0.955477,-0.174071,-0.049045,0.233145,0.954472,-0.179504,-0.047718,0.233421,1.000000,
0.954472,-0.179504,-0.047718,0.233421,0.793664,-0.168831,-0.139474,0.567574,0.953689,-0.183617,-0.046711,0.233624,0.954472,-0.179504,-0.047718,0.233421,1.000000,
0.954472,-0.179504,-0.047718,0.233421,0.793664,-0.168831,-0.139474,0.567574,0.955477,-0.174071,-0.049045,0.233146,0.954472,-0.179504,-0.047718,0.233421,1.000000,
0.954472,-0.179504,-0.047718,0.233421,0.793664,-0.168831,-0.139474,0.567574,0.953689,-0.183617,-0.046711,0.233624,0.954472,-0.179504,-0.047718,0.233421,1.000000,
0.954472,-0.179504,-0.047718,0.233421,0.793664,-0.168831,-0.139474,0.567574,0.955477,-0.174071,-0.049045,0.233146,0.954472,-0.179504,-0.047718,0.233421,1.000000,
0.954472,-0.179504,-0.047718,0.233421,0.793664,-0.168831,-0.139474,0.567574,0.953689,-0.183617,-0.046711,0.233624,0.954472,-0.179504,-0.047718,0.233421,1.000000,
0.954472,-0.179504,-0.047718,0.233421,0.793664,-0.168831,-0.139474,0.567574,0.955477,-0.174071,-0.049045,0.233146,0.954472,-0.179504,-0.047718,0.233421,1.000000,
0.954472,-0.179504,-0.047718,0.233421,0.793664,-0.168831,-0.139474,0.567574,0.953689,-0.183617,-0.046711,0.233624,0.954472,-0.179504,-0.047718,0.233421,1.000000,
0.954472,-0.179504,-0.047718,0.233421,0.793664,-0.168831,-0.139474,0.567574,0.955477,-0.174071,-0.049045,0.233146,0.954472,-0.179504,-0.047718,0.233421,1.000000,
0.954472,-0.179504,-0.047718,0.233421,0.793664,-0.168831,-0.139474,0.567574,0.953689,-0.183617,-0.046711,0.233624,0.954472,-0.179504,-0.047718,0.233421,1.000000,
0.954472,-0.179504,-0.047718,0.233421,0.793664,-0.168831,-0.139474,0.567574,0.955477,-0.174071,-0.049045,0.233146,0.954472,-0.179504,-0.047718,0.233421,1.000000,
0.954472,-0.179504,-0.047718,0.233421,0.793664,-0.168831,-0.139474,0.567574,0.953689,-0.183617,-0.046711,0.233624,0.954472,-0.179504,-0.047718,0.233421,1.000000,
0.954472,-0.179504,-0.047718,0.233421,0.793664,-0.168831,-0.139474,0.567574,0.955477,-0.174071,-0.049045,0.233146,0.954472,-0.179504,-0.047718,0.233421,1.000000,
0.954472,-0.179504,-0.047718,0.233421,0.793664,-0.168831,-0.139474,0.567574,0.953689,-0.183617,-0.046711,0.233624,0.954472,-0.179504,-0.047718,0.233421,1.000000,
0.954472,-0.179504,-0.047718,0.233421,0.793664,-0.168831,-0.139474,0.567574,0.955477,-0.174072,-0.049045,0.233146,0.954472,-0.179504,-0.047718,0.233421,1.000000,
0.954472,-0.179504,-0.047718,0.233421,0.793664,-0.168831,-0.139474,0.567574,0.953689,-0.183617,-0.046711,0.233624,0.954472,-0.179504,-0.047718,0.233421,1.000000,
0.954472,-0.179504,-0.047718,0.233421,0.793664,-0.168831,-0.139474,0.567574,0.955477,-0.174072,-0.049045,0.233146,0.954472,-0.179504,-0.047718,0.233421,1.000000,
0.954472,-0.179504,-0.047718,0.233421,0.793664,-0.168831,-0.139474,0.567574,0.953689,-0.183618,-0.046711,0.233624,0.954472,-0.179504,-0.047718,0.233421,1.000000,
0.954472,-0.179504,-0.047718,0.233421,0.793664,-0.168831,-0.139474,0.567574,0.955477,-0.174072,-0.049045,0.233146,0.954472,-0.179504,-0.047718,0.233421,1.000000,
0.954472,-0.179504,-0.047718,0.233421,0.793664,-0.168831,-0.139474,0.567574,0.953689,-0.183618,-0.046711,0.233624,0.954472,-0.179504,-0.047718,0.233421,1.000000,
0.954472,-0.179504,-0.047718,0.233421,0.793664,-0.168831,-0.139474,0.567574,0.955477,-0.174072,-0.049045,0.233146,0.954472,-0.179504,-0.047718,0.233421,1.000000,
0.954472,-0.179504,-0.047718,0.233421,0.793664,-0.168831,-0.139474,0.567574,0.953689,-0.183618,-0.046711,0.233624,0.954472,-0.179504,-0.047718,0.233421,1.000000,
0.954472,-0.179504,-0.047718,0.233421,0.793664,-0.168831,-0.139474,0.567574,0.955477,-0.174072,-0.049045,0.233146,0.954472,-0.179504,-0.047718,0.233421,1.000000,
0.954472,-0.179504,-0.047718,0.233421,0.793664,-0.168831,-0.139474,0.567574,0.953689,-0.183618,-0.046711,0.233624,0.954472,-0.179504,-0.047718,0.233421,1.000000,
0.954472,-0.179504,-0.047718,0.233421,0.793664,-0.168831,-0.139474,0.567574,0.955477,-0.174072,-0.049045,0.233146,0.954472,-0.179504,-0.047718,0.233421,1.000000,
0.954472,-0.179504,-0.047718,0.233421,0.793664,-0.168831,-0.139474,0.567574,0.953689,-0.183618,-0.046711,0.233624,0.954472,-0.179504,-0.047718,0.233421,1.000000,
0.954472,-0.179504,-0.047718,0.233421,0.793664,-0.168831,-0.139474,0.567574,0.955477,-0.174072,-0.049045,0.233146,0.954472,-0.179504,-0.047718,0.233421,1.000000,
0.954472,-0.179504,-0.047718,0.233421,0.793664,-0.168831,-0.139474,0.567574,0.953689,-0.183618,-0.046711,0.233624,0.954472,-0.179504,-0.047718,0.233421,1.000000,
0.954472,-0.179504,-0.047718,0.233421,0.793664,-0.168831,-0.139474,0.567574,0.955477,-0.174072,-0.049045,0.233146,0.954472,-0.179504,-0.047718,0.233421,1.000000,
0.954472,-0.179504,-0.047718,0.233421,0.793664,-0.168831,-0.139474,0.567574,0.953689,-0.183618,-0.046711,0.233624,0.954472,-0.179504,-0.047718,0.233421,1.000000,
0.954472,-0.179504,-0.047718,0.233421,0.793664,-0.168831,-0.139474,0.567574,0.955477,-0.174072,-0.049045,0.233146,0.954472,-0.179504,-0.047718,0.233421,1.000000,
0.954472,-0.179504,-0.047718,0.233421,0.793664,-0.168831,-0.139474,0.567574,0.953689,-0.183618,-0.046711,0.233624,0.954472,-0.179504,-0.047718,0.233421,1.000000,
0.954472,-0.179504,-0.047718,0.233421,0.793664,-0.168831,-0.139474,0.567574,0.955477,-0.174072,-0.049045,0.233146,0.954472,-0.179504,-0.047718,0.233421,1.000000,
0.954472,-0.179504,-0.047718,0.233421,0.793664,-0.168831,-0.139474,0.567574,0.953689,-0.183618,-0.046711,0.233624,0.954472,-0.179504,-0.047718,0.233421,1.000000,
0.954472,-0.179504,-0.047718,0.233421,0.793664,-0.168831,-0.139474,0.567574,0.955477,-0.174072,-0.049045,0.233146,0.954472,-0.179504,-0.047718,0.233421,1.000000,
0.954472,-0.179504,-0.047718,0.233421,0.793664,-0.168831,-0.139474,0.567574,0.953689,-0.183618,-0.046711,0.233624,0.954472,-0.179504,-0.047718,0.233421,1.000000,
0.954472,-0.179504,-0.047718,0.233421,0.793664,-0.168831,-0.139474,0.567574,0.955477,-0.174072,-0.049045,0.233146,0.954472,-0.179504,-0.047718,0.233421,1.000000,
0.954472,-0.179504,-0.047718,0.233421,0.793664,-0.168831,-0.139474,0.567574,0.953689,-0.183618,-0.046711,0.233624,0.954472,-0.179504,-0.047718,0.233421,1.000000,
0.954472,-0.179504,-0.047718,0.233421,0.793664,-0.168831,-0.139474,0.567574,0.955477,-0.174072,-0.049045,0.233146,0.954472,-0.179504,-0.047718,0.233421,1.000000,
0.954472,-0.179504,-0.047718,0.233421,0.793664,-0.168831,-0.139474,0.567574,0.953689,-0.183618,-0.046711,0.233624,0.954472,-0.179504,-0.047718,0.233421,1.000000,
0.954472,-0.179504,-0.047718,0.233421,0.793664,-0.168831,-0.139474,0.567574,0.955477,-0.174072,-0.049045,0.233146,0.954472,-0.179504,-0.047718,0.233421,1.000000,
0.954472,-0.179504,-0.047718,0.233421,0.793664,-0.168831,-0.139474,0.567574,0.953689,-0.183618,-0.046711,0.233624,0.954472,-0.179504,-0.047718,0.233421,1.000000,
0.954472,-0.179504,-0.047718,0.233421,0.793664,-0.168831,-0.139474,0.567574,0.955477,-0.174072,-0.049045,0.233146,0.954472,-0.179504,-0.047718,0.233421,1.000000,
0.954472,-0.179504,-0.047718,0.233421,0.793664,-0.168831,-0.139474,0.567574,0.953689,-0.183618,-0.046711,0.233624,0.954472,-0.179504,-0.047718,0.233421,1.000000,
0.954472,-0.179504,-0.047718,0.233421,0.793664,-0.168831,-0.139474,0.567574,0.955477,-0.174072,-0.049045,0.233146,0.954472,-0.179504,-0.047718,0.233421,1.000000,
0.954472,-0.179504,-0.047718,0.233421,0.793664,-0.168831,-0.139474,0.567574,0.953689,-0.183618,-0.046711,0.233624,0.954472,-0.179504,-0.047718,0.233421,1.000000,
0.954472,-0.179504,-0.047718,0.233421,0.793664,-0.168831,-0.139474,0.567574,0.955477,-0.174073,-0.049045,0.233146,0.954472,-0.179504,-0.047718,0.233421,1.000000,
0.954472,-0.179504,-0.047718,0.233421,0.793664,-0.168831,-0.139474,0.567574,0.953689,-0.183619,-0.046711,0.233624,0.954472,-0.179504,-0.047718,0.233421,1.000000,
0.954472,-0.179504,-0.047718,0.233421,0.793664,-0.168831,-0.139474,0.567574,0.955477,-0.174073,-0.049045,0.233146,0.954472,-0.179504,-0.047718,0.233421,1.000000,
0.954472,-0.179504,-0.047718,0.233421,0.793664,-0.168831,-0.139474,0.567574,0.953689,-0.183619,-0.046711,0.233624,0.954472,-0.179504,-0.047718,0.233421,1.000000,
0.954472,-0.179504,-0.047718,0.233421,0.793664,-0.168831,-0.139474,0.567574,0.955477,-0.174073,-0.049045,0.233146,0.954472,-0.179504,-0.047718,0.233421,1.000000,
0.954472,-0.179504,-0.047718,0.233421,0.793664,-0.168831,-0.139474,0.567574,0.953689,-0.183619,-0.046711,0.233624,0.954472,-0.179504,-0.047718,0.233421,1.000000,
0.954472,-0.179504,-0.047718,0.233421,0.793664,-0.168831,-0.139474,0.567574,0.955477,-0.174073,-0.049045,0.233146,0.954472,-0.179504,-0.047718,0.233421,1.000000,
0.954472,-0.179504,-0.047718,0.233421,0.793664,-0.168831,-0.139474,0.567574,0.953689,-0.183619,-0.046711,0.233624,0.954472,-0.179504,-0.047718,0.233421,1.000000,
0.954472,-0.179504,-0.047718,0.233421,0.793664,-0.168831,-0.139474,0.567574,0.955477,-0.174073,-0.049045,0.233146,0.954472,-0.179504,-0.047718,0.233421,1.000000,
0.954472,-0.179504,-0.047718,0.233421,0.793664,-0.168831,-0.139474,0.567574,0.953689,-0.183619,-0.046711,0.233624,0.954472,-0.179504,-0.047718,0.233421,1.000000,
0.954472,-0.179504,-0.047718,0.233421,0.793664,-0.168831,-0.139474,0.567574,0.955477,-0.174073,-0.049045,0.233146,0.954472,-0.179504,-0.047718,0.233421,1.000000,
0.954472,-0.179504,-0.047718,0.233421,0.793664,-0.168831,-0.139474,0.567574,0.953689,-0.183619,-0.046711,0.233624,0.954472,-0.179504,-0.047718,0.233421,1.000000,
0.954472,-0.179504,-0.047718,0.233421,0.793664,-0.168831,-0.139474,0.567574,0.955477,-0.174073,-0.049045,0.233146,0.954472,-0.179504,-0.047718,0.233421,1.000000,
0.954472,-0.179504,-0.047718,0.233421,0.793664,-0.168831,-0.139474,0.567574,0.953689,-0.183619,-0.046711,0.233624,0.954472,-0.179504,-0.047718,0.233421,1.000000,
0.954472,-0.179504,-0.047718,0.233421,0.793664,-0.168831,-0.139474,0.567574,0.955477,-0.174073,-0.049045,0.233146,0.954472,-0.179504,-0.047718,0.233421,1.000000,
0.954472,-0.179504,-0.047718,0.233421,0.793664,-0.168831,-0.139474,0.567574,0.953689,-0.183619,-0.046711,0.233624,0.954472,-0.179504,-0.047718,0.233421,1.000000,
0.954472,-0.179504,-0.047718,0.233421,0.793664,-0.168831,-0.139474,0.567574,0.955477,-0.174073,-0.049045,0.233146,0.954472,-0.179504,-0.047718,0.233421,1.000000,
0.954472,-0.179504,-0.047718,0.233421,0.793664,-0.168831,-0.139474,0.567574,0.953689,-0.183619,-0.046711,0.233624,0.954472,-0.179504,-0.047718,0.233421,1.000000,
0.954472,-0.179504,-0.047718,0.233421,0.793664,-0.168831,-0.139474,0.567574,0.955477,-0.174073,-0.049045,0.233146,0.954472,-0.179504,-0.047718,0.233421,1.000000,
0.954472,-0.179504,-0.047718,0.233421,0.793664,-0.168831,-0.139474,0.567574,0.953689,-0.183619,-0.046711,0.233624,0.954472,-0.179504,-0.047718,0.233421,1.000000,
0.954472,-0.179504,-0.047718,0.233421,0.793664,-0.168831,-0.139474,0.567574,0.955477,-0.174073,-0.049045,0.233146,0.954472,-0.179504,-0.047718,0.233421,1.000000,
0.954472,-0.179504,-0.047718,0.233421,0.793664,-0.168831,-0.139474,0.567574,0.953688,-0.183619,-0.046711,0.233624,0.954472,-0.179504,-0.047718,0.233421,1.000000,
0.954472,-0.179504,-0.047718,0.233421,0.793664,-0.168831,-0.139474,0.567574,0.955477,-0.174073,-0.049045,0.233146,0.954472,-0.179504,-0.047718,0.233421,1.000000,
0.954472,-0.179504,-0.047718,0.233421,0.793664,-0.168831,-0.139474,0.567574,0.953688,-0.183619,-0.046711,0.233624,0.954472,-0.179504,-0.047718,0.233421,1.000000,
0.954472,-0.179504,-0.047718,0.233421,0.793664,-0.168831,-0.139474,0.567574,0.955477,-0.174073,-0.049045,0.233146,0.954472,-0.179504,-0.047718,0.233421,1.000000,
0.954472,-0.179504,-0.047718,0.233421,0.793664,-0.168831,-0.139474,0.567574,0.953688,-0.183619,-0.046711,0.233624,0.954472,-0.179504,-0.047718,0.233421,1.000000,
0.954472,-0.179504,-0.047718,0.233421,0.793664,-0.168831,-0.139474,0.567574,0.955477,-0.174073,-0.049045,0.233146,0.954472,-0.179504,-0.047718,0.233421,1.000000,
0.954472,-0.179504,-0.047718,0.233421,0.793664,-0.168831,-0.139474,0.567574,0.953688,-0.183619,-0.046711,0.233624,0.954472,-0.179504,-0.047718,0.233421,1.000000,
0.954472,-0.179504,-0.047718,0.233421,0.793664,-0.168831,-0.139474,0.567574,0.955477,-0.174073,-0.049045,0.233146,0.954472,-0.179504,-0.047718,0.233421,1.000000,
0.954472,-0.179504,-0.047718,0.233421,0.793664,-0.168831,-0.139474,0.567574,0.953688,-0.183619,-0.046711,0.233624,0.954472,-0.179504,-0.047718,0.233421,1.000000,
0.954472,-0.179504,-0.047718,0.233421,0.793664,-0.168831,-0.139474,0.567574,0.955477,-0.174074,-0.049045,0.233146,0.954472,-0.179504,-0.047718,0.233421,1.000000,
0.954472,-0.179504,-0.047718,0.233421,0.793664,-0.168831,-0.139474,0.567574,0.953688,-0.183620,-0.046711,0.233624,0.954472,-0.179504,-0.047718,0.233421,1.000000,
0.954472,-0.179504,-0.047718,0.233421,0.793664,-0.168831,-0.139474,0.567574,0.955477,-0.174074,-0.049045,0.233146,0.954472,-0.179504,-0.047718,0.233421,1.000000,
0.954472,-0.179504,-0.047718,0.233421,0.793664,-0.168831,-0.139474,0.567574,0.953688,-0.183620,-0.046711,0.233624,0.954472,-0.179504,-0.047718,0.233421,1.000000,
0.954472,-0.179504,-0.047718,0.233421,0.793664,-0.168831,-0.139474,0.567574,0.955477,-0.174074,-0.049045,0.233146,0.954472,-0.179504,-0.047718,0.233421,1.000000,
0.954472,-0.179504,-0.047718,0.233421,0.793664,-0.168831,-0.139474,0.567574,0.953688,-0.183620,-0.046711,0.233624,0.954472,-0.179504,-0.047718,0.233421,1.000000,
0.954472,-0.179504,-0.047718,0.233421,0.793664,-0.168831,-0.139474,0.567574,0.955477,-0.174074,-0.049045,0.233146,0.954472,-0.179504,-0.047718,0.233421,1.000000,
0.954472,-0.179504,-0.047718,0.233421,0.793664,-0.168831,-0.139474,0.567574,0.953688,-0.183620,-0.046711,0.233624,0.954472,-0.179504,-0.047718,0.233421,1.000000,
0.954472,-0.179504,-0.047718,0.233421,0.793664,-0.168831,-0.139474,0.567574,0.955477,-0.174074,-0.049045,0.233146,0.954472,-0.179504,-0.047718,0.233421,1.000000,
0.954472,-0.179504,-0.047718,0.233421,0.793664,-0.168831,-0.139474,0.567574,0.953688,-0.183620,-0.046711,0.233624,0.954472,-0.179504,-0.047718,0.233421,1.000000,
0.954472,-0.179504,-0.047718,0.233421,0.793664,-0.168831,-0.139474,0.567574,0.955477,-0.174074,-0.049045,0.233146,0.954472,-0.179504,-0.047718,0.233421,1.000000,
0.954472,-0.179504,-0.047718,0.233421,0.793664,-0.168831,-0.139474,0.567574,0.953688,-0.183620,-0.046711,0.233624,0.954472,-0.179504,-0.047718,0.233421,1.000000,
0.954472,-0.179504,-0.047718,0.233421,0.793664,-0.168831,-0.139474,0.567574,0.955477,-0.174074,-0.049045,0.233146,0.954472,-0.179504,-0.047718,0.233421,1.000000,
0.954472,-0.179504,-0.047718,0.233421,0.793664,-0.168831,-0.139474,0.567574,0.953688,-0.183620,-0.046711,0.233624,0.954472,-0.179504,-0.047718,0.233421,1.000000,
0.954472,-0.179504,-0.047718,0.233421,0.793664,-0.168831,-0.139474,0.567574,0.955477,-0.174074,-0.049045,0.233146,0.954472,-0.179504,-0.047718,0.233421,1.000000,
0.954472,-0.179504,-0.047718,0.233421,0.793664,-0.168831,-0.139474,0.567574,0.953688,-0.183620,-0.046711,0.233624,0.954472,-0.179504,-0.047718,0.233421,1.000000,
0.954472,-0.179504,-0.047718,0.233421,0.793664,-0.168831,-0.139474,0.567574,0.955477,-0.174074,-0.049044,0.233146,0.954472,-0.179504,-0.047718,0.233421,1.000000,
0.954472,-0.179504,-0.047718,0.233421,0.793664,-0.168831,-0.139474,0.567574,0.953688,-0.183620,-0.046711,0.233624,0.954472,-0.179504,-0.047718,0.233421,1.000000,
0.954472,-0.179504,-0.047718,0.233421,0.793664,-0.168831,-0.139474,0.567574,0.955477,-0.174074,-0.049044,0.233146,0.954472,-0.179504,-0.047718,0.233421,1.000000,
0.954472,-0.179504,-0.047718,0.233421,0.793664,-0.168831,-0.139474,0.567574,0.953688,-0.183620,-0.046711,0.233624,0.954472,-0.179504,-0.047718,0.233421,1.000000,
0.954472,-0.179504,-0.047718,0.233421,0.793664,-0.168831,-0.139474,0.567574,0.955477,-0.174074,-0.049044,0.233146,0.954472,-0.179504,-0.047718,0.233421,1.000000,
0.954472,-0.179504,-0.047718,0.233421,0.793664,-0.168831,-0.139474,0.567574,0.953688,-0.183620,-0.046711,0.233624,0.954472,-0.179504,-0.047718,0.233421,1.000000,
0.954472,-0.179504,-0.047718,0.233421,0.793664,-0.168831,-0.139474,0.567574,0.955477,-0.174074,-0.049044,0.233146,0.954472,-0.179504,-0.047718,0.233421,1.000000,
0.954472,-0.179504,-0.047718,0.233421,0.793664,-0.168831,-0.139474,0.567574,0.953688,-0.183620,-0.046711,0.233624,0.954472,-0.179504,-0.047718,0.233421,1.000000,
0.954472,-0.179504,-0.047718,0.233421,0.793664,-0.168831,-0.139474,0.567574,0.955477,-0.174074,-0.049044,0.233146,0.954472,-0.179504,-0.047718,0.233421,1.000000,
0.954472,-0.179504,-0.047718,0.233421,0.793664,-0.168831,-0.139474,0.567574,0.953688,-0.183620,-0.046711,0.233624,0.954472,-0.179504,-0.047718,0.233421,1.000000,
0.954472,-0.179504,-0.047718,0.233421,0.793664,-0.168831,-0.139474,0.567574,0.955477,-0.174074,-0.049044,0.233146,0.954472,-0.179504,-0.047718,0.233421,1.000000,
0.954472,-0.179504,-0.047718,0.233421,0.793664,-0.168831,-0.139474,0.567574,0.953688,-0.183620,-0.046711,0.233624,0.954472,-0.179504,-0.047718,0.233421,1.000000,
0.954472,-0.179504,-0.047718,0.233421,0.793664,-0.168831,-0.139474,0.567574,0.955477,-0.174074,-0.049044,0.233146,0.954472,-0.179504,-0.047718,0.233421,1.000000,
0.954472,-0.179504,-0.047718,0.233421,0.793664,-0.168831,-0.139474,0.567574,0.953688,-0.183620,-0.046711,0.233624,0.954472,-0.179504,-0.047718,0.233421,1.000000,
0.954472,-0.179504,-0.047718,0.233421,0.793664,-0.168831,-0.139474,0.567574,0.955477,-0.174075,-0.049044,0.233146,0.954472,-0.179504,-0.047718,0.233421,1.000000,
0.954472,-0.179504,-0.047718,0.233421,0.793664,-0.168831,-0.139474,0.567574,0.953688,-0.183621,-0.046710,0.233624,0.954472,-0.179504,-0.047718,0.233421,1.000000,
0.954472,-0.179504,-0.047718,0.233421,0.793664,-0.168831,-0.139474,0.567574,0.955477,-0.174075,-0.049044,0.233146,0.954472,-0.179504,-0.047718,0.233421,1.000000,
0.954472,-0.179504,-0.047718,0.233421,0.793664,-0.168831,-0.139474,0.567574,0.953688,-0.183621,-0.046710,0.233624,0.954472,-0.179504,-0.047718,0.233421,1.000000,
0.954472,-0.179504,-0.047718,0.233421,0.793664,-0.168831,-0.139474,0.567574,0.955477,-0.174075,-0.049044,0.233146,0.954472,-0.179504,-0.047718,0.233421,1.000000,
0.954472,-0.179504,-0.047718,0.233421,0.793664,-0.168831,-0.139474,0.567574,0.953688,-0.183621,-0.046710,0.233624,0.954472,-0.179504,-0.047718,0.233421,1.000000,
0.954472,-0.179504,-0.047718,0.233421,0.793664,-0.168831,-0.139474,0.567574,0.955477,-0.174075,-0.049044,0.233146,0.954472,-0.179504,-0.047718,0.233421,1.000000,
0.954472,-0.179504,-0.047718,0.233421,0.793664,-0.168831,-0.139474,0.567574,0.953688,-0.183621,-0.046710,0.233624,0.954472,-0.179504,-0.047718,0.233421,1.000000,
0.954472,-0.179504,-0.047718,0.233421,0.793664,-0.168831,-0.139474,0.567574,0.955477,-0.174075,-0.049044,0.233146,0.954472,-0.179504,-0.047718,0.233421,1.000000,
0.954472,-0.179504,-0.047718,0.233421,0.793664,-0.168831,-0.139474,0.567574,0.953688,-0.183621,-0.046710,0.233624,0.954472,-0.179504,-0.047718,0.233421,1.000000,
0.954472,-0.179504,-0.047718,0.233421,0.793664,-0.168831,-0.139474,0.567574,0.955477,-0.174075,-0.049044,0.233146,0.954472,-0.179504,-0.047718,0.233421,1.000000,
0.954472,-0.179504,-0.047718,0.233421,0.793664,-0.168831,-0.139474,0.567574,0.953688,-0.183621,-0.046710,0.233624,0.954472,-0.179504,-0.047718,0.233421,1.000000,
0.954472,-0.179504,-0.047718,0.233421,0.793664,-0.168831,-0.139474,0.567574,0.955477,-0.174075,-0.049044,0.233146,0.954472,-0.179504,-0.047718,0.233421,1.000000,
0.954472,-0.179504,-0.047718,0.233421,0.793664,-0.168831,-0.139474,0.567574,0.953688,-0.183621,-0.046710,0.233624,0.954472,-0.179504,-0.047718,0.233421,1.000000,
0.954472,-0.179504,-0.047718,0.233421,0.793664,-0.168831,-0.139474,0.567574,0.955477,-0.174075,-0.049044,0.233146,0.954472,-0.179504,-0.047718,0.233421,1.000000,
0.954472,-0.179504,-0.047718,0.233421,0.793664,-0.168831,-0.139474,0.567574,0.953688,-0.183621,-0.046710,0.233624,0.954472,-0.179504,-0.047718,0.233421,1.000000,
0.954472,-0.179504,-0.047718,0.233421,0.793664,-0.168831,-0.139474,0.567574,0.955477,-0.174075,-0.049044,0.233146,0.954472,-0.179504,-0.047718,0.233421,1.000000,
0.954472,-0.179504,-0.047718,0.233421,0.793664,-0.168831,-0.139474,0.567574,0.953688,-0.183621,-0.046710,0.233624,0.954472,-0.179504,-0.047718,0.233421,1.000000,
0.954472,-0.179504,-0.047718,0.233421,0.793664,-0.168831,-0.139474,0.567574,0.955477,-0.174075,-0.049044,0.233146,0.954472,-0.179504,-0.047718,0.233421,1.000000,
0.954472,-0.179504,-0.047718,0.233421,0.793664,-0.168831,-0.139474,0.567574,0.953688,-0.183621,-0.046710,0.233624,0.954472,-0.179504,-0.047718,0.233421,1.000000,
0.954472,-0.179504,-0.047718,0.233421,0.793664,-0.168831,-0.139474,0.567574,0.955477,-0.174075,-0.049044,0.233146,0.954472,-0.179504,-0.047718,0.233421,1.000000,
0.954472,-0.179504,-0.047718,0.233421,0.793664,-0.168831,-0.139474,0.567574,0.953688,-0.183621,-0.046710,0.233624,0.954472,-0.179504,-0.047718,0.233421,1.000000,
0.954472,-0.179504,-0.047718,0.233421,0.793664,-0.168831,-0.139474,0.567574,0.955477,-0.174075,-0.049044,0.233146,0.954472,-0.179504,-0.047718,0.233421,1.000000,
0.954472,-0.179504,-0.047718,0.233421,0.793664,-0.168831,-0.139474,0.567574,0.953688,-0.183621,-0.046710,0.233624,0.954472,-0.179504,-0.047718,0.233421,1.000000,
0.954472,-0.179504,-0.047718,0.233421,0.793664,-0.168831,-0.139474,0.567574,0.955477,-0.174075,-0.049044,0.233146,0.954472,-0.179504,-0.047718,0.233421,1.000000,
0.954472,-0.179504,-0.047718,0.233421,0.793664,-0.168831,-0.139474,0.567574,0.953688,-0.183621,-0.046710,0.233624,0.954472,-0.179504,-0.047718,0.233421,1.000000,
0.954472,-0.179504,-0.047718,0.233421,0.793664,-0.168831,-0.139474,0.567574,0.955477,-0.174075,-0.049044,0.233146,0.954472,-0.179504,-0.047718,0.233421,1.000000,
0.954472,-0.179504,-0.047718,0.233421,0.793664,-0.168831,-0.139474,0.567574,0.953688,-0.183621,-0.046710,0.233625,0.954472,-0.179504,-0.047718,0.233421,1.000000,
0.954472,-0.179504,-0.047718,0.233421,0.793664,-0.168831,-0.139474,0.567574,0.955477,-0.174075,-0.049044,0.233146,0.954472,-0.179504,-0.047718,0.233421,1.000000,
0.954472,-0.179504,-0.047718,0.233421,0.793664,-0.168831,-0.139474,0.567574,0.953688,-0.183621,-0.046710,0.233625,0.954472,-0.179504,-0.047718,0.233421,1.000000,
0.954472,-0.179504,-0.047718,0.233421,0.793664,-0.168831,-0.139474,0.567574,0.955477,-0.174076,-0.049044,0.233146,0.954472,-0.179504,-0.047718,0.233421,1.000000,
0.954472,-0.179504,-0.047718,0.233421,0.793664,-0.168831,-0.139474,0.567574,0.953688,-0.183621,-0.046710,0.233625,0.954472,-0.179504,-0.047718,0.233421,1.000000,
0.954472,-0.179504,-0.047718,0.233421,0.793664,-0.168831,-0.139474,0.567574,0.955477,-0.174076,-0.049044,0.233146,0.954472,-0.179504,-0.047718,0.233421,1.000000,
0.954472,-0.179504,-0.047718,0.233421,0.793664,-0.168831,-0.139474,0.567574,0.953688,-0.183622,-0.046710,0.233625,0.954472,-0.179504,-0.047718,0.233421,1.000000,
0.954472,-0.179504,-0.047718,0.233421,0.793664,-0.168831,-0.139474,0.567574,0.955477,-0.174076,-0.049044,0.233146,0.954472,-0.179504,-0.047718,0.233421,1.000000,
0.954472,-0.179504,-0.047718,0.233421,0.793664,-0.168831,-0.139474,0.567574,0.953688,-0.183622,-0.046710,0.233625,0.954472,-0.179504,-0.047718,0.233421,1.000000,
0.954472,-0.179504,-0.047718,0.233421,0.793664,-0.168831,-0.139474,0.567574,0.955477,-0.174076,-0.049044,0.233146,0.954472,-0.179504,-0.047718,0.233421,1.000000,
0.954472,-0.179504,-0.047718,0.233421,0.793664,-0.168831,-0.139474,0.567574,0.953688,-0.183622,-0.046710,0.233625,0.954472,-0.179504,-0.047718,0.233421,1.000000,
0.954472,-0.179504,-0.047718,0.233421,0.793664,-0.168831,-0.139474,0.567574,0.955477,-0.174076,-0.049044,0.233146,0.954472,-0.179504,-0.047718,0.233421,1.000000,
0.954472,-0.179504,-0.047718,0.233421,0.793664,-0.168831,-0.139474,0.567574,0.953688,-0.183622,-0.046710,0.233625,0.954472,-0.179504,-0.047718,0.233421,1.000000,
0.954472,-0.179504,-0.047718,0.233421,0.793664,-0.168831,-0.139474,0.567574,0.955477,-0.174076,-0.049044,0.233146,0.954472,-0.179504,-0.047718,0.233421,1.000000,
0.954472,-0.179504,-0.047718,0.233421,0.793664,-0.168831,-0.139474,0.567574,0.953688,-0.183622,-0.046710,0.233625,0.954472,-0.179504,-0.047718,0.233421,1.000000,
0.954472,-0.179504,-0.047718,0.233421,0.793664,-0.168831,-0.139474,0.567574,0.955476,-0.174076,-0.049044,0.233146,0.954472,-0.179504,-0.047718,0.233421,1.000000,
0.954472,-0.179504,-0.047718,0.233421,0.793664,-0.168831,-0.139474,0.567574,0.953688,-0.183622,-0.046710,0.233625,0.954472,-0.179504,-0.047718,0.233421,1.000000,
0.954472,-0.179504,-0.047718,0.233421,0.793664,-0.168831,-0.139474,0.567574,0.955476,-0.174076,-0.049044,0.233146,0.954472,-0.179504,-0.047718,0.233421,1.000000,
0.954472,-0.179504,-0.047718,0.233421,0.793664,-0.168831,-0.139474,0.567574,0.953688,-0.183622,-0.046710,0.233625,0.954472,-0.179504,-0.047718,0.233421,1.000000,
0.954472,-0.179504,-0.047718,0.233421,0.793664,-0.168831,-0.139474,0.567574,0.955476,-0.174076,-0.049044,0.233146,0.954472,-0.179504,-0.047718,0.233421,1.000000,
0.954472,-0.179504,-0.047718,0.233421,0.793664,-0.168831,-0.139474,0.567574,0.953688,-0.183622,-0.046710,0.233625,0.954472,-0.179504,-0.047718,0.233421,1.000000,
0.954472,-0.179504,-0.047718,0.233421,0.793664,-0.168831,-0.139474,0.567574,0.955476,-0.174076,-0.049044,0.233146,0.954472,-0.179504,-0.047718,0.233421,1.000000,
0.954472,-0.179504,-0.047718,0.233421,0.793664,-0.168831,-0.139474,0.567574,0.953688,-0.183622,-0.046710,0.233625,0.954472,-0.179504,-0.047718,0.233421,1.000000,
0.954472,-0.179504,-0.047718,0.233421,0.793664,-0.168831,-0.139474,0.567574,0.955476,-0.174076,-0.049044,0.233146,0.954472,-0.179504,-0.047718,0.233421,1.000000,
0.954472,-0.179504,-0.047718,0.233421,0.793664,-0.168831,-0.139474,0.567574,0.953688,-0.183622,-0.046710,0.233625,0.954472,-0.179504,-0.047718,0.233421,1.000000,
0.954472,-0.179504,-0.047718,0.233421,0.793664,-0.168831,-0.139474,0.567574,0.955476,-0.174076,-0.049044,0.233146,0.954472,-0.179504,-0.047718,0.233421,1.000000,
0.954472,-0.179504,-0.047718,0.233421,0.793664,-0.168831,-0.139474,0.567574,0.953688,-0.183622,-0.046710,0.233625,0.954472,-0.179504,-0.047718,0.233421,1.000000,
0.954472,-0.179504,-0.047718,0.233421,0.793664,-0.168831,-0.139474,0.567574,0.955476,-0.174076,-0.049044,0.233146,0.954472,-0.179504,-0.047718,0.233421,1.000000,
0.954472,-0.179504,-0.047718,0.233421,0.793664,-0.168831,-0.139474,0.567574,0.953688,-0.183622,-0.046710,0.233625,0.954472,-0.179504,-0.047718,0.233421,1.000000,
0.954472,-0.179504,-0.047718,0.233421,0.793664,-0.168831,-0.139474,0.567574,0.955476,-0.174076,-0.049044,0.233146,0.954472,-0.179504,-0.047718,0.233421,1.000000,
0.954472,-0.179504,-0.047718,0.233421,0.793664,-0.168831,-0.139474,0.567574,0.953688,-0.183622,-0.046710,0.233625,0.954472,-0.179504,-0.047718,0.233421,1.000000,
0.954472,-0.179504,-0.047718,0.233421,0.793664,-0.168831,-0.139474,0.567574,0.955476,-0.174076,-0.049044,0.233146,0.954472,-0.179504,-0.047718,0.233421,1.000000,
0.954472,-0.179504,-0.047718,0.233421,0.793664,-0.168831,-0.139474,0.567574,0.953688,-0.183622,-0.046710,0.233625,0.954472,-0.179504,-0.047718,0.233421,1.000000,
0.954472,-0.179504,-0.047718,0.233421,0.793664,-0.168831,-0.139474,0.567574,0.955476,-0.174076,-0.049044,0.233146,0.954472,-0.179504,-0.047718,0.233421,1.000000,
0.954472,-0.179504,-0.047718,0.233421,0.793664,-0.168831,-0.139474,0.567574,0.953688,-0.183622,-0.046710,0.233625,0.954472,-0.179504,-0.047718,0.233421,1.000000,
0.954472,-0.179504,-0.047718,0.233421,0.793664,-0.168831,-0.139474,0.567574,0.955476,-0.174077,-0.049044,0.233146,0.954472,-0.179504,-0.047718,0.233421,1.000000,
0.954472,-0.179504,-0.047718,0.233421,0.793664,-0.168831,-0.139474,0.567574,0.953688,-0.183623,-0.046710,0.233625,0.954472,-0.179504,-0.047718,0.233421,1.000000,
0.954472,-0.179504,-0.047718,0.233421,0.793664,-0.168831,-0.139474,0.567574,0.955476,-0.174077,-0.049044,0.233146,0.954472,-0.179504,-0.047718,0.233421,1.000000,
0.954472,-0.179504,-0.047718,0.233421,0.793664,-0.168831,-0.139474,0.567574,0.953688,-0.183623,-0.046710,0.233625,0.954472,-0.179504,-0.047718,0.233421,1.000000,
0.954472,-0.179504,-0.047718,0.233421,0.793664,-0.168831,-0.139474,0.567574,0.955476,-0.174077,-0.049044,0.233146,0.954472,-0.179504,-0.047718,0.233421,1.000000,
0.954472,-0.179504,-0.047718,0.233421,0.793664,-0.168831,-0.139474,0.567574,0.953688,-0.183623,-0.046710,0.233625,0.954472,-0.179504,-0.047718,0.233421,1.000000,
0.954472,-0.179504,-0.047718,0.233421,0.793664,-0.168831,-0.139474,0.567574,0.955476,-0.174077,-0.049044,0.233146,0.954472,-0.179504,-0.047718,0.233421,1.000000,
0.954472,-0.179504,-0.047718,0.233421,0.793664,-0.168831,-0.139474,0.567574,0.953688,-0.183623,-0.046710,0.233625,0.954472,-0.179504,-0.047718,0.233421,1.000000,
0.954472,-0.179504,-0.047718,0.233421,0.793664,-0.168831,-0.139474,0.567574,0.955476,-0.174077,-0.049044,0.233146,0.954472,-0.179504,-0.047718,0.233421,1.000000,
0.954472,-0.179504,-0.047718,0.233421,0.793664,-0.168831,-0.139474,0.567574,0.953688,-0.183623,-0.046710,0.233625,0.954472,-0.179504,-0.047718,0.233421,1.000000,
0.954472,-0.179504,-0.047718,0.233421,0.793664,-0.168831,-0.139474,0.567574,0.955476,-0.174077,-0.049044,0.233146,0.954472,-0.179504,-0.047718,0.233421,1.000000,
0.954472,-0.179504,-0.047718,0.233421,0.793664,-0.168831,-0.139474,0.567574,0.953688,-0.183623,-0.046710,0.233625,0.954472,-0.179504,-0.047718,0.233421,1.000000,
0.954472,-0.179504,-0.047718,0.233421,0.793664,-0.168831,-0.139474,0.567574,0.955476,-0.174077,-0.049044,0.233146,0.954472,-0.179504,-0.047718,0.233421,1.000000,
0.954472,-0.179504,-0.047718,0.233421,0.793664,-0.168831,-0.139474,0.567574,0.953688,-0.183623,-0.046710,0.233625,0.954472,-0.179504,-0.047718,0.233421,1.000000,
0.954472,-0.179504,-0.047718,0.233421,0.793664,-0.168831,-0.139474,0.567574,0.955476,-0.174077,-0.049044,0.233146,0.954472,-0.179504,-0.047718,0.233421,1.000000,
0.954472,-0.179504,-0.047718,0.233421,0.793664,-0.168831,-0.139474,0.567574,0.953688,-0.183623,-0.046710,0.233625,0.954472,-0.179504,-0.047718,0.233421,1.000000,
0.954472,-0.179504,-0.047718,0.233421,0.793664,-0.168831,-0.139474,0.567574,0.955476,-0.174077,-0.049044,0.233146,0.954472,-0.179504,-0.047718,0.233421,1.000000,
0.954472,-0.179504,-0.047718,0.233421,0.793664,-0.168831,-0.139474,0.567574,0.953688,-0.183623,-0.046710,0.233625,0.954472,-0.179504,-0.047718,0.233421,1.000000,
0.954472,-0.179504,-0.047718,0.233421,0.793664,-0.168831,-0.139474,0.567574,0.955476,-0.174077,-0.049044,0.233146,0.954472,-0.179504,-0.047718,0.233421,1.000000,
0.954472,-0.179504,-0.047718,0.233421,0.793664,-0.168831,-0.139474,0.567574,0.953688,-0.183623,-0.046710,0.233625,0.954472,-0.179504,-0.047718,0.233421,1.000000,
0.954472,-0.179504,-0.047718,0.233421,0.793664,-0.168831,-0.139474,0.567574,0.955476,-0.174077,-0.049044,0.233146,0.954472,-0.179504,-0.047718,0.233421,1.000000,
0.954472,-0.179504,-0.047718,0.233421,0.793664,-0.168831,-0.139474,0.567574,0.953688,-0.183623,-0.046710,0.233625,0.954472,-0.179504,-0.047718,0.233421,1.000000,
0.954472,-0.179504,-0.047718,0.233421,0.793664,-0.168831,-0.139474,0.567574,0.955476,-0.174077,-0.049044,0.233146,0.954472,-0.179504,-0.047718,0.233421,1.000000,
0.954472,-0.179504,-0.047718,0.233421,0.793664,-0.168831,-0.139474,0.567574,0.953688,-0.183623,-0.046710,0.233625,0.954472,-0.179504,-0.047718,0.233421,1.000000,
0.954472,-0.179504,-0.047718,0.233421,0.793664,-0.168831,-0.139474,0.567574,0.955476,-0.174077,-0.049044,0.233146,0.954472,-0.179504,-0.047718,0.233421,1.000000,
0.954472,-0.179504,-0.047718,0.233421,0.793664,-0.168831,-0.139474,0.567574,0.953688,-0.183623,-0.046710,0.233625,0.954472,-0.179504,-0.047718,0.233421,1.000000,
0.954472,-0.179504,-0.047718,0.233421,0.793664,-0.168831,-0.139474,0.567574,0.955476,-0.174077,-0.049044,0.233146,0.954472,-0.179504,-0.047718,0.233421,1.000000,
0.954472,-0.179504,-0.047718,0.233421,0.793664,-0.168831,-0.139474,0.567574,0.953688,-0.183623,-0.046710,0.233625,0.954472,-0.179504,-0.047718,0.233421,1.000000,
0.954472,-0.179504,-0.047718,0.233421,0.793664,-0.168831,-0.139474,0.567574,0.955476,-0.174077,-0.049044,0.233146,0.954472,-0.179504,-0.047718,0.233421,1.000000,
0.954472,-0.179504,-0.047718,0.233421,0.793664,-0.168831,-0.139474,0.567574,0.953688,-0.183623,-0.046710,0.233625,0.954472,-0.179504,-0.047718,0.233421,1.000000,
0.954472,-0.179504,-0.047718,0.233421,0.793664,-0.168831,-0.139474,0.567574,0.955476,-0.174078,-0.049044,0.233146,0.954472,-0.179504,-0.047718,0.233421,1.000000,
0.954472,-0.179504,-0.047718,0.233421,0.793664,-0.168831,-0.139474,0.567574,0.953688,-0.183624,-0.046710,0.233625,0.954472,-0.179504,-0.047718,0.233421,1.000000,
0.954472,-0.179504,-0.047718,0.233421,0.793664,-0.168831,-0.139474,0.567574,0.955476,-0.174078,-0.049044,0.233146,0.954472,-0.179504,-0.047718,0.233421,1.000000,
0.954472,-0.179504,-0.047718,0.233421,0.793664,-0.168831,-0.139474,0.567574,0.953688,-0.183624,-0.046710,0.233625,0.954472,-0.179504,-0.047718,0.233421,1.000000,
0.954472,-0.179504,-0.047718,0.233421,0.793664,-0.168831,-0.139474,0.567574,0.955476,-0.174078,-0.049044,0.233146,0.954472,-0.179504,-0.047718,0.233421,1.000000,
0.954472,-0.179504,-0.047718,0.233421,0.793664,-0.168831,-0.139474,0.567574,0.953688,-0.183624,-0.046710,0.233625,0.954472,-0.179504,-0.047718,0.233421,1.000000,
0.954472,-0.179504,-0.047718,0.233421,0.793664,-0.168831,-0.139474,0.567574,0.955476,-0.174078,-0.049044,0.233146,0.954472,-0.179504,-0.047718,0.233421,1.000000,
0.954472,-0.179504,-0.047718,0.233421,0.793664,-0.168831,-0.139474,0.567574,0.953688,-0.183624,-0.046710,0.233625,0.954472,-0.179504,-0.047718,0.233421,1.000000,
0.954472,-0.179504,-0.047718,0.233421,0.793664,-0.168831,-0.139474,0.567574,0.955476,-0.174078,-0.049044,0.233146,0.954472,-0.179504,-0.047718,0.233421,1.000000,
0.954472,-0.179504,-0.047718,0.233421,0.793664,-0.168831,-0.139474,0.567574,0.953688,-0.183624,-0.046710,0.233625,0.954472,-0.179504,-0.047718,0.233421,1.000000,
0.954472,-0.179504,-0.047718,0.233421,0.793664,-0.168831,-0.139474,0.567574,0.955476,-0.174078,-0.049044,0.233146,0.954472,-0.179504,-0.047718,0.233421,1.000000,
0.954472,-0.179504,-0.047718,0.233421,0.793664,-0.168831,-0.139474,0.567574,0.953688,-0.183624,-0.046710,0.233625,0.954472,-0.179504,-0.047718,0.233421,1.000000,
0.954472,-0.179504,-0.047718,0.233421,0.793664,-0.168831,-0.139474,0.567574,0.955476,-0.174078,-0.049044,0.233146,0.954472,-0.179504,-0.047718,0.233421,1.000000,
0.954472,-0.179504,-0.047718,0.233421,0.793664,-0.168831,-0.139474,0.567574,0.953688,-0.183624,-0.046710,0.233625,0.954472,-0.179504,-0.047718,0.233421,1.000000,
0.954472,-0.179504,-0.047718,0.233421,0.793664,-0.168831,-0.139474,0.567574,0.955476,-0.174078,-0.049044,0.233146,0.954472,-0.179504,-0.047718,0.233421,1.000000,
0.954472,-0.179504,-0.047718,0.233421,0.793664,-0.168831,-0.139474,0.567574,0.953688,-0.183624,-0.046710,0.233625,0.954472,-0.179504,-0.047718,0.233421,1.000000,
0.954472,-0.179504,-0.047718,0.233421,0.793664,-0.168831,-0.139474,0.567574,0.955476,-0.174078,-0.049044,0.233146,0.954472,-0.179504,-0.047718,0.233421,1.000000,
0.954472,-0.179504,-0.047718,0.233421,0.793664,-0.168831,-0.139474,0.567574,0.953688,-0.183624,-0.046710,0.233625,0.954472,-0.179504,-0.047718,0.233421,1.000000,
0.954472,-0.179504,-0.047718,0.233421,0.793664,-0.168831,-0.139474,0.567574,0.955476,-0.174078,-0.049043,0.233146,0.954472,-0.179504,-0.047718,0.233421,1.000000,
0.954472,-0.179504,-0.047718,0.233421,0.793664,-0.168831,-0.139474,0.567574,0.953688,-0.183624,-0.046710,0.233625,0.954472,-0.179504,-0.047718,0.233421,1.000000,
0.954472,-0.179504,-0.047718,0.233421,0.793664,-0.168831,-0.139474,0.567574,0.955476,-0.174078,-0.049043,0.233146,0.954472,-0.179504,-0.047718,0.233421,1.000000,
0.954472,-0.179504,-0.047718,0.233421,0.793664,-0.168831,-0.139474,0.567574,0.953688,-0.183624,-0.046710,0.233625,0.954472,-0.179504,-0.047718,0.233421,1.000000,
0.954472,-0.179504,-0.047718,0.233421,0.793664,-0.168831,-0.139474,0.567574,0.955476,-0.174078,-0.049043,0.233146,0.954472,-0.179504,-0.047718,0.233421,1.000000,
0.954472,-0.179504,-0.047718,0.233421,0.793664,-0.168831,-0.139474,0.567574,0.953688,-0.183624,-0.046710,0.233625,0.954472,-0.179504,-0.047718,0.233421,1.000000,
0.954472,-0.179504,-0.047718,0.233421,0.793664,-0.168831,-0.139474,0.567574,0.955476,-0.174078,-0.049043,0.233146,0.954472,-0.179504,-0.047718,0.233421,1.000000,
0.954472,-0.179504,-0.047718,0.233421,0.793664,-0.168831,-0.139474,0.567574,0.953688,-0.183624,-0.046710,0.233625,0.954472,-0.179504,-0.047718,0.233421,1.000000,
0.954472,-0.179504,-0.047718,0.233421,0.793664,-0.168831,-0.139474,0.567574,0.955476,-0.174078,-0.049043,0.233146,0.954472,-0.179504,-0.047718,0.233421,1.000000,
0.954472,-0.179504,-0.047718,0.233421,0.793664,-0.168831,-0.139474,0.567574,0.953687,-0.183624,-0.046710,0.233625,0.954472,-0.179504,-0.047718,0.233421,1.000000,
0.954472,-0.179504,-0.047718,0.233421,0.793664,-0.168831,-0.139474,0.567574,0.955476,-0.174078,-0.049043,0.233146,0.954472,-0.179504,-0.047718,0.233421,1.000000,
0.954472,-0.179504,-0.047718,0.233421,0.793664,-0.168831,-0.139474,0.567574,0.953687,-0.183624,-0.046710,0.233625,0.954472,-0.179504,-0.047718,0.233421,1.000000,
0.954472,-0.179504,-0.047718,0.233421,0.793664,-0.168831,-0.139474,0.567574,0.955476,-0.174079,-0.049043,0.233146,0.954472,-0.179504,-0.047718,0.233421,1.000000,
0.954472,-0.179504,-0.047718,0.233421,0.793664,-0.168831,-0.139474,0.567574,0.953687,-0.183624,-0.046710,0.233625,0.954472,-0.179504,-0.047718,0.233421,1.000000,
0.954472,-0.179504,-0.047718,0.233421,0.793664,-0.168831,-0.139474,0.567574,0.955476,-0.174079,-0.049043,0.233146,0.954472,-0.179504,-0.047718,0.233421,1.000000,
0.954472,-0.179504,-0.047718,0.233421,0.793664,-0.168831,-0.139474,0.567574,0.953687,-0.183625,-0.046709,0.233625,0.954472,-0.179504,-0.047718,0.233421,1.000000,
0.954472,-0.179504,-0.047718,0.233421,0.793664,-0.168831,-0.139474,0.567574,0.955476,-0.174079,-0.049043,0.233146,0.954472,-0.179504,-0.047718,0.233421,1.000000,
0.954472,-0.179504,-0.047718,0.233421,0.793664,-0.168831,-0.139474,0.567574,0.953687,-0.183625,-0.046709,0.233625,0.954472,-0.179504,-0.047718,0.233421,1.000000,
0.954472,-0.179504,-0.047718,0.233421,0.793664,-0.168831,-0.139474,0.567574,0.955476,-0.174079,-0.049043,0.233146,0.954472,-0.179504,-0.047718,0.233421,1.000000,
0.954472,-0.179504,-0.047718,0.233421,0.793664,-0.168831,-0.139474,0.567574,0.953687,-0.183625,-0.046709,0.233625,0.954472,-0.179504,-0.047718,0.233421,1.000000,
0.954472,-0.179504,-0.047718,0.233421,0.793664,-0.168831,-0.139474,0.567574,0.955476,-0.174079,-0.049043,0.233146,0.954472,-0.179504,-0.047718,0.233421,1.000000,
0.954472,-0.179504,-0.047718,0.233421,0.793664,-0.168831,-0.139474,0.567574,0.953687,-0.183625,-0.046709,0.233625,0.954472,-0.179504,-0.047718,0.233421,1.000000,
0.954472,-0.179504,-0.047718,0.233421,0.793664,-0.168831,-0.139474,0.567574,0.955476,-0.174079,-0.049043,0.233146,0.954472,-0.179504,-0.047718,0.233421,1.000000,
0.954472,-0.179504,-0.047718,0.233421,0.793664,-0.168831,-0.139474,0.567574,0.953687,-0.183625,-0.046709,0.233625,0.954472,-0.179504,-0.047718,0.233421,1.000000,
0.954472,-0.179504,-0.047718,0.233421,0.793664,-0.168831,-0.139474,0.567574,0.955476,-0.174079,-0.049043,0.233146,0.954472,-0.179504,-0.047718,0.233421,1.000000,
0.954472,-0.179504,-0.047718,0.233421,0.793664,-0.168831,-0.139474,0.567574,0.953687,-0.183625,-0.046709,0.233625,0.954472,-0.179504,-0.047718,0.233421,1.000000,
0.954472,-0.179504,-0.047718,0.233421,0.793664,-0.168831,-0.139474,0.567574,0.955476,-0.174079,-0.049043,0.233146,0.954472,-0.179504,-0.047718,0.233421,1.000000,
0.954472,-0.179504,-0.047718,0.233421,0.793664,-0.168831,-0.139474,0.567574,0.953687,-0.183625,-0.046709,0.233625,0.954472,-0.179504,-0.047718,0.233421,1.000000,
0.954472,-0.179504,-0.047718,0.233421,0.793664,-0.168831,-0.139474,0.567574,0.955476,-0.174079,-0.049043,0.233146,0.954472,-0.179504,-0.047718,0.233421,1.000000,
0.954472,-0.179504,-0.047718,0.233421,0.793664,-0.168831,-0.139474,0.567574,0.953687,-0.183625,-0.046709,0.233625,0.954472,-0.179504,-0.047718,0.233421,1.000000,
0.954472,-0.179504,-0.047718,0.233421,0.793664,-0.168831,-0.139474,0.567574,0.955476,-0.174079,-0.049043,0.233146,0.954472,-0.179504,-0.047718,0.233421,1.000000,
0.954472,-0.179504,-0.047718,0.233421,0.793664,-0.168831,-0.139474,0.567574,0.953687,-0.183625,-0.046709,0.233625,0.954472,-0.179504,-0.047718,0.233421,1.000000,
0.954472,-0.179504,-0.047718,0.233421,0.793664,-0.168831,-0.139474,0.567574,0.955476,-0.174079,-0.049043,0.233146,0.954472,-0.179504,-0.047718,0.233421,1.000000,
0.954472,-0.179504,-0.047718,0.233421,0.793664,-0.168831,-0.139474,0.567574,0.953687,-0.183625,-0.046709,0.233625,0.954472,-0.179504,-0.047718,0.233421,1.000000,
0.954472,-0.179504,-0.047718,0.233421,0.793664,-0.168831,-0.139474,0.567574,0.955476,-0.174079,-0.049043,0.233146,0.954472,-0.179504,-0.047718,0.233421,1.000000,
0.954472,-0.179504,-0.047718,0.233421,0.793664,-0.168831,-0.139474,0.567574,0.953687,-0.183625,-0.046709,0.233625,0.954472,-0.179504,-0.047718,0.233421,1.000000,
0.954472,-0.179504,-0.047718,0.233421,0.793664,-0.168831,-0.139474,0.567574,0.955476,-0.174079,-0.049043,0.233146,0.954472,-0.179504,-0.047718,0.233421,1.000000,
0.954472,-0.179504,-0.047718,0.233421,0.793664,-0.168831,-0.139474,0.567574,0.953687,-0.183625,-0.046709,0.233625,0.954472,-0.179504,-0.047718,0.233421,1.000000,
0.954472,-0.179504,-0.047718,0.233421,0.793664,-0.168831,-0.139474,0.567574,0.955476,-0.174079,-0.049043,0.233146,0.954472,-0.179504,-0.047718,0.233421,1.000000,
0.954472,-0.179504,-0.047718,0.233421,0.793664,-0.168831,-0.139474,0.567574,0.953687,-0.183625,-0.046709,0.233625,0.954472,-0.179504,-0.047718,0.233421,1.000000,
0.954472,-0.179504,-0.047718,0.233421,0.793664,-0.168831,-0.139474,0.567574,0.955476,-0.174079,-0.049043,0.233146,0.954472,-0.179504,-0.047718,0.233421,1.000000,
0.954472,-0.179504,-0.047718,0.233421,0.793664,-0.168831,-0.139474,0.567574,0.953687,-0.183625,-0.046709,0.233625,0.954472,-0.179504,-0.047718,0.233421,1.000000,
0.954472,-0.179504,-0.047718,0.233421,0.793664,-0.168831,-0.139474,0.567574,0.955476,-0.174079,-0.049043,0.233146,0.954472,-0.179504,-0.047718,0.233421,1.000000,
0.954472,-0.179504,-0.047718,0.233421,0.793664,-0.168831,-0.139474,0.567574,0.953687,-0.183625,-0.046709,0.233625,0.954472,-0.179504,-0.047718,0.233421,1.000000,
0.954472,-0.179504,-0.047718,0.233421,0.793664,-0.168831,-0.139474,0.567574,0.955476,-0.174080,-0.049043,0.233146,0.954472,-0.179504,-0.047718,0.233421,1.000000,
0.954472,-0.179504,-0.047718,0.233421,0.793664,-0.168831,-0.139474,0.567574,0.953687,-0.183626,-0.046709,0.233625,0.954472,-0.179504,-0.047718,0.233421,1.000000,
0.954472,-0.179504,-0.047718,0.233421,0.793664,-0.168831,-0.139474,0.567574,0.955476,-0.174080,-0.049043,0.233146,0.954472,-0.179504,-0.047718,0.233421,1.000000,
0.954472,-0.179504,-0.047718,0.233421,0.793664,-0.168831,-0.139474,0.567574,0.953687,-0.183626,-0.046709,0.233625,0.954472,-0.179504,-0.047718,0.233421,1.000000,
0.954472,-0.179504,-0.047718,0.233421,0.793664,-0.168831,-0.139474,0.567574,0.955476,-0.174080,-0.049043,0.233146,0.954472,-0.179504,-0.047718,0.233421,1.000000,
0.954472,-0.179504,-0.047718,0.233421,0.793664,-0.168831,-0.139474,0.567574,0.953687,-0.183626,-0.046709,0.233625,0.954472,-0.179504,-0.047718,0.233421,1.000000,
0.954472,-0.179504,-0.047718,0.233421,0.793664,-0.168831,-0.139474,0.567574,0.955476,-0.174080,-0.049043,0.233146,0.954472,-0.179504,-0.047718,0.233421,1.000000,
0.954472,-0.179504,-0.047718,0.233421,0.793664,-0.168831,-0.139474,0.567574,0.953687,-0.183626,-0.046709,0.233625,0.954472,-0.179504,-0.047718,0.233421,1.000000,
0.954472,-0.179504,-0.047718,0.233421,0.793664,-0.168831,-0.139474,0.567574,0.955476,-0.174080,-0.049043,0.233146,0.954472,-0.179504,-0.047718,0.233421,1.000000,
0.954472,-0.179504,-0.047718,0.233421,0.793664,-0.168831,-0.139474,0.567574,0.953687,-0.183626,-0.046709,0.233625,0.954472,-0.179504,-0.047718,0.233421,1.000000,
0.954472,-0.179504,-0.047718,0.233421,0.793664,-0.168831,-0.139474,0.567574,0.955476,-0.174080,-0.049043,0.233146,0.954472,-0.179504,-0.047718,0.233421,1.000000,
0.954472,-0.179504,-0.047718,0.233421,0.793664,-0.168831,-0.139474,0.567574,0.953687,-0.183626,-0.046709,0.233625,0.954472,-0.179504,-0.047718,0.233421,1.000000,
0.954472,-0.179504,-0.047718,0.233421,0.793664,-0.168831,-0.139474,0.567574,0.955476,-0.174080,-0.049043,0.233146,0.954472,-0.179504,-0.047718,0.233421,1.000000,
0.954472,-0.179504,-0.047718,0.233421,0.793664,-0.168831,-0.139474,0.567574,0.953687,-0.183626,-0.046709,0.233625,0.954472,-0.179504,-0.047718,0.233421,1.000000,
0.954472,-0.179504,-0.047718,0.233421,0.793664,-0.168831,-0.139474,0.567574,0.955476,-0.174080,-0.049043,0.233146,0.954472,-0.179504,-0.047718,0.233421,1.000000,
0.954472,-0.179504,-0.047718,0.233421,0.793664,-0.168831,-0.139474,0.567574,0.953687,-0.183626,-0.046709,0.233625,0.954472,-0.179504,-0.047718,0.233421,1.000000,
0.954472,-0.179504,-0.047718,0.233421,0.793664,-0.168831,-0.139474,0.567574,0.955476,-0.174080,-0.049043,0.233146,0.954472,-0.179504,-0.047718,0.233421,1.000000,
0.954472,-0.179504,-0.047718,0.233421,0.793664,-0.168831,-0.139474,0.567574,0.953687,-0.183626,-0.046709,0.233625,0.954472,-0.179504,-0.047718,0.233421,1.000000,
0.954472,-0.179504,-0.047718,0.233421,0.793664,-0.168831,-0.139474,0.567574,0.955476,-0.174080,-0.049043,0.233146,0.954472,-0.179504,-0.047718,0.233421,1.000000,
0.954472,-0.179504,-0.047718,0.233421,0.793664,-0.168831,-0.139474,0.567574,0.953687,-0.183626,-0.046709,0.233625,0.954472,-0.179504,-0.047718,0.233421,1.000000,
0.954472,-0.179504,-0.047718,0.233421,0.793664,-0.168831,-0.139474,0.567574,0.955476,-0.174080,-0.049043,0.233146,0.954472,-0.179504,-0.047718,0.233421,1.000000,
0.954472,-0.179504,-0.047718,0.233421,0.793664,-0.168831,-0.139474,0.567574,0.953687,-0.183626,-0.046709,0.233625,0.954472,-0.179504,-0.047718,0.233421,1.000000,
0.954472,-0.179504,-0.047718,0.233421,0.793664,-0.168831,-0.139474,0.567574,0.955476,-0.174080,-0.049043,0.233146,0.954472,-0.179504,-0.047718,0.233421,1.000000,
0.954472,-0.179504,-0.047718,0.233421,0.793664,-0.168831,-0.139474,0.567574,0.953687,-0.183626,-0.046709,0.233625,0.954472,-0.179504,-0.047718,0.233421,1.000000,
0.954472,-0.179504,-0.047718,0.233421,0.793664,-0.168831,-0.139474,0.567574,0.955476,-0.174080,-0.049043,0.233146,0.954472,-0.179504,-0.047718,0.233421,1.000000,
0.954472,-0.179504,-0.047718,0.233421,0.793664,-0.168831,-0.139474,0.567574,0.953687,-0.183626,-0.046709,0.233625,0.954472,-0.179504,-0.047718,0.233421,1.000000,
0.954472,-0.179504,-0.047718,0.233421,0.793664,-0.168831,-0.139474,0.567574,0.955476,-0.174080,-0.049043,0.233146,0.954472,-0.179504,-0.047718,0.233421,1.000000,
0.954472,-0.179504,-0.047718,0.233421,0.793664,-0.168831,-0.139474,0.567574,0.953687,-0.183626,-0.046709,0.233625,0.954472,-0.179504,-0.047718,0.233421,1.000000,
0.954472,-0.179504,-0.047718,0.233421,0.793664,-0.168831,-0.139474,0.567574,0.955476,-0.174080,-0.049043,0.233146,0.954472,-0.179504,-0.047718,0.233421,1.000000,
0.954472,-0.179504,-0.047718,0.233421,0.793664,-0.168831,-0.139474,0.567574,0.953687,-0.183626,-0.046709,0.233625,0.954472,-0.179504,-0.047718,0.233421,1.000000,
0.954472,-0.179504,-0.047718,0.233421,0.793664,-0.168831,-0.139474,0.567574,0.955476,-0.174081,-0.049043,0.233146,0.954472,-0.179504,-0.047718,0.233421,1.000000,
0.954472,-0.179504,-0.047718,0.233421,0.793664,-0.168831,-0.139474,0.567574,0.953687,-0.183626,-0.046709,0.233625,0.954472,-0.179504,-0.047718,0.233421,1.000000,
0.954472,-0.179504,-0.047718,0.233421,0.793664,-0.168831,-0.139474,0.567574,0.955476,-0.174081,-0.049043,0.233146,0.954472,-0.179504,-0.047718,0.233421,1.000000,
0.954472,-0.179504,-0.047718,0.233421,0.793664,-0.168831,-0.139474,0.567574,0.953687,-0.183627,-0.046709,0.233625,0.954472,-0.179504,-0.047718,0.233421,1.000000,
0.954472,-0.179504,-0.047718,0.233421,0.793664,-0.168831,-0.139474,0.567574,0.955476,-0.174081,-0.049043,0.233146,0.954472,-0.179504,-0.047718,0.233421,1.000000,
0.954472,-0.179504,-0.047718,0.233421,0.793664,-0.168831,-0.139474,0.567574,0.953687,-0.183627,-0.046709,0.233625,0.954472,-0.179504,-0.047718,0.233421,1.000000,
0.954472,-0.179504,-0.047718,0.233421,0.793664,-0.168831,-0.139474,0.567574,0.955476,-0.174081,-0.049043,0.233146,0.954472,-0.179504,-0.047718,0.233421,1.000000,
0.954472,-0.179504,-0.047718,0.233421,0.793664,-0.168831,-0.139474,0.567574,0.953687,-0.183627,-0.046709,0.233625,0.954472,-0.179504,-0.047718,0.233421,1.000000,
0.954472,-0.179504,-0.047718,0.233421,0.793664,-0.168831,-0.139474,0.567574,0.955476,-0.174081,-0.049043,0.233146,0.954472,-0.179504,-0.047718,0.233421,1.000000,
0.954472,-0.179504,-0.047718,0.233421,0.793664,-0.168831,-0.139474,0.567574,0.953687,-0.183627,-0.046709,0.233625,0.954472,-0.179504,-0.047718,0.233421,1.000000,
0.954472,-0.179504,-0.047718,0.233421,0.793664,-0.168831,-0.139474,0.567574,0.955476,-0.174081,-0.049043,0.233146,0.954472,-0.179504,-0.047718,0.233421,1.000000,
0.954472,-0.179504,-0.047718,0.233421,0.793664,-0.168831,-0.139474,0.567574,0.953687,-0.183627,-0.046709,0.233625,0.954472,-0.179504,-0.047718,0.233421,1.000000,
0.954472,-0.179504,-0.047718,0.233421,0.793664,-0.168831,-0.139474,0.567574,0.955476,-0.174081,-0.049043,0.233146,0.954472,-0.179504,-0.047718,0.233421,1.000000,
0.954472,-0.179504,-0.047718,0.233421,0.793664,-0.168831,-0.139474,0.567574,0.953687,-0.183627,-0.046709,0.233625,0.954472,-0.179504,-0.047718,0.233421,1.000000,
0.954472,-0.179504,-0.047718,0.233421,0.793664,-0.168831,-0.139474,0.567574,0.955476,-0.174081,-0.049043,0.233146,0.954472,-0.179504,-0.047718,0.233421,1.000000,
0.954472,-0.179504,-0.047718,0.233421,0.793664,-0.168831,-0.139474,0.567574,0.953687,-0.183627,-0.046709,0.233625,0.954472,-0.179504,-0.047718,0.233421,1.000000,
0.954472,-0.179504,-0.047718,0.233421,0.793664,-0.168831,-0.139474,0.567574,0.955476,-0.174081,-0.049043,0.233146,0.954472,-0.179504,-0.047718,0.233421,1.000000,
0.954472,-0.179504,-0.047718,0.233421,0.793664,-0.168831,-0.139474,0.567574,0.953687,-0.183627,-0.046709,0.233625,0.954472,-0.179504,-0.047718,0.233421,1.000000,
0.954472,-0.179504,-0.047718,0.233421,0.793664,-0.168831,-0.139474,0.567574,0.955476,-0.174081,-0.049043,0.233146,0.954472,-0.179504,-0.047718,0.233421,1.000000,
0.954472,-0.179504,-0.047718,0.233421,0.793664,-0.168831,-0.139474,0.567574,0.953687,-0.183627,-0.046709,0.233625,0.954472,-0.179504,-0.047718,0.233421,1.000000,
0.954472,-0.179504,-0.047718,0.233421,0.793664,-0.168831,-0.139474,0.567574,0.955476,-0.174081,-0.049043,0.233146,0.954472,-0.179504,-0.047718,0.233421,1.000000,
0.954472,-0.179504,-0.047718,0.233421,0.793664,-0.168831,-0.139474,0.567574,0.953687,-0.183627,-0.046709,0.233625,0.954472,-0.179504,-0.047718,0.233421,1.000000,
0.954472,-0.179504,-0.047718,0.233421,0.793664,-0.168831,-0.139474,0.567574,0.955476,-0.174081,-0.049043,0.233146,0.954472,-0.179504,-0.047718,0.233421,1.000000,
0.954472,-0.179504,-0.047718,0.233421,0.793664,-0.168831,-0.139474,0.567574,0.953687,-0.183627,-0.046709,0.233625,0.954472,-0.179504,-0.047718,0.233421,1.000000,
0.954472,-0.179504,-0.047718,0.233421,0.793664,-0.168831,-0.139474,0.567574,0.955476,-0.174081,-0.049043,0.233146,0.954472,-0.179504,-0.047718,0.233421,1.000000,
0.954472,-0.179504,-0.047718,0.233421,0.793664,-0.168831,-0.139474,0.567574,0.953687,-0.183627,-0.046709,0.233625,0.954472,-0.179504,-0.047718,0.233421,1.000000,
0.954472,-0.179504,-0.047718,0.233421,0.793664,-0.168831,-0.139474,0.567574,0.955475,-0.174081,-0.049043,0.233146,0.954472,-0.179504,-0.047718,0.233421,1.000000,
0.954472,-0.179504,-0.047718,0.233421,0.793664,-0.168831,-0.139474,0.567574,0.953687,-0.183627,-0.046709,0.233625,0.954472,-0.179504,-0.047718,0.233421,1.000000,
0.954472,-0.179504,-0.047718,0.233421,0.793664,-0.168831,-0.139474,0.567574,0.955475,-0.174081,-0.049043,0.233146,0.954472,-0.179504,-0.047718,0.233421,1.000000,
0.954472,-0.179504,-0.047718,0.233421,0.793664,-0.168831,-0.139474,0.567574,0.953687,-0.183627,-0.046709,0.233625,0.954472,-0.179504,-0.047718,0.233421,1.000000,
0.954472,-0.179504,-0.047718,0.233421,0.793664,-0.168831,-0.139474,0.567574,0.955475,-0.174082,-0.049043,0.233146,0.954472,-0.179504,-0.047718,0.233421,1.000000,
0.954472,-0.179504,-0.047718,0.233421,0.793664,-0.168831,-0.139474,0.567574,0.953687,-0.183627,-0.046709,0.233625,0.954472,-0.179504,-0.047718,0.233421,1.000000,
0.954472,-0.179504,-0.047718,0.233421,0.793664,-0.168831,-0.139474,0.567574,0.955475,-0.174082,-0.049043,0.233146,0.954472,-0.179504,-0.047718,0.233421,1.000000,
0.954472,-0.179504,-0.047718,0.233421,0.793664,-0.168831,-0.139474,0.567574,0.953687,-0.183628,-0.046709,0.233625,0.954472,-0.179504,-0.047718,0.233421,1.000000,
0.954472,-0.179504,-0.047718,0.233421,0.793664,-0.168831,-0.139474,0.567574,0.955475,-0.174082,-0.049043,0.233146,0.954472,-0.179504,-0.047718,0.233421,1.000000,
0.954472,-0.179504,-0.047718,0.233421,0.793664,-0.168831,-0.139474,0.567574,0.953687,-0.183628,-0.046709,0.233625,0.954472,-0.179504,-0.047718,0.233421,1.000000,
0.954472,-0.179504,-0.047718,0.233421,0.793664,-0.168831,-0.139474,0.567574,0.955475,-0.174082,-0.049043,0.233146,0.954472,-0.179504,-0.047718,0.233421,1.000000,
0.954472,-0.179504,-0.047718,0.233421,0.793664,-0.168831,-0.139474,0.567574,0.953687,-0.183628,-0.046709,0.233625,0.954472,-0.179504,-0.047718,0.233421,1.000000,
0.954472,-0.179504,-0.047718,0.233421,0.793664,-0.168831,-0.139474,0.567574,0.955475,-0.174082,-0.049043,0.233146,0.954472,-0.179504,-0.047718,0.233421,1.000000,
0.954472,-0.179504,-0.047718,0.233421,0.793664,-0.168831,-0.139474,0.567574,0.953687,-0.183628,-0.046709,0.233625,0.954472,-0.179504,-0.047718,0.233421,1.000000,
0.954472,-0.179504,-0.047718,0.233421,0.793664,-0.168831,-0.139474,0.567574,0.955475,-0.174082,-0.049043,0.233146,0.954472,-0.179504,-0.047718,0.233421,1.000000,
0.954472,-0.179504,-0.047718,0.233421,0.793664,-0.168831,-0.139474,0.567574,0.953687,-0.183628,-0.046709,0.233625,0.954472,-0.179504,-0.047718,0.233421,1.000000,
0.954472,-0.179504,-0.047718,0.233421,0.793664,-0.168831,-0.139474,0.567574,0.955475,-0.174082,-0.049043,0.233146,0.954472,-0.179504,-0.047718,0.233421,1.000000,
0.954472,-0.179504,-0.047718,0.233421,0.793664,-0.168831,-0.139474,0.567574,0.953687,-0.183628,-0.046709,0.233625,0.954472,-0.179504,-0.047718,0.233421,1.000000,
0.954472,-0.179504,-0.047718,0.233421,0.793664,-0.168831,-0.139474,0.567574,0.955475,-0.174082,-0.049043,0.233146,0.954472,-0.179504,-0.047718,0.233421,1.000000,
0.954472,-0.179504,-0.047718,0.233421,0.793664,-0.168831,-0.139474,0.567574,0.953687,-0.183628,-0.046709,0.233625,0.954472,-0.179504,-0.047718,0.233421,1.000000,
0.954472,-0.179504,-0.047718,0.233421,0.793664,-0.168831,-0.139474,0.567574,0.955475,-0.174082,-0.049043,0.233146,0.954472,-0.179504,-0.047718,0.233421,1.000000,
0.954472,-0.179504,-0.047718,0.233421,0.793664,-0.168831,-0.139474,0.567574,0.953687,-0.183628,-0.046709,0.233625,0.954472,-0.179504,-0.047718,0.233421,1.000000,
0.954472,-0.179504,-0.047718,0.233421,0.793664,-0.168831,-0.139474,0.567574,0.955475,-0.174082,-0.049043,0.233146,0.954472,-0.179504,-0.047718,0.233421,1.000000,
0.954472,-0.179504,-0.047718,0.233421,0.793664,-0.168831,-0.139474,0.567574,0.953687,-0.183628,-0.046709,0.233625,0.954472,-0.179504,-0.047718,0.233421,1.000000,
0.954472,-0.179504,-0.047718,0.233421,0.793664,-0.168831,-0.139474,0.567574,0.955475,-0.174082,-0.049043,0.233146,0.954472,-0.179504,-0.047718,0.233421,1.000000,
0.954472,-0.179504,-0.047718,0.233421,0.793664,-0.168831,-0.139474,0.567574,0.953687,-0.183628,-0.046709,0.233625,0.954472,-0.179504,-0.047718,0.233421,1.000000,
0.954472,-0.179504,-0.047718,0.233421,0.793664,-0.168831,-0.139474,0.567574,0.955475,-0.174082,-0.049042,0.233146,0.954472,-0.179504,-0.047718,0.233421,1.000000,
0.954472,-0.179504,-0.047718,0.233421,0.793664,-0.168831,-0.139474,0.567574,0.953687,-0.183628,-0.046709,0.233625,0.954472,-0.179504,-0.047718,0.233421,1.000000,
0.954472,-0.179504,-0.047718,0.233421,0.793664,-0.168831,-0.139474,0.567574,0.955475,-0.174082,-0.049042,0.233146,0.954472,-0.179504,-0.047718,0.233421,1.000000,
0.954472,-0.179504,-0.047718,0.233421,0.793664,-0.168831,-0.139474,0.567574,0.953687,-0.183628,-0.046709,0.233625,0.954472,-0.179504,-0.047718,0.233421,1.000000,
0.954472,-0.179504,-0.047718,0.233421,0.793664,-0.168831,-0.139474,0.567574,0.955475,-0.174082,-0.049042,0.233146,0.954472,-0.179504,-0.047718,0.233421,1.000000,
0.954472,-0.179504,-0.047718,0.233421,0.793664,-0.168831,-0.139474,0.567574,0.953687,-0.183628,-0.046709,0.233625,0.954472,-0.179504,-0.047718,0.233421,1.000000,
0.954472,-0.179504,-0.047718,0.233421,0.793664,-0.168831,-0.139474,0.567574,0.955475,-0.174082,-0.049042,0.233146,0.954472,-0.179504,-0.047718,0.233421,1.000000,
0.954472,-0.179504,-0.047718,0.233421,0.793664,-0.168831,-0.139474,0.567574,0.953687,-0.183628,-0.046709,0.233625,0.954472,-0.179504,-0.047718,0.233421,1.000000,
0.954472,-0.179504,-0.047718,0.233421,0.793664,-0.168831,-0.139474,0.567574,0.955475,-0.174082,-0.049042,0.233146,0.954472,-0.179504,-0.047718,0.233421,1.000000,
0.954472,-0.179504,-0.047718,0.233421,0.793664,-0.168831,-0.139474,0.567574,0.953687,-0.183628,-0.046709,0.233625,0.954472,-0.179504,-0.047718,0.233421,1.000000,
0.954472,-0.179504,-0.047718,0.233421,0.793664,-0.168831,-0.139474,0.567574,0.955475,-0.174083,-0.049042,0.233146,0.954472,-0.179504,-0.047718,0.233421,1.000000,
0.954472,-0.179504,-0.047718,0.233421,0.793664,-0.168831,-0.139474,0.567574,0.953687,-0.183629,-0.046709,0.233625,0.954472,-0.179504,-0.047718,0.233421,1.000000,
0.954472,-0.179504,-0.047718,0.233421,0.793664,-0.168831,-0.139474,0.567574,0.955475,-0.174083,-0.049042,0.233146,0.954472,-0.179504,-0.047718,0.233421,1.000000,
0.954472,-0.179504,-0.047718,0.233421,0.793664,-0.168831,-0.139474,0.567574,0.953687,-0.183629,-0.046709,0.233625,0.954472,-0.179504,-0.047718,0.233421,1.000000,
0.954472,-0.179504,-0.047718,0.233421,0.793664,-0.168831,-0.139474,0.567574,0.955475,-0.174083,-0.049042,0.233146,0.954472,-0.179504,-0.047718,0.233421,1.000000,
0.954472,-0.179504,-0.047718,0.233421,0.793664,-0.168831,-0.139474,0.567574,0.953687,-0.183629,-0.046708,0.233625,0.954472,-0.179504,-0.047718,0.233421,1.000000,
0.954472,-0.179504,-0.047718,0.233421,0.793664,-0.168831,-0.139474,0.567574,0.955475,-0.174083,-0.049042,0.233146,0.954472,-0.179504,-0.047718,0.233421,1.000000,
0.954472,-0.179504,-0.047718,0.233421,0.793664,-0.168831,-0.139474,0.567574,0.953687,-0.183629,-0.046708,0.233625,0.954472,-0.179504,-0.047718,0.233421,1.000000,
0.954472,-0.179504,-0.047718,0.233421,0.793664,-0.168831,-0.139474,0.567574,0.955475,-0.174083,-0.049042,0.233146,0.954472,-0.179504,-0.047718,0.233421,1.000000,
0.954472,-0.179504,-0.047718,0.233421,0.793664,-0.168831,-0.139474,0.567574,0.953687,-0.183629,-0.046708,0.233625,0.954472,-0.179504,-0.047718,0.233421,1.000000,
0.954472,-0.179504,-0.047718,0.233421,0.793664,-0.168831,-0.139474,0.567574,0.955475,-0.174083,-0.049042,0.233146,0.954472,-0.179504,-0.047718,0.233421,1.000000,
0.954472,-0.179504,-0.047718,0.233421,0.793664,-0.168831,-0.139474,0.567574,0.953687,-0.183629,-0.046708,0.233625,0.954472,-0.179504,-0.047718,0.233421,1.000000,
0.954472,-0.179504,-0.047718,0.233421,0.793664,-0.168831,-0.139474,0.567574,0.955475,-0.174083,-0.049042,0.233146,0.954472,-0.179504,-0.047718,0.233421,1.000000,
0.954472,-0.179504,-0.047718,0.233421,0.793664,-0.168831,-0.139474,0.567574,0.953687,-0.183629,-0.046708,0.233625,0.954472,-0.179504,-0.047718,0.233421,1.000000,
0.954472,-0.179504,-0.047718,0.233421,0.793664,-0.168831,-0.139474,0.567574,0.955475,-0.174083,-0.049042,0.233146,0.954472,-0.179504,-0.047718,0.233421,1.000000,
0.954472,-0.179504,-0.047718,0.233421,0.793664,-0.168831,-0.139474,0.567574,0.953687,-0.183629,-0.046708,0.233625,0.954472,-0.179504,-0.047718,0.233421,1.000000,
0.954472,-0.179504,-0.047718,0.233421,0.793664,-0.168831,-0.139474,0.567574,0.955475,-0.174083,-0.049042,0.233146,0.954472,-0.179504,-0.047718,0.233421,1.000000,
0.954472,-0.179504,-0.047718,0.233421,0.793664,-0.168831,-0.139474,0.567574,0.953687,-0.183629,-0.046708,0.233625,0.954472,-0.179504,-0.047718,0.233421,1.000000,
0.954472,-0.179504,-0.047718,0.233421,0.793664,-0.168831,-0.139474,0.567574,0.955475,-0.174083,-0.049042,0.233146,0.954472,-0.179504,-0.047718,0.233421,1.000000,
0.954472,-0.179504,-0.047718,0.233421,0.793664,-0.168831,-0.139474,0.567574,0.953687,-0.183629,-0.046708,0.233625,0.954472,-0.179504,-0.047718,0.233421,1.000000,
0.954472,-0.179504,-0.047718,0.233421,0.793664,-0.168831,-0.139474,0.567574,0.955475,-0.174083,-0.049042,0.233146,0.954472,-0.179504,-0.047718,0.233421,1.000000,
0.954472,-0.179504,-0.047718,0.233421,0.793664,-0.168831,-0.139474,0.567574,0.953687,-0.183629,-0.046708,0.233625,0.954472,-0.179504,-0.047718,0.233421,1.000000,
0.954472,-0.179504,-0.047718,0.233421,0.793664,-0.168831,-0.139474,0.567574,0.955475,-0.174083,-0.049042,0.233146,0.954472,-0.179504,-0.047718,0.233421,1.000000,
0.954472,-0.179504,-0.047718,0.233421,0.793664,-0.168831,-0.139474,0.567574,0.953687,-0.183629,-0.046708,0.233625,0.954472,-0.179504,-0.047718,0.233421,1.000000,
0.954472,-0.179504,-0.047718,0.233421,0.793664,-0.168831,-0.139474,0.567574,0.955475,-0.174083,-0.049042,0.233146,0.954472,-0.179504,-0.047718,0.233421,1.000000,
0.954472,-0.179504,-0.047718,0.233421,0.793664,-0.168831,-0.139474,0.567574,0.953687,-0.183629,-0.046708,0.233625,0.954472,-0.179504,-0.047718,0.233421,1.000000,
0.954472,-0.179504,-0.047718,0.233421,0.793664,-0.168831,-0.139474,0.567574,0.955475,-0.174083,-0.049042,0.233146,0.954472,-0.179504,-0.047718,0.233421,1.000000,
0.954472,-0.179504,-0.047718,0.233421,0.793664,-0.168831,-0.139474,0.567574,0.953687,-0.183629,-0.046708,0.233625,0.954472,-0.179504,-0.047718,0.233421,1.000000,
0.954472,-0.179504,-0.047718,0.233421,0.793664,-0.168831,-0.139474,0.567574,0.955475,-0.174083,-0.049042,0.233146,0.954472,-0.179504,-0.047718,0.233421,1.000000,
0.954472,-0.179504,-0.047718,0.233421,0.793664,-0.168831,-0.139474,0.567574,0.953687,-0.183629,-0.046708,0.233625,0.954472,-0.179504,-0.047718,0.233421,1.000000,
0.954472,-0.179504,-0.047718,0.233421,0.793664,-0.168831,-0.139474,0.567574,0.955475,-0.174084,-0.049042,0.233146,0.954472,-0.179504,-0.047718,0.233421,1.000000,
0.954472,-0.179504,-0.047718,0.233421,0.793664,-0.168831,-0.139474,0.567574,0.953687,-0.183629,-0.046708,0.233625,0.954472,-0.179504,-0.047718,0.233421,1.000000,
0.954472,-0.179504,-0.047718,0.233421,0.793664,-0.168831,-0.139474,0.567574,0.955475,-0.174084,-0.049042,0.233146,0.954472,-0.179504,-0.047718,0.233421,1.000000,
0.954472,-0.179504,-0.047718,0.233421,0.793664,-0.168831,-0.139474,0.567574,0.953686,-0.183630,-0.046708,0.233625,0.954472,-0.179504,-0.047718,0.233421,1.000000,
0.954472,-0.179504,-0.047718,0.233421,0.793664,-0.168831,-0.139474,0.567574,0.955475,-0.174084,-0.049042,0.233146,0.954472,-0.179504,-0.047718,0.233421,1.000000,
0.954472,-0.179504,-0.047718,0.233421,0.793664,-0.168831,-0.139474,0.567574,0.953686,-0.183630,-0.046708,0.233625,0.954472,-0.179504,-0.047718,0.233421,1.000000,
0.954472,-0.179504,-0.047718,0.233421,0.793664,-0.168831,-0.139474,0.567574,0.955475,-0.174084,-0.049042,0.233146,0.954472,-0.179504,-0.047718,0.233421,1.000000,
0.954472,-0.179504,-0.047718,0.233421,0.793664,-0.168831,-0.139474,0.567574,0.953686,-0.183630,-0.046708,0.233625,0.954472,-0.179504,-0.047718,0.233421,1.000000,
0.954472,-0.179504,-0.047718,0.233421,0.793664,-0.168831,-0.139474,0.567574,0.955475,-0.174084,-0.049042,0.233146,0.954472,-0.179504,-0.047718,0.233421,1.000000,
0.954472,-0.179504,-0.047718,0.233421,0.793664,-0.168831,-0.139474,0.567574,0.953686,-0.183630,-0.046708,0.233625,0.954472,-0.179504,-0.047718,0.233421,1.000000,
0.954472,-0.179504,-0.047718,0.233421,0.793664,-0.168831,-0.139474,0.567574,0.955475,-0.174084,-0.049042,0.233146,0.954472,-0.179504,-0.047718,0.233421,1.000000,
0.954472,-0.179504,-0.047718,0.233421,0.793664,-0.168831,-0.139474,0.567574,0.953686,-0.183630,-0.046708,0.233625,0.954472,-0.179504,-0.047718,0.233421,1.000000,
0.954472,-0.179504,-0.047718,0.233421,0.793664,-0.168831,-0.139474,0.567574,0.955475,-0.174084,-0.049042,0.233146,0.954472,-0.179504,-0.047718,0.233421,1.000000,
0.954472,-0.179504,-0.047718,0.233421,0.793664,-0.168831,-0.139474,0.567574,0.953686,-0.183630,-0.046708,0.233625,0.954472,-0.179504,-0.047718,0.233421,1.000000,
0.954472,-0.179504,-0.047718,0.233421,0.793664,-0.168831,-0.139474,0.567574,0.955475,-0.174084,-0.049042,0.233146,0.954472,-0.179504,-0.047718,0.233421,1.000000,
0.954472,-0.179504,-0.047718,0.233421,0.793664,-0.168831,-0.139474,0.567574,0.953686,-0.183630,-0.046708,0.233625,0.954472,-0.179504,-0.047718,0.233421,1.000000,
0.954472,-0.179504,-0.047718,0.233421,0.793664,-0.168831,-0.139474,0.567574,0.955475,-0.174084,-0.049042,0.233146,0.954472,-0.179504,-0.047718,0.233421,1.000000,
0.954472,-0.179504,-0.047718,0.233421,0.793664,-0.168831,-0.139474,0.567574,0.953686,-0.183630,-0.046708,0.233625,0.954472,-0.179504,-0.047718,0.233421,1.000000,
0.954472,-0.179504,-0.047718,0.233421,0.793664,-0.168831,-0.139474,0.567574,0.955475,-0.174084,-0.049042,0.233146,0.954472,-0.179504,-0.047718,0.233421,1.000000,
0.954472,-0.179504,-0.047718,0.233421,0.793664,-0.168831,-0.139474,0.567574,0.953686,-0.183630,-0.046708,0.233625,0.954472,-0.179504,-0.047718,0.233421,1.000000,
0.954472,-0.179504,-0.047718,0.233421,0.793664,-0.168831,-0.139474,0.567574,0.955475,-0.174084,-0.049042,0.233146,0.954472,-0.179504,-0.047718,0.233421,1.000000,
0.954472,-0.179504,-0.047718,0.233421,0.793664,-0.168831,-0.139474,0.567574,0.953686,-0.183630,-0.046708,0.233625,0.954472,-0.179504,-0.047718,0.233421,1.000000,
0.954472,-0.179504,-0.047718,0.233421,0.793664,-0.168831,-0.139474,0.567574,0.955475,-0.174084,-0.049042,0.233146,0.954472,-0.179504,-0.047718,0.233421,1.000000,
0.954472,-0.179504,-0.047718,0.233421,0.793664,-0.168831,-0.139474,0.567574,0.953686,-0.183630,-0.046708,0.233625,0.954472,-0.179504,-0.047718,0.233421,1.000000,
0.954472,-0.179504,-0.047718,0.233421,0.793664,-0.168831,-0.139474,0.567574,0.955475,-0.174084,-0.049042,0.233146,0.954472,-0.179504,-0.047718,0.233421,1.000000,
0.954472,-0.179504,-0.047718,0.233421,0.793664,-0.168831,-0.139474,0.567574,0.953686,-0.183630,-0.046708,0.233625,0.954472,-0.179504,-0.047718,0.233421,1.000000,
0.954472,-0.179504,-0.047718,0.233421,0.793664,-0.168831,-0.139474,0.567574,0.955475,-0.174084,-0.049042,0.233146,0.954472,-0.179504,-0.047718,0.233421,1.000000,
0.954472,-0.179504,-0.047718,0.233421,0.793664,-0.168831,-0.139474,0.567574,0.953686,-0.183630,-0.046708,0.233625,0.954472,-0.179504,-0.047718,0.233421,1.000000,
0.954472,-0.179504,-0.047718,0.233421,0.793664,-0.168831,-0.139474,0.567574,0.955475,-0.174084,-0.049042,0.233146,0.954472,-0.179504,-0.047718,0.233421,1.000000,
0.954472,-0.179504,-0.047718,0.233421,0.793664,-0.168831,-0.139474,0.567574,0.953686,-0.183630,-0.046708,0.233625,0.954472,-0.179504,-0.047718,0.233421,1.000000,
0.954472,-0.179504,-0.047718,0.233421,0.793664,-0.168831,-0.139474,0.567574,0.955475,-0.174084,-0.049042,0.233146,0.954472,-0.179504,-0.047718,0.233421,1.000000,
0.954472,-0.179504,-0.047718,0.233421,0.793664,-0.168831,-0.139474,0.567574,0.953686,-0.183630,-0.046708,0.233625,0.954472,-0.179504,-0.047718,0.233421,1.000000,
0.954472,-0.179504,-0.047718,0.233421,0.793664,-0.168831,-0.139474,0.567574,0.955475,-0.174085,-0.049042,0.233146,0.954472,-0.179504,-0.047718,0.233421,1.000000,
0.954472,-0.179504,-0.047718,0.233421,0.793664,-0.168831,-0.139474,0.567574,0.953686,-0.183631,-0.046708,0.233625,0.954472,-0.179504,-0.047718,0.233421,1.000000,
0.954472,-0.179504,-0.047718,0.233421,0.793664,-0.168831,-0.139474,0.567574,0.955475,-0.174085,-0.049042,0.233146,0.954472,-0.179504,-0.047718,0.233421,1.000000,
0.954472,-0.179504,-0.047718,0.233421,0.793664,-0.168831,-0.139474,0.567574,0.953686,-0.183631,-0.046708,0.233625,0.954472,-0.179504,-0.047718,0.233421,1.000000,
0.954472,-0.179504,-0.047718,0.233421,0.793664,-0.168831,-0.139474,0.567574,0.955475,-0.174085,-0.049042,0.233146,0.954472,-0.179504,-0.047718,0.233421,1.000000,
0.954472,-0.179504,-0.047718,0.233421,0.793664,-0.168831,-0.139474,0.567574,0.953686,-0.183631,-0.046708,0.233625,0.954472,-0.179504,-0.047718,0.233421,1.000000,
0.954472,-0.179504,-0.047718,0.233421,0.793664,-0.168831,-0.139474,0.567574,0.955475,-0.174085,-0.049042,0.233146,0.954472,-0.179504,-0.047718,0.233421,1.000000,
0.954472,-0.179504,-0.047718,0.233421,0.793664,-0.168831,-0.139474,0.567574,0.953686,-0.183631,-0.046708,0.233625,0.954472,-0.179504,-0.047718,0.233421,1.000000,
0.954472,-0.179504,-0.047718,0.233421,0.793664,-0.168831,-0.139474,0.567574,0.955475,-0.174085,-0.049042,0.233146,0.954472,-0.179504,-0.047718,0.233421,1.000000,
0.954472,-0.179504,-0.047718,0.233421,0.793664,-0.168831,-0.139474,0.567574,0.953686,-0.183631,-0.046708,0.233625,0.954472,-0.179504,-0.047718,0.233421,1.000000,
0.954472,-0.179504,-0.047718,0.233421,0.793664,-0.168831,-0.139474,0.567574,0.955475,-0.174085,-0.049042,0.233146,0.954472,-0.179504,-0.047718,0.233421,1.000000,
0.954472,-0.179504,-0.047718,0.233421,0.793664,-0.168831,-0.139474,0.567574,0.953686,-0.183631,-0.046708,0.233625,0.954472,-0.179504,-0.047718,0.233421,1.000000,
0.954472,-0.179504,-0.047718,0.233421,0.793664,-0.168831,-0.139474,0.567574,0.955475,-0.174085,-0.049042,0.233146,0.954472,-0.179504,-0.047718,0.233421,1.000000,
0.954472,-0.179504,-0.047718,0.233421,0.793664,-0.168831,-0.139474,0.567574,0.953686,-0.183631,-0.046708,0.233625,0.954472,-0.179504,-0.047718,0.233421,1.000000,
0.954472,-0.179504,-0.047718,0.233421,0.793664,-0.168831,-0.139474,0.567574,0.955475,-0.174085,-0.049042,0.233146,0.954472,-0.179504,-0.047718,0.233421,1.000000,
0.954472,-0.179504,-0.047718,0.233421,0.793664,-0.168831,-0.139474,0.567574,0.953686,-0.183631,-0.046708,0.233625,0.954472,-0.179504,-0.047718,0.233421,1.000000,
0.954472,-0.179504,-0.047718,0.233421,0.793664,-0.168831,-0.139474,0.567574,0.955475,-0.174085,-0.049042,0.233146,0.954472,-0.179504,-0.047718,0.233421,1.000000,
0.954472,-0.179504,-0.047718,0.233421,0.793664,-0.168831,-0.139474,0.567574,0.953686,-0.183631,-0.046708,0.233625,0.954472,-0.179504,-0.047718,0.233421,1.000000,
0.954472,-0.179504,-0.047718,0.233421,0.793664,-0.168831,-0.139474,0.567574,0.955475,-0.174085,-0.049042,0.233146,0.954472,-0.179504,-0.047718,0.233421,1.000000,
0.954472,-0.179504,-0.047718,0.233421,0.793664,-0.168831,-0.139474,0.567574,0.953686,-0.183631,-0.046708,0.233625,0.954472,-0.179504,-0.047718,0.233421,1.000000,
0.954472,-0.179504,-0.047718,0.233421,0.793664,-0.168831,-0.139474,0.567574,0.955475,-0.174085,-0.049042,0.233146,0.954472,-0.179504,-0.047718,0.233421,1.000000,
0.954472,-0.179504,-0.047718,0.233421,0.793664,-0.168831,-0.139474,0.567574,0.953686,-0.183631,-0.046708,0.233625,0.954472,-0.179504,-0.047718,0.233421,1.000000,
0.954472,-0.179504,-0.047718,0.233421,0.793664,-0.168831,-0.139474,0.567574,0.955475,-0.174085,-0.049042,0.233146,0.954472,-0.179504,-0.047718,0.233421,1.000000,
0.954472,-0.179504,-0.047718,0.233421,0.793664,-0.168831,-0.139474,0.567574,0.953686,-0.183631,-0.046708,0.233625,0.954472,-0.179504,-0.047718,0.233421,1.000000,
0.954472,-0.179504,-0.047718,0.233421,0.793664,-0.168831,-0.139474,0.567574,0.955475,-0.174085,-0.049042,0.233146,0.954472,-0.179504,-0.047718,0.233421,1.000000,
0.954472,-0.179504,-0.047718,0.233421,0.793664,-0.168831,-0.139474,0.567574,0.953686,-0.183631,-0.046708,0.233625,0.954472,-0.179504,-0.047718,0.233421,1.000000,
0.954472,-0.179504,-0.047718,0.233421,0.793664,-0.168831,-0.139474,0.567574,0.955475,-0.174085,-0.049042,0.233146,0.954472,-0.179504,-0.047718,0.233421,1.000000,
0.954472,-0.179504,-0.047718,0.233421,0.793664,-0.168831,-0.139474,0.567574,0.953686,-0.183631,-0.046708,0.233625,0.954472,-0.179504,-0.047718,0.233421,1.000000,
0.954472,-0.179504,-0.047718,0.233421,0.793664,-0.168831,-0.139474,0.567574,0.955475,-0.174085,-0.049042,0.233146,0.954472,-0.179504,-0.047718,0.233421,1.000000,
0.954472,-0.179504,-0.047718,0.233421,0.793664,-0.168831,-0.139474,0.567574,0.953686,-0.183631,-0.046708,0.233625,0.954472,-0.179504,-0.047718,0.233421,1.000000,
0.954472,-0.179504,-0.047718,0.233421,0.793664,-0.168831,-0.139474,0.567574,0.955475,-0.174086,-0.049042,0.233146,0.954472,-0.179504,-0.047718,0.233421,1.000000,
0.954472,-0.179504,-0.047718,0.233421,0.793664,-0.168831,-0.139474,0.567574,0.953686,-0.183631,-0.046708,0.233625,0.954472,-0.179504,-0.047718,0.233421,1.000000,
0.954472,-0.179504,-0.047718,0.233421,0.793664,-0.168831,-0.139474,0.567574,0.955475,-0.174086,-0.049042,0.233146,0.954472,-0.179504,-0.047718,0.233421,1.000000,
0.954472,-0.179504,-0.047718,0.233421,0.793664,-0.168831,-0.139474,0.567574,0.953686,-0.183632,-0.046708,0.233625,0.954472,-0.179504,-0.047718,0.233421,1.000000,
0.954472,-0.179504,-0.047718,0.233421,0.793664,-0.168831,-0.139474,0.567574,0.955475,-0.174086,-0.049042,0.233146,0.954472,-0.179504,-0.047718,0.233421,1.000000,
0.954472,-0.179504,-0.047718,0.233421,0.793664,-0.168831,-0.139474,0.567574,0.953686,-0.183632,-0.046708,0.233625,0.954472,-0.179504,-0.047718,0.233421,1.000000,
0.954472,-0.179504,-0.047718,0.233421,0.793664,-0.168831,-0.139474,0.567574,0.955475,-0.174086,-0.049042,0.233146,0.954472,-0.179504,-0.047718,0.233421,1.000000,
0.954472,-0.179504,-0.047718,0.233421,0.793664,-0.168831,-0.139474,0.567574,0.953686,-0.183632,-0.046708,0.233625,0.954472,-0.179504,-0.047718,0.233421,1.000000,
0.954472,-0.179504,-0.047718,0.233421,0.793664,-0.168831,-0.139474,0.567574,0.955475,-0.174086,-0.049042,0.233146,0.954472,-0.179504,-0.047718,0.233421,1.000000,
0.954472,-0.179504,-0.047718,0.233421,0.793664,-0.168831,-0.139474,0.567574,0.953686,-0.183632,-0.046708,0.233625,0.954472,-0.179504,-0.047718,0.233421,1.000000,
0.954472,-0.179504,-0.047718,0.233421,0.793664,-0.168831,-0.139474,0.567574,0.955475,-0.174086,-0.049042,0.233146,0.954472,-0.179504,-0.047718,0.233421,1.000000,
0.954472,-0.179504,-0.047718,0.233421,0.793664,-0.168831,-0.139474,0.567574,0.953686,-0.183632,-0.046708,0.233625,0.954472,-0.179504,-0.047718,0.233421,1.000000,
0.954472,-0.179504,-0.047718,0.233421,0.793664,-0.168831,-0.139474,0.567574,0.955475,-0.174086,-0.049042,0.233146,0.954472,-0.179504,-0.047718,0.233421,1.000000,
0.954472,-0.179504,-0.047718,0.233421,0.793664,-0.168831,-0.139474,0.567574,0.953686,-0.183632,-0.046708,0.233625,0.954472,-0.179504,-0.047718,0.233421,1.000000,
0.954472,-0.179504,-0.047718,0.233421,0.793664,-0.168831,-0.139474,0.567574,0.955475,-0.174086,-0.049042,0.233146,0.954472,-0.179504,-0.047718,0.233421,1.000000,
0.954472,-0.179504,-0.047718,0.233421,0.793664,-0.168831,-0.139474,0.567574,0.953686,-0.183632,-0.046708,0.233625,0.954472,-0.179504,-0.047718,0.233421,1.000000,
0.954472,-0.179504,-0.047718,0.233421,0.793664,-0.168831,-0.139474,0.567574,0.955475,-0.174086,-0.049042,0.233146,0.954472,-0.179504,-0.047718,0.233421,1.000000,
0.954472,-0.179504,-0.047718,0.233421,0.793664,-0.168831,-0.139474,0.567574,0.953686,-0.183632,-0.046708,0.233625,0.954472,-0.179504,-0.047718,0.233421,1.000000,
0.954472,-0.179504,-0.047718,0.233421,0.793664,-0.168831,-0.139474,0.567574,0.955475,-0.174086,-0.049042,0.233146,0.954472,-0.179504,-0.047718,0.233421,1.000000,
0.954472,-0.179504,-0.047718,0.233421,0.793664,-0.168831,-0.139474,0.567574,0.953686,-0.183632,-0.046708,0.233625,0.954472,-0.179504,-0.047718,0.233421,1.000000,
0.954472,-0.179504,-0.047718,0.233421,0.793664,-0.168831,-0.139474,0.567574,0.955475,-0.174086,-0.049042,0.233146,0.954472,-0.179504,-0.047718,0.233421,1.000000,
0.954472,-0.179504,-0.047718,0.233421,0.793664,-0.168831,-0.139474,0.567574,0.953686,-0.183632,-0.046708,0.233625,0.954472,-0.179504,-0.047718,0.233421,1.000000,
0.954472,-0.179504,-0.047718,0.233421,0.793664,-0.168831,-0.139474,0.567574,0.955475,-0.174086,-0.049042,0.233146,0.954472,-0.179504,-0.047718,0.233421,1.000000,
0.954472,-0.179504,-0.047718,0.233421,0.793664,-0.168831,-0.139474,0.567574,0.953686,-0.183632,-0.046708,0.233625,0.954472,-0.179504,-0.047718,0.233421,1.000000,
0.954472,-0.179504,-0.047718,0.233421,0.793664,-0.168831,-0.139474,0.567574,0.955475,-0.174086,-0.049042,0.233146,0.954472,-0.179504,-0.047718,0.233421,1.000000,
0.954472,-0.179504,-0.047718,0.233421,0.793664,-0.168831,-0.139474,0.567574,0.953686,-0.183632,-0.046708,0.233625,0.954472,-0.179504,-0.047718,0.233421,1.000000,
0.954472,-0.179504,-0.047718,0.233421,0.793664,-0.168831,-0.139474,0.567574,0.955475,-0.174086,-0.049041,0.233146,0.954472,-0.179504,-0.047718,0.233421,1.000000,
0.954472,-0.179504,-0.047718,0.233421,0.793664,-0.168831,-0.139474,0.567574,0.953686,-0.183632,-0.046708,0.233625,0.954472,-0.179504,-0.047718,0.233421,1.000000,
0.954472,-0.179504,-0.047718,0.233421,0.793664,-0.168831,-0.139474,0.567574,0.955475,-0.174086,-0.049041,0.233146,0.954472,-0.179504,-0.047718,0.233421,1.000000,
0.954472,-0.179504,-0.047718,0.233421,0.793664,-0.168831,-0.139474,0.567574,0.953686,-0.183632,-0.046708,0.233625,0.954472,-0.179504,-0.047718,0.233421,1.000000,
0.954472,-0.179504,-0.047718,0.233421,0.793664,-0.168831,-0.139474,0.567574,0.955475,-0.174086,-0.049041,0.233146,0.954472,-0.179504,-0.047718,0.233421,1.000000,
0.954472,-0.179504,-0.047718,0.233421,0.793664,-0.168831,-0.139474,0.567574,0.953686,-0.183632,-0.046708,0.233625,0.954472,-0.179504,-0.047718,0.233421,1.000000,
0.954472,-0.179504,-0.047718,0.233421,0.793664,-0.168831,-0.139474,0.567574,0.955475,-0.174087,-0.049041,0.233146,0.954472,-0.179504,-0.047718,0.233421,1.000000,
0.954472,-0.179504,-0.047718,0.233421,0.793664,-0.168831,-0.139474,0.567574,0.953686,-0.183632,-0.046708,0.233625,0.954472,-0.179504,-0.047718,0.233421,1.000000,
0.954472,-0.179504,-0.047718,0.233421,0.793664,-0.168831,-0.139474,0.567574,0.955475,-0.174087,-0.049041,0.233146,0.954472,-0.179504,-0.047718,0.233421,1.000000,
0.954472,-0.179504,-0.047718,0.233421,0.793664,-0.168831,-0.139474,0.567574,0.953686,-0.183633,-0.046708,0.233625,0.954472,-0.179504,-0.047718,0.233421,1.000000,
0.954472,-0.179504,-0.047718,0.233421,0.793664,-0.168831,-0.139474,0.567574,0.955475,-0.174087,-0.049041,0.233146,0.954472,-0.179504,-0.047718,0.233421,1.000000,
0.954472,-0.179504,-0.047718,0.233421,0.793664,-0.168831,-0.139474,0.567574,0.953686,-0.183633,-0.046708,0.233625,0.954472,-0.179504,-0.047718,0.233421,1.000000,
0.954472,-0.179504,-0.047718,0.233421,0.793664,-0.168831,-0.139474,0.567574,0.955475,-0.174087,-0.049041,0.233146,0.954472,-0.179504,-0.047718,0.233421,1.000000,
0.954472,-0.179504,-0.047718,0.233421,0.793664,-0.168831,-0.139474,0.567574,0.953686,-0.183633,-0.046708,0.233625,0.954472,-0.179504,-0.047718,0.233421,1.000000,
0.954472,-0.179504,-0.047718,0.233421,0.793664,-0.168831,-0.139474,0.567574,0.955475,-0.174087,-0.049041,0.233146,0.954472,-0.179504,-0.047718,0.233421,1.000000,
0.954472,-0.179504,-0.047718,0.233421,0.793664,-0.168831,-0.139474,0.567574,0.953686,-0.183633,-0.046707,0.233625,0.954472,-0.179504,-0.047718,0.233421,1.000000,
0.954472,-0.179504,-0.047718,0.233421,0.793664,-0.168831,-0.139474,0.567574,0.955474,-0.174087,-0.049041,0.233146,0.954472,-0.179504,-0.047718,0.233421,1.000000,
0.954472,-0.179504,-0.047718,0.233421,0.793664,-0.168831,-0.139474,0.567574,0.953686,-0.183633,-0.046707,0.233625,0.954472,-0.179504,-0.047718,0.233421,1.000000,
0.954472,-0.179504,-0.047718,0.233421,0.793664,-0.168831,-0.139474,0.567574,0.955474,-0.174087,-0.049041,0.233146,0.954472,-0.179504,-0.047718,0.233421,1.000000,
0.954472,-0.179504,-0.047718,0.233421,0.793664,-0.168831,-0.139474,0.567574,0.953686,-0.183633,-0.046707,0.233625,0.954472,-0.179504,-0.047718,0.233421,1.000000,
0.954472,-0.179504,-0.047718,0.233421,0.793664,-0.168831,-0.139474,0.567574,0.955474,-0.174087,-0.049041,0.233146,0.954472,-0.179504,-0.047718,0.233421,1.000000,
0.954472,-0.179504,-0.047718,0.233421,0.793664,-0.168831,-0.139474,0.567574,0.953686,-0.183633,-0.046707,0.233625,0.954472,-0.179504,-0.047718,0.233421,1.000000,
0.954472,-0.179504,-0.047718,0.233421,0.793664,-0.168831,-0.139474,0.567574,0.955474,-0.174087,-0.049041,0.233146,0.954472,-0.179504,-0.047718,0.233421,1.000000,
0.954472,-0.179504,-0.047718,0.233421,0.793664,-0.168831,-0.139474,0.567574,0.953686,-0.183633,-0.046707,0.233625,0.954472,-0.179504,-0.047718,0.233421,1.000000,
0.954472,-0.179504,-0.047718,0.233421,0.793664,-0.168831,-0.139474,0.567574,0.955474,-0.174087,-0.049041,0.233146,0.954472,-0.179504,-0.047718,0.233421,1.000000,
0.954472,-0.179504,-0.047718,0.233421,0.793664,-0.168831,-0.139474,0.567574,0.953686,-0.183633,-0.046707,0.233625,0.954472,-0.179504,-0.047718,0.233421,1.000000,
0.954472,-0.179504,-0.047718,0.233421,0.793664,-0.168831,-0.139474,0.567574,0.955474,-0.174087,-0.049041,0.233146,0.954472,-0.179504,-0.047718,0.233421,1.000000,
0.954472,-0.179504,-0.047718,0.233421,0.793664,-0.168831,-0.139474,0.567574,0.953686,-0.183633,-0.046707,0.233625,0.954472,-0.179504,-0.047718,0.233421,1.000000,
0.954472,-0.179504,-0.047718,0.233421,0.793664,-0.168831,-0.139474,0.567574,0.955474,-0.174087,-0.049041,0.233146,0.954472,-0.179504,-0.047718,0.233421,1.000000,
0.954472,-0.179504,-0.047718,0.233421,0.793664,-0.168831,-0.139474,0.567574,0.953686,-0.183633,-0.046707,0.233625,0.954472,-0.179504,-0.047718,0.233421,1.000000,
0.954472,-0.179504,-0.047718,0.233421,0.793664,-0.168831,-0.139474,0.567574,0.955474,-0.174087,-0.049041,0.233146,0.954472,-0.179504,-0.047718,0.233421,1.000000,
0.954472,-0.179504,-0.047718,0.233421,0.793664,-0.168831,-0.139474,0.567574,0.953686,-0.183633,-0.046707,0.233625,0.954472,-0.179504,-0.047718,0.233421,1.000000,
0.954472,-0.179504,-0.047718,0.233421,0.793664,-0.168831,-0.139474,0.567574,0.955474,-0.174087,-0.049041,0.233146,0.954472,-0.179504,-0.047718,0.233421,1.000000,
0.954472,-0.179504,-0.047718,0.233421,0.793664,-0.168831,-0.139474,0.567574,0.953686,-0.183633,-0.046707,0.233625,0.954472,-0.179504,-0.047718,0.233421,1.000000,
0.954472,-0.179504,-0.047718,0.233421,0.793664,-0.168831,-0.139474,0.567574,0.955474,-0.174087,-0.049041,0.233146,0.954472,-0.179504,-0.047718,0.233421,1.000000,
0.954472,-0.179504,-0.047718,0.233421,0.793664,-0.168831,-0.139474,0.567574,0.953686,-0.183633,-0.046707,0.233625,0.954472,-0.179504,-0.047718,0.233421,1.000000,
0.954472,-0.179504,-0.047718,0.233421,0.793664,-0.168831,-0.139474,0.567574,0.955474,-0.174088,-0.049041,0.233146,0.954472,-0.179504,-0.047718,0.233421,1.000000,
0.954472,-0.179504,-0.047718,0.233421,0.793664,-0.168831,-0.139474,0.567574,0.953686,-0.183633,-0.046707,0.233625,0.954472,-0.179504,-0.047718,0.233421,1.000000,
0.954472,-0.179504,-0.047718,0.233421,0.793664,-0.168831,-0.139474,0.567574,0.955474,-0.174088,-0.049041,0.233146,0.954472,-0.179504,-0.047718,0.233421,1.000000,
0.954472,-0.179504,-0.047718,0.233421,0.793664,-0.168831,-0.139474,0.567574,0.953686,-0.183634,-0.046707,0.233625,0.954472,-0.179504,-0.047718,0.233421,1.000000,
0.954472,-0.179504,-0.047718,0.233421,0.793664,-0.168831,-0.139474,0.567574,0.955474,-0.174088,-0.049041,0.233146,0.954472,-0.179504,-0.047718,0.233421,1.000000,
0.954472,-0.179504,-0.047718,0.233421,0.793664,-0.168831,-0.139474,0.567574,0.953686,-0.183634,-0.046707,0.233625,0.954472,-0.179504,-0.047718,0.233421,1.000000,
0.954472,-0.179504,-0.047718,0.233421,0.793664,-0.168831,-0.139474,0.567574,0.955474,-0.174088,-0.049041,0.233146,0.954472,-0.179504,-0.047718,0.233421,1.000000,
0.954472,-0.179504,-0.047718,0.233421,0.793664,-0.168831,-0.139474,0.567574,0.953686,-0.183634,-0.046707,0.233625,0.954472,-0.179504,-0.047718,0.233421,1.000000,
0.954472,-0.179504,-0.047718,0.233421,0.793664,-0.168831,-0.139474,0.567574,0.955474,-0.174088,-0.049041,0.233146,0.954472,-0.179504,-0.047718,0.233421,1.000000,
0.954472,-0.179504,-0.047718,0.233421,0.793664,-0.168831,-0.139474,0.567574,0.953686,-0.183634,-0.046707,0.233625,0.954472,-0.179504,-0.047718,0.233421,1.000000,
0.954472,-0.179504,-0.047718,0.233421,0.793664,-0.168831,-0.139474,0.567574,0.955474,-0.174088,-0.049041,0.233146,0.954472,-0.179504,-0.047718,0.233421,1.000000,
0.954472,-0.179504,-0.047718,0.233421,0.793664,-0.168831,-0.139474,0.567574,0.953686,-0.183634,-0.046707,0.233625,0.954472,-0.179504,-0.047718,0.233421,1.000000,
0.954472,-0.179504,-0.047718,0.233421,0.793664,-0.168831,-0.139474,0.567574,0.955474,-0.174088,-0.049041,0.233146,0.954472,-0.179504,-0.047718,0.233421,1.000000,
0.954472,-0.179504,-0.047718,0.233421,0.793664,-0.168831,-0.139474,0.567574,0.953686,-0.183634,-0.046707,0.233625,0.954472,-0.179504,-0.047718,0.233421,1.000000,
0.954472,-0.179504,-0.047718,0.233421,0.793664,-0.168831,-0.139474,0.567574,0.955474,-0.174088,-0.049041,0.233146,0.954472,-0.179504,-0.047718,0.233421,1.000000,
0.954472,-0.179504,-0.047718,0.233421,0.793664,-0.168831,-0.139474,0.567574,0.953686,-0.183634,-0.046707,0.233625,0.954472,-0.179504,-0.047718,0.233421,1.000000,
0.954472,-0.179504,-0.047718,0.233421,0.793664,-0.168831,-0.139474,0.567574,0.955474,-0.174088,-0.049041,0.233146,0.954472,-0.179504,-0.047718,0.233421,1.000000,
0.954472,-0.179504,-0.047718,0.233421,0.793664,-0.168831,-0.139474,0.567574,0.953686,-0.183634,-0.046707,0.233625,0.954472,-0.179504,-0.047718,0.233421,1.000000,
0.954472,-0.179504,-0.047718,0.233421,0.793664,-0.168831,-0.139474,0.567574,0.955474,-0.174088,-0.049041,0.233146,0.954472,-0.179504,-0.047718,0.233421,1.000000,
0.954472,-0.179504,-0.047718,0.233421,0.793664,-0.168831,-0.139474,0.567574,0.953686,-0.183634,-0.046707,0.233625,0.954472,-0.179504,-0.047718,0.233421,1.000000,
0.954472,-0.179504,-0.047718,0.233421,0.793664,-0.168831,-0.139474,0.567574,0.955474,-0.174088,-0.049041,0.233146,0.954472,-0.179504,-0.047718,0.233421,1.000000,
0.954472,-0.179504,-0.047718,0.233421,0.793664,-0.168831,-0.139474,0.567574,0.953686,-0.183634,-0.046707,0.233625,0.954472,-0.179504,-0.047718,0.233421,1.000000,
0.954472,-0.179504,-0.047718,0.233421,0.793664,-0.168831,-0.139474,0.567574,0.955474,-0.174088,-0.049041,0.233146,0.954472,-0.179504,-0.047718,0.233421,1.000000,
0.954472,-0.179504,-0.047718,0.233421,0.793664,-0.168831,-0.139474,0.567574,0.953686,-0.183634,-0.046707,0.233625,0.954472,-0.179504,-0.047718,0.233421,1.000000,
0.954472,-0.179504,-0.047718,0.233421,0.793664,-0.168831,-0.139474,0.567574,0.955474,-0.174088,-0.049041,0.233146,0.954472,-0.179504,-0.047718,0.233421,1.000000,
0.954472,-0.179504,-0.047718,0.233421,0.793664,-0.168831,-0.139474,0.567574,0.953686,-0.183634,-0.046707,0.233625,0.954472,-0.179504,-0.047718,0.233421,1.000000,
0.954472,-0.179504,-0.047718,0.233421,0.793664,-0.168831,-0.139474,0.567574,0.955474,-0.174088,-0.049041,0.233146,0.954472,-0.179504,-0.047718,0.233421,1.000000,
0.954472,-0.179504,-0.047718,0.233421,0.793664,-0.168831,-0.139474,0.567574,0.953686,-0.183634,-0.046707,0.233625,0.954472,-0.179504,-0.047718,0.233421,1.000000,
0.954472,-0.179504,-0.047718,0.233421,0.793664,-0.168831,-0.139474,0.567574,0.955474,-0.174088,-0.049041,0.233146,0.954472,-0.179504,-0.047718,0.233421,1.000000,
0.954472,-0.179504,-0.047718,0.233421,0.793664,-0.168831,-0.139474,0.567574,0.953686,-0.183634,-0.046707,0.233625,0.954472,-0.179504,-0.047718,0.233421,1.000000,
0.954472,-0.179504,-0.047718,0.233421,0.793664,-0.168831,-0.139474,0.567574,0.955474,-0.174088,-0.049041,0.233146,0.954472,-0.179504,-0.047718,0.233421,1.000000,
0.954472,-0.179504,-0.047718,0.233421,0.793664,-0.168831,-0.139474,0.567574,0.953686,-0.183634,-0.046707,0.233625,0.954472,-0.179504,-0.047718,0.233421,1.000000,
0.954472,-0.179504,-0.047718,0.233421,0.793664,-0.168831,-0.139474,0.567574,0.955474,-0.174089,-0.049041,0.233146,0.954472,-0.179504,-0.047718,0.233421,1.000000,
0.954472,-0.179504,-0.047718,0.233421,0.793664,-0.168831,-0.139474,0.567574,0.953686,-0.183634,-0.046707,0.233625,0.954472,-0.179504,-0.047718,0.233421,1.000000,
0.954472,-0.179504,-0.047718,0.233421,0.793664,-0.168831,-0.139474,0.567574,0.955474,-0.174089,-0.049041,0.233146,0.954472,-0.179504,-0.047718,0.233421,1.000000,
0.954472,-0.179504,-0.047718,0.233421,0.793664,-0.168831,-0.139474,0.567574,0.953686,-0.183635,-0.046707,0.233625,0.954472,-0.179504,-0.047718,0.233421,1.000000,
0.954472,-0.179504,-0.047718,0.233421,0.793664,-0.168831,-0.139474,0.567574,0.955474,-0.174089,-0.049041,0.233146,0.954472,-0.179504,-0.047718,0.233421,1.000000,
0.954472,-0.179504,-0.047718,0.233421,0.793664,-0.168831,-0.139474,0.567574,0.953686,-0.183635,-0.046707,0.233625,0.954472,-0.179504,-0.047718,0.233421,1.000000,
0.954472,-0.179504,-0.047718,0.233421,0.793664,-0.168831,-0.139474,0.567574,0.955474,-0.174089,-0.049041,0.233146,0.954472,-0.179504,-0.047718,0.233421,1.000000,
0.954472,-0.179504,-0.047718,0.233421,0.793664,-0.168831,-0.139474,0.567574,0.953686,-0.183635,-0.046707,0.233625,0.954472,-0.179504,-0.047718,0.233421,1.000000,
0.954472,-0.179504,-0.047718,0.233421,0.793664,-0.168831,-0.139474,0.567574,0.955474,-0.174089,-0.049041,0.233146,0.954472,-0.179504,-0.047718,0.233421,1.000000,
0.954472,-0.179504,-0.047718,0.233421,0.793664,-0.168831,-0.139474,0.567574,0.953685,-0.183635,-0.046707,0.233625,0.954472,-0.179504,-0.047718,0.233421,1.000000,
0.954472,-0.179504,-0.047718,0.233421,0.793664,-0.168831,-0.139474,0.567574,0.955474,-0.174089,-0.049041,0.233146,0.954472,-0.179504,-0.047718,0.233421,1.000000,
0.954472,-0.179504,-0.047718,0.233421,0.793664,-0.168831,-0.139474,0.567574,0.953685,-0.183635,-0.046707,0.233625,0.954472,-0.179504,-0.047718,0.233421,1.000000,
0.954472,-0.179504,-0.047718,0.233421,0.793664,-0.168831,-0.139474,0.567574,0.955474,-0.174089,-0.049041,0.233146,0.954472,-0.179504,-0.047718,0.233421,1.000000,
0.954472,-0.179504,-0.047718,0.233421,0.793664,-0.168831,-0.139474,0.567574,0.953685,-0.183635,-0.046707,0.233625,0.954472,-0.179504,-0.047718,0.233421,1.000000,
0.954472,-0.179504,-0.047718,0.233421,0.793664,-0.168831,-0.139474,0.567574,0.955474,-0.174089,-0.049041,0.233146,0.954472,-0.179504,-0.047718,0.233421,1.000000,
0.954472,-0.179504,-0.047718,0.233421,0.793664,-0.168831,-0.139474,0.567574,0.953685,-0.183635,-0.046707,0.233625,0.954472,-0.179504,-0.047718,0.233421,1.000000,
0.954472,-0.179504,-0.047718,0.233421,0.793664,-0.168831,-0.139474,0.567574,0.955474,-0.174089,-0.049041,0.233146,0.954472,-0.179504,-0.047718,0.233421,1.000000,
0.954472,-0.179504,-0.047718,0.233421,0.793664,-0.168831,-0.139474,0.567574,0.953685,-0.183635,-0.046707,0.233625,0.954472,-0.179504,-0.047718,0.233421,1.000000,
0.954472,-0.179504,-0.047718,0.233421,0.793664,-0.168831,-0.139474,0.567574,0.955474,-0.174089,-0.049041,0.233146,0.954472,-0.179504,-0.047718,0.233421,1.000000,
0.954472,-0.179504,-0.047718,0.233421,0.793664,-0.168831,-0.139474,0.567574,0.953685,-0.183635,-0.046707,0.233625,0.954472,-0.179504,-0.047718,0.233421,1.000000,
0.954472,-0.179504,-0.047718,0.233421,0.793664,-0.168831,-0.139474,0.567574,0.955474,-0.174089,-0.049041,0.233146,0.954472,-0.179504,-0.047718,0.233421,1.000000,
0.954472,-0.179504,-0.047718,0.233421,0.793664,-0.168831,-0.139474,0.567574,0.953685,-0.183635,-0.046707,0.233625,0.954472,-0.179504,-0.047718,0.233421,1.000000,
0.954472,-0.179504,-0.047718,0.233421,0.793664,-0.168831,-0.139474,0.567574,0.955474,-0.174089,-0.049041,0.233146,0.954472,-0.179504,-0.047718,0.233421,1.000000,
0.954472,-0.179504,-0.047718,0.233421,0.793664,-0.168831,-0.139474,0.567574,0.953685,-0.183635,-0.046707,0.233625,0.954472,-0.179504,-0.047718,0.233421,1.000000,
0.954472,-0.179504,-0.047718,0.233421,0.793664,-0.168831,-0.139474,0.567574,0.955474,-0.174089,-0.049041,0.233146,0.954472,-0.179504,-0.047718,0.233421,1.000000,
0.954472,-0.179504,-0.047718,0.233421,0.793664,-0.168831,-0.139474,0.567574,0.953685,-0.183635,-0.046707,0.233625,0.954472,-0.179504,-0.047718,0.233421,1.000000,
0.954472,-0.179504,-0.047718,0.233421,0.793664,-0.168831,-0.139474,0.567574,0.955474,-0.174089,-0.049041,0.233146,0.954472,-0.179504,-0.047718,0.233421,1.000000,
0.954472,-0.179504,-0.047718,0.233421,0.793664,-0.168831,-0.139474,0.567574,0.953685,-0.183635,-0.046707,0.233625,0.954472,-0.179504,-0.047718,0.233421,1.000000,
0.954472,-0.179504,-0.047718,0.233421,0.793664,-0.168831,-0.139474,0.567574,0.955474,-0.174089,-0.049041,0.233146,0.954472,-0.179504,-0.047718,0.233421,1.000000,
0.954472,-0.179504,-0.047718,0.233421,0.793664,-0.168831,-0.139474,0.567574,0.953685,-0.183635,-0.046707,0.233625,0.954472,-0.179504,-0.047718,0.233421,1.000000,
0.954472,-0.179504,-0.047718,0.233421,0.793664,-0.168831,-0.139474,0.567574,0.955474,-0.174089,-0.049041,0.233146,0.954472,-0.179504,-0.047718,0.233421,1.000000,
0.954472,-0.179504,-0.047718,0.233421,0.793664,-0.168831,-0.139474,0.567574,0.953685,-0.183635,-0.046707,0.233625,0.954472,-0.179504,-0.047718,0.233421,1.000000,
0.954472,-0.179504,-0.047718,0.233421,0.793664,-0.168831,-0.139474,0.567574,0.955474,-0.174090,-0.049041,0.233146,0.954472,-0.179504,-0.047718,0.233421,1.000000,
0.954472,-0.179504,-0.047718,0.233421,0.793664,-0.168831,-0.139474,0.567574,0.953685,-0.183636,-0.046707,0.233625,0.954472,-0.179504,-0.047718,0.233421,1.000000,
0.954472,-0.179504,-0.047718,0.233421,0.793664,-0.168831,-0.139474,0.567574,0.955474,-0.174090,-0.049041,0.233146,0.954472,-0.179504,-0.047718,0.233421,1.000000,
0.954472,-0.179504,-0.047718,0.233421,0.793664,-0.168831,-0.139474,0.567574,0.953685,-0.183636,-0.046707,0.233625,0.954472,-0.179504,-0.047718,0.233421,1.000000,
0.954472,-0.179504,-0.047718,0.233421,0.793664,-0.168831,-0.139474,0.567574,0.955474,-0.174090,-0.049041,0.233146,0.954472,-0.179504,-0.047718,0.233421,1.000000,
0.954472,-0.179504,-0.047718,0.233421,0.793664,-0.168831,-0.139474,0.567574,0.953685,-0.183636,-0.046707,0.233625,0.954472,-0.179504,-0.047718,0.233421,1.000000,
0.954472,-0.179504,-0.047718,0.233421,0.793664,-0.168831,-0.139474,0.567574,0.955474,-0.174090,-0.049041,0.233146,0.954472,-0.179504,-0.047718,0.233421,1.000000,
0.954472,-0.179504,-0.047718,0.233421,0.793664,-0.168831,-0.139474,0.567574,0.953685,-0.183636,-0.046707,0.233625,0.954472,-0.179504,-0.047718,0.233421,1.000000,
0.954472,-0.179504,-0.047718,0.233421,0.793664,-0.168831,-0.139474,0.567574,0.955474,-0.174090,-0.049041,0.233146,0.954472,-0.179504,-0.047718,0.233421,1.000000,
0.954472,-0.179504,-0.047718,0.233421,0.793664,-0.168831,-0.139474,0.567574,0.953685,-0.183636,-0.046707,0.233625,0.954472,-0.179504,-0.047718,0.233421,1.000000,
0.954472,-0.179504,-0.047718,0.233421,0.793664,-0.168831,-0.139474,0.567574,0.955474,-0.174090,-0.049041,0.233146,0.954472,-0.179504,-0.047718,0.233421,1.000000,
0.954472,-0.179504,-0.047718,0.233421,0.793664,-0.168831,-0.139474,0.567574,0.953685,-0.183636,-0.046707,0.233625,0.954472,-0.179504,-0.047718,0.233421,1.000000,
0.954472,-0.179504,-0.047718,0.233421,0.793664,-0.168831,-0.139474,0.567574,0.955474,-0.174090,-0.049041,0.233146,0.954472,-0.179504,-0.047718,0.233421,1.000000,
0.954472,-0.179504,-0.047718,0.233421,0.793664,-0.168831,-0.139474,0.567574,0.953685,-0.183636,-0.046707,0.233625,0.954472,-0.179504,-0.047718,0.233421,1.000000,
0.954472,-0.179504,-0.047718,0.233421,0.793664,-0.168831,-0.139474,0.567574,0.955474,-0.174090,-0.049041,0.233146,0.954472,-0.179504,-0.047718,0.233421,1.000000,
0.954472,-0.179504,-0.047718,0.233421,0.793664,-0.168831,-0.139474,0.567574,0.953685,-0.183636,-0.046707,0.233625,0.954472,-0.179504,-0.047718,0.233421,1.000000,
0.954472,-0.179504,-0.047718,0.233421,0.793664,-0.168831,-0.139474,0.567574,0.955474,-0.174090,-0.049041,0.233146,0.954472,-0.179504,-0.047718,0.233421,1.000000,
0.954472,-0.179504,-0.047718,0.233421,0.793664,-0.168831,-0.139474,0.567574,0.953685,-0.183636,-0.046707,0.233625,0.954472,-0.179504,-0.047718,0.233421,1.000000,
0.954472,-0.179504,-0.047718,0.233421,0.793664,-0.168831,-0.139474,0.567574,0.955474,-0.174090,-0.049041,0.233146,0.954472,-0.179504,-0.047718,0.233421,1.000000,
0.954472,-0.179504,-0.047718,0.233421,0.793664,-0.168831,-0.139474,0.567574,0.953685,-0.183636,-0.046707,0.233625,0.954472,-0.179504,-0.047718,0.233421,1.000000,
0.954472,-0.179504,-0.047718,0.233421,0.793664,-0.168831,-0.139474,0.567574,0.955474,-0.174090,-0.049041,0.233146,0.954472,-0.179504,-0.047718,0.233421,1.000000,
0.954472,-0.179504,-0.047718,0.233421,0.793664,-0.168831,-0.139474,0.567574,0.953685,-0.183636,-0.046707,0.233625,0.954472,-0.179504,-0.047718,0.233421,1.000000,
0.954472,-0.179504,-0.047718,0.233421,0.793664,-0.168831,-0.139474,0.567574,0.955474,-0.174090,-0.049041,0.233146,0.954472,-0.179504,-0.047718,0.233421,1.000000,
0.954472,-0.179504,-0.047718,0.233421,0.793664,-0.168831,-0.139474,0.567574,0.953685,-0.183636,-0.046707,0.233625,0.954472,-0.179504,-0.047718,0.233421,1.000000,
0.954472,-0.179504,-0.047718,0.233421,0.793664,-0.168831,-0.139474,0.567574,0.955474,-0.174090,-0.049041,0.233146,0.954472,-0.179504,-0.047718,0.233421,1.000000,
0.954472,-0.179504,-0.047718,0.233421,0.793664,-0.168831,-0.139474,0.567574,0.953685,-0.183636,-0.046707,0.233625,0.954472,-0.179504,-0.047718,0.233421,1.000000,
0.954472,-0.179504,-0.047718,0.233421,0.793664,-0.168831,-0.139474,0.567574,0.955474,-0.174090,-0.049041,0.233146,0.954472,-0.179504,-0.047718,0.233421,1.000000,
0.954472,-0.179504,-0.047718,0.233421,0.793664,-0.168831,-0.139474,0.567574,0.953685,-0.183636,-0.046707,0.233625,0.954472,-0.179504,-0.047718,0.233421,1.000000,
0.954472,-0.179504,-0.047718,0.233421,0.793664,-0.168831,-0.139474,0.567574,0.955474,-0.174090,-0.049040,0.233146,0.954472,-0.179504,-0.047718,0.233421,1.000000,
0.954472,-0.179504,-0.047718,0.233421,0.793664,-0.168831,-0.139474,0.567574,0.953685,-0.183636,-0.046707,0.233625,0.954472,-0.179504,-0.047718,0.233421,1.000000,
0.954472,-0.179504,-0.047718,0.233421,0.793664,-0.168831,-0.139474,0.567574,0.955474,-0.174091,-0.049040,0.233146,0.954472,-0.179504,-0.047718,0.233421,1.000000,
0.954472,-0.179504,-0.047718,0.233421,0.793664,-0.168831,-0.139474,0.567574,0.953685,-0.183636,-0.046707,0.233625,0.954472,-0.179504,-0.047718,0.233421,1.000000,
0.954472,-0.179504,-0.047718,0.233421,0.793664,-0.168831,-0.139474,0.567574,0.955474,-0.174091,-0.049040,0.233147,0.954472,-0.179504,-0.047718,0.233421,1.000000,
0.954472,-0.179504,-0.047718,0.233421,0.793664,-0.168831,-0.139474,0.567574,0.953685,-0.183637,-0.046707,0.233625,0.954472,-0.179504,-0.047718,0.233421,1.000000,
0.954472,-0.179504,-0.047718,0.233421,0.793664,-0.168831,-0.139474,0.567574,0.955474,-0.174091,-0.049040,0.233147,0.954472,-0.179504,-0.047718,0.233421,1.000000,
0.954472,-0.179504,-0.047718,0.233421,0.793664,-0.168831,-0.139474,0.567574,0.953685,-0.183637,-0.046707,0.233625,0.954472,-0.179504,-0.047718,0.233421,1.000000,
0.954472,-0.179504,-0.047718,0.233421,0.793664,-0.168831,-0.139474,0.567574,0.955474,-0.174091,-0.049040,0.233147,0.954472,-0.179504,-0.047718,0.233421,1.000000,
0.954472,-0.179504,-0.047718,0.233421,0.793664,-0.168831,-0.139474,0.567574,0.953685,-0.183637,-0.046707,0.233625,0.954472,-0.179504,-0.047718,0.233421,1.000000,
0.954472,-0.179504,-0.047718,0.233421,0.793664,-0.168831,-0.139474,0.567574,0.955474,-0.174091,-0.049040,0.233147,0.954472,-0.179504,-0.047718,0.233421,1.000000,
0.954472,-0.179504,-0.047718,0.233421,0.793664,-0.168831,-0.139474,0.567574,0.953685,-0.183637,-0.046707,0.233625,0.954472,-0.179504,-0.047718,0.233421,1.000000,
0.954472,-0.179504,-0.047718,0.233421,0.793664,-0.168831,-0.139474,0.567574,0.955474,-0.174091,-0.049040,0.233147,0.954472,-0.179504,-0.047718,0.233421,1.000000,
0.954472,-0.179504,-0.047718,0.233421,0.793664,-0.168831,-0.139474,0.567574,0.953685,-0.183637,-0.046707,0.233625,0.954472,-0.179504,-0.047718,0.233421,1.000000,
0.954472,-0.179504,-0.047718,0.233421,0.793664,-0.168831,-0.139474,0.567574,0.955474,-0.174091,-0.049040,0.233147,0.954472,-0.179504,-0.047718,0.233421,1.000000,
0.954472,-0.179504,-0.047718,0.233421,0.793664,-0.168831,-0.139474,0.567574,0.953685,-0.183637,-0.046706,0.233625,0.954472,-0.179504,-0.047718,0.233421,1.000000,
0.954472,-0.179504,-0.047718,0.233421,0.793664,-0.168831,-0.139474,0.567574,0.955474,-0.174091,-0.049040,0.233147,0.954472,-0.179504,-0.047718,0.233421,1.000000,
0.954472,-0.179504,-0.047718,0.233421,0.793664,-0.168831,-0.139474,0.567574,0.953685,-0.183637,-0.046706,0.233625,0.954472,-0.179504,-0.047718,0.233421,1.000000,
0.954472,-0.179504,-0.047718,0.233421,0.793664,-0.168831,-0.139474,0.567574,0.955474,-0.174091,-0.049040,0.233147,0.954472,-0.179504,-0.047718,0.233421,1.000000,
0.954472,-0.179504,-0.047718,0.233421,0.793664,-0.168831,-0.139474,0.567574,0.953685,-0.183637,-0.046706,0.233625,0.954472,-0.179504,-0.047718,0.233421,1.000000,
0.954472,-0.179504,-0.047718,0.233421,0.793664,-0.168831,-0.139474,0.567574,0.955474,-0.174091,-0.049040,0.233147,0.954472,-0.179504,-0.047718,0.233421,1.000000,
0.954472,-0.179504,-0.047718,0.233421,0.793664,-0.168831,-0.139474,0.567574,0.953685,-0.183637,-0.046706,0.233625,0.954472,-0.179504,-0.047718,0.233421,1.000000,
0.954472,-0.179504,-0.047718,0.233421,0.793664,-0.168831,-0.139474,0.567574,0.955474,-0.174091,-0.049040,0.233147,0.954472,-0.179504,-0.047718,0.233421,1.000000,
0.954472,-0.179504,-0.047718,0.233421,0.793664,-0.168831,-0.139474,0.567574,0.953685,-0.183637,-0.046706,0.233625,0.954472,-0.179504,-0.047718,0.233421,1.000000,
0.954472,-0.179504,-0.047718,0.233421,0.793664,-0.168831,-0.139474,0.567574,0.955474,-0.174091,-0.049040,0.233147,0.954472,-0.179504,-0.047718,0.233421,1.000000,
0.954472,-0.179504,-0.047718,0.233421,0.793664,-0.168831,-0.139474,0.567574,0.953685,-0.183637,-0.046706,0.233625,0.954472,-0.179504,-0.047718,0.233421,1.000000,
0.954472,-0.179504,-0.047718,0.233421,0.793664,-0.168831,-0.139474,0.567574,0.955474,-0.174091,-0.049040,0.233147,0.954472,-0.179504,-0.047718,0.233421,1.000000,
0.954472,-0.179504,-0.047718,0.233421,0.793664,-0.168831,-0.139474,0.567574,0.953685,-0.183637,-0.046706,0.233625,0.954472,-0.179504,-0.047718,0.233421,1.000000,
0.954472,-0.179504,-0.047718,0.233421,0.793664,-0.168831,-0.139474,0.567574,0.955474,-0.174091,-0.049040,0.233147,0.954472,-0.179504,-0.047718,0.233421,1.000000,
0.954472,-0.179504,-0.047718,0.233421,0.793664,-0.168831,-0.139474,0.567574,0.953685,-0.183637,-0.046706,0.233625,0.954472,-0.179504,-0.047718,0.233421,1.000000,
0.954472,-0.179504,-0.047718,0.233421,0.793664,-0.168831,-0.139474,0.567574,0.955474,-0.174091,-0.049040,0.233147,0.954472,-0.179504,-0.047718,0.233421,1.000000,
0.954472,-0.179504,-0.047718,0.233421,0.793664,-0.168831,-0.139474,0.567574,0.953685,-0.183637,-0.046706,0.233625,0.954472,-0.179504,-0.047718,0.233421,1.000000,
0.954472,-0.179504,-0.047718,0.233421,0.793664,-0.168831,-0.139474,0.567574,0.955474,-0.174091,-0.049040,0.233147,0.954472,-0.179504,-0.047718,0.233421,1.000000,
0.954472,-0.179504,-0.047718,0.233421,0.793664,-0.168831,-0.139474,0.567574,0.953685,-0.183637,-0.046706,0.233625,0.954472,-0.179504,-0.047718,0.233421,1.000000,
0.954472,-0.179504,-0.047718,0.233421,0.793664,-0.168831,-0.139474,0.567574,0.955474,-0.174092,-0.049040,0.233147,0.954472,-0.179504,-0.047718,0.233421,1.000000,
0.954472,-0.179504,-0.047718,0.233421,0.793664,-0.168831,-0.139474,0.567574,0.953685,-0.183637,-0.046706,0.233625,0.954472,-0.179504,-0.047718,0.233421,1.000000,
0.954472,-0.179504,-0.047718,0.233421,0.793664,-0.168831,-0.139474,0.567574,0.955474,-0.174092,-0.049040,0.233147,0.954472,-0.179504,-0.047718,0.233421,1.000000,
0.954472,-0.179504,-0.047718,0.233421,0.793664,-0.168831,-0.139474,0.567574,0.953685,-0.183638,-0.046706,0.233625,0.954472,-0.179504,-0.047718,0.233421,1.000000,
0.954472,-0.179504,-0.047718,0.233421,0.793664,-0.168831,-0.139474,0.567574,0.955474,-0.174092,-0.049040,0.233147,0.954472,-0.179504,-0.047718,0.233421,1.000000,
0.954472,-0.179504,-0.047718,0.233421,0.793664,-0.168831,-0.139474,0.567574,0.953685,-0.183638,-0.046706,0.233625,0.954472,-0.179504,-0.047718,0.233421,1.000000,
0.954472,-0.179504,-0.047718,0.233421,0.793664,-0.168831,-0.139474,0.567574,0.955474,-0.174092,-0.049040,0.233147,0.954472,-0.179504,-0.047718,0.233421,1.000000,
0.954472,-0.179504,-0.047718,0.233421,0.793664,-0.168831,-0.139474,0.567574,0.953685,-0.183638,-0.046706,0.233625,0.954472,-0.179504,-0.047718,0.233421,1.000000,
0.954472,-0.179504,-0.047718,0.233421,0.793664,-0.168831,-0.139474,0.567574,0.955474,-0.174092,-0.049040,0.233147,0.954472,-0.179504,-0.047718,0.233421,1.000000,
0.954472,-0.179504,-0.047718,0.233421,0.793664,-0.168831,-0.139474,0.567574,0.953685,-0.183638,-0.046706,0.233625,0.954472,-0.179504,-0.047718,0.233421,1.000000,
0.954472,-0.179504,-0.047718,0.233421,0.793664,-0.168831,-0.139474,0.567574,0.955474,-0.174092,-0.049040,0.233147,0.954472,-0.179504,-0.047718,0.233421,1.000000,
0.954472,-0.179504,-0.047718,0.233421,0.793664,-0.168831,-0.139474,0.567574,0.953685,-0.183638,-0.046706,0.233625,0.954472,-0.179504,-0.047718,0.233421,1.000000,
0.954472,-0.179504,-0.047718,0.233421,0.793664,-0.168831,-0.139474,0.567574,0.955474,-0.174092,-0.049040,0.233147,0.954472,-0.179504,-0.047718,0.233421,1.000000,
0.954472,-0.179504,-0.047718,0.233421,0.793664,-0.168831,-0.139474,0.567574,0.953685,-0.183638,-0.046706,0.233625,0.954472,-0.179504,-0.047718,0.233421,1.000000,
0.954472,-0.179504,-0.047718,0.233421,0.793664,-0.168831,-0.139474,0.567574,0.955474,-0.174092,-0.049040,0.233147,0.954472,-0.179504,-0.047718,0.233421,1.000000,
0.954472,-0.179504,-0.047718,0.233421,0.793664,-0.168831,-0.139474,0.567574,0.953685,-0.183638,-0.046706,0.233625,0.954472,-0.179504,-0.047718,0.233421,1.000000,
0.954472,-0.179504,-0.047718,0.233421,0.793664,-0.168831,-0.139474,0.567574,0.955474,-0.174092,-0.049040,0.233147,0.954472,-0.179504,-0.047718,0.233421,1.000000,
0.954472,-0.179504,-0.047718,0.233421,0.793664,-0.168831,-0.139474,0.567574,0.953685,-0.183638,-0.046706,0.233625,0.954472,-0.179504,-0.047718,0.233421,1.000000,
0.954472,-0.179504,-0.047718,0.233421,0.793664,-0.168831,-0.139474,0.567574,0.955474,-0.174092,-0.049040,0.233147,0.954472,-0.179504,-0.047718,0.233421,1.000000,
0.954472,-0.179504,-0.047718,0.233421,0.793664,-0.168831,-0.139474,0.567574,0.953685,-0.183638,-0.046706,0.233625,0.954472,-0.179504,-0.047718,0.233421,1.000000,
0.954472,-0.179504,-0.047718,0.233421,0.793664,-0.168831,-0.139474,0.567574,0.955474,-0.174092,-0.049040,0.233147,0.954472,-0.179504,-0.047718,0.233421,1.000000,
0.954472,-0.179504,-0.047718,0.233421,0.793664,-0.168831,-0.139474,0.567574,0.953685,-0.183638,-0.046706,0.233625,0.954472,-0.179504,-0.047718,0.233421,1.000000,
0.954472,-0.179504,-0.047718,0.233421,0.793664,-0.168831,-0.139474,0.567574,0.955474,-0.174092,-0.049040,0.233147,0.954472,-0.179504,-0.047718,0.233421,1.000000,
0.954472,-0.179504,-0.047718,0.233421,0.793664,-0.168831,-0.139474,0.567574,0.953685,-0.183638,-0.046706,0.233625,0.954472,-0.179504,-0.047718,0.233421,1.000000,
0.954472,-0.179504,-0.047718,0.233421,0.793664,-0.168831,-0.139474,0.567574,0.955474,-0.174092,-0.049040,0.233147,0.954472,-0.179504,-0.047718,0.233421,1.000000,
0.954472,-0.179504,-0.047718,0.233421,0.793664,-0.168831,-0.139474,0.567574,0.953685,-0.183638,-0.046706,0.233625,0.954472,-0.179504,-0.047718,0.233421,1.000000,
0.954472,-0.179504,-0.047718,0.233421,0.793664,-0.168831,-0.139474,0.567574,0.955473,-0.174092,-0.049040,0.233147,0.954472,-0.179504,-0.047718,0.233421,1.000000,
0.954472,-0.179504,-0.047718,0.233421,0.793664,-0.168831,-0.139474,0.567574,0.953685,-0.183638,-0.046706,0.233625,0.954472,-0.179504,-0.047718,0.233421,1.000000,
0.954472,-0.179504,-0.047718,0.233421,0.793664,-0.168831,-0.139474,0.567574,0.955473,-0.174092,-0.049040,0.233147,0.954472,-0.179504,-0.047718,0.233421,1.000000,
0.954472,-0.179504,-0.047718,0.233421,0.793664,-0.168831,-0.139474,0.567574,0.953685,-0.183638,-0.046706,0.233625,0.954472,-0.179504,-0.047718,0.233421,1.000000,
0.954472,-0.179504,-0.047718,0.233421,0.793664,-0.168831,-0.139474,0.567574,0.955473,-0.174092,-0.049040,0.233147,0.954472,-0.179504,-0.047718,0.233421,1.000000,
0.954472,-0.179504,-0.047718,0.233421,0.793664,-0.168831,-0.139474,0.567574,0.953685,-0.183638,-0.046706,0.233625,0.954472,-0.179504,-0.047718,0.233421,1.000000,
0.954472,-0.179504,-0.047718,0.233421,0.793664,-0.168831,-0.139474,0.567574,0.955473,-0.174093,-0.049040,0.233147,0.954472,-0.179504,-0.047718,0.233421,1.000000,
0.954472,-0.179504,-0.047718,0.233421,0.793664,-0.168831,-0.139474,0.567574,0.953685,-0.183639,-0.046706,0.233625,0.954472,-0.179504,-0.047718,0.233421,1.000000,
0.954472,-0.179504,-0.047718,0.233421,0.793664,-0.168831,-0.139474,0.567574,0.955473,-0.174093,-0.049040,0.233147,0.954472,-0.179504,-0.047718,0.233421,1.000000,
0.954472,-0.179504,-0.047718,0.233421,0.793664,-0.168831,-0.139474,0.567574,0.953685,-0.183639,-0.046706,0.233625,0.954472,-0.179504,-0.047718,0.233421,1.000000,
0.954472,-0.179504,-0.047718,0.233421,0.793664,-0.168831,-0.139474,0.567574,0.955473,-0.174093,-0.049040,0.233147,0.954472,-0.179504,-0.047718,0.233421,1.000000,
0.954472,-0.179504,-0.047718,0.233421,0.793664,-0.168831,-0.139474,0.567574,0.953685,-0.183639,-0.046706,0.233625,0.954472,-0.179504,-0.047718,0.233421,1.000000,
0.954472,-0.179504,-0.047718,0.233421,0.793664,-0.168831,-0.139474,0.567574,0.955473,-0.174093,-0.049040,0.233147,0.954472,-0.179504,-0.047718,0.233421,1.000000,
0.954472,-0.179504,-0.047718,0.233421,0.793664,-0.168831,-0.139474,0.567574,0.953685,-0.183639,-0.046706,0.233625,0.954472,-0.179504,-0.047718,0.233421,1.000000,
0.954472,-0.179504,-0.047718,0.233421,0.793664,-0.168831,-0.139474,0.567574,0.955473,-0.174093,-0.049040,0.233147,0.954472,-0.179504,-0.047718,0.233421,1.000000,
0.954472,-0.179504,-0.047718,0.233421,0.793664,-0.168831,-0.139474,0.567574,0.953685,-0.183639,-0.046706,0.233625,0.954472,-0.179504,-0.047718,0.233421,1.000000,
0.954472,-0.179504,-0.047718,0.233421,0.793664,-0.168831,-0.139474,0.567574,0.955473,-0.174093,-0.049040,0.233147,0.954472,-0.179504,-0.047718,0.233421,1.000000,
0.954472,-0.179504,-0.047718,0.233421,0.793664,-0.168831,-0.139474,0.567574,0.953685,-0.183639,-0.046706,0.233625,0.954472,-0.179504,-0.047718,0.233421,1.000000,
0.954472,-0.179504,-0.047718,0.233421,0.793664,-0.168831,-0.139474,0.567574,0.955473,-0.174093,-0.049040,0.233147,0.954472,-0.179504,-0.047718,0.233421,1.000000,
0.954472,-0.179504,-0.047718,0.233421,0.793664,-0.168831,-0.139474,0.567574,0.953685,-0.183639,-0.046706,0.233625,0.954472,-0.179504,-0.047718,0.233421,1.000000,
0.954472,-0.179504,-0.047718,0.233421,0.793664,-0.168831,-0.139474,0.567574,0.955473,-0.174093,-0.049040,0.233147,0.954472,-0.179504,-0.047718,0.233421,1.000000,
0.954472,-0.179504,-0.047718,0.233421,0.793664,-0.168831,-0.139474,0.567574,0.953685,-0.183639,-0.046706,0.233625,0.954472,-0.179504,-0.047718,0.233421,1.000000,
0.954472,-0.179504,-0.047718,0.233421,0.793664,-0.168831,-0.139474,0.567574,0.955473,-0.174093,-0.049040,0.233147,0.954472,-0.179504,-0.047718,0.233421,1.000000,
0.954472,-0.179504,-0.047718,0.233421,0.793664,-0.168831,-0.139474,0.567574,0.953685,-0.183639,-0.046706,0.233625,0.954472,-0.179504,-0.047718,0.233421,1.000000,
0.954472,-0.179504,-0.047718,0.233421,0.793664,-0.168831,-0.139474,0.567574,0.955473,-0.174093,-0.049040,0.233147,0.954472,-0.179504,-0.047718,0.233421,1.000000,
0.954472,-0.179504,-0.047718,0.233421,0.793664,-0.168831,-0.139474,0.567574,0.953685,-0.183639,-0.046706,0.233625,0.954472,-0.179504,-0.047718,0.233421,1.000000,
0.954472,-0.179504,-0.047718,0.233421,0.793664,-0.168831,-0.139474,0.567574,0.955473,-0.174093,-0.049040,0.233147,0.954472,-0.179504,-0.047718,0.233421,1.000000,
0.954472,-0.179504,-0.047718,0.233421,0.793664,-0.168831,-0.139474,0.567574,0.953685,-0.183639,-0.046706,0.233625,0.954472,-0.179504,-0.047718,0.233421,1.000000,
0.954472,-0.179504,-0.047718,0.233421,0.793664,-0.168831,-0.139474,0.567574,0.955473,-0.174093,-0.049040,0.233147,0.954472,-0.179504,-0.047718,0.233421,1.000000,
0.954472,-0.179504,-0.047718,0.233421,0.793664,-0.168831,-0.139474,0.567574,0.953685,-0.183639,-0.046706,0.233625,0.954472,-0.179504,-0.047718,0.233421,1.000000,
0.954472,-0.179504,-0.047718,0.233421,0.793664,-0.168831,-0.139474,0.567574,0.955473,-0.174093,-0.049040,0.233147,0.954472,-0.179504,-0.047718,0.233421,1.000000,
0.954472,-0.179504,-0.047718,0.233421,0.793664,-0.168831,-0.139474,0.567574,0.953685,-0.183639,-0.046706,0.233625,0.954472,-0.179504,-0.047718,0.233421,1.000000,
0.954472,-0.179504,-0.047718,0.233421,0.793664,-0.168831,-0.139474,0.567574,0.955473,-0.174093,-0.049040,0.233147,0.954472,-0.179504,-0.047718,0.233421,1.000000,
0.954472,-0.179504,-0.047718,0.233421,0.793664,-0.168831,-0.139474,0.567574,0.953685,-0.183639,-0.046706,0.233625,0.954472,-0.179504,-0.047718,0.233421,1.000000,
0.954472,-0.179504,-0.047718,0.233421,0.793664,-0.168831,-0.139474,0.567574,0.955473,-0.174093,-0.049040,0.233147,0.954472,-0.179504,-0.047718,0.233421,1.000000,
0.954472,-0.179504,-0.047718,0.233421,0.793664,-0.168831,-0.139474,0.567574,0.953685,-0.183639,-0.046706,0.233625,0.954472,-0.179504,-0.047718,0.233421,1.000000,
0.954472,-0.179504,-0.047718,0.233421,0.793664,-0.168831,-0.139474,0.567574,0.955473,-0.174094,-0.049040,0.233147,0.954472,-0.179504,-0.047718,0.233421,1.000000,
0.954472,-0.179504,-0.047718,0.233421,0.793664,-0.168831,-0.139474,0.567574,0.953685,-0.183639,-0.046706,0.233625,0.954472,-0.179504,-0.047718,0.233421,1.000000,
0.954472,-0.179504,-0.047718,0.233421,0.793664,-0.168831,-0.139474,0.567574,0.955473,-0.174094,-0.049040,0.233147,0.954472,-0.179504,-0.047718,0.233421,1.000000,
0.954472,-0.179504,-0.047718,0.233421,0.793664,-0.168831,-0.139474,0.567574,0.953685,-0.183640,-0.046706,0.233625,0.954472,-0.179504,-0.047718,0.233421,1.000000,
0.954472,-0.179504,-0.047718,0.233421,0.793664,-0.168831,-0.139474,0.567574,0.955473,-0.174094,-0.049040,0.233147,0.954472,-0.179504,-0.047718,0.233421,1.000000,
0.954472,-0.179504,-0.047718,0.233421,0.793664,-0.168831,-0.139474,0.567574,0.953685,-0.183640,-0.046706,0.233625,0.954472,-0.179504,-0.047718,0.233421,1.000000,
0.954472,-0.179504,-0.047718,0.233421,0.793664,-0.168831,-0.139474,0.567574,0.955473,-0.174094,-0.049040,0.233147,0.954472,-0.179504,-0.047718,0.233421,1.000000,
0.954472,-0.179504,-0.047718,0.233421,0.793664,-0.168831,-0.139474,0.567574,0.953685,-0.183640,-0.046706,0.233625,0.954472,-0.179504,-0.047718,0.233421,1.000000,
0.954472,-0.179504,-0.047718,0.233421,0.793664,-0.168831,-0.139474,0.567574,0.955473,-0.174094,-0.049040,0.233147,0.954472,-0.179504,-0.047718,0.233421,1.000000,
0.954472,-0.179504,-0.047718,0.233421,0.793664,-0.168831,-0.139474,0.567574,0.953685,-0.183640,-0.046706,0.233625,0.954472,-0.179504,-0.047718,0.233421,1.000000,
0.954472,-0.179504,-0.047718,0.233421,0.793664,-0.168831,-0.139474,0.567574,0.955473,-0.174094,-0.049040,0.233147,0.954472,-0.179504,-0.047718,0.233421,1.000000,
0.954472,-0.179504,-0.047718,0.233421,0.793664,-0.168831,-0.139474,0.567574,0.953685,-0.183640,-0.046706,0.233625,0.954472,-0.179504,-0.047718,0.233421,1.000000,
0.954472,-0.179504,-0.047718,0.233421,0.793664,-0.168831,-0.139474,0.567574,0.955473,-0.174094,-0.049040,0.233147,0.954472,-0.179504,-0.047718,0.233421,1.000000,
0.954472,-0.179504,-0.047718,0.233421,0.793664,-0.168831,-0.139474,0.567574,0.953685,-0.183640,-0.046706,0.233625,0.954472,-0.179504,-0.047718,0.233421,1.000000,
0.954472,-0.179504,-0.047718,0.233421,0.793664,-0.168831,-0.139474,0.567574,0.955473,-0.174094,-0.049040,0.233147,0.954472,-0.179504,-0.047718,0.233421,1.000000,
0.954472,-0.179504,-0.047718,0.233421,0.793664,-0.168831,-0.139474,0.567574,0.953685,-0.183640,-0.046706,0.233625,0.954472,-0.179504,-0.047718,0.233421,1.000000,
0.954472,-0.179504,-0.047718,0.233421,0.793664,-0.168831,-0.139474,0.567574,0.955473,-0.174094,-0.049040,0.233147,0.954472,-0.179504,-0.047718,0.233421,1.000000,
0.954472,-0.179504,-0.047718,0.233421,0.793664,-0.168831,-0.139474,0.567574,0.953684,-0.183640,-0.046706,0.233625,0.954472,-0.179504,-0.047718,0.233421,1.000000,
0.954472,-0.179504,-0.047718,0.233421,0.793664,-0.168831,-0.139474,0.567574,0.955473,-0.174094,-0.049040,0.233147,0.954472,-0.179504,-0.047718,0.233421,1.000000,
0.954472,-0.179504,-0.047718,0.233421,0.793664,-0.168831,-0.139474,0.567574,0.953684,-0.183640,-0.046706,0.233625,0.954472,-0.179504,-0.047718,0.233421,1.000000,
0.954472,-0.179504,-0.047718,0.233421,0.793664,-0.168831,-0.139474,0.567574,0.955473,-0.174094,-0.049040,0.233147,0.954472,-0.179504,-0.047718,0.233421,1.000000,
0.954472,-0.179504,-0.047718,0.233421,0.793664,-0.168831,-0.139474,0.567574,0.953684,-0.183640,-0.046706,0.233625,0.954472,-0.179504,-0.047718,0.233421,1.000000,
0.954472,-0.179504,-0.047718,0.233421,0.793664,-0.168831,-0.139474,0.567574,0.955473,-0.174094,-0.049040,0.233147,0.954472,-0.179504,-0.047718,0.233421,1.000000,
0.954472,-0.179504,-0.047718,0.233421,0.793664,-0.168831,-0.139474,0.567574,0.953684,-0.183640,-0.046706,0.233625,0.954472,-0.179504,-0.047718,0.233421,1.000000,
0.954472,-0.179504,-0.047718,0.233421,0.793664,-0.168831,-0.139474,0.567574,0.955473,-0.174094,-0.049040,0.233147,0.954472,-0.179504,-0.047718,0.233421,1.000000,
0.954472,-0.179504,-0.047718,0.233421,0.793664,-0.168831,-0.139474,0.567574,0.953684,-0.183640,-0.046706,0.233625,0.954472,-0.179504,-0.047718,0.233421,1.000000,
0.954472,-0.179504,-0.047718,0.233421,0.793664,-0.168831,-0.139474,0.567574,0.955473,-0.174094,-0.049040,0.233147,0.954472,-0.179504,-0.047718,0.233421,1.000000,
0.954472,-0.179504,-0.047718,0.233421,0.793664,-0.168831,-0.139474,0.567574,0.953684,-0.183640,-0.046706,0.233625,0.954472,-0.179504,-0.047718,0.233421,1.000000,
0.954472,-0.179504,-0.047718,0.233421,0.793664,-0.168831,-0.139474,0.567574,0.955473,-0.174094,-0.049040,0.233147,0.954472,-0.179504,-0.047718,0.233421,1.000000,
0.954472,-0.179504,-0.047718,0.233421,0.793664,-0.168831,-0.139474,0.567574,0.953684,-0.183640,-0.046706,0.233625,0.954472,-0.179504,-0.047718,0.233421,1.000000,
0.954472,-0.179504,-0.047718,0.233421,0.793664,-0.168831,-0.139474,0.567574,0.955473,-0.174094,-0.049040,0.233147,0.954472,-0.179504,-0.047718,0.233421,1.000000,
0.954472,-0.179504,-0.047718,0.233421,0.793664,-0.168831,-0.139474,0.567574,0.953684,-0.183640,-0.046706,0.233625,0.954472,-0.179504,-0.047718,0.233421,1.000000,
0.954472,-0.179504,-0.047718,0.233421,0.793664,-0.168831,-0.139474,0.567574,0.955473,-0.174095,-0.049039,0.233147,0.954472,-0.179504,-0.047718,0.233421,1.000000,
0.954472,-0.179504,-0.047718,0.233421,0.793664,-0.168831,-0.139474,0.567574,0.953684,-0.183640,-0.046706,0.233625,0.954472,-0.179504,-0.047718,0.233421,1.000000,
0.954472,-0.179504,-0.047718,0.233421,0.793664,-0.168831,-0.139474,0.567574,0.955473,-0.174095,-0.049039,0.233147,0.954472,-0.179504,-0.047718,0.233421,1.000000,
0.954472,-0.179504,-0.047718,0.233421,0.793664,-0.168831,-0.139474,0.567574,0.953684,-0.183641,-0.046706,0.233625,0.954472,-0.179504,-0.047718,0.233421,1.000000,
0.954472,-0.179504,-0.047718,0.233421,0.793664,-0.168831,-0.139474,0.567574,0.955473,-0.174095,-0.049039,0.233147,0.954472,-0.179504,-0.047718,0.233421,1.000000,
0.954472,-0.179504,-0.047718,0.233421,0.793664,-0.168831,-0.139474,0.567574,0.953684,-0.183641,-0.046706,0.233625,0.954472,-0.179504,-0.047718,0.233421,1.000000,
0.954472,-0.179504,-0.047718,0.233421,0.793664,-0.168831,-0.139474,0.567574,0.955473,-0.174095,-0.049039,0.233147,0.954472,-0.179504,-0.047718,0.233421,1.000000,
0.954472,-0.179504,-0.047718,0.233421,0.793664,-0.168831,-0.139474,0.567574,0.953684,-0.183641,-0.046706,0.233625,0.954472,-0.179504,-0.047718,0.233421,1.000000,
0.954472,-0.179504,-0.047718,0.233421,0.793664,-0.168831,-0.139474,0.567574,0.955473,-0.174095,-0.049039,0.233147,0.954472,-0.179504,-0.047718,0.233421,1.000000,
0.954472,-0.179504,-0.047718,0.233421,0.793664,-0.168831,-0.139474,0.567574,0.953684,-0.183641,-0.046706,0.233625,0.954472,-0.179504,-0.047718,0.233421,1.000000,
0.954472,-0.179504,-0.047718,0.233421,0.793664,-0.168831,-0.139474,0.567574,0.955473,-0.174095,-0.049039,0.233147,0.954472,-0.179504,-0.047718,0.233421,1.000000,
0.954472,-0.179504,-0.047718,0.233421,0.793664,-0.168831,-0.139474,0.567574,0.953684,-0.183641,-0.046706,0.233625,0.954472,-0.179504,-0.047718,0.233421,1.000000,
0.954472,-0.179504,-0.047718,0.233421,0.793664,-0.168831,-0.139474,0.567574,0.955473,-0.174095,-0.049039,0.233147,0.954472,-0.179504,-0.047718,0.233421,1.000000,
0.954472,-0.179504,-0.047718,0.233421,0.793664,-0.168831,-0.139474,0.567574,0.953684,-0.183641,-0.046706,0.233625,0.954472,-0.179504,-0.047718,0.233421,1.000000,
0.954472,-0.179504,-0.047718,0.233421,0.793664,-0.168831,-0.139474,0.567574,0.955473,-0.174095,-0.049039,0.233147,0.954472,-0.179504,-0.047718,0.233421,1.000000,
0.954472,-0.179504,-0.047718,0.233421,0.793664,-0.168831,-0.139474,0.567574,0.953684,-0.183641,-0.046705,0.233625,0.954472,-0.179504,-0.047718,0.233421,1.000000,
0.954472,-0.179504,-0.047718,0.233421,0.793664,-0.168831,-0.139474,0.567574,0.955473,-0.174095,-0.049039,0.233147,0.954472,-0.179504,-0.047718,0.233421,1.000000,
0.954472,-0.179504,-0.047718,0.233421,0.793664,-0.168831,-0.139474,0.567574,0.953684,-0.183641,-0.046705,0.233625,0.954472,-0.179504,-0.047718,0.233421,1.000000,
0.954472,-0.179504,-0.047718,0.233421,0.793664,-0.168831,-0.139474,0.567574,0.955473,-0.174095,-0.049039,0.233147,0.954472,-0.179504,-0.047718,0.233421,1.000000,
0.954472,-0.179504,-0.047718,0.233421,0.793664,-0.168831,-0.139474,0.567574,0.953684,-0.183641,-0.046705,0.233625,0.954472,-0.179504,-0.047718,0.233421,1.000000,
0.954472,-0.179504,-0.047718,0.233421,0.793664,-0.168831,-0.139474,0.567574,0.955473,-0.174095,-0.049039,0.233147,0.954472,-0.179504,-0.047718,0.233421,1.000000,
0.954472,-0.179504,-0.047718,0.233421,0.793664,-0.168831,-0.139474,0.567574,0.953684,-0.183641,-0.046705,0.233625,0.954472,-0.179504,-0.047718,0.233421,1.000000,
0.954472,-0.179504,-0.047718,0.233421,0.793664,-0.168831,-0.139474,0.567574,0.955473,-0.174095,-0.049039,0.233147,0.954472,-0.179504,-0.047718,0.233421,1.000000,
0.954472,-0.179504,-0.047718,0.233421,0.793664,-0.168831,-0.139474,0.567574,0.953684,-0.183641,-0.046705,0.233625,0.954472,-0.179504,-0.047718,0.233421,1.000000,
0.954472,-0.179504,-0.047718,0.233421,0.793664,-0.168831,-0.139474,0.567574,0.955473,-0.174095,-0.049039,0.233147,0.954472,-0.179504,-0.047718,0.233421,1.000000,
0.954472,-0.179504,-0.047718,0.233421,0.793664,-0.168831,-0.139474,0.567574,0.953684,-0.183641,-0.046705,0.233625,0.954472,-0.179504,-0.047718,0.233421,1.000000,
0.954472,-0.179504,-0.047718,0.233421,0.793664,-0.168831,-0.139474,0.567574,0.955473,-0.174095,-0.049039,0.233147,0.954472,-0.179504,-0.047718,0.233421,1.000000,
0.954472,-0.179504,-0.047718,0.233421,0.793664,-0.168831,-0.139474,0.567574,0.953684,-0.183641,-0.046705,0.233625,0.954472,-0.179504,-0.047718,0.233421,1.000000,
0.954472,-0.179504,-0.047718,0.233421,0.793664,-0.168831,-0.139474,0.567574,0.955473,-0.174095,-0.049039,0.233147,0.954472,-0.179504,-0.047718,0.233421,1.000000,
0.954472,-0.179504,-0.047718,0.233421,0.793664,-0.168831,-0.139474,0.567574,0.953684,-0.183641,-0.046705,0.233625,0.954472,-0.179504,-0.047718,0.233421,1.000000,
0.954472,-0.179504,-0.047718,0.233421,0.793664,-0.168831,-0.139474,0.567574,0.955473,-0.174095,-0.049039,0.233147,0.954472,-0.179504,-0.047718,0.233421,1.000000,
0.954472,-0.179504,-0.047718,0.233421,0.793664,-0.168831,-0.139474,0.567574,0.953684,-0.183641,-0.046705,0.233625,0.954472,-0.179504,-0.047718,0.233421,1.000000,
0.954472,-0.179504,-0.047718,0.233421,0.793664,-0.168831,-0.139474,0.567574,0.955473,-0.174096,-0.049039,0.233147,0.954472,-0.179504,-0.047718,0.233421,1.000000,
0.954472,-0.179504,-0.047718,0.233421,0.793664,-0.168831,-0.139474,0.567574,0.953684,-0.183641,-0.046705,0.233625,0.954472,-0.179504,-0.047718,0.233421,1.000000,
0.954472,-0.179504,-0.047718,0.233421,0.793664,-0.168831,-0.139474,0.567574,0.955473,-0.174096,-0.049039,0.233147,0.954472,-0.179504,-0.047718,0.233421,1.000000,
0.954472,-0.179504,-0.047718,0.233421,0.793664,-0.168831,-0.139474,0.567574,0.953684,-0.183642,-0.046705,0.233625,0.954472,-0.179504,-0.047718,0.233421,1.000000,
0.954472,-0.179504,-0.047718,0.233421,0.793664,-0.168831,-0.139474,0.567574,0.955473,-0.174096,-0.049039,0.233147,0.954472,-0.179504,-0.047718,0.233421,1.000000,
0.954472,-0.179504,-0.047718,0.233421,0.793664,-0.168831,-0.139474,0.567574,0.953684,-0.183642,-0.046705,0.233625,0.954472,-0.179504,-0.047718,0.233421,1.000000,
0.954472,-0.179504,-0.047718,0.233421,0.793664,-0.168831,-0.139474,0.567574,0.955473,-0.174096,-0.049039,0.233147,0.954472,-0.179504,-0.047718,0.233421,1.000000,
0.954472,-0.179504,-0.047718,0.233421,0.793664,-0.168831,-0.139474,0.567574,0.953684,-0.183642,-0.046705,0.233625,0.954472,-0.179504,-0.047718,0.233421,1.000000,
0.954472,-0.179504,-0.047718,0.233421,0.793664,-0.168831,-0.139474,0.567574,0.955473,-0.174096,-0.049039,0.233147,0.954472,-0.179504,-0.047718,0.233421,1.000000,
0.954472,-0.179504,-0.047718,0.233421,0.793664,-0.168831,-0.139474,0.567574,0.953684,-0.183642,-0.046705,0.233625,0.954472,-0.179504,-0.047718,0.233421,1.000000,
0.954472,-0.179504,-0.047718,0.233421,0.793664,-0.168831,-0.139474,0.567574,0.955473,-0.174096,-0.049039,0.233147,0.954472,-0.179504,-0.047718,0.233421,1.000000,
0.954472,-0.179504,-0.047718,0.233421,0.793664,-0.168831,-0.139474,0.567574,0.953684,-0.183642,-0.046705,0.233626,0.954472,-0.179504,-0.047718,0.233421,1.000000,
0.954472,-0.179504,-0.047718,0.233421,0.793664,-0.168831,-0.139474,0.567574,0.955473,-0.174096,-0.049039,0.233147,0.954472,-0.179504,-0.047718,0.233421,1.000000,
0.954472,-0.179504,-0.047718,0.233421,0.793664,-0.168831,-0.139474,0.567574,0.953684,-0.183642,-0.046705,0.233626,0.954472,-0.179504,-0.047718,0.233421,1.000000,
0.954472,-0.179504,-0.047718,0.233421,0.793664,-0.168831,-0.139474,0.567574,0.955473,-0.174096,-0.049039,0.233147,0.954472,-0.179504,-0.047718,0.233421,1.000000,
0.954472,-0.179504,-0.047718,0.233421,0.793664,-0.168831,-0.139474,0.567574,0.953684,-0.183642,-0.046705,0.233626,0.954472,-0.179504,-0.047718,0.233421,1.000000,
0.954472,-0.179504,-0.047718,0.233421,0.793664,-0.168831,-0.139474,0.567574,0.955473,-0.174096,-0.049039,0.233147,0.954472,-0.179504,-0.047718,0.233421,1.000000,
0.954472,-0.179504,-0.047718,0.233421,0.793664,-0.168831,-0.139474,0.567574,0.953684,-0.183642,-0.046705,0.233626,0.954472,-0.179504,-0.047718,0.233421,1.000000,
0.954472,-0.179504,-0.047718,0.233421,0.793664,-0.168831,-0.139474,0.567574,0.955473,-0.174096,-0.049039,0.233147,0.954472,-0.179504,-0.047718,0.233421,1.000000,
0.954472,-0.179504,-0.047718,0.233421,0.793664,-0.168831,-0.139474,0.567574,0.953684,-0.183642,-0.046705,0.233626,0.954472,-0.179504,-0.047718,0.233421,1.000000,
0.954472,-0.179504,-0.047718,0.233421,0.793664,-0.168831,-0.139474,0.567574,0.955473,-0.174096,-0.049039,0.233147,0.954472,-0.179504,-0.047718,0.233421,1.000000,
0.954472,-0.179504,-0.047718,0.233421,0.793664,-0.168831,-0.139474,0.567574,0.953684,-0.183642,-0.046705,0.233626,0.954472,-0.179504,-0.047718,0.233421,1.000000,
0.954472,-0.179504,-0.047718,0.233421,0.793664,-0.168831,-0.139474,0.567574,0.955473,-0.174096,-0.049039,0.233147,0.954472,-0.179504,-0.047718,0.233421,1.000000,
0.954472,-0.179504,-0.047718,0.233421,0.793664,-0.168831,-0.139474,0.567574,0.953684,-0.183642,-0.046705,0.233626,0.954472,-0.179504,-0.047718,0.233421,1.000000,
0.954472,-0.179504,-0.047718,0.233421,0.793664,-0.168831,-0.139474,0.567574,0.955473,-0.174096,-0.049039,0.233147,0.954472,-0.179504,-0.047718,0.233421,1.000000,
0.954472,-0.179504,-0.047718,0.233421,0.793664,-0.168831,-0.139474,0.567574,0.953684,-0.183642,-0.046705,0.233626,0.954472,-0.179504,-0.047718,0.233421,1.000000,
0.954472,-0.179504,-0.047718,0.233421,0.793664,-0.168831,-0.139474,0.567574,0.955473,-0.174096,-0.049039,0.233147,0.954472,-0.179504,-0.047718,0.233421,1.000000,
0.954472,-0.179504,-0.047718,0.233421,0.793664,-0.168831,-0.139474,0.567574,0.953684,-0.183642,-0.046705,0.233626,0.954472,-0.179504,-0.047718,0.233421,1.000000,
0.954472,-0.179504,-0.047718,0.233421,0.793664,-0.168831,-0.139474,0.567574,0.955473,-0.174096,-0.049039,0.233147,0.954472,-0.179504,-0.047718,0.233421,1.000000,
0.954472,-0.179504,-0.047718,0.233421,0.793664,-0.168831,-0.139474,0.567574,0.953684,-0.183642,-0.046705,0.233626,0.954472,-0.179504,-0.047718,0.233421,1.000000,
0.954472,-0.179504,-0.047718,0.233421,0.793664,-0.168831,-0.139474,0.567574,0.955473,-0.174097,-0.049039,0.233147,0.954472,-0.179504,-0.047718,0.233421,1.000000,
0.954472,-0.179504,-0.047718,0.233421,0.793664,-0.168831,-0.139474,0.567574,0.953684,-0.183642,-0.046705,0.233626,0.954472,-0.179504,-0.047718,0.233421,1.000000,
0.954472,-0.179504,-0.047718,0.233421,0.793664,-0.168831,-0.139474,0.567574,0.955473,-0.174097,-0.049039,0.233147,0.954472,-0.179504,-0.047718,0.233421,1.000000,
0.954472,-0.179504,-0.047718,0.233421,0.793664,-0.168831,-0.139474,0.567574,0.953684,-0.183642,-0.046705,0.233626,0.954472,-0.179504,-0.047718,0.233421,1.000000,
0.954472,-0.179504,-0.047718,0.233421,0.793664,-0.168831,-0.139474,0.567574,0.955473,-0.174097,-0.049039,0.233147,0.954472,-0.179504,-0.047718,0.233421,1.000000,
0.954472,-0.179504,-0.047718,0.233421,0.793664,-0.168831,-0.139474,0.567574,0.953684,-0.183643,-0.046705,0.233626,0.954472,-0.179504,-0.047718,0.233421,1.000000,
0.954472,-0.179504,-0.047718,0.233421,0.793664,-0.168831,-0.139474,0.567574,0.955473,-0.174097,-0.049039,0.233147,0.954472,-0.179504,-0.047718,0.233421,1.000000,
0.954472,-0.179504,-0.047718,0.233421,0.793664,-0.168831,-0.139474,0.567574,0.953684,-0.183643,-0.046705,0.233626,0.954472,-0.179504,-0.047718,0.233421,1.000000,
0.954472,-0.179504,-0.047718,0.233421,0.793664,-0.168831,-0.139474,0.567574,0.955473,-0.174097,-0.049039,0.233147,0.954472,-0.179504,-0.047718,0.233421,1.000000,
0.954472,-0.179504,-0.047718,0.233421,0.793664,-0.168831,-0.139474,0.567574,0.953684,-0.183643,-0.046705,0.233626,0.954472,-0.179504,-0.047718,0.233421,1.000000,
0.954472,-0.179504,-0.047718,0.233421,0.793664,-0.168831,-0.139474,0.567574,0.955473,-0.174097,-0.049039,0.233147,0.954472,-0.179504,-0.047718,0.233421,1.000000,
0.954472,-0.179504,-0.047718,0.233421,0.793664,-0.168831,-0.139474,0.567574,0.953684,-0.183643,-0.046705,0.233626,0.954472,-0.179504,-0.047718,0.233421,1.000000,
0.954472,-0.179504,-0.047718,0.233421,0.793664,-0.168831,-0.139474,0.567574,0.955473,-0.174097,-0.049039,0.233147,0.954472,-0.179504,-0.047718,0.233421,1.000000,
0.954472,-0.179504,-0.047718,0.233421,0.793664,-0.168831,-0.139474,0.567574,0.953684,-0.183643,-0.046705,0.233626,0.954472,-0.179504,-0.047718,0.233421,1.000000,
0.954472,-0.179504,-0.047718,0.233421,0.793664,-0.168831,-0.139474,0.567574,0.955473,-0.174097,-0.049039,0.233147,0.954472,-0.179504,-0.047718,0.233421,1.000000,
0.954472,-0.179504,-0.047718,0.233421,0.793664,-0.168831,-0.139474,0.567574,0.953684,-0.183643,-0.046705,0.233626,0.954472,-0.179504,-0.047718,0.233421,1.000000,
0.954472,-0.179504,-0.047718,0.233421,0.793664,-0.168831,-0.139474,0.567574,0.955473,-0.174097,-0.049039,0.233147,0.954472,-0.179504,-0.047718,0.233421,1.000000,
0.954472,-0.179504,-0.047718,0.233421,0.793664,-0.168831,-0.139474,0.567574,0.953684,-0.183643,-0.046705,0.233626,0.954472,-0.179504,-0.047718,0.233421,1.000000,
0.954472,-0.179504,-0.047718,0.233421,0.793664,-0.168831,-0.139474,0.567574,0.955473,-0.174097,-0.049039,0.233147,0.954472,-0.179504,-0.047718,0.233421,1.000000,
0.954472,-0.179504,-0.047718,0.233421,0.793664,-0.168831,-0.139474,0.567574,0.953684,-0.183643,-0.046705,0.233626,0.954472,-0.179504,-0.047718,0.233421,1.000000,
0.954472,-0.179504,-0.047718,0.233421,0.793664,-0.168831,-0.139474,0.567574,0.955473,-0.174097,-0.049039,0.233147,0.954472,-0.179504,-0.047718,0.233421,1.000000,
0.954472,-0.179504,-0.047718,0.233421,0.793664,-0.168831,-0.139474,0.567574,0.953684,-0.183643,-0.046705,0.233626,0.954472,-0.179504,-0.047718,0.233421,1.000000,
0.954472,-0.179504,-0.047718,0.233421,0.793664,-0.168831,-0.139474,0.567574,0.955473,-0.174097,-0.049039,0.233147,0.954472,-0.179504,-0.047718,0.233421,1.000000,
0.954472,-0.179504,-0.047718,0.233421,0.793664,-0.168831,-0.139474,0.567574,0.953684,-0.183643,-0.046705,0.233626,0.954472,-0.179504,-0.047718,0.233421,1.000000,
0.954472,-0.179504,-0.047718,0.233421,0.793664,-0.168831,-0.139474,0.567574,0.955473,-0.174097,-0.049039,0.233147,0.954472,-0.179504,-0.047718,0.233421,1.000000,
0.954472,-0.179504,-0.047718,0.233421,0.793664,-0.168831,-0.139474,0.567574,0.953684,-0.183643,-0.046705,0.233626,0.954472,-0.179504,-0.047718,0.233421,1.000000,
0.954472,-0.179504,-0.047718,0.233421,0.793664,-0.168831,-0.139474,0.567574,0.955473,-0.174097,-0.049039,0.233147,0.954472,-0.179504,-0.047718,0.233421,1.000000,
0.954472,-0.179504,-0.047718,0.233421,0.793664,-0.168831,-0.139474,0.567574,0.953684,-0.183643,-0.046705,0.233626,0.954472,-0.179504,-0.047718,0.233421,1.000000,
0.954472,-0.179504,-0.047718,0.233421,0.793664,-0.168831,-0.139474,0.567574,0.955473,-0.174097,-0.049039,0.233147,0.954472,-0.179504,-0.047718,0.233421,1.000000,
0.954472,-0.179504,-0.047718,0.233421,0.793664,-0.168831,-0.139474,0.567574,0.953684,-0.183643,-0.046705,0.233626,0.954472,-0.179504,-0.047718,0.233421,1.000000,
0.954472,-0.179504,-0.047718,0.233421,0.793664,-0.168831,-0.139474,0.567574,0.955473,-0.174097,-0.049039,0.233147,0.954472,-0.179504,-0.047718,0.233421,1.000000,
0.954472,-0.179504,-0.047718,0.233421,0.793664,-0.168831,-0.139474,0.567574,0.953684,-0.183643,-0.046705,0.233626,0.954472,-0.179504,-0.047718,0.233421,1.000000,
0.954472,-0.179504,-0.047718,0.233421,0.793664,-0.168831,-0.139474,0.567574,0.955473,-0.174098,-0.049039,0.233147,0.954472,-0.179504,-0.047718,0.233421,1.000000,
0.954472,-0.179504,-0.047718,0.233421,0.793664,-0.168831,-0.139474,0.567574,0.953684,-0.183643,-0.046705,0.233626,0.954472,-0.179504,-0.047718,0.233421,1.000000,
0.954472,-0.179504,-0.047718,0.233421,0.793664,-0.168831,-0.139474,0.567574,0.955473,-0.174098,-0.049039,0.233147,0.954472,-0.179504,-0.047718,0.233421,1.000000,
0.954472,-0.179504,-0.047718,0.233421,0.793664,-0.168831,-0.139474,0.567574,0.953684,-0.183644,-0.046705,0.233626,0.954472,-0.179504,-0.047718,0.233421,1.000000,
0.954472,-0.179504,-0.047718,0.233421,0.793664,-0.168831,-0.139474,0.567574,0.955473,-0.174098,-0.049039,0.233147,0.954472,-0.179504,-0.047718,0.233421,1.000000,
0.954472,-0.179504,-0.047718,0.233421,0.793664,-0.168831,-0.139474,0.567574,0.953684,-0.183644,-0.046705,0.233626,0.954472,-0.179504,-0.047718,0.233421,1.000000,
0.954472,-0.179504,-0.047718,0.233421,0.793664,-0.168831,-0.139474,0.567574,0.955473,-0.174098,-0.049039,0.233147,0.954472,-0.179504,-0.047718,0.233421,1.000000,
0.954472,-0.179504,-0.047718,0.233421,0.793664,-0.168831,-0.139474,0.567574,0.953684,-0.183644,-0.046705,0.233626,0.954472,-0.179504,-0.047718,0.233421,1.000000,
0.954472,-0.179504,-0.047718,0.233421,0.793664,-0.168831,-0.139474,0.567574,0.955473,-0.174098,-0.049039,0.233147,0.954472,-0.179504,-0.047718,0.233421,1.000000,
0.954472,-0.179504,-0.047718,0.233421,0.793664,-0.168831,-0.139474,0.567574,0.953684,-0.183644,-0.046705,0.233626,0.954472,-0.179504,-0.047718,0.233421,1.000000,
0.954472,-0.179504,-0.047718,0.233421,0.793664,-0.168831,-0.139474,0.567574,0.955472,-0.174098,-0.049039,0.233147,0.954472,-0.179504,-0.047718,0.233421,1.000000,
0.954472,-0.179504,-0.047718,0.233421,0.793664,-0.168831,-0.139474,0.567574,0.953684,-0.183644,-0.046705,0.233626,0.954472,-0.179504,-0.047718,0.233421,1.000000,
0.954472,-0.179504,-0.047718,0.233421,0.793664,-0.168831,-0.139474,0.567574,0.955472,-0.174098,-0.049039,0.233147,0.954472,-0.179504,-0.047718,0.233421,1.000000,
0.954472,-0.179504,-0.047718,0.233421,0.793664,-0.168831,-0.139474,0.567574,0.953684,-0.183644,-0.046705,0.233626,0.954472,-0.179504,-0.047718,0.233421,1.000000,
0.954472,-0.179504,-0.047718,0.233421,0.793664,-0.168831,-0.139474,0.567574,0.955472,-0.174098,-0.049039,0.233147,0.954472,-0.179504,-0.047718,0.233421,1.000000,
0.954472,-0.179504,-0.047718,0.233421,0.793664,-0.168831,-0.139474,0.567574,0.953684,-0.183644,-0.046705,0.233626,0.954472,-0.179504,-0.047718,0.233421,1.000000,
0.954472,-0.179504,-0.047718,0.233421,0.793664,-0.168831,-0.139474,0.567574,0.955472,-0.174098,-0.049039,0.233147,0.954472,-0.179504,-0.047718,0.233421,1.000000,
0.954472,-0.179504,-0.047718,0.233421,0.793664,-0.168831,-0.139474,0.567574,0.953684,-0.183644,-0.046705,0.233626,0.954472,-0.179504,-0.047718,0.233421,1.000000,
0.954472,-0.179504,-0.047718,0.233421,0.793664,-0.168831,-0.139474,0.567574,0.955472,-0.174098,-0.049039,0.233147,0.954472,-0.179504,-0.047718,0.233421,1.000000,
0.954472,-0.179504,-0.047718,0.233421,0.793664,-0.168831,-0.139474,0.567574,0.953684,-0.183644,-0.046705,0.233626,0.954472,-0.179504,-0.047718,0.233421,1.000000,
0.954472,-0.179504,-0.047718,0.233421,0.793664,-0.168831,-0.139474,0.567574,0.955472,-0.174098,-0.049039,0.233147,0.954472,-0.179504,-0.047718,0.233421,1.000000,
0.954472,-0.179504,-0.047718,0.233421,0.793664,-0.168831,-0.139474,0.567574,0.953684,-0.183644,-0.046705,0.233626,0.954472,-0.179504,-0.047718,0.233421,1.000000,
0.954472,-0.179504,-0.047718,0.233421,0.793664,-0.168831,-0.139474,0.567574,0.955472,-0.174098,-0.049039,0.233147,0.954472,-0.179504,-0.047718,0.233421,1.000000,
0.954472,-0.179504,-0.047718,0.233421,0.793664,-0.168831,-0.139474,0.567574,0.953684,-0.183644,-0.046705,0.233626,0.954472,-0.179504,-0.047718,0.233421,1.000000,
0.954472,-0.179504,-0.047718,0.233421,0.793664,-0.168831,-0.139474,0.567574,0.955472,-0.174098,-0.049039,0.233147,0.954472,-0.179504,-0.047718,0.233421,1.000000,
0.954472,-0.179504,-0.047718,0.233421,0.793664,-0.168831,-0.139474,0.567574,0.953684,-0.183644,-0.046705,0.233626,0.954472,-0.179504,-0.047718,0.233421,1.000000,
0.954472,-0.179504,-0.047718,0.233421,0.793664,-0.168831,-0.139474,0.567574,0.955472,-0.174098,-0.049039,0.233147,0.954472,-0.179504,-0.047718,0.233421,1.000000,
0.954472,-0.179504,-0.047718,0.233421,0.793664,-0.168831,-0.139474,0.567574,0.953684,-0.183644,-0.046705,0.233626,0.954472,-0.179504,-0.047718,0.233421,1.000000,
0.954472,-0.179504,-0.047718,0.233421,0.793664,-0.168831,-0.139474,0.567574,0.955472,-0.174098,-0.049039,0.233147,0.954472,-0.179504,-0.047718,0.233421,1.000000,
0.954472,-0.179504,-0.047718,0.233421,0.793664,-0.168831,-0.139474,0.567574,0.953684,-0.183644,-0.046705,0.233626,0.954472,-0.179504,-0.047718,0.233421,1.000000,
0.954472,-0.179504,-0.047718,0.233421,0.793664,-0.168831,-0.139474,0.567574,0.955472,-0.174098,-0.049039,0.233147,0.954472,-0.179504,-0.047718,0.233421,1.000000,
0.954472,-0.179504,-0.047718,0.233421,0.793664,-0.168831,-0.139474,0.567574,0.953684,-0.183644,-0.046705,0.233626,0.954472,-0.179504,-0.047718,0.233421,1.000000,
0.954472,-0.179504,-0.047718,0.233421,0.793664,-0.168831,-0.139474,0.567574,0.955472,-0.174099,-0.049039,0.233147,0.954472,-0.179504,-0.047718,0.233421,1.000000,
0.954472,-0.179504,-0.047718,0.233421,0.793664,-0.168831,-0.139474,0.567574,0.953684,-0.183644,-0.046705,0.233626,0.954472,-0.179504,-0.047718,0.233421,1.000000,
0.954472,-0.179504,-0.047718,0.233421,0.793664,-0.168831,-0.139474,0.567574,0.955472,-0.174099,-0.049039,0.233147,0.954472,-0.179504,-0.047718,0.233421,1.000000,
0.954472,-0.179504,-0.047718,0.233421,0.793664,-0.168831,-0.139474,0.567574,0.953684,-0.183645,-0.046705,0.233626,0.954472,-0.179504,-0.047718,0.233421,1.000000,
0.954472,-0.179504,-0.047718,0.233421,0.793664,-0.168831,-0.139474,0.567574,0.955472,-0.174099,-0.049038,0.233147,0.954472,-0.179504,-0.047718,0.233421,1.000000,
0.954472,-0.179504,-0.047718,0.233421,0.793664,-0.168831,-0.139474,0.567574,0.953684,-0.183645,-0.046705,0.233626,0.954472,-0.179504,-0.047718,0.233421,1.000000,
0.954472,-0.179504,-0.047718,0.233421,0.793664,-0.168831,-0.139474,0.567574,0.955472,-0.174099,-0.049038,0.233147,0.954472,-0.179504,-0.047718,0.233421,1.000000,
0.954472,-0.179504,-0.047718,0.233421,0.793664,-0.168831,-0.139474,0.567574,0.953684,-0.183645,-0.046705,0.233626,0.954472,-0.179504,-0.047718,0.233421,1.000000,
0.954472,-0.179504,-0.047718,0.233421,0.793664,-0.168831,-0.139474,0.567574,0.955472,-0.174099,-0.049038,0.233147,0.954472,-0.179504,-0.047718,0.233421,1.000000,
0.954472,-0.179504,-0.047718,0.233421,0.793664,-0.168831,-0.139474,0.567574,0.953684,-0.183645,-0.046705,0.233626,0.954472,-0.179504,-0.047718,0.233421,1.000000,
0.954472,-0.179504,-0.047718,0.233421,0.793664,-0.168831,-0.139474,0.567574,0.955472,-0.174099,-0.049038,0.233147,0.954472,-0.179504,-0.047718,0.233421,1.000000,
0.954472,-0.179504,-0.047718,0.233421,0.793664,-0.168831,-0.139474,0.567574,0.953684,-0.183645,-0.046705,0.233626,0.954472,-0.179504,-0.047718,0.233421,1.000000,
0.954472,-0.179504,-0.047718,0.233421,0.793664,-0.168831,-0.139474,0.567574,0.955472,-0.174099,-0.049038,0.233147,0.954472,-0.179504,-0.047718,0.233421,1.000000,
0.954472,-0.179504,-0.047718,0.233421,0.793664,-0.168831,-0.139474,0.567574,0.953684,-0.183645,-0.046705,0.233626,0.954472,-0.179504,-0.047718,0.233421,1.000000,
0.954472,-0.179504,-0.047718,0.233421,0.793664,-0.168831,-0.139474,0.567574,0.955472,-0.174099,-0.049038,0.233147,0.954472,-0.179504,-0.047718,0.233421,1.000000,
0.954472,-0.179504,-0.047718,0.233421,0.793664,-0.168831,-0.139474,0.567574,0.953684,-0.183645,-0.046705,0.233626,0.954472,-0.179504,-0.047718,0.233421,1.000000,
0.954472,-0.179504,-0.047718,0.233421,0.793664,-0.168831,-0.139474,0.567574,0.955472,-0.174099,-0.049038,0.233147,0.954472,-0.179504,-0.047718,0.233421,1.000000,
0.954472,-0.179504,-0.047718,0.233421,0.793664,-0.168831,-0.139474,0.567574,0.953684,-0.183645,-0.046704,0.233626,0.954472,-0.179504,-0.047718,0.233421,1.000000,
0.954472,-0.179504,-0.047718,0.233421,0.793664,-0.168831,-0.139474,0.567574,0.955472,-0.174099,-0.049038,0.233147,0.954472,-0.179504,-0.047718,0.233421,1.000000,
0.954472,-0.179504,-0.047718,0.233421,0.793664,-0.168831,-0.139474,0.567574,0.953684,-0.183645,-0.046704,0.233626,0.954472,-0.179504,-0.047718,0.233421,1.000000,
0.954472,-0.179504,-0.047718,0.233421,0.793664,-0.168831,-0.139474,0.567574,0.955472,-0.174099,-0.049038,0.233147,0.954472,-0.179504,-0.047718,0.233421,1.000000,
0.954472,-0.179504,-0.047718,0.233421,0.793664,-0.168831,-0.139474,0.567574,0.953684,-0.183645,-0.046704,0.233626,0.954472,-0.179504,-0.047718,0.233421,1.000000,
0.954472,-0.179504,-0.047718,0.233421,0.793664,-0.168831,-0.139474,0.567574,0.955472,-0.174099,-0.049038,0.233147,0.954472,-0.179504,-0.047718,0.233421,1.000000,
0.954472,-0.179504,-0.047718,0.233421,0.793664,-0.168831,-0.139474,0.567574,0.953683,-0.183645,-0.046704,0.233626,0.954472,-0.179504,-0.047718,0.233421,1.000000,
0.954472,-0.179504,-0.047718,0.233421,0.793664,-0.168831,-0.139474,0.567574,0.955472,-0.174099,-0.049038,0.233147,0.954472,-0.179504,-0.047718,0.233421,1.000000,
0.954472,-0.179504,-0.047718,0.233421,0.793664,-0.168831,-0.139474,0.567574,0.953683,-0.183645,-0.046704,0.233626,0.954472,-0.179504,-0.047718,0.233421,1.000000,
0.954472,-0.179504,-0.047718,0.233421,0.793664,-0.168831,-0.139474,0.567574,0.955472,-0.174099,-0.049038,0.233147,0.954472,-0.179504,-0.047718,0.233421,1.000000,
0.954472,-0.179504,-0.047718,0.233421,0.793664,-0.168831,-0.139474,0.567574,0.953683,-0.183645,-0.046704,0.233626,0.954472,-0.179504,-0.047718,0.233421,1.000000,
0.954472,-0.179504,-0.047718,0.233421,0.793664,-0.168831,-0.139474,0.567574,0.955472,-0.174099,-0.049038,0.233147,0.954472,-0.179504,-0.047718,0.233421,1.000000,
0.954472,-0.179504,-0.047718,0.233421,0.793664,-0.168831,-0.139474,0.567574,0.953683,-0.183645,-0.046704,0.233626,0.954472,-0.179504,-0.047718,0.233421,1.000000,
0.954472,-0.179504,-0.047718,0.233421,0.793664,-0.168831,-0.139474,0.567574,0.955472,-0.174099,-0.049038,0.233147,0.954472,-0.179504,-0.047718,0.233421,1.000000,
0.954472,-0.179504,-0.047718,0.233421,0.793664,-0.168831,-0.139474,0.567574,0.953683,-0.183645,-0.046704,0.233626,0.954472,-0.179504,-0.047718,0.233421,1.000000,
0.954472,-0.179504,-0.047718,0.233421,0.793664,-0.168831,-0.139474,0.567574,0.955472,-0.174100,-0.049038,0.233147,0.954472,-0.179504,-0.047718,0.233421,1.000000,
0.954472,-0.179504,-0.047718,0.233421,0.793664,-0.168831,-0.139474,0.567574,0.953683,-0.183645,-0.046704,0.233626,0.954472,-0.179504,-0.047718,0.233421,1.000000,
0.954472,-0.179504,-0.047718,0.233421,0.793664,-0.168831,-0.139474,0.567574,0.955472,-0.174100,-0.049038,0.233147,0.954472,-0.179504,-0.047718,0.233421,1.000000,
0.954472,-0.179504,-0.047718,0.233421,0.793664,-0.168831,-0.139474,0.567574,0.953683,-0.183646,-0.046704,0.233626,0.954472,-0.179504,-0.047718,0.233421,1.000000,
0.954472,-0.179504,-0.047718,0.233421,0.793664,-0.168831,-0.139474,0.567574,0.955472,-0.174100,-0.049038,0.233147,0.954472,-0.179504,-0.047718,0.233421,1.000000,
0.954472,-0.179504,-0.047718,0.233421,0.793664,-0.168831,-0.139474,0.567574,0.953683,-0.183646,-0.046704,0.233626,0.954472,-0.179504,-0.047718,0.233421,1.000000,
0.954472,-0.179504,-0.047718,0.233421,0.793664,-0.168831,-0.139474,0.567574,0.955472,-0.174100,-0.049038,0.233147,0.954472,-0.179504,-0.047718,0.233421,1.000000,
0.954472,-0.179504,-0.047718,0.233421,0.793664,-0.168831,-0.139474,0.567574,0.953683,-0.183646,-0.046704,0.233626,0.954472,-0.179504,-0.047718,0.233421,1.000000,
0.954472,-0.179504,-0.047718,0.233421,0.793664,-0.168831,-0.139474,0.567574,0.955472,-0.174100,-0.049038,0.233147,0.954472,-0.179504,-0.047718,0.233421,1.000000,
0.954472,-0.179504,-0.047718,0.233421,0.793664,-0.168831,-0.139474,0.567574,0.953683,-0.183646,-0.046704,0.233626,0.954472,-0.179504,-0.047718,0.233421,1.000000,
0.954472,-0.179504,-0.047718,0.233421,0.793664,-0.168831,-0.139474,0.567574,0.955472,-0.174100,-0.049038,0.233147,0.954472,-0.179504,-0.047718,0.233421,1.000000,
0.954472,-0.179504,-0.047718,0.233421,0.793664,-0.168831,-0.139474,0.567574,0.953683,-0.183646,-0.046704,0.233626,0.954472,-0.179504,-0.047718,0.233421,1.000000,
0.954472,-0.179504,-0.047718,0.233421,0.793664,-0.168831,-0.139474,0.567574,0.955472,-0.174100,-0.049038,0.233147,0.954472,-0.179504,-0.047718,0.233421,1.000000,
0.954472,-0.179504,-0.047718,0.233421,0.793664,-0.168831,-0.139474,0.567574,0.953683,-0.183646,-0.046704,0.233626,0.954472,-0.179504,-0.047718,0.233421,1.000000,
0.954472,-0.179504,-0.047718,0.233421,0.793664,-0.168831,-0.139474,0.567574,0.955472,-0.174100,-0.049038,0.233147,0.954472,-0.179504,-0.047718,0.233421,1.000000,
0.954472,-0.179504,-0.047718,0.233421,0.793664,-0.168831,-0.139474,0.567574,0.953683,-0.183646,-0.046704,0.233626,0.954472,-0.179504,-0.047718,0.233421,1.000000,
0.954472,-0.179504,-0.047718,0.233421,0.793664,-0.168831,-0.139474,0.567574,0.955472,-0.174100,-0.049038,0.233147,0.954472,-0.179504,-0.047718,0.233421,1.000000,
0.954472,-0.179504,-0.047718,0.233421,0.793664,-0.168831,-0.139474,0.567574,0.953683,-0.183646,-0.046704,0.233626,0.954472,-0.179504,-0.047718,0.233421,1.000000,
0.954472,-0.179504,-0.047718,0.233421,0.793664,-0.168831,-0.139474,0.567574,0.955472,-0.174100,-0.049038,0.233147,0.954472,-0.179504,-0.047718,0.233421,1.000000,
0.954472,-0.179504,-0.047718,0.233421,0.793664,-0.168831,-0.139474,0.567574,0.953683,-0.183646,-0.046704,0.233626,0.954472,-0.179504,-0.047718,0.233421,1.000000,
0.954472,-0.179504,-0.047718,0.233421,0.793664,-0.168831,-0.139474,0.567574,0.955472,-0.174100,-0.049038,0.233147,0.954472,-0.179504,-0.047718,0.233421,1.000000,
0.954472,-0.179504,-0.047718,0.233421,0.793664,-0.168831,-0.139474,0.567574,0.953683,-0.183646,-0.046704,0.233626,0.954472,-0.179504,-0.047718,0.233421,1.000000,
0.954472,-0.179504,-0.047718,0.233421,0.793664,-0.168831,-0.139474,0.567574,0.955472,-0.174100,-0.049038,0.233147,0.954472,-0.179504,-0.047718,0.233421,1.000000,
0.954472,-0.179504,-0.047718,0.233421,0.793664,-0.168831,-0.139474,0.567574,0.953683,-0.183646,-0.046704,0.233626,0.954472,-0.179504,-0.047718,0.233421,1.000000,
0.954472,-0.179504,-0.047718,0.233421,0.793664,-0.168831,-0.139474,0.567574,0.955472,-0.174100,-0.049038,0.233147,0.954472,-0.179504,-0.047718,0.233421,1.000000,
0.954472,-0.179504,-0.047718,0.233421,0.793664,-0.168831,-0.139474,0.567574,0.953683,-0.183646,-0.046704,0.233626,0.954472,-0.179504,-0.047718,0.233421,1.000000,
0.954472,-0.179504,-0.047718,0.233421,0.793664,-0.168831,-0.139474,0.567574,0.955472,-0.174100,-0.049038,0.233147,0.954472,-0.179504,-0.047718,0.233421,1.000000,
0.954472,-0.179504,-0.047718,0.233421,0.793664,-0.168831,-0.139474,0.567574,0.953683,-0.183646,-0.046704,0.233626,0.954472,-0.179504,-0.047718,0.233421,1.000000,
0.954472,-0.179504,-0.047718,0.233421,0.793664,-0.168831,-0.139474,0.567574,0.955472,-0.174100,-0.049038,0.233147,0.954472,-0.179504,-0.047718,0.233421,1.000000,
0.954472,-0.179504,-0.047718,0.233421,0.793664,-0.168831,-0.139474,0.567574,0.953683,-0.183646,-0.046704,0.233626,0.954472,-0.179504,-0.047718,0.233421,1.000000,
0.954472,-0.179504,-0.047718,0.233421,0.793664,-0.168831,-0.139474,0.567574,0.955472,-0.174100,-0.049038,0.233147,0.954472,-0.179504,-0.047718,0.233421,1.000000,
0.954472,-0.179504,-0.047718,0.233421,0.793664,-0.168831,-0.139474,0.567574,0.953683,-0.183646,-0.046704,0.233626,0.954472,-0.179504,-0.047718,0.233421,1.000000,
0.954472,-0.179504,-0.047718,0.233421,0.793664,-0.168831,-0.139474,0.567574,0.955472,-0.174101,-0.049038,0.233147,0.954472,-0.179504,-0.047718,0.233421,1.000000,
0.954472,-0.179504,-0.047718,0.233421,0.793664,-0.168831,-0.139474,0.567574,0.953683,-0.183646,-0.046704,0.233626,0.954472,-0.179504,-0.047718,0.233421,1.000000,
0.954472,-0.179504,-0.047718,0.233421,0.793664,-0.168831,-0.139474,0.567574,0.955472,-0.174101,-0.049038,0.233147,0.954472,-0.179504,-0.047718,0.233421,1.000000,
0.954472,-0.179504,-0.047718,0.233421,0.793664,-0.168831,-0.139474,0.567574,0.953683,-0.183647,-0.046704,0.233626,0.954472,-0.179504,-0.047718,0.233421,1.000000,
0.954472,-0.179504,-0.047718,0.233421,0.793664,-0.168831,-0.139474,0.567574,0.955472,-0.174101,-0.049038,0.233147,0.954472,-0.179504,-0.047718,0.233421,1.000000,
0.954472,-0.179504,-0.047718,0.233421,0.793664,-0.168831,-0.139474,0.567574,0.953683,-0.183647,-0.046704,0.233626,0.954472,-0.179504,-0.047718,0.233421,1.000000,
0.954472,-0.179504,-0.047718,0.233421,0.793664,-0.168831,-0.139474,0.567574,0.955472,-0.174101,-0.049038,0.233147,0.954472,-0.179504,-0.047718,0.233421,1.000000,
0.954472,-0.179504,-0.047718,0.233421,0.793664,-0.168831,-0.139474,0.567574,0.953683,-0.183647,-0.046704,0.233626,0.954472,-0.179504,-0.047718,0.233421,1.000000,
0.954472,-0.179504,-0.047718,0.233421,0.793664,-0.168831,-0.139474,0.567574,0.955472,-0.174101,-0.049038,0.233147,0.954472,-0.179504,-0.047718,0.233421,1.000000,
0.954472,-0.179504,-0.047718,0.233421,0.793664,-0.168831,-0.139474,0.567574,0.953683,-0.183647,-0.046704,0.233626,0.954472,-0.179504,-0.047718,0.233421,1.000000,
0.954472,-0.179504,-0.047718,0.233421,0.793664,-0.168831,-0.139474,0.567574,0.955472,-0.174101,-0.049038,0.233147,0.954472,-0.179504,-0.047718,0.233421,1.000000,
0.954472,-0.179504,-0.047718,0.233421,0.793664,-0.168831,-0.139474,0.567574,0.953683,-0.183647,-0.046704,0.233626,0.954472,-0.179504,-0.047718,0.233421,1.000000,
0.954472,-0.179504,-0.047718,0.233421,0.793664,-0.168831,-0.139474,0.567574,0.955472,-0.174101,-0.049038,0.233147,0.954472,-0.179504,-0.047718,0.233421,1.000000,
0.954472,-0.179504,-0.047718,0.233421,0.793664,-0.168831,-0.139474,0.567574,0.953683,-0.183647,-0.046704,0.233626,0.954472,-0.179504,-0.047718,0.233421,1.000000,
0.954472,-0.179504,-0.047718,0.233421,0.793664,-0.168831,-0.139474,0.567574,0.955472,-0.174101,-0.049038,0.233147,0.954472,-0.179504,-0.047718,0.233421,1.000000,
0.954472,-0.179504,-0.047718,0.233421,0.793664,-0.168831,-0.139474,0.567574,0.953683,-0.183647,-0.046704,0.233626,0.954472,-0.179504,-0.047718,0.233421,1.000000,
0.954472,-0.179504,-0.047718,0.233421,0.793664,-0.168831,-0.139474,0.567574,0.955472,-0.174101,-0.049038,0.233147,0.954472,-0.179504,-0.047718,0.233421,1.000000,
0.954472,-0.179504,-0.047718,0.233421,0.793664,-0.168831,-0.139474,0.567574,0.953683,-0.183647,-0.046704,0.233626,0.954472,-0.179504,-0.047718,0.233421,1.000000,
0.954472,-0.179504,-0.047718,0.233421,0.793664,-0.168831,-0.139474,0.567574,0.955472,-0.174101,-0.049038,0.233147,0.954472,-0.179504,-0.047718,0.233421,1.000000,
0.954472,-0.179504,-0.047718,0.233421,0.793664,-0.168831,-0.139474,0.567574,0.953683,-0.183647,-0.046704,0.233626,0.954472,-0.179504,-0.047718,0.233421,1.000000,
0.954472,-0.179504,-0.047718,0.233421,0.793664,-0.168831,-0.139474,0.567574,0.955472,-0.174101,-0.049038,0.233147,0.954472,-0.179504,-0.047718,0.233421,1.000000,
0.954472,-0.179504,-0.047718,0.233421,0.793664,-0.168831,-0.139474,0.567574,0.953683,-0.183647,-0.046704,0.233626,0.954472,-0.179504,-0.047718,0.233421,1.000000,
0.954472,-0.179504,-0.047718,0.233421,0.793664,-0.168831,-0.139474,0.567574,0.955472,-0.174101,-0.049038,0.233147,0.954472,-0.179504,-0.047718,0.233421,1.000000,
0.954472,-0.179504,-0.047718,0.233421,0.793664,-0.168831,-0.139474,0.567574,0.953683,-0.183647,-0.046704,0.233626,0.954472,-0.179504,-0.047718,0.233421,1.000000,
0.954472,-0.179504,-0.047718,0.233421,0.793664,-0.168831,-0.139474,0.567574,0.955472,-0.174101,-0.049038,0.233147,0.954472,-0.179504,-0.047718,0.233421,1.000000,
0.954472,-0.179504,-0.047718,0.233421,0.793664,-0.168831,-0.139474,0.567574,0.953683,-0.183647,-0.046704,0.233626,0.954472,-0.179504,-0.047718,0.233421,1.000000,
0.954472,-0.179504,-0.047718,0.233421,0.793664,-0.168831,-0.139474,0.567574,0.955472,-0.174101,-0.049038,0.233147,0.954472,-0.179504,-0.047718,0.233421,1.000000,
0.954472,-0.179504,-0.047718,0.233421,0.793664,-0.168831,-0.139474,0.567574,0.953683,-0.183647,-0.046704,0.233626,0.954472,-0.179504,-0.047718,0.233421,1.000000,
0.954472,-0.179504,-0.047718,0.233421,0.793664,-0.168831,-0.139474,0.567574,0.955472,-0.174101,-0.049038,0.233147,0.954472,-0.179504,-0.047718,0.233421,1.000000,
0.954472,-0.179504,-0.047718,0.233421,0.793664,-0.168831,-0.139474,0.567574,0.953683,-0.183647,-0.046704,0.233626,0.954472,-0.179504,-0.047718,0.233421,1.000000,
0.954472,-0.179504,-0.047718,0.233421,0.793664,-0.168831,-0.139474,0.567574,0.955472,-0.174101,-0.049038,0.233147,0.954472,-0.179504,-0.047718,0.233421,1.000000,
0.954472,-0.179504,-0.047718,0.233421,0.793664,-0.168831,-0.139474,0.567574,0.953683,-0.183647,-0.046704,0.233626,0.954472,-0.179504,-0.047718,0.233421,1.000000,
0.954472,-0.179504,-0.047718,0.233421,0.793664,-0.168831,-0.139474,0.567574,0.955472,-0.174102,-0.049038,0.233147,0.954472,-0.179504,-0.047718,0.233421,1.000000,
0.954472,-0.179504,-0.047718,0.233421,0.793664,-0.168831,-0.139474,0.567574,0.953683,-0.183647,-0.046704,0.233626,0.954472,-0.179504,-0.047718,0.233421,1.000000,
0.954472,-0.179504,-0.047718,0.233421,0.793664,-0.168831,-0.139474,0.567574,0.955472,-0.174102,-0.049038,0.233147,0.954472,-0.179504,-0.047718,0.233421,1.000000,
0.954472,-0.179504,-0.047718,0.233421,0.793664,-0.168831,-0.139474,0.567574,0.953683,-0.183648,-0.046704,0.233626,0.954472,-0.179504,-0.047718,0.233421,1.000000,
0.954472,-0.179504,-0.047718,0.233421,0.793664,-0.168831,-0.139474,0.567574,0.955472,-0.174102,-0.049038,0.233147,0.954472,-0.179504,-0.047718,0.233421,1.000000,
0.954472,-0.179504,-0.047718,0.233421,0.793664,-0.168831,-0.139474,0.567574,0.953683,-0.183648,-0.046704,0.233626,0.954472,-0.179504,-0.047718,0.233421,1.000000,
0.954472,-0.179504,-0.047718,0.233421,0.793664,-0.168831,-0.139474,0.567574,0.955472,-0.174102,-0.049038,0.233147,0.954472,-0.179504,-0.047718,0.233421,1.000000,
0.954472,-0.179504,-0.047718,0.233421,0.793664,-0.168831,-0.139474,0.567574,0.953683,-0.183648,-0.046704,0.233626,0.954472,-0.179504,-0.047718,0.233421,1.000000,
0.954472,-0.179504,-0.047718,0.233421,0.793664,-0.168831,-0.139474,0.567574,0.955472,-0.174102,-0.049038,0.233147,0.954472,-0.179504,-0.047718,0.233421,1.000000,
0.954472,-0.179504,-0.047718,0.233421,0.793664,-0.168831,-0.139474,0.567574,0.953683,-0.183648,-0.046704,0.233626,0.954472,-0.179504,-0.047718,0.233421,1.000000,
0.954472,-0.179504,-0.047718,0.233421,0.793664,-0.168831,-0.139474,0.567574,0.955472,-0.174102,-0.049038,0.233147,0.954472,-0.179504,-0.047718,0.233421,1.000000,
0.954472,-0.179504,-0.047718,0.233421,0.793664,-0.168831,-0.139474,0.567574,0.953683,-0.183648,-0.046704,0.233626,0.954472,-0.179504,-0.047718,0.233421,1.000000,
0.954472,-0.179504,-0.047718,0.233421,0.793664,-0.168831,-0.139474,0.567574,0.955472,-0.174102,-0.049038,0.233147,0.954472,-0.179504,-0.047718,0.233421,1.000000,
0.954472,-0.179504,-0.047718,0.233421,0.793664,-0.168831,-0.139474,0.567574,0.953683,-0.183648,-0.046704,0.233626,0.954472,-0.179504,-0.047718,0.233421,1.000000,
0.954472,-0.179504,-0.047718,0.233421,0.793664,-0.168831,-0.139474,0.567574,0.955472,-0.174102,-0.049038,0.233147,0.954472,-0.179504,-0.047718,0.233421,1.000000,
0.954472,-0.179504,-0.047718,0.233421,0.793664,-0.168831,-0.139474,0.567574,0.953683,-0.183648,-0.046704,0.233626,0.954472,-0.179504,-0.047718,0.233421,1.000000,
0.954472,-0.179504,-0.047718,0.233421,0.793664,-0.168831,-0.139474,0.567574,0.955472,-0.174102,-0.049038,0.233147,0.954472,-0.179504,-0.047718,0.233421,1.000000,
0.954472,-0.179504,-0.047718,0.233421,0.793664,-0.168831,-0.139474,0.567574,0.953683,-0.183648,-0.046704,0.233626,0.954472,-0.179504,-0.047718,0.233421,1.000000,
0.954472,-0.179504,-0.047718,0.233421,0.793664,-0.168831,-0.139474,0.567574,0.955472,-0.174102,-0.049038,0.233147,0.954472,-0.179504,-0.047718,0.233421,1.000000,
0.954472,-0.179504,-0.047718,0.233421,0.793664,-0.168831,-0.139474,0.567574,0.953683,-0.183648,-0.046704,0.233626,0.954472,-0.179504,-0.047718,0.233421,1.000000,
0.954472,-0.179504,-0.047718,0.233421,0.793664,-0.168831,-0.139474,0.567574,0.955472,-0.174102,-0.049038,0.233147,0.954472,-0.179504,-0.047718,0.233421,1.000000,
0.954472,-0.179504,-0.047718,0.233421,0.793664,-0.168831,-0.139474,0.567574,0.953683,-0.183648,-0.046704,0.233626,0.954472,-0.179504,-0.047718,0.233421,1.000000,
0.954472,-0.179504,-0.047718,0.233421,0.793664,-0.168831,-0.139474,0.567574,0.955472,-0.174102,-0.049038,0.233147,0.954472,-0.179504,-0.047718,0.233421,1.000000,
0.954472,-0.179504,-0.047718,0.233421,0.793664,-0.168831,-0.139474,0.567574,0.953683,-0.183648,-0.046704,0.233626,0.954472,-0.179504,-0.047718,0.233421,1.000000,
0.954472,-0.179504,-0.047718,0.233421,0.793664,-0.168831,-0.139474,0.567574,0.955472,-0.174102,-0.049038,0.233147,0.954472,-0.179504,-0.047718,0.233421,1.000000,
0.954472,-0.179504,-0.047718,0.233421,0.793664,-0.168831,-0.139474,0.567574,0.953683,-0.183648,-0.046704,0.233626,0.954472,-0.179504,-0.047718,0.233421,1.000000,
0.954472,-0.179504,-0.047718,0.233421,0.793664,-0.168831,-0.139474,0.567574,0.955472,-0.174102,-0.049038,0.233147,0.954472,-0.179504,-0.047718,0.233421,1.000000,
0.954472,-0.179504,-0.047718,0.233421,0.793664,-0.168831,-0.139474,0.567574,0.953683,-0.183648,-0.046704,0.233626,0.954472,-0.179504,-0.047718,0.233421,1.000000,
0.954472,-0.179504,-0.047718,0.233421,0.793664,-0.168831,-0.139474,0.567574,0.955472,-0.174102,-0.049038,0.233147,0.954472,-0.179504,-0.047718,0.233421,1.000000,
0.954472,-0.179504,-0.047718,0.233421,0.793664,-0.168831,-0.139474,0.567574,0.953683,-0.183648,-0.046704,0.233626,0.954472,-0.179504,-0.047718,0.233421,1.000000,
0.954472,-0.179504,-0.047718,0.233421,0.793664,-0.168831,-0.139474,0.567574,0.955472,-0.174102,-0.049038,0.233147,0.954472,-0.179504,-0.047718,0.233421,1.000000,
0.954472,-0.179504,-0.047718,0.233421,0.793664,-0.168831,-0.139474,0.567574,0.953683,-0.183648,-0.046704,0.233626,0.954472,-0.179504,-0.047718,0.233421,1.000000,
0.954472,-0.179504,-0.047718,0.233421,0.793664,-0.168831,-0.139474,0.567574,0.955472,-0.174103,-0.049038,0.233147,0.954472,-0.179504,-0.047718,0.233421,1.000000,
0.954472,-0.179504,-0.047718,0.233421,0.793664,-0.168831,-0.139474,0.567574,0.953683,-0.183648,-0.046704,0.233626,0.954472,-0.179504,-0.047718,0.233421,1.000000,
0.954472,-0.179504,-0.047718,0.233421,0.793664,-0.168831,-0.139474,0.567574,0.955472,-0.174103,-0.049038,0.233147,0.954472,-0.179504,-0.047718,0.233421,1.000000,
0.954472,-0.179504,-0.047718,0.233421,0.793664,-0.168831,-0.139474,0.567574,0.953683,-0.183649,-0.046704,0.233626,0.954472,-0.179504,-0.047718,0.233421,1.000000,
0.954472,-0.179504,-0.047718,0.233421,0.793664,-0.168831,-0.139474,0.567574,0.955472,-0.174103,-0.049038,0.233147,0.954472,-0.179504,-0.047718,0.233421,1.000000,
0.954472,-0.179504,-0.047718,0.233421,0.793664,-0.168831,-0.139474,0.567574,0.953683,-0.183649,-0.046704,0.233626,0.954472,-0.179504,-0.047718,0.233421,1.000000,
0.954472,-0.179504,-0.047718,0.233421,0.793664,-0.168831,-0.139474,0.567574,0.955472,-0.174103,-0.049037,0.233147,0.954472,-0.179504,-0.047718,0.233421,1.000000,
0.954472,-0.179504,-0.047718,0.233421,0.793664,-0.168831,-0.139474,0.567574,0.953683,-0.183649,-0.046704,0.233626,0.954472,-0.179504,-0.047718,0.233421,1.000000,
0.954472,-0.179504,-0.047718,0.233421,0.793664,-0.168831,-0.139474,0.567574,0.955472,-0.174103,-0.049037,0.233147,0.954472,-0.179504,-0.047718,0.233421,1.000000,
0.954472,-0.179504,-0.047718,0.233421,0.793664,-0.168831,-0.139474,0.567574,0.953683,-0.183649,-0.046704,0.233626,0.954472,-0.179504,-0.047718,0.233421,1.000000,
0.954472,-0.179504,-0.047718,0.233421,0.793664,-0.168831,-0.139474,0.567574,0.955472,-0.174103,-0.049037,0.233147,0.954472,-0.179504,-0.047718,0.233421,1.000000,
0.954472,-0.179504,-0.047718,0.233421,0.793664,-0.168831,-0.139474,0.567574,0.953683,-0.183649,-0.046704,0.233626,0.954472,-0.179504,-0.047718,0.233421,1.000000,
0.954472,-0.179504,-0.047718,0.233421,0.793664,-0.168831,-0.139474,0.567574,0.955472,-0.174103,-0.049037,0.233147,0.954472,-0.179504,-0.047718,0.233421,1.000000,
0.954472,-0.179504,-0.047718,0.233421,0.793664,-0.168831,-0.139474,0.567574,0.953683,-0.183649,-0.046704,0.233626,0.954472,-0.179504,-0.047718,0.233421,1.000000,
0.954472,-0.179504,-0.047718,0.233421,0.793664,-0.168831,-0.139474,0.567574,0.955472,-0.174103,-0.049037,0.233147,0.954472,-0.179504,-0.047718,0.233421,1.000000,
0.954472,-0.179504,-0.047718,0.233421,0.793664,-0.168831,-0.139474,0.567574,0.953683,-0.183649,-0.046704,0.233626,0.954472,-0.179504,-0.047718,0.233421,1.000000,
0.954472,-0.179504,-0.047718,0.233421,0.793664,-0.168831,-0.139474,0.567574,0.955472,-0.174103,-0.049037,0.233147,0.954472,-0.179504,-0.047718,0.233421,1.000000,
0.954472,-0.179504,-0.047718,0.233421,0.793664,-0.168831,-0.139474,0.567574,0.953683,-0.183649,-0.046704,0.233626,0.954472,-0.179504,-0.047718,0.233421,1.000000,
0.954472,-0.179504,-0.047718,0.233421,0.793664,-0.168831,-0.139474,0.567574,0.955472,-0.174103,-0.049037,0.233147,0.954472,-0.179504,-0.047718,0.233421,1.000000,
0.954472,-0.179504,-0.047718,0.233421,0.793664,-0.168831,-0.139474,0.567574,0.953683,-0.183649,-0.046703,0.233626,0.954472,-0.179504,-0.047718,0.233421,1.000000,
0.954472,-0.179504,-0.047718,0.233421,0.793664,-0.168831,-0.139474,0.567574,0.955472,-0.174103,-0.049037,0.233147,0.954472,-0.179504,-0.047718,0.233421,1.000000,
0.954472,-0.179504,-0.047718,0.233421,0.793664,-0.168831,-0.139474,0.567574,0.953683,-0.183649,-0.046703,0.233626,0.954472,-0.179504,-0.047718,0.233421,1.000000,
0.954472,-0.179504,-0.047718,0.233421,0.793664,-0.168831,-0.139474,0.567574,0.955472,-0.174103,-0.049037,0.233147,0.954472,-0.179504,-0.047718,0.233421,1.000000,
0.954472,-0.179504,-0.047718,0.233421,0.793664,-0.168831,-0.139474,0.567574,0.953683,-0.183649,-0.046703,0.233626,0.954472,-0.179504,-0.047718,0.233421,1.000000,
0.954472,-0.179504,-0.047718,0.233421,0.793664,-0.168831,-0.139474,0.567574,0.955471,-0.174103,-0.049037,0.233147,0.954472,-0.179504,-0.047718,0.233421,1.000000,
0.954472,-0.179504,-0.047718,0.233421,0.793664,-0.168831,-0.139474,0.567574,0.953683,-0.183649,-0.046703,0.233626,0.954472,-0.179504,-0.047718,0.233421,1.000000,
0.954472,-0.179504,-0.047718,0.233421,0.793664,-0.168831,-0.139474,0.567574,0.955471,-0.174103,-0.049037,0.233147,0.954472,-0.179504,-0.047718,0.233421,1.000000,
0.954472,-0.179504,-0.047718,0.233421,0.793664,-0.168831,-0.139474,0.567574,0.953683,-0.183649,-0.046703,0.233626,0.954472,-0.179504,-0.047718,0.233421,1.000000,
0.954472,-0.179504,-0.047718,0.233421,0.793664,-0.168831,-0.139474,0.567574,0.955471,-0.174103,-0.049037,0.233147,0.954472,-0.179504,-0.047718,0.233421,1.000000,
0.954472,-0.179504,-0.047718,0.233421,0.793664,-0.168831,-0.139474,0.567574,0.953683,-0.183649,-0.046703,0.233626,0.954472,-0.179504,-0.047718,0.233421,1.000000,
0.954472,-0.179504,-0.047718,0.233421,0.793664,-0.168831,-0.139474,0.567574,0.955471,-0.174103,-0.049037,0.233147,0.954472,-0.179504,-0.047718,0.233421,1.000000,
0.954472,-0.179504,-0.047718,0.233421,0.793664,-0.168831,-0.139474,0.567574,0.953683,-0.183649,-0.046703,0.233626,0.954472,-0.179504,-0.047718,0.233421,1.000000,
0.954472,-0.179504,-0.047718,0.233421,0.793664,-0.168831,-0.139474,0.567574,0.955471,-0.174104,-0.049037,0.233147,0.954472,-0.179504,-0.047718,0.233421,1.000000,
0.954472,-0.179504,-0.047718,0.233421,0.793664,-0.168831,-0.139474,0.567574,0.953683,-0.183649,-0.046703,0.233626,0.954472,-0.179504,-0.047718,0.233421,1.000000,
0.954472,-0.179504,-0.047718,0.233421,0.793664,-0.168831,-0.139474,0.567574,0.955471,-0.174104,-0.049037,0.233147,0.954472,-0.179504,-0.047718,0.233421,1.000000,
0.954472,-0.179504,-0.047718,0.233421,0.793664,-0.168831,-0.139474,0.567574,0.953683,-0.183650,-0.046703,0.233626,0.954472,-0.179504,-0.047718,0.233421,1.000000,
0.954472,-0.179504,-0.047718,0.233421,0.793664,-0.168831,-0.139474,0.567574,0.955471,-0.174104,-0.049037,0.233147,0.954472,-0.179504,-0.047718,0.233421,1.000000,
0.954472,-0.179504,-0.047718,0.233421,0.793664,-0.168831,-0.139474,0.567574,0.953683,-0.183650,-0.046703,0.233626,0.954472,-0.179504,-0.047718,0.233421,1.000000,
0.954472,-0.179504,-0.047718,0.233421,0.793664,-0.168831,-0.139474,0.567574,0.955471,-0.174104,-0.049037,0.233147,0.954472,-0.179504,-0.047718,0.233421,1.000000,
0.954472,-0.179504,-0.047718,0.233421,0.793664,-0.168831,-0.139474,0.567574,0.953683,-0.183650,-0.046703,0.233626,0.954472,-0.179504,-0.047718,0.233421,1.000000,
0.954472,-0.179504,-0.047718,0.233421,0.793664,-0.168831,-0.139474,0.567574,0.955471,-0.174104,-0.049037,0.233147,0.954472,-0.179504,-0.047718,0.233421,1.000000,
0.954472,-0.179504,-0.047718,0.233421,0.793664,-0.168831,-0.139474,0.567574,0.953683,-0.183650,-0.046703,0.233626,0.954472,-0.179504,-0.047718,0.233421,1.000000,
0.954472,-0.179504,-0.047718,0.233421,0.793664,-0.168831,-0.139474,0.567574,0.955471,-0.174104,-0.049037,0.233147,0.954472,-0.179504,-0.047718,0.233421,1.000000,
0.954472,-0.179504,-0.047718,0.233421,0.793664,-0.168831,-0.139474,0.567574,0.953683,-0.183650,-0.046703,0.233626,0.954472,-0.179504,-0.047718,0.233421,1.000000,
0.954472,-0.179504,-0.047718,0.233421,0.793664,-0.168831,-0.139474,0.567574,0.955471,-0.174104,-0.049037,0.233147,0.954472,-0.179504,-0.047718,0.233421,1.000000,
0.954472,-0.179504,-0.047718,0.233421,0.793664,-0.168831,-0.139474,0.567574,0.953683,-0.183650,-0.046703,0.233626,0.954472,-0.179504,-0.047718,0.233421,1.000000,
0.954472,-0.179504,-0.047718,0.233421,0.793664,-0.168831,-0.139474,0.567574,0.955471,-0.174104,-0.049037,0.233147,0.954472,-0.179504,-0.047718,0.233421,1.000000,
0.954472,-0.179504,-0.047718,0.233421,0.793664,-0.168831,-0.139474,0.567574,0.953683,-0.183650,-0.046703,0.233626,0.954472,-0.179504,-0.047718,0.233421,1.000000,
0.954472,-0.179504,-0.047718,0.233421,0.793664,-0.168831,-0.139474,0.567574,0.955471,-0.174104,-0.049037,0.233147,0.954472,-0.179504,-0.047718,0.233421,1.000000,
0.954472,-0.179504,-0.047718,0.233421,0.793664,-0.168831,-0.139474,0.567574,0.953683,-0.183650,-0.046703,0.233626,0.954472,-0.179504,-0.047718,0.233421,1.000000,
0.954472,-0.179504,-0.047718,0.233421,0.793664,-0.168831,-0.139474,0.567574,0.955471,-0.174104,-0.049037,0.233147,0.954472,-0.179504,-0.047718,0.233421,1.000000,
0.954472,-0.179504,-0.047718,0.233421,0.793664,-0.168831,-0.139474,0.567574,0.953683,-0.183650,-0.046703,0.233626,0.954472,-0.179504,-0.047718,0.233421,1.000000,
0.954472,-0.179504,-0.047718,0.233421,0.793664,-0.168831,-0.139474,0.567574,0.955471,-0.174104,-0.049037,0.233147,0.954472,-0.179504,-0.047718,0.233421,1.000000,
0.954472,-0.179504,-0.047718,0.233421,0.793664,-0.168831,-0.139474,0.567574,0.953683,-0.183650,-0.046703,0.233626,0.954472,-0.179504,-0.047718,0.233421,1.000000,
0.954472,-0.179504,-0.047718,0.233421,0.793664,-0.168831,-0.139474,0.567574,0.955471,-0.174104,-0.049037,0.233147,0.954472,-0.179504,-0.047718,0.233421,1.000000,
0.954472,-0.179504,-0.047718,0.233421,0.793664,-0.168831,-0.139474,0.567574,0.953683,-0.183650,-0.046703,0.233626,0.954472,-0.179504,-0.047718,0.233421,1.000000,
0.954472,-0.179504,-0.047718,0.233421,0.793664,-0.168831,-0.139474,0.567574,0.955471,-0.174104,-0.049037,0.233147,0.954472,-0.179504,-0.047718,0.233421,1.000000,
0.954472,-0.179504,-0.047718,0.233421,0.793664,-0.168831,-0.139474,0.567574,0.953683,-0.183650,-0.046703,0.233626,0.954472,-0.179504,-0.047718,0.233421,1.000000,
0.954472,-0.179504,-0.047718,0.233421,0.793664,-0.168831,-0.139474,0.567574,0.955471,-0.174104,-0.049037,0.233147,0.954472,-0.179504,-0.047718,0.233421,1.000000,
0.954472,-0.179504,-0.047718,0.233421,0.793664,-0.168831,-0.139474,0.567574,0.953683,-0.183650,-0.046703,0.233626,0.954472,-0.179504,-0.047718,0.233421,1.000000,
0.954472,-0.179504,-0.047718,0.233421,0.793664,-0.168831,-0.139474,0.567574,0.955471,-0.174104,-0.049037,0.233147,0.954472,-0.179504,-0.047718,0.233421,1.000000,
0.954472,-0.179504,-0.047718,0.233421,0.793664,-0.168831,-0.139474,0.567574,0.953682,-0.183650,-0.046703,0.233626,0.954472,-0.179504,-0.047718,0.233421,1.000000,
0.954472,-0.179504,-0.047718,0.233421,0.793664,-0.168831,-0.139474,0.567574,0.955471,-0.174104,-0.049037,0.233147,0.954472,-0.179504,-0.047718,0.233421,1.000000,
0.954472,-0.179504,-0.047718,0.233421,0.793664,-0.168831,-0.139474,0.567574,0.953682,-0.183650,-0.046703,0.233626,0.954472,-0.179504,-0.047718,0.233421,1.000000,
0.954472,-0.179504,-0.047718,0.233421,0.793664,-0.168831,-0.139474,0.567574,0.955471,-0.174105,-0.049037,0.233147,0.954472,-0.179504,-0.047718,0.233421,1.000000,
0.954472,-0.179504,-0.047718,0.233421,0.793664,-0.168831,-0.139474,0.567574,0.953682,-0.183650,-0.046703,0.233626,0.954472,-0.179504,-0.047718,0.233421,1.000000,
0.954472,-0.179504,-0.047718,0.233421,0.793664,-0.168831,-0.139474,0.567574,0.955471,-0.174105,-0.049037,0.233147,0.954472,-0.179504,-0.047718,0.233421,1.000000,
0.954472,-0.179504,-0.047718,0.233421,0.793664,-0.168831,-0.139474,0.567574,0.953682,-0.183651,-0.046703,0.233626,0.954472,-0.179504,-0.047718,0.233421,1.000000,
0.954472,-0.179504,-0.047718,0.233421,0.793664,-0.168831,-0.139474,0.567574,0.955471,-0.174105,-0.049037,0.233147,0.954472,-0.179504,-0.047718,0.233421,1.000000,
0.954472,-0.179504,-0.047718,0.233421,0.793664,-0.168831,-0.139474,0.567574,0.953682,-0.183651,-0.046703,0.233626,0.954472,-0.179504,-0.047718,0.233421,1.000000,
0.954472,-0.179504,-0.047718,0.233421,0.793664,-0.168831,-0.139474,0.567574,0.955471,-0.174105,-0.049037,0.233147,0.954472,-0.179504,-0.047718,0.233421,1.000000,
0.954472,-0.179504,-0.047718,0.233421,0.793664,-0.168831,-0.139474,0.567574,0.953682,-0.183651,-0.046703,0.233626,0.954472,-0.179504,-0.047718,0.233421,1.000000,
0.954472,-0.179504,-0.047718,0.233421,0.793664,-0.168831,-0.139474,0.567574,0.955471,-0.174105,-0.049037,0.233147,0.954472,-0.179504,-0.047718,0.233421,1.000000,
0.954472,-0.179504,-0.047718,0.233421,0.793664,-0.168831,-0.139474,0.567574,0.953682,-0.183651,-0.046703,0.233626,0.954472,-0.179504,-0.047718,0.233421,1.000000,
0.954472,-0.179504,-0.047718,0.233421,0.793664,-0.168831,-0.139474,0.567574,0.955471,-0.174105,-0.049037,0.233147,0.954472,-0.179504,-0.047718,0.233421,1.000000,
0.954472,-0.179504,-0.047718,0.233421,0.793664,-0.168831,-0.139474,0.567574,0.953682,-0.183651,-0.046703,0.233626,0.954472,-0.179504,-0.047718,0.233421,1.000000,
0.954472,-0.179504,-0.047718,0.233421,0.793664,-0.168831,-0.139474,0.567574,0.955471,-0.174105,-0.049037,0.233147,0.954472,-0.179504,-0.047718,0.233421,1.000000,
0.954472,-0.179504,-0.047718,0.233421,0.793664,-0.168831,-0.139474,0.567574,0.953682,-0.183651,-0.046703,0.233626,0.954472,-0.179504,-0.047718,0.233421,1.000000,
0.954472,-0.179504,-0.047718,0.233421,0.793664,-0.168831,-0.139474,0.567574,0.955471,-0.174105,-0.049037,0.233147,0.954472,-0.179504,-0.047718,0.233421,1.000000,
0.954472,-0.179504,-0.047718,0.233421,0.793664,-0.168831,-0.139474,0.567574,0.953682,-0.183651,-0.046703,0.233626,0.954472,-0.179504,-0.047718,0.233421,1.000000,
0.954472,-0.179504,-0.047718,0.233421,0.793664,-0.168831,-0.139474,0.567574,0.955471,-0.174105,-0.049037,0.233147,0.954472,-0.179504,-0.047718,0.233421,1.000000,
0.954472,-0.179504,-0.047718,0.233421,0.793664,-0.168831,-0.139474,0.567574,0.953682,-0.183651,-0.046703,0.233626,0.954472,-0.179504,-0.047718,0.233421,1.000000,
0.954472,-0.179504,-0.047718,0.233421,0.793664,-0.168831,-0.139474,0.567574,0.955471,-0.174105,-0.049037,0.233147,0.954472,-0.179504,-0.047718,0.233421,1.000000,
0.954472,-0.179504,-0.047718,0.233421,0.793664,-0.168831,-0.139474,0.567574,0.953682,-0.183651,-0.046703,0.233626,0.954472,-0.179504,-0.047718,0.233421,1.000000,
0.954472,-0.179504,-0.047718,0.233421,0.793664,-0.168831,-0.139474,0.567574,0.955471,-0.174105,-0.049037,0.233147,0.954472,-0.179504,-0.047718,0.233421,1.000000,
0.954472,-0.179504,-0.047718,0.233421,0.793664,-0.168831,-0.139474,0.567574,0.953682,-0.183651,-0.046703,0.233626,0.954472,-0.179504,-0.047718,0.233421,1.000000,
0.954472,-0.179504,-0.047718,0.233421,0.793664,-0.168831,-0.139474,0.567574,0.955471,-0.174105,-0.049037,0.233147,0.954472,-0.179504,-0.047718,0.233421,1.000000,
0.954472,-0.179504,-0.047718,0.233421,0.793664,-0.168831,-0.139474,0.567574,0.953682,-0.183651,-0.046703,0.233626,0.954472,-0.179504,-0.047718,0.233421,1.000000,
0.954472,-0.179504,-0.047718,0.233421,0.793664,-0.168831,-0.139474,0.567574,0.955471,-0.174105,-0.049037,0.233147,0.954472,-0.179504,-0.047718,0.233421,1.000000,
0.954472,-0.179504,-0.047718,0.233421,0.793664,-0.168831,-0.139474,0.567574,0.953682,-0.183651,-0.046703,0.233626,0.954472,-0.179504,-0.047718,0.233421,1.000000,
0.954472,-0.179504,-0.047718,0.233421,0.793664,-0.168831,-0.139474,0.567574,0.955471,-0.174105,-0.049037,0.233147,0.954472,-0.179504,-0.047718,0.233421,1.000000,
0.954472,-0.179504,-0.047718,0.233421,0.793664,-0.168831,-0.139474,0.567574,0.953682,-0.183651,-0.046703,0.233626,0.954472,-0.179504,-0.047718,0.233421,1.000000,
0.954472,-0.179504,-0.047718,0.233421,0.793664,-0.168831,-0.139474,0.567574,0.955471,-0.174105,-0.049037,0.233147,0.954472,-0.179504,-0.047718,0.233421,1.000000,
0.954472,-0.179504,-0.047718,0.233421,0.793664,-0.168831,-0.139474,0.567574,0.953682,-0.183651,-0.046703,0.233626,0.954472,-0.179504,-0.047718,0.233421,1.000000,
0.954472,-0.179504,-0.047718,0.233421,0.793664,-0.168831,-0.139474,0.567574,0.955471,-0.174105,-0.049037,0.233147,0.954472,-0.179504,-0.047718,0.233421,1.000000,
0.954472,-0.179504,-0.047718,0.233421,0.793664,-0.168831,-0.139474,0.567574,0.953682,-0.183651,-0.046703,0.233626,0.954472,-0.179504,-0.047718,0.233421,1.000000,
0.954472,-0.179504,-0.047718,0.233421,0.793664,-0.168831,-0.139474,0.567574,0.955471,-0.174106,-0.049037,0.233147,0.954472,-0.179504,-0.047718,0.233421,1.000000,
0.954472,-0.179504,-0.047718,0.233421,0.793664,-0.168831,-0.139474,0.567574,0.953682,-0.183651,-0.046703,0.233626,0.954472,-0.179504,-0.047718,0.233421,1.000000,
0.954472,-0.179504,-0.047718,0.233421,0.793664,-0.168831,-0.139474,0.567574,0.955471,-0.174106,-0.049037,0.233147,0.954472,-0.179504,-0.047718,0.233421,1.000000,
0.954472,-0.179504,-0.047718,0.233421,0.793664,-0.168831,-0.139474,0.567574,0.953682,-0.183652,-0.046703,0.233626,0.954472,-0.179504,-0.047718,0.233421,1.000000,
0.954472,-0.179504,-0.047718,0.233421,0.793664,-0.168831,-0.139474,0.567574,0.955471,-0.174106,-0.049037,0.233147,0.954472,-0.179504,-0.047718,0.233421,1.000000,
0.954472,-0.179504,-0.047718,0.233421,0.793664,-0.168831,-0.139474,0.567574,0.953682,-0.183652,-0.046703,0.233626,0.954472,-0.179504,-0.047718,0.233421,1.000000,
0.954472,-0.179504,-0.047718,0.233421,0.793664,-0.168831,-0.139474,0.567574,0.955471,-0.174106,-0.049037,0.233147,0.954472,-0.179504,-0.047718,0.233421,1.000000,
0.954472,-0.179504,-0.047718,0.233421,0.793664,-0.168831,-0.139474,0.567574,0.953682,-0.183652,-0.046703,0.233626,0.954472,-0.179504,-0.047718,0.233421,1.000000,
0.954472,-0.179504,-0.047718,0.233421,0.793664,-0.168831,-0.139474,0.567574,0.955471,-0.174106,-0.049037,0.233147,0.954472,-0.179504,-0.047718,0.233421,1.000000,
0.954472,-0.179504,-0.047718,0.233421,0.793664,-0.168831,-0.139474,0.567574,0.953682,-0.183652,-0.046703,0.233626,0.954472,-0.179504,-0.047718,0.233421,1.000000,
0.954472,-0.179504,-0.047718,0.233421,0.793664,-0.168831,-0.139474,0.567574,0.955471,-0.174106,-0.049037,0.233147,0.954472,-0.179504,-0.047718,0.233421,1.000000,
0.954472,-0.179504,-0.047718,0.233421,0.793664,-0.168831,-0.139474,0.567574,0.953682,-0.183652,-0.046703,0.233626,0.954472,-0.179504,-0.047718,0.233421,1.000000,
0.954472,-0.179504,-0.047718,0.233421,0.793664,-0.168831,-0.139474,0.567574,0.955471,-0.174106,-0.049037,0.233147,0.954472,-0.179504,-0.047718,0.233421,1.000000,
0.954472,-0.179504,-0.047718,0.233421,0.793664,-0.168831,-0.139474,0.567574,0.953682,-0.183652,-0.046703,0.233626,0.954472,-0.179504,-0.047718,0.233421,1.000000,
0.954472,-0.179504,-0.047718,0.233421,0.793664,-0.168831,-0.139474,0.567574,0.955471,-0.174106,-0.049037,0.233147,0.954472,-0.179504,-0.047718,0.233421,1.000000,
0.954472,-0.179504,-0.047718,0.233421,0.793664,-0.168831,-0.139474,0.567574,0.953682,-0.183652,-0.046703,0.233626,0.954472,-0.179504,-0.047718,0.233421,1.000000,
0.954472,-0.179504,-0.047718,0.233421,0.793664,-0.168831,-0.139474,0.567574,0.955471,-0.174106,-0.049037,0.233147,0.954472,-0.179504,-0.047718,0.233421,1.000000,
0.954472,-0.179504,-0.047718,0.233421,0.793664,-0.168831,-0.139474,0.567574,0.953682,-0.183652,-0.046703,0.233626,0.954472,-0.179504,-0.047718,0.233421,1.000000,
0.954472,-0.179504,-0.047718,0.233421,0.793664,-0.168831,-0.139474,0.567574,0.955471,-0.174106,-0.049037,0.233147,0.954472,-0.179504,-0.047718,0.233421,1.000000,
0.954472,-0.179504,-0.047718,0.233421,0.793664,-0.168831,-0.139474,0.567574,0.953682,-0.183652,-0.046703,0.233626,0.954472,-0.179504,-0.047718,0.233421,1.000000,
0.954472,-0.179504,-0.047718,0.233421,0.793664,-0.168831,-0.139474,0.567574,0.955471,-0.174106,-0.049037,0.233147,0.954472,-0.179504,-0.047718,0.233421,1.000000,
0.954472,-0.179504,-0.047718,0.233421,0.793664,-0.168831,-0.139474,0.567574,0.953682,-0.183652,-0.046703,0.233626,0.954472,-0.179504,-0.047718,0.233421,1.000000,
0.954472,-0.179504,-0.047718,0.233421,0.793664,-0.168831,-0.139474,0.567574,0.955471,-0.174106,-0.049037,0.233147,0.954472,-0.179504,-0.047718,0.233421,1.000000,
0.954472,-0.179504,-0.047718,0.233421,0.793664,-0.168831,-0.139474,0.567574,0.953682,-0.183652,-0.046703,0.233626,0.954472,-0.179504,-0.047718,0.233421,1.000000,
0.954472,-0.179504,-0.047718,0.233421,0.793664,-0.168831,-0.139474,0.567574,0.955471,-0.174106,-0.049037,0.233147,0.954472,-0.179504,-0.047718,0.233421,1.000000,
0.954472,-0.179504,-0.047718,0.233421,0.793664,-0.168831,-0.139474,0.567574,0.953682,-0.183652,-0.046703,0.233626,0.954472,-0.179504,-0.047718,0.233421,1.000000,
0.954472,-0.179504,-0.047718,0.233421,0.793664,-0.168831,-0.139474,0.567574,0.955471,-0.174106,-0.049037,0.233147,0.954472,-0.179504,-0.047718,0.233421,1.000000,
0.954472,-0.179504,-0.047718,0.233421,0.793664,-0.168831,-0.139474,0.567574,0.953682,-0.183652,-0.046703,0.233626,0.954472,-0.179504,-0.047718,0.233421,1.000000,
0.954472,-0.179504,-0.047718,0.233421,0.793664,-0.168831,-0.139474,0.567574,0.955471,-0.174106,-0.049037,0.233147,0.954472,-0.179504,-0.047718,0.233421,1.000000,
0.954472,-0.179504,-0.047718,0.233421,0.793664,-0.168831,-0.139474,0.567574,0.953682,-0.183652,-0.046703,0.233626,0.954472,-0.179504,-0.047718,0.233421,1.000000,
0.954472,-0.179504,-0.047718,0.233421,0.793664,-0.168831,-0.139474,0.567574,0.955471,-0.174106,-0.049037,0.233147,0.954472,-0.179504,-0.047718,0.233421,1.000000,
0.954472,-0.179504,-0.047718,0.233421,0.793664,-0.168831,-0.139474,0.567574,0.953682,-0.183652,-0.046703,0.233626,0.954472,-0.179504,-0.047718,0.233421,1.000000,
0.954472,-0.179504,-0.047718,0.233421,0.793664,-0.168831,-0.139474,0.567574,0.955471,-0.174107,-0.049037,0.233147,0.954472,-0.179504,-0.047718,0.233421,1.000000,
0.954472,-0.179504,-0.047718,0.233421,0.793664,-0.168831,-0.139474,0.567574,0.953682,-0.183652,-0.046703,0.233626,0.954472,-0.179504,-0.047718,0.233421,1.000000,
0.954472,-0.179504,-0.047718,0.233421,0.793664,-0.168831,-0.139474,0.567574,0.955471,-0.174107,-0.049037,0.233147,0.954472,-0.179504,-0.047718,0.233421,1.000000,
0.954472,-0.179504,-0.047718,0.233421,0.793664,-0.168831,-0.139474,0.567574,0.953682,-0.183653,-0.046703,0.233626,0.954472,-0.179504,-0.047718,0.233421,1.000000,
0.954472,-0.179504,-0.047718,0.233421,0.793664,-0.168831,-0.139474,0.567574,0.955471,-0.174107,-0.049037,0.233147,0.954472,-0.179504,-0.047718,0.233421,1.000000,
0.954472,-0.179504,-0.047718,0.233421,0.793664,-0.168831,-0.139474,0.567574,0.953682,-0.183653,-0.046703,0.233626,0.954472,-0.179504,-0.047718,0.233421,1.000000,
0.954472,-0.179504,-0.047718,0.233421,0.793664,-0.168831,-0.139474,0.567574,0.955471,-0.174107,-0.049037,0.233147,0.954472,-0.179504,-0.047718,0.233421,1.000000,
0.954472,-0.179504,-0.047718,0.233421,0.793664,-0.168831,-0.139474,0.567574,0.953682,-0.183653,-0.046703,0.233626,0.954472,-0.179504,-0.047718,0.233421,1.000000,
0.954472,-0.179504,-0.047718,0.233421,0.793664,-0.168831,-0.139474,0.567574,0.955471,-0.174107,-0.049036,0.233147,0.954472,-0.179504,-0.047718,0.233421,1.000000,
0.954472,-0.179504,-0.047718,0.233421,0.793664,-0.168831,-0.139474,0.567574,0.953682,-0.183653,-0.046703,0.233626,0.954472,-0.179504,-0.047718,0.233421,1.000000,
0.954472,-0.179504,-0.047718,0.233421,0.793664,-0.168831,-0.139474,0.567574,0.955471,-0.174107,-0.049036,0.233147,0.954472,-0.179504,-0.047718,0.233421,1.000000,
0.954472,-0.179504,-0.047718,0.233421,0.793664,-0.168831,-0.139474,0.567574,0.953682,-0.183653,-0.046703,0.233626,0.954472,-0.179504,-0.047718,0.233421,1.000000,
0.954472,-0.179504,-0.047718,0.233421,0.793664,-0.168831,-0.139474,0.567574,0.955471,-0.174107,-0.049036,0.233147,0.954472,-0.179504,-0.047718,0.233421,1.000000,
0.954472,-0.179504,-0.047718,0.233421,0.793664,-0.168831,-0.139474,0.567574,0.953682,-0.183653,-0.046703,0.233626,0.954472,-0.179504,-0.047718,0.233421,1.000000,
0.954472,-0.179504,-0.047718,0.233421,0.793664,-0.168831,-0.139474,0.567574,0.955471,-0.174107,-0.049036,0.233147,0.954472,-0.179504,-0.047718,0.233421,1.000000,
0.954472,-0.179504,-0.047718,0.233421,0.793664,-0.168831,-0.139474,0.567574,0.953682,-0.183653,-0.046703,0.233626,0.954472,-0.179504,-0.047718,0.233421,1.000000,
0.954472,-0.179504,-0.047718,0.233421,0.793664,-0.168831,-0.139474,0.567574,0.955471,-0.174107,-0.049036,0.233147,0.954472,-0.179504,-0.047718,0.233421,1.000000,
0.954472,-0.179504,-0.047718,0.233421,0.793664,-0.168831,-0.139474,0.567574,0.953682,-0.183653,-0.046703,0.233626,0.954472,-0.179504,-0.047718,0.233421,1.000000,
0.954472,-0.179504,-0.047718,0.233421,0.793664,-0.168831,-0.139474,0.567574,0.955471,-0.174107,-0.049036,0.233147,0.954472,-0.179504,-0.047718,0.233421,1.000000,
0.954472,-0.179504,-0.047718,0.233421,0.793664,-0.168831,-0.139474,0.567574,0.953682,-0.183653,-0.046703,0.233626,0.954472,-0.179504,-0.047718,0.233421,1.000000,
0.954472,-0.179504,-0.047718,0.233421,0.793664,-0.168831,-0.139474,0.567574,0.955471,-0.174107,-0.049036,0.233147,0.954472,-0.179504,-0.047718,0.233421,1.000000,
0.954472,-0.179504,-0.047718,0.233421,0.793664,-0.168831,-0.139474,0.567574,0.953682,-0.183653,-0.046703,0.233626,0.954472,-0.179504,-0.047718,0.233421,1.000000,
0.954472,-0.179504,-0.047718,0.233421,0.793664,-0.168831,-0.139474,0.567574,0.955471,-0.174107,-0.049036,0.233147,0.954472,-0.179504,-0.047718,0.233421,1.000000,
0.954472,-0.179504,-0.047718,0.233421,0.793664,-0.168831,-0.139474,0.567574,0.953682,-0.183653,-0.046702,0.233626,0.954472,-0.179504,-0.047718,0.233421,1.000000,
0.954472,-0.179504,-0.047718,0.233421,0.793664,-0.168831,-0.139474,0.567574,0.955471,-0.174107,-0.049036,0.233147,0.954472,-0.179504,-0.047718,0.233421,1.000000,
0.954472,-0.179504,-0.047718,0.233421,0.793664,-0.168831,-0.139474,0.567574,0.953682,-0.183653,-0.046702,0.233626,0.954472,-0.179504,-0.047718,0.233421,1.000000,
0.954472,-0.179504,-0.047718,0.233421,0.793664,-0.168831,-0.139474,0.567574,0.955471,-0.174107,-0.049036,0.233147,0.954472,-0.179504,-0.047718,0.233421,1.000000,
0.954472,-0.179504,-0.047718,0.233421,0.793664,-0.168831,-0.139474,0.567574,0.953682,-0.183653,-0.046702,0.233626,0.954472,-0.179504,-0.047718,0.233421,1.000000,
0.954472,-0.179504,-0.047718,0.233421,0.793664,-0.168831,-0.139474,0.567574,0.955471,-0.174107,-0.049036,0.233147,0.954472,-0.179504,-0.047718,0.233421,1.000000,
0.954472,-0.179504,-0.047718,0.233421,0.793664,-0.168831,-0.139474,0.567574,0.953682,-0.183653,-0.046702,0.233626,0.954472,-0.179504,-0.047718,0.233421,1.000000,
0.954472,-0.179504,-0.047718,0.233421,0.793664,-0.168831,-0.139474,0.567574,0.955471,-0.174107,-0.049036,0.233147,0.954472,-0.179504,-0.047718,0.233421,1.000000,
0.954472,-0.179504,-0.047718,0.233421,0.793664,-0.168831,-0.139474,0.567574,0.953682,-0.183653,-0.046702,0.233626,0.954472,-0.179504,-0.047718,0.233421,1.000000,
0.954472,-0.179504,-0.047718,0.233421,0.793664,-0.168831,-0.139474,0.567574,0.955471,-0.174108,-0.049036,0.233147,0.954472,-0.179504,-0.047718,0.233421,1.000000,
0.954472,-0.179504,-0.047718,0.233421,0.793664,-0.168831,-0.139474,0.567574,0.953682,-0.183653,-0.046702,0.233626,0.954472,-0.179504,-0.047718,0.233421,1.000000,
0.954472,-0.179504,-0.047718,0.233421,0.793664,-0.168831,-0.139474,0.567574,0.955471,-0.174108,-0.049036,0.233147,0.954472,-0.179504,-0.047718,0.233421,1.000000,
0.954472,-0.179504,-0.047718,0.233421,0.793664,-0.168831,-0.139474,0.567574,0.953682,-0.183654,-0.046702,0.233626,0.954472,-0.179504,-0.047718,0.233421,1.000000,
0.954472,-0.179504,-0.047718,0.233421,0.793664,-0.168831,-0.139474,0.567574,0.955471,-0.174108,-0.049036,0.233147,0.954472,-0.179504,-0.047718,0.233421,1.000000,
0.954472,-0.179504,-0.047718,0.233421,0.793664,-0.168831,-0.139474,0.567574,0.953682,-0.183654,-0.046702,0.233626,0.954472,-0.179504,-0.047718,0.233421,1.000000,
0.954472,-0.179504,-0.047718,0.233421,0.793664,-0.168831,-0.139474,0.567574,0.955471,-0.174108,-0.049036,0.233147,0.954472,-0.179504,-0.047718,0.233421,1.000000,
0.954472,-0.179504,-0.047718,0.233421,0.793664,-0.168831,-0.139474,0.567574,0.953682,-0.183654,-0.046702,0.233626,0.954472,-0.179504,-0.047718,0.233421,1.000000,
0.954472,-0.179504,-0.047718,0.233421,0.793664,-0.168831,-0.139474,0.567574,0.955471,-0.174108,-0.049036,0.233147,0.954472,-0.179504,-0.047718,0.233421,1.000000,
0.954472,-0.179504,-0.047718,0.233421,0.793664,-0.168831,-0.139474,0.567574,0.953682,-0.183654,-0.046702,0.233626,0.954472,-0.179504,-0.047718,0.233421,1.000000,
0.954472,-0.179504,-0.047718,0.233421,0.793664,-0.168831,-0.139474,0.567574,0.955471,-0.174108,-0.049036,0.233147,0.954472,-0.179504,-0.047718,0.233421,1.000000,
0.954472,-0.179504,-0.047718,0.233421,0.793664,-0.168831,-0.139474,0.567574,0.953682,-0.183654,-0.046702,0.233626,0.954472,-0.179504,-0.047718,0.233421,1.000000,
0.954472,-0.179504,-0.047718,0.233421,0.793664,-0.168831,-0.139474,0.567574,0.955471,-0.174108,-0.049036,0.233147,0.954472,-0.179504,-0.047718,0.233421,1.000000,
0.954472,-0.179504,-0.047718,0.233421,0.793664,-0.168831,-0.139474,0.567574,0.953682,-0.183654,-0.046702,0.233626,0.954472,-0.179504,-0.047718,0.233421,1.000000,
0.954472,-0.179504,-0.047718,0.233421,0.793664,-0.168831,-0.139474,0.567574,0.955471,-0.174108,-0.049036,0.233147,0.954472,-0.179504,-0.047718,0.233421,1.000000,
0.954472,-0.179504,-0.047718,0.233421,0.793664,-0.168831,-0.139474,0.567574,0.953682,-0.183654,-0.046702,0.233626,0.954472,-0.179504,-0.047718,0.233421,1.000000,
0.954472,-0.179504,-0.047718,0.233421,0.793664,-0.168831,-0.139474,0.567574,0.955471,-0.174108,-0.049036,0.233147,0.954472,-0.179504,-0.047718,0.233421,1.000000,
0.954472,-0.179504,-0.047718,0.233421,0.793664,-0.168831,-0.139474,0.567574,0.953682,-0.183654,-0.046702,0.233626,0.954472,-0.179504,-0.047718,0.233421,1.000000,
0.954472,-0.179504,-0.047718,0.233421,0.793664,-0.168831,-0.139474,0.567574,0.955471,-0.174108,-0.049036,0.233147,0.954472,-0.179504,-0.047718,0.233421,1.000000,
0.954472,-0.179504,-0.047718,0.233421,0.793664,-0.168831,-0.139474,0.567574,0.953682,-0.183654,-0.046702,0.233626,0.954472,-0.179504,-0.047718,0.233421,1.000000,
0.954472,-0.179504,-0.047718,0.233421,0.793664,-0.168831,-0.139474,0.567574,0.955471,-0.174108,-0.049036,0.233147,0.954472,-0.179504,-0.047718,0.233421,1.000000,
0.954472,-0.179504,-0.047718,0.233421,0.793664,-0.168831,-0.139474,0.567574,0.953682,-0.183654,-0.046702,0.233626,0.954472,-0.179504,-0.047718,0.233421,1.000000,
0.954472,-0.179504,-0.047718,0.233421,0.793664,-0.168831,-0.139474,0.567574,0.955471,-0.174108,-0.049036,0.233147,0.954472,-0.179504,-0.047718,0.233421,1.000000,
0.954472,-0.179504,-0.047718,0.233421,0.793664,-0.168831,-0.139474,0.567574,0.953682,-0.183654,-0.046702,0.233626,0.954472,-0.179504,-0.047718,0.233421,1.000000,
0.954472,-0.179504,-0.047718,0.233421,0.793664,-0.168831,-0.139474,0.567574,0.955471,-0.174108,-0.049036,0.233147,0.954472,-0.179504,-0.047718,0.233421,1.000000,
0.954472,-0.179504,-0.047718,0.233421,0.793664,-0.168831,-0.139474,0.567574,0.953682,-0.183654,-0.046702,0.233626,0.954472,-0.179504,-0.047718,0.233421,1.000000,
0.954472,-0.179504,-0.047718,0.233421,0.793664,-0.168831,-0.139474,0.567574,0.955471,-0.174108,-0.049036,0.233147,0.954472,-0.179504,-0.047718,0.233421,1.000000,
0.954472,-0.179504,-0.047718,0.233421,0.793664,-0.168831,-0.139474,0.567574,0.953682,-0.183654,-0.046702,0.233626,0.954472,-0.179504,-0.047718,0.233421,1.000000,
0.954472,-0.179504,-0.047718,0.233421,0.793664,-0.168831,-0.139474,0.567574,0.955471,-0.174108,-0.049036,0.233147,0.954472,-0.179504,-0.047718,0.233421,1.000000,
0.954472,-0.179504,-0.047718,0.233421,0.793664,-0.168831,-0.139474,0.567574,0.953682,-0.183654,-0.046702,0.233626,0.954472,-0.179504,-0.047718,0.233421,1.000000,
0.954472,-0.179504,-0.047718,0.233421,0.793664,-0.168831,-0.139474,0.567574,0.955471,-0.174108,-0.049036,0.233147,0.954472,-0.179504,-0.047718,0.233421,1.000000,
0.954472,-0.179504,-0.047718,0.233421,0.793664,-0.168831,-0.139474,0.567574,0.953682,-0.183654,-0.046702,0.233626,0.954472,-0.179504,-0.047718,0.233421,1.000000,
0.954472,-0.179504,-0.047718,0.233421,0.793664,-0.168831,-0.139474,0.567574,0.955471,-0.174109,-0.049036,0.233147,0.954472,-0.179504,-0.047718,0.233421,1.000000,
0.954472,-0.179504,-0.047718,0.233421,0.793664,-0.168831,-0.139474,0.567574,0.953682,-0.183654,-0.046702,0.233626,0.954472,-0.179504,-0.047718,0.233421,1.000000,
0.954472,-0.179504,-0.047718,0.233421,0.793664,-0.168831,-0.139474,0.567574,0.955471,-0.174109,-0.049036,0.233147,0.954472,-0.179504,-0.047718,0.233421,1.000000,
0.954472,-0.179504,-0.047718,0.233421,0.793664,-0.168831,-0.139474,0.567574,0.953682,-0.183655,-0.046702,0.233626,0.954472,-0.179504,-0.047718,0.233421,1.000000,
0.954472,-0.179504,-0.047718,0.233421,0.793664,-0.168831,-0.139474,0.567574,0.955471,-0.174109,-0.049036,0.233147,0.954472,-0.179504,-0.047718,0.233421,1.000000,
0.954472,-0.179504,-0.047718,0.233421,0.793664,-0.168831,-0.139474,0.567574,0.953682,-0.183655,-0.046702,0.233626,0.954472,-0.179504,-0.047718,0.233421,1.000000,
0.954472,-0.179504,-0.047718,0.233421,0.793664,-0.168831,-0.139474,0.567574,0.955471,-0.174109,-0.049036,0.233147,0.954472,-0.179504,-0.047718,0.233421,1.000000,
0.954472,-0.179504,-0.047718,0.233421,0.793664,-0.168831,-0.139474,0.567574,0.953682,-0.183655,-0.046702,0.233626,0.954472,-0.179504,-0.047718,0.233421,1.000000,
0.954472,-0.179504,-0.047718,0.233421,0.793664,-0.168831,-0.139474,0.567574,0.955470,-0.174109,-0.049036,0.233147,0.954472,-0.179504,-0.047718,0.233421,1.000000,
0.954472,-0.179504,-0.047718,0.233421,0.793664,-0.168831,-0.139474,0.567574,0.953682,-0.183655,-0.046702,0.233626,0.954472,-0.179504,-0.047718,0.233421,1.000000,
0.954472,-0.179504,-0.047718,0.233421,0.793664,-0.168831,-0.139474,0.567574,0.955470,-0.174109,-0.049036,0.233147,0.954472,-0.179504,-0.047718,0.233421,1.000000,
0.954472,-0.179504,-0.047718,0.233421,0.793664,-0.168831,-0.139474,0.567574,0.953682,-0.183655,-0.046702,0.233626,0.954472,-0.179504,-0.047718,0.233421,1.000000,
0.954472,-0.179504,-0.047718,0.233421,0.793664,-0.168831,-0.139474,0.567574,0.955470,-0.174109,-0.049036,0.233147,0.954472,-0.179504,-0.047718,0.233421,1.000000,
0.954472,-0.179504,-0.047718,0.233421,0.793664,-0.168831,-0.139474,0.567574,0.953682,-0.183655,-0.046702,0.233626,0.954472,-0.179504,-0.047718,0.233421,1.000000,
0.954472,-0.179504,-0.047718,0.233421,0.793664,-0.168831,-0.139474,0.567574,0.955470,-0.174109,-0.049036,0.233147,0.954472,-0.179504,-0.047718,0.233421,1.000000,
0.954472,-0.179504,-0.047718,0.233421,0.793664,-0.168831,-0.139474,0.567574,0.953682,-0.183655,-0.046702,0.233626,0.954472,-0.179504,-0.047718,0.233421,1.000000,
0.954472,-0.179504,-0.047718,0.233421,0.793664,-0.168831,-0.139474,0.567574,0.955470,-0.174109,-0.049036,0.233147,0.954472,-0.179504,-0.047718,0.233421,1.000000,
0.954472,-0.179504,-0.047718,0.233421,0.793664,-0.168831,-0.139474,0.567574,0.953682,-0.183655,-0.046702,0.233626,0.954472,-0.179504,-0.047718,0.233421,1.000000,
0.954472,-0.179504,-0.047718,0.233421,0.793664,-0.168831,-0.139474,0.567574,0.955470,-0.174109,-0.049036,0.233147,0.954472,-0.179504,-0.047718,0.233421,1.000000,
0.954472,-0.179504,-0.047718,0.233421,0.793664,-0.168831,-0.139474,0.567574,0.953682,-0.183655,-0.046702,0.233626,0.954472,-0.179504,-0.047718,0.233421,1.000000,
0.954472,-0.179504,-0.047718,0.233421,0.793664,-0.168831,-0.139474,0.567574,0.955470,-0.174109,-0.049036,0.233147,0.954472,-0.179504,-0.047718,0.233421,1.000000,
0.954472,-0.179504,-0.047718,0.233421,0.793664,-0.168831,-0.139474,0.567574,0.953682,-0.183655,-0.046702,0.233626,0.954472,-0.179504,-0.047718,0.233421,1.000000,
0.954472,-0.179504,-0.047718,0.233421,0.793664,-0.168831,-0.139474,0.567574,0.955470,-0.174109,-0.049036,0.233147,0.954472,-0.179504,-0.047718,0.233421,1.000000,
0.954472,-0.179504,-0.047718,0.233421,0.793664,-0.168831,-0.139474,0.567574,0.953682,-0.183655,-0.046702,0.233626,0.954472,-0.179504,-0.047718,0.233421,1.000000,
0.954472,-0.179504,-0.047718,0.233421,0.793664,-0.168831,-0.139474,0.567574,0.955470,-0.174109,-0.049036,0.233147,0.954472,-0.179504,-0.047718,0.233421,1.000000,
0.954472,-0.179504,-0.047718,0.233421,0.793664,-0.168831,-0.139474,0.567574,0.953682,-0.183655,-0.046702,0.233626,0.954472,-0.179504,-0.047718,0.233421,1.000000,
0.954472,-0.179504,-0.047718,0.233421,0.793664,-0.168831,-0.139474,0.567574,0.955470,-0.174109,-0.049036,0.233147,0.954472,-0.179504,-0.047718,0.233421,1.000000,
0.954472,-0.179504,-0.047718,0.233421,0.793664,-0.168831,-0.139474,0.567574,0.953682,-0.183655,-0.046702,0.233626,0.954472,-0.179504,-0.047718,0.233421,1.000000,
0.954472,-0.179504,-0.047718,0.233421,0.793664,-0.168831,-0.139474,0.567574,0.955470,-0.174109,-0.049036,0.233147,0.954472,-0.179504,-0.047718,0.233421,1.000000,
0.954472,-0.179504,-0.047718,0.233421,0.793664,-0.168831,-0.139474,0.567574,0.953682,-0.183655,-0.046702,0.233626,0.954472,-0.179504,-0.047718,0.233421,1.000000,
0.954472,-0.179504,-0.047718,0.233421,0.793664,-0.168831,-0.139474,0.567574,0.955470,-0.174109,-0.049036,0.233147,0.954472,-0.179504,-0.047718,0.233421,1.000000,
0.954472,-0.179504,-0.047718,0.233421,0.793664,-0.168831,-0.139474,0.567574,0.953682,-0.183655,-0.046702,0.233626,0.954472,-0.179504,-0.047718,0.233421,1.000000,
0.954472,-0.179504,-0.047718,0.233421,0.793664,-0.168831,-0.139474,0.567574,0.955470,-0.174110,-0.049036,0.233147,0.954472,-0.179504,-0.047718,0.233421,1.000000,
0.954472,-0.179504,-0.047718,0.233421,0.793664,-0.168831,-0.139474,0.567574,0.953682,-0.183655,-0.046702,0.233626,0.954472,-0.179504,-0.047718,0.233421,1.000000,
0.954472,-0.179504,-0.047718,0.233421,0.793664,-0.168831,-0.139474,0.567574,0.955470,-0.174110,-0.049036,0.233147,0.954472,-0.179504,-0.047718,0.233421,1.000000,
0.954472,-0.179504,-0.047718,0.233421,0.793664,-0.168831,-0.139474,0.567574,0.953681,-0.183656,-0.046702,0.233626,0.954472,-0.179504,-0.047718,0.233421,1.000000,
0.954472,-0.179504,-0.047718,0.233421,0.793664,-0.168831,-0.139474,0.567574,0.955470,-0.174110,-0.049036,0.233147,0.954472,-0.179504,-0.047718,0.233421,1.000000,
0.954472,-0.179504,-0.047718,0.233421,0.793664,-0.168831,-0.139474,0.567574,0.953681,-0.183656,-0.046702,0.233626,0.954472,-0.179504,-0.047718,0.233421,1.000000,
0.954472,-0.179504,-0.047718,0.233421,0.793664,-0.168831,-0.139474,0.567574,0.955470,-0.174110,-0.049036,0.233147,0.954472,-0.179504,-0.047718,0.233421,1.000000,
0.954472,-0.179504,-0.047718,0.233421,0.793664,-0.168831,-0.139474,0.567574,0.953681,-0.183656,-0.046702,0.233626,0.954472,-0.179504,-0.047718,0.233421,1.000000,
0.954472,-0.179504,-0.047718,0.233421,0.793664,-0.168831,-0.139474,0.567574,0.955470,-0.174110,-0.049036,0.233147,0.954472,-0.179504,-0.047718,0.233421,1.000000,
0.954472,-0.179504,-0.047718,0.233421,0.793664,-0.168831,-0.139474,0.567574,0.953681,-0.183656,-0.046702,0.233626,0.954472,-0.179504,-0.047718,0.233421,1.000000,
0.954472,-0.179504,-0.047718,0.233421,0.793664,-0.168831,-0.139474,0.567574,0.955470,-0.174110,-0.049036,0.233147,0.954472,-0.179504,-0.047718,0.233421,1.000000,
0.954472,-0.179504,-0.047718,0.233421,0.793664,-0.168831,-0.139474,0.567574,0.953681,-0.183656,-0.046702,0.233626,0.954472,-0.179504,-0.047718,0.233421,1.000000,
0.954472,-0.179504,-0.047718,0.233421,0.793664,-0.168831,-0.139474,0.567574,0.955470,-0.174110,-0.049036,0.233147,0.954472,-0.179504,-0.047718,0.233421,1.000000,
0.954472,-0.179504,-0.047718,0.233421,0.793664,-0.168831,-0.139474,0.567574,0.953681,-0.183656,-0.046702,0.233626,0.954472,-0.179504,-0.047718,0.233421,1.000000,
0.954472,-0.179504,-0.047718,0.233421,0.793664,-0.168831,-0.139474,0.567574,0.955470,-0.174110,-0.049036,0.233147,0.954472,-0.179504,-0.047718,0.233421,1.000000,
0.954472,-0.179504,-0.047718,0.233421,0.793664,-0.168831,-0.139474,0.567574,0.953681,-0.183656,-0.046702,0.233626,0.954472,-0.179504,-0.047718,0.233421,1.000000,
0.954472,-0.179504,-0.047718,0.233421,0.793664,-0.168831,-0.139474,0.567574,0.955470,-0.174110,-0.049036,0.233147,0.954472,-0.179504,-0.047718,0.233421,1.000000,
0.954472,-0.179504,-0.047718,0.233421,0.793664,-0.168831,-0.139474,0.567574,0.953681,-0.183656,-0.046702,0.233626,0.954472,-0.179504,-0.047718,0.233421,1.000000,
0.954472,-0.179504,-0.047718,0.233421,0.793664,-0.168831,-0.139474,0.567574,0.955470,-0.174110,-0.049036,0.233148,0.954472,-0.179504,-0.047718,0.233421,1.000000,
0.954472,-0.179504,-0.047718,0.233421,0.793664,-0.168831,-0.139474,0.567574,0.953681,-0.183656,-0.046702,0.233626,0.954472,-0.179504,-0.047718,0.233421,1.000000,
0.954472,-0.179504,-0.047718,0.233421,0.793664,-0.168831,-0.139474,0.567574,0.955470,-0.174110,-0.049036,0.233148,0.954472,-0.179504,-0.047718,0.233421,1.000000,
0.954472,-0.179504,-0.047718,0.233421,0.793664,-0.168831,-0.139474,0.567574,0.953681,-0.183656,-0.046702,0.233626,0.954472,-0.179504,-0.047718,0.233421,1.000000,
0.954472,-0.179504,-0.047718,0.233421,0.793664,-0.168831,-0.139474,0.567574,0.955470,-0.174110,-0.049036,0.233148,0.954472,-0.179504,-0.047718,0.233421,1.000000,
0.954472,-0.179504,-0.047718,0.233421,0.793664,-0.168831,-0.139474,0.567574,0.953681,-0.183656,-0.046702,0.233626,0.954472,-0.179504,-0.047718,0.233421,1.000000,
0.954472,-0.179504,-0.047718,0.233421,0.793664,-0.168831,-0.139474,0.567574,0.955470,-0.174110,-0.049036,0.233148,0.954472,-0.179504,-0.047718,0.233421,1.000000,
0.954472,-0.179504,-0.047718,0.233421,0.793664,-0.168831,-0.139474,0.567574,0.953681,-0.183656,-0.046702,0.233626,0.954472,-0.179504,-0.047718,0.233421,1.000000,
0.954472,-0.179504,-0.047718,0.233421,0.793664,-0.168831,-0.139474,0.567574,0.955470,-0.174110,-0.049036,0.233148,0.954472,-0.179504,-0.047718,0.233421,1.000000,
0.954472,-0.179504,-0.047718,0.233421,0.793664,-0.168831,-0.139474,0.567574,0.953681,-0.183656,-0.046702,0.233626,0.954472,-0.179504,-0.047718,0.233421,1.000000,
0.954472,-0.179504,-0.047718,0.233421,0.793664,-0.168831,-0.139474,0.567574,0.955470,-0.174110,-0.049036,0.233148,0.954472,-0.179504,-0.047718,0.233421,1.000000,
0.954472,-0.179504,-0.047718,0.233421,0.793664,-0.168831,-0.139474,0.567574,0.953681,-0.183656,-0.046702,0.233626,0.954472,-0.179504,-0.047718,0.233421,1.000000,
0.954472,-0.179504,-0.047718,0.233421,0.793664,-0.168831,-0.139474,0.567574,0.955470,-0.174110,-0.049036,0.233148,0.954472,-0.179504,-0.047718,0.233421,1.000000,
0.954472,-0.179504,-0.047718,0.233421,0.793664,-0.168831,-0.139474,0.567574,0.953681,-0.183656,-0.046702,0.233626,0.954472,-0.179504,-0.047718,0.233421,1.000000,
0.954472,-0.179504,-0.047718,0.233421,0.793664,-0.168831,-0.139474,0.567574,0.955470,-0.174111,-0.049036,0.233148,0.954472,-0.179504,-0.047718,0.233421,1.000000,
0.954472,-0.179504,-0.047718,0.233421,0.793664,-0.168831,-0.139474,0.567574,0.953681,-0.183656,-0.046702,0.233626,0.954472,-0.179504,-0.047718,0.233421,1.000000,
0.954472,-0.179504,-0.047718,0.233421,0.793664,-0.168831,-0.139474,0.567574,0.955470,-0.174111,-0.049036,0.233148,0.954472,-0.179504,-0.047718,0.233421,1.000000,
0.954472,-0.179504,-0.047718,0.233421,0.793664,-0.168831,-0.139474,0.567574,0.953681,-0.183656,-0.046702,0.233626,0.954472,-0.179504,-0.047718,0.233421,1.000000,
0.954472,-0.179504,-0.047718,0.233421,0.793664,-0.168831,-0.139474,0.567574,0.955470,-0.174111,-0.049036,0.233148,0.954472,-0.179504,-0.047718,0.233421,1.000000,
0.954472,-0.179504,-0.047718,0.233421,0.793664,-0.168831,-0.139474,0.567574,0.953681,-0.183657,-0.046702,0.233626,0.954472,-0.179504,-0.047718,0.233421,1.000000,
0.954472,-0.179504,-0.047718,0.233421,0.793664,-0.168831,-0.139474,0.567574,0.955470,-0.174111,-0.049036,0.233148,0.954472,-0.179504,-0.047718,0.233421,1.000000,
0.954472,-0.179504,-0.047718,0.233421,0.793664,-0.168831,-0.139474,0.567574,0.953681,-0.183657,-0.046702,0.233626,0.954472,-0.179504,-0.047718,0.233421,1.000000,
0.954472,-0.179504,-0.047718,0.233421,0.793664,-0.168831,-0.139474,0.567574,0.955470,-0.174111,-0.049036,0.233148,0.954472,-0.179504,-0.047718,0.233421,1.000000,
0.954472,-0.179504,-0.047718,0.233421,0.793664,-0.168831,-0.139474,0.567574,0.953681,-0.183657,-0.046702,0.233626,0.954472,-0.179504,-0.047718,0.233421,1.000000,
0.954472,-0.179504,-0.047718,0.233421,0.793664,-0.168831,-0.139474,0.567574,0.955470,-0.174111,-0.049036,0.233148,0.954472,-0.179504,-0.047718,0.233421,1.000000,
0.954472,-0.179504,-0.047718,0.233421,0.793664,-0.168831,-0.139474,0.567574,0.953681,-0.183657,-0.046702,0.233626,0.954472,-0.179504,-0.047718,0.233421,1.000000,
0.954472,-0.179504,-0.047718,0.233421,0.793664,-0.168831,-0.139474,0.567574,0.955470,-0.174111,-0.049035,0.233148,0.954472,-0.179504,-0.047718,0.233421,1.000000,
0.954472,-0.179504,-0.047718,0.233421,0.793664,-0.168831,-0.139474,0.567574,0.953681,-0.183657,-0.046702,0.233626,0.954472,-0.179504,-0.047718,0.233421,1.000000,
0.954472,-0.179504,-0.047718,0.233421,0.793664,-0.168831,-0.139474,0.567574,0.955470,-0.174111,-0.049035,0.233148,0.954472,-0.179504,-0.047718,0.233421,1.000000,
0.954472,-0.179504,-0.047718,0.233421,0.793664,-0.168831,-0.139474,0.567574,0.953681,-0.183657,-0.046702,0.233626,0.954472,-0.179504,-0.047718,0.233421,1.000000,
0.954472,-0.179504,-0.047718,0.233421,0.793664,-0.168831,-0.139474,0.567574,0.955470,-0.174111,-0.049035,0.233148,0.954472,-0.179504,-0.047718,0.233421,1.000000,
0.954472,-0.179504,-0.047718,0.233421,0.793664,-0.168831,-0.139474,0.567574,0.953681,-0.183657,-0.046702,0.233626,0.954472,-0.179504,-0.047718,0.233421,1.000000,
0.954472,-0.179504,-0.047718,0.233421,0.793664,-0.168831,-0.139474,0.567574,0.955470,-0.174111,-0.049035,0.233148,0.954472,-0.179504,-0.047718,0.233421,1.000000,
0.954472,-0.179504,-0.047718,0.233421,0.793664,-0.168831,-0.139474,0.567574,0.953681,-0.183657,-0.046702,0.233626,0.954472,-0.179504,-0.047718,0.233421,1.000000,
0.954472,-0.179504,-0.047718,0.233421,0.793664,-0.168831,-0.139474,0.567574,0.955470,-0.174111,-0.049035,0.233148,0.954472,-0.179504,-0.047718,0.233421,1.000000,
0.954472,-0.179504,-0.047718,0.233421,0.793664,-0.168831,-0.139474,0.567574,0.953681,-0.183657,-0.046702,0.233626,0.954472,-0.179504,-0.047718,0.233421,1.000000,
0.954472,-0.179504,-0.047718,0.233421,0.793664,-0.168831,-0.139474,0.567574,0.955470,-0.174111,-0.049035,0.233148,0.954472,-0.179504,-0.047718,0.233421,1.000000,
0.954472,-0.179504,-0.047718,0.233421,0.793664,-0.168831,-0.139474,0.567574,0.953681,-0.183657,-0.046702,0.233626,0.954472,-0.179504,-0.047718,0.233421,1.000000,
0.954472,-0.179504,-0.047718,0.233421,0.793664,-0.168831,-0.139474,0.567574,0.955470,-0.174111,-0.049035,0.233148,0.954472,-0.179504,-0.047718,0.233421,1.000000,
0.954472,-0.179504,-0.047718,0.233421,0.793664,-0.168831,-0.139474,0.567574,0.953681,-0.183657,-0.046702,0.233626,0.954472,-0.179504,-0.047718,0.233421,1.000000,
0.954472,-0.179504,-0.047718,0.233421,0.793664,-0.168831,-0.139474,0.567574,0.955470,-0.174111,-0.049035,0.233148,0.954472,-0.179504,-0.047718,0.233421,1.000000,
0.954472,-0.179504,-0.047718,0.233421,0.793664,-0.168831,-0.139474,0.567574,0.953681,-0.183657,-0.046701,0.233626,0.954472,-0.179504,-0.047718,0.233421,1.000000,
0.954472,-0.179504,-0.047718,0.233421,0.793664,-0.168831,-0.139474,0.567574,0.955470,-0.174111,-0.049035,0.233148,0.954472,-0.179504,-0.047718,0.233421,1.000000,
0.954472,-0.179504,-0.047718,0.233421,0.793664,-0.168831,-0.139474,0.567574,0.953681,-0.183657,-0.046701,0.233626,0.954472,-0.179504,-0.047718,0.233421,1.000000,
0.954472,-0.179504,-0.047718,0.233421,0.793664,-0.168831,-0.139474,0.567574,0.955470,-0.174111,-0.049035,0.233148,0.954472,-0.179504,-0.047718,0.233421,1.000000,
0.954472,-0.179504,-0.047718,0.233421,0.793664,-0.168831,-0.139474,0.567574,0.953681,-0.183657,-0.046701,0.233626,0.954472,-0.179504,-0.047718,0.233421,1.000000,
0.954472,-0.179504,-0.047718,0.233421,0.793664,-0.168831,-0.139474,0.567574,0.955470,-0.174112,-0.049035,0.233148,0.954472,-0.179504,-0.047718,0.233421,1.000000,
0.954472,-0.179504,-0.047718,0.233421,0.793664,-0.168831,-0.139474,0.567574,0.953681,-0.183657,-0.046701,0.233626,0.954472,-0.179504,-0.047718,0.233421,1.000000,
0.954472,-0.179504,-0.047718,0.233421,0.793664,-0.168831,-0.139474,0.567574,0.955470,-0.174112,-0.049035,0.233148,0.954472,-0.179504,-0.047718,0.233421,1.000000,
0.954472,-0.179504,-0.047718,0.233421,0.793664,-0.168831,-0.139474,0.567574,0.953681,-0.183657,-0.046701,0.233626,0.954472,-0.179504,-0.047718,0.233421,1.000000,
0.954472,-0.179504,-0.047718,0.233421,0.793664,-0.168831,-0.139474,0.567574,0.955470,-0.174112,-0.049035,0.233148,0.954472,-0.179504,-0.047718,0.233421,1.000000,
0.954472,-0.179504,-0.047718,0.233421,0.793664,-0.168831,-0.139474,0.567574,0.953681,-0.183658,-0.046701,0.233626,0.954472,-0.179504,-0.047718,0.233421,1.000000,
0.954472,-0.179504,-0.047718,0.233421,0.793664,-0.168831,-0.139474,0.567574,0.955470,-0.174112,-0.049035,0.233148,0.954472,-0.179504,-0.047718,0.233421,1.000000,
0.954472,-0.179504,-0.047718,0.233421,0.793664,-0.168831,-0.139474,0.567574,0.953681,-0.183658,-0.046701,0.233626,0.954472,-0.179504,-0.047718,0.233421,1.000000,
0.954472,-0.179504,-0.047718,0.233421,0.793664,-0.168831,-0.139474,0.567574,0.955470,-0.174112,-0.049035,0.233148,0.954472,-0.179504,-0.047718,0.233421,1.000000,
0.954472,-0.179504,-0.047718,0.233421,0.793664,-0.168831,-0.139474,0.567574,0.953681,-0.183658,-0.046701,0.233626,0.954472,-0.179504,-0.047718,0.233421,1.000000,
0.954472,-0.179504,-0.047718,0.233421,0.793664,-0.168831,-0.139474,0.567574,0.955470,-0.174112,-0.049035,0.233148,0.954472,-0.179504,-0.047718,0.233421,1.000000,
0.954472,-0.179504,-0.047718,0.233421,0.793664,-0.168831,-0.139474,0.567574,0.953681,-0.183658,-0.046701,0.233626,0.954472,-0.179504,-0.047718,0.233421,1.000000,
0.954472,-0.179504,-0.047718,0.233421,0.793664,-0.168831,-0.139474,0.567574,0.955470,-0.174112,-0.049035,0.233148,0.954472,-0.179504,-0.047718,0.233421,1.000000,
0.954472,-0.179504,-0.047718,0.233421,0.793664,-0.168831,-0.139474,0.567574,0.953681,-0.183658,-0.046701,0.233626,0.954472,-0.179504,-0.047718,0.233421,1.000000,
0.954472,-0.179504,-0.047718,0.233421,0.793664,-0.168831,-0.139474,0.567574,0.955470,-0.174112,-0.049035,0.233148,0.954472,-0.179504,-0.047718,0.233421,1.000000,
0.954472,-0.179504,-0.047718,0.233421,0.793664,-0.168831,-0.139474,0.567574,0.953681,-0.183658,-0.046701,0.233626,0.954472,-0.179504,-0.047718,0.233421,1.000000,
0.954472,-0.179504,-0.047718,0.233421,0.793664,-0.168831,-0.139474,0.567574,0.955470,-0.174112,-0.049035,0.233148,0.954472,-0.179504,-0.047718,0.233421,1.000000,
0.954472,-0.179504,-0.047718,0.233421,0.793664,-0.168831,-0.139474,0.567574,0.953681,-0.183658,-0.046701,0.233626,0.954472,-0.179504,-0.047718,0.233421,1.000000,
0.954472,-0.179504,-0.047718,0.233421,0.793664,-0.168831,-0.139474,0.567574,0.955470,-0.174112,-0.049035,0.233148,0.954472,-0.179504,-0.047718,0.233421,1.000000,
0.954472,-0.179504,-0.047718,0.233421,0.793664,-0.168831,-0.139474,0.567574,0.953681,-0.183658,-0.046701,0.233626,0.954472,-0.179504,-0.047718,0.233421,1.000000,
0.954472,-0.179504,-0.047718,0.233421,0.793664,-0.168831,-0.139474,0.567574,0.955470,-0.174112,-0.049035,0.233148,0.954472,-0.179504,-0.047718,0.233421,1.000000,
0.954472,-0.179504,-0.047718,0.233421,0.793664,-0.168831,-0.139474,0.567574,0.953681,-0.183658,-0.046701,0.233626,0.954472,-0.179504,-0.047718,0.233421,1.000000,
0.954472,-0.179504,-0.047718,0.233421,0.793664,-0.168831,-0.139474,0.567574,0.955470,-0.174112,-0.049035,0.233148,0.954472,-0.179504,-0.047718,0.233421,1.000000,
0.954472,-0.179504,-0.047718,0.233421,0.793664,-0.168831,-0.139474,0.567574,0.953681,-0.183658,-0.046701,0.233626,0.954472,-0.179504,-0.047718,0.233421,1.000000,
0.954472,-0.179504,-0.047718,0.233421,0.793664,-0.168831,-0.139474,0.567574,0.955470,-0.174112,-0.049035,0.233148,0.954472,-0.179504,-0.047718,0.233421,1.000000,
0.954472,-0.179504,-0.047718,0.233421,0.793664,-0.168831,-0.139474,0.567574,0.953681,-0.183658,-0.046701,0.233626,0.954472,-0.179504,-0.047718,0.233421,1.000000,
0.954472,-0.179504,-0.047718,0.233421,0.793664,-0.168831,-0.139474,0.567574,0.955470,-0.174112,-0.049035,0.233148,0.954472,-0.179504,-0.047718,0.233421,1.000000,
0.954472,-0.179504,-0.047718,0.233421,0.793664,-0.168831,-0.139474,0.567574,0.953681,-0.183658,-0.046701,0.233626,0.954472,-0.179504,-0.047718,0.233421,1.000000,
0.954472,-0.179504,-0.047718,0.233421,0.793664,-0.168831,-0.139474,0.567574,0.955470,-0.174112,-0.049035,0.233148,0.954472,-0.179504,-0.047718,0.233421,1.000000,
0.954472,-0.179504,-0.047718,0.233421,0.793664,-0.168831,-0.139474,0.567574,0.953681,-0.183658,-0.046701,0.233626,0.954472,-0.179504,-0.047718,0.233421,1.000000,
0.954472,-0.179504,-0.047718,0.233421,0.793664,-0.168831,-0.139474,0.567574,0.955470,-0.174112,-0.049035,0.233148,0.954472,-0.179504,-0.047718,0.233421,1.000000,
0.954472,-0.179504,-0.047718,0.233421,0.793664,-0.168831,-0.139474,0.567574,0.953681,-0.183658,-0.046701,0.233626,0.954472,-0.179504,-0.047718,0.233421,1.000000,
0.954472,-0.179504,-0.047718,0.233421,0.793664,-0.168831,-0.139474,0.567574,0.955470,-0.174113,-0.049035,0.233148,0.954472,-0.179504,-0.047718,0.233421,1.000000,
0.954472,-0.179504,-0.047718,0.233421,0.793664,-0.168831,-0.139474,0.567574,0.953681,-0.183658,-0.046701,0.233626,0.954472,-0.179504,-0.047718,0.233421,1.000000,
0.954472,-0.179504,-0.047718,0.233421,0.793664,-0.168831,-0.139474,0.567574,0.955470,-0.174113,-0.049035,0.233148,0.954472,-0.179504,-0.047718,0.233421,1.000000,
0.954472,-0.179504,-0.047718,0.233421,0.793664,-0.168831,-0.139474,0.567574,0.953681,-0.183658,-0.046701,0.233626,0.954472,-0.179504,-0.047718,0.233421,1.000000,
0.954472,-0.179504,-0.047718,0.233421,0.793664,-0.168831,-0.139474,0.567574,0.955470,-0.174113,-0.049035,0.233148,0.954472,-0.179504,-0.047718,0.233421,1.000000,
0.954472,-0.179504,-0.047718,0.233421,0.793664,-0.168831,-0.139474,0.567574,0.953681,-0.183659,-0.046701,0.233626,0.954472,-0.179504,-0.047718,0.233421,1.000000,
0.954472,-0.179504,-0.047718,0.233421,0.793664,-0.168831,-0.139474,0.567574,0.955470,-0.174113,-0.049035,0.233148,0.954472,-0.179504,-0.047718,0.233421,1.000000,
0.954472,-0.179504,-0.047718,0.233421,0.793664,-0.168831,-0.139474,0.567574,0.953681,-0.183659,-0.046701,0.233626,0.954472,-0.179504,-0.047718,0.233421,1.000000,
0.954472,-0.179504,-0.047718,0.233421,0.793664,-0.168831,-0.139474,0.567574,0.955470,-0.174113,-0.049035,0.233148,0.954472,-0.179504,-0.047718,0.233421,1.000000,
0.954472,-0.179504,-0.047718,0.233421,0.793664,-0.168831,-0.139474,0.567574,0.953681,-0.183659,-0.046701,0.233626,0.954472,-0.179504,-0.047718,0.233421,1.000000,
0.954472,-0.179504,-0.047718,0.233421,0.793664,-0.168831,-0.139474,0.567574,0.955470,-0.174113,-0.049035,0.233148,0.954472,-0.179504,-0.047718,0.233421,1.000000,
0.954472,-0.179504,-0.047718,0.233421,0.793664,-0.168831,-0.139474,0.567574,0.953681,-0.183659,-0.046701,0.233626,0.954472,-0.179504,-0.047718,0.233421,1.000000,
0.954472,-0.179504,-0.047718,0.233421,0.793664,-0.168831,-0.139474,0.567574,0.955470,-0.174113,-0.049035,0.233148,0.954472,-0.179504,-0.047718,0.233421,1.000000,
0.954472,-0.179504,-0.047718,0.233421,0.793664,-0.168831,-0.139474,0.567574,0.953681,-0.183659,-0.046701,0.233626,0.954472,-0.179504,-0.047718,0.233421,1.000000,
0.954472,-0.179504,-0.047718,0.233421,0.793664,-0.168831,-0.139474,0.567574,0.955470,-0.174113,-0.049035,0.233148,0.954472,-0.179504,-0.047718,0.233421,1.000000,
0.954472,-0.179504,-0.047718,0.233421,0.793664,-0.168831,-0.139474,0.567574,0.953681,-0.183659,-0.046701,0.233626,0.954472,-0.179504,-0.047718,0.233421,1.000000,
0.954472,-0.179504,-0.047718,0.233421,0.793664,-0.168831,-0.139474,0.567574,0.955470,-0.174113,-0.049035,0.233148,0.954472,-0.179504,-0.047718,0.233421,1.000000,
0.954472,-0.179504,-0.047718,0.233421,0.793664,-0.168831,-0.139474,0.567574,0.953681,-0.183659,-0.046701,0.233626,0.954472,-0.179504,-0.047718,0.233421,1.000000,
0.954472,-0.179504,-0.047718,0.233421,0.793664,-0.168831,-0.139474,0.567574,0.955470,-0.174113,-0.049035,0.233148,0.954472,-0.179504,-0.047718,0.233421,1.000000,
0.954472,-0.179504,-0.047718,0.233421,0.793664,-0.168831,-0.139474,0.567574,0.953681,-0.183659,-0.046701,0.233626,0.954472,-0.179504,-0.047718,0.233421,1.000000,
0.954472,-0.179504,-0.047718,0.233421,0.793664,-0.168831,-0.139474,0.567574,0.955470,-0.174113,-0.049035,0.233148,0.954472,-0.179504,-0.047718,0.233421,1.000000,
0.954472,-0.179504,-0.047718,0.233421,0.793664,-0.168831,-0.139474,0.567574,0.953681,-0.183659,-0.046701,0.233626,0.954472,-0.179504,-0.047718,0.233421,1.000000,
0.954472,-0.179504,-0.047718,0.233421,0.793664,-0.168831,-0.139474,0.567574,0.955470,-0.174113,-0.049035,0.233148,0.954472,-0.179504,-0.047718,0.233421,1.000000,
0.954472,-0.179504,-0.047718,0.233421,0.793664,-0.168831,-0.139474,0.567574,0.953681,-0.183659,-0.046701,0.233626,0.954472,-0.179504,-0.047718,0.233421,1.000000,
0.954472,-0.179504,-0.047718,0.233421,0.793664,-0.168831,-0.139474,0.567574,0.955470,-0.174113,-0.049035,0.233148,0.954472,-0.179504,-0.047718,0.233421,1.000000,
0.954472,-0.179504,-0.047718,0.233421,0.793664,-0.168831,-0.139474,0.567574,0.953681,-0.183659,-0.046701,0.233626,0.954472,-0.179504,-0.047718,0.233421,1.000000,
0.954472,-0.179504,-0.047718,0.233421,0.793664,-0.168831,-0.139474,0.567574,0.955470,-0.174113,-0.049035,0.233148,0.954472,-0.179504,-0.047718,0.233421,1.000000,
0.954472,-0.179504,-0.047718,0.233421,0.793664,-0.168831,-0.139474,0.567574,0.953681,-0.183659,-0.046701,0.233626,0.954472,-0.179504,-0.047718,0.233421,1.000000,
0.954472,-0.179504,-0.047718,0.233421,0.793664,-0.168831,-0.139474,0.567574,0.955470,-0.174113,-0.049035,0.233148,0.954472,-0.179504,-0.047718,0.233421,1.000000,
0.954472,-0.179504,-0.047718,0.233421,0.793664,-0.168831,-0.139474,0.567574,0.953681,-0.183659,-0.046701,0.233626,0.954472,-0.179504,-0.047718,0.233421,1.000000,
0.954472,-0.179504,-0.047718,0.233421,0.793664,-0.168831,-0.139474,0.567574,0.955470,-0.174113,-0.049035,0.233148,0.954472,-0.179504,-0.047718,0.233421,1.000000,
0.954472,-0.179504,-0.047718,0.233421,0.793664,-0.168831,-0.139474,0.567574,0.953681,-0.183659,-0.046701,0.233626,0.954472,-0.179504,-0.047718,0.233421,1.000000,
0.954472,-0.179504,-0.047718,0.233421,0.793664,-0.168831,-0.139474,0.567574,0.955470,-0.174113,-0.049035,0.233148,0.954472,-0.179504,-0.047718,0.233421,1.000000,
0.954472,-0.179504,-0.047718,0.233421,0.793664,-0.168831,-0.139474,0.567574,0.953681,-0.183659,-0.046701,0.233626,0.954472,-0.179504,-0.047718,0.233421,1.000000,
0.954472,-0.179504,-0.047718,0.233421,0.793664,-0.168831,-0.139474,0.567574,0.955470,-0.174114,-0.049035,0.233148,0.954472,-0.179504,-0.047718,0.233421,1.000000,
0.954472,-0.179504,-0.047718,0.233421,0.793664,-0.168831,-0.139474,0.567574,0.953681,-0.183659,-0.046701,0.233626,0.954472,-0.179504,-0.047718,0.233421,1.000000,
0.954472,-0.179504,-0.047718,0.233421,0.793664,-0.168831,-0.139474,0.567574,0.955470,-0.174114,-0.049035,0.233148,0.954472,-0.179504,-0.047718,0.233421,1.000000,
0.954472,-0.179504,-0.047718,0.233421,0.793664,-0.168831,-0.139474,0.567574,0.953681,-0.183660,-0.046701,0.233626,0.954472,-0.179504,-0.047718,0.233421,1.000000,
0.954472,-0.179504,-0.047718,0.233421,0.793664,-0.168831,-0.139474,0.567574,0.955470,-0.174114,-0.049035,0.233148,0.954472,-0.179504,-0.047718,0.233421,1.000000,
0.954472,-0.179504,-0.047718,0.233421,0.793664,-0.168831,-0.139474,0.567574,0.953681,-0.183660,-0.046701,0.233626,0.954472,-0.179504,-0.047718,0.233421,1.000000,
0.954472,-0.179504,-0.047718,0.233421,0.793664,-0.168831,-0.139474,0.567574,0.955470,-0.174114,-0.049035,0.233148,0.954472,-0.179504,-0.047718,0.233421,1.000000,
0.954472,-0.179504,-0.047718,0.233421,0.793664,-0.168831,-0.139474,0.567574,0.953681,-0.183660,-0.046701,0.233626,0.954472,-0.179504,-0.047718,0.233421,1.000000,
0.954472,-0.179504,-0.047718,0.233421,0.793664,-0.168831,-0.139474,0.567574,0.955470,-0.174114,-0.049035,0.233148,0.954472,-0.179504,-0.047718,0.233421,1.000000,
0.954472,-0.179504,-0.047718,0.233421,0.793664,-0.168831,-0.139474,0.567574,0.953681,-0.183660,-0.046701,0.233626,0.954472,-0.179504,-0.047718,0.233421,1.000000,
0.954472,-0.179504,-0.047718,0.233421,0.793664,-0.168831,-0.139474,0.567574,0.955470,-0.174114,-0.049035,0.233148,0.954472,-0.179504,-0.047718,0.233421,1.000000,
0.954472,-0.179504,-0.047718,0.233421,0.793664,-0.168831,-0.139474,0.567574,0.953681,-0.183660,-0.046701,0.233626,0.954472,-0.179504,-0.047718,0.233421,1.000000,
0.954472,-0.179504,-0.047718,0.233421,0.793664,-0.168831,-0.139474,0.567574,0.955470,-0.174114,-0.049035,0.233148,0.954472,-0.179504,-0.047718,0.233421,1.000000,
0.954472,-0.179504,-0.047718,0.233421,0.793664,-0.168831,-0.139474,0.567574,0.953681,-0.183660,-0.046701,0.233626,0.954472,-0.179504,-0.047718,0.233421,1.000000,
0.954472,-0.179504,-0.047718,0.233421,0.793664,-0.168831,-0.139474,0.567574,0.955470,-0.174114,-0.049035,0.233148,0.954472,-0.179504,-0.047718,0.233421,1.000000,
0.954472,-0.179504,-0.047718,0.233421,0.793664,-0.168831,-0.139474,0.567574,0.953681,-0.183660,-0.046701,0.233626,0.954472,-0.179504,-0.047718,0.233421,1.000000,
0.954472,-0.179504,-0.047718,0.233421,0.793664,-0.168831,-0.139474,0.567574,0.955470,-0.174114,-0.049035,0.233148,0.954472,-0.179504,-0.047718,0.233421,1.000000,
0.954472,-0.179504,-0.047718,0.233421,0.793664,-0.168831,-0.139474,0.567574,0.953681,-0.183660,-0.046701,0.233626,0.954472,-0.179504,-0.047718,0.233421,1.000000,
0.954472,-0.179504,-0.047718,0.233421,0.793664,-0.168831,-0.139474,0.567574,0.955470,-0.174114,-0.049035,0.233148,0.954472,-0.179504,-0.047718,0.233421,1.000000,
0.954472,-0.179504,-0.047718,0.233421,0.793664,-0.168831,-0.139474,0.567574,0.953681,-0.183660,-0.046701,0.233626,0.954472,-0.179504,-0.047718,0.233421,1.000000,
0.954472,-0.179504,-0.047718,0.233421,0.793664,-0.168831,-0.139474,0.567574,0.955470,-0.174114,-0.049035,0.233148,0.954472,-0.179504,-0.047718,0.233421,1.000000,
0.954472,-0.179504,-0.047718,0.233421,0.793664,-0.168831,-0.139474,0.567574,0.953681,-0.183660,-0.046701,0.233626,0.954472,-0.179504,-0.047718,0.233421,1.000000,
0.954472,-0.179504,-0.047718,0.233421,0.793664,-0.168831,-0.139474,0.567574,0.955470,-0.174114,-0.049035,0.233148,0.954472,-0.179504,-0.047718,0.233421,1.000000,
0.954472,-0.179504,-0.047718,0.233421,0.793664,-0.168831,-0.139474,0.567574,0.953681,-0.183660,-0.046701,0.233626,0.954472,-0.179504,-0.047718,0.233421,1.000000,
0.954472,-0.179504,-0.047718,0.233421,0.793664,-0.168831,-0.139474,0.567574,0.955469,-0.174114,-0.049035,0.233148,0.954472,-0.179504,-0.047718,0.233421,1.000000,
0.954472,-0.179504,-0.047718,0.233421,0.793664,-0.168831,-0.139474,0.567574,0.953681,-0.183660,-0.046701,0.233626,0.954472,-0.179504,-0.047718,0.233421,1.000000,
0.954472,-0.179504,-0.047718,0.233421,0.793664,-0.168831,-0.139474,0.567574,0.955469,-0.174114,-0.049035,0.233148,0.954472,-0.179504,-0.047718,0.233421,1.000000,
0.954472,-0.179504,-0.047718,0.233421,0.793664,-0.168831,-0.139474,0.567574,0.953681,-0.183660,-0.046701,0.233626,0.954472,-0.179504,-0.047718,0.233421,1.000000,
0.954472,-0.179504,-0.047718,0.233421,0.793664,-0.168831,-0.139474,0.567574,0.955469,-0.174114,-0.049035,0.233148,0.954472,-0.179504,-0.047718,0.233421,1.000000,
0.954472,-0.179504,-0.047718,0.233421,0.793664,-0.168831,-0.139474,0.567574,0.953681,-0.183660,-0.046701,0.233626,0.954472,-0.179504,-0.047718,0.233421,1.000000,
0.954472,-0.179504,-0.047718,0.233421,0.793664,-0.168831,-0.139474,0.567574,0.955469,-0.174114,-0.049035,0.233148,0.954472,-0.179504,-0.047718,0.233421,1.000000,
0.954472,-0.179504,-0.047718,0.233421,0.793664,-0.168831,-0.139474,0.567574,0.953681,-0.183660,-0.046701,0.233626,0.954472,-0.179504,-0.047718,0.233421,1.000000,
0.954472,-0.179504,-0.047718,0.233421,0.793664,-0.168831,-0.139474,0.567574,0.955469,-0.174115,-0.049035,0.233148,0.954472,-0.179504,-0.047718,0.233421,1.000000,
0.954472,-0.179504,-0.047718,0.233421,0.793664,-0.168831,-0.139474,0.567574,0.953681,-0.183660,-0.046701,0.233626,0.954472,-0.179504,-0.047718,0.233421,1.000000,
0.954472,-0.179504,-0.047718,0.233421,0.793664,-0.168831,-0.139474,0.567574,0.955469,-0.174115,-0.049035,0.233148,0.954472,-0.179504,-0.047718,0.233421,1.000000,
0.954472,-0.179504,-0.047718,0.233421,0.793664,-0.168831,-0.139474,0.567574,0.953681,-0.183661,-0.046701,0.233626,0.954472,-0.179504,-0.047718,0.233421,1.000000,
0.954472,-0.179504,-0.047718,0.233421,0.793664,-0.168831,-0.139474,0.567574,0.955469,-0.174115,-0.049035,0.233148,0.954472,-0.179504,-0.047718,0.233421,1.000000,
0.954472,-0.179504,-0.047718,0.233421,0.793664,-0.168831,-0.139474,0.567574,0.953681,-0.183661,-0.046701,0.233626,0.954472,-0.179504,-0.047718,0.233421,1.000000,
0.954472,-0.179504,-0.047718,0.233421,0.793664,-0.168831,-0.139474,0.567574,0.955469,-0.174115,-0.049035,0.233148,0.954472,-0.179504,-0.047718,0.233421,1.000000,
0.954472,-0.179504,-0.047718,0.233421,0.793664,-0.168831,-0.139474,0.567574,0.953681,-0.183661,-0.046701,0.233626,0.954472,-0.179504,-0.047718,0.233421,1.000000,
0.954472,-0.179504,-0.047718,0.233421,0.793664,-0.168831,-0.139474,0.567574,0.955469,-0.174115,-0.049035,0.233148,0.954472,-0.179504,-0.047718,0.233421,1.000000,
0.954472,-0.179504,-0.047718,0.233421,0.793664,-0.168831,-0.139474,0.567574,0.953680,-0.183661,-0.046701,0.233626,0.954472,-0.179504,-0.047718,0.233421,1.000000,
0.954472,-0.179504,-0.047718,0.233421,0.793664,-0.168831,-0.139474,0.567574,0.955469,-0.174115,-0.049035,0.233148,0.954472,-0.179504,-0.047718,0.233421,1.000000,
0.954472,-0.179504,-0.047718,0.233421,0.793664,-0.168831,-0.139474,0.567574,0.953680,-0.183661,-0.046701,0.233626,0.954472,-0.179504,-0.047718,0.233421,1.000000,
0.954472,-0.179504,-0.047718,0.233421,0.793664,-0.168831,-0.139474,0.567574,0.955469,-0.174115,-0.049035,0.233148,0.954472,-0.179504,-0.047718,0.233421,1.000000,
0.954472,-0.179504,-0.047718,0.233421,0.793664,-0.168831,-0.139474,0.567574,0.953680,-0.183661,-0.046701,0.233626,0.954472,-0.179504,-0.047718,0.233421,1.000000,
0.954472,-0.179504,-0.047718,0.233421,0.793664,-0.168831,-0.139474,0.567574,0.955469,-0.174115,-0.049035,0.233148,0.954472,-0.179504,-0.047718,0.233421,1.000000,
0.954472,-0.179504,-0.047718,0.233421,0.793664,-0.168831,-0.139474,0.567574,0.953680,-0.183661,-0.046701,0.233626,0.954472,-0.179504,-0.047718,0.233421,1.000000,
0.954472,-0.179504,-0.047718,0.233421,0.793664,-0.168831,-0.139474,0.567574,0.955469,-0.174115,-0.049034,0.233148,0.954472,-0.179504,-0.047718,0.233421,1.000000,
0.954472,-0.179504,-0.047718,0.233421,0.793664,-0.168831,-0.139474,0.567574,0.953680,-0.183661,-0.046701,0.233626,0.954472,-0.179504,-0.047718,0.233421,1.000000,
0.954472,-0.179504,-0.047718,0.233421,0.793664,-0.168831,-0.139474,0.567574,0.955469,-0.174115,-0.049034,0.233148,0.954472,-0.179504,-0.047718,0.233421,1.000000,
0.954472,-0.179504,-0.047718,0.233421,0.793664,-0.168831,-0.139474,0.567574,0.953680,-0.183661,-0.046701,0.233626,0.954472,-0.179504,-0.047718,0.233421,1.000000,
0.954472,-0.179504,-0.047718,0.233421,0.793664,-0.168831,-0.139474,0.567574,0.955469,-0.174115,-0.049034,0.233148,0.954472,-0.179504,-0.047718,0.233421,1.000000,
0.954472,-0.179504,-0.047718,0.233421,0.793664,-0.168831,-0.139474,0.567574,0.953680,-0.183661,-0.046701,0.233626,0.954472,-0.179504,-0.047718,0.233421,1.000000,
0.954472,-0.179504,-0.047718,0.233421,0.793664,-0.168831,-0.139474,0.567574,0.955469,-0.174115,-0.049034,0.233148,0.954472,-0.179504,-0.047718,0.233421,1.000000,
0.954472,-0.179504,-0.047718,0.233421,0.793664,-0.168831,-0.139474,0.567574,0.953680,-0.183661,-0.046701,0.233626,0.954472,-0.179504,-0.047718,0.233421,1.000000,
0.954472,-0.179504,-0.047718,0.233421,0.793664,-0.168831,-0.139474,0.567574,0.955469,-0.174115,-0.049034,0.233148,0.954472,-0.179504,-0.047718,0.233421,1.000000,
0.954472,-0.179504,-0.047718,0.233421,0.793664,-0.168831,-0.139474,0.567574,0.953680,-0.183661,-0.046701,0.233626,0.954472,-0.179504,-0.047718,0.233421,1.000000,
0.954472,-0.179504,-0.047718,0.233421,0.793664,-0.168831,-0.139474,0.567574,0.955469,-0.174115,-0.049034,0.233148,0.954472,-0.179504,-0.047718,0.233421,1.000000,
0.954472,-0.179504,-0.047718,0.233421,0.793664,-0.168831,-0.139474,0.567574,0.953680,-0.183661,-0.046701,0.233626,0.954472,-0.179504,-0.047718,0.233421,1.000000,
0.954472,-0.179504,-0.047718,0.233421,0.793664,-0.168831,-0.139474,0.567574,0.955469,-0.174115,-0.049034,0.233148,0.954472,-0.179504,-0.047718,0.233421,1.000000,
0.954472,-0.179504,-0.047718,0.233421,0.793664,-0.168831,-0.139474,0.567574,0.953680,-0.183661,-0.046700,0.233626,0.954472,-0.179504,-0.047718,0.233421,1.000000,
0.954472,-0.179504,-0.047718,0.233421,0.793664,-0.168831,-0.139474,0.567574,0.955469,-0.174115,-0.049034,0.233148,0.954472,-0.179504,-0.047718,0.233421,1.000000,
0.954472,-0.179504,-0.047718,0.233421,0.793664,-0.168831,-0.139474,0.567574,0.953680,-0.183661,-0.046700,0.233626,0.954472,-0.179504,-0.047718,0.233421,1.000000,
0.954472,-0.179504,-0.047718,0.233421,0.793664,-0.168831,-0.139474,0.567574,0.955469,-0.174116,-0.049034,0.233148,0.954472,-0.179504,-0.047718,0.233421,1.000000,
0.954472,-0.179504,-0.047718,0.233421,0.793664,-0.168831,-0.139474,0.567574,0.953680,-0.183661,-0.046700,0.233626,0.954472,-0.179504,-0.047718,0.233421,1.000000,
0.954472,-0.179504,-0.047718,0.233421,0.793664,-0.168831,-0.139474,0.567574,0.955469,-0.174116,-0.049034,0.233148,0.954472,-0.179504,-0.047718,0.233421,1.000000,
0.954472,-0.179504,-0.047718,0.233421,0.793664,-0.168831,-0.139474,0.567574,0.953680,-0.183661,-0.046700,0.233626,0.954472,-0.179504,-0.047718,0.233421,1.000000,
0.954472,-0.179504,-0.047718,0.233421,0.793664,-0.168831,-0.139474,0.567574,0.955469,-0.174116,-0.049034,0.233148,0.954472,-0.179504,-0.047718,0.233421,1.000000,
0.954472,-0.179504,-0.047718,0.233421,0.793664,-0.168831,-0.139474,0.567574,0.953680,-0.183662,-0.046700,0.233626,0.954472,-0.179504,-0.047718,0.233421,1.000000,
0.954472,-0.179504,-0.047718,0.233421,0.793664,-0.168831,-0.139474,0.567574,0.955469,-0.174116,-0.049034,0.233148,0.954472,-0.179504,-0.047718,0.233421,1.000000,
0.954472,-0.179504,-0.047718,0.233421,0.793664,-0.168831,-0.139474,0.567574,0.953680,-0.183662,-0.046700,0.233626,0.954472,-0.179504,-0.047718,0.233421,1.000000,
0.954472,-0.179504,-0.047718,0.233421,0.793664,-0.168831,-0.139474,0.567574,0.955469,-0.174116,-0.049034,0.233148,0.954472,-0.179504,-0.047718,0.233421,1.000000,
0.954472,-0.179504,-0.047718,0.233421,0.793664,-0.168831,-0.139474,0.567574,0.953680,-0.183662,-0.046700,0.233626,0.954472,-0.179504,-0.047718,0.233421,1.000000,
0.954472,-0.179504,-0.047718,0.233421,0.793664,-0.168831,-0.139474,0.567574,0.955469,-0.174116,-0.049034,0.233148,0.954472,-0.179504,-0.047718,0.233421,1.000000,
0.954472,-0.179504,-0.047718,0.233421,0.793664,-0.168831,-0.139474,0.567574,0.953680,-0.183662,-0.046700,0.233626,0.954472,-0.179504,-0.047718,0.233421,1.000000,
0.954472,-0.179504,-0.047718,0.233421,0.793664,-0.168831,-0.139474,0.567574,0.955469,-0.174116,-0.049034,0.233148,0.954472,-0.179504,-0.047718,0.233421,1.000000,
0.954472,-0.179504,-0.047718,0.233421,0.793664,-0.168831,-0.139474,0.567574,0.953680,-0.183662,-0.046700,0.233626,0.954472,-0.179504,-0.047718,0.233421,1.000000,
0.954472,-0.179504,-0.047718,0.233421,0.793664,-0.168831,-0.139474,0.567574,0.955469,-0.174116,-0.049034,0.233148,0.954472,-0.179504,-0.047718,0.233421,1.000000,
0.954472,-0.179504,-0.047718,0.233421,0.793664,-0.168831,-0.139474,0.567574,0.953680,-0.183662,-0.046700,0.233626,0.954472,-0.179504,-0.047718,0.233421,1.000000,
0.954472,-0.179504,-0.047718,0.233421,0.793664,-0.168831,-0.139474,0.567574,0.955469,-0.174116,-0.049034,0.233148,0.954472,-0.179504,-0.047718,0.233421,1.000000,
0.954472,-0.179504,-0.047718,0.233421,0.793664,-0.168831,-0.139474,0.567574,0.953680,-0.183662,-0.046700,0.233626,0.954472,-0.179504,-0.047718,0.233421,1.000000,
0.954472,-0.179504,-0.047718,0.233421,0.793664,-0.168831,-0.139474,0.567574,0.955469,-0.174116,-0.049034,0.233148,0.954472,-0.179504,-0.047718,0.233421,1.000000,
0.954472,-0.179504,-0.047718,0.233421,0.793664,-0.168831,-0.139474,0.567574,0.953680,-0.183662,-0.046700,0.233626,0.954472,-0.179504,-0.047718,0.233421,1.000000,
0.954472,-0.179504,-0.047718,0.233421,0.793664,-0.168831,-0.139474,0.567574,0.955469,-0.174116,-0.049034,0.233148,0.954472,-0.179504,-0.047718,0.233421,1.000000,
0.954472,-0.179504,-0.047718,0.233421,0.793664,-0.168831,-0.139474,0.567574,0.953680,-0.183662,-0.046700,0.233626,0.954472,-0.179504,-0.047718,0.233421,1.000000,
0.954472,-0.179504,-0.047718,0.233421,0.793664,-0.168831,-0.139474,0.567574,0.955469,-0.174116,-0.049034,0.233148,0.954472,-0.179504,-0.047718,0.233421,1.000000,
0.954472,-0.179504,-0.047718,0.233421,0.793664,-0.168831,-0.139474,0.567574,0.953680,-0.183662,-0.046700,0.233626,0.954472,-0.179504,-0.047718,0.233421,1.000000,
0.954472,-0.179504,-0.047718,0.233421,0.793664,-0.168831,-0.139474,0.567574,0.955469,-0.174116,-0.049034,0.233148,0.954472,-0.179504,-0.047718,0.233421,1.000000,
0.954472,-0.179504,-0.047718,0.233421,0.793664,-0.168831,-0.139474,0.567574,0.953680,-0.183662,-0.046700,0.233626,0.954472,-0.179504,-0.047718,0.233421,1.000000,
0.954472,-0.179504,-0.047718,0.233421,0.793664,-0.168831,-0.139474,0.567574,0.955469,-0.174116,-0.049034,0.233148,0.954472,-0.179504,-0.047718,0.233421,1.000000,
0.954472,-0.179504,-0.047718,0.233421,0.793664,-0.168831,-0.139474,0.567574,0.953680,-0.183662,-0.046700,0.233627,0.954472,-0.179504,-0.047718,0.233421,1.000000,
0.954472,-0.179504,-0.047718,0.233421,0.793664,-0.168831,-0.139474,0.567574,0.955469,-0.174116,-0.049034,0.233148,0.954472,-0.179504,-0.047718,0.233421,1.000000,
0.954472,-0.179504,-0.047718,0.233421,0.793664,-0.168831,-0.139474,0.567574,0.953680,-0.183662,-0.046700,0.233627,0.954472,-0.179504,-0.047718,0.233421,1.000000,
0.954472,-0.179504,-0.047718,0.233421,0.793664,-0.168831,-0.139474,0.567574,0.955469,-0.174116,-0.049034,0.233148,0.954472,-0.179504,-0.047718,0.233421,1.000000,
0.954472,-0.179504,-0.047718,0.233421,0.793664,-0.168831,-0.139474,0.567574,0.953680,-0.183662,-0.046700,0.233627,0.954472,-0.179504,-0.047718,0.233421,1.000000,
0.954472,-0.179504,-0.047718,0.233421,0.793664,-0.168831,-0.139474,0.567574,0.955469,-0.174117,-0.049034,0.233148,0.954472,-0.179504,-0.047718,0.233421,1.000000,
0.954472,-0.179504,-0.047718,0.233421,0.793664,-0.168831,-0.139474,0.567574,0.953680,-0.183662,-0.046700,0.233627,0.954472,-0.179504,-0.047718,0.233421,1.000000,
0.954472,-0.179504,-0.047718,0.233421,0.793664,-0.168831,-0.139474,0.567574,0.955469,-0.174117,-0.049034,0.233148,0.954472,-0.179504,-0.047718,0.233421,1.000000,
0.954472,-0.179504,-0.047718,0.233421,0.793664,-0.168831,-0.139474,0.567574,0.953680,-0.183662,-0.046700,0.233627,0.954472,-0.179504,-0.047718,0.233421,1.000000,
0.954472,-0.179504,-0.047718,0.233421,0.793664,-0.168831,-0.139474,0.567574,0.955469,-0.174117,-0.049034,0.233148,0.954472,-0.179504,-0.047718,0.233421,1.000000,
0.954472,-0.179504,-0.047718,0.233421,0.793664,-0.168831,-0.139474,0.567574,0.953680,-0.183663,-0.046700,0.233627,0.954472,-0.179504,-0.047718,0.233421,1.000000,
0.954472,-0.179504,-0.047718,0.233421,0.793664,-0.168831,-0.139474,0.567574,0.955469,-0.174117,-0.049034,0.233148,0.954472,-0.179504,-0.047718,0.233421,1.000000,
0.954472,-0.179504,-0.047718,0.233421,0.793664,-0.168831,-0.139474,0.567574,0.953680,-0.183663,-0.046700,0.233627,0.954472,-0.179504,-0.047718,0.233421,1.000000,
0.954472,-0.179504,-0.047718,0.233421,0.793664,-0.168831,-0.139474,0.567574,0.955469,-0.174117,-0.049034,0.233148,0.954472,-0.179504,-0.047718,0.233421,1.000000,
0.954472,-0.179504,-0.047718,0.233421,0.793664,-0.168831,-0.139474,0.567574,0.953680,-0.183663,-0.046700,0.233627,0.954472,-0.179504,-0.047718,0.233421,1.000000,
0.954472,-0.179504,-0.047718,0.233421,0.793664,-0.168831,-0.139474,0.567574,0.955469,-0.174117,-0.049034,0.233148,0.954472,-0.179504,-0.047718,0.233421,1.000000,
0.954472,-0.179504,-0.047718,0.233421,0.793664,-0.168831,-0.139474,0.567574,0.953680,-0.183663,-0.046700,0.233627,0.954472,-0.179504,-0.047718,0.233421,1.000000,
0.954472,-0.179504,-0.047718,0.233421,0.793664,-0.168831,-0.139474,0.567574,0.955469,-0.174117,-0.049034,0.233148,0.954472,-0.179504,-0.047718,0.233421,1.000000,
0.954472,-0.179504,-0.047718,0.233421,0.793664,-0.168831,-0.139474,0.567574,0.953680,-0.183663,-0.046700,0.233627,0.954472,-0.179504,-0.047718,0.233421,1.000000,
0.954472,-0.179504,-0.047718,0.233421,0.793664,-0.168831,-0.139474,0.567574,0.955469,-0.174117,-0.049034,0.233148,0.954472,-0.179504,-0.047718,0.233421,1.000000,
0.954472,-0.179504,-0.047718,0.233421,0.793664,-0.168831,-0.139474,0.567574,0.953680,-0.183663,-0.046700,0.233627,0.954472,-0.179504,-0.047718,0.233421,1.000000,
0.954472,-0.179504,-0.047718,0.233421,0.793664,-0.168831,-0.139474,0.567574,0.955469,-0.174117,-0.049034,0.233148,0.954472,-0.179504,-0.047718,0.233421,1.000000,
0.954472,-0.179504,-0.047718,0.233421,0.793664,-0.168831,-0.139474,0.567574,0.953680,-0.183663,-0.046700,0.233627,0.954472,-0.179504,-0.047718,0.233421,1.000000,
0.954472,-0.179504,-0.047718,0.233421,0.793664,-0.168831,-0.139474,0.567574,0.955469,-0.174117,-0.049034,0.233148,0.954472,-0.179504,-0.047718,0.233421,1.000000,
0.954472,-0.179504,-0.047718,0.233421,0.793664,-0.168831,-0.139474,0.567574,0.953680,-0.183663,-0.046700,0.233627,0.954472,-0.179504,-0.047718,0.233421,1.000000,
0.954472,-0.179504,-0.047718,0.233421,0.793664,-0.168831,-0.139474,0.567574,0.955469,-0.174117,-0.049034,0.233148,0.954472,-0.179504,-0.047718,0.233421,1.000000,
0.954472,-0.179504,-0.047718,0.233421,0.793664,-0.168831,-0.139474,0.567574,0.953680,-0.183663,-0.046700,0.233627,0.954472,-0.179504,-0.047718,0.233421,1.000000,
0.954472,-0.179504,-0.047718,0.233421,0.793664,-0.168831,-0.139474,0.567574,0.955469,-0.174117,-0.049034,0.233148,0.954472,-0.179504,-0.047718,0.233421,1.000000,
0.954472,-0.179504,-0.047718,0.233421,0.793664,-0.168831,-0.139474,0.567574,0.953680,-0.183663,-0.046700,0.233627,0.954472,-0.179504,-0.047718,0.233421,1.000000,
0.954472,-0.179504,-0.047718,0.233421,0.793664,-0.168831,-0.139474,0.567574,0.955469,-0.174117,-0.049034,0.233148,0.954472,-0.179504,-0.047718,0.233421,1.000000,
0.954472,-0.179504,-0.047718,0.233421,0.793664,-0.168831,-0.139474,0.567574,0.953680,-0.183663,-0.046700,0.233627,0.954472,-0.179504,-0.047718,0.233421,1.000000,
0.954472,-0.179504,-0.047718,0.233421,0.793664,-0.168831,-0.139474,0.567574,0.955469,-0.174117,-0.049034,0.233148,0.954472,-0.179504,-0.047718,0.233421,1.000000,
0.954472,-0.179504,-0.047718,0.233421,0.793664,-0.168831,-0.139474,0.567574,0.953680,-0.183663,-0.046700,0.233627,0.954472,-0.179504,-0.047718,0.233421,1.000000,
0.954472,-0.179504,-0.047718,0.233421,0.793664,-0.168831,-0.139474,0.567574,0.955469,-0.174117,-0.049034,0.233148,0.954472,-0.179504,-0.047718,0.233421,1.000000,
0.954472,-0.179504,-0.047718,0.233421,0.793664,-0.168831,-0.139474,0.567574,0.953680,-0.183663,-0.046700,0.233627,0.954472,-0.179504,-0.047718,0.233421,1.000000,
0.954472,-0.179504,-0.047718,0.233421,0.793664,-0.168831,-0.139474,0.567574,0.955469,-0.174117,-0.049034,0.233148,0.954472,-0.179504,-0.047718,0.233421,1.000000,
0.954472,-0.179504,-0.047718,0.233421,0.793664,-0.168831,-0.139474,0.567574,0.953680,-0.183663,-0.046700,0.233627,0.954472,-0.179504,-0.047718,0.233421,1.000000,
0.954472,-0.179504,-0.047718,0.233421,0.793664,-0.168831,-0.139474,0.567574,0.955469,-0.174117,-0.049034,0.233148,0.954472,-0.179504,-0.047718,0.233421,1.000000,
0.954472,-0.179504,-0.047718,0.233421,0.793664,-0.168831,-0.139474,0.567574,0.953680,-0.183663,-0.046700,0.233627,0.954472,-0.179504,-0.047718,0.233421,1.000000,
0.954472,-0.179504,-0.047718,0.233421,0.793664,-0.168831,-0.139474,0.567574,0.955469,-0.174118,-0.049034,0.233148,0.954472,-0.179504,-0.047718,0.233421,1.000000,
0.954472,-0.179504,-0.047718,0.233421,0.793664,-0.168831,-0.139474,0.567574,0.953680,-0.183663,-0.046700,0.233627,0.954472,-0.179504,-0.047718,0.233421,1.000000,
0.954472,-0.179504,-0.047718,0.233421,0.793664,-0.168831,-0.139474,0.567574,0.955469,-0.174118,-0.049034,0.233148,0.954472,-0.179504,-0.047718,0.233421,1.000000,
0.954472,-0.179504,-0.047718,0.233421,0.793664,-0.168831,-0.139474,0.567574,0.953680,-0.183664,-0.046700,0.233627,0.954472,-0.179504,-0.047718,0.233421,1.000000,
0.954472,-0.179504,-0.047718,0.233421,0.793664,-0.168831,-0.139474,0.567574,0.955469,-0.174118,-0.049034,0.233148,0.954472,-0.179504,-0.047718,0.233421,1.000000,
0.954472,-0.179504,-0.047718,0.233421,0.793664,-0.168831,-0.139474,0.567574,0.953680,-0.183664,-0.046700,0.233627,0.954472,-0.179504,-0.047718,0.233421,1.000000,
0.954472,-0.179504,-0.047718,0.233421,0.793664,-0.168831,-0.139474,0.567574,0.955469,-0.174118,-0.049034,0.233148,0.954472,-0.179504,-0.047718,0.233421,1.000000,
0.954472,-0.179504,-0.047718,0.233421,0.793664,-0.168831,-0.139474,0.567574,0.953680,-0.183664,-0.046700,0.233627,0.954472,-0.179504,-0.047718,0.233421,1.000000,
0.954472,-0.179504,-0.047718,0.233421,0.793664,-0.168831,-0.139474,0.567574,0.955469,-0.174118,-0.049034,0.233148,0.954472,-0.179504,-0.047718,0.233421,1.000000,
0.954472,-0.179504,-0.047718,0.233421,0.793664,-0.168831,-0.139474,0.567574,0.953680,-0.183664,-0.046700,0.233627,0.954472,-0.179504,-0.047718,0.233421,1.000000,
0.954472,-0.179504,-0.047718,0.233421,0.793664,-0.168831,-0.139474,0.567574,0.955469,-0.174118,-0.049034,0.233148,0.954472,-0.179504,-0.047718,0.233421,1.000000,
0.954472,-0.179504,-0.047718,0.233421,0.793664,-0.168831,-0.139474,0.567574,0.953680,-0.183664,-0.046700,0.233627,0.954472,-0.179504,-0.047718,0.233421,1.000000,
0.954472,-0.179504,-0.047718,0.233421,0.793664,-0.168831,-0.139474,0.567574,0.955469,-0.174118,-0.049034,0.233148,0.954472,-0.179504,-0.047718,0.233421,1.000000,
0.954472,-0.179504,-0.047718,0.233421,0.793664,-0.168831,-0.139474,0.567574,0.953680,-0.183664,-0.046700,0.233627,0.954472,-0.179504,-0.047718,0.233421,1.000000,
0.954472,-0.179504,-0.047718,0.233421,0.793664,-0.168831,-0.139474,0.567574,0.955469,-0.174118,-0.049034,0.233148,0.954472,-0.179504,-0.047718,0.233421,1.000000,
0.954472,-0.179504,-0.047718,0.233421,0.793664,-0.168831,-0.139474,0.567574,0.953680,-0.183664,-0.046700,0.233627,0.954472,-0.179504,-0.047718,0.233421,1.000000,
0.954472,-0.179504,-0.047718,0.233421,0.793664,-0.168831,-0.139474,0.567574,0.955469,-0.174118,-0.049034,0.233148,0.954472,-0.179504,-0.047718,0.233421,1.000000,
0.954472,-0.179504,-0.047718,0.233421,0.793664,-0.168831,-0.139474,0.567574,0.953680,-0.183664,-0.046700,0.233627,0.954472,-0.179504,-0.047718,0.233421,1.000000,
0.954472,-0.179504,-0.047718,0.233421,0.793664,-0.168831,-0.139474,0.567574,0.955469,-0.174118,-0.049034,0.233148,0.954472,-0.179504,-0.047718,0.233421,1.000000,
0.954472,-0.179504,-0.047718,0.233421,0.793664,-0.168831,-0.139474,0.567574,0.953680,-0.183664,-0.046700,0.233627,0.954472,-0.179504,-0.047718,0.233421,1.000000,
0.954472,-0.179504,-0.047718,0.233421,0.793664,-0.168831,-0.139474,0.567574,0.955469,-0.174118,-0.049034,0.233148,0.954472,-0.179504,-0.047718,0.233421,1.000000,
0.954472,-0.179504,-0.047718,0.233421,0.793664,-0.168831,-0.139474,0.567574,0.953680,-0.183664,-0.046700,0.233627,0.954472,-0.179504,-0.047718,0.233421,1.000000,
0.954472,-0.179504,-0.047718,0.233421,0.793664,-0.168831,-0.139474,0.567574,0.955469,-0.174118,-0.049034,0.233148,0.954472,-0.179504,-0.047718,0.233421,1.000000,
0.954472,-0.179504,-0.047718,0.233421,0.793664,-0.168831,-0.139474,0.567574,0.953680,-0.183664,-0.046700,0.233627,0.954472,-0.179504,-0.047718,0.233421,1.000000,
0.954472,-0.179504,-0.047718,0.233421,0.793664,-0.168831,-0.139474,0.567574,0.955469,-0.174118,-0.049034,0.233148,0.954472,-0.179504,-0.047718,0.233421,1.000000,
0.954472,-0.179504,-0.047718,0.233421,0.793664,-0.168831,-0.139474,0.567574,0.953680,-0.183664,-0.046700,0.233627,0.954472,-0.179504,-0.047718,0.233421,1.000000,
0.954472,-0.179504,-0.047718,0.233421,0.793664,-0.168831,-0.139474,0.567574,0.955469,-0.174118,-0.049034,0.233148,0.954472,-0.179504,-0.047718,0.233421,1.000000,
0.954472,-0.179504,-0.047718,0.233421,0.793664,-0.168831,-0.139474,0.567574,0.953680,-0.183664,-0.046700,0.233627,0.954472,-0.179504,-0.047718,0.233421,1.000000,
0.954472,-0.179504,-0.047718,0.233421,0.793664,-0.168831,-0.139474,0.567574,0.955469,-0.174118,-0.049034,0.233148,0.954472,-0.179504,-0.047718,0.233421,1.000000,
0.954472,-0.179504,-0.047718,0.233421,0.793664,-0.168831,-0.139474,0.567574,0.953680,-0.183664,-0.046700,0.233627,0.954472,-0.179504,-0.047718,0.233421,1.000000,
0.954472,-0.179504,-0.047718,0.233421,0.793664,-0.168831,-0.139474,0.567574,0.955469,-0.174118,-0.049034,0.233148,0.954472,-0.179504,-0.047718,0.233421,1.000000,
0.954472,-0.179504,-0.047718,0.233421,0.793664,-0.168831,-0.139474,0.567574,0.953680,-0.183664,-0.046700,0.233627,0.954472,-0.179504,-0.047718,0.233421,1.000000,
0.954472,-0.179504,-0.047718,0.233421,0.793664,-0.168831,-0.139474,0.567574,0.955469,-0.174119,-0.049034,0.233148,0.954472,-0.179504,-0.047718,0.233421,1.000000,
0.954472,-0.179504,-0.047718,0.233421,0.793664,-0.168831,-0.139474,0.567574,0.953680,-0.183664,-0.046700,0.233627,0.954472,-0.179504,-0.047718,0.233421,1.000000,
0.954472,-0.179504,-0.047718,0.233421,0.793664,-0.168831,-0.139474,0.567574,0.955469,-0.174119,-0.049034,0.233148,0.954472,-0.179504,-0.047718,0.233421,1.000000,
0.954472,-0.179504,-0.047718,0.233421,0.793664,-0.168831,-0.139474,0.567574,0.953680,-0.183664,-0.046700,0.233627,0.954472,-0.179504,-0.047718,0.233421,1.000000,
0.954472,-0.179504,-0.047718,0.233421,0.793664,-0.168831,-0.139474,0.567574,0.955469,-0.174119,-0.049034,0.233148,0.954472,-0.179504,-0.047718,0.233421,1.000000,
0.954472,-0.179504,-0.047718,0.233421,0.793664,-0.168831,-0.139474,0.567574,0.953680,-0.183665,-0.046700,0.233627,0.954472,-0.179504,-0.047718,0.233421,1.000000,
0.954472,-0.179504,-0.047718,0.233421,0.793664,-0.168831,-0.139474,0.567574,0.955469,-0.174119,-0.049034,0.233148,0.954472,-0.179504,-0.047718,0.233421,1.000000,
0.954472,-0.179504,-0.047718,0.233421,0.793664,-0.168831,-0.139474,0.567574,0.953680,-0.183665,-0.046700,0.233627,0.954472,-0.179504,-0.047718,0.233421,1.000000,
0.954472,-0.179504,-0.047718,0.233421,0.793664,-0.168831,-0.139474,0.567574,0.955469,-0.174119,-0.049034,0.233148,0.954472,-0.179504,-0.047718,0.233421,1.000000,
0.954472,-0.179504,-0.047718,0.233421,0.793664,-0.168831,-0.139474,0.567574,0.953680,-0.183665,-0.046700,0.233627,0.954472,-0.179504,-0.047718,0.233421,1.000000,
0.954472,-0.179504,-0.047718,0.233421,0.793664,-0.168831,-0.139474,0.567574,0.955469,-0.174119,-0.049034,0.233148,0.954472,-0.179504,-0.047718,0.233421,1.000000,
0.954472,-0.179504,-0.047718,0.233421,0.793664,-0.168831,-0.139474,0.567574,0.953680,-0.183665,-0.046700,0.233627,0.954472,-0.179504,-0.047718,0.233421,1.000000,
0.954472,-0.179504,-0.047718,0.233421,0.793664,-0.168831,-0.139474,0.567574,0.955469,-0.174119,-0.049034,0.233148,0.954472,-0.179504,-0.047718,0.233421,1.000000,
0.954472,-0.179504,-0.047718,0.233421,0.793664,-0.168831,-0.139474,0.567574,0.953680,-0.183665,-0.046700,0.233627,0.954472,-0.179504,-0.047718,0.233421,1.000000,
0.954472,-0.179504,-0.047718,0.233421,0.793664,-0.168831,-0.139474,0.567574,0.955469,-0.174119,-0.049034,0.233148,0.954472,-0.179504,-0.047718,0.233421,1.000000,
0.954472,-0.179504,-0.047718,0.233421,0.793664,-0.168831,-0.139474,0.567574,0.953680,-0.183665,-0.046700,0.233627,0.954472,-0.179504,-0.047718,0.233421,1.000000,
0.954472,-0.179504,-0.047718,0.233421,0.793664,-0.168831,-0.139474,0.567574,0.955469,-0.174119,-0.049034,0.233148,0.954472,-0.179504,-0.047718,0.233421,1.000000,
0.954472,-0.179504,-0.047718,0.233421,0.793664,-0.168831,-0.139474,0.567574,0.953680,-0.183665,-0.046700,0.233627,0.954472,-0.179504,-0.047718,0.233421,1.000000,
0.954472,-0.179504,-0.047718,0.233421,0.793664,-0.168831,-0.139474,0.567574,0.955469,-0.174119,-0.049034,0.233148,0.954472,-0.179504,-0.047718,0.233421,1.000000,
0.954472,-0.179504,-0.047718,0.233421,0.793664,-0.168831,-0.139474,0.567574,0.953680,-0.183665,-0.046700,0.233627,0.954472,-0.179504,-0.047718,0.233421,1.000000,
0.954472,-0.179504,-0.047718,0.233421,0.793664,-0.168831,-0.139474,0.567574,0.955469,-0.174119,-0.049033,0.233148,0.954472,-0.179504,-0.047718,0.233421,1.000000,
0.954472,-0.179504,-0.047718,0.233421,0.793664,-0.168831,-0.139474,0.567574,0.953680,-0.183665,-0.046700,0.233627,0.954472,-0.179504,-0.047718,0.233421,1.000000,
0.954472,-0.179504,-0.047718,0.233421,0.793664,-0.168831,-0.139474,0.567574,0.955469,-0.174119,-0.049033,0.233148,0.954472,-0.179504,-0.047718,0.233421,1.000000,
0.954472,-0.179504,-0.047718,0.233421,0.793664,-0.168831,-0.139474,0.567574,0.953680,-0.183665,-0.046700,0.233627,0.954472,-0.179504,-0.047718,0.233421,1.000000,
0.954472,-0.179504,-0.047718,0.233421,0.793664,-0.168831,-0.139474,0.567574,0.955469,-0.174119,-0.049033,0.233148,0.954472,-0.179504,-0.047718,0.233421,1.000000,
0.954472,-0.179504,-0.047718,0.233421,0.793664,-0.168831,-0.139474,0.567574,0.953680,-0.183665,-0.046700,0.233627,0.954472,-0.179504,-0.047718,0.233421,1.000000,
0.954472,-0.179504,-0.047718,0.233421,0.793664,-0.168831,-0.139474,0.567574,0.955469,-0.174119,-0.049033,0.233148,0.954472,-0.179504,-0.047718,0.233421,1.000000,
0.954472,-0.179504,-0.047718,0.233421,0.793664,-0.168831,-0.139474,0.567574,0.953680,-0.183665,-0.046700,0.233627,0.954472,-0.179504,-0.047718,0.233421,1.000000,
0.954472,-0.179504,-0.047718,0.233421,0.793664,-0.168831,-0.139474,0.567574,0.955469,-0.174119,-0.049033,0.233148,0.954472,-0.179504,-0.047718,0.233421,1.000000,
0.954472,-0.179504,-0.047718,0.233421,0.793664,-0.168831,-0.139474,0.567574,0.953680,-0.183665,-0.046700,0.233627,0.954472,-0.179504,-0.047718,0.233421,1.000000,
0.954472,-0.179504,-0.047718,0.233421,0.793664,-0.168831,-0.139474,0.567574,0.955469,-0.174119,-0.049033,0.233148,0.954472,-0.179504,-0.047718,0.233421,1.000000,
0.954472,-0.179504,-0.047718,0.233421,0.793664,-0.168831,-0.139474,0.567574,0.953680,-0.183665,-0.046700,0.233627,0.954472,-0.179504,-0.047718,0.233421,1.000000,
0.954472,-0.179504,-0.047718,0.233421,0.793664,-0.168831,-0.139474,0.567574,0.955469,-0.174120,-0.049033,0.233148,0.954472,-0.179504,-0.047718,0.233421,1.000000,
0.954472,-0.179504,-0.047718,0.233421,0.793664,-0.168831,-0.139474,0.567574,0.953680,-0.183665,-0.046699,0.233627,0.954472,-0.179504,-0.047718,0.233421,1.000000,
0.954472,-0.179504,-0.047718,0.233421,0.793664,-0.168831,-0.139474,0.567574,0.955469,-0.174120,-0.049033,0.233148,0.954472,-0.179504,-0.047718,0.233421,1.000000,
0.954472,-0.179504,-0.047718,0.233421,0.793664,-0.168831,-0.139474,0.567574,0.953680,-0.183665,-0.046699,0.233627,0.954472,-0.179504,-0.047718,0.233421,1.000000,
0.954472,-0.179504,-0.047718,0.233421,0.793664,-0.168831,-0.139474,0.567574,0.955469,-0.174120,-0.049033,0.233148,0.954472,-0.179504,-0.047718,0.233421,1.000000,
0.954472,-0.179504,-0.047718,0.233421,0.793664,-0.168831,-0.139474,0.567574,0.953680,-0.183666,-0.046699,0.233627,0.954472,-0.179504,-0.047718,0.233421,1.000000,
0.954472,-0.179504,-0.047718,0.233421,0.793664,-0.168831,-0.139474,0.567574,0.955469,-0.174120,-0.049033,0.233148,0.954472,-0.179504,-0.047718,0.233421,1.000000,
0.954472,-0.179504,-0.047718,0.233421,0.793664,-0.168831,-0.139474,0.567574,0.953680,-0.183666,-0.046699,0.233627,0.954472,-0.179504,-0.047718,0.233421,1.000000,
0.954472,-0.179504,-0.047718,0.233421,0.793664,-0.168831,-0.139474,0.567574,0.955468,-0.174120,-0.049033,0.233148,0.954472,-0.179504,-0.047718,0.233421,1.000000,
0.954472,-0.179504,-0.047718,0.233421,0.793664,-0.168831,-0.139474,0.567574,0.953680,-0.183666,-0.046699,0.233627,0.954472,-0.179504,-0.047718,0.233421,1.000000,
0.954472,-0.179504,-0.047718,0.233421,0.793664,-0.168831,-0.139474,0.567574,0.955468,-0.174120,-0.049033,0.233148,0.954472,-0.179504,-0.047718,0.233421,1.000000,
0.954472,-0.179504,-0.047718,0.233421,0.793664,-0.168831,-0.139474,0.567574,0.953680,-0.183666,-0.046699,0.233627,0.954472,-0.179504,-0.047718,0.233421,1.000000,
0.954472,-0.179504,-0.047718,0.233421,0.793664,-0.168831,-0.139474,0.567574,0.955468,-0.174120,-0.049033,0.233148,0.954472,-0.179504,-0.047718,0.233421,1.000000,
0.954472,-0.179504,-0.047718,0.233421,0.793664,-0.168831,-0.139474,0.567574,0.953680,-0.183666,-0.046699,0.233627,0.954472,-0.179504,-0.047718,0.233421,1.000000,
0.954472,-0.179504,-0.047718,0.233421,0.793664,-0.168831,-0.139474,0.567574,0.955468,-0.174120,-0.049033,0.233148,0.954472,-0.179504,-0.047718,0.233421,1.000000,
0.954472,-0.179504,-0.047718,0.233421,0.793664,-0.168831,-0.139474,0.567574,0.953680,-0.183666,-0.046699,0.233627,0.954472,-0.179504,-0.047718,0.233421,1.000000,
0.954472,-0.179504,-0.047718,0.233421,0.793664,-0.168831,-0.139474,0.567574,0.955468,-0.174120,-0.049033,0.233148,0.954472,-0.179504,-0.047718,0.233421,1.000000,
0.954472,-0.179504,-0.047718,0.233421,0.793664,-0.168831,-0.139474,0.567574,0.953679,-0.183666,-0.046699,0.233627,0.954472,-0.179504,-0.047718,0.233421,1.000000,
0.954472,-0.179504,-0.047718,0.233421,0.793664,-0.168831,-0.139474,0.567574,0.955468,-0.174120,-0.049033,0.233148,0.954472,-0.179504,-0.047718,0.233421,1.000000,
0.954472,-0.179504,-0.047718,0.233421,0.793664,-0.168831,-0.139474,0.567574,0.953679,-0.183666,-0.046699,0.233627,0.954472,-0.179504,-0.047718,0.233421,1.000000,
0.954472,-0.179504,-0.047718,0.233421,0.793664,-0.168831,-0.139474,0.567574,0.955468,-0.174120,-0.049033,0.233148,0.954472,-0.179504,-0.047718,0.233421,1.000000,
0.954472,-0.179504,-0.047718,0.233421,0.793664,-0.168831,-0.139474,0.567574,0.953679,-0.183666,-0.046699,0.233627,0.954472,-0.179504,-0.047718,0.233421,1.000000,
0.954472,-0.179504,-0.047718,0.233421,0.793664,-0.168831,-0.139474,0.567574,0.955468,-0.174120,-0.049033,0.233148,0.954472,-0.179504,-0.047718,0.233421,1.000000,
0.954472,-0.179504,-0.047718,0.233421,0.793664,-0.168831,-0.139474,0.567574,0.953679,-0.183666,-0.046699,0.233627,0.954472,-0.179504,-0.047718,0.233421,1.000000,
0.954472,-0.179504,-0.047718,0.233421,0.793664,-0.168831,-0.139474,0.567574,0.955468,-0.174120,-0.049033,0.233148,0.954472,-0.179504,-0.047718,0.233421,1.000000,
0.954472,-0.179504,-0.047718,0.233421,0.793664,-0.168831,-0.139474,0.567574,0.953679,-0.183666,-0.046699,0.233627,0.954472,-0.179504,-0.047718,0.233421,1.000000,
0.954472,-0.179504,-0.047718,0.233421,0.793664,-0.168831,-0.139474,0.567574,0.955468,-0.174120,-0.049033,0.233148,0.954472,-0.179504,-0.047718,0.233421,1.000000,
0.954472,-0.179504,-0.047718,0.233421,0.793664,-0.168831,-0.139474,0.567574,0.953679,-0.183666,-0.046699,0.233627,0.954472,-0.179504,-0.047718,0.233421,1.000000,
0.954472,-0.179504,-0.047718,0.233421,0.793664,-0.168831,-0.139474,0.567574,0.955468,-0.174120,-0.049033,0.233148,0.954472,-0.179504,-0.047718,0.233421,1.000000,
0.954472,-0.179504,-0.047718,0.233421,0.793664,-0.168831,-0.139474,0.567574,0.953679,-0.183666,-0.046699,0.233627,0.954472,-0.179504,-0.047718,0.233421,1.000000,
0.954472,-0.179504,-0.047718,0.233421,0.793664,-0.168831,-0.139474,0.567574,0.955468,-0.174120,-0.049033,0.233148,0.954472,-0.179504,-0.047718,0.233421,1.000000,
0.954472,-0.179504,-0.047718,0.233421,0.793664,-0.168831,-0.139474,0.567574,0.953679,-0.183666,-0.046699,0.233627,0.954472,-0.179504,-0.047718,0.233421,1.000000,
0.954472,-0.179504,-0.047718,0.233421,0.793664,-0.168831,-0.139474,0.567574,0.955468,-0.174120,-0.049033,0.233148,0.954472,-0.179504,-0.047718,0.233421,1.000000,
0.954472,-0.179504,-0.047718,0.233421,0.793664,-0.168831,-0.139474,0.567574,0.953679,-0.183666,-0.046699,0.233627,0.954472,-0.179504,-0.047718,0.233421,1.000000,
0.954472,-0.179504,-0.047718,0.233421,0.793664,-0.168831,-0.139474,0.567574,0.955468,-0.174121,-0.049033,0.233148,0.954472,-0.179504,-0.047718,0.233421,1.000000,
0.954472,-0.179504,-0.047718,0.233421,0.793664,-0.168831,-0.139474,0.567574,0.953679,-0.183666,-0.046699,0.233627,0.954472,-0.179504,-0.047718,0.233421,1.000000,
0.954472,-0.179504,-0.047718,0.233421,0.793664,-0.168831,-0.139474,0.567574,0.955468,-0.174121,-0.049033,0.233148,0.954472,-0.179504,-0.047718,0.233421,1.000000,
0.954472,-0.179504,-0.047718,0.233421,0.793664,-0.168831,-0.139474,0.567574,0.953679,-0.183666,-0.046699,0.233627,0.954472,-0.179504,-0.047718,0.233421,1.000000,
0.954472,-0.179504,-0.047718,0.233421,0.793664,-0.168831,-0.139474,0.567574,0.955468,-0.174121,-0.049033,0.233148,0.954472,-0.179504,-0.047718,0.233421,1.000000,
0.954472,-0.179504,-0.047718,0.233421,0.793664,-0.168831,-0.139474,0.567574,0.953679,-0.183667,-0.046699,0.233627,0.954472,-0.179504,-0.047718,0.233421,1.000000,
0.954472,-0.179504,-0.047718,0.233421,0.793664,-0.168831,-0.139474,0.567574,0.955468,-0.174121,-0.049033,0.233148,0.954472,-0.179504,-0.047718,0.233421,1.000000,
0.954472,-0.179504,-0.047718,0.233421,0.793664,-0.168831,-0.139474,0.567574,0.953679,-0.183667,-0.046699,0.233627,0.954472,-0.179504,-0.047718,0.233421,1.000000,
0.954472,-0.179504,-0.047718,0.233421,0.793664,-0.168831,-0.139474,0.567574,0.955468,-0.174121,-0.049033,0.233148,0.954472,-0.179504,-0.047718,0.233421,1.000000,
0.954472,-0.179504,-0.047718,0.233421,0.793664,-0.168831,-0.139474,0.567574,0.953679,-0.183667,-0.046699,0.233627,0.954472,-0.179504,-0.047718,0.233421,1.000000,
0.954472,-0.179504,-0.047718,0.233421,0.793664,-0.168831,-0.139474,0.567574,0.955468,-0.174121,-0.049033,0.233148,0.954472,-0.179504,-0.047718,0.233421,1.000000,
0.954472,-0.179504,-0.047718,0.233421,0.793664,-0.168831,-0.139474,0.567574,0.953679,-0.183667,-0.046699,0.233627,0.954472,-0.179504,-0.047718,0.233421,1.000000,
0.954472,-0.179504,-0.047718,0.233421,0.793664,-0.168831,-0.139474,0.567574,0.955468,-0.174121,-0.049033,0.233148,0.954472,-0.179504,-0.047718,0.233421,1.000000,
0.954472,-0.179504,-0.047718,0.233421,0.793664,-0.168831,-0.139474,0.567574,0.953679,-0.183667,-0.046699,0.233627,0.954472,-0.179504,-0.047718,0.233421,1.000000,
0.954472,-0.179504,-0.047718,0.233421,0.793664,-0.168831,-0.139474,0.567574,0.955468,-0.174121,-0.049033,0.233148,0.954472,-0.179504,-0.047718,0.233421,1.000000,
0.954472,-0.179504,-0.047718,0.233421,0.793664,-0.168831,-0.139474,0.567574,0.953679,-0.183667,-0.046699,0.233627,0.954472,-0.179504,-0.047718,0.233421,1.000000,
0.954472,-0.179504,-0.047718,0.233421,0.793664,-0.168831,-0.139474,0.567574,0.955468,-0.174121,-0.049033,0.233148,0.954472,-0.179504,-0.047718,0.233421,1.000000,
0.954472,-0.179504,-0.047718,0.233421,0.793664,-0.168831,-0.139474,0.567574,0.953679,-0.183667,-0.046699,0.233627,0.954472,-0.179504,-0.047718,0.233421,1.000000,
0.954472,-0.179504,-0.047718,0.233421,0.793664,-0.168831,-0.139474,0.567574,0.955468,-0.174121,-0.049033,0.233148,0.954472,-0.179504,-0.047718,0.233421,1.000000,
0.954472,-0.179504,-0.047718,0.233421,0.793664,-0.168831,-0.139474,0.567574,0.953679,-0.183667,-0.046699,0.233627,0.954472,-0.179504,-0.047718,0.233421,1.000000,
0.954472,-0.179504,-0.047718,0.233421,0.793664,-0.168831,-0.139474,0.567574,0.955468,-0.174121,-0.049033,0.233148,0.954472,-0.179504,-0.047718,0.233421,1.000000,
0.954472,-0.179504,-0.047718,0.233421,0.793664,-0.168831,-0.139474,0.567574,0.953679,-0.183667,-0.046699,0.233627,0.954472,-0.179504,-0.047718,0.233421,1.000000,
0.954472,-0.179504,-0.047718,0.233421,0.793664,-0.168831,-0.139474,0.567574,0.955468,-0.174121,-0.049033,0.233148,0.954472,-0.179504,-0.047718,0.233421,1.000000,
0.954472,-0.179504,-0.047718,0.233421,0.793664,-0.168831,-0.139474,0.567574,0.953679,-0.183667,-0.046699,0.233627,0.954472,-0.179504,-0.047718,0.233421,1.000000,
0.954472,-0.179504,-0.047718,0.233421,0.793664,-0.168831,-0.139474,0.567574,0.955468,-0.174121,-0.049033,0.233148,0.954472,-0.179504,-0.047718,0.233421,1.000000,
0.954472,-0.179504,-0.047718,0.233421,0.793664,-0.168831,-0.139474,0.567574,0.953679,-0.183667,-0.046699,0.233627,0.954472,-0.179504,-0.047718,0.233421,1.000000,
0.954472,-0.179504,-0.047718,0.233421,0.793664,-0.168831,-0.139474,0.567574,0.955468,-0.174121,-0.049033,0.233148,0.954472,-0.179504,-0.047718,0.233421,1.000000,
0.954472,-0.179504,-0.047718,0.233421,0.793664,-0.168831,-0.139474,0.567574,0.953679,-0.183667,-0.046699,0.233627,0.954472,-0.179504,-0.047718,0.233421,1.000000,
0.954472,-0.179504,-0.047718,0.233421,0.793664,-0.168831,-0.139474,0.567574,0.955468,-0.174121,-0.049033,0.233148,0.954472,-0.179504,-0.047718,0.233421,1.000000,
0.954472,-0.179504,-0.047718,0.233421,0.793664,-0.168831,-0.139474,0.567574,0.953679,-0.183667,-0.046699,0.233627,0.954472,-0.179504,-0.047718,0.233421,1.000000,
0.954472,-0.179504,-0.047718,0.233421,0.793664,-0.168831,-0.139474,0.567574,0.955468,-0.174121,-0.049033,0.233148,0.954472,-0.179504,-0.047718,0.233421,1.000000,
0.954472,-0.179504,-0.047718,0.233421,0.793664,-0.168831,-0.139474,0.567574,0.953679,-0.183667,-0.046699,0.233627,0.954472,-0.179504,-0.047718,0.233421,1.000000,
0.954472,-0.179504,-0.047718,0.233421,0.793664,-0.168831,-0.139474,0.567574,0.955468,-0.174122,-0.049033,0.233148,0.954472,-0.179504,-0.047718,0.233421,1.000000,
0.954472,-0.179504,-0.047718,0.233421,0.793664,-0.168831,-0.139474,0.567574,0.953679,-0.183667,-0.046699,0.233627,0.954472,-0.179504,-0.047718,0.233421,1.000000,
0.954472,-0.179504,-0.047718,0.233421,0.793664,-0.168831,-0.139474,0.567574,0.955468,-0.174122,-0.049033,0.233148,0.954472,-0.179504,-0.047718,0.233421,1.000000,
0.954472,-0.179504,-0.047718,0.233421,0.793664,-0.168831,-0.139474,0.567574,0.953679,-0.183667,-0.046699,0.233627,0.954472,-0.179504,-0.047718,0.233421,1.000000,
0.954472,-0.179504,-0.047718,0.233421,0.793664,-0.168831,-0.139474,0.567574,0.955468,-0.174122,-0.049033,0.233148,0.954472,-0.179504,-0.047718,0.233421,1.000000,
0.954472,-0.179504,-0.047718,0.233421,0.793664,-0.168831,-0.139474,0.567574,0.953679,-0.183668,-0.046699,0.233627,0.954472,-0.179504,-0.047718,0.233421,1.000000,
0.954472,-0.179504,-0.047718,0.233421,0.793664,-0.168831,-0.139474,0.567574,0.955468,-0.174122,-0.049033,0.233148,0.954472,-0.179504,-0.047718,0.233421,1.000000,
0.954472,-0.179504,-0.047718,0.233421,0.793664,-0.168831,-0.139474,0.567574,0.953679,-0.183668,-0.046699,0.233627,0.954472,-0.179504,-0.047718,0.233421,1.000000,
0.954472,-0.179504,-0.047718,0.233421,0.793664,-0.168831,-0.139474,0.567574,0.955468,-0.174122,-0.049033,0.233148,0.954472,-0.179504,-0.047718,0.233421,1.000000,
0.954472,-0.179504,-0.047718,0.233421,0.793664,-0.168831,-0.139474,0.567574,0.953679,-0.183668,-0.046699,0.233627,0.954472,-0.179504,-0.047718,0.233421,1.000000,
0.954472,-0.179504,-0.047718,0.233421,0.793664,-0.168831,-0.139474,0.567574,0.955468,-0.174122,-0.049033,0.233148,0.954472,-0.179504,-0.047718,0.233421,1.000000,
0.954472,-0.179504,-0.047718,0.233421,0.793664,-0.168831,-0.139474,0.567574,0.953679,-0.183668,-0.046699,0.233627,0.954472,-0.179504,-0.047718,0.233421,1.000000,
0.954472,-0.179504,-0.047718,0.233421,0.793664,-0.168831,-0.139474,0.567574,0.955468,-0.174122,-0.049033,0.233148,0.954472,-0.179504,-0.047718,0.233421,1.000000,
0.954472,-0.179504,-0.047718,0.233421,0.793664,-0.168831,-0.139474,0.567574,0.953679,-0.183668,-0.046699,0.233627,0.954472,-0.179504,-0.047718,0.233421,1.000000,
0.954472,-0.179504,-0.047718,0.233421,0.793664,-0.168831,-0.139474,0.567574,0.955468,-0.174122,-0.049033,0.233148,0.954472,-0.179504,-0.047718,0.233421,1.000000,
0.954472,-0.179504,-0.047718,0.233421,0.793664,-0.168831,-0.139474,0.567574,0.953679,-0.183668,-0.046699,0.233627,0.954472,-0.179504,-0.047718,0.233421,1.000000,
0.954472,-0.179504,-0.047718,0.233421,0.793664,-0.168831,-0.139474,0.567574,0.955468,-0.174122,-0.049033,0.233148,0.954472,-0.179504,-0.047718,0.233421,1.000000,
0.954472,-0.179504,-0.047718,0.233421,0.793664,-0.168831,-0.139474,0.567574,0.953679,-0.183668,-0.046699,0.233627,0.954472,-0.179504,-0.047718,0.233421,1.000000,
0.954472,-0.179504,-0.047718,0.233421,0.793664,-0.168831,-0.139474,0.567574,0.955468,-0.174122,-0.049033,0.233148,0.954472,-0.179504,-0.047718,0.233421,1.000000,
0.954472,-0.179504,-0.047718,0.233421,0.793664,-0.168831,-0.139474,0.567574,0.953679,-0.183668,-0.046699,0.233627,0.954472,-0.179504,-0.047718,0.233421,1.000000,
0.954472,-0.179504,-0.047718,0.233421,0.793664,-0.168831,-0.139474,0.567574,0.955468,-0.174122,-0.049033,0.233148,0.954472,-0.179504,-0.047718,0.233421,1.000000,
0.954472,-0.179504,-0.047718,0.233421,0.793664,-0.168831,-0.139474,0.567574,0.953679,-0.183668,-0.046699,0.233627,0.954472,-0.179504,-0.047718,0.233421,1.000000,
0.954472,-0.179504,-0.047718,0.233421,0.793664,-0.168831,-0.139474,0.567574,0.955468,-0.174122,-0.049033,0.233148,0.954472,-0.179504,-0.047718,0.233421,1.000000,
0.954472,-0.179504,-0.047718,0.233421,0.793664,-0.168831,-0.139474,0.567574,0.953679,-0.183668,-0.046699,0.233627,0.954472,-0.179504,-0.047718,0.233421,1.000000,
0.954472,-0.179504,-0.047718,0.233421,0.793664,-0.168831,-0.139474,0.567574,0.955468,-0.174122,-0.049033,0.233148,0.954472,-0.179504,-0.047718,0.233421,1.000000,
0.954472,-0.179504,-0.047718,0.233421,0.793664,-0.168831,-0.139474,0.567574,0.953679,-0.183668,-0.046699,0.233627,0.954472,-0.179504,-0.047718,0.233421,1.000000,
0.954472,-0.179504,-0.047718,0.233421,0.793664,-0.168831,-0.139474,0.567574,0.955468,-0.174122,-0.049033,0.233148,0.954472,-0.179504,-0.047718,0.233421,1.000000,
0.954472,-0.179504,-0.047718,0.233421,0.793664,-0.168831,-0.139474,0.567574,0.953679,-0.183668,-0.046699,0.233627,0.954472,-0.179504,-0.047718,0.233421,1.000000,
0.954472,-0.179504,-0.047718,0.233421,0.793664,-0.168831,-0.139474,0.567574,0.955468,-0.174122,-0.049033,0.233148,0.954472,-0.179504,-0.047718,0.233421,1.000000,
0.954472,-0.179504,-0.047718,0.233421,0.793664,-0.168831,-0.139474,0.567574,0.953679,-0.183668,-0.046699,0.233627,0.954472,-0.179504,-0.047718,0.233421,1.000000,
0.954472,-0.179504,-0.047718,0.233421,0.793664,-0.168831,-0.139474,0.567574,0.955468,-0.174122,-0.049033,0.233148,0.954472,-0.179504,-0.047718,0.233421,1.000000,
0.954472,-0.179504,-0.047718,0.233421,0.793664,-0.168831,-0.139474,0.567574,0.953679,-0.183668,-0.046699,0.233627,0.954472,-0.179504,-0.047718,0.233421,1.000000,
0.954472,-0.179504,-0.047718,0.233421,0.793664,-0.168831,-0.139474,0.567574,0.955468,-0.174122,-0.049033,0.233148,0.954472,-0.179504,-0.047718,0.233421,1.000000,
0.954472,-0.179504,-0.047718,0.233421,0.793664,-0.168831,-0.139474,0.567574,0.953679,-0.183668,-0.046699,0.233627,0.954472,-0.179504,-0.047718,0.233421,1.000000,
0.954472,-0.179504,-0.047718,0.233421,0.793664,-0.168831,-0.139474,0.567574,0.955468,-0.174123,-0.049033,0.233148,0.954472,-0.179504,-0.047718,0.233421,1.000000,
0.954472,-0.179504,-0.047718,0.233421,0.793664,-0.168831,-0.139474,0.567574,0.953679,-0.183668,-0.046699,0.233627,0.954472,-0.179504,-0.047718,0.233421,1.000000,
0.954472,-0.179504,-0.047718,0.233421,0.793664,-0.168831,-0.139474,0.567574,0.955468,-0.174123,-0.049033,0.233148,0.954472,-0.179504,-0.047718,0.233421,1.000000,
0.954472,-0.179504,-0.047718,0.233421,0.793664,-0.168831,-0.139474,0.567574,0.953679,-0.183668,-0.046699,0.233627,0.954472,-0.179504,-0.047718,0.233421,1.000000,
0.954472,-0.179504,-0.047718,0.233421,0.793664,-0.168831,-0.139474,0.567574,0.955468,-0.174123,-0.049033,0.233148,0.954472,-0.179504,-0.047718,0.233421,1.000000,
0.954472,-0.179504,-0.047718,0.233421,0.793664,-0.168831,-0.139474,0.567574,0.953679,-0.183669,-0.046699,0.233627,0.954472,-0.179504,-0.047718,0.233421,1.000000,
0.954472,-0.179504,-0.047718,0.233421,0.793664,-0.168831,-0.139474,0.567574,0.955468,-0.174123,-0.049033,0.233148,0.954472,-0.179504,-0.047718,0.233421,1.000000,
0.954472,-0.179504,-0.047718,0.233421,0.793664,-0.168831,-0.139474,0.567574,0.953679,-0.183669,-0.046699,0.233627,0.954472,-0.179504,-0.047718,0.233421,1.000000,
0.954472,-0.179504,-0.047718,0.233421,0.793664,-0.168831,-0.139474,0.567574,0.955468,-0.174123,-0.049033,0.233148,0.954472,-0.179504,-0.047718,0.233421,1.000000,
0.954472,-0.179504,-0.047718,0.233421,0.793664,-0.168831,-0.139474,0.567574,0.953679,-0.183669,-0.046699,0.233627,0.954472,-0.179504,-0.047718,0.233421,1.000000,
0.954472,-0.179504,-0.047718,0.233421,0.793664,-0.168831,-0.139474,0.567574,0.955468,-0.174123,-0.049033,0.233148,0.954472,-0.179504,-0.047718,0.233421,1.000000,
0.954472,-0.179504,-0.047718,0.233421,0.793664,-0.168831,-0.139474,0.567574,0.953679,-0.183669,-0.046699,0.233627,0.954472,-0.179504,-0.047718,0.233421,1.000000,
0.954472,-0.179504,-0.047718,0.233421,0.793664,-0.168831,-0.139474,0.567574,0.955468,-0.174123,-0.049033,0.233148,0.954472,-0.179504,-0.047718,0.233421,1.000000,
0.954472,-0.179504,-0.047718,0.233421,0.793664,-0.168831,-0.139474,0.567574,0.953679,-0.183669,-0.046699,0.233627,0.954472,-0.179504,-0.047718,0.233421,1.000000,
0.954472,-0.179504,-0.047718,0.233421,0.793664,-0.168831,-0.139474,0.567574,0.955468,-0.174123,-0.049033,0.233148,0.954472,-0.179504,-0.047718,0.233421,1.000000,
0.954472,-0.179504,-0.047718,0.233421,0.793664,-0.168831,-0.139474,0.567574,0.953679,-0.183669,-0.046699,0.233627,0.954472,-0.179504,-0.047718,0.233421,1.000000,
0.954472,-0.179504,-0.047718,0.233421,0.793664,-0.168831,-0.139474,0.567574,0.955468,-0.174123,-0.049033,0.233148,0.954472,-0.179504,-0.047718,0.233421,1.000000,
0.954472,-0.179504,-0.047718,0.233421,0.793664,-0.168831,-0.139474,0.567574,0.953679,-0.183669,-0.046699,0.233627,0.954472,-0.179504,-0.047718,0.233421,1.000000,
0.954472,-0.179504,-0.047718,0.233421,0.793664,-0.168831,-0.139474,0.567574,0.955468,-0.174123,-0.049033,0.233148,0.954472,-0.179504,-0.047718,0.233421,1.000000,
0.954472,-0.179504,-0.047718,0.233421,0.793664,-0.168831,-0.139474,0.567574,0.953679,-0.183669,-0.046699,0.233627,0.954472,-0.179504,-0.047718,0.233421,1.000000,
0.954472,-0.179504,-0.047718,0.233421,0.793664,-0.168831,-0.139474,0.567574,0.955468,-0.174123,-0.049033,0.233148,0.954472,-0.179504,-0.047718,0.233421,1.000000,
0.954472,-0.179504,-0.047718,0.233421,0.793664,-0.168831,-0.139474,0.567574,0.953679,-0.183669,-0.046699,0.233627,0.954472,-0.179504,-0.047718,0.233421,1.000000,
0.954472,-0.179504,-0.047718,0.233421,0.793664,-0.168831,-0.139474,0.567574,0.955468,-0.174123,-0.049032,0.233148,0.954472,-0.179504,-0.047718,0.233421,1.000000,
0.954472,-0.179504,-0.047718,0.233421,0.793664,-0.168831,-0.139474,0.567574,0.953679,-0.183669,-0.046699,0.233627,0.954472,-0.179504,-0.047718,0.233421,1.000000,
0.954472,-0.179504,-0.047718,0.233421,0.793664,-0.168831,-0.139474,0.567574,0.955468,-0.174123,-0.049032,0.233148,0.954472,-0.179504,-0.047718,0.233421,1.000000,
0.954472,-0.179504,-0.047718,0.233421,0.793664,-0.168831,-0.139474,0.567574,0.953679,-0.183669,-0.046699,0.233627,0.954472,-0.179504,-0.047718,0.233421,1.000000,
0.954472,-0.179504,-0.047718,0.233421,0.793664,-0.168831,-0.139474,0.567574,0.955468,-0.174123,-0.049032,0.233148,0.954472,-0.179504,-0.047718,0.233421,1.000000,
0.954472,-0.179504,-0.047718,0.233421,0.793664,-0.168831,-0.139474,0.567574,0.953679,-0.183669,-0.046699,0.233627,0.954472,-0.179504,-0.047718,0.233421,1.000000,
0.954472,-0.179504,-0.047718,0.233421,0.793664,-0.168831,-0.139474,0.567574,0.955468,-0.174123,-0.049032,0.233148,0.954472,-0.179504,-0.047718,0.233421,1.000000,
0.954472,-0.179504,-0.047718,0.233421,0.793664,-0.168831,-0.139474,0.567574,0.953679,-0.183669,-0.046699,0.233627,0.954472,-0.179504,-0.047718,0.233421,1.000000,
0.954472,-0.179504,-0.047718,0.233421,0.793664,-0.168831,-0.139474,0.567574,0.955468,-0.174123,-0.049032,0.233148,0.954472,-0.179504,-0.047718,0.233421,1.000000,
0.954472,-0.179504,-0.047718,0.233421,0.793664,-0.168831,-0.139474,0.567574,0.953679,-0.183669,-0.046699,0.233627,0.954472,-0.179504,-0.047718,0.233421,1.000000,
0.954472,-0.179504,-0.047718,0.233421,0.793664,-0.168831,-0.139474,0.567574,0.955468,-0.174124,-0.049032,0.233148,0.954472,-0.179504,-0.047718,0.233421,1.000000,
0.954472,-0.179504,-0.047718,0.233421,0.793664,-0.168831,-0.139474,0.567574,0.953679,-0.183669,-0.046699,0.233627,0.954472,-0.179504,-0.047718,0.233421,1.000000,
0.954472,-0.179504,-0.047718,0.233421,0.793664,-0.168831,-0.139474,0.567574,0.955468,-0.174124,-0.049032,0.233148,0.954472,-0.179504,-0.047718,0.233421,1.000000,
0.954472,-0.179504,-0.047718,0.233421,0.793664,-0.168831,-0.139474,0.567574,0.953679,-0.183669,-0.046698,0.233627,0.954472,-0.179504,-0.047718,0.233421,1.000000,
0.954472,-0.179504,-0.047718,0.233421,0.793664,-0.168831,-0.139474,0.567574,0.955468,-0.174124,-0.049032,0.233148,0.954472,-0.179504,-0.047718,0.233421,1.000000,
0.954472,-0.179504,-0.047718,0.233421,0.793664,-0.168831,-0.139474,0.567574,0.953679,-0.183670,-0.046698,0.233627,0.954472,-0.179504,-0.047718,0.233421,1.000000,
0.954472,-0.179504,-0.047718,0.233421,0.793664,-0.168831,-0.139474,0.567574,0.955468,-0.174124,-0.049032,0.233148,0.954472,-0.179504,-0.047718,0.233421,1.000000,
0.954472,-0.179504,-0.047718,0.233421,0.793664,-0.168831,-0.139474,0.567574,0.953679,-0.183670,-0.046698,0.233627,0.954472,-0.179504,-0.047718,0.233421,1.000000,
0.954472,-0.179504,-0.047718,0.233421,0.793664,-0.168831,-0.139474,0.567574,0.955468,-0.174124,-0.049032,0.233148,0.954472,-0.179504,-0.047718,0.233421,1.000000,
0.954472,-0.179504,-0.047718,0.233421,0.793664,-0.168831,-0.139474,0.567574,0.953679,-0.183670,-0.046698,0.233627,0.954472,-0.179504,-0.047718,0.233421,1.000000,
0.954472,-0.179504,-0.047718,0.233421,0.793664,-0.168831,-0.139474,0.567574,0.955468,-0.174124,-0.049032,0.233148,0.954472,-0.179504,-0.047718,0.233421,1.000000,
0.954472,-0.179504,-0.047718,0.233421,0.793664,-0.168831,-0.139474,0.567574,0.953679,-0.183670,-0.046698,0.233627,0.954472,-0.179504,-0.047718,0.233421,1.000000,
0.954472,-0.179504,-0.047718,0.233421,0.793664,-0.168831,-0.139474,0.567574,0.955468,-0.174124,-0.049032,0.233148,0.954472,-0.179504,-0.047718,0.233421,1.000000,
0.954472,-0.179504,-0.047718,0.233421,0.793664,-0.168831,-0.139474,0.567574,0.953679,-0.183670,-0.046698,0.233627,0.954472,-0.179504,-0.047718,0.233421,1.000000,
0.954472,-0.179504,-0.047718,0.233421,0.793664,-0.168831,-0.139474,0.567574,0.955468,-0.174124,-0.049032,0.233148,0.954472,-0.179504,-0.047718,0.233421,1.000000,
0.954472,-0.179504,-0.047718,0.233421,0.793664,-0.168831,-0.139474,0.567574,0.953679,-0.183670,-0.046698,0.233627,0.954472,-0.179504,-0.047718,0.233421,1.000000,
0.954472,-0.179504,-0.047718,0.233421,0.793664,-0.168831,-0.139474,0.567574,0.955468,-0.174124,-0.049032,0.233148,0.954472,-0.179504,-0.047718,0.233421,1.000000,
0.954472,-0.179504,-0.047718,0.233421,0.793664,-0.168831,-0.139474,0.567574,0.953679,-0.183670,-0.046698,0.233627,0.954472,-0.179504,-0.047718,0.233421,1.000000,
0.954472,-0.179504,-0.047718,0.233421,0.793664,-0.168831,-0.139474,0.567574,0.955468,-0.174124,-0.049032,0.233148,0.954472,-0.179504,-0.047718,0.233421,1.000000,
0.954472,-0.179504,-0.047718,0.233421,0.793664,-0.168831,-0.139474,0.567574,0.953679,-0.183670,-0.046698,0.233627,0.954472,-0.179504,-0.047718,0.233421,1.000000,
0.954472,-0.179504,-0.047718,0.233421,0.793664,-0.168831,-0.139474,0.567574,0.955468,-0.174124,-0.049032,0.233148,0.954472,-0.179504,-0.047718,0.233421,1.000000,
0.954472,-0.179504,-0.047718,0.233421,0.793664,-0.168831,-0.139474,0.567574,0.953679,-0.183670,-0.046698,0.233627,0.954472,-0.179504,-0.047718,0.233421,1.000000,
0.954472,-0.179504,-0.047718,0.233421,0.793664,-0.168831,-0.139474,0.567574,0.955468,-0.174124,-0.049032,0.233148,0.954472,-0.179504,-0.047718,0.233421,1.000000,
0.954472,-0.179504,-0.047718,0.233421,0.793664,-0.168831,-0.139474,0.567574,0.953679,-0.183670,-0.046698,0.233627,0.954472,-0.179504,-0.047718,0.233421,1.000000,
0.954472,-0.179504,-0.047718,0.233421,0.793664,-0.168831,-0.139474,0.567574,0.955468,-0.174124,-0.049032,0.233148,0.954472,-0.179504,-0.047718,0.233421,1.000000,
0.954472,-0.179504,-0.047718,0.233421,0.793664,-0.168831,-0.139474,0.567574,0.953679,-0.183670,-0.046698,0.233627,0.954472,-0.179504,-0.047718,0.233421,1.000000,
0.954472,-0.179504,-0.047718,0.233421,0.793664,-0.168831,-0.139474,0.567574,0.955468,-0.174124,-0.049032,0.233148,0.954472,-0.179504,-0.047718,0.233421,1.000000,
0.954472,-0.179504,-0.047718,0.233421,0.793664,-0.168831,-0.139474,0.567574,0.953679,-0.183670,-0.046698,0.233627,0.954472,-0.179504,-0.047718,0.233421,1.000000,
0.954472,-0.179504,-0.047718,0.233421,0.793664,-0.168831,-0.139474,0.567574,0.955468,-0.174124,-0.049032,0.233148,0.954472,-0.179504,-0.047718,0.233421,1.000000,
0.954472,-0.179504,-0.047718,0.233421,0.793664,-0.168831,-0.139474,0.567574,0.953679,-0.183670,-0.046698,0.233627,0.954472,-0.179504,-0.047718,0.233421,1.000000,
0.954472,-0.179504,-0.047718,0.233421,0.793664,-0.168831,-0.139474,0.567574,0.955468,-0.174124,-0.049032,0.233148,0.954472,-0.179504,-0.047718,0.233421,1.000000,
0.954472,-0.179504,-0.047718,0.233421,0.793664,-0.168831,-0.139474,0.567574,0.953679,-0.183670,-0.046698,0.233627,0.954472,-0.179504,-0.047718,0.233421,1.000000,
0.954472,-0.179504,-0.047718,0.233421,0.793664,-0.168831,-0.139474,0.567574,0.955468,-0.174124,-0.049032,0.233148,0.954472,-0.179504,-0.047718,0.233421,1.000000,
0.954472,-0.179504,-0.047718,0.233421,0.793664,-0.168831,-0.139474,0.567574,0.953679,-0.183670,-0.046698,0.233627,0.954472,-0.179504,-0.047718,0.233421,1.000000,
0.954472,-0.179504,-0.047718,0.233421,0.793664,-0.168831,-0.139474,0.567574,0.955468,-0.174125,-0.049032,0.233148,0.954472,-0.179504,-0.047718,0.233421,1.000000,
0.954472,-0.179504,-0.047718,0.233421,0.793664,-0.168831,-0.139474,0.567574,0.953679,-0.183670,-0.046698,0.233627,0.954472,-0.179504,-0.047718,0.233421,1.000000,
0.954472,-0.179504,-0.047718,0.233421,0.793664,-0.168831,-0.139474,0.567574,0.955468,-0.174125,-0.049032,0.233148,0.954472,-0.179504,-0.047718,0.233421,1.000000,
0.954472,-0.179504,-0.047718,0.233421,0.793664,-0.168831,-0.139474,0.567574,0.953679,-0.183670,-0.046698,0.233627,0.954472,-0.179504,-0.047718,0.233421,1.000000,
0.954472,-0.179504,-0.047718,0.233421,0.793664,-0.168831,-0.139474,0.567574,0.955468,-0.174125,-0.049032,0.233148,0.954472,-0.179504,-0.047718,0.233421,1.000000,
0.954472,-0.179504,-0.047718,0.233421,0.793664,-0.168831,-0.139474,0.567574,0.953679,-0.183671,-0.046698,0.233627,0.954472,-0.179504,-0.047718,0.233421,1.000000,
0.954472,-0.179504,-0.047718,0.233421,0.793664,-0.168831,-0.139474,0.567574,0.955468,-0.174125,-0.049032,0.233148,0.954472,-0.179504,-0.047718,0.233421,1.000000,
0.954472,-0.179504,-0.047718,0.233421,0.793664,-0.168831,-0.139474,0.567574,0.953679,-0.183671,-0.046698,0.233627,0.954472,-0.179504,-0.047718,0.233421,1.000000,
0.954472,-0.179504,-0.047718,0.233421,0.793664,-0.168831,-0.139474,0.567574,0.955468,-0.174125,-0.049032,0.233148,0.954472,-0.179504,-0.047718,0.233421,1.000000,
0.954472,-0.179504,-0.047718,0.233421,0.793664,-0.168831,-0.139474,0.567574,0.953679,-0.183671,-0.046698,0.233627,0.954472,-0.179504,-0.047718,0.233421,1.000000,
0.954472,-0.179504,-0.047718,0.233421,0.793664,-0.168831,-0.139474,0.567574,0.955468,-0.174125,-0.049032,0.233148,0.954472,-0.179504,-0.047718,0.233421,1.000000,
0.954472,-0.179504,-0.047718,0.233421,0.793664,-0.168831,-0.139474,0.567574,0.953679,-0.183671,-0.046698,0.233627,0.954472,-0.179504,-0.047718,0.233421,1.000000,
0.954472,-0.179504,-0.047718,0.233421,0.793664,-0.168831,-0.139474,0.567574,0.955468,-0.174125,-0.049032,0.233148,0.954472,-0.179504,-0.047718,0.233421,1.000000,
0.954472,-0.179504,-0.047718,0.233421,0.793664,-0.168831,-0.139474,0.567574,0.953679,-0.183671,-0.046698,0.233627,0.954472,-0.179504,-0.047718,0.233421,1.000000,
0.954472,-0.179504,-0.047718,0.233421,0.793664,-0.168831,-0.139474,0.567574,0.955468,-0.174125,-0.049032,0.233148,0.954472,-0.179504,-0.047718,0.233421,1.000000,
0.954472,-0.179504,-0.047718,0.233421,0.793664,-0.168831,-0.139474,0.567574,0.953679,-0.183671,-0.046698,0.233627,0.954472,-0.179504,-0.047718,0.233421,1.000000,
0.954472,-0.179504,-0.047718,0.233421,0.793664,-0.168831,-0.139474,0.567574,0.955468,-0.174125,-0.049032,0.233148,0.954472,-0.179504,-0.047718,0.233421,1.000000,
0.954472,-0.179504,-0.047718,0.233421,0.793664,-0.168831,-0.139474,0.567574,0.953679,-0.183671,-0.046698,0.233627,0.954472,-0.179504,-0.047718,0.233421,1.000000,
0.954472,-0.179504,-0.047718,0.233421,0.793664,-0.168831,-0.139474,0.567574,0.955468,-0.174125,-0.049032,0.233148,0.954472,-0.179504,-0.047718,0.233421,1.000000,
0.954472,-0.179504,-0.047718,0.233421,0.793664,-0.168831,-0.139474,0.567574,0.953679,-0.183671,-0.046698,0.233627,0.954472,-0.179504,-0.047718,0.233421,1.000000,
0.954472,-0.179504,-0.047718,0.233421,0.793664,-0.168831,-0.139474,0.567574,0.955468,-0.174125,-0.049032,0.233148,0.954472,-0.179504,-0.047718,0.233421,1.000000,
0.954472,-0.179504,-0.047718,0.233421,0.793664,-0.168831,-0.139474,0.567574,0.953679,-0.183671,-0.046698,0.233627,0.954472,-0.179504,-0.047718,0.233421,1.000000,
0.954472,-0.179504,-0.047718,0.233421,0.793664,-0.168831,-0.139474,0.567574,0.955468,-0.174125,-0.049032,0.233148,0.954472,-0.179504,-0.047718,0.233421,1.000000,
0.954472,-0.179504,-0.047718,0.233421,0.793664,-0.168831,-0.139474,0.567574,0.953678,-0.183671,-0.046698,0.233627,0.954472,-0.179504,-0.047718,0.233421,1.000000,
0.954472,-0.179504,-0.047718,0.233421,0.793664,-0.168831,-0.139474,0.567574,0.955467,-0.174125,-0.049032,0.233148,0.954472,-0.179504,-0.047718,0.233421,1.000000,
0.954472,-0.179504,-0.047718,0.233421,0.793664,-0.168831,-0.139474,0.567574,0.953678,-0.183671,-0.046698,0.233627,0.954472,-0.179504,-0.047718,0.233421,1.000000,
0.954472,-0.179504,-0.047718,0.233421,0.793664,-0.168831,-0.139474,0.567574,0.955467,-0.174125,-0.049032,0.233148,0.954472,-0.179504,-0.047718,0.233421,1.000000,
0.954472,-0.179504,-0.047718,0.233421,0.793664,-0.168831,-0.139474,0.567574,0.953678,-0.183671,-0.046698,0.233627,0.954472,-0.179504,-0.047718,0.233421,1.000000,
0.954472,-0.179504,-0.047718,0.233421,0.793664,-0.168831,-0.139474,0.567574,0.955467,-0.174125,-0.049032,0.233148,0.954472,-0.179504,-0.047718,0.233421,1.000000,
0.954472,-0.179504,-0.047718,0.233421,0.793664,-0.168831,-0.139474,0.567574,0.953678,-0.183671,-0.046698,0.233627,0.954472,-0.179504,-0.047718,0.233421,1.000000,
0.954472,-0.179504,-0.047718,0.233421,0.793664,-0.168831,-0.139474,0.567574,0.955467,-0.174125,-0.049032,0.233148,0.954472,-0.179504,-0.047718,0.233421,1.000000,
0.954472,-0.179504,-0.047718,0.233421,0.793664,-0.168831,-0.139474,0.567574,0.953678,-0.183671,-0.046698,0.233627,0.954472,-0.179504,-0.047718,0.233421,1.000000,
0.954472,-0.179504,-0.047718,0.233421,0.793664,-0.168831,-0.139474,0.567574,0.955467,-0.174126,-0.049032,0.233148,0.954472,-0.179504,-0.047718,0.233421,1.000000,
0.954472,-0.179504,-0.047718,0.233421,0.793664,-0.168831,-0.139474,0.567574,0.953678,-0.183671,-0.046698,0.233627,0.954472,-0.179504,-0.047718,0.233421,1.000000,
0.954472,-0.179504,-0.047718,0.233421,0.793664,-0.168831,-0.139474,0.567574,0.955467,-0.174126,-0.049032,0.233148,0.954472,-0.179504,-0.047718,0.233421,1.000000,
0.954472,-0.179504,-0.047718,0.233421,0.793664,-0.168831,-0.139474,0.567574,0.953678,-0.183671,-0.046698,0.233627,0.954472,-0.179504,-0.047718,0.233421,1.000000,
0.954472,-0.179504,-0.047718,0.233421,0.793664,-0.168831,-0.139474,0.567574,0.955467,-0.174126,-0.049032,0.233148,0.954472,-0.179504,-0.047718,0.233421,1.000000,
0.954472,-0.179504,-0.047718,0.233421,0.793664,-0.168831,-0.139474,0.567574,0.953678,-0.183672,-0.046698,0.233627,0.954472,-0.179504,-0.047718,0.233421,1.000000,
0.954472,-0.179504,-0.047718,0.233421,0.793664,-0.168831,-0.139474,0.567574,0.955467,-0.174126,-0.049032,0.233148,0.954472,-0.179504,-0.047718,0.233421,1.000000,
0.954472,-0.179504,-0.047718,0.233421,0.793664,-0.168831,-0.139474,0.567574,0.953678,-0.183672,-0.046698,0.233627,0.954472,-0.179504,-0.047718,0.233421,1.000000,
0.954472,-0.179504,-0.047718,0.233421,0.793664,-0.168831,-0.139474,0.567574,0.955467,-0.174126,-0.049032,0.233148,0.954472,-0.179504,-0.047718,0.233421,1.000000,
0.954472,-0.179504,-0.047718,0.233421,0.793664,-0.168831,-0.139474,0.567574,0.953678,-0.183672,-0.046698,0.233627,0.954472,-0.179504,-0.047718,0.233421,1.000000,
0.954472,-0.179504,-0.047718,0.233421,0.793664,-0.168831,-0.139474,0.567574,0.955467,-0.174126,-0.049032,0.233148,0.954472,-0.179504,-0.047718,0.233421,1.000000,
0.954472,-0.179504,-0.047718,0.233421,0.793664,-0.168831,-0.139474,0.567574,0.953678,-0.183672,-0.046698,0.233627,0.954472,-0.179504,-0.047718,0.233421,1.000000,
0.954472,-0.179504,-0.047718,0.233421,0.793664,-0.168831,-0.139474,0.567574,0.955467,-0.174126,-0.049032,0.233148,0.954472,-0.179504,-0.047718,0.233421,1.000000,
0.954472,-0.179504,-0.047718,0.233421,0.793664,-0.168831,-0.139474,0.567574,0.953678,-0.183672,-0.046698,0.233627,0.954472,-0.179504,-0.047718,0.233421,1.000000,
0.954472,-0.179504,-0.047718,0.233421,0.793664,-0.168831,-0.139474,0.567574,0.955467,-0.174126,-0.049032,0.233148,0.954472,-0.179504,-0.047718,0.233421,1.000000,
0.954472,-0.179504,-0.047718,0.233421,0.793664,-0.168831,-0.139474,0.567574,0.953678,-0.183672,-0.046698,0.233627,0.954472,-0.179504,-0.047718,0.233421,1.000000,
0.954472,-0.179504,-0.047718,0.233421,0.793664,-0.168831,-0.139474,0.567574,0.955467,-0.174126,-0.049032,0.233148,0.954472,-0.179504,-0.047718,0.233421,1.000000,
0.954472,-0.179504,-0.047718,0.233421,0.793664,-0.168831,-0.139474,0.567574,0.953678,-0.183672,-0.046698,0.233627,0.954472,-0.179504,-0.047718,0.233421,1.000000,
0.954472,-0.179504,-0.047718,0.233421,0.793664,-0.168831,-0.139474,0.567574,0.955467,-0.174126,-0.049032,0.233148,0.954472,-0.179504,-0.047718,0.233421,1.000000,
0.954472,-0.179504,-0.047718,0.233421,0.793664,-0.168831,-0.139474,0.567574,0.953678,-0.183672,-0.046698,0.233627,0.954472,-0.179504,-0.047718,0.233421,1.000000,
0.954472,-0.179504,-0.047718,0.233421,0.793664,-0.168831,-0.139474,0.567574,0.955467,-0.174126,-0.049032,0.233148,0.954472,-0.179504,-0.047718,0.233421,1.000000,
0.954472,-0.179504,-0.047718,0.233421,0.793664,-0.168831,-0.139474,0.567574,0.953678,-0.183672,-0.046698,0.233627,0.954472,-0.179504,-0.047718,0.233421,1.000000,
0.954472,-0.179504,-0.047718,0.233421,0.793664,-0.168831,-0.139474,0.567574,0.955467,-0.174126,-0.049032,0.233148,0.954472,-0.179504,-0.047718,0.233421,1.000000,
0.954472,-0.179504,-0.047718,0.233421,0.793664,-0.168831,-0.139474,0.567574,0.953678,-0.183672,-0.046698,0.233627,0.954472,-0.179504,-0.047718,0.233421,1.000000,
0.954472,-0.179504,-0.047718,0.233421,0.793664,-0.168831,-0.139474,0.567574,0.955467,-0.174126,-0.049032,0.233148,0.954472,-0.179504,-0.047718,0.233421,1.000000,
0.954472,-0.179504,-0.047718,0.233421,0.793664,-0.168831,-0.139474,0.567574,0.953678,-0.183672,-0.046698,0.233627,0.954472,-0.179504,-0.047718,0.233421,1.000000,
0.954472,-0.179504,-0.047718,0.233421,0.793664,-0.168831,-0.139474,0.567574,0.955467,-0.174126,-0.049032,0.233148,0.954472,-0.179504,-0.047718,0.233421,1.000000,
0.954472,-0.179504,-0.047718,0.233421,0.793664,-0.168831,-0.139474,0.567574,0.953678,-0.183672,-0.046698,0.233627,0.954472,-0.179504,-0.047718,0.233421,1.000000,
0.954472,-0.179504,-0.047718,0.233421,0.793664,-0.168831,-0.139474,0.567574,0.955467,-0.174126,-0.049032,0.233148,0.954472,-0.179504,-0.047718,0.233421,1.000000,
0.954472,-0.179504,-0.047718,0.233421,0.793664,-0.168831,-0.139474,0.567574,0.953678,-0.183672,-0.046698,0.233627,0.954472,-0.179504,-0.047718,0.233421,1.000000,
0.954472,-0.179504,-0.047718,0.233421,0.793664,-0.168831,-0.139474,0.567574,0.955467,-0.174126,-0.049032,0.233148,0.954472,-0.179504,-0.047718,0.233421,1.000000,
0.954472,-0.179504,-0.047718,0.233421,0.793664,-0.168831,-0.139474,0.567574,0.953678,-0.183672,-0.046698,0.233627,0.954472,-0.179504,-0.047718,0.233421,1.000000,
0.954472,-0.179504,-0.047718,0.233421,0.793664,-0.168831,-0.139474,0.567574,0.955467,-0.174126,-0.049032,0.233148,0.954472,-0.179504,-0.047718,0.233421,1.000000,
0.954472,-0.179504,-0.047718,0.233421,0.793664,-0.168831,-0.139474,0.567574,0.953678,-0.183672,-0.046698,0.233627,0.954472,-0.179504,-0.047718,0.233421,1.000000,
0.954472,-0.179504,-0.047718,0.233421,0.793664,-0.168831,-0.139474,0.567574,0.955467,-0.174127,-0.049032,0.233148,0.954472,-0.179504,-0.047718,0.233421,1.000000,
0.954472,-0.179504,-0.047718,0.233421,0.793664,-0.168831,-0.139474,0.567574,0.953678,-0.183672,-0.046698,0.233627,0.954472,-0.179504,-0.047718,0.233421,1.000000,
0.954472,-0.179504,-0.047718,0.233421,0.793664,-0.168831,-0.139474,0.567574,0.955467,-0.174127,-0.049032,0.233148,0.954472,-0.179504,-0.047718,0.233421,1.000000,
0.954472,-0.179504,-0.047718,0.233421,0.793664,-0.168831,-0.139474,0.567574,0.953678,-0.183672,-0.046698,0.233627,0.954472,-0.179504,-0.047718,0.233421,1.000000,
0.954472,-0.179504,-0.047718,0.233421,0.793664,-0.168831,-0.139474,0.567574,0.955467,-0.174127,-0.049032,0.233148,0.954472,-0.179504,-0.047718,0.233421,1.000000,
0.954472,-0.179504,-0.047718,0.233421,0.793664,-0.168831,-0.139474,0.567574,0.953678,-0.183673,-0.046698,0.233627,0.954472,-0.179504,-0.047718,0.233421,1.000000,
0.954472,-0.179504,-0.047718,0.233421,0.793664,-0.168831,-0.139474,0.567574,0.955467,-0.174127,-0.049032,0.233148,0.954472,-0.179504,-0.047718,0.233421,1.000000,
0.954472,-0.179504,-0.047718,0.233421,0.793664,-0.168831,-0.139474,0.567574,0.953678,-0.183673,-0.046698,0.233627,0.954472,-0.179504,-0.047718,0.233421,1.000000,
0.954472,-0.179504,-0.047718,0.233421,0.793664,-0.168831,-0.139474,0.567574,0.955467,-0.174127,-0.049032,0.233148,0.954472,-0.179504,-0.047718,0.233421,1.000000,
0.954472,-0.179504,-0.047718,0.233421,0.793664,-0.168831,-0.139474,0.567574,0.953678,-0.183673,-0.046698,0.233627,0.954472,-0.179504,-0.047718,0.233421,1.000000,
0.954472,-0.179504,-0.047718,0.233421,0.793664,-0.168831,-0.139474,0.567574,0.955467,-0.174127,-0.049032,0.233148,0.954472,-0.179504,-0.047718,0.233421,1.000000,
0.954472,-0.179504,-0.047718,0.233421,0.793664,-0.168831,-0.139474,0.567574,0.953678,-0.183673,-0.046698,0.233627,0.954472,-0.179504,-0.047718,0.233421,1.000000,
0.954472,-0.179504,-0.047718,0.233421,0.793664,-0.168831,-0.139474,0.567574,0.955467,-0.174127,-0.049032,0.233148,0.954472,-0.179504,-0.047718,0.233421,1.000000,
0.954472,-0.179504,-0.047718,0.233421,0.793664,-0.168831,-0.139474,0.567574,0.953678,-0.183673,-0.046698,0.233627,0.954472,-0.179504,-0.047718,0.233421,1.000000,
0.954472,-0.179504,-0.047718,0.233421,0.793664,-0.168831,-0.139474,0.567574,0.955467,-0.174127,-0.049032,0.233148,0.954472,-0.179504,-0.047718,0.233421,1.000000,
0.954472,-0.179504,-0.047718,0.233421,0.793664,-0.168831,-0.139474,0.567574,0.953678,-0.183673,-0.046698,0.233627,0.954472,-0.179504,-0.047718,0.233421,1.000000,
0.954472,-0.179504,-0.047718,0.233421,0.793664,-0.168831,-0.139474,0.567574,0.955467,-0.174127,-0.049032,0.233148,0.954472,-0.179504,-0.047718,0.233421,1.000000,
0.954472,-0.179504,-0.047718,0.233421,0.793664,-0.168831,-0.139474,0.567574,0.953678,-0.183673,-0.046698,0.233627,0.954472,-0.179504,-0.047718,0.233421,1.000000,
0.954472,-0.179504,-0.047718,0.233421,0.793664,-0.168831,-0.139474,0.567574,0.955467,-0.174127,-0.049032,0.233148,0.954472,-0.179504,-0.047718,0.233421,1.000000,
0.954472,-0.179504,-0.047718,0.233421,0.793664,-0.168831,-0.139474,0.567574,0.953678,-0.183673,-0.046698,0.233627,0.954472,-0.179504,-0.047718,0.233421,1.000000,
0.954472,-0.179504,-0.047718,0.233421,0.793664,-0.168831,-0.139474,0.567574,0.955467,-0.174127,-0.049032,0.233148,0.954472,-0.179504,-0.047718,0.233421,1.000000,
0.954472,-0.179504,-0.047718,0.233421,0.793664,-0.168831,-0.139474,0.567574,0.953678,-0.183673,-0.046698,0.233627,0.954472,-0.179504,-0.047718,0.233421,1.000000,
0.954472,-0.179504,-0.047718,0.233421,0.793664,-0.168831,-0.139474,0.567574,0.955467,-0.174127,-0.049032,0.233148,0.954472,-0.179504,-0.047718,0.233421,1.000000,
0.954472,-0.179504,-0.047718,0.233421,0.793664,-0.168831,-0.139474,0.567574,0.953678,-0.183673,-0.046698,0.233627,0.954472,-0.179504,-0.047718,0.233421,1.000000,
0.954472,-0.179504,-0.047718,0.233421,0.793664,-0.168831,-0.139474,0.567574,0.955467,-0.174127,-0.049032,0.233148,0.954472,-0.179504,-0.047718,0.233421,1.000000,
0.954472,-0.179504,-0.047718,0.233421,0.793664,-0.168831,-0.139474,0.567574,0.953678,-0.183673,-0.046698,0.233627,0.954472,-0.179504,-0.047718,0.233421,1.000000,
0.954472,-0.179504,-0.047718,0.233421,0.793664,-0.168831,-0.139474,0.567574,0.955467,-0.174127,-0.049031,0.233148,0.954472,-0.179504,-0.047718,0.233421,1.000000,
0.954472,-0.179504,-0.047718,0.233421,0.793664,-0.168831,-0.139474,0.567574,0.953678,-0.183673,-0.046698,0.233627,0.954472,-0.179504,-0.047718,0.233421,1.000000,
0.954472,-0.179504,-0.047718,0.233421,0.793664,-0.168831,-0.139474,0.567574,0.955467,-0.174127,-0.049031,0.233148,0.954472,-0.179504,-0.047718,0.233421,1.000000,
0.954472,-0.179504,-0.047718,0.233421,0.793664,-0.168831,-0.139474,0.567574,0.953678,-0.183673,-0.046698,0.233627,0.954472,-0.179504,-0.047718,0.233421,1.000000,
0.954472,-0.179504,-0.047718,0.233421,0.793664,-0.168831,-0.139474,0.567574,0.955467,-0.174127,-0.049031,0.233148,0.954472,-0.179504,-0.047718,0.233421,1.000000,
0.954472,-0.179504,-0.047718,0.233421,0.793664,-0.168831,-0.139474,0.567574,0.953678,-0.183673,-0.046698,0.233627,0.954472,-0.179504,-0.047718,0.233421,1.000000,
0.954472,-0.179504,-0.047718,0.233421,0.793664,-0.168831,-0.139474,0.567574,0.955467,-0.174128,-0.049031,0.233148,0.954472,-0.179504,-0.047718,0.233421,1.000000,
0.954472,-0.179504,-0.047718,0.233421,0.793664,-0.168831,-0.139474,0.567574,0.953678,-0.183673,-0.046698,0.233627,0.954472,-0.179504,-0.047718,0.233421,1.000000,
0.954472,-0.179504,-0.047718,0.233421,0.793664,-0.168831,-0.139474,0.567574,0.955467,-0.174128,-0.049031,0.233148,0.954472,-0.179504,-0.047718,0.233421,1.000000,
0.954472,-0.179504,-0.047718,0.233421,0.793664,-0.168831,-0.139474,0.567574,0.953678,-0.183673,-0.046698,0.233627,0.954472,-0.179504,-0.047718,0.233421,1.000000,
0.954472,-0.179504,-0.047718,0.233421,0.793664,-0.168831,-0.139474,0.567574,0.955467,-0.174128,-0.049031,0.233148,0.954472,-0.179504,-0.047718,0.233421,1.000000,
0.954472,-0.179504,-0.047718,0.233421,0.793664,-0.168831,-0.139474,0.567574,0.953678,-0.183674,-0.046698,0.233627,0.954472,-0.179504,-0.047718,0.233421,1.000000,
0.954472,-0.179504,-0.047718,0.233421,0.793664,-0.168831,-0.139474,0.567574,0.955467,-0.174128,-0.049031,0.233148,0.954472,-0.179504,-0.047718,0.233421,1.000000,
0.954472,-0.179504,-0.047718,0.233421,0.793664,-0.168831,-0.139474,0.567574,0.953678,-0.183674,-0.046697,0.233627,0.954472,-0.179504,-0.047718,0.233421,1.000000,
0.954472,-0.179504,-0.047718,0.233421,0.793664,-0.168831,-0.139474,0.567574,0.955467,-0.174128,-0.049031,0.233148,0.954472,-0.179504,-0.047718,0.233421,1.000000,
0.954472,-0.179504,-0.047718,0.233421,0.793664,-0.168831,-0.139474,0.567574,0.953678,-0.183674,-0.046697,0.233627,0.954472,-0.179504,-0.047718,0.233421,1.000000,
0.954472,-0.179504,-0.047718,0.233421,0.793664,-0.168831,-0.139474,0.567574,0.955467,-0.174128,-0.049031,0.233148,0.954472,-0.179504,-0.047718,0.233421,1.000000,
0.954472,-0.179504,-0.047718,0.233421,0.793664,-0.168831,-0.139474,0.567574,0.953678,-0.183674,-0.046697,0.233627,0.954472,-0.179504,-0.047718,0.233421,1.000000,
0.954472,-0.179504,-0.047718,0.233421,0.793664,-0.168831,-0.139474,0.567574,0.955467,-0.174128,-0.049031,0.233148,0.954472,-0.179504,-0.047718,0.233421,1.000000,
0.954472,-0.179504,-0.047718,0.233421,0.793664,-0.168831,-0.139474,0.567574,0.953678,-0.183674,-0.046697,0.233627,0.954472,-0.179504,-0.047718,0.233421,1.000000,
0.954472,-0.179504,-0.047718,0.233421,0.793664,-0.168831,-0.139474,0.567574,0.955467,-0.174128,-0.049031,0.233148,0.954472,-0.179504,-0.047718,0.233421,1.000000,
0.954472,-0.179504,-0.047718,0.233421,0.793664,-0.168831,-0.139474,0.567574,0.953678,-0.183674,-0.046697,0.233627,0.954472,-0.179504,-0.047718,0.233421,1.000000,
0.954472,-0.179504,-0.047718,0.233421,0.793664,-0.168831,-0.139474,0.567574,0.955467,-0.174128,-0.049031,0.233148,0.954472,-0.179504,-0.047718,0.233421,1.000000,
0.954472,-0.179504,-0.047718,0.233421,0.793664,-0.168831,-0.139474,0.567574,0.953678,-0.183674,-0.046697,0.233627,0.954472,-0.179504,-0.047718,0.233421,1.000000,
0.954472,-0.179504,-0.047718,0.233421,0.793664,-0.168831,-0.139474,0.567574,0.955467,-0.174128,-0.049031,0.233148,0.954472,-0.179504,-0.047718,0.233421,1.000000,
0.954472,-0.179504,-0.047718,0.233421,0.793664,-0.168831,-0.139474,0.567574,0.953678,-0.183674,-0.046697,0.233627,0.954472,-0.179504,-0.047718,0.233421,1.000000,
0.954472,-0.179504,-0.047718,0.233421,0.793664,-0.168831,-0.139474,0.567574,0.955467,-0.174128,-0.049031,0.233148,0.954472,-0.179504,-0.047718,0.233421,1.000000,
0.954472,-0.179504,-0.047718,0.233421,0.793664,-0.168831,-0.139474,0.567574,0.953678,-0.183674,-0.046697,0.233627,0.954472,-0.179504,-0.047718,0.233421,1.000000,
0.954472,-0.179504,-0.047718,0.233421,0.793664,-0.168831,-0.139474,0.567574,0.955467,-0.174128,-0.049031,0.233148,0.954472,-0.179504,-0.047718,0.233421,1.000000,
0.954472,-0.179504,-0.047718,0.233421,0.793664,-0.168831,-0.139474,0.567574,0.953678,-0.183674,-0.046697,0.233627,0.954472,-0.179504,-0.047718,0.233421,1.000000,
0.954472,-0.179504,-0.047718,0.233421,0.793664,-0.168831,-0.139474,0.567574,0.955467,-0.174128,-0.049031,0.233148,0.954472,-0.179504,-0.047718,0.233421,1.000000,
0.954472,-0.179504,-0.047718,0.233421,0.793664,-0.168831,-0.139474,0.567574,0.953678,-0.183674,-0.046697,0.233627,0.954472,-0.179504,-0.047718,0.233421,1.000000,
0.954472,-0.179504,-0.047718,0.233421,0.793664,-0.168831,-0.139474,0.567574,0.955467,-0.174128,-0.049031,0.233148,0.954472,-0.179504,-0.047718,0.233421,1.000000,
0.954472,-0.179504,-0.047718,0.233421,0.793664,-0.168831,-0.139474,0.567574,0.953678,-0.183674,-0.046697,0.233627,0.954472,-0.179504,-0.047718,0.233421,1.000000,
0.954472,-0.179504,-0.047718,0.233421,0.793664,-0.168831,-0.139474,0.567574,0.955467,-0.174128,-0.049031,0.233148,0.954472,-0.179504,-0.047718,0.233421,1.000000,
0.954472,-0.179504,-0.047718,0.233421,0.793664,-0.168831,-0.139474,0.567574,0.953678,-0.183674,-0.046697,0.233627,0.954472,-0.179504,-0.047718,0.233421,1.000000,
0.954472,-0.179504,-0.047718,0.233421,0.793664,-0.168831,-0.139474,0.567574,0.955467,-0.174128,-0.049031,0.233148,0.954472,-0.179504,-0.047718,0.233421,1.000000,
0.954472,-0.179504,-0.047718,0.233421,0.793664,-0.168831,-0.139474,0.567574,0.953678,-0.183674,-0.046697,0.233627,0.954472,-0.179504,-0.047718,0.233421,1.000000,
0.954472,-0.179504,-0.047718,0.233421,0.793664,-0.168831,-0.139474,0.567574,0.955467,-0.174128,-0.049031,0.233148,0.954472,-0.179504,-0.047718,0.233421,1.000000,
0.954472,-0.179504,-0.047718,0.233421,0.793664,-0.168831,-0.139474,0.567574,0.953678,-0.183674,-0.046697,0.233627,0.954472,-0.179504,-0.047718,0.233421,1.000000,
0.954472,-0.179504,-0.047718,0.233421,0.793664,-0.168831,-0.139474,0.567574,0.955467,-0.174129,-0.049031,0.233148,0.954472,-0.179504,-0.047718,0.233421,1.000000,
0.954472,-0.179504,-0.047718,0.233421,0.793664,-0.168831,-0.139474,0.567574,0.953678,-0.183674,-0.046697,0.233627,0.954472,-0.179504,-0.047718,0.233421,1.000000,
0.954472,-0.179504,-0.047718,0.233421,0.793664,-0.168831,-0.139474,0.567574,0.955467,-0.174129,-0.049031,0.233148,0.954472,-0.179504,-0.047718,0.233421,1.000000,
0.954472,-0.179504,-0.047718,0.233421,0.793664,-0.168831,-0.139474,0.567574,0.953678,-0.183674,-0.046697,0.233627,0.954472,-0.179504,-0.047718,0.233421,1.000000,
0.954472,-0.179504,-0.047718,0.233421,0.793664,-0.168831,-0.139474,0.567574,0.955467,-0.174129,-0.049031,0.233148,0.954472,-0.179504,-0.047718,0.233421,1.000000,
0.954472,-0.179504,-0.047718,0.233421,0.793664,-0.168831,-0.139474,0.567574,0.953678,-0.183675,-0.046697,0.233627,0.954472,-0.179504,-0.047718,0.233421,1.000000,
0.954472,-0.179504,-0.047718,0.233421,0.793664,-0.168831,-0.139474,0.567574,0.955467,-0.174129,-0.049031,0.233148,0.954472,-0.179504,-0.047718,0.233421,1.000000,
0.954472,-0.179504,-0.047718,0.233421,0.793664,-0.168831,-0.139474,0.567574,0.953678,-0.183675,-0.046697,0.233627,0.954472,-0.179504,-0.047718,0.233421,1.000000,
0.954472,-0.179504,-0.047718,0.233421,0.793664,-0.168831,-0.139474,0.567574,0.955467,-0.174129,-0.049031,0.233148,0.954472,-0.179504,-0.047718,0.233421,1.000000,
0.954472,-0.179504,-0.047718,0.233421,0.793664,-0.168831,-0.139474,0.567574,0.953678,-0.183675,-0.046697,0.233627,0.954472,-0.179504,-0.047718,0.233421,1.000000,
0.954472,-0.179504,-0.047718,0.233421,0.793664,-0.168831,-0.139474,0.567574,0.955467,-0.174129,-0.049031,0.233148,0.954472,-0.179504,-0.047718,0.233421,1.000000,
0.954472,-0.179504,-0.047718,0.233421,0.793664,-0.168831,-0.139474,0.567574,0.953678,-0.183675,-0.046697,0.233627,0.954472,-0.179504,-0.047718,0.233421,1.000000,
0.954472,-0.179504,-0.047718,0.233421,0.793664,-0.168831,-0.139474,0.567574,0.955467,-0.174129,-0.049031,0.233148,0.954472,-0.179504,-0.047718,0.233421,1.000000,
0.954472,-0.179504,-0.047718,0.233421,0.793664,-0.168831,-0.139474,0.567574,0.953678,-0.183675,-0.046697,0.233627,0.954472,-0.179504,-0.047718,0.233421,1.000000,
0.954472,-0.179504,-0.047718,0.233421,0.793664,-0.168831,-0.139474,0.567574,0.955467,-0.174129,-0.049031,0.233148,0.954472,-0.179504,-0.047718,0.233421,1.000000,
0.954472,-0.179504,-0.047718,0.233421,0.793664,-0.168831,-0.139474,0.567574,0.953678,-0.183675,-0.046697,0.233627,0.954472,-0.179504,-0.047718,0.233421,1.000000,
0.954472,-0.179504,-0.047718,0.233421,0.793664,-0.168831,-0.139474,0.567574,0.955467,-0.174129,-0.049031,0.233148,0.954472,-0.179504,-0.047718,0.233421,1.000000,
0.954472,-0.179504,-0.047718,0.233421,0.793664,-0.168831,-0.139474,0.567574,0.953678,-0.183675,-0.046697,0.233627,0.954472,-0.179504,-0.047718,0.233421,1.000000,
0.954472,-0.179504,-0.047718,0.233421,0.793664,-0.168831,-0.139474,0.567574,0.955467,-0.174129,-0.049031,0.233148,0.954472,-0.179504,-0.047718,0.233421,1.000000,
0.954472,-0.179504,-0.047718,0.233421,0.793664,-0.168831,-0.139474,0.567574,0.953678,-0.183675,-0.046697,0.233627,0.954472,-0.179504,-0.047718,0.233421,1.000000,
0.954472,-0.179504,-0.047718,0.233421,0.793664,-0.168831,-0.139474,0.567574,0.955467,-0.174129,-0.049031,0.233148,0.954472,-0.179504,-0.047718,0.233421,1.000000,
0.954472,-0.179504,-0.047718,0.233421,0.793664,-0.168831,-0.139474,0.567574,0.953678,-0.183675,-0.046697,0.233627,0.954472,-0.179504,-0.047718,0.233421,1.000000,
0.954472,-0.179504,-0.047718,0.233421,0.793664,-0.168831,-0.139474,0.567574,0.955467,-0.174129,-0.049031,0.233148,0.954472,-0.179504,-0.047718,0.233421,1.000000,
0.954472,-0.179504,-0.047718,0.233421,0.793664,-0.168831,-0.139474,0.567574,0.953678,-0.183675,-0.046697,0.233627,0.954472,-0.179504,-0.047718,0.233421,1.000000,
0.954472,-0.179504,-0.047718,0.233421,0.793664,-0.168831,-0.139474,0.567574,0.955467,-0.174129,-0.049031,0.233148,0.954472,-0.179504,-0.047718,0.233421,1.000000,
0.954472,-0.179504,-0.047718,0.233421,0.793664,-0.168831,-0.139474,0.567574,0.953678,-0.183675,-0.046697,0.233627,0.954472,-0.179504,-0.047718,0.233421,1.000000,
0.954472,-0.179504,-0.047718,0.233421,0.793664,-0.168831,-0.139474,0.567574,0.955467,-0.174129,-0.049031,0.233148,0.954472,-0.179504,-0.047718,0.233421,1.000000,
0.954472,-0.179504,-0.047718,0.233421,0.793664,-0.168831,-0.139474,0.567574,0.953678,-0.183675,-0.046697,0.233627,0.954472,-0.179504,-0.047718,0.233421,1.000000,
0.954472,-0.179504,-0.047718,0.233421,0.793664,-0.168831,-0.139474,0.567574,0.955467,-0.174129,-0.049031,0.233148,0.954472,-0.179504,-0.047718,0.233421,1.000000,
0.954472,-0.179504,-0.047718,0.233421,0.793664,-0.168831,-0.139474,0.567574,0.953678,-0.183675,-0.046697,0.233627,0.954472,-0.179504,-0.047718,0.233421,1.000000,
0.954472,-0.179504,-0.047718,0.233421,0.793664,-0.168831,-0.139474,0.567574,0.955467,-0.174129,-0.049031,0.233148,0.954472,-0.179504,-0.047718,0.233421,1.000000,
0.954472,-0.179504,-0.047718,0.233421,0.793664,-0.168831,-0.139474,0.567574,0.953678,-0.183675,-0.046697,0.233627,0.954472,-0.179504,-0.047718,0.233421,1.000000,
0.954472,-0.179504,-0.047718,0.233421,0.793664,-0.168831,-0.139474,0.567574,0.955467,-0.174129,-0.049031,0.233148,0.954472,-0.179504,-0.047718,0.233421,1.000000,
0.954472,-0.179504,-0.047718,0.233421,0.793664,-0.168831,-0.139474,0.567574,0.953678,-0.183675,-0.046697,0.233627,0.954472,-0.179504,-0.047718,0.233421,1.000000,
0.954472,-0.179504,-0.047718,0.233421,0.793664,-0.168831,-0.139474,0.567574,0.955467,-0.174130,-0.049031,0.233149,0.954472,-0.179504,-0.047718,0.233421,1.000000,
0.954472,-0.179504,-0.047718,0.233421,0.793664,-0.168831,-0.139474,0.567574,0.953678,-0.183675,-0.046697,0.233627,0.954472,-0.179504,-0.047718,0.233421,1.000000,
0.954472,-0.179504,-0.047718,0.233421,0.793664,-0.168831,-0.139474,0.567574,0.955467,-0.174130,-0.049031,0.233149,0.954472,-0.179504,-0.047718,0.233421,1.000000,
0.954472,-0.179504,-0.047718,0.233421,0.793664,-0.168831,-0.139474,0.567574,0.953678,-0.183675,-0.046697,0.233627,0.954472,-0.179504,-0.047718,0.233421,1.000000,
0.954472,-0.179504,-0.047718,0.233421,0.793664,-0.168831,-0.139474,0.567574,0.955467,-0.174130,-0.049031,0.233149,0.954472,-0.179504,-0.047718,0.233421,1.000000,
0.954472,-0.179504,-0.047718,0.233421,0.793664,-0.168831,-0.139474,0.567574,0.953678,-0.183676,-0.046697,0.233627,0.954472,-0.179504,-0.047718,0.233421,1.000000,
0.954472,-0.179504,-0.047718,0.233421,0.793664,-0.168831,-0.139474,0.567574,0.955467,-0.174130,-0.049031,0.233149,0.954472,-0.179504,-0.047718,0.233421,1.000000,
0.954472,-0.179504,-0.047718,0.233421,0.793664,-0.168831,-0.139474,0.567574,0.953678,-0.183676,-0.046697,0.233627,0.954472,-0.179504,-0.047718,0.233421,1.000000,
0.954472,-0.179504,-0.047718,0.233421,0.793664,-0.168831,-0.139474,0.567574,0.955467,-0.174130,-0.049031,0.233149,0.954472,-0.179504,-0.047718,0.233421,1.000000,
0.954472,-0.179504,-0.047718,0.233421,0.793664,-0.168831,-0.139474,0.567574,0.953678,-0.183676,-0.046697,0.233627,0.954472,-0.179504,-0.047718,0.233421,1.000000,
0.954472,-0.179504,-0.047718,0.233421,0.793664,-0.168831,-0.139474,0.567574,0.955467,-0.174130,-0.049031,0.233149,0.954472,-0.179504,-0.047718,0.233421,1.000000,
0.954472,-0.179504,-0.047718,0.233421,0.793664,-0.168831,-0.139474,0.567574,0.953678,-0.183676,-0.046697,0.233627,0.954472,-0.179504,-0.047718,0.233421,1.000000,
0.954472,-0.179504,-0.047718,0.233421,0.793664,-0.168831,-0.139474,0.567574,0.955467,-0.174130,-0.049031,0.233149,0.954472,-0.179504,-0.047718,0.233421,1.000000,
0.954472,-0.179504,-0.047718,0.233421,0.793664,-0.168831,-0.139474,0.567574,0.953678,-0.183676,-0.046697,0.233627,0.954472,-0.179504,-0.047718,0.233421,1.000000,
0.954472,-0.179504,-0.047718,0.233421,0.793664,-0.168831,-0.139474,0.567574,0.955467,-0.174130,-0.049031,0.233149,0.954472,-0.179504,-0.047718,0.233421,1.000000,
0.954472,-0.179504,-0.047718,0.233421,0.793664,-0.168831,-0.139474,0.567574,0.953678,-0.183676,-0.046697,0.233627,0.954472,-0.179504,-0.047718,0.233421,1.000000,
0.954472,-0.179504,-0.047718,0.233421,0.793664,-0.168831,-0.139474,0.567574,0.955467,-0.174130,-0.049031,0.233149,0.954472,-0.179504,-0.047718,0.233421,1.000000,
0.954472,-0.179504,-0.047718,0.233421,0.793664,-0.168831,-0.139474,0.567574,0.953678,-0.183676,-0.046697,0.233627,0.954472,-0.179504,-0.047718,0.233421,1.000000,
0.954472,-0.179504,-0.047718,0.233421,0.793664,-0.168831,-0.139474,0.567574,0.955467,-0.174130,-0.049031,0.233149,0.954472,-0.179504,-0.047718,0.233421,1.000000,
0.954472,-0.179504,-0.047718,0.233421,0.793664,-0.168831,-0.139474,0.567574,0.953678,-0.183676,-0.046697,0.233627,0.954472,-0.179504,-0.047718,0.233421,1.000000,
0.954472,-0.179504,-0.047718,0.233421,0.793664,-0.168831,-0.139474,0.567574,0.955467,-0.174130,-0.049031,0.233149,0.954472,-0.179504,-0.047718,0.233421,1.000000,
0.954472,-0.179504,-0.047718,0.233421,0.793664,-0.168831,-0.139474,0.567574,0.953678,-0.183676,-0.046697,0.233627,0.954472,-0.179504,-0.047718,0.233421,1.000000,
0.954472,-0.179504,-0.047718,0.233421,0.793664,-0.168831,-0.139474,0.567574,0.955467,-0.174130,-0.049031,0.233149,0.954472,-0.179504,-0.047718,0.233421,1.000000,
0.954472,-0.179504,-0.047718,0.233421,0.793664,-0.168831,-0.139474,0.567574,0.953678,-0.183676,-0.046697,0.233627,0.954472,-0.179504,-0.047718,0.233421,1.000000,
0.954472,-0.179504,-0.047718,0.233421,0.793664,-0.168831,-0.139474,0.567574,0.955467,-0.174130,-0.049031,0.233149,0.954472,-0.179504,-0.047718,0.233421,1.000000,
0.954472,-0.179504,-0.047718,0.233421,0.793664,-0.168831,-0.139474,0.567574,0.953678,-0.183676,-0.046697,0.233627,0.954472,-0.179504,-0.047718,0.233421,1.000000,
0.954472,-0.179504,-0.047718,0.233421,0.793664,-0.168831,-0.139474,0.567574,0.955467,-0.174130,-0.049031,0.233149,0.954472,-0.179504,-0.047718,0.233421,1.000000,
0.954472,-0.179504,-0.047718,0.233421,0.793664,-0.168831,-0.139474,0.567574,0.953678,-0.183676,-0.046697,0.233627,0.954472,-0.179504,-0.047718,0.233421,1.000000,
0.954472,-0.179504,-0.047718,0.233421,0.793664,-0.168831,-0.139474,0.567574,0.955467,-0.174130,-0.049031,0.233149,0.954472,-0.179504,-0.047718,0.233421,1.000000,
0.954472,-0.179504,-0.047718,0.233421,0.793664,-0.168831,-0.139474,0.567574,0.953677,-0.183676,-0.046697,0.233627,0.954472,-0.179504,-0.047718,0.233421,1.000000,
0.954472,-0.179504,-0.047718,0.233421,0.793664,-0.168831,-0.139474,0.567574,0.955467,-0.174130,-0.049031,0.233149,0.954472,-0.179504,-0.047718,0.233421,1.000000,
0.954472,-0.179504,-0.047718,0.233421,0.793664,-0.168831,-0.139474,0.567574,0.953677,-0.183676,-0.046697,0.233627,0.954472,-0.179504,-0.047718,0.233421,1.000000,
0.954472,-0.179504,-0.047718,0.233421,0.793664,-0.168831,-0.139474,0.567574,0.955467,-0.174131,-0.049031,0.233149,0.954472,-0.179504,-0.047718,0.233421,1.000000,
0.954472,-0.179504,-0.047718,0.233421,0.793664,-0.168831,-0.139474,0.567574,0.953677,-0.183676,-0.046697,0.233627,0.954472,-0.179504,-0.047718,0.233421,1.000000,
0.954472,-0.179504,-0.047718,0.233421,0.793664,-0.168831,-0.139474,0.567574,0.955467,-0.174131,-0.049031,0.233149,0.954472,-0.179504,-0.047718,0.233421,1.000000,
0.954472,-0.179504,-0.047718,0.233421,0.793664,-0.168831,-0.139474,0.567574,0.953677,-0.183676,-0.046697,0.233627,0.954472,-0.179504,-0.047718,0.233421,1.000000,
0.954472,-0.179504,-0.047718,0.233421,0.793664,-0.168831,-0.139474,0.567574,0.955467,-0.174131,-0.049031,0.233149,0.954472,-0.179504,-0.047718,0.233421,1.000000,
0.954472,-0.179504,-0.047718,0.233421,0.793664,-0.168831,-0.139474,0.567574,0.953677,-0.183677,-0.046697,0.233627,0.954472,-0.179504,-0.047718,0.233421,1.000000,
0.954472,-0.179504,-0.047718,0.233421,0.793664,-0.168831,-0.139474,0.567574,0.955467,-0.174131,-0.049031,0.233149,0.954472,-0.179504,-0.047718,0.233421,1.000000,
0.954472,-0.179504,-0.047718,0.233421,0.793664,-0.168831,-0.139474,0.567574,0.953677,-0.183677,-0.046697,0.233627,0.954472,-0.179504,-0.047718,0.233421,1.000000,
0.954472,-0.179504,-0.047718,0.233421,0.793664,-0.168831,-0.139474,0.567574,0.955466,-0.174131,-0.049031,0.233149,0.954472,-0.179504,-0.047718,0.233421,1.000000,
0.954472,-0.179504,-0.047718,0.233421,0.793664,-0.168831,-0.139474,0.567574,0.953677,-0.183677,-0.046697,0.233627,0.954472,-0.179504,-0.047718,0.233421,1.000000,
0.954472,-0.179504,-0.047718,0.233421,0.793664,-0.168831,-0.139474,0.567574,0.955466,-0.174131,-0.049031,0.233149,0.954472,-0.179504,-0.047718,0.233421,1.000000,
0.954472,-0.179504,-0.047718,0.233421,0.793664,-0.168831,-0.139474,0.567574,0.953677,-0.183677,-0.046697,0.233627,0.954472,-0.179504,-0.047718,0.233421,1.000000,
0.954472,-0.179504,-0.047718,0.233421,0.793664,-0.168831,-0.139474,0.567574,0.955466,-0.174131,-0.049031,0.233149,0.954472,-0.179504,-0.047718,0.233421,1.000000,
0.954472,-0.179504,-0.047718,0.233421,0.793664,-0.168831,-0.139474,0.567574,0.953677,-0.183677,-0.046697,0.233627,0.954472,-0.179504,-0.047718,0.233421,1.000000,
0.954472,-0.179504,-0.047718,0.233421,0.793664,-0.168831,-0.139474,0.567574,0.955466,-0.174131,-0.049031,0.233149,0.954472,-0.179504,-0.047718,0.233421,1.000000,
0.954472,-0.179504,-0.047718,0.233421,0.793664,-0.168831,-0.139474,0.567574,0.953677,-0.183677,-0.046697,0.233627,0.954472,-0.179504,-0.047718,0.233421,1.000000,
0.954472,-0.179504,-0.047718,0.233421,0.793664,-0.168831,-0.139474,0.567574,0.955466,-0.174131,-0.049031,0.233149,0.954472,-0.179504,-0.047718,0.233421,1.000000,
0.954472,-0.179504,-0.047718,0.233421,0.793664,-0.168831,-0.139474,0.567574,0.953677,-0.183677,-0.046697,0.233627,0.954472,-0.179504,-0.047718,0.233421,1.000000,
0.954472,-0.179504,-0.047718,0.233421,0.793664,-0.168831,-0.139474,0.567574,0.955466,-0.174131,-0.049031,0.233149,0.954472,-0.179504,-0.047718,0.233421,1.000000,
0.954472,-0.179504,-0.047718,0.233421,0.793664,-0.168831,-0.139474,0.567574,0.953677,-0.183677,-0.046697,0.233627,0.954472,-0.179504,-0.047718,0.233421,1.000000,
0.954472,-0.179504,-0.047718,0.233421,0.793664,-0.168831,-0.139474,0.567574,0.955466,-0.174131,-0.049031,0.233149,0.954472,-0.179504,-0.047718,0.233421,1.000000,
0.954472,-0.179504,-0.047718,0.233421,0.793664,-0.168831,-0.139474,0.567574,0.953677,-0.183677,-0.046697,0.233627,0.954472,-0.179504,-0.047718,0.233421,1.000000,
0.954472,-0.179504,-0.047718,0.233421,0.793664,-0.168831,-0.139474,0.567574,0.955466,-0.174131,-0.049031,0.233149,0.954472,-0.179504,-0.047718,0.233421,1.000000,
0.954472,-0.179504,-0.047718,0.233421,0.793664,-0.168831,-0.139474,0.567574,0.953677,-0.183677,-0.046697,0.233627,0.954472,-0.179504,-0.047718,0.233421,1.000000,
0.954472,-0.179504,-0.047718,0.233421,0.793664,-0.168831,-0.139474,0.567574,0.955466,-0.174131,-0.049031,0.233149,0.954472,-0.179504,-0.047718,0.233421,1.000000,
0.954472,-0.179504,-0.047718,0.233421,0.793664,-0.168831,-0.139474,0.567574,0.953677,-0.183677,-0.046697,0.233627,0.954472,-0.179504,-0.047718,0.233421,1.000000,
0.954472,-0.179504,-0.047718,0.233421,0.793664,-0.168831,-0.139474,0.567574,0.955466,-0.174131,-0.049031,0.233149,0.954472,-0.179504,-0.047718,0.233421,1.000000,
0.954472,-0.179504,-0.047718,0.233421,0.793664,-0.168831,-0.139474,0.567574,0.953677,-0.183677,-0.046697,0.233627,0.954472,-0.179504,-0.047718,0.233421,1.000000,
0.954472,-0.179504,-0.047718,0.233421,0.793664,-0.168831,-0.139474,0.567574,0.955466,-0.174131,-0.049031,0.233149,0.954472,-0.179504,-0.047718,0.233421,1.000000,
0.954472,-0.179504,-0.047718,0.233421,0.793664,-0.168831,-0.139474,0.567574,0.953677,-0.183677,-0.046697,0.233627,0.954472,-0.179504,-0.047718,0.233421,1.000000,
0.954472,-0.179504,-0.047718,0.233421,0.793664,-0.168831,-0.139474,0.567574,0.955466,-0.174131,-0.049030,0.233149,0.954472,-0.179504,-0.047718,0.233421,1.000000,
0.954472,-0.179504,-0.047718,0.233421,0.793664,-0.168831,-0.139474,0.567574,0.953677,-0.183677,-0.046697,0.233627,0.954472,-0.179504,-0.047718,0.233421,1.000000,
0.954472,-0.179504,-0.047718,0.233421,0.793664,-0.168831,-0.139474,0.567574,0.955466,-0.174131,-0.049030,0.233149,0.954472,-0.179504,-0.047718,0.233421,1.000000,
0.954472,-0.179504,-0.047718,0.233421,0.793664,-0.168831,-0.139474,0.567574,0.953677,-0.183677,-0.046697,0.233627,0.954472,-0.179504,-0.047718,0.233421,1.000000,
0.954472,-0.179504,-0.047718,0.233421,0.793664,-0.168831,-0.139474,0.567574,0.955466,-0.174132,-0.049030,0.233149,0.954472,-0.179504,-0.047718,0.233421,1.000000,
0.954472,-0.179504,-0.047718,0.233421,0.793664,-0.168831,-0.139474,0.567574,0.953677,-0.183677,-0.046697,0.233627,0.954472,-0.179504,-0.047718,0.233421,1.000000,
0.954472,-0.179504,-0.047718,0.233421,0.793664,-0.168831,-0.139474,0.567574,0.955466,-0.174132,-0.049030,0.233149,0.954472,-0.179504,-0.047718,0.233421,1.000000,
0.954472,-0.179504,-0.047718,0.233421,0.793664,-0.168831,-0.139474,0.567574,0.953677,-0.183677,-0.046697,0.233627,0.954472,-0.179504,-0.047718,0.233421,1.000000,
0.954472,-0.179504,-0.047718,0.233421,0.793664,-0.168831,-0.139474,0.567574,0.955466,-0.174132,-0.049030,0.233149,0.954472,-0.179504,-0.047718,0.233421,1.000000,
0.954472,-0.179504,-0.047718,0.233421,0.793664,-0.168831,-0.139474,0.567574,0.953677,-0.183678,-0.046697,0.233627,0.954472,-0.179504,-0.047718,0.233421,1.000000,
0.954472,-0.179504,-0.047718,0.233421,0.793664,-0.168831,-0.139474,0.567574,0.955466,-0.174132,-0.049030,0.233149,0.954472,-0.179504,-0.047718,0.233421,1.000000,
0.954472,-0.179504,-0.047718,0.233421,0.793664,-0.168831,-0.139474,0.567574,0.953677,-0.183678,-0.046697,0.233627,0.954472,-0.179504,-0.047718,0.233421,1.000000,
0.954472,-0.179504,-0.047718,0.233421,0.793664,-0.168831,-0.139474,0.567574,0.955466,-0.174132,-0.049030,0.233149,0.954472,-0.179504,-0.047718,0.233421,1.000000,
0.954472,-0.179504,-0.047718,0.233421,0.793664,-0.168831,-0.139474,0.567574,0.953677,-0.183678,-0.046696,0.233627,0.954472,-0.179504,-0.047718,0.233421,1.000000,
0.954472,-0.179504,-0.047718,0.233421,0.793664,-0.168831,-0.139474,0.567574,0.955466,-0.174132,-0.049030,0.233149,0.954472,-0.179504,-0.047718,0.233421,1.000000,
0.954472,-0.179504,-0.047718,0.233421,0.793664,-0.168831,-0.139474,0.567574,0.953677,-0.183678,-0.046696,0.233627,0.954472,-0.179504,-0.047718,0.233421,1.000000,
0.954472,-0.179504,-0.047718,0.233421,0.793664,-0.168831,-0.139474,0.567574,0.955466,-0.174132,-0.049030,0.233149,0.954472,-0.179504,-0.047718,0.233421,1.000000,
0.954472,-0.179504,-0.047718,0.233421,0.793664,-0.168831,-0.139474,0.567574,0.953677,-0.183678,-0.046696,0.233627,0.954472,-0.179504,-0.047718,0.233421,1.000000,
0.954472,-0.179504,-0.047718,0.233421,0.793664,-0.168831,-0.139474,0.567574,0.955466,-0.174132,-0.049030,0.233149,0.954472,-0.179504,-0.047718,0.233421,1.000000,
0.954472,-0.179504,-0.047718,0.233421,0.793664,-0.168831,-0.139474,0.567574,0.953677,-0.183678,-0.046696,0.233627,0.954472,-0.179504,-0.047718,0.233421,1.000000,
0.954472,-0.179504,-0.047718,0.233421,0.793664,-0.168831,-0.139474,0.567574,0.955466,-0.174132,-0.049030,0.233149,0.954472,-0.179504,-0.047718,0.233421,1.000000,
0.954472,-0.179504,-0.047718,0.233421,0.793664,-0.168831,-0.139474,0.567574,0.953677,-0.183678,-0.046696,0.233627,0.954472,-0.179504,-0.047718,0.233421,1.000000,
0.954472,-0.179504,-0.047718,0.233421,0.793664,-0.168831,-0.139474,0.567574,0.955466,-0.174132,-0.049030,0.233149,0.954472,-0.179504,-0.047718,0.233421,1.000000,
0.954472,-0.179504,-0.047718,0.233421,0.793664,-0.168831,-0.139474,0.567574,0.953677,-0.183678,-0.046696,0.233627,0.954472,-0.179504,-0.047718,0.233421,1.000000,
0.954472,-0.179504,-0.047718,0.233421,0.793664,-0.168831,-0.139474,0.567574,0.955466,-0.174132,-0.049030,0.233149,0.954472,-0.179504,-0.047718,0.233421,1.000000,
0.954472,-0.179504,-0.047718,0.233421,0.793664,-0.168831,-0.139474,0.567574,0.953677,-0.183678,-0.046696,0.233627,0.954472,-0.179504,-0.047718,0.233421,1.000000,
0.954472,-0.179504,-0.047718,0.233421,0.793664,-0.168831,-0.139474,0.567574,0.955466,-0.174132,-0.049030,0.233149,0.954472,-0.179504,-0.047718,0.233421,1.000000,
0.954472,-0.179504,-0.047718,0.233421,0.793664,-0.168831,-0.139474,0.567574,0.953677,-0.183678,-0.046696,0.233627,0.954472,-0.179504,-0.047718,0.233421,1.000000,
0.954472,-0.179504,-0.047718,0.233421,0.793664,-0.168831,-0.139474,0.567574,0.955466,-0.174132,-0.049030,0.233149,0.954472,-0.179504,-0.047718,0.233421,1.000000,
0.954472,-0.179504,-0.047718,0.233421,0.793664,-0.168831,-0.139474,0.567574,0.953677,-0.183678,-0.046696,0.233627,0.954472,-0.179504,-0.047718,0.233421,1.000000,
0.954472,-0.179504,-0.047718,0.233421,0.793664,-0.168831,-0.139474,0.567574,0.955466,-0.174132,-0.049030,0.233149,0.954472,-0.179504,-0.047718,0.233421,1.000000,
0.954472,-0.179504,-0.047718,0.233421,0.793664,-0.168831,-0.139474,0.567574,0.953677,-0.183678,-0.046696,0.233627,0.954472,-0.179504,-0.047718,0.233421,1.000000,
0.954472,-0.179504,-0.047718,0.233421,0.793664,-0.168831,-0.139474,0.567574,0.955466,-0.174132,-0.049030,0.233149,0.954472,-0.179504,-0.047718,0.233421,1.000000,
0.954472,-0.179504,-0.047718,0.233421,0.793664,-0.168831,-0.139474,0.567574,0.953677,-0.183678,-0.046696,0.233627,0.954472,-0.179504,-0.047718,0.233421,1.000000,
0.954472,-0.179504,-0.047718,0.233421,0.793664,-0.168831,-0.139474,0.567574,0.955466,-0.174132,-0.049030,0.233149,0.954472,-0.179504,-0.047718,0.233421,1.000000,
0.954472,-0.179504,-0.047718,0.233421,0.793664,-0.168831,-0.139474,0.567574,0.953677,-0.183678,-0.046696,0.233627,0.954472,-0.179504,-0.047718,0.233421,1.000000,
0.954472,-0.179504,-0.047718,0.233421,0.793664,-0.168831,-0.139474,0.567574,0.955466,-0.174132,-0.049030,0.233149,0.954472,-0.179504,-0.047718,0.233421,1.000000,
0.954472,-0.179504,-0.047718,0.233421,0.793664,-0.168831,-0.139474,0.567574,0.953677,-0.183678,-0.046696,0.233627,0.954472,-0.179504,-0.047718,0.233421,1.000000,
0.954472,-0.179504,-0.047718,0.233421,0.793664,-0.168831,-0.139474,0.567574,0.955466,-0.174133,-0.049030,0.233149,0.954472,-0.179504,-0.047718,0.233421,1.000000,
0.954472,-0.179504,-0.047718,0.233421,0.793664,-0.168831,-0.139474,0.567574,0.953677,-0.183678,-0.046696,0.233627,0.954472,-0.179504,-0.047718,0.233421,1.000000,
0.954472,-0.179504,-0.047718,0.233421,0.793664,-0.168831,-0.139474,0.567574,0.955466,-0.174133,-0.049030,0.233149,0.954472,-0.179504,-0.047718,0.233421,1.000000,
0.954472,-0.179504,-0.047718,0.233421,0.793664,-0.168831,-0.139474,0.567574,0.953677,-0.183678,-0.046696,0.233627,0.954472,-0.179504,-0.047718,0.233421,1.000000,
0.954472,-0.179504,-0.047718,0.233421,0.793664,-0.168831,-0.139474,0.567574,0.955466,-0.174133,-0.049030,0.233149,0.954472,-0.179504,-0.047718,0.233421,1.000000,
0.954472,-0.179504,-0.047718,0.233421,0.793664,-0.168831,-0.139474,0.567574,0.953677,-0.183679,-0.046696,0.233627,0.954472,-0.179504,-0.047718,0.233421,1.000000,
0.954472,-0.179504,-0.047718,0.233421,0.793664,-0.168831,-0.139474,0.567574,0.955466,-0.174133,-0.049030,0.233149,0.954472,-0.179504,-0.047718,0.233421,1.000000,
0.954472,-0.179504,-0.047718,0.233421,0.793664,-0.168831,-0.139474,0.567574,0.953677,-0.183679,-0.046696,0.233627,0.954472,-0.179504,-0.047718,0.233421,1.000000,
0.954472,-0.179504,-0.047718,0.233421,0.793664,-0.168831,-0.139474,0.567574,0.955466,-0.174133,-0.049030,0.233149,0.954472,-0.179504,-0.047718,0.233421,1.000000,
0.954472,-0.179504,-0.047718,0.233421,0.793664,-0.168831,-0.139474,0.567574,0.953677,-0.183679,-0.046696,0.233627,0.954472,-0.179504,-0.047718,0.233421,1.000000,
0.954472,-0.179504,-0.047718,0.233421,0.793664,-0.168831,-0.139474,0.567574,0.955466,-0.174133,-0.049030,0.233149,0.954472,-0.179504,-0.047718,0.233421,1.000000,
0.954472,-0.179504,-0.047718,0.233421,0.793664,-0.168831,-0.139474,0.567574,0.953677,-0.183679,-0.046696,0.233627,0.954472,-0.179504,-0.047718,0.233421,1.000000,
0.954472,-0.179504,-0.047718,0.233421,0.793664,-0.168831,-0.139474,0.567574,0.955466,-0.174133,-0.049030,0.233149,0.954472,-0.179504,-0.047718,0.233421,1.000000,
0.954472,-0.179504,-0.047718,0.233421,0.793664,-0.168831,-0.139474,0.567574,0.953677,-0.183679,-0.046696,0.233627,0.954472,-0.179504,-0.047718,0.233421,1.000000,
0.954472,-0.179504,-0.047718,0.233421,0.793664,-0.168831,-0.139474,0.567574,0.955466,-0.174133,-0.049030,0.233149,0.954472,-0.179504,-0.047718,0.233421,1.000000,
0.954472,-0.179504,-0.047718,0.233421,0.793664,-0.168831,-0.139474,0.567574,0.953677,-0.183679,-0.046696,0.233627,0.954472,-0.179504,-0.047718,0.233421,1.000000,
0.954472,-0.179504,-0.047718,0.233421,0.793664,-0.168831,-0.139474,0.567574,0.955466,-0.174133,-0.049030,0.233149,0.954472,-0.179504,-0.047718,0.233421,1.000000,
0.954472,-0.179504,-0.047718,0.233421,0.793664,-0.168831,-0.139474,0.567574,0.953677,-0.183679,-0.046696,0.233627,0.954472,-0.179504,-0.047718,0.233421,1.000000,
0.954472,-0.179504,-0.047718,0.233421,0.793664,-0.168831,-0.139474,0.567574,0.955466,-0.174133,-0.049030,0.233149,0.954472,-0.179504,-0.047718,0.233421,1.000000,
0.954472,-0.179504,-0.047718,0.233421,0.793664,-0.168831,-0.139474,0.567574,0.953677,-0.183679,-0.046696,0.233627,0.954472,-0.179504,-0.047718,0.233421,1.000000,
0.954472,-0.179504,-0.047718,0.233421,0.793664,-0.168831,-0.139474,0.567574,0.955466,-0.174133,-0.049030,0.233149,0.954472,-0.179504,-0.047718,0.233421,1.000000,
0.954472,-0.179504,-0.047718,0.233421,0.793664,-0.168831,-0.139474,0.567574,0.953677,-0.183679,-0.046696,0.233627,0.954472,-0.179504,-0.047718,0.233421,1.000000,
0.954472,-0.179504,-0.047718,0.233421,0.793664,-0.168831,-0.139474,0.567574,0.955466,-0.174133,-0.049030,0.233149,0.954472,-0.179504,-0.047718,0.233421,1.000000,
0.954472,-0.179504,-0.047718,0.233421,0.793664,-0.168831,-0.139474,0.567574,0.953677,-0.183679,-0.046696,0.233627,0.954472,-0.179504,-0.047718,0.233421,1.000000,
0.954472,-0.179504,-0.047718,0.233421,0.793664,-0.168831,-0.139474,0.567574,0.955466,-0.174133,-0.049030,0.233149,0.954472,-0.179504,-0.047718,0.233421,1.000000,
0.954472,-0.179504,-0.047718,0.233421,0.793664,-0.168831,-0.139474,0.567574,0.953677,-0.183679,-0.046696,0.233627,0.954472,-0.179504,-0.047718,0.233421,1.000000,
0.954472,-0.179504,-0.047718,0.233421,0.793664,-0.168831,-0.139474,0.567574,0.955466,-0.174133,-0.049030,0.233149,0.954472,-0.179504,-0.047718,0.233421,1.000000,
0.954472,-0.179504,-0.047718,0.233421,0.793664,-0.168831,-0.139474,0.567574,0.953677,-0.183679,-0.046696,0.233627,0.954472,-0.179504,-0.047718,0.233421,1.000000,
0.954472,-0.179504,-0.047718,0.233421,0.793664,-0.168831,-0.139474,0.567574,0.955466,-0.174133,-0.049030,0.233149,0.954472,-0.179504,-0.047718,0.233421,1.000000,
0.954472,-0.179504,-0.047718,0.233421,0.793664,-0.168831,-0.139474,0.567574,0.953677,-0.183679,-0.046696,0.233627,0.954472,-0.179504,-0.047718,0.233421,1.000000,
0.954472,-0.179504,-0.047718,0.233421,0.793664,-0.168831,-0.139474,0.567574,0.955466,-0.174133,-0.049030,0.233149,0.954472,-0.179504,-0.047718,0.233421,1.000000,
0.954472,-0.179504,-0.047718,0.233421,0.793664,-0.168831,-0.139474,0.567574,0.953677,-0.183679,-0.046696,0.233627,0.954472,-0.179504,-0.047718,0.233421,1.000000,
0.954472,-0.179504,-0.047718,0.233421,0.793664,-0.168831,-0.139474,0.567574,0.955466,-0.174134,-0.049030,0.233149,0.954472,-0.179504,-0.047718,0.233421,1.000000,
0.954472,-0.179504,-0.047718,0.233421,0.793664,-0.168831,-0.139474,0.567574,0.953677,-0.183679,-0.046696,0.233627,0.954472,-0.179504,-0.047718,0.233421,1.000000,
0.954472,-0.179504,-0.047718,0.233421,0.793664,-0.168831,-0.139474,0.567574,0.955466,-0.174134,-0.049030,0.233149,0.954472,-0.179504,-0.047718,0.233421,1.000000,
0.954472,-0.179504,-0.047718,0.233421,0.793664,-0.168831,-0.139474,0.567574,0.953677,-0.183679,-0.046696,0.233627,0.954472,-0.179504,-0.047718,0.233421,1.000000,
0.954472,-0.179504,-0.047718,0.233421,0.793664,-0.168831,-0.139474,0.567574,0.955466,-0.174134,-0.049030,0.233149,0.954472,-0.179504,-0.047718,0.233421,1.000000,
0.954472,-0.179504,-0.047718,0.233421,0.793664,-0.168831,-0.139474,0.567574,0.953677,-0.183679,-0.046696,0.233627,0.954472,-0.179504,-0.047718,0.233421,1.000000,
0.954472,-0.179504,-0.047718,0.233421,0.793664,-0.168831,-0.139474,0.567574,0.955466,-0.174134,-0.049030,0.233149,0.954472,-0.179504,-0.047718,0.233421,1.000000,
0.954472,-0.179504,-0.047718,0.233421,0.793664,-0.168831,-0.139474,0.567574,0.953677,-0.183680,-0.046696,0.233627,0.954472,-0.179504,-0.047718,0.233421,1.000000,
0.954472,-0.179504,-0.047718,0.233421,0.793664,-0.168831,-0.139474,0.567574,0.955466,-0.174134,-0.049030,0.233149,0.954472,-0.179504,-0.047718,0.233421,1.000000,
0.954472,-0.179504,-0.047718,0.233421,0.793664,-0.168831,-0.139474,0.567574,0.953677,-0.183680,-0.046696,0.233627,0.954472,-0.179504,-0.047718,0.233421,1.000000,
0.954472,-0.179504,-0.047718,0.233421,0.793664,-0.168831,-0.139474,0.567574,0.955466,-0.174134,-0.049030,0.233149,0.954472,-0.179504,-0.047718,0.233421,1.000000,
0.954472,-0.179504,-0.047718,0.233421,0.793664,-0.168831,-0.139474,0.567574,0.953677,-0.183680,-0.046696,0.233627,0.954472,-0.179504,-0.047718,0.233421,1.000000,
0.954472,-0.179504,-0.047718,0.233421,0.793664,-0.168831,-0.139474,0.567574,0.955466,-0.174134,-0.049030,0.233149,0.954472,-0.179504,-0.047718,0.233421,1.000000,
0.954472,-0.179504,-0.047718,0.233421,0.793664,-0.168831,-0.139474,0.567574,0.953677,-0.183680,-0.046696,0.233627,0.954472,-0.179504,-0.047718,0.233421,1.000000,
0.954472,-0.179504,-0.047718,0.233421,0.793664,-0.168831,-0.139474,0.567574,0.955466,-0.174134,-0.049030,0.233149,0.954472,-0.179504,-0.047718,0.233421,1.000000,
0.954472,-0.179504,-0.047718,0.233421,0.793664,-0.168831,-0.139474,0.567574,0.953677,-0.183680,-0.046696,0.233627,0.954472,-0.179504,-0.047718,0.233421,1.000000,
0.954472,-0.179504,-0.047718,0.233421,0.793664,-0.168831,-0.139474,0.567574,0.955466,-0.174134,-0.049030,0.233149,0.954472,-0.179504,-0.047718,0.233421,1.000000,
0.954472,-0.179504,-0.047718,0.233421,0.793664,-0.168831,-0.139474,0.567574,0.953677,-0.183680,-0.046696,0.233627,0.954472,-0.179504,-0.047718,0.233421,1.000000,
0.954472,-0.179504,-0.047718,0.233421,0.793664,-0.168831,-0.139474,0.567574,0.955466,-0.174134,-0.049030,0.233149,0.954472,-0.179504,-0.047718,0.233421,1.000000,
0.954472,-0.179504,-0.047718,0.233421,0.793664,-0.168831,-0.139474,0.567574,0.953677,-0.183680,-0.046696,0.233627,0.954472,-0.179504,-0.047718,0.233421,1.000000,
0.954472,-0.179504,-0.047718,0.233421,0.793664,-0.168831,-0.139474,0.567574,0.955466,-0.174134,-0.049030,0.233149,0.954472,-0.179504,-0.047718,0.233421,1.000000,
0.954472,-0.179504,-0.047718,0.233421,0.793664,-0.168831,-0.139474,0.567574,0.953677,-0.183680,-0.046696,0.233627,0.954472,-0.179504,-0.047718,0.233421,1.000000,
0.954472,-0.179504,-0.047718,0.233421,0.793664,-0.168831,-0.139474,0.567574,0.955466,-0.174134,-0.049030,0.233149,0.954472,-0.179504,-0.047718,0.233421,1.000000,
0.954472,-0.179504,-0.047718,0.233421,0.793664,-0.168831,-0.139474,0.567574,0.953677,-0.183680,-0.046696,0.233627,0.954472,-0.179504,-0.047718,0.233421,1.000000,
0.954472,-0.179504,-0.047718,0.233421,0.793664,-0.168831,-0.139474,0.567574,0.955466,-0.174134,-0.049030,0.233149,0.954472,-0.179504,-0.047718,0.233421,1.000000,
0.954472,-0.179504,-0.047718,0.233421,0.793664,-0.168831,-0.139474,0.567574,0.953677,-0.183680,-0.046696,0.233627,0.954472,-0.179504,-0.047718,0.233421,1.000000,
0.954472,-0.179504,-0.047718,0.233421,0.793664,-0.168831,-0.139474,0.567574,0.955466,-0.174134,-0.049030,0.233149,0.954472,-0.179504,-0.047718,0.233421,1.000000,
0.954472,-0.179504,-0.047718,0.233421,0.793664,-0.168831,-0.139474,0.567574,0.953677,-0.183680,-0.046696,0.233627,0.954472,-0.179504,-0.047718,0.233421,1.000000,
0.954472,-0.179504,-0.047718,0.233421,0.793664,-0.168831,-0.139474,0.567574,0.955466,-0.174134,-0.049030,0.233149,0.954472,-0.179504,-0.047718,0.233421,1.000000,
0.954472,-0.179504,-0.047718,0.233421,0.793664,-0.168831,-0.139474,0.567574,0.953677,-0.183680,-0.046696,0.233627,0.954472,-0.179504,-0.047718,0.233421,1.000000,
0.954472,-0.179504,-0.047718,0.233421,0.793664,-0.168831,-0.139474,0.567574,0.955466,-0.174134,-0.049030,0.233149,0.954472,-0.179504,-0.047718,0.233421,1.000000,
0.954472,-0.179504,-0.047718,0.233421,0.793664,-0.168831,-0.139474,0.567574,0.953677,-0.183680,-0.046696,0.233627,0.954472,-0.179504,-0.047718,0.233421,1.000000,
0.954472,-0.179504,-0.047718,0.233421,0.793664,-0.168831,-0.139474,0.567574,0.955466,-0.174134,-0.049030,0.233149,0.954472,-0.179504,-0.047718,0.233421,1.000000,
0.954472,-0.179504,-0.047718,0.233421,0.793664,-0.168831,-0.139474,0.567574,0.953677,-0.183680,-0.046696,0.233627,0.954472,-0.179504,-0.047718,0.233421,1.000000,
0.954472,-0.179504,-0.047718,0.233421,0.793664,-0.168831,-0.139474,0.567574,0.955466,-0.174135,-0.049030,0.233149,0.954472,-0.179504,-0.047718,0.233421,1.000000,
0.954472,-0.179504,-0.047718,0.233421,0.793664,-0.168831,-0.139474,0.567574,0.953677,-0.183680,-0.046696,0.233627,0.954472,-0.179504,-0.047718,0.233421,1.000000,
0.954472,-0.179504,-0.047718,0.233421,0.793664,-0.168831,-0.139474,0.567574,0.955466,-0.174135,-0.049030,0.233149,0.954472,-0.179504,-0.047718,0.233421,1.000000,
0.954472,-0.179504,-0.047718,0.233421,0.793664,-0.168831,-0.139474,0.567574,0.953677,-0.183680,-0.046696,0.233627,0.954472,-0.179504,-0.047718,0.233421,1.000000,
0.954472,-0.179504,-0.047718,0.233421,0.793664,-0.168831,-0.139474,0.567574,0.955466,-0.174135,-0.049030,0.233149,0.954472,-0.179504,-0.047718,0.233421,1.000000,
0.954472,-0.179504,-0.047718,0.233421,0.793664,-0.168831,-0.139474,0.567574,0.953677,-0.183681,-0.046696,0.233627,0.954472,-0.179504,-0.047718,0.233421,1.000000,
0.954472,-0.179504,-0.047718,0.233421,0.793664,-0.168831,-0.139474,0.567574,0.955466,-0.174135,-0.049030,0.233149,0.954472,-0.179504,-0.047718,0.233421,1.000000,
0.954472,-0.179504,-0.047718,0.233421,0.793664,-0.168831,-0.139474,0.567574,0.953677,-0.183681,-0.046696,0.233627,0.954472,-0.179504,-0.047718,0.233421,1.000000,
0.954472,-0.179504,-0.047718,0.233421,0.793664,-0.168831,-0.139474,0.567574,0.955466,-0.174135,-0.049030,0.233149,0.954472,-0.179504,-0.047718,0.233421,1.000000,
0.954472,-0.179504,-0.047718,0.233421,0.793664,-0.168831,-0.139474,0.567574,0.953677,-0.183681,-0.046696,0.233627,0.954472,-0.179504,-0.047718,0.233421,1.000000,
0.954472,-0.179504,-0.047718,0.233421,0.793664,-0.168831,-0.139474,0.567574,0.955466,-0.174135,-0.049030,0.233149,0.954472,-0.179504,-0.047718,0.233421,1.000000,
0.954472,-0.179504,-0.047718,0.233421,0.793664,-0.168831,-0.139474,0.567574,0.953677,-0.183681,-0.046696,0.233627,0.954472,-0.179504,-0.047718,0.233421,1.000000,
0.954472,-0.179504,-0.047718,0.233421,0.793664,-0.168831,-0.139474,0.567574,0.955466,-0.174135,-0.049030,0.233149,0.954472,-0.179504,-0.047718,0.233421,1.000000,
0.954472,-0.179504,-0.047718,0.233421,0.793664,-0.168831,-0.139474,0.567574,0.953677,-0.183681,-0.046696,0.233627,0.954472,-0.179504,-0.047718,0.233421,1.000000,
0.954472,-0.179504,-0.047718,0.233421,0.793664,-0.168831,-0.139474,0.567574,0.955466,-0.174135,-0.049030,0.233149,0.954472,-0.179504,-0.047718,0.233421,1.000000,
0.954472,-0.179504,-0.047718,0.233421,0.793664,-0.168831,-0.139474,0.567574,0.953677,-0.183681,-0.046696,0.233627,0.954472,-0.179504,-0.047718,0.233421,1.000000,
0.954472,-0.179504,-0.047718,0.233421,0.793664,-0.168831,-0.139474,0.567574,0.955466,-0.174135,-0.049030,0.233149,0.954472,-0.179504,-0.047718,0.233421,1.000000,
0.954472,-0.179504,-0.047718,0.233421,0.793664,-0.168831,-0.139474,0.567574,0.953677,-0.183681,-0.046696,0.233627,0.954472,-0.179504,-0.047718,0.233421,1.000000,
0.954472,-0.179504,-0.047718,0.233421,0.793664,-0.168831,-0.139474,0.567574,0.955466,-0.174135,-0.049030,0.233149,0.954472,-0.179504,-0.047718,0.233421,1.000000,
0.954472,-0.179504,-0.047718,0.233421,0.793664,-0.168831,-0.139474,0.567574,0.953677,-0.183681,-0.046696,0.233627,0.954472,-0.179504,-0.047718,0.233421,1.000000,
0.954472,-0.179504,-0.047718,0.233421,0.793664,-0.168831,-0.139474,0.567574,0.955466,-0.174135,-0.049030,0.233149,0.954472,-0.179504,-0.047718,0.233421,1.000000,
0.954472,-0.179504,-0.047718,0.233421,0.793664,-0.168831,-0.139474,0.567574,0.953677,-0.183681,-0.046696,0.233627,0.954472,-0.179504,-0.047718,0.233421,1.000000,
0.954472,-0.179504,-0.047718,0.233421,0.793664,-0.168831,-0.139474,0.567574,0.955466,-0.174135,-0.049030,0.233149,0.954472,-0.179504,-0.047718,0.233421,1.000000,
0.954472,-0.179504,-0.047718,0.233421,0.793664,-0.168831,-0.139474,0.567574,0.953677,-0.183681,-0.046696,0.233627,0.954472,-0.179504,-0.047718,0.233421,1.000000,
0.954472,-0.179504,-0.047718,0.233421,0.793664,-0.168831,-0.139474,0.567574,0.955466,-0.174135,-0.049030,0.233149,0.954472,-0.179504,-0.047718,0.233421,1.000000,
0.954472,-0.179504,-0.047718,0.233421,0.793664,-0.168831,-0.139474,0.567574,0.953677,-0.183681,-0.046696,0.233627,0.954472,-0.179504,-0.047718,0.233421,1.000000,
0.954472,-0.179504,-0.047718,0.233421,0.793664,-0.168831,-0.139474,0.567574,0.955466,-0.174135,-0.049030,0.233149,0.954472,-0.179504,-0.047718,0.233421,1.000000,
0.954472,-0.179504,-0.047718,0.233421,0.793664,-0.168831,-0.139474,0.567574,0.953677,-0.183681,-0.046696,0.233627,0.954472,-0.179504,-0.047718,0.233421,1.000000,
0.954472,-0.179504,-0.047718,0.233421,0.793664,-0.168831,-0.139474,0.567574,0.955466,-0.174135,-0.049030,0.233149,0.954472,-0.179504,-0.047718,0.233421,1.000000,
0.954472,-0.179504,-0.047718,0.233421,0.793664,-0.168831,-0.139474,0.567574,0.953677,-0.183681,-0.046696,0.233627,0.954472,-0.179504,-0.047718,0.233421,1.000000,
0.954472,-0.179504,-0.047718,0.233421,0.793664,-0.168831,-0.139474,0.567574,0.955466,-0.174135,-0.049030,0.233149,0.954472,-0.179504,-0.047718,0.233421,1.000000,
0.954472,-0.179504,-0.047718,0.233421,0.793664,-0.168831,-0.139474,0.567574,0.953677,-0.183681,-0.046696,0.233627,0.954472,-0.179504,-0.047718,0.233421,1.000000,
0.954472,-0.179504,-0.047718,0.233421,0.793664,-0.168831,-0.139474,0.567574,0.955466,-0.174135,-0.049030,0.233149,0.954472,-0.179504,-0.047718,0.233421,1.000000,
0.954472,-0.179504,-0.047718,0.233421,0.793664,-0.168831,-0.139474,0.567574,0.953677,-0.183681,-0.046696,0.233627,0.954472,-0.179504,-0.047718,0.233421,1.000000,
0.954472,-0.179504,-0.047718,0.233421,0.793664,-0.168831,-0.139474,0.567574,0.955466,-0.174136,-0.049029,0.233149,0.954472,-0.179504,-0.047718,0.233421,1.000000,
0.954472,-0.179504,-0.047718,0.233421,0.793664,-0.168831,-0.139474,0.567574,0.953677,-0.183681,-0.046696,0.233627,0.954472,-0.179504,-0.047718,0.233421,1.000000,
0.954472,-0.179504,-0.047718,0.233421,0.793664,-0.168831,-0.139474,0.567574,0.955466,-0.174136,-0.049029,0.233149,0.954472,-0.179504,-0.047718,0.233421,1.000000,
0.954472,-0.179504,-0.047718,0.233421,0.793664,-0.168831,-0.139474,0.567574,0.953677,-0.183681,-0.046696,0.233627,0.954472,-0.179504,-0.047718,0.233421,1.000000,
0.954472,-0.179504,-0.047718,0.233421,0.793664,-0.168831,-0.139474,0.567574,0.955466,-0.174136,-0.049029,0.233149,0.954472,-0.179504,-0.047718,0.233421,1.000000,
0.954472,-0.179504,-0.047718,0.233421,0.793664,-0.168831,-0.139474,0.567574,0.953676,-0.183682,-0.046696,0.233627,0.954472,-0.179504,-0.047718,0.233421,1.000000,
0.954472,-0.179504,-0.047718,0.233421,0.793664,-0.168831,-0.139474,0.567574,0.955466,-0.174136,-0.049029,0.233149,0.954472,-0.179504,-0.047718,0.233421,1.000000,
0.954472,-0.179504,-0.047718,0.233421,0.793664,-0.168831,-0.139474,0.567574,0.953676,-0.183682,-0.046696,0.233627,0.954472,-0.179504,-0.047718,0.233421,1.000000,
0.954472,-0.179504,-0.047718,0.233421,0.793664,-0.168831,-0.139474,0.567574,0.955466,-0.174136,-0.049029,0.233149,0.954472,-0.179504,-0.047718,0.233421,1.000000,
0.954472,-0.179504,-0.047718,0.233421,0.793664,-0.168831,-0.139474,0.567574,0.953676,-0.183682,-0.046696,0.233627,0.954472,-0.179504,-0.047718,0.233421,1.000000,
0.954472,-0.179504,-0.047718,0.233421,0.793664,-0.168831,-0.139474,0.567574,0.955466,-0.174136,-0.049029,0.233149,0.954472,-0.179504,-0.047718,0.233421,1.000000,
0.954472,-0.179504,-0.047718,0.233421,0.793664,-0.168831,-0.139474,0.567574,0.953676,-0.183682,-0.046695,0.233627,0.954472,-0.179504,-0.047718,0.233421,1.000000,
0.954472,-0.179504,-0.047718,0.233421,0.793664,-0.168831,-0.139474,0.567574,0.955466,-0.174136,-0.049029,0.233149,0.954472,-0.179504,-0.047718,0.233421,1.000000,
0.954472,-0.179504,-0.047718,0.233421,0.793664,-0.168831,-0.139474,0.567574,0.953676,-0.183682,-0.046695,0.233627,0.954472,-0.179504,-0.047718,0.233421,1.000000,
0.954472,-0.179504,-0.047718,0.233421,0.793664,-0.168831,-0.139474,0.567574,0.955466,-0.174136,-0.049029,0.233149,0.954472,-0.179504,-0.047718,0.233421,1.000000,
0.954472,-0.179504,-0.047718,0.233421,0.793664,-0.168831,-0.139474,0.567574,0.953676,-0.183682,-0.046695,0.233627,0.954472,-0.179504,-0.047718,0.233421,1.000000,
0.954472,-0.179504,-0.047718,0.233421,0.793664,-0.168831,-0.139474,0.567574,0.955466,-0.174136,-0.049029,0.233149,0.954472,-0.179504,-0.047718,0.233421,1.000000,
0.954472,-0.179504,-0.047718,0.233421,0.793664,-0.168831,-0.139474,0.567574,0.953676,-0.183682,-0.046695,0.233627,0.954472,-0.179504,-0.047718,0.233421,1.000000,
0.954472,-0.179504,-0.047718,0.233421,0.793664,-0.168831,-0.139474,0.567574,0.955466,-0.174136,-0.049029,0.233149,0.954472,-0.179504,-0.047718,0.233421,1.000000,
0.954472,-0.179504,-0.047718,0.233421,0.793664,-0.168831,-0.139474,0.567574,0.953676,-0.183682,-0.046695,0.233627,0.954472,-0.179504,-0.047718,0.233421,1.000000,
0.954472,-0.179504,-0.047718,0.233421,0.793664,-0.168831,-0.139474,0.567574,0.955466,-0.174136,-0.049029,0.233149,0.954472,-0.179504,-0.047718,0.233421,1.000000,
0.954472,-0.179504,-0.047718,0.233421,0.793664,-0.168831,-0.139474,0.567574,0.953676,-0.183682,-0.046695,0.233627,0.954472,-0.179504,-0.047718,0.233421,1.000000,
0.954472,-0.179504,-0.047718,0.233421,0.793664,-0.168831,-0.139474,0.567574,0.955466,-0.174136,-0.049029,0.233149,0.954472,-0.179504,-0.047718,0.233421,1.000000,
0.954472,-0.179504,-0.047718,0.233421,0.793664,-0.168831,-0.139474,0.567574,0.953676,-0.183682,-0.046695,0.233627,0.954472,-0.179504,-0.047718,0.233421,1.000000,
0.954472,-0.179504,-0.047718,0.233421,0.793664,-0.168831,-0.139474,0.567574,0.955465,-0.174136,-0.049029,0.233149,0.954472,-0.179504,-0.047718,0.233421,1.000000,
0.954472,-0.179504,-0.047718,0.233421,0.793664,-0.168831,-0.139474,0.567574,0.953676,-0.183682,-0.046695,0.233627,0.954472,-0.179504,-0.047718,0.233421,1.000000,
0.954472,-0.179504,-0.047718,0.233421,0.793664,-0.168831,-0.139474,0.567574,0.955465,-0.174136,-0.049029,0.233149,0.954472,-0.179504,-0.047718,0.233421,1.000000,
0.954472,-0.179504,-0.047718,0.233421,0.793664,-0.168831,-0.139474,0.567574,0.953676,-0.183682,-0.046695,0.233627,0.954472,-0.179504,-0.047718,0.233421,1.000000,
0.954472,-0.179504,-0.047718,0.233421,0.793664,-0.168831,-0.139474,0.567574,0.955465,-0.174136,-0.049029,0.233149,0.954472,-0.179504,-0.047718,0.233421,1.000000,
0.954472,-0.179504,-0.047718,0.233421,0.793664,-0.168831,-0.139474,0.567574,0.953676,-0.183682,-0.046695,0.233627,0.954472,-0.179504,-0.047718,0.233421,1.000000,
0.954472,-0.179504,-0.047718,0.233421,0.793664,-0.168831,-0.139474,0.567574,0.955465,-0.174136,-0.049029,0.233149,0.954472,-0.179504,-0.047718,0.233421,1.000000,
0.954472,-0.179504,-0.047718,0.233421,0.793664,-0.168831,-0.139474,0.567574,0.953676,-0.183682,-0.046695,0.233627,0.954472,-0.179504,-0.047718,0.233421,1.000000,
0.954472,-0.179504,-0.047718,0.233421,0.793664,-0.168831,-0.139474,0.567574,0.955465,-0.174136,-0.049029,0.233149,0.954472,-0.179504,-0.047718,0.233421,1.000000,
0.954472,-0.179504,-0.047718,0.233421,0.793664,-0.168831,-0.139474,0.567574,0.953676,-0.183682,-0.046695,0.233627,0.954472,-0.179504,-0.047718,0.233421,1.000000,
0.954472,-0.179504,-0.047718,0.233421,0.793664,-0.168831,-0.139474,0.567574,0.955465,-0.174137,-0.049029,0.233149,0.954472,-0.179504,-0.047718,0.233421,1.000000,
0.954472,-0.179504,-0.047718,0.233421,0.793664,-0.168831,-0.139474,0.567574,0.953676,-0.183682,-0.046695,0.233627,0.954472,-0.179504,-0.047718,0.233421,1.000000,
0.954472,-0.179504,-0.047718,0.233421,0.793664,-0.168831,-0.139474,0.567574,0.955465,-0.174137,-0.049029,0.233149,0.954472,-0.179504,-0.047718,0.233421,1.000000,
0.954472,-0.179504,-0.047718,0.233421,0.793664,-0.168831,-0.139474,0.567574,0.953676,-0.183682,-0.046695,0.233627,0.954472,-0.179504,-0.047718,0.233421,1.000000,
0.954472,-0.179504,-0.047718,0.233421,0.793664,-0.168831,-0.139474,0.567574,0.955465,-0.174137,-0.049029,0.233149,0.954472,-0.179504,-0.047718,0.233421,1.000000,
0.954472,-0.179504,-0.047718,0.233421,0.793664,-0.168831,-0.139474,0.567574,0.953676,-0.183683,-0.046695,0.233627,0.954472,-0.179504,-0.047718,0.233421,1.000000,
0.954472,-0.179504,-0.047718,0.233421,0.793664,-0.168831,-0.139474,0.567574,0.955465,-0.174137,-0.049029,0.233149,0.954472,-0.179504,-0.047718,0.233421,1.000000,
0.954472,-0.179504,-0.047718,0.233421,0.793664,-0.168831,-0.139474,0.567574,0.953676,-0.183683,-0.046695,0.233627,0.954472,-0.179504,-0.047718,0.233421,1.000000,
0.954472,-0.179504,-0.047718,0.233421,0.793664,-0.168831,-0.139474,0.567574,0.955465,-0.174137,-0.049029,0.233149,0.954472,-0.179504,-0.047718,0.233421,1.000000,
0.954472,-0.179504,-0.047718,0.233421,0.793664,-0.168831,-0.139474,0.567574,0.953676,-0.183683,-0.046695,0.233628,0.954472,-0.179504,-0.047718,0.233421,1.000000,
0.954472,-0.179504,-0.047718,0.233421,0.793664,-0.168831,-0.139474,0.567574,0.955465,-0.174137,-0.049029,0.233149,0.954472,-0.179504,-0.047718,0.233421,1.000000,
0.954472,-0.179504,-0.047718,0.233421,0.793664,-0.168831,-0.139474,0.567574,0.953676,-0.183683,-0.046695,0.233628,0.954472,-0.179504,-0.047718,0.233421,1.000000,
0.954472,-0.179504,-0.047718,0.233421,0.793664,-0.168831,-0.139474,0.567574,0.955465,-0.174137,-0.049029,0.233149,0.954472,-0.179504,-0.047718,0.233421,1.000000,
0.954472,-0.179504,-0.047718,0.233421,0.793664,-0.168831,-0.139474,0.567574,0.953676,-0.183683,-0.046695,0.233628,0.954472,-0.179504,-0.047718,0.233421,1.000000,
0.954472,-0.179504,-0.047718,0.233421,0.793664,-0.168831,-0.139474,0.567574,0.955465,-0.174137,-0.049029,0.233149,0.954472,-0.179504,-0.047718,0.233421,1.000000,
0.954472,-0.179504,-0.047718,0.233421,0.793664,-0.168831,-0.139474,0.567574,0.953676,-0.183683,-0.046695,0.233628,0.954472,-0.179504,-0.047718,0.233421,1.000000,
0.954472,-0.179504,-0.047718,0.233421,0.793664,-0.168831,-0.139474,0.567574,0.955465,-0.174137,-0.049029,0.233149,0.954472,-0.179504,-0.047718,0.233421,1.000000,
0.954472,-0.179504,-0.047718,0.233421,0.793664,-0.168831,-0.139474,0.567574,0.953676,-0.183683,-0.046695,0.233628,0.954472,-0.179504,-0.047718,0.233421,1.000000,
0.954472,-0.179504,-0.047718,0.233421,0.793664,-0.168831,-0.139474,0.567574,0.955465,-0.174137,-0.049029,0.233149,0.954472,-0.179504,-0.047718,0.233421,1.000000,
0.954472,-0.179504,-0.047718,0.233421,0.793664,-0.168831,-0.139474,0.567574,0.953676,-0.183683,-0.046695,0.233628,0.954472,-0.179504,-0.047718,0.233421,1.000000,
0.954472,-0.179504,-0.047718,0.233421,0.793664,-0.168831,-0.139474,0.567574,0.955465,-0.174137,-0.049029,0.233149,0.954472,-0.179504,-0.047718,0.233421,1.000000,
0.954472,-0.179504,-0.047718,0.233421,0.793664,-0.168831,-0.139474,0.567574,0.953676,-0.183683,-0.046695,0.233628,0.954472,-0.179504,-0.047718,0.233421,1.000000,
0.954472,-0.179504,-0.047718,0.233421,0.793664,-0.168831,-0.139474,0.567574,0.955465,-0.174137,-0.049029,0.233149,0.954472,-0.179504,-0.047718,0.233421,1.000000,
0.954472,-0.179504,-0.047718,0.233421,0.793664,-0.168831,-0.139474,0.567574,0.953676,-0.183683,-0.046695,0.233628,0.954472,-0.179504,-0.047718,0.233421,1.000000,
0.954472,-0.179504,-0.047718,0.233421,0.793664,-0.168831,-0.139474,0.567574,0.955465,-0.174137,-0.049029,0.233149,0.954472,-0.179504,-0.047718,0.233421,1.000000,
0.954472,-0.179504,-0.047718,0.233421,0.793664,-0.168831,-0.139474,0.567574,0.953676,-0.183683,-0.046695,0.233628,0.954472,-0.179504,-0.047718,0.233421,1.000000,
0.954472,-0.179504,-0.047718,0.233421,0.793664,-0.168831,-0.139474,0.567574,0.955465,-0.174137,-0.049029,0.233149,0.954472,-0.179504,-0.047718,0.233421,1.000000,
0.954472,-0.179504,-0.047718,0.233421,0.793664,-0.168831,-0.139474,0.567574,0.953676,-0.183683,-0.046695,0.233628,0.954472,-0.179504,-0.047718,0.233421,1.000000,
0.954472,-0.179504,-0.047718,0.233421,0.793664,-0.168831,-0.139474,0.567574,0.955465,-0.174137,-0.049029,0.233149,0.954472,-0.179504,-0.047718,0.233421,1.000000,
0.954472,-0.179504,-0.047718,0.233421,0.793664,-0.168831,-0.139474,0.567574,0.953676,-0.183683,-0.046695,0.233628,0.954472,-0.179504,-0.047718,0.233421,1.000000,
0.954472,-0.179504,-0.047718,0.233421,0.793664,-0.168831,-0.139474,0.567574,0.955465,-0.174137,-0.049029,0.233149,0.954472,-0.179504,-0.047718,0.233421,1.000000,
0.954472,-0.179504,-0.047718,0.233421,0.793664,-0.168831,-0.139474,0.567574,0.953676,-0.183683,-0.046695,0.233628,0.954472,-0.179504,-0.047718,0.233421,1.000000,
0.954472,-0.179504,-0.047718,0.233421,0.793664,-0.168831,-0.139474,0.567574,0.955465,-0.174137,-0.049029,0.233149,0.954472,-0.179504,-0.047718,0.233421,1.000000,
0.954472,-0.179504,-0.047718,0.233421,0.793664,-0.168831,-0.139474,0.567574,0.953676,-0.183683,-0.046695,0.233628,0.954472,-0.179504,-0.047718,0.233421,1.000000,
0.954472,-0.179504,-0.047718,0.233421,0.793664,-0.168831,-0.139474,0.567574,0.955465,-0.174138,-0.049029,0.233149,0.954472,-0.179504,-0.047718,0.233421,1.000000,
0.954472,-0.179504,-0.047718,0.233421,0.793664,-0.168831,-0.139474,0.567574,0.953676,-0.183683,-0.046695,0.233628,0.954472,-0.179504,-0.047718,0.233421,1.000000,
0.954472,-0.179504,-0.047718,0.233421,0.793664,-0.168831,-0.139474,0.567574,0.955465,-0.174138,-0.049029,0.233149,0.954472,-0.179504,-0.047718,0.233421,1.000000,
0.954472,-0.179504,-0.047718,0.233421,0.793664,-0.168831,-0.139474,0.567574,0.953676,-0.183683,-0.046695,0.233628,0.954472,-0.179504,-0.047718,0.233421,1.000000,
0.954472,-0.179504,-0.047718,0.233421,0.793664,-0.168831,-0.139474,0.567574,0.955465,-0.174138,-0.049029,0.233149,0.954472,-0.179504,-0.047718,0.233421,1.000000,
0.954472,-0.179504,-0.047718,0.233421,0.793664,-0.168831,-0.139474,0.567574,0.953676,-0.183684,-0.046695,0.233628,0.954472,-0.179504,-0.047718,0.233421,1.000000,
0.954472,-0.179504,-0.047718,0.233421,0.793664,-0.168831,-0.139474,0.567574,0.955465,-0.174138,-0.049029,0.233149,0.954472,-0.179504,-0.047718,0.233421,1.000000,
0.954472,-0.179504,-0.047718,0.233421,0.793664,-0.168831,-0.139474,0.567574,0.953676,-0.183684,-0.046695,0.233628,0.954472,-0.179504,-0.047718,0.233421,1.000000,
0.954472,-0.179504,-0.047718,0.233421,0.793664,-0.168831,-0.139474,0.567574,0.955465,-0.174138,-0.049029,0.233149,0.954472,-0.179504,-0.047718,0.233421,1.000000,
0.954472,-0.179504,-0.047718,0.233421,0.793664,-0.168831,-0.139474,0.567574,0.953676,-0.183684,-0.046695,0.233628,0.954472,-0.179504,-0.047718,0.233421,1.000000,
0.954472,-0.179504,-0.047718,0.233421,0.793664,-0.168831,-0.139474,0.567574,0.955465,-0.174138,-0.049029,0.233149,0.954472,-0.179504,-0.047718,0.233421,1.000000,
0.954472,-0.179504,-0.047718,0.233421,0.793664,-0.168831,-0.139474,0.567574,0.953676,-0.183684,-0.046695,0.233628,0.954472,-0.179504,-0.047718,0.233421,1.000000,
0.954472,-0.179504,-0.047718,0.233421,0.793664,-0.168831,-0.139474,0.567574,0.955465,-0.174138,-0.049029,0.233149,0.954472,-0.179504,-0.047718,0.233421,1.000000,
0.954472,-0.179504,-0.047718,0.233421,0.793664,-0.168831,-0.139474,0.567574,0.953676,-0.183684,-0.046695,0.233628,0.954472,-0.179504,-0.047718,0.233421,1.000000,
0.954472,-0.179504,-0.047718,0.233421,0.793664,-0.168831,-0.139474,0.567574,0.955465,-0.174138,-0.049029,0.233149,0.954472,-0.179504,-0.047718,0.233421,1.000000,
0.954472,-0.179504,-0.047718,0.233421,0.793664,-0.168831,-0.139474,0.567574,0.953676,-0.183684,-0.046695,0.233628,0.954472,-0.179504,-0.047718,0.233421,1.000000,
0.954472,-0.179504,-0.047718,0.233421,0.793664,-0.168831,-0.139474,0.567574,0.955465,-0.174138,-0.049029,0.233149,0.954472,-0.179504,-0.047718,0.233421,1.000000,
0.954472,-0.179504,-0.047718,0.233421,0.793664,-0.168831,-0.139474,0.567574,0.953676,-0.183684,-0.046695,0.233628,0.954472,-0.179504,-0.047718,0.233421,1.000000,
0.954472,-0.179504,-0.047718,0.233421,0.793664,-0.168831,-0.139474,0.567574,0.955465,-0.174138,-0.049029,0.233149,0.954472,-0.179504,-0.047718,0.233421,1.000000,
0.954472,-0.179504,-0.047718,0.233421,0.793664,-0.168831,-0.139474,0.567574,0.953676,-0.183684,-0.046695,0.233628,0.954472,-0.179504,-0.047718,0.233421,1.000000,
0.954472,-0.179504,-0.047718,0.233421,0.793664,-0.168831,-0.139474,0.567574,0.955465,-0.174138,-0.049029,0.233149,0.954472,-0.179504,-0.047718,0.233421,1.000000,
0.954472,-0.179504,-0.047718,0.233421,0.793664,-0.168831,-0.139474,0.567574,0.953676,-0.183684,-0.046695,0.233628,0.954472,-0.179504,-0.047718,0.233421,1.000000,
0.954472,-0.179504,-0.047718,0.233421,0.793664,-0.168831,-0.139474,0.567574,0.955465,-0.174138,-0.049029,0.233149,0.954472,-0.179504,-0.047718,0.233421,1.000000,
0.954472,-0.179504,-0.047718,0.233421,0.793664,-0.168831,-0.139474,0.567574,0.953676,-0.183684,-0.046695,0.233628,0.954472,-0.179504,-0.047718,0.233421,1.000000,
0.954472,-0.179504,-0.047718,0.233421,0.793664,-0.168831,-0.139474,0.567574,0.955465,-0.174138,-0.049029,0.233149,0.954472,-0.179504,-0.047718,0.233421,1.000000,
0.954472,-0.179504,-0.047718,0.233421,0.793664,-0.168831,-0.139474,0.567574,0.953676,-0.183684,-0.046695,0.233628,0.954472,-0.179504,-0.047718,0.233421,1.000000,
0.954472,-0.179504,-0.047718,0.233421,0.793664,-0.168831,-0.139474,0.567574,0.955465,-0.174138,-0.049029,0.233149,0.954472,-0.179504,-0.047718,0.233421,1.000000,
0.954472,-0.179504,-0.047718,0.233421,0.793664,-0.168831,-0.139474,0.567574,0.953676,-0.183684,-0.046695,0.233628,0.954472,-0.179504,-0.047718,0.233421,1.000000,
0.954472,-0.179504,-0.047718,0.233421,0.793664,-0.168831,-0.139474,0.567574,0.955465,-0.174138,-0.049029,0.233149,0.954472,-0.179504,-0.047718,0.233421,1.000000,
0.954472,-0.179504,-0.047718,0.233421,0.793664,-0.168831,-0.139474,0.567574,0.953676,-0.183684,-0.046695,0.233628,0.954472,-0.179504,-0.047718,0.233421,1.000000,
0.954472,-0.179504,-0.047718,0.233421,0.793664,-0.168831,-0.139474,0.567574,0.955465,-0.174138,-0.049029,0.233149,0.954472,-0.179504,-0.047718,0.233421,1.000000,
0.954472,-0.179504,-0.047718,0.233421,0.793664,-0.168831,-0.139474,0.567574,0.953676,-0.183684,-0.046695,0.233628,0.954472,-0.179504,-0.047718,0.233421,1.000000,
0.954472,-0.179504,-0.047718,0.233421,0.793664,-0.168831,-0.139474,0.567574,0.955465,-0.174138,-0.049029,0.233149,0.954472,-0.179504,-0.047718,0.233421,1.000000,
0.954472,-0.179504,-0.047718,0.233421,0.793664,-0.168831,-0.139474,0.567574,0.953676,-0.183684,-0.046695,0.233628,0.954472,-0.179504,-0.047718,0.233421,1.000000,
0.954472,-0.179504,-0.047718,0.233421,0.793664,-0.168831,-0.139474,0.567574,0.955465,-0.174139,-0.049029,0.233149,0.954472,-0.179504,-0.047718,0.233421,1.000000,
0.954472,-0.179504,-0.047718,0.233421,0.793664,-0.168831,-0.139474,0.567574,0.953676,-0.183684,-0.046695,0.233628,0.954472,-0.179504,-0.047718,0.233421,1.000000,
0.954472,-0.179504,-0.047718,0.233421,0.793664,-0.168831,-0.139474,0.567574,0.955465,-0.174139,-0.049029,0.233149,0.954472,-0.179504,-0.047718,0.233421,1.000000,
0.954472,-0.179504,-0.047718,0.233421,0.793664,-0.168831,-0.139474,0.567574,0.953676,-0.183684,-0.046695,0.233628,0.954472,-0.179504,-0.047718,0.233421,1.000000,
0.954472,-0.179504,-0.047718,0.233421,0.793664,-0.168831,-0.139474,0.567574,0.955465,-0.174139,-0.049029,0.233149,0.954472,-0.179504,-0.047718,0.233421,1.000000,
0.954472,-0.179504,-0.047718,0.233421,0.793664,-0.168831,-0.139474,0.567574,0.953676,-0.183685,-0.046695,0.233628,0.954472,-0.179504,-0.047718,0.233421,1.000000,
0.954472,-0.179504,-0.047718,0.233421,0.793664,-0.168831,-0.139474,0.567574,0.955465,-0.174139,-0.049029,0.233149,0.954472,-0.179504,-0.047718,0.233421,1.000000,
0.954472,-0.179504,-0.047718,0.233421,0.793664,-0.168831,-0.139474,0.567574,0.953676,-0.183685,-0.046695,0.233628,0.954472,-0.179504,-0.047718,0.233421,1.000000,
0.954472,-0.179504,-0.047718,0.233421,0.793664,-0.168831,-0.139474,0.567574,0.955465,-0.174139,-0.049029,0.233149,0.954472,-0.179504,-0.047718,0.233421,1.000000,
0.954472,-0.179504,-0.047718,0.233421,0.793664,-0.168831,-0.139474,0.567574,0.953676,-0.183685,-0.046695,0.233628,0.954472,-0.179504,-0.047718,0.233421,1.000000,
0.954472,-0.179504,-0.047718,0.233421,0.793664,-0.168831,-0.139474,0.567574,0.955465,-0.174139,-0.049029,0.233149,0.954472,-0.179504,-0.047718,0.233421,1.000000,
0.954472,-0.179504,-0.047718,0.233421,0.793664,-0.168831,-0.139474,0.567574,0.953676,-0.183685,-0.046695,0.233628,0.954472,-0.179504,-0.047718,0.233421,1.000000,
0.954472,-0.179504,-0.047718,0.233421,0.793664,-0.168831,-0.139474,0.567574,0.955465,-0.174139,-0.049029,0.233149,0.954472,-0.179504,-0.047718,0.233421,1.000000,
0.954472,-0.179504,-0.047718,0.233421,0.793664,-0.168831,-0.139474,0.567574,0.953676,-0.183685,-0.046695,0.233628,0.954472,-0.179504,-0.047718,0.233421,1.000000,
0.954472,-0.179504,-0.047718,0.233421,0.793664,-0.168831,-0.139474,0.567574,0.955465,-0.174139,-0.049029,0.233149,0.954472,-0.179504,-0.047718,0.233421,1.000000,
0.954472,-0.179504,-0.047718,0.233421,0.793664,-0.168831,-0.139474,0.567574,0.953676,-0.183685,-0.046695,0.233628,0.954472,-0.179504,-0.047718,0.233421,1.000000,
0.954472,-0.179504,-0.047718,0.233421,0.793664,-0.168831,-0.139474,0.567574,0.955465,-0.174139,-0.049029,0.233149,0.954472,-0.179504,-0.047718,0.233421,1.000000,
0.954472,-0.179504,-0.047718,0.233421,0.793664,-0.168831,-0.139474,0.567574,0.953676,-0.183685,-0.046695,0.233628,0.954472,-0.179504,-0.047718,0.233421,1.000000,
0.954472,-0.179504,-0.047718,0.233421,0.793664,-0.168831,-0.139474,0.567574,0.955465,-0.174139,-0.049029,0.233149,0.954472,-0.179504,-0.047718,0.233421,1.000000,
0.954472,-0.179504,-0.047718,0.233421,0.793664,-0.168831,-0.139474,0.567574,0.953676,-0.183685,-0.046695,0.233628,0.954472,-0.179504,-0.047718,0.233421,1.000000,
0.954472,-0.179504,-0.047718,0.233421,0.793664,-0.168831,-0.139474,0.567574,0.955465,-0.174139,-0.049029,0.233149,0.954472,-0.179504,-0.047718,0.233421,1.000000,
0.954472,-0.179504,-0.047718,0.233421,0.793664,-0.168831,-0.139474,0.567574,0.953676,-0.183685,-0.046695,0.233628,0.954472,-0.179504,-0.047718,0.233421,1.000000,
0.954472,-0.179504,-0.047718,0.233421,0.793664,-0.168831,-0.139474,0.567574,0.955465,-0.174139,-0.049029,0.233149,0.954472,-0.179504,-0.047718,0.233421,1.000000,
0.954472,-0.179504,-0.047718,0.233421,0.793664,-0.168831,-0.139474,0.567574,0.953676,-0.183685,-0.046695,0.233628,0.954472,-0.179504,-0.047718,0.233421,1.000000,
0.954472,-0.179504,-0.047718,0.233421,0.793664,-0.168831,-0.139474,0.567574,0.955465,-0.174139,-0.049029,0.233149,0.954472,-0.179504,-0.047718,0.233421,1.000000,
0.954472,-0.179504,-0.047718,0.233421,0.793664,-0.168831,-0.139474,0.567574,0.953676,-0.183685,-0.046695,0.233628,0.954472,-0.179504,-0.047718,0.233421,1.000000,
0.954472,-0.179504,-0.047718,0.233421,0.793664,-0.168831,-0.139474,0.567574,0.955465,-0.174139,-0.049029,0.233149,0.954472,-0.179504,-0.047718,0.233421,1.000000,
0.954472,-0.179504,-0.047718,0.233421,0.793664,-0.168831,-0.139474,0.567574,0.953676,-0.183685,-0.046695,0.233628,0.954472,-0.179504,-0.047718,0.233421,1.000000,
0.954472,-0.179504,-0.047718,0.233421,0.793664,-0.168831,-0.139474,0.567574,0.955465,-0.174139,-0.049029,0.233149,0.954472,-0.179504,-0.047718,0.233421,1.000000,
0.954472,-0.179504,-0.047718,0.233421,0.793664,-0.168831,-0.139474,0.567574,0.953676,-0.183685,-0.046695,0.233628,0.954472,-0.179504,-0.047718,0.233421,1.000000,
0.954472,-0.179504,-0.047718,0.233421,0.793664,-0.168831,-0.139474,0.567574,0.955465,-0.174139,-0.049029,0.233149,0.954472,-0.179504,-0.047718,0.233421,1.000000,
0.954472,-0.179504,-0.047718,0.233421,0.793664,-0.168831,-0.139474,0.567574,0.953676,-0.183685,-0.046695,0.233628,0.954472,-0.179504,-0.047718,0.233421,1.000000,
0.954472,-0.179504,-0.047718,0.233421,0.793664,-0.168831,-0.139474,0.567574,0.955465,-0.174140,-0.049029,0.233149,0.954472,-0.179504,-0.047718,0.233421,1.000000,
0.954472,-0.179504,-0.047718,0.233421,0.793664,-0.168831,-0.139474,0.567574,0.953676,-0.183685,-0.046695,0.233628,0.954472,-0.179504,-0.047718,0.233421,1.000000,
0.954472,-0.179504,-0.047718,0.233421,0.793664,-0.168831,-0.139474,0.567574,0.955465,-0.174140,-0.049029,0.233149,0.954472,-0.179504,-0.047718,0.233421,1.000000,
0.954472,-0.179504,-0.047718,0.233421,0.793664,-0.168831,-0.139474,0.567574,0.953676,-0.183685,-0.046695,0.233628,0.954472,-0.179504,-0.047718,0.233421,1.000000,
0.954472,-0.179504,-0.047718,0.233421,0.793664,-0.168831,-0.139474,0.567574,0.955465,-0.174140,-0.049028,0.233149,0.954472,-0.179504,-0.047718,0.233421,1.000000,
0.954472,-0.179504,-0.047718,0.233421,0.793664,-0.168831,-0.139474,0.567574,0.953676,-0.183685,-0.046695,0.233628,0.954472,-0.179504,-0.047718,0.233421,1.000000,
0.954472,-0.179504,-0.047718,0.233421,0.793664,-0.168831,-0.139474,0.567574,0.955465,-0.174140,-0.049028,0.233149,0.954472,-0.179504,-0.047718,0.233421,1.000000,
0.954472,-0.179504,-0.047718,0.233421,0.793664,-0.168831,-0.139474,0.567574,0.953676,-0.183686,-0.046695,0.233628,0.954472,-0.179504,-0.047718,0.233421,1.000000,
0.954472,-0.179504,-0.047718,0.233421,0.793664,-0.168831,-0.139474,0.567574,0.955465,-0.174140,-0.049028,0.233149,0.954472,-0.179504,-0.047718,0.233421,1.000000,
0.954472,-0.179504,-0.047718,0.233421,0.793664,-0.168831,-0.139474,0.567574,0.953676,-0.183686,-0.046695,0.233628,0.954472,-0.179504,-0.047718,0.233421,1.000000,
0.954472,-0.179504,-0.047718,0.233421,0.793664,-0.168831,-0.139474,0.567574,0.955465,-0.174140,-0.049028,0.233149,0.954472,-0.179504,-0.047718,0.233421,1.000000,
0.954472,-0.179504,-0.047718,0.233421,0.793664,-0.168831,-0.139474,0.567574,0.953676,-0.183686,-0.046695,0.233628,0.954472,-0.179504,-0.047718,0.233421,1.000000,
0.954472,-0.179504,-0.047718,0.233421,0.793664,-0.168831,-0.139474,0.567574,0.955465,-0.174140,-0.049028,0.233149,0.954472,-0.179504,-0.047718,0.233421,1.000000,
0.954472,-0.179504,-0.047718,0.233421,0.793664,-0.168831,-0.139474,0.567574,0.953676,-0.183686,-0.046695,0.233628,0.954472,-0.179504,-0.047718,0.233421,1.000000,
0.954472,-0.179504,-0.047718,0.233421,0.793664,-0.168831,-0.139474,0.567574,0.955465,-0.174140,-0.049028,0.233149,0.954472,-0.179504,-0.047718,0.233421,1.000000,
0.954472,-0.179504,-0.047718,0.233421,0.793664,-0.168831,-0.139474,0.567574,0.953676,-0.183686,-0.046695,0.233628,0.954472,-0.179504,-0.047718,0.233421,1.000000,
0.954472,-0.179504,-0.047718,0.233421,0.793664,-0.168831,-0.139474,0.567574,0.955465,-0.174140,-0.049028,0.233149,0.954472,-0.179504,-0.047718,0.233421,1.000000,
0.954472,-0.179504,-0.047718,0.233421,0.793664,-0.168831,-0.139474,0.567574,0.953676,-0.183686,-0.046694,0.233628,0.954472,-0.179504,-0.047718,0.233421,1.000000,
0.954472,-0.179504,-0.047718,0.233421,0.793664,-0.168831,-0.139474,0.567574,0.955465,-0.174140,-0.049028,0.233149,0.954472,-0.179504,-0.047718,0.233421,1.000000,
0.954472,-0.179504,-0.047718,0.233421,0.793664,-0.168831,-0.139474,0.567574,0.953676,-0.183686,-0.046694,0.233628,0.954472,-0.179504,-0.047718,0.233421,1.000000,
0.954472,-0.179504,-0.047718,0.233421,0.793664,-0.168831,-0.139474,0.567574,0.955465,-0.174140,-0.049028,0.233149,0.954472,-0.179504,-0.047718,0.233421,1.000000,
0.954472,-0.179504,-0.047718,0.233421,0.793664,-0.168831,-0.139474,0.567574,0.953676,-0.183686,-0.046694,0.233628,0.954472,-0.179504,-0.047718,0.233421,1.000000,
0.954472,-0.179504,-0.047718,0.233421,0.793664,-0.168831,-0.139474,0.567574,0.955465,-0.174140,-0.049028,0.233149,0.954472,-0.179504,-0.047718,0.233421,1.000000,
0.954472,-0.179504,-0.047718,0.233421,0.793664,-0.168831,-0.139474,0.567574,0.953676,-0.183686,-0.046694,0.233628,0.954472,-0.179504,-0.047718,0.233421,1.000000,
0.954472,-0.179504,-0.047718,0.233421,0.793664,-0.168831,-0.139474,0.567574,0.955465,-0.174140,-0.049028,0.233149,0.954472,-0.179504,-0.047718,0.233421,1.000000,
0.954472,-0.179504,-0.047718,0.233421,0.793664,-0.168831,-0.139474,0.567574,0.953676,-0.183686,-0.046694,0.233628,0.954472,-0.179504,-0.047718,0.233421,1.000000,
0.954472,-0.179504,-0.047718,0.233421,0.793664,-0.168831,-0.139474,0.567574,0.955465,-0.174140,-0.049028,0.233149,0.954472,-0.179504,-0.047718,0.233421,1.000000,
0.954472,-0.179504,-0.047718,0.233421,0.793664,-0.168831,-0.139474,0.567574,0.953676,-0.183686,-0.046694,0.233628,0.954472,-0.179504,-0.047718,0.233421,1.000000,
0.954472,-0.179504,-0.047718,0.233421,0.793664,-0.168831,-0.139474,0.567574,0.955465,-0.174140,-0.049028,0.233149,0.954472,-0.179504,-0.047718,0.233421,1.000000,
0.954472,-0.179504,-0.047718,0.233421,0.793664,-0.168831,-0.139474,0.567574,0.953676,-0.183686,-0.046694,0.233628,0.954472,-0.179504,-0.047718,0.233421,1.000000,
0.954472,-0.179504,-0.047718,0.233421,0.793664,-0.168831,-0.139474,0.567574,0.955465,-0.174140,-0.049028,0.233149,0.954472,-0.179504,-0.047718,0.233421,1.000000,
