-24.155743,-15.173678,16.613509,-14.865710,-13.477841,20.692551,-14.870630,-13.386797,20.575105,-14.684496,-13.397371,20.595525,0.200000,
-24.155743,-15.173678,16.613509,-15.081979,-13.555637,20.786356,-15.091405,-13.374992,20.549840,-14.719263,-13.395407,20.591689,0.200000,
-24.155743,-15.173678,16.613509,-15.298393,-13.632737,20.880766,-15.311907,-13.363975,20.523529,-14.753898,-13.393468,20.587842,0.200000,
-24.155743,-15.173678,16.613509,-15.514944,-13.709131,20.975780,-15.532120,-13.353774,20.496144,-14.788402,-13.391555,20.583984,0.200000,
-24.155743,-15.173678,16.613509,-15.731619,-13.784805,21.071401,-15.752027,-13.344420,20.467657,-14.822776,-13.389667,20.580116,0.200000,
-24.155743,-15.173678,16.613509,-15.948408,-13.859748,21.167628,-15.971610,-13.335943,20.438037,-14.857019,-13.387804,20.576236,0.200000,
-24.155743,-15.173678,16.613509,-16.165298,-13.933948,21.264463,-16.190847,-13.328378,20.407252,-14.891133,-13.385967,20.572347,0.200000,
-24.155743,-15.173678,16.613509,-16.382276,-14.007391,21.361906,-16.409717,-13.321760,20.375269,-14.925118,-13.384154,20.568446,0.200000,
-24.155743,-15.173678,16.613509,-16.599328,-14.080064,21.459957,-16.628198,-13.316126,20.342052,-14.958974,-13.382366,20.564536,0.200000,
-24.155743,-15.173678,16.613509,-16.816440,-14.151954,21.558616,-16.846264,-13.311514,20.307563,-14.992702,-13.380602,20.560615,0.200000,
-24.155743,-15.173678,16.613509,-17.033595,-14.223047,21.657885,-17.063887,-13.307965,20.271763,-15.026302,-13.378863,20.556684,0.200000,
-24.155743,-15.173678,16.613509,-17.250778,-14.293330,21.757762,-17.281038,-13.305524,20.234610,-15.059776,-13.377148,20.552743,0.200000,
-24.155743,-15.173678,16.613509,-17.467971,-14.362786,21.858249,-17.497687,-13.304235,20.196058,-15.093123,-13.375458,20.548792,0.200000,
-24.155743,-15.173678,16.613509,-17.685154,-14.431403,21.959344,-17.713797,-13.304148,20.156061,-15.126343,-13.373792,20.544832,0.200000,
-24.155743,-15.173678,16.613509,-17.902309,-14.499164,22.061047,-17.929331,-13.305313,20.114569,-15.159438,-13.372150,20.540861,0.200000,
-24.155743,-15.173678,16.613509,-18.119414,-14.566054,22.163358,-18.144249,-13.307785,20.071527,-15.192408,-13.370532,20.536882,0.200000,
-24.155743,-15.173678,16.613509,-18.336446,-14.632056,22.266275,-18.358505,-13.311623,20.026879,-15.225253,-13.368937,20.532892,0.200000,
-24.155743,-15.173678,16.613509,-18.553381,-14.697156,22.369797,-18.572052,-13.316887,19.980565,-15.257974,-13.367367,20.528894,0.200000,
-24.155743,-15.173678,16.613509,-18.770194,-14.761334,22.473924,-18.784834,-13.323642,19.932519,-15.290571,-13.365819,20.524886,0.200000,
-24.155743,-15.173678,16.613509,-18.986859,-14.824576,22.578652,-18.996795,-13.331960,19.882673,-15.323045,-13.364296,20.520869,0.200000,
-24.155743,-15.173678,16.613509,-19.203345,-14.886861,22.683980,-19.207870,-13.341913,19.830953,-15.355396,-13.362795,20.516843,0.200000,
-24.155743,-15.173678,16.613509,-19.419622,-14.948173,22.789905,-19.417986,-13.353581,19.777281,-15.387624,-13.361318,20.512809,0.200000,
-24.155743,-15.173678,16.613509,-19.635658,-15.008493,22.896425,-19.627068,-13.367049,19.721572,-15.419731,-13.359864,20.508765,0.200000,
-24.155743,-15.173678,16.613509,-19.851418,-15.067802,23.003535,-19.835027,-13.382407,19.663736,-15.451716,-13.358433,20.504713,0.200000,
-24.155743,-15.173678,16.613509,-20.066863,-15.126080,23.111231,-20.041769,-13.399753,19.603676,-15.483581,-13.357024,20.500652,0.200000,
-24.155743,-15.173678,16.613509,-20.281956,-15.183307,23.219510,-20.247186,-13.419191,19.541289,-15.515325,-13.355639,20.496583,0.200000,
-24.155743,-15.173678,16.613509,-20.496652,-15.239462,23.328364,-20.451161,-13.440832,19.476463,-15.546949,-13.354276,20.492505,0.200000,
-24.155743,-15.173678,16.613509,-20.710908,-15.294525,23.437789,-20.653562,-13.464795,19.409079,-15.578453,-13.352935,20.488419,0.200000,
-24.155743,-15.173678,16.613509,-20.924675,-15.348475,23.547776,-20.854241,-13.491211,19.339008,-15.609838,-13.351617,20.484325,0.200000,
-24.155743,-15.173678,16.613509,-21.137902,-15.401288,23.658319,-21.053034,-13.520216,19.266113,-15.641105,-13.350321,20.480222,0.200000,
-24.155743,-15.173678,16.613509,-21.350535,-15.452943,23.769408,-21.249755,-13.551958,19.190245,-15.672253,-13.349047,20.476112,0.200000,
-24.155743,-15.173678,16.613509,-21.562514,-15.503417,23.881033,-21.444196,-13.586599,19.111247,-15.703284,-13.347796,20.471994,0.200000,
-24.155743,-15.173678,16.613509,-21.773777,-15.552687,23.993183,-21.636124,-13.624307,19.028949,-15.734197,-13.346566,20.467868,0.200000,
-24.155743,-15.173678,16.613509,-21.984260,-15.600730,24.105845,-21.825274,-13.665266,18.943169,-15.764994,-13.345358,20.463734,0.200000,
-24.155743,-15.173678,16.613509,-22.193891,-15.647521,24.219005,-22.011348,-13.709671,18.853715,-15.795674,-13.344172,20.459593,0.200000,
-24.155743,-15.173678,16.613509,-22.402594,-15.693036,24.332647,-22.194008,-13.757730,18.760383,-15.826238,-13.343007,20.455444,0.200000,
-24.155743,-15.173678,16.613509,-22.610291,-15.737252,24.446754,-22.372872,-13.809663,18.662957,-15.856687,-13.341864,20.451288,0.200000,
-24.155743,-15.173678,16.613509,-22.816896,-15.780144,24.561306,-22.547510,-13.865703,18.561213,-15.887021,-13.340742,20.447125,0.200000,
-24.155743,-15.173678,16.613509,-23.022319,-15.821687,24.676281,-22.717433,-13.926090,18.454918,-15.917240,-13.339641,20.442954,0.200000,
-24.155743,-15.173678,16.613509,-23.226464,-15.861858,24.791656,-22.882093,-13.991074,18.343836,-15.947344,-13.338562,20.438776,0.200000,
-24.155743,-15.173678,16.613509,-23.429231,-15.900632,24.907405,-23.040871,-14.060906,18.227733,-15.977336,-13.337503,20.434591,0.200000,
-24.155743,-15.173678,16.613509,-23.630512,-15.937987,25.023498,-23.193079,-14.135837,18.106380,-16.007213,-13.336466,20.430400,0.200000,
-24.155743,-15.173678,16.613509,-23.830193,-15.973898,25.139903,-23.337950,-14.216103,17.979569,-16.036978,-13.335449,20.426201,0.200000,
-24.155743,-15.173678,16.613509,-24.028157,-16.008344,25.256586,-23.474647,-14.301922,17.847118,-16.066631,-13.334453,20.421996,0.200000,
-24.155743,-15.173678,16.613509,-24.224276,-16.041303,25.373508,-23.602260,-14.393473,17.708891,-16.096171,-13.333477,20.417783,0.200000,
-24.155743,-15.173678,16.613509,-24.418421,-16.072757,25.490628,-23.719826,-14.490886,17.564815,-16.125600,-13.332522,20.413565,0.200000,
-24.155743,-15.173678,16.613509,-24.610455,-16.102686,25.607902,-23.826348,-14.594217,17.414894,-16.154918,-13.331588,20.409340,0.200000,
-24.155743,-15.173678,16.613509,-24.800233,-16.131075,25.725280,-23.920824,-14.703435,17.259237,-16.184124,-13.330673,20.405108,0.200000,
-24.155743,-15.173678,16.613509,-24.987610,-16.157908,25.842710,-24.002296,-14.818401,17.098062,-16.213221,-13.329779,20.400870,0.200000,
-24.155743,-15.173678,16.613509,-25.172432,-16.183175,25.960136,-24.069894,-14.938855,16.931716,-16.242208,-13.328905,20.396626,0.200000,
-24.155743,-15.173678,16.613509,-25.354542,-16.206866,26.077499,-24.122888,-15.064418,16.760667,-16.271085,-13.328050,20.392376,0.200000,
-24.155743,-15.173678,16.613509,-25.533782,-16.228976,26.194735,-24.160730,-15.194596,16.585492,-16.299853,-13.327216,20.388119,0.200000,
-24.155743,-15.173678,16.613509,-25.709988,-16.249504,26.311776,-24.137693,-15.060522,16.764019,-16.328513,-13.326401,20.383857,0.200000,
-24.155743,-15.173678,16.613509,-25.882999,-16.268451,26.428554,-24.140434,-15.198962,16.582107,-16.357064,-13.325606,20.379589,0.200000,
-24.155743,-15.173678,16.613509,-26.052652,-16.285824,26.544994,-24.293670,-15.066974,16.737104,-16.385508,-13.324830,20.375315,0.200000,
-24.155743,-15.173678,16.613509,-26.218786,-16.301635,26.661021,-24.091579,-15.171139,16.624289,-16.413844,-13.324074,20.371035,0.200000,
-24.155743,-15.173678,16.613509,-26.381244,-16.315900,26.776557,-24.321232,-15.144427,16.632602,-16.442073,-13.323337,20.366750,0.200000,
-24.155743,-15.173678,16.613509,-26.539875,-16.328641,26.891523,-24.090964,-15.197721,16.589451,-16.470196,-13.322619,20.362459,0.200000,
-24.155743,-15.173678,16.613509,-26.694534,-16.339885,27.005839,-24.315365,-15.123788,16.660271,-16.498212,-13.321921,20.358162,0.200000,
-24.155743,-15.173678,16.613509,-26.845085,-16.349665,27.119426,-24.088666,-15.191858,16.597417,-16.526123,-13.321241,20.353861,0.200000,
-24.155743,-15.173678,16.613509,-26.991404,-16.358019,27.232205,-24.316710,-15.128052,16.654539,-16.553928,-13.320580,20.349553,0.200000,
-24.155743,-15.173678,16.613509,-27.133378,-16.364989,27.344099,-24.089031,-15.193109,16.595732,-16.581629,-13.319938,20.345241,0.200000,
-24.155743,-15.173678,16.613509,-27.270911,-16.370626,27.455034,-24.316438,-15.127172,16.655721,-16.609224,-13.319315,20.340923,0.200000,
-24.155743,-15.173678,16.613509,-27.403920,-16.374982,27.564938,-24.088951,-15.192852,16.596078,-16.636716,-13.318710,20.336601,0.200000,
-24.155743,-15.173678,16.613509,-27.532341,-16.378116,27.673746,-24.316494,-15.127353,16.655478,-16.664104,-13.318124,20.332273,0.200000,
-24.155743,-15.173678,16.613509,-27.656125,-16.380089,27.781396,-24.088967,-15.192905,16.596007,-16.691389,-13.317556,20.327941,0.200000,
-24.155743,-15.173678,16.613509,-27.775243,-16.380966,27.887833,-24.316482,-15.127316,16.655528,-16.718570,-13.317006,20.323603,0.200000,
-24.155743,-15.173678,16.613509,-27.889686,-16.380816,27.993009,-24.088964,-15.192894,16.596021,-16.745649,-13.316475,20.319261,0.200000,
-24.155743,-15.173678,16.613509,-27.999461,-16.379709,28.096880,-24.316484,-15.127324,16.655517,-16.772626,-13.315961,20.314914,0.200000,
-24.155743,-15.173678,16.613509,-28.104593,-16.377715,28.199411,-24.088964,-15.192897,16.596018,-16.799502,-13.315466,20.310563,0.200000,
-24.155743,-15.173678,16.613509,-28.205125,-16.374907,28.300575,-24.316484,-15.127322,16.655519,-16.826275,-13.314988,20.306206,0.200000,
-24.155743,-15.173678,16.613509,-28.301116,-16.371356,28.400350,-24.088964,-15.192896,16.596019,-16.852948,-13.314528,20.301846,0.200000,
-24.155743,-15.173678,16.613509,-28.392639,-16.367135,28.498723,-24.316484,-15.127323,16.655519,-16.879520,-13.314086,20.297481,0.200000,
-24.155743,-15.173678,16.613509,-28.479782,-16.362312,28.595687,-24.088964,-15.192896,16.596018,-16.905992,-13.313662,20.293112,0.200000,
-24.155743,-15.173678,16.613509,-28.562643,-16.356957,28.691239,-24.316483,-15.127323,16.655519,-16.932364,-13.313255,20.288738,0.200000,
-24.155743,-15.173678,16.613509,-28.641330,-16.351135,28.785387,-24.088964,-15.192897,16.596018,-16.958637,-13.312865,20.284360,0.200000,
-24.155743,-15.173678,16.613509,-28.715962,-16.344910,28.878139,-24.316483,-15.127323,16.655519,-16.984811,-13.312493,20.279979,0.200000,
-24.155743,-15.173678,16.613509,-28.786662,-16.338342,28.969512,-24.088963,-15.192897,16.596018,-17.010886,-13.312137,20.275593,0.200000,
-24.155743,-15.173678,16.613509,-28.853561,-16.331489,29.059526,-24.316483,-15.127323,16.655519,-17.036862,-13.311799,20.271203,0.200000,
-24.155743,-15.173678,16.613509,-28.916792,-16.324405,29.148203,-24.088963,-15.192897,16.596018,-17.062741,-13.311478,20.266809,0.200000,
-24.155743,-15.173678,16.613509,-28.976493,-16.317142,29.235571,-24.316483,-15.127323,16.655519,-17.088522,-13.311174,20.262412,0.200000,
-24.155743,-15.173678,16.613509,-29.032800,-16.309745,29.321660,-24.088963,-15.192897,16.596018,-17.114206,-13.310886,20.258010,0.200000,
-24.155743,-15.173678,16.613509,-29.085853,-16.302260,29.406501,-24.316483,-15.127323,16.655519,-17.139793,-13.310616,20.253605,0.200000,
-24.155743,-15.173678,16.613509,-29.135789,-16.294726,29.490127,-24.088963,-15.192897,16.596018,-17.165283,-13.310362,20.249197,0.200000,
-24.155743,-15.173678,16.613509,-29.182745,-16.287181,29.572573,-24.316483,-15.127323,16.655519,-17.190678,-13.310124,20.244784,0.200000,
-24.155743,-15.173678,16.613509,-29.226854,-16.279659,29.653874,-24.088963,-15.192897,16.596018,-17.215977,-13.309903,20.240369,0.200000,
-24.155743,-15.173678,16.613509,-29.268249,-16.272192,29.734068,-24.316482,-15.127323,16.655519,-17.241180,-13.309698,20.235950,0.200000,
-24.155743,-15.173678,16.613509,-29.307058,-16.264805,29.813190,-24.088962,-15.192897,16.596018,-17.266289,-13.309509,20.231527,0.200000,
-24.155743,-15.173678,16.613509,-29.343406,-16.257526,29.891277,-24.316482,-15.127323,16.655519,-17.291303,-13.309337,20.227101,0.200000,
-24.155743,-15.173678,16.613509,-29.377413,-16.250376,29.968364,-24.088962,-15.192897,16.596018,-17.316222,-13.309181,20.222672,0.200000,
-24.155743,-15.173678,16.613509,-29.409196,-16.243375,30.044488,-24.316482,-15.127323,16.655519,-17.341048,-13.309040,20.218240,0.200000,
-24.155743,-15.173678,16.613509,-29.438868,-16.236540,30.119684,-24.088962,-15.192897,16.596018,-17.365780,-13.308916,20.213805,0.200000,
-24.155743,-15.173678,16.613509,-29.466537,-16.229888,30.193985,-24.316482,-15.127323,16.655519,-17.390419,-13.308807,20.209367,0.200000,
-24.155743,-15.173678,16.613509,-29.492308,-16.223432,30.267426,-24.088962,-15.192897,16.596018,-17.414965,-13.308714,20.204925,0.200000,
-24.155743,-15.173678,16.613509,-29.516279,-16.217182,30.340039,-24.316482,-15.127323,16.655518,-17.439419,-13.308636,20.200481,0.200000,
-24.155743,-15.173678,16.613509,-29.538546,-16.211149,30.411855,-24.088962,-15.192897,16.596018,-17.463781,-13.308574,20.196034,0.200000,
-24.155743,-15.173678,16.613509,-29.559199,-16.205342,30.482905,-24.316481,-15.127323,16.655518,-17.488051,-13.308528,20.191585,0.200000,
-24.155743,-15.173678,16.613509,-29.578326,-16.199766,30.553219,-24.088961,-15.192897,16.596018,-17.512229,-13.308496,20.187132,0.200000,
-24.155743,-15.173678,16.613509,-29.596008,-16.194427,30.622825,-24.316481,-15.127323,16.655518,-17.536317,-13.308480,20.182677,0.200000,
-24.155743,-15.173678,16.613509,-29.612324,-16.189330,30.691749,-24.088961,-15.192897,16.596018,-17.560314,-13.308480,20.178219,0.200000,
-24.155743,-15.173678,16.613509,-29.627350,-16.184477,30.760019,-24.316481,-15.127323,16.655518,-17.584220,-13.308494,20.173759,0.200000,
-24.155743,-15.173678,16.613509,-29.641155,-16.179871,30.827658,-24.088961,-15.192897,16.596018,-17.608036,-13.308523,20.169296,0.200000,
-24.155743,-15.173678,16.613509,-29.653808,-16.175512,30.894692,-24.316481,-15.127323,16.655518,-17.631763,-13.308567,20.164831,0.200000,
-24.155743,-15.173678,16.613509,-29.665371,-16.171402,30.961143,-24.088961,-15.192897,16.596018,-17.655400,-13.308626,20.160363,0.200000,
-24.155743,-15.173678,16.613509,-29.675907,-16.167539,31.027032,-24.316481,-15.127323,16.655518,-17.678949,-13.308700,20.155894,0.200000,
-24.155743,-15.173678,16.613509,-29.685471,-16.163923,31.092381,-24.088961,-15.192897,16.596018,-17.702409,-13.308788,20.151421,0.200000,
-24.155743,-15.173678,16.613509,-29.694119,-16.160552,31.157209,-24.316480,-15.127324,16.655518,-17.725780,-13.308891,20.146947,0.200000,
-24.155743,-15.173678,16.613509,-29.701902,-16.157424,31.221536,-24.088961,-15.192897,16.596018,-17.749064,-13.309008,20.142471,0.200000,
-24.155743,-15.173678,16.613509,-29.708868,-16.154537,31.285378,-24.316480,-15.127324,16.655518,-17.772260,-13.309140,20.137992,0.200000,
-24.155743,-15.173678,16.613509,-29.715065,-16.151886,31.348755,-24.088960,-15.192897,16.596018,-17.795368,-13.309286,20.133512,0.200000,
-24.155743,-15.173678,16.613509,-29.720534,-16.149470,31.411681,-24.316480,-15.127324,16.655518,-17.818390,-13.309446,20.129029,0.200000,
-24.155743,-15.173678,16.613509,-29.725319,-16.147285,31.474171,-24.088960,-15.192898,16.596018,-17.841325,-13.309620,20.124545,0.200000,
-24.155743,-15.173678,16.613509,-29.729457,-16.145325,31.536242,-24.316480,-15.127324,16.655518,-17.864174,-13.309808,20.120059,0.200000,
-24.155743,-15.173678,16.613509,-29.732986,-16.143588,31.597906,-24.088960,-15.192898,16.596018,-17.886937,-13.310010,20.115571,0.200000,
-24.155743,-15.173678,16.613509,-29.735940,-16.142070,31.659177,-24.316480,-15.127324,16.655518,-17.909614,-13.310227,20.111081,0.200000,
-24.155743,-15.173678,16.613509,-29.738353,-16.140764,31.720068,-24.088960,-15.192898,16.596017,-17.932206,-13.310456,20.106590,0.200000,
-24.155743,-15.173678,16.613509,-29.740255,-16.139668,31.780590,-24.316480,-15.127324,16.655518,-17.954713,-13.310700,20.102097,0.200000,
-24.155743,-15.173678,16.613509,-29.741676,-16.138776,31.840754,-24.088960,-15.192898,16.596017,-17.977135,-13.310957,20.097602,0.200000,
-24.155743,-15.173678,16.613509,-29.742644,-16.138083,31.900572,-24.316479,-15.127324,16.655518,-17.999473,-13.311228,20.093106,0.200000,
-24.155743,-15.173678,16.613509,-29.743185,-16.137585,31.960053,-24.088959,-15.192898,16.596017,-18.021727,-13.311512,20.088609,0.200000,
-24.155743,-15.173678,16.613509,-29.743323,-16.137276,32.019207,-24.316479,-15.127324,16.655518,-18.043897,-13.311810,20.084110,0.200000,
-24.155743,-15.173678,16.613509,-29.743083,-16.137152,32.078043,-24.088959,-15.192898,16.596017,-18.065984,-13.312121,20.079609,0.200000,
-24.155743,-15.173678,16.613509,-29.742486,-16.137209,32.136570,-24.316479,-15.127324,16.655518,-18.087988,-13.312445,20.075108,0.200000,
-24.155743,-15.173678,16.613509,-29.741553,-16.137440,32.194796,-24.088959,-15.192898,16.596017,-18.109909,-13.312782,20.070605,0.200000,
-24.155743,-15.173678,16.613509,-29.740304,-16.137841,32.252728,-24.316479,-15.127324,16.655518,-18.131748,-13.313132,20.066101,0.200000,
-24.155743,-15.173678,16.613509,-29.738757,-16.138407,32.310375,-24.088959,-15.192898,16.596017,-18.153505,-13.313495,20.061595,0.200000,
-24.155743,-15.173678,16.613509,-29.736931,-16.139134,32.367742,-24.316479,-15.127324,16.655518,-18.175180,-13.313872,20.057089,0.200000,
-24.155743,-15.173678,16.613509,-29.734841,-16.140016,32.424836,-24.088959,-15.192898,16.596017,-18.196773,-13.314261,20.052581,0.200000,
-24.155743,-15.173678,16.613509,-29.732504,-16.141050,32.481665,-24.316478,-15.127324,16.655518,-18.218286,-13.314662,20.048073,0.200000,
-24.155743,-15.173678,16.613509,-29.729934,-16.142230,32.538233,-24.088958,-15.192898,16.596017,-18.239717,-13.315077,20.043563,0.200000,
-24.155743,-15.173678,16.613509,-29.727145,-16.143551,32.594546,-24.316478,-15.127324,16.655518,-18.261068,-13.315504,20.039053,0.200000,
-24.155743,-15.173678,16.613509,-29.724150,-16.145011,32.650610,-24.088958,-15.192898,16.596017,-18.282339,-13.315943,20.034542,0.200000,
-24.155743,-15.173678,16.613509,-29.720962,-16.146603,32.706430,-24.316478,-15.127324,16.655518,-18.303530,-13.316395,20.030030,0.200000,
-24.155743,-15.173678,16.613509,-29.717592,-16.148324,32.762010,-24.088958,-15.192898,16.596017,-18.324641,-13.316859,20.025517,0.200000,
-24.155743,-15.173678,16.613509,-29.714052,-16.150169,32.817354,-24.316478,-15.127324,16.655517,-18.345673,-13.317336,20.021004,0.200000,
-24.155743,-15.173678,16.613509,-29.710353,-16.152135,32.872468,-24.088958,-15.192898,16.596017,-18.366626,-13.317824,20.016489,0.200000,
-24.155743,-15.173678,16.613509,-29.706503,-16.154217,32.927355,-24.316478,-15.127324,16.655517,-18.387501,-13.318325,20.011975,0.200000,
-24.155743,-15.173678,16.613509,-29.702513,-16.156412,32.982020,-24.088958,-15.192898,16.596017,-18.408296,-13.318838,20.007459,0.200000,
-24.155743,-15.173678,16.613509,-29.698391,-16.158715,33.036465,-24.316477,-15.127324,16.655517,-18.429014,-13.319363,20.002943,0.200000,
-24.155743,-15.173678,16.613509,-29.694145,-16.161123,33.090694,-24.088958,-15.192898,16.596017,-18.449654,-13.319900,19.998427,0.200000,
-24.155743,-15.173678,16.613509,-29.689784,-16.163632,33.144711,-24.316477,-15.127324,16.655517,-18.470217,-13.320448,19.993910,0.200000,
-24.155743,-15.173678,16.613509,-29.685315,-16.166239,33.198518,-24.088957,-15.192898,16.596017,-18.490702,-13.321008,19.989393,0.200000,
-24.155743,-15.173678,16.613509,-29.680745,-16.168941,33.252119,-24.316477,-15.127325,16.655517,-18.511111,-13.321580,19.984875,0.200000,
-24.155743,-15.173678,16.613509,-29.676080,-16.171733,33.305516,-24.088957,-15.192898,16.596017,-18.531443,-13.322164,19.980357,0.200000,
-24.155743,-15.173678,16.613509,-29.671327,-16.174613,33.358712,-24.316477,-15.127325,16.655517,-18.551698,-13.322759,19.975839,0.200000,
-24.155743,-15.173678,16.613509,-29.666491,-16.177578,33.411711,-24.088957,-15.192898,16.596017,-18.571878,-13.323366,19.971320,0.200000,
-24.155743,-15.173678,16.613509,-29.661579,-16.180624,33.464513,-24.316477,-15.127325,16.655517,-18.591981,-13.323984,19.966802,0.200000,
-24.155743,-15.173678,16.613509,-29.656595,-16.183748,33.517121,-24.088957,-15.192898,16.596017,-18.612010,-13.324613,19.962283,0.200000,
-24.155743,-15.173678,16.613509,-29.651545,-16.186948,33.569538,-24.316477,-15.127325,16.655517,-18.631963,-13.325253,19.957764,0.200000,
-24.155743,-15.173678,16.613509,-29.646433,-16.190221,33.621766,-24.088957,-15.192899,16.596017,-18.651841,-13.325905,19.953245,0.200000,
-24.155743,-15.173678,16.613509,-29.641263,-16.193564,33.673806,-24.316476,-15.127325,16.655517,-18.671645,-13.326568,19.948726,0.200000,
-24.155743,-15.173678,16.613509,-29.636041,-16.196974,33.725661,-24.088956,-15.192899,16.596017,-18.691375,-13.327242,19.944207,0.200000,
-24.155743,-15.173678,16.613509,-29.630769,-16.200449,33.777332,-24.316476,-15.127325,16.655517,-18.711030,-13.327926,19.939688,0.200000,
-24.155743,-15.173678,16.613509,-29.625451,-16.203987,33.828821,-24.088956,-15.192899,16.596017,-18.730612,-13.328622,19.935170,0.200000,
-24.155743,-15.173678,16.613509,-29.620092,-16.207584,33.880129,-24.316476,-15.127325,16.655517,-18.750120,-13.329329,19.930651,0.200000,
-24.155743,-15.173678,16.613509,-29.614694,-16.211240,33.931259,-24.088956,-15.192899,16.596016,-18.769556,-13.330046,19.926133,0.200000,
-24.155743,-15.173678,16.613509,-29.609260,-16.214951,33.982212,-24.316476,-15.127325,16.655517,-18.788918,-13.330774,19.921615,0.200000,
-24.155743,-15.173678,16.613509,-29.603794,-16.218715,34.032988,-24.088956,-15.192899,16.596016,-18.808208,-13.331512,19.917097,0.200000,
-24.155743,-15.173678,16.613509,-29.598298,-16.222531,34.083590,-24.316476,-15.127325,16.655517,-18.827425,-13.332261,19.912579,0.200000,
-24.155743,-15.173678,16.613509,-29.592775,-16.226396,34.134019,-24.088956,-15.192899,16.596016,-18.846570,-13.333021,19.908062,0.200000,
-24.155743,-15.173678,16.613509,-29.587227,-16.230308,34.184276,-24.316475,-15.127325,16.655517,-18.865644,-13.333790,19.903545,0.200000,
-24.155743,-15.173678,16.613509,-29.581657,-16.234266,34.234362,-24.088955,-15.192899,16.596016,-18.884646,-13.334571,19.899029,0.200000,
-24.155743,-15.173678,16.613509,-29.576067,-16.238267,34.284278,-24.316475,-15.127325,16.655517,-18.903577,-13.335361,19.894513,0.200000,
-24.155743,-15.173678,16.613509,-29.570460,-16.242311,34.334026,-24.088955,-15.192899,16.596016,-18.922437,-13.336162,19.889998,0.200000,
-24.155743,-15.173678,16.613509,-29.564836,-16.246394,34.383606,-24.316475,-15.127325,16.655517,-18.941226,-13.336973,19.885483,0.200000,
-24.155743,-15.173678,16.613509,-29.559199,-16.250516,34.433020,-24.088955,-15.192899,16.596016,-18.959945,-13.337793,19.880968,0.200000,
-24.155743,-15.173678,16.613509,-29.553549,-16.254675,34.482268,-24.316475,-15.127325,16.655517,-18.978594,-13.338624,19.876455,0.200000,
-24.155743,-15.173678,16.613509,-29.547888,-16.258870,34.531352,-24.088955,-15.192899,16.596016,-18.997173,-13.339465,19.871942,0.200000,
-24.155743,-15.173678,16.613509,-29.542219,-16.263098,34.580271,-24.316475,-15.127325,16.655517,-19.015682,-13.340316,19.867429,0.200000,
-24.155743,-15.173678,16.613509,-29.536542,-16.267360,34.629028,-24.088955,-15.192899,16.596016,-19.034122,-13.341176,19.862918,0.200000,
-24.155743,-15.173678,16.613509,-29.530859,-16.271652,34.677623,-24.316474,-15.127325,16.655517,-19.052493,-13.342046,19.858407,0.200000,
-24.155743,-15.173678,16.613509,-29.525171,-16.275974,34.726057,-24.088954,-15.192899,16.596016,-19.070795,-13.342926,19.853897,0.200000,
-24.155743,-15.173678,16.613509,-29.519480,-16.280325,34.774330,-24.316474,-15.127325,16.655517,-19.089029,-13.343816,19.849388,0.200000,
-24.155743,-15.173678,16.613509,-29.513787,-16.284704,34.822443,-24.088954,-15.192899,16.596016,-19.107194,-13.344715,19.844880,0.200000,
-24.155743,-15.173678,16.613509,-29.508092,-16.289109,34.870397,-24.316474,-15.127325,16.655516,-19.125292,-13.345623,19.840372,0.200000,
-24.155743,-15.173678,16.613509,-29.502397,-16.293539,34.918193,-24.088954,-15.192899,16.596016,-19.143321,-13.346541,19.835866,0.200000,
-24.155743,-15.173678,16.613509,-29.496704,-16.297992,34.965832,-24.316474,-15.127325,16.655516,-19.161283,-13.347468,19.831360,0.200000,
-24.155743,-15.173678,16.613509,-29.491011,-16.302469,35.013313,-24.088954,-15.192899,16.596016,-19.179178,-13.348405,19.826856,0.200000,
-24.155743,-15.173678,16.613509,-29.485322,-16.306968,35.060638,-24.316474,-15.127326,16.655516,-19.197006,-13.349351,19.822353,0.200000,
-24.155743,-15.173678,16.613509,-29.479636,-16.311488,35.107807,-24.088954,-15.192899,16.596016,-19.214767,-13.350305,19.817850,0.200000,
-24.155743,-15.173678,16.613509,-29.473955,-16.316028,35.154821,-24.316474,-15.127326,16.655516,-19.232462,-13.351269,19.813349,0.200000,
-24.155743,-15.173678,16.613509,-29.468278,-16.320587,35.201681,-24.088954,-15.192899,16.596016,-19.250090,-13.352242,19.808849,0.200000,
-24.155743,-15.173678,16.613509,-29.462608,-16.325164,35.248386,-24.316473,-15.127326,16.655516,-19.267653,-13.353224,19.804350,0.200000,
-24.155743,-15.173678,16.613509,-29.456944,-16.329759,35.294939,-24.088953,-15.192899,16.596016,-19.285150,-13.354215,19.799852,0.200000,
-24.155743,-15.173678,16.613509,-29.451287,-16.334370,35.341338,-24.316473,-15.127326,16.655516,-19.302581,-13.355215,19.795356,0.200000,
-24.155743,-15.173678,16.613509,-29.445637,-16.338997,35.387585,-24.088953,-15.192900,16.596016,-19.319947,-13.356224,19.790861,0.200000,
-24.155743,-15.173678,16.613509,-29.439996,-16.343639,35.433679,-24.316473,-15.127326,16.655516,-19.337249,-13.357241,19.786367,0.200000,
-24.155743,-15.173678,16.613509,-29.434364,-16.348295,35.479623,-24.088953,-15.192900,16.596016,-19.354485,-13.358267,19.781875,0.200000,
-24.155743,-15.173678,16.613509,-29.428741,-16.352965,35.525416,-24.316473,-15.127326,16.655516,-19.371657,-13.359302,19.777383,0.200000,
-24.155743,-15.173678,16.613509,-29.423127,-16.357648,35.571058,-24.088953,-15.192900,16.596016,-19.388765,-13.360345,19.772894,0.200000,
-24.155743,-15.173678,16.613509,-29.417524,-16.362343,35.616550,-24.316473,-15.127326,16.655516,-19.405809,-13.361396,19.768406,0.200000,
-24.155743,-15.173678,16.613509,-29.411931,-16.367049,35.661893,-24.088953,-15.192900,16.596016,-19.422789,-13.362456,19.763919,0.200000,
-24.155743,-15.173678,16.613509,-29.406350,-16.371767,35.707087,-24.316472,-15.127326,16.655516,-19.439706,-13.363525,19.759433,0.200000,
-24.155743,-15.173678,16.613509,-29.400779,-16.376495,35.752132,-24.088952,-15.192900,16.596016,-19.456559,-13.364601,19.754950,0.200000,
-24.155743,-15.173678,16.613509,-29.395220,-16.381233,35.797029,-24.316472,-15.127326,16.655516,-19.473350,-13.365686,19.750467,0.200000,
-24.155743,-15.173678,16.613509,-29.389674,-16.385980,35.841779,-24.088952,-15.192900,16.596016,-19.490078,-13.366780,19.745987,0.200000,
-24.155743,-15.173678,16.613509,-29.384139,-16.390736,35.886381,-24.316472,-15.127326,16.655516,-19.506743,-13.367881,19.741508,0.200000,
-24.155743,-15.173678,16.613509,-29.378617,-16.395500,35.930836,-24.088952,-15.192900,16.596015,-19.523346,-13.368990,19.737030,0.200000,
-24.155743,-15.173678,16.613509,-29.373108,-16.400272,35.975145,-24.316472,-15.127326,16.655516,-19.539887,-13.370108,19.732555,0.200000,
-24.155743,-15.173678,16.613509,-29.367612,-16.405051,36.019308,-24.088952,-15.192900,16.596015,-19.556366,-13.371233,19.728081,0.200000,
-24.155743,-15.173678,16.613509,-29.362130,-16.409837,36.063325,-24.316472,-15.127326,16.655516,-19.572784,-13.372366,19.723608,0.200000,
-24.155743,-15.173678,16.613509,-29.356661,-16.414629,36.107197,-24.088952,-15.192900,16.596015,-19.589140,-13.373508,19.719138,0.200000,
-24.155743,-15.173678,16.613509,-29.351205,-16.419428,36.150924,-24.316471,-15.127326,16.655516,-19.605435,-13.374657,19.714669,0.200000,
-24.155743,-15.173678,16.613509,-29.345764,-16.424231,36.194507,-24.088951,-15.192900,16.596015,-19.621670,-13.375813,19.710202,0.200000,
-24.155743,-15.173678,16.613509,-29.340337,-16.429040,36.237946,-24.316471,-15.127326,16.655516,-19.637843,-13.376978,19.705737,0.200000,
-24.155743,-15.173678,16.613509,-29.334924,-16.433854,36.281241,-24.088951,-15.192900,16.596015,-19.653957,-13.378150,19.701274,0.200000,
-24.155743,-15.173678,16.613509,-29.329525,-16.438672,36.324392,-24.316471,-15.127326,16.655516,-19.670010,-13.379329,19.696813,0.200000,
-24.155743,-15.173678,16.613509,-29.324141,-16.443494,36.367401,-24.088951,-15.192900,16.596015,-19.686003,-13.380516,19.692354,0.200000,
-24.155743,-15.173678,16.613509,-29.318772,-16.448320,36.410267,-24.316471,-15.127326,16.655516,-19.701937,-13.381711,19.687896,0.200000,
-24.155743,-15.173678,16.613509,-29.313418,-16.453149,36.452991,-24.088951,-15.192900,16.596015,-19.717811,-13.382913,19.683441,0.200000,
-24.155743,-15.173678,16.613509,-29.308079,-16.457981,36.495573,-24.316471,-15.127326,16.655516,-19.733626,-13.384122,19.678988,0.200000,
-24.155743,-15.173678,16.613509,-29.302755,-16.462816,36.538014,-24.088951,-15.192900,16.596015,-19.749381,-13.385339,19.674536,0.200000,
-24.155743,-15.173678,16.613509,-29.297446,-16.467653,36.580313,-24.316471,-15.127326,16.655516,-19.765078,-13.386563,19.670087,0.200000,
-24.155743,-15.173678,16.613509,-29.292152,-16.472492,36.622472,-24.088951,-15.192900,16.596015,-19.780717,-13.387794,19.665640,0.200000,
-24.155743,-15.173678,16.613509,-29.286874,-16.477333,36.664491,-24.316470,-15.127326,16.655516,-19.796297,-13.389032,19.661195,0.200000,
-24.155743,-15.173678,16.613509,-29.281611,-16.482176,36.706369,-24.088950,-15.192900,16.596015,-19.811819,-13.390277,19.656752,0.200000,
-24.155743,-15.173678,16.613509,-29.276364,-16.487019,36.748108,-24.316470,-15.127327,16.655515,-19.827283,-13.391529,19.652311,0.200000,
-24.155743,-15.173678,16.613509,-29.271132,-16.491864,36.789707,-24.088950,-15.192900,16.596015,-19.842690,-13.392789,19.647873,0.200000,
-24.155743,-15.173678,16.613509,-29.265917,-16.496709,36.831168,-24.316470,-15.127327,16.655515,-19.858039,-13.394055,19.643436,0.200000,
-24.155743,-15.173678,16.613509,-29.260716,-16.501555,36.872490,-24.088950,-15.192900,16.596015,-19.873331,-13.395328,19.639002,0.200000,
-24.155743,-15.173678,16.613509,-29.255532,-16.506402,36.913673,-24.316470,-15.127327,16.655515,-19.888565,-13.396608,19.634570,0.200000,
-24.155743,-15.173678,16.613509,-29.250363,-16.511248,36.954719,-24.088950,-15.192900,16.596015,-19.903743,-13.397895,19.630141,0.200000,
-24.155743,-15.173678,16.613509,-29.245211,-16.516094,36.995627,-24.316470,-15.127327,16.655515,-19.918865,-13.399188,19.625713,0.200000,
-24.155743,-15.173678,16.613509,-29.240074,-16.520939,37.036398,-24.088950,-15.192901,16.596015,-19.933930,-13.400488,19.621289,0.200000,
-24.155743,-15.173678,16.613509,-29.234953,-16.525784,37.077032,-24.316469,-15.127327,16.655515,-19.948939,-13.401795,19.616866,0.200000,
-24.155743,-15.173678,16.613509,-29.229848,-16.530628,37.117530,-24.088949,-15.192901,16.596015,-19.963892,-13.403109,19.612446,0.200000,
-24.155743,-15.173678,16.613509,-29.224759,-16.535471,37.157891,-24.316469,-15.127327,16.655515,-19.978789,-13.404428,19.608028,0.200000,
-24.155743,-15.173678,16.613509,-29.219687,-16.540313,37.198116,-24.088949,-15.192901,16.596015,-19.993630,-13.405755,19.603613,0.200000,
-24.155743,-15.173678,16.613509,-29.214630,-16.545154,37.238206,-24.316469,-15.127327,16.655515,-20.008417,-13.407087,19.599200,0.200000,
-24.155743,-15.173678,16.613509,-29.209589,-16.549993,37.278161,-24.088949,-15.192901,16.596015,-20.023148,-13.408427,19.594790,0.200000,
-24.155743,-15.173678,16.613509,-29.204564,-16.554830,37.317981,-24.316469,-15.127327,16.655515,-20.037825,-13.409772,19.590382,0.200000,
-24.155743,-15.173678,16.613509,-29.199556,-16.559665,37.357667,-24.088949,-15.192901,16.596015,-20.052447,-13.411124,19.585976,0.200000,
-24.155743,-15.173678,16.613509,-29.194563,-16.564498,37.397218,-24.316469,-15.127327,16.655515,-20.067014,-13.412482,19.581574,0.200000,
-24.155743,-15.173678,16.613509,-29.189587,-16.569329,37.436635,-24.088949,-15.192901,16.596015,-20.081527,-13.413846,19.577173,0.200000,
-24.155743,-15.173678,16.613509,-29.184626,-16.574157,37.475919,-24.316468,-15.127327,16.655515,-20.095986,-13.415216,19.572776,0.200000,
-24.155743,-15.173678,16.613509,-29.179682,-16.578983,37.515070,-24.088948,-15.192901,16.596015,-20.110391,-13.416592,19.568381,0.200000,
-24.155743,-15.173678,16.613509,-29.174754,-16.583806,37.554088,-24.316468,-15.127327,16.655515,-20.124743,-13.417975,19.563988,0.200000,
-24.155743,-15.173678,16.613509,-29.169842,-16.588626,37.592974,-24.088948,-15.192901,16.596014,-20.139041,-13.419363,19.559599,0.200000,
-24.155743,-15.173678,16.613509,-29.164945,-16.593443,37.631728,-24.316468,-15.127327,16.655515,-20.153286,-13.420757,19.555212,0.200000,
-24.155743,-15.173678,16.613509,-29.160065,-16.598257,37.670349,-24.088948,-15.192901,16.596014,-20.167478,-13.422157,19.550827,0.200000,
-24.155743,-15.173678,16.613509,-29.155201,-16.603068,37.708840,-24.316468,-15.127327,16.655515,-20.181617,-13.423563,19.546446,0.200000,
-24.155743,-15.173678,16.613509,-29.150353,-16.607875,37.747199,-24.088948,-15.192901,16.596014,-20.195704,-13.424975,19.542067,0.200000,
-24.155743,-15.173678,16.613509,-29.145522,-16.612679,37.785427,-24.316468,-15.127327,16.655515,-20.209738,-13.426393,19.537690,0.200000,
-24.155743,-15.173678,16.613509,-29.140706,-16.617479,37.823525,-24.088948,-15.192901,16.596014,-20.223720,-13.427816,19.533317,0.200000,
-24.155743,-15.173678,16.613509,-29.135906,-16.622276,37.861493,-24.316468,-15.127327,16.655515,-20.237650,-13.429245,19.528947,0.200000,
-24.155743,-15.173678,16.613509,-29.131122,-16.627068,37.899332,-24.088948,-15.192901,16.596014,-20.251528,-13.430680,19.524579,0.200000,
-24.155743,-15.173678,16.613509,-29.126353,-16.631856,37.937040,-24.316467,-15.127327,16.655515,-20.265355,-13.432120,19.520214,0.200000,
-24.155743,-15.173678,16.613509,-29.121601,-16.636641,37.974620,-24.088947,-15.192901,16.596014,-20.279130,-13.433565,19.515852,0.200000,
-24.155743,-15.173678,16.613509,-29.116865,-16.641421,38.012071,-24.316467,-15.127327,16.655515,-20.292853,-13.435016,19.511493,0.200000,
-24.155743,-15.173678,16.613509,-29.112145,-16.646196,38.049393,-24.088947,-15.192901,16.596014,-20.306526,-13.436473,19.507136,0.200000,
-24.155743,-15.173678,16.613509,-29.107440,-16.650967,38.086588,-24.316467,-15.127327,16.655515,-20.320148,-13.437935,19.502783,0.200000,
-24.155743,-15.173678,16.613509,-29.102751,-16.655734,38.123655,-24.088947,-15.192901,16.596014,-20.333720,-13.439402,19.498433,0.200000,
-24.155743,-15.173678,16.613509,-29.098078,-16.660496,38.160594,-24.316467,-15.127328,16.655515,-20.347241,-13.440875,19.494085,0.200000,
-24.155743,-15.173678,16.613509,-29.093421,-16.665253,38.197406,-24.088947,-15.192901,16.596014,-20.360711,-13.442353,19.489741,0.200000,
-24.155743,-15.173678,16.613509,-29.088780,-16.670005,38.234092,-24.316467,-15.127328,16.655515,-20.374132,-13.443836,19.485399,0.200000,
-24.155743,-15.173678,16.613509,-29.084154,-16.674753,38.270651,-24.088947,-15.192901,16.596014,-20.387503,-13.445324,19.481061,0.200000,
-24.155743,-15.173678,16.613509,-29.079544,-16.679495,38.307084,-24.316466,-15.127328,16.655514,-20.400824,-13.446817,19.476725,0.200000,
-24.155743,-15.173678,16.613509,-29.074950,-16.684232,38.343391,-24.088946,-15.192901,16.596014,-20.414096,-13.448316,19.472393,0.200000,
-24.155743,-15.173678,16.613509,-29.070371,-16.688964,38.379573,-24.316466,-15.127328,16.655514,-20.427318,-13.449819,19.468064,0.200000,
-24.155743,-15.173678,16.613509,-29.065808,-16.693691,38.415630,-24.088946,-15.192902,16.596014,-20.440491,-13.451327,19.463738,0.200000,
-24.155743,-15.173678,16.613509,-29.061260,-16.698412,38.451562,-24.316466,-15.127328,16.655514,-20.453615,-13.452841,19.459414,0.200000,
-24.155743,-15.173678,16.613509,-29.056728,-16.703128,38.487370,-24.088946,-15.192902,16.596014,-20.466691,-13.454359,19.455094,0.200000,
-24.155743,-15.173678,16.613509,-29.052211,-16.707838,38.523054,-24.316466,-15.127328,16.655514,-20.479718,-13.455882,19.450778,0.200000,
-24.155743,-15.173678,16.613509,-29.047710,-16.712543,38.558614,-24.088946,-15.192902,16.596014,-20.492697,-13.457410,19.446464,0.200000,
-24.155743,-15.173678,16.613509,-29.043224,-16.717242,38.594051,-24.316466,-15.127328,16.655514,-20.505627,-13.458943,19.442153,0.200000,
-24.155743,-15.173678,16.613509,-29.038754,-16.721935,38.629364,-24.088946,-15.192902,16.596014,-20.518510,-13.460481,19.437846,0.200000,
-24.155743,-15.173678,16.613509,-29.034299,-16.726622,38.664555,-24.316465,-15.127328,16.655514,-20.531344,-13.462023,19.433542,0.200000,
-24.155743,-15.173678,16.613509,-29.029859,-16.731303,38.699624,-24.088945,-15.192902,16.596014,-20.544131,-13.463570,19.429241,0.200000,
-24.155743,-15.173678,16.613509,-29.025435,-16.735979,38.734571,-24.316465,-15.127328,16.655514,-20.556871,-13.465121,19.424943,0.200000,
-24.155743,-15.173678,16.613509,-29.021025,-16.740648,38.769396,-24.088945,-15.192902,16.596014,-20.569563,-13.466677,19.420649,0.200000,
-24.155743,-15.173678,16.613509,-29.016631,-16.745311,38.804099,-24.316465,-15.127328,16.655514,-20.582208,-13.468238,19.416358,0.200000,
-24.155743,-15.173678,16.613509,-29.012252,-16.749968,38.838682,-24.088945,-15.192902,16.596014,-20.594807,-13.469803,19.412070,0.200000,
-24.155743,-15.173678,16.613509,-29.007889,-16.754618,38.873144,-24.316465,-15.127328,16.655514,-20.607358,-13.471373,19.407785,0.200000,
-24.155743,-15.173678,16.613509,-29.003540,-16.759262,38.907485,-24.088945,-15.192902,16.596014,-20.619864,-13.472947,19.403504,0.200000,
-24.155743,-15.173678,16.613509,-28.999206,-16.763900,38.941707,-24.316465,-15.127328,16.655514,-20.632322,-13.474525,19.399226,0.200000,
-24.155743,-15.173678,16.613509,-28.994887,-16.768531,38.975809,-24.088945,-15.192902,16.596014,-20.644735,-13.476108,19.394951,0.200000,
-24.155743,-15.173678,16.613509,-28.990584,-16.773156,39.009792,-24.316465,-15.127328,16.655514,-20.657101,-13.477695,19.390680,0.200000,
-24.155743,-15.173678,16.613509,-28.986295,-16.777774,39.043655,-24.088945,-15.192902,16.596013,-20.669422,-13.479286,19.386412,0.200000,
-24.155743,-15.173678,16.613509,-28.982021,-16.782386,39.077400,-24.316464,-15.127328,16.655514,-20.681697,-13.480881,19.382148,0.200000,
-24.155743,-15.173678,16.613509,-28.977762,-16.786991,39.111027,-24.088944,-15.192902,16.596013,-20.693926,-13.482481,19.377887,0.200000,
-24.155743,-15.173678,16.613509,-28.973518,-16.791589,39.144535,-24.316464,-15.127328,16.655514,-20.706110,-13.484085,19.373629,0.200000,
-24.155743,-15.173678,16.613509,-28.969288,-16.796180,39.177926,-24.088944,-15.192902,16.596013,-20.718249,-13.485693,19.369375,0.200000,
-24.155743,-15.173678,16.613509,-28.965073,-16.800764,39.211200,-24.316464,-15.127328,16.655514,-20.730343,-13.487305,19.365125,0.200000,
-24.155743,-15.173678,16.613509,-28.960873,-16.805342,39.244357,-24.088944,-15.192902,16.596013,-20.742393,-13.488921,19.360877,0.200000,
-24.155743,-15.173678,16.613509,-28.956688,-16.809912,39.277397,-24.316464,-15.127328,16.655514,-20.754397,-13.490541,19.356634,0.200000,
-24.155743,-15.173678,16.613509,-28.952517,-16.814475,39.310320,-24.088944,-15.192902,16.596013,-20.766357,-13.492165,19.352394,0.200000,
-24.155743,-15.173678,16.613509,-28.948361,-16.819032,39.343128,-24.316464,-15.127328,16.655514,-20.778273,-13.493793,19.348157,0.200000,
-24.155743,-15.173678,16.613509,-28.944219,-16.823581,39.375820,-24.088944,-15.192902,16.596013,-20.790145,-13.495425,19.343924,0.200000,
-24.155743,-15.173678,16.613509,-28.940092,-16.828123,39.408397,-24.316463,-15.127328,16.655514,-20.801973,-13.497060,19.339694,0.200000,
-24.155743,-15.173678,16.613509,-28.935979,-16.832657,39.440859,-24.088943,-15.192902,16.596013,-20.813757,-13.498700,19.335468,0.200000,
-24.155743,-15.173678,16.613509,-28.931880,-16.837185,39.473206,-24.316463,-15.127329,16.655514,-20.825497,-13.500343,19.331245,0.200000,
-24.155743,-15.173678,16.613509,-28.927796,-16.841705,39.505439,-24.088943,-15.192902,16.596013,-20.837194,-13.501990,19.327026,0.200000,
-24.155743,-15.173678,16.613509,-28.923727,-16.846218,39.537558,-24.316463,-15.127329,16.655514,-20.848848,-13.503640,19.322811,0.200000,
-24.155743,-15.173678,16.613509,-28.919671,-16.850723,39.569563,-24.088943,-15.192902,16.596013,-20.860458,-13.505295,19.318599,0.200000,
-24.155743,-15.173678,16.613509,-28.915630,-16.855221,39.601455,-24.316463,-15.127329,16.655514,-20.872026,-13.506953,19.314391,0.200000,
-24.155743,-15.173678,16.613509,-28.911603,-16.859711,39.633234,-24.088943,-15.192902,16.596013,-20.883550,-13.508614,19.310187,0.200000,
-24.155743,-15.173678,16.613509,-28.907590,-16.864194,39.664900,-24.316463,-15.127329,16.655514,-20.895032,-13.510279,19.305986,0.200000,
-24.155743,-15.173678,16.613509,-28.903591,-16.868669,39.696454,-24.088943,-15.192903,16.596013,-20.906472,-13.511948,19.301789,0.200000,
-24.155743,-15.173678,16.613509,-28.899606,-16.873136,39.727896,-24.316462,-15.127329,16.655513,-20.917869,-13.513620,19.297595,0.200000,
-24.155743,-15.173678,16.613509,-28.895635,-16.877596,39.759226,-24.088942,-15.192903,16.596013,-20.929224,-13.515295,19.293405,0.200000,
-24.155743,-15.173678,16.613509,-28.891679,-16.882048,39.790446,-24.316462,-15.127329,16.655513,-20.940538,-13.516974,19.289219,0.200000,
-24.155743,-15.173678,16.613509,-28.887736,-16.886493,39.821554,-24.088942,-15.192903,16.596013,-20.951809,-13.518657,19.285037,0.200000,
-24.155743,-15.173678,16.613509,-28.883807,-16.890929,39.852551,-24.316462,-15.127329,16.655513,-20.963039,-13.520342,19.280858,0.200000,
-24.155743,-15.173678,16.613509,-28.879892,-16.895358,39.883438,-24.088942,-15.192903,16.596013,-20.974227,-13.522031,19.276683,0.200000,
-24.155743,-15.173678,16.613509,-28.875991,-16.899779,39.914215,-24.316462,-15.127329,16.655513,-20.985374,-13.523724,19.272512,0.200000,
-24.155743,-15.173678,16.613509,-28.872103,-16.904192,39.944883,-24.088942,-15.192903,16.596013,-20.996479,-13.525419,19.268345,0.200000,
-24.155743,-15.173678,16.613509,-28.868230,-16.908597,39.975441,-24.316462,-15.127329,16.655513,-21.007544,-13.527118,19.264181,0.200000,
-24.155743,-15.173678,16.613509,-28.864369,-16.912994,40.005890,-24.088942,-15.192903,16.596013,-21.018567,-13.528820,19.260021,0.200000,
-24.155743,-15.173678,16.613509,-28.860523,-16.917383,40.036231,-24.316461,-15.127329,16.655513,-21.029550,-13.530525,19.255865,0.200000,
-24.155743,-15.173678,16.613509,-28.856690,-16.921764,40.066463,-24.088942,-15.192903,16.596013,-21.040493,-13.532233,19.251713,0.200000,
-24.155743,-15.173678,16.613509,-28.852871,-16.926137,40.096587,-24.316461,-15.127329,16.655513,-21.051395,-13.533944,19.247564,0.200000,
-24.155743,-15.173678,16.613509,-28.849065,-16.930502,40.126604,-24.088941,-15.192903,16.596013,-21.062256,-13.535658,19.243419,0.200000,
-24.155743,-15.173678,16.613509,-28.845273,-16.934859,40.156513,-24.316461,-15.127329,16.655513,-21.073078,-13.537376,19.239279,0.200000,
-24.155743,-15.173678,16.613509,-28.841494,-16.939207,40.186315,-24.088941,-15.192903,16.596013,-21.083860,-13.539096,19.235142,0.200000,
-24.155743,-15.173678,16.613509,-28.837729,-16.943548,40.216010,-24.316461,-15.127329,16.655513,-21.094602,-13.540819,19.231009,0.200000,
-24.155743,-15.173678,16.613509,-28.833977,-16.947880,40.245599,-24.088941,-15.192903,16.596013,-21.105304,-13.542545,19.226879,0.200000,
-24.155743,-15.173678,16.613509,-28.830238,-16.952204,40.275082,-24.316461,-15.127329,16.655513,-21.115966,-13.544274,19.222754,0.200000,
-24.155743,-15.173678,16.613509,-28.826513,-16.956519,40.304460,-24.088941,-15.192903,16.596013,-21.126590,-13.546006,19.218632,0.200000,
-24.155743,-15.173678,16.613509,-28.822801,-16.960827,40.333732,-24.316461,-15.127329,16.655513,-21.137174,-13.547741,19.214515,0.200000,
-24.155743,-15.173678,16.613509,-28.819102,-16.965126,40.362899,-24.088941,-15.192903,16.596012,-21.147719,-13.549478,19.210401,0.200000,
-24.155743,-15.173678,16.613509,-28.815416,-16.969416,40.391961,-24.316460,-15.127329,16.655513,-21.158225,-13.551219,19.206291,0.200000,
-24.155743,-15.173678,16.613509,-28.811743,-16.973698,40.420918,-24.088940,-15.192903,16.596012,-21.168693,-13.552962,19.202186,0.200000,
-24.155743,-15.173678,16.613509,-28.808083,-16.977972,40.449772,-24.316460,-15.127329,16.655513,-21.179121,-13.554707,19.198084,0.200000,
-24.155743,-15.173678,16.613509,-28.804437,-16.982237,40.478522,-24.088940,-15.192903,16.596012,-21.189512,-13.556456,19.193986,0.200000,
-24.155743,-15.173678,16.613509,-28.800803,-16.986494,40.507168,-24.316460,-15.127329,16.655513,-21.199864,-13.558206,19.189892,0.200000,
-24.155743,-15.173678,16.613509,-28.797182,-16.990743,40.535712,-24.088940,-15.192903,16.596012,-21.210178,-13.559960,19.185802,0.200000,
-24.155743,-15.173678,16.613509,-28.793575,-16.994982,40.564152,-24.316460,-15.127330,16.655513,-21.220453,-13.561716,19.181716,0.200000,
-24.155743,-15.173678,16.613509,-28.789980,-16.999214,40.592490,-24.088940,-15.192903,16.596012,-21.230691,-13.563475,19.177634,0.200000,
-24.155743,-15.173678,16.613509,-28.786398,-17.003436,40.620726,-24.316460,-15.127330,16.655513,-21.240892,-13.565236,19.173556,0.200000,
-24.155743,-15.173678,16.613509,-28.782828,-17.007651,40.648860,-24.088940,-15.192903,16.596012,-21.251054,-13.567000,19.169482,0.200000,
-24.155743,-15.173678,16.613509,-28.779272,-17.011856,40.676893,-24.316459,-15.127330,16.655513,-21.261179,-13.568766,19.165412,0.200000,
-24.155743,-15.173678,16.613509,-28.775728,-17.016053,40.704824,-24.088939,-15.192903,16.596012,-21.271267,-13.570534,19.161346,0.200000,
-24.155743,-15.173678,16.613509,-28.772197,-17.020241,40.732655,-24.316459,-15.127330,16.655513,-21.281318,-13.572305,19.157284,0.200000,
-24.155743,-15.173678,16.613509,-28.768678,-17.024421,40.760385,-24.088939,-15.192904,16.596012,-21.291332,-13.574079,19.153226,0.200000,
-24.155743,-15.173678,16.613509,-28.765172,-17.028592,40.788014,-24.316459,-15.127330,16.655513,-21.301308,-13.575854,19.149172,0.200000,
-24.155743,-15.173678,16.613509,-28.761679,-17.032754,40.815544,-24.088939,-15.192904,16.596012,-21.311249,-13.577632,19.145122,0.200000,
-24.155743,-15.173678,16.613509,-28.758198,-17.036907,40.842974,-24.316459,-15.127330,16.655513,-21.321152,-13.579413,19.141076,0.200000,
-24.155743,-15.173678,16.613509,-28.754729,-17.041052,40.870305,-24.088939,-15.192904,16.596012,-21.331019,-13.581195,19.137035,0.200000,
-24.155743,-15.173678,16.613509,-28.751273,-17.045188,40.897537,-24.316459,-15.127330,16.655512,-21.340850,-13.582980,19.132997,0.200000,
-24.155743,-15.173678,16.613509,-28.747829,-17.049315,40.924671,-24.088939,-15.192904,16.596012,-21.350644,-13.584767,19.128964,0.200000,
-24.155743,-15.173678,16.613509,-28.744398,-17.053433,40.951706,-24.316458,-15.127330,16.655512,-21.360403,-13.586556,19.124934,0.200000,
-24.155743,-15.173678,16.613509,-28.740979,-17.057543,40.978643,-24.088939,-15.192904,16.596012,-21.370125,-13.588347,19.120909,0.200000,
-24.155743,-15.173678,16.613509,-28.737572,-17.061643,41.005482,-24.316458,-15.127330,16.655512,-21.379812,-13.590140,19.116888,0.200000,
-24.155743,-15.173678,16.613509,-28.734177,-17.065735,41.032224,-24.088938,-15.192904,16.596012,-21.389463,-13.591936,19.112871,0.200000,
-24.155743,-15.173678,16.613509,-28.730795,-17.069818,41.058869,-24.316458,-15.127330,16.655512,-21.399078,-13.593733,19.108858,0.200000,
-24.155743,-15.173678,16.613509,-28.727425,-17.073892,41.085417,-24.088938,-15.192904,16.596012,-21.408659,-13.595533,19.104849,0.200000,
-24.155743,-15.173678,16.613509,-28.724066,-17.077957,41.111869,-24.316458,-15.127330,16.655512,-21.418204,-13.597334,19.100845,0.200000,
-24.155743,-15.173678,16.613509,-28.720720,-17.082013,41.138225,-24.088938,-15.192904,16.596012,-21.427714,-13.599138,19.096844,0.200000,
-24.155743,-15.173678,16.613509,-28.717386,-17.086061,41.164484,-24.316458,-15.127330,16.655512,-21.437188,-13.600943,19.092848,0.200000,
-24.155743,-15.173678,16.613509,-28.714064,-17.090099,41.190649,-24.088938,-15.192904,16.596012,-21.446628,-13.602751,19.088856,0.200000,
-24.155743,-15.173678,16.613509,-28.710754,-17.094129,41.216718,-24.316458,-15.127330,16.655512,-21.456034,-13.604560,19.084868,0.200000,
-24.155743,-15.173678,16.613509,-28.707456,-17.098149,41.242692,-24.088938,-15.192904,16.596012,-21.465405,-13.606371,19.080884,0.200000,
-24.155743,-15.173678,16.613509,-28.704169,-17.102160,41.268572,-24.316457,-15.127330,16.655512,-21.474741,-13.608184,19.076905,0.200000,
-24.155743,-15.173678,16.613509,-28.700895,-17.106163,41.294357,-24.088937,-15.192904,16.596012,-21.484043,-13.609999,19.072929,0.200000,
-24.155743,-15.173678,16.613509,-28.697632,-17.110156,41.320049,-24.316457,-15.127330,16.655512,-21.493311,-13.611815,19.068958,0.200000,
-24.155743,-15.173678,16.613509,-28.694381,-17.114141,41.345646,-24.088937,-15.192904,16.596012,-21.502545,-13.613634,19.064991,0.200000,
-24.155743,-15.173678,16.613509,-28.691142,-17.118116,41.371151,-24.316457,-15.127330,16.655512,-21.511745,-13.615454,19.061029,0.200000,
-24.155743,-15.173678,16.613509,-28.687914,-17.122083,41.396562,-24.088937,-15.192904,16.596012,-21.520911,-13.617275,19.057070,0.200000,
-24.155743,-15.173678,16.613509,-28.684698,-17.126040,41.421881,-24.316457,-15.127330,16.655512,-21.530043,-13.619099,19.053116,0.200000,
-24.155743,-15.173678,16.613509,-28.681493,-17.129988,41.447107,-24.088937,-15.192904,16.596011,-21.539142,-13.620924,19.049166,0.200000,
-24.155743,-15.173678,16.613509,-28.678301,-17.133927,41.472242,-24.316457,-15.127330,16.655512,-21.548208,-13.622751,19.045220,0.200000,
-24.155743,-15.173678,16.613509,-28.675119,-17.137858,41.497284,-24.088937,-15.192904,16.596011,-21.557240,-13.624579,19.041279,0.200000,
-24.155743,-15.173678,16.613509,-28.671949,-17.141779,41.522235,-24.316456,-15.127330,16.655512,-21.566239,-13.626409,19.037342,0.200000,
-24.155743,-15.173678,16.613509,-28.668791,-17.145691,41.547095,-24.088936,-15.192904,16.596011,-21.575205,-13.628241,19.033409,0.200000,
-24.155743,-15.173678,16.613509,-28.665644,-17.149593,41.571863,-24.316456,-15.127331,16.655512,-21.584138,-13.630074,19.029480,0.200000,
-24.155743,-15.173678,16.613509,-28.662508,-17.153487,41.596541,-24.088936,-15.192904,16.596011,-21.593038,-13.631908,19.025556,0.200000,
-24.155743,-15.173678,16.613509,-28.659384,-17.157372,41.621129,-24.316456,-15.127331,16.655512,-21.601906,-13.633744,19.021636,0.200000,
-24.155743,-15.173678,16.613509,-28.656271,-17.161247,41.645627,-24.088936,-15.192904,16.596011,-21.610741,-13.635582,19.017720,0.200000,
-24.155743,-15.173678,16.613509,-28.653169,-17.165114,41.670035,-24.316456,-15.127331,16.655512,-21.619544,-13.637421,19.013808,0.200000,
-24.155743,-15.173678,16.613509,-28.650078,-17.168971,41.694354,-24.088936,-15.192904,16.596011,-21.628314,-13.639261,19.009901,0.200000,
-24.155743,-15.173678,16.613509,-28.646999,-17.172819,41.718584,-24.316456,-15.127331,16.655512,-21.637053,-13.641103,19.005998,0.200000,
-24.155743,-15.173678,16.613509,-28.643931,-17.176658,41.742725,-24.088936,-15.192905,16.596011,-21.645759,-13.642946,19.002100,0.200000,
-24.155743,-15.173678,16.613509,-28.640873,-17.180488,41.766777,-24.316455,-15.127331,16.655512,-21.654433,-13.644790,18.998205,0.200000,
-24.155743,-15.173678,16.613509,-28.637827,-17.184308,41.790741,-24.088936,-15.192905,16.596011,-21.663076,-13.646636,18.994315,0.200000,
-24.155743,-15.173678,16.613509,-28.634792,-17.188120,41.814617,-24.316455,-15.127331,16.655512,-21.671687,-13.648483,18.990430,0.200000,
-24.155743,-15.173678,16.613509,-28.631768,-17.191922,41.838406,-24.088935,-15.192905,16.596011,-21.680266,-13.650332,18.986549,0.200000,
-24.155743,-15.173678,16.613509,-28.628755,-17.195715,41.862107,-24.316455,-15.127331,16.655512,-21.688814,-13.652181,18.982672,0.200000,
-24.155743,-15.173678,16.613509,-28.625753,-17.199499,41.885722,-24.088935,-15.192905,16.596011,-21.697330,-13.654032,18.978799,0.200000,
-24.155743,-15.173678,16.613509,-28.622762,-17.203274,41.909249,-24.316455,-15.127331,16.655511,-21.705816,-13.655884,18.974931,0.200000,
-24.155743,-15.173678,16.613509,-28.619781,-17.207040,41.932690,-24.088935,-15.192905,16.596011,-21.714270,-13.657737,18.971067,0.200000,
-24.155743,-15.173678,16.613509,-28.616811,-17.210796,41.956045,-24.316455,-15.127331,16.655511,-21.722693,-13.659592,18.967207,0.200000,
-24.155743,-15.173678,16.613509,-28.613852,-17.214543,41.979314,-24.088935,-15.192905,16.596011,-21.731086,-13.661447,18.963352,0.200000,
-24.155743,-15.173678,16.613509,-28.610904,-17.218281,42.002498,-24.316455,-15.127331,16.655511,-21.739447,-13.663304,18.959502,0.200000,
-24.155743,-15.173678,16.613509,-28.607967,-17.222010,42.025596,-24.088935,-15.192905,16.596011,-21.747778,-13.665162,18.955655,0.200000,
-24.155743,-15.173678,16.613509,-28.605040,-17.225730,42.048609,-24.316454,-15.127331,16.655511,-21.756079,-13.667021,18.951813,0.200000,
-24.155743,-15.173678,16.613509,-28.602124,-17.229440,42.071538,-24.088934,-15.192905,16.596011,-21.764349,-13.668880,18.947976,0.200000,
-24.155743,-15.173678,16.613509,-28.599218,-17.233141,42.094382,-24.316454,-15.127331,16.655511,-21.772589,-13.670741,18.944142,0.200000,
-24.155743,-15.173678,16.613509,-28.596323,-17.236833,42.117142,-24.088934,-15.192905,16.596011,-21.780799,-13.672603,18.940314,0.200000,
-24.155743,-15.173678,16.613509,-28.593439,-17.240516,42.139818,-24.316454,-15.127331,16.655511,-21.788979,-13.674466,18.936489,0.200000,
-24.155743,-15.173678,16.613509,-28.590564,-17.244190,42.162411,-24.088934,-15.192905,16.596011,-21.797129,-13.676330,18.932669,0.200000,
-24.155743,-15.173678,16.613509,-28.587701,-17.247854,42.184920,-24.316454,-15.127331,16.655511,-21.805249,-13.678195,18.928853,0.200000,
-24.155743,-15.173678,16.613509,-28.584848,-17.251509,42.207347,-24.088934,-15.192905,16.596011,-21.813339,-13.680060,18.925042,0.200000,
-24.155743,-15.173678,16.613509,-28.582005,-17.255155,42.229690,-24.316454,-15.127331,16.655511,-21.821400,-13.681927,18.921235,0.200000,
-24.155743,-15.173678,16.613509,-28.579172,-17.258792,42.251952,-24.088934,-15.192905,16.596011,-21.829431,-13.683795,18.917433,0.200000,
-24.155743,-15.173678,16.613509,-28.576350,-17.262419,42.274131,-24.316453,-15.127331,16.655511,-21.837433,-13.685663,18.913635,0.200000,
-24.155743,-15.173678,16.613509,-28.573538,-17.266038,42.296228,-24.088933,-15.192905,16.596011,-21.845406,-13.687532,18.909842,0.200000,
-24.155743,-15.173678,16.613509,-28.570737,-17.269647,42.318244,-24.316453,-15.127331,16.655511,-21.853349,-13.689402,18.906053,0.200000,
-24.155743,-15.173678,16.613509,-28.567945,-17.273247,42.340178,-24.088933,-15.192905,16.596011,-21.861264,-13.691273,18.902268,0.200000,
-24.155743,-15.173678,16.613509,-28.565164,-17.276837,42.362032,-24.316453,-15.127331,16.655511,-21.869149,-13.693144,18.898488,0.200000,
-24.155743,-15.173678,16.613509,-28.562393,-17.280419,42.383804,-24.088933,-15.192905,16.596010,-21.877006,-13.695017,18.894712,0.200000,
-24.155743,-15.173678,16.613509,-28.559632,-17.283991,42.405497,-24.316453,-15.127332,16.655511,-21.884834,-13.696890,18.890941,0.200000,
-24.155743,-15.173678,16.613509,-28.556880,-17.287555,42.427109,-24.088933,-15.192905,16.596010,-21.892634,-13.698764,18.887174,0.200000,
-24.155743,-15.173678,16.613509,-28.554139,-17.291108,42.448641,-24.316453,-15.127332,16.655511,-21.900405,-13.700638,18.883411,0.200000,
-24.155743,-15.173678,16.613509,-28.551408,-17.294653,42.470093,-24.088933,-15.192905,16.596010,-21.908147,-13.702513,18.879653,0.200000,
-24.155743,-15.173678,16.613509,-28.548687,-17.298189,42.491467,-24.316452,-15.127332,16.655511,-21.915862,-13.704389,18.875900,0.200000,
-24.155743,-15.173678,16.613509,-28.545976,-17.301715,42.512761,-24.088933,-15.192905,16.596010,-21.923548,-13.706266,18.872151,0.200000,
-24.155743,-15.173678,16.613509,-28.543275,-17.305232,42.533976,-24.316452,-15.127332,16.655511,-21.931206,-13.708143,18.868406,0.200000,
-24.155743,-15.173678,16.613509,-28.540584,-17.308740,42.555113,-24.088932,-15.192906,16.596010,-21.938836,-13.710020,18.864666,0.200000,
-24.155743,-15.173678,16.613509,-28.537902,-17.312239,42.576171,-24.316452,-15.127332,16.655511,-21.946439,-13.711899,18.860931,0.200000,
-24.155743,-15.173678,16.613509,-28.535230,-17.315729,42.597152,-24.088932,-15.192906,16.596010,-21.954013,-13.713777,18.857200,0.200000,
-24.155743,-15.173678,16.613509,-28.532568,-17.319209,42.618055,-24.316452,-15.127332,16.655511,-21.961560,-13.715657,18.853473,0.200000,
-24.155743,-15.173678,16.613509,-28.529916,-17.322681,42.638880,-24.088932,-15.192906,16.596010,-21.969080,-13.717537,18.849751,0.200000,
-24.155743,-15.173678,16.613509,-28.527273,-17.326143,42.659629,-24.316452,-15.127332,16.655511,-21.976572,-13.719417,18.846033,0.200000,
-24.155743,-15.173678,16.613509,-28.524640,-17.329596,42.680300,-24.088932,-15.192906,16.596010,-21.984036,-13.721298,18.842320,0.200000,
-24.155743,-15.173678,16.613509,-28.522017,-17.333040,42.700895,-24.316452,-15.127332,16.655511,-21.991474,-13.723179,18.838611,0.200000,
-24.155743,-15.173678,16.613509,-28.519403,-17.336475,42.721413,-24.088932,-15.192906,16.596010,-21.998884,-13.725061,18.834907,0.200000,
-24.155743,-15.173678,16.613509,-28.516799,-17.339900,42.741855,-24.316451,-15.127332,16.655511,-22.006268,-13.726943,18.831207,0.200000,
-24.155743,-15.173678,16.613509,-28.514204,-17.343317,42.762222,-24.088931,-15.192906,16.596010,-22.013624,-13.728826,18.827512,0.200000,
-24.155743,-15.173678,16.613509,-28.511619,-17.346724,42.782513,-24.316451,-15.127332,16.655511,-22.020954,-13.730709,18.823822,0.200000,
-24.155743,-15.173678,16.613509,-28.509043,-17.350122,42.802728,-24.088931,-15.192906,16.596010,-22.028257,-13.732592,18.820135,0.200000,
-24.155743,-15.173678,16.613509,-28.506477,-17.353511,42.822869,-24.316451,-15.127332,16.655510,-22.035533,-13.734476,18.816454,0.200000,
-24.155743,-15.173678,16.613509,-28.503920,-17.356892,42.842934,-24.088931,-15.192906,16.596010,-22.042783,-13.736360,18.812777,0.200000,
-24.155743,-15.173678,16.613509,-28.501373,-17.360262,42.862926,-24.316451,-15.127332,16.655510,-22.050006,-13.738245,18.809104,0.200000,
-24.155743,-15.173678,16.613509,-28.498834,-17.363624,42.882843,-24.088931,-15.192906,16.596010,-22.057203,-13.740129,18.805436,0.200000,
-24.155743,-15.173678,16.613509,-28.496305,-17.366977,42.902686,-24.316451,-15.127332,16.655510,-22.064374,-13.742014,18.801772,0.200000,
-24.155743,-15.173678,16.613509,-28.493786,-17.370321,42.922455,-24.088931,-15.192906,16.596010,-22.071519,-13.743900,18.798113,0.200000,
-24.155743,-15.173678,16.613509,-28.491275,-17.373655,42.942151,-24.316450,-15.127332,16.655510,-22.078638,-13.745785,18.794459,0.200000,
-24.155743,-15.173678,16.613509,-28.488774,-17.376981,42.961773,-24.088930,-15.192906,16.596010,-22.085731,-13.747671,18.790809,0.200000,
-24.155743,-15.173678,16.613509,-28.486282,-17.380297,42.981323,-24.316450,-15.127332,16.655510,-22.092798,-13.749557,18.787163,0.200000,
-24.155743,-15.173678,16.613509,-28.483799,-17.383605,43.000800,-24.088930,-15.192906,16.596010,-22.099839,-13.751443,18.783522,0.200000,
-24.155743,-15.173678,16.613509,-28.481325,-17.386903,43.020204,-24.316450,-15.127332,16.655510,-22.106855,-13.753330,18.779886,0.200000,
-24.155743,-15.173678,16.613509,-28.478860,-17.390192,43.039537,-24.088930,-15.192906,16.596010,-22.113845,-13.755216,18.776254,0.200000,
-24.155743,-15.173678,16.613509,-28.476404,-17.393473,43.058797,-24.316450,-15.127332,16.655510,-22.120810,-13.757103,18.772626,0.200000,
-24.155743,-15.173678,16.613509,-28.473957,-17.396744,43.077986,-24.088930,-15.192906,16.596010,-22.127749,-13.758990,18.769004,0.200000,
-24.155743,-15.173678,16.613509,-28.471520,-17.400006,43.097103,-24.316450,-15.127332,16.655510,-22.134663,-13.760877,18.765385,0.200000,
-24.155743,-15.173678,16.613509,-28.469091,-17.403259,43.116149,-24.088930,-15.192906,16.596010,-22.141552,-13.762764,18.761772,0.200000,
-24.155743,-15.173678,16.613509,-28.466671,-17.406504,43.135124,-24.316449,-15.127333,16.655510,-22.148417,-13.764651,18.758162,0.200000,
-24.155743,-15.173678,16.613509,-28.464260,-17.409739,43.154029,-24.088929,-15.192906,16.596010,-22.155256,-13.766538,18.754558,0.200000,
-24.155743,-15.173678,16.613509,-28.461857,-17.412965,43.172863,-24.316449,-15.127333,16.655510,-22.162070,-13.768425,18.750958,0.200000,
-24.155743,-15.173678,16.613509,-28.459464,-17.416183,43.191627,-24.088929,-15.192906,16.596010,-22.168859,-13.770313,18.747362,0.200000,
-24.155743,-15.173678,16.613509,-28.457079,-17.419391,43.210321,-24.316449,-15.127333,16.655510,-22.175624,-13.772200,18.743771,0.200000,
-24.155743,-15.173678,16.613509,-28.454703,-17.422591,43.228946,-24.088929,-15.192906,16.596009,-22.182364,-13.774087,18.740184,0.200000,
-24.155743,-15.173678,16.613509,-28.452336,-17.425781,43.247501,-24.316449,-15.127333,16.655510,-22.189080,-13.775975,18.736602,0.200000,
-24.155743,-15.173678,16.613509,-28.449978,-17.428963,43.265986,-24.088929,-15.192906,16.596009,-22.195772,-13.777862,18.733025,0.200000,
-24.155743,-15.173678,16.613509,-28.447628,-17.432135,43.284403,-24.316449,-15.127333,16.655510,-22.202439,-13.779749,18.729452,0.200000,
-24.155743,-15.173678,16.613509,-28.445287,-17.435299,43.302751,-24.088929,-15.192907,16.596009,-22.209081,-13.781636,18.725884,0.200000,
-24.155743,-15.173678,16.613509,-28.442954,-17.438454,43.321031,-24.316449,-15.127333,16.655510,-22.215700,-13.783523,18.722320,0.200000,
-24.155743,-15.173678,16.613509,-28.440630,-17.441600,43.339243,-24.088929,-15.192907,16.596009,-22.222295,-13.785411,18.718761,0.200000,
-24.155743,-15.173678,16.613509,-28.438315,-17.444737,43.357387,-24.316448,-15.127333,16.655510,-22.228866,-13.787297,18.715207,0.200000,
-24.155743,-15.173678,16.613509,-28.436008,-17.447866,43.375462,-24.088928,-15.192907,16.596009,-22.235413,-13.789184,18.711657,0.200000,
-24.155743,-15.173678,16.613509,-28.433709,-17.450985,43.393471,-24.316448,-15.127333,16.655510,-22.241936,-13.791071,18.708111,0.200000,
-24.155743,-15.173678,16.613509,-28.431419,-17.454095,43.411412,-24.088928,-15.192907,16.596009,-22.248435,-13.792958,18.704570,0.200000,
-24.155743,-15.173678,16.613509,-28.429138,-17.457197,43.429287,-24.316448,-15.127333,16.655510,-22.254911,-13.794844,18.701034,0.200000,
-24.155743,-15.173678,16.613509,-28.426864,-17.460290,43.447094,-24.088928,-15.192907,16.596009,-22.261364,-13.796730,18.697502,0.200000,
-24.155743,-15.173678,16.613509,-28.424600,-17.463374,43.464835,-24.316448,-15.127333,16.655510,-22.267793,-13.798616,18.693975,0.200000,
-24.155743,-15.173678,16.613509,-28.422343,-17.466450,43.482510,-24.088928,-15.192907,16.596009,-22.274199,-13.800502,18.690452,0.200000,
-24.155743,-15.173678,16.613509,-28.420095,-17.469516,43.500119,-24.316448,-15.127333,16.655510,-22.280581,-13.802388,18.686934,0.200000,
-24.155743,-15.173678,16.613509,-28.417855,-17.472574,43.517662,-24.088928,-15.192907,16.596009,-22.286941,-13.804273,18.683420,0.200000,
-24.155743,-15.173678,16.613509,-28.415623,-17.475623,43.535139,-24.316447,-15.127333,16.655510,-22.293277,-13.806158,18.679912,0.200000,
-24.155743,-15.173678,16.613509,-28.413400,-17.478663,43.552551,-24.088927,-15.192907,16.596009,-22.299591,-13.808043,18.676407,0.200000,
-24.155743,-15.173678,16.613509,-28.411184,-17.481695,43.569898,-24.316447,-15.127333,16.655509,-22.305881,-13.809928,18.672907,0.200000,
-24.155743,-15.173678,16.613509,-28.408977,-17.484717,43.587181,-24.088927,-15.192907,16.596009,-22.312149,-13.811812,18.669412,0.200000,
-24.155743,-15.173678,16.613509,-28.406778,-17.487731,43.604398,-24.316447,-15.127333,16.655509,-22.318394,-13.813696,18.665921,0.200000,
-24.155743,-15.173678,16.613509,-28.404587,-17.490737,43.621551,-24.088927,-15.192907,16.596009,-22.324617,-13.815580,18.662435,0.200000,
-24.155743,-15.173678,16.613509,-28.402404,-17.493733,43.638640,-24.316447,-15.127333,16.655509,-22.330816,-13.817463,18.658954,0.200000,
-24.155743,-15.173678,16.613509,-28.400230,-17.496721,43.655666,-24.088927,-15.192907,16.596009,-22.336994,-13.819346,18.655477,0.200000,
-24.155743,-15.173678,16.613509,-28.398063,-17.499701,43.672627,-24.316447,-15.127333,16.655509,-22.343149,-13.821229,18.652004,0.200000,
-24.155743,-15.173678,16.613509,-28.395904,-17.502671,43.689525,-24.088927,-15.192907,16.596009,-22.349282,-13.823111,18.648537,0.200000,
-24.155743,-15.173678,16.613509,-28.393753,-17.505634,43.706360,-24.316446,-15.127333,16.655509,-22.355393,-13.824993,18.645073,0.200000,
-24.155743,-15.173678,16.613509,-28.391610,-17.508587,43.723132,-24.088926,-15.192907,16.596009,-22.361481,-13.826874,18.641615,0.200000,
-24.155743,-15.173678,16.613509,-28.389475,-17.511532,43.739841,-24.316446,-15.127333,16.655509,-22.367548,-13.828756,18.638160,0.200000,
-24.155743,-15.173678,16.613509,-28.387348,-17.514468,43.756487,-24.088926,-15.192907,16.596009,-22.373592,-13.830636,18.634711,0.200000,
-24.155743,-15.173678,16.613509,-28.385229,-17.517396,43.773071,-24.316446,-15.127333,16.655509,-22.379615,-13.832517,18.631266,0.200000,
-24.155743,-15.173678,16.613509,-28.383117,-17.520315,43.789593,-24.088926,-15.192907,16.596009,-22.385616,-13.834396,18.627826,0.200000,
-24.155743,-15.173678,16.613509,-28.381014,-17.523225,43.806054,-24.316446,-15.127334,16.655509,-22.391595,-13.836276,18.624390,0.200000,
-24.155743,-15.173678,16.613509,-28.378918,-17.526127,43.822452,-24.088926,-15.192907,16.596009,-22.397553,-13.838154,18.620958,0.200000,
-24.155743,-15.173678,16.613509,-28.376830,-17.529020,43.838789,-24.316446,-15.127334,16.655509,-22.403489,-13.840033,18.617532,0.200000,
-24.155743,-15.173678,16.613509,-28.374749,-17.531905,43.855065,-24.088926,-15.192907,16.596009,-22.409404,-13.841911,18.614110,0.200000,
-24.155743,-15.173678,16.613509,-28.372676,-17.534782,43.871280,-24.316446,-15.127334,16.655509,-22.415297,-13.843788,18.610692,0.200000,
-24.155743,-15.173678,16.613509,-28.370611,-17.537650,43.887434,-24.088926,-15.192907,16.596009,-22.421169,-13.845665,18.607279,0.200000,
-24.155743,-15.173678,16.613509,-28.368553,-17.540509,43.903528,-24.316445,-15.127334,16.655509,-22.427020,-13.847541,18.603871,0.200000,
-24.155743,-15.173678,16.613509,-28.366504,-17.543360,43.919562,-24.088925,-15.192908,16.596008,-22.432849,-13.849417,18.600467,0.200000,
-24.155743,-15.173678,16.613509,-28.364461,-17.546203,43.935535,-24.316445,-15.127334,16.655509,-22.438658,-13.851292,18.597068,0.200000,
-24.155743,-15.173678,16.613509,-28.362426,-17.549037,43.951448,-24.088925,-15.192908,16.596008,-22.444446,-13.853167,18.593673,0.200000,
-24.155743,-15.173678,16.613509,-28.360399,-17.551862,43.967302,-24.316445,-15.127334,16.655509,-22.450212,-13.855041,18.590283,0.200000,
-24.155743,-15.173678,16.613509,-28.358379,-17.554680,43.983096,-24.088925,-15.192908,16.596008,-22.455958,-13.856914,18.586897,0.200000,
-24.155743,-15.173678,16.613509,-28.356367,-17.557488,43.998831,-24.316445,-15.127334,16.655509,-22.461684,-13.858787,18.583516,0.200000,
-24.155743,-15.173678,16.613509,-28.354362,-17.560289,44.014507,-24.088925,-15.192908,16.596008,-22.467388,-13.860659,18.580140,0.200000,
-24.155743,-15.173678,16.613509,-28.352364,-17.563081,44.030125,-24.316445,-15.127334,16.655509,-22.473072,-13.862531,18.576768,0.200000,
-24.155743,-15.173678,16.613509,-28.350374,-17.565865,44.045683,-24.088925,-15.192908,16.596008,-22.478736,-13.864402,18.573401,0.200000,
-24.155743,-15.173678,16.613509,-28.348391,-17.568640,44.061184,-24.316444,-15.127334,16.655509,-22.484379,-13.866272,18.570038,0.200000,
-24.155743,-15.173678,16.613509,-28.346416,-17.571407,44.076626,-24.088924,-15.192908,16.596008,-22.490001,-13.868142,18.566680,0.200000,
-24.155743,-15.173678,16.613509,-28.344448,-17.574166,44.092010,-24.316444,-15.127334,16.655509,-22.495604,-13.870011,18.563327,0.200000,
-24.155743,-15.173678,16.613509,-28.342487,-17.576917,44.107337,-24.088924,-15.192908,16.596008,-22.501186,-13.871879,18.559978,0.200000,
-24.155743,-15.173678,16.613509,-28.340533,-17.579659,44.122606,-24.316444,-15.127334,16.655509,-22.506748,-13.873746,18.556633,0.200000,
-24.155743,-15.173678,16.613509,-28.338587,-17.582393,44.137817,-24.088924,-15.192908,16.596008,-22.512290,-13.875613,18.553293,0.200000,
-24.155743,-15.173678,16.613509,-28.336648,-17.585119,44.152972,-24.316444,-15.127334,16.655509,-22.517812,-13.877479,18.549958,0.200000,
-24.155743,-15.173678,16.613509,-28.334716,-17.587837,44.168069,-24.088924,-15.192908,16.596008,-22.523314,-13.879345,18.546627,0.200000,
-24.155743,-15.173678,16.613509,-28.332791,-17.590546,44.183110,-24.316444,-15.127334,16.655509,-22.528797,-13.881209,18.543301,0.200000,
-24.155743,-15.173678,16.613509,-28.330873,-17.593247,44.198095,-24.088924,-15.192908,16.596008,-22.534259,-13.883073,18.539979,0.200000,
-24.155743,-15.173678,16.613509,-28.328962,-17.595940,44.213023,-24.316443,-15.127334,16.655509,-22.539702,-13.884936,18.536662,0.200000,
-24.155743,-15.173678,16.613509,-28.327059,-17.598625,44.227895,-24.088923,-15.192908,16.596008,-22.545126,-13.886799,18.533350,0.200000,
-24.155743,-15.173678,16.613509,-28.325162,-17.601301,44.242712,-24.316443,-15.127334,16.655508,-22.550530,-13.888660,18.530042,0.200000,
-24.155743,-15.173678,16.613509,-28.323272,-17.603970,44.257472,-24.088923,-15.192908,16.596008,-22.555914,-13.890521,18.526739,0.200000,
-24.155743,-15.173678,16.613509,-28.321390,-17.606630,44.272178,-24.316443,-15.127334,16.655508,-22.561279,-13.892381,18.523440,0.200000,
-24.155743,-15.173678,16.613509,-28.319514,-17.609283,44.286828,-24.088923,-15.192908,16.596008,-22.566625,-13.894240,18.520145,0.200000,
-24.155743,-15.173678,16.613509,-28.317646,-17.611927,44.301423,-24.316443,-15.127334,16.655508,-22.571951,-13.896098,18.516856,0.200000,
-24.155743,-15.173678,16.613509,-28.315784,-17.614563,44.315963,-24.088923,-15.192908,16.596008,-22.577258,-13.897956,18.513571,0.200000,
-24.155743,-15.173678,16.613509,-28.313929,-17.617191,44.330448,-24.316443,-15.127334,16.655508,-22.582547,-13.899812,18.510290,0.200000,
-24.155743,-15.173678,16.613509,-28.312081,-17.619811,44.344879,-24.088923,-15.192908,16.596008,-22.587816,-13.901668,18.507014,0.200000,
-24.155743,-15.173678,16.613509,-28.310240,-17.622423,44.359256,-24.316443,-15.127335,16.655508,-22.593066,-13.903523,18.503742,0.200000,
-24.155743,-15.173678,16.613509,-28.308406,-17.625027,44.373579,-24.088923,-15.192908,16.596008,-22.598298,-13.905377,18.500475,0.200000,
-24.155743,-15.173678,16.613509,-28.306578,-17.627623,44.387848,-24.316442,-15.127335,16.655508,-22.603510,-13.907230,18.497213,0.200000,
-24.155743,-15.173678,16.613509,-28.304758,-17.630211,44.402063,-24.088922,-15.192908,16.596008,-22.608704,-13.909082,18.493955,0.200000,
-24.155743,-15.173678,16.613509,-28.302944,-17.632791,44.416225,-24.316442,-15.127335,16.655508,-22.613879,-13.910933,18.490702,0.200000,
-24.155743,-15.173678,16.613509,-28.301136,-17.635363,44.430333,-24.088922,-15.192908,16.596008,-22.619036,-13.912784,18.487453,0.200000,
-24.155743,-15.173678,16.613509,-28.299336,-17.637928,44.444389,-24.316442,-15.127335,16.655508,-22.624174,-13.914633,18.484209,0.200000,
-24.155743,-15.173678,16.613509,-28.297542,-17.640484,44.458391,-24.088922,-15.192908,16.596008,-22.629293,-13.916482,18.480969,0.200000,
-24.155743,-15.173678,16.613509,-28.295755,-17.643032,44.472341,-24.316442,-15.127335,16.655508,-22.634395,-13.918329,18.477734,0.200000,
-24.155743,-15.173678,16.613509,-28.293974,-17.645573,44.486239,-24.088922,-15.192909,16.596008,-22.639478,-13.920176,18.474503,0.200000,
-24.155743,-15.173678,16.613509,-28.292200,-17.648106,44.500084,-24.316442,-15.127335,16.655508,-22.644542,-13.922021,18.471277,0.200000,
-24.155743,-15.173678,16.613509,-28.290433,-17.650630,44.513877,-24.088922,-15.192909,16.596007,-22.649589,-13.923866,18.468056,0.200000,
-24.155743,-15.173678,16.613509,-28.288672,-17.653147,44.527618,-24.316441,-15.127335,16.655508,-22.654617,-13.925710,18.464839,0.200000,
-24.155743,-15.173678,16.613509,-28.286917,-17.655657,44.541308,-24.088921,-15.192909,16.596007,-22.659628,-13.927552,18.461626,0.200000,
-24.155743,-15.173678,16.613509,-28.285170,-17.658158,44.554946,-24.316441,-15.127335,16.655508,-22.664620,-13.929394,18.458418,0.200000,
-24.155743,-15.173678,16.613509,-28.283428,-17.660652,44.568533,-24.088921,-15.192909,16.596007,-22.669594,-13.931235,18.455215,0.200000,
-24.155743,-15.173678,16.613509,-28.281693,-17.663137,44.582068,-24.316441,-15.127335,16.655508,-22.674551,-13.933074,18.452016,0.200000,
-24.155743,-15.173678,16.613509,-28.279965,-17.665616,44.595553,-24.088921,-15.192909,16.596007,-22.679490,-13.934913,18.448822,0.200000,
-24.155743,-15.173678,16.613509,-28.278243,-17.668086,44.608987,-24.316441,-15.127335,16.655508,-22.684411,-13.936750,18.445632,0.200000,
-24.155743,-15.173678,16.613509,-28.276527,-17.670549,44.622370,-24.088921,-15.192909,16.596007,-22.689315,-13.938587,18.442446,0.200000,
-24.155743,-15.173678,16.613509,-28.274818,-17.673004,44.635703,-24.316441,-15.127335,16.655508,-22.694201,-13.940422,18.439265,0.200000,
-24.155743,-15.173678,16.613509,-28.273115,-17.675451,44.648986,-24.088921,-15.192909,16.596007,-22.699069,-13.942257,18.436089,0.200000,
-24.155743,-15.173678,16.613509,-28.271418,-17.677890,44.662219,-24.316440,-15.127335,16.655508,-22.703920,-13.944090,18.432917,0.200000,
-24.155743,-15.173678,16.613509,-28.269728,-17.680322,44.675402,-24.088920,-15.192909,16.596007,-22.708754,-13.945922,18.429750,0.200000,
-24.155743,-15.173678,16.613509,-28.268044,-17.682747,44.688535,-24.316440,-15.127335,16.655508,-22.713570,-13.947753,18.426587,0.200000,
-24.155743,-15.173678,16.613509,-28.266366,-17.685164,44.701619,-24.088920,-15.192909,16.596007,-22.718369,-13.949583,18.423429,0.200000,
-24.155743,-15.173678,16.613509,-28.264694,-17.687573,44.714653,-24.316440,-15.127335,16.655508,-22.723151,-13.951412,18.420275,0.200000,
-24.155743,-15.173678,16.613509,-28.263029,-17.689974,44.727639,-24.088920,-15.192909,16.596007,-22.727916,-13.953240,18.417126,0.200000,
-24.155743,-15.173678,16.613509,-28.261370,-17.692368,44.740575,-24.316440,-15.127335,16.655508,-22.732663,-13.955067,18.413981,0.200000,
-24.155743,-15.173678,16.613509,-28.259717,-17.694755,44.753463,-24.088920,-15.192909,16.596007,-22.737394,-13.956892,18.410841,0.200000,
-24.155743,-15.173678,16.613509,-28.258070,-17.697134,44.766302,-24.316440,-15.127335,16.655508,-22.742108,-13.958717,18.407705,0.200000,
-24.155743,-15.173678,16.613509,-28.256429,-17.699505,44.779093,-24.088920,-15.192909,16.596007,-22.746805,-13.960540,18.404574,0.200000,
-24.155743,-15.173678,16.613509,-28.254795,-17.701869,44.791836,-24.316440,-15.127335,16.655507,-22.751485,-13.962362,18.401448,0.200000,
-24.155743,-15.173678,16.613509,-28.253166,-17.704226,44.804531,-24.088920,-15.192909,16.596007,-22.756148,-13.964183,18.398325,0.200000,
-24.155743,-15.173678,16.613509,-28.251543,-17.706575,44.817178,-24.316439,-15.127335,16.655507,-22.760795,-13.966002,18.395208,0.200000,
-24.155743,-15.173678,16.613509,-28.249927,-17.708916,44.829777,-24.088919,-15.192909,16.596007,-22.765425,-13.967821,18.392094,0.200000,
-24.155743,-15.173678,16.613509,-28.248316,-17.711250,44.842329,-24.316439,-15.127335,16.655507,-22.770039,-13.969638,18.388986,0.200000,
-24.155743,-15.173678,16.613509,-28.246712,-17.713577,44.854833,-24.088919,-15.192909,16.596007,-22.774636,-13.971455,18.385881,0.200000,
-24.155743,-15.173678,16.613509,-28.245113,-17.715896,44.867290,-24.316439,-15.127336,16.655507,-22.779216,-13.973270,18.382781,0.200000,
-24.155743,-15.173678,16.613509,-28.243521,-17.718208,44.879701,-24.088919,-15.192909,16.596007,-22.783781,-13.975083,18.379686,0.200000,
-24.155743,-15.173678,16.613509,-28.241934,-17.720513,44.892064,-24.316439,-15.127336,16.655507,-22.788329,-13.976896,18.376595,0.200000,
-24.155743,-15.173678,16.613509,-28.240353,-17.722810,44.904381,-24.088919,-15.192909,16.596007,-22.792860,-13.978707,18.373509,0.200000,
-24.155743,-15.173678,16.613509,-28.238778,-17.725100,44.916652,-24.316439,-15.127336,16.655507,-22.797376,-13.980517,18.370427,0.200000,
-24.155743,-15.173678,16.613509,-28.237209,-17.727383,44.928876,-24.088919,-15.192909,16.596007,-22.801875,-13.982326,18.367350,0.200000,
-24.155743,-15.173678,16.613509,-28.235646,-17.729658,44.941054,-24.316438,-15.127336,16.655507,-22.806359,-13.984134,18.364277,0.200000,
-24.155743,-15.173678,16.613509,-28.234089,-17.731927,44.953187,-24.088918,-15.192910,16.596007,-22.810826,-13.985940,18.361208,0.200000,
-24.155743,-15.173678,16.613509,-28.232537,-17.734187,44.965273,-24.316438,-15.127336,16.655507,-22.815277,-13.987745,18.358144,0.200000,
-24.155743,-15.173678,16.613509,-28.230991,-17.736441,44.977314,-24.088918,-15.192910,16.596007,-22.819713,-13.989549,18.355085,0.200000,
-24.155743,-15.173678,16.613509,-28.229451,-17.738687,44.989310,-24.316438,-15.127336,16.655507,-22.824133,-13.991351,18.352030,0.200000,
-24.155743,-15.173678,16.613509,-28.227917,-17.740927,45.001260,-24.088918,-15.192910,16.596007,-22.828537,-13.993152,18.348979,0.200000,
-24.155743,-15.173678,16.613509,-28.226388,-17.743159,45.013166,-24.316438,-15.127336,16.655507,-22.832925,-13.994952,18.345933,0.200000,
-24.155743,-15.173678,16.613509,-28.224865,-17.745384,45.025026,-24.088918,-15.192910,16.596006,-22.837298,-13.996751,18.342891,0.200000,
-24.155743,-15.173678,16.613509,-28.223348,-17.747601,45.036842,-24.316438,-15.127336,16.655507,-22.841655,-13.998548,18.339854,0.200000,
-24.155743,-15.173678,16.613509,-28.221836,-17.749812,45.048613,-24.088918,-15.192910,16.596006,-22.845996,-14.000344,18.336821,0.200000,
-24.155743,-15.173678,16.613509,-28.220330,-17.752015,45.060339,-24.316437,-15.127336,16.655507,-22.850322,-14.002139,18.333793,0.200000,
-24.155743,-15.173678,16.613509,-28.218829,-17.754212,45.072022,-24.088917,-15.192910,16.596006,-22.854633,-14.003932,18.330769,0.200000,
-24.155743,-15.173678,16.613509,-28.217334,-17.756401,45.083660,-24.316437,-15.127336,16.655507,-22.858928,-14.005724,18.327749,0.200000,
-24.155743,-15.173678,16.613509,-28.215845,-17.758583,45.095255,-24.088917,-15.192910,16.596006,-22.863208,-14.007515,18.324734,0.200000,
-24.155743,-15.173678,16.613509,-28.214361,-17.760759,45.106806,-24.316437,-15.127336,16.655507,-22.867472,-14.009304,18.321723,0.200000,
-24.155743,-15.173678,16.613509,-28.212883,-17.762927,45.118313,-24.088917,-15.192910,16.596006,-22.871722,-14.011092,18.318717,0.200000,
-24.155743,-15.173678,16.613509,-28.211410,-17.765088,45.129777,-24.316437,-15.127336,16.655507,-22.875956,-14.012879,18.315715,0.200000,
-24.155743,-15.173678,16.613509,-28.209943,-17.767242,45.141197,-24.088917,-15.192910,16.596006,-22.880176,-14.014664,18.312718,0.200000,
-24.155743,-15.173678,16.613509,-28.208481,-17.769389,45.152574,-24.316437,-15.127336,16.655507,-22.884380,-14.016448,18.309725,0.200000,
-24.155743,-15.173678,16.613509,-28.207025,-17.771530,45.163909,-24.088917,-15.192910,16.596006,-22.888569,-14.018230,18.306737,0.200000,
-24.155743,-15.173678,16.613509,-28.205574,-17.773663,45.175201,-24.316437,-15.127336,16.655507,-22.892744,-14.020011,18.303753,0.200000,
-24.155743,-15.173678,16.613509,-28.204129,-17.775789,45.186450,-24.088917,-15.192910,16.596006,-22.896903,-14.021791,18.300773,0.200000,
-24.155743,-15.173678,16.613509,-28.202688,-17.777909,45.197656,-24.316436,-15.127336,16.655507,-22.901048,-14.023569,18.297798,0.200000,
-24.155743,-15.173678,16.613509,-28.201254,-17.780022,45.208821,-24.088916,-15.192910,16.596006,-22.905178,-14.025346,18.294827,0.200000,
-24.155743,-15.173678,16.613509,-28.199824,-17.782127,45.219943,-24.316436,-15.127336,16.655507,-22.909294,-14.027122,18.291860,0.200000,
-24.155743,-15.173678,16.613509,-28.198400,-17.784226,45.231023,-24.088916,-15.192910,16.596006,-22.913394,-14.028896,18.288898,0.200000,
-24.155743,-15.173678,16.613509,-28.196981,-17.786318,45.242062,-24.316436,-15.127336,16.655507,-22.917481,-14.030669,18.285941,0.200000,
-24.155743,-15.173678,16.613509,-28.195568,-17.788404,45.253058,-24.088916,-15.192910,16.596006,-22.921552,-14.032440,18.282988,0.200000,
-24.155743,-15.173678,16.613509,-28.194160,-17.790482,45.264014,-24.316436,-15.127336,16.655506,-22.925609,-14.034210,18.280039,0.200000,
-24.155743,-15.173678,16.613509,-28.192757,-17.792554,45.274928,-24.088916,-15.192910,16.596006,-22.929652,-14.035978,18.277094,0.200000,
-24.155743,-15.173678,16.613509,-28.191359,-17.794619,45.285800,-24.316436,-15.127337,16.655506,-22.933681,-14.037745,18.274154,0.200000,
-24.155743,-15.173678,16.613509,-28.189966,-17.796677,45.296632,-24.088916,-15.192910,16.596006,-22.937695,-14.039510,18.271219,0.200000,
-24.155743,-15.173678,16.613509,-28.188579,-17.798728,45.307423,-24.316435,-15.127337,16.655506,-22.941695,-14.041274,18.268287,0.200000,
-24.155743,-15.173678,16.613509,-28.187197,-17.800773,45.318173,-24.088915,-15.192910,16.596006,-22.945680,-14.043037,18.265360,0.200000,
-24.155743,-15.173678,16.613509,-28.185820,-17.802811,45.328882,-24.316435,-15.127337,16.655506,-22.949652,-14.044798,18.262438,0.200000,
-24.155743,-15.173678,16.613509,-28.184448,-17.804842,45.339551,-24.088915,-15.192910,16.596006,-22.953609,-14.046557,18.259520,0.200000,
-24.155743,-15.173678,16.613509,-28.183081,-17.806867,45.350180,-24.316435,-15.127337,16.655506,-22.957553,-14.048316,18.256606,0.200000,
-24.155743,-15.173678,16.613509,-28.181719,-17.808885,45.360768,-24.088915,-15.192910,16.596006,-22.961482,-14.050072,18.253697,0.200000,
-24.155743,-15.173678,16.613509,-28.180363,-17.810897,45.371317,-24.316435,-15.127337,16.655506,-22.965397,-14.051827,18.250792,0.200000,
-24.155743,-15.173678,16.613509,-28.179011,-17.812902,45.381826,-24.088915,-15.192911,16.596006,-22.969299,-14.053581,18.247891,0.200000,
-24.155743,-15.173678,16.613509,-28.177664,-17.814900,45.392295,-24.316435,-15.127337,16.655506,-22.973187,-14.055333,18.244995,0.200000,
-24.155743,-15.173678,16.613509,-28.176323,-17.816891,45.402724,-24.088915,-15.192911,16.596006,-22.977061,-14.057084,18.242103,0.200000,
-24.155743,-15.173678,16.613509,-28.174986,-17.818877,45.413114,-24.316434,-15.127337,16.655506,-22.980921,-14.058833,18.239215,0.200000,
-24.155743,-15.173678,16.613509,-28.173655,-17.820855,45.423465,-24.088914,-15.192911,16.596006,-22.984768,-14.060580,18.236332,0.200000,
-24.155743,-15.173678,16.613509,-28.172328,-17.822827,45.433777,-24.316434,-15.127337,16.655506,-22.988600,-14.062326,18.233453,0.200000,
-24.155743,-15.173678,16.613509,-28.171007,-17.824793,45.444050,-24.088914,-15.192911,16.596006,-22.992420,-14.064071,18.230578,0.200000,
-24.155743,-15.173678,16.613509,-28.169690,-17.826752,45.454284,-24.316434,-15.127337,16.655506,-22.996226,-14.065814,18.227708,0.200000,
-24.155743,-15.173678,16.613509,-28.168378,-17.828705,45.464479,-24.088914,-15.192911,16.596006,-23.000018,-14.067555,18.224842,0.200000,
-24.155743,-15.173678,16.613509,-28.167071,-17.830651,45.474636,-24.316434,-15.127337,16.655506,-23.003797,-14.069295,18.221981,0.200000,
-24.155743,-15.173678,16.613509,-28.165769,-17.832590,45.484755,-24.088914,-15.192911,16.596005,-23.007563,-14.071034,18.219123,0.200000,
-24.155743,-15.173678,16.613509,-28.164472,-17.834524,45.494835,-24.316434,-15.127337,16.655506,-23.011315,-14.072771,18.216271,0.200000,
-24.155743,-15.173678,16.613509,-28.163180,-17.836451,45.504877,-24.088914,-15.192911,16.596005,-23.015054,-14.074506,18.213422,0.200000,
-24.155743,-15.173678,16.613509,-28.161892,-17.838371,45.514882,-24.316434,-15.127337,16.655506,-23.018780,-14.076240,18.210578,0.200000,
-24.155743,-15.173678,16.613509,-28.160610,-17.840285,45.524848,-24.088914,-15.192911,16.596005,-23.022492,-14.077972,18.207738,0.200000,
-24.155743,-15.173678,16.613509,-28.159332,-17.842193,45.534777,-24.316433,-15.127337,16.655506,-23.026192,-14.079702,18.204902,0.200000,
-24.155743,-15.173678,16.613509,-28.158058,-17.844095,45.544668,-24.088913,-15.192911,16.596005,-23.029878,-14.081431,18.202071,0.200000,
-24.155743,-15.173678,16.613509,-28.156790,-17.845990,45.554522,-24.316433,-15.127337,16.655506,-23.033551,-14.083159,18.199244,0.200000,
-24.155743,-15.173678,16.613509,-28.155526,-17.847879,45.564339,-24.088913,-15.192911,16.596005,-23.037212,-14.084885,18.196421,0.200000,
-24.155743,-15.173678,16.613509,-28.154267,-17.849761,45.574119,-24.316433,-15.127337,16.655506,-23.040859,-14.086609,18.193603,0.200000,
-24.155743,-15.173678,16.613509,-28.153013,-17.851638,45.583861,-24.088913,-15.192911,16.596005,-23.044493,-14.088331,18.190789,0.200000,
-24.155743,-15.173678,16.613509,-28.151764,-17.853508,45.593567,-24.316433,-15.127337,16.655506,-23.048115,-14.090052,18.187979,0.200000,
-24.155743,-15.173678,16.613509,-28.150519,-17.855372,45.603236,-24.088913,-15.192911,16.596005,-23.051724,-14.091772,18.185173,0.200000,
-24.155743,-15.173678,16.613509,-28.149278,-17.857229,45.612869,-24.316433,-15.127337,16.655506,-23.055320,-14.093490,18.182372,0.200000,
-24.155743,-15.173678,16.613509,-28.148043,-17.859081,45.622465,-24.088913,-15.192911,16.596005,-23.058904,-14.095206,18.179575,0.200000,
-24.155743,-15.173678,16.613509,-28.146812,-17.860926,45.632025,-24.316432,-15.127337,16.655506,-23.062474,-14.096921,18.176783,0.200000,
-24.155743,-15.173678,16.613509,-28.145585,-17.862765,45.641549,-24.088912,-15.192911,16.596005,-23.066033,-14.098634,18.173994,0.200000,
-24.155743,-15.173678,16.613509,-28.144364,-17.864598,45.651037,-24.316432,-15.127337,16.655506,-23.069578,-14.100345,18.171210,0.200000,
-24.155743,-15.173678,16.613509,-28.143146,-17.866425,45.660489,-24.088912,-15.192911,16.596005,-23.073111,-14.102055,18.168430,0.200000,
-24.155743,-15.173678,16.613509,-28.141934,-17.868246,45.669905,-24.316432,-15.127338,16.655506,-23.076632,-14.103763,18.165655,0.200000,
-24.155743,-15.173678,16.613509,-28.140725,-17.870061,45.679286,-24.088912,-15.192911,16.596005,-23.080140,-14.105469,18.162883,0.200000,
-24.155743,-15.173678,16.613509,-28.139522,-17.871869,45.688631,-24.316432,-15.127338,16.655505,-23.083636,-14.107174,18.160116,0.200000,
-24.155743,-15.173678,16.613509,-28.138323,-17.873672,45.697941,-24.088912,-15.192911,16.596005,-23.087120,-14.108877,18.157354,0.200000,
-24.155743,-15.173678,16.613509,-28.137128,-17.875469,45.707216,-24.316432,-15.127338,16.655505,-23.090591,-14.110579,18.154595,0.200000,
-24.155743,-15.173678,16.613509,-28.135938,-17.877259,45.716456,-24.088912,-15.192911,16.596005,-23.094050,-14.112279,18.151841,0.200000,
-24.155743,-15.173678,16.613509,-28.134752,-17.879044,45.725661,-24.316431,-15.127338,16.655505,-23.097497,-14.113977,18.149091,0.200000,
-24.155743,-15.173678,16.613509,-28.133570,-17.880822,45.734831,-24.088911,-15.192912,16.596005,-23.100932,-14.115673,18.146345,0.200000,
-24.155743,-15.173678,16.613509,-28.132393,-17.882595,45.743966,-24.316431,-15.127338,16.655505,-23.104354,-14.117368,18.143603,0.200000,
-24.155743,-15.173678,16.613509,-28.131221,-17.884361,45.753067,-24.088911,-15.192912,16.596005,-23.107765,-14.119061,18.140866,0.200000,
-24.155743,-15.173678,16.613509,-28.130053,-17.886122,45.762133,-24.316431,-15.127338,16.655505,-23.111164,-14.120753,18.138133,0.200000,
-24.155743,-15.173678,16.613509,-28.128889,-17.887877,45.771165,-24.088911,-15.192912,16.596005,-23.114550,-14.122443,18.135404,0.200000,
-24.155743,-15.173678,16.613509,-28.127729,-17.889625,45.780163,-24.316431,-15.127338,16.655505,-23.117925,-14.124131,18.132680,0.200000,
-24.155743,-15.173678,16.613509,-28.126574,-17.891368,45.789127,-24.088911,-15.192912,16.596005,-23.121288,-14.125818,18.129959,0.200000,
-24.155743,-15.173678,16.613509,-28.125423,-17.893106,45.798057,-24.316431,-15.127338,16.655505,-23.124639,-14.127502,18.127243,0.200000,
-24.155743,-15.173678,16.613509,-28.124277,-17.894837,45.806953,-24.088911,-15.192912,16.596005,-23.127978,-14.129186,18.124531,0.200000,
-24.155743,-15.173678,16.613509,-28.123135,-17.896562,45.815816,-24.316431,-15.127338,16.655505,-23.131305,-14.130867,18.121823,0.200000,
-24.155743,-15.173678,16.613509,-28.121997,-17.898282,45.824645,-24.088911,-15.192912,16.596005,-23.134621,-14.132547,18.119120,0.200000,
-24.155743,-15.173678,16.613509,-28.120863,-17.899995,45.833441,-24.316430,-15.127338,16.655505,-23.137925,-14.134225,18.116420,0.200000,
-24.155743,-15.173678,16.613509,-28.119733,-17.901703,45.842204,-24.088910,-15.192912,16.596005,-23.141218,-14.135901,18.113725,0.200000,
-24.155743,-15.173678,16.613509,-28.118608,-17.903406,45.850933,-24.316430,-15.127338,16.655505,-23.144499,-14.137576,18.111034,0.200000,
-24.155743,-15.173678,16.613509,-28.117487,-17.905102,45.859629,-24.088910,-15.192912,16.596004,-23.147768,-14.139249,18.108347,0.200000,
-24.155743,-15.173678,16.613509,-28.116370,-17.906793,45.868293,-24.316430,-15.127338,16.655505,-23.151026,-14.140920,18.105665,0.200000,
-24.155743,-15.173678,16.613509,-28.115257,-17.908478,45.876924,-24.088910,-15.192912,16.596004,-23.154273,-14.142589,18.102986,0.200000,
-24.155743,-15.173678,16.613509,-28.114149,-17.910157,45.885522,-24.316430,-15.127338,16.655505,-23.157508,-14.144257,18.100312,0.200000,
-24.155743,-15.173678,16.613509,-28.113045,-17.911831,45.894087,-24.088910,-15.192912,16.596004,-23.160731,-14.145923,18.097642,0.200000,
-24.155743,-15.173678,16.613509,-28.111944,-17.913499,45.902621,-24.316430,-15.127338,16.655505,-23.163944,-14.147587,18.094976,0.200000,
-24.155743,-15.173678,16.613509,-28.110848,-17.915161,45.911122,-24.088910,-15.192912,16.596004,-23.167145,-14.149250,18.092314,0.200000,
-24.155743,-15.173678,16.613509,-28.109756,-17.916818,45.919591,-24.316429,-15.127338,16.655505,-23.170335,-14.150911,18.089657,0.200000,
-24.155743,-15.173678,16.613509,-28.108668,-17.918469,45.928027,-24.088909,-15.192912,16.596004,-23.173514,-14.152570,18.087003,0.200000,
-24.155743,-15.173678,16.613509,-28.107584,-17.920114,45.936432,-24.316429,-15.127338,16.655505,-23.176681,-14.154227,18.084354,0.200000,
-24.155743,-15.173678,16.613509,-28.106504,-17.921754,45.944805,-24.088909,-15.192912,16.596004,-23.179838,-14.155883,18.081709,0.200000,
-24.155743,-15.173678,16.613509,-28.105429,-17.923388,45.953147,-24.316429,-15.127338,16.655505,-23.182983,-14.157537,18.079068,0.200000,
-24.155743,-15.173678,16.613509,-28.104357,-17.925017,45.961457,-24.088909,-15.192912,16.596004,-23.186117,-14.159189,18.076431,0.200000,
-24.155743,-15.173678,16.613509,-28.103289,-17.926640,45.969735,-24.316429,-15.127338,16.655505,-23.189241,-14.160839,18.073798,0.200000,
-24.155743,-15.173678,16.613509,-28.102225,-17.928258,45.977982,-24.088909,-15.192912,16.596004,-23.192353,-14.162488,18.071170,0.200000,
-24.155743,-15.173678,16.613509,-28.101165,-17.929870,45.986198,-24.316429,-15.127339,16.655505,-23.195455,-14.164135,18.068545,0.200000,
-24.155743,-15.173678,16.613509,-28.100110,-17.931477,45.994383,-24.088909,-15.192912,16.596004,-23.198545,-14.165780,18.065925,0.200000,
-24.155743,-15.173678,16.613509,-28.099058,-17.933078,46.002537,-24.316428,-15.127339,16.655505,-23.201625,-14.167423,18.063309,0.200000,
-24.155743,-15.173678,16.613509,-28.098010,-17.934673,46.010660,-24.088908,-15.192912,16.596004,-23.204694,-14.169064,18.060697,0.200000,
-24.155743,-15.173678,16.613509,-28.096966,-17.936264,46.018753,-24.316428,-15.127339,16.655505,-23.207753,-14.170704,18.058089,0.200000,
-24.155743,-15.173678,16.613509,-28.095926,-17.937849,46.026815,-24.088908,-15.192912,16.596004,-23.210800,-14.172342,18.055485,0.200000,
-24.155743,-15.173678,16.613509,-28.094889,-17.939428,46.034846,-24.316428,-15.127339,16.655504,-23.213837,-14.173979,18.052886,0.200000,
-24.155743,-15.173678,16.613509,-28.093857,-17.941002,46.042847,-24.088908,-15.192912,16.596004,-23.216864,-14.175613,18.050290,0.200000,
-24.155743,-15.173678,16.613509,-28.092828,-17.942571,46.050818,-24.316428,-15.127339,16.655504,-23.219879,-14.177246,18.047699,0.200000,
-24.155743,-15.173678,16.613509,-28.091804,-17.944134,46.058758,-24.088908,-15.192913,16.596004,-23.222885,-14.178877,18.045111,0.200000,
-24.155743,-15.173678,16.613509,-28.090783,-17.945692,46.066669,-24.316428,-15.127339,16.655504,-23.225879,-14.180506,18.042528,0.200000,
-24.155743,-15.173678,16.613509,-28.089766,-17.947245,46.074549,-24.088908,-15.192913,16.596004,-23.228863,-14.182133,18.039949,0.200000,
-24.155743,-15.173678,16.613509,-28.088753,-17.948792,46.082400,-24.316428,-15.127339,16.655504,-23.231837,-14.183759,18.037374,0.200000,
-24.155743,-15.173678,16.613509,-28.087743,-17.950334,46.090221,-24.088908,-15.192913,16.596004,-23.234801,-14.185382,18.034803,0.200000,
-24.155743,-15.173678,16.613509,-28.086738,-17.951871,46.098013,-24.316427,-15.127339,16.655504,-23.237754,-14.187004,18.032236,0.200000,
-24.155743,-15.173678,16.613509,-28.085736,-17.953402,46.105775,-24.088907,-15.192913,16.596004,-23.240696,-14.188624,18.029673,0.200000,
-24.155743,-15.173678,16.613509,-28.084738,-17.954928,46.113508,-24.316427,-15.127339,16.655504,-23.243629,-14.190243,18.027114,0.200000,
-24.155743,-15.173678,16.613509,-28.083743,-17.956449,46.121211,-24.088907,-15.192913,16.596004,-23.246551,-14.191859,18.024559,0.200000,
-24.155743,-15.173678,16.613509,-28.082753,-17.957965,46.128885,-24.316427,-15.127339,16.655504,-23.249463,-14.193474,18.022008,0.200000,
-24.155743,-15.173678,16.613509,-28.081766,-17.959476,46.136531,-24.088907,-15.192913,16.596004,-23.252365,-14.195087,18.019462,0.200000,
-24.155743,-15.173678,16.613509,-28.080782,-17.960981,46.144147,-24.316427,-15.127339,16.655504,-23.255257,-14.196698,18.016919,0.200000,
-24.155743,-15.173678,16.613509,-28.079803,-17.962481,46.151735,-24.088907,-15.192913,16.596004,-23.258138,-14.198307,18.014381,0.200000,
-24.155743,-15.173678,16.613509,-28.078827,-17.963976,46.159293,-24.316427,-15.127339,16.655504,-23.261010,-14.199915,18.011846,0.200000,
-24.155743,-15.173678,16.613509,-28.077855,-17.965466,46.166824,-24.088907,-15.192913,16.596004,-23.263872,-14.201521,18.009316,0.200000,
-24.155743,-15.173678,16.613509,-28.076886,-17.966951,46.174326,-24.316426,-15.127339,16.655504,-23.266723,-14.203124,18.006789,0.200000,
-24.155743,-15.173678,16.613509,-28.075921,-17.968431,46.181799,-24.088906,-15.192913,16.596003,-23.269565,-14.204727,18.004267,0.200000,
-24.155743,-15.173678,16.613509,-28.074960,-17.969905,46.189244,-24.316426,-15.127339,16.655504,-23.272397,-14.206327,18.001749,0.200000,
-24.155743,-15.173678,16.613509,-28.074002,-17.971375,46.196661,-24.088906,-15.192913,16.596003,-23.275219,-14.207925,17.999234,0.200000,
-24.155743,-15.173678,16.613509,-28.073048,-17.972839,46.204050,-24.316426,-15.127339,16.655504,-23.278031,-14.209522,17.996724,0.200000,
-24.155743,-15.173678,16.613509,-28.072097,-17.974299,46.211411,-24.088906,-15.192913,16.596003,-23.280833,-14.211116,17.994218,0.200000,
-24.155743,-15.173678,16.613509,-28.071150,-17.975753,46.218744,-24.316426,-15.127339,16.655504,-23.283626,-14.212709,17.991715,0.200000,
-24.155743,-15.173678,16.613509,-28.070206,-17.977202,46.226050,-24.088906,-15.192913,16.596003,-23.286408,-14.214300,17.989217,0.200000,
-24.155743,-15.173678,16.613509,-28.069266,-17.978647,46.233327,-24.316426,-15.127339,16.655504,-23.289181,-14.215890,17.986723,0.200000,
-24.155743,-15.173678,16.613509,-28.068330,-17.980086,46.240578,-24.088906,-15.192913,16.596003,-23.291945,-14.217477,17.984233,0.200000,
-24.155743,-15.173678,16.613509,-28.067397,-17.981520,46.247800,-24.316425,-15.127339,16.655504,-23.294699,-14.219063,17.981746,0.200000,
-24.155743,-15.173678,16.613509,-28.066468,-17.982950,46.254996,-24.088905,-15.192913,16.596003,-23.297443,-14.220646,17.979264,0.200000,
-24.155743,-15.173678,16.613509,-28.065542,-17.984374,46.262164,-24.316425,-15.127339,16.655504,-23.300178,-14.222228,17.976786,0.200000,
-24.155743,-15.173678,16.613509,-28.064619,-17.985794,46.269305,-24.088905,-15.192913,16.596003,-23.302903,-14.223808,17.974311,0.200000,
-24.155743,-15.173678,16.613509,-28.063700,-17.987208,46.276419,-24.316425,-15.127340,16.655504,-23.305619,-14.225387,17.971841,0.200000,
-24.155743,-15.173678,16.613509,-28.062784,-17.988618,46.283507,-24.088905,-15.192913,16.596003,-23.308325,-14.226963,17.969375,0.200000,
-24.155743,-15.173678,16.613509,-28.061872,-17.990023,46.290567,-24.316425,-15.127340,16.655504,-23.311022,-14.228538,17.966912,0.200000,
-24.155743,-15.173678,16.613509,-28.060963,-17.991423,46.297601,-24.088905,-15.192913,16.596003,-23.313709,-14.230110,17.964454,0.200000,
-24.155743,-15.173678,16.613509,-28.060058,-17.992818,46.304608,-24.316425,-15.127340,16.655504,-23.316388,-14.231681,17.961999,0.200000,
-24.155743,-15.173678,16.613509,-28.059156,-17.994209,46.311588,-24.088905,-15.192913,16.596003,-23.319057,-14.233250,17.959549,0.200000,
-24.155743,-15.173678,16.613509,-28.058257,-17.995594,46.318543,-24.316425,-15.127340,16.655504,-23.321716,-14.234817,17.957102,0.200000,
-24.155743,-15.173678,16.613509,-28.057362,-17.996975,46.325471,-24.088905,-15.192914,16.596003,-23.324367,-14.236382,17.954660,0.200000,
-24.155743,-15.173678,16.613509,-28.056470,-17.998351,46.332372,-24.316424,-15.127340,16.655504,-23.327008,-14.237946,17.952221,0.200000,
-24.155743,-15.173678,16.613509,-28.055582,-17.999722,46.339248,-24.088904,-15.192914,16.596003,-23.329640,-14.239507,17.949786,0.200000,
-24.155743,-15.173678,16.613509,-28.054696,-18.001088,46.346097,-24.316424,-15.127340,16.655503,-23.332263,-14.241067,17.947355,0.200000,
-24.155743,-15.173678,16.613509,-28.053815,-18.002450,46.352921,-24.088904,-15.192914,16.596003,-23.334876,-14.242625,17.944929,0.200000,
-24.155743,-15.173678,16.613509,-28.052936,-18.003807,46.359719,-24.316424,-15.127340,16.655503,-23.337481,-14.244181,17.942506,0.200000,
-24.155743,-15.173678,16.613509,-28.052061,-18.005159,46.366491,-24.088904,-15.192914,16.596003,-23.340077,-14.245735,17.940087,0.200000,
-24.155743,-15.173678,16.613509,-28.051189,-18.006506,46.373237,-24.316424,-15.127340,16.655503,-23.342664,-14.247287,17.937671,0.200000,
-24.155743,-15.173678,16.613509,-28.050320,-18.007849,46.379958,-24.088904,-15.192914,16.596003,-23.345241,-14.248837,17.935260,0.200000,
-24.155743,-15.173678,16.613509,-28.049454,-18.009187,46.386654,-24.316424,-15.127340,16.655503,-23.347810,-14.250386,17.932853,0.200000,
-24.155743,-15.173678,16.613509,-28.048592,-18.010521,46.393324,-24.088904,-15.192914,16.596003,-23.350370,-14.251932,17.930450,0.200000,
-24.155743,-15.173678,16.613509,-28.047733,-18.011850,46.399969,-24.316423,-15.127340,16.655503,-23.352921,-14.253477,17.928050,0.200000,
-24.155743,-15.173678,16.613509,-28.046877,-18.013174,46.406589,-24.088903,-15.192914,16.596003,-23.355463,-14.255020,17.925655,0.200000,
-24.155743,-15.173678,16.613509,-28.046025,-18.014493,46.413184,-24.316423,-15.127340,16.655503,-23.357997,-14.256561,17.923263,0.200000,
-24.155743,-15.173678,16.613509,-28.045175,-18.015808,46.419754,-24.088903,-15.192914,16.596003,-23.360521,-14.258100,17.920875,0.200000,
-24.155743,-15.173678,16.613509,-28.044329,-18.017119,46.426299,-24.316423,-15.127340,16.655503,-23.363037,-14.259637,17.918491,0.200000,
-24.155743,-15.173678,16.613509,-28.043486,-18.018425,46.432819,-24.088903,-15.192914,16.596003,-23.365544,-14.261173,17.916111,0.200000,
-24.155743,-15.173678,16.613509,-28.042646,-18.019726,46.439314,-24.316423,-15.127340,16.655503,-23.368043,-14.262706,17.913735,0.200000,
-24.155743,-15.173678,16.613509,-28.041809,-18.021023,46.445785,-24.088903,-15.192914,16.596003,-23.370533,-14.264238,17.911363,0.200000,
-24.155743,-15.173678,16.613509,-28.040976,-18.022315,46.452232,-24.316423,-15.127340,16.655503,-23.373014,-14.265767,17.908994,0.200000,
-24.155743,-15.173678,16.613509,-28.040145,-18.023602,46.458654,-24.088903,-15.192914,16.596003,-23.375487,-14.267295,17.906630,0.200000,
-24.155743,-15.173678,16.613509,-28.039318,-18.024886,46.465052,-24.316422,-15.127340,16.655503,-23.377951,-14.268821,17.904269,0.200000,
-24.155743,-15.173678,16.613509,-28.038494,-18.026164,46.471426,-24.088902,-15.192914,16.596002,-23.380406,-14.270345,17.901912,0.200000,
-24.155743,-15.173678,16.613509,-28.037672,-18.027439,46.477775,-24.316422,-15.127340,16.655503,-23.382854,-14.271867,17.899559,0.200000,
-24.155743,-15.173678,16.613509,-28.036854,-18.028708,46.484101,-24.088902,-15.192914,16.596002,-23.385292,-14.273388,17.897210,0.200000,
-24.155743,-15.173678,16.613509,-28.036039,-18.029974,46.490402,-24.316422,-15.127340,16.655503,-23.387723,-14.274906,17.894865,0.200000,
-24.155743,-15.173678,16.613509,-28.035227,-18.031235,46.496680,-24.088902,-15.192914,16.596002,-23.390144,-14.276423,17.892523,0.200000,
-24.155743,-15.173678,16.613509,-28.034418,-18.032491,46.502934,-24.316422,-15.127340,16.655503,-23.392558,-14.277937,17.890186,0.200000,
-24.155743,-15.173678,16.613509,-28.033612,-18.033743,46.509164,-24.088902,-15.192914,16.596002,-23.394963,-14.279450,17.887852,0.200000,
-24.155743,-15.173678,16.613509,-28.032810,-18.034991,46.515371,-24.316422,-15.127341,16.655503,-23.397360,-14.280961,17.885522,0.200000,
-24.155743,-15.173678,16.613509,-28.032010,-18.036234,46.521554,-24.088902,-15.192914,16.596002,-23.399749,-14.282470,17.883196,0.200000,
-24.155743,-15.173678,16.613509,-28.031213,-18.037473,46.527714,-24.316422,-15.127341,16.655503,-23.402129,-14.283977,17.880873,0.200000,
-24.155743,-15.173678,16.613509,-28.030419,-18.038708,46.533851,-24.088902,-15.192914,16.596002,-23.404501,-14.285482,17.878555,0.200000,
-24.155743,-15.173678,16.613509,-28.029628,-18.039938,46.539964,-24.316421,-15.127341,16.655503,-23.406865,-14.286985,17.876240,0.200000,
-24.155743,-15.173678,16.613509,-28.028840,-18.041164,46.546054,-24.088901,-15.192914,16.596002,-23.409221,-14.288487,17.873929,0.200000,
-24.155743,-15.173678,16.613509,-28.028055,-18.042386,46.552121,-24.316421,-15.127341,16.655503,-23.411569,-14.289986,17.871622,0.200000,
-24.155743,-15.173678,16.613509,-28.027273,-18.043603,46.558166,-24.088901,-15.192914,16.596002,-23.413908,-14.291484,17.869319,0.200000,
-24.155743,-15.173678,16.613509,-28.026494,-18.044816,46.564187,-24.316421,-15.127341,16.655503,-23.416240,-14.292979,17.867019,0.200000,
-24.155743,-15.173678,16.613509,-28.025718,-18.046025,46.570186,-24.088901,-15.192915,16.596002,-23.418564,-14.294473,17.864723,0.200000,
-24.155743,-15.173678,16.613509,-28.024944,-18.047230,46.576161,-24.316421,-15.127341,16.655503,-23.420879,-14.295965,17.862431,0.200000,
-24.155743,-15.173678,16.613509,-28.024174,-18.048430,46.582115,-24.088901,-15.192915,16.596002,-23.423187,-14.297455,17.860143,0.200000,
-24.155743,-15.173678,16.613509,-28.023407,-18.049626,46.588046,-24.316421,-15.127341,16.655503,-23.425486,-14.298943,17.857859,0.200000,
-24.155743,-15.173678,16.613509,-28.022642,-18.050818,46.593954,-24.088901,-15.192915,16.596002,-23.427778,-14.300429,17.855578,0.200000,
-24.155743,-15.173678,16.613509,-28.021880,-18.052006,46.599840,-24.316420,-15.127341,16.655502,-23.430062,-14.301914,17.853301,0.200000,
-24.155743,-15.173678,16.613509,-28.021121,-18.053190,46.605704,-24.088900,-15.192915,16.596002,-23.432338,-14.303396,17.851028,0.200000,
-24.155743,-15.173678,16.613509,-28.020365,-18.054369,46.611545,-24.316420,-15.127341,16.655502,-23.434606,-14.304876,17.848759,0.200000,
-24.155743,-15.173678,16.613509,-28.019612,-18.055544,46.617364,-24.088900,-15.192915,16.596002,-23.436867,-14.306355,17.846493,0.200000,
-24.155743,-15.173678,16.613509,-28.018862,-18.056715,46.623162,-24.316420,-15.127341,16.655502,-23.439119,-14.307832,17.844231,0.200000,
-24.155743,-15.173678,16.613509,-28.018114,-18.057882,46.628937,-24.088900,-15.192915,16.596002,-23.441364,-14.309306,17.841973,0.200000,
-24.155743,-15.173678,16.613509,-28.017369,-18.059045,46.634691,-24.316420,-15.127341,16.655502,-23.443601,-14.310779,17.839718,0.200000,
-24.155743,-15.173678,16.613509,-28.016627,-18.060204,46.640423,-24.088900,-15.192915,16.596002,-23.445831,-14.312250,17.837468,0.200000,
-24.155743,-15.173678,16.613509,-28.015888,-18.061359,46.646133,-24.316420,-15.127341,16.655502,-23.448052,-14.313719,17.835221,0.200000,
-24.155743,-15.173678,16.613509,-28.015152,-18.062509,46.651822,-24.088900,-15.192915,16.596002,-23.450267,-14.315186,17.832977,0.200000,
-24.155743,-15.173678,16.613509,-28.014418,-18.063656,46.657489,-24.316419,-15.127341,16.655502,-23.452473,-14.316651,17.830738,0.200000,
-24.155743,-15.173678,16.613509,-28.013687,-18.064799,46.663134,-24.088899,-15.192915,16.596002,-23.454672,-14.318115,17.828502,0.200000,
-24.155743,-15.173678,16.613509,-28.012959,-18.065937,46.668759,-24.316419,-15.127341,16.655502,-23.456864,-14.319576,17.826270,0.200000,
-24.155743,-15.173678,16.613509,-28.012234,-18.067072,46.674362,-24.088899,-15.192915,16.596002,-23.459048,-14.321036,17.824041,0.200000,
-24.155743,-15.173678,16.613509,-28.011511,-18.068202,46.679943,-24.316419,-15.127341,16.655502,-23.461224,-14.322493,17.821817,0.200000,
-24.155743,-15.173678,16.613509,-28.010791,-18.069328,46.685504,-24.088899,-15.192915,16.596002,-23.463393,-14.323949,17.819596,0.200000,
-24.155743,-15.173678,16.613509,-28.010074,-18.070451,46.691044,-24.316419,-15.127341,16.655502,-23.465555,-14.325403,17.817378,0.200000,
-24.155743,-15.173678,16.613509,-28.009359,-18.071569,46.696562,-24.088899,-15.192915,16.596002,-23.467709,-14.326855,17.815165,0.200000,
-24.155743,-15.173678,16.613509,-28.008647,-18.072684,46.702060,-24.316419,-15.127341,16.655502,-23.469856,-14.328305,17.812955,0.200000,
-24.155743,-15.173678,16.613509,-28.007938,-18.073795,46.707537,-24.088899,-15.192915,16.596001,-23.471995,-14.329753,17.810748,0.200000,
-24.155743,-15.173678,16.613509,-28.007231,-18.074901,46.712993,-24.316419,-15.127341,16.655502,-23.474127,-14.331199,17.808546,0.200000,
-24.155743,-15.173678,16.613509,-28.006527,-18.076004,46.718429,-24.088899,-15.192915,16.596001,-23.476252,-14.332643,17.806347,0.200000,
-24.155743,-15.173678,16.613509,-28.005826,-18.077103,46.723844,-24.316418,-15.127342,16.655502,-23.478369,-14.334085,17.804151,0.200000,
-24.155743,-15.173678,16.613509,-28.005127,-18.078198,46.729239,-24.088898,-15.192915,16.596001,-23.480480,-14.335526,17.801960,0.200000,
-24.155743,-15.173678,16.613509,-28.004431,-18.079289,46.734613,-24.316418,-15.127342,16.655502,-23.482583,-14.336964,17.799772,0.200000,
-24.155743,-15.173678,16.613509,-28.003738,-18.080376,46.739967,-24.088898,-15.192915,16.596001,-23.484679,-14.338401,17.797587,0.200000,
-24.155743,-15.173678,16.613509,-28.003047,-18.081460,46.745300,-24.316418,-15.127342,16.655502,-23.486767,-14.339835,17.795407,0.200000,
-24.155743,-15.173678,16.613509,-28.002359,-18.082539,46.750614,-24.088898,-15.192915,16.596001,-23.488849,-14.341268,17.793230,0.200000,
-24.155743,-15.173678,16.613509,-28.001673,-18.083615,46.755907,-24.316418,-15.127342,16.655502,-23.490923,-14.342699,17.791056,0.200000,
-24.155743,-15.173678,16.613509,-28.000990,-18.084687,46.761180,-24.088898,-15.192915,16.596001,-23.492991,-14.344128,17.788886,0.200000,
-24.155743,-15.173678,16.613509,-28.000310,-18.085755,46.766434,-24.316418,-15.127342,16.655502,-23.495051,-14.345555,17.786720,0.200000,
-24.155743,-15.173678,16.613509,-27.999632,-18.086819,46.771667,-24.088898,-15.192915,16.596001,-23.497104,-14.346980,17.784558,0.200000,
-24.155743,-15.173678,16.613509,-27.998956,-18.087880,46.776881,-24.316417,-15.127342,16.655502,-23.499150,-14.348403,17.782399,0.200000,
-24.155743,-15.173678,16.613509,-27.998283,-18.088937,46.782075,-24.088897,-15.192916,16.596001,-23.501189,-14.349824,17.780243,0.200000,
-24.155743,-15.173678,16.613509,-27.997613,-18.089990,46.787249,-24.316417,-15.127342,16.655502,-23.503222,-14.351244,17.778092,0.200000,
-24.155743,-15.173678,16.613509,-27.996945,-18.091039,46.792404,-24.088897,-15.192916,16.596001,-23.505247,-14.352661,17.775944,0.200000,
-24.155743,-15.173678,16.613509,-27.996280,-18.092084,46.797539,-24.316417,-15.127342,16.655502,-23.507265,-14.354077,17.773799,0.200000,
-24.155743,-15.173678,16.613509,-27.995617,-18.093126,46.802655,-24.088897,-15.192916,16.596001,-23.509277,-14.355490,17.771658,0.200000,
-24.155743,-15.173678,16.613509,-27.994957,-18.094164,46.807752,-24.316417,-15.127342,16.655502,-23.511282,-14.356902,17.769521,0.200000,
-24.155743,-15.173678,16.613509,-27.994299,-18.095199,46.812829,-24.088897,-15.192916,16.596001,-23.513280,-14.358312,17.767387,0.200000,
-24.155743,-15.173678,16.613509,-27.993643,-18.096230,46.817887,-24.316417,-15.127342,16.655501,-23.515271,-14.359720,17.765257,0.200000,
-24.155743,-15.173678,16.613509,-27.992990,-18.097257,46.822926,-24.088897,-15.192916,16.596001,-23.517255,-14.361126,17.763130,0.200000,
-24.155743,-15.173678,16.613509,-27.992340,-18.098280,46.827945,-24.316416,-15.127342,16.655501,-23.519232,-14.362530,17.761007,0.200000,
-24.155743,-15.173678,16.613509,-27.991692,-18.099300,46.832946,-24.088896,-15.192916,16.596001,-23.521203,-14.363932,17.758888,0.200000,
-24.155743,-15.173678,16.613509,-27.991046,-18.100316,46.837928,-24.316416,-15.127342,16.655501,-23.523167,-14.365332,17.756772,0.200000,
-24.155743,-15.173678,16.613509,-27.990403,-18.101329,46.842891,-24.088896,-15.192916,16.596001,-23.525124,-14.366731,17.754660,0.200000,
-24.155743,-15.173678,16.613509,-27.989762,-18.102338,46.847835,-24.316416,-15.127342,16.655501,-23.527075,-14.368127,17.752551,0.200000,
-24.155743,-15.173678,16.613509,-27.989124,-18.103343,46.852761,-24.088896,-15.192916,16.596001,-23.529019,-14.369522,17.750446,0.200000,
-24.155743,-15.173678,16.613509,-27.988488,-18.104345,46.857668,-24.316416,-15.127342,16.655501,-23.530957,-14.370914,17.748344,0.200000,
-24.155743,-15.173678,16.613509,-27.987854,-18.105343,46.862556,-24.088896,-15.192916,16.596001,-23.532887,-14.372305,17.746246,0.200000,
-24.155743,-15.173678,16.613509,-27.987223,-18.106338,46.867426,-24.316416,-15.127342,16.655501,-23.534812,-14.373694,17.744152,0.200000,
-24.155743,-15.173678,16.613509,-27.986594,-18.107329,46.872278,-24.088896,-15.192916,16.596001,-23.536729,-14.375080,17.742060,0.200000,
-24.155743,-15.173678,16.613509,-27.985968,-18.108316,46.877111,-24.316416,-15.127342,16.655501,-23.538641,-14.376465,17.739973,0.200000,
-24.155743,-15.173678,16.613509,-27.985344,-18.109300,46.881925,-24.088896,-15.192916,16.596001,-23.540545,-14.377848,17.737889,0.200000,
-24.155743,-15.173678,16.613509,-27.984722,-18.110281,46.886722,-24.316415,-15.127342,16.655501,-23.542443,-14.379230,17.735808,0.200000,
-24.155743,-15.173678,16.613509,-27.984102,-18.111258,46.891501,-24.088895,-15.192916,16.596001,-23.544335,-14.380609,17.733732,0.200000,
-24.155743,-15.173678,16.613509,-27.983485,-18.112231,46.896261,-24.316415,-15.127342,16.655501,-23.546221,-14.381986,17.731658,0.200000,
-24.155743,-15.173678,16.613509,-27.982870,-18.113201,46.901003,-24.088895,-15.192916,16.596001,-23.548100,-14.383362,17.729588,0.200000,
-24.155743,-15.173678,16.613509,-27.982258,-18.114168,46.905728,-24.316415,-15.127342,16.655501,-23.549972,-14.384735,17.727522,0.200000,
-24.155743,-15.173678,16.613509,-27.981648,-18.115131,46.910434,-24.088895,-15.192916,16.596000,-23.551838,-14.386107,17.725459,0.200000,
-24.155743,-15.173678,16.613509,-27.981040,-18.116091,46.915123,-24.316415,-15.127343,16.655501,-23.553698,-14.387476,17.723399,0.200000,
-24.155743,-15.173678,16.613509,-27.980434,-18.117047,46.919794,-24.088895,-15.192916,16.596000,-23.555552,-14.388844,17.721343,0.200000,
-24.155743,-15.173678,16.613509,-27.979831,-18.118000,46.924448,-24.316415,-15.127343,16.655501,-23.557399,-14.390210,17.719291,0.200000,
-24.155743,-15.173678,16.613509,-27.979230,-18.118949,46.929083,-24.088895,-15.192916,16.596000,-23.559240,-14.391574,17.717242,0.200000,
-24.155743,-15.173678,16.613509,-27.978631,-18.119896,46.933702,-24.316414,-15.127343,16.655501,-23.561075,-14.392936,17.715196,0.200000,
-24.155743,-15.173678,16.613509,-27.978034,-18.120838,46.938302,-24.088894,-15.192916,16.596000,-23.562903,-14.394296,17.713154,0.200000,
-24.155743,-15.173678,16.613509,-27.977440,-18.121777,46.942886,-24.316414,-15.127343,16.655501,-23.564726,-14.395654,17.711116,0.200000,
-24.155743,-15.173678,16.613509,-27.976848,-18.122713,46.947452,-24.088894,-15.192916,16.596000,-23.566542,-14.397011,17.709080,0.200000,
-24.155743,-15.173678,16.613509,-27.976258,-18.123646,46.952001,-24.316414,-15.127343,16.655501,-23.568352,-14.398365,17.707049,0.200000,
-24.155743,-15.173678,16.613509,-27.975670,-18.124575,46.956532,-24.088894,-15.192917,16.596000,-23.570156,-14.399718,17.705020,0.200000,
-24.155743,-15.173678,16.613509,-27.975085,-18.125501,46.961047,-24.316414,-15.127343,16.655501,-23.571954,-14.401068,17.702996,0.200000,
-24.155743,-15.173678,16.613509,-27.974502,-18.126424,46.965544,-24.088894,-15.192917,16.596000,-23.573745,-14.402417,17.700974,0.200000,
-24.155743,-15.173678,16.613509,-27.973921,-18.127343,46.970024,-24.316414,-15.127343,16.655501,-23.575531,-14.403764,17.698956,0.200000,
-24.155743,-15.173678,16.613509,-27.973342,-18.128259,46.974488,-24.088894,-15.192917,16.596000,-23.577311,-14.405109,17.696942,0.200000,
-24.155743,-15.173678,16.613509,-27.972765,-18.129172,46.978934,-24.316413,-15.127343,16.655501,-23.579084,-14.406452,17.694931,0.200000,
-24.155743,-15.173678,16.613509,-27.972190,-18.130081,46.983364,-24.088893,-15.192917,16.596000,-23.580852,-14.407793,17.692923,0.200000,
-24.155743,-15.173678,16.613509,-27.971618,-18.130987,46.987777,-24.316413,-15.127343,16.655501,-23.582613,-14.409132,17.690919,0.200000,
-24.155743,-15.173678,16.613509,-27.971048,-18.131890,46.992173,-24.088893,-15.192917,16.596000,-23.584369,-14.410470,17.688918,0.200000,
-24.155743,-15.173678,16.613509,-27.970480,-18.132790,46.996553,-24.316413,-15.127343,16.655501,-23.586119,-14.411805,17.686921,0.200000,
-24.155743,-15.173678,16.613509,-27.969914,-18.133686,47.000916,-24.088893,-15.192917,16.596000,-23.587863,-14.413139,17.684927,0.200000,
-24.155743,-15.173678,16.613509,-27.969350,-18.134580,47.005262,-24.316413,-15.127343,16.655501,-23.589601,-14.414470,17.682936,0.200000,
-24.155743,-15.173678,16.613509,-27.968788,-18.135470,47.009593,-24.088893,-15.192917,16.596000,-23.591333,-14.415800,17.680949,0.200000,
-24.155743,-15.173678,16.613509,-27.968228,-18.136357,47.013906,-24.316413,-15.127343,16.655500,-23.593059,-14.417128,17.678965,0.200000,
-24.155743,-15.173678,16.613509,-27.967671,-18.137240,47.018204,-24.088893,-15.192917,16.596000,-23.594779,-14.418454,17.676985,0.200000,
-24.155743,-15.173678,16.613509,-27.967116,-18.138121,47.022485,-24.316412,-15.127343,16.655500,-23.596494,-14.419778,17.675008,0.200000,
-24.155743,-15.173678,16.613509,-27.966562,-18.138998,47.026750,-24.088892,-15.192917,16.596000,-23.598203,-14.421100,17.673034,0.200000,
-24.155743,-15.173678,16.613509,-27.966011,-18.139872,47.030999,-24.316412,-15.127343,16.655500,-23.599906,-14.422420,17.671064,0.200000,
-24.155743,-15.173678,16.613509,-27.965462,-18.140743,47.035232,-24.088892,-15.192917,16.596000,-23.601603,-14.423739,17.669097,0.200000,
-24.155743,-15.173678,16.613509,-27.964915,-18.141611,47.039448,-24.316412,-15.127343,16.655500,-23.603295,-14.425055,17.667133,0.200000,
-24.155743,-15.173678,16.613509,-27.964370,-18.142476,47.043649,-24.088892,-15.192917,16.596000,-23.604980,-14.426370,17.665173,0.200000,
-24.155743,-15.173678,16.613509,-27.963827,-18.143338,47.047834,-24.316412,-15.127343,16.655500,-23.606661,-14.427683,17.663216,0.200000,
-24.155743,-15.173678,16.613509,-27.963286,-18.144196,47.052003,-24.088892,-15.192917,16.596000,-23.608335,-14.428993,17.661263,0.200000,
-24.155743,-15.173678,16.613509,-27.962747,-18.145052,47.056157,-24.316412,-15.127343,16.655500,-23.610004,-14.430302,17.659313,0.200000,
-24.155743,-15.173678,16.613509,-27.962210,-18.145904,47.060294,-24.088892,-15.192917,16.596000,-23.611667,-14.431609,17.657366,0.200000,
-24.155743,-15.173678,16.613509,-27.961675,-18.146754,47.064416,-24.316412,-15.127343,16.655500,-23.613325,-14.432914,17.655422,0.200000,
-24.155743,-15.173678,16.613509,-27.961142,-18.147600,47.068523,-24.088892,-15.192917,16.596000,-23.614977,-14.434218,17.653482,0.200000,
-24.155743,-15.173678,16.613509,-27.960611,-18.148443,47.072614,-24.316411,-15.127344,16.655500,-23.616624,-14.435519,17.651545,0.200000,
-24.155743,-15.173678,16.613509,-27.960082,-18.149283,47.076689,-24.088891,-15.192917,16.596000,-23.618265,-14.436819,17.649612,0.200000,
-24.155743,-15.173678,16.613509,-27.959555,-18.150120,47.080749,-24.316411,-15.127344,16.655500,-23.619900,-14.438116,17.647682,0.200000,
-24.155743,-15.173678,16.613509,-27.959030,-18.150955,47.084794,-24.088891,-15.192917,16.596000,-23.621530,-14.439412,17.645755,0.200000,
-24.155743,-15.173678,16.613509,-27.958507,-18.151786,47.088823,-24.316411,-15.127344,16.655500,-23.623154,-14.440706,17.643831,0.200000,
-24.155743,-15.173678,16.613509,-27.957986,-18.152614,47.092837,-24.088891,-15.192917,16.595999,-23.624774,-14.441998,17.641911,0.200000,
-24.155743,-15.173678,16.613509,-27.957467,-18.153439,47.096836,-24.316411,-15.127344,16.655500,-23.626387,-14.443288,17.639994,0.200000,
-24.155743,-15.173678,16.613509,-27.956950,-18.154261,47.100820,-24.088891,-15.192917,16.595999,-23.627995,-14.444576,17.638081,0.200000,
-24.155743,-15.173678,16.613509,-27.956435,-18.155081,47.104789,-24.316411,-15.127344,16.655500,-23.629598,-14.445862,17.636170,0.200000,
-24.155743,-15.173678,16.613509,-27.955922,-18.155897,47.108742,-24.088891,-15.192917,16.595999,-23.631195,-14.447147,17.634263,0.200000,
-24.155743,-15.173678,16.613509,-27.955411,-18.156710,47.112681,-24.316410,-15.127344,16.655500,-23.632788,-14.448429,17.632359,0.200000,
-24.155743,-15.173678,16.613509,-27.954901,-18.157521,47.116605,-24.088890,-15.192918,16.595999,-23.634374,-14.449710,17.630459,0.200000,
-24.155743,-15.173678,16.613509,-27.954394,-18.158328,47.120514,-24.316410,-15.127344,16.655500,-23.635956,-14.450989,17.628562,0.200000,
-24.155743,-15.173678,16.613509,-27.953888,-18.159133,47.124408,-24.088890,-15.192918,16.595999,-23.637532,-14.452266,17.626668,0.200000,
-24.155743,-15.173678,16.613509,-27.953385,-18.159934,47.128288,-24.316410,-15.127344,16.655500,-23.639102,-14.453541,17.624777,0.200000,
-24.155743,-15.173678,16.613509,-27.952883,-18.160733,47.132153,-24.088890,-15.192918,16.595999,-23.640668,-14.454814,17.622890,0.200000,
-24.155743,-15.173678,16.613509,-27.952383,-18.161529,47.136003,-24.316410,-15.127344,16.655500,-23.642228,-14.456086,17.621005,0.200000,
-24.155743,-15.173678,16.613509,-27.951885,-18.162322,47.139839,-24.088890,-15.192918,16.595999,-23.643783,-14.457355,17.619125,0.200000,
-24.155743,-15.173678,16.613509,-27.951389,-18.163112,47.143660,-24.316410,-15.127344,16.655500,-23.645333,-14.458623,17.617247,0.200000,
-24.155743,-15.173678,16.613509,-27.950895,-18.163899,47.147467,-24.088890,-15.192918,16.595999,-23.646878,-14.459888,17.615372,0.200000,
-24.155743,-15.173678,16.613509,-27.950402,-18.164684,47.151259,-24.316409,-15.127344,16.655500,-23.648417,-14.461152,17.613501,0.200000,
-24.155743,-15.173678,16.613509,-27.949912,-18.165466,47.155037,-24.088889,-15.192918,16.595999,-23.649952,-14.462414,17.611633,0.200000,
-24.155743,-15.173678,16.613509,-27.949423,-18.166244,47.158801,-24.316409,-15.127344,16.655500,-23.651481,-14.463674,17.609768,0.200000,
-24.155743,-15.173678,16.613509,-27.948936,-18.167020,47.162551,-24.088889,-15.192918,16.595999,-23.653005,-14.464933,17.607907,0.200000,
-24.155743,-15.173678,16.613509,-27.948451,-18.167793,47.166286,-24.316409,-15.127344,16.655500,-23.654524,-14.466189,17.606049,0.200000,
-24.155743,-15.173678,16.613509,-27.947968,-18.168564,47.170007,-24.088889,-15.192918,16.595999,-23.656038,-14.467444,17.604194,0.200000,
-24.155743,-15.173678,16.613509,-27.947487,-18.169331,47.173714,-24.316409,-15.127344,16.655499,-23.657547,-14.468696,17.602342,0.200000,
-24.155743,-15.173678,16.613509,-27.947007,-18.170096,47.177407,-24.088889,-15.192918,16.595999,-23.659050,-14.469947,17.600493,0.200000,
-24.155743,-15.173678,16.613509,-27.946529,-18.170858,47.181087,-24.316409,-15.127344,16.655499,-23.660549,-14.471196,17.598648,0.200000,
-24.155743,-15.173678,16.613509,-27.946054,-18.171618,47.184752,-24.088889,-15.192918,16.595999,-23.662043,-14.472443,17.596805,0.200000,
-24.155743,-15.173678,16.613509,-27.945579,-18.172374,47.188403,-24.316409,-15.127344,16.655499,-23.663532,-14.473688,17.594966,0.200000,
-24.155743,-15.173678,16.613509,-27.945107,-18.173128,47.192041,-24.088889,-15.192918,16.595999,-23.665015,-14.474932,17.593130,0.200000,
-24.155743,-15.173678,16.613509,-27.944636,-18.173879,47.195665,-24.316408,-15.127344,16.655499,-23.666494,-14.476173,17.591298,0.200000,
-24.155743,-15.173678,16.613509,-27.944167,-18.174627,47.199275,-24.088888,-15.192918,16.595999,-23.667968,-14.477413,17.589468,0.200000,
-24.155743,-15.173678,16.613509,-27.943700,-18.175373,47.202871,-24.316408,-15.127344,16.655499,-23.669437,-14.478651,17.587642,0.200000,
-24.155743,-15.173678,16.613509,-27.943235,-18.176116,47.206454,-24.088888,-15.192918,16.595999,-23.670901,-14.479887,17.585819,0.200000,
-24.155743,-15.173678,16.613509,-27.942771,-18.176856,47.210023,-24.316408,-15.127344,16.655499,-23.672360,-14.481121,17.583999,0.200000,
-24.155743,-15.173678,16.613509,-27.942310,-18.177594,47.213579,-24.088888,-15.192918,16.595999,-23.673815,-14.482353,17.582182,0.200000,
-24.155743,-15.173678,16.613509,-27.941849,-18.178329,47.217122,-24.316408,-15.127345,16.655499,-23.675264,-14.483584,17.580368,0.200000,
-24.155743,-15.173678,16.613509,-27.941391,-18.179061,47.220651,-24.088888,-15.192918,16.595999,-23.676709,-14.484812,17.578558,0.200000,
-24.155743,-15.173678,16.613509,-27.940934,-18.179790,47.224166,-24.316408,-15.127345,16.655499,-23.678149,-14.486039,17.576750,0.200000,
-24.155743,-15.173678,16.613509,-27.940479,-18.180517,47.227669,-24.088888,-15.192918,16.595999,-23.679584,-14.487264,17.574946,0.200000,
-24.155743,-15.173678,16.613509,-27.940026,-18.181242,47.231158,-24.316407,-15.127345,16.655499,-23.681014,-14.488487,17.573145,0.200000,
-24.155743,-15.173678,16.613509,-27.939575,-18.181963,47.234634,-24.088887,-15.192918,16.595999,-23.682440,-14.489708,17.571347,0.200000,
-24.155743,-15.173678,16.613509,-27.939125,-18.182682,47.238097,-24.316407,-15.127345,16.655499,-23.683861,-14.490927,17.569552,0.200000,
-24.155743,-15.173678,16.613509,-27.938677,-18.183399,47.241546,-24.088887,-15.192918,16.595998,-23.685277,-14.492145,17.567760,0.200000,
-24.155743,-15.173678,16.613509,-27.938230,-18.184113,47.244983,-24.316407,-15.127345,16.655499,-23.686688,-14.493361,17.565972,0.200000,
-24.155743,-15.173678,16.613509,-27.937786,-18.184824,47.248407,-24.088887,-15.192919,16.595998,-23.688095,-14.494575,17.564186,0.200000,
-24.155743,-15.173678,16.613509,-27.937342,-18.185533,47.251817,-24.316407,-15.127345,16.655499,-23.689497,-14.495787,17.562404,0.200000,
-24.155743,-15.173678,16.613509,-27.936901,-18.186239,47.255215,-24.088887,-15.192919,16.595998,-23.690894,-14.496997,17.560625,0.200000,
-24.155743,-15.173678,16.613509,-27.936461,-18.186942,47.258600,-24.316407,-15.127345,16.655499,-23.692287,-14.498205,17.558848,0.200000,
-24.155743,-15.173678,16.613509,-27.936023,-18.187643,47.261972,-24.088887,-15.192919,16.595998,-23.693675,-14.499412,17.557075,0.200000,
-24.155743,-15.173678,16.613509,-27.935587,-18.188342,47.265332,-24.316406,-15.127345,16.655499,-23.695058,-14.500616,17.555305,0.200000,
-24.155743,-15.173678,16.613509,-27.935152,-18.189038,47.268679,-24.088886,-15.192919,16.595998,-23.696437,-14.501819,17.553538,0.200000,
-24.155743,-15.173678,16.613509,-27.934719,-18.189731,47.272013,-24.316406,-15.127345,16.655499,-23.697811,-14.503020,17.551775,0.200000,
-24.155743,-15.173678,16.613509,-27.934287,-18.190422,47.275334,-24.088886,-15.192919,16.595998,-23.699181,-14.504219,17.550014,0.200000,
-24.155743,-15.173678,16.613509,-27.933857,-18.191110,47.278643,-24.316406,-15.127345,16.655499,-23.700546,-14.505417,17.548256,0.200000,
-24.155743,-15.173678,16.613509,-27.933429,-18.191796,47.281940,-24.088886,-15.192919,16.595998,-23.701907,-14.506612,17.546502,0.200000,
-24.155743,-15.173678,16.613509,-27.933002,-18.192479,47.285224,-24.316406,-15.127345,16.655499,-23.703263,-14.507806,17.544750,0.200000,
-24.155743,-15.173678,16.613509,-27.932577,-18.193160,47.288495,-24.088886,-15.192919,16.595998,-23.704614,-14.508998,17.543002,0.200000,
-24.155743,-15.173678,16.613509,-27.932153,-18.193839,47.291754,-24.316406,-15.127345,16.655499,-23.705962,-14.510188,17.541256,0.200000,
-24.155743,-15.173678,16.613509,-27.931731,-18.194514,47.295001,-24.088886,-15.192919,16.595998,-23.707304,-14.511376,17.539514,0.200000,
-24.155743,-15.173678,16.613509,-27.931311,-18.195188,47.298236,-24.316406,-15.127345,16.655499,-23.708642,-14.512563,17.537775,0.200000,
-24.155743,-15.173678,16.613509,-27.930892,-18.195859,47.301458,-24.088886,-15.192919,16.595998,-23.709976,-14.513748,17.536039,0.200000,
-24.155743,-15.173678,16.613509,-27.930475,-18.196528,47.304668,-24.316405,-15.127345,16.655499,-23.711306,-14.514930,17.534305,0.200000,
-24.155743,-15.173678,16.613509,-27.930060,-18.197194,47.307866,-24.088885,-15.192919,16.595998,-23.712631,-14.516111,17.532575,0.200000,
-24.155743,-15.173678,16.613509,-27.929645,-18.197857,47.311052,-24.316405,-15.127345,16.655499,-23.713951,-14.517291,17.530848,0.200000,
-24.155743,-15.173678,16.613509,-27.929233,-18.198519,47.314226,-24.088885,-15.192919,16.595998,-23.715267,-14.518468,17.529124,0.200000,
-24.155743,-15.173678,16.613509,-27.928822,-18.199178,47.317388,-24.316405,-15.127345,16.655498,-23.716579,-14.519644,17.527403,0.200000,
-24.155743,-15.173678,16.613509,-27.928413,-18.199834,47.320538,-24.088885,-15.192919,16.595998,-23.717887,-14.520817,17.525685,0.200000,
-24.155743,-15.173678,16.613509,-27.928005,-18.200488,47.323676,-24.316405,-15.127345,16.655498,-23.719190,-14.521989,17.523970,0.200000,
-24.155743,-15.173678,16.613509,-27.927598,-18.201140,47.326802,-24.088885,-15.192919,16.595998,-23.720489,-14.523159,17.522258,0.200000,
-24.155743,-15.173678,16.613509,-27.927194,-18.201789,47.329917,-24.316405,-15.127345,16.655498,-23.721784,-14.524328,17.520549,0.200000,
-24.155743,-15.173678,16.613509,-27.926790,-18.202436,47.333019,-24.088885,-15.192919,16.595998,-23.723074,-14.525494,17.518843,0.200000,
-24.155743,-15.173678,16.613509,-27.926389,-18.203081,47.336110,-24.316404,-15.127346,16.655498,-23.724360,-14.526659,17.517140,0.200000,
-24.155743,-15.173678,16.613509,-27.925988,-18.203723,47.339190,-24.088884,-15.192919,16.595998,-23.725642,-14.527822,17.515440,0.200000,
-24.155743,-15.173678,16.613509,-27.925590,-18.204363,47.342257,-24.316404,-15.127346,16.655498,-23.726920,-14.528983,17.513743,0.200000,
-24.155743,-15.173678,16.613509,-27.925192,-18.205001,47.345313,-24.088884,-15.192919,16.595998,-23.728193,-14.530143,17.512049,0.200000,
-24.155743,-15.173678,16.613509,-27.924797,-18.205636,47.348358,-24.316404,-15.127346,16.655498,-23.729462,-14.531300,17.510358,0.200000,
-24.155743,-15.173678,16.613509,-27.924402,-18.206269,47.351390,-24.088884,-15.192919,16.595998,-23.730727,-14.532456,17.508669,0.200000,
-24.155743,-15.173678,16.613509,-27.924010,-18.206899,47.354412,-24.316404,-15.127346,16.655498,-23.731988,-14.533610,17.506984,0.200000,
-24.155743,-15.173678,16.613509,-27.923618,-18.207528,47.357422,-24.088884,-15.192919,16.595998,-23.733245,-14.534762,17.505302,0.200000,
-24.155743,-15.173678,16.613509,-27.923228,-18.208154,47.360421,-24.316404,-15.127346,16.655498,-23.734497,-14.535913,17.503623,0.200000,
-24.155743,-15.173678,16.613509,-27.922840,-18.208778,47.363408,-24.088884,-15.192919,16.595998,-23.735746,-14.537061,17.501947,0.200000,
-24.155743,-15.173678,16.613509,-27.922453,-18.209399,47.366384,-24.316403,-15.127346,16.655498,-23.736990,-14.538208,17.500273,0.200000,
-24.155743,-15.173678,16.613509,-27.922068,-18.210018,47.369349,-24.088883,-15.192920,16.595997,-23.738230,-14.539353,17.498603,0.200000,
-24.155743,-15.173678,16.613509,-27.921684,-18.210635,47.372302,-24.316403,-15.127346,16.655498,-23.739466,-14.540496,17.496936,0.200000,
-24.155743,-15.173678,16.613509,-27.921301,-18.211250,47.375245,-24.088883,-15.192920,16.595997,-23.740698,-14.541638,17.495271,0.200000,
-24.155743,-15.173678,16.613509,-27.920920,-18.211862,47.378176,-24.316403,-15.127346,16.655498,-23.741926,-14.542778,17.493610,0.200000,
-24.155743,-15.173678,16.613509,-27.920540,-18.212473,47.381096,-24.088883,-15.192920,16.595997,-23.743150,-14.543915,17.491951,0.200000,
-24.155743,-15.173678,16.613509,-27.920162,-18.213081,47.384005,-24.316403,-15.127346,16.655498,-23.744370,-14.545052,17.490295,0.200000,
-24.155743,-15.173678,16.613509,-27.919785,-18.213687,47.386904,-24.088883,-15.192920,16.595997,-23.745586,-14.546186,17.488643,0.200000,
-24.155743,-15.173678,16.613509,-27.919410,-18.214290,47.389791,-24.316403,-15.127346,16.655498,-23.746798,-14.547319,17.486993,0.200000,
-24.155743,-15.173678,16.613509,-27.919036,-18.214891,47.392667,-24.088883,-15.192920,16.595997,-23.748006,-14.548449,17.485346,0.200000,
-24.155743,-15.173678,16.613509,-27.918663,-18.215491,47.395533,-24.316403,-15.127346,16.655498,-23.749210,-14.549578,17.483702,0.200000,
-24.155743,-15.173678,16.613509,-27.918292,-18.216088,47.398387,-24.088883,-15.192920,16.595997,-23.750410,-14.550706,17.482061,0.200000,
-24.155743,-15.173678,16.613509,-27.917922,-18.216682,47.401231,-24.316402,-15.127346,16.655498,-23.751606,-14.551831,17.480423,0.200000,
-24.155743,-15.173678,16.613509,-27.917554,-18.217275,47.404064,-24.088882,-15.192920,16.595997,-23.752798,-14.552955,17.478787,0.200000,
-24.155743,-15.173678,16.613509,-27.917187,-18.217866,47.406886,-24.316402,-15.127346,16.655498,-23.753987,-14.554077,17.477155,0.200000,
-24.155743,-15.173678,16.613509,-27.916821,-18.218454,47.409698,-24.088882,-15.192920,16.595997,-23.755171,-14.555197,17.475525,0.200000,
-24.155743,-15.173678,16.613509,-27.916457,-18.219040,47.412499,-24.316402,-15.127346,16.655498,-23.756351,-14.556316,17.473899,0.200000,
-24.155743,-15.173678,16.613509,-27.916094,-18.219624,47.415290,-24.088882,-15.192920,16.595997,-23.757528,-14.557432,17.472275,0.200000,
-24.155743,-15.173678,16.613509,-27.915733,-18.220206,47.418070,-24.316402,-15.127346,16.655498,-23.758701,-14.558547,17.470654,0.200000,
-24.155743,-15.173678,16.613509,-27.915372,-18.220786,47.420839,-24.088882,-15.192920,16.595997,-23.759870,-14.559660,17.469036,0.200000,
-24.155743,-15.173678,16.613509,-27.915014,-18.221363,47.423598,-24.316402,-15.127346,16.655498,-23.761035,-14.560772,17.467421,0.200000,
-24.155743,-15.173678,16.613509,-27.914656,-18.221939,47.426347,-24.088882,-15.192920,16.595997,-23.762196,-14.561882,17.465809,0.200000,
-24.155743,-15.173678,16.613509,-27.914300,-18.222512,47.429085,-24.316401,-15.127346,16.655498,-23.763354,-14.562989,17.464199,0.200000,
-24.155743,-15.173678,16.613509,-27.913945,-18.223083,47.431813,-24.088881,-15.192920,16.595997,-23.764507,-14.564096,17.462593,0.200000,
-24.155743,-15.173678,16.613509,-27.913592,-18.223653,47.434530,-24.316401,-15.127346,16.655497,-23.765657,-14.565200,17.460989,0.200000,
-24.155743,-15.173678,16.613509,-27.913240,-18.224220,47.437237,-24.088881,-15.192920,16.595997,-23.766803,-14.566303,17.459388,0.200000,
-24.155743,-15.173678,16.613509,-27.912889,-18.224785,47.439934,-24.316401,-15.127346,16.655497,-23.767946,-14.567404,17.457790,0.200000,
-24.155743,-15.173678,16.613509,-27.912539,-18.225348,47.442621,-24.088881,-15.192920,16.595997,-23.769084,-14.568503,17.456195,0.200000,
-24.155743,-15.173678,16.613509,-27.912191,-18.225909,47.445298,-24.316401,-15.127347,16.655497,-23.770219,-14.569600,17.454602,0.200000,
-24.155743,-15.173678,16.613509,-27.911844,-18.226468,47.447965,-24.088881,-15.192920,16.595997,-23.771350,-14.570696,17.453013,0.200000,
-24.155743,-15.173678,16.613509,-27.911499,-18.227025,47.450621,-24.316401,-15.127347,16.655497,-23.772478,-14.571790,17.451426,0.200000,
-24.155743,-15.173678,16.613509,-27.911155,-18.227579,47.453267,-24.088881,-15.192920,16.595997,-23.773602,-14.572882,17.449842,0.200000,
-24.155743,-15.173678,16.613509,-27.910812,-18.228132,47.455904,-24.316400,-15.127347,16.655497,-23.774722,-14.573973,17.448261,0.200000,
-24.155743,-15.173678,16.613509,-27.910470,-18.228683,47.458530,-24.088880,-15.192920,16.595997,-23.775839,-14.575061,17.446683,0.200000,
-24.155743,-15.173678,16.613509,-27.910130,-18.229232,47.461147,-24.316400,-15.127347,16.655497,-23.776951,-14.576148,17.445107,0.200000,
-24.155743,-15.173678,16.613509,-27.909790,-18.229778,47.463754,-24.088880,-15.192920,16.595997,-23.778061,-14.577234,17.443535,0.200000,
-24.155743,-15.173678,16.613509,-27.909453,-18.230323,47.466350,-24.316400,-15.127347,16.655497,-23.779166,-14.578317,17.441965,0.200000,
-24.155743,-15.173678,16.613509,-27.909116,-18.230866,47.468937,-24.088880,-15.192921,16.595997,-23.780268,-14.579399,17.440398,0.200000,
-24.155743,-15.173678,16.613509,-27.908781,-18.231406,47.471515,-24.316400,-15.127347,16.655497,-23.781367,-14.580479,17.438833,0.200000,
-24.155743,-15.173678,16.613509,-27.908447,-18.231945,47.474082,-24.088880,-15.192921,16.595997,-23.782462,-14.581558,17.437272,0.200000,
-24.155743,-15.173678,16.613509,-27.908114,-18.232482,47.476640,-24.316400,-15.127347,16.655497,-23.783553,-14.582634,17.435713,0.200000,
-24.155743,-15.173678,16.613509,-27.907783,-18.233017,47.479188,-24.088880,-15.192921,16.595997,-23.784641,-14.583709,17.434157,0.200000,
-24.155743,-15.173678,16.613509,-27.907452,-18.233549,47.481727,-24.316400,-15.127347,16.655497,-23.785725,-14.584782,17.432604,0.200000,
-24.155743,-15.173678,16.613509,-27.907123,-18.234080,47.484255,-24.088880,-15.192921,16.595996,-23.786805,-14.585854,17.431054,0.200000,
-24.155743,-15.173678,16.613509,-27.906796,-18.234609,47.486775,-24.316399,-15.127347,16.655497,-23.787883,-14.586924,17.429506,0.200000,
-24.155743,-15.173678,16.613509,-27.906469,-18.235136,47.489285,-24.088879,-15.192921,16.595996,-23.788956,-14.587992,17.427961,0.200000,
-24.155743,-15.173678,16.613509,-27.906144,-18.235661,47.491785,-24.316399,-15.127347,16.655497,-23.790026,-14.589058,17.426419,0.200000,
-24.155743,-15.173678,16.613509,-27.905820,-18.236184,47.494276,-24.088879,-15.192921,16.595996,-23.791093,-14.590123,17.424879,0.200000,
-24.155743,-15.173678,16.613509,-27.905497,-18.236706,47.496757,-24.316399,-15.127347,16.655497,-23.792156,-14.591186,17.423343,0.200000,
-24.155743,-15.173678,16.613509,-27.905175,-18.237225,47.499229,-24.088879,-15.192921,16.595996,-23.793216,-14.592247,17.421809,0.200000,
-24.155743,-15.173678,16.613509,-27.904855,-18.237742,47.501692,-24.316399,-15.127347,16.655497,-23.794272,-14.593307,17.420278,0.200000,
-24.155743,-15.173678,16.613509,-27.904535,-18.238258,47.504146,-24.088879,-15.192921,16.595996,-23.795325,-14.594364,17.418749,0.200000,
-24.155743,-15.173678,16.613509,-27.904217,-18.238771,47.506590,-24.316399,-15.127347,16.655497,-23.796375,-14.595421,17.417224,0.200000,
-24.155743,-15.173678,16.613509,-27.903900,-18.239283,47.509025,-24.088879,-15.192921,16.595996,-23.797421,-14.596475,17.415701,0.200000,
-24.155743,-15.173678,16.613509,-27.903585,-18.239793,47.511451,-24.316398,-15.127347,16.655497,-23.798463,-14.597528,17.414180,0.200000,
-24.155743,-15.173678,16.613509,-27.903270,-18.240301,47.513867,-24.088878,-15.192921,16.595996,-23.799503,-14.598579,17.412663,0.200000,
-24.155743,-15.173678,16.613509,-27.902957,-18.240807,47.516275,-24.316398,-15.127347,16.655497,-23.800539,-14.599628,17.411148,0.200000,
-24.155743,-15.173678,16.613509,-27.902645,-18.241311,47.518673,-24.088878,-15.192921,16.595996,-23.801571,-14.600676,17.409636,0.200000,
-24.155743,-15.173678,16.613509,-27.902334,-18.241814,47.521062,-24.316398,-15.127347,16.655497,-23.802600,-14.601722,17.408127,0.200000,
-24.155743,-15.173678,16.613509,-27.902024,-18.242314,47.523443,-24.088878,-15.192921,16.595996,-23.803626,-14.602766,17.406620,0.200000,
-24.155743,-15.173678,16.613509,-27.901716,-18.242813,47.525814,-24.316398,-15.127347,16.655497,-23.804649,-14.603808,17.405116,0.200000,
-24.155743,-15.173678,16.613509,-27.901408,-18.243310,47.528176,-24.088878,-15.192921,16.595996,-23.805668,-14.604849,17.403615,0.200000,
-24.155743,-15.173678,16.613509,-27.901102,-18.243805,47.530530,-24.316398,-15.127347,16.655497,-23.806684,-14.605888,17.402116,0.200000,
-24.155743,-15.173678,16.613509,-27.900797,-18.244298,47.532874,-24.088878,-15.192921,16.595996,-23.807696,-14.606926,17.400620,0.200000,
-24.155743,-15.173678,16.613509,-27.900493,-18.244789,47.535210,-24.316397,-15.127348,16.655497,-23.808706,-14.607962,17.399127,0.200000,
-24.155743,-15.173678,16.613509,-27.900190,-18.245279,47.537537,-24.088877,-15.192921,16.595996,-23.809712,-14.608996,17.397636,0.200000,
-24.155743,-15.173678,16.613509,-27.899888,-18.245767,47.539855,-24.316397,-15.127348,16.655496,-23.810715,-14.610028,17.396148,0.200000,
-24.155743,-15.173678,16.613509,-27.899588,-18.246253,47.542164,-24.088877,-15.192921,16.595996,-23.811714,-14.611059,17.394663,0.200000,
-24.155743,-15.173678,16.613509,-27.899288,-18.246737,47.544465,-24.316397,-15.127348,16.655496,-23.812711,-14.612088,17.393180,0.200000,
-24.155743,-15.173678,16.613509,-27.898990,-18.247220,47.546756,-24.088877,-15.192921,16.595996,-23.813704,-14.613116,17.391701,0.200000,
-24.155743,-15.173678,16.613509,-27.898693,-18.247700,47.549040,-24.316397,-15.127348,16.655496,-23.814694,-14.614142,17.390223,0.200000,
-24.155743,-15.173678,16.613509,-27.898397,-18.248179,47.551314,-24.088877,-15.192921,16.595996,-23.815680,-14.615166,17.388749,0.200000,
-24.155743,-15.173678,16.613509,-27.898102,-18.248656,47.553580,-24.316397,-15.127348,16.655496,-23.816664,-14.616188,17.387277,0.200000,
-24.155743,-15.173678,16.613509,-27.897808,-18.249132,47.555838,-24.088877,-15.192921,16.595996,-23.817644,-14.617209,17.385807,0.200000,
-24.155743,-15.173678,16.613509,-27.897515,-18.249605,47.558087,-24.316397,-15.127348,16.655496,-23.818622,-14.618228,17.384341,0.200000,
-24.155743,-15.173678,16.613509,-27.897224,-18.250077,47.560327,-24.088877,-15.192922,16.595996,-23.819596,-14.619245,17.382877,0.200000,
-24.155743,-15.173678,16.613509,-27.896933,-18.250547,47.562559,-24.316396,-15.127348,16.655496,-23.820567,-14.620261,17.381415,0.200000,
-24.155743,-15.173678,16.613509,-27.896644,-18.251016,47.564782,-24.088876,-15.192922,16.595996,-23.821534,-14.621275,17.379956,0.200000,
-24.155743,-15.173678,16.613509,-27.896355,-18.251482,47.566998,-24.316396,-15.127348,16.655496,-23.822499,-14.622288,17.378500,0.200000,
-24.155743,-15.173678,16.613509,-27.896068,-18.251947,47.569204,-24.088876,-15.192922,16.595996,-23.823461,-14.623299,17.377047,0.200000,
-24.155743,-15.173678,16.613509,-27.895782,-18.252411,47.571403,-24.316396,-15.127348,16.655496,-23.824419,-14.624308,17.375596,0.200000,
-24.155743,-15.173678,16.613509,-27.895497,-18.252872,47.573593,-24.088876,-15.192922,16.595996,-23.825374,-14.625315,17.374147,0.200000,
-24.155743,-15.173678,16.613509,-27.895213,-18.253332,47.575775,-24.316396,-15.127348,16.655496,-23.826327,-14.626321,17.372702,0.200000,
-24.155743,-15.173678,16.613509,-27.894930,-18.253790,47.577948,-24.088876,-15.192922,16.595995,-23.827276,-14.627325,17.371258,0.200000,
-24.155743,-15.173678,16.613509,-27.894648,-18.254247,47.580114,-24.316396,-15.127348,16.655496,-23.828222,-14.628328,17.369818,0.200000,
-24.155743,-15.173678,16.613509,-27.894367,-18.254702,47.582271,-24.088876,-15.192922,16.595995,-23.829165,-14.629329,17.368380,0.200000,
-24.155743,-15.173678,16.613509,-27.894087,-18.255155,47.584420,-24.316395,-15.127348,16.655496,-23.830105,-14.630328,17.366945,0.200000,
-24.155743,-15.173678,16.613509,-27.893809,-18.255606,47.586561,-24.088875,-15.192922,16.595995,-23.831042,-14.631326,17.365512,0.200000,
-24.155743,-15.173678,16.613509,-27.893531,-18.256056,47.588694,-24.316395,-15.127348,16.655496,-23.831977,-14.632322,17.364082,0.200000,
-24.155743,-15.173678,16.613509,-27.893254,-18.256504,47.590818,-24.088875,-15.192922,16.595995,-23.832908,-14.633316,17.362654,0.200000,
-24.155743,-15.173678,16.613509,-27.892979,-18.256951,47.592935,-24.316395,-15.127348,16.655496,-23.833836,-14.634309,17.361229,0.200000,
-24.155743,-15.173678,16.613509,-27.892704,-18.257395,47.595044,-24.088875,-15.192922,16.595995,-23.834761,-14.635300,17.359807,0.200000,
-24.155743,-15.173678,16.613509,-27.892431,-18.257839,47.597145,-24.316395,-15.127348,16.655496,-23.835683,-14.636290,17.358387,0.200000,
-24.155743,-15.173678,16.613509,-27.892158,-18.258280,47.599238,-24.088875,-15.192922,16.595995,-23.836602,-14.637277,17.356969,0.200000,
-24.155743,-15.173678,16.613509,-27.891887,-18.258720,47.601323,-24.316395,-15.127348,16.655496,-23.837518,-14.638264,17.355555,0.200000,
-24.155743,-15.173678,16.613509,-27.891616,-18.259158,47.603400,-24.088875,-15.192922,16.595995,-23.838432,-14.639248,17.354142,0.200000,
-24.155743,-15.173678,16.613509,-27.891347,-18.259595,47.605469,-24.316394,-15.127348,16.655496,-23.839342,-14.640231,17.352733,0.200000,
-24.155743,-15.173678,16.613509,-27.891078,-18.260030,47.607530,-24.088874,-15.192922,16.595995,-23.840249,-14.641213,17.351325,0.200000,
-24.155743,-15.173678,16.613509,-27.890811,-18.260464,47.609584,-24.316394,-15.127348,16.655496,-23.841154,-14.642192,17.349921,0.200000,
-24.155743,-15.173678,16.613509,-27.890545,-18.260896,47.611630,-24.088874,-15.192922,16.595995,-23.842056,-14.643170,17.348519,0.200000,
-24.155743,-15.173678,16.613509,-27.890279,-18.261326,47.613668,-24.316394,-15.127348,16.655496,-23.842954,-14.644147,17.347119,0.200000,
-24.155743,-15.173678,16.613509,-27.890015,-18.261755,47.615699,-24.088874,-15.192922,16.595995,-23.843850,-14.645122,17.345722,0.200000,
-24.155743,-15.173678,16.613509,-27.889751,-18.262182,47.617721,-24.316394,-15.127349,16.655496,-23.844743,-14.646095,17.344328,0.200000,
-24.155743,-15.173678,16.613509,-27.889489,-18.262607,47.619736,-24.088874,-15.192922,16.595995,-23.845633,-14.647067,17.342936,0.200000,
-24.155743,-15.173678,16.613509,-27.889228,-18.263031,47.621744,-24.316394,-15.127349,16.655496,-23.846521,-14.648037,17.341546,0.200000,
-24.155743,-15.173678,16.613509,-27.888967,-18.263454,47.623744,-24.088874,-15.192922,16.595995,-23.847405,-14.649005,17.340160,0.200000,
-24.155743,-15.173678,16.613509,-27.888708,-18.263875,47.625736,-24.316394,-15.127349,16.655495,-23.848287,-14.649972,17.338775,0.200000,
-24.155743,-15.173678,16.613509,-27.888449,-18.264294,47.627721,-24.088874,-15.192922,16.595995,-23.849165,-14.650937,17.337393,0.200000,
-24.155743,-15.173678,16.613509,-27.888192,-18.264712,47.629699,-24.316393,-15.127349,16.655495,-23.850041,-14.651901,17.336014,0.200000,
-24.155743,-15.173678,16.613509,-27.887935,-18.265128,47.631669,-24.088873,-15.192922,16.595995,-23.850915,-14.652863,17.334637,0.200000,
-24.155743,-15.173678,16.613509,-27.887680,-18.265543,47.633631,-24.316393,-15.127349,16.655495,-23.851785,-14.653823,17.333262,0.200000,
-24.155743,-15.173678,16.613509,-27.887425,-18.265956,47.635586,-24.088873,-15.192923,16.595995,-23.852653,-14.654782,17.331890,0.200000,
-24.155743,-15.173678,16.613509,-27.887171,-18.266367,47.637534,-24.316393,-15.127349,16.655495,-23.853517,-14.655739,17.330521,0.200000,
-24.155743,-15.173678,16.613509,-27.886919,-18.266777,47.639474,-24.088873,-15.192923,16.595995,-23.854380,-14.656695,17.329154,0.200000,
-24.155743,-15.173678,16.613509,-27.886667,-18.267186,47.641407,-24.316393,-15.127349,16.655495,-23.855239,-14.657649,17.327790,0.200000,
-24.155743,-15.173678,16.613509,-27.886416,-18.267593,47.643333,-24.088873,-15.192923,16.595995,-23.856096,-14.658602,17.326428,0.200000,
-24.155743,-15.173678,16.613509,-27.886166,-18.267999,47.645251,-24.316393,-15.127349,16.655495,-23.856949,-14.659552,17.325068,0.200000,
-24.155743,-15.173678,16.613509,-27.885917,-18.268403,47.647162,-24.088873,-15.192923,16.595995,-23.857801,-14.660502,17.323711,0.200000,
-24.155743,-15.173678,16.613509,-27.885669,-18.268805,47.649066,-24.316392,-15.127349,16.655495,-23.858649,-14.661449,17.322356,0.200000,
-24.155743,-15.173678,16.613509,-27.885422,-18.269207,47.650963,-24.088872,-15.192923,16.595995,-23.859495,-14.662396,17.321004,0.200000,
-24.155743,-15.173678,16.613509,-27.885176,-18.269606,47.652853,-24.316392,-15.127349,16.655495,-23.860338,-14.663340,17.319654,0.200000,
-24.155743,-15.173678,16.613509,-27.884931,-18.270004,47.654735,-24.088872,-15.192923,16.595995,-23.861178,-14.664283,17.318307,0.200000,
-24.155743,-15.173678,16.613509,-27.884687,-18.270401,47.656611,-24.316392,-15.127349,16.655495,-23.862016,-14.665225,17.316962,0.200000,
-24.155743,-15.173678,16.613509,-27.884443,-18.270796,47.658479,-24.088872,-15.192923,16.595994,-23.862851,-14.666164,17.315620,0.200000,
-24.155743,-15.173678,16.613509,-27.884201,-18.271190,47.660340,-24.316392,-15.127349,16.655495,-23.863683,-14.667103,17.314280,0.200000,
-24.155743,-15.173678,16.613509,-27.883960,-18.271582,47.662194,-24.088872,-15.192923,16.595994,-23.864513,-14.668039,17.312942,0.200000,
-24.155743,-15.173678,16.613509,-27.883719,-18.271973,47.664041,-24.316392,-15.127349,16.655495,-23.865340,-14.668974,17.311607,0.200000,
-24.155743,-15.173678,16.613509,-27.883479,-18.272362,47.665882,-24.088872,-15.192923,16.595994,-23.866164,-14.669908,17.310275,0.200000,
-24.155743,-15.173678,16.613509,-27.883240,-18.272750,47.667715,-24.316391,-15.127349,16.655495,-23.866986,-14.670840,17.308944,0.200000,
-24.155743,-15.173678,16.613509,-27.883003,-18.273137,47.669541,-24.088871,-15.192923,16.595994,-23.867806,-14.671770,17.307617,0.200000,
-24.155743,-15.173678,16.613509,-27.882766,-18.273522,47.671361,-24.316391,-15.127349,16.655495,-23.868622,-14.672699,17.306291,0.200000,
-24.155743,-15.173678,16.613509,-27.882529,-18.273906,47.673173,-24.088871,-15.192923,16.595994,-23.869436,-14.673627,17.304968,0.200000,
-24.155743,-15.173678,16.613509,-27.882294,-18.274288,47.674979,-24.316391,-15.127349,16.655495,-23.870248,-14.674552,17.303648,0.200000,
-24.155743,-15.173678,16.613509,-27.882060,-18.274669,47.676778,-24.088871,-15.192923,16.595994,-23.871057,-14.675477,17.302330,0.200000,
-24.155743,-15.173678,16.613509,-27.881826,-18.275048,47.678570,-24.316391,-15.127349,16.655495,-23.871863,-14.676399,17.301014,0.200000,
-24.155743,-15.173678,16.613509,-27.881594,-18.275426,47.680355,-24.088871,-15.192923,16.595994,-23.872667,-14.677320,17.299700,0.200000,
-24.155743,-15.173678,16.613509,-27.881362,-18.275803,47.682134,-24.316391,-15.127349,16.655495,-23.873468,-14.678240,17.298389,0.200000,
-24.155743,-15.173678,16.613509,-27.881131,-18.276178,47.683906,-24.088871,-15.192923,16.595994,-23.874266,-14.679158,17.297081,0.200000,
-24.155743,-15.173678,16.613509,-27.880901,-18.276552,47.685671,-24.316391,-15.127350,16.655495,-23.875063,-14.680074,17.295774,0.200000,
-24.155743,-15.173678,16.613509,-27.880672,-18.276924,47.687429,-24.088871,-15.192923,16.595994,-23.875856,-14.680989,17.294471,0.200000,
-24.155743,-15.173678,16.613509,-27.880444,-18.277296,47.689181,-24.316390,-15.127350,16.655495,-23.876647,-14.681903,17.293169,0.200000,
-24.155743,-15.173678,16.613509,-27.880217,-18.277665,47.690927,-24.088870,-15.192923,16.595994,-23.877436,-14.682815,17.291870,0.200000,
-24.155743,-15.173678,16.613509,-27.879990,-18.278034,47.692665,-24.316390,-15.127350,16.655495,-23.878222,-14.683725,17.290573,0.200000,
-24.155743,-15.173678,16.613509,-27.879765,-18.278401,47.694397,-24.088870,-15.192923,16.595994,-23.879006,-14.684634,17.289279,0.200000,
-24.155743,-15.173678,16.613509,-27.879540,-18.278766,47.696123,-24.316390,-15.127350,16.655495,-23.879787,-14.685541,17.287987,0.200000,
-24.155743,-15.173678,16.613509,-27.879316,-18.279130,47.697842,-24.088870,-15.192923,16.595994,-23.880565,-14.686447,17.286697,0.200000,
-24.155743,-15.173678,16.613509,-27.879093,-18.279493,47.699555,-24.316390,-15.127350,16.655494,-23.881342,-14.687351,17.285410,0.200000,
-24.155743,-15.173678,16.613509,-27.878870,-18.279855,47.701261,-24.088870,-15.192923,16.595994,-23.882115,-14.688253,17.284125,0.200000,
-24.155743,-15.173678,16.613509,-27.878649,-18.280215,47.702960,-24.316390,-15.127350,16.655494,-23.882887,-14.689154,17.282842,0.200000,
-24.155743,-15.173678,16.613509,-27.878428,-18.280574,47.704654,-24.088870,-15.192924,16.595994,-23.883656,-14.690054,17.281562,0.200000,
-24.155743,-15.173678,16.613509,-27.878209,-18.280932,47.706341,-24.316389,-15.127350,16.655494,-23.884422,-14.690952,17.280284,0.200000,
-24.155743,-15.173678,16.613509,-27.877990,-18.281288,47.708021,-24.088869,-15.192924,16.595994,-23.885186,-14.691849,17.279008,0.200000,
-24.155743,-15.173678,16.613509,-27.877771,-18.281643,47.709695,-24.316389,-15.127350,16.655494,-23.885948,-14.692744,17.277735,0.200000,
-24.155743,-15.173678,16.613509,-27.877554,-18.281997,47.711363,-24.088869,-15.192924,16.595994,-23.886707,-14.693637,17.276464,0.200000,
-24.155743,-15.173678,16.613509,-27.877338,-18.282349,47.713024,-24.316389,-15.127350,16.655494,-23.887464,-14.694529,17.275196,0.200000,
-24.155743,-15.173678,16.613509,-27.877122,-18.282700,47.714680,-24.088869,-15.192924,16.595994,-23.888218,-14.695420,17.273929,0.200000,
-24.155743,-15.173678,16.613509,-27.876907,-18.283050,47.716329,-24.316389,-15.127350,16.655494,-23.888970,-14.696309,17.272665,0.200000,
-24.155743,-15.173678,16.613509,-27.876693,-18.283398,47.717971,-24.088869,-15.192924,16.595994,-23.889720,-14.697196,17.271404,0.200000,
-24.155743,-15.173678,16.613509,-27.876480,-18.283745,47.719608,-24.316389,-15.127350,16.655494,-23.890467,-14.698082,17.270144,0.200000,
-24.155743,-15.173678,16.613509,-27.876267,-18.284091,47.721238,-24.088869,-15.192924,16.595994,-23.891212,-14.698967,17.268887,0.200000,
-24.155743,-15.173678,16.613509,-27.876056,-18.284436,47.722863,-24.316388,-15.127350,16.655494,-23.891955,-14.699850,17.267632,0.200000,
-24.155743,-15.173678,16.613509,-27.875845,-18.284779,47.724481,-24.088868,-15.192924,16.595994,-23.892695,-14.700731,17.266380,0.200000,
-24.155743,-15.173678,16.613509,-27.875635,-18.285121,47.726093,-24.316388,-15.127350,16.655494,-23.893433,-14.701611,17.265130,0.200000,
-24.155743,-15.173678,16.613509,-27.875426,-18.285462,47.727699,-24.088868,-15.192924,16.595994,-23.894169,-14.702489,17.263882,0.200000,
-24.155743,-15.173678,16.613509,-27.875217,-18.285801,47.729298,-24.316388,-15.127350,16.655494,-23.894902,-14.703366,17.262636,0.200000,
-24.155743,-15.173678,16.613509,-27.875009,-18.286139,47.730892,-24.088868,-15.192924,16.595993,-23.895633,-14.704242,17.261393,0.200000,
-24.155743,-15.173678,16.613509,-27.874802,-18.286476,47.732480,-24.316388,-15.127350,16.655494,-23.896362,-14.705116,17.260152,0.200000,
-24.155743,-15.173678,16.613509,-27.874596,-18.286812,47.734062,-24.088868,-15.192924,16.595993,-23.897089,-14.705988,17.258913,0.200000,
-24.155743,-15.173678,16.613509,-27.874391,-18.287146,47.735638,-24.316388,-15.127350,16.655494,-23.897813,-14.706859,17.257676,0.200000,
-24.155743,-15.173678,16.613509,-27.874186,-18.287480,47.737207,-24.088868,-15.192924,16.595993,-23.898535,-14.707729,17.256442,0.200000,
-24.155743,-15.173678,16.613509,-27.873983,-18.287812,47.738771,-24.316388,-15.127350,16.655494,-23.899254,-14.708597,17.255210,0.200000,
-24.155743,-15.173678,16.613509,-27.873780,-18.288142,47.740329,-24.088868,-15.192924,16.595993,-23.899972,-14.709464,17.253980,0.200000,
-24.155743,-15.173678,16.613509,-27.873577,-18.288472,47.741882,-24.316387,-15.127350,16.655494,-23.900687,-14.710329,17.252753,0.200000,
-24.155743,-15.173678,16.613509,-27.873376,-18.288800,47.743428,-24.088867,-15.192924,16.595993,-23.901400,-14.711192,17.251528,0.200000,
-24.155743,-15.173678,16.613509,-27.873175,-18.289127,47.744968,-24.316387,-15.127350,16.655494,-23.902110,-14.712054,17.250305,0.200000,
-24.155743,-15.173678,16.613509,-27.872975,-18.289453,47.746503,-24.088867,-15.192924,16.595993,-23.902819,-14.712915,17.249084,0.200000,
-24.155743,-15.173678,16.613509,-27.872776,-18.289778,47.748032,-24.316387,-15.127351,16.655494,-23.903525,-14.713774,17.247865,0.200000,
-24.155743,-15.173678,16.613509,-27.872577,-18.290101,47.749555,-24.088867,-15.192924,16.595993,-23.904229,-14.714632,17.246649,0.200000,
-24.155743,-15.173678,16.613509,-27.872380,-18.290424,47.751072,-24.316387,-15.127351,16.655494,-23.904931,-14.715488,17.245435,0.200000,
-24.155743,-15.173678,16.613509,-27.872183,-18.290745,47.752584,-24.088867,-15.192924,16.595993,-23.905630,-14.716343,17.244223,0.200000,
-24.155743,-15.173678,16.613509,-27.871986,-18.291065,47.754090,-24.316387,-15.127351,16.655494,-23.906328,-14.717196,17.243014,0.200000,
-24.155743,-15.173678,16.613509,-27.871791,-18.291383,47.755590,-24.088867,-15.192924,16.595993,-23.907023,-14.718048,17.241806,0.200000,
-24.155743,-15.173678,16.613509,-27.871596,-18.291701,47.757084,-24.316386,-15.127351,16.655494,-23.907716,-14.718898,17.240601,0.200000,
-24.155743,-15.173678,16.613509,-27.871402,-18.292017,47.758573,-24.088866,-15.192924,16.595993,-23.908407,-14.719747,17.239398,0.200000,
-24.155743,-15.173678,16.613509,-27.871209,-18.292332,47.760056,-24.316386,-15.127351,16.655494,-23.909096,-14.720595,17.238197,0.200000,
-24.155743,-15.173678,16.613509,-27.871016,-18.292646,47.761534,-24.088866,-15.192925,16.595993,-23.909782,-14.721441,17.236999,0.200000,
-24.155743,-15.173678,16.613509,-27.870824,-18.292959,47.763006,-24.316386,-15.127351,16.655494,-23.910467,-14.722286,17.235803,0.200000,
-24.155743,-15.173678,16.613509,-27.870633,-18.293271,47.764473,-24.088866,-15.192925,16.595993,-23.911149,-14.723129,17.234608,0.200000,
-24.155743,-15.173678,16.613509,-27.870443,-18.293581,47.765934,-24.316386,-15.127351,16.655493,-23.911829,-14.723970,17.233416,0.200000,
-24.155743,-15.173678,16.613509,-27.870253,-18.293891,47.767389,-24.088866,-15.192925,16.595993,-23.912507,-14.724811,17.232227,0.200000,
-24.155743,-15.173678,16.613509,-27.870064,-18.294199,47.768839,-24.316386,-15.127351,16.655493,-23.913183,-14.725649,17.231039,0.200000,
-24.155743,-15.173678,16.613509,-27.869876,-18.294506,47.770284,-24.088866,-15.192925,16.595993,-23.913857,-14.726487,17.229854,0.200000,
-24.155743,-15.173678,16.613509,-27.869688,-18.294812,47.771723,-24.316385,-15.127351,16.655493,-23.914529,-14.727323,17.228671,0.200000,
-24.155743,-15.173678,16.613509,-27.869501,-18.295117,47.773156,-24.088865,-15.192925,16.595993,-23.915199,-14.728157,17.227490,0.200000,
-24.155743,-15.173678,16.613509,-27.869315,-18.295420,47.774585,-24.316385,-15.127351,16.655493,-23.915866,-14.728990,17.226311,0.200000,
-24.155743,-15.173678,16.613509,-27.869130,-18.295723,47.776007,-24.088865,-15.192925,16.595993,-23.916532,-14.729822,17.225134,0.200000,
-24.155743,-15.173678,16.613509,-27.868945,-18.296024,47.777425,-24.316385,-15.127351,16.655493,-23.917195,-14.730652,17.223960,0.200000,
-24.155743,-15.173678,16.613509,-27.868761,-18.296325,47.778837,-24.088865,-15.192925,16.595993,-23.917856,-14.731481,17.222787,0.200000,
-24.155743,-15.173678,16.613509,-27.868577,-18.296624,47.780244,-24.316385,-15.127351,16.655493,-23.918516,-14.732308,17.221617,0.200000,
-24.155743,-15.173678,16.613509,-27.868395,-18.296922,47.781645,-24.088865,-15.192925,16.595993,-23.919173,-14.733134,17.220449,0.200000,
-24.155743,-15.173678,16.613509,-27.868213,-18.297219,47.783041,-24.316385,-15.127351,16.655493,-23.919828,-14.733958,17.219283,0.200000,
-24.155743,-15.173678,16.613509,-27.868031,-18.297515,47.784432,-24.088865,-15.192925,16.595993,-23.920481,-14.734781,17.218119,0.200000,
-24.155743,-15.173678,16.613509,-27.867851,-18.297809,47.785818,-24.316385,-15.127351,16.655493,-23.921132,-14.735603,17.216958,0.200000,
-24.155743,-15.173678,16.613509,-27.867671,-18.298103,47.787198,-24.088865,-15.192925,16.595993,-23.921782,-14.736423,17.215798,0.200000,
-24.155743,-15.173678,16.613509,-27.867491,-18.298396,47.788574,-24.316384,-15.127351,16.655493,-23.922429,-14.737242,17.214641,0.200000,
-24.155743,-15.173678,16.613509,-27.867313,-18.298687,47.789944,-24.088864,-15.192925,16.595992,-23.923074,-14.738059,17.213486,0.200000,
-24.155743,-15.173678,16.613509,-27.867135,-18.298977,47.791308,-24.316384,-15.127351,16.655493,-23.923717,-14.738875,17.212333,0.200000,
-24.155743,-15.173678,16.613509,-27.866958,-18.299267,47.792668,-24.088864,-15.192925,16.595992,-23.924358,-14.739689,17.211182,0.200000,
-24.155743,-15.173678,16.613509,-27.866781,-18.299555,47.794023,-24.316384,-15.127351,16.655493,-23.924997,-14.740503,17.210033,0.200000,
-24.155743,-15.173678,16.613509,-27.866605,-18.299842,47.795372,-24.088864,-15.192925,16.595992,-23.925634,-14.741314,17.208886,0.200000,
-24.155743,-15.173678,16.613509,-27.866430,-18.300128,47.796716,-24.316384,-15.127351,16.655493,-23.926269,-14.742125,17.207742,0.200000,
-24.155743,-15.173678,16.613509,-27.866255,-18.300413,47.798056,-24.088864,-15.192925,16.595992,-23.926903,-14.742933,17.206599,0.200000,
-24.155743,-15.173678,16.613509,-27.866081,-18.300697,47.799390,-24.316384,-15.127352,16.655493,-23.927534,-14.743741,17.205459,0.200000,
-24.155743,-15.173678,16.613509,-27.865908,-18.300980,47.800719,-24.088864,-15.192925,16.595992,-23.928163,-14.744547,17.204321,0.200000,
-24.155743,-15.173678,16.613509,-27.865735,-18.301262,47.802043,-24.316383,-15.127352,16.655493,-23.928790,-14.745352,17.203185,0.200000,
-24.155743,-15.173678,16.613509,-27.865563,-18.301543,47.803362,-24.088863,-15.192925,16.595992,-23.929416,-14.746155,17.202051,0.200000,
-24.155743,-15.173678,16.613509,-27.865392,-18.301823,47.804677,-24.316383,-15.127352,16.655493,-23.930039,-14.746957,17.200919,0.200000,
-24.155743,-15.173678,16.613509,-27.865221,-18.302101,47.805986,-24.088863,-15.192925,16.595992,-23.930661,-14.747757,17.199789,0.200000,
-24.155743,-15.173678,16.613509,-27.865051,-18.302379,47.807290,-24.316383,-15.127352,16.655493,-23.931280,-14.748557,17.198661,0.200000,
-24.155743,-15.173678,16.613509,-27.864882,-18.302656,47.808589,-24.088863,-15.192925,16.595992,-23.931898,-14.749354,17.197536,0.200000,
-24.155743,-15.173678,16.613509,-27.864713,-18.302932,47.809884,-24.316383,-15.127352,16.655493,-23.932514,-14.750151,17.196412,0.200000,
-24.155743,-15.173678,16.613509,-27.864545,-18.303206,47.811173,-24.088863,-15.192925,16.595992,-23.933128,-14.750946,17.195290,0.200000,
-24.155743,-15.173678,16.613509,-27.864378,-18.303480,47.812458,-24.316383,-15.127352,16.655493,-23.933740,-14.751739,17.194171,0.200000,
-24.155743,-15.173678,16.613509,-27.864211,-18.303752,47.813738,-24.088863,-15.192926,16.595992,-23.934350,-14.752531,17.193054,0.200000,
-24.155743,-15.173678,16.613509,-27.864044,-18.304024,47.815013,-24.316382,-15.127352,16.655493,-23.934958,-14.753322,17.191938,0.200000,
-24.155743,-15.173678,16.613509,-27.863879,-18.304294,47.816283,-24.088862,-15.192926,16.595992,-23.935564,-14.754112,17.190825,0.200000,
-24.155743,-15.173678,16.613509,-27.863714,-18.304564,47.817549,-24.316382,-15.127352,16.655493,-23.936169,-14.754900,17.189714,0.200000,
-24.155743,-15.173678,16.613509,-27.863550,-18.304833,47.818809,-24.088862,-15.192926,16.595992,-23.936771,-14.755686,17.188605,0.200000,
-24.155743,-15.173678,16.613509,-27.863386,-18.305100,47.820065,-24.316382,-15.127352,16.655492,-23.937372,-14.756472,17.187498,0.200000,
-24.155743,-15.173678,16.613509,-27.863223,-18.305367,47.821316,-24.088862,-15.192926,16.595992,-23.937971,-14.757256,17.186393,0.200000,
-24.155743,-15.173678,16.613509,-27.863060,-18.305632,47.822563,-24.316382,-15.127352,16.655492,-23.938568,-14.758038,17.185290,0.200000,
-24.155743,-15.173678,16.613509,-27.862898,-18.305897,47.823804,-24.088862,-15.192926,16.595992,-23.939163,-14.758820,17.184189,0.200000,
-24.155743,-15.173678,16.613509,-27.862737,-18.306160,47.825041,-24.316382,-15.127352,16.655492,-23.939757,-14.759599,17.183090,0.200000,
-24.155743,-15.173678,16.613509,-27.862576,-18.306423,47.826274,-24.088862,-15.192926,16.595992,-23.940348,-14.760378,17.181993,0.200000,
-24.155743,-15.173678,16.613509,-27.862416,-18.306685,47.827502,-24.316382,-15.127352,16.655492,-23.940938,-14.761155,17.180898,0.200000,
-24.155743,-15.173678,16.613509,-27.862257,-18.306945,47.828725,-24.088862,-15.192926,16.595992,-23.941526,-14.761931,17.179805,0.200000,
-24.155743,-15.173678,16.613509,-27.862098,-18.307205,47.829943,-24.316381,-15.127352,16.655492,-23.942112,-14.762705,17.178714,0.200000,
-24.155743,-15.173678,16.613509,-27.861939,-18.307464,47.831157,-24.088861,-15.192926,16.595992,-23.942696,-14.763478,17.177626,0.200000,
-24.155743,-15.173678,16.613509,-27.861782,-18.307721,47.832366,-24.316381,-15.127352,16.655492,-23.943279,-14.764250,17.176539,0.200000,
-24.155743,-15.173678,16.613509,-27.861625,-18.307978,47.833571,-24.088861,-15.192926,16.595992,-23.943860,-14.765020,17.175454,0.200000,
-24.155743,-15.173678,16.613509,-27.861468,-18.308234,47.834771,-24.316381,-15.127352,16.655492,-23.944438,-14.765789,17.174371,0.200000,
-24.155743,-15.173678,16.613509,-27.861312,-18.308489,47.835967,-24.088861,-15.192926,16.595992,-23.945016,-14.766557,17.173291,0.200000,
-24.155743,-15.173678,16.613509,-27.861157,-18.308743,47.837158,-24.316381,-15.127352,16.655492,-23.945591,-14.767323,17.172212,0.200000,
-24.155743,-15.173678,16.613509,-27.861002,-18.308996,47.838344,-24.088861,-15.192926,16.595992,-23.946165,-14.768088,17.171135,0.200000,
-24.155743,-15.173678,16.613509,-27.860848,-18.309248,47.839527,-24.316381,-15.127352,16.655492,-23.946737,-14.768852,17.170061,0.200000,
-24.155743,-15.173678,16.613509,-27.860694,-18.309499,47.840704,-24.088861,-15.192926,16.595991,-23.947307,-14.769614,17.168988,0.200000,
-24.155743,-15.173678,16.613509,-27.860541,-18.309749,47.841877,-24.316380,-15.127352,16.655492,-23.947875,-14.770375,17.167917,0.200000,
-24.155743,-15.173678,16.613509,-27.860389,-18.309999,47.843046,-24.088860,-15.192926,16.595991,-23.948442,-14.771135,17.166849,0.200000,
-24.155743,-15.173678,16.613509,-27.860237,-18.310247,47.844211,-24.316380,-15.127353,16.655492,-23.949007,-14.771893,17.165782,0.200000,
-24.155743,-15.173678,16.613509,-27.860086,-18.310494,47.845371,-24.088860,-15.192926,16.595991,-23.949570,-14.772650,17.164717,0.200000,
-24.155743,-15.173678,16.613509,-27.859935,-18.310741,47.846526,-24.316380,-15.127353,16.655492,-23.950131,-14.773406,17.163654,0.200000,
-24.155743,-15.173678,16.613509,-27.859785,-18.310986,47.847678,-24.088860,-15.192926,16.595991,-23.950691,-14.774160,17.162593,0.200000,
-24.155743,-15.173678,16.613509,-27.859636,-18.311231,47.848824,-24.316380,-15.127353,16.655492,-23.951249,-14.774913,17.161535,0.200000,
-24.155743,-15.173678,16.613509,-27.859487,-18.311475,47.849967,-24.088860,-15.192926,16.595991,-23.951805,-14.775665,17.160478,0.200000,
-24.155743,-15.173678,16.613509,-27.859338,-18.311717,47.851105,-24.316380,-15.127353,16.655492,-23.952360,-14.776415,17.159423,0.200000,
-24.155743,-15.173678,16.613509,-27.859190,-18.311959,47.852239,-24.088860,-15.192926,16.595991,-23.952913,-14.777164,17.158370,0.200000,
-24.155743,-15.173678,16.613509,-27.859043,-18.312200,47.853369,-24.316379,-15.127353,16.655492,-23.953464,-14.777912,17.157319,0.200000,
-24.155743,-15.173678,16.613509,-27.858896,-18.312441,47.854494,-24.088859,-15.192926,16.595991,-23.954014,-14.778658,17.156270,0.200000,
-24.155743,-15.173678,16.613509,-27.858750,-18.312680,47.855616,-24.316379,-15.127353,16.655492,-23.954562,-14.779403,17.155223,0.200000,
-24.155743,-15.173678,16.613509,-27.858604,-18.312918,47.856733,-24.088859,-15.192927,16.595991,-23.955108,-14.780147,17.154178,0.200000,
-24.155743,-15.173678,16.613509,-27.858459,-18.313156,47.857845,-24.316379,-15.127353,16.655492,-23.955652,-14.780890,17.153134,0.200000,
-24.155743,-15.173678,16.613509,-27.858314,-18.313392,47.858954,-24.088859,-15.192927,16.595991,-23.956195,-14.781631,17.152093,0.200000,
-24.155743,-15.173678,16.613509,-27.858170,-18.313628,47.860058,-24.316379,-15.127353,16.655492,-23.956736,-14.782371,17.151054,0.200000,
-24.155743,-15.173678,16.613509,-27.858027,-18.313863,47.861158,-24.088859,-15.192927,16.595991,-23.957276,-14.783109,17.150016,0.200000,
-24.155743,-15.173678,16.613509,-27.857884,-18.314097,47.862254,-24.316379,-15.127353,16.655492,-23.957814,-14.783846,17.148981,0.200000,
-24.155743,-15.173678,16.613509,-27.857742,-18.314330,47.863346,-24.088859,-15.192927,16.595991,-23.958350,-14.784582,17.147947,0.200000,
-24.155743,-15.173678,16.613509,-27.857600,-18.314562,47.864434,-24.316379,-15.127353,16.655492,-23.958885,-14.785317,17.146916,0.200000,
-24.155743,-15.173678,16.613509,-27.857458,-18.314793,47.865518,-24.088859,-15.192927,16.595991,-23.959418,-14.786050,17.145886,0.200000,
-24.155743,-15.173678,16.613509,-27.857318,-18.315024,47.866597,-24.316378,-15.127353,16.655492,-23.959949,-14.786782,17.144858,0.200000,
-24.155743,-15.173678,16.613509,-27.857177,-18.315253,47.867673,-24.088858,-15.192927,16.595991,-23.960479,-14.787513,17.143832,0.200000,
-24.155743,-15.173678,16.613509,-27.857038,-18.315482,47.868744,-24.316378,-15.127353,16.655491,-23.961007,-14.788243,17.142808,0.200000,
-24.155743,-15.173678,16.613509,-27.856898,-18.315710,47.869812,-24.088858,-15.192927,16.595991,-23.961534,-14.788971,17.141786,0.200000,
-24.155743,-15.173678,16.613509,-27.856760,-18.315937,47.870875,-24.316378,-15.127353,16.655491,-23.962059,-14.789698,17.140766,0.200000,
-24.155743,-15.173678,16.613509,-27.856621,-18.316163,47.871935,-24.088858,-15.192927,16.595991,-23.962582,-14.790423,17.139748,0.200000,
-24.155743,-15.173678,16.613509,-27.856484,-18.316388,47.872990,-24.316378,-15.127353,16.655491,-23.963104,-14.791148,17.138732,0.200000,
-24.155743,-15.173678,16.613509,-27.856347,-18.316613,47.874041,-24.088858,-15.192927,16.595991,-23.963624,-14.791871,17.137717,0.200000,
-24.155743,-15.173678,16.613509,-27.856210,-18.316837,47.875089,-24.316378,-15.127353,16.655491,-23.964143,-14.792592,17.136705,0.200000,
-24.155743,-15.173678,16.613509,-27.856074,-18.317059,47.876132,-24.088858,-15.192927,16.595991,-23.964660,-14.793313,17.135694,0.200000,
-24.155743,-15.173678,16.613509,-27.855938,-18.317281,47.877172,-24.316377,-15.127353,16.655491,-23.965175,-14.794032,17.134685,0.200000,
-24.155743,-15.173678,16.613509,-27.855803,-18.317503,47.878207,-24.088857,-15.192927,16.595991,-23.965689,-14.794750,17.133678,0.200000,
-24.155743,-15.173678,16.613509,-27.855669,-18.317723,47.879239,-24.316377,-15.127353,16.655491,-23.966202,-14.795467,17.132673,0.200000,
-24.155743,-15.173678,16.613509,-27.855535,-18.317943,47.880267,-24.088857,-15.192927,16.595991,-23.966712,-14.796182,17.131670,0.200000,
-24.155743,-15.173678,16.613509,-27.855401,-18.318161,47.881291,-24.316377,-15.127353,16.655491,-23.967222,-14.796896,17.130669,0.200000,
-24.155743,-15.173678,16.613509,-27.855268,-18.318379,47.882311,-24.088857,-15.192927,16.595991,-23.967729,-14.797609,17.129670,0.200000,
-24.155743,-15.173678,16.613509,-27.855135,-18.318596,47.883327,-24.316377,-15.127353,16.655491,-23.968236,-14.798321,17.128672,0.200000,
-24.155743,-15.173678,16.613509,-27.855003,-18.318813,47.884339,-24.088857,-15.192927,16.595991,-23.968740,-14.799031,17.127676,0.200000,
-24.155743,-15.173678,16.613509,-27.854872,-18.319028,47.885348,-24.316377,-15.127354,16.655491,-23.969243,-14.799740,17.126683,0.200000,
-24.155743,-15.173678,16.613509,-27.854741,-18.319243,47.886353,-24.088857,-15.192927,16.595990,-23.969745,-14.800448,17.125691,0.200000,
-24.155743,-15.173678,16.613509,-27.854610,-18.319457,47.887354,-24.316376,-15.127354,16.655491,-23.970245,-14.801154,17.124700,0.200000,
-24.155743,-15.173678,16.613509,-27.854480,-18.319670,47.888351,-24.088856,-15.192927,16.595990,-23.970744,-14.801860,17.123712,0.200000,
-24.155743,-15.173678,16.613509,-27.854351,-18.319882,47.889344,-24.316376,-15.127354,16.655491,-23.971241,-14.802564,17.122726,0.200000,
-24.155743,-15.173678,16.613509,-27.854221,-18.320093,47.890334,-24.088856,-15.192927,16.595990,-23.971736,-14.803267,17.121741,0.200000,
-24.155743,-15.173678,16.613509,-27.854093,-18.320304,47.891320,-24.316376,-15.127354,16.655491,-23.972230,-14.803968,17.120759,0.200000,
-24.155743,-15.173678,16.613509,-27.853965,-18.320514,47.892302,-24.088856,-15.192927,16.595990,-23.972723,-14.804668,17.119778,0.200000,
-24.155743,-15.173678,16.613509,-27.853837,-18.320723,47.893281,-24.316376,-15.127354,16.655491,-23.973214,-14.805367,17.118799,0.200000,
-24.155743,-15.173678,16.613509,-27.853710,-18.320931,47.894256,-24.088856,-15.192927,16.595990,-23.973704,-14.806065,17.117821,0.200000,
-24.155743,-15.173678,16.613509,-27.853583,-18.321139,47.895227,-24.316376,-15.127354,16.655491,-23.974192,-14.806762,17.116846,0.200000,
-24.155743,-15.173678,16.613509,-27.853457,-18.321346,47.896194,-24.088856,-15.192928,16.595990,-23.974679,-14.807457,17.115872,0.200000,
-24.155743,-15.173678,16.613509,-27.853331,-18.321552,47.897158,-24.316376,-15.127354,16.655491,-23.975164,-14.808151,17.114901,0.200000,
-24.155743,-15.173678,16.613509,-27.853206,-18.321757,47.898118,-24.088856,-15.192928,16.595990,-23.975648,-14.808844,17.113931,0.200000,
-24.155743,-15.173678,16.613509,-27.853081,-18.321962,47.899075,-24.316375,-15.127354,16.655491,-23.976130,-14.809536,17.112963,0.200000,
-24.155743,-15.173678,16.613509,-27.852957,-18.322165,47.900028,-24.088855,-15.192928,16.595990,-23.976611,-14.810226,17.111996,0.200000,
-24.155743,-15.173678,16.613509,-27.852833,-18.322368,47.900977,-24.316375,-15.127354,16.655491,-23.977090,-14.810915,17.111032,0.200000,
-24.155743,-15.173678,16.613509,-27.852710,-18.322570,47.901923,-24.088855,-15.192928,16.595990,-23.977568,-14.811603,17.110069,0.200000,
-24.155743,-15.173678,16.613509,-27.852587,-18.322772,47.902865,-24.316375,-15.127354,16.655491,-23.978045,-14.812290,17.109108,0.200000,
-24.155743,-15.173678,16.613509,-27.852464,-18.322973,47.903804,-24.088855,-15.192928,16.595990,-23.978520,-14.812975,17.108149,0.200000,
-24.155743,-15.173678,16.613509,-27.852342,-18.323173,47.904739,-24.316375,-15.127354,16.655491,-23.978993,-14.813660,17.107192,0.200000,
-24.155743,-15.173678,16.613509,-27.852221,-18.323372,47.905670,-24.088855,-15.192928,16.595990,-23.979466,-14.814343,17.106236,0.200000,
-24.155743,-15.173678,16.613509,-27.852100,-18.323570,47.906598,-24.316375,-15.127354,16.655491,-23.979936,-14.815024,17.105282,0.200000,
-24.155743,-15.173678,16.613509,-27.851979,-18.323768,47.907523,-24.088855,-15.192928,16.595990,-23.980406,-14.815705,17.104331,0.200000,
-24.155743,-15.173678,16.613509,-27.851859,-18.323965,47.908444,-24.316374,-15.127354,16.655490,-23.980874,-14.816384,17.103380,0.200000,
-24.155743,-15.173678,16.613509,-27.851739,-18.324161,47.909362,-24.088854,-15.192928,16.595990,-23.981340,-14.817063,17.102432,0.200000,
-24.155743,-15.173678,16.613509,-27.851620,-18.324357,47.910276,-24.316374,-15.127354,16.655490,-23.981806,-14.817740,17.101485,0.200000,
-24.155743,-15.173678,16.613509,-27.851501,-18.324551,47.911186,-24.088854,-15.192928,16.595990,-23.982269,-14.818415,17.100541,0.200000,
-24.155743,-15.173678,16.613509,-27.851383,-18.324746,47.912094,-24.316374,-15.127354,16.655490,-23.982732,-14.819090,17.099598,0.200000,
-24.155743,-15.173678,16.613509,-27.851265,-18.324939,47.912998,-24.088854,-15.192928,16.595990,-23.983193,-14.819763,17.098656,0.200000,
-24.155743,-15.173678,16.613509,-27.851147,-18.325131,47.913898,-24.316374,-15.127354,16.655490,-23.983652,-14.820435,17.097717,0.200000,
-24.155743,-15.173678,16.613509,-27.851030,-18.325323,47.914795,-24.088854,-15.192928,16.595990,-23.984111,-14.821106,17.096779,0.200000,
-24.155743,-15.173678,16.613509,-27.850914,-18.325515,47.915689,-24.316374,-15.127354,16.655490,-23.984568,-14.821776,17.095843,0.200000,
-24.155743,-15.173678,16.613509,-27.850797,-18.325705,47.916579,-24.088854,-15.192928,16.595990,-23.985023,-14.822444,17.094909,0.200000,
-24.155743,-15.173678,16.613509,-27.850682,-18.325895,47.917466,-24.316373,-15.127354,16.655490,-23.985477,-14.823112,17.093976,0.200000,
-24.155743,-15.173678,16.613509,-27.850567,-18.326084,47.918349,-24.088853,-15.192928,16.595990,-23.985930,-14.823778,17.093046,0.200000,
-24.155743,-15.173678,16.613509,-27.850452,-18.326272,47.919230,-24.316373,-15.127355,16.655490,-23.986382,-14.824443,17.092117,0.200000,
-24.155743,-15.173678,16.613509,-27.850337,-18.326460,47.920106,-24.088853,-15.192928,16.595990,-23.986832,-14.825107,17.091189,0.200000,
-24.155743,-15.173678,16.613509,-27.850223,-18.326647,47.920980,-24.316373,-15.127355,16.655490,-23.987280,-14.825769,17.090264,0.200000,
-24.155743,-15.173678,16.613509,-27.850110,-18.326833,47.921850,-24.088853,-15.192928,16.595990,-23.987728,-14.826430,17.089340,0.200000,
-24.155743,-15.173678,16.613509,-27.849997,-18.327018,47.922717,-24.316373,-15.127355,16.655490,-23.988174,-14.827091,17.088418,0.200000,
-24.155743,-15.173678,16.613509,-27.849884,-18.327203,47.923581,-24.088853,-15.192928,16.595989,-23.988619,-14.827750,17.087498,0.200000,
-24.155743,-15.173678,16.613509,-27.849772,-18.327387,47.924442,-24.316373,-15.127355,16.655490,-23.989062,-14.828407,17.086579,0.200000,
-24.155743,-15.173678,16.613509,-27.849660,-18.327571,47.925299,-24.088853,-15.192928,16.595989,-23.989504,-14.829064,17.085662,0.200000,
-24.155743,-15.173678,16.613509,-27.849548,-18.327754,47.926153,-24.316373,-15.127355,16.655490,-23.989945,-14.829719,17.084747,0.200000,
-24.155743,-15.173678,16.613509,-27.849437,-18.327936,47.927004,-24.088853,-15.192928,16.595989,-23.990384,-14.830374,17.083834,0.200000,
-24.155743,-15.173678,16.613509,-27.849327,-18.328117,47.927851,-24.316372,-15.127355,16.655490,-23.990823,-14.831027,17.082922,0.200000,
-24.155743,-15.173678,16.613509,-27.849217,-18.328298,47.928696,-24.088852,-15.192929,16.595989,-23.991259,-14.831679,17.082012,0.200000,
-24.155743,-15.173678,16.613509,-27.849107,-18.328478,47.929537,-24.316372,-15.127355,16.655490,-23.991695,-14.832329,17.081104,0.200000,
-24.155743,-15.173678,16.613509,-27.848997,-18.328657,47.930375,-24.088852,-15.192929,16.595989,-23.992129,-14.832979,17.080197,0.200000,
-24.155743,-15.173678,16.613509,-27.848889,-18.328836,47.931210,-24.316372,-15.127355,16.655490,-23.992562,-14.833627,17.079292,0.200000,
-24.155743,-15.173678,16.613509,-27.848780,-18.329014,47.932041,-24.088852,-15.192929,16.595989,-23.992994,-14.834275,17.078389,0.200000,
-24.155743,-15.173678,16.613509,-27.848672,-18.329192,47.932870,-24.316372,-15.127355,16.655490,-23.993424,-14.834921,17.077488,0.200000,
-24.155743,-15.173678,16.613509,-27.848564,-18.329368,47.933695,-24.088852,-15.192929,16.595989,-23.993853,-14.835566,17.076588,0.200000,
-24.155743,-15.173678,16.613509,-27.848457,-18.329544,47.934518,-24.316372,-15.127355,16.655490,-23.994281,-14.836209,17.075690,0.200000,
-24.155743,-15.173678,16.613509,-27.848350,-18.329720,47.935337,-24.088852,-15.192929,16.595989,-23.994708,-14.836852,17.074793,0.200000,
-24.155743,-15.173678,16.613509,-27.848243,-18.329894,47.936153,-24.316371,-15.127355,16.655490,-23.995133,-14.837493,17.073899,0.200000,
-24.155743,-15.173678,16.613509,-27.848137,-18.330069,47.936966,-24.088851,-15.192929,16.595989,-23.995557,-14.838134,17.073006,0.200000,
-24.155743,-15.173678,16.613509,-27.848032,-18.330242,47.937776,-24.316371,-15.127355,16.655490,-23.995980,-14.838773,17.072114,0.200000,
-24.155743,-15.173678,16.613509,-27.847926,-18.330415,47.938583,-24.088851,-15.192929,16.595989,-23.996402,-14.839411,17.071225,0.200000,
-24.155743,-15.173678,16.613509,-27.847821,-18.330587,47.939387,-24.316371,-15.127355,16.655490,-23.996822,-14.840048,17.070337,0.200000,
-24.155743,-15.173678,16.613509,-27.847717,-18.330758,47.940188,-24.088851,-15.192929,16.595989,-23.997241,-14.840683,17.069450,0.200000,
-24.155743,-15.173678,16.613509,-27.847613,-18.330929,47.940986,-24.316371,-15.127355,16.655490,-23.997659,-14.841318,17.068566,0.200000,
-24.155743,-15.173678,16.613509,-27.847509,-18.331100,47.941780,-24.088851,-15.192929,16.595989,-23.998075,-14.841951,17.067683,0.200000,
-24.155743,-15.173678,16.613509,-27.847406,-18.331269,47.942572,-24.316371,-15.127355,16.655490,-23.998490,-14.842583,17.066801,0.200000,
-24.155743,-15.173678,16.613509,-27.847303,-18.331438,47.943361,-24.088851,-15.192929,16.595989,-23.998905,-14.843215,17.065922,0.200000,
-24.155743,-15.173678,16.613509,-27.847200,-18.331606,47.944147,-24.316370,-15.127355,16.655489,-23.999317,-14.843845,17.065044,0.200000,
-24.155743,-15.173678,16.613509,-27.847098,-18.331774,47.944930,-24.088850,-15.192929,16.595989,-23.999729,-14.844473,17.064167,0.200000,
-24.155743,-15.173678,16.613509,-27.846996,-18.331941,47.945710,-24.316370,-15.127355,16.655489,-24.000139,-14.845101,17.063293,0.200000,
-24.155743,-15.173678,16.613509,-27.846895,-18.332108,47.946487,-24.088850,-15.192929,16.595989,-24.000549,-14.845728,17.062420,0.200000,
-24.155743,-15.173678,16.613509,-27.846794,-18.332273,47.947261,-24.316370,-15.127355,16.655489,-24.000957,-14.846353,17.061548,0.200000,
-24.155743,-15.173678,16.613509,-27.846693,-18.332439,47.948032,-24.088850,-15.192929,16.595989,-24.001364,-14.846977,17.060678,0.200000,
-24.155743,-15.173678,16.613509,-27.846593,-18.332603,47.948800,-24.316370,-15.127355,16.655489,-24.001769,-14.847600,17.059810,0.200000,
-24.155743,-15.173678,16.613509,-27.846493,-18.332767,47.949565,-24.088850,-15.192929,16.595989,-24.002174,-14.848222,17.058944,0.200000,
-24.155743,-15.173678,16.613509,-27.846394,-18.332931,47.950328,-24.316370,-15.127356,16.655489,-24.002577,-14.848843,17.058079,0.200000,
-24.155743,-15.173678,16.613509,-27.846295,-18.333093,47.951088,-24.088850,-15.192929,16.595989,-24.002979,-14.849463,17.057216,0.200000,
-24.155743,-15.173678,16.613509,-27.846196,-18.333255,47.951844,-24.316370,-15.127356,16.655489,-24.003380,-14.850082,17.056354,0.200000,
-24.155743,-15.173678,16.613509,-27.846097,-18.333417,47.952598,-24.088850,-15.192929,16.595989,-24.003779,-14.850699,17.055494,0.200000,
-24.155743,-15.173678,16.613509,-27.845999,-18.333578,47.953349,-24.316369,-15.127356,16.655489,-24.004178,-14.851316,17.054636,0.200000,
-24.155743,-15.173678,16.613509,-27.845902,-18.333738,47.954097,-24.088849,-15.192929,16.595989,-24.004575,-14.851931,17.053779,0.200000,
-24.155743,-15.173678,16.613509,-27.845805,-18.333898,47.954843,-24.316369,-15.127356,16.655489,-24.004971,-14.852545,17.052924,0.200000,
-24.155743,-15.173678,16.613509,-27.845708,-18.334057,47.955585,-24.088849,-15.192929,16.595988,-24.005366,-14.853158,17.052071,0.200000,
-24.155743,-15.173678,16.613509,-27.845611,-18.334216,47.956325,-24.316369,-15.127356,16.655489,-24.005760,-14.853770,17.051219,0.200000,
-24.155743,-15.173678,16.613509,-27.845515,-18.334374,47.957062,-24.088849,-15.192929,16.595988,-24.006152,-14.854381,17.050368,0.200000,
-24.155743,-15.173678,16.613509,-27.845419,-18.334531,47.957796,-24.316369,-15.127356,16.655489,-24.006544,-14.854991,17.049520,0.200000,
-24.155743,-15.173678,16.613509,-27.845324,-18.334688,47.958527,-24.088849,-15.192930,16.595988,-24.006934,-14.855600,17.048673,0.200000,
-24.155743,-15.173678,16.613509,-27.845229,-18.334844,47.959256,-24.316369,-15.127356,16.655489,-24.007323,-14.856207,17.047827,0.200000,
-24.155743,-15.173678,16.613509,-27.845134,-18.334999,47.959982,-24.088849,-15.192930,16.595988,-24.007711,-14.856814,17.046983,0.200000,
-24.155743,-15.173678,16.613509,-27.845039,-18.335154,47.960705,-24.316368,-15.127356,16.655489,-24.008098,-14.857419,17.046141,0.200000,
-24.155743,-15.173678,16.613509,-27.844945,-18.335309,47.961425,-24.088848,-15.192930,16.595988,-24.008484,-14.858023,17.045300,0.200000,
-24.155743,-15.173678,16.613509,-27.844852,-18.335463,47.962143,-24.316368,-15.127356,16.655489,-24.008869,-14.858626,17.044461,0.200000,
-24.155743,-15.173678,16.613509,-27.844758,-18.335616,47.962858,-24.088848,-15.192930,16.595988,-24.009252,-14.859228,17.043624,0.200000,
-24.155743,-15.173678,16.613509,-27.844665,-18.335769,47.963570,-24.316368,-15.127356,16.655489,-24.009635,-14.859829,17.042788,0.200000,
-24.155743,-15.173678,16.613509,-27.844573,-18.335921,47.964280,-24.088848,-15.192930,16.595988,-24.010016,-14.860429,17.041953,0.200000,
-24.155743,-15.173678,16.613509,-27.844481,-18.336072,47.964987,-24.316368,-15.127356,16.655489,-24.010396,-14.861028,17.041121,0.200000,
-24.155743,-15.173678,16.613509,-27.844389,-18.336223,47.965691,-24.088848,-15.192930,16.595988,-24.010775,-14.861626,17.040289,0.200000,
-24.155743,-15.173678,16.613509,-27.844297,-18.336374,47.966393,-24.316368,-15.127356,16.655489,-24.011153,-14.862222,17.039460,0.200000,
-24.155743,-15.173678,16.613509,-27.844206,-18.336524,47.967092,-24.088848,-15.192930,16.595988,-24.011530,-14.862818,17.038632,0.200000,
-24.155743,-15.173678,16.613509,-27.844115,-18.336673,47.967788,-24.316367,-15.127356,16.655489,-24.011905,-14.863412,17.037805,0.200000,
-24.155743,-15.173678,16.613509,-27.844024,-18.336822,47.968482,-24.088847,-15.192930,16.595988,-24.012280,-14.864006,17.036980,0.200000,
-24.155743,-15.173678,16.613509,-27.843934,-18.336970,47.969173,-24.316367,-15.127356,16.655489,-24.012654,-14.864598,17.036157,0.200000,
-24.155743,-15.173678,16.613509,-27.843844,-18.337117,47.969861,-24.088847,-15.192930,16.595988,-24.013026,-14.865189,17.035335,0.200000,
-24.155743,-15.173678,16.613509,-27.843755,-18.337265,47.970547,-24.316367,-15.127356,16.655489,-24.013397,-14.865779,17.034515,0.200000,
-24.155743,-15.173678,16.613509,-27.843666,-18.337411,47.971231,-24.088847,-15.192930,16.595988,-24.013768,-14.866368,17.033696,0.200000,
-24.155743,-15.173678,16.613509,-27.843577,-18.337557,47.971911,-24.316367,-15.127356,16.655489,-24.014137,-14.866956,17.032879,0.200000,
-24.155743,-15.173678,16.613509,-27.843488,-18.337703,47.972589,-24.088847,-15.192930,16.595988,-24.014505,-14.867543,17.032063,0.200000,
-24.155743,-15.173678,16.613509,-27.843400,-18.337847,47.973265,-24.316367,-15.127356,16.655488,-24.014872,-14.868129,17.031249,0.200000,
-24.155743,-15.173678,16.613509,-27.843312,-18.337992,47.973938,-24.088847,-15.192930,16.595988,-24.015238,-14.868714,17.030437,0.200000,
-24.155743,-15.173678,16.613509,-27.843225,-18.338136,47.974609,-24.316367,-15.127356,16.655488,-24.015603,-14.869297,17.029626,0.200000,
-24.155743,-15.173678,16.613509,-27.843138,-18.338279,47.975277,-24.088847,-15.192930,16.595988,-24.015966,-14.869880,17.028816,0.200000,
-24.155743,-15.173678,16.613509,-27.843051,-18.338422,47.975942,-24.316366,-15.127357,16.655488,-24.016329,-14.870461,17.028008,0.200000,
-24.155743,-15.173678,16.613509,-27.842964,-18.338564,47.976605,-24.088846,-15.192930,16.595988,-24.016691,-14.871042,17.027202,0.200000,
-24.155743,-15.173678,16.613509,-27.842878,-18.338705,47.977265,-24.316366,-15.127357,16.655488,-24.017051,-14.871621,17.026397,0.200000,
-24.155743,-15.173678,16.613509,-27.842792,-18.338847,47.977923,-24.088846,-15.192930,16.595988,-24.017411,-14.872200,17.025593,0.200000,
-24.155743,-15.173678,16.613509,-27.842707,-18.338987,47.978579,-24.316366,-15.127357,16.655488,-24.017770,-14.872777,17.024792,0.200000,
-24.155743,-15.173678,16.613509,-27.842621,-18.339127,47.979232,-24.088846,-15.192930,16.595988,-24.018127,-14.873353,17.023991,0.200000,
-24.155743,-15.173678,16.613509,-27.842536,-18.339267,47.979882,-24.316366,-15.127357,16.655488,-24.018483,-14.873929,17.023193,0.200000,
-24.155743,-15.173678,16.613509,-27.842452,-18.339406,47.980530,-24.088846,-15.192930,16.595988,-24.018839,-14.874503,17.022395,0.200000,
-24.155743,-15.173678,16.613509,-27.842368,-18.339544,47.981176,-24.316366,-15.127357,16.655488,-24.019193,-14.875076,17.021599,0.200000,
-24.155743,-15.173678,16.613509,-27.842284,-18.339682,47.981819,-24.088846,-15.192930,16.595988,-24.019547,-14.875648,17.020805,0.200000,
-24.155743,-15.173678,16.613509,-27.842200,-18.339820,47.982460,-24.316365,-15.127357,16.655488,-24.019899,-14.876219,17.020012,0.200000,
-24.155743,-15.173678,16.613509,-27.842117,-18.339957,47.983098,-24.088845,-15.192931,16.595988,-24.020250,-14.876789,17.019221,0.200000,
-24.155743,-15.173678,16.613509,-27.842034,-18.340093,47.983734,-24.316365,-15.127357,16.655488,-24.020600,-14.877358,17.018431,0.200000,
-24.155743,-15.173678,16.613509,-27.841951,-18.340229,47.984368,-24.088845,-15.192931,16.595987,-24.020950,-14.877926,17.017643,0.200000,
-24.155743,-15.173678,16.613509,-27.841869,-18.340365,47.984999,-24.316365,-15.127357,16.655488,-24.021298,-14.878493,17.016856,0.200000,
-24.155743,-15.173678,16.613509,-27.841786,-18.340500,47.985628,-24.088845,-15.192931,16.595987,-24.021645,-14.879059,17.016071,0.200000,
-24.155743,-15.173678,16.613509,-27.841705,-18.340634,47.986254,-24.316365,-15.127357,16.655488,-24.021991,-14.879623,17.015287,0.200000,
-24.155743,-15.173678,16.613509,-27.841623,-18.340768,47.986878,-24.088845,-15.192931,16.595987,-24.022337,-14.880187,17.014505,0.200000,
-24.155743,-15.173678,16.613509,-27.841542,-18.340901,47.987500,-24.316365,-15.127357,16.655488,-24.022681,-14.880750,17.013724,0.200000,
-24.155743,-15.173678,16.613509,-27.841461,-18.341034,47.988119,-24.088845,-15.192931,16.595987,-24.023024,-14.881312,17.012945,0.200000,
-24.155743,-15.173678,16.613509,-27.841381,-18.341167,47.988736,-24.316364,-15.127357,16.655488,-24.023366,-14.881872,17.012167,0.200000,
-24.155743,-15.173678,16.613509,-27.841300,-18.341299,47.989351,-24.088844,-15.192931,16.595987,-24.023707,-14.882432,17.011391,0.200000,
-24.155743,-15.173678,16.613509,-27.841221,-18.341430,47.989963,-24.316364,-15.127357,16.655488,-24.024048,-14.882991,17.010616,0.200000,
-24.155743,-15.173678,16.613509,-27.841141,-18.341561,47.990573,-24.088844,-15.192931,16.595987,-24.024387,-14.883548,17.009842,0.200000,
-24.155743,-15.173678,16.613509,-27.841062,-18.341691,47.991181,-24.316364,-15.127357,16.655488,-24.024725,-14.884105,17.009070,0.200000,
-24.155743,-15.173678,16.613509,-27.840983,-18.341821,47.991787,-24.088844,-15.192931,16.595987,-24.025063,-14.884660,17.008300,0.200000,
-24.155743,-15.173678,16.613509,-27.840904,-18.341951,47.992390,-24.316364,-15.127357,16.655488,-24.025399,-14.885215,17.007531,0.200000,
-24.155743,-15.173678,16.613509,-27.840825,-18.342080,47.992991,-24.088844,-15.192931,16.595987,-24.025734,-14.885768,17.006763,0.200000,
-24.155743,-15.173678,16.613509,-27.840747,-18.342208,47.993589,-24.316364,-15.127357,16.655488,-24.026069,-14.886321,17.005997,0.200000,
-24.155743,-15.173678,16.613509,-27.840669,-18.342336,47.994186,-24.088844,-15.192931,16.595987,-24.026402,-14.886872,17.005232,0.200000,
-24.155743,-15.173678,16.613509,-27.840592,-18.342464,47.994780,-24.316364,-15.127357,16.655488,-24.026735,-14.887423,17.004469,0.200000,
-24.155743,-15.173678,16.613509,-27.840515,-18.342591,47.995372,-24.088844,-15.192931,16.595987,-24.027066,-14.887972,17.003707,0.200000,
-24.155743,-15.173678,16.613509,-27.840438,-18.342717,47.995961,-24.316363,-15.127357,16.655488,-24.027397,-14.888521,17.002947,0.200000,
-24.155743,-15.173678,16.613509,-27.840361,-18.342844,47.996549,-24.088843,-15.192931,16.595987,-24.027726,-14.889068,17.002188,0.200000,
-24.155743,-15.173678,16.613509,-27.840284,-18.342969,47.997134,-24.316363,-15.127357,16.655488,-24.028055,-14.889615,17.001431,0.200000,
-24.155743,-15.173678,16.613509,-27.840208,-18.343094,47.997717,-24.088843,-15.192931,16.595987,-24.028382,-14.890160,17.000675,0.200000,
-24.155743,-15.173678,16.613509,-27.840133,-18.343219,47.998298,-24.316363,-15.127357,16.655487,-24.028709,-14.890705,16.999920,0.200000,
-24.155743,-15.173678,16.613509,-27.840057,-18.343343,47.998876,-24.088843,-15.192931,16.595987,-24.029035,-14.891248,16.999167,0.200000,
-24.155743,-15.173678,16.613509,-27.839982,-18.343467,47.999453,-24.316363,-15.127358,16.655487,-24.029360,-14.891791,16.998415,0.200000,
-24.155743,-15.173678,16.613509,-27.839907,-18.343590,48.000027,-24.088843,-15.192931,16.595987,-24.029684,-14.892332,16.997665,0.200000,
-24.155743,-15.173678,16.613509,-27.839832,-18.343713,48.000599,-24.316363,-15.127358,16.655487,-24.030007,-14.892872,16.996916,0.200000,
-24.155743,-15.173678,16.613509,-27.839758,-18.343836,48.001169,-24.088843,-15.192931,16.595987,-24.030329,-14.893412,16.996169,0.200000,
-24.155743,-15.173678,16.613509,-27.839684,-18.343957,48.001737,-24.316362,-15.127358,16.655487,-24.030650,-14.893950,16.995423,0.200000,
-24.155743,-15.173678,16.613509,-27.839610,-18.344079,48.002302,-24.088842,-15.192931,16.595987,-24.030970,-14.894488,16.994678,0.200000,
-24.155743,-15.173678,16.613509,-27.839536,-18.344200,48.002866,-24.316362,-15.127358,16.655487,-24.031290,-14.895024,16.993935,0.200000,
-24.155743,-15.173678,16.613509,-27.839463,-18.344320,48.003427,-24.088842,-15.192931,16.595987,-24.031608,-14.895560,16.993193,0.200000,
-24.155743,-15.173678,16.613509,-27.839390,-18.344441,48.003987,-24.316362,-15.127358,16.655487,-24.031925,-14.896094,16.992453,0.200000,
-24.155743,-15.173678,16.613509,-27.839317,-18.344560,48.004544,-24.088842,-15.192931,16.595987,-24.032242,-14.896628,16.991714,0.200000,
-24.155743,-15.173678,16.613509,-27.839245,-18.344679,48.005099,-24.316362,-15.127358,16.655487,-24.032558,-14.897160,16.990977,0.200000,
-24.155743,-15.173678,16.613509,-27.839173,-18.344798,48.005652,-24.088842,-15.192932,16.595987,-24.032872,-14.897692,16.990241,0.200000,
-24.155743,-15.173678,16.613509,-27.839101,-18.344916,48.006203,-24.316362,-15.127358,16.655487,-24.033186,-14.898223,16.989506,0.200000,
-24.155743,-15.173678,16.613509,-27.839029,-18.345034,48.006751,-24.088842,-15.192932,16.595987,-24.033499,-14.898752,16.988773,0.200000,
-24.155743,-15.173678,16.613509,-27.838958,-18.345152,48.007298,-24.316361,-15.127358,16.655487,-24.033811,-14.899281,16.988041,0.200000,
-24.155743,-15.173678,16.613509,-27.838886,-18.345269,48.007843,-24.088841,-15.192932,16.595986,-24.034122,-14.899809,16.987310,0.200000,
-24.155743,-15.173678,16.613509,-27.838816,-18.345385,48.008385,-24.316361,-15.127358,16.655487,-24.034433,-14.900335,16.986581,0.200000,
-24.155743,-15.173678,16.613509,-27.838745,-18.345501,48.008926,-24.088841,-15.192932,16.595986,-24.034742,-14.900861,16.985853,0.200000,
-24.155743,-15.173678,16.613509,-27.838675,-18.345617,48.009465,-24.316361,-15.127358,16.655487,-24.035051,-14.901386,16.985127,0.200000,
-24.155743,-15.173678,16.613509,-27.838605,-18.345732,48.010001,-24.088841,-15.192932,16.595986,-24.035358,-14.901909,16.984402,0.200000,
-24.155743,-15.173678,16.613509,-27.838535,-18.345847,48.010535,-24.316361,-15.127358,16.655487,-24.035665,-14.902432,16.983678,0.200000,
-24.155743,-15.173678,16.613509,-27.838465,-18.345962,48.011068,-24.088841,-15.192932,16.595986,-24.035971,-14.902954,16.982956,0.200000,
-24.155743,-15.173678,16.613509,-27.838396,-18.346075,48.011598,-24.316361,-15.127358,16.655487,-24.036276,-14.903475,16.982235,0.200000,
-24.155743,-15.173678,16.613509,-27.838327,-18.346189,48.012127,-24.088841,-15.192932,16.595986,-24.036580,-14.903995,16.981516,0.200000,
-24.155743,-15.173678,16.613509,-27.838258,-18.346302,48.012653,-24.316361,-15.127358,16.655487,-24.036883,-14.904514,16.980798,0.200000,
-24.155743,-15.173678,16.613509,-27.838190,-18.346415,48.013178,-24.088841,-15.192932,16.595986,-24.037185,-14.905032,16.980081,0.200000,
-24.155743,-15.173678,16.613509,-27.838122,-18.346527,48.013700,-24.316360,-15.127358,16.655487,-24.037487,-14.905549,16.979366,0.200000,
-24.155743,-15.173678,16.613509,-27.838054,-18.346639,48.014221,-24.088840,-15.192932,16.595986,-24.037788,-14.906065,16.978652,0.200000,
-24.155743,-15.173678,16.613509,-27.837986,-18.346750,48.014739,-24.316360,-15.127358,16.655487,-24.038087,-14.906580,16.977939,0.200000,
-24.155743,-15.173678,16.613509,-27.837919,-18.346861,48.015256,-24.088840,-15.192932,16.595986,-24.038386,-14.907094,16.977228,0.200000,
-24.155743,-15.173678,16.613509,-27.837851,-18.346972,48.015771,-24.316360,-15.127358,16.655487,-24.038684,-14.907608,16.976518,0.200000,
-24.155743,-15.173678,16.613509,-27.837785,-18.347082,48.016283,-24.088840,-15.192932,16.595986,-24.038982,-14.908120,16.975809,0.200000,
-24.155743,-15.173678,16.613509,-27.837718,-18.347192,48.016794,-24.316360,-15.127358,16.655487,-24.039278,-14.908631,16.975102,0.200000,
-24.155743,-15.173678,16.613509,-27.837651,-18.347301,48.017303,-24.088840,-15.192932,16.595986,-24.039573,-14.909142,16.974396,0.200000,
-24.155743,-15.173678,16.613509,-27.837585,-18.347410,48.017810,-24.316360,-15.127358,16.655487,-24.039868,-14.909651,16.973691,0.200000,
-24.155743,-15.173678,16.613509,-27.837519,-18.347519,48.018315,-24.088840,-15.192932,16.595986,-24.040162,-14.910160,16.972988,0.200000,
-24.155743,-15.173678,16.613509,-27.837454,-18.347627,48.018818,-24.316359,-15.127359,16.655487,-24.040455,-14.910667,16.972286,0.200000,
-24.155743,-15.173678,16.613509,-27.837388,-18.347734,48.019319,-24.088839,-15.192932,16.595986,-24.040747,-14.911174,16.971586,0.200000,
-24.155743,-15.173678,16.613509,-27.837323,-18.347842,48.019818,-24.316359,-15.127359,16.655487,-24.041039,-14.911680,16.970887,0.200000,
-24.155743,-15.173678,16.613509,-27.837258,-18.347949,48.020316,-24.088839,-15.192932,16.595986,-24.041329,-14.912184,16.970189,0.200000,
-24.155743,-15.173678,16.613509,-27.837193,-18.348055,48.020811,-24.316359,-15.127359,16.655486,-24.041619,-14.912688,16.969492,0.200000,
-24.155743,-15.173678,16.613509,-27.837129,-18.348161,48.021305,-24.088839,-15.192932,16.595986,-24.041908,-14.913191,16.968797,0.200000,
-24.155743,-15.173678,16.613509,-27.837065,-18.348267,48.021797,-24.316359,-15.127359,16.655486,-24.042196,-14.913693,16.968103,0.200000,
-24.155743,-15.173678,16.613509,-27.837001,-18.348372,48.022287,-24.088839,-15.192932,16.595986,-24.042483,-14.914194,16.967411,0.200000,
-24.155743,-15.173678,16.613509,-27.836937,-18.348477,48.022775,-24.316359,-15.127359,16.655486,-24.042770,-14.914694,16.966720,0.200000,
-24.155743,-15.173678,16.613509,-27.836873,-18.348582,48.023261,-24.088839,-15.192932,16.595986,-24.043055,-14.915193,16.966030,0.200000,
-24.155743,-15.173678,16.613509,-27.836810,-18.348686,48.023746,-24.316358,-15.127359,16.655486,-24.043340,-14.915692,16.965341,0.200000,
-24.155743,-15.173678,16.613509,-27.836747,-18.348789,48.024228,-24.088838,-15.192933,16.595986,-24.043624,-14.916189,16.964654,0.200000,
-24.155743,-15.173678,16.613509,-27.836684,-18.348893,48.024709,-24.316358,-15.127359,16.655486,-24.043907,-14.916686,16.963968,0.200000,
-24.155743,-15.173678,16.613509,-27.836622,-18.348996,48.025188,-24.088838,-15.192933,16.595986,-24.044190,-14.917181,16.963283,0.200000,
-24.155743,-15.173678,16.613509,-27.836560,-18.349098,48.025665,-24.316358,-15.127359,16.655486,-24.044471,-14.917676,16.962600,0.200000,
-24.155743,-15.173678,16.613509,-27.836497,-18.349201,48.026141,-24.088838,-15.192933,16.595986,-24.044752,-14.918169,16.961918,0.200000,
-24.155743,-15.173678,16.613509,-27.836436,-18.349302,48.026614,-24.316358,-15.127359,16.655486,-24.045032,-14.918662,16.961237,0.200000,
-24.155743,-15.173678,16.613509,-27.836374,-18.349404,48.027086,-24.088838,-15.192933,16.595986,-24.045311,-14.919154,16.960558,0.200000,
-24.155743,-15.173678,16.613509,-27.836313,-18.349505,48.027556,-24.316358,-15.127359,16.655486,-24.045590,-14.919645,16.959880,0.200000,
-24.155743,-15.173678,16.613509,-27.836252,-18.349605,48.028024,-24.088838,-15.192933,16.595985,-24.045867,-14.920135,16.959203,0.200000,
-24.155743,-15.173678,16.613509,-27.836191,-18.349706,48.028491,-24.316358,-15.127359,16.655486,-24.046144,-14.920624,16.958528,0.200000,
-24.155743,-15.173678,16.613509,-27.836130,-18.349806,48.028956,-24.088838,-15.192933,16.595985,-24.046420,-14.921112,16.957853,0.200000,
-24.155743,-15.173678,16.613509,-27.836069,-18.349905,48.029419,-24.316357,-15.127359,16.655486,-24.046696,-14.921599,16.957180,0.200000,
-24.155743,-15.173678,16.613509,-27.836009,-18.350004,48.029880,-24.088837,-15.192933,16.595985,-24.046970,-14.922086,16.956509,0.200000,
-24.155743,-15.173678,16.613509,-27.835949,-18.350103,48.030339,-24.316357,-15.127359,16.655486,-24.047244,-14.922571,16.955838,0.200000,
-24.155743,-15.173678,16.613509,-27.835889,-18.350202,48.030797,-24.088837,-15.192933,16.595985,-24.047517,-14.923056,16.955169,0.200000,
-24.155743,-15.173678,16.613509,-27.835830,-18.350300,48.031253,-24.316357,-15.127359,16.655486,-24.047789,-14.923539,16.954501,0.200000,
-24.155743,-15.173678,16.613509,-27.835771,-18.350397,48.031708,-24.088837,-15.192933,16.595985,-24.048060,-14.924022,16.953835,0.200000,
-24.155743,-15.173678,16.613509,-27.835712,-18.350495,48.032160,-24.316357,-15.127359,16.655486,-24.048331,-14.924504,16.953170,0.200000,
-24.155743,-15.173678,16.613509,-27.835653,-18.350592,48.032611,-24.088837,-15.192933,16.595985,-24.048601,-14.924985,16.952506,0.200000,
-24.155743,-15.173678,16.613509,-27.835594,-18.350688,48.033060,-24.316357,-15.127359,16.655486,-24.048870,-14.925465,16.951843,0.200000,
-24.155743,-15.173678,16.613509,-27.835536,-18.350784,48.033508,-24.088837,-15.192933,16.595985,-24.049138,-14.925944,16.951181,0.200000,
-24.155743,-15.173678,16.613509,-27.835477,-18.350880,48.033953,-24.316356,-15.127359,16.655486,-24.049406,-14.926423,16.950521,0.200000,
-24.155743,-15.173678,16.613509,-27.835419,-18.350976,48.034398,-24.088836,-15.192933,16.595985,-24.049673,-14.926900,16.949862,0.200000,
-24.155743,-15.173678,16.613509,-27.835362,-18.351071,48.034840,-24.316356,-15.127359,16.655486,-24.049939,-14.927377,16.949205,0.200000,
-24.155743,-15.173678,16.613509,-27.835304,-18.351166,48.035281,-24.088836,-15.192933,16.595985,-24.050205,-14.927852,16.948548,0.200000,
-24.155743,-15.173678,16.613509,-27.835247,-18.351260,48.035720,-24.316356,-15.127359,16.655486,-24.050469,-14.928327,16.947893,0.200000,
-24.155743,-15.173678,16.613509,-27.835190,-18.351354,48.036157,-24.088836,-15.192933,16.595985,-24.050733,-14.928801,16.947239,0.200000,
-24.155743,-15.173678,16.613509,-27.835133,-18.351448,48.036593,-24.316356,-15.127360,16.655486,-24.050996,-14.929274,16.946587,0.200000,
-24.155743,-15.173678,16.613509,-27.835076,-18.351541,48.037027,-24.088836,-15.192933,16.595985,-24.051259,-14.929746,16.945935,0.200000,
-24.155743,-15.173678,16.613509,-27.835019,-18.351634,48.037460,-24.316356,-15.127360,16.655486,-24.051520,-14.930217,16.945285,0.200000,
-24.155743,-15.173678,16.613509,-27.834963,-18.351727,48.037891,-24.088836,-15.192933,16.595985,-24.051781,-14.930687,16.944636,0.200000,
-24.155743,-15.173678,16.613509,-27.834907,-18.351819,48.038320,-24.316355,-15.127360,16.655486,-24.052041,-14.931157,16.943989,0.200000,
-24.155743,-15.173678,16.613509,-27.834851,-18.351911,48.038748,-24.088835,-15.192933,16.595985,-24.052301,-14.931626,16.943342,0.200000,
-24.155743,-15.173678,16.613509,-27.834796,-18.352003,48.039174,-24.316355,-15.127360,16.655485,-24.052560,-14.932093,16.942697,0.200000,
-24.155743,-15.173678,16.613509,-27.834740,-18.352094,48.039598,-24.088835,-15.192933,16.595985,-24.052818,-14.932560,16.942053,0.200000,
-24.155743,-15.173678,16.613509,-27.834685,-18.352185,48.040021,-24.316355,-15.127360,16.655485,-24.053075,-14.933026,16.941410,0.200000,
-24.155743,-15.173678,16.613509,-27.834630,-18.352276,48.040442,-24.088835,-15.192933,16.595985,-24.053332,-14.933491,16.940769,0.200000,
-24.155743,-15.173678,16.613509,-27.834575,-18.352366,48.040862,-24.316355,-15.127360,16.655485,-24.053588,-14.933956,16.940129,0.200000,
-24.155743,-15.173678,16.613509,-27.834521,-18.352456,48.041280,-24.088835,-15.192934,16.595985,-24.053843,-14.934419,16.939490,0.200000,
-24.155743,-15.173678,16.613509,-27.834466,-18.352546,48.041697,-24.316355,-15.127360,16.655485,-24.054097,-14.934881,16.938852,0.200000,
-24.155743,-15.173678,16.613509,-27.834412,-18.352635,48.042112,-24.088835,-15.192934,16.595985,-24.054351,-14.935343,16.938215,0.200000,
-24.155743,-15.173678,16.613509,-27.834358,-18.352724,48.042525,-24.316355,-15.127360,16.655485,-24.054604,-14.935804,16.937580,0.200000,
-24.155743,-15.173678,16.613509,-27.834304,-18.352812,48.042937,-24.088835,-15.192934,16.595985,-24.054856,-14.936264,16.936946,0.200000,
-24.155743,-15.173678,16.613509,-27.834251,-18.352901,48.043347,-24.316354,-15.127360,16.655485,-24.055108,-14.936723,16.936313,0.200000,
-24.155743,-15.173678,16.613509,-27.834197,-18.352988,48.043756,-24.088834,-15.192934,16.595985,-24.055359,-14.937181,16.935681,0.200000,
-24.155743,-15.173678,16.613509,-27.834144,-18.353076,48.044163,-24.316354,-15.127360,16.655485,-24.055609,-14.937638,16.935051,0.200000,
-24.155743,-15.173678,16.613509,-27.834091,-18.353163,48.044568,-24.088834,-15.192934,16.595985,-24.055858,-14.938095,16.934421,0.200000,
-24.155743,-15.173678,16.613509,-27.834038,-18.353250,48.044972,-24.316354,-15.127360,16.655485,-24.056107,-14.938551,16.933793,0.200000,
-24.155743,-15.173678,16.613509,-27.833986,-18.353337,48.045375,-24.088834,-15.192934,16.595985,-24.056355,-14.939005,16.933166,0.200000,
-24.155743,-15.173678,16.613509,-27.833934,-18.353423,48.045776,-24.316354,-15.127360,16.655485,-24.056603,-14.939459,16.932541,0.200000,
-24.155743,-15.173678,16.613509,-27.833881,-18.353509,48.046176,-24.088834,-15.192934,16.595984,-24.056850,-14.939913,16.931916,0.200000,
-24.155743,-15.173678,16.613509,-27.833829,-18.353595,48.046574,-24.316354,-15.127360,16.655485,-24.057096,-14.940365,16.931293,0.200000,
-24.155743,-15.173678,16.613509,-27.833778,-18.353680,48.046970,-24.088834,-15.192934,16.595984,-24.057341,-14.940816,16.930671,0.200000,
-24.155743,-15.173678,16.613509,-27.833726,-18.353765,48.047365,-24.316353,-15.127360,16.655485,-24.057586,-14.941267,16.930050,0.200000,
-24.155743,-15.173678,16.613509,-27.833675,-18.353850,48.047759,-24.088833,-15.192934,16.595984,-24.057830,-14.941717,16.929430,0.200000,
-24.155743,-15.173678,16.613509,-27.833623,-18.353934,48.048151,-24.316353,-15.127360,16.655485,-24.058073,-14.942165,16.928812,0.200000,
-24.155743,-15.173678,16.613509,-27.833572,-18.354018,48.048541,-24.088833,-15.192934,16.595984,-24.058316,-14.942613,16.928194,0.200000,
-24.155743,-15.173678,16.613509,-27.833522,-18.354102,48.048931,-24.316353,-15.127360,16.655485,-24.058558,-14.943061,16.927578,0.200000,
-24.155743,-15.173678,16.613509,-27.833471,-18.354185,48.049318,-24.088833,-15.192934,16.595984,-24.058799,-14.943507,16.926963,0.200000,
-24.155743,-15.173678,16.613509,-27.833421,-18.354268,48.049704,-24.316353,-15.127360,16.655485,-24.059040,-14.943953,16.926349,0.200000,
-24.155743,-15.173678,16.613509,-27.833370,-18.354351,48.050089,-24.088833,-15.192934,16.595984,-24.059279,-14.944397,16.925737,0.200000,
-24.155743,-15.173678,16.613509,-27.833320,-18.354434,48.050472,-24.316353,-15.127360,16.655485,-24.059519,-14.944841,16.925125,0.200000,
-24.155743,-15.173678,16.613509,-27.833270,-18.354516,48.050854,-24.088833,-15.192934,16.595984,-24.059757,-14.945284,16.924515,0.200000,
-24.155743,-15.173678,16.613509,-27.833221,-18.354598,48.051235,-24.316352,-15.127361,16.655485,-24.059995,-14.945726,16.923906,0.200000,
-24.155743,-15.173678,16.613509,-27.833171,-18.354679,48.051614,-24.088832,-15.192934,16.595984,-24.060233,-14.946168,16.923298,0.200000,
-24.155743,-15.173678,16.613509,-27.833122,-18.354760,48.051991,-24.316352,-15.127361,16.655485,-24.060469,-14.946608,16.922691,0.200000,
-24.155743,-15.173678,16.613509,-27.833073,-18.354841,48.052367,-24.088832,-15.192934,16.595984,-24.060705,-14.947048,16.922086,0.200000,
-24.155743,-15.173678,16.613509,-27.833024,-18.354922,48.052742,-24.316352,-15.127361,16.655485,-24.060941,-14.947487,16.921482,0.200000,
-24.155743,-15.173678,16.613509,-27.832975,-18.355002,48.053115,-24.088832,-15.192934,16.595984,-24.061175,-14.947925,16.920878,0.200000,
-24.155743,-15.173678,16.613509,-27.832927,-18.355082,48.053487,-24.316352,-15.127361,16.655485,-24.061409,-14.948362,16.920276,0.200000,
-24.155743,-15.173678,16.613509,-27.832878,-18.355162,48.053857,-24.088832,-15.192934,16.595984,-24.061643,-14.948799,16.919675,0.200000,
-24.155743,-15.173678,16.613509,-27.832830,-18.355242,48.054227,-24.316352,-15.127361,16.655485,-24.061876,-14.949235,16.919075,0.200000,
-24.155743,-15.173678,16.613509,-27.832782,-18.355321,48.054594,-24.088832,-15.192934,16.595984,-24.062108,-14.949669,16.918477,0.200000,
-24.155743,-15.173678,16.613509,-27.832734,-18.355399,48.054960,-24.316352,-15.127361,16.655485,-24.062339,-14.950103,16.917879,0.200000,
-24.155743,-15.173678,16.613509,-27.832687,-18.355478,48.055325,-24.088832,-15.192934,16.595984,-24.062570,-14.950537,16.917283,0.200000,
-24.155743,-15.173678,16.613509,-27.832639,-18.355556,48.055689,-24.316351,-15.127361,16.655484,-24.062800,-14.950969,16.916688,0.200000,
-24.155743,-15.173678,16.613509,-27.832592,-18.355634,48.056051,-24.088831,-15.192935,16.595984,-24.063030,-14.951401,16.916094,0.200000,
-24.155743,-15.173678,16.613509,-27.832545,-18.355712,48.056412,-24.316351,-15.127361,16.655484,-24.063259,-14.951831,16.915501,0.200000,
-24.155743,-15.173678,16.613509,-27.832498,-18.355789,48.056771,-24.088831,-15.192935,16.595984,-24.063487,-14.952261,16.914909,0.200000,
-24.155743,-15.173678,16.613509,-27.832451,-18.355866,48.057129,-24.316351,-15.127361,16.655484,-24.063715,-14.952690,16.914318,0.200000,
-24.155743,-15.173678,16.613509,-27.832404,-18.355943,48.057486,-24.088831,-15.192935,16.595984,-24.063942,-14.953119,16.913729,0.200000,
-24.155743,-15.173678,16.613509,-27.832358,-18.356020,48.057841,-24.316351,-15.127361,16.655484,-24.064168,-14.953546,16.913141,0.200000,
-24.155743,-15.173678,16.613509,-27.832312,-18.356096,48.058195,-24.088831,-15.192935,16.595984,-24.064394,-14.953973,16.912553,0.200000,
-24.155743,-15.173678,16.613509,-27.832266,-18.356172,48.058548,-24.316351,-15.127361,16.655484,-24.064619,-14.954399,16.911967,0.200000,
-24.155743,-15.173678,16.613509,-27.832220,-18.356247,48.058900,-24.088831,-15.192935,16.595984,-24.064844,-14.954824,16.911382,0.200000,
-24.155743,-15.173678,16.613509,-27.832174,-18.356323,48.059250,-24.316350,-15.127361,16.655484,-24.065067,-14.955248,16.910799,0.200000,
-24.155743,-15.173678,16.613509,-27.832128,-18.356398,48.059598,-24.088830,-15.192935,16.595984,-24.065291,-14.955672,16.910216,0.200000,
-24.155743,-15.173678,16.613509,-27.832083,-18.356473,48.059946,-24.316350,-15.127361,16.655484,-24.065513,-14.956095,16.909634,0.200000,
-24.155743,-15.173678,16.613509,-27.832038,-18.356547,48.060292,-24.088830,-15.192935,16.595984,-24.065735,-14.956517,16.909054,0.200000,
-24.155743,-15.173678,16.613509,-27.831993,-18.356621,48.060637,-24.316350,-15.127361,16.655484,-24.065957,-14.956938,16.908474,0.200000,
-24.155743,-15.173678,16.613509,-27.831948,-18.356695,48.060980,-24.088830,-15.192935,16.595983,-24.066178,-14.957358,16.907896,0.200000,
-24.155743,-15.173678,16.613509,-27.831903,-18.356769,48.061322,-24.316350,-15.127361,16.655484,-24.066398,-14.957778,16.907319,0.200000,
-24.155743,-15.173678,16.613509,-27.831859,-18.356842,48.061663,-24.088830,-15.192935,16.595983,-24.066618,-14.958197,16.906743,0.200000,
-24.155743,-15.173678,16.613509,-27.831814,-18.356915,48.062003,-24.316350,-15.127361,16.655484,-24.066837,-14.958615,16.906168,0.200000,
-24.155743,-15.173678,16.613509,-27.831770,-18.356988,48.062341,-24.088830,-15.192935,16.595983,-24.067055,-14.959032,16.905594,0.200000,
-24.155743,-15.173678,16.613509,-27.831726,-18.357061,48.062678,-24.316349,-15.127361,16.655484,-24.067273,-14.959448,16.905022,0.200000,
-24.155743,-15.173678,16.613509,-27.831682,-18.357133,48.063014,-24.088829,-15.192935,16.595983,-24.067490,-14.959864,16.904450,0.200000,
-24.155743,-15.173678,16.613509,-27.831639,-18.357205,48.063349,-24.316349,-15.127361,16.655484,-24.067707,-14.960279,16.903879,0.200000,
-24.155743,-15.173678,16.613509,-27.831595,-18.357277,48.063682,-24.088829,-15.192935,16.595983,-24.067923,-14.960693,16.903310,0.200000,
-24.155743,-15.173678,16.613509,-27.831552,-18.357348,48.064014,-24.316349,-15.127361,16.655484,-24.068138,-14.961106,16.902742,0.200000,
-24.155743,-15.173678,16.613509,-27.831509,-18.357420,48.064345,-24.088829,-15.192935,16.595983,-24.068353,-14.961519,16.902174,0.200000,
-24.155743,-15.173678,16.613509,-27.831466,-18.357491,48.064674,-24.316349,-15.127362,16.655484,-24.068568,-14.961930,16.901608,0.200000,
-24.155743,-15.173678,16.613509,-27.831423,-18.357561,48.065002,-24.088829,-15.192935,16.595983,-24.068781,-14.962341,16.901043,0.200000,
-24.155743,-15.173678,16.613509,-27.831380,-18.357632,48.065330,-24.316349,-15.127362,16.655484,-24.068994,-14.962752,16.900479,0.200000,
-24.155743,-15.173678,16.613509,-27.831337,-18.357702,48.065655,-24.088829,-15.192935,16.595983,-24.069207,-14.963161,16.899917,0.200000,
-24.155743,-15.173678,16.613509,-27.831295,-18.357772,48.065980,-24.316349,-15.127362,16.655484,-24.069419,-14.963570,16.899355,0.200000,
-24.155743,-15.173678,16.613509,-27.831253,-18.357841,48.066303,-24.088829,-15.192935,16.595983,-24.069630,-14.963978,16.898794,0.200000,
-24.155743,-15.173678,16.613509,-27.831211,-18.357911,48.066625,-24.316348,-15.127362,16.655484,-24.069841,-14.964385,16.898234,0.200000,
-24.155743,-15.173678,16.613509,-27.831169,-18.357980,48.066946,-24.088828,-15.192935,16.595983,-24.070051,-14.964791,16.897676,0.200000,
-24.155743,-15.173678,16.613509,-27.831127,-18.358049,48.067266,-24.316348,-15.127362,16.655484,-24.070261,-14.965197,16.897118,0.200000,
-24.155743,-15.173678,16.613509,-27.831085,-18.358117,48.067584,-24.088828,-15.192935,16.595983,-24.070470,-14.965602,16.896562,0.200000,
-24.155743,-15.173678,16.613509,-27.831044,-18.358186,48.067902,-24.316348,-15.127362,16.655484,-24.070678,-14.966006,16.896007,0.200000,
-24.155743,-15.173678,16.613509,-27.831003,-18.358254,48.068218,-24.088828,-15.192936,16.595983,-24.070886,-14.966409,16.895453,0.200000,
-24.155743,-15.173678,16.613509,-27.830962,-18.358321,48.068533,-24.316348,-15.127362,16.655484,-24.071094,-14.966811,16.894899,0.200000,
-24.155743,-15.173678,16.613509,-27.830921,-18.358389,48.068847,-24.088828,-15.192936,16.595983,-24.071301,-14.967213,16.894347,0.200000,
-24.155743,-15.173678,16.613509,-27.830880,-18.358456,48.069159,-24.316348,-15.127362,16.655483,-24.071507,-14.967614,16.893796,0.200000,
-24.155743,-15.173678,16.613509,-27.830839,-18.358523,48.069470,-24.088828,-15.192936,16.595983,-24.071712,-14.968015,16.893246,0.200000,
-24.155743,-15.173678,16.613509,-27.830799,-18.358590,48.069781,-24.316347,-15.127362,16.655483,-24.071918,-14.968414,16.892697,0.200000,
-24.155743,-15.173678,16.613509,-27.830758,-18.358657,48.070090,-24.088827,-15.192936,16.595983,-24.072122,-14.968813,16.892149,0.200000,
-24.155743,-15.173678,16.613509,-27.830718,-18.358723,48.070397,-24.316347,-15.127362,16.655483,-24.072326,-14.969211,16.891603,0.200000,
-24.155743,-15.173678,16.613509,-27.830678,-18.358789,48.070704,-24.088827,-15.192936,16.595983,-24.072530,-14.969608,16.891057,0.200000,
-24.155743,-15.173678,16.613509,-27.830638,-18.358855,48.071010,-24.316347,-15.127362,16.655483,-24.072732,-14.970005,16.890512,0.200000,
-24.155743,-15.173678,16.613509,-27.830598,-18.358920,48.071314,-24.088827,-15.192936,16.595983,-24.072935,-14.970400,16.889969,0.200000,
-24.155743,-15.173678,16.613509,-27.830559,-18.358986,48.071617,-24.316347,-15.127362,16.655483,-24.073137,-14.970795,16.889426,0.200000,
-24.155743,-15.173678,16.613509,-27.830519,-18.359051,48.071919,-24.088827,-15.192936,16.595983,-24.073338,-14.971190,16.888884,0.200000,
-24.155743,-15.173678,16.613509,-27.830480,-18.359116,48.072220,-24.316347,-15.127362,16.655483,-24.073539,-14.971583,16.888344,0.200000,
-24.155743,-15.173678,16.613509,-27.830441,-18.359180,48.072520,-24.088827,-15.192936,16.595983,-24.073739,-14.971976,16.887804,0.200000,
-24.155743,-15.173678,16.613509,-27.830402,-18.359245,48.072819,-24.316346,-15.127362,16.655483,-24.073938,-14.972368,16.887266,0.200000,
-24.155743,-15.173678,16.613509,-27.830363,-18.359309,48.073116,-24.088826,-15.192936,16.595983,-24.074137,-14.972759,16.886729,0.200000,
-24.155743,-15.173678,16.613509,-27.830324,-18.359373,48.073413,-24.316346,-15.127362,16.655483,-24.074336,-14.973150,16.886192,0.200000,
-24.155743,-15.173678,16.613509,-27.830286,-18.359436,48.073708,-24.088826,-15.192936,16.595982,-24.074534,-14.973540,16.885657,0.200000,
-24.155743,-15.173678,16.613509,-27.830247,-18.359500,48.074002,-24.316346,-15.127362,16.655483,-24.074731,-14.973929,16.885123,0.200000,
-24.155743,-15.173678,16.613509,-27.830209,-18.359563,48.074295,-24.088826,-15.192936,16.595982,-24.074928,-14.974317,16.884589,0.200000,
-24.155743,-15.173678,16.613509,-27.830171,-18.359626,48.074587,-24.316346,-15.127362,16.655483,-24.075125,-14.974705,16.884057,0.200000,
-24.155743,-15.173678,16.613509,-27.830133,-18.359688,48.074878,-24.088826,-15.192936,16.595982,-24.075320,-14.975092,16.883526,0.200000,
-24.155743,-15.173678,16.613509,-27.830095,-18.359751,48.075168,-24.316346,-15.127362,16.655483,-24.075516,-14.975478,16.882996,0.200000,
-24.155743,-15.173678,16.613509,-27.830057,-18.359813,48.075457,-24.088826,-15.192936,16.595982,-24.075711,-14.975863,16.882467,0.200000,
-24.155743,-15.173678,16.613509,-27.830020,-18.359875,48.075744,-24.316346,-15.127363,16.655483,-24.075905,-14.976248,16.881939,0.200000,
-24.155743,-15.173678,16.613509,-27.829982,-18.359936,48.076031,-24.088826,-15.192936,16.595982,-24.076099,-14.976632,16.881411,0.200000,
-24.155743,-15.173678,16.613509,-27.829945,-18.359998,48.076316,-24.316345,-15.127363,16.655483,-24.076292,-14.977015,16.880885,0.200000,
-24.155743,-15.173678,16.613509,-27.829908,-18.360059,48.076601,-24.088825,-15.192936,16.595982,-24.076484,-14.977398,16.880360,0.200000,
-24.155743,-15.173678,16.613509,-27.829871,-18.360120,48.076884,-24.316345,-15.127363,16.655483,-24.076677,-14.977780,16.879836,0.200000,
-24.155743,-15.173678,16.613509,-27.829834,-18.360181,48.077166,-24.088825,-15.192936,16.595982,-24.076868,-14.978161,16.879313,0.200000,
-24.155743,-15.173678,16.613509,-27.829797,-18.360242,48.077447,-24.316345,-15.127363,16.655483,-24.077059,-14.978541,16.878791,0.200000,
-24.155743,-15.173678,16.613509,-27.829761,-18.360302,48.077728,-24.088825,-15.192936,16.595982,-24.077250,-14.978921,16.878270,0.200000,
-24.155743,-15.173678,16.613509,-27.829724,-18.360362,48.078007,-24.316345,-15.127363,16.655483,-24.077440,-14.979300,16.877750,0.200000,
-24.155743,-15.173678,16.613509,-27.829688,-18.360422,48.078285,-24.088825,-15.192936,16.595982,-24.077630,-14.979678,16.877231,0.200000,
-24.155743,-15.173678,16.613509,-27.829652,-18.360482,48.078562,-24.316345,-15.127363,16.655483,-24.077819,-14.980055,16.876713,0.200000,
-24.155743,-15.173678,16.613509,-27.829616,-18.360541,48.078837,-24.088825,-15.192936,16.595982,-24.078007,-14.980432,16.876196,0.200000,
-24.155743,-15.173678,16.613509,-27.829580,-18.360600,48.079112,-24.316344,-15.127363,16.655483,-24.078195,-14.980808,16.875680,0.200000,
-24.155743,-15.173678,16.613509,-27.829544,-18.360659,48.079386,-24.088824,-15.192937,16.595982,-24.078383,-14.981184,16.875165,0.200000,
-24.155743,-15.173678,16.613509,-27.829508,-18.360718,48.079659,-24.316344,-15.127363,16.655483,-24.078570,-14.981558,16.874651,0.200000,
-24.155743,-15.173678,16.613509,-27.829473,-18.360777,48.079931,-24.088824,-15.192937,16.595982,-24.078757,-14.981932,16.874138,0.200000,
-24.155743,-15.173678,16.613509,-27.829438,-18.360835,48.080201,-24.316344,-15.127363,16.655483,-24.078943,-14.982305,16.873626,0.200000,
-24.155743,-15.173678,16.613509,-27.829402,-18.360893,48.080471,-24.088824,-15.192937,16.595982,-24.079128,-14.982678,16.873115,0.200000,
-24.155743,-15.173678,16.613509,-27.829367,-18.360951,48.080740,-24.316344,-15.127363,16.655483,-24.079313,-14.983050,16.872605,0.200000,
-24.155743,-15.173678,16.613509,-27.829332,-18.361009,48.081008,-24.088824,-15.192937,16.595982,-24.079498,-14.983421,16.872096,0.200000,
-24.155743,-15.173678,16.613509,-27.829297,-18.361066,48.081274,-24.316344,-15.127363,16.655482,-24.079682,-14.983791,16.871588,0.200000,
-24.155743,-15.173678,16.613509,-27.829263,-18.361123,48.081540,-24.088824,-15.192937,16.595982,-24.079865,-14.984161,16.871081,0.200000,
-24.155743,-15.173678,16.613509,-27.829228,-18.361180,48.081805,-24.316344,-15.127363,16.655482,-24.080048,-14.984530,16.870574,0.200000,
-24.155743,-15.173678,16.613509,-27.829194,-18.361237,48.082068,-24.088823,-15.192937,16.595982,-24.080231,-14.984898,16.870069,0.200000,
-24.155743,-15.173678,16.613509,-27.829159,-18.361294,48.082331,-24.316343,-15.127363,16.655482,-24.080413,-14.985266,16.869565,0.200000,
-24.155743,-15.173678,16.613509,-27.829125,-18.361350,48.082593,-24.088823,-15.192937,16.595982,-24.080595,-14.985633,16.869062,0.200000,
-24.155743,-15.173678,16.613509,-27.829091,-18.361406,48.082853,-24.316343,-15.127363,16.655482,-24.080776,-14.985999,16.868560,0.200000,
-24.155743,-15.173678,16.613509,-27.829057,-18.361462,48.083113,-24.088823,-15.192937,16.595982,-24.080956,-14.986364,16.868058,0.200000,
-24.155743,-15.173678,16.613509,-27.829023,-18.361518,48.083372,-24.316343,-15.127363,16.655482,-24.081137,-14.986729,16.867558,0.200000,
-24.155743,-15.173678,16.613509,-27.828990,-18.361574,48.083630,-24.088823,-15.192937,16.595982,-24.081316,-14.987093,16.867059,0.200000,
-24.155743,-15.173678,16.613509,-27.828956,-18.361629,48.083886,-24.316343,-15.127363,16.655482,-24.081495,-14.987457,16.866560,0.200000,
-24.155743,-15.173678,16.613509,-27.828923,-18.361684,48.084142,-24.088823,-15.192937,16.595982,-24.081674,-14.987820,16.866063,0.200000,
-24.155743,-15.173678,16.613509,-27.828890,-18.361739,48.084397,-24.316343,-15.127363,16.655482,-24.081852,-14.988182,16.865567,0.200000,
-24.155743,-15.173678,16.613509,-27.828856,-18.361794,48.084651,-24.088823,-15.192937,16.595982,-24.082030,-14.988543,16.865071,0.200000,
-24.155743,-15.173678,16.613509,-27.828823,-18.361848,48.084904,-24.316342,-15.127363,16.655482,-24.082207,-14.988904,16.864577,0.200000,
-24.155743,-15.173678,16.613509,-27.828790,-18.361903,48.085156,-24.088822,-15.192937,16.595981,-24.082384,-14.989264,16.864083,0.200000,
-24.155743,-15.173678,16.613509,-27.828758,-18.361957,48.085407,-24.316342,-15.127363,16.655482,-24.082560,-14.989623,16.863591,0.200000,
-24.155743,-15.173678,16.613509,-27.828725,-18.362011,48.085657,-24.088822,-15.192937,16.595981,-24.082736,-14.989982,16.863099,0.200000,
-24.155743,-15.173678,16.613509,-27.828692,-18.362064,48.085906,-24.316342,-15.127364,16.655482,-24.082912,-14.990340,16.862608,0.200000,
-24.155743,-15.173678,16.613509,-27.828660,-18.362118,48.086154,-24.088822,-15.192937,16.595981,-24.083087,-14.990697,16.862119,0.200000,
-24.155743,-15.173678,16.613509,-27.828628,-18.362171,48.086402,-24.316342,-15.127364,16.655482,-24.083261,-14.991054,16.861630,0.200000,
-24.155743,-15.173678,16.613509,-27.828596,-18.362224,48.086648,-24.088822,-15.192937,16.595981,-24.083435,-14.991409,16.861142,0.200000,
-24.155743,-15.173678,16.613509,-27.828563,-18.362277,48.086893,-24.316342,-15.127364,16.655482,-24.083609,-14.991765,16.860655,0.200000,
-24.155743,-15.173678,16.613509,-27.828532,-18.362330,48.087138,-24.088822,-15.192937,16.595981,-24.083782,-14.992119,16.860169,0.200000,
-24.155743,-15.173678,16.613509,-27.828500,-18.362382,48.087381,-24.316341,-15.127364,16.655482,-24.083954,-14.992473,16.859684,0.200000,
-24.155743,-15.173678,16.613509,-27.828468,-18.362435,48.087624,-24.088821,-15.192937,16.595981,-24.084126,-14.992826,16.859200,0.200000,
-24.155743,-15.173678,16.613509,-27.828436,-18.362487,48.087866,-24.316341,-15.127364,16.655482,-24.084298,-14.993179,16.858717,0.200000,
-24.155743,-15.173678,16.613509,-27.828405,-18.362539,48.088107,-24.088821,-15.192937,16.595981,-24.084469,-14.993531,16.858235,0.200000,
-24.155743,-15.173678,16.613509,-27.828374,-18.362590,48.088347,-24.316341,-15.127364,16.655482,-24.084640,-14.993882,16.857753,0.200000,
-24.155743,-15.173678,16.613509,-27.828342,-18.362642,48.088586,-24.088821,-15.192938,16.595981,-24.084810,-14.994233,16.857273,0.200000,
-24.155743,-15.173678,16.613509,-27.828311,-18.362693,48.088824,-24.316341,-15.127364,16.655482,-24.084980,-14.994583,16.856794,0.200000,
-24.155743,-15.173678,16.613509,-27.828280,-18.362744,48.089061,-24.088821,-15.192938,16.595981,-24.085150,-14.994932,16.856315,0.200000,
-24.155743,-15.173678,16.613509,-27.828249,-18.362795,48.089297,-24.316341,-15.127364,16.655482,-24.085318,-14.995280,16.855838,0.200000,
-24.155743,-15.173678,16.613509,-27.828219,-18.362846,48.089533,-24.088821,-15.192938,16.595981,-24.085487,-14.995628,16.855361,0.200000,
-24.155743,-15.173678,16.613509,-27.828188,-18.362896,48.089767,-24.316341,-15.127364,16.655482,-24.085655,-14.995975,16.854885,0.200000,
-24.155743,-15.173678,16.613509,-27.828158,-18.362947,48.090001,-24.088820,-15.192938,16.595981,-24.085823,-14.996322,16.854410,0.200000,
-24.155743,-15.173678,16.613509,-27.828127,-18.362997,48.090234,-24.316340,-15.127364,16.655482,-24.085990,-14.996668,16.853937,0.200000,
-24.155743,-15.173678,16.613509,-27.828097,-18.363047,48.090466,-24.088820,-15.192938,16.595981,-24.086157,-14.997013,16.853464,0.200000,
-24.155743,-15.173678,16.613509,-27.828067,-18.363097,48.090697,-24.316340,-15.127364,16.655482,-24.086323,-14.997358,16.852992,0.200000,
-24.155743,-15.173678,16.613509,-27.828037,-18.363146,48.090927,-24.088820,-15.192938,16.595981,-24.086489,-14.997702,16.852520,0.200000,
-24.155743,-15.173678,16.613509,-27.828007,-18.363196,48.091156,-24.316340,-15.127364,16.655481,-24.086654,-14.998045,16.852050,0.200000,
-24.155743,-15.173678,16.613509,-27.827977,-18.363245,48.091384,-24.088820,-15.192938,16.595981,-24.086819,-14.998388,16.851581,0.200000,
-24.155743,-15.173678,16.613509,-27.827947,-18.363294,48.091612,-24.316340,-15.127364,16.655481,-24.086983,-14.998730,16.851113,0.200000,
-24.155743,-15.173678,16.613509,-27.827917,-18.363343,48.091839,-24.088820,-15.192938,16.595981,-24.087148,-14.999071,16.850645,0.200000,
-24.155743,-15.173678,16.613509,-27.827888,-18.363392,48.092064,-24.316340,-15.127364,16.655481,-24.087311,-14.999412,16.850179,0.200000,
-24.155743,-15.173678,16.613509,-27.827859,-18.363440,48.092289,-24.088820,-15.192938,16.595981,-24.087474,-14.999752,16.849713,0.200000,
-24.155743,-15.173678,16.613509,-27.827829,-18.363489,48.092514,-24.316339,-15.127364,16.655481,-24.087637,-15.000091,16.849248,0.200000,
-24.155743,-15.173678,16.613509,-27.827800,-18.363537,48.092737,-24.088819,-15.192938,16.595981,-24.087800,-15.000430,16.848784,0.200000,
-24.155743,-15.173678,16.613509,-27.827771,-18.363585,48.092959,-24.316339,-15.127364,16.655481,-24.087962,-15.000768,16.848321,0.200000,
-24.155743,-15.173678,16.613509,-27.827742,-18.363632,48.093181,-24.088819,-15.192938,16.595981,-24.088123,-15.001105,16.847859,0.200000,
-24.155743,-15.173678,16.613509,-27.827713,-18.363680,48.093402,-24.316339,-15.127364,16.655481,-24.088284,-15.001442,16.847398,0.200000,
-24.155743,-15.173678,16.613509,-27.827685,-18.363727,48.093622,-24.088819,-15.192938,16.595981,-24.088445,-15.001778,16.846938,0.200000,
-24.155743,-15.173678,16.613509,-27.827656,-18.363775,48.093841,-24.316339,-15.127364,16.655481,-24.088605,-15.002114,16.846478,0.200000,
-24.155743,-15.173678,16.613509,-27.827627,-18.363822,48.094059,-24.088819,-15.192938,16.595981,-24.088765,-15.002449,16.846020,0.200000,
-24.155743,-15.173678,16.613509,-27.827599,-18.363869,48.094277,-24.316339,-15.127365,16.655481,-24.088924,-15.002783,16.845562,0.200000,
-24.155743,-15.173678,16.613509,-27.827571,-18.363915,48.094493,-24.088819,-15.192938,16.595980,-24.089083,-15.003117,16.845106,0.200000,
-24.155743,-15.173678,16.613509,-27.827543,-18.363962,48.094709,-24.316338,-15.127365,16.655481,-24.089242,-15.003450,16.844650,0.200000,
-24.155743,-15.173678,16.613509,-27.827514,-18.364008,48.094924,-24.088818,-15.192938,16.595980,-24.089400,-15.003782,16.844195,0.200000,
-24.155743,-15.173678,16.613509,-27.827486,-18.364054,48.095138,-24.316338,-15.127365,16.655481,-24.089557,-15.004114,16.843741,0.200000,
-24.155743,-15.173678,16.613509,-27.827459,-18.364100,48.095352,-24.088818,-15.192938,16.595980,-24.089715,-15.004445,16.843288,0.200000,
-24.155743,-15.173678,16.613509,-27.827431,-18.364146,48.095564,-24.316338,-15.127365,16.655481,-24.089872,-15.004775,16.842835,0.200000,
-24.155743,-15.173678,16.613509,-27.827403,-18.364192,48.095776,-24.088818,-15.192938,16.595980,-24.090028,-15.005105,16.842384,0.200000,
-24.155743,-15.173678,16.613509,-27.827376,-18.364237,48.095987,-24.316338,-15.127365,16.655481,-24.090184,-15.005434,16.841933,0.200000,
-24.155743,-15.173678,16.613509,-27.827348,-18.364283,48.096197,-24.088818,-15.192938,16.595980,-24.090340,-15.005763,16.841484,0.200000,
-24.155743,-15.173678,16.613509,-27.827321,-18.364328,48.096407,-24.316338,-15.127365,16.655481,-24.090495,-15.006091,16.841035,0.200000,
-24.155743,-15.173678,16.613509,-27.827294,-18.364373,48.096615,-24.088818,-15.192938,16.595980,-24.090650,-15.006418,16.840587,0.200000,
-24.155743,-15.173678,16.613509,-27.827266,-18.364418,48.096823,-24.316338,-15.127365,16.655481,-24.090804,-15.006745,16.840140,0.200000,
-24.155743,-15.173678,16.613509,-27.827239,-18.364462,48.097030,-24.088817,-15.192939,16.595980,-24.090958,-15.007071,16.839694,0.200000,
-24.155743,-15.173678,16.613509,-27.827212,-18.364507,48.097236,-24.316337,-15.127365,16.655481,-24.091112,-15.007396,16.839248,0.200000,
-24.155743,-15.173678,16.613509,-27.827186,-18.364551,48.097442,-24.088817,-15.192939,16.595980,-24.091265,-15.007721,16.838804,0.200000,
-24.155743,-15.173678,16.613509,-27.827159,-18.364595,48.097647,-24.316337,-15.127365,16.655481,-24.091418,-15.008045,16.838360,0.200000,
-24.155743,-15.173678,16.613509,-27.827132,-18.364639,48.097851,-24.088817,-15.192939,16.595980,-24.091570,-15.008369,16.837918,0.200000,
-24.155743,-15.173678,16.613509,-27.827106,-18.364683,48.098054,-24.316337,-15.127365,16.655481,-24.091722,-15.008692,16.837476,0.200000,
-24.155743,-15.173678,16.613509,-27.827079,-18.364727,48.098256,-24.088817,-15.192939,16.595980,-24.091874,-15.009014,16.837035,0.200000,
-24.155743,-15.173678,16.613509,-27.827053,-18.364770,48.098458,-24.316337,-15.127365,16.655481,-24.092025,-15.009336,16.836595,0.200000,
-24.155743,-15.173678,16.613509,-27.827027,-18.364813,48.098659,-24.088817,-15.192939,16.595980,-24.092176,-15.009657,16.836155,0.200000,
-24.155743,-15.173678,16.613509,-27.827000,-18.364857,48.098859,-24.316337,-15.127365,16.655481,-24.092326,-15.009977,16.835717,0.200000,
-24.155743,-15.173678,16.613509,-27.826974,-18.364900,48.099058,-24.088817,-15.192939,16.595980,-24.092476,-15.010297,16.835279,0.200000,
-24.155743,-15.173678,16.613509,-27.826948,-18.364942,48.099257,-24.316336,-15.127365,16.655481,-24.092626,-15.010617,16.834843,0.200000,
-24.155743,-15.173678,16.613509,-27.826923,-18.364985,48.099455,-24.088816,-15.192939,16.595980,-24.092775,-15.010935,16.834407,0.200000,
-24.155743,-15.173678,16.613509,-27.826897,-18.365028,48.099652,-24.316336,-15.127365,16.655481,-24.092924,-15.011253,16.833972,0.200000,
-24.155743,-15.173678,16.613509,-27.826871,-18.365070,48.099848,-24.088816,-15.192939,16.595980,-24.093072,-15.011571,16.833537,0.200000,
-24.155743,-15.173678,16.613509,-27.826846,-18.365112,48.100044,-24.316336,-15.127365,16.655480,-24.093220,-15.011888,16.833104,0.200000,
-24.155743,-15.173678,16.613509,-27.826820,-18.365154,48.100239,-24.088816,-15.192939,16.595980,-24.093368,-15.012204,16.832671,0.200000,
-24.155743,-15.173678,16.613509,-27.826795,-18.365196,48.100433,-24.316336,-15.127365,16.655480,-24.093515,-15.012520,16.832240,0.200000,
-24.155743,-15.173678,16.613509,-27.826770,-18.365238,48.100626,-24.088816,-15.192939,16.595980,-24.093662,-15.012835,16.831809,0.200000,
-24.155743,-15.173678,16.613509,-27.826744,-18.365279,48.100819,-24.316336,-15.127365,16.655480,-24.093809,-15.013149,16.831379,0.200000,
-24.155743,-15.173678,16.613509,-27.826719,-18.365321,48.101011,-24.088816,-15.192939,16.595980,-24.093955,-15.013463,16.830950,0.200000,
-24.155743,-15.173678,16.613509,-27.826694,-18.365362,48.101202,-24.316335,-15.127365,16.655480,-24.094101,-15.013776,16.830521,0.200000,
-24.155743,-15.173678,16.613509,-27.826669,-18.365403,48.101393,-24.088815,-15.192939,16.595980,-24.094246,-15.014089,16.830094,0.200000,
-24.155743,-15.173678,16.613509,-27.826645,-18.365444,48.101583,-24.316335,-15.127365,16.655480,-24.094391,-15.014401,16.829667,0.200000,
-24.155743,-15.173678,16.613509,-27.826620,-18.365485,48.101772,-24.088815,-15.192939,16.595980,-24.094536,-15.014712,16.829241,0.200000,
-24.155743,-15.173678,16.613509,-27.826595,-18.365525,48.101960,-24.316335,-15.127366,16.655480,-24.094680,-15.015023,16.828816,0.200000,
-24.155743,-15.173678,16.613509,-27.826571,-18.365566,48.102148,-24.088815,-15.192939,16.595980,-24.094824,-15.015333,16.828392,0.200000,
-24.155743,-15.173678,16.613509,-27.826546,-18.365606,48.102335,-24.316335,-15.127366,16.655480,-24.094967,-15.015643,16.827969,0.200000,
-24.155743,-15.173678,16.613509,-27.826522,-18.365646,48.102521,-24.088815,-15.192939,16.595979,-24.095110,-15.015952,16.827546,0.200000,
-24.155743,-15.173678,16.613509,-27.826498,-18.365686,48.102707,-24.316335,-15.127366,16.655480,-24.095253,-15.016260,16.827125,0.200000,
-24.155743,-15.173678,16.613509,-27.826474,-18.365726,48.102891,-24.088815,-15.192939,16.595979,-24.095395,-15.016568,16.826704,0.200000,
-24.155743,-15.173678,16.613509,-27.826450,-18.365766,48.103076,-24.316335,-15.127366,16.655480,-24.095537,-15.016876,16.826284,0.200000,
-24.155743,-15.173678,16.613509,-27.826426,-18.365806,48.103259,-24.088814,-15.192939,16.595979,-24.095679,-15.017182,16.825864,0.200000,
-24.155743,-15.173678,16.613509,-27.826402,-18.365845,48.103442,-24.316334,-15.127366,16.655480,-24.095820,-15.017488,16.825446,0.200000,
-24.155743,-15.173678,16.613509,-27.826378,-18.365884,48.103624,-24.088814,-15.192939,16.595979,-24.095961,-15.017794,16.825028,0.200000,
-24.155743,-15.173678,16.613509,-27.826354,-18.365923,48.103805,-24.316334,-15.127366,16.655480,-24.096102,-15.018099,16.824611,0.200000,
-24.155743,-15.173678,16.613509,-27.826331,-18.365962,48.103986,-24.088814,-15.192940,16.595979,-24.096242,-15.018403,16.824195,0.200000,
-24.155743,-15.173678,16.613509,-27.826307,-18.366001,48.104166,-24.316334,-15.127366,16.655480,-24.096382,-15.018707,16.823780,0.200000,
-24.155743,-15.173678,16.613509,-27.826284,-18.366040,48.104345,-24.088814,-15.192940,16.595979,-24.096521,-15.019010,16.823366,0.200000,
-24.155743,-15.173678,16.613509,-27.826260,-18.366078,48.104524,-24.316334,-15.127366,16.655480,-24.096660,-15.019313,16.822952,0.200000,
-24.155743,-15.173678,16.613509,-27.826237,-18.366117,48.104702,-24.088814,-15.192940,16.595979,-24.096799,-15.019615,16.822539,0.200000,
-24.155743,-15.173678,16.613509,-27.826214,-18.366155,48.104880,-24.316334,-15.127366,16.655480,-24.096937,-15.019916,16.822127,0.200000,
-24.155743,-15.173678,16.613509,-27.826191,-18.366193,48.105056,-24.088814,-15.192940,16.595979,-24.097075,-15.020217,16.821716,0.200000,
-24.155743,-15.173678,16.613509,-27.826168,-18.366231,48.105232,-24.316333,-15.127366,16.655480,-24.097213,-15.020517,16.821306,0.200000,
-24.155743,-15.173678,16.613509,-27.826145,-18.366269,48.105408,-24.088813,-15.192940,16.595979,-24.097350,-15.020817,16.820896,0.200000,
-24.155743,-15.173678,16.613509,-27.826122,-18.366307,48.105582,-24.316333,-15.127366,16.655480,-24.097487,-15.021116,16.820487,0.200000,
-24.155743,-15.173678,16.613509,-27.826099,-18.366344,48.105756,-24.088813,-15.192940,16.595979,-24.097624,-15.021415,16.820079,0.200000,
-24.155743,-15.173678,16.613509,-27.826077,-18.366382,48.105930,-24.316333,-15.127366,16.655480,-24.097760,-15.021713,16.819672,0.200000,
-24.155743,-15.173678,16.613509,-27.826054,-18.366419,48.106102,-24.088813,-15.192940,16.595979,-24.097896,-15.022010,16.819266,0.200000,
-24.155743,-15.173678,16.613509,-27.826032,-18.366456,48.106274,-24.316333,-15.127366,16.655480,-24.098031,-15.022307,16.818860,0.200000,
-24.155743,-15.173678,16.613509,-27.826009,-18.366493,48.106446,-24.088813,-15.192940,16.595979,-24.098166,-15.022604,16.818455,0.200000,
-24.155743,-15.173678,16.613509,-27.825987,-18.366530,48.106617,-24.316333,-15.127366,16.655480,-24.098301,-15.022899,16.818051,0.200000,
-24.155743,-15.173678,16.613509,-27.825965,-18.366566,48.106787,-24.088813,-15.192940,16.595979,-24.098436,-15.023194,16.817648,0.200000,
-24.155743,-15.173678,16.613509,-27.825943,-18.366603,48.106956,-24.316332,-15.127366,16.655480,-24.098570,-15.023489,16.817246,0.200000,
-24.155743,-15.173678,16.613509,-27.825921,-18.366639,48.107125,-24.088812,-15.192940,16.595979,-24.098704,-15.023783,16.816844,0.200000,
-24.155743,-15.173678,16.613509,-27.825899,-18.366676,48.107293,-24.316332,-15.127366,16.655479,-24.098837,-15.024077,16.816443,0.200000,
-24.155743,-15.173678,16.613509,-27.825877,-18.366712,48.107461,-24.088812,-15.192940,16.595979,-24.098970,-15.024369,16.816043,0.200000,
-24.155743,-15.173678,16.613509,-27.825855,-18.366748,48.107628,-24.316332,-15.127366,16.655479,-24.099103,-15.024662,16.815644,0.200000,
-24.155743,-15.173678,16.613509,-27.825833,-18.366784,48.107794,-24.088812,-15.192940,16.595979,-24.099235,-15.024954,16.815245,0.200000,
-24.155743,-15.173678,16.613509,-27.825812,-18.366819,48.107960,-24.316332,-15.127366,16.655479,-24.099367,-15.025245,16.814847,0.200000,
-24.155743,-15.173678,16.613509,-27.825790,-18.366855,48.108125,-24.088812,-15.192940,16.595979,-24.099499,-15.025535,16.814450,0.200000,
-24.155743,-15.173678,16.613509,-27.825768,-18.366891,48.108289,-24.316332,-15.127367,16.655479,-24.099630,-15.025826,16.814054,0.200000,
-24.155743,-15.173678,16.613509,-27.825747,-18.366926,48.108453,-24.088812,-15.192940,16.595979,-24.099761,-15.026115,16.813659,0.200000,
-24.155743,-15.173678,16.613509,-27.825726,-18.366961,48.108616,-24.316332,-15.127367,16.655479,-24.099892,-15.026404,16.813264,0.200000,
-24.155743,-15.173678,16.613509,-27.825705,-18.366996,48.108779,-24.088811,-15.192940,16.595979,-24.100022,-15.026693,16.812870,0.200000,
-24.155743,-15.173678,16.613509,-27.825683,-18.367031,48.108941,-24.316331,-15.127367,16.655479,-24.100152,-15.026980,16.812477,0.200000,
-24.155743,-15.173678,16.613509,-27.825662,-18.367066,48.109102,-24.088811,-15.192940,16.595979,-24.100282,-15.027268,16.812084,0.200000,
-24.155743,-15.173678,16.613509,-27.825641,-18.367101,48.109263,-24.316331,-15.127367,16.655479,-24.100412,-15.027555,16.811693,0.200000,
-24.155743,-15.173678,16.613509,-27.825620,-18.367135,48.109423,-24.088811,-15.192940,16.595979,-24.100541,-15.027841,16.811302,0.200000,
-24.155743,-15.173678,16.613509,-27.825600,-18.367170,48.109583,-24.316331,-15.127367,16.655479,-24.100669,-15.028126,16.810912,0.200000,
-24.155743,-15.173678,16.613509,-27.825579,-18.367204,48.109741,-24.088811,-15.192940,16.595978,-24.100798,-15.028412,16.810522,0.200000,
-24.155743,-15.173678,16.613509,-27.825558,-18.367238,48.109900,-24.316331,-15.127367,16.655479,-24.100926,-15.028696,16.810134,0.200000,
-24.155743,-15.173678,16.613509,-27.825537,-18.367272,48.110058,-24.088811,-15.192940,16.595978,-24.101053,-15.028980,16.809746,0.200000,
-24.155743,-15.173678,16.613509,-27.825517,-18.367306,48.110215,-24.316331,-15.127367,16.655479,-24.101181,-15.029264,16.809359,0.200000,
-24.155743,-15.173678,16.613509,-27.825496,-18.367340,48.110371,-24.088811,-15.192941,16.595978,-24.101308,-15.029547,16.808973,0.200000,
-24.155743,-15.173678,16.613509,-27.825476,-18.367373,48.110527,-24.316330,-15.127367,16.655479,-24.101434,-15.029829,16.808587,0.200000,
-24.155743,-15.173678,16.613509,-27.825456,-18.367407,48.110683,-24.088810,-15.192941,16.595978,-24.101561,-15.030111,16.808202,0.200000,
-24.155743,-15.173678,16.613509,-27.825436,-18.367440,48.110837,-24.316330,-15.127367,16.655479,-24.101687,-15.030392,16.807818,0.200000,
-24.155743,-15.173678,16.613509,-27.825415,-18.367474,48.110992,-24.088810,-15.192941,16.595978,-24.101813,-15.030673,16.807435,0.200000,
-24.155743,-15.173678,16.613509,-27.825395,-18.367507,48.111145,-24.316330,-15.127367,16.655479,-24.101938,-15.030953,16.807052,0.200000,
-24.155743,-15.173678,16.613509,-27.825375,-18.367540,48.111298,-24.088810,-15.192941,16.595978,-24.102063,-15.031233,16.806670,0.200000,
-24.155743,-15.173678,16.613509,-27.825355,-18.367573,48.111451,-24.316330,-15.127367,16.655479,-24.102188,-15.031512,16.806289,0.200000,
-24.155743,-15.173678,16.613509,-27.825336,-18.367605,48.111603,-24.088810,-15.192941,16.595978,-24.102313,-15.031791,16.805909,0.200000,
-24.155743,-15.173678,16.613509,-27.825316,-18.367638,48.111754,-24.316330,-15.127367,16.655479,-24.102437,-15.032069,16.805529,0.200000,
-24.155743,-15.173678,16.613509,-27.825296,-18.367671,48.111905,-24.088810,-15.192941,16.595978,-24.102561,-15.032346,16.805151,0.200000,
-24.155743,-15.173678,16.613509,-27.825277,-18.367703,48.112055,-24.316329,-15.127367,16.655479,-24.102684,-15.032623,16.804772,0.200000,
-24.155743,-15.173678,16.613509,-27.825257,-18.367735,48.112205,-24.088809,-15.192941,16.595978,-24.102807,-15.032900,16.804395,0.200000,
-24.155743,-15.173678,16.613509,-27.825237,-18.367767,48.112354,-24.316329,-15.127367,16.655479,-24.102930,-15.033176,16.804018,0.200000,
-24.155743,-15.173678,16.613509,-27.825218,-18.367799,48.112502,-24.088809,-15.192941,16.595978,-24.103053,-15.033451,16.803642,0.200000,
-24.155743,-15.173678,16.613509,-27.825199,-18.367831,48.112650,-24.316329,-15.127367,16.655479,-24.103175,-15.033726,16.803267,0.200000,
-24.155743,-15.173678,16.613509,-27.825180,-18.367863,48.112797,-24.088809,-15.192941,16.595978,-24.103297,-15.034001,16.802893,0.200000,
-24.155743,-15.173678,16.613509,-27.825160,-18.367895,48.112944,-24.316329,-15.127367,16.655479,-24.103419,-15.034274,16.802519,0.200000,
-24.155743,-15.173678,16.613509,-27.825141,-18.367926,48.113090,-24.088809,-15.192941,16.595978,-24.103540,-15.034548,16.802146,0.200000,
-24.155743,-15.173678,16.613509,-27.825122,-18.367958,48.113236,-24.316329,-15.127367,16.655479,-24.103661,-15.034821,16.801774,0.200000,
-24.155743,-15.173678,16.613509,-27.825103,-18.367989,48.113381,-24.088809,-15.192941,16.595978,-24.103782,-15.035093,16.801402,0.200000,
-24.155743,-15.173678,16.613509,-27.825084,-18.368020,48.113526,-24.316329,-15.127367,16.655479,-24.103902,-15.035365,16.801032,0.200000,
-24.155743,-15.173678,16.613509,-27.825066,-18.368051,48.113670,-24.088808,-15.192941,16.595978,-24.104022,-15.035636,16.800661,0.200000,
-24.155743,-15.173678,16.613509,-27.825047,-18.368082,48.113814,-24.316328,-15.127367,16.655478,-24.104142,-15.035907,16.800292,0.200000,
-24.155743,-15.173678,16.613509,-27.825028,-18.368113,48.113957,-24.088808,-15.192941,16.595978,-24.104261,-15.036177,16.799923,0.200000,
-24.155743,-15.173678,16.613509,-27.825009,-18.368144,48.114099,-24.316328,-15.127368,16.655478,-24.104381,-15.036446,16.799556,0.200000,
-24.155743,-15.173678,16.613509,-27.824991,-18.368175,48.114241,-24.088808,-15.192941,16.595978,-24.104499,-15.036716,16.799188,0.200000,
-24.155743,-15.173678,16.613509,-27.824972,-18.368205,48.114382,-24.316328,-15.127368,16.655478,-24.104618,-15.036984,16.798822,0.200000,
-24.155743,-15.173678,16.613509,-27.824954,-18.368236,48.114523,-24.088808,-15.192941,16.595978,-24.104736,-15.037252,16.798456,0.200000,
-24.155743,-15.173678,16.613509,-27.824936,-18.368266,48.114663,-24.316328,-15.127368,16.655478,-24.104854,-15.037520,16.798091,0.200000,
-24.155743,-15.173678,16.613509,-27.824917,-18.368296,48.114803,-24.088808,-15.192941,16.595978,-24.104972,-15.037787,16.797727,0.200000,
-24.155743,-15.173678,16.613509,-27.824899,-18.368326,48.114942,-24.316328,-15.127368,16.655478,-24.105089,-15.038053,16.797363,0.200000,
-24.155743,-15.173678,16.613509,-27.824881,-18.368356,48.115081,-24.088808,-15.192941,16.595978,-24.105206,-15.038320,16.797000,0.200000,
-24.155743,-15.173678,16.613509,-27.824863,-18.368386,48.115219,-24.316327,-15.127368,16.655478,-24.105323,-15.038585,16.796638,0.200000,
-24.155743,-15.173678,16.613509,-27.824845,-18.368416,48.115357,-24.088807,-15.192941,16.595978,-24.105440,-15.038850,16.796276,0.200000,
-24.155743,-15.173678,16.613509,-27.824827,-18.368445,48.115494,-24.316327,-15.127368,16.655478,-24.105556,-15.039115,16.795916,0.200000,
-24.155743,-15.173678,16.613509,-27.824809,-18.368475,48.115631,-24.088807,-15.192942,16.595977,-24.105672,-15.039379,16.795555,0.200000,
-24.155743,-15.173678,16.613509,-27.824792,-18.368504,48.115767,-24.316327,-15.127368,16.655478,-24.105787,-15.039642,16.795196,0.200000,
-24.155743,-15.173678,16.613509,-27.824774,-18.368533,48.115903,-24.088807,-15.192942,16.595977,-24.105903,-15.039905,16.794837,0.200000,
-24.155743,-15.173678,16.613509,-27.824756,-18.368562,48.116038,-24.316327,-15.127368,16.655478,-24.106018,-15.040168,16.794479,0.200000,
-24.155743,-15.173678,16.613509,-27.824739,-18.368591,48.116172,-24.088807,-15.192942,16.595977,-24.106132,-15.040430,16.794122,0.200000,
-24.155743,-15.173678,16.613509,-27.824721,-18.368620,48.116306,-24.316327,-15.127368,16.655478,-24.106247,-15.040691,16.793765,0.200000,
-24.155743,-15.173678,16.613509,-27.824704,-18.368649,48.116440,-24.088807,-15.192942,16.595977,-24.106361,-15.040952,16.793410,0.200000,
-24.155743,-15.173678,16.613509,-27.824686,-18.368678,48.116573,-24.316326,-15.127368,16.655478,-24.106475,-15.041212,16.793054,0.200000,
-24.155743,-15.173678,16.613509,-27.824669,-18.368707,48.116706,-24.088806,-15.192942,16.595977,-24.106588,-15.041472,16.792700,0.200000,
-24.155743,-15.173678,16.613509,-27.824652,-18.368735,48.116838,-24.316326,-15.127368,16.655478,-24.106701,-15.041732,16.792346,0.200000,
-24.155743,-15.173678,16.613509,-27.824634,-18.368763,48.116969,-24.088806,-15.192942,16.595977,-24.106814,-15.041991,16.791993,0.200000,
-24.155743,-15.173678,16.613509,-27.824617,-18.368792,48.117100,-24.316326,-15.127368,16.655478,-24.106927,-15.042249,16.791640,0.200000,
-24.155743,-15.173678,16.613509,-27.824600,-18.368820,48.117231,-24.088806,-15.192942,16.595977,-24.107040,-15.042507,16.791289,0.200000,
-24.155743,-15.173678,16.613509,-27.824583,-18.368848,48.117361,-24.316326,-15.127368,16.655478,-24.107152,-15.042765,16.790938,0.200000,
-24.155743,-15.173678,16.613509,-27.824566,-18.368876,48.117491,-24.088806,-15.192942,16.595977,-24.107264,-15.043022,16.790587,0.200000,
-24.155743,-15.173678,16.613509,-27.824549,-18.368904,48.117620,-24.316326,-15.127368,16.655478,-24.107375,-15.043278,16.790238,0.200000,
-24.155743,-15.173678,16.613509,-27.824533,-18.368932,48.117749,-24.088806,-15.192942,16.595977,-24.107486,-15.043534,16.789889,0.200000,
-24.155743,-15.173678,16.613509,-27.824516,-18.368959,48.117877,-24.316326,-15.127368,16.655478,-24.107597,-15.043790,16.789540,0.200000,
-24.155743,-15.173678,16.613509,-27.824499,-18.368987,48.118004,-24.088805,-15.192942,16.595977,-24.107708,-15.044045,16.789193,0.200000,
-24.155743,-15.173678,16.613509,-27.824483,-18.369014,48.118132,-24.316325,-15.127368,16.655478,-24.107819,-15.044299,16.788846,0.200000,
-24.155743,-15.173678,16.613509,-27.824466,-18.369042,48.118258,-24.088805,-15.192942,16.595977,-24.107929,-15.044553,16.788499,0.200000,
-24.155743,-15.173678,16.613509,-27.824450,-18.369069,48.118385,-24.316325,-15.127368,16.655478,-24.108039,-15.044807,16.788154,0.200000,
-24.155743,-15.173678,16.613509,-27.824433,-18.369096,48.118510,-24.088805,-15.192942,16.595977,-24.108148,-15.045060,16.787809,0.200000,
-24.155743,-15.173678,16.613509,-27.824417,-18.369123,48.118636,-24.316325,-15.127368,16.655478,-24.108258,-15.045312,16.787464,0.200000,
-24.155743,-15.173678,16.613509,-27.824400,-18.369150,48.118760,-24.088805,-15.192942,16.595977,-24.108367,-15.045564,16.787121,0.200000,
-24.155743,-15.173678,16.613509,-27.824384,-18.369177,48.118885,-24.316325,-15.127369,16.655478,-24.108475,-15.045816,16.786778,0.200000,
-24.155743,-15.173678,16.613509,-27.824368,-18.369204,48.119009,-24.088805,-15.192942,16.595977,-24.108584,-15.046067,16.786436,0.200000,
-24.155743,-15.173678,16.613509,-27.824352,-18.369230,48.119132,-24.316325,-15.127369,16.655477,-24.108692,-15.046317,16.786094,0.200000,
-24.155743,-15.173678,16.613509,-27.824336,-18.369257,48.119255,-24.088805,-15.192942,16.595977,-24.108800,-15.046568,16.785753,0.200000,
-24.155743,-15.173678,16.613509,-27.824320,-18.369283,48.119377,-24.316324,-15.127369,16.655477,-24.108908,-15.046817,16.785413,0.200000,
-24.155743,-15.173678,16.613509,-27.824304,-18.369309,48.119499,-24.088804,-15.192942,16.595977,-24.109015,-15.047066,16.785073,0.200000,
-24.155743,-15.173678,16.613509,-27.824288,-18.369336,48.119621,-24.316324,-15.127369,16.655477,-24.109122,-15.047315,16.784734,0.200000,
-24.155743,-15.173678,16.613509,-27.824272,-18.369362,48.119742,-24.088804,-15.192942,16.595977,-24.109229,-15.047563,16.784396,0.200000,
-24.155743,-15.173678,16.613509,-27.824256,-18.369388,48.119863,-24.316324,-15.127369,16.655477,-24.109336,-15.047811,16.784059,0.200000,
-24.155743,-15.173678,16.613509,-27.824241,-18.369414,48.119983,-24.088804,-15.192942,16.595977,-24.109442,-15.048058,16.783722,0.200000,
-24.155743,-15.173678,16.613509,-27.824225,-18.369440,48.120103,-24.316324,-15.127369,16.655477,-24.109548,-15.048305,16.783385,0.200000,
-24.155743,-15.173678,16.613509,-27.824210,-18.369465,48.120222,-24.088804,-15.192942,16.595977,-24.109654,-15.048551,16.783050,0.200000,
-24.155743,-15.173678,16.613509,-27.824194,-18.369491,48.120341,-24.316324,-15.127369,16.655477,-24.109760,-15.048797,16.782715,0.200000,
-24.155743,-15.173678,16.613509,-27.824179,-18.369517,48.120459,-24.088804,-15.192943,16.595977,-24.109865,-15.049042,16.782380,0.200000,
-24.155743,-15.173678,16.613509,-27.824163,-18.369542,48.120577,-24.316323,-15.127369,16.655477,-24.109970,-15.049287,16.782047,0.200000,
-24.155743,-15.173678,16.613509,-27.824148,-18.369567,48.120694,-24.088803,-15.192943,16.595977,-24.110075,-15.049532,16.781714,0.200000,
-24.155743,-15.173678,16.613509,-27.824132,-18.369593,48.120812,-24.316323,-15.127369,16.655477,-24.110179,-15.049775,16.781381,0.200000,
-24.155743,-15.173678,16.613509,-27.824117,-18.369618,48.120928,-24.088803,-15.192943,16.595976,-24.110283,-15.050019,16.781050,0.200000,
-24.155743,-15.173678,16.613509,-27.824102,-18.369643,48.121044,-24.316323,-15.127369,16.655477,-24.110387,-15.050262,16.780719,0.200000,
-24.155743,-15.173678,16.613509,-27.824087,-18.369668,48.121160,-24.088803,-15.192943,16.595976,-24.110491,-15.050504,16.780388,0.200000,
-24.155743,-15.173678,16.613509,-27.824072,-18.369693,48.121275,-24.316323,-15.127369,16.655477,-24.110595,-15.050746,16.780058,0.200000,
-24.155743,-15.173678,16.613509,-27.824057,-18.369718,48.121390,-24.088803,-15.192943,16.595976,-24.110698,-15.050988,16.779729,0.200000,
-24.155743,-15.173678,16.613509,-27.824042,-18.369742,48.121505,-24.316323,-15.127369,16.655477,-24.110801,-15.051229,16.779401,0.200000,
-24.155743,-15.173678,16.613509,-27.824027,-18.369767,48.121619,-24.088803,-15.192943,16.595976,-24.110903,-15.051470,16.779073,0.200000,
-24.155743,-15.173678,16.613509,-27.824012,-18.369791,48.121732,-24.316323,-15.127369,16.655477,-24.111006,-15.051710,16.778746,0.200000,
-24.155743,-15.173678,16.613509,-27.823997,-18.369816,48.121845,-24.088802,-15.192943,16.595976,-24.111108,-15.051949,16.778419,0.200000,
-24.155743,-15.173678,16.613509,-27.823983,-18.369840,48.121958,-24.316322,-15.127369,16.655477,-24.111210,-15.052189,16.778093,0.200000,
-24.155743,-15.173678,16.613509,-27.823968,-18.369864,48.122070,-24.088802,-15.192943,16.595976,-24.111312,-15.052427,16.777768,0.200000,
-24.155743,-15.173678,16.613509,-27.823953,-18.369888,48.122182,-24.316322,-15.127369,16.655477,-24.111413,-15.052666,16.777443,0.200000,
-24.155743,-15.173678,16.613509,-27.823939,-18.369913,48.122294,-24.088802,-15.192943,16.595976,-24.111514,-15.052904,16.777119,0.200000,
-24.155743,-15.173678,16.613509,-27.823924,-18.369937,48.122405,-24.316322,-15.127369,16.655477,-24.111615,-15.053141,16.776796,0.200000,
-24.155743,-15.173678,16.613509,-27.823910,-18.369960,48.122515,-24.088802,-15.192943,16.595976,-24.111716,-15.053378,16.776473,0.200000,
-24.155743,-15.173678,16.613509,-27.823895,-18.369984,48.122625,-24.316322,-15.127369,16.655477,-24.111816,-15.053614,16.776151,0.200000,
-24.155743,-15.173678,16.613509,-27.823881,-18.370008,48.122735,-24.088802,-15.192943,16.595976,-24.111916,-15.053850,16.775830,0.200000,
-24.155743,-15.173678,16.613509,-27.823867,-18.370031,48.122844,-24.316322,-15.127369,16.655477,-24.112016,-15.054086,16.775509,0.200000,
-24.155743,-15.173678,16.613509,-27.823853,-18.370055,48.122953,-24.088802,-15.192943,16.595976,-24.112116,-15.054321,16.775189,0.200000,
-24.155743,-15.173678,16.613509,-27.823838,-18.370078,48.123062,-24.316321,-15.127369,16.655477,-24.112215,-15.054556,16.774869,0.200000,
-24.155743,-15.173678,16.613509,-27.823824,-18.370102,48.123170,-24.088801,-15.192943,16.595976,-24.112314,-15.054790,16.774550,0.200000,
-24.155743,-15.173678,16.613509,-27.823810,-18.370125,48.123278,-24.316321,-15.127370,16.655477,-24.112413,-15.055024,16.774232,0.200000,
-24.155743,-15.173678,16.613509,-27.823796,-18.370148,48.123385,-24.088801,-15.192943,16.595976,-24.112512,-15.055257,16.773914,0.200000,
-24.155743,-15.173678,16.613509,-27.823782,-18.370171,48.123492,-24.316321,-15.127370,16.655477,-24.112610,-15.055490,16.773597,0.200000,
-24.155743,-15.173678,16.613509,-27.823768,-18.370194,48.123598,-24.088801,-15.192943,16.595976,-24.112708,-15.055722,16.773281,0.200000,
-24.155743,-15.173678,16.613509,-27.823754,-18.370217,48.123705,-24.316321,-15.127370,16.655476,-24.112806,-15.055954,16.772965,0.200000,
-24.155743,-15.173678,16.613509,-27.823741,-18.370240,48.123810,-24.088801,-15.192943,16.595976,-24.112904,-15.056186,16.772649,0.200000,
-24.155743,-15.173678,16.613509,-27.823727,-18.370263,48.123916,-24.316321,-15.127370,16.655476,-24.113001,-15.056417,16.772335,0.200000,
-24.155743,-15.173678,16.613509,-27.823713,-18.370285,48.124020,-24.088801,-15.192943,16.595976,-24.113099,-15.056647,16.772021,0.200000,
-24.155743,-15.173678,16.613509,-27.823700,-18.370308,48.124125,-24.316320,-15.127370,16.655476,-24.113196,-15.056877,16.771707,0.200000,
-24.155743,-15.173678,16.613509,-27.823686,-18.370330,48.124229,-24.088800,-15.192943,16.595976,-24.113292,-15.057107,16.771395,0.200000,
-24.155743,-15.173678,16.613509,-27.823672,-18.370353,48.124333,-24.316320,-15.127370,16.655476,-24.113389,-15.057336,16.771082,0.200000,
-24.155743,-15.173678,16.613509,-27.823659,-18.370375,48.124436,-24.088800,-15.192943,16.595976,-24.113485,-15.057565,16.770771,0.200000,
-24.155743,-15.173678,16.613509,-27.823645,-18.370397,48.124539,-24.316320,-15.127370,16.655476,-24.113581,-15.057794,16.770460,0.200000,
-24.155743,-15.173678,16.613509,-27.823632,-18.370419,48.124642,-24.088800,-15.192944,16.595976,-24.113677,-15.058021,16.770150,0.200000,
-24.155743,-15.173678,16.613509,-27.823619,-18.370441,48.124744,-24.316320,-15.127370,16.655476,-24.113772,-15.058249,16.769840,0.200000,
-24.155743,-15.173678,16.613509,-27.823605,-18.370463,48.124846,-24.088800,-15.192944,16.595976,-24.113867,-15.058476,16.769531,0.200000,
-24.155743,-15.173678,16.613509,-27.823592,-18.370485,48.124947,-24.316320,-15.127370,16.655476,-24.113963,-15.058703,16.769222,0.200000,
-24.155743,-15.173678,16.613509,-27.823579,-18.370507,48.125048,-24.088800,-15.192944,16.595976,-24.114057,-15.058929,16.768914,0.200000,
-24.155743,-15.173678,16.613509,-27.823566,-18.370529,48.125149,-24.316320,-15.127370,16.655476,-24.114152,-15.059154,16.768607,0.200000,
-24.155743,-15.173678,16.613509,-27.823553,-18.370551,48.125249,-24.088799,-15.192944,16.595975,-24.114246,-15.059380,16.768300,0.200000,
-24.155743,-15.173678,16.613509,-27.823540,-18.370572,48.125349,-24.316319,-15.127370,16.655476,-24.114340,-15.059605,16.767994,0.200000,
-24.155743,-15.173678,16.613509,-27.823527,-18.370594,48.125448,-24.088799,-15.192944,16.595975,-24.114434,-15.059829,16.767689,0.200000,
-24.155743,-15.173678,16.613509,-27.823514,-18.370615,48.125547,-24.316319,-15.127370,16.655476,-24.114528,-15.060053,16.767384,0.200000,
-24.155743,-15.173678,16.613509,-27.823501,-18.370636,48.125646,-24.088799,-15.192944,16.595975,-24.114621,-15.060277,16.767080,0.200000,
-24.155743,-15.173678,16.613509,-27.823488,-18.370658,48.125744,-24.316319,-15.127370,16.655476,-24.114714,-15.060500,16.766776,0.200000,
-24.155743,-15.173678,16.613509,-27.823475,-18.370679,48.125842,-24.088799,-15.192944,16.595975,-24.114807,-15.060722,16.766473,0.200000,
-24.155743,-15.173678,16.613509,-27.823462,-18.370700,48.125940,-24.316319,-15.127370,16.655476,-24.114900,-15.060945,16.766170,0.200000,
-24.155743,-15.173678,16.613509,-27.823450,-18.370721,48.126037,-24.088799,-15.192944,16.595975,-24.114993,-15.061166,16.765868,0.200000,
-24.155743,-15.173678,16.613509,-27.823437,-18.370742,48.126134,-24.316319,-15.127370,16.655476,-24.115085,-15.061388,16.765567,0.200000,
-24.155743,-15.173678,16.613509,-27.823424,-18.370763,48.126231,-24.088799,-15.192944,16.595975,-24.115177,-15.061609,16.765266,0.200000,
-24.155743,-15.173678,16.613509,-27.823412,-18.370783,48.126327,-24.316318,-15.127370,16.655476,-24.115269,-15.061829,16.764966,0.200000,
-24.155743,-15.173678,16.613509,-27.823399,-18.370804,48.126423,-24.088798,-15.192944,16.595975,-24.115360,-15.062049,16.764666,0.200000,
-24.155743,-15.173678,16.613509,-27.823387,-18.370825,48.126518,-24.316318,-15.127370,16.655476,-24.115452,-15.062269,16.764367,0.200000,
-24.155743,-15.173678,16.613509,-27.823374,-18.370845,48.126613,-24.088798,-15.192944,16.595975,-24.115543,-15.062488,16.764069,0.200000,
-24.155743,-15.173678,16.613509,-27.823362,-18.370866,48.126708,-24.316318,-15.127370,16.655476,-24.115634,-15.062707,16.763771,0.200000,
-24.155743,-15.173678,16.613509,-27.823350,-18.370886,48.126802,-24.088798,-15.192944,16.595975,-24.115724,-15.062926,16.763474,0.200000,
-24.155743,-15.173678,16.613509,-27.823337,-18.370906,48.126896,-24.316318,-15.127371,16.655476,-24.115815,-15.063144,16.763177,0.200000,
-24.155743,-15.173678,16.613509,-27.823325,-18.370926,48.126990,-24.088798,-15.192944,16.595975,-24.115905,-15.063361,16.762881,0.200000,
-24.155743,-15.173678,16.613509,-27.823313,-18.370947,48.127083,-24.316318,-15.127371,16.655476,-24.115995,-15.063578,16.762586,0.200000,
-24.155743,-15.173678,16.613509,-27.823301,-18.370967,48.127176,-24.088798,-15.192944,16.595975,-24.116085,-15.063795,16.762291,0.200000,
-24.155743,-15.173678,16.613509,-27.823289,-18.370987,48.127269,-24.316317,-15.127371,16.655476,-24.116174,-15.064011,16.761997,0.200000,
-24.155743,-15.173678,16.613509,-27.823277,-18.371007,48.127361,-24.088797,-15.192944,16.595975,-24.116264,-15.064227,16.761703,0.200000,
-24.155743,-15.173678,16.613509,-27.823265,-18.371026,48.127453,-24.316317,-15.127371,16.655476,-24.116353,-15.064443,16.761410,0.200000,
-24.155743,-15.173678,16.613509,-27.823253,-18.371046,48.127545,-24.088797,-15.192944,16.595975,-24.116442,-15.064658,16.761117,0.200000,
-24.155743,-15.173678,16.613509,-27.823241,-18.371066,48.127636,-24.316317,-15.127371,16.655476,-24.116531,-15.064872,16.760825,0.200000,
-24.155743,-15.173678,16.613509,-27.823229,-18.371085,48.127727,-24.088797,-15.192944,16.595975,-24.116619,-15.065086,16.760534,0.200000,
-24.155743,-15.173678,16.613509,-27.823217,-18.371105,48.127817,-24.316317,-15.127371,16.655475,-24.116707,-15.065300,16.760243,0.200000,
-24.155743,-15.173678,16.613509,-27.823205,-18.371125,48.127908,-24.088797,-15.192944,16.595975,-24.116795,-15.065514,16.759952,0.200000,
-24.155743,-15.173678,16.613509,-27.823194,-18.371144,48.127997,-24.316317,-15.127371,16.655475,-24.116883,-15.065727,16.759663,0.200000,
-24.155743,-15.173678,16.613509,-27.823182,-18.371163,48.128087,-24.088797,-15.192945,16.595975,-24.116971,-15.065939,16.759373,0.200000,
-24.155743,-15.173678,16.613509,-27.823170,-18.371182,48.128176,-24.316317,-15.127371,16.655475,-24.117058,-15.066151,16.759085,0.200000,
-24.155743,-15.173678,16.613509,-27.823159,-18.371202,48.128265,-24.088796,-15.192945,16.595975,-24.117145,-15.066363,16.758797,0.200000,
-24.155743,-15.173678,16.613509,-27.823147,-18.371221,48.128353,-24.316316,-15.127371,16.655475,-24.117232,-15.066574,16.758509,0.200000,
-24.155743,-15.173678,16.613509,-27.823136,-18.371240,48.128442,-24.088796,-15.192945,16.595975,-24.117319,-15.066785,16.758222,0.200000,
-24.155743,-15.173678,16.613509,-27.823124,-18.371259,48.128529,-24.316316,-15.127371,16.655475,-24.117406,-15.066996,16.757936,0.200000,
-24.155743,-15.173678,16.613509,-27.823113,-18.371278,48.128617,-24.088796,-15.192945,16.595975,-24.117492,-15.067206,16.757650,0.200000,
-24.155743,-15.173678,16.613509,-27.823101,-18.371296,48.128704,-24.316316,-15.127371,16.655475,-24.117578,-15.067415,16.757365,0.200000,
-24.155743,-15.173678,16.613509,-27.823090,-18.371315,48.128791,-24.088796,-15.192945,16.595975,-24.117664,-15.067625,16.757080,0.200000,
-24.155743,-15.173678,16.613509,-27.823079,-18.371334,48.128877,-24.316316,-15.127371,16.655475,-24.117750,-15.067834,16.756796,0.200000,
-24.155743,-15.173678,16.613509,-27.823067,-18.371353,48.128964,-24.088796,-15.192945,16.595974,-24.117835,-15.068042,16.756513,0.200000,
-24.155743,-15.173678,16.613509,-27.823056,-18.371371,48.129050,-24.316316,-15.127371,16.655475,-24.117920,-15.068250,16.756230,0.200000,
-24.155743,-15.173678,16.613509,-27.823045,-18.371390,48.129135,-24.088796,-15.192945,16.595974,-24.118005,-15.068458,16.755947,0.200000,
-24.155743,-15.173678,16.613509,-27.823034,-18.371408,48.129220,-24.316315,-15.127371,16.655475,-24.118090,-15.068665,16.755665,0.200000,
-24.155743,-15.173678,16.613509,-27.823023,-18.371426,48.129305,-24.088795,-15.192945,16.595974,-24.118175,-15.068872,16.755384,0.200000,
-24.155743,-15.173678,16.613509,-27.823012,-18.371445,48.129390,-24.316315,-15.127371,16.655475,-24.118259,-15.069078,16.755103,0.200000,
-24.155743,-15.173678,16.613509,-27.823001,-18.371463,48.129474,-24.088795,-15.192945,16.595974,-24.118344,-15.069284,16.754823,0.200000,
-24.155743,-15.173678,16.613509,-27.822990,-18.371481,48.129558,-24.316315,-15.127371,16.655475,-24.118428,-15.069490,16.754543,0.200000,
-24.155743,-15.173678,16.613509,-27.822979,-18.371499,48.129642,-24.088795,-15.192945,16.595974,-24.118511,-15.069695,16.754264,0.200000,
-24.155743,-15.173678,16.613509,-27.822968,-18.371517,48.129725,-24.316315,-15.127371,16.655475,-24.118595,-15.069900,16.753986,0.200000,
-24.155743,-15.173678,16.613509,-27.822957,-18.371535,48.129808,-24.088795,-15.192945,16.595974,-24.118679,-15.070104,16.753708,0.200000,
-24.155743,-15.173678,16.613509,-27.822946,-18.371553,48.129891,-24.316315,-15.127371,16.655475,-24.118762,-15.070308,16.753430,0.200000,
-24.155743,-15.173678,16.613509,-27.822935,-18.371570,48.129973,-24.088795,-15.192945,16.595974,-24.118845,-15.070512,16.753153,0.200000,
-24.155743,-15.173678,16.613509,-27.822925,-18.371588,48.130055,-24.316314,-15.127371,16.655475,-24.118928,-15.070715,16.752877,0.200000,
-24.155743,-15.173678,16.613509,-27.822914,-18.371606,48.130137,-24.088794,-15.192945,16.595974,-24.119010,-15.070918,16.752601,0.200000,
-24.155743,-15.173678,16.613509,-27.822903,-18.371623,48.130218,-24.316314,-15.127372,16.655475,-24.119093,-15.071121,16.752326,0.200000,
-24.155743,-15.173678,16.613509,-27.822893,-18.371641,48.130299,-24.088794,-15.192945,16.595974,-24.119175,-15.071323,16.752051,0.200000,
-24.155743,-15.173678,16.613509,-27.822882,-18.371658,48.130380,-24.316314,-15.127372,16.655475,-24.119257,-15.071524,16.751777,0.200000,
-24.155743,-15.173678,16.613509,-27.822872,-18.371676,48.130461,-24.088794,-15.192945,16.595974,-24.119339,-15.071726,16.751503,0.200000,
-24.155743,-15.173678,16.613509,-27.822861,-18.371693,48.130541,-24.316314,-15.127372,16.655475,-24.119420,-15.071927,16.751230,0.200000,
-24.155743,-15.173678,16.613509,-27.822851,-18.371710,48.130621,-24.088794,-15.192945,16.595974,-24.119502,-15.072127,16.750957,0.200000,
-24.155743,-15.173678,16.613509,-27.822840,-18.371728,48.130701,-24.316314,-15.127372,16.655475,-24.119583,-15.072327,16.750685,0.200000,
-24.155743,-15.173678,16.613509,-27.822830,-18.371745,48.130780,-24.088794,-15.192945,16.595974,-24.119664,-15.072527,16.750413,0.200000,
-24.155743,-15.173678,16.613509,-27.822820,-18.371762,48.130859,-24.316314,-15.127372,16.655475,-24.119745,-15.072726,16.750142,0.200000,
-24.155743,-15.173678,16.613509,-27.822809,-18.371779,48.130938,-24.088793,-15.192945,16.595974,-24.119825,-15.072925,16.749872,0.200000,
-24.155743,-15.173678,16.613509,-27.822799,-18.371796,48.131016,-24.316313,-15.127372,16.655475,-24.119906,-15.073124,16.749602,0.200000,
-24.155743,-15.173678,16.613509,-27.822789,-18.371813,48.131094,-24.088793,-15.192945,16.595974,-24.119986,-15.073322,16.749333,0.200000,
-24.155743,-15.173678,16.613509,-27.822779,-18.371829,48.131172,-24.316313,-15.127372,16.655474,-24.120066,-15.073520,16.749064,0.200000,
-24.155743,-15.173678,16.613509,-27.822769,-18.371846,48.131250,-24.088793,-15.192946,16.595974,-24.120146,-15.073717,16.748795,0.200000,
-24.155743,-15.173678,16.613509,-27.822759,-18.371863,48.131327,-24.316313,-15.127372,16.655474,-24.120225,-15.073914,16.748527,0.200000,
-24.155743,-15.173678,16.613509,-27.822749,-18.371879,48.131404,-24.088793,-15.192946,16.595974,-24.120305,-15.074111,16.748260,0.200000,
-24.155743,-15.173678,16.613509,-27.822738,-18.371896,48.131480,-24.316313,-15.127372,16.655474,-24.120384,-15.074307,16.747993,0.200000,
-24.155743,-15.173678,16.613509,-27.822729,-18.371912,48.131557,-24.088793,-15.192946,16.595974,-24.120463,-15.074503,16.747727,0.200000,
-24.155743,-15.173678,16.613509,-27.822719,-18.371929,48.131633,-24.316313,-15.127372,16.655474,-24.120542,-15.074698,16.747461,0.200000,
-24.155743,-15.173678,16.613509,-27.822709,-18.371945,48.131709,-24.088793,-15.192946,16.595974,-24.120621,-15.074894,16.747196,0.200000,
-24.155743,-15.173678,16.613509,-27.822699,-18.371962,48.131784,-24.316312,-15.127372,16.655474,-24.120699,-15.075088,16.746931,0.200000,
-24.155743,-15.173678,16.613509,-27.822689,-18.371978,48.131860,-24.088792,-15.192946,16.595974,-24.120778,-15.075283,16.746667,0.200000,
-24.155743,-15.173678,16.613509,-27.822679,-18.371994,48.131934,-24.316312,-15.127372,16.655474,-24.120856,-15.075477,16.746403,0.200000,
-24.155743,-15.173678,16.613509,-27.822669,-18.372010,48.132009,-24.088792,-15.192946,16.595974,-24.120934,-15.075670,16.746140,0.200000,
-24.155743,-15.173678,16.613509,-27.822660,-18.372026,48.132084,-24.316312,-15.127372,16.655474,-24.121011,-15.075863,16.745878,0.200000,
-24.155743,-15.173678,16.613509,-27.822650,-18.372042,48.132158,-24.088792,-15.192946,16.595974,-24.121089,-15.076056,16.745616,0.200000,
-24.155743,-15.173678,16.613509,-27.822640,-18.372058,48.132231,-24.316312,-15.127372,16.655474,-24.121166,-15.076249,16.745354,0.200000,
-24.155743,-15.173678,16.613509,-27.822631,-18.372074,48.132305,-24.088792,-15.192946,16.595973,-24.121243,-15.076441,16.745093,0.200000,
-24.155743,-15.173678,16.613509,-27.822621,-18.372090,48.132378,-24.316312,-15.127372,16.655474,-24.121320,-15.076633,16.744832,0.200000,
-24.155743,-15.173678,16.613509,-27.822612,-18.372106,48.132451,-24.088792,-15.192946,16.595973,-24.121397,-15.076824,16.744572,0.200000,
-24.155743,-15.173678,16.613509,-27.822602,-18.372121,48.132524,-24.316311,-15.127372,16.655474,-24.121474,-15.077015,16.744313,0.200000,
-24.155743,-15.173678,16.613509,-27.822593,-18.372137,48.132596,-24.088791,-15.192946,16.595973,-24.121550,-15.077205,16.744054,0.200000,
-24.155743,-15.173678,16.613509,-27.822583,-18.372153,48.132669,-24.316311,-15.127372,16.655474,-24.121627,-15.077396,16.743795,0.200000,
-24.155743,-15.173678,16.613509,-27.822574,-18.372168,48.132741,-24.088791,-15.192946,16.595973,-24.121703,-15.077586,16.743537,0.200000,
-24.155743,-15.173678,16.613509,-27.822564,-18.372184,48.132812,-24.316311,-15.127372,16.655474,-24.121779,-15.077775,16.743280,0.200000,
-24.155743,-15.173678,16.613509,-27.822555,-18.372199,48.132884,-24.088791,-15.192946,16.595973,-24.121854,-15.077964,16.743022,0.200000,
-24.155743,-15.173678,16.613509,-27.822546,-18.372214,48.132955,-24.316311,-15.127373,16.655474,-24.121930,-15.078153,16.742766,0.200000,
-24.155743,-15.173678,16.613509,-27.822537,-18.372230,48.133025,-24.088791,-15.192946,16.595973,-24.122005,-15.078341,16.742510,0.200000,
-24.155743,-15.173678,16.613509,-27.822527,-18.372245,48.133096,-24.316311,-15.127373,16.655474,-24.122080,-15.078529,16.742254,0.200000,
-24.155743,-15.173678,16.613509,-27.822518,-18.372260,48.133166,-24.088791,-15.192946,16.595973,-24.122155,-15.078717,16.741999,0.200000,
-24.155743,-15.173678,16.613509,-27.822509,-18.372275,48.133236,-24.316311,-15.127373,16.655474,-24.122230,-15.078904,16.741745,0.200000,
-24.155743,-15.173678,16.613509,-27.822500,-18.372290,48.133306,-24.088790,-15.192946,16.595973,-24.122305,-15.079091,16.741491,0.200000,
-24.155743,-15.173678,16.613509,-27.822491,-18.372305,48.133376,-24.316310,-15.127373,16.655474,-24.122379,-15.079278,16.741237,0.200000,
-24.155743,-15.173678,16.613509,-27.822482,-18.372320,48.133445,-24.088790,-15.192946,16.595973,-24.122453,-15.079464,16.740984,0.200000,
-24.155743,-15.173678,16.613509,-27.822473,-18.372335,48.133514,-24.316310,-15.127373,16.655474,-24.122527,-15.079650,16.740732,0.200000,
-24.155743,-15.173678,16.613509,-27.822464,-18.372350,48.133582,-24.088790,-15.192946,16.595973,-24.122601,-15.079835,16.740480,0.200000,
-24.155743,-15.173678,16.613509,-27.822455,-18.372365,48.133651,-24.316310,-15.127373,16.655474,-24.122675,-15.080020,16.740228,0.200000,
-24.155743,-15.173678,16.613509,-27.822446,-18.372379,48.133719,-24.088790,-15.192946,16.595973,-24.122748,-15.080205,16.739977,0.200000,
-24.155743,-15.173678,16.613509,-27.822437,-18.372394,48.133787,-24.316310,-15.127373,16.655474,-24.122822,-15.080390,16.739727,0.200000,
-24.155743,-15.173678,16.613509,-27.822428,-18.372409,48.133855,-24.088790,-15.192947,16.595973,-24.122895,-15.080574,16.739477,0.200000,
-24.155743,-15.173678,16.613509,-27.822419,-18.372423,48.133922,-24.316310,-15.127373,16.655474,-24.122968,-15.080757,16.739227,0.200000,
-24.155743,-15.173678,16.613509,-27.822411,-18.372438,48.133989,-24.088790,-15.192947,16.595973,-24.123041,-15.080941,16.738978,0.200000,
-24.155743,-15.173678,16.613509,-27.822402,-18.372452,48.134056,-24.316309,-15.127373,16.655474,-24.123114,-15.081124,16.738730,0.200000,
-24.155743,-15.173678,16.613509,-27.822393,-18.372467,48.134123,-24.088789,-15.192947,16.595973,-24.123186,-15.081306,16.738482,0.200000,
-24.155743,-15.173678,16.613509,-27.822385,-18.372481,48.134189,-24.316309,-15.127373,16.655473,-24.123258,-15.081488,16.738234,0.200000,
-24.155743,-15.173678,16.613509,-27.822376,-18.372495,48.134256,-24.088789,-15.192947,16.595973,-24.123330,-15.081670,16.737987,0.200000,
-24.155743,-15.173678,16.613509,-27.822367,-18.372510,48.134321,-24.316309,-15.127373,16.655473,-24.123402,-15.081852,16.737740,0.200000,
-24.155743,-15.173678,16.613509,-27.822359,-18.372524,48.134387,-24.088789,-15.192947,16.595973,-24.123474,-15.082033,16.737494,0.200000,
-24.155743,-15.173678,16.613509,-27.822350,-18.372538,48.134453,-24.316309,-15.127373,16.655473,-24.123546,-15.082214,16.737249,0.200000,
-24.155743,-15.173678,16.613509,-27.822342,-18.372552,48.134518,-24.088789,-15.192947,16.595973,-24.123617,-15.082394,16.737003,0.200000,
-24.155743,-15.173678,16.613509,-27.822333,-18.372566,48.134583,-24.316309,-15.127373,16.655473,-24.123689,-15.082574,16.736759,0.200000,
-24.155743,-15.173678,16.613509,-27.822325,-18.372580,48.134647,-24.088789,-15.192947,16.595973,-24.123760,-15.082754,16.736515,0.200000,
-24.155743,-15.173678,16.613509,-27.822316,-18.372594,48.134712,-24.316308,-15.127373,16.655473,-24.123831,-15.082934,16.736271,0.200000,
-24.155743,-15.173678,16.613509,-27.822308,-18.372608,48.134776,-24.088788,-15.192947,16.595973,-24.123901,-15.083113,16.736028,0.200000,
-24.155743,-15.173678,16.613509,-27.822300,-18.372621,48.134840,-24.316308,-15.127373,16.655473,-24.123972,-15.083291,16.735785,0.200000,
-24.155743,-15.173678,16.613509,-27.822291,-18.372635,48.134904,-24.088788,-15.192947,16.595973,-24.124042,-15.083470,16.735543,0.200000,
-24.155743,-15.173678,16.613509,-27.822283,-18.372649,48.134967,-24.316308,-15.127373,16.655473,-24.124113,-15.083648,16.735301,0.200000,
-24.155743,-15.173678,16.613509,-27.822275,-18.372663,48.135030,-24.088788,-15.192947,16.595972,-24.124183,-15.083825,16.735059,0.200000,
-24.155743,-15.173678,16.613509,-27.822266,-18.372676,48.135093,-24.316308,-15.127373,16.655473,-24.124253,-15.084003,16.734819,0.200000,
-24.155743,-15.173678,16.613509,-27.822258,-18.372690,48.135156,-24.088788,-15.192947,16.595972,-24.124322,-15.084180,16.734578,0.200000,
-24.155743,-15.173678,16.613509,-27.822250,-18.372703,48.135219,-24.316308,-15.127373,16.655473,-24.124392,-15.084356,16.734338,0.200000,
-24.155743,-15.173678,16.613509,-27.822242,-18.372717,48.135281,-24.088788,-15.192947,16.595972,-24.124461,-15.084533,16.734099,0.200000,
-24.155743,-15.173678,16.613509,-27.822234,-18.372730,48.135343,-24.316308,-15.127373,16.655473,-24.124531,-15.084709,16.733860,0.200000,
-24.155743,-15.173678,16.613509,-27.822226,-18.372743,48.135405,-24.088787,-15.192947,16.595972,-24.124600,-15.084884,16.733621,0.200000,
-24.155743,-15.173678,16.613509,-27.822218,-18.372757,48.135466,-24.316307,-15.127374,16.655473,-24.124669,-15.085060,16.733383,0.200000,
-24.155743,-15.173678,16.613509,-27.822210,-18.372770,48.135528,-24.088787,-15.192947,16.595972,-24.124737,-15.085234,16.733146,0.200000,
-24.155743,-15.173678,16.613509,-27.822202,-18.372783,48.135589,-24.316307,-15.127374,16.655473,-24.124806,-15.085409,16.732909,0.200000,
-24.155743,-15.173678,16.613509,-27.822194,-18.372796,48.135650,-24.088787,-15.192947,16.595972,-24.124874,-15.085583,16.732672,0.200000,
-24.155743,-15.173678,16.613509,-27.822186,-18.372810,48.135710,-24.316307,-15.127374,16.655473,-24.124943,-15.085757,16.732436,0.200000,
-24.155743,-15.173678,16.613509,-27.822178,-18.372823,48.135771,-24.088787,-15.192947,16.595972,-24.125011,-15.085931,16.732200,0.200000,
-24.155743,-15.173678,16.613509,-27.822170,-18.372836,48.135831,-24.316307,-15.127374,16.655473,-24.125079,-15.086104,16.731965,0.200000,
-24.155743,-15.173678,16.613509,-27.822162,-18.372849,48.135891,-24.088787,-15.192947,16.595972,-24.125147,-15.086277,16.731730,0.200000,
-24.155743,-15.173678,16.613509,-27.822154,-18.372861,48.135951,-24.316307,-15.127374,16.655473,-24.125214,-15.086449,16.731496,0.200000,
-24.155743,-15.173678,16.613509,-27.822147,-18.372874,48.136010,-24.088787,-15.192947,16.595972,-24.125282,-15.086622,16.731262,0.200000,
-24.155743,-15.173678,16.613509,-27.822139,-18.372887,48.136070,-24.316306,-15.127374,16.655473,-24.125349,-15.086794,16.731029,0.200000,
-24.155743,-15.173678,16.613509,-27.822131,-18.372900,48.136129,-24.088786,-15.192947,16.595972,-24.125416,-15.086965,16.730796,0.200000,
-24.155743,-15.173678,16.613509,-27.822123,-18.372913,48.136188,-24.316306,-15.127374,16.655473,-24.125483,-15.087136,16.730563,0.200000,
-24.155743,-15.173678,16.613509,-27.822116,-18.372925,48.136246,-24.088786,-15.192948,16.595972,-24.125550,-15.087307,16.730331,0.200000,
-24.155743,-15.173678,16.613509,-27.822108,-18.372938,48.136305,-24.316306,-15.127374,16.655473,-24.125616,-15.087478,16.730100,0.200000,
-24.155743,-15.173678,16.613509,-27.822101,-18.372950,48.136363,-24.088786,-15.192948,16.595972,-24.125683,-15.087648,16.729869,0.200000,
-24.155743,-15.173678,16.613509,-27.822093,-18.372963,48.136421,-24.316306,-15.127374,16.655473,-24.125749,-15.087818,16.729638,0.200000,
-24.155743,-15.173678,16.613509,-27.822085,-18.372975,48.136479,-24.088786,-15.192948,16.595972,-24.125816,-15.087987,16.729408,0.200000,
-24.155743,-15.173678,16.613509,-27.822078,-18.372988,48.136536,-24.316306,-15.127374,16.655473,-24.125882,-15.088156,16.729178,0.200000,
-24.155743,-15.173678,16.613509,-27.822070,-18.373000,48.136593,-24.088786,-15.192948,16.595972,-24.125947,-15.088325,16.728949,0.200000,
-24.155743,-15.173678,16.613509,-27.822063,-18.373013,48.136651,-24.316305,-15.127374,16.655472,-24.126013,-15.088494,16.728720,0.200000,
-24.155743,-15.173678,16.613509,-27.822055,-18.373025,48.136707,-24.088785,-15.192948,16.595972,-24.126079,-15.088662,16.728492,0.200000,
-24.155743,-15.173678,16.613509,-27.822048,-18.373037,48.136764,-24.316305,-15.127374,16.655472,-24.126144,-15.088830,16.728264,0.200000,
-24.155743,-15.173678,16.613509,-27.822041,-18.373049,48.136821,-24.088785,-15.192948,16.595972,-24.126209,-15.088998,16.728036,0.200000,
-24.155743,-15.173678,16.613509,-27.822033,-18.373061,48.136877,-24.316305,-15.127374,16.655472,-24.126274,-15.089165,16.727809,0.200000,
-24.155743,-15.173678,16.613509,-27.822026,-18.373074,48.136933,-24.088785,-15.192948,16.595972,-24.126339,-15.089332,16.727582,0.200000,
-24.155743,-15.173678,16.613509,-27.822019,-18.373086,48.136989,-24.316305,-15.127374,16.655472,-24.126404,-15.089498,16.727356,0.200000,
-24.155743,-15.173678,16.613509,-27.822011,-18.373098,48.137044,-24.088785,-15.192948,16.595972,-24.126469,-15.089665,16.727131,0.200000,
-24.155743,-15.173678,16.613509,-27.822004,-18.373110,48.137100,-24.316305,-15.127374,16.655472,-24.126533,-15.089831,16.726905,0.200000,
-24.155743,-15.173678,16.613509,-27.821997,-18.373121,48.137155,-24.088785,-15.192948,16.595972,-24.126598,-15.089996,16.726681,0.200000,
-24.155743,-15.173678,16.613509,-27.821990,-18.373133,48.137210,-24.316305,-15.127374,16.655472,-24.126662,-15.090161,16.726456,0.200000,
-24.155743,-15.173678,16.613509,-27.821983,-18.373145,48.137265,-24.088784,-15.192948,16.595972,-24.126726,-15.090326,16.726232,0.200000,
-24.155743,-15.173678,16.613509,-27.821976,-18.373157,48.137319,-24.316304,-15.127374,16.655472,-24.126790,-15.090491,16.726009,0.200000,
-24.155743,-15.173678,16.613509,-27.821968,-18.373169,48.137374,-24.088784,-15.192948,16.595971,-24.126853,-15.090655,16.725786,0.200000,
-24.155743,-15.173678,16.613509,-27.821961,-18.373180,48.137428,-24.316304,-15.127374,16.655472,-24.126917,-15.090819,16.725563,0.200000,
-24.155743,-15.173678,16.613509,-27.821954,-18.373192,48.137482,-24.088784,-15.192948,16.595971,-24.126980,-15.090983,16.725341,0.200000,
-24.155743,-15.173678,16.613509,-27.821947,-18.373204,48.137536,-24.316304,-15.127375,16.655472,-24.127044,-15.091146,16.725119,0.200000,
-24.155743,-15.173678,16.613509,-27.821940,-18.373215,48.137589,-24.088784,-15.192948,16.595971,-24.127107,-15.091309,16.724898,0.200000,
-24.155743,-15.173678,16.613509,-27.821933,-18.373227,48.137642,-24.316304,-15.127375,16.655472,-24.127170,-15.091472,16.724677,0.200000,
-24.155743,-15.173678,16.613509,-27.821926,-18.373238,48.137696,-24.088784,-15.192948,16.595971,-24.127233,-15.091635,16.724457,0.200000,
-24.155743,-15.173678,16.613509,-27.821919,-18.373250,48.137749,-24.316304,-15.127375,16.655472,-24.127295,-15.091797,16.724237,0.200000,
-24.155743,-15.173678,16.613509,-27.821913,-18.373261,48.137801,-24.088784,-15.192948,16.595971,-24.127358,-15.091958,16.724017,0.200000,
-24.155743,-15.173678,16.613509,-27.821906,-18.373272,48.137854,-24.316303,-15.127375,16.655472,-24.127420,-15.092120,16.723798,0.200000,
-24.155743,-15.173678,16.613509,-27.821899,-18.373284,48.137906,-24.088783,-15.192948,16.595971,-24.127482,-15.092281,16.723579,0.200000,
-24.155743,-15.173678,16.613509,-27.821892,-18.373295,48.137958,-24.316303,-15.127375,16.655472,-24.127544,-15.092442,16.723361,0.200000,
-24.155743,-15.173678,16.613509,-27.821885,-18.373306,48.138010,-24.088783,-15.192948,16.595971,-24.127606,-15.092602,16.723143,0.200000,
-24.155743,-15.173678,16.613509,-27.821878,-18.373317,48.138062,-24.316303,-15.127375,16.655472,-24.127668,-15.092762,16.722926,0.200000,
-24.155743,-15.173678,16.613509,-27.821872,-18.373329,48.138114,-24.088783,-15.192948,16.595971,-24.127730,-15.092922,16.722709,0.200000,
-24.155743,-15.173678,16.613509,-27.821865,-18.373340,48.138165,-24.316303,-15.127375,16.655472,-24.127791,-15.093082,16.722492,0.200000,
-24.155743,-15.173678,16.613509,-27.821858,-18.373351,48.138216,-24.088783,-15.192949,16.595971,-24.127853,-15.093241,16.722276,0.200000,
-24.155743,-15.173678,16.613509,-27.821852,-18.373362,48.138267,-24.316303,-15.127375,16.655472,-24.127914,-15.093400,16.722061,0.200000,
-24.155743,-15.173678,16.613509,-27.821845,-18.373373,48.138318,-24.088783,-15.192949,16.595971,-24.127975,-15.093559,16.721845,0.200000,
-24.155743,-15.173678,16.613509,-27.821838,-18.373384,48.138369,-24.316302,-15.127375,16.655472,-24.128036,-15.093717,16.721630,0.200000,
-24.155743,-15.173678,16.613509,-27.821832,-18.373395,48.138419,-24.088782,-15.192949,16.595971,-24.128097,-15.093875,16.721416,0.200000,
-24.155743,-15.173678,16.613509,-27.821825,-18.373405,48.138469,-24.316302,-15.127375,16.655472,-24.128157,-15.094033,16.721202,0.200000,
-24.155743,-15.173678,16.613509,-27.821819,-18.373416,48.138519,-24.088782,-15.192949,16.595971,-24.128218,-15.094190,16.720988,0.200000,
-24.155743,-15.173678,16.613509,-27.821812,-18.373427,48.138569,-24.316302,-15.127375,16.655472,-24.128278,-15.094347,16.720775,0.200000,
-24.155743,-15.173678,16.613509,-27.821806,-18.373438,48.138619,-24.088782,-15.192949,16.595971,-24.128338,-15.094504,16.720563,0.200000,
-24.155743,-15.173678,16.613509,-27.821799,-18.373448,48.138668,-24.316302,-15.127375,16.655472,-24.128398,-15.094661,16.720350,0.200000,
-24.155743,-15.173678,16.613509,-27.821793,-18.373459,48.138718,-24.088782,-15.192949,16.595971,-24.128458,-15.094817,16.720138,0.200000,
-24.155743,-15.173678,16.613509,-27.821786,-18.373470,48.138767,-24.316302,-15.127375,16.655472,-24.128518,-15.094973,16.719927,0.200000,
-24.155743,-15.173678,16.613509,-27.821780,-18.373480,48.138816,-24.088782,-15.192949,16.595971,-24.128578,-15.095128,16.719716,0.200000,
-24.155743,-15.173678,16.613509,-27.821774,-18.373491,48.138864,-24.316302,-15.127375,16.655471,-24.128637,-15.095283,16.719505,0.200000,
-24.155743,-15.173678,16.613509,-27.821767,-18.373501,48.138913,-24.088781,-15.192949,16.595971,-24.128697,-15.095438,16.719295,0.200000,
-24.155743,-15.173678,16.613509,-27.821761,-18.373512,48.138961,-24.316301,-15.127375,16.655471,-24.128756,-15.095593,16.719085,0.200000,
-24.155743,-15.173678,16.613509,-27.821755,-18.373522,48.139009,-24.088781,-15.192949,16.595971,-24.128815,-15.095747,16.718876,0.200000,
-24.155743,-15.173678,16.613509,-27.821748,-18.373532,48.139057,-24.316301,-15.127375,16.655471,-24.128874,-15.095901,16.718667,0.200000,
-24.155743,-15.173678,16.613509,-27.821742,-18.373543,48.139105,-24.088781,-15.192949,16.595971,-24.128933,-15.096055,16.718458,0.200000,
-24.155743,-15.173678,16.613509,-27.821736,-18.373553,48.139153,-24.316301,-15.127375,16.655471,-24.128991,-15.096209,16.718250,0.200000,
-24.155743,-15.173678,16.613509,-27.821730,-18.373563,48.139200,-24.088781,-15.192949,16.595971,-24.129050,-15.096362,16.718042,0.200000,
-24.155743,-15.173678,16.613509,-27.821724,-18.373574,48.139248,-24.316301,-15.127375,16.655471,-24.129108,-15.096515,16.717835,0.200000,
-24.155743,-15.173678,16.613509,-27.821717,-18.373584,48.139295,-24.088781,-15.192949,16.595971,-24.129166,-15.096667,16.717628,0.200000,
-24.155743,-15.173678,16.613509,-27.821711,-18.373594,48.139342,-24.316301,-15.127375,16.655471,-24.129225,-15.096819,16.717421,0.200000,
-24.155743,-15.173678,16.613509,-27.821705,-18.373604,48.139388,-24.088781,-15.192949,16.595971,-24.129283,-15.096971,16.717215,0.200000,
-24.155743,-15.173678,16.613509,-27.821699,-18.373614,48.139435,-24.316300,-15.127376,16.655471,-24.129340,-15.097123,16.717009,0.200000,
-24.155743,-15.173678,16.613509,-27.821693,-18.373624,48.139481,-24.088780,-15.192949,16.595970,-24.129398,-15.097274,16.716804,0.200000,
-24.155743,-15.173678,16.613509,-27.821687,-18.373634,48.139528,-24.316300,-15.127376,16.655471,-24.129456,-15.097425,16.716599,0.200000,
-24.155743,-15.173678,16.613509,-27.821681,-18.373644,48.139574,-24.088780,-15.192949,16.595970,-24.129513,-15.097576,16.716395,0.200000,
-24.155743,-15.173678,16.613509,-27.821675,-18.373654,48.139619,-24.316300,-15.127376,16.655471,-24.129570,-15.097726,16.716191,0.200000,
-24.155743,-15.173678,16.613509,-27.821669,-18.373664,48.139665,-24.088780,-15.192949,16.595970,-24.129628,-15.097877,16.715987,0.200000,
-24.155743,-15.173678,16.613509,-27.821663,-18.373674,48.139711,-24.316300,-15.127376,16.655471,-24.129685,-15.098027,16.715784,0.200000,
-24.155743,-15.173678,16.613509,-27.821657,-18.373683,48.139756,-24.088780,-15.192949,16.595970,-24.129742,-15.098176,16.715581,0.200000,
-24.155743,-15.173678,16.613509,-27.821651,-18.373693,48.139801,-24.316300,-15.127376,16.655471,-24.129798,-15.098325,16.715378,0.200000,
-24.155743,-15.173678,16.613509,-27.821645,-18.373703,48.139846,-24.088780,-15.192949,16.595970,-24.129855,-15.098474,16.715176,0.200000,
-24.155743,-15.173678,16.613509,-27.821640,-18.373713,48.139891,-24.316299,-15.127376,16.655471,-24.129911,-15.098623,16.714974,0.200000,
-24.155743,-15.173678,16.613509,-27.821634,-18.373722,48.139936,-24.088779,-15.192949,16.595970,-24.129968,-15.098772,16.714773,0.200000,
-24.155743,-15.173678,16.613509,-27.821628,-18.373732,48.139980,-24.316299,-15.127376,16.655471,-24.130024,-15.098920,16.714572,0.200000,
-24.155743,-15.173678,16.613509,-27.821622,-18.373741,48.140025,-24.088779,-15.192950,16.595970,-24.130080,-15.099067,16.714372,0.200000,
-24.155743,-15.173678,16.613509,-27.821616,-18.373751,48.140069,-24.316299,-15.127376,16.655471,-24.130136,-15.099215,16.714172,0.200000,
-24.155743,-15.173678,16.613509,-27.821611,-18.373760,48.140113,-24.088779,-15.192950,16.595970,-24.130192,-15.099362,16.713972,0.200000,
-24.155743,-15.173678,16.613509,-27.821605,-18.373770,48.140157,-24.316299,-15.127376,16.655471,-24.130248,-15.099509,16.713773,0.200000,
-24.155743,-15.173678,16.613509,-27.821599,-18.373779,48.140200,-24.088779,-15.192950,16.595970,-24.130303,-15.099656,16.713574,0.200000,
-24.155743,-15.173678,16.613509,-27.821593,-18.373789,48.140244,-24.316299,-15.127376,16.655471,-24.130359,-15.099802,16.713375,0.200000,
-24.155743,-15.173678,16.613509,-27.821588,-18.373798,48.140287,-24.088779,-15.192950,16.595970,-24.130414,-15.099948,16.713177,0.200000,
-24.155743,-15.173678,16.613509,-27.821582,-18.373807,48.140330,-24.316299,-15.127376,16.655471,-24.130469,-15.100094,16.712979,0.200000,
-24.155743,-15.173678,16.613509,-27.821576,-18.373817,48.140373,-24.088778,-15.192950,16.595970,-24.130524,-15.100240,16.712782,0.200000,
-24.155743,-15.173678,16.613509,-27.821571,-18.373826,48.140416,-24.316298,-15.127376,16.655471,-24.130579,-15.100385,16.712585,0.200000,
-24.155743,-15.173678,16.613509,-27.821565,-18.373835,48.140459,-24.088778,-15.192950,16.595970,-24.130634,-15.100530,16.712388,0.200000,
-24.155743,-15.173678,16.613509,-27.821560,-18.373844,48.140501,-24.316298,-15.127376,16.655471,-24.130689,-15.100675,16.712192,0.200000,
-24.155743,-15.173678,16.613509,-27.821554,-18.373854,48.140544,-24.088778,-15.192950,16.595970,-24.130743,-15.100819,16.711996,0.200000,
-24.155743,-15.173678,16.613509,-27.821549,-18.373863,48.140586,-24.316298,-15.127376,16.655471,-24.130798,-15.100963,16.711801,0.200000,
-24.155743,-15.173678,16.613509,-27.821543,-18.373872,48.140628,-24.088778,-15.192950,16.595970,-24.130852,-15.101107,16.711606,0.200000,
-24.155743,-15.173678,16.613509,-27.821538,-18.373881,48.140670,-24.316298,-15.127376,16.655470,-24.130906,-15.101250,16.711411,0.200000,
-24.155743,-15.173678,16.613509,-27.821532,-18.373890,48.140712,-24.088778,-15.192950,16.595970,-24.130960,-15.101394,16.711217,0.200000,
-24.155743,-15.173678,16.613509,-27.821527,-18.373899,48.140753,-24.316298,-15.127376,16.655470,-24.131014,-15.101537,16.711023,0.200000,
-24.155743,-15.173678,16.613509,-27.821521,-18.373908,48.140795,-24.088778,-15.192950,16.595970,-24.131068,-15.101679,16.710829,0.200000,
-24.155743,-15.173678,16.613509,-27.821516,-18.373917,48.140836,-24.316297,-15.127376,16.655470,-24.131122,-15.101822,16.710636,0.200000,
-24.155743,-15.173678,16.613509,-27.821511,-18.373926,48.140877,-24.088777,-15.192950,16.595970,-24.131175,-15.101964,16.710444,0.200000,
-24.155743,-15.173678,16.613509,-27.821505,-18.373934,48.140918,-24.316297,-15.127376,16.655470,-24.131229,-15.102106,16.710251,0.200000,
-24.155743,-15.173678,16.613509,-27.821500,-18.373943,48.140959,-24.088777,-15.192950,16.595970,-24.131282,-15.102247,16.710059,0.200000,
-24.155743,-15.173678,16.613509,-27.821495,-18.373952,48.140999,-24.316297,-15.127377,16.655470,-24.131335,-15.102389,16.709868,0.200000,
-24.155743,-15.173678,16.613509,-27.821489,-18.373961,48.141040,-24.088777,-15.192950,16.595970,-24.131388,-15.102530,16.709676,0.200000,
-24.155743,-15.173678,16.613509,-27.821484,-18.373969,48.141080,-24.316297,-15.127377,16.655470,-24.131441,-15.102671,16.709486,0.200000,
-24.155743,-15.173678,16.613509,-27.821479,-18.373978,48.141121,-24.088777,-15.192950,16.595970,-24.131494,-15.102811,16.709295,0.200000,
-24.155743,-15.173678,16.613509,-27.821474,-18.373987,48.141161,-24.316297,-15.127377,16.655470,-24.131547,-15.102951,16.709105,0.200000,
-24.155743,-15.173678,16.613509,-27.821468,-18.373995,48.141200,-24.088777,-15.192950,16.595969,-24.131599,-15.103091,16.708915,0.200000,
-24.155743,-15.173678,16.613509,-27.821463,-18.374004,48.141240,-24.316296,-15.127377,16.655470,-24.131652,-15.103231,16.708726,0.200000,
-24.155743,-15.173678,16.613509,-27.821458,-18.374013,48.141280,-24.088776,-15.192950,16.595969,-24.131704,-15.103370,16.708537,0.200000,
-24.155743,-15.173678,16.613509,-27.821453,-18.374021,48.141319,-24.316296,-15.127377,16.655470,-24.131756,-15.103509,16.708348,0.200000,
-24.155743,-15.173678,16.613509,-27.821448,-18.374030,48.141359,-24.088776,-15.192950,16.595969,-24.131808,-15.103648,16.708160,0.200000,
-24.155743,-15.173678,16.613509,-27.821443,-18.374038,48.141398,-24.316296,-15.127377,16.655470,-24.131860,-15.103787,16.707972,0.200000,
-24.155743,-15.173678,16.613509,-27.821438,-18.374046,48.141437,-24.088776,-15.192950,16.595969,-24.131912,-15.103925,16.707785,0.200000,
-24.155743,-15.173678,16.613509,-27.821432,-18.374055,48.141476,-24.316296,-15.127377,16.655470,-24.131964,-15.104063,16.707598,0.200000,
-24.155743,-15.173678,16.613509,-27.821427,-18.374063,48.141514,-24.088776,-15.192951,16.595969,-24.132015,-15.104201,16.707411,0.200000,
-24.155743,-15.173678,16.613509,-27.821422,-18.374071,48.141553,-24.316296,-15.127377,16.655470,-24.132067,-15.104338,16.707224,0.200000,
-24.155743,-15.173678,16.613509,-27.821417,-18.374080,48.141591,-24.088776,-15.192951,16.595969,-24.132118,-15.104475,16.707038,0.200000,
-24.155743,-15.173678,16.613509,-27.821412,-18.374088,48.141629,-24.316296,-15.127377,16.655470,-24.132170,-15.104612,16.706853,0.200000,
-24.155743,-15.173678,16.613509,-27.821407,-18.374096,48.141668,-24.088775,-15.192951,16.595969,-24.132221,-15.104749,16.706668,0.200000,
-24.155743,-15.173678,16.613509,-27.821402,-18.374104,48.141706,-24.316295,-15.127377,16.655470,-24.132272,-15.104886,16.706483,0.200000,
-24.155743,-15.173678,16.613509,-27.821397,-18.374113,48.141743,-24.088775,-15.192951,16.595969,-24.132323,-15.105022,16.706298,0.200000,
-24.155743,-15.173678,16.613509,-27.821393,-18.374121,48.141781,-24.316295,-15.127377,16.655470,-24.132373,-15.105158,16.706114,0.200000,
-24.155743,-15.173678,16.613509,-27.821388,-18.374129,48.141819,-24.088775,-15.192951,16.595969,-24.132424,-15.105293,16.705930,0.200000,
-24.155743,-15.173678,16.613509,-27.821383,-18.374137,48.141856,-24.316295,-15.127377,16.655470,-24.132475,-15.105428,16.705747,0.200000,
-24.155743,-15.173678,16.613509,-27.821378,-18.374145,48.141893,-24.088775,-15.192951,16.595969,-24.132525,-15.105564,16.705564,0.200000,
-24.155743,-15.173678,16.613509,-27.821373,-18.374153,48.141930,-24.316295,-15.127377,16.655470,-24.132575,-15.105698,16.705381,0.200000,
-24.155743,-15.173678,16.613509,-27.821368,-18.374161,48.141967,-24.088775,-15.192951,16.595969,-24.132625,-15.105833,16.705198,0.200000,
-24.155743,-15.173678,16.613509,-27.821363,-18.374169,48.142004,-24.316295,-15.127377,16.655470,-24.132675,-15.105967,16.705016,0.200000,
-24.155743,-15.173678,16.613509,-27.821359,-18.374177,48.142041,-24.088775,-15.192951,16.595969,-24.132725,-15.106101,16.704835,0.200000,
-24.155743,-15.173678,16.613509,-27.821354,-18.374185,48.142078,-24.316294,-15.127377,16.655470,-24.132775,-15.106235,16.704653,0.200000,
-24.155743,-15.173678,16.613509,-27.821349,-18.374193,48.142114,-24.088774,-15.192951,16.595969,-24.132825,-15.106368,16.704472,0.200000,
-24.155743,-15.173678,16.613509,-27.821344,-18.374201,48.142150,-24.316294,-15.127377,16.655470,-24.132875,-15.106502,16.704292,0.200000,
-24.155743,-15.173678,16.613509,-27.821340,-18.374208,48.142186,-24.088774,-15.192951,16.595969,-24.132924,-15.106635,16.704112,0.200000,
-24.155743,-15.173678,16.613509,-27.821335,-18.374216,48.142222,-24.316294,-15.127377,16.655470,-24.132973,-15.106767,16.703932,0.200000,
-24.155743,-15.173678,16.613509,-27.821330,-18.374224,48.142258,-24.088774,-15.192951,16.595969,-24.133023,-15.106900,16.703752,0.200000,
-24.155743,-15.173678,16.613509,-27.821325,-18.374232,48.142294,-24.316294,-15.127377,16.655469,-24.133072,-15.107032,16.703573,0.200000,
-24.155743,-15.173678,16.613509,-27.821321,-18.374239,48.142330,-24.088774,-15.192951,16.595969,-24.133121,-15.107164,16.703394,0.200000,
-24.155743,-15.173678,16.613509,-27.821316,-18.374247,48.142365,-24.316294,-15.127377,16.655469,-24.133170,-15.107296,16.703216,0.200000,
-24.155743,-15.173678,16.613509,-27.821312,-18.374255,48.142401,-24.088774,-15.192951,16.595969,-24.133219,-15.107427,16.703038,0.200000,
-24.155743,-15.173678,16.613509,-27.821307,-18.374262,48.142436,-24.316294,-15.127378,16.655469,-24.133267,-15.107558,16.702860,0.200000,
-24.155743,-15.173678,16.613509,-27.821302,-18.374270,48.142471,-24.088773,-15.192951,16.595969,-24.133316,-15.107689,16.702683,0.200000,
-24.155743,-15.173678,16.613509,-27.821298,-18.374277,48.142506,-24.316293,-15.127378,16.655469,-24.133364,-15.107820,16.702506,0.200000,
-24.155743,-15.173678,16.613509,-27.821293,-18.374285,48.142541,-24.088773,-15.192951,16.595969,-24.133413,-15.107950,16.702329,0.200000,
-24.155743,-15.173678,16.613509,-27.821289,-18.374292,48.142575,-24.316293,-15.127378,16.655469,-24.133461,-15.108080,16.702153,0.200000,
-24.155743,-15.173678,16.613509,-27.821284,-18.374300,48.142610,-24.088773,-15.192951,16.595969,-24.133509,-15.108210,16.701977,0.200000,
-24.155743,-15.173678,16.613509,-27.821280,-18.374307,48.142644,-24.316293,-15.127378,16.655469,-24.133557,-15.108340,16.701801,0.200000,
-24.155743,-15.173678,16.613509,-27.821275,-18.374315,48.142679,-24.088773,-15.192951,16.595969,-24.133605,-15.108469,16.701626,0.200000,
-24.155743,-15.173678,16.613509,-27.821271,-18.374322,48.142713,-24.316293,-15.127378,16.655469,-24.133653,-15.108598,16.701451,0.200000,
-24.155743,-15.173678,16.613509,-27.821266,-18.374329,48.142747,-24.088773,-15.192951,16.595968,-24.133701,-15.108727,16.701276,0.200000,
-24.155743,-15.173678,16.613509,-27.821262,-18.374337,48.142781,-24.316293,-15.127378,16.655469,-24.133748,-15.108856,16.701102,0.200000,
-24.155743,-15.173678,16.613509,-27.821257,-18.374344,48.142814,-24.088772,-15.192951,16.595968,-24.133796,-15.108984,16.700928,0.200000,
-24.155743,-15.173678,16.613509,-27.821253,-18.374351,48.142848,-24.316292,-15.127378,16.655469,-24.133843,-15.109112,16.700754,0.200000,
-24.155743,-15.173678,16.613509,-27.821249,-18.374359,48.142882,-24.088772,-15.192952,16.595968,-24.133890,-15.109240,16.700581,0.200000,
-24.155743,-15.173678,16.613509,-27.821244,-18.374366,48.142915,-24.316292,-15.127378,16.655469,-24.133938,-15.109367,16.700408,0.200000,
-24.155743,-15.173678,16.613509,-27.821240,-18.374373,48.142948,-24.088772,-15.192952,16.595968,-24.133985,-15.109495,16.700236,0.200000,
-24.155743,-15.173678,16.613509,-27.821236,-18.374380,48.142981,-24.316292,-15.127378,16.655469,-24.134032,-15.109622,16.700063,0.200000,
-24.155743,-15.173678,16.613509,-27.821231,-18.374387,48.143014,-24.088772,-15.192952,16.595968,-24.134078,-15.109749,16.699891,0.200000,
-24.155743,-15.173678,16.613509,-27.821227,-18.374394,48.143047,-24.316292,-15.127378,16.655469,-24.134125,-15.109875,16.699720,0.200000,
-24.155743,-15.173678,16.613509,-27.821223,-18.374401,48.143080,-24.088772,-15.192952,16.595968,-24.134172,-15.110002,16.699549,0.200000,
-24.155743,-15.173678,16.613509,-27.821219,-18.374409,48.143113,-24.316292,-15.127378,16.655469,-24.134218,-15.110128,16.699378,0.200000,
-24.155743,-15.173678,16.613509,-27.821214,-18.374416,48.143145,-24.088772,-15.192952,16.595968,-24.134265,-15.110254,16.699207,0.200000,
-24.155743,-15.173678,16.613509,-27.821210,-18.374423,48.143178,-24.316291,-15.127378,16.655469,-24.134311,-15.110379,16.699037,0.200000,
-24.155743,-15.173678,16.613509,-27.821206,-18.374430,48.143210,-24.088771,-15.192952,16.595968,-24.134357,-15.110505,16.698867,0.200000,
-24.155743,-15.173678,16.613509,-27.821202,-18.374436,48.143242,-24.316291,-15.127378,16.655469,-24.134403,-15.110630,16.698698,0.200000,
-24.155743,-15.173678,16.613509,-27.821197,-18.374443,48.143274,-24.088771,-15.192952,16.595968,-24.134449,-15.110755,16.698529,0.200000,
-24.155743,-15.173678,16.613509,-27.821193,-18.374450,48.143306,-24.316291,-15.127378,16.655469,-24.134495,-15.110879,16.698360,0.200000,
-24.155743,-15.173678,16.613509,-27.821189,-18.374457,48.143338,-24.088771,-15.192952,16.595968,-24.134541,-15.111003,16.698191,0.200000,
-24.155743,-15.173678,16.613509,-27.821185,-18.374464,48.143370,-24.316291,-15.127378,16.655469,-24.134587,-15.111128,16.698023,0.200000,
-24.155743,-15.173678,16.613509,-27.821181,-18.374471,48.143401,-24.088771,-15.192952,16.595968,-24.134632,-15.111252,16.697855,0.200000,
-24.155743,-15.173678,16.613509,-27.821177,-18.374478,48.143433,-24.316291,-15.127378,16.655469,-24.134678,-15.111375,16.697688,0.200000,
-24.155743,-15.173678,16.613509,-27.821173,-18.374484,48.143464,-24.088771,-15.192952,16.595968,-24.134723,-15.111499,16.697521,0.200000,
-24.155743,-15.173678,16.613509,-27.821169,-18.374491,48.143495,-24.316291,-15.127378,16.655469,-24.134768,-15.111622,16.697354,0.200000,
-24.155743,-15.173678,16.613509,-27.821164,-18.374498,48.143526,-24.088770,-15.192952,16.595968,-24.134813,-15.111745,16.697187,0.200000,
-24.155743,-15.173678,16.613509,-27.821160,-18.374505,48.143557,-24.316290,-15.127378,16.655469,-24.134858,-15.111867,16.697021,0.200000,
-24.155743,-15.173678,16.613509,-27.821156,-18.374511,48.143588,-24.088770,-15.192952,16.595968,-24.134903,-15.111990,16.696855,0.200000,
-24.155743,-15.173678,16.613509,-27.821152,-18.374518,48.143619,-24.316290,-15.127379,16.655468,-24.134948,-15.112112,16.696690,0.200000,
-24.155743,-15.173678,16.613509,-27.821148,-18.374524,48.143649,-24.088770,-15.192952,16.595968,-24.134993,-15.112234,16.696524,0.200000,
-24.155743,-15.173678,16.613509,-27.821144,-18.374531,48.143680,-24.316290,-15.127379,16.655468,-24.135037,-15.112356,16.696360,0.200000,
-24.155743,-15.173678,16.613509,-27.821140,-18.374538,48.143710,-24.088770,-15.192952,16.595968,-24.135082,-15.112477,16.696195,0.200000,
-24.155743,-15.173678,16.613509,-27.821136,-18.374544,48.143741,-24.316290,-15.127379,16.655468,-24.135126,-15.112598,16.696031,0.200000,
-24.155743,-15.173678,16.613509,-27.821133,-18.374551,48.143771,-24.088770,-15.192952,16.595968,-24.135171,-15.112719,16.695867,0.200000,
-24.155743,-15.173678,16.613509,-27.821129,-18.374557,48.143801,-24.316290,-15.127379,16.655468,-24.135215,-15.112840,16.695703,0.200000,
-24.155743,-15.173678,16.613509,-27.821125,-18.374564,48.143831,-24.088769,-15.192952,16.595968,-24.135259,-15.112961,16.695540,0.200000,
-24.155743,-15.173678,16.613509,-27.821121,-18.374570,48.143861,-24.316289,-15.127379,16.655468,-24.135303,-15.113081,16.695377,0.200000,
-24.155743,-15.173678,16.613509,-27.821117,-18.374577,48.143890,-24.088769,-15.192952,16.595968,-24.135347,-15.113201,16.695214,0.200000,
-24.155743,-15.173678,16.613509,-27.821113,-18.374583,48.143920,-24.316289,-15.127379,16.655468,-24.135391,-15.113321,16.695052,0.200000,
-24.155743,-15.173678,16.613509,-27.821109,-18.374589,48.143949,-24.088769,-15.192952,16.595968,-24.135435,-15.113440,16.694890,0.200000,
-24.155743,-15.173678,16.613509,-27.821105,-18.374596,48.143979,-24.316289,-15.127379,16.655468,-24.135478,-15.113560,16.694729,0.200000,
-24.155743,-15.173678,16.613509,-27.821102,-18.374602,48.144008,-24.088769,-15.192952,16.595967,-24.135522,-15.113679,16.694567,0.200000,
-24.155743,-15.173678,16.613509,-27.821098,-18.374608,48.144037,-24.316289,-15.127379,16.655468,-24.135565,-15.113798,16.694406,0.200000,
-24.155743,-15.173678,16.613509,-27.821094,-18.374615,48.144066,-24.088769,-15.192953,16.595967,-24.135609,-15.113916,16.694245,0.200000,
-24.155743,-15.173678,16.613509,-27.821090,-18.374621,48.144095,-24.316289,-15.127379,16.655468,-24.135652,-15.114035,16.694085,0.200000,
-24.155743,-15.173678,16.613509,-27.821086,-18.374627,48.144124,-24.088769,-15.192953,16.595967,-24.135695,-15.114153,16.693925,0.200000,
-24.155743,-15.173678,16.613509,-27.821083,-18.374633,48.144153,-24.316288,-15.127379,16.655468,-24.135738,-15.114271,16.693765,0.200000,
-24.155743,-15.173678,16.613509,-27.821079,-18.374639,48.144181,-24.088768,-15.192953,16.595967,-24.135781,-15.114388,16.693606,0.200000,
-24.155743,-15.173678,16.613509,-27.821075,-18.374646,48.144210,-24.316288,-15.127379,16.655468,-24.135824,-15.114506,16.693447,0.200000,
-24.155743,-15.173678,16.613509,-27.821071,-18.374652,48.144238,-24.088768,-15.192953,16.595967,-24.135866,-15.114623,16.693288,0.200000,
-24.155743,-15.173678,16.613509,-27.821068,-18.374658,48.144267,-24.316288,-15.127379,16.655468,-24.135909,-15.114740,16.693129,0.200000,
-24.155743,-15.173678,16.613509,-27.821064,-18.374664,48.144295,-24.088768,-15.192953,16.595967,-24.135952,-15.114857,16.692971,0.200000,
-24.155743,-15.173678,16.613509,-27.821060,-18.374670,48.144323,-24.316288,-15.127379,16.655468,-24.135994,-15.114973,16.692813,0.200000,
-24.155743,-15.173678,16.613509,-27.821057,-18.374676,48.144351,-24.088768,-15.192953,16.595967,-24.136036,-15.115090,16.692656,0.200000,
-24.155743,-15.173678,16.613509,-27.821053,-18.374682,48.144379,-24.316288,-15.127379,16.655468,-24.136079,-15.115206,16.692499,0.200000,
-24.155743,-15.173678,16.613509,-27.821049,-18.374688,48.144406,-24.088768,-15.192953,16.595967,-24.136121,-15.115322,16.692342,0.200000,
-24.155743,-15.173678,16.613509,-27.821046,-18.374694,48.144434,-24.316288,-15.127379,16.655468,-24.136163,-15.115437,16.692185,0.200000,
-24.155743,-15.173678,16.613509,-27.821042,-18.374700,48.144462,-24.088767,-15.192953,16.595967,-24.136205,-15.115553,16.692029,0.200000,
-24.155743,-15.173678,16.613509,-27.821039,-18.374706,48.144489,-24.316287,-15.127379,16.655468,-24.136247,-15.115668,16.691873,0.200000,
-24.155743,-15.173678,16.613509,-27.821035,-18.374712,48.144516,-24.088767,-15.192953,16.595967,-24.136289,-15.115783,16.691717,0.200000,
-24.155743,-15.173678,16.613509,-27.821032,-18.374718,48.144544,-24.316287,-15.127379,16.655468,-24.136330,-15.115898,16.691562,0.200000,
-24.155743,-15.173678,16.613509,-27.821028,-18.374724,48.144571,-24.088767,-15.192953,16.595967,-24.136372,-15.116012,16.691407,0.200000,
-24.155743,-15.173678,16.613509,-27.821024,-18.374729,48.144598,-24.316287,-15.127379,16.655468,-24.136413,-15.116126,16.691252,0.200000,
-24.155743,-15.173678,16.613509,-27.821021,-18.374735,48.144625,-24.088767,-15.192953,16.595967,-24.136455,-15.116241,16.691097,0.200000,
-24.155743,-15.173678,16.613509,-27.821017,-18.374741,48.144652,-24.316287,-15.127379,16.655468,-24.136496,-15.116354,16.690943,0.200000,
-24.155743,-15.173678,16.613509,-27.821014,-18.374747,48.144678,-24.088767,-15.192953,16.595967,-24.136537,-15.116468,16.690789,0.200000,
-24.155743,-15.173678,16.613509,-27.821010,-18.374752,48.144705,-24.316287,-15.127380,16.655468,-24.136578,-15.116581,16.690636,0.200000,
-24.155743,-15.173678,16.613509,-27.821007,-18.374758,48.144731,-24.088766,-15.192953,16.595967,-24.136619,-15.116695,16.690483,0.200000,
-24.155743,-15.173678,16.613509,-27.821004,-18.374764,48.144758,-24.316286,-15.127380,16.655468,-24.136660,-15.116807,16.690330,0.200000,
-24.155743,-15.173678,16.613509,-27.821000,-18.374770,48.144784,-24.088766,-15.192953,16.595967,-24.136701,-15.116920,16.690177,0.200000,
-24.155743,-15.173678,16.613509,-27.820997,-18.374775,48.144810,-24.316286,-15.127380,16.655467,-24.136742,-15.117033,16.690025,0.200000,
-24.155743,-15.173678,16.613509,-27.820993,-18.374781,48.144837,-24.088766,-15.192953,16.595967,-24.136783,-15.117145,16.689873,0.200000,
-24.155743,-15.173678,16.613509,-27.820990,-18.374787,48.144863,-24.316286,-15.127380,16.655467,-24.136823,-15.117257,16.689721,0.200000,
-24.155743,-15.173678,16.613509,-27.820986,-18.374792,48.144888,-24.088766,-15.192953,16.595967,-24.136864,-15.117369,16.689570,0.200000,
-24.155743,-15.173678,16.613509,-27.820983,-18.374798,48.144914,-24.316286,-15.127380,16.655467,-24.136904,-15.117480,16.689418,0.200000,
-24.155743,-15.173678,16.613509,-27.820980,-18.374803,48.144940,-24.088766,-15.192953,16.595967,-24.136944,-15.117592,16.689268,0.200000,
-24.155743,-15.173678,16.613509,-27.820976,-18.374809,48.144966,-24.316286,-15.127380,16.655467,-24.136984,-15.117703,16.689117,0.200000,
-24.155743,-15.173678,16.613509,-27.820973,-18.374814,48.144991,-24.088766,-15.192953,16.595967,-24.137025,-15.117814,16.688967,0.200000,
-24.155743,-15.173678,16.613509,-27.820970,-18.374820,48.145017,-24.316285,-15.127380,16.655467,-24.137065,-15.117925,16.688817,0.200000,
-24.155743,-15.173678,16.613509,-27.820966,-18.374825,48.145042,-24.088765,-15.192954,16.595967,-24.137104,-15.118035,16.688667,0.200000,
-24.155743,-15.173678,16.613509,-27.820963,-18.374831,48.145067,-24.316285,-15.127380,16.655467,-24.137144,-15.118145,16.688518,0.200000,
-24.155743,-15.173678,16.613509,-27.820960,-18.374836,48.145092,-24.088765,-15.192954,16.595966,-24.137184,-15.118256,16.688369,0.200000,
-24.155743,-15.173678,16.613509,-27.820957,-18.374842,48.145118,-24.316285,-15.127380,16.655467,-24.137224,-15.118365,16.688220,0.200000,
-24.155743,-15.173678,16.613509,-27.820953,-18.374847,48.145143,-24.088765,-15.192954,16.595966,-24.137263,-15.118475,16.688072,0.200000,
-24.155743,-15.173678,16.613509,-27.820950,-18.374852,48.145167,-24.316285,-15.127380,16.655467,-24.137303,-15.118585,16.687923,0.200000,
-24.155743,-15.173678,16.613509,-27.820947,-18.374858,48.145192,-24.088765,-15.192954,16.595966,-24.137342,-15.118694,16.687776,0.200000,
-24.155743,-15.173678,16.613509,-27.820944,-18.374863,48.145217,-24.316285,-15.127380,16.655467,-24.137381,-15.118803,16.687628,0.200000,
-24.155743,-15.173678,16.613509,-27.820940,-18.374868,48.145241,-24.088765,-15.192954,16.595966,-24.137421,-15.118912,16.687481,0.200000,
-24.155743,-15.173678,16.613509,-27.820937,-18.374874,48.145266,-24.316285,-15.127380,16.655467,-24.137460,-15.119020,16.687334,0.200000,
-24.155743,-15.173678,16.613509,-27.820934,-18.374879,48.145290,-24.088764,-15.192954,16.595966,-24.137499,-15.119128,16.687187,0.200000,
-24.155743,-15.173678,16.613509,-27.820931,-18.374884,48.145315,-24.316284,-15.127380,16.655467,-24.137538,-15.119237,16.687041,0.200000,
-24.155743,-15.173678,16.613509,-27.820928,-18.374889,48.145339,-24.088764,-15.192954,16.595966,-24.137577,-15.119345,16.686894,0.200000,
-24.155743,-15.173678,16.613509,-27.820924,-18.374895,48.145363,-24.316284,-15.127380,16.655467,-24.137615,-15.119452,16.686749,0.200000,
-24.155743,-15.173678,16.613509,-27.820921,-18.374900,48.145387,-24.088764,-15.192954,16.595966,-24.137654,-15.119560,16.686603,0.200000,
-24.155743,-15.173678,16.613509,-27.820918,-18.374905,48.145411,-24.316284,-15.127380,16.655467,-24.137693,-15.119667,16.686458,0.200000,
-24.155743,-15.173678,16.613509,-27.820915,-18.374910,48.145435,-24.088764,-15.192954,16.595966,-24.137731,-15.119774,16.686313,0.200000,
-24.155743,-15.173678,16.613509,-27.820912,-18.374915,48.145459,-24.316284,-15.127380,16.655467,-24.137770,-15.119881,16.686168,0.200000,
-24.155743,-15.173678,16.613509,-27.820909,-18.374920,48.145482,-24.088764,-15.192954,16.595966,-24.137808,-15.119988,16.686024,0.200000,
-24.155743,-15.173678,16.613509,-27.820906,-18.374926,48.145506,-24.316284,-15.127380,16.655467,-24.137846,-15.120094,16.685880,0.200000,
-24.155743,-15.173678,16.613509,-27.820903,-18.374931,48.145530,-24.088763,-15.192954,16.595966,-24.137884,-15.120200,16.685736,0.200000,
-24.155743,-15.173678,16.613509,-27.820900,-18.374936,48.145553,-24.316283,-15.127380,16.655467,-24.137922,-15.120306,16.685592,0.200000,
-24.155743,-15.173678,16.613509,-27.820897,-18.374941,48.145576,-24.088763,-15.192954,16.595966,-24.137960,-15.120412,16.685449,0.200000,
-24.155743,-15.173678,16.613509,-27.820894,-18.374946,48.145599,-24.316283,-15.127381,16.655467,-24.137998,-15.120518,16.685306,0.200000,
-24.155743,-15.173678,16.613509,-27.820891,-18.374951,48.145623,-24.088763,-15.192954,16.595966,-24.138036,-15.120623,16.685163,0.200000,
-24.155743,-15.173678,16.613509,-27.820888,-18.374956,48.145646,-24.316283,-15.127381,16.655467,-24.138074,-15.120729,16.685021,0.200000,
-24.155743,-15.173678,16.613509,-27.820885,-18.374961,48.145669,-24.088763,-15.192954,16.595966,-24.138112,-15.120834,16.684879,0.200000,
-24.155743,-15.173678,16.613509,-27.820882,-18.374966,48.145692,-24.316283,-15.127381,16.655467,-24.138149,-15.120938,16.684737,0.200000,
-24.155743,-15.173678,16.613509,-27.820879,-18.374971,48.145714,-24.088763,-15.192954,16.595966,-24.138187,-15.121043,16.684595,0.200000,
-24.155743,-15.173678,16.613509,-27.820876,-18.374976,48.145737,-24.316283,-15.127381,16.655467,-24.138224,-15.121147,16.684454,0.200000,
-24.155743,-15.173678,16.613509,-27.820873,-18.374980,48.145760,-24.088763,-15.192954,16.595966,-24.138261,-15.121251,16.684313,0.200000,
-24.155743,-15.173678,16.613509,-27.820870,-18.374985,48.145782,-24.316282,-15.127381,16.655466,-24.138298,-15.121355,16.684172,0.200000,
-24.155743,-15.173678,16.613509,-27.820867,-18.374990,48.145805,-24.088762,-15.192954,16.595966,-24.138336,-15.121459,16.684032,0.200000,
-24.155743,-15.173678,16.613509,-27.820864,-18.374995,48.145827,-24.316282,-15.127381,16.655466,-24.138373,-15.121563,16.683892,0.200000,
-24.155743,-15.173678,16.613509,-27.820861,-18.375000,48.145849,-24.088762,-15.192954,16.595966,-24.138410,-15.121666,16.683752,0.200000,
-24.155743,-15.173678,16.613509,-27.820858,-18.375005,48.145872,-24.316282,-15.127381,16.655466,-24.138447,-15.121769,16.683612,0.200000,
-24.155743,-15.173678,16.613509,-27.820855,-18.375009,48.145894,-24.088762,-15.192954,16.595966,-24.138483,-15.121872,16.683473,0.200000,
-24.155743,-15.173678,16.613509,-27.820852,-18.375014,48.145916,-24.316282,-15.127381,16.655466,-24.138520,-15.121975,16.683334,0.200000,
-24.155743,-15.173678,16.613509,-27.820849,-18.375019,48.145938,-24.088762,-15.192955,16.595966,-24.138557,-15.122077,16.683195,0.200000,
-24.155743,-15.173678,16.613509,-27.820846,-18.375024,48.145960,-24.316282,-15.127381,16.655466,-24.138593,-15.122180,16.683056,0.200000,
-24.155743,-15.173678,16.613509,-27.820844,-18.375028,48.145981,-24.088762,-15.192955,16.595966,-24.138630,-15.122282,16.682918,0.200000,
-24.155743,-15.173678,16.613509,-27.820841,-18.375033,48.146003,-24.316282,-15.127381,16.655466,-24.138666,-15.122384,16.682780,0.200000,
-24.155743,-15.173678,16.613509,-27.820838,-18.375038,48.146025,-24.088761,-15.192955,16.595966,-24.138703,-15.122486,16.682643,0.200000,
-24.155743,-15.173678,16.613509,-27.820835,-18.375042,48.146046,-24.316281,-15.127381,16.655466,-24.138739,-15.122587,16.682505,0.200000,
-24.155743,-15.173678,16.613509,-27.820832,-18.375047,48.146068,-24.088761,-15.192955,16.595965,-24.138775,-15.122688,16.682368,0.200000,
-24.155743,-15.173678,16.613509,-27.820830,-18.375052,48.146089,-24.316281,-15.127381,16.655466,-24.138811,-15.122790,16.682231,0.200000,
-24.155743,-15.173678,16.613509,-27.820827,-18.375056,48.146111,-24.088761,-15.192955,16.595965,-24.138847,-15.122891,16.682094,0.200000,
-24.155743,-15.173678,16.613509,-27.820824,-18.375061,48.146132,-24.316281,-15.127381,16.655466,-24.138883,-15.122991,16.681958,0.200000,
-24.155743,-15.173678,16.613509,-27.820821,-18.375065,48.146153,-24.088761,-15.192955,16.595965,-24.138919,-15.123092,16.681822,0.200000,
-24.155743,-15.173678,16.613509,-27.820818,-18.375070,48.146174,-24.316281,-15.127381,16.655466,-24.138955,-15.123192,16.681686,0.200000,
-24.155743,-15.173678,16.613509,-27.820816,-18.375074,48.146195,-24.088761,-15.192955,16.595965,-24.138990,-15.123292,16.681551,0.200000,
-24.155743,-15.173678,16.613509,-27.820813,-18.375079,48.146216,-24.316281,-15.127381,16.655466,-24.139026,-15.123392,16.681415,0.200000,
-24.155743,-15.173678,16.613509,-27.820810,-18.375083,48.146237,-24.088761,-15.192955,16.595965,-24.139061,-15.123492,16.681280,0.200000,
-24.155743,-15.173678,16.613509,-27.820808,-18.375088,48.146258,-24.316280,-15.127381,16.655466,-24.139097,-15.123592,16.681146,0.200000,
-24.155743,-15.173678,16.613509,-27.820805,-18.375092,48.146278,-24.088760,-15.192955,16.595965,-24.139132,-15.123691,16.681011,0.200000,
-24.155743,-15.173678,16.613509,-27.820802,-18.375097,48.146299,-24.316280,-15.127381,16.655466,-24.139167,-15.123790,16.680877,0.200000,
-24.155743,-15.173678,16.613509,-27.820800,-18.375101,48.146319,-24.088760,-15.192955,16.595965,-24.139203,-15.123889,16.680743,0.200000,
-24.155743,-15.173678,16.613509,-27.820797,-18.375106,48.146340,-24.316280,-15.127381,16.655466,-24.139238,-15.123988,16.680609,0.200000,
-24.155743,-15.173678,16.613509,-27.820794,-18.375110,48.146360,-24.088760,-15.192955,16.595965,-24.139273,-15.124086,16.680476,0.200000,
-24.155743,-15.173678,16.613509,-27.820792,-18.375115,48.146380,-24.316280,-15.127381,16.655466,-24.139308,-15.124185,16.680343,0.200000,
-24.155743,-15.173678,16.613509,-27.820789,-18.375119,48.146401,-24.088760,-15.192955,16.595965,-24.139343,-15.124283,16.680210,0.200000,
-24.155743,-15.173678,16.613509,-27.820786,-18.375123,48.146421,-24.316280,-15.127382,16.655466,-24.139377,-15.124381,16.680077,0.200000,
-24.155743,-15.173678,16.613509,-27.820784,-18.375128,48.146441,-24.088760,-15.192955,16.595965,-24.139412,-15.124479,16.679945,0.200000,
-24.155743,-15.173678,16.613509,-27.820781,-18.375132,48.146461,-24.316279,-15.127382,16.655466,-24.139447,-15.124576,16.679813,0.200000,
-24.155743,-15.173678,16.613509,-27.820778,-18.375136,48.146481,-24.088759,-15.192955,16.595965,-24.139481,-15.124674,16.679681,0.200000,
-24.155743,-15.173678,16.613509,-27.820776,-18.375140,48.146501,-24.316279,-15.127382,16.655466,-24.139516,-15.124771,16.679550,0.200000,
-24.155743,-15.173678,16.613509,-27.820773,-18.375145,48.146520,-24.088759,-15.192955,16.595965,-24.139550,-15.124868,16.679418,0.200000,
-24.155743,-15.173678,16.613509,-27.820771,-18.375149,48.146540,-24.316279,-15.127382,16.655466,-24.139585,-15.124965,16.679287,0.200000,
-24.155743,-15.173678,16.613509,-27.820768,-18.375153,48.146560,-24.088759,-15.192955,16.595965,-24.139619,-15.125061,16.679157,0.200000,
-24.155743,-15.173678,16.613509,-27.820766,-18.375157,48.146579,-24.316279,-15.127382,16.655466,-24.139653,-15.125158,16.679026,0.200000,
-24.155743,-15.173678,16.613509,-27.820763,-18.375162,48.146599,-24.088759,-15.192955,16.595965,-24.139687,-15.125254,16.678896,0.200000,
-24.155743,-15.173678,16.613509,-27.820760,-18.375166,48.146618,-24.316279,-15.127382,16.655466,-24.139721,-15.125350,16.678766,0.200000,
-24.155743,-15.173678,16.613509,-27.820758,-18.375170,48.146637,-24.088759,-15.192955,16.595965,-24.139755,-15.125446,16.678636,0.200000,
-24.155743,-15.173678,16.613509,-27.820755,-18.375174,48.146657,-24.316279,-15.127382,16.655465,-24.139789,-15.125542,16.678507,0.200000,
-24.155743,-15.173678,16.613509,-27.820753,-18.375178,48.146676,-24.088758,-15.192956,16.595965,-24.139823,-15.125637,16.678377,0.200000,
-24.155743,-15.173678,16.613509,-27.820750,-18.375182,48.146695,-24.316278,-15.127382,16.655465,-24.139857,-15.125733,16.678248,0.200000,
-24.155743,-15.173678,16.613509,-27.820748,-18.375187,48.146714,-24.088758,-15.192956,16.595965,-24.139890,-15.125828,16.678120,0.200000,
-24.155743,-15.173678,16.613509,-27.820745,-18.375191,48.146733,-24.316278,-15.127382,16.655465,-24.139924,-15.125923,16.677991,0.200000,
-24.155743,-15.173678,16.613509,-27.820743,-18.375195,48.146752,-24.088758,-15.192956,16.595965,-24.139957,-15.126018,16.677863,0.200000,
-24.155743,-15.173678,16.613509,-27.820741,-18.375199,48.146770,-24.316278,-15.127382,16.655465,-24.139991,-15.126112,16.677735,0.200000,
-24.155743,-15.173678,16.613509,-27.820738,-18.375203,48.146789,-24.088758,-15.192956,16.595965,-24.140024,-15.126207,16.677607,0.200000,
-24.155743,-15.173678,16.613509,-27.820736,-18.375207,48.146808,-24.316278,-15.127382,16.655465,-24.140057,-15.126301,16.677480,0.200000,
-24.155743,-15.173678,16.613509,-27.820733,-18.375211,48.146826,-24.088758,-15.192956,16.595965,-24.140091,-15.126395,16.677353,0.200000,
-24.155743,-15.173678,16.613509,-27.820731,-18.375215,48.146845,-24.316278,-15.127382,16.655465,-24.140124,-15.126489,16.677226,0.200000,
-24.155743,-15.173678,16.613509,-27.820728,-18.375219,48.146863,-24.088758,-15.192956,16.595964,-24.140157,-15.126582,16.677099,0.200000,
-24.155743,-15.173678,16.613509,-27.820726,-18.375223,48.146882,-24.316277,-15.127382,16.655465,-24.140190,-15.126676,16.676972,0.200000,
-24.155743,-15.173678,16.613509,-27.820724,-18.375227,48.146900,-24.088757,-15.192956,16.595964,-24.140223,-15.126769,16.676846,0.200000,
-24.155743,-15.173678,16.613509,-27.820721,-18.375231,48.146918,-24.316277,-15.127382,16.655465,-24.140256,-15.126862,16.676720,0.200000,
-24.155743,-15.173678,16.613509,-27.820719,-18.375235,48.146937,-24.088757,-15.192956,16.595964,-24.140288,-15.126955,16.676595,0.200000,
-24.155743,-15.173678,16.613509,-27.820716,-18.375239,48.146955,-24.316277,-15.127382,16.655465,-24.140321,-15.127048,16.676469,0.200000,
-24.155743,-15.173678,16.613509,-27.820714,-18.375243,48.146973,-24.088757,-15.192956,16.595964,-24.140354,-15.127140,16.676344,0.200000,
-24.155743,-15.173678,16.613509,-27.820712,-18.375246,48.146991,-24.316277,-15.127382,16.655465,-24.140386,-15.127233,16.676219,0.200000,
-24.155743,-15.173678,16.613509,-27.820709,-18.375250,48.147009,-24.088757,-15.192956,16.595964,-24.140419,-15.127325,16.676094,0.200000,
-24.155743,-15.173678,16.613509,-27.820707,-18.375254,48.147027,-24.316277,-15.127382,16.655465,-24.140451,-15.127417,16.675970,0.200000,
-24.155743,-15.173678,16.613509,-27.820705,-18.375258,48.147044,-24.088757,-15.192956,16.595964,-24.140483,-15.127509,16.675846,0.200000,
-24.155743,-15.173678,16.613509,-27.820702,-18.375262,48.147062,-24.316276,-15.127382,16.655465,-24.140516,-15.127600,16.675722,0.200000,
-24.155743,-15.173678,16.613509,-27.820700,-18.375266,48.147080,-24.088756,-15.192956,16.595964,-24.140548,-15.127692,16.675598,0.200000,
-24.155743,-15.173678,16.613509,-27.820698,-18.375269,48.147097,-24.316276,-15.127383,16.655465,-24.140580,-15.127783,16.675474,0.200000,
-24.155743,-15.173678,16.613509,-27.820696,-18.375273,48.147115,-24.088756,-15.192956,16.595964,-24.140612,-15.127874,16.675351,0.200000,
-24.155743,-15.173678,16.613509,-27.820693,-18.375277,48.147132,-24.316276,-15.127383,16.655465,-24.140644,-15.127965,16.675228,0.200000,
-24.155743,-15.173678,16.613509,-27.820691,-18.375281,48.147150,-24.088756,-15.192956,16.595964,-24.140676,-15.128056,16.675106,0.200000,
-24.155743,-15.173678,16.613509,-27.820689,-18.375284,48.147167,-24.316276,-15.127383,16.655465,-24.140708,-15.128146,16.674983,0.200000,
-24.155743,-15.173678,16.613509,-27.820686,-18.375288,48.147184,-24.088756,-15.192956,16.595964,-24.140740,-15.128237,16.674861,0.200000,
-24.155743,-15.173678,16.613509,-27.820684,-18.375292,48.147201,-24.316276,-15.127383,16.655465,-24.140771,-15.128327,16.674739,0.200000,
-24.155743,-15.173678,16.613509,-27.820682,-18.375296,48.147218,-24.088756,-15.192956,16.595964,-24.140803,-15.128417,16.674617,0.200000,
-24.155743,-15.173678,16.613509,-27.820680,-18.375299,48.147235,-24.316276,-15.127383,16.655465,-24.140835,-15.128507,16.674495,0.200000,
-24.155743,-15.173678,16.613509,-27.820678,-18.375303,48.147252,-24.088755,-15.192956,16.595964,-24.140866,-15.128596,16.674374,0.200000,
-24.155743,-15.173678,16.613509,-27.820675,-18.375307,48.147269,-24.316275,-15.127383,16.655465,-24.140897,-15.128686,16.674253,0.200000,
-24.155743,-15.173678,16.613509,-27.820673,-18.375310,48.147286,-24.088755,-15.192956,16.595964,-24.140929,-15.128775,16.674132,0.200000,
-24.155743,-15.173678,16.613509,-27.820671,-18.375314,48.147303,-24.316275,-15.127383,16.655465,-24.140960,-15.128864,16.674012,0.200000,
-24.155743,-15.173678,16.613509,-27.820669,-18.375318,48.147320,-24.088755,-15.192956,16.595964,-24.140991,-15.128953,16.673891,0.200000,
-24.155743,-15.173678,16.613509,-27.820667,-18.375321,48.147336,-24.316275,-15.127383,16.655465,-24.141022,-15.129042,16.673771,0.200000,
-24.155743,-15.173678,16.613509,-27.820664,-18.375325,48.147353,-24.088755,-15.192957,16.595964,-24.141053,-15.129130,16.673651,0.200000,
-24.155743,-15.173678,16.613509,-27.820662,-18.375328,48.147370,-24.316275,-15.127383,16.655464,-24.141084,-15.129219,16.673532,0.200000,
-24.155743,-15.173678,16.613509,-27.820660,-18.375332,48.147386,-24.088755,-15.192957,16.595964,-24.141115,-15.129307,16.673412,0.200000,
-24.155743,-15.173678,16.613509,-27.820658,-18.375335,48.147403,-24.316275,-15.127383,16.655464,-24.141146,-15.129395,16.673293,0.200000,
-24.155743,-15.173678,16.613509,-27.820656,-18.375339,48.147419,-24.088755,-15.192957,16.595964,-24.141177,-15.129483,16.673174,0.200000,
-24.155743,-15.173678,16.613509,-27.820654,-18.375342,48.147435,-24.316274,-15.127383,16.655464,-24.141208,-15.129571,16.673056,0.200000,
-24.155743,-15.173678,16.613509,-27.820652,-18.375346,48.147451,-24.088754,-15.192957,16.595964,-24.141238,-15.129658,16.672937,0.200000,
-24.155743,-15.173678,16.613509,-27.820649,-18.375349,48.147468,-24.316274,-15.127383,16.655464,-24.141269,-15.129746,16.672819,0.200000,
-24.155743,-15.173678,16.613509,-27.820647,-18.375353,48.147484,-24.088754,-15.192957,16.595964,-24.141300,-15.129833,16.672701,0.200000,
-24.155743,-15.173678,16.613509,-27.820645,-18.375356,48.147500,-24.316274,-15.127383,16.655464,-24.141330,-15.129920,16.672583,0.200000,
-24.155743,-15.173678,16.613509,-27.820643,-18.375360,48.147516,-24.088754,-15.192957,16.595964,-24.141360,-15.130007,16.672466,0.200000,
-24.155743,-15.173678,16.613509,-27.820641,-18.375363,48.147532,-24.316274,-15.127383,16.655464,-24.141391,-15.130094,16.672349,0.200000,
-24.155743,-15.173678,16.613509,-27.820639,-18.375367,48.147548,-24.088754,-15.192957,16.595963,-24.141421,-15.130180,16.672232,0.200000,
-24.155743,-15.173678,16.613509,-27.820637,-18.375370,48.147563,-24.316274,-15.127383,16.655464,-24.141451,-15.130267,16.672115,0.200000,
-24.155743,-15.173678,16.613509,-27.820635,-18.375374,48.147579,-24.088754,-15.192957,16.595963,-24.141481,-15.130353,16.671998,0.200000,
-24.155743,-15.173678,16.613509,-27.820633,-18.375377,48.147595,-24.316273,-15.127383,16.655464,-24.141511,-15.130439,16.671882,0.200000,
-24.155743,-15.173678,16.613509,-27.820631,-18.375380,48.147610,-24.088753,-15.192957,16.595963,-24.141541,-15.130525,16.671766,0.200000,
-24.155743,-15.173678,16.613509,-27.820629,-18.375384,48.147626,-24.316273,-15.127383,16.655464,-24.141571,-15.130610,16.671650,0.200000,
-24.155743,-15.173678,16.613509,-27.820627,-18.375387,48.147642,-24.088753,-15.192957,16.595963,-24.141601,-15.130696,16.671534,0.200000,
-24.155743,-15.173678,16.613509,-27.820625,-18.375390,48.147657,-24.316273,-15.127383,16.655464,-24.141631,-15.130781,16.671419,0.200000,
-24.155743,-15.173678,16.613509,-27.820623,-18.375394,48.147672,-24.088753,-15.192957,16.595963,-24.141661,-15.130866,16.671304,0.200000,
-24.155743,-15.173678,16.613509,-27.820621,-18.375397,48.147688,-24.316273,-15.127383,16.655464,-24.141690,-15.130951,16.671189,0.200000,
-24.155743,-15.173678,16.613509,-27.820619,-18.375400,48.147703,-24.088753,-15.192957,16.595963,-24.141720,-15.131036,16.671074,0.200000,
-24.155743,-15.173678,16.613509,-27.820617,-18.375404,48.147718,-24.316273,-15.127384,16.655464,-24.141749,-15.131121,16.670959,0.200000,
-24.155743,-15.173678,16.613509,-27.820615,-18.375407,48.147733,-24.088753,-15.192957,16.595963,-24.141779,-15.131205,16.670845,0.200000,
-24.155743,-15.173678,16.613509,-27.820613,-18.375410,48.147749,-24.316273,-15.127384,16.655464,-24.141808,-15.131290,16.670731,0.200000,
-24.155743,-15.173678,16.613509,-27.820611,-18.375413,48.147764,-24.088752,-15.192957,16.595963,-24.141838,-15.131374,16.670617,0.200000,
-24.155743,-15.173678,16.613509,-27.820609,-18.375417,48.147779,-24.316272,-15.127384,16.655464,-24.141867,-15.131458,16.670504,0.200000,
-24.155743,-15.173678,16.613509,-27.820607,-18.375420,48.147794,-24.088752,-15.192957,16.595963,-24.141896,-15.131542,16.670390,0.200000,
-24.155743,-15.173678,16.613509,-27.820605,-18.375423,48.147808,-24.316272,-15.127384,16.655464,-24.141925,-15.131625,16.670277,0.200000,
-24.155743,-15.173678,16.613509,-27.820603,-18.375426,48.147823,-24.088752,-15.192957,16.595963,-24.141954,-15.131709,16.670164,0.200000,
-24.155743,-15.173678,16.613509,-27.820601,-18.375430,48.147838,-24.316272,-15.127384,16.655464,-24.141983,-15.131792,16.670052,0.200000,
-24.155743,-15.173678,16.613509,-27.820599,-18.375433,48.147853,-24.088752,-15.192957,16.595963,-24.142012,-15.131875,16.669939,0.200000,
-24.155743,-15.173678,16.613509,-27.820597,-18.375436,48.147867,-24.316272,-15.127384,16.655464,-24.142041,-15.131958,16.669827,0.200000,
-24.155743,-15.173678,16.613509,-27.820595,-18.375439,48.147882,-24.088752,-15.192957,16.595963,-24.142070,-15.132041,16.669715,0.200000,
-24.155743,-15.173678,16.613509,-27.820593,-18.375442,48.147897,-24.316272,-15.127384,16.655464,-24.142099,-15.132124,16.669603,0.200000,
-24.155743,-15.173678,16.613509,-27.820592,-18.375445,48.147911,-24.088752,-15.192958,16.595963,-24.142128,-15.132206,16.669491,0.200000,
-24.155743,-15.173678,16.613509,-27.820590,-18.375448,48.147925,-24.316271,-15.127384,16.655464,-24.142156,-15.132289,16.669380,0.200000,
-24.155743,-15.173678,16.613509,-27.820588,-18.375452,48.147940,-24.088751,-15.192958,16.595963,-24.142185,-15.132371,16.669269,0.200000,
-24.155743,-15.173678,16.613509,-27.820586,-18.375455,48.147954,-24.316271,-15.127384,16.655464,-24.142213,-15.132453,16.669158,0.200000,
-24.155743,-15.173678,16.613509,-27.820584,-18.375458,48.147968,-24.088751,-15.192958,16.595963,-24.142242,-15.132535,16.669047,0.200000,
-24.155743,-15.173678,16.613509,-27.820582,-18.375461,48.147983,-24.316271,-15.127384,16.655464,-24.142270,-15.132617,16.668937,0.200000,
-24.155743,-15.173678,16.613509,-27.820580,-18.375464,48.147997,-24.088751,-15.192958,16.595963,-24.142298,-15.132698,16.668826,0.200000,
-24.155743,-15.173678,16.613509,-27.820578,-18.375467,48.148011,-24.316271,-15.127384,16.655463,-24.142327,-15.132779,16.668716,0.200000,
-24.155743,-15.173678,16.613509,-27.820577,-18.375470,48.148025,-24.088751,-15.192958,16.595963,-24.142355,-15.132861,16.668607,0.200000,
-24.155743,-15.173678,16.613509,-27.820575,-18.375473,48.148039,-24.316271,-15.127384,16.655463,-24.142383,-15.132942,16.668497,0.200000,
-24.155743,-15.173678,16.613509,-27.820573,-18.375476,48.148053,-24.088751,-15.192958,16.595963,-24.142411,-15.133023,16.668388,0.200000,
-24.155743,-15.173678,16.613509,-27.820571,-18.375479,48.148067,-24.316270,-15.127384,16.655463,-24.142439,-15.133103,16.668278,0.200000,
-24.155743,-15.173678,16.613509,-27.820569,-18.375482,48.148081,-24.088750,-15.192958,16.595963,-24.142467,-15.133184,16.668169,0.200000,
-24.155743,-15.173678,16.613509,-27.820568,-18.375485,48.148095,-24.316270,-15.127384,16.655463,-24.142495,-15.133264,16.668061,0.200000,
-24.155743,-15.173678,16.613509,-27.820566,-18.375488,48.148108,-24.088750,-15.192958,16.595963,-24.142523,-15.133345,16.667952,0.200000,
-24.155743,-15.173678,16.613509,-27.820564,-18.375491,48.148122,-24.316270,-15.127384,16.655463,-24.142550,-15.133425,16.667844,0.200000,
-24.155743,-15.173678,16.613509,-27.820562,-18.375494,48.148136,-24.088750,-15.192958,16.595963,-24.142578,-15.133505,16.667736,0.200000,
-24.155743,-15.173678,16.613509,-27.820560,-18.375497,48.148149,-24.316270,-15.127384,16.655463,-24.142606,-15.133584,16.667628,0.200000,
-24.155743,-15.173678,16.613509,-27.820559,-18.375500,48.148163,-24.088750,-15.192958,16.595962,-24.142633,-15.133664,16.667520,0.200000,
-24.155743,-15.173678,16.613509,-27.820557,-18.375503,48.148176,-24.316270,-15.127384,16.655463,-24.142661,-15.133744,16.667413,0.200000,
-24.155743,-15.173678,16.613509,-27.820555,-18.375506,48.148190,-24.088750,-15.192958,16.595962,-24.142688,-15.133823,16.667305,0.200000,
-24.155743,-15.173678,16.613509,-27.820553,-18.375508,48.148203,-24.316270,-15.127384,16.655463,-24.142716,-15.133902,16.667198,0.200000,
-24.155743,-15.173678,16.613509,-27.820552,-18.375511,48.148216,-24.088749,-15.192958,16.595962,-24.142743,-15.133981,16.667092,0.200000,
-24.155743,-15.173678,16.613509,-27.820550,-18.375514,48.148230,-24.316269,-15.127385,16.655463,-24.142770,-15.134060,16.666985,0.200000,
-24.155743,-15.173678,16.613509,-27.820548,-18.375517,48.148243,-24.088749,-15.192958,16.595962,-24.142798,-15.134139,16.666879,0.200000,
-24.155743,-15.173678,16.613509,-27.820546,-18.375520,48.148256,-24.316269,-15.127385,16.655463,-24.142825,-15.134217,16.666772,0.200000,
-24.155743,-15.173678,16.613509,-27.820545,-18.375523,48.148269,-24.088749,-15.192958,16.595962,-24.142852,-15.134296,16.666666,0.200000,
-24.155743,-15.173678,16.613509,-27.820543,-18.375526,48.148282,-24.316269,-15.127385,16.655463,-24.142879,-15.134374,16.666561,0.200000,
-24.155743,-15.173678,16.613509,-27.820541,-18.375528,48.148295,-24.088749,-15.192958,16.595962,-24.142906,-15.134452,16.666455,0.200000,
-24.155743,-15.173678,16.613509,-27.820540,-18.375531,48.148308,-24.316269,-15.127385,16.655463,-24.142933,-15.134530,16.666350,0.200000,
-24.155743,-15.173678,16.613509,-27.820538,-18.375534,48.148321,-24.088749,-15.192958,16.595962,-24.142960,-15.134608,16.666245,0.200000,
-24.155743,-15.173678,16.613509,-27.820536,-18.375537,48.148334,-24.316269,-15.127385,16.655463,-24.142987,-15.134685,16.666140,0.200000,
-24.155743,-15.173678,16.613509,-27.820535,-18.375540,48.148347,-24.088749,-15.192958,16.595962,-24.143013,-15.134763,16.666035,0.200000,
-24.155743,-15.173678,16.613509,-27.820533,-18.375542,48.148360,-24.316268,-15.127385,16.655463,-24.143040,-15.134840,16.665930,0.200000,
-24.155743,-15.173678,16.613509,-27.820531,-18.375545,48.148373,-24.088748,-15.192958,16.595962,-24.143067,-15.134917,16.665826,0.200000,
-24.155743,-15.173678,16.613509,-27.820530,-18.375548,48.148385,-24.316268,-15.127385,16.655463,-24.143093,-15.134994,16.665722,0.200000,
-24.155743,-15.173678,16.613509,-27.820528,-18.375551,48.148398,-24.088748,-15.192958,16.595962,-24.143120,-15.135071,16.665618,0.200000,
-24.155743,-15.173678,16.613509,-27.820526,-18.375553,48.148411,-24.316268,-15.127385,16.655463,-24.143146,-15.135148,16.665514,0.200000,
-24.155743,-15.173678,16.613509,-27.820525,-18.375556,48.148423,-24.088748,-15.192959,16.595962,-24.143173,-15.135224,16.665411,0.200000,
-24.155743,-15.173678,16.613509,-27.820523,-18.375559,48.148436,-24.316268,-15.127385,16.655463,-24.143199,-15.135301,16.665308,0.200000,
-24.155743,-15.173678,16.613509,-27.820521,-18.375561,48.148448,-24.088748,-15.192959,16.595962,-24.143225,-15.135377,16.665205,0.200000,
-24.155743,-15.173678,16.613509,-27.820520,-18.375564,48.148461,-24.316268,-15.127385,16.655463,-24.143251,-15.135453,16.665102,0.200000,
-24.155743,-15.173678,16.613509,-27.820518,-18.375567,48.148473,-24.088748,-15.192959,16.595962,-24.143278,-15.135529,16.664999,0.200000,
-24.155743,-15.173678,16.613509,-27.820516,-18.375569,48.148485,-24.316267,-15.127385,16.655463,-24.143304,-15.135605,16.664897,0.200000,
-24.155743,-15.173678,16.613509,-27.820515,-18.375572,48.148498,-24.088747,-15.192959,16.595962,-24.143330,-15.135680,16.664794,0.200000,
-24.155743,-15.173678,16.613509,-27.820513,-18.375575,48.148510,-24.316267,-15.127385,16.655463,-24.143356,-15.135756,16.664692,0.200000,
-24.155743,-15.173678,16.613509,-27.820512,-18.375577,48.148522,-24.088747,-15.192959,16.595962,-24.143382,-15.135831,16.664590,0.200000,
-24.155743,-15.173678,16.613509,-27.820510,-18.375580,48.148534,-24.316267,-15.127385,16.655462,-24.143408,-15.135906,16.664489,0.200000,
-24.155743,-15.173678,16.613509,-27.820508,-18.375583,48.148546,-24.088747,-15.192959,16.595962,-24.143433,-15.135981,16.664387,0.200000,
-24.155743,-15.173678,16.613509,-27.820507,-18.375585,48.148558,-24.316267,-15.127385,16.655462,-24.143459,-15.136056,16.664286,0.200000,
-24.155743,-15.173678,16.613509,-27.820505,-18.375588,48.148570,-24.088747,-15.192959,16.595962,-24.143485,-15.136131,16.664185,0.200000,
-24.155743,-15.173678,16.613509,-27.820504,-18.375590,48.148582,-24.316267,-15.127385,16.655462,-24.143511,-15.136206,16.664084,0.200000,
-24.155743,-15.173678,16.613509,-27.820502,-18.375593,48.148594,-24.088747,-15.192959,16.595962,-24.143536,-15.136280,16.663983,0.200000,
-24.155743,-15.173678,16.613509,-27.820501,-18.375595,48.148606,-24.316267,-15.127385,16.655462,-24.143562,-15.136354,16.663883,0.200000,
-24.155743,-15.173678,16.613509,-27.820499,-18.375598,48.148618,-24.088746,-15.192959,16.595962,-24.143587,-15.136428,16.663783,0.200000,
-24.155743,-15.173678,16.613509,-27.820498,-18.375601,48.148630,-24.316266,-15.127385,16.655462,-24.143613,-15.136502,16.663683,0.200000,
-24.155743,-15.173678,16.613509,-27.820496,-18.375603,48.148641,-24.088746,-15.192959,16.595962,-24.143638,-15.136576,16.663583,0.200000,
-24.155743,-15.173678,16.613509,-27.820495,-18.375606,48.148653,-24.316266,-15.127385,16.655462,-24.143663,-15.136650,16.663483,0.200000,
-24.155743,-15.173678,16.613509,-27.820493,-18.375608,48.148665,-24.088746,-15.192959,16.595961,-24.143689,-15.136724,16.663384,0.200000,
-24.155743,-15.173678,16.613509,-27.820491,-18.375611,48.148676,-24.316266,-15.127385,16.655462,-24.143714,-15.136797,16.663285,0.200000,
-24.155743,-15.173678,16.613509,-27.820490,-18.375613,48.148688,-24.088746,-15.192959,16.595961,-24.143739,-15.136870,16.663185,0.200000,
-24.155743,-15.173678,16.613509,-27.820488,-18.375616,48.148699,-24.316266,-15.127386,16.655462,-24.143764,-15.136943,16.663087,0.200000,
-24.155743,-15.173678,16.613509,-27.820487,-18.375618,48.148711,-24.088746,-15.192959,16.595961,-24.143789,-15.137016,16.662988,0.200000,
-24.155743,-15.173678,16.613509,-27.820485,-18.375621,48.148722,-24.316266,-15.127386,16.655462,-24.143814,-15.137089,16.662889,0.200000,
-24.155743,-15.173678,16.613509,-27.820484,-18.375623,48.148734,-24.088746,-15.192959,16.595961,-24.143839,-15.137162,16.662791,0.200000,
-24.155743,-15.173678,16.613509,-27.820483,-18.375625,48.148745,-24.316265,-15.127386,16.655462,-24.143864,-15.137235,16.662693,0.200000,
-24.155743,-15.173678,16.613509,-27.820481,-18.375628,48.148756,-24.088745,-15.192959,16.595961,-24.143889,-15.137307,16.662595,0.200000,
-24.155743,-15.173678,16.613509,-27.820480,-18.375630,48.148768,-24.316265,-15.127386,16.655462,-24.143914,-15.137379,16.662498,0.200000,
-24.155743,-15.173678,16.613509,-27.820478,-18.375633,48.148779,-24.088745,-15.192959,16.595961,-24.143938,-15.137451,16.662400,0.200000,
-24.155743,-15.173678,16.613509,-27.820477,-18.375635,48.148790,-24.316265,-15.127386,16.655462,-24.143963,-15.137523,16.662303,0.200000,
-24.155743,-15.173678,16.613509,-27.820475,-18.375638,48.148801,-24.088745,-15.192959,16.595961,-24.143988,-15.137595,16.662206,0.200000,
-24.155743,-15.173678,16.613509,-27.820474,-18.375640,48.148812,-24.316265,-15.127386,16.655462,-24.144012,-15.137667,16.662109,0.200000,
-24.155743,-15.173678,16.613509,-27.820472,-18.375642,48.148823,-24.088745,-15.192959,16.595961,-24.144037,-15.137738,16.662012,0.200000,
-24.155743,-15.173678,16.613509,-27.820471,-18.375645,48.148834,-24.316265,-15.127386,16.655462,-24.144061,-15.137810,16.661915,0.200000,
-24.155743,-15.173678,16.613509,-27.820469,-18.375647,48.148845,-24.088745,-15.192959,16.595961,-24.144086,-15.137881,16.661819,0.200000,
-24.155743,-15.173678,16.613509,-27.820468,-18.375650,48.148856,-24.316265,-15.127386,16.655462,-24.144110,-15.137952,16.661723,0.200000,
-24.155743,-15.173678,16.613509,-27.820467,-18.375652,48.148867,-24.088744,-15.192960,16.595961,-24.144134,-15.138023,16.661627,0.200000,
-24.155743,-15.173678,16.613509,-27.820465,-18.375654,48.148878,-24.316264,-15.127386,16.655462,-24.144158,-15.138094,16.661531,0.200000,
-24.155743,-15.173678,16.613509,-27.820464,-18.375657,48.148889,-24.088744,-15.192960,16.595961,-24.144183,-15.138165,16.661436,0.200000,
-24.155743,-15.173678,16.613509,-27.820462,-18.375659,48.148899,-24.316264,-15.127386,16.655462,-24.144207,-15.138235,16.661340,0.200000,
-24.155743,-15.173678,16.613509,-27.820461,-18.375661,48.148910,-24.088744,-15.192960,16.595961,-24.144231,-15.138306,16.661245,0.200000,
-24.155743,-15.173678,16.613509,-27.820460,-18.375663,48.148921,-24.316264,-15.127386,16.655462,-24.144255,-15.138376,16.661150,0.200000,
-24.155743,-15.173678,16.613509,-27.820458,-18.375666,48.148931,-24.088744,-15.192960,16.595961,-24.144279,-15.138446,16.661055,0.200000,
-24.155743,-15.173678,16.613509,-27.820457,-18.375668,48.148942,-24.316264,-15.127386,16.655462,-24.144303,-15.138516,16.660961,0.200000,
-24.155743,-15.173678,16.613509,-27.820455,-18.375670,48.148953,-24.088744,-15.192960,16.595961,-24.144327,-15.138586,16.660866,0.200000,
-24.155743,-15.173678,16.613509,-27.820454,-18.375673,48.148963,-24.316264,-15.127386,16.655462,-24.144351,-15.138656,16.660772,0.200000,
-24.155743,-15.173678,16.613509,-27.820453,-18.375675,48.148974,-24.088743,-15.192960,16.595961,-24.144374,-15.138726,16.660678,0.200000,
-24.155743,-15.173678,16.613509,-27.820451,-18.375677,48.148984,-24.316263,-15.127386,16.655462,-24.144398,-15.138795,16.660584,0.200000,
-24.155743,-15.173678,16.613509,-27.820450,-18.375679,48.148994,-24.088743,-15.192960,16.595961,-24.144422,-15.138864,16.660490,0.200000,
-24.155743,-15.173678,16.613509,-27.820449,-18.375682,48.149005,-24.316263,-15.127386,16.655461,-24.144445,-15.138934,16.660397,0.200000,
-24.155743,-15.173678,16.613509,-27.820447,-18.375684,48.149015,-24.088743,-15.192960,16.595961,-24.144469,-15.139003,16.660303,0.200000,
-24.155743,-15.173678,16.613509,-27.820446,-18.375686,48.149025,-24.316263,-15.127386,16.655461,-24.144492,-15.139072,16.660210,0.200000,
-24.155743,-15.173678,16.613509,-27.820445,-18.375688,48.149036,-24.088743,-15.192960,16.595961,-24.144516,-15.139140,16.660117,0.200000,
-24.155743,-15.173678,16.613509,-27.820443,-18.375690,48.149046,-24.316263,-15.127386,16.655461,-24.144539,-15.139209,16.660024,0.200000,
-24.155743,-15.173678,16.613509,-27.820442,-18.375693,48.149056,-24.088743,-15.192960,16.595961,-24.144563,-15.139277,16.659932,0.200000,
-24.155743,-15.173678,16.613509,-27.820441,-18.375695,48.149066,-24.316263,-15.127386,16.655461,-24.144586,-15.139346,16.659839,0.200000,
-24.155743,-15.173678,16.613509,-27.820439,-18.375697,48.149076,-24.088743,-15.192960,16.595961,-24.144609,-15.139414,16.659747,0.200000,
-24.155743,-15.173678,16.613509,-27.820438,-18.375699,48.149086,-24.316262,-15.127387,16.655461,-24.144633,-15.139482,16.659655,0.200000,
-24.155743,-15.173678,16.613509,-27.820437,-18.375701,48.149096,-24.088742,-15.192960,16.595961,-24.144656,-15.139550,16.659563,0.200000,
-24.155743,-15.173678,16.613509,-27.820435,-18.375704,48.149106,-24.316262,-15.127387,16.655461,-24.144679,-15.139618,16.659472,0.200000,
-24.155743,-15.173678,16.613509,-27.820434,-18.375706,48.149116,-24.088742,-15.192960,16.595960,-24.144702,-15.139686,16.659380,0.200000,
-24.155743,-15.173678,16.613509,-27.820433,-18.375708,48.149126,-24.316262,-15.127387,16.655461,-24.144725,-15.139753,16.659289,0.200000,
-24.155743,-15.173678,16.613509,-27.820431,-18.375710,48.149136,-24.088742,-15.192960,16.595960,-24.144748,-15.139821,16.659198,0.200000,
-24.155743,-15.173678,16.613509,-27.820430,-18.375712,48.149146,-24.316262,-15.127387,16.655461,-24.144771,-15.139888,16.659107,0.200000,
-24.155743,-15.173678,16.613509,-27.820429,-18.375714,48.149155,-24.088742,-15.192960,16.595960,-24.144794,-15.139955,16.659016,0.200000,
-24.155743,-15.173678,16.613509,-27.820428,-18.375716,48.149165,-24.316262,-15.127387,16.655461,-24.144816,-15.140022,16.658925,0.200000,
-24.155743,-15.173678,16.613509,-27.820426,-18.375718,48.149175,-24.088742,-15.192960,16.595960,-24.144839,-15.140089,16.658835,0.200000,
-24.155743,-15.173678,16.613509,-27.820425,-18.375721,48.149185,-24.316262,-15.127387,16.655461,-24.144862,-15.140156,16.658745,0.200000,
-24.155743,-15.173678,16.613509,-27.820424,-18.375723,48.149194,-24.088741,-15.192960,16.595960,-24.144885,-15.140222,16.658655,0.200000,
-24.155743,-15.173678,16.613509,-27.820423,-18.375725,48.149204,-24.316261,-15.127387,16.655461,-24.144907,-15.140289,16.658565,0.200000,
-24.155743,-15.173678,16.613509,-27.820421,-18.375727,48.149213,-24.088741,-15.192960,16.595960,-24.144930,-15.140355,16.658475,0.200000,
-24.155743,-15.173678,16.613509,-27.820420,-18.375729,48.149223,-24.316261,-15.127387,16.655461,-24.144952,-15.140422,16.658386,0.200000,
-24.155743,-15.173678,16.613509,-27.820419,-18.375731,48.149232,-24.088741,-15.192961,16.595960,-24.144975,-15.140488,16.658296,0.200000,
-24.155743,-15.173678,16.613509,-27.820418,-18.375733,48.149242,-24.316261,-15.127387,16.655461,-24.144997,-15.140554,16.658207,0.200000,
-24.155743,-15.173678,16.613509,-27.820416,-18.375735,48.149251,-24.088741,-15.192961,16.595960,-24.145020,-15.140620,16.658118,0.200000,
-24.155743,-15.173678,16.613509,-27.820415,-18.375737,48.149261,-24.316261,-15.127387,16.655461,-24.145042,-15.140685,16.658029,0.200000,
-24.155743,-15.173678,16.613509,-27.820414,-18.375739,48.149270,-24.088741,-15.192961,16.595960,-24.145064,-15.140751,16.657941,0.200000,
-24.155743,-15.173678,16.613509,-27.820413,-18.375741,48.149279,-24.316261,-15.127387,16.655461,-24.145086,-15.140816,16.657852,0.200000,
-24.155743,-15.173678,16.613509,-27.820411,-18.375743,48.149289,-24.088740,-15.192961,16.595960,-24.145109,-15.140882,16.657764,0.200000,
-24.155743,-15.173678,16.613509,-27.820410,-18.375745,48.149298,-24.316260,-15.127387,16.655461,-24.145131,-15.140947,16.657676,0.200000,
-24.155743,-15.173678,16.613509,-27.820409,-18.375747,48.149307,-24.088740,-15.192961,16.595960,-24.145153,-15.141012,16.657588,0.200000,
-24.155743,-15.173678,16.613509,-27.820408,-18.375749,48.149316,-24.316260,-15.127387,16.655461,-24.145175,-15.141077,16.657500,0.200000,
-24.155743,-15.173678,16.613509,-27.820407,-18.375751,48.149325,-24.088740,-15.192961,16.595960,-24.145197,-15.141142,16.657413,0.200000,
-24.155743,-15.173678,16.613509,-27.820405,-18.375753,48.149335,-24.316260,-15.127387,16.655461,-24.145219,-15.141206,16.657325,0.200000,
-24.155743,-15.173678,16.613509,-27.820404,-18.375755,48.149344,-24.088740,-15.192961,16.595960,-24.145241,-15.141271,16.657238,0.200000,
-24.155743,-15.173678,16.613509,-27.820403,-18.375757,48.149353,-24.316260,-15.127387,16.655461,-24.145263,-15.141335,16.657151,0.200000,
-24.155743,-15.173678,16.613509,-27.820402,-18.375759,48.149362,-24.088740,-15.192961,16.595960,-24.145284,-15.141400,16.657064,0.200000,
-24.155743,-15.173678,16.613509,-27.820401,-18.375761,48.149371,-24.316260,-15.127387,16.655461,-24.145306,-15.141464,16.656977,0.200000,
-24.155743,-15.173678,16.613509,-27.820400,-18.375763,48.149380,-24.088740,-15.192961,16.595960,-24.145328,-15.141528,16.656891,0.200000,
-24.155743,-15.173678,16.613509,-27.820398,-18.375765,48.149389,-24.316259,-15.127387,16.655460,-24.145349,-15.141592,16.656804,0.200000,
-24.155743,-15.173678,16.613509,-27.820397,-18.375766,48.149397,-24.088739,-15.192961,16.595960,-24.145371,-15.141656,16.656718,0.200000,
-24.155743,-15.173678,16.613509,-27.820396,-18.375768,48.149406,-24.316259,-15.127387,16.655460,-24.145393,-15.141719,16.656632,0.200000,
-24.155743,-15.173678,16.613509,-27.820395,-18.375770,48.149415,-24.088739,-15.192961,16.595960,-24.145414,-15.141783,16.656546,0.200000,
-24.155743,-15.173678,16.613509,-27.820394,-18.375772,48.149424,-24.316259,-15.127387,16.655460,-24.145436,-15.141846,16.656461,0.200000,
-24.155743,-15.173678,16.613509,-27.820393,-18.375774,48.149433,-24.088739,-15.192961,16.595960,-24.145457,-15.141909,16.656375,0.200000,
-24.155743,-15.173678,16.613509,-27.820392,-18.375776,48.149441,-24.316259,-15.127388,16.655460,-24.145478,-15.141973,16.656290,0.200000,
-24.155743,-15.173678,16.613509,-27.820390,-18.375778,48.149450,-24.088739,-15.192961,16.595960,-24.145500,-15.142036,16.656205,0.200000,
-24.155743,-15.173678,16.613509,-27.820389,-18.375780,48.149459,-24.316259,-15.127388,16.655460,-24.145521,-15.142099,16.656120,0.200000,
-24.155743,-15.173678,16.613509,-27.820388,-18.375782,48.149467,-24.088739,-15.192961,16.595960,-24.145542,-15.142161,16.656035,0.200000,
-24.155743,-15.173678,16.613509,-27.820387,-18.375783,48.149476,-24.316259,-15.127388,16.655460,-24.145564,-15.142224,16.655950,0.200000,
-24.155743,-15.173678,16.613509,-27.820386,-18.375785,48.149484,-24.088738,-15.192961,16.595959,-24.145585,-15.142287,16.655866,0.200000,
-24.155743,-15.173678,16.613509,-27.820385,-18.375787,48.149493,-24.316258,-15.127388,16.655460,-24.145606,-15.142349,16.655781,0.200000,
-24.155743,-15.173678,16.613509,-27.820384,-18.375789,48.149501,-24.088738,-15.192961,16.595959,-24.145627,-15.142411,16.655697,0.200000,
-24.155743,-15.173678,16.613509,-27.820383,-18.375791,48.149510,-24.316258,-15.127388,16.655460,-24.145648,-15.142473,16.655613,0.200000,
-24.155743,-15.173678,16.613509,-27.820381,-18.375793,48.149518,-24.088738,-15.192961,16.595959,-24.145669,-15.142535,16.655529,0.200000,
-24.155743,-15.173678,16.613509,-27.820380,-18.375794,48.149527,-24.316258,-15.127388,16.655460,-24.145690,-15.142597,16.655446,0.200000,
-24.155743,-15.173678,16.613509,-27.820379,-18.375796,48.149535,-24.088738,-15.192961,16.595959,-24.145711,-15.142659,16.655362,0.200000,
-24.155743,-15.173678,16.613509,-27.820378,-18.375798,48.149543,-24.316258,-15.127388,16.655460,-24.145732,-15.142721,16.655279,0.200000,
-24.155743,-15.173678,16.613509,-27.820377,-18.375800,48.149552,-24.088738,-15.192961,16.595959,-24.145752,-15.142782,16.655196,0.200000,
-24.155743,-15.173678,16.613509,-27.820376,-18.375802,48.149560,-24.316258,-15.127388,16.655460,-24.145773,-15.142844,16.655113,0.200000,
-24.155743,-15.173678,16.613509,-27.820375,-18.375803,48.149568,-24.088737,-15.192962,16.595959,-24.145794,-15.142905,16.655030,0.200000,
-24.155743,-15.173678,16.613509,-27.820374,-18.375805,48.149576,-24.316257,-15.127388,16.655460,-24.145814,-15.142966,16.654947,0.200000,
-24.155743,-15.173678,16.613509,-27.820373,-18.375807,48.149584,-24.088737,-15.192962,16.595959,-24.145835,-15.143027,16.654865,0.200000,
-24.155743,-15.173678,16.613509,-27.820372,-18.375809,48.149592,-24.316257,-15.127388,16.655460,-24.145856,-15.143088,16.654782,0.200000,
-24.155743,-15.173678,16.613509,-27.820371,-18.375810,48.149601,-24.088737,-15.192962,16.595959,-24.145876,-15.143149,16.654700,0.200000,
-24.155743,-15.173678,16.613509,-27.820370,-18.375812,48.149609,-24.316257,-15.127388,16.655460,-24.145897,-15.143210,16.654618,0.200000,
-24.155743,-15.173678,16.613509,-27.820369,-18.375814,48.149617,-24.088737,-15.192962,16.595959,-24.145917,-15.143270,16.654536,0.200000,
-24.155743,-15.173678,16.613509,-27.820368,-18.375816,48.149625,-24.316257,-15.127388,16.655460,-24.145937,-15.143331,16.654455,0.200000,
-24.155743,-15.173678,16.613509,-27.820367,-18.375817,48.149633,-24.088737,-15.192962,16.595959,-24.145958,-15.143391,16.654373,0.200000,
-24.155743,-15.173678,16.613509,-27.820365,-18.375819,48.149641,-24.316257,-15.127388,16.655460,-24.145978,-15.143452,16.654292,0.200000,
-24.155743,-15.173678,16.613509,-27.820364,-18.375821,48.149649,-24.088737,-15.192962,16.595959,-24.145998,-15.143512,16.654210,0.200000,
-24.155743,-15.173678,16.613509,-27.820363,-18.375822,48.149656,-24.316256,-15.127388,16.655460,-24.146019,-15.143572,16.654129,0.200000,
-24.155743,-15.173678,16.613509,-27.820362,-18.375824,48.149664,-24.088736,-15.192962,16.595959,-24.146039,-15.143632,16.654049,0.200000,
-24.155743,-15.173678,16.613509,-27.820361,-18.375826,48.149672,-24.316256,-15.127388,16.655460,-24.146059,-15.143691,16.653968,0.200000,
-24.155743,-15.173678,16.613509,-27.820360,-18.375828,48.149680,-24.088736,-15.192962,16.595959,-24.146079,-15.143751,16.653887,0.200000,
-24.155743,-15.173678,16.613509,-27.820359,-18.375829,48.149688,-24.316256,-15.127388,16.655460,-24.146099,-15.143810,16.653807,0.200000,
-24.155743,-15.173678,16.613509,-27.820358,-18.375831,48.149695,-24.088736,-15.192962,16.595959,-24.146119,-15.143870,16.653727,0.200000,
-24.155743,-15.173678,16.613509,-27.820357,-18.375833,48.149703,-24.316256,-15.127388,16.655460,-24.146139,-15.143929,16.653647,0.200000,
-24.155743,-15.173678,16.613509,-27.820356,-18.375834,48.149711,-24.088736,-15.192962,16.595959,-24.146159,-15.143988,16.653567,0.200000,
-24.155743,-15.173678,16.613509,-27.820355,-18.375836,48.149719,-24.316256,-15.127388,16.655460,-24.146179,-15.144047,16.653487,0.200000,
-24.155743,-15.173678,16.613509,-27.820354,-18.375838,48.149726,-24.088736,-15.192962,16.595959,-24.146199,-15.144106,16.653407,0.200000,
-24.155743,-15.173678,16.613509,-27.820353,-18.375839,48.149734,-24.316256,-15.127389,16.655459,-24.146218,-15.144165,16.653328,0.200000,
-24.155743,-15.173678,16.613509,-27.820352,-18.375841,48.149741,-24.088735,-15.192962,16.595959,-24.146238,-15.144224,16.653248,0.200000,
-24.155743,-15.173678,16.613509,-27.820351,-18.375842,48.149749,-24.316255,-15.127389,16.655459,-24.146258,-15.144282,16.653169,0.200000,
-24.155743,-15.173678,16.613509,-27.820350,-18.375844,48.149756,-24.088735,-15.192962,16.595959,-24.146278,-15.144341,16.653090,0.200000,
-24.155743,-15.173678,16.613509,-27.820349,-18.375846,48.149764,-24.316255,-15.127389,16.655459,-24.146297,-15.144399,16.653012,0.200000,
-24.155743,-15.173678,16.613509,-27.820348,-18.375847,48.149771,-24.088735,-15.192962,16.595959,-24.146317,-15.144457,16.652933,0.200000,
-24.155743,-15.173678,16.613509,-27.820347,-18.375849,48.149779,-24.316255,-15.127389,16.655459,-24.146336,-15.144515,16.652854,0.200000,
-24.155743,-15.173678,16.613509,-27.820346,-18.375851,48.149786,-24.088735,-15.192962,16.595959,-24.146356,-15.144573,16.652776,0.200000,
-24.155743,-15.173678,16.613509,-27.820345,-18.375852,48.149794,-24.316255,-15.127389,16.655459,-24.146375,-15.144631,16.652698,0.200000,
-24.155743,-15.173678,16.613509,-27.820345,-18.375854,48.149801,-24.088735,-15.192962,16.595958,-24.146395,-15.144689,16.652620,0.200000,
-24.155743,-15.173678,16.613509,-27.820344,-18.375855,48.149808,-24.316255,-15.127389,16.655459,-24.146414,-15.144747,16.652542,0.200000,
-24.155743,-15.173678,16.613509,-27.820343,-18.375857,48.149816,-24.088734,-15.192962,16.595958,-24.146433,-15.144804,16.652464,0.200000,
-24.155743,-15.173678,16.613509,-27.820342,-18.375858,48.149823,-24.316254,-15.127389,16.655459,-24.146453,-15.144862,16.652387,0.200000,
-24.155743,-15.173678,16.613509,-27.820341,-18.375860,48.149830,-24.088734,-15.192962,16.595958,-24.146472,-15.144919,16.652309,0.200000,
-24.155743,-15.173678,16.613509,-27.820340,-18.375862,48.149837,-24.316254,-15.127389,16.655459,-24.146491,-15.144976,16.652232,0.200000,
-24.155743,-15.173678,16.613509,-27.820339,-18.375863,48.149844,-24.088734,-15.192963,16.595958,-24.146510,-15.145033,16.652155,0.200000,
-24.155743,-15.173678,16.613509,-27.820338,-18.375865,48.149852,-24.316254,-15.127389,16.655459,-24.146529,-15.145090,16.652078,0.200000,
-24.155743,-15.173678,16.613509,-27.820337,-18.375866,48.149859,-24.088734,-15.192963,16.595958,-24.146548,-15.145147,16.652001,0.200000,
-24.155743,-15.173678,16.613509,-27.820336,-18.375868,48.149866,-24.316254,-15.127389,16.655459,-24.146567,-15.145204,16.651924,0.200000,
-24.155743,-15.173678,16.613509,-27.820335,-18.375869,48.149873,-24.088734,-15.192963,16.595958,-24.146586,-15.145261,16.651848,0.200000,
-24.155743,-15.173678,16.613509,-27.820334,-18.375871,48.149880,-24.316254,-15.127389,16.655459,-24.146605,-15.145317,16.651772,0.200000,
-24.155743,-15.173678,16.613509,-27.820333,-18.375872,48.149887,-24.088734,-15.192963,16.595958,-24.146624,-15.145374,16.651695,0.200000,
-24.155743,-15.173678,16.613509,-27.820332,-18.375874,48.149894,-24.316253,-15.127389,16.655459,-24.146643,-15.145430,16.651619,0.200000,
-24.155743,-15.173678,16.613509,-27.820331,-18.375875,48.149901,-24.088733,-15.192963,16.595958,-24.146662,-15.145486,16.651543,0.200000,
-24.155743,-15.173678,16.613509,-27.820331,-18.375877,48.149908,-24.316253,-15.127389,16.655459,-24.146681,-15.145542,16.651468,0.200000,
-24.155743,-15.173678,16.613509,-27.820330,-18.375878,48.149915,-24.088733,-15.192963,16.595958,-24.146700,-15.145598,16.651392,0.200000,
-24.155743,-15.173678,16.613509,-27.820329,-18.375880,48.149922,-24.316253,-15.127389,16.655459,-24.146718,-15.145654,16.651317,0.200000,
-24.155743,-15.173678,16.613509,-27.820328,-18.375881,48.149928,-24.088733,-15.192963,16.595958,-24.146737,-15.145710,16.651241,0.200000,
-24.155743,-15.173678,16.613509,-27.820327,-18.375883,48.149935,-24.316253,-15.127389,16.655459,-24.146756,-15.145765,16.651166,0.200000,
-24.155743,-15.173678,16.613509,-27.820326,-18.375884,48.149942,-24.088733,-15.192963,16.595958,-24.146774,-15.145821,16.651091,0.200000,
-24.155743,-15.173678,16.613509,-27.820325,-18.375886,48.149949,-24.316253,-15.127389,16.655459,-24.146793,-15.145876,16.651016,0.200000,
-24.155743,-15.173678,16.613509,-27.820324,-18.375887,48.149956,-24.088733,-15.192963,16.595958,-24.146811,-15.145932,16.650942,0.200000,
-24.155743,-15.173678,16.613509,-27.820323,-18.375889,48.149962,-24.316253,-15.127389,16.655459,-24.146830,-15.145987,16.650867,0.200000,
-24.155743,-15.173678,16.613509,-27.820323,-18.375890,48.149969,-24.088732,-15.192963,16.595958,-24.146848,-15.146042,16.650793,0.200000,
-24.155743,-15.173678,16.613509,-27.820322,-18.375891,48.149976,-24.316252,-15.127389,16.655459,-24.146867,-15.146097,16.650718,0.200000,
-24.155743,-15.173678,16.613509,-27.820321,-18.375893,48.149982,-24.088732,-15.192963,16.595958,-24.146885,-15.146152,16.650644,0.200000,
-24.155743,-15.173678,16.613509,-27.820320,-18.375894,48.149989,-24.316252,-15.127389,16.655459,-24.146903,-15.146206,16.650570,0.200000,
-24.155743,-15.173678,16.613509,-27.820319,-18.375896,48.149996,-24.088732,-15.192963,16.595958,-24.146922,-15.146261,16.650496,0.200000,
-24.155743,-15.173678,16.613509,-27.820318,-18.375897,48.150002,-24.316252,-15.127390,16.655459,-24.146940,-15.146316,16.650423,0.200000,
-24.155743,-15.173678,16.613509,-27.820317,-18.375899,48.150009,-24.088732,-15.192963,16.595958,-24.146958,-15.146370,16.650349,0.200000,
-24.155743,-15.173678,16.613509,-27.820317,-18.375900,48.150015,-24.316252,-15.127390,16.655458,-24.146976,-15.146424,16.650276,0.200000,
-24.155743,-15.173678,16.613509,-27.820316,-18.375901,48.150022,-24.088732,-15.192963,16.595958,-24.146994,-15.146479,16.650203,0.200000,
-24.155743,-15.173678,16.613509,-27.820315,-18.375903,48.150028,-24.316252,-15.127390,16.655458,-24.147012,-15.146533,16.650130,0.200000,
-24.155743,-15.173678,16.613509,-27.820314,-18.375904,48.150035,-24.088731,-15.192963,16.595958,-24.147030,-15.146587,16.650057,0.200000,
-24.155743,-15.173678,16.613509,-27.820313,-18.375906,48.150041,-24.316251,-15.127390,16.655458,-24.147048,-15.146641,16.649984,0.200000,
-24.155743,-15.173678,16.613509,-27.820312,-18.375907,48.150048,-24.088731,-15.192963,16.595958,-24.147066,-15.146694,16.649911,0.200000,
-24.155743,-15.173678,16.613509,-27.820311,-18.375908,48.150054,-24.316251,-15.127390,16.655458,-24.147084,-15.146748,16.649839,0.200000,
-24.155743,-15.173678,16.613509,-27.820311,-18.375910,48.150060,-24.088731,-15.192963,16.595958,-24.147102,-15.146802,16.649766,0.200000,
-24.155743,-15.173678,16.613509,-27.820310,-18.375911,48.150067,-24.316251,-15.127390,16.655458,-24.147120,-15.146855,16.649694,0.200000,
-24.155743,-15.173678,16.613509,-27.820309,-18.375913,48.150073,-24.088731,-15.192963,16.595958,-24.147138,-15.146908,16.649622,0.200000,
-24.155743,-15.173678,16.613509,-27.820308,-18.375914,48.150079,-24.316251,-15.127390,16.655458,-24.147156,-15.146962,16.649550,0.200000,
-24.155743,-15.173678,16.613509,-27.820307,-18.375915,48.150086,-24.088731,-15.192963,16.595957,-24.147173,-15.147015,16.649478,0.200000,
-24.155743,-15.173678,16.613509,-27.820307,-18.375917,48.150092,-24.316251,-15.127390,16.655458,-24.147191,-15.147068,16.649407,0.200000,
-24.155743,-15.173678,16.613509,-27.820306,-18.375918,48.150098,-24.088731,-15.192964,16.595957,-24.147209,-15.147121,16.649335,0.200000,
-24.155743,-15.173678,16.613509,-27.820305,-18.375919,48.150104,-24.316250,-15.127390,16.655458,-24.147226,-15.147174,16.649264,0.200000,
-24.155743,-15.173678,16.613509,-27.820304,-18.375921,48.150110,-24.088730,-15.192964,16.595957,-24.147244,-15.147226,16.649193,0.200000,
-24.155743,-15.173678,16.613509,-27.820303,-18.375922,48.150117,-24.316250,-15.127390,16.655458,-24.147262,-15.147279,16.649122,0.200000,
-24.155743,-15.173678,16.613509,-27.820302,-18.375923,48.150123,-24.088730,-15.192964,16.595957,-24.147279,-15.147332,16.649051,0.200000,
-24.155743,-15.173678,16.613509,-27.820302,-18.375925,48.150129,-24.316250,-15.127390,16.655458,-24.147297,-15.147384,16.648980,0.200000,
-24.155743,-15.173678,16.613509,-27.820301,-18.375926,48.150135,-24.088730,-15.192964,16.595957,-24.147314,-15.147436,16.648909,0.200000,
-24.155743,-15.173678,16.613509,-27.820300,-18.375927,48.150141,-24.316250,-15.127390,16.655458,-24.147331,-15.147488,16.648839,0.200000,
-24.155743,-15.173678,16.613509,-27.820299,-18.375928,48.150147,-24.088730,-15.192964,16.595957,-24.147349,-15.147541,16.648768,0.200000,
-24.155743,-15.173678,16.613509,-27.820299,-18.375930,48.150153,-24.316250,-15.127390,16.655458,-24.147366,-15.147593,16.648698,0.200000,
-24.155743,-15.173678,16.613509,-27.820298,-18.375931,48.150159,-24.088730,-15.192964,16.595957,-24.147383,-15.147644,16.648628,0.200000,
-24.155743,-15.173678,16.613509,-27.820297,-18.375932,48.150165,-24.316250,-15.127390,16.655458,-24.147401,-15.147696,16.648558,0.200000,
-24.155743,-15.173678,16.613509,-27.820296,-18.375934,48.150171,-24.088729,-15.192964,16.595957,-24.147418,-15.147748,16.648488,0.200000,
-24.155743,-15.173678,16.613509,-27.820295,-18.375935,48.150177,-24.316249,-15.127390,16.655458,-24.147435,-15.147800,16.648419,0.200000,
-24.155743,-15.173678,16.613509,-27.820295,-18.375936,48.150183,-24.088729,-15.192964,16.595957,-24.147452,-15.147851,16.648349,0.200000,
-24.155743,-15.173678,16.613509,-27.820294,-18.375937,48.150189,-24.316249,-15.127390,16.655458,-24.147469,-15.147902,16.648280,0.200000,
-24.155743,-15.173678,16.613509,-27.820293,-18.375939,48.150195,-24.088729,-15.192964,16.595957,-24.147486,-15.147954,16.648210,0.200000,
-24.155743,-15.173678,16.613509,-27.820292,-18.375940,48.150200,-24.316249,-15.127390,16.655458,-24.147504,-15.148005,16.648141,0.200000,
-24.155743,-15.173678,16.613509,-27.820292,-18.375941,48.150206,-24.088729,-15.192964,16.595957,-24.147521,-15.148056,16.648072,0.200000,
-24.155743,-15.173678,16.613509,-27.820291,-18.375943,48.150212,-24.316249,-15.127390,16.655458,-24.147537,-15.148107,16.648003,0.200000,
-24.155743,-15.173678,16.613509,-27.820290,-18.375944,48.150218,-24.088729,-15.192964,16.595957,-24.147554,-15.148158,16.647935,0.200000,
-24.155743,-15.173678,16.613509,-27.820289,-18.375945,48.150223,-24.316249,-15.127391,16.655458,-24.147571,-15.148209,16.647866,0.200000,
-24.155743,-15.173678,16.613509,-27.820289,-18.375946,48.150229,-24.088728,-15.192964,16.595957,-24.147588,-15.148259,16.647798,0.200000,
-24.155743,-15.173678,16.613509,-27.820288,-18.375947,48.150235,-24.316248,-15.127391,16.655458,-24.147605,-15.148310,16.647729,0.200000,
-24.155743,-15.173678,16.613509,-27.820287,-18.375949,48.150241,-24.088728,-15.192964,16.595957,-24.147622,-15.148360,16.647661,0.200000,
-24.155743,-15.173678,16.613509,-27.820286,-18.375950,48.150246,-24.316248,-15.127391,16.655458,-24.147639,-15.148411,16.647593,0.200000,
-24.155743,-15.173678,16.613509,-27.820286,-18.375951,48.150252,-24.088728,-15.192964,16.595957,-24.147655,-15.148461,16.647525,0.200000,
-24.155743,-15.173678,16.613509,-27.820285,-18.375952,48.150257,-24.316248,-15.127391,16.655458,-24.147672,-15.148511,16.647458,0.200000,
-24.155743,-15.173678,16.613509,-27.820284,-18.375954,48.150263,-24.088728,-15.192964,16.595957,-24.147689,-15.148561,16.647390,0.200000,
-24.155743,-15.173678,16.613509,-27.820283,-18.375955,48.150269,-24.316248,-15.127391,16.655457,-24.147705,-15.148611,16.647322,0.200000,
-24.155743,-15.173678,16.613509,-27.820283,-18.375956,48.150274,-24.088728,-15.192964,16.595957,-24.147722,-15.148661,16.647255,0.200000,
-24.155743,-15.173678,16.613509,-27.820282,-18.375957,48.150280,-24.316248,-15.127391,16.655457,-24.147738,-15.148711,16.647188,0.200000,
-24.155743,-15.173678,16.613509,-27.820281,-18.375958,48.150285,-24.088728,-15.192964,16.595957,-24.147755,-15.148761,16.647121,0.200000,
-24.155743,-15.173678,16.613509,-27.820281,-18.375960,48.150291,-24.316247,-15.127391,16.655457,-24.147771,-15.148810,16.647054,0.200000,
-24.155743,-15.173678,16.613509,-27.820280,-18.375961,48.150296,-24.088727,-15.192964,16.595957,-24.147788,-15.148860,16.646987,0.200000,
-24.155743,-15.173678,16.613509,-27.820279,-18.375962,48.150302,-24.316247,-15.127391,16.655457,-24.147804,-15.148909,16.646920,0.200000,
-24.155743,-15.173678,16.613509,-27.820278,-18.375963,48.150307,-24.088727,-15.192965,16.595957,-24.147820,-15.148958,16.646854,0.200000,
-24.155743,-15.173678,16.613509,-27.820278,-18.375964,48.150313,-24.316247,-15.127391,16.655457,-24.147837,-15.149008,16.646787,0.200000,
-24.155743,-15.173678,16.613509,-27.820277,-18.375965,48.150318,-24.088727,-15.192965,16.595956,-24.147853,-15.149057,16.646721,0.200000,
-24.155743,-15.173678,16.613509,-27.820276,-18.375967,48.150323,-24.316247,-15.127391,16.655457,-24.147869,-15.149106,16.646655,0.200000,
-24.155743,-15.173678,16.613509,-27.820276,-18.375968,48.150329,-24.088727,-15.192965,16.595956,-24.147886,-15.149155,16.646589,0.200000,
-24.155743,-15.173678,16.613509,-27.820275,-18.375969,48.150334,-24.316247,-15.127391,16.655457,-24.147902,-15.149203,16.646523,0.200000,
-24.155743,-15.173678,16.613509,-27.820274,-18.375970,48.150339,-24.088727,-15.192965,16.595956,-24.147918,-15.149252,16.646457,0.200000,
-24.155743,-15.173678,16.613509,-27.820273,-18.375971,48.150345,-24.316247,-15.127391,16.655457,-24.147934,-15.149301,16.646392,0.200000,
-24.155743,-15.173678,16.613509,-27.820273,-18.375972,48.150350,-24.088726,-15.192965,16.595956,-24.147950,-15.149349,16.646326,0.200000,
-24.155743,-15.173678,16.613509,-27.820272,-18.375973,48.150355,-24.316246,-15.127391,16.655457,-24.147966,-15.149398,16.646261,0.200000,
-24.155743,-15.173678,16.613509,-27.820271,-18.375975,48.150360,-24.088726,-15.192965,16.595956,-24.147982,-15.149446,16.646195,0.200000,
-24.155743,-15.173678,16.613509,-27.820271,-18.375976,48.150366,-24.316246,-15.127391,16.655457,-24.147998,-15.149494,16.646130,0.200000,
-24.155743,-15.173678,16.613509,-27.820270,-18.375977,48.150371,-24.088726,-15.192965,16.595956,-24.148014,-15.149542,16.646065,0.200000,
-24.155743,-15.173678,16.613509,-27.820269,-18.375978,48.150376,-24.316246,-15.127391,16.655457,-24.148030,-15.149590,16.646000,0.200000,
-24.155743,-15.173678,16.613509,-27.820269,-18.375979,48.150381,-24.088726,-15.192965,16.595956,-24.148046,-15.149638,16.645936,0.200000,
-24.155743,-15.173678,16.613509,-27.820268,-18.375980,48.150386,-24.316246,-15.127391,16.655457,-24.148062,-15.149686,16.645871,0.200000,
-24.155743,-15.173678,16.613509,-27.820267,-18.375981,48.150391,-24.088726,-15.192965,16.595956,-24.148078,-15.149734,16.645807,0.200000,
-24.155743,-15.173678,16.613509,-27.820267,-18.375982,48.150396,-24.316246,-15.127391,16.655457,-24.148093,-15.149781,16.645742,0.200000,
-24.155743,-15.173678,16.613509,-27.820266,-18.375983,48.150401,-24.088726,-15.192965,16.595956,-24.148109,-15.149829,16.645678,0.200000,
-24.155743,-15.173678,16.613509,-27.820265,-18.375985,48.150406,-24.316245,-15.127391,16.655457,-24.148125,-15.149876,16.645614,0.200000,
-24.155743,-15.173678,16.613509,-27.820265,-18.375986,48.150412,-24.088725,-15.192965,16.595956,-24.148141,-15.149924,16.645550,0.200000,
-24.155743,-15.173678,16.613509,-27.820264,-18.375987,48.150417,-24.316245,-15.127391,16.655457,-24.148156,-15.149971,16.645486,0.200000,
-24.155743,-15.173678,16.613509,-27.820263,-18.375988,48.150422,-24.088725,-15.192965,16.595956,-24.148172,-15.150018,16.645422,0.200000,
-24.155743,-15.173678,16.613509,-27.820263,-18.375989,48.150427,-24.316245,-15.127392,16.655457,-24.148187,-15.150065,16.645359,0.200000,
-24.155743,-15.173678,16.613509,-27.820262,-18.375990,48.150431,-24.088725,-15.192965,16.595956,-24.148203,-15.150112,16.645295,0.200000,
-24.155743,-15.173678,16.613509,-27.820261,-18.375991,48.150436,-24.316245,-15.127392,16.655457,-24.148218,-15.150159,16.645232,0.200000,
-24.155743,-15.173678,16.613509,-27.820261,-18.375992,48.150441,-24.088725,-15.192965,16.595956,-24.148234,-15.150206,16.645169,0.200000,
-24.155743,-15.173678,16.613509,-27.820260,-18.375993,48.150446,-24.316245,-15.127392,16.655457,-24.148249,-15.150253,16.645106,0.200000,
-24.155743,-15.173678,16.613509,-27.820260,-18.375994,48.150451,-24.088725,-15.192965,16.595956,-24.148265,-15.150299,16.645043,0.200000,
-24.155743,-15.173678,16.613509,-27.820259,-18.375995,48.150456,-24.316244,-15.127392,16.655457,-24.148280,-15.150346,16.644980,0.200000,
-24.155743,-15.173678,16.613509,-27.820258,-18.375996,48.150461,-24.088724,-15.192965,16.595956,-24.148296,-15.150392,16.644917,0.200000,
-24.155743,-15.173678,16.613509,-27.820258,-18.375997,48.150466,-24.316244,-15.127392,16.655457,-24.148311,-15.150439,16.644855,0.200000,
-24.155743,-15.173678,16.613509,-27.820257,-18.375998,48.150470,-24.088724,-15.192965,16.595956,-24.148326,-15.150485,16.644792,0.200000,
-24.155743,-15.173678,16.613509,-27.820256,-18.375999,48.150475,-24.316244,-15.127392,16.655456,-24.148341,-15.150531,16.644730,0.200000,
-24.155743,-15.173678,16.613509,-27.820256,-18.376000,48.150480,-24.088724,-15.192965,16.595956,-24.148357,-15.150577,16.644668,0.200000,
-24.155743,-15.173678,16.613509,-27.820255,-18.376001,48.150485,-24.316244,-15.127392,16.655456,-24.148372,-15.150623,16.644606,0.200000,
-24.155743,-15.173678,16.613509,-27.820255,-18.376003,48.150490,-24.088724,-15.192965,16.595956,-24.148387,-15.150669,16.644544,0.200000,
-24.155743,-15.173678,16.613509,-27.820254,-18.376004,48.150494,-24.316244,-15.127392,16.655456,-24.148402,-15.150715,16.644482,0.200000,
-24.155743,-15.173678,16.613509,-27.820253,-18.376005,48.150499,-24.088724,-15.192966,16.595956,-24.148417,-15.150761,16.644420,0.200000,
-24.155743,-15.173678,16.613509,-27.820253,-18.376006,48.150504,-24.316244,-15.127392,16.655456,-24.148432,-15.150806,16.644359,0.200000,
-24.155743,-15.173678,16.613509,-27.820252,-18.376007,48.150508,-24.088723,-15.192966,16.595956,-24.148447,-15.150852,16.644297,0.200000,
-24.155743,-15.173678,16.613509,-27.820251,-18.376008,48.150513,-24.316243,-15.127392,16.655456,-24.148462,-15.150897,16.644236,0.200000,
-24.155743,-15.173678,16.613509,-27.820251,-18.376009,48.150518,-24.088723,-15.192966,16.595956,-24.148477,-15.150943,16.644175,0.200000,
-24.155743,-15.173678,16.613509,-27.820250,-18.376010,48.150522,-24.316243,-15.127392,16.655456,-24.148492,-15.150988,16.644114,0.200000,
-24.155743,-15.173678,16.613509,-27.820250,-18.376011,48.150527,-24.088723,-15.192966,16.595955,-24.148507,-15.151033,16.644053,0.200000,
-24.155743,-15.173678,16.613509,-27.820249,-18.376012,48.150531,-24.316243,-15.127392,16.655456,-24.148522,-15.151078,16.643992,0.200000,
-24.155743,-15.173678,16.613509,-27.820248,-18.376013,48.150536,-24.088723,-15.192966,16.595955,-24.148537,-15.151123,16.643931,0.200000,
-24.155743,-15.173678,16.613509,-27.820248,-18.376014,48.150541,-24.316243,-15.127392,16.655456,-24.148552,-15.151168,16.643870,0.200000,
-24.155743,-15.173678,16.613509,-27.820247,-18.376015,48.150545,-24.088723,-15.192966,16.595955,-24.148566,-15.151213,16.643810,0.200000,
-24.155743,-15.173678,16.613509,-27.820247,-18.376015,48.150550,-24.316243,-15.127392,16.655456,-24.148581,-15.151257,16.643749,0.200000,
-24.155743,-15.173678,16.613509,-27.820246,-18.376016,48.150554,-24.088723,-15.192966,16.595955,-24.148596,-15.151302,16.643689,0.200000,
-24.155743,-15.173678,16.613509,-27.820246,-18.376017,48.150559,-24.316242,-15.127392,16.655456,-24.148611,-15.151347,16.643629,0.200000,
-24.155743,-15.173678,16.613509,-27.820245,-18.376018,48.150563,-24.088722,-15.192966,16.595955,-24.148625,-15.151391,16.643569,0.200000,
-24.155743,-15.173678,16.613509,-27.820244,-18.376019,48.150567,-24.316242,-15.127392,16.655456,-24.148640,-15.151435,16.643509,0.200000,
-24.155743,-15.173678,16.613509,-27.820244,-18.376020,48.150572,-24.088722,-15.192966,16.595955,-24.148655,-15.151480,16.643449,0.200000,
-24.155743,-15.173678,16.613509,-27.820243,-18.376021,48.150576,-24.316242,-15.127392,16.655456,-24.148669,-15.151524,16.643390,0.200000,
-24.155743,-15.173678,16.613509,-27.820243,-18.376022,48.150581,-24.088722,-15.192966,16.595955,-24.148684,-15.151568,16.643330,0.200000,
-24.155743,-15.173678,16.613509,-27.820242,-18.376023,48.150585,-24.316242,-15.127392,16.655456,-24.148698,-15.151612,16.643271,0.200000,
-24.155743,-15.173678,16.613509,-27.820241,-18.376024,48.150589,-24.088722,-15.192966,16.595955,-24.148713,-15.151656,16.643211,0.200000,
-24.155743,-15.173678,16.613509,-27.820241,-18.376025,48.150594,-24.316242,-15.127393,16.655456,-24.148727,-15.151700,16.643152,0.200000,
-24.155743,-15.173678,16.613509,-27.820240,-18.376026,48.150598,-24.088722,-15.192966,16.595955,-24.148741,-15.151743,16.643093,0.200000,
-24.155743,-15.173678,16.613509,-27.820240,-18.376027,48.150602,-24.316241,-15.127393,16.655456,-24.148756,-15.151787,16.643034,0.200000,
-24.155743,-15.173678,16.613509,-27.820239,-18.376028,48.150607,-24.088721,-15.192966,16.595955,-24.148770,-15.151831,16.642975,0.200000,
-24.155743,-15.173678,16.613509,-27.820239,-18.376029,48.150611,-24.316241,-15.127393,16.655456,-24.148784,-15.151874,16.642917,0.200000,
-24.155743,-15.173678,16.613509,-27.820238,-18.376030,48.150615,-24.088721,-15.192966,16.595955,-24.148799,-15.151918,16.642858,0.200000,
-24.155743,-15.173678,16.613509,-27.820238,-18.376031,48.150619,-24.316241,-15.127393,16.655456,-24.148813,-15.151961,16.642800,0.200000,
-24.155743,-15.173678,16.613509,-27.820237,-18.376032,48.150624,-24.088721,-15.192966,16.595955,-24.148827,-15.152004,16.642741,0.200000,
-24.155743,-15.173678,16.613509,-27.820236,-18.376032,48.150628,-24.316241,-15.127393,16.655456,-24.148841,-15.152047,16.642683,0.200000,
-24.155743,-15.173678,16.613509,-27.820236,-18.376033,48.150632,-24.088721,-15.192966,16.595955,-24.148856,-15.152090,16.642625,0.200000,
-24.155743,-15.173678,16.613509,-27.820235,-18.376034,48.150636,-24.316241,-15.127393,16.655456,-24.148870,-15.152133,16.642567,0.200000,
-24.155743,-15.173678,16.613509,-27.820235,-18.376035,48.150640,-24.088721,-15.192966,16.595955,-24.148884,-15.152176,16.642509,0.200000,
-24.155743,-15.173678,16.613509,-27.820234,-18.376036,48.150645,-24.316241,-15.127393,16.655456,-24.148898,-15.152219,16.642451,0.200000,
-24.155743,-15.173678,16.613509,-27.820234,-18.376037,48.150649,-24.088720,-15.192966,16.595955,-24.148912,-15.152262,16.642394,0.200000,
-24.155743,-15.173678,16.613509,-27.820233,-18.376038,48.150653,-24.316240,-15.127393,16.655456,-24.148926,-15.152304,16.642336,0.200000,
-24.155743,-15.173678,16.613509,-27.820233,-18.376039,48.150657,-24.088720,-15.192966,16.595955,-24.148940,-15.152347,16.642279,0.200000,
-24.155743,-15.173678,16.613509,-27.820232,-18.376040,48.150661,-24.316240,-15.127393,16.655455,-24.148954,-15.152389,16.642221,0.200000,
-24.155743,-15.173678,16.613509,-27.820232,-18.376040,48.150665,-24.088720,-15.192967,16.595955,-24.148968,-15.152432,16.642164,0.200000,
-24.155743,-15.173678,16.613509,-27.820231,-18.376041,48.150669,-24.316240,-15.127393,16.655455,-24.148982,-15.152474,16.642107,0.200000,
-24.155743,-15.173678,16.613509,-27.820231,-18.376042,48.150673,-24.088720,-15.192967,16.595955,-24.148996,-15.152516,16.642050,0.200000,
-24.155743,-15.173678,16.613509,-27.820230,-18.376043,48.150677,-24.316240,-15.127393,16.655455,-24.149010,-15.152558,16.641993,0.200000,
-24.155743,-15.173678,16.613509,-27.820229,-18.376044,48.150681,-24.088720,-15.192967,16.595955,-24.149023,-15.152600,16.641936,0.200000,
-24.155743,-15.173678,16.613509,-27.820229,-18.376045,48.150685,-24.316240,-15.127393,16.655455,-24.149037,-15.152642,16.641880,0.200000,
-24.155743,-15.173678,16.613509,-27.820228,-18.376046,48.150689,-24.088720,-15.192967,16.595955,-24.149051,-15.152684,16.641823,0.200000,
-24.155743,-15.173678,16.613509,-27.820228,-18.376047,48.150693,-24.316239,-15.127393,16.655455,-24.149065,-15.152726,16.641767,0.200000,
-24.155743,-15.173678,16.613509,-27.820227,-18.376047,48.150697,-24.088719,-15.192967,16.595954,-24.149078,-15.152768,16.641710,0.200000,
-24.155743,-15.173678,16.613509,-27.820227,-18.376048,48.150701,-24.316239,-15.127393,16.655455,-24.149092,-15.152809,16.641654,0.200000,
-24.155743,-15.173678,16.613509,-27.820226,-18.376049,48.150705,-24.088719,-15.192967,16.595954,-24.149106,-15.152851,16.641598,0.200000,
-24.155743,-15.173678,16.613509,-27.820226,-18.376050,48.150709,-24.316239,-15.127393,16.655455,-24.149119,-15.152892,16.641542,0.200000,
-24.155743,-15.173678,16.613509,-27.820225,-18.376051,48.150713,-24.088719,-15.192967,16.595954,-24.149133,-15.152934,16.641486,0.200000,
-24.155743,-15.173678,16.613509,-27.820225,-18.376052,48.150717,-24.316239,-15.127393,16.655455,-24.149146,-15.152975,16.641431,0.200000,
-24.155743,-15.173678,16.613509,-27.820224,-18.376052,48.150721,-24.088719,-15.192967,16.595954,-24.149160,-15.153016,16.641375,0.200000,
-24.155743,-15.173678,16.613509,-27.820224,-18.376053,48.150724,-24.316239,-15.127393,16.655455,-24.149173,-15.153058,16.641319,0.200000,
-24.155743,-15.173678,16.613509,-27.820223,-18.376054,48.150728,-24.088719,-15.192967,16.595954,-24.149187,-15.153099,16.641264,0.200000,
-24.155743,-15.173678,16.613509,-27.820223,-18.376055,48.150732,-24.316239,-15.127393,16.655455,-24.149200,-15.153140,16.641209,0.200000,
-24.155743,-15.173678,16.613509,-27.820222,-18.376056,48.150736,-24.088718,-15.192967,16.595954,-24.149214,-15.153180,16.641153,0.200000,
-24.155743,-15.173678,16.613509,-27.820222,-18.376057,48.150740,-24.316238,-15.127393,16.655455,-24.149227,-15.153221,16.641098,0.200000,
-24.155743,-15.173678,16.613509,-27.820221,-18.376057,48.150744,-24.088718,-15.192967,16.595954,-24.149241,-15.153262,16.641043,0.200000,
-24.155743,-15.173678,16.613509,-27.820221,-18.376058,48.150747,-24.316238,-15.127394,16.655455,-24.149254,-15.153303,16.640988,0.200000,
-24.155743,-15.173678,16.613509,-27.820220,-18.376059,48.150751,-24.088718,-15.192967,16.595954,-24.149267,-15.153343,16.640934,0.200000,
-24.155743,-15.173678,16.613509,-27.820220,-18.376060,48.150755,-24.316238,-15.127394,16.655455,-24.149280,-15.153384,16.640879,0.200000,
-24.155743,-15.173678,16.613509,-27.820219,-18.376061,48.150759,-24.088718,-15.192967,16.595954,-24.149294,-15.153424,16.640825,0.200000,
-24.155743,-15.173678,16.613509,-27.820219,-18.376061,48.150762,-24.316238,-15.127394,16.655455,-24.149307,-15.153464,16.640770,0.200000,
-24.155743,-15.173678,16.613509,-27.820218,-18.376062,48.150766,-24.088718,-15.192967,16.595954,-24.149320,-15.153505,16.640716,0.200000,
-24.155743,-15.173678,16.613509,-27.820218,-18.376063,48.150770,-24.316238,-15.127394,16.655455,-24.149333,-15.153545,16.640662,0.200000,
-24.155743,-15.173678,16.613509,-27.820217,-18.376064,48.150773,-24.088717,-15.192967,16.595954,-24.149346,-15.153585,16.640607,0.200000,
-24.155743,-15.173678,16.613509,-27.820217,-18.376065,48.150777,-24.316237,-15.127394,16.655455,-24.149359,-15.153625,16.640553,0.200000,
-24.155743,-15.173678,16.613509,-27.820217,-18.376065,48.150781,-24.088717,-15.192967,16.595954,-24.149373,-15.153665,16.640500,0.200000,
-24.155743,-15.173678,16.613509,-27.820216,-18.376066,48.150784,-24.316237,-15.127394,16.655455,-24.149386,-15.153705,16.640446,0.200000,
-24.155743,-15.173678,16.613509,-27.820216,-18.376067,48.150788,-24.088717,-15.192967,16.595954,-24.149399,-15.153744,16.640392,0.200000,
-24.155743,-15.173678,16.613509,-27.820215,-18.376068,48.150791,-24.316237,-15.127394,16.655455,-24.149412,-15.153784,16.640338,0.200000,
-24.155743,-15.173678,16.613509,-27.820215,-18.376069,48.150795,-24.088717,-15.192967,16.595954,-24.149425,-15.153824,16.640285,0.200000,
-24.155743,-15.173678,16.613509,-27.820214,-18.376069,48.150799,-24.316237,-15.127394,16.655455,-24.149438,-15.153863,16.640232,0.200000,
-24.155743,-15.173678,16.613509,-27.820214,-18.376070,48.150802,-24.088717,-15.192968,16.595954,-24.149450,-15.153903,16.640178,0.200000,
-24.155743,-15.173678,16.613509,-27.820213,-18.376071,48.150806,-24.316237,-15.127394,16.655455,-24.149463,-15.153942,16.640125,0.200000,
-24.155743,-15.173678,16.613509,-27.820213,-18.376072,48.150809,-24.088717,-15.192968,16.595954,-24.149476,-15.153981,16.640072,0.200000,
-24.155743,-15.173678,16.613509,-27.820212,-18.376072,48.150813,-24.316236,-15.127394,16.655454,-24.149489,-15.154021,16.640019,0.200000,
-24.155743,-15.173678,16.613509,-27.820212,-18.376073,48.150816,-24.088716,-15.192968,16.595954,-24.149502,-15.154060,16.639966,0.200000,
-24.155743,-15.173678,16.613509,-27.820211,-18.376074,48.150820,-24.316236,-15.127394,16.655454,-24.149515,-15.154099,16.639914,0.200000,
-24.155743,-15.173678,16.613509,-27.820211,-18.376075,48.150823,-24.088716,-15.192968,16.595954,-24.149527,-15.154138,16.639861,0.200000,
-24.155743,-15.173678,16.613509,-27.820210,-18.376075,48.150827,-24.316236,-15.127394,16.655454,-24.149540,-15.154177,16.639809,0.200000,
-24.155743,-15.173678,16.613509,-27.820210,-18.376076,48.150830,-24.088716,-15.192968,16.595954,-24.149553,-15.154216,16.639756,0.200000,
-24.155743,-15.173678,16.613509,-27.820210,-18.376077,48.150834,-24.316236,-15.127394,16.655454,-24.149566,-15.154254,16.639704,0.200000,
-24.155743,-15.173678,16.613509,-27.820209,-18.376078,48.150837,-24.088716,-15.192968,16.595954,-24.149578,-15.154293,16.639652,0.200000,
-24.155743,-15.173678,16.613509,-27.820209,-18.376078,48.150840,-24.316236,-15.127394,16.655454,-24.149591,-15.154332,16.639600,0.200000,
-24.155743,-15.173678,16.613509,-27.820208,-18.376079,48.150844,-24.088716,-15.192968,16.595953,-24.149603,-15.154370,16.639548,0.200000,
-24.155743,-15.173678,16.613509,-27.820208,-18.376080,48.150847,-24.316236,-15.127394,16.655454,-24.149616,-15.154409,16.639496,0.200000,
-24.155743,-15.173678,16.613509,-27.820207,-18.376081,48.150851,-24.088715,-15.192968,16.595953,-24.149629,-15.154447,16.639444,0.200000,
-24.155743,-15.173678,16.613509,-27.820207,-18.376081,48.150854,-24.316235,-15.127394,16.655454,-24.149641,-15.154485,16.639392,0.200000,
-24.155743,-15.173678,16.613509,-27.820206,-18.376082,48.150857,-24.088715,-15.192968,16.595953,-24.149654,-15.154523,16.639341,0.200000,
-24.155743,-15.173678,16.613509,-27.820206,-18.376083,48.150861,-24.316235,-15.127394,16.655454,-24.149666,-15.154562,16.639289,0.200000,
-24.155743,-15.173678,16.613509,-27.820206,-18.376083,48.150864,-24.088715,-15.192968,16.595953,-24.149678,-15.154600,16.639238,0.200000,
-24.155743,-15.173678,16.613509,-27.820205,-18.376084,48.150867,-24.316235,-15.127394,16.655454,-24.149691,-15.154638,16.639186,0.200000,
-24.155743,-15.173678,16.613509,-27.820205,-18.376085,48.150870,-24.088715,-15.192968,16.595953,-24.149703,-15.154676,16.639135,0.200000,
-24.155743,-15.173678,16.613509,-27.820204,-18.376086,48.150874,-24.316235,-15.127395,16.655454,-24.149716,-15.154713,16.639084,0.200000,
-24.155743,-15.173678,16.613509,-27.820204,-18.376086,48.150877,-24.088715,-15.192968,16.595953,-24.149728,-15.154751,16.639033,0.200000,
-24.155743,-15.173678,16.613509,-27.820203,-18.376087,48.150880,-24.316235,-15.127395,16.655454,-24.149740,-15.154789,16.638982,0.200000,
-24.155743,-15.173678,16.613509,-27.820203,-18.376088,48.150884,-24.088714,-15.192968,16.595953,-24.149753,-15.154826,16.638932,0.200000,
-24.155743,-15.173678,16.613509,-27.820203,-18.376088,48.150887,-24.316234,-15.127395,16.655454,-24.149765,-15.154864,16.638881,0.200000,
-24.155743,-15.173678,16.613509,-27.820202,-18.376089,48.150890,-24.088714,-15.192968,16.595953,-24.149777,-15.154901,16.638830,0.200000,
-24.155743,-15.173678,16.613509,-27.820202,-18.376090,48.150893,-24.316234,-15.127395,16.655454,-24.149789,-15.154939,16.638780,0.200000,
-24.155743,-15.173678,16.613509,-27.820201,-18.376090,48.150896,-24.088714,-15.192968,16.595953,-24.149801,-15.154976,16.638730,0.200000,
-24.155743,-15.173678,16.613509,-27.820201,-18.376091,48.150900,-24.316234,-15.127395,16.655454,-24.149814,-15.155013,16.638679,0.200000,
-24.155743,-15.173678,16.613509,-27.820201,-18.376092,48.150903,-24.088714,-15.192968,16.595953,-24.149826,-15.155051,16.638629,0.200000,
-24.155743,-15.173678,16.613509,-27.820200,-18.376093,48.150906,-24.316234,-15.127395,16.655454,-24.149838,-15.155088,16.638579,0.200000,
-24.155743,-15.173678,16.613509,-27.820200,-18.376093,48.150909,-24.088714,-15.192968,16.595953,-24.149850,-15.155125,16.638529,0.200000,
-24.155743,-15.173678,16.613509,-27.820199,-18.376094,48.150912,-24.316234,-15.127395,16.655454,-24.149862,-15.155162,16.638479,0.200000,
-24.155743,-15.173678,16.613509,-27.820199,-18.376095,48.150915,-24.088714,-15.192968,16.595953,-24.149874,-15.155199,16.638429,0.200000,
-24.155743,-15.173678,16.613509,-27.820198,-18.376095,48.150919,-24.316233,-15.127395,16.655454,-24.149886,-15.155235,16.638380,0.200000,
-24.155743,-15.173678,16.613509,-27.820198,-18.376096,48.150922,-24.088713,-15.192968,16.595953,-24.149898,-15.155272,16.638330,0.200000,
-24.155743,-15.173678,16.613509,-27.820198,-18.376097,48.150925,-24.316233,-15.127395,16.655454,-24.149910,-15.155309,16.638281,0.200000,
-24.155743,-15.173678,16.613509,-27.820197,-18.376097,48.150928,-24.088713,-15.192969,16.595953,-24.149922,-15.155345,16.638231,0.200000,
-24.155743,-15.173678,16.613509,-27.820197,-18.376098,48.150931,-24.316233,-15.127395,16.655454,-24.149934,-15.155382,16.638182,0.200000,
-24.155743,-15.173678,16.613509,-27.820196,-18.376099,48.150934,-24.088713,-15.192969,16.595953,-24.149946,-15.155418,16.638133,0.200000,
-24.155743,-15.173678,16.613509,-27.820196,-18.376099,48.150937,-24.316233,-15.127395,16.655454,-24.149957,-15.155455,16.638084,0.200000,
-24.155743,-15.173678,16.613509,-27.820196,-18.376100,48.150940,-24.088713,-15.192969,16.595953,-24.149969,-15.155491,16.638035,0.200000,
-24.155743,-15.173678,16.613509,-27.820195,-18.376101,48.150943,-24.316233,-15.127395,16.655454,-24.149981,-15.155527,16.637986,0.200000,
-24.155743,-15.173678,16.613509,-27.820195,-18.376101,48.150946,-24.088713,-15.192969,16.595953,-24.149993,-15.155563,16.637937,0.200000,
-24.155743,-15.173678,16.613509,-27.820194,-18.376102,48.150949,-24.316233,-15.127395,16.655453,-24.150005,-15.155599,16.637888,0.200000,
-24.155743,-15.173678,16.613509,-27.820194,-18.376102,48.150952,-24.088712,-15.192969,16.595953,-24.150016,-15.155635,16.637840,0.200000,
-24.155743,-15.173678,16.613509,-27.820194,-18.376103,48.150955,-24.316232,-15.127395,16.655453,-24.150028,-15.155671,16.637791,0.200000,
-24.155743,-15.173678,16.613509,-27.820193,-18.376104,48.150958,-24.088712,-15.192969,16.595953,-24.150040,-15.155707,16.637743,0.200000,
-24.155743,-15.173678,16.613509,-27.820193,-18.376104,48.150961,-24.316232,-15.127395,16.655453,-24.150051,-15.155743,16.637695,0.200000,
-24.155743,-15.173678,16.613509,-27.820193,-18.376105,48.150964,-24.088712,-15.192969,16.595953,-24.150063,-15.155779,16.637646,0.200000,
-24.155743,-15.173678,16.613509,-27.820192,-18.376106,48.150967,-24.316232,-15.127395,16.655453,-24.150075,-15.155814,16.637598,0.200000,
-24.155743,-15.173678,16.613509,-27.820192,-18.376106,48.150970,-24.088712,-15.192969,16.595953,-24.150086,-15.155850,16.637550,0.200000,
-24.155743,-15.173678,16.613509,-27.820191,-18.376107,48.150973,-24.316232,-15.127395,16.655453,-24.150098,-15.155885,16.637502,0.200000,
-24.155743,-15.173678,16.613509,-27.820191,-18.376108,48.150976,-24.088712,-15.192969,16.595952,-24.150109,-15.155921,16.637455,0.200000,
-24.155743,-15.173678,16.613509,-27.820191,-18.376108,48.150978,-24.316232,-15.127395,16.655453,-24.150121,-15.155956,16.637407,0.200000,
-24.155743,-15.173678,16.613509,-27.820190,-18.376109,48.150981,-24.088711,-15.192969,16.595952,-24.150132,-15.155992,16.637359,0.200000,
-24.155743,-15.173678,16.613509,-27.820190,-18.376109,48.150984,-24.316231,-15.127395,16.655453,-24.150144,-15.156027,16.637312,0.200000,
-24.155743,-15.173678,16.613509,-27.820190,-18.376110,48.150987,-24.088711,-15.192969,16.595952,-24.150155,-15.156062,16.637264,0.200000,
-24.155743,-15.173678,16.613509,-27.820189,-18.376111,48.150990,-24.316231,-15.127396,16.655453,-24.150167,-15.156097,16.637217,0.200000,
-24.155743,-15.173678,16.613509,-27.820189,-18.376111,48.150993,-24.088711,-15.192969,16.595952,-24.150178,-15.156132,16.637170,0.200000,
-24.155743,-15.173678,16.613509,-27.820188,-18.376112,48.150996,-24.316231,-15.127396,16.655453,-24.150189,-15.156167,16.637122,0.200000,
-24.155743,-15.173678,16.613509,-27.820188,-18.376112,48.150998,-24.088711,-15.192969,16.595952,-24.150201,-15.156202,16.637075,0.200000,
-24.155743,-15.173678,16.613509,-27.820188,-18.376113,48.151001,-24.316231,-15.127396,16.655453,-24.150212,-15.156237,16.637028,0.200000,
-24.155743,-15.173678,16.613509,-27.820187,-18.376114,48.151004,-24.088711,-15.192969,16.595952,-24.150223,-15.156271,16.636982,0.200000,
-24.155743,-15.173678,16.613509,-27.820187,-18.376114,48.151007,-24.316231,-15.127396,16.655453,-24.150235,-15.156306,16.636935,0.200000,
-24.155743,-15.173678,16.613509,-27.820187,-18.376115,48.151010,-24.088711,-15.192969,16.595952,-24.150246,-15.156341,16.636888,0.200000,
-24.155743,-15.173678,16.613509,-27.820186,-18.376115,48.151012,-24.316230,-15.127396,16.655453,-24.150257,-15.156375,16.636841,0.200000,
-24.155743,-15.173678,16.613509,-27.820186,-18.376116,48.151015,-24.088710,-15.192969,16.595952,-24.150268,-15.156410,16.636795,0.200000,
-24.155743,-15.173678,16.613509,-27.820186,-18.376117,48.151018,-24.316230,-15.127396,16.655453,-24.150279,-15.156444,16.636749,0.200000,
-24.155743,-15.173678,16.613509,-27.820185,-18.376117,48.151020,-24.088710,-15.192969,16.595952,-24.150291,-15.156478,16.636702,0.200000,
-24.155743,-15.173678,16.613509,-27.820185,-18.376118,48.151023,-24.316230,-15.127396,16.655453,-24.150302,-15.156513,16.636656,0.200000,
-24.155743,-15.173678,16.613509,-27.820184,-18.376118,48.151026,-24.088710,-15.192969,16.595952,-24.150313,-15.156547,16.636610,0.200000,
-24.155743,-15.173678,16.613509,-27.820184,-18.376119,48.151029,-24.316230,-15.127396,16.655453,-24.150324,-15.156581,16.636564,0.200000,
-24.155743,-15.173678,16.613509,-27.820184,-18.376120,48.151031,-24.088710,-15.192970,16.595952,-24.150335,-15.156615,16.636518,0.200000,
-24.155743,-15.173678,16.613509,-27.820183,-18.376120,48.151034,-24.316230,-15.127396,16.655453,-24.150346,-15.156649,16.636472,0.200000,
-24.155743,-15.173678,16.613509,-27.820183,-18.376121,48.151037,-24.088710,-15.192970,16.595952,-24.150357,-15.156683,16.636426,0.200000,
-24.155743,-15.173678,16.613509,-27.820183,-18.376121,48.151039,-24.316230,-15.127396,16.655453,-24.150368,-15.156717,16.636381,0.200000,
-24.155743,-15.173678,16.613509,-27.820182,-18.376122,48.151042,-24.088709,-15.192970,16.595952,-24.150379,-15.156751,16.636335,0.200000,
-24.155743,-15.173678,16.613509,-27.820182,-18.376122,48.151045,-24.316229,-15.127396,16.655453,-24.150390,-15.156784,16.636289,0.200000,
-24.155743,-15.173678,16.613509,-27.820182,-18.376123,48.151047,-24.088709,-15.192970,16.595952,-24.150401,-15.156818,16.636244,0.200000,
-24.155743,-15.173678,16.613509,-27.820181,-18.376124,48.151050,-24.316229,-15.127396,16.655453,-24.150412,-15.156851,16.636199,0.200000,
-24.155743,-15.173678,16.613509,-27.820181,-18.376124,48.151052,-24.088709,-15.192970,16.595952,-24.150423,-15.156885,16.636154,0.200000,
-24.155743,-15.173678,16.613509,-27.820181,-18.376125,48.151055,-24.316229,-15.127396,16.655453,-24.150434,-15.156918,16.636108,0.200000,
-24.155743,-15.173678,16.613509,-27.820180,-18.376125,48.151058,-24.088709,-15.192970,16.595952,-24.150444,-15.156952,16.636063,0.200000,
-24.155743,-15.173678,16.613509,-27.820180,-18.376126,48.151060,-24.316229,-15.127396,16.655452,-24.150455,-15.156985,16.636018,0.200000,
-24.155743,-15.173678,16.613509,-27.820180,-18.376126,48.151063,-24.088709,-15.192970,16.595952,-24.150466,-15.157018,16.635973,0.200000,
-24.155743,-15.173678,16.613509,-27.820179,-18.376127,48.151065,-24.316229,-15.127396,16.655452,-24.150477,-15.157052,16.635929,0.200000,
-24.155743,-15.173678,16.613509,-27.820179,-18.376128,48.151068,-24.088708,-15.192970,16.595952,-24.150487,-15.157085,16.635884,0.200000,
-24.155743,-15.173678,16.613509,-27.820179,-18.376128,48.151070,-24.316228,-15.127396,16.655452,-24.150498,-15.157118,16.635839,0.200000,
-24.155743,-15.173678,16.613509,-27.820178,-18.376129,48.151073,-24.088708,-15.192970,16.595952,-24.150509,-15.157151,16.635795,0.200000,
-24.155743,-15.173678,16.613509,-27.820178,-18.376129,48.151076,-24.316228,-15.127396,16.655452,-24.150520,-15.157184,16.635750,0.200000,
-24.155743,-15.173678,16.613509,-27.820178,-18.376130,48.151078,-24.088708,-15.192970,16.595952,-24.150530,-15.157217,16.635706,0.200000,
-24.155743,-15.173678,16.613509,-27.820177,-18.376130,48.151081,-24.316228,-15.127396,16.655452,-24.150541,-15.157249,16.635662,0.200000,
-24.155743,-15.173678,16.613509,-27.820177,-18.376131,48.151083,-24.088708,-15.192970,16.595951,-24.150551,-15.157282,16.635618,0.200000,
-24.155743,-15.173678,16.613509,-27.820177,-18.376131,48.151086,-24.316228,-15.127397,16.655452,-24.150562,-15.157315,16.635574,0.200000,
-24.155743,-15.173678,16.613509,-27.820176,-18.376132,48.151088,-24.088708,-15.192970,16.595951,-24.150573,-15.157347,16.635530,0.200000,
-24.155743,-15.173678,16.613509,-27.820176,-18.376132,48.151090,-24.316228,-15.127397,16.655452,-24.150583,-15.157380,16.635486,0.200000,
-24.155743,-15.173678,16.613509,-27.820176,-18.376133,48.151093,-24.088708,-15.192970,16.595951,-24.150594,-15.157412,16.635442,0.200000,
-24.155743,-15.173678,16.613509,-27.820175,-18.376133,48.151095,-24.316227,-15.127397,16.655452,-24.150604,-15.157445,16.635398,0.200000,
-24.155743,-15.173678,16.613509,-27.820175,-18.376134,48.151098,-24.088707,-15.192970,16.595951,-24.150615,-15.157477,16.635355,0.200000,
-24.155743,-15.173678,16.613509,-27.820175,-18.376134,48.151100,-24.316227,-15.127397,16.655452,-24.150625,-15.157509,16.635311,0.200000,
-24.155743,-15.173678,16.613509,-27.820174,-18.376135,48.151103,-24.088707,-15.192970,16.595951,-24.150636,-15.157541,16.635268,0.200000,
-24.155743,-15.173678,16.613509,-27.820174,-18.376136,48.151105,-24.316227,-15.127397,16.655452,-24.150646,-15.157574,16.635224,0.200000,
-24.155743,-15.173678,16.613509,-27.820174,-18.376136,48.151107,-24.088707,-15.192970,16.595951,-24.150656,-15.157606,16.635181,0.200000,
-24.155743,-15.173678,16.613509,-27.820173,-18.376137,48.151110,-24.316227,-15.127397,16.655452,-24.150667,-15.157638,16.635138,0.200000,
-24.155743,-15.173678,16.613509,-27.820173,-18.376137,48.151112,-24.088707,-15.192970,16.595951,-24.150677,-15.157670,16.635095,0.200000,
-24.155743,-15.173678,16.613509,-27.820173,-18.376138,48.151115,-24.316227,-15.127397,16.655452,-24.150687,-15.157702,16.635052,0.200000,
-24.155743,-15.173678,16.613509,-27.820173,-18.376138,48.151117,-24.088707,-15.192970,16.595951,-24.150698,-15.157733,16.635009,0.200000,
-24.155743,-15.173678,16.613509,-27.820172,-18.376139,48.151119,-24.316227,-15.127397,16.655452,-24.150708,-15.157765,16.634966,0.200000,
-24.155743,-15.173678,16.613509,-27.820172,-18.376139,48.151122,-24.088706,-15.192970,16.595951,-24.150718,-15.157797,16.634923,0.200000,
-24.155743,-15.173678,16.613509,-27.820172,-18.376140,48.151124,-24.316226,-15.127397,16.655452,-24.150729,-15.157829,16.634880,0.200000,
-24.155743,-15.173678,16.613509,-27.820171,-18.376140,48.151126,-24.088706,-15.192971,16.595951,-24.150739,-15.157860,16.634838,0.200000,
-24.155743,-15.173678,16.613509,-27.820171,-18.376141,48.151129,-24.316226,-15.127397,16.655452,-24.150749,-15.157892,16.634795,0.200000,
-24.155743,-15.173678,16.613509,-27.820171,-18.376141,48.151131,-24.088706,-15.192971,16.595951,-24.150759,-15.157923,16.634753,0.200000,
-24.155743,-15.173678,16.613509,-27.820170,-18.376142,48.151133,-24.316226,-15.127397,16.655452,-24.150769,-15.157954,16.634710,0.200000,
-24.155743,-15.173678,16.613509,-27.820170,-18.376142,48.151136,-24.088706,-15.192971,16.595951,-24.150779,-15.157986,16.634668,0.200000,
-24.155743,-15.173678,16.613509,-27.820170,-18.376143,48.151138,-24.316226,-15.127397,16.655452,-24.150790,-15.158017,16.634626,0.200000,
-24.155743,-15.173678,16.613509,-27.820170,-18.376143,48.151140,-24.088706,-15.192971,16.595951,-24.150800,-15.158048,16.634584,0.200000,
-24.155743,-15.173678,16.613509,-27.820169,-18.376144,48.151142,-24.316226,-15.127397,16.655452,-24.150810,-15.158079,16.634542,0.200000,
-24.155743,-15.173678,16.613509,-27.820169,-18.376144,48.151145,-24.088705,-15.192971,16.595951,-24.150820,-15.158110,16.634500,0.200000,
-24.155743,-15.173678,16.613509,-27.820169,-18.376145,48.151147,-24.316225,-15.127397,16.655452,-24.150830,-15.158141,16.634458,0.200000,
-24.155743,-15.173678,16.613509,-27.820168,-18.376145,48.151149,-24.088705,-15.192971,16.595951,-24.150840,-15.158172,16.634416,0.200000,
-24.155743,-15.173678,16.613509,-27.820168,-18.376146,48.151151,-24.316225,-15.127397,16.655452,-24.150850,-15.158203,16.634375,0.200000,
-24.155743,-15.173678,16.613509,-27.820168,-18.376146,48.151154,-24.088705,-15.192971,16.595951,-24.150860,-15.158234,16.634333,0.200000,
-24.155743,-15.173678,16.613509,-27.820167,-18.376147,48.151156,-24.316225,-15.127397,16.655452,-24.150870,-15.158265,16.634292,0.200000,
-24.155743,-15.173678,16.613509,-27.820167,-18.376147,48.151158,-24.088705,-15.192971,16.595951,-24.150880,-15.158296,16.634250,0.200000,
-24.155743,-15.173678,16.613509,-27.820167,-18.376147,48.151160,-24.316225,-15.127397,16.655451,-24.150890,-15.158326,16.634209,0.200000,
-24.155743,-15.173678,16.613509,-27.820167,-18.376148,48.151162,-24.088705,-15.192971,16.595951,-24.150899,-15.158357,16.634167,0.200000,
-24.155743,-15.173678,16.613509,-27.820166,-18.376148,48.151165,-24.316225,-15.127397,16.655451,-24.150909,-15.158387,16.634126,0.200000,
-24.155743,-15.173678,16.613509,-27.820166,-18.376149,48.151167,-24.088705,-15.192971,16.595951,-24.150919,-15.158418,16.634085,0.200000,
-24.155743,-15.173678,16.613509,-27.820166,-18.376149,48.151169,-24.316224,-15.127397,16.655451,-24.150929,-15.158448,16.634044,0.200000,
-24.155743,-15.173678,16.613509,-27.820165,-18.376150,48.151171,-24.088704,-15.192971,16.595951,-24.150939,-15.158479,16.634003,0.200000,
-24.155743,-15.173678,16.613509,-27.820165,-18.376150,48.151173,-24.316224,-15.127398,16.655451,-24.150949,-15.158509,16.633962,0.200000,
-24.155743,-15.173678,16.613509,-27.820165,-18.376151,48.151175,-24.088704,-15.192971,16.595951,-24.150958,-15.158539,16.633922,0.200000,
-24.155743,-15.173678,16.613509,-27.820165,-18.376151,48.151178,-24.316224,-15.127398,16.655451,-24.150968,-15.158569,16.633881,0.200000,
-24.155743,-15.173678,16.613509,-27.820164,-18.376152,48.151180,-24.088704,-15.192971,16.595950,-24.150978,-15.158599,16.633840,0.200000,
-24.155743,-15.173678,16.613509,-27.820164,-18.376152,48.151182,-24.316224,-15.127398,16.655451,-24.150987,-15.158629,16.633800,0.200000,
-24.155743,-15.173678,16.613509,-27.820164,-18.376153,48.151184,-24.088704,-15.192971,16.595950,-24.150997,-15.158659,16.633759,0.200000,
-24.155743,-15.173678,16.613509,-27.820164,-18.376153,48.151186,-24.316224,-15.127398,16.655451,-24.151007,-15.158689,16.633719,0.200000,
-24.155743,-15.173678,16.613509,-27.820163,-18.376154,48.151188,-24.088704,-15.192971,16.595950,-24.151016,-15.158719,16.633679,0.200000,
-24.155743,-15.173678,16.613509,-27.820163,-18.376154,48.151190,-24.316224,-15.127398,16.655451,-24.151026,-15.158749,16.633638,0.200000,
-24.155743,-15.173678,16.613509,-27.820163,-18.376154,48.151192,-24.088703,-15.192971,16.595950,-24.151036,-15.158779,16.633598,0.200000,
-24.155743,-15.173678,16.613509,-27.820162,-18.376155,48.151194,-24.316223,-15.127398,16.655451,-24.151045,-15.158808,16.633558,0.200000,
-24.155743,-15.173678,16.613509,-27.820162,-18.376155,48.151196,-24.088703,-15.192971,16.595950,-24.151055,-15.158838,16.633518,0.200000,
-24.155743,-15.173678,16.613509,-27.820162,-18.376156,48.151199,-24.316223,-15.127398,16.655451,-24.151064,-15.158868,16.633478,0.200000,
-24.155743,-15.173678,16.613509,-27.820162,-18.376156,48.151201,-24.088703,-15.192971,16.595950,-24.151074,-15.158897,16.633439,0.200000,
-24.155743,-15.173678,16.613509,-27.820161,-18.376157,48.151203,-24.316223,-15.127398,16.655451,-24.151083,-15.158926,16.633399,0.200000,
-24.155743,-15.173678,16.613509,-27.820161,-18.376157,48.151205,-24.088703,-15.192971,16.595950,-24.151093,-15.158956,16.633359,0.200000,
-24.155743,-15.173678,16.613509,-27.820161,-18.376158,48.151207,-24.316223,-15.127398,16.655451,-24.151102,-15.158985,16.633320,0.200000,
-24.155743,-15.173678,16.613509,-27.820161,-18.376158,48.151209,-24.088703,-15.192972,16.595950,-24.151112,-15.159014,16.633280,0.200000,
-24.155743,-15.173678,16.613509,-27.820160,-18.376158,48.151211,-24.316223,-15.127398,16.655451,-24.151121,-15.159044,16.633241,0.200000,
-24.155743,-15.173678,16.613509,-27.820160,-18.376159,48.151213,-24.088703,-15.192972,16.595950,-24.151131,-15.159073,16.633201,0.200000,
-24.155743,-15.173678,16.613509,-27.820160,-18.376159,48.151215,-24.316222,-15.127398,16.655451,-24.151140,-15.159102,16.633162,0.200000,
-24.155743,-15.173678,16.613509,-27.820160,-18.376160,48.151217,-24.088702,-15.192972,16.595950,-24.151149,-15.159131,16.633123,0.200000,
-24.155743,-15.173678,16.613509,-27.820159,-18.376160,48.151219,-24.316222,-15.127398,16.655451,-24.151159,-15.159160,16.633084,0.200000,
-24.155743,-15.173678,16.613509,-27.820159,-18.376161,48.151221,-24.088702,-15.192972,16.595950,-24.151168,-15.159189,16.633045,0.200000,
-24.155743,-15.173678,16.613509,-27.820159,-18.376161,48.151223,-24.316222,-15.127398,16.655451,-24.151177,-15.159218,16.633006,0.200000,
-24.155743,-15.173678,16.613509,-27.820158,-18.376161,48.151225,-24.088702,-15.192972,16.595950,-24.151187,-15.159247,16.632967,0.200000,
-24.155743,-15.173678,16.613509,-27.820158,-18.376162,48.151227,-24.316222,-15.127398,16.655451,-24.151196,-15.159275,16.632928,0.200000,
-24.155743,-15.173678,16.613509,-27.820158,-18.376162,48.151228,-24.088702,-15.192972,16.595950,-24.151205,-15.159304,16.632889,0.200000,
-24.155743,-15.173678,16.613509,-27.820158,-18.376163,48.151230,-24.316222,-15.127398,16.655451,-24.151214,-15.159333,16.632851,0.200000,
-24.155743,-15.173678,16.613509,-27.820157,-18.376163,48.151232,-24.088702,-15.192972,16.595950,-24.151224,-15.159361,16.632812,0.200000,
-24.155743,-15.173678,16.613509,-27.820157,-18.376163,48.151234,-24.316222,-15.127398,16.655451,-24.151233,-15.159390,16.632774,0.200000,
-24.155743,-15.173678,16.613509,-27.820157,-18.376164,48.151236,-24.088701,-15.192972,16.595950,-24.151242,-15.159418,16.632735,0.200000,
-24.155743,-15.173678,16.613509,-27.820157,-18.376164,48.151238,-24.316221,-15.127398,16.655451,-24.151251,-15.159447,16.632697,0.200000,
-24.155743,-15.173678,16.613509,-27.820156,-18.376165,48.151240,-24.088701,-15.192972,16.595950,-24.151260,-15.159475,16.632659,0.200000,
-24.155743,-15.173678,16.613509,-27.820156,-18.376165,48.151242,-24.316221,-15.127398,16.655450,-24.151269,-15.159503,16.632621,0.200000,
-24.155743,-15.173678,16.613509,-27.820156,-18.376166,48.151244,-24.088701,-15.192972,16.595950,-24.151279,-15.159532,16.632582,0.200000,
-24.155743,-15.173678,16.613509,-27.820156,-18.376166,48.151246,-24.316221,-15.127399,16.655450,-24.151288,-15.159560,16.632544,0.200000,
-24.155743,-15.173678,16.613509,-27.820155,-18.376166,48.151247,-24.088701,-15.192972,16.595950,-24.151297,-15.159588,16.632506,0.200000,
-24.155743,-15.173678,16.613509,-27.820155,-18.376167,48.151249,-24.316221,-15.127399,16.655450,-24.151306,-15.159616,16.632469,0.200000,
-24.155743,-15.173678,16.613509,-27.820155,-18.376167,48.151251,-24.088701,-15.192972,16.595950,-24.151315,-15.159644,16.632431,0.200000,
-24.155743,-15.173678,16.613509,-27.820155,-18.376168,48.151253,-24.316221,-15.127399,16.655450,-24.151324,-15.159672,16.632393,0.200000,
-24.155743,-15.173678,16.613509,-27.820155,-18.376168,48.151255,-24.088700,-15.192972,16.595950,-24.151333,-15.159700,16.632355,0.200000,
-24.155743,-15.173678,16.613509,-27.820154,-18.376168,48.151257,-24.316220,-15.127399,16.655450,-24.151342,-15.159728,16.632318,0.200000,
-24.155743,-15.173678,16.613509,-27.820154,-18.376169,48.151259,-24.088700,-15.192972,16.595949,-24.151351,-15.159756,16.632280,0.200000,
-24.155743,-15.173678,16.613509,-27.820154,-18.376169,48.151260,-24.316220,-15.127399,16.655450,-24.151360,-15.159783,16.632243,0.200000,
-24.155743,-15.173678,16.613509,-27.820154,-18.376170,48.151262,-24.088700,-15.192972,16.595949,-24.151368,-15.159811,16.632206,0.200000,
-24.155743,-15.173678,16.613509,-27.820153,-18.376170,48.151264,-24.316220,-15.127399,16.655450,-24.151377,-15.159839,16.632168,0.200000,
-24.155743,-15.173678,16.613509,-27.820153,-18.376170,48.151266,-24.088700,-15.192972,16.595949,-24.151386,-15.159866,16.632131,0.200000,
-24.155743,-15.173678,16.613509,-27.820153,-18.376171,48.151268,-24.316220,-15.127399,16.655450,-24.151395,-15.159894,16.632094,0.200000,
-24.155743,-15.173678,16.613509,-27.820153,-18.376171,48.151269,-24.088700,-15.192972,16.595949,-24.151404,-15.159921,16.632057,0.200000,
-24.155743,-15.173678,16.613509,-27.820152,-18.376171,48.151271,-24.316220,-15.127399,16.655450,-24.151413,-15.159949,16.632020,0.200000,
-24.155743,-15.173678,16.613509,-27.820152,-18.376172,48.151273,-24.088700,-15.192972,16.595949,-24.151422,-15.159976,16.631983,0.200000,
-24.155743,-15.173678,16.613509,-27.820152,-18.376172,48.151275,-24.316219,-15.127399,16.655450,-24.151430,-15.160003,16.631946,0.200000,
-24.155743,-15.173678,16.613509,-27.820152,-18.376173,48.151277,-24.088699,-15.192973,16.595949,-24.151439,-15.160030,16.631909,0.200000,
-24.155743,-15.173678,16.613509,-27.820151,-18.376173,48.151278,-24.316219,-15.127399,16.655450,-24.151448,-15.160058,16.631873,0.200000,
-24.155743,-15.173678,16.613509,-27.820151,-18.376173,48.151280,-24.088699,-15.192973,16.595949,-24.151457,-15.160085,16.631836,0.200000,
-24.155743,-15.173678,16.613509,-27.820151,-18.376174,48.151282,-24.316219,-15.127399,16.655450,-24.151465,-15.160112,16.631800,0.200000,
-24.155743,-15.173678,16.613509,-27.820151,-18.376174,48.151283,-24.088699,-15.192973,16.595949,-24.151474,-15.160139,16.631763,0.200000,
-24.155743,-15.173678,16.613509,-27.820151,-18.376174,48.151285,-24.316219,-15.127399,16.655450,-24.151483,-15.160166,16.631727,0.200000,
-24.155743,-15.173678,16.613509,-27.820150,-18.376175,48.151287,-24.088699,-15.192973,16.595949,-24.151491,-15.160193,16.631690,0.200000,
-24.155743,-15.173678,16.613509,-27.820150,-18.376175,48.151289,-24.316219,-15.127399,16.655450,-24.151500,-15.160220,16.631654,0.200000,
-24.155743,-15.173678,16.613509,-27.820150,-18.376176,48.151290,-24.088699,-15.192973,16.595949,-24.151509,-15.160247,16.631618,0.200000,
-24.155743,-15.173678,16.613509,-27.820150,-18.376176,48.151292,-24.316219,-15.127399,16.655450,-24.151517,-15.160273,16.631582,0.200000,
-24.155743,-15.173678,16.613509,-27.820149,-18.376176,48.151294,-24.088698,-15.192973,16.595949,-24.151526,-15.160300,16.631546,0.200000,
-24.155743,-15.173678,16.613509,-27.820149,-18.376177,48.151295,-24.316218,-15.127399,16.655450,-24.151534,-15.160327,16.631510,0.200000,
-24.155743,-15.173678,16.613509,-27.820149,-18.376177,48.151297,-24.088698,-15.192973,16.595949,-24.151543,-15.160353,16.631474,0.200000,
-24.155743,-15.173678,16.613509,-27.820149,-18.376177,48.151299,-24.316218,-15.127399,16.655450,-24.151551,-15.160380,16.631438,0.200000,
-24.155743,-15.173678,16.613509,-27.820149,-18.376178,48.151300,-24.088698,-15.192973,16.595949,-24.151560,-15.160406,16.631402,0.200000,
-24.155743,-15.173678,16.613509,-27.820148,-18.376178,48.151302,-24.316218,-15.127399,16.655450,-24.151568,-15.160433,16.631367,0.200000,
-24.155743,-15.173678,16.613509,-27.820148,-18.376178,48.151304,-24.088698,-15.192973,16.595949,-24.151577,-15.160459,16.631331,0.200000,
-24.155743,-15.173678,16.613509,-27.820148,-18.376179,48.151305,-24.316218,-15.127399,16.655450,-24.151585,-15.160485,16.631296,0.200000,
-24.155743,-15.173678,16.613509,-27.820148,-18.376179,48.151307,-24.088698,-15.192973,16.595949,-24.151594,-15.160512,16.631260,0.200000,
-24.155743,-15.173678,16.613509,-27.820147,-18.376180,48.151309,-24.316218,-15.127399,16.655450,-24.151602,-15.160538,16.631225,0.200000,
-24.155743,-15.173678,16.613509,-27.820147,-18.376180,48.151310,-24.088697,-15.192973,16.595949,-24.151611,-15.160564,16.631189,0.200000,
-24.155743,-15.173678,16.613509,-27.820147,-18.376180,48.151312,-24.316217,-15.127400,16.655450,-24.151619,-15.160590,16.631154,0.200000,
-24.155743,-15.173678,16.613509,-27.820147,-18.376181,48.151314,-24.088697,-15.192973,16.595949,-24.151627,-15.160616,16.631119,0.200000,
-24.155743,-15.173678,16.613509,-27.820147,-18.376181,48.151315,-24.316217,-15.127400,16.655449,-24.151636,-15.160642,16.631084,0.200000,
-24.155743,-15.173678,16.613509,-27.820146,-18.376181,48.151317,-24.088697,-15.192973,16.595949,-24.151644,-15.160668,16.631049,0.200000,
-24.155743,-15.173678,16.613509,-27.820146,-18.376182,48.151318,-24.316217,-15.127400,16.655449,-24.151652,-15.160694,16.631014,0.200000,
-24.155743,-15.173678,16.613509,-27.820146,-18.376182,48.151320,-24.088697,-15.192973,16.595949,-24.151661,-15.160720,16.630979,0.200000,
-24.155743,-15.173678,16.613509,-27.820146,-18.376182,48.151322,-24.316217,-15.127400,16.655449,-24.151669,-15.160746,16.630944,0.200000,
-24.155743,-15.173678,16.613509,-27.820146,-18.376183,48.151323,-24.088697,-15.192973,16.595949,-24.151677,-15.160772,16.630909,0.200000,
-24.155743,-15.173678,16.613509,-27.820145,-18.376183,48.151325,-24.316217,-15.127400,16.655449,-24.151686,-15.160798,16.630875,0.200000,
-24.155743,-15.173678,16.613509,-27.820145,-18.376183,48.151326,-24.088697,-15.192973,16.595948,-24.151694,-15.160823,16.630840,0.200000,
-24.155743,-15.173678,16.613509,-27.820145,-18.376184,48.151328,-24.316216,-15.127400,16.655449,-24.151702,-15.160849,16.630805,0.200000,
-24.155743,-15.173678,16.613509,-27.820145,-18.376184,48.151330,-24.088696,-15.192973,16.595948,-24.151710,-15.160874,16.630771,0.200000,
-24.155743,-15.173678,16.613509,-27.820145,-18.376184,48.151331,-24.316216,-15.127400,16.655449,-24.151718,-15.160900,16.630737,0.200000,
-24.155743,-15.173678,16.613509,-27.820144,-18.376185,48.151333,-24.088696,-15.192973,16.595948,-24.151727,-15.160925,16.630702,0.200000,
-24.155743,-15.173678,16.613509,-27.820144,-18.376185,48.151334,-24.316216,-15.127400,16.655449,-24.151735,-15.160951,16.630668,0.200000,
-24.155743,-15.173678,16.613509,-27.820144,-18.376185,48.151336,-24.088696,-15.192973,16.595948,-24.151743,-15.160976,16.630634,0.200000,
-24.155743,-15.173678,16.613509,-27.820144,-18.376186,48.151337,-24.316216,-15.127400,16.655449,-24.151751,-15.161001,16.630600,0.200000,
-24.155743,-15.173678,16.613509,-27.820144,-18.376186,48.151339,-24.088696,-15.192974,16.595948,-24.151759,-15.161027,16.630565,0.200000,
-24.155743,-15.173678,16.613509,-27.820143,-18.376186,48.151340,-24.316216,-15.127400,16.655449,-24.151767,-15.161052,16.630531,0.200000,
-24.155743,-15.173678,16.613509,-27.820143,-18.376187,48.151342,-24.088696,-15.192974,16.595948,-24.151775,-15.161077,16.630497,0.200000,
-24.155743,-15.173678,16.613509,-27.820143,-18.376187,48.151343,-24.316216,-15.127400,16.655449,-24.151783,-15.161102,16.630464,0.200000,
-24.155743,-15.173678,16.613509,-27.820143,-18.376187,48.151345,-24.088695,-15.192974,16.595948,-24.151791,-15.161127,16.630430,0.200000,
-24.155743,-15.173678,16.613509,-27.820143,-18.376188,48.151346,-24.316215,-15.127400,16.655449,-24.151799,-15.161152,16.630396,0.200000,
-24.155743,-15.173678,16.613509,-27.820142,-18.376188,48.151348,-24.088695,-15.192974,16.595948,-24.151807,-15.161177,16.630362,0.200000,
-24.155743,-15.173678,16.613509,-27.820142,-18.376188,48.151349,-24.316215,-15.127400,16.655449,-24.151815,-15.161202,16.630329,0.200000,
-24.155743,-15.173678,16.613509,-27.820142,-18.376189,48.151351,-24.088695,-15.192974,16.595948,-24.151823,-15.161227,16.630295,0.200000,
-24.155743,-15.173678,16.613509,-27.820142,-18.376189,48.151352,-24.316215,-15.127400,16.655449,-24.151831,-15.161252,16.630262,0.200000,
-24.155743,-15.173678,16.613509,-27.820142,-18.376189,48.151354,-24.088695,-15.192974,16.595948,-24.151839,-15.161277,16.630228,0.200000,
-24.155743,-15.173678,16.613509,-27.820141,-18.376190,48.151355,-24.316215,-15.127400,16.655449,-24.151847,-15.161301,16.630195,0.200000,
-24.155743,-15.173678,16.613509,-27.820141,-18.376190,48.151357,-24.088695,-15.192974,16.595948,-24.151855,-15.161326,16.630162,0.200000,
-24.155743,-15.173678,16.613509,-27.820141,-18.376190,48.151358,-24.316215,-15.127400,16.655449,-24.151863,-15.161351,16.630129,0.200000,
-24.155743,-15.173678,16.613509,-27.820141,-18.376191,48.151360,-24.088694,-15.192974,16.595948,-24.151871,-15.161375,16.630095,0.200000,
-24.155743,-15.173678,16.613509,-27.820141,-18.376191,48.151361,-24.316214,-15.127400,16.655449,-24.151879,-15.161400,16.630062,0.200000,
-24.155743,-15.173678,16.613509,-27.820140,-18.376191,48.151362,-24.088694,-15.192974,16.595948,-24.151887,-15.161424,16.630029,0.200000,
-24.155743,-15.173678,16.613509,-27.820140,-18.376191,48.151364,-24.316214,-15.127400,16.655449,-24.151894,-15.161449,16.629996,0.200000,
-24.155743,-15.173678,16.613509,-27.820140,-18.376192,48.151365,-24.088694,-15.192974,16.595948,-24.151902,-15.161473,16.629963,0.200000,
-24.155743,-15.173678,16.613509,-27.820140,-18.376192,48.151367,-24.316214,-15.127401,16.655449,-24.151910,-15.161497,16.629931,0.200000,
-24.155743,-15.173678,16.613509,-27.820140,-18.376192,48.151368,-24.088694,-15.192974,16.595948,-24.151918,-15.161522,16.629898,0.200000,
-24.155743,-15.173678,16.613509,-27.820140,-18.376193,48.151370,-24.316214,-15.127401,16.655449,-24.151926,-15.161546,16.629865,0.200000,
-24.155743,-15.173678,16.613509,-27.820139,-18.376193,48.151371,-24.088694,-15.192974,16.595948,-24.151933,-15.161570,16.629833,0.200000,
-24.155743,-15.173678,16.613509,-27.820139,-18.376193,48.151372,-24.316214,-15.127401,16.655449,-24.151941,-15.161594,16.629800,0.200000,
-24.155743,-15.173678,16.613509,-27.820139,-18.376194,48.151374,-24.088694,-15.192974,16.595948,-24.151949,-15.161618,16.629768,0.200000,
-24.155743,-15.173678,16.613509,-27.820139,-18.376194,48.151375,-24.316213,-15.127401,16.655448,-24.151956,-15.161642,16.629735,0.200000,
-24.155743,-15.173678,16.613509,-27.820139,-18.376194,48.151376,-24.088693,-15.192974,16.595948,-24.151964,-15.161666,16.629703,0.200000,
-24.155743,-15.173678,16.613509,-27.820138,-18.376195,48.151378,-24.316213,-15.127401,16.655448,-24.151972,-15.161690,16.629671,0.200000,
-24.155743,-15.173678,16.613509,-27.820138,-18.376195,48.151379,-24.088693,-15.192974,16.595948,-24.151979,-15.161714,16.629638,0.200000,
-24.155743,-15.173678,16.613509,-27.820138,-18.376195,48.151381,-24.316213,-15.127401,16.655448,-24.151987,-15.161738,16.629606,0.200000,
-24.155743,-15.173678,16.613509,-27.820138,-18.376195,48.151382,-24.088693,-15.192974,16.595948,-24.151995,-15.161762,16.629574,0.200000,
-24.155743,-15.173678,16.613509,-27.820138,-18.376196,48.151383,-24.316213,-15.127401,16.655448,-24.152002,-15.161785,16.629542,0.200000,
-24.155743,-15.173678,16.613509,-27.820138,-18.376196,48.151385,-24.088693,-15.192974,16.595948,-24.152010,-15.161809,16.629510,0.200000,
-24.155743,-15.173678,16.613509,-27.820137,-18.376196,48.151386,-24.316213,-15.127401,16.655448,-24.152017,-15.161833,16.629478,0.200000,
-24.155743,-15.173678,16.613509,-27.820137,-18.376197,48.151387,-24.088693,-15.192974,16.595947,-24.152025,-15.161856,16.629446,0.200000,
-24.155743,-15.173678,16.613509,-27.820137,-18.376197,48.151389,-24.316213,-15.127401,16.655448,-24.152032,-15.161880,16.629414,0.200000,
-24.155743,-15.173678,16.613509,-27.820137,-18.376197,48.151390,-24.088692,-15.192975,16.595947,-24.152040,-15.161903,16.629383,0.200000,
-24.155743,-15.173678,16.613509,-27.820137,-18.376197,48.151391,-24.316212,-15.127401,16.655448,-24.152048,-15.161927,16.629351,0.200000,
-24.155743,-15.173678,16.613509,-27.820137,-18.376198,48.151393,-24.088692,-15.192975,16.595947,-24.152055,-15.161950,16.629320,0.200000,
-24.155743,-15.173678,16.613509,-27.820136,-18.376198,48.151394,-24.316212,-15.127401,16.655448,-24.152062,-15.161974,16.629288,0.200000,
-24.155743,-15.173678,16.613509,-27.820136,-18.376198,48.151395,-24.088692,-15.192975,16.595947,-24.152070,-15.161997,16.629257,0.200000,
-24.155743,-15.173678,16.613509,-27.820136,-18.376199,48.151397,-24.316212,-15.127401,16.655448,-24.152077,-15.162020,16.629225,0.200000,
-24.155743,-15.173678,16.613509,-27.820136,-18.376199,48.151398,-24.088692,-15.192975,16.595947,-24.152085,-15.162044,16.629194,0.200000,
-24.155743,-15.173678,16.613509,-27.820136,-18.376199,48.151399,-24.316212,-15.127401,16.655448,-24.152092,-15.162067,16.629162,0.200000,
-24.155743,-15.173678,16.613509,-27.820135,-18.376199,48.151401,-24.088692,-15.192975,16.595947,-24.152100,-15.162090,16.629131,0.200000,
-24.155743,-15.173678,16.613509,-27.820135,-18.376200,48.151402,-24.316212,-15.127401,16.655448,-24.152107,-15.162113,16.629100,0.200000,
-24.155743,-15.173678,16.613509,-27.820135,-18.376200,48.151403,-24.088691,-15.192975,16.595947,-24.152114,-15.162136,16.629069,0.200000,
-24.155743,-15.173678,16.613509,-27.820135,-18.376200,48.151404,-24.316211,-15.127401,16.655448,-24.152122,-15.162159,16.629038,0.200000,
-24.155743,-15.173678,16.613509,-27.820135,-18.376201,48.151406,-24.088691,-15.192975,16.595947,-24.152129,-15.162182,16.629007,0.200000,
-24.155743,-15.173678,16.613509,-27.820135,-18.376201,48.151407,-24.316211,-15.127401,16.655448,-24.152136,-15.162205,16.628976,0.200000,
-24.155743,-15.173678,16.613509,-27.820134,-18.376201,48.151408,-24.088691,-15.192975,16.595947,-24.152144,-15.162228,16.628945,0.200000,
-24.155743,-15.173678,16.613509,-27.820134,-18.376201,48.151409,-24.316211,-15.127401,16.655448,-24.152151,-15.162251,16.628914,0.200000,
-24.155743,-15.173678,16.613509,-27.820134,-18.376202,48.151411,-24.088691,-15.192975,16.595947,-24.152158,-15.162273,16.628884,0.200000,
-24.155743,-15.173678,16.613509,-27.820134,-18.376202,48.151412,-24.316211,-15.127401,16.655448,-24.152166,-15.162296,16.628853,0.200000,
-24.155743,-15.173678,16.613509,-27.820134,-18.376202,48.151413,-24.088691,-15.192975,16.595947,-24.152173,-15.162319,16.628823,0.200000,
-24.155743,-15.173678,16.613509,-27.820134,-18.376202,48.151414,-24.316211,-15.127401,16.655448,-24.152180,-15.162341,16.628792,0.200000,
-24.155743,-15.173678,16.613509,-27.820134,-18.376203,48.151416,-24.088691,-15.192975,16.595947,-24.152187,-15.162364,16.628761,0.200000,
-24.155743,-15.173678,16.613509,-27.820133,-18.376203,48.151417,-24.316210,-15.127402,16.655448,-24.152194,-15.162387,16.628731,0.200000,
-24.155743,-15.173678,16.613509,-27.820133,-18.376203,48.151418,-24.088690,-15.192975,16.595947,-24.152202,-15.162409,16.628701,0.200000,
-24.155743,-15.173678,16.613509,-27.820133,-18.376203,48.151419,-24.316210,-15.127402,16.655448,-24.152209,-15.162432,16.628670,0.200000,
-24.155743,-15.173678,16.613509,-27.820133,-18.376204,48.151421,-24.088690,-15.192975,16.595947,-24.152216,-15.162454,16.628640,0.200000,
-24.155743,-15.173678,16.613509,-27.820133,-18.376204,48.151422,-24.316210,-15.127402,16.655448,-24.152223,-15.162476,16.628610,0.200000,
-24.155743,-15.173678,16.613509,-27.820133,-18.376204,48.151423,-24.088690,-15.192975,16.595947,-24.152230,-15.162499,16.628580,0.200000,
-24.155743,-15.173678,16.613509,-27.820132,-18.376205,48.151424,-24.316210,-15.127402,16.655448,-24.152237,-15.162521,16.628550,0.200000,
-24.155743,-15.173678,16.613509,-27.820132,-18.376205,48.151425,-24.088690,-15.192975,16.595947,-24.152245,-15.162543,16.628520,0.200000,
-24.155743,-15.173678,16.613509,-27.820132,-18.376205,48.151427,-24.316210,-15.127402,16.655448,-24.152252,-15.162565,16.628490,0.200000,
-24.155743,-15.173678,16.613509,-27.820132,-18.376205,48.151428,-24.088690,-15.192975,16.595947,-24.152259,-15.162588,16.628460,0.200000,
-24.155743,-15.173678,16.613509,-27.820132,-18.376206,48.151429,-24.316210,-15.127402,16.655447,-24.152266,-15.162610,16.628430,0.200000,
-24.155743,-15.173678,16.613509,-27.820132,-18.376206,48.151430,-24.088689,-15.192975,16.595947,-24.152273,-15.162632,16.628400,0.200000,
-24.155743,-15.173678,16.613509,-27.820131,-18.376206,48.151431,-24.316209,-15.127402,16.655447,-24.152280,-15.162654,16.628371,0.200000,
-24.155743,-15.173678,16.613509,-27.820131,-18.376206,48.151432,-24.088689,-15.192975,16.595947,-24.152287,-15.162676,16.628341,0.200000,
-24.155743,-15.173678,16.613509,-27.820131,-18.376207,48.151434,-24.316209,-15.127402,16.655447,-24.152294,-15.162698,16.628312,0.200000,
-24.155743,-15.173678,16.613509,-27.820131,-18.376207,48.151435,-24.088689,-15.192975,16.595947,-24.152301,-15.162720,16.628282,0.200000,
-24.155743,-15.173678,16.613509,-27.820131,-18.376207,48.151436,-24.316209,-15.127402,16.655447,-24.152308,-15.162741,16.628253,0.200000,
-24.155743,-15.173678,16.613509,-27.820131,-18.376207,48.151437,-24.088689,-15.192976,16.595946,-24.152315,-15.162763,16.628223,0.200000,
-24.155743,-15.173678,16.613509,-27.820131,-18.376208,48.151438,-24.316209,-15.127402,16.655447,-24.152322,-15.162785,16.628194,0.200000,
-24.155743,-15.173678,16.613509,-27.820130,-18.376208,48.151439,-24.088689,-15.192976,16.595946,-24.152329,-15.162807,16.628165,0.200000,
-24.155743,-15.173678,16.613509,-27.820130,-18.376208,48.151441,-24.316209,-15.127402,16.655447,-24.152336,-15.162828,16.628135,0.200000,
-24.155743,-15.173678,16.613509,-27.820130,-18.376208,48.151442,-24.088688,-15.192976,16.595946,-24.152342,-15.162850,16.628106,0.200000,
-24.155743,-15.173678,16.613509,-27.820130,-18.376209,48.151443,-24.316208,-15.127402,16.655447,-24.152349,-15.162872,16.628077,0.200000,
-24.155743,-15.173678,16.613509,-27.820130,-18.376209,48.151444,-24.088688,-15.192976,16.595946,-24.152356,-15.162893,16.628048,0.200000,
-24.155743,-15.173678,16.613509,-27.820130,-18.376209,48.151445,-24.316208,-15.127402,16.655447,-24.152363,-15.162915,16.628019,0.200000,
-24.155743,-15.173678,16.613509,-27.820130,-18.376209,48.151446,-24.088688,-15.192976,16.595946,-24.152370,-15.162936,16.627990,0.200000,
-24.155743,-15.173678,16.613509,-27.820129,-18.376210,48.151447,-24.316208,-15.127402,16.655447,-24.152377,-15.162957,16.627961,0.200000,
-24.155743,-15.173678,16.613509,-27.820129,-18.376210,48.151448,-24.088688,-15.192976,16.595946,-24.152384,-15.162979,16.627932,0.200000,
-24.155743,-15.173678,16.613509,-27.820129,-18.376210,48.151450,-24.316208,-15.127402,16.655447,-24.152390,-15.163000,16.627904,0.200000,
-24.155743,-15.173678,16.613509,-27.820129,-18.376210,48.151451,-24.088688,-15.192976,16.595946,-24.152397,-15.163021,16.627875,0.200000,
-24.155743,-15.173678,16.613509,-27.820129,-18.376210,48.151452,-24.316208,-15.127402,16.655447,-24.152404,-15.163043,16.627846,0.200000,
-24.155743,-15.173678,16.613509,-27.820129,-18.376211,48.151453,-24.088688,-15.192976,16.595946,-24.152411,-15.163064,16.627818,0.200000,
-24.155743,-15.173678,16.613509,-27.820129,-18.376211,48.151454,-24.316207,-15.127402,16.655447,-24.152417,-15.163085,16.627789,0.200000,
-24.155743,-15.173678,16.613509,-27.820128,-18.376211,48.151455,-24.088687,-15.192976,16.595946,-24.152424,-15.163106,16.627761,0.200000,
-24.155743,-15.173678,16.613509,-27.820128,-18.376211,48.151456,-24.316207,-15.127402,16.655447,-24.152431,-15.163127,16.627732,0.200000,
-24.155743,-15.173678,16.613509,-27.820128,-18.376212,48.151457,-24.088687,-15.192976,16.595946,-24.152438,-15.163148,16.627704,0.200000,
-24.155743,-15.173678,16.613509,-27.820128,-18.376212,48.151458,-24.316207,-15.127402,16.655447,-24.152444,-15.163169,16.627675,0.200000,
-24.155743,-15.173678,16.613509,-27.820128,-18.376212,48.151459,-24.088687,-15.192976,16.595946,-24.152451,-15.163190,16.627647,0.200000,
-24.155743,-15.173678,16.613509,-27.820128,-18.376212,48.151460,-24.316207,-15.127403,16.655447,-24.152458,-15.163211,16.627619,0.200000,
-24.155743,-15.173678,16.613509,-27.820128,-18.376213,48.151461,-24.088687,-15.192976,16.595946,-24.152464,-15.163232,16.627591,0.200000,
-24.155743,-15.173678,16.613509,-27.820127,-18.376213,48.151463,-24.316207,-15.127403,16.655447,-24.152471,-15.163253,16.627563,0.200000,
-24.155743,-15.173678,16.613509,-27.820127,-18.376213,48.151464,-24.088687,-15.192976,16.595946,-24.152478,-15.163274,16.627535,0.200000,
-24.155743,-15.173678,16.613509,-27.820127,-18.376213,48.151465,-24.316207,-15.127403,16.655447,-24.152484,-15.163294,16.627507,0.200000,
-24.155743,-15.173678,16.613509,-27.820127,-18.376213,48.151466,-24.088686,-15.192976,16.595946,-24.152491,-15.163315,16.627479,0.200000,
-24.155743,-15.173678,16.613509,-27.820127,-18.376214,48.151467,-24.316206,-15.127403,16.655447,-24.152497,-15.163336,16.627451,0.200000,
-24.155743,-15.173678,16.613509,-27.820127,-18.376214,48.151468,-24.088686,-15.192976,16.595946,-24.152504,-15.163356,16.627423,0.200000,
-24.155743,-15.173678,16.613509,-27.820127,-18.376214,48.151469,-24.316206,-15.127403,16.655447,-24.152510,-15.163377,16.627395,0.200000,
-24.155743,-15.173678,16.613509,-27.820126,-18.376214,48.151470,-24.088686,-15.192976,16.595946,-24.152517,-15.163397,16.627368,0.200000,
-24.155743,-15.173678,16.613509,-27.820126,-18.376215,48.151471,-24.316206,-15.127403,16.655447,-24.152523,-15.163418,16.627340,0.200000,
-24.155743,-15.173678,16.613509,-27.820126,-18.376215,48.151472,-24.088686,-15.192976,16.595946,-24.152530,-15.163438,16.627313,0.200000,
-24.155743,-15.173678,16.613509,-27.820126,-18.376215,48.151473,-24.316206,-15.127403,16.655446,-24.152537,-15.163459,16.627285,0.200000,
-24.155743,-15.173678,16.613509,-27.820126,-18.376215,48.151474,-24.088686,-15.192976,16.595946,-24.152543,-15.163479,16.627258,0.200000,
-24.155743,-15.173678,16.613509,-27.820126,-18.376215,48.151475,-24.316206,-15.127403,16.655446,-24.152549,-15.163499,16.627230,0.200000,
-24.155743,-15.173678,16.613509,-27.820126,-18.376216,48.151476,-24.088685,-15.192976,16.595946,-24.152556,-15.163520,16.627203,0.200000,
-24.155743,-15.173678,16.613509,-27.820126,-18.376216,48.151477,-24.316205,-15.127403,16.655446,-24.152562,-15.163540,16.627175,0.200000,
-24.155743,-15.173678,16.613509,-27.820125,-18.376216,48.151478,-24.088685,-15.192977,16.595946,-24.152569,-15.163560,16.627148,0.200000,
-24.155743,-15.173678,16.613509,-27.820125,-18.376216,48.151479,-24.316205,-15.127403,16.655446,-24.152575,-15.163580,16.627121,0.200000,
-24.155743,-15.173678,16.613509,-27.820125,-18.376217,48.151480,-24.088685,-15.192977,16.595946,-24.152582,-15.163600,16.627094,0.200000,
-24.155743,-15.173678,16.613509,-27.820125,-18.376217,48.151481,-24.316205,-15.127403,16.655446,-24.152588,-15.163621,16.627067,0.200000,
-24.155743,-15.173678,16.613509,-27.820125,-18.376217,48.151482,-24.088685,-15.192977,16.595945,-24.152594,-15.163641,16.627040,0.200000,
-24.155743,-15.173678,16.613509,-27.820125,-18.376217,48.151483,-24.316205,-15.127403,16.655446,-24.152601,-15.163661,16.627013,0.200000,
-24.155743,-15.173678,16.613509,-27.820125,-18.376217,48.151484,-24.088685,-15.192977,16.595945,-24.152607,-15.163681,16.626986,0.200000,
-24.155743,-15.173678,16.613509,-27.820124,-18.376218,48.151485,-24.316205,-15.127403,16.655446,-24.152613,-15.163701,16.626959,0.200000,
-24.155743,-15.173678,16.613509,-27.820124,-18.376218,48.151486,-24.088685,-15.192977,16.595945,-24.152620,-15.163720,16.626932,0.200000,
-24.155743,-15.173678,16.613509,-27.820124,-18.376218,48.151487,-24.316204,-15.127403,16.655446,-24.152626,-15.163740,16.626905,0.200000,
-24.155743,-15.173678,16.613509,-27.820124,-18.376218,48.151488,-24.088684,-15.192977,16.595945,-24.152632,-15.163760,16.626879,0.200000,
-24.155743,-15.173678,16.613509,-27.820124,-18.376218,48.151489,-24.316204,-15.127403,16.655446,-24.152639,-15.163780,16.626852,0.200000,
-24.155743,-15.173678,16.613509,-27.820124,-18.376219,48.151490,-24.088684,-15.192977,16.595945,-24.152645,-15.163800,16.626825,0.200000,
-24.155743,-15.173678,16.613509,-27.820124,-18.376219,48.151491,-24.316204,-15.127403,16.655446,-24.152651,-15.163819,16.626799,0.200000,
-24.155743,-15.173678,16.613509,-27.820124,-18.376219,48.151492,-24.088684,-15.192977,16.595945,-24.152658,-15.163839,16.626772,0.200000,
-24.155743,-15.173678,16.613509,-27.820123,-18.376219,48.151492,-24.316204,-15.127403,16.655446,-24.152664,-15.163859,16.626746,0.200000,
-24.155743,-15.173678,16.613509,-27.820123,-18.376219,48.151493,-24.088684,-15.192977,16.595945,-24.152670,-15.163878,16.626719,0.200000,
-24.155743,-15.173678,16.613509,-27.820123,-18.376220,48.151494,-24.316204,-15.127403,16.655446,-24.152676,-15.163898,16.626693,0.200000,
-24.155743,-15.173678,16.613509,-27.820123,-18.376220,48.151495,-24.088684,-15.192977,16.595945,-24.152682,-15.163917,16.626667,0.200000,
-24.155743,-15.173678,16.613509,-27.820123,-18.376220,48.151496,-24.316204,-15.127404,16.655446,-24.152689,-15.163937,16.626641,0.200000,
-24.155743,-15.173678,16.613509,-27.820123,-18.376220,48.151497,-24.088683,-15.192977,16.595945,-24.152695,-15.163956,16.626614,0.200000,
-24.155743,-15.173678,16.613509,-27.820123,-18.376220,48.151498,-24.316203,-15.127404,16.655446,-24.152701,-15.163975,16.626588,0.200000,
-24.155743,-15.173678,16.613509,-27.820123,-18.376221,48.151499,-24.088683,-15.192977,16.595945,-24.152707,-15.163995,16.626562,0.200000,
-24.155743,-15.173678,16.613509,-27.820123,-18.376221,48.151500,-24.316203,-15.127404,16.655446,-24.152713,-15.164014,16.626536,0.200000,
-24.155743,-15.173678,16.613509,-27.820122,-18.376221,48.151501,-24.088683,-15.192977,16.595945,-24.152719,-15.164033,16.626510,0.200000,
-24.155743,-15.173678,16.613509,-27.820122,-18.376221,48.151502,-24.316203,-15.127404,16.655446,-24.152725,-15.164053,16.626484,0.200000,
-24.155743,-15.173678,16.613509,-27.820122,-18.376221,48.151503,-24.088683,-15.192977,16.595945,-24.152732,-15.164072,16.626458,0.200000,
-24.155743,-15.173678,16.613509,-27.820122,-18.376222,48.151504,-24.316203,-15.127404,16.655446,-24.152738,-15.164091,16.626432,0.200000,
-24.155743,-15.173678,16.613509,-27.820122,-18.376222,48.151504,-24.088683,-15.192977,16.595945,-24.152744,-15.164110,16.626407,0.200000,
-24.155743,-15.173678,16.613509,-27.820122,-18.376222,48.151505,-24.316203,-15.127404,16.655446,-24.152750,-15.164129,16.626381,0.200000,
-24.155743,-15.173678,16.613509,-27.820122,-18.376222,48.151506,-24.088682,-15.192977,16.595945,-24.152756,-15.164148,16.626355,0.200000,
-24.155743,-15.173678,16.613509,-27.820122,-18.376222,48.151507,-24.316202,-15.127404,16.655446,-24.152762,-15.164167,16.626330,0.200000,
-24.155743,-15.173678,16.613509,-27.820121,-18.376223,48.151508,-24.088682,-15.192977,16.595945,-24.152768,-15.164186,16.626304,0.200000,
-24.155743,-15.173678,16.613509,-27.820121,-18.376223,48.151509,-24.316202,-15.127404,16.655446,-24.152774,-15.164205,16.626279,0.200000,
-24.155743,-15.173678,16.613509,-27.820121,-18.376223,48.151510,-24.088682,-15.192977,16.595945,-24.152780,-15.164224,16.626253,0.200000,
-24.155743,-15.173678,16.613509,-27.820121,-18.376223,48.151511,-24.316202,-15.127404,16.655446,-24.152786,-15.164243,16.626228,0.200000,
-24.155743,-15.173678,16.613509,-27.820121,-18.376223,48.151512,-24.088682,-15.192978,16.595945,-24.152792,-15.164262,16.626202,0.200000,
-24.155743,-15.173678,16.613509,-27.820121,-18.376224,48.151512,-24.316202,-15.127404,16.655445,-24.152798,-15.164280,16.626177,0.200000,
-24.155743,-15.173678,16.613509,-27.820121,-18.376224,48.151513,-24.088682,-15.192978,16.595945,-24.152804,-15.164299,16.626152,0.200000,
-24.155743,-15.173678,16.613509,-27.820121,-18.376224,48.151514,-24.316202,-15.127404,16.655445,-24.152810,-15.164318,16.626126,0.200000,
-24.155743,-15.173678,16.613509,-27.820121,-18.376224,48.151515,-24.088682,-15.192978,16.595945,-24.152816,-15.164336,16.626101,0.200000,
-24.155743,-15.173678,16.613509,-27.820120,-18.376224,48.151516,-24.316202,-15.127404,16.655445,-24.152822,-15.164355,16.626076,0.200000,
-24.155743,-15.173678,16.613509,-27.820120,-18.376225,48.151517,-24.088681,-15.192978,16.595945,-24.152828,-15.164374,16.626051,0.200000,
-24.155743,-15.173678,16.613509,-27.820120,-18.376225,48.151518,-24.316201,-15.127404,16.655445,-24.152833,-15.164392,16.626026,0.200000,
-24.155743,-15.173678,16.613509,-27.820120,-18.376225,48.151518,-24.088681,-15.192978,16.595944,-24.152839,-15.164411,16.626001,0.200000,
-24.155743,-15.173678,16.613509,-27.820120,-18.376225,48.151519,-24.316201,-15.127404,16.655445,-24.152845,-15.164429,16.625976,0.200000,
-24.155743,-15.173678,16.613509,-27.820120,-18.376225,48.151520,-24.088681,-15.192978,16.595944,-24.152851,-15.164448,16.625951,0.200000,
-24.155743,-15.173678,16.613509,-27.820120,-18.376225,48.151521,-24.316201,-15.127404,16.655445,-24.152857,-15.164466,16.625927,0.200000,
-24.155743,-15.173678,16.613509,-27.820120,-18.376226,48.151522,-24.088681,-15.192978,16.595944,-24.152863,-15.164484,16.625902,0.200000,
-24.155743,-15.173678,16.613509,-27.820120,-18.376226,48.151523,-24.316201,-15.127404,16.655445,-24.152869,-15.164503,16.625877,0.200000,
-24.155743,-15.173678,16.613509,-27.820119,-18.376226,48.151523,-24.088681,-15.192978,16.595944,-24.152874,-15.164521,16.625852,0.200000,
-24.155743,-15.173678,16.613509,-27.820119,-18.376226,48.151524,-24.316201,-15.127404,16.655445,-24.152880,-15.164539,16.625828,0.200000,
-24.155743,-15.173678,16.613509,-27.820119,-18.376226,48.151525,-24.088680,-15.192978,16.595944,-24.152886,-15.164557,16.625803,0.200000,
-24.155743,-15.173678,16.613509,-27.820119,-18.376226,48.151526,-24.316200,-15.127404,16.655445,-24.152892,-15.164576,16.625779,0.200000,
-24.155743,-15.173678,16.613509,-27.820119,-18.376227,48.151527,-24.088680,-15.192978,16.595944,-24.152897,-15.164594,16.625754,0.200000,
-24.155743,-15.173678,16.613509,-27.820119,-18.376227,48.151527,-24.316200,-15.127404,16.655445,-24.152903,-15.164612,16.625730,0.200000,
-24.155743,-15.173678,16.613509,-27.820119,-18.376227,48.151528,-24.088680,-15.192978,16.595944,-24.152909,-15.164630,16.625705,0.200000,
-24.155743,-15.173678,16.613509,-27.820119,-18.376227,48.151529,-24.316200,-15.127405,16.655445,-24.152915,-15.164648,16.625681,0.200000,
-24.155743,-15.173678,16.613509,-27.820119,-18.376227,48.151530,-24.088680,-15.192978,16.595944,-24.152920,-15.164666,16.625657,0.200000,
-24.155743,-15.173678,16.613509,-27.820118,-18.376228,48.151531,-24.316200,-15.127405,16.655445,-24.152926,-15.164684,16.625633,0.200000,
-24.155743,-15.173678,16.613509,-27.820118,-18.376228,48.151532,-24.088680,-15.192978,16.595944,-24.152932,-15.164702,16.625608,0.200000,
-24.155743,-15.173678,16.613509,-27.820118,-18.376228,48.151532,-24.316200,-15.127405,16.655445,-24.152937,-15.164720,16.625584,0.200000,
-24.155743,-15.173678,16.613509,-27.820118,-18.376228,48.151533,-24.088680,-15.192978,16.595944,-24.152943,-15.164738,16.625560,0.200000,
-24.155743,-15.173678,16.613509,-27.820118,-18.376228,48.151534,-24.316199,-15.127405,16.655445,-24.152949,-15.164756,16.625536,0.200000,
-24.155743,-15.173678,16.613509,-27.820118,-18.376228,48.151535,-24.088679,-15.192978,16.595944,-24.152954,-15.164773,16.625512,0.200000,
-24.155743,-15.173678,16.613509,-27.820118,-18.376229,48.151535,-24.316199,-15.127405,16.655445,-24.152960,-15.164791,16.625488,0.200000,
-24.155743,-15.173678,16.613509,-27.820118,-18.376229,48.151536,-24.088679,-15.192978,16.595944,-24.152966,-15.164809,16.625464,0.200000,
-24.155743,-15.173678,16.613509,-27.820118,-18.376229,48.151537,-24.316199,-15.127405,16.655445,-24.152971,-15.164826,16.625440,0.200000,
-24.155743,-15.173678,16.613509,-27.820118,-18.376229,48.151538,-24.088679,-15.192978,16.595944,-24.152977,-15.164844,16.625417,0.200000,
-24.155743,-15.173678,16.613509,-27.820117,-18.376229,48.151539,-24.316199,-15.127405,16.655445,-24.152982,-15.164862,16.625393,0.200000,
-24.155743,-15.173678,16.613509,-27.820117,-18.376229,48.151539,-24.088679,-15.192978,16.595944,-24.152988,-15.164879,16.625369,0.200000,
-24.155743,-15.173678,16.613509,-27.820117,-18.376230,48.151540,-24.316199,-15.127405,16.655445,-24.152994,-15.164897,16.625346,0.200000,
-24.155743,-15.173678,16.613509,-27.820117,-18.376230,48.151541,-24.088679,-15.192978,16.595944,-24.152999,-15.164914,16.625322,0.200000,
-24.155743,-15.173678,16.613509,-27.820117,-18.376230,48.151542,-24.316199,-15.127405,16.655445,-24.153005,-15.164932,16.625298,0.200000,
-24.155743,-15.173678,16.613509,-27.820117,-18.376230,48.151542,-24.088678,-15.192979,16.595944,-24.153010,-15.164949,16.625275,0.200000,
-24.155743,-15.173678,16.613509,-27.820117,-18.376230,48.151543,-24.316198,-15.127405,16.655445,-24.153016,-15.164967,16.625251,0.200000,
-24.155743,-15.173678,16.613509,-27.820117,-18.376230,48.151544,-24.088678,-15.192979,16.595944,-24.153021,-15.164984,16.625228,0.200000,
-24.155743,-15.173678,16.613509,-27.820117,-18.376231,48.151545,-24.316198,-15.127405,16.655444,-24.153027,-15.165001,16.625205,0.200000,
-24.155743,-15.173678,16.613509,-27.820117,-18.376231,48.151545,-24.088678,-15.192979,16.595944,-24.153032,-15.165019,16.625181,0.200000,
-24.155743,-15.173678,16.613509,-27.820116,-18.376231,48.151546,-24.316198,-15.127405,16.655444,-24.153038,-15.165036,16.625158,0.200000,
-24.155743,-15.173678,16.613509,-27.820116,-18.376231,48.151547,-24.088678,-15.192979,16.595944,-24.153043,-15.165053,16.625135,0.200000,
-24.155743,-15.173678,16.613509,-27.820116,-18.376231,48.151548,-24.316198,-15.127405,16.655444,-24.153049,-15.165070,16.625112,0.200000,
-24.155743,-15.173678,16.613509,-27.820116,-18.376231,48.151548,-24.088678,-15.192979,16.595944,-24.153054,-15.165088,16.625088,0.200000,
-24.155743,-15.173678,16.613509,-27.820116,-18.376231,48.151549,-24.316198,-15.127405,16.655444,-24.153060,-15.165105,16.625065,0.200000,
-24.155743,-15.173678,16.613509,-27.820116,-18.376232,48.151550,-24.088677,-15.192979,16.595943,-24.153065,-15.165122,16.625042,0.200000,
-24.155743,-15.173678,16.613509,-27.820116,-18.376232,48.151550,-24.316197,-15.127405,16.655444,-24.153070,-15.165139,16.625019,0.200000,
-24.155743,-15.173678,16.613509,-27.820116,-18.376232,48.151551,-24.088677,-15.192979,16.595943,-24.153076,-15.165156,16.624996,0.200000,
-24.155743,-15.173678,16.613509,-27.820116,-18.376232,48.151552,-24.316197,-15.127405,16.655444,-24.153081,-15.165173,16.624973,0.200000,
-24.155743,-15.173678,16.613509,-27.820116,-18.376232,48.151553,-24.088677,-15.192979,16.595943,-24.153087,-15.165190,16.624951,0.200000,
-24.155743,-15.173678,16.613509,-27.820116,-18.376232,48.151553,-24.316197,-15.127405,16.655444,-24.153092,-15.165207,16.624928,0.200000,
-24.155743,-15.173678,16.613509,-27.820115,-18.376233,48.151554,-24.088677,-15.192979,16.595943,-24.153097,-15.165224,16.624905,0.200000,
-24.155743,-15.173678,16.613509,-27.820115,-18.376233,48.151555,-24.316197,-15.127405,16.655444,-24.153103,-15.165240,16.624882,0.200000,
-24.155743,-15.173678,16.613509,-27.820115,-18.376233,48.151555,-24.088677,-15.192979,16.595943,-24.153108,-15.165257,16.624859,0.200000,
-24.155743,-15.173678,16.613509,-27.820115,-18.376233,48.151556,-24.316197,-15.127406,16.655444,-24.153113,-15.165274,16.624837,0.200000,
-24.155743,-15.173678,16.613509,-27.820115,-18.376233,48.151557,-24.088677,-15.192979,16.595943,-24.153119,-15.165291,16.624814,0.200000,
-24.155743,-15.173678,16.613509,-27.820115,-18.376233,48.151558,-24.316196,-15.127406,16.655444,-24.153124,-15.165308,16.624792,0.200000,
-24.155743,-15.173678,16.613509,-27.820115,-18.376233,48.151558,-24.088676,-15.192979,16.595943,-24.153129,-15.165324,16.624769,0.200000,
-24.155743,-15.173678,16.613509,-27.820115,-18.376234,48.151559,-24.316196,-15.127406,16.655444,-24.153134,-15.165341,16.624747,0.200000,
-24.155743,-15.173678,16.613509,-27.820115,-18.376234,48.151560,-24.088676,-15.192979,16.595943,-24.153140,-15.165358,16.624724,0.200000,
-24.155743,-15.173678,16.613509,-27.820115,-18.376234,48.151560,-24.316196,-15.127406,16.655444,-24.153145,-15.165374,16.624702,0.200000,
-24.155743,-15.173678,16.613509,-27.820115,-18.376234,48.151561,-24.088676,-15.192979,16.595943,-24.153150,-15.165391,16.624680,0.200000,
-24.155743,-15.173678,16.613509,-27.820114,-18.376234,48.151562,-24.316196,-15.127406,16.655444,-24.153155,-15.165407,16.624657,0.200000,
-24.155743,-15.173678,16.613509,-27.820114,-18.376234,48.151562,-24.088676,-15.192979,16.595943,-24.153161,-15.165424,16.624635,0.200000,
-24.155743,-15.173678,16.613509,-27.820114,-18.376235,48.151563,-24.316196,-15.127406,16.655444,-24.153166,-15.165440,16.624613,0.200000,
-24.155743,-15.173678,16.613509,-27.820114,-18.376235,48.151564,-24.088676,-15.192979,16.595943,-24.153171,-15.165457,16.624591,0.200000,
-24.155743,-15.173678,16.613509,-27.820114,-18.376235,48.151564,-24.316196,-15.127406,16.655444,-24.153176,-15.165473,16.624569,0.200000,
-24.155743,-15.173678,16.613509,-27.820114,-18.376235,48.151565,-24.088675,-15.192979,16.595943,-24.153181,-15.165489,16.624547,0.200000,
-24.155743,-15.173678,16.613509,-27.820114,-18.376235,48.151566,-24.316195,-15.127406,16.655444,-24.153187,-15.165506,16.624525,0.200000,
-24.155743,-15.173678,16.613509,-27.820114,-18.376235,48.151566,-24.088675,-15.192979,16.595943,-24.153192,-15.165522,16.624503,0.200000,
-24.155743,-15.173678,16.613509,-27.820114,-18.376235,48.151567,-24.316195,-15.127406,16.655444,-24.153197,-15.165538,16.624481,0.200000,
-24.155743,-15.173678,16.613509,-27.820114,-18.376236,48.151568,-24.088675,-15.192980,16.595943,-24.153202,-15.165554,16.624459,0.200000,
-24.155743,-15.173678,16.613509,-27.820114,-18.376236,48.151568,-24.316195,-15.127406,16.655444,-24.153207,-15.165571,16.624437,0.200000,
-24.155743,-15.173678,16.613509,-27.820113,-18.376236,48.151569,-24.088675,-15.192980,16.595943,-24.153212,-15.165587,16.624415,0.200000,
-24.155743,-15.173678,16.613509,-27.820113,-18.376236,48.151570,-24.316195,-15.127406,16.655444,-24.153217,-15.165603,16.624393,0.200000,
-24.155743,-15.173678,16.613509,-27.820113,-18.376236,48.151570,-24.088675,-15.192980,16.595943,-24.153222,-15.165619,16.624372,0.200000,
-24.155743,-15.173678,16.613509,-27.820113,-18.376236,48.151571,-24.316195,-15.127406,16.655444,-24.153228,-15.165635,16.624350,0.200000,
-24.155743,-15.173678,16.613509,-27.820113,-18.376236,48.151572,-24.088674,-15.192980,16.595943,-24.153233,-15.165651,16.624328,0.200000,
-24.155743,-15.173678,16.613509,-27.820113,-18.376237,48.151572,-24.316194,-15.127406,16.655444,-24.153238,-15.165667,16.624307,0.200000,
-24.155743,-15.173678,16.613509,-27.820113,-18.376237,48.151573,-24.088674,-15.192980,16.595943,-24.153243,-15.165683,16.624285,0.200000,
-24.155743,-15.173678,16.613509,-27.820113,-18.376237,48.151574,-24.316194,-15.127406,16.655443,-24.153248,-15.165699,16.624264,0.200000,
-24.155743,-15.173678,16.613509,-27.820113,-18.376237,48.151574,-24.088674,-15.192980,16.595943,-24.153253,-15.165715,16.624242,0.200000,
-24.155743,-15.173678,16.613509,-27.820113,-18.376237,48.151575,-24.316194,-15.127406,16.655443,-24.153258,-15.165731,16.624221,0.200000,
-24.155743,-15.173678,16.613509,-27.820113,-18.376237,48.151575,-24.088674,-15.192980,16.595943,-24.153263,-15.165747,16.624200,0.200000,
-24.155743,-15.173678,16.613509,-27.820113,-18.376237,48.151576,-24.316194,-15.127406,16.655443,-24.153268,-15.165763,16.624178,0.200000,
-24.155743,-15.173678,16.613509,-27.820112,-18.376237,48.151577,-24.088674,-15.192980,16.595943,-24.153273,-15.165778,16.624157,0.200000,
-24.155743,-15.173678,16.613509,-27.820112,-18.376238,48.151577,-24.316194,-15.127406,16.655443,-24.153278,-15.165794,16.624136,0.200000,
-24.155743,-15.173678,16.613509,-27.820112,-18.376238,48.151578,-24.088674,-15.192980,16.595942,-24.153283,-15.165810,16.624114,0.200000,
-24.155743,-15.173678,16.613509,-27.820112,-18.376238,48.151579,-24.316193,-15.127406,16.655443,-24.153288,-15.165825,16.624093,0.200000,
-24.155743,-15.173678,16.613509,-27.820112,-18.376238,48.151579,-24.088673,-15.192980,16.595942,-24.153293,-15.165841,16.624072,0.200000,
-24.155743,-15.173678,16.613509,-27.820112,-18.376238,48.151580,-24.316193,-15.127406,16.655443,-24.153298,-15.165857,16.624051,0.200000,
-24.155743,-15.173678,16.613509,-27.820112,-18.376238,48.151580,-24.088673,-15.192980,16.595942,-24.153303,-15.165872,16.624030,0.200000,
-24.155743,-15.173678,16.613509,-27.820112,-18.376238,48.151581,-24.316193,-15.127407,16.655443,-24.153308,-15.165888,16.624009,0.200000,
-24.155743,-15.173678,16.613509,-27.820112,-18.376239,48.151582,-24.088673,-15.192980,16.595942,-24.153312,-15.165903,16.623988,0.200000,
-24.155743,-15.173678,16.613509,-27.820112,-18.376239,48.151582,-24.316193,-15.127407,16.655443,-24.153317,-15.165919,16.623967,0.200000,
-24.155743,-15.173678,16.613509,-27.820112,-18.376239,48.151583,-24.088673,-15.192980,16.595942,-24.153322,-15.165934,16.623946,0.200000,
-24.155743,-15.173678,16.613509,-27.820112,-18.376239,48.151583,-24.316193,-15.127407,16.655443,-24.153327,-15.165950,16.623926,0.200000,
-24.155743,-15.173678,16.613509,-27.820112,-18.376239,48.151584,-24.088673,-15.192980,16.595942,-24.153332,-15.165965,16.623905,0.200000,
-24.155743,-15.173678,16.613509,-27.820111,-18.376239,48.151585,-24.316193,-15.127407,16.655443,-24.153337,-15.165981,16.623884,0.200000,
-24.155743,-15.173678,16.613509,-27.820111,-18.376239,48.151585,-24.088672,-15.192980,16.595942,-24.153342,-15.165996,16.623863,0.200000,
-24.155743,-15.173678,16.613509,-27.820111,-18.376239,48.151586,-24.316192,-15.127407,16.655443,-24.153347,-15.166011,16.623843,0.200000,
-24.155743,-15.173678,16.613509,-27.820111,-18.376240,48.151586,-24.088672,-15.192980,16.595942,-24.153351,-15.166027,16.623822,0.200000,
-24.155743,-15.173678,16.613509,-27.820111,-18.376240,48.151587,-24.316192,-15.127407,16.655443,-24.153356,-15.166042,16.623802,0.200000,
-24.155743,-15.173678,16.613509,-27.820111,-18.376240,48.151588,-24.088672,-15.192980,16.595942,-24.153361,-15.166057,16.623781,0.200000,
-24.155743,-15.173678,16.613509,-27.820111,-18.376240,48.151588,-24.316192,-15.127407,16.655443,-24.153366,-15.166072,16.623761,0.200000,
-24.155743,-15.173678,16.613509,-27.820111,-18.376240,48.151589,-24.088672,-15.192980,16.595942,-24.153371,-15.166087,16.623740,0.200000,
-24.155743,-15.173678,16.613509,-27.820111,-18.376240,48.151589,-24.316192,-15.127407,16.655443,-24.153375,-15.166103,16.623720,0.200000,
-24.155743,-15.173678,16.613509,-27.820111,-18.376240,48.151590,-24.088672,-15.192980,16.595942,-24.153380,-15.166118,16.623699,0.200000,
-24.155743,-15.173678,16.613509,-27.820111,-18.376240,48.151591,-24.316192,-15.127407,16.655443,-24.153385,-15.166133,16.623679,0.200000,
-24.155743,-15.173678,16.613509,-27.820111,-18.376241,48.151591,-24.088671,-15.192981,16.595942,-24.153390,-15.166148,16.623659,0.200000,
-24.155743,-15.173678,16.613509,-27.820111,-18.376241,48.151592,-24.316191,-15.127407,16.655443,-24.153394,-15.166163,16.623638,0.200000,
-24.155743,-15.173678,16.613509,-27.820110,-18.376241,48.151592,-24.088671,-15.192981,16.595942,-24.153399,-15.166178,16.623618,0.200000,
-24.155743,-15.173678,16.613509,-27.820110,-18.376241,48.151593,-24.316191,-15.127407,16.655443,-24.153404,-15.166193,16.623598,0.200000,
-24.155743,-15.173678,16.613509,-27.820110,-18.376241,48.151593,-24.088671,-15.192981,16.595942,-24.153409,-15.166208,16.623578,0.200000,
-24.155743,-15.173678,16.613509,-27.820110,-18.376241,48.151594,-24.316191,-15.127407,16.655443,-24.153413,-15.166223,16.623558,0.200000,
-24.155743,-15.173678,16.613509,-27.820110,-18.376241,48.151594,-24.088671,-15.192981,16.595942,-24.153418,-15.166237,16.623538,0.200000,
-24.155743,-15.173678,16.613509,-27.820110,-18.376241,48.151595,-24.316191,-15.127407,16.655443,-24.153423,-15.166252,16.623518,0.200000,
-24.155743,-15.173678,16.613509,-27.820110,-18.376242,48.151596,-24.088671,-15.192981,16.595942,-24.153427,-15.166267,16.623498,0.200000,
-24.155743,-15.173678,16.613509,-27.820110,-18.376242,48.151596,-24.316191,-15.127407,16.655443,-24.153432,-15.166282,16.623478,0.200000,
-24.155743,-15.173678,16.613509,-27.820110,-18.376242,48.151597,-24.088671,-15.192981,16.595942,-24.153437,-15.166297,16.623458,0.200000,
-24.155743,-15.173678,16.613509,-27.820110,-18.376242,48.151597,-24.316190,-15.127407,16.655442,-24.153441,-15.166311,16.623438,0.200000,
-24.155743,-15.173678,16.613509,-27.820110,-18.376242,48.151598,-24.088670,-15.192981,16.595942,-24.153446,-15.166326,16.623418,0.200000,
-24.155743,-15.173678,16.613509,-27.820110,-18.376242,48.151598,-24.316190,-15.127407,16.655442,-24.153451,-15.166341,16.623399,0.200000,
-24.155743,-15.173678,16.613509,-27.820110,-18.376242,48.151599,-24.088670,-15.192981,16.595942,-24.153455,-15.166355,16.623379,0.200000,
-24.155743,-15.173678,16.613509,-27.820110,-18.376242,48.151599,-24.316190,-15.127407,16.655442,-24.153460,-15.166370,16.623359,0.200000,
-24.155743,-15.173678,16.613509,-27.820109,-18.376242,48.151600,-24.088670,-15.192981,16.595942,-24.153464,-15.166385,16.623340,0.200000,
-24.155743,-15.173678,16.613509,-27.820109,-18.376243,48.151600,-24.316190,-15.127407,16.655442,-24.153469,-15.166399,16.623320,0.200000,
-24.155743,-15.173678,16.613509,-27.820109,-18.376243,48.151601,-24.088670,-15.192981,16.595941,-24.153474,-15.166414,16.623300,0.200000,
-24.155743,-15.173678,16.613509,-27.820109,-18.376243,48.151602,-24.316190,-15.127408,16.655442,-24.153478,-15.166428,16.623281,0.200000,
-24.155743,-15.173678,16.613509,-27.820109,-18.376243,48.151602,-24.088670,-15.192981,16.595941,-24.153483,-15.166443,16.623261,0.200000,
-24.155743,-15.173678,16.613509,-27.820109,-18.376243,48.151603,-24.316190,-15.127408,16.655442,-24.153487,-15.166457,16.623242,0.200000,
-24.155743,-15.173678,16.613509,-27.820109,-18.376243,48.151603,-24.088669,-15.192981,16.595941,-24.153492,-15.166471,16.623222,0.200000,
-24.155743,-15.173678,16.613509,-27.820109,-18.376243,48.151604,-24.316189,-15.127408,16.655442,-24.153496,-15.166486,16.623203,0.200000,
-24.155743,-15.173678,16.613509,-27.820109,-18.376243,48.151604,-24.088669,-15.192981,16.595941,-24.153501,-15.166500,16.623184,0.200000,
-24.155743,-15.173678,16.613509,-27.820109,-18.376244,48.151605,-24.316189,-15.127408,16.655442,-24.153505,-15.166514,16.623164,0.200000,
-24.155743,-15.173678,16.613509,-27.820109,-18.376244,48.151605,-24.088669,-15.192981,16.595941,-24.153510,-15.166529,16.623145,0.200000,
-24.155743,-15.173678,16.613509,-27.820109,-18.376244,48.151606,-24.316189,-15.127408,16.655442,-24.153515,-15.166543,16.623126,0.200000,
-24.155743,-15.173678,16.613509,-27.820109,-18.376244,48.151606,-24.088669,-15.192981,16.595941,-24.153519,-15.166557,16.623107,0.200000,
-24.155743,-15.173678,16.613509,-27.820109,-18.376244,48.151607,-24.316189,-15.127408,16.655442,-24.153523,-15.166571,16.623088,0.200000,
-24.155743,-15.173678,16.613509,-27.820108,-18.376244,48.151607,-24.088669,-15.192981,16.595941,-24.153528,-15.166586,16.623068,0.200000,
-24.155743,-15.173678,16.613509,-27.820108,-18.376244,48.151608,-24.316189,-15.127408,16.655442,-24.153532,-15.166600,16.623049,0.200000,
-24.155743,-15.173678,16.613509,-27.820108,-18.376244,48.151608,-24.088668,-15.192981,16.595941,-24.153537,-15.166614,16.623030,0.200000,
-24.155743,-15.173678,16.613509,-27.820108,-18.376244,48.151609,-24.316188,-15.127408,16.655442,-24.153541,-15.166628,16.623011,0.200000,
-24.155743,-15.173678,16.613509,-27.820108,-18.376245,48.151609,-24.088668,-15.192981,16.595941,-24.153546,-15.166642,16.622992,0.200000,
-24.155743,-15.173678,16.613509,-27.820108,-18.376245,48.151610,-24.316188,-15.127408,16.655442,-24.153550,-15.166656,16.622974,0.200000,
-24.155743,-15.173678,16.613509,-27.820108,-18.376245,48.151610,-24.088668,-15.192981,16.595941,-24.153555,-15.166670,16.622955,0.200000,
-24.155743,-15.173678,16.613509,-27.820108,-18.376245,48.151611,-24.316188,-15.127408,16.655442,-24.153559,-15.166684,16.622936,0.200000,
-24.155743,-15.173678,16.613509,-27.820108,-18.376245,48.151611,-24.088668,-15.192982,16.595941,-24.153563,-15.166698,16.622917,0.200000,
-24.155743,-15.173678,16.613509,-27.820108,-18.376245,48.151612,-24.316188,-15.127408,16.655442,-24.153568,-15.166712,16.622898,0.200000,
-24.155743,-15.173678,16.613509,-27.820108,-18.376245,48.151612,-24.088668,-15.192982,16.595941,-24.153572,-15.166726,16.622879,0.200000,
-24.155743,-15.173678,16.613509,-27.820108,-18.376245,48.151613,-24.316188,-15.127408,16.655442,-24.153577,-15.166740,16.622861,0.200000,
-24.155743,-15.173678,16.613509,-27.820108,-18.376245,48.151613,-24.088668,-15.192982,16.595941,-24.153581,-15.166753,16.622842,0.200000,
-24.155743,-15.173678,16.613509,-27.820108,-18.376245,48.151614,-24.316188,-15.127408,16.655442,-24.153585,-15.166767,16.622824,0.200000,
-24.155743,-15.173678,16.613509,-27.820108,-18.376246,48.151614,-24.088667,-15.192982,16.595941,-24.153590,-15.166781,16.622805,0.200000,
-24.155743,-15.173678,16.613509,-27.820108,-18.376246,48.151615,-24.316187,-15.127408,16.655442,-24.153594,-15.166795,16.622786,0.200000,
-24.155743,-15.173678,16.613509,-27.820107,-18.376246,48.151615,-24.088667,-15.192982,16.595941,-24.153598,-15.166808,16.622768,0.200000,
-24.155743,-15.173678,16.613509,-27.820107,-18.376246,48.151616,-24.316187,-15.127408,16.655442,-24.153603,-15.166822,16.622749,0.200000,
-24.155743,-15.173678,16.613509,-27.820107,-18.376246,48.151616,-24.088667,-15.192982,16.595941,-24.153607,-15.166836,16.622731,0.200000,
-24.155743,-15.173678,16.613509,-27.820107,-18.376246,48.151617,-24.316187,-15.127408,16.655442,-24.153611,-15.166849,16.622713,0.200000,
-24.155743,-15.173678,16.613509,-27.820107,-18.376246,48.151617,-24.088667,-15.192982,16.595941,-24.153616,-15.166863,16.622694,0.200000,
-24.155743,-15.173678,16.613509,-27.820107,-18.376246,48.151618,-24.316187,-15.127408,16.655442,-24.153620,-15.166877,16.622676,0.200000,
-24.155743,-15.173678,16.613509,-27.820107,-18.376246,48.151618,-24.088667,-15.192982,16.595941,-24.153624,-15.166890,16.622658,0.200000,
-24.155743,-15.173678,16.613509,-27.820107,-18.376247,48.151618,-24.316187,-15.127408,16.655441,-24.153628,-15.166904,16.622639,0.200000,
-24.155743,-15.173678,16.613509,-27.820107,-18.376247,48.151619,-24.088666,-15.192982,16.595941,-24.153633,-15.166917,16.622621,0.200000,
-24.155743,-15.173678,16.613509,-27.820107,-18.376247,48.151619,-24.316186,-15.127408,16.655441,-24.153637,-15.166931,16.622603,0.200000,
-24.155743,-15.173678,16.613509,-27.820107,-18.376247,48.151620,-24.088666,-15.192982,16.595941,-24.153641,-15.166944,16.622585,0.200000,
-24.155743,-15.173678,16.613509,-27.820107,-18.376247,48.151620,-24.316186,-15.127409,16.655441,-24.153645,-15.166958,16.622567,0.200000,
-24.155743,-15.173678,16.613509,-27.820107,-18.376247,48.151621,-24.088666,-15.192982,16.595941,-24.153650,-15.166971,16.622549,0.200000,
-24.155743,-15.173678,16.613509,-27.820107,-18.376247,48.151621,-24.316186,-15.127409,16.655441,-24.153654,-15.166984,16.622531,0.200000,
-24.155743,-15.173678,16.613509,-27.820107,-18.376247,48.151622,-24.088666,-15.192982,16.595940,-24.153658,-15.166998,16.622513,0.200000,
-24.155743,-15.173678,16.613509,-27.820107,-18.376247,48.151622,-24.316186,-15.127409,16.655441,-24.153662,-15.167011,16.622495,0.200000,
-24.155743,-15.173678,16.613509,-27.820106,-18.376247,48.151623,-24.088666,-15.192982,16.595940,-24.153666,-15.167024,16.622477,0.200000,
-24.155743,-15.173678,16.613509,-27.820106,-18.376247,48.151623,-24.316186,-15.127409,16.655441,-24.153671,-15.167038,16.622459,0.200000,
-24.155743,-15.173678,16.613509,-27.820106,-18.376248,48.151624,-24.088665,-15.192982,16.595940,-24.153675,-15.167051,16.622441,0.200000,
-24.155743,-15.173678,16.613509,-27.820106,-18.376248,48.151624,-24.316185,-15.127409,16.655441,-24.153679,-15.167064,16.622423,0.200000,
-24.155743,-15.173678,16.613509,-27.820106,-18.376248,48.151624,-24.088665,-15.192982,16.595940,-24.153683,-15.167077,16.622405,0.200000,
-24.155743,-15.173678,16.613509,-27.820106,-18.376248,48.151625,-24.316185,-15.127409,16.655441,-24.153687,-15.167090,16.622388,0.200000,
-24.155743,-15.173678,16.613509,-27.820106,-18.376248,48.151625,-24.088665,-15.192982,16.595940,-24.153691,-15.167104,16.622370,0.200000,
-24.155743,-15.173678,16.613509,-27.820106,-18.376248,48.151626,-24.316185,-15.127409,16.655441,-24.153695,-15.167117,16.622352,0.200000,
-24.155743,-15.173678,16.613509,-27.820106,-18.376248,48.151626,-24.088665,-15.192982,16.595940,-24.153700,-15.167130,16.622335,0.200000,
-24.155743,-15.173678,16.613509,-27.820106,-18.376248,48.151627,-24.316185,-15.127409,16.655441,-24.153704,-15.167143,16.622317,0.200000,
-24.155743,-15.173678,16.613509,-27.820106,-18.376248,48.151627,-24.088665,-15.192982,16.595940,-24.153708,-15.167156,16.622299,0.200000,
-24.155743,-15.173678,16.613509,-27.820106,-18.376248,48.151627,-24.316185,-15.127409,16.655441,-24.153712,-15.167169,16.622282,0.200000,
-24.155743,-15.173678,16.613509,-27.820106,-18.376249,48.151628,-24.088665,-15.192983,16.595940,-24.153716,-15.167182,16.622264,0.200000,
-24.155743,-15.173678,16.613509,-27.820106,-18.376249,48.151628,-24.316185,-15.127409,16.655441,-24.153720,-15.167195,16.622247,0.200000,
-24.155743,-15.173678,16.613509,-27.820106,-18.376249,48.151629,-24.088664,-15.192983,16.595940,-24.153724,-15.167208,16.622229,0.200000,
-24.155743,-15.173678,16.613509,-27.820106,-18.376249,48.151629,-24.316184,-15.127409,16.655441,-24.153728,-15.167221,16.622212,0.200000,
-24.155743,-15.173678,16.613509,-27.820106,-18.376249,48.151630,-24.088664,-15.192983,16.595940,-24.153732,-15.167234,16.622195,0.200000,
-24.155743,-15.173678,16.613509,-27.820106,-18.376249,48.151630,-24.316184,-15.127409,16.655441,-24.153736,-15.167246,16.622177,0.200000,
-24.155743,-15.173678,16.613509,-27.820105,-18.376249,48.151630,-24.088664,-15.192983,16.595940,-24.153740,-15.167259,16.622160,0.200000,
-24.155743,-15.173678,16.613509,-27.820105,-18.376249,48.151631,-24.316184,-15.127409,16.655441,-24.153744,-15.167272,16.622143,0.200000,
-24.155743,-15.173678,16.613509,-27.820105,-18.376249,48.151631,-24.088664,-15.192983,16.595940,-24.153748,-15.167285,16.622126,0.200000,
-24.155743,-15.173678,16.613509,-27.820105,-18.376249,48.151632,-24.316184,-15.127409,16.655441,-24.153752,-15.167298,16.622108,0.200000,
-24.155743,-15.173678,16.613509,-27.820105,-18.376249,48.151632,-24.088664,-15.192983,16.595940,-24.153756,-15.167310,16.622091,0.200000,
-24.155743,-15.173678,16.613509,-27.820105,-18.376250,48.151633,-24.316184,-15.127409,16.655441,-24.153760,-15.167323,16.622074,0.200000,
-24.155743,-15.173678,16.613509,-27.820105,-18.376250,48.151633,-24.088663,-15.192983,16.595940,-24.153764,-15.167336,16.622057,0.200000,
-24.155743,-15.173678,16.613509,-27.820105,-18.376250,48.151633,-24.316183,-15.127409,16.655441,-24.153768,-15.167348,16.622040,0.200000,
-24.155743,-15.173678,16.613509,-27.820105,-18.376250,48.151634,-24.088663,-15.192983,16.595940,-24.153772,-15.167361,16.622023,0.200000,
-24.155743,-15.173678,16.613509,-27.820105,-18.376250,48.151634,-24.316183,-15.127409,16.655441,-24.153776,-15.167374,16.622006,0.200000,
-24.155743,-15.173678,16.613509,-27.820105,-18.376250,48.151635,-24.088663,-15.192983,16.595940,-24.153780,-15.167386,16.621989,0.200000,
-24.155743,-15.173678,16.613509,-27.820105,-18.376250,48.151635,-24.316183,-15.127409,16.655441,-24.153784,-15.167399,16.621972,0.200000,
-24.155743,-15.173678,16.613509,-27.820105,-18.376250,48.151635,-24.088663,-15.192983,16.595940,-24.153788,-15.167411,16.621955,0.200000,
-24.155743,-15.173678,16.613509,-27.820105,-18.376250,48.151636,-24.316183,-15.127410,16.655440,-24.153792,-15.167424,16.621938,0.200000,
-24.155743,-15.173678,16.613509,-27.820105,-18.376250,48.151636,-24.088663,-15.192983,16.595940,-24.153796,-15.167436,16.621922,0.200000,
-24.155743,-15.173678,16.613509,-27.820105,-18.376250,48.151637,-24.316183,-15.127410,16.655440,-24.153800,-15.167449,16.621905,0.200000,
-24.155743,-15.173678,16.613509,-27.820105,-18.376251,48.151637,-24.088663,-15.192983,16.595940,-24.153804,-15.167461,16.621888,0.200000,
-24.155743,-15.173678,16.613509,-27.820105,-18.376251,48.151637,-24.316182,-15.127410,16.655440,-24.153808,-15.167473,16.621871,0.200000,
-24.155743,-15.173678,16.613509,-27.820104,-18.376251,48.151638,-24.088662,-15.192983,16.595940,-24.153812,-15.167486,16.621855,0.200000,
-24.155743,-15.173678,16.613509,-27.820104,-18.376251,48.151638,-24.316182,-15.127410,16.655440,-24.153816,-15.167498,16.621838,0.200000,
-24.155743,-15.173678,16.613509,-27.820104,-18.376251,48.151639,-24.088662,-15.192983,16.595939,-24.153820,-15.167510,16.621821,0.200000,
-24.155743,-15.173678,16.613509,-27.820104,-18.376251,48.151639,-24.316182,-15.127410,16.655440,-24.153823,-15.167523,16.621805,0.200000,
-24.155743,-15.173678,16.613509,-27.820104,-18.376251,48.151639,-24.088662,-15.192983,16.595939,-24.153827,-15.167535,16.621788,0.200000,
-24.155743,-15.173678,16.613509,-27.820104,-18.376251,48.151640,-24.316182,-15.127410,16.655440,-24.153831,-15.167547,16.621772,0.200000,
-24.155743,-15.173678,16.613509,-27.820104,-18.376251,48.151640,-24.088662,-15.192983,16.595939,-24.153835,-15.167560,16.621755,0.200000,
-24.155743,-15.173678,16.613509,-27.820104,-18.376251,48.151641,-24.316182,-15.127410,16.655440,-24.153839,-15.167572,16.621739,0.200000,
-24.155743,-15.173678,16.613509,-27.820104,-18.376251,48.151641,-24.088662,-15.192983,16.595939,-24.153843,-15.167584,16.621722,0.200000,
-24.155743,-15.173678,16.613509,-27.820104,-18.376251,48.151641,-24.316182,-15.127410,16.655440,-24.153846,-15.167596,16.621706,0.200000,
-24.155743,-15.173678,16.613509,-27.820104,-18.376252,48.151642,-24.088661,-15.192983,16.595939,-24.153850,-15.167608,16.621690,0.200000,
-24.155743,-15.173678,16.613509,-27.820104,-18.376252,48.151642,-24.316181,-15.127410,16.655440,-24.153854,-15.167620,16.621673,0.200000,
-24.155743,-15.173678,16.613509,-27.820104,-18.376252,48.151642,-24.088661,-15.192983,16.595939,-24.153858,-15.167632,16.621657,0.200000,
-24.155743,-15.173678,16.613509,-27.820104,-18.376252,48.151643,-24.316181,-15.127410,16.655440,-24.153862,-15.167644,16.621641,0.200000,
-24.155743,-15.173678,16.613509,-27.820104,-18.376252,48.151643,-24.088661,-15.192984,16.595939,-24.153865,-15.167656,16.621625,0.200000,
-24.155743,-15.173678,16.613509,-27.820104,-18.376252,48.151644,-24.316181,-15.127410,16.655440,-24.153869,-15.167669,16.621608,0.200000,
-24.155743,-15.173678,16.613509,-27.820104,-18.376252,48.151644,-24.088661,-15.192984,16.595939,-24.153873,-15.167680,16.621592,0.200000,
-24.155743,-15.173678,16.613509,-27.820104,-18.376252,48.151644,-24.316181,-15.127410,16.655440,-24.153877,-15.167692,16.621576,0.200000,
-24.155743,-15.173678,16.613509,-27.820104,-18.376252,48.151645,-24.088661,-15.192984,16.595939,-24.153881,-15.167704,16.621560,0.200000,
-24.155743,-15.173678,16.613509,-27.820104,-18.376252,48.151645,-24.316181,-15.127410,16.655440,-24.153884,-15.167716,16.621544,0.200000,
-24.155743,-15.173678,16.613509,-27.820103,-18.376252,48.151645,-24.088660,-15.192984,16.595939,-24.153888,-15.167728,16.621528,0.200000,
-24.155743,-15.173678,16.613509,-27.820103,-18.376252,48.151646,-24.316180,-15.127410,16.655440,-24.153892,-15.167740,16.621512,0.200000,
-24.155743,-15.173678,16.613509,-27.820103,-18.376252,48.151646,-24.088660,-15.192984,16.595939,-24.153895,-15.167752,16.621496,0.200000,
-24.155743,-15.173678,16.613509,-27.820103,-18.376253,48.151647,-24.316180,-15.127410,16.655440,-24.153899,-15.167764,16.621480,0.200000,
-24.155743,-15.173678,16.613509,-27.820103,-18.376253,48.151647,-24.088660,-15.192984,16.595939,-24.153903,-15.167776,16.621464,0.200000,
-24.155743,-15.173678,16.613509,-27.820103,-18.376253,48.151647,-24.316180,-15.127410,16.655440,-24.153907,-15.167787,16.621448,0.200000,
-24.155743,-15.173678,16.613509,-27.820103,-18.376253,48.151648,-24.088660,-15.192984,16.595939,-24.153910,-15.167799,16.621432,0.200000,
-24.155743,-15.173678,16.613509,-27.820103,-18.376253,48.151648,-24.316180,-15.127410,16.655440,-24.153914,-15.167811,16.621417,0.200000,
-24.155743,-15.173678,16.613509,-27.820103,-18.376253,48.151648,-24.088660,-15.192984,16.595939,-24.153918,-15.167822,16.621401,0.200000,
-24.155743,-15.173678,16.613509,-27.820103,-18.376253,48.151649,-24.316180,-15.127410,16.655440,-24.153921,-15.167834,16.621385,0.200000,
-24.155743,-15.173678,16.613509,-27.820103,-18.376253,48.151649,-24.088660,-15.192984,16.595939,-24.153925,-15.167846,16.621369,0.200000,
-24.155743,-15.173678,16.613509,-27.820103,-18.376253,48.151649,-24.316179,-15.127410,16.655440,-24.153929,-15.167857,16.621354,0.200000,
-24.155743,-15.173678,16.613509,-27.820103,-18.376253,48.151650,-24.088659,-15.192984,16.595939,-24.153932,-15.167869,16.621338,0.200000,
-24.155743,-15.173678,16.613509,-27.820103,-18.376253,48.151650,-24.316179,-15.127411,16.655440,-24.153936,-15.167881,16.621322,0.200000,
-24.155743,-15.173678,16.613509,-27.820103,-18.376253,48.151650,-24.088659,-15.192984,16.595939,-24.153940,-15.167892,16.621307,0.200000,
-24.155743,-15.173678,16.613509,-27.820103,-18.376253,48.151651,-24.316179,-15.127411,16.655440,-24.153943,-15.167904,16.621291,0.200000,
-24.155743,-15.173678,16.613509,-27.820103,-18.376254,48.151651,-24.088659,-15.192984,16.595939,-24.153947,-15.167915,16.621276,0.200000,
-24.155743,-15.173678,16.613509,-27.820103,-18.376254,48.151651,-24.316179,-15.127411,16.655439,-24.153950,-15.167927,16.621260,0.200000,
-24.155743,-15.173678,16.613509,-27.820103,-18.376254,48.151652,-24.088659,-15.192984,16.595939,-24.153954,-15.167938,16.621245,0.200000,
-24.155743,-15.173678,16.613509,-27.820103,-18.376254,48.151652,-24.316179,-15.127411,16.655439,-24.153958,-15.167950,16.621229,0.200000,
-24.155743,-15.173678,16.613509,-27.820103,-18.376254,48.151652,-24.088659,-15.192984,16.595939,-24.153961,-15.167961,16.621214,0.200000,
-24.155743,-15.173678,16.613509,-27.820103,-18.376254,48.151653,-24.316179,-15.127411,16.655439,-24.153965,-15.167972,16.621198,0.200000,
-24.155743,-15.173678,16.613509,-27.820102,-18.376254,48.151653,-24.088658,-15.192984,16.595939,-24.153968,-15.167984,16.621183,0.200000,
-24.155743,-15.173678,16.613509,-27.820102,-18.376254,48.151653,-24.316178,-15.127411,16.655439,-24.153972,-15.167995,16.621168,0.200000,
-24.155743,-15.173678,16.613509,-27.820102,-18.376254,48.151654,-24.088658,-15.192984,16.595938,-24.153976,-15.168007,16.621153,0.200000,
-24.155743,-15.173678,16.613509,-27.820102,-18.376254,48.151654,-24.316178,-15.127411,16.655439,-24.153979,-15.168018,16.621137,0.200000,
-24.155743,-15.173678,16.613509,-27.820102,-18.376254,48.151654,-24.088658,-15.192984,16.595938,-24.153983,-15.168029,16.621122,0.200000,
-24.155743,-15.173678,16.613509,-27.820102,-18.376254,48.151655,-24.316178,-15.127411,16.655439,-24.153986,-15.168040,16.621107,0.200000,
-24.155743,-15.173678,16.613509,-27.820102,-18.376254,48.151655,-24.088658,-15.192984,16.595938,-24.153990,-15.168052,16.621092,0.200000,
-24.155743,-15.173678,16.613509,-27.820102,-18.376254,48.151655,-24.316178,-15.127411,16.655439,-24.153993,-15.168063,16.621077,0.200000,
-24.155743,-15.173678,16.613509,-27.820102,-18.376255,48.151656,-24.088658,-15.192985,16.595938,-24.153997,-15.168074,16.621061,0.200000,
-24.155743,-15.173678,16.613509,-27.820102,-18.376255,48.151656,-24.316178,-15.127411,16.655439,-24.154000,-15.168085,16.621046,0.200000,
-24.155743,-15.173678,16.613509,-27.820102,-18.376255,48.151656,-24.088657,-15.192985,16.595938,-24.154004,-15.168096,16.621031,0.200000,
-24.155743,-15.173678,16.613509,-27.820102,-18.376255,48.151657,-24.316177,-15.127411,16.655439,-24.154007,-15.168108,16.621016,0.200000,
-24.155743,-15.173678,16.613509,-27.820102,-18.376255,48.151657,-24.088657,-15.192985,16.595938,-24.154011,-15.168119,16.621001,0.200000,
-24.155743,-15.173678,16.613509,-27.820102,-18.376255,48.151657,-24.316177,-15.127411,16.655439,-24.154014,-15.168130,16.620986,0.200000,
-24.155743,-15.173678,16.613509,-27.820102,-18.376255,48.151658,-24.088657,-15.192985,16.595938,-24.154018,-15.168141,16.620972,0.200000,
-24.155743,-15.173678,16.613509,-27.820102,-18.376255,48.151658,-24.316177,-15.127411,16.655439,-24.154021,-15.168152,16.620957,0.200000,
-24.155743,-15.173678,16.613509,-27.820102,-18.376255,48.151658,-24.088657,-15.192985,16.595938,-24.154025,-15.168163,16.620942,0.200000,
-24.155743,-15.173678,16.613509,-27.820102,-18.376255,48.151659,-24.316177,-15.127411,16.655439,-24.154028,-15.168174,16.620927,0.200000,
-24.155743,-15.173678,16.613509,-27.820102,-18.376255,48.151659,-24.088657,-15.192985,16.595938,-24.154032,-15.168185,16.620912,0.200000,
-24.155743,-15.173678,16.613509,-27.820102,-18.376255,48.151659,-24.316177,-15.127411,16.655439,-24.154035,-15.168196,16.620897,0.200000,
-24.155743,-15.173678,16.613509,-27.820102,-18.376255,48.151660,-24.088657,-15.192985,16.595938,-24.154038,-15.168207,16.620883,0.200000,
-24.155743,-15.173678,16.613509,-27.820102,-18.376255,48.151660,-24.316176,-15.127411,16.655439,-24.154042,-15.168218,16.620868,0.200000,
-24.155743,-15.173678,16.613509,-27.820102,-18.376256,48.151660,-24.088656,-15.192985,16.595938,-24.154045,-15.168229,16.620853,0.200000,
-24.155743,-15.173678,16.613509,-27.820102,-18.376256,48.151661,-24.316176,-15.127411,16.655439,-24.154049,-15.168239,16.620839,0.200000,
-24.155743,-15.173678,16.613509,-27.820101,-18.376256,48.151661,-24.088656,-15.192985,16.595938,-24.154052,-15.168250,16.620824,0.200000,
-24.155743,-15.173678,16.613509,-27.820101,-18.376256,48.151661,-24.316176,-15.127411,16.655439,-24.154056,-15.168261,16.620809,0.200000,
-24.155743,-15.173678,16.613509,-27.820101,-18.376256,48.151661,-24.088656,-15.192985,16.595938,-24.154059,-15.168272,16.620795,0.200000,
-24.155743,-15.173678,16.613509,-27.820101,-18.376256,48.151662,-24.316176,-15.127412,16.655439,-24.154062,-15.168283,16.620780,0.200000,
-24.155743,-15.173678,16.613509,-27.820101,-18.376256,48.151662,-24.088656,-15.192985,16.595938,-24.154066,-15.168293,16.620766,0.200000,
-24.155743,-15.173678,16.613509,-27.820101,-18.376256,48.151662,-24.316176,-15.127412,16.655439,-24.154069,-15.168304,16.620751,0.200000,
-24.155743,-15.173678,16.613509,-27.820101,-18.376256,48.151663,-24.088656,-15.192985,16.595938,-24.154072,-15.168315,16.620737,0.200000,
-24.155743,-15.173678,16.613509,-27.820101,-18.376256,48.151663,-24.316176,-15.127412,16.655439,-24.154076,-15.168326,16.620722,0.200000,
-24.155743,-15.173678,16.613509,-27.820101,-18.376256,48.151663,-24.088655,-15.192985,16.595938,-24.154079,-15.168336,16.620708,0.200000,
-24.155743,-15.173678,16.613509,-27.820101,-18.376256,48.151664,-24.316175,-15.127412,16.655439,-24.154082,-15.168347,16.620694,0.200000,
-24.155743,-15.173678,16.613509,-27.820101,-18.376256,48.151664,-24.088655,-15.192985,16.595938,-24.154086,-15.168358,16.620679,0.200000,
-24.155743,-15.173678,16.613509,-27.820101,-18.376256,48.151664,-24.316175,-15.127412,16.655438,-24.154089,-15.168368,16.620665,0.200000,
-24.155743,-15.173678,16.613509,-27.820101,-18.376256,48.151664,-24.088655,-15.192985,16.595938,-24.154092,-15.168379,16.620651,0.200000,
-24.155743,-15.173678,16.613509,-27.820101,-18.376257,48.151665,-24.316175,-15.127412,16.655438,-24.154096,-15.168389,16.620636,0.200000,
-24.155743,-15.173678,16.613509,-27.820101,-18.376257,48.151665,-24.088655,-15.192985,16.595938,-24.154099,-15.168400,16.620622,0.200000,
-24.155743,-15.173678,16.613509,-27.820101,-18.376257,48.151665,-24.316175,-15.127412,16.655438,-24.154102,-15.168410,16.620608,0.200000,
-24.155743,-15.173678,16.613509,-27.820101,-18.376257,48.151666,-24.088655,-15.192985,16.595938,-24.154106,-15.168421,16.620594,0.200000,
-24.155743,-15.173678,16.613509,-27.820101,-18.376257,48.151666,-24.316175,-15.127412,16.655438,-24.154109,-15.168431,16.620580,0.200000,
-24.155743,-15.173678,16.613509,-27.820101,-18.376257,48.151666,-24.088654,-15.192985,16.595937,-24.154112,-15.168442,16.620566,0.200000,
-24.155743,-15.173678,16.613509,-27.820101,-18.376257,48.151666,-24.316174,-15.127412,16.655438,-24.154116,-15.168452,16.620552,0.200000,
-24.155743,-15.173678,16.613509,-27.820101,-18.376257,48.151667,-24.088654,-15.192985,16.595937,-24.154119,-15.168463,16.620538,0.200000,
-24.155743,-15.173678,16.613509,-27.820101,-18.376257,48.151667,-24.316174,-15.127412,16.655438,-24.154122,-15.168473,16.620524,0.200000,
-24.155743,-15.173678,16.613509,-27.820101,-18.376257,48.151667,-24.088654,-15.192986,16.595937,-24.154125,-15.168484,16.620510,0.200000,
-24.155743,-15.173678,16.613509,-27.820101,-18.376257,48.151668,-24.316174,-15.127412,16.655438,-24.154129,-15.168494,16.620496,0.200000,
-24.155743,-15.173678,16.613509,-27.820101,-18.376257,48.151668,-24.088654,-15.192986,16.595937,-24.154132,-15.168504,16.620482,0.200000,
-24.155743,-15.173678,16.613509,-27.820101,-18.376257,48.151668,-24.316174,-15.127412,16.655438,-24.154135,-15.168515,16.620468,0.200000,
-24.155743,-15.173678,16.613509,-27.820100,-18.376257,48.151668,-24.088654,-15.192986,16.595937,-24.154138,-15.168525,16.620454,0.200000,
-24.155743,-15.173678,16.613509,-27.820100,-18.376257,48.151669,-24.316174,-15.127412,16.655438,-24.154142,-15.168535,16.620440,0.200000,
-24.155743,-15.173678,16.613509,-27.820100,-18.376257,48.151669,-24.088654,-15.192986,16.595937,-24.154145,-15.168545,16.620426,0.200000,
-24.155743,-15.173678,16.613509,-27.820100,-18.376257,48.151669,-24.316173,-15.127412,16.655438,-24.154148,-15.168556,16.620412,0.200000,
-24.155743,-15.173678,16.613509,-27.820100,-18.376258,48.151670,-24.088653,-15.192986,16.595937,-24.154151,-15.168566,16.620399,0.200000,
-24.155743,-15.173678,16.613509,-27.820100,-18.376258,48.151670,-24.316173,-15.127412,16.655438,-24.154154,-15.168576,16.620385,0.200000,
-24.155743,-15.173678,16.613509,-27.820100,-18.376258,48.151670,-24.088653,-15.192986,16.595937,-24.154158,-15.168586,16.620371,0.200000,
-24.155743,-15.173678,16.613509,-27.820100,-18.376258,48.151670,-24.316173,-15.127412,16.655438,-24.154161,-15.168596,16.620357,0.200000,
-24.155743,-15.173678,16.613509,-27.820100,-18.376258,48.151671,-24.088653,-15.192986,16.595937,-24.154164,-15.168607,16.620344,0.200000,
-24.155743,-15.173678,16.613509,-27.820100,-18.376258,48.151671,-24.316173,-15.127412,16.655438,-24.154167,-15.168617,16.620330,0.200000,
-24.155743,-15.173678,16.613509,-27.820100,-18.376258,48.151671,-24.088653,-15.192986,16.595937,-24.154170,-15.168627,16.620316,0.200000,
-24.155743,-15.173678,16.613509,-27.820100,-18.376258,48.151671,-24.316173,-15.127412,16.655438,-24.154173,-15.168637,16.620303,0.200000,
-24.155743,-15.173678,16.613509,-27.820100,-18.376258,48.151672,-24.088653,-15.192986,16.595937,-24.154177,-15.168647,16.620289,0.200000,
-24.155743,-15.173678,16.613509,-27.820100,-18.376258,48.151672,-24.316173,-15.127412,16.655438,-24.154180,-15.168657,16.620276,0.200000,
-24.155743,-15.173678,16.613509,-27.820100,-18.376258,48.151672,-24.088652,-15.192986,16.595937,-24.154183,-15.168667,16.620262,0.200000,
-24.155743,-15.173678,16.613509,-27.820100,-18.376258,48.151673,-24.316172,-15.127413,16.655438,-24.154186,-15.168677,16.620249,0.200000,
-24.155743,-15.173678,16.613509,-27.820100,-18.376258,48.151673,-24.088652,-15.192986,16.595937,-24.154189,-15.168687,16.620235,0.200000,
-24.155743,-15.173678,16.613509,-27.820100,-18.376258,48.151673,-24.316172,-15.127413,16.655438,-24.154192,-15.168697,16.620222,0.200000,
-24.155743,-15.173678,16.613509,-27.820100,-18.376258,48.151673,-24.088652,-15.192986,16.595937,-24.154195,-15.168707,16.620209,0.200000,
-24.155743,-15.173678,16.613509,-27.820100,-18.376258,48.151674,-24.316172,-15.127413,16.655438,-24.154199,-15.168717,16.620195,0.200000,
-24.155743,-15.173678,16.613509,-27.820100,-18.376258,48.151674,-24.088652,-15.192986,16.595937,-24.154202,-15.168727,16.620182,0.200000,
-24.155743,-15.173678,16.613509,-27.820100,-18.376259,48.151674,-24.316172,-15.127413,16.655438,-24.154205,-15.168736,16.620169,0.200000,
-24.155743,-15.173678,16.613509,-27.820100,-18.376259,48.151674,-24.088652,-15.192986,16.595937,-24.154208,-15.168746,16.620155,0.200000,
-24.155743,-15.173678,16.613509,-27.820100,-18.376259,48.151675,-24.316172,-15.127413,16.655438,-24.154211,-15.168756,16.620142,0.200000,
-24.155743,-15.173678,16.613509,-27.820100,-18.376259,48.151675,-24.088651,-15.192986,16.595937,-24.154214,-15.168766,16.620129,0.200000,
-24.155743,-15.173678,16.613509,-27.820100,-18.376259,48.151675,-24.316171,-15.127413,16.655438,-24.154217,-15.168776,16.620116,0.200000,
-24.155743,-15.173678,16.613509,-27.820100,-18.376259,48.151675,-24.088651,-15.192986,16.595937,-24.154220,-15.168786,16.620102,0.200000,
-24.155743,-15.173678,16.613509,-27.820100,-18.376259,48.151676,-24.316171,-15.127413,16.655437,-24.154223,-15.168795,16.620089,0.200000,
-24.155743,-15.173678,16.613509,-27.820100,-18.376259,48.151676,-24.088651,-15.192986,16.595937,-24.154226,-15.168805,16.620076,0.200000,
-24.155743,-15.173678,16.613509,-27.820099,-18.376259,48.151676,-24.316171,-15.127413,16.655437,-24.154229,-15.168815,16.620063,0.200000,
-24.155743,-15.173678,16.613509,-27.820099,-18.376259,48.151676,-24.088651,-15.192986,16.595937,-24.154232,-15.168824,16.620050,0.200000,
-24.155743,-15.173678,16.613509,-27.820099,-18.376259,48.151677,-24.316171,-15.127413,16.655437,-24.154235,-15.168834,16.620037,0.200000,
-24.155743,-15.173678,16.613509,-27.820099,-18.376259,48.151677,-24.088651,-15.192986,16.595936,-24.154238,-15.168844,16.620024,0.200000,
-24.155743,-15.173678,16.613509,-27.820099,-18.376259,48.151677,-24.316171,-15.127413,16.655437,-24.154241,-15.168853,16.620011,0.200000,
-24.155743,-15.173678,16.613509,-27.820099,-18.376259,48.151677,-24.088651,-15.192987,16.595936,-24.154244,-15.168863,16.619998,0.200000,
-24.155743,-15.173678,16.613509,-27.820099,-18.376259,48.151678,-24.316171,-15.127413,16.655437,-24.154247,-15.168873,16.619985,0.200000,
-24.155743,-15.173678,16.613509,-27.820099,-18.376259,48.151678,-24.088650,-15.192987,16.595936,-24.154250,-15.168882,16.619972,0.200000,
-24.155743,-15.173678,16.613509,-27.820099,-18.376259,48.151678,-24.316170,-15.127413,16.655437,-24.154253,-15.168892,16.619959,0.200000,
-24.155743,-15.173678,16.613509,-27.820099,-18.376259,48.151678,-24.088650,-15.192987,16.595936,-24.154256,-15.168901,16.619946,0.200000,
-24.155743,-15.173678,16.613509,-27.820099,-18.376259,48.151679,-24.316170,-15.127413,16.655437,-24.154259,-15.168911,16.619933,0.200000,
-24.155743,-15.173678,16.613509,-27.820099,-18.376260,48.151679,-24.088650,-15.192987,16.595936,-24.154262,-15.168920,16.619921,0.200000,
-24.155743,-15.173678,16.613509,-27.820099,-18.376260,48.151679,-24.316170,-15.127413,16.655437,-24.154265,-15.168930,16.619908,0.200000,
-24.155743,-15.173678,16.613509,-27.820099,-18.376260,48.151679,-24.088650,-15.192987,16.595936,-24.154268,-15.168939,16.619895,0.200000,
-24.155743,-15.173678,16.613509,-27.820099,-18.376260,48.151680,-24.316170,-15.127413,16.655437,-24.154271,-15.168949,16.619882,0.200000,
-24.155743,-15.173678,16.613509,-27.820099,-18.376260,48.151680,-24.088650,-15.192987,16.595936,-24.154274,-15.168958,16.619870,0.200000,
-24.155743,-15.173678,16.613509,-27.820099,-18.376260,48.151680,-24.316170,-15.127413,16.655437,-24.154277,-15.168968,16.619857,0.200000,
-24.155743,-15.173678,16.613509,-27.820099,-18.376260,48.151680,-24.088649,-15.192987,16.595936,-24.154280,-15.168977,16.619844,0.200000,
-24.155743,-15.173678,16.613509,-27.820099,-18.376260,48.151680,-24.316169,-15.127413,16.655437,-24.154283,-15.168986,16.619832,0.200000,
-24.155743,-15.173678,16.613509,-27.820099,-18.376260,48.151681,-24.088649,-15.192987,16.595936,-24.154286,-15.168996,16.619819,0.200000,
-24.155743,-15.173678,16.613509,-27.820099,-18.376260,48.151681,-24.316169,-15.127413,16.655437,-24.154289,-15.169005,16.619806,0.200000,
-24.155743,-15.173678,16.613509,-27.820099,-18.376260,48.151681,-24.088649,-15.192987,16.595936,-24.154292,-15.169014,16.619794,0.200000,
-24.155743,-15.173678,16.613509,-27.820099,-18.376260,48.151681,-24.316169,-15.127414,16.655437,-24.154295,-15.169024,16.619781,0.200000,
-24.155743,-15.173678,16.613509,-27.820099,-18.376260,48.151682,-24.088649,-15.192987,16.595936,-24.154298,-15.169033,16.619769,0.200000,
-24.155743,-15.173678,16.613509,-27.820099,-18.376260,48.151682,-24.316169,-15.127414,16.655437,-24.154301,-15.169042,16.619756,0.200000,
-24.155743,-15.173678,16.613509,-27.820099,-18.376260,48.151682,-24.088649,-15.192987,16.595936,-24.154304,-15.169052,16.619744,0.200000,
-24.155743,-15.173678,16.613509,-27.820099,-18.376260,48.151682,-24.316169,-15.127414,16.655437,-24.154306,-15.169061,16.619731,0.200000,
-24.155743,-15.173678,16.613509,-27.820099,-18.376260,48.151683,-24.088648,-15.192987,16.595936,-24.154309,-15.169070,16.619719,0.200000,
-24.155743,-15.173678,16.613509,-27.820099,-18.376260,48.151683,-24.316168,-15.127414,16.655437,-24.154312,-15.169079,16.619706,0.200000,
-24.155743,-15.173678,16.613509,-27.820099,-18.376260,48.151683,-24.088648,-15.192987,16.595936,-24.154315,-15.169088,16.619694,0.200000,
-24.155743,-15.173678,16.613509,-27.820099,-18.376260,48.151683,-24.316168,-15.127414,16.655437,-24.154318,-15.169098,16.619682,0.200000,
-24.155743,-15.173678,16.613509,-27.820099,-18.376261,48.151683,-24.088648,-15.192987,16.595936,-24.154321,-15.169107,16.619669,0.200000,
-24.155743,-15.173678,16.613509,-27.820099,-18.376261,48.151684,-24.316168,-15.127414,16.655437,-24.154324,-15.169116,16.619657,0.200000,
-24.155743,-15.173678,16.613509,-27.820098,-18.376261,48.151684,-24.088648,-15.192987,16.595936,-24.154327,-15.169125,16.619645,0.200000,
-24.155743,-15.173678,16.613509,-27.820098,-18.376261,48.151684,-24.316168,-15.127414,16.655437,-24.154329,-15.169134,16.619633,0.200000,
-24.155743,-15.173678,16.613509,-27.820098,-18.376261,48.151684,-24.088648,-15.192987,16.595936,-24.154332,-15.169143,16.619620,0.200000,
-24.155743,-15.173678,16.613509,-27.820098,-18.376261,48.151685,-24.316168,-15.127414,16.655437,-24.154335,-15.169152,16.619608,0.200000,
-24.155743,-15.173678,16.613509,-27.820098,-18.376261,48.151685,-24.088648,-15.192987,16.595936,-24.154338,-15.169161,16.619596,0.200000,
-24.155743,-15.173678,16.613509,-27.820098,-18.376261,48.151685,-24.316168,-15.127414,16.655436,-24.154341,-15.169170,16.619584,0.200000,
-24.155743,-15.173678,16.613509,-27.820098,-18.376261,48.151685,-24.088647,-15.192987,16.595936,-24.154343,-15.169179,16.619572,0.200000,
-24.155743,-15.173678,16.613509,-27.820098,-18.376261,48.151685,-24.316167,-15.127414,16.655436,-24.154346,-15.169188,16.619560,0.200000,
-24.155743,-15.173678,16.613509,-27.820098,-18.376261,48.151686,-24.088647,-15.192988,16.595936,-24.154349,-15.169197,16.619548,0.200000,
-24.155743,-15.173678,16.613509,-27.820098,-18.376261,48.151686,-24.316167,-15.127414,16.655436,-24.154352,-15.169206,16.619536,0.200000,
-24.155743,-15.173678,16.613509,-27.820098,-18.376261,48.151686,-24.088647,-15.192988,16.595936,-24.154355,-15.169215,16.619524,0.200000,
-24.155743,-15.173678,16.613509,-27.820098,-18.376261,48.151686,-24.316167,-15.127414,16.655436,-24.154357,-15.169224,16.619512,0.200000,
-24.155743,-15.173678,16.613509,-27.820098,-18.376261,48.151686,-24.088647,-15.192988,16.595935,-24.154360,-15.169233,16.619500,0.200000,
-24.155743,-15.173678,16.613509,-27.820098,-18.376261,48.151687,-24.316167,-15.127414,16.655436,-24.154363,-15.169242,16.619488,0.200000,
-24.155743,-15.173678,16.613509,-27.820098,-18.376261,48.151687,-24.088647,-15.192988,16.595935,-24.154366,-15.169250,16.619476,0.200000,
-24.155743,-15.173678,16.613509,-27.820098,-18.376261,48.151687,-24.316167,-15.127414,16.655436,-24.154369,-15.169259,16.619464,0.200000,
-24.155743,-15.173678,16.613509,-27.820098,-18.376261,48.151687,-24.088646,-15.192988,16.595935,-24.154371,-15.169268,16.619452,0.200000,
-24.155743,-15.173678,16.613509,-27.820098,-18.376261,48.151687,-24.316166,-15.127414,16.655436,-24.154374,-15.169277,16.619440,0.200000,
-24.155743,-15.173678,16.613509,-27.820098,-18.376261,48.151688,-24.088646,-15.192988,16.595935,-24.154377,-15.169286,16.619428,0.200000,
-24.155743,-15.173678,16.613509,-27.820098,-18.376262,48.151688,-24.316166,-15.127414,16.655436,-24.154380,-15.169294,16.619416,0.200000,
-24.155743,-15.173678,16.613509,-27.820098,-18.376262,48.151688,-24.088646,-15.192988,16.595935,-24.154382,-15.169303,16.619405,0.200000,
-24.155743,-15.173678,16.613509,-27.820098,-18.376262,48.151688,-24.316166,-15.127414,16.655436,-24.154385,-15.169312,16.619393,0.200000,
-24.155743,-15.173678,16.613509,-27.820098,-18.376262,48.151689,-24.088646,-15.192988,16.595935,-24.154388,-15.169321,16.619381,0.200000,
-24.155743,-15.173678,16.613509,-27.820098,-18.376262,48.151689,-24.316166,-15.127414,16.655436,-24.154391,-15.169329,16.619369,0.200000,
-24.155743,-15.173678,16.613509,-27.820098,-18.376262,48.151689,-24.088646,-15.192988,16.595935,-24.154393,-15.169338,16.619358,0.200000,
-24.155743,-15.173678,16.613509,-27.820098,-18.376262,48.151689,-24.316166,-15.127414,16.655436,-24.154396,-15.169347,16.619346,0.200000,
-24.155743,-15.173678,16.613509,-27.820098,-18.376262,48.151689,-24.088646,-15.192988,16.595935,-24.154399,-15.169355,16.619334,0.200000,
-24.155743,-15.173678,16.613509,-27.820098,-18.376262,48.151690,-24.316165,-15.127415,16.655436,-24.154401,-15.169364,16.619323,0.200000,
-24.155743,-15.173678,16.613509,-27.820098,-18.376262,48.151690,-24.088645,-15.192988,16.595935,-24.154404,-15.169372,16.619311,0.200000,
-24.155743,-15.173678,16.613509,-27.820098,-18.376262,48.151690,-24.316165,-15.127415,16.655436,-24.154407,-15.169381,16.619300,0.200000,
-24.155743,-15.173678,16.613509,-27.820098,-18.376262,48.151690,-24.088645,-15.192988,16.595935,-24.154409,-15.169390,16.619288,0.200000,
-24.155743,-15.173678,16.613509,-27.820098,-18.376262,48.151690,-24.316165,-15.127415,16.655436,-24.154412,-15.169398,16.619276,0.200000,
-24.155743,-15.173678,16.613509,-27.820098,-18.376262,48.151690,-24.088645,-15.192988,16.595935,-24.154415,-15.169407,16.619265,0.200000,
-24.155743,-15.173678,16.613509,-27.820098,-18.376262,48.151691,-24.316165,-15.127415,16.655436,-24.154417,-15.169415,16.619254,0.200000,
-24.155743,-15.173678,16.613509,-27.820098,-18.376262,48.151691,-24.088645,-15.192988,16.595935,-24.154420,-15.169424,16.619242,0.200000,
-24.155743,-15.173678,16.613509,-27.820098,-18.376262,48.151691,-24.316165,-15.127415,16.655436,-24.154423,-15.169432,16.619231,0.200000,
-24.155743,-15.173678,16.613509,-27.820098,-18.376262,48.151691,-24.088645,-15.192988,16.595935,-24.154425,-15.169441,16.619219,0.200000,
-24.155743,-15.173678,16.613509,-27.820097,-18.376262,48.151691,-24.316165,-15.127415,16.655436,-24.154428,-15.169449,16.619208,0.200000,
-24.155743,-15.173678,16.613509,-27.820097,-18.376262,48.151692,-24.088644,-15.192988,16.595935,-24.154431,-15.169458,16.619196,0.200000,
-24.155743,-15.173678,16.613509,-27.820097,-18.376262,48.151692,-24.316164,-15.127415,16.655436,-24.154433,-15.169466,16.619185,0.200000,
-24.155743,-15.173678,16.613509,-27.820097,-18.376262,48.151692,-24.088644,-15.192988,16.595935,-24.154436,-15.169474,16.619174,0.200000,
-24.155743,-15.173678,16.613509,-27.820097,-18.376262,48.151692,-24.316164,-15.127415,16.655436,-24.154439,-15.169483,16.619162,0.200000,
-24.155743,-15.173678,16.613509,-27.820097,-18.376262,48.151692,-24.088644,-15.192988,16.595935,-24.154441,-15.169491,16.619151,0.200000,
-24.155743,-15.173678,16.613509,-27.820097,-18.376263,48.151693,-24.316164,-15.127415,16.655436,-24.154444,-15.169500,16.619140,0.200000,
-24.155743,-15.173678,16.613509,-27.820097,-18.376263,48.151693,-24.088644,-15.192988,16.595935,-24.154446,-15.169508,16.619129,0.200000,
-24.155743,-15.173678,16.613509,-27.820097,-18.376263,48.151693,-24.316164,-15.127415,16.655436,-24.154449,-15.169516,16.619117,0.200000,
-24.155743,-15.173678,16.613509,-27.820097,-18.376263,48.151693,-24.088644,-15.192989,16.595935,-24.154452,-15.169524,16.619106,0.200000,
-24.155743,-15.173678,16.613509,-27.820097,-18.376263,48.151693,-24.316164,-15.127415,16.655435,-24.154454,-15.169533,16.619095,0.200000,
-24.155743,-15.173678,16.613509,-27.820097,-18.376263,48.151694,-24.088643,-15.192989,16.595935,-24.154457,-15.169541,16.619084,0.200000,
-24.155743,-15.173678,16.613509,-27.820097,-18.376263,48.151694,-24.316163,-15.127415,16.655435,-24.154459,-15.169549,16.619073,0.200000,
-24.155743,-15.173678,16.613509,-27.820097,-18.376263,48.151694,-24.088643,-15.192989,16.595935,-24.154462,-15.169558,16.619062,0.200000,
-24.155743,-15.173678,16.613509,-27.820097,-18.376263,48.151694,-24.316163,-15.127415,16.655435,-24.154465,-15.169566,16.619051,0.200000,
-24.155743,-15.173678,16.613509,-27.820097,-18.376263,48.151694,-24.088643,-15.192989,16.595934,-24.154467,-15.169574,16.619040,0.200000,
-24.155743,-15.173678,16.613509,-27.820097,-18.376263,48.151694,-24.316163,-15.127415,16.655435,-24.154470,-15.169582,16.619029,0.200000,
-24.155743,-15.173678,16.613509,-27.820097,-18.376263,48.151695,-24.088643,-15.192989,16.595934,-24.154472,-15.169590,16.619018,0.200000,
-24.155743,-15.173678,16.613509,-27.820097,-18.376263,48.151695,-24.316163,-15.127415,16.655435,-24.154475,-15.169598,16.619007,0.200000,
-24.155743,-15.173678,16.613509,-27.820097,-18.376263,48.151695,-24.088643,-15.192989,16.595934,-24.154477,-15.169607,16.618996,0.200000,
-24.155743,-15.173678,16.613509,-27.820097,-18.376263,48.151695,-24.316163,-15.127415,16.655435,-24.154480,-15.169615,16.618985,0.200000,
-24.155743,-15.173678,16.613509,-27.820097,-18.376263,48.151695,-24.088643,-15.192989,16.595934,-24.154482,-15.169623,16.618974,0.200000,
-24.155743,-15.173678,16.613509,-27.820097,-18.376263,48.151696,-24.316162,-15.127415,16.655435,-24.154485,-15.169631,16.618963,0.200000,
-24.155743,-15.173678,16.613509,-27.820097,-18.376263,48.151696,-24.088642,-15.192989,16.595934,-24.154487,-15.169639,16.618952,0.200000,
-24.155743,-15.173678,16.613509,-27.820097,-18.376263,48.151696,-24.316162,-15.127415,16.655435,-24.154490,-15.169647,16.618941,0.200000,
-24.155743,-15.173678,16.613509,-27.820097,-18.376263,48.151696,-24.088642,-15.192989,16.595934,-24.154492,-15.169655,16.618930,0.200000,
-24.155743,-15.173678,16.613509,-27.820097,-18.376263,48.151696,-24.316162,-15.127415,16.655435,-24.154495,-15.169663,16.618919,0.200000,
-24.155743,-15.173678,16.613509,-27.820097,-18.376263,48.151696,-24.088642,-15.192989,16.595934,-24.154498,-15.169671,16.618909,0.200000,
-24.155743,-15.173678,16.613509,-27.820097,-18.376263,48.151697,-24.316162,-15.127416,16.655435,-24.154500,-15.169679,16.618898,0.200000,
-24.155743,-15.173678,16.613509,-27.820097,-18.376263,48.151697,-24.088642,-15.192989,16.595934,-24.154503,-15.169687,16.618887,0.200000,
-24.155743,-15.173678,16.613509,-27.820097,-18.376263,48.151697,-24.316162,-15.127416,16.655435,-24.154505,-15.169695,16.618876,0.200000,
-24.155743,-15.173678,16.613509,-27.820097,-18.376263,48.151697,-24.088642,-15.192989,16.595934,-24.154507,-15.169703,16.618866,0.200000,
-24.155743,-15.173678,16.613509,-27.820097,-18.376264,48.151697,-24.316162,-15.127416,16.655435,-24.154510,-15.169711,16.618855,0.200000,
-24.155743,-15.173678,16.613509,-27.820097,-18.376264,48.151697,-24.088641,-15.192989,16.595934,-24.154512,-15.169719,16.618844,0.200000,
-24.155743,-15.173678,16.613509,-27.820097,-18.376264,48.151698,-24.316161,-15.127416,16.655435,-24.154515,-15.169727,16.618834,0.200000,
-24.155743,-15.173678,16.613509,-27.820097,-18.376264,48.151698,-24.088641,-15.192989,16.595934,-24.154517,-15.169735,16.618823,0.200000,
-24.155743,-15.173678,16.613509,-27.820097,-18.376264,48.151698,-24.316161,-15.127416,16.655435,-24.154520,-15.169742,16.618812,0.200000,
-24.155743,-15.173678,16.613509,-27.820097,-18.376264,48.151698,-24.088641,-15.192989,16.595934,-24.154522,-15.169750,16.618802,0.200000,
-24.155743,-15.173678,16.613509,-27.820097,-18.376264,48.151698,-24.316161,-15.127416,16.655435,-24.154525,-15.169758,16.618791,0.200000,
-24.155743,-15.173678,16.613509,-27.820097,-18.376264,48.151698,-24.088641,-15.192989,16.595934,-24.154527,-15.169766,16.618781,0.200000,
-24.155743,-15.173678,16.613509,-27.820097,-18.376264,48.151699,-24.316161,-15.127416,16.655435,-24.154530,-15.169774,16.618770,0.200000,
-24.155743,-15.173678,16.613509,-27.820097,-18.376264,48.151699,-24.088641,-15.192989,16.595934,-24.154532,-15.169782,16.618760,0.200000,
-24.155743,-15.173678,16.613509,-27.820097,-18.376264,48.151699,-24.316161,-15.127416,16.655435,-24.154534,-15.169789,16.618749,0.200000,
-24.155743,-15.173678,16.613509,-27.820096,-18.376264,48.151699,-24.088640,-15.192989,16.595934,-24.154537,-15.169797,16.618739,0.200000,
-24.155743,-15.173678,16.613509,-27.820096,-18.376264,48.151699,-24.316160,-15.127416,16.655435,-24.154539,-15.169805,16.618728,0.200000,
-24.155743,-15.173678,16.613509,-27.820096,-18.376264,48.151699,-24.088640,-15.192990,16.595934,-24.154542,-15.169813,16.618718,0.200000,
-24.155743,-15.173678,16.613509,-27.820096,-18.376264,48.151700,-24.316160,-15.127416,16.655435,-24.154544,-15.169820,16.618707,0.200000,
-24.155743,-15.173678,16.613509,-27.820096,-18.376264,48.151700,-24.088640,-15.192990,16.595934,-24.154547,-15.169828,16.618697,0.200000,
-24.155743,-15.173678,16.613509,-27.820096,-18.376264,48.151700,-24.316160,-15.127416,16.655435,-24.154549,-15.169836,16.618687,0.200000,
-24.155743,-15.173678,16.613509,-27.820096,-18.376264,48.151700,-24.088640,-15.192990,16.595934,-24.154551,-15.169843,16.618676,0.200000,
-24.155743,-15.173678,16.613509,-27.820096,-18.376264,48.151700,-24.316160,-15.127416,16.655434,-24.154554,-15.169851,16.618666,0.200000,
-24.155743,-15.173678,16.613509,-27.820096,-18.376264,48.151700,-24.088640,-15.192990,16.595934,-24.154556,-15.169859,16.618656,0.200000,
-24.155743,-15.173678,16.613509,-27.820096,-18.376264,48.151701,-24.316160,-15.127416,16.655434,-24.154559,-15.169866,16.618646,0.200000,
-24.155743,-15.173678,16.613509,-27.820096,-18.376264,48.151701,-24.088640,-15.192990,16.595934,-24.154561,-15.169874,16.618635,0.200000,
-24.155743,-15.173678,16.613509,-27.820096,-18.376264,48.151701,-24.316159,-15.127416,16.655434,-24.154563,-15.169881,16.618625,0.200000,
-24.155743,-15.173678,16.613509,-27.820096,-18.376264,48.151701,-24.088639,-15.192990,16.595934,-24.154566,-15.169889,16.618615,0.200000,
-24.155743,-15.173678,16.613509,-27.820096,-18.376264,48.151701,-24.316159,-15.127416,16.655434,-24.154568,-15.169897,16.618605,0.200000,
-24.155743,-15.173678,16.613509,-27.820096,-18.376264,48.151701,-24.088639,-15.192990,16.595933,-24.154570,-15.169904,16.618595,0.200000,
-24.155743,-15.173678,16.613509,-27.820096,-18.376264,48.151701,-24.316159,-15.127416,16.655434,-24.154573,-15.169912,16.618584,0.200000,
-24.155743,-15.173678,16.613509,-27.820096,-18.376264,48.151702,-24.088639,-15.192990,16.595933,-24.154575,-15.169919,16.618574,0.200000,
-24.155743,-15.173678,16.613509,-27.820096,-18.376265,48.151702,-24.316159,-15.127416,16.655434,-24.154577,-15.169927,16.618564,0.200000,
-24.155743,-15.173678,16.613509,-27.820096,-18.376265,48.151702,-24.088639,-15.192990,16.595933,-24.154580,-15.169934,16.618554,0.200000,
-24.155743,-15.173678,16.613509,-27.820096,-18.376265,48.151702,-24.316159,-15.127416,16.655434,-24.154582,-15.169942,16.618544,0.200000,
-24.155743,-15.173678,16.613509,-27.820096,-18.376265,48.151702,-24.088639,-15.192990,16.595933,-24.154584,-15.169949,16.618534,0.200000,
-24.155743,-15.173678,16.613509,-27.820096,-18.376265,48.151702,-24.316159,-15.127417,16.655434,-24.154587,-15.169956,16.618524,0.200000,
-24.155743,-15.173678,16.613509,-27.820096,-18.376265,48.151703,-24.088638,-15.192990,16.595933,-24.154589,-15.169964,16.618514,0.200000,
-24.155743,-15.173678,16.613509,-27.820096,-18.376265,48.151703,-24.316158,-15.127417,16.655434,-24.154591,-15.169971,16.618504,0.200000,
-24.155743,-15.173678,16.613509,-27.820096,-18.376265,48.151703,-24.088638,-15.192990,16.595933,-24.154594,-15.169979,16.618494,0.200000,
-24.155743,-15.173678,16.613509,-27.820096,-18.376265,48.151703,-24.316158,-15.127417,16.655434,-24.154596,-15.169986,16.618484,0.200000,
-24.155743,-15.173678,16.613509,-27.820096,-18.376265,48.151703,-24.088638,-15.192990,16.595933,-24.154598,-15.169993,16.618474,0.200000,
-24.155743,-15.173678,16.613509,-27.820096,-18.376265,48.151703,-24.316158,-15.127417,16.655434,-24.154601,-15.170001,16.618464,0.200000,
-24.155743,-15.173678,16.613509,-27.820096,-18.376265,48.151703,-24.088638,-15.192990,16.595933,-24.154603,-15.170008,16.618454,0.200000,
-24.155743,-15.173678,16.613509,-27.820096,-18.376265,48.151704,-24.316158,-15.127417,16.655434,-24.154605,-15.170015,16.618444,0.200000,
-24.155743,-15.173678,16.613509,-27.820096,-18.376265,48.151704,-24.088638,-15.192990,16.595933,-24.154607,-15.170023,16.618435,0.200000,
-24.155743,-15.173678,16.613509,-27.820096,-18.376265,48.151704,-24.316158,-15.127417,16.655434,-24.154610,-15.170030,16.618425,0.200000,
-24.155743,-15.173678,16.613509,-27.820096,-18.376265,48.151704,-24.088637,-15.192990,16.595933,-24.154612,-15.170037,16.618415,0.200000,
-24.155743,-15.173678,16.613509,-27.820096,-18.376265,48.151704,-24.316157,-15.127417,16.655434,-24.154614,-15.170045,16.618405,0.200000,
-24.155743,-15.173678,16.613509,-27.820096,-18.376265,48.151704,-24.088637,-15.192990,16.595933,-24.154617,-15.170052,16.618395,0.200000,
-24.155743,-15.173678,16.613509,-27.820096,-18.376265,48.151704,-24.316157,-15.127417,16.655434,-24.154619,-15.170059,16.618386,0.200000,
-24.155743,-15.173678,16.613509,-27.820096,-18.376265,48.151705,-24.088637,-15.192990,16.595933,-24.154621,-15.170066,16.618376,0.200000,
-24.155743,-15.173678,16.613509,-27.820096,-18.376265,48.151705,-24.316157,-15.127417,16.655434,-24.154623,-15.170074,16.618366,0.200000,
-24.155743,-15.173678,16.613509,-27.820096,-18.376265,48.151705,-24.088637,-15.192990,16.595933,-24.154626,-15.170081,16.618356,0.200000,
-24.155743,-15.173678,16.613509,-27.820096,-18.376265,48.151705,-24.316157,-15.127417,16.655434,-24.154628,-15.170088,16.618347,0.200000,
-24.155743,-15.173678,16.613509,-27.820096,-18.376265,48.151705,-24.088637,-15.192991,16.595933,-24.154630,-15.170095,16.618337,0.200000,
-24.155743,-15.173678,16.613509,-27.820096,-18.376265,48.151705,-24.316157,-15.127417,16.655434,-24.154632,-15.170102,16.618327,0.200000,
-24.155743,-15.173678,16.613509,-27.820096,-18.376265,48.151705,-24.088637,-15.192991,16.595933,-24.154634,-15.170109,16.618318,0.200000,
-24.155743,-15.173678,16.613509,-27.820096,-18.376265,48.151706,-24.316157,-15.127417,16.655434,-24.154637,-15.170116,16.618308,0.200000,
-24.155743,-15.173678,16.613509,-27.820096,-18.376265,48.151706,-24.088636,-15.192991,16.595933,-24.154639,-15.170124,16.618299,0.200000,
-24.155743,-15.173678,16.613509,-27.820096,-18.376265,48.151706,-24.316156,-15.127417,16.655434,-24.154641,-15.170131,16.618289,0.200000,
-24.155743,-15.173678,16.613509,-27.820096,-18.376265,48.151706,-24.088636,-15.192991,16.595933,-24.154643,-15.170138,16.618280,0.200000,
-24.155743,-15.173678,16.613509,-27.820096,-18.376265,48.151706,-24.316156,-15.127417,16.655434,-24.154646,-15.170145,16.618270,0.200000,
-24.155743,-15.173678,16.613509,-27.820096,-18.376265,48.151706,-24.088636,-15.192991,16.595933,-24.154648,-15.170152,16.618261,0.200000,
-24.155743,-15.173678,16.613509,-27.820096,-18.376265,48.151706,-24.316156,-15.127417,16.655433,-24.154650,-15.170159,16.618251,0.200000,
-24.155743,-15.173678,16.613509,-27.820096,-18.376266,48.151706,-24.088636,-15.192991,16.595933,-24.154652,-15.170166,16.618242,0.200000,
-24.155743,-15.173678,16.613509,-27.820095,-18.376266,48.151707,-24.316156,-15.127417,16.655433,-24.154654,-15.170173,16.618232,0.200000,
-24.155743,-15.173678,16.613509,-27.820095,-18.376266,48.151707,-24.088636,-15.192991,16.595933,-24.154657,-15.170180,16.618223,0.200000,
-24.155743,-15.173678,16.613509,-27.820095,-18.376266,48.151707,-24.316156,-15.127417,16.655433,-24.154659,-15.170187,16.618213,0.200000,
-24.155743,-15.173678,16.613509,-27.820095,-18.376266,48.151707,-24.088635,-15.192991,16.595932,-24.154661,-15.170194,16.618204,0.200000,
-24.155743,-15.173678,16.613509,-27.820095,-18.376266,48.151707,-24.316155,-15.127417,16.655433,-24.154663,-15.170201,16.618195,0.200000,
-24.155743,-15.173678,16.613509,-27.820095,-18.376266,48.151707,-24.088635,-15.192991,16.595932,-24.154665,-15.170208,16.618185,0.200000,
-24.155743,-15.173678,16.613509,-27.820095,-18.376266,48.151707,-24.316155,-15.127417,16.655433,-24.154667,-15.170215,16.618176,0.200000,
-24.155743,-15.173678,16.613509,-27.820095,-18.376266,48.151708,-24.088635,-15.192991,16.595932,-24.154670,-15.170222,16.618167,0.200000,
-24.155743,-15.173678,16.613509,-27.820095,-18.376266,48.151708,-24.316155,-15.127418,16.655433,-24.154672,-15.170228,16.618157,0.200000,
-24.155743,-15.173678,16.613509,-27.820095,-18.376266,48.151708,-24.088635,-15.192991,16.595932,-24.154674,-15.170235,16.618148,0.200000,
-24.155743,-15.173678,16.613509,-27.820095,-18.376266,48.151708,-24.316155,-15.127418,16.655433,-24.154676,-15.170242,16.618139,0.200000,
-24.155743,-15.173678,16.613509,-27.820095,-18.376266,48.151708,-24.088635,-15.192991,16.595932,-24.154678,-15.170249,16.618130,0.200000,
-24.155743,-15.173678,16.613509,-27.820095,-18.376266,48.151708,-24.316155,-15.127418,16.655433,-24.154680,-15.170256,16.618120,0.200000,
-24.155743,-15.173678,16.613509,-27.820095,-18.376266,48.151708,-24.088634,-15.192991,16.595932,-24.154682,-15.170263,16.618111,0.200000,
-24.155743,-15.173678,16.613509,-27.820095,-18.376266,48.151708,-24.316154,-15.127418,16.655433,-24.154685,-15.170270,16.618102,0.200000,
-24.155743,-15.173678,16.613509,-27.820095,-18.376266,48.151709,-24.088634,-15.192991,16.595932,-24.154687,-15.170276,16.618093,0.200000,
-24.155743,-15.173678,16.613509,-27.820095,-18.376266,48.151709,-24.316154,-15.127418,16.655433,-24.154689,-15.170283,16.618084,0.200000,
-24.155743,-15.173678,16.613509,-27.820095,-18.376266,48.151709,-24.088634,-15.192991,16.595932,-24.154691,-15.170290,16.618074,0.200000,
-24.155743,-15.173678,16.613509,-27.820095,-18.376266,48.151709,-24.316154,-15.127418,16.655433,-24.154693,-15.170297,16.618065,0.200000,
-24.155743,-15.173678,16.613509,-27.820095,-18.376266,48.151709,-24.088634,-15.192991,16.595932,-24.154695,-15.170303,16.618056,0.200000,
-24.155743,-15.173678,16.613509,-27.820095,-18.376266,48.151709,-24.316154,-15.127418,16.655433,-24.154697,-15.170310,16.618047,0.200000,
-24.155743,-15.173678,16.613509,-27.820095,-18.376266,48.151709,-24.088634,-15.192991,16.595932,-24.154699,-15.170317,16.618038,0.200000,
-24.155743,-15.173678,16.613509,-27.820095,-18.376266,48.151709,-24.316154,-15.127418,16.655433,-24.154701,-15.170324,16.618029,0.200000,
-24.155743,-15.173678,16.613509,-27.820095,-18.376266,48.151710,-24.088634,-15.192991,16.595932,-24.154703,-15.170330,16.618020,0.200000,
-24.155743,-15.173678,16.613509,-27.820095,-18.376266,48.151710,-24.316154,-15.127418,16.655433,-24.154706,-15.170337,16.618011,0.200000,
-24.155743,-15.173678,16.613509,-27.820095,-18.376266,48.151710,-24.088633,-15.192991,16.595932,-24.154708,-15.170344,16.618002,0.200000,
-24.155743,-15.173678,16.613509,-27.820095,-18.376266,48.151710,-24.316153,-15.127418,16.655433,-24.154710,-15.170350,16.617993,0.200000,
-24.155743,-15.173678,16.613509,-27.820095,-18.376266,48.151710,-24.088633,-15.192992,16.595932,-24.154712,-15.170357,16.617984,0.200000,
-24.155743,-15.173678,16.613509,-27.820095,-18.376266,48.151710,-24.316153,-15.127418,16.655433,-24.154714,-15.170363,16.617975,0.200000,
-24.155743,-15.173678,16.613509,-27.820095,-18.376266,48.151710,-24.088633,-15.192992,16.595932,-24.154716,-15.170370,16.617966,0.200000,
-24.155743,-15.173678,16.613509,-27.820095,-18.376266,48.151710,-24.316153,-15.127418,16.655433,-24.154718,-15.170377,16.617957,0.200000,
-24.155743,-15.173678,16.613509,-27.820095,-18.376266,48.151711,-24.088633,-15.192992,16.595932,-24.154720,-15.170383,16.617949,0.200000,
-24.155743,-15.173678,16.613509,-27.820095,-18.376266,48.151711,-24.316153,-15.127418,16.655433,-24.154722,-15.170390,16.617940,0.200000,
-24.155743,-15.173678,16.613509,-27.820095,-18.376266,48.151711,-24.088633,-15.192992,16.595932,-24.154724,-15.170396,16.617931,0.200000,
-24.155743,-15.173678,16.613509,-27.820095,-18.376266,48.151711,-24.316153,-15.127418,16.655433,-24.154726,-15.170403,16.617922,0.200000,
-24.155743,-15.173678,16.613509,-27.820095,-18.376267,48.151711,-24.088632,-15.192992,16.595932,-24.154728,-15.170410,16.617913,0.200000,
-24.155743,-15.173678,16.613509,-27.820095,-18.376267,48.151711,-24.316152,-15.127418,16.655433,-24.154730,-15.170416,16.617904,0.200000,
-24.155743,-15.173678,16.613509,-27.820095,-18.376267,48.151711,-24.088632,-15.192992,16.595932,-24.154732,-15.170423,16.617896,0.200000,
-24.155743,-15.173678,16.613509,-27.820095,-18.376267,48.151711,-24.316152,-15.127418,16.655432,-24.154734,-15.170429,16.617887,0.200000,
-24.155743,-15.173678,16.613509,-27.820095,-18.376267,48.151711,-24.088632,-15.192992,16.595932,-24.154736,-15.170436,16.617878,0.200000,
-24.155743,-15.173678,16.613509,-27.820095,-18.376267,48.151712,-24.316152,-15.127418,16.655432,-24.154738,-15.170442,16.617869,0.200000,
-24.155743,-15.173678,16.613509,-27.820095,-18.376267,48.151712,-24.088632,-15.192992,16.595932,-24.154740,-15.170448,16.617861,0.200000,
-24.155743,-15.173678,16.613509,-27.820095,-18.376267,48.151712,-24.316152,-15.127418,16.655432,-24.154742,-15.170455,16.617852,0.200000,
-24.155743,-15.173678,16.613509,-27.820095,-18.376267,48.151712,-24.088632,-15.192992,16.595932,-24.154744,-15.170461,16.617843,0.200000,
-24.155743,-15.173678,16.613509,-27.820095,-18.376267,48.151712,-24.316152,-15.127419,16.655432,-24.154746,-15.170468,16.617835,0.200000,
-24.155743,-15.173678,16.613509,-27.820095,-18.376267,48.151712,-24.088631,-15.192992,16.595931,-24.154748,-15.170474,16.617826,0.200000,
-24.155743,-15.173678,16.613509,-27.820095,-18.376267,48.151712,-24.316151,-15.127419,16.655432,-24.154750,-15.170481,16.617818,0.200000,
-24.155743,-15.173678,16.613509,-27.820095,-18.376267,48.151712,-24.088631,-15.192992,16.595931,-24.154752,-15.170487,16.617809,0.200000,
-24.155743,-15.173678,16.613509,-27.820095,-18.376267,48.151713,-24.316151,-15.127419,16.655432,-24.154754,-15.170493,16.617800,0.200000,
-24.155743,-15.173678,16.613509,-27.820095,-18.376267,48.151713,-24.088631,-15.192992,16.595931,-24.154756,-15.170500,16.617792,0.200000,
-24.155743,-15.173678,16.613509,-27.820095,-18.376267,48.151713,-24.316151,-15.127419,16.655432,-24.154758,-15.170506,16.617783,0.200000,
-24.155743,-15.173678,16.613509,-27.820095,-18.376267,48.151713,-24.088631,-15.192992,16.595931,-24.154760,-15.170512,16.617775,0.200000,
-24.155743,-15.173678,16.613509,-27.820095,-18.376267,48.151713,-24.316151,-15.127419,16.655432,-24.154762,-15.170519,16.617766,0.200000,
-24.155743,-15.173678,16.613509,-27.820095,-18.376267,48.151713,-24.088631,-15.192992,16.595931,-24.154764,-15.170525,16.617758,0.200000,
-24.155743,-15.173678,16.613509,-27.820095,-18.376267,48.151713,-24.316151,-15.127419,16.655432,-24.154766,-15.170531,16.617749,0.200000,
-24.155743,-15.173678,16.613509,-27.820095,-18.376267,48.151713,-24.088631,-15.192992,16.595931,-24.154768,-15.170537,16.617741,0.200000,
-24.155743,-15.173678,16.613509,-27.820095,-18.376267,48.151713,-24.316151,-15.127419,16.655432,-24.154770,-15.170544,16.617732,0.200000,
-24.155743,-15.173678,16.613509,-27.820095,-18.376267,48.151714,-24.088630,-15.192992,16.595931,-24.154772,-15.170550,16.617724,0.200000,
-24.155743,-15.173678,16.613509,-27.820095,-18.376267,48.151714,-24.316150,-15.127419,16.655432,-24.154774,-15.170556,16.617715,0.200000,
-24.155743,-15.173678,16.613509,-27.820095,-18.376267,48.151714,-24.088630,-15.192992,16.595931,-24.154776,-15.170562,16.617707,0.200000,
-24.155743,-15.173678,16.613509,-27.820095,-18.376267,48.151714,-24.316150,-15.127419,16.655432,-24.154778,-15.170569,16.617699,0.200000,
-24.155743,-15.173678,16.613509,-27.820095,-18.376267,48.151714,-24.088630,-15.192992,16.595931,-24.154780,-15.170575,16.617690,0.200000,
-24.155743,-15.173678,16.613509,-27.820095,-18.376267,48.151714,-24.316150,-15.127419,16.655432,-24.154782,-15.170581,16.617682,0.200000,
-24.155743,-15.173678,16.613509,-27.820095,-18.376267,48.151714,-24.088630,-15.192993,16.595931,-24.154784,-15.170587,16.617674,0.200000,
-24.155743,-15.173678,16.613509,-27.820094,-18.376267,48.151714,-24.316150,-15.127419,16.655432,-24.154786,-15.170593,16.617665,0.200000,
-24.155743,-15.173678,16.613509,-27.820094,-18.376267,48.151714,-24.088630,-15.192993,16.595931,-24.154788,-15.170600,16.617657,0.200000,
-24.155743,-15.173678,16.613509,-27.820094,-18.376267,48.151714,-24.316150,-15.127419,16.655432,-24.154789,-15.170606,16.617649,0.200000,
-24.155743,-15.173678,16.613509,-27.820094,-18.376267,48.151715,-24.088629,-15.192993,16.595931,-24.154791,-15.170612,16.617641,0.200000,
-24.155743,-15.173678,16.613509,-27.820094,-18.376267,48.151715,-24.316149,-15.127419,16.655432,-24.154793,-15.170618,16.617632,0.200000,
-24.155743,-15.173678,16.613509,-27.820094,-18.376267,48.151715,-24.088629,-15.192993,16.595931,-24.154795,-15.170624,16.617624,0.200000,
-24.155743,-15.173678,16.613509,-27.820094,-18.376267,48.151715,-24.316149,-15.127419,16.655432,-24.154797,-15.170630,16.617616,0.200000,
-24.155743,-15.173678,16.613509,-27.820094,-18.376267,48.151715,-24.088629,-15.192993,16.595931,-24.154799,-15.170636,16.617608,0.200000,
-24.155743,-15.173678,16.613509,-27.820094,-18.376267,48.151715,-24.316149,-15.127419,16.655432,-24.154801,-15.170642,16.617599,0.200000,
-24.155743,-15.173678,16.613509,-27.820094,-18.376267,48.151715,-24.088629,-15.192993,16.595931,-24.154803,-15.170648,16.617591,0.200000,
-24.155743,-15.173678,16.613509,-27.820094,-18.376267,48.151715,-24.316149,-15.127419,16.655432,-24.154805,-15.170654,16.617583,0.200000,
-24.155743,-15.173678,16.613509,-27.820094,-18.376267,48.151715,-24.088629,-15.192993,16.595931,-24.154807,-15.170660,16.617575,0.200000,
-24.155743,-15.173678,16.613509,-27.820094,-18.376267,48.151715,-24.316149,-15.127419,16.655432,-24.154808,-15.170666,16.617567,0.200000,
-24.155743,-15.173678,16.613509,-27.820094,-18.376267,48.151716,-24.088629,-15.192993,16.595931,-24.154810,-15.170672,16.617559,0.200000,
-24.155743,-15.173678,16.613509,-27.820094,-18.376268,48.151716,-24.316148,-15.127419,16.655432,-24.154812,-15.170678,16.617551,0.200000,
-24.155743,-15.173678,16.613509,-27.820094,-18.376268,48.151716,-24.088628,-15.192993,16.595931,-24.154814,-15.170684,16.617543,0.200000,
-24.155743,-15.173678,16.613509,-27.820094,-18.376268,48.151716,-24.316148,-15.127419,16.655431,-24.154816,-15.170690,16.617535,0.200000,
-24.155743,-15.173678,16.613509,-27.820094,-18.376268,48.151716,-24.088628,-15.192993,16.595931,-24.154818,-15.170696,16.617527,0.200000,
-24.155743,-15.173678,16.613509,-27.820094,-18.376268,48.151716,-24.316148,-15.127420,16.655431,-24.154820,-15.170702,16.617519,0.200000,
-24.155743,-15.173678,16.613509,-27.820094,-18.376268,48.151716,-24.088628,-15.192993,16.595931,-24.154821,-15.170708,16.617511,0.200000,
-24.155743,-15.173678,16.613509,-27.820094,-18.376268,48.151716,-24.316148,-15.127420,16.655431,-24.154823,-15.170714,16.617503,0.200000,
-24.155743,-15.173678,16.613509,-27.820094,-18.376268,48.151716,-24.088628,-15.192993,16.595930,-24.154825,-15.170720,16.617495,0.200000,
-24.155743,-15.173678,16.613509,-27.820094,-18.376268,48.151716,-24.316148,-15.127420,16.655431,-24.154827,-15.170726,16.617487,0.200000,
-24.155743,-15.173678,16.613509,-27.820094,-18.376268,48.151717,-24.088628,-15.192993,16.595930,-24.154829,-15.170732,16.617479,0.200000,
-24.155743,-15.173678,16.613509,-27.820094,-18.376268,48.151717,-24.316148,-15.127420,16.655431,-24.154831,-15.170738,16.617471,0.200000,
-24.155743,-15.173678,16.613509,-27.820094,-18.376268,48.151717,-24.088627,-15.192993,16.595930,-24.154832,-15.170744,16.617463,0.200000,
-24.155743,-15.173678,16.613509,-27.820094,-18.376268,48.151717,-24.316147,-15.127420,16.655431,-24.154834,-15.170749,16.617455,0.200000,
-24.155743,-15.173678,16.613509,-27.820094,-18.376268,48.151717,-24.088627,-15.192993,16.595930,-24.154836,-15.170755,16.617447,0.200000,
-24.155743,-15.173678,16.613509,-27.820094,-18.376268,48.151717,-24.316147,-15.127420,16.655431,-24.154838,-15.170761,16.617439,0.200000,
-24.155743,-15.173678,16.613509,-27.820094,-18.376268,48.151717,-24.088627,-15.192993,16.595930,-24.154840,-15.170767,16.617431,0.200000,
-24.155743,-15.173678,16.613509,-27.820094,-18.376268,48.151717,-24.316147,-15.127420,16.655431,-24.154842,-15.170773,16.617424,0.200000,
-24.155743,-15.173678,16.613509,-27.820094,-18.376268,48.151717,-24.088627,-15.192993,16.595930,-24.154843,-15.170779,16.617416,0.200000,
-24.155743,-15.173678,16.613509,-27.820094,-18.376268,48.151717,-24.316147,-15.127420,16.655431,-24.154845,-15.170784,16.617408,0.200000,
-24.155743,-15.173678,16.613509,-27.820094,-18.376268,48.151718,-24.088627,-15.192993,16.595930,-24.154847,-15.170790,16.617400,0.200000,
-24.155743,-15.173678,16.613509,-27.820094,-18.376268,48.151718,-24.316147,-15.127420,16.655431,-24.154849,-15.170796,16.617392,0.200000,
-24.155743,-15.173678,16.613509,-27.820094,-18.376268,48.151718,-24.088626,-15.192993,16.595930,-24.154851,-15.170802,16.617385,0.200000,
-24.155743,-15.173678,16.613509,-27.820094,-18.376268,48.151718,-24.316146,-15.127420,16.655431,-24.154852,-15.170807,16.617377,0.200000,
-24.155743,-15.173678,16.613509,-27.820094,-18.376268,48.151718,-24.088626,-15.192994,16.595930,-24.154854,-15.170813,16.617369,0.200000,
-24.155743,-15.173678,16.613509,-27.820094,-18.376268,48.151718,-24.316146,-15.127420,16.655431,-24.154856,-15.170819,16.617362,0.200000,
-24.155743,-15.173678,16.613509,-27.820094,-18.376268,48.151718,-24.088626,-15.192994,16.595930,-24.154858,-15.170825,16.617354,0.200000,
-24.155743,-15.173678,16.613509,-27.820094,-18.376268,48.151718,-24.316146,-15.127420,16.655431,-24.154859,-15.170830,16.617346,0.200000,
-24.155743,-15.173678,16.613509,-27.820094,-18.376268,48.151718,-24.088626,-15.192994,16.595930,-24.154861,-15.170836,16.617338,0.200000,
-24.155743,-15.173678,16.613509,-27.820094,-18.376268,48.151718,-24.316146,-15.127420,16.655431,-24.154863,-15.170842,16.617331,0.200000,
-24.155743,-15.173678,16.613509,-27.820094,-18.376268,48.151718,-24.088626,-15.192994,16.595930,-24.154865,-15.170847,16.617323,0.200000,
-24.155743,-15.173678,16.613509,-27.820094,-18.376268,48.151719,-24.316146,-15.127420,16.655431,-24.154867,-15.170853,16.617316,0.200000,
-24.155743,-15.173678,16.613509,-27.820094,-18.376268,48.151719,-24.088626,-15.192994,16.595930,-24.154868,-15.170859,16.617308,0.200000,
-24.155743,-15.173678,16.613509,-27.820094,-18.376268,48.151719,-24.316146,-15.127420,16.655431,-24.154870,-15.170864,16.617300,0.200000,
-24.155743,-15.173678,16.613509,-27.820094,-18.376268,48.151719,-24.088625,-15.192994,16.595930,-24.154872,-15.170870,16.617293,0.200000,
-24.155743,-15.173678,16.613509,-27.820094,-18.376268,48.151719,-24.316145,-15.127420,16.655431,-24.154874,-15.170875,16.617285,0.200000,
-24.155743,-15.173678,16.613509,-27.820094,-18.376268,48.151719,-24.088625,-15.192994,16.595930,-24.154875,-15.170881,16.617278,0.200000,
-24.155743,-15.173678,16.613509,-27.820094,-18.376268,48.151719,-24.316145,-15.127420,16.655431,-24.154877,-15.170887,16.617270,0.200000,
-24.155743,-15.173678,16.613509,-27.820094,-18.376268,48.151719,-24.088625,-15.192994,16.595930,-24.154879,-15.170892,16.617263,0.200000,
-24.155743,-15.173678,16.613509,-27.820094,-18.376268,48.151719,-24.316145,-15.127420,16.655431,-24.154881,-15.170898,16.617255,0.200000,
-24.155743,-15.173678,16.613509,-27.820094,-18.376268,48.151719,-24.088625,-15.192994,16.595930,-24.154882,-15.170903,16.617248,0.200000,
-24.155743,-15.173678,16.613509,-27.820094,-18.376268,48.151719,-24.316145,-15.127421,16.655431,-24.154884,-15.170909,16.617240,0.200000,
-24.155743,-15.173678,16.613509,-27.820094,-18.376268,48.151719,-24.088625,-15.192994,16.595930,-24.154886,-15.170914,16.617233,0.200000,
-24.155743,-15.173678,16.613509,-27.820094,-18.376268,48.151720,-24.316145,-15.127421,16.655430,-24.154887,-15.170920,16.617225,0.200000,
-24.155743,-15.173678,16.613509,-27.820094,-18.376268,48.151720,-24.088624,-15.192994,16.595930,-24.154889,-15.170925,16.617218,0.200000,
-24.155743,-15.173678,16.613509,-27.820094,-18.376268,48.151720,-24.316144,-15.127421,16.655430,-24.154891,-15.170931,16.617211,0.200000,
-24.155743,-15.173678,16.613509,-27.820094,-18.376268,48.151720,-24.088624,-15.192994,16.595930,-24.154893,-15.170936,16.617203,0.200000,
-24.155743,-15.173678,16.613509,-27.820094,-18.376268,48.151720,-24.316144,-15.127421,16.655430,-24.154894,-15.170942,16.617196,0.200000,
-24.155743,-15.173678,16.613509,-27.820094,-18.376268,48.151720,-24.088624,-15.192994,16.595929,-24.154896,-15.170947,16.617188,0.200000,
-24.155743,-15.173678,16.613509,-27.820094,-18.376268,48.151720,-24.316144,-15.127421,16.655430,-24.154898,-15.170953,16.617181,0.200000,
-24.155743,-15.173678,16.613509,-27.820094,-18.376268,48.151720,-24.088624,-15.192994,16.595929,-24.154899,-15.170958,16.617174,0.200000,
-24.155743,-15.173678,16.613509,-27.820094,-18.376269,48.151720,-24.316144,-15.127421,16.655430,-24.154901,-15.170964,16.617167,0.200000,
-24.155743,-15.173678,16.613509,-27.820094,-18.376269,48.151720,-24.088624,-15.192994,16.595929,-24.154903,-15.170969,16.617159,0.200000,
-24.155743,-15.173678,16.613509,-27.820094,-18.376269,48.151720,-24.316144,-15.127421,16.655430,-24.154904,-15.170974,16.617152,0.200000,
-24.155743,-15.173678,16.613509,-27.820094,-18.376269,48.151721,-24.088623,-15.192994,16.595929,-24.154906,-15.170980,16.617145,0.200000,
-24.155743,-15.173678,16.613509,-27.820094,-18.376269,48.151721,-24.316143,-15.127421,16.655430,-24.154908,-15.170985,16.617137,0.200000,
-24.155743,-15.173678,16.613509,-27.820094,-18.376269,48.151721,-24.088623,-15.192994,16.595929,-24.154909,-15.170990,16.617130,0.200000,
-24.155743,-15.173678,16.613509,-27.820094,-18.376269,48.151721,-24.316143,-15.127421,16.655430,-24.154911,-15.170996,16.617123,0.200000,
-24.155743,-15.173678,16.613509,-27.820094,-18.376269,48.151721,-24.088623,-15.192994,16.595929,-24.154913,-15.171001,16.617116,0.200000,
-24.155743,-15.173678,16.613509,-27.820094,-18.376269,48.151721,-24.316143,-15.127421,16.655430,-24.154914,-15.171007,16.617109,0.200000,
-24.155743,-15.173678,16.613509,-27.820094,-18.376269,48.151721,-24.088623,-15.192994,16.595929,-24.154916,-15.171012,16.617101,0.200000,
-24.155743,-15.173678,16.613509,-27.820094,-18.376269,48.151721,-24.316143,-15.127421,16.655430,-24.154918,-15.171017,16.617094,0.200000,
-24.155743,-15.173678,16.613509,-27.820094,-18.376269,48.151721,-24.088623,-15.192995,16.595929,-24.154919,-15.171022,16.617087,0.200000,
-24.155743,-15.173678,16.613509,-27.820094,-18.376269,48.151721,-24.316143,-15.127421,16.655430,-24.154921,-15.171028,16.617080,0.200000,
-24.155743,-15.173678,16.613509,-27.820094,-18.376269,48.151721,-24.088623,-15.192995,16.595929,-24.154923,-15.171033,16.617073,0.200000,
-24.155743,-15.173678,16.613509,-27.820094,-18.376269,48.151721,-24.316143,-15.127421,16.655430,-24.154924,-15.171038,16.617066,0.200000,
-24.155743,-15.173678,16.613509,-27.820094,-18.376269,48.151721,-24.088622,-15.192995,16.595929,-24.154926,-15.171044,16.617059,0.200000,
-24.155743,-15.173678,16.613509,-27.820094,-18.376269,48.151722,-24.316142,-15.127421,16.655430,-24.154928,-15.171049,16.617051,0.200000,
-24.155743,-15.173678,16.613509,-27.820094,-18.376269,48.151722,-24.088622,-15.192995,16.595929,-24.154929,-15.171054,16.617044,0.200000,
-24.155743,-15.173678,16.613509,-27.820094,-18.376269,48.151722,-24.316142,-15.127421,16.655430,-24.154931,-15.171059,16.617037,0.200000,
-24.155743,-15.173678,16.613509,-27.820094,-18.376269,48.151722,-24.088622,-15.192995,16.595929,-24.154933,-15.171065,16.617030,0.200000,
-24.155743,-15.173678,16.613509,-27.820094,-18.376269,48.151722,-24.316142,-15.127421,16.655430,-24.154934,-15.171070,16.617023,0.200000,
-24.155743,-15.173678,16.613509,-27.820093,-18.376269,48.151722,-24.088622,-15.192995,16.595929,-24.154936,-15.171075,16.617016,0.200000,
-24.155743,-15.173678,16.613509,-27.820093,-18.376269,48.151722,-24.316142,-15.127421,16.655430,-24.154937,-15.171080,16.617009,0.200000,
-24.155743,-15.173678,16.613509,-27.820093,-18.376269,48.151722,-24.088622,-15.192995,16.595929,-24.154939,-15.171085,16.617002,0.200000,
-24.155743,-15.173678,16.613509,-27.820093,-18.376269,48.151722,-24.316142,-15.127421,16.655430,-24.154941,-15.171091,16.616995,0.200000,
-24.155743,-15.173678,16.613509,-27.820093,-18.376269,48.151722,-24.088621,-15.192995,16.595929,-24.154942,-15.171096,16.616988,0.200000,
-24.155743,-15.173678,16.613509,-27.820093,-18.376269,48.151722,-24.316141,-15.127421,16.655430,-24.154944,-15.171101,16.616981,0.200000,
-24.155743,-15.173678,16.613509,-27.820093,-18.376269,48.151722,-24.088621,-15.192995,16.595929,-24.154945,-15.171106,16.616974,0.200000,
-24.155743,-15.173678,16.613509,-27.820093,-18.376269,48.151722,-24.316141,-15.127422,16.655430,-24.154947,-15.171111,16.616968,0.200000,
-24.155743,-15.173678,16.613509,-27.820093,-18.376269,48.151723,-24.088621,-15.192995,16.595929,-24.154949,-15.171116,16.616961,0.200000,
-24.155743,-15.173678,16.613509,-27.820093,-18.376269,48.151723,-24.316141,-15.127422,16.655430,-24.154950,-15.171121,16.616954,0.200000,
-24.155743,-15.173678,16.613509,-27.820093,-18.376269,48.151723,-24.088621,-15.192995,16.595929,-24.154952,-15.171126,16.616947,0.200000,
-24.155743,-15.173678,16.613509,-27.820093,-18.376269,48.151723,-24.316141,-15.127422,16.655430,-24.154953,-15.171132,16.616940,0.200000,
-24.155743,-15.173678,16.613509,-27.820093,-18.376269,48.151723,-24.088621,-15.192995,16.595929,-24.154955,-15.171137,16.616933,0.200000,
-24.155743,-15.173678,16.613509,-27.820093,-18.376269,48.151723,-24.316141,-15.127422,16.655429,-24.154957,-15.171142,16.616926,0.200000,
-24.155743,-15.173678,16.613509,-27.820093,-18.376269,48.151723,-24.088620,-15.192995,16.595929,-24.154958,-15.171147,16.616920,0.200000,
-24.155743,-15.173678,16.613509,-27.820093,-18.376269,48.151723,-24.316140,-15.127422,16.655429,-24.154960,-15.171152,16.616913,0.200000,
-24.155743,-15.173678,16.613509,-27.820093,-18.376269,48.151723,-24.088620,-15.192995,16.595929,-24.154961,-15.171157,16.616906,0.200000,
-24.155743,-15.173678,16.613509,-27.820093,-18.376269,48.151723,-24.316140,-15.127422,16.655429,-24.154963,-15.171162,16.616899,0.200000,
-24.155743,-15.173678,16.613509,-27.820093,-18.376269,48.151723,-24.088620,-15.192995,16.595928,-24.154964,-15.171167,16.616892,0.200000,
-24.155743,-15.173678,16.613509,-27.820093,-18.376269,48.151723,-24.316140,-15.127422,16.655429,-24.154966,-15.171172,16.616886,0.200000,
-24.155743,-15.173678,16.613509,-27.820093,-18.376269,48.151723,-24.088620,-15.192995,16.595928,-24.154968,-15.171177,16.616879,0.200000,
-24.155743,-15.173678,16.613509,-27.820093,-18.376269,48.151723,-24.316140,-15.127422,16.655429,-24.154969,-15.171182,16.616872,0.200000,
-24.155743,-15.173678,16.613509,-27.820093,-18.376269,48.151724,-24.088620,-15.192995,16.595928,-24.154971,-15.171187,16.616865,0.200000,
-24.155743,-15.173678,16.613509,-27.820093,-18.376269,48.151724,-24.316140,-15.127422,16.655429,-24.154972,-15.171192,16.616859,0.200000,
-24.155743,-15.173678,16.613509,-27.820093,-18.376269,48.151724,-24.088620,-15.192995,16.595928,-24.154974,-15.171197,16.616852,0.200000,
-24.155743,-15.173678,16.613509,-27.820093,-18.376269,48.151724,-24.316140,-15.127422,16.655429,-24.154975,-15.171202,16.616845,0.200000,
-24.155743,-15.173678,16.613509,-27.820093,-18.376269,48.151724,-24.088619,-15.192996,16.595928,-24.154977,-15.171207,16.616839,0.200000,
-24.155743,-15.173678,16.613509,-27.820093,-18.376269,48.151724,-24.316139,-15.127422,16.655429,-24.154978,-15.171212,16.616832,0.200000,
-24.155743,-15.173678,16.613509,-27.820093,-18.376269,48.151724,-24.088619,-15.192996,16.595928,-24.154980,-15.171217,16.616825,0.200000,
-24.155743,-15.173678,16.613509,-27.820093,-18.376269,48.151724,-24.316139,-15.127422,16.655429,-24.154981,-15.171221,16.616819,0.200000,
-24.155743,-15.173678,16.613509,-27.820093,-18.376269,48.151724,-24.088619,-15.192996,16.595928,-24.154983,-15.171226,16.616812,0.200000,
-24.155743,-15.173678,16.613509,-27.820093,-18.376269,48.151724,-24.316139,-15.127422,16.655429,-24.154984,-15.171231,16.616806,0.200000,
-24.155743,-15.173678,16.613509,-27.820093,-18.376269,48.151724,-24.088619,-15.192996,16.595928,-24.154986,-15.171236,16.616799,0.200000,
-24.155743,-15.173678,16.613509,-27.820093,-18.376269,48.151724,-24.316139,-15.127422,16.655429,-24.154987,-15.171241,16.616792,0.200000,
-24.155743,-15.173678,16.613509,-27.820093,-18.376269,48.151724,-24.088619,-15.192996,16.595928,-24.154989,-15.171246,16.616786,0.200000,
-24.155743,-15.173678,16.613509,-27.820093,-18.376269,48.151724,-24.316139,-15.127422,16.655429,-24.154990,-15.171251,16.616779,0.200000,
-24.155743,-15.173678,16.613509,-27.820093,-18.376269,48.151725,-24.088618,-15.192996,16.595928,-24.154992,-15.171256,16.616773,0.200000,
-24.155743,-15.173678,16.613509,-27.820093,-18.376269,48.151725,-24.316138,-15.127422,16.655429,-24.154994,-15.171260,16.616766,0.200000,
-24.155743,-15.173678,16.613509,-27.820093,-18.376269,48.151725,-24.088618,-15.192996,16.595928,-24.154995,-15.171265,16.616760,0.200000,
-24.155743,-15.173678,16.613509,-27.820093,-18.376269,48.151725,-24.316138,-15.127422,16.655429,-24.154997,-15.171270,16.616753,0.200000,
-24.155743,-15.173678,16.613509,-27.820093,-18.376269,48.151725,-24.088618,-15.192996,16.595928,-24.154998,-15.171275,16.616747,0.200000,
-24.155743,-15.173678,16.613509,-27.820093,-18.376269,48.151725,-24.316138,-15.127422,16.655429,-24.154999,-15.171280,16.616740,0.200000,
-24.155743,-15.173678,16.613509,-27.820093,-18.376270,48.151725,-24.088618,-15.192996,16.595928,-24.155001,-15.171284,16.616734,0.200000,
-24.155743,-15.173678,16.613509,-27.820093,-18.376270,48.151725,-24.316138,-15.127423,16.655429,-24.155002,-15.171289,16.616728,0.200000,
-24.155743,-15.173678,16.613509,-27.820093,-18.376270,48.151725,-24.088618,-15.192996,16.595928,-24.155004,-15.171294,16.616721,0.200000,
-24.155743,-15.173678,16.613509,-27.820093,-18.376270,48.151725,-24.316138,-15.127423,16.655429,-24.155005,-15.171299,16.616715,0.200000,
-24.155743,-15.173678,16.613509,-27.820093,-18.376270,48.151725,-24.088617,-15.192996,16.595928,-24.155007,-15.171303,16.616708,0.200000,
-24.155743,-15.173678,16.613509,-27.820093,-18.376270,48.151725,-24.316137,-15.127423,16.655429,-24.155008,-15.171308,16.616702,0.200000,
-24.155743,-15.173678,16.613509,-27.820093,-18.376270,48.151725,-24.088617,-15.192996,16.595928,-24.155010,-15.171313,16.616696,0.200000,
-24.155743,-15.173678,16.613509,-27.820093,-18.376270,48.151725,-24.316137,-15.127423,16.655429,-24.155011,-15.171318,16.616689,0.200000,
-24.155743,-15.173678,16.613509,-27.820093,-18.376270,48.151725,-24.088617,-15.192996,16.595928,-24.155013,-15.171322,16.616683,0.200000,
-24.155743,-15.173678,16.613509,-27.820093,-18.376270,48.151725,-24.316137,-15.127423,16.655429,-24.155014,-15.171327,16.616676,0.200000,
-24.155743,-15.173678,16.613509,-27.820093,-18.376270,48.151726,-24.088617,-15.192996,16.595928,-24.155016,-15.171332,16.616670,0.200000,
-24.155743,-15.173678,16.613509,-27.820093,-18.376270,48.151726,-24.316137,-15.127423,16.655429,-24.155017,-15.171336,16.616664,0.200000,
-24.155743,-15.173678,16.613509,-27.820093,-18.376270,48.151726,-24.088617,-15.192996,16.595928,-24.155019,-15.171341,16.616658,0.200000,
-24.155743,-15.173678,16.613509,-27.820093,-18.376270,48.151726,-24.316137,-15.127423,16.655428,-24.155020,-15.171346,16.616651,0.200000,
-24.155743,-15.173678,16.613509,-27.820093,-18.376270,48.151726,-24.088617,-15.192996,16.595928,-24.155022,-15.171350,16.616645,0.200000,
-24.155743,-15.173678,16.613509,-27.820093,-18.376270,48.151726,-24.316137,-15.127423,16.655428,-24.155023,-15.171355,16.616639,0.200000,
-24.155743,-15.173678,16.613509,-27.820093,-18.376270,48.151726,-24.088616,-15.192996,16.595927,-24.155024,-15.171360,16.616633,0.200000,
-24.155743,-15.173678,16.613509,-27.820093,-18.376270,48.151726,-24.316136,-15.127423,16.655428,-24.155026,-15.171364,16.616626,0.200000,
-24.155743,-15.173678,16.613509,-27.820093,-18.376270,48.151726,-24.088616,-15.192996,16.595927,-24.155027,-15.171369,16.616620,0.200000,
-24.155743,-15.173678,16.613509,-27.820093,-18.376270,48.151726,-24.316136,-15.127423,16.655428,-24.155029,-15.171374,16.616614,0.200000,
-24.155743,-15.173678,16.613509,-27.820093,-18.376270,48.151726,-24.088616,-15.192996,16.595927,-24.155030,-15.171378,16.616608,0.200000,
-24.155743,-15.173678,16.613509,-27.820093,-18.376270,48.151726,-24.316136,-15.127423,16.655428,-24.155032,-15.171383,16.616601,0.200000,
-24.155743,-15.173678,16.613509,-27.820093,-18.376270,48.151726,-24.088616,-15.192997,16.595927,-24.155033,-15.171387,16.616595,0.200000,
-24.155743,-15.173678,16.613509,-27.820093,-18.376270,48.151726,-24.316136,-15.127423,16.655428,-24.155034,-15.171392,16.616589,0.200000,
-24.155743,-15.173678,16.613509,-27.820093,-18.376270,48.151726,-24.088616,-15.192997,16.595927,-24.155036,-15.171396,16.616583,0.200000,
-24.155743,-15.173678,16.613509,-27.820093,-18.376270,48.151726,-24.316136,-15.127423,16.655428,-24.155037,-15.171401,16.616577,0.200000,
-24.155743,-15.173678,16.613509,-27.820093,-18.376270,48.151727,-24.088615,-15.192997,16.595927,-24.155039,-15.171406,16.616571,0.200000,
-24.155743,-15.173678,16.613509,-27.820093,-18.376270,48.151727,-24.316135,-15.127423,16.655428,-24.155040,-15.171410,16.616565,0.200000,
-24.155743,-15.173678,16.613509,-27.820093,-18.376270,48.151727,-24.088615,-15.192997,16.595927,-24.155042,-15.171415,16.616559,0.200000,
-24.155743,-15.173678,16.613509,-27.820093,-18.376270,48.151727,-24.316135,-15.127423,16.655428,-24.155043,-15.171419,16.616552,0.200000,
-24.155743,-15.173678,16.613509,-27.820093,-18.376270,48.151727,-24.088615,-15.192997,16.595927,-24.155044,-15.171424,16.616546,0.200000,
-24.155743,-15.173678,16.613509,-27.820093,-18.376270,48.151727,-24.316135,-15.127423,16.655428,-24.155046,-15.171428,16.616540,0.200000,
-24.155743,-15.173678,16.613509,-27.820093,-18.376270,48.151727,-24.088615,-15.192997,16.595927,-24.155047,-15.171433,16.616534,0.200000,
-24.155743,-15.173678,16.613509,-27.820093,-18.376270,48.151727,-24.316135,-15.127423,16.655428,-24.155048,-15.171437,16.616528,0.200000,
-24.155743,-15.173678,16.613509,-27.820093,-18.376270,48.151727,-24.088615,-15.192997,16.595927,-24.155050,-15.171442,16.616522,0.200000,
-24.155743,-15.173678,16.613509,-27.820093,-18.376270,48.151727,-24.316135,-15.127423,16.655428,-24.155051,-15.171446,16.616516,0.200000,
-24.155743,-15.173678,16.613509,-27.820093,-18.376270,48.151727,-24.088615,-15.192997,16.595927,-24.155053,-15.171450,16.616510,0.200000,
-24.155743,-15.173678,16.613509,-27.820093,-18.376270,48.151727,-24.316134,-15.127423,16.655428,-24.155054,-15.171455,16.616504,0.200000,
-24.155743,-15.173678,16.613509,-27.820093,-18.376270,48.151727,-24.088614,-15.192997,16.595927,-24.155055,-15.171459,16.616498,0.200000,
-24.155743,-15.173678,16.613509,-27.820093,-18.376270,48.151727,-24.316134,-15.127424,16.655428,-24.155057,-15.171464,16.616492,0.200000,
-24.155743,-15.173678,16.613509,-27.820093,-18.376270,48.151727,-24.088614,-15.192997,16.595927,-24.155058,-15.171468,16.616486,0.200000,
-24.155743,-15.173678,16.613509,-27.820093,-18.376270,48.151727,-24.316134,-15.127424,16.655428,-24.155060,-15.171473,16.616480,0.200000,
-24.155743,-15.173678,16.613509,-27.820093,-18.376270,48.151727,-24.088614,-15.192997,16.595927,-24.155061,-15.171477,16.616474,0.200000,
-24.155743,-15.173678,16.613509,-27.820093,-18.376270,48.151727,-24.316134,-15.127424,16.655428,-24.155062,-15.171481,16.616468,0.200000,
-24.155743,-15.173678,16.613509,-27.820093,-18.376270,48.151728,-24.088614,-15.192997,16.595927,-24.155064,-15.171486,16.616463,0.200000,
-24.155743,-15.173678,16.613509,-27.820093,-18.376270,48.151728,-24.316134,-15.127424,16.655428,-24.155065,-15.171490,16.616457,0.200000,
-24.155743,-15.173678,16.613509,-27.820093,-18.376270,48.151728,-24.088614,-15.192997,16.595927,-24.155066,-15.171495,16.616451,0.200000,
-24.155743,-15.173678,16.613509,-27.820093,-18.376270,48.151728,-24.316134,-15.127424,16.655428,-24.155068,-15.171499,16.616445,0.200000,
-24.155743,-15.173678,16.613509,-27.820093,-18.376270,48.151728,-24.088613,-15.192997,16.595927,-24.155069,-15.171503,16.616439,0.200000,
-24.155743,-15.173678,16.613509,-27.820093,-18.376270,48.151728,-24.316133,-15.127424,16.655428,-24.155070,-15.171508,16.616433,0.200000,
-24.155743,-15.173678,16.613509,-27.820093,-18.376270,48.151728,-24.088613,-15.192997,16.595927,-24.155072,-15.171512,16.616427,0.200000,
-24.155743,-15.173678,16.613509,-27.820093,-18.376270,48.151728,-24.316133,-15.127424,16.655428,-24.155073,-15.171516,16.616422,0.200000,
-24.155743,-15.173678,16.613509,-27.820093,-18.376270,48.151728,-24.088613,-15.192997,16.595927,-24.155074,-15.171521,16.616416,0.200000,
-24.155743,-15.173678,16.613509,-27.820093,-18.376270,48.151728,-24.316133,-15.127424,16.655427,-24.155076,-15.171525,16.616410,0.200000,
-24.155743,-15.173678,16.613509,-27.820093,-18.376270,48.151728,-24.088613,-15.192997,16.595927,-24.155077,-15.171529,16.616404,0.200000,
-24.155743,-15.173678,16.613509,-27.820093,-18.376270,48.151728,-24.316133,-15.127424,16.655427,-24.155078,-15.171533,16.616398,0.200000,
-24.155743,-15.173678,16.613509,-27.820093,-18.376270,48.151728,-24.088613,-15.192997,16.595927,-24.155080,-15.171538,16.616393,0.200000,
-24.155743,-15.173678,16.613509,-27.820093,-18.376270,48.151728,-24.316133,-15.127424,16.655427,-24.155081,-15.171542,16.616387,0.200000,
-24.155743,-15.173678,16.613509,-27.820093,-18.376270,48.151728,-24.088612,-15.192998,16.595926,-24.155082,-15.171546,16.616381,0.200000,
-24.155743,-15.173678,16.613509,-27.820093,-18.376270,48.151728,-24.316132,-15.127424,16.655427,-24.155084,-15.171550,16.616375,0.200000,
-24.155743,-15.173678,16.613509,-27.820093,-18.376270,48.151728,-24.088612,-15.192998,16.595926,-24.155085,-15.171555,16.616370,0.200000,
-24.155743,-15.173678,16.613509,-27.820093,-18.376270,48.151728,-24.316132,-15.127424,16.655427,-24.155086,-15.171559,16.616364,0.200000,
-24.155743,-15.173678,16.613509,-27.820093,-18.376270,48.151729,-24.088612,-15.192998,16.595926,-24.155088,-15.171563,16.616358,0.200000,
-24.155743,-15.173678,16.613509,-27.820093,-18.376270,48.151729,-24.316132,-15.127424,16.655427,-24.155089,-15.171567,16.616353,0.200000,
-24.155743,-15.173678,16.613509,-27.820093,-18.376270,48.151729,-24.088612,-15.192998,16.595926,-24.155090,-15.171572,16.616347,0.200000,
-24.155743,-15.173678,16.613509,-27.820093,-18.376270,48.151729,-24.316132,-15.127424,16.655427,-24.155092,-15.171576,16.616341,0.200000,
-24.155743,-15.173678,16.613509,-27.820093,-18.376270,48.151729,-24.088612,-15.192998,16.595926,-24.155093,-15.171580,16.616336,0.200000,
-24.155743,-15.173678,16.613509,-27.820093,-18.376270,48.151729,-24.316132,-15.127424,16.655427,-24.155094,-15.171584,16.616330,0.200000,
-24.155743,-15.173678,16.613509,-27.820093,-18.376270,48.151729,-24.088612,-15.192998,16.595926,-24.155096,-15.171588,16.616324,0.200000,
-24.155743,-15.173678,16.613509,-27.820093,-18.376270,48.151729,-24.316132,-15.127424,16.655427,-24.155097,-15.171593,16.616319,0.200000,
-24.155743,-15.173678,16.613509,-27.820093,-18.376270,48.151729,-24.088611,-15.192998,16.595926,-24.155098,-15.171597,16.616313,0.200000,
-24.155743,-15.173678,16.613509,-27.820093,-18.376270,48.151729,-24.316131,-15.127424,16.655427,-24.155099,-15.171601,16.616307,0.200000,
-24.155743,-15.173678,16.613509,-27.820093,-18.376270,48.151729,-24.088611,-15.192998,16.595926,-24.155101,-15.171605,16.616302,0.200000,
-24.155743,-15.173678,16.613509,-27.820093,-18.376270,48.151729,-24.316131,-15.127424,16.655427,-24.155102,-15.171609,16.616296,0.200000,
-24.155743,-15.173678,16.613509,-27.820093,-18.376270,48.151729,-24.088611,-15.192998,16.595926,-24.155103,-15.171613,16.616291,0.200000,
-24.155743,-15.173678,16.613509,-27.820093,-18.376270,48.151729,-24.316131,-15.127424,16.655427,-24.155105,-15.171617,16.616285,0.200000,
-24.155743,-15.173678,16.613509,-27.820093,-18.376270,48.151729,-24.088611,-15.192998,16.595926,-24.155106,-15.171622,16.616280,0.200000,
-24.155743,-15.173678,16.613509,-27.820093,-18.376270,48.151729,-24.316131,-15.127425,16.655427,-24.155107,-15.171626,16.616274,0.200000,
-24.155743,-15.173678,16.613509,-27.820093,-18.376270,48.151729,-24.088611,-15.192998,16.595926,-24.155108,-15.171630,16.616269,0.200000,
-24.155743,-15.173678,16.613509,-27.820093,-18.376270,48.151729,-24.316131,-15.127425,16.655427,-24.155110,-15.171634,16.616263,0.200000,
-24.155743,-15.173678,16.613509,-27.820093,-18.376270,48.151729,-24.088610,-15.192998,16.595926,-24.155111,-15.171638,16.616258,0.200000,
-24.155743,-15.173678,16.613509,-27.820093,-18.376270,48.151729,-24.316130,-15.127425,16.655427,-24.155112,-15.171642,16.616252,0.200000,
-24.155743,-15.173678,16.613509,-27.820093,-18.376271,48.151730,-24.088610,-15.192998,16.595926,-24.155113,-15.171646,16.616247,0.200000,
-24.155743,-15.173678,16.613509,-27.820092,-18.376271,48.151730,-24.316130,-15.127425,16.655427,-24.155115,-15.171650,16.616241,0.200000,
-24.155743,-15.173678,16.613509,-27.820092,-18.376271,48.151730,-24.088610,-15.192998,16.595926,-24.155116,-15.171654,16.616236,0.200000,
-24.155743,-15.173678,16.613509,-27.820092,-18.376271,48.151730,-24.316130,-15.127425,16.655427,-24.155117,-15.171658,16.616230,0.200000,
-24.155743,-15.173678,16.613509,-27.820092,-18.376271,48.151730,-24.088610,-15.192998,16.595926,-24.155119,-15.171662,16.616225,0.200000,
-24.155743,-15.173678,16.613509,-27.820092,-18.376271,48.151730,-24.316130,-15.127425,16.655427,-24.155120,-15.171666,16.616219,0.200000,
-24.155743,-15.173678,16.613509,-27.820092,-18.376271,48.151730,-24.088610,-15.192998,16.595926,-24.155121,-15.171670,16.616214,0.200000,
-24.155743,-15.173678,16.613509,-27.820092,-18.376271,48.151730,-24.316130,-15.127425,16.655427,-24.155122,-15.171674,16.616209,0.200000,
-24.155743,-15.173678,16.613509,-27.820092,-18.376271,48.151730,-24.088609,-15.192998,16.595926,-24.155124,-15.171678,16.616203,0.200000,
-24.155743,-15.173678,16.613509,-27.820092,-18.376271,48.151730,-24.316129,-15.127425,16.655427,-24.155125,-15.171682,16.616198,0.200000,
-24.155743,-15.173678,16.613509,-27.820092,-18.376271,48.151730,-24.088609,-15.192998,16.595926,-24.155126,-15.171686,16.616192,0.200000,
-24.155743,-15.173678,16.613509,-27.820092,-18.376271,48.151730,-24.316129,-15.127425,16.655427,-24.155127,-15.171690,16.616187,0.200000,
-24.155743,-15.173678,16.613509,-27.820092,-18.376271,48.151730,-24.088609,-15.192998,16.595926,-24.155128,-15.171694,16.616182,0.200000,
-24.155743,-15.173678,16.613509,-27.820092,-18.376271,48.151730,-24.316129,-15.127425,16.655426,-24.155130,-15.171698,16.616176,0.200000,
-24.155743,-15.173678,16.613509,-27.820092,-18.376271,48.151730,-24.088609,-15.192999,16.595926,-24.155131,-15.171702,16.616171,0.200000,
-24.155743,-15.173678,16.613509,-27.820092,-18.376271,48.151730,-24.316129,-15.127425,16.655426,-24.155132,-15.171706,16.616166,0.200000,
-24.155743,-15.173678,16.613509,-27.820092,-18.376271,48.151730,-24.088609,-15.192999,16.595925,-24.155133,-15.171710,16.616161,0.200000,
-24.155743,-15.173678,16.613509,-27.820092,-18.376271,48.151730,-24.316129,-15.127425,16.655426,-24.155135,-15.171714,16.616155,0.200000,
-24.155743,-15.173678,16.613509,-27.820092,-18.376271,48.151730,-24.088609,-15.192999,16.595925,-24.155136,-15.171718,16.616150,0.200000,
-24.155743,-15.173678,16.613509,-27.820092,-18.376271,48.151730,-24.316129,-15.127425,16.655426,-24.155137,-15.171722,16.616145,0.200000,
-24.155743,-15.173678,16.613509,-27.820092,-18.376271,48.151730,-24.088608,-15.192999,16.595925,-24.155138,-15.171726,16.616139,0.200000,
-24.155743,-15.173678,16.613509,-27.820092,-18.376271,48.151730,-24.316128,-15.127425,16.655426,-24.155139,-15.171729,16.616134,0.200000,
-24.155743,-15.173678,16.613509,-27.820092,-18.376271,48.151731,-24.088608,-15.192999,16.595925,-24.155141,-15.171733,16.616129,0.200000,
-24.155743,-15.173678,16.613509,-27.820092,-18.376271,48.151731,-24.316128,-15.127425,16.655426,-24.155142,-15.171737,16.616124,0.200000,
-24.155743,-15.173678,16.613509,-27.820092,-18.376271,48.151731,-24.088608,-15.192999,16.595925,-24.155143,-15.171741,16.616118,0.200000,
-24.155743,-15.173678,16.613509,-27.820092,-18.376271,48.151731,-24.316128,-15.127425,16.655426,-24.155144,-15.171745,16.616113,0.200000,
-24.155743,-15.173678,16.613509,-27.820092,-18.376271,48.151731,-24.088608,-15.192999,16.595925,-24.155145,-15.171749,16.616108,0.200000,
-24.155743,-15.173678,16.613509,-27.820092,-18.376271,48.151731,-24.316128,-15.127425,16.655426,-24.155147,-15.171753,16.616103,0.200000,
-24.155743,-15.173678,16.613509,-27.820092,-18.376271,48.151731,-24.088608,-15.192999,16.595925,-24.155148,-15.171757,16.616098,0.200000,
-24.155743,-15.173678,16.613509,-27.820092,-18.376271,48.151731,-24.316128,-15.127425,16.655426,-24.155149,-15.171760,16.616093,0.200000,
-24.155743,-15.173678,16.613509,-27.820092,-18.376271,48.151731,-24.088607,-15.192999,16.595925,-24.155150,-15.171764,16.616087,0.200000,
-24.155743,-15.173678,16.613509,-27.820092,-18.376271,48.151731,-24.316127,-15.127426,16.655426,-24.155151,-15.171768,16.616082,0.200000,
-24.155743,-15.173678,16.613509,-27.820092,-18.376271,48.151731,-24.088607,-15.192999,16.595925,-24.155153,-15.171772,16.616077,0.200000,
-24.155743,-15.173678,16.613509,-27.820092,-18.376271,48.151731,-24.316127,-15.127426,16.655426,-24.155154,-15.171776,16.616072,0.200000,
-24.155743,-15.173678,16.613509,-27.820092,-18.376271,48.151731,-24.088607,-15.192999,16.595925,-24.155155,-15.171779,16.616067,0.200000,
-24.155743,-15.173678,16.613509,-27.820092,-18.376271,48.151731,-24.316127,-15.127426,16.655426,-24.155156,-15.171783,16.616062,0.200000,
-24.155743,-15.173678,16.613509,-27.820092,-18.376271,48.151731,-24.088607,-15.192999,16.595925,-24.155157,-15.171787,16.616057,0.200000,
-24.155743,-15.173678,16.613509,-27.820092,-18.376271,48.151731,-24.316127,-15.127426,16.655426,-24.155158,-15.171791,16.616052,0.200000,
-24.155743,-15.173678,16.613509,-27.820092,-18.376271,48.151731,-24.088607,-15.192999,16.595925,-24.155160,-15.171795,16.616046,0.200000,
-24.155743,-15.173678,16.613509,-27.820092,-18.376271,48.151731,-24.316127,-15.127426,16.655426,-24.155161,-15.171798,16.616041,0.200000,
-24.155743,-15.173678,16.613509,-27.820092,-18.376271,48.151731,-24.088606,-15.192999,16.595925,-24.155162,-15.171802,16.616036,0.200000,
-24.155743,-15.173678,16.613509,-27.820092,-18.376271,48.151731,-24.316126,-15.127426,16.655426,-24.155163,-15.171806,16.616031,0.200000,
-24.155743,-15.173678,16.613509,-27.820092,-18.376271,48.151731,-24.088606,-15.192999,16.595925,-24.155164,-15.171809,16.616026,0.200000,
-24.155743,-15.173678,16.613509,-27.820092,-18.376271,48.151731,-24.316126,-15.127426,16.655426,-24.155165,-15.171813,16.616021,0.200000,
-24.155743,-15.173678,16.613509,-27.820092,-18.376271,48.151731,-24.088606,-15.192999,16.595925,-24.155167,-15.171817,16.616016,0.200000,
-24.155743,-15.173678,16.613509,-27.820092,-18.376271,48.151731,-24.316126,-15.127426,16.655426,-24.155168,-15.171821,16.616011,0.200000,
-24.155743,-15.173678,16.613509,-27.820092,-18.376271,48.151732,-24.088606,-15.192999,16.595925,-24.155169,-15.171824,16.616006,0.200000,
-24.155743,-15.173678,16.613509,-27.820092,-18.376271,48.151732,-24.316126,-15.127426,16.655426,-24.155170,-15.171828,16.616001,0.200000,
-24.155743,-15.173678,16.613509,-27.820092,-18.376271,48.151732,-24.088606,-15.192999,16.595925,-24.155171,-15.171832,16.615996,0.200000,
-24.155743,-15.173678,16.613509,-27.820092,-18.376271,48.151732,-24.316126,-15.127426,16.655426,-24.155172,-15.171835,16.615991,0.200000,
-24.155743,-15.173678,16.613509,-27.820092,-18.376271,48.151732,-24.088606,-15.192999,16.595925,-24.155174,-15.171839,16.615986,0.200000,
-24.155743,-15.173678,16.613509,-27.820092,-18.376271,48.151732,-24.316126,-15.127426,16.655426,-24.155175,-15.171843,16.615981,0.200000,
-24.155743,-15.173678,16.613509,-27.820092,-18.376271,48.151732,-24.088605,-15.193000,16.595925,-24.155176,-15.171846,16.615976,0.200000,
-24.155743,-15.173678,16.613509,-27.820092,-18.376271,48.151732,-24.316125,-15.127426,16.655425,-24.155177,-15.171850,16.615972,0.200000,
-24.155743,-15.173678,16.613509,-27.820092,-18.376271,48.151732,-24.088605,-15.193000,16.595925,-24.155178,-15.171854,16.615967,0.200000,
-24.155743,-15.173678,16.613509,-27.820092,-18.376271,48.151732,-24.316125,-15.127426,16.655425,-24.155179,-15.171857,16.615962,0.200000,
-24.155743,-15.173678,16.613509,-27.820092,-18.376271,48.151732,-24.088605,-15.193000,16.595925,-24.155180,-15.171861,16.615957,0.200000,
-24.155743,-15.173678,16.613509,-27.820092,-18.376271,48.151732,-24.316125,-15.127426,16.655425,-24.155181,-15.171865,16.615952,0.200000,
-24.155743,-15.173678,16.613509,-27.820092,-18.376271,48.151732,-24.088605,-15.193000,16.595924,-24.155183,-15.171868,16.615947,0.200000,
-24.155743,-15.173678,16.613509,-27.820092,-18.376271,48.151732,-24.316125,-15.127426,16.655425,-24.155184,-15.171872,16.615942,0.200000,
-24.155743,-15.173678,16.613509,-27.820092,-18.376271,48.151732,-24.088605,-15.193000,16.595924,-24.155185,-15.171875,16.615937,0.200000,
-24.155743,-15.173678,16.613509,-27.820092,-18.376271,48.151732,-24.316125,-15.127426,16.655425,-24.155186,-15.171879,16.615933,0.200000,
-24.155743,-15.173678,16.613509,-27.820092,-18.376271,48.151732,-24.088604,-15.193000,16.595924,-24.155187,-15.171883,16.615928,0.200000,
-24.155743,-15.173678,16.613509,-27.820092,-18.376271,48.151732,-24.316124,-15.127426,16.655425,-24.155188,-15.171886,16.615923,0.200000,
-24.155743,-15.173678,16.613509,-27.820092,-18.376271,48.151732,-24.088604,-15.193000,16.595924,-24.155189,-15.171890,16.615918,0.200000,
-24.155743,-15.173678,16.613509,-27.820092,-18.376271,48.151732,-24.316124,-15.127426,16.655425,-24.155190,-15.171893,16.615913,0.200000,
-24.155743,-15.173678,16.613509,-27.820092,-18.376271,48.151732,-24.088604,-15.193000,16.595924,-24.155192,-15.171897,16.615908,0.200000,
-24.155743,-15.173678,16.613509,-27.820092,-18.376271,48.151732,-24.316124,-15.127426,16.655425,-24.155193,-15.171901,16.615904,0.200000,
-24.155743,-15.173678,16.613509,-27.820092,-18.376271,48.151732,-24.088604,-15.193000,16.595924,-24.155194,-15.171904,16.615899,0.200000,
-24.155743,-15.173678,16.613509,-27.820092,-18.376271,48.151732,-24.316124,-15.127427,16.655425,-24.155195,-15.171908,16.615894,0.200000,
-24.155743,-15.173678,16.613509,-27.820092,-18.376271,48.151732,-24.088604,-15.193000,16.595924,-24.155196,-15.171911,16.615889,0.200000,
-24.155743,-15.173678,16.613509,-27.820092,-18.376271,48.151732,-24.316124,-15.127427,16.655425,-24.155197,-15.171915,16.615885,0.200000,
-24.155743,-15.173678,16.613509,-27.820092,-18.376271,48.151733,-24.088603,-15.193000,16.595924,-24.155198,-15.171918,16.615880,0.200000,
-24.155743,-15.173678,16.613509,-27.820092,-18.376271,48.151733,-24.316123,-15.127427,16.655425,-24.155199,-15.171922,16.615875,0.200000,
-24.155743,-15.173678,16.613509,-27.820092,-18.376271,48.151733,-24.088603,-15.193000,16.595924,-24.155200,-15.171925,16.615870,0.200000,
-24.155743,-15.173678,16.613509,-27.820092,-18.376271,48.151733,-24.316123,-15.127427,16.655425,-24.155201,-15.171929,16.615866,0.200000,
-24.155743,-15.173678,16.613509,-27.820092,-18.376271,48.151733,-24.088603,-15.193000,16.595924,-24.155202,-15.171932,16.615861,0.200000,
-24.155743,-15.173678,16.613509,-27.820092,-18.376271,48.151733,-24.316123,-15.127427,16.655425,-24.155204,-15.171936,16.615856,0.200000,
-24.155743,-15.173678,16.613509,-27.820092,-18.376271,48.151733,-24.088603,-15.193000,16.595924,-24.155205,-15.171939,16.615852,0.200000,
-24.155743,-15.173678,16.613509,-27.820092,-18.376271,48.151733,-24.316123,-15.127427,16.655425,-24.155206,-15.171943,16.615847,0.200000,
-24.155743,-15.173678,16.613509,-27.820092,-18.376271,48.151733,-24.088603,-15.193000,16.595924,-24.155207,-15.171946,16.615842,0.200000,
-24.155743,-15.173678,16.613509,-27.820092,-18.376271,48.151733,-24.316123,-15.127427,16.655425,-24.155208,-15.171950,16.615838,0.200000,
-24.155743,-15.173678,16.613509,-27.820092,-18.376271,48.151733,-24.088603,-15.193000,16.595924,-24.155209,-15.171953,16.615833,0.200000,
-24.155743,-15.173678,16.613509,-27.820092,-18.376271,48.151733,-24.316123,-15.127427,16.655425,-24.155210,-15.171956,16.615828,0.200000,
-24.155743,-15.173678,16.613509,-27.820092,-18.376271,48.151733,-24.088602,-15.193000,16.595924,-24.155211,-15.171960,16.615824,0.200000,
-24.155743,-15.173678,16.613509,-27.820092,-18.376271,48.151733,-24.316122,-15.127427,16.655425,-24.155212,-15.171963,16.615819,0.200000,
-24.155743,-15.173678,16.613509,-27.820092,-18.376271,48.151733,-24.088602,-15.193000,16.595924,-24.155213,-15.171967,16.615814,0.200000,
-24.155743,-15.173678,16.613509,-27.820092,-18.376271,48.151733,-24.316122,-15.127427,16.655425,-24.155214,-15.171970,16.615810,0.200000,
-24.155743,-15.173678,16.613509,-27.820092,-18.376271,48.151733,-24.088602,-15.193001,16.595924,-24.155215,-15.171974,16.615805,0.200000,
-24.155743,-15.173678,16.613509,-27.820092,-18.376271,48.151733,-24.316122,-15.127427,16.655425,-24.155216,-15.171977,16.615801,0.200000,
-24.155743,-15.173678,16.613509,-27.820092,-18.376271,48.151733,-24.088602,-15.193001,16.595924,-24.155217,-15.171980,16.615796,0.200000,
-24.155743,-15.173678,16.613509,-27.820092,-18.376271,48.151733,-24.316122,-15.127427,16.655425,-24.155218,-15.171984,16.615792,0.200000,
-24.155743,-15.173678,16.613509,-27.820092,-18.376271,48.151733,-24.088602,-15.193001,16.595924,-24.155220,-15.171987,16.615787,0.200000,
-24.155743,-15.173678,16.613509,-27.820092,-18.376271,48.151733,-24.316122,-15.127427,16.655425,-24.155221,-15.171990,16.615782,0.200000,
-24.155743,-15.173678,16.613509,-27.820092,-18.376271,48.151733,-24.088601,-15.193001,16.595924,-24.155222,-15.171994,16.615778,0.200000,
-24.155743,-15.173678,16.613509,-27.820092,-18.376271,48.151733,-24.316121,-15.127427,16.655424,-24.155223,-15.171997,16.615773,0.200000,
-24.155743,-15.173678,16.613509,-27.820092,-18.376271,48.151733,-24.088601,-15.193001,16.595924,-24.155224,-15.172001,16.615769,0.200000,
-24.155743,-15.173678,16.613509,-27.820092,-18.376271,48.151733,-24.316121,-15.127427,16.655424,-24.155225,-15.172004,16.615764,0.200000,
-24.155743,-15.173678,16.613509,-27.820092,-18.376271,48.151733,-24.088601,-15.193001,16.595923,-24.155226,-15.172007,16.615760,0.200000,
-24.155743,-15.173678,16.613509,-27.820092,-18.376271,48.151733,-24.316121,-15.127427,16.655424,-24.155227,-15.172011,16.615755,0.200000,
-24.155743,-15.173678,16.613509,-27.820092,-18.376271,48.151733,-24.088601,-15.193001,16.595923,-24.155228,-15.172014,16.615751,0.200000,
-24.155743,-15.173678,16.613509,-27.820092,-18.376271,48.151734,-24.316121,-15.127427,16.655424,-24.155229,-15.172017,16.615746,0.200000,
-24.155743,-15.173678,16.613509,-27.820092,-18.376271,48.151734,-24.088601,-15.193001,16.595923,-24.155230,-15.172021,16.615742,0.200000,
-24.155743,-15.173678,16.613509,-27.820092,-18.376271,48.151734,-24.316121,-15.127427,16.655424,-24.155231,-15.172024,16.615737,0.200000,
-24.155743,-15.173678,16.613509,-27.820092,-18.376271,48.151734,-24.088601,-15.193001,16.595923,-24.155232,-15.172027,16.615733,0.200000,
-24.155743,-15.173678,16.613509,-27.820092,-18.376271,48.151734,-24.316121,-15.127428,16.655424,-24.155233,-15.172030,16.615729,0.200000,
-24.155743,-15.173678,16.613509,-27.820092,-18.376271,48.151734,-24.088600,-15.193001,16.595923,-24.155234,-15.172034,16.615724,0.200000,
-24.155743,-15.173678,16.613509,-27.820092,-18.376271,48.151734,-24.316120,-15.127428,16.655424,-24.155235,-15.172037,16.615720,0.200000,
-24.155743,-15.173678,16.613509,-27.820092,-18.376271,48.151734,-24.088600,-15.193001,16.595923,-24.155236,-15.172040,16.615715,0.200000,
-24.155743,-15.173678,16.613509,-27.820092,-18.376271,48.151734,-24.316120,-15.127428,16.655424,-24.155237,-15.172044,16.615711,0.200000,
-24.155743,-15.173678,16.613509,-27.820092,-18.376271,48.151734,-24.088600,-15.193001,16.595923,-24.155238,-15.172047,16.615706,0.200000,
-24.155743,-15.173678,16.613509,-27.820092,-18.376271,48.151734,-24.316120,-15.127428,16.655424,-24.155239,-15.172050,16.615702,0.200000,
-24.155743,-15.173678,16.613509,-27.820092,-18.376271,48.151734,-24.088600,-15.193001,16.595923,-24.155240,-15.172053,16.615698,0.200000,
-24.155743,-15.173678,16.613509,-27.820092,-18.376271,48.151734,-24.316120,-15.127428,16.655424,-24.155241,-15.172057,16.615693,0.200000,
-24.155743,-15.173678,16.613509,-27.820092,-18.376271,48.151734,-24.088600,-15.193001,16.595923,-24.155242,-15.172060,16.615689,0.200000,
-24.155743,-15.173678,16.613509,-27.820092,-18.376271,48.151734,-24.316120,-15.127428,16.655424,-24.155243,-15.172063,16.615685,0.200000,
-24.155743,-15.173678,16.613509,-27.820092,-18.376271,48.151734,-24.088599,-15.193001,16.595923,-24.155244,-15.172066,16.615680,0.200000,
-24.155743,-15.173678,16.613509,-27.820092,-18.376271,48.151734,-24.316119,-15.127428,16.655424,-24.155245,-15.172069,16.615676,0.200000,
-24.155743,-15.173678,16.613509,-27.820092,-18.376271,48.151734,-24.088599,-15.193001,16.595923,-24.155246,-15.172073,16.615672,0.200000,
-24.155743,-15.173678,16.613509,-27.820092,-18.376271,48.151734,-24.316119,-15.127428,16.655424,-24.155247,-15.172076,16.615667,0.200000,
-24.155743,-15.173678,16.613509,-27.820092,-18.376272,48.151734,-24.088599,-15.193001,16.595923,-24.155248,-15.172079,16.615663,0.200000,
-24.155743,-15.173678,16.613509,-27.820092,-18.376272,48.151734,-24.316119,-15.127428,16.655424,-24.155249,-15.172082,16.615659,0.200000,
-24.155743,-15.173678,16.613509,-27.820092,-18.376272,48.151734,-24.088599,-15.193001,16.595923,-24.155250,-15.172085,16.615654,0.200000,
-24.155743,-15.173678,16.613509,-27.820092,-18.376272,48.151734,-24.316119,-15.127428,16.655424,-24.155251,-15.172089,16.615650,0.200000,
-24.155743,-15.173678,16.613509,-27.820092,-18.376272,48.151734,-24.088599,-15.193001,16.595923,-24.155252,-15.172092,16.615646,0.200000,
-24.155743,-15.173678,16.613509,-27.820092,-18.376272,48.151734,-24.316119,-15.127428,16.655424,-24.155253,-15.172095,16.615642,0.200000,
-24.155743,-15.173678,16.613509,-27.820092,-18.376272,48.151734,-24.088598,-15.193002,16.595923,-24.155254,-15.172098,16.615637,0.200000,
-24.155743,-15.173678,16.613509,-27.820092,-18.376272,48.151734,-24.316118,-15.127428,16.655424,-24.155255,-15.172101,16.615633,0.200000,
-24.155743,-15.173678,16.613509,-27.820092,-18.376272,48.151734,-24.088598,-15.193002,16.595923,-24.155256,-15.172104,16.615629,0.200000,
-24.155743,-15.173678,16.613509,-27.820092,-18.376272,48.151734,-24.316118,-15.127428,16.655424,-24.155257,-15.172108,16.615625,0.200000,
-24.155743,-15.173678,16.613509,-27.820092,-18.376272,48.151734,-24.088598,-15.193002,16.595923,-24.155258,-15.172111,16.615620,0.200000,
-24.155743,-15.173678,16.613509,-27.820092,-18.376272,48.151734,-24.316118,-15.127428,16.655424,-24.155259,-15.172114,16.615616,0.200000,
-24.155743,-15.173678,16.613509,-27.820092,-18.376272,48.151734,-24.088598,-15.193002,16.595923,-24.155260,-15.172117,16.615612,0.200000,
-24.155743,-15.173678,16.613509,-27.820092,-18.376272,48.151735,-24.316118,-15.127428,16.655424,-24.155261,-15.172120,16.615608,0.200000,
-24.155743,-15.173678,16.613509,-27.820092,-18.376272,48.151735,-24.088598,-15.193002,16.595923,-24.155262,-15.172123,16.615604,0.200000,
-24.155743,-15.173678,16.613509,-27.820092,-18.376272,48.151735,-24.316118,-15.127428,16.655423,-24.155263,-15.172126,16.615599,0.200000,
-24.155743,-15.173678,16.613509,-27.820092,-18.376272,48.151735,-24.088598,-15.193002,16.595923,-24.155264,-15.172129,16.615595,0.200000,
-24.155743,-15.173678,16.613509,-27.820092,-18.376272,48.151735,-24.316118,-15.127428,16.655423,-24.155265,-15.172132,16.615591,0.200000,
-24.155743,-15.173678,16.613509,-27.820092,-18.376272,48.151735,-24.088597,-15.193002,16.595923,-24.155266,-15.172135,16.615587,0.200000,
-24.155743,-15.173678,16.613509,-27.820092,-18.376272,48.151735,-24.316117,-15.127428,16.655423,-24.155267,-15.172139,16.615583,0.200000,
-24.155743,-15.173678,16.613509,-27.820092,-18.376272,48.151735,-24.088597,-15.193002,16.595922,-24.155268,-15.172142,16.615579,0.200000,
-24.155743,-15.173678,16.613509,-27.820092,-18.376272,48.151735,-24.316117,-15.127428,16.655423,-24.155268,-15.172145,16.615575,0.200000,
-24.155743,-15.173678,16.613509,-27.820092,-18.376272,48.151735,-24.088597,-15.193002,16.595922,-24.155269,-15.172148,16.615570,0.200000,
-24.155743,-15.173678,16.613509,-27.820092,-18.376272,48.151735,-24.316117,-15.127429,16.655423,-24.155270,-15.172151,16.615566,0.200000,
-24.155743,-15.173678,16.613509,-27.820092,-18.376272,48.151735,-24.088597,-15.193002,16.595922,-24.155271,-15.172154,16.615562,0.200000,
-24.155743,-15.173678,16.613509,-27.820092,-18.376272,48.151735,-24.316117,-15.127429,16.655423,-24.155272,-15.172157,16.615558,0.200000,
-24.155743,-15.173678,16.613509,-27.820092,-18.376272,48.151735,-24.088597,-15.193002,16.595922,-24.155273,-15.172160,16.615554,0.200000,
-24.155743,-15.173678,16.613509,-27.820092,-18.376272,48.151735,-24.316117,-15.127429,16.655423,-24.155274,-15.172163,16.615550,0.200000,
-24.155743,-15.173678,16.613509,-27.820092,-18.376272,48.151735,-24.088596,-15.193002,16.595922,-24.155275,-15.172166,16.615546,0.200000,
-24.155743,-15.173678,16.613509,-27.820092,-18.376272,48.151735,-24.316116,-15.127429,16.655423,-24.155276,-15.172169,16.615542,0.200000,
-24.155743,-15.173678,16.613509,-27.820092,-18.376272,48.151735,-24.088596,-15.193002,16.595922,-24.155277,-15.172172,16.615538,0.200000,
-24.155743,-15.173678,16.613509,-27.820092,-18.376272,48.151735,-24.316116,-15.127429,16.655423,-24.155278,-15.172175,16.615534,0.200000,
-24.155743,-15.173678,16.613509,-27.820092,-18.376272,48.151735,-24.088596,-15.193002,16.595922,-24.155279,-15.172178,16.615530,0.200000,
-24.155743,-15.173678,16.613509,-27.820092,-18.376272,48.151735,-24.316116,-15.127429,16.655423,-24.155280,-15.172181,16.615526,0.200000,
-24.155743,-15.173678,16.613509,-27.820092,-18.376272,48.151735,-24.088596,-15.193002,16.595922,-24.155281,-15.172184,16.615522,0.200000,
-24.155743,-15.173678,16.613509,-27.820092,-18.376272,48.151735,-24.316116,-15.127429,16.655423,-24.155282,-15.172187,16.615518,0.200000,
-24.155743,-15.173678,16.613509,-27.820092,-18.376272,48.151735,-24.088596,-15.193002,16.595922,-24.155283,-15.172190,16.615514,0.200000,
-24.155743,-15.173678,16.613509,-27.820092,-18.376272,48.151735,-24.316116,-15.127429,16.655423,-24.155283,-15.172193,16.615510,0.200000,
-24.155743,-15.173678,16.613509,-27.820092,-18.376272,48.151735,-24.088595,-15.193002,16.595922,-24.155284,-15.172196,16.615506,0.200000,
-24.155743,-15.173678,16.613509,-27.820092,-18.376272,48.151735,-24.316115,-15.127429,16.655423,-24.155285,-15.172199,16.615502,0.200000,
-24.155743,-15.173678,16.613509,-27.820092,-18.376272,48.151735,-24.088595,-15.193002,16.595922,-24.155286,-15.172202,16.615498,0.200000,
-24.155743,-15.173678,16.613509,-27.820092,-18.376272,48.151735,-24.316115,-15.127429,16.655423,-24.155287,-15.172205,16.615494,0.200000,
-24.155743,-15.173678,16.613509,-27.820092,-18.376272,48.151735,-24.088595,-15.193002,16.595922,-24.155288,-15.172208,16.615490,0.200000,
-24.155743,-15.173678,16.613509,-27.820092,-18.376272,48.151735,-24.316115,-15.127429,16.655423,-24.155289,-15.172211,16.615486,0.200000,
-24.155743,-15.173678,16.613509,-27.820092,-18.376272,48.151735,-24.088595,-15.193003,16.595922,-24.155290,-15.172214,16.615482,0.200000,
-24.155743,-15.173678,16.613509,-27.820092,-18.376272,48.151735,-24.316115,-15.127429,16.655423,-24.155291,-15.172216,16.615478,0.200000,
-24.155743,-15.173678,16.613509,-27.820092,-18.376272,48.151735,-24.088595,-15.193003,16.595922,-24.155292,-15.172219,16.615474,0.200000,
-24.155743,-15.173678,16.613509,-27.820092,-18.376272,48.151735,-24.316115,-15.127429,16.655423,-24.155293,-15.172222,16.615470,0.200000,
-24.155743,-15.173678,16.613509,-27.820092,-18.376272,48.151735,-24.088595,-15.193003,16.595922,-24.155293,-15.172225,16.615466,0.200000,
-24.155743,-15.173678,16.613509,-27.820092,-18.376272,48.151735,-24.316115,-15.127429,16.655423,-24.155294,-15.172228,16.615462,0.200000,
-24.155743,-15.173678,16.613509,-27.820092,-18.376272,48.151736,-24.088594,-15.193003,16.595922,-24.155295,-15.172231,16.615458,0.200000,
-24.155743,-15.173678,16.613509,-27.820092,-18.376272,48.151736,-24.316114,-15.127429,16.655423,-24.155296,-15.172234,16.615454,0.200000,
-24.155743,-15.173678,16.613509,-27.820092,-18.376272,48.151736,-24.088594,-15.193003,16.595922,-24.155297,-15.172237,16.615450,0.200000,
-24.155743,-15.173678,16.613509,-27.820092,-18.376272,48.151736,-24.316114,-15.127429,16.655423,-24.155298,-15.172240,16.615447,0.200000,
-24.155743,-15.173678,16.613509,-27.820092,-18.376272,48.151736,-24.088594,-15.193003,16.595922,-24.155299,-15.172243,16.615443,0.200000,
-24.155743,-15.173678,16.613509,-27.820092,-18.376272,48.151736,-24.316114,-15.127429,16.655423,-24.155300,-15.172245,16.615439,0.200000,
-24.155743,-15.173678,16.613509,-27.820092,-18.376272,48.151736,-24.088594,-15.193003,16.595922,-24.155301,-15.172248,16.615435,0.200000,
-24.155743,-15.173678,16.613509,-27.820092,-18.376272,48.151736,-24.316114,-15.127429,16.655422,-24.155302,-15.172251,16.615431,0.200000,
-24.155743,-15.173678,16.613509,-27.820092,-18.376272,48.151736,-24.088594,-15.193003,16.595922,-24.155302,-15.172254,16.615427,0.200000,
-24.155743,-15.173678,16.613509,-27.820092,-18.376272,48.151736,-24.316114,-15.127430,16.655422,-24.155303,-15.172257,16.615423,0.200000,
-24.155743,-15.173678,16.613509,-27.820092,-18.376272,48.151736,-24.088593,-15.193003,16.595921,-24.155304,-15.172260,16.615420,0.200000,
-24.155743,-15.173678,16.613509,-27.820092,-18.376272,48.151736,-24.316113,-15.127430,16.655422,-24.155305,-15.172262,16.615416,0.200000,
-24.155743,-15.173678,16.613509,-27.820092,-18.376272,48.151736,-24.088593,-15.193003,16.595921,-24.155306,-15.172265,16.615412,0.200000,
-24.155743,-15.173678,16.613509,-27.820092,-18.376272,48.151736,-24.316113,-15.127430,16.655422,-24.155307,-15.172268,16.615408,0.200000,
-24.155743,-15.173678,16.613509,-27.820092,-18.376272,48.151736,-24.088593,-15.193003,16.595921,-24.155308,-15.172271,16.615404,0.200000,
-24.155743,-15.173678,16.613509,-27.820092,-18.376272,48.151736,-24.316113,-15.127430,16.655422,-24.155309,-15.172274,16.615401,0.200000,
-24.155743,-15.173678,16.613509,-27.820092,-18.376272,48.151736,-24.088593,-15.193003,16.595921,-24.155309,-15.172277,16.615397,0.200000,
-24.155743,-15.173678,16.613509,-27.820092,-18.376272,48.151736,-24.316113,-15.127430,16.655422,-24.155310,-15.172279,16.615393,0.200000,
-24.155743,-15.173678,16.613509,-27.820092,-18.376272,48.151736,-24.088593,-15.193003,16.595921,-24.155311,-15.172282,16.615389,0.200000,
-24.155743,-15.173678,16.613509,-27.820092,-18.376272,48.151736,-24.316113,-15.127430,16.655422,-24.155312,-15.172285,16.615386,0.200000,
-24.155743,-15.173678,16.613509,-27.820092,-18.376272,48.151736,-24.088592,-15.193003,16.595921,-24.155313,-15.172288,16.615382,0.200000,
-24.155743,-15.173678,16.613509,-27.820092,-18.376272,48.151736,-24.316112,-15.127430,16.655422,-24.155314,-15.172290,16.615378,0.200000,
-24.155743,-15.173678,16.613509,-27.820092,-18.376272,48.151736,-24.088592,-15.193003,16.595921,-24.155315,-15.172293,16.615374,0.200000,
-24.155743,-15.173678,16.613509,-27.820092,-18.376272,48.151736,-24.316112,-15.127430,16.655422,-24.155315,-15.172296,16.615371,0.200000,
-24.155743,-15.173678,16.613509,-27.820092,-18.376272,48.151736,-24.088592,-15.193003,16.595921,-24.155316,-15.172299,16.615367,0.200000,
-24.155743,-15.173678,16.613509,-27.820092,-18.376272,48.151736,-24.316112,-15.127430,16.655422,-24.155317,-15.172301,16.615363,0.200000,
-24.155743,-15.173678,16.613509,-27.820092,-18.376272,48.151736,-24.088592,-15.193003,16.595921,-24.155318,-15.172304,16.615360,0.200000,
-24.155743,-15.173678,16.613509,-27.820092,-18.376272,48.151736,-24.316112,-15.127430,16.655422,-24.155319,-15.172307,16.615356,0.200000,
-24.155743,-15.173678,16.613509,-27.820092,-18.376272,48.151736,-24.088592,-15.193003,16.595921,-24.155320,-15.172310,16.615352,0.200000,
-24.155743,-15.173678,16.613509,-27.820092,-18.376272,48.151736,-24.316112,-15.127430,16.655422,-24.155321,-15.172312,16.615348,0.200000,
-24.155743,-15.173678,16.613509,-27.820092,-18.376272,48.151736,-24.088592,-15.193004,16.595921,-24.155321,-15.172315,16.615345,0.200000,
-24.155743,-15.173678,16.613509,-27.820092,-18.376272,48.151736,-24.316112,-15.127430,16.655422,-24.155322,-15.172318,16.615341,0.200000,
-24.155743,-15.173678,16.613509,-27.820092,-18.376272,48.151736,-24.088591,-15.193004,16.595921,-24.155323,-15.172321,16.615337,0.200000,
-24.155743,-15.173678,16.613509,-27.820092,-18.376272,48.151736,-24.316111,-15.127430,16.655422,-24.155324,-15.172323,16.615334,0.200000,
-24.155743,-15.173678,16.613509,-27.820092,-18.376272,48.151736,-24.088591,-15.193004,16.595921,-24.155325,-15.172326,16.615330,0.200000,
-24.155743,-15.173678,16.613509,-27.820092,-18.376272,48.151736,-24.316111,-15.127430,16.655422,-24.155326,-15.172329,16.615327,0.200000,
-24.155743,-15.173678,16.613509,-27.820092,-18.376272,48.151736,-24.088591,-15.193004,16.595921,-24.155326,-15.172331,16.615323,0.200000,
-24.155743,-15.173678,16.613509,-27.820092,-18.376272,48.151736,-24.316111,-15.127430,16.655422,-24.155327,-15.172334,16.615319,0.200000,
-24.155743,-15.173678,16.613509,-27.820092,-18.376272,48.151736,-24.088591,-15.193004,16.595921,-24.155328,-15.172337,16.615316,0.200000,
-24.155743,-15.173678,16.613509,-27.820092,-18.376272,48.151736,-24.316111,-15.127430,16.655422,-24.155329,-15.172339,16.615312,0.200000,
-24.155743,-15.173678,16.613509,-27.820092,-18.376272,48.151736,-24.088591,-15.193004,16.595921,-24.155330,-15.172342,16.615308,0.200000,
-24.155743,-15.173678,16.613509,-27.820092,-18.376272,48.151736,-24.316111,-15.127430,16.655422,-24.155331,-15.172345,16.615305,0.200000,
-24.155743,-15.173678,16.613509,-27.820092,-18.376272,48.151736,-24.088590,-15.193004,16.595921,-24.155331,-15.172347,16.615301,0.200000,
-24.155743,-15.173678,16.613509,-27.820092,-18.376272,48.151737,-24.316110,-15.127430,16.655422,-24.155332,-15.172350,16.615298,0.200000,
-24.155743,-15.173678,16.613509,-27.820092,-18.376272,48.151737,-24.088590,-15.193004,16.595921,-24.155333,-15.172353,16.615294,0.200000,
-24.155743,-15.173678,16.613509,-27.820092,-18.376272,48.151737,-24.316110,-15.127430,16.655422,-24.155334,-15.172355,16.615291,0.200000,
-24.155743,-15.173678,16.613509,-27.820092,-18.376272,48.151737,-24.088590,-15.193004,16.595921,-24.155335,-15.172358,16.615287,0.200000,
-24.155743,-15.173678,16.613509,-27.820092,-18.376272,48.151737,-24.316110,-15.127431,16.655421,-24.155336,-15.172361,16.615283,0.200000,
-24.155743,-15.173678,16.613509,-27.820092,-18.376272,48.151737,-24.088590,-15.193004,16.595921,-24.155336,-15.172363,16.615280,0.200000,
-24.155743,-15.173678,16.613509,-27.820092,-18.376272,48.151737,-24.316110,-15.127431,16.655421,-24.155337,-15.172366,16.615276,0.200000,
-24.155743,-15.173678,16.613509,-27.820092,-18.376272,48.151737,-24.088590,-15.193004,16.595920,-24.155338,-15.172369,16.615273,0.200000,
-24.155743,-15.173678,16.613509,-27.820092,-18.376272,48.151737,-24.316110,-15.127431,16.655421,-24.155339,-15.172371,16.615269,0.200000,
-24.155743,-15.173678,16.613509,-27.820092,-18.376272,48.151737,-24.088590,-15.193004,16.595920,-24.155340,-15.172374,16.615266,0.200000,
-24.155743,-15.173678,16.613509,-27.820092,-18.376272,48.151737,-24.316110,-15.127431,16.655421,-24.155340,-15.172376,16.615262,0.200000,
-24.155743,-15.173678,16.613509,-27.820092,-18.376272,48.151737,-24.088589,-15.193004,16.595920,-24.155341,-15.172379,16.615259,0.200000,
-24.155743,-15.173678,16.613509,-27.820092,-18.376272,48.151737,-24.316109,-15.127431,16.655421,-24.155342,-15.172382,16.615255,0.200000,
-24.155743,-15.173678,16.613509,-27.820092,-18.376272,48.151737,-24.088589,-15.193004,16.595920,-24.155343,-15.172384,16.615252,0.200000,
-24.155743,-15.173678,16.613509,-27.820092,-18.376272,48.151737,-24.316109,-15.127431,16.655421,-24.155344,-15.172387,16.615248,0.200000,
-24.155743,-15.173678,16.613509,-27.820092,-18.376272,48.151737,-24.088589,-15.193004,16.595920,-24.155344,-15.172389,16.615245,0.200000,
-24.155743,-15.173678,16.613509,-27.820092,-18.376272,48.151737,-24.316109,-15.127431,16.655421,-24.155345,-15.172392,16.615241,0.200000,
-24.155743,-15.173678,16.613509,-27.820092,-18.376272,48.151737,-24.088589,-15.193004,16.595920,-24.155346,-15.172394,16.615238,0.200000,
-24.155743,-15.173678,16.613509,-27.820092,-18.376272,48.151737,-24.316109,-15.127431,16.655421,-24.155347,-15.172397,16.615235,0.200000,
-24.155743,-15.173678,16.613509,-27.820092,-18.376272,48.151737,-24.088589,-15.193004,16.595920,-24.155348,-15.172400,16.615231,0.200000,
-24.155743,-15.173678,16.613509,-27.820092,-18.376272,48.151737,-24.316109,-15.127431,16.655421,-24.155348,-15.172402,16.615228,0.200000,
-24.155743,-15.173678,16.613509,-27.820092,-18.376272,48.151737,-24.088588,-15.193004,16.595920,-24.155349,-15.172405,16.615224,0.200000,
-24.155743,-15.173678,16.613509,-27.820092,-18.376272,48.151737,-24.316108,-15.127431,16.655421,-24.155350,-15.172407,16.615221,0.200000,
-24.155743,-15.173678,16.613509,-27.820092,-18.376272,48.151737,-24.088588,-15.193004,16.595920,-24.155351,-15.172410,16.615217,0.200000,
-24.155743,-15.173678,16.613509,-27.820092,-18.376272,48.151737,-24.316108,-15.127431,16.655421,-24.155352,-15.172412,16.615214,0.200000,
-24.155743,-15.173678,16.613509,-27.820092,-18.376272,48.151737,-24.088588,-15.193005,16.595920,-24.155352,-15.172415,16.615211,0.200000,
-24.155743,-15.173678,16.613509,-27.820092,-18.376272,48.151737,-24.316108,-15.127431,16.655421,-24.155353,-15.172417,16.615207,0.200000,
-24.155743,-15.173678,16.613509,-27.820092,-18.376272,48.151737,-24.088588,-15.193005,16.595920,-24.155354,-15.172420,16.615204,0.200000,
-24.155743,-15.173678,16.613509,-27.820092,-18.376272,48.151737,-24.316108,-15.127431,16.655421,-24.155355,-15.172422,16.615200,0.200000,
-24.155743,-15.173678,16.613509,-27.820092,-18.376272,48.151737,-24.088588,-15.193005,16.595920,-24.155355,-15.172425,16.615197,0.200000,
-24.155743,-15.173678,16.613509,-27.820092,-18.376272,48.151737,-24.316108,-15.127431,16.655421,-24.155356,-15.172427,16.615194,0.200000,
-24.155743,-15.173678,16.613509,-27.820092,-18.376272,48.151737,-24.088587,-15.193005,16.595920,-24.155357,-15.172430,16.615190,0.200000,
-24.155743,-15.173678,16.613509,-27.820092,-18.376272,48.151737,-24.316107,-15.127431,16.655421,-24.155358,-15.172432,16.615187,0.200000,
-24.155743,-15.173678,16.613509,-27.820092,-18.376272,48.151737,-24.088587,-15.193005,16.595920,-24.155359,-15.172435,16.615184,0.200000,
-24.155743,-15.173678,16.613509,-27.820091,-18.376272,48.151737,-24.316107,-15.127431,16.655421,-24.155359,-15.172437,16.615180,0.200000,
-24.155743,-15.173678,16.613509,-27.820091,-18.376272,48.151737,-24.088587,-15.193005,16.595920,-24.155360,-15.172440,16.615177,0.200000,
-24.155743,-15.173678,16.613509,-27.820091,-18.376272,48.151737,-24.316107,-15.127431,16.655421,-24.155361,-15.172442,16.615174,0.200000,
-24.155743,-15.173678,16.613509,-27.820091,-18.376272,48.151737,-24.088587,-15.193005,16.595920,-24.155362,-15.172445,16.615170,0.200000,
-24.155743,-15.173678,16.613509,-27.820091,-18.376272,48.151737,-24.316107,-15.127431,16.655421,-24.155362,-15.172447,16.615167,0.200000,
-24.155743,-15.173678,16.613509,-27.820091,-18.376272,48.151737,-24.088587,-15.193005,16.595920,-24.155363,-15.172450,16.615164,0.200000,
-24.155743,-15.173678,16.613509,-27.820091,-18.376272,48.151737,-24.316107,-15.127431,16.655421,-24.155364,-15.172452,16.615160,0.200000,
-24.155743,-15.173678,16.613509,-27.820091,-18.376272,48.151737,-24.088587,-15.193005,16.595920,-24.155365,-15.172454,16.615157,0.200000,
-24.155743,-15.173678,16.613509,-27.820091,-18.376272,48.151737,-24.316107,-15.127432,16.655421,-24.155365,-15.172457,16.615154,0.200000,
-24.155743,-15.173678,16.613509,-27.820091,-18.376272,48.151737,-24.088586,-15.193005,16.595920,-24.155366,-15.172459,16.615150,0.200000,
-24.155743,-15.173678,16.613509,-27.820091,-18.376272,48.151737,-24.316106,-15.127432,16.655421,-24.155367,-15.172462,16.615147,0.200000,
-24.155743,-15.173678,16.613509,-27.820091,-18.376272,48.151737,-24.088586,-15.193005,16.595920,-24.155368,-15.172464,16.615144,0.200000,
-24.155743,-15.173678,16.613509,-27.820091,-18.376272,48.151737,-24.316106,-15.127432,16.655420,-24.155368,-15.172467,16.615141,0.200000,
-24.155743,-15.173678,16.613509,-27.820091,-18.376272,48.151737,-24.088586,-15.193005,16.595920,-24.155369,-15.172469,16.615137,0.200000,
-24.155743,-15.173678,16.613509,-27.820091,-18.376272,48.151737,-24.316106,-15.127432,16.655420,-24.155370,-15.172471,16.615134,0.200000,
-24.155743,-15.173678,16.613509,-27.820091,-18.376272,48.151737,-24.088586,-15.193005,16.595919,-24.155371,-15.172474,16.615131,0.200000,
-24.155743,-15.173678,16.613509,-27.820091,-18.376272,48.151737,-24.316106,-15.127432,16.655420,-24.155371,-15.172476,16.615128,0.200000,
-24.155743,-15.173678,16.613509,-27.820091,-18.376272,48.151738,-24.088586,-15.193005,16.595919,-24.155372,-15.172479,16.615124,0.200000,
-24.155743,-15.173678,16.613509,-27.820091,-18.376272,48.151738,-24.316106,-15.127432,16.655420,-24.155373,-15.172481,16.615121,0.200000,
-24.155743,-15.173678,16.613509,-27.820091,-18.376272,48.151738,-24.088585,-15.193005,16.595919,-24.155374,-15.172483,16.615118,0.200000,
-24.155743,-15.173678,16.613509,-27.820091,-18.376272,48.151738,-24.316105,-15.127432,16.655420,-24.155374,-15.172486,16.615115,0.200000,
-24.155743,-15.173678,16.613509,-27.820091,-18.376272,48.151738,-24.088585,-15.193005,16.595919,-24.155375,-15.172488,16.615112,0.200000,
-24.155743,-15.173678,16.613509,-27.820091,-18.376272,48.151738,-24.316105,-15.127432,16.655420,-24.155376,-15.172491,16.615108,0.200000,
-24.155743,-15.173678,16.613509,-27.820091,-18.376272,48.151738,-24.088585,-15.193005,16.595919,-24.155377,-15.172493,16.615105,0.200000,
-24.155743,-15.173678,16.613509,-27.820091,-18.376272,48.151738,-24.316105,-15.127432,16.655420,-24.155377,-15.172495,16.615102,0.200000,
-24.155743,-15.173678,16.613509,-27.820091,-18.376272,48.151738,-24.088585,-15.193005,16.595919,-24.155378,-15.172498,16.615099,0.200000,
-24.155743,-15.173678,16.613509,-27.820091,-18.376272,48.151738,-24.316105,-15.127432,16.655420,-24.155379,-15.172500,16.615096,0.200000,
-24.155743,-15.173678,16.613509,-27.820091,-18.376272,48.151738,-24.088585,-15.193005,16.595919,-24.155379,-15.172502,16.615092,0.200000,
-24.155743,-15.173678,16.613509,-27.820091,-18.376272,48.151738,-24.316105,-15.127432,16.655420,-24.155380,-15.172505,16.615089,0.200000,
-24.155743,-15.173678,16.613509,-27.820091,-18.376272,48.151738,-24.088584,-15.193006,16.595919,-24.155381,-15.172507,16.615086,0.200000,
-24.155743,-15.173678,16.613509,-27.820091,-18.376272,48.151738,-24.316104,-15.127432,16.655420,-24.155382,-15.172509,16.615083,0.200000,
-24.155743,-15.173678,16.613509,-27.820091,-18.376272,48.151738,-24.088584,-15.193006,16.595919,-24.155382,-15.172512,16.615080,0.200000,
-24.155743,-15.173678,16.613509,-27.820091,-18.376272,48.151738,-24.316104,-15.127432,16.655420,-24.155383,-15.172514,16.615077,0.200000,
-24.155743,-15.173678,16.613509,-27.820091,-18.376272,48.151738,-24.088584,-15.193006,16.595919,-24.155384,-15.172516,16.615074,0.200000,
-24.155743,-15.173678,16.613509,-27.820091,-18.376272,48.151738,-24.316104,-15.127432,16.655420,-24.155385,-15.172519,16.615070,0.200000,
-24.155743,-15.173678,16.613509,-27.820091,-18.376272,48.151738,-24.088584,-15.193006,16.595919,-24.155385,-15.172521,16.615067,0.200000,
-24.155743,-15.173678,16.613509,-27.820091,-18.376272,48.151738,-24.316104,-15.127432,16.655420,-24.155386,-15.172523,16.615064,0.200000,
-24.155743,-15.173678,16.613509,-27.820091,-18.376272,48.151738,-24.088584,-15.193006,16.595919,-24.155387,-15.172526,16.615061,0.200000,
-24.155743,-15.173678,16.613509,-27.820091,-18.376272,48.151738,-24.316104,-15.127432,16.655420,-24.155387,-15.172528,16.615058,0.200000,
-24.155743,-15.173678,16.613509,-27.820091,-18.376272,48.151738,-24.088584,-15.193006,16.595919,-24.155388,-15.172530,16.615055,0.200000,
-24.155743,-15.173678,16.613509,-27.820091,-18.376272,48.151738,-24.316104,-15.127432,16.655420,-24.155389,-15.172533,16.615052,0.200000,
-24.155743,-15.173678,16.613509,-27.820091,-18.376272,48.151738,-24.088583,-15.193006,16.595919,-24.155390,-15.172535,16.615049,0.200000,
-24.155743,-15.173678,16.613509,-27.820091,-18.376272,48.151738,-24.316103,-15.127432,16.655420,-24.155390,-15.172537,16.615046,0.200000,
-24.155743,-15.173678,16.613509,-27.820091,-18.376272,48.151738,-24.088583,-15.193006,16.595919,-24.155391,-15.172539,16.615043,0.200000,
-24.155743,-15.173678,16.613509,-27.820091,-18.376272,48.151738,-24.316103,-15.127433,16.655420,-24.155392,-15.172542,16.615040,0.200000,
-24.155743,-15.173678,16.613509,-27.820091,-18.376272,48.151738,-24.088583,-15.193006,16.595919,-24.155392,-15.172544,16.615037,0.200000,
-24.155743,-15.173678,16.613509,-27.820091,-18.376272,48.151738,-24.316103,-15.127433,16.655420,-24.155393,-15.172546,16.615033,0.200000,
-24.155743,-15.173678,16.613509,-27.820091,-18.376272,48.151738,-24.088583,-15.193006,16.595919,-24.155394,-15.172548,16.615030,0.200000,
-24.155743,-15.173678,16.613509,-27.820091,-18.376272,48.151738,-24.316103,-15.127433,16.655420,-24.155394,-15.172551,16.615027,0.200000,
-24.155743,-15.173678,16.613509,-27.820091,-18.376272,48.151738,-24.088583,-15.193006,16.595919,-24.155395,-15.172553,16.615024,0.200000,
-24.155743,-15.173678,16.613509,-27.820091,-18.376272,48.151738,-24.316103,-15.127433,16.655420,-24.155396,-15.172555,16.615021,0.200000,
-24.155743,-15.173678,16.613509,-27.820091,-18.376272,48.151738,-24.088582,-15.193006,16.595919,-24.155397,-15.172557,16.615018,0.200000,
-24.155743,-15.173678,16.613509,-27.820091,-18.376272,48.151738,-24.316102,-15.127433,16.655420,-24.155397,-15.172560,16.615015,0.200000,
-24.155743,-15.173678,16.613509,-27.820091,-18.376272,48.151738,-24.088582,-15.193006,16.595919,-24.155398,-15.172562,16.615012,0.200000,
-24.155743,-15.173678,16.613509,-27.820091,-18.376272,48.151738,-24.316102,-15.127433,16.655419,-24.155399,-15.172564,16.615009,0.200000,
-24.155743,-15.173678,16.613509,-27.820091,-18.376272,48.151738,-24.088582,-15.193006,16.595918,-24.155399,-15.172566,16.615006,0.200000,
-24.155743,-15.173678,16.613509,-27.820091,-18.376272,48.151738,-24.316102,-15.127433,16.655419,-24.155400,-15.172569,16.615003,0.200000,
-24.155743,-15.173678,16.613509,-27.820091,-18.376272,48.151738,-24.088582,-15.193006,16.595918,-24.155401,-15.172571,16.615000,0.200000,
-24.155743,-15.173678,16.613509,-27.820091,-18.376272,48.151738,-24.316102,-15.127433,16.655419,-24.155401,-15.172573,16.614997,0.200000,
-24.155743,-15.173678,16.613509,-27.820091,-18.376272,48.151738,-24.088582,-15.193006,16.595918,-24.155402,-15.172575,16.614994,0.200000,
-24.155743,-15.173678,16.613509,-27.820091,-18.376272,48.151738,-24.316102,-15.127433,16.655419,-24.155403,-15.172577,16.614991,0.200000,
-24.155743,-15.173678,16.613509,-27.820091,-18.376272,48.151738,-24.088581,-15.193006,16.595918,-24.155403,-15.172580,16.614988,0.200000,
-24.155743,-15.173678,16.613509,-27.820091,-18.376272,48.151738,-24.316101,-15.127433,16.655419,-24.155404,-15.172582,16.614985,0.200000,
-24.155743,-15.173678,16.613509,-27.820091,-18.376272,48.151738,-24.088581,-15.193006,16.595918,-24.155405,-15.172584,16.614983,0.200000,
-24.155743,-15.173678,16.613509,-27.820091,-18.376272,48.151738,-24.316101,-15.127433,16.655419,-24.155405,-15.172586,16.614980,0.200000,
-24.155743,-15.173678,16.613509,-27.820091,-18.376272,48.151738,-24.088581,-15.193007,16.595918,-24.155406,-15.172588,16.614977,0.200000,
-24.155743,-15.173678,16.613509,-27.820091,-18.376272,48.151738,-24.316101,-15.127433,16.655419,-24.155407,-15.172590,16.614974,0.200000,
-24.155743,-15.173678,16.613509,-27.820091,-18.376272,48.151738,-24.088581,-15.193007,16.595918,-24.155407,-15.172593,16.614971,0.200000,
-24.155743,-15.173678,16.613509,-27.820091,-18.376272,48.151738,-24.316101,-15.127433,16.655419,-24.155408,-15.172595,16.614968,0.200000,
-24.155743,-15.173678,16.613509,-27.820091,-18.376272,48.151738,-24.088581,-15.193007,16.595918,-24.155409,-15.172597,16.614965,0.200000,
-24.155743,-15.173678,16.613509,-27.820091,-18.376272,48.151738,-24.316101,-15.127433,16.655419,-24.155409,-15.172599,16.614962,0.200000,
-24.155743,-15.173678,16.613509,-27.820091,-18.376272,48.151738,-24.088581,-15.193007,16.595918,-24.155410,-15.172601,16.614959,0.200000,
-24.155743,-15.173678,16.613509,-27.820091,-18.376272,48.151738,-24.316101,-15.127433,16.655419,-24.155411,-15.172603,16.614956,0.200000,
-24.155743,-15.173678,16.613509,-27.820091,-18.376272,48.151738,-24.088580,-15.193007,16.595918,-24.155411,-15.172606,16.614953,0.200000,
-24.155743,-15.173678,16.613509,-27.820091,-18.376272,48.151738,-24.316100,-15.127433,16.655419,-24.155412,-15.172608,16.614951,0.200000,
-24.155743,-15.173678,16.613509,-27.820091,-18.376272,48.151738,-24.088580,-15.193007,16.595918,-24.155413,-15.172610,16.614948,0.200000,
-24.155743,-15.173678,16.613509,-27.820091,-18.376272,48.151738,-24.316100,-15.127433,16.655419,-24.155413,-15.172612,16.614945,0.200000,
-24.155743,-15.173678,16.613509,-27.820091,-18.376272,48.151738,-24.088580,-15.193007,16.595918,-24.155414,-15.172614,16.614942,0.200000,
-24.155743,-15.173678,16.613509,-27.820091,-18.376272,48.151738,-24.316100,-15.127433,16.655419,-24.155415,-15.172616,16.614939,0.200000,
-24.155743,-15.173678,16.613509,-27.820091,-18.376272,48.151738,-24.088580,-15.193007,16.595918,-24.155415,-15.172618,16.614936,0.200000,
-24.155743,-15.173678,16.613509,-27.820091,-18.376272,48.151739,-24.316100,-15.127433,16.655419,-24.155416,-15.172620,16.614933,0.200000,
-24.155743,-15.173678,16.613509,-27.820091,-18.376272,48.151739,-24.088580,-15.193007,16.595918,-24.155417,-15.172623,16.614930,0.200000,
-24.155743,-15.173678,16.613509,-27.820091,-18.376272,48.151739,-24.316100,-15.127434,16.655419,-24.155417,-15.172625,16.614928,0.200000,
-24.155743,-15.173678,16.613509,-27.820091,-18.376272,48.151739,-24.088579,-15.193007,16.595918,-24.155418,-15.172627,16.614925,0.200000,
-24.155743,-15.173678,16.613509,-27.820091,-18.376272,48.151739,-24.316099,-15.127434,16.655419,-24.155419,-15.172629,16.614922,0.200000,
-24.155743,-15.173678,16.613509,-27.820091,-18.376272,48.151739,-24.088579,-15.193007,16.595918,-24.155419,-15.172631,16.614919,0.200000,
-24.155743,-15.173678,16.613509,-27.820091,-18.376272,48.151739,-24.316099,-15.127434,16.655419,-24.155420,-15.172633,16.614916,0.200000,
-24.155743,-15.173678,16.613509,-27.820091,-18.376272,48.151739,-24.088579,-15.193007,16.595918,-24.155421,-15.172635,16.614914,0.200000,
-24.155743,-15.173678,16.613509,-27.820091,-18.376272,48.151739,-24.316099,-15.127434,16.655419,-24.155421,-15.172637,16.614911,0.200000,
-24.155743,-15.173678,16.613509,-27.820091,-18.376272,48.151739,-24.088579,-15.193007,16.595918,-24.155422,-15.172639,16.614908,0.200000,
-24.155743,-15.173678,16.613509,-27.820091,-18.376272,48.151739,-24.316099,-15.127434,16.655419,-24.155423,-15.172641,16.614905,0.200000,
-24.155743,-15.173678,16.613509,-27.820091,-18.376272,48.151739,-24.088579,-15.193007,16.595918,-24.155423,-15.172643,16.614902,0.200000,
-24.155743,-15.173678,16.613509,-27.820091,-18.376272,48.151739,-24.316099,-15.127434,16.655419,-24.155424,-15.172646,16.614900,0.200000,
-24.155743,-15.173678,16.613509,-27.820091,-18.376272,48.151739,-24.088579,-15.193007,16.595918,-24.155425,-15.172648,16.614897,0.200000,
-24.155743,-15.173678,16.613509,-27.820091,-18.376272,48.151739,-24.316099,-15.127434,16.655418,-24.155425,-15.172650,16.614894,0.200000,
-24.155743,-15.173678,16.613509,-27.820091,-18.376272,48.151739,-24.088578,-15.193007,16.595918,-24.155426,-15.172652,16.614891,0.200000,
-24.155743,-15.173678,16.613509,-27.820091,-18.376272,48.151739,-24.316098,-15.127434,16.655418,-24.155426,-15.172654,16.614889,0.200000,
-24.155743,-15.173678,16.613509,-27.820091,-18.376272,48.151739,-24.088578,-15.193007,16.595917,-24.155427,-15.172656,16.614886,0.200000,
-24.155743,-15.173678,16.613509,-27.820091,-18.376273,48.151739,-24.316098,-15.127434,16.655418,-24.155428,-15.172658,16.614883,0.200000,
-24.155743,-15.173678,16.613509,-27.820091,-18.376273,48.151739,-24.088578,-15.193007,16.595917,-24.155428,-15.172660,16.614880,0.200000,
-24.155743,-15.173678,16.613509,-27.820091,-18.376273,48.151739,-24.316098,-15.127434,16.655418,-24.155429,-15.172662,16.614878,0.200000,
-24.155743,-15.173678,16.613509,-27.820091,-18.376273,48.151739,-24.088578,-15.193007,16.595917,-24.155430,-15.172664,16.614875,0.200000,
-24.155743,-15.173678,16.613509,-27.820091,-18.376273,48.151739,-24.316098,-15.127434,16.655418,-24.155430,-15.172666,16.614872,0.200000,
-24.155743,-15.173678,16.613509,-27.820091,-18.376273,48.151739,-24.088578,-15.193008,16.595917,-24.155431,-15.172668,16.614869,0.200000,
-24.155743,-15.173678,16.613509,-27.820091,-18.376273,48.151739,-24.316098,-15.127434,16.655418,-24.155431,-15.172670,16.614867,0.200000,
-24.155743,-15.173678,16.613509,-27.820091,-18.376273,48.151739,-24.088577,-15.193008,16.595917,-24.155432,-15.172672,16.614864,0.200000,
-24.155743,-15.173678,16.613509,-27.820091,-18.376273,48.151739,-24.316097,-15.127434,16.655418,-24.155433,-15.172674,16.614861,0.200000,
-24.155743,-15.173678,16.613509,-27.820091,-18.376273,48.151739,-24.088577,-15.193008,16.595917,-24.155433,-15.172676,16.614859,0.200000,
-24.155743,-15.173678,16.613509,-27.820091,-18.376273,48.151739,-24.316097,-15.127434,16.655418,-24.155434,-15.172678,16.614856,0.200000,
-24.155743,-15.173678,16.613509,-27.820091,-18.376273,48.151739,-24.088577,-15.193008,16.595917,-24.155435,-15.172680,16.614853,0.200000,
-24.155743,-15.173678,16.613509,-27.820091,-18.376273,48.151739,-24.316097,-15.127434,16.655418,-24.155435,-15.172682,16.614850,0.200000,
-24.155743,-15.173678,16.613509,-27.820091,-18.376273,48.151739,-24.088577,-15.193008,16.595917,-24.155436,-15.172684,16.614848,0.200000,
-24.155743,-15.173678,16.613509,-27.820091,-18.376273,48.151739,-24.316097,-15.127434,16.655418,-24.155436,-15.172686,16.614845,0.200000,
-24.155743,-15.173678,16.613509,-27.820091,-18.376273,48.151739,-24.088577,-15.193008,16.595917,-24.155437,-15.172688,16.614842,0.200000,
-24.155743,-15.173678,16.613509,-27.820091,-18.376273,48.151739,-24.316097,-15.127434,16.655418,-24.155438,-15.172690,16.614840,0.200000,
-24.155743,-15.173678,16.613509,-27.820091,-18.376273,48.151739,-24.088576,-15.193008,16.595917,-24.155438,-15.172692,16.614837,0.200000,
-24.155743,-15.173678,16.613509,-27.820091,-18.376273,48.151739,-24.316096,-15.127434,16.655418,-24.155439,-15.172694,16.614834,0.200000,
-24.155743,-15.173678,16.613509,-27.820091,-18.376273,48.151739,-24.088576,-15.193008,16.595917,-24.155439,-15.172696,16.614832,0.200000,
-24.155743,-15.173678,16.613509,-27.820091,-18.376273,48.151739,-24.316096,-15.127435,16.655418,-24.155440,-15.172698,16.614829,0.200000,
-24.155743,-15.173678,16.613509,-27.820091,-18.376273,48.151739,-24.088576,-15.193008,16.595917,-24.155441,-15.172700,16.614827,0.200000,
-24.155743,-15.173678,16.613509,-27.820091,-18.376273,48.151739,-24.316096,-15.127435,16.655418,-24.155441,-15.172702,16.614824,0.200000,
-24.155743,-15.173678,16.613509,-27.820091,-18.376273,48.151739,-24.088576,-15.193008,16.595917,-24.155442,-15.172704,16.614821,0.200000,
-24.155743,-15.173678,16.613509,-27.820091,-18.376273,48.151739,-24.316096,-15.127435,16.655418,-24.155442,-15.172706,16.614819,0.200000,
-24.155743,-15.173678,16.613509,-27.820091,-18.376273,48.151739,-24.088576,-15.193008,16.595917,-24.155443,-15.172707,16.614816,0.200000,
-24.155743,-15.173678,16.613509,-27.820091,-18.376273,48.151739,-24.316096,-15.127435,16.655418,-24.155444,-15.172709,16.614813,0.200000,
-24.155743,-15.173678,16.613509,-27.820091,-18.376273,48.151739,-24.088576,-15.193008,16.595917,-24.155444,-15.172711,16.614811,0.200000,
-24.155743,-15.173678,16.613509,-27.820091,-18.376273,48.151739,-24.316096,-15.127435,16.655418,-24.155445,-15.172713,16.614808,0.200000,
-24.155743,-15.173678,16.613509,-27.820091,-18.376273,48.151739,-24.088575,-15.193008,16.595917,-24.155445,-15.172715,16.614806,0.200000,
-24.155743,-15.173678,16.613509,-27.820091,-18.376273,48.151739,-24.316095,-15.127435,16.655418,-24.155446,-15.172717,16.614803,0.200000,
-24.155743,-15.173678,16.613509,-27.820091,-18.376273,48.151739,-24.088575,-15.193008,16.595917,-24.155447,-15.172719,16.614800,0.200000,
-24.155743,-15.173678,16.613509,-27.820091,-18.376273,48.151739,-24.316095,-15.127435,16.655418,-24.155447,-15.172721,16.614798,0.200000,
-24.155743,-15.173678,16.613509,-27.820091,-18.376273,48.151739,-24.088575,-15.193008,16.595917,-24.155448,-15.172723,16.614795,0.200000,
-24.155743,-15.173678,16.613509,-27.820091,-18.376273,48.151739,-24.316095,-15.127435,16.655418,-24.155448,-15.172725,16.614793,0.200000,
-24.155743,-15.173678,16.613509,-27.820091,-18.376273,48.151739,-24.088575,-15.193008,16.595917,-24.155449,-15.172727,16.614790,0.200000,
-24.155743,-15.173678,16.613509,-27.820091,-18.376273,48.151739,-24.316095,-15.127435,16.655418,-24.155450,-15.172729,16.614788,0.200000,
-24.155743,-15.173678,16.613509,-27.820091,-18.376273,48.151739,-24.088575,-15.193008,16.595917,-24.155450,-15.172730,16.614785,0.200000,
-24.155743,-15.173678,16.613509,-27.820091,-18.376273,48.151739,-24.316095,-15.127435,16.655417,-24.155451,-15.172732,16.614783,0.200000,
-24.155743,-15.173678,16.613509,-27.820091,-18.376273,48.151739,-24.088574,-15.193008,16.595916,-24.155451,-15.172734,16.614780,0.200000,
-24.155743,-15.173678,16.613509,-27.820091,-18.376273,48.151739,-24.316094,-15.127435,16.655417,-24.155452,-15.172736,16.614777,0.200000,
-24.155743,-15.173678,16.613509,-27.820091,-18.376273,48.151739,-24.088574,-15.193009,16.595916,-24.155453,-15.172738,16.614775,0.200000,
-24.155743,-15.173678,16.613509,-27.820091,-18.376273,48.151739,-24.316094,-15.127435,16.655417,-24.155453,-15.172740,16.614772,0.200000,
-24.155743,-15.173678,16.613509,-27.820091,-18.376273,48.151739,-24.088574,-15.193009,16.595916,-24.155454,-15.172742,16.614770,0.200000,
-24.155743,-15.173678,16.613509,-27.820091,-18.376273,48.151739,-24.316094,-15.127435,16.655417,-24.155454,-15.172744,16.614767,0.200000,
-24.155743,-15.173678,16.613509,-27.820091,-18.376273,48.151739,-24.088574,-15.193009,16.595916,-24.155455,-15.172745,16.614765,0.200000,
-24.155743,-15.173678,16.613509,-27.820091,-18.376273,48.151739,-24.316094,-15.127435,16.655417,-24.155455,-15.172747,16.614762,0.200000,
-24.155743,-15.173678,16.613509,-27.820091,-18.376273,48.151739,-24.088574,-15.193009,16.595916,-24.155456,-15.172749,16.614760,0.200000,
-24.155743,-15.173678,16.613509,-27.820091,-18.376273,48.151739,-24.316094,-15.127435,16.655417,-24.155457,-15.172751,16.614757,0.200000,
-24.155743,-15.173678,16.613509,-27.820091,-18.376273,48.151739,-24.088573,-15.193009,16.595916,-24.155457,-15.172753,16.614755,0.200000,
-24.155743,-15.173678,16.613509,-27.820091,-18.376273,48.151739,-24.316093,-15.127435,16.655417,-24.155458,-15.172755,16.614752,0.200000,
-24.155743,-15.173678,16.613509,-27.820091,-18.376273,48.151739,-24.088573,-15.193009,16.595916,-24.155458,-15.172757,16.614750,0.200000,
-24.155743,-15.173678,16.613509,-27.820091,-18.376273,48.151739,-24.316093,-15.127435,16.655417,-24.155459,-15.172758,16.614747,0.200000,
-24.155743,-15.173678,16.613509,-27.820091,-18.376273,48.151739,-24.088573,-15.193009,16.595916,-24.155459,-15.172760,16.614745,0.200000,
-24.155743,-15.173678,16.613509,-27.820091,-18.376273,48.151739,-24.316093,-15.127435,16.655417,-24.155460,-15.172762,16.614742,0.200000,
-24.155743,-15.173678,16.613509,-27.820091,-18.376273,48.151739,-24.088573,-15.193009,16.595916,-24.155461,-15.172764,16.614740,0.200000,
-24.155743,-15.173678,16.613509,-27.820091,-18.376273,48.151739,-24.316093,-15.127435,16.655417,-24.155461,-15.172766,16.614738,0.200000,
-24.155743,-15.173678,16.613509,-27.820091,-18.376273,48.151739,-24.088573,-15.193009,16.595916,-24.155462,-15.172768,16.614735,0.200000,
-24.155743,-15.173678,16.613509,-27.820091,-18.376273,48.151739,-24.316093,-15.127436,16.655417,-24.155462,-15.172769,16.614733,0.200000,
-24.155743,-15.173678,16.613509,-27.820091,-18.376273,48.151739,-24.088573,-15.193009,16.595916,-24.155463,-15.172771,16.614730,0.200000,
-24.155743,-15.173678,16.613509,-27.820091,-18.376273,48.151739,-24.316093,-15.127436,16.655417,-24.155463,-15.172773,16.614728,0.200000,
-24.155743,-15.173678,16.613509,-27.820091,-18.376273,48.151739,-24.088572,-15.193009,16.595916,-24.155464,-15.172775,16.614725,0.200000,
-24.155743,-15.173678,16.613509,-27.820091,-18.376273,48.151739,-24.316092,-15.127436,16.655417,-24.155465,-15.172777,16.614723,0.200000,
-24.155743,-15.173678,16.613509,-27.820091,-18.376273,48.151739,-24.088572,-15.193009,16.595916,-24.155465,-15.172778,16.614720,0.200000,
-24.155743,-15.173678,16.613509,-27.820091,-18.376273,48.151739,-24.316092,-15.127436,16.655417,-24.155466,-15.172780,16.614718,0.200000,
-24.155743,-15.173678,16.613509,-27.820091,-18.376273,48.151739,-24.088572,-15.193009,16.595916,-24.155466,-15.172782,16.614716,0.200000,
-24.155743,-15.173678,16.613509,-27.820091,-18.376273,48.151740,-24.316092,-15.127436,16.655417,-24.155467,-15.172784,16.614713,0.200000,
-24.155743,-15.173678,16.613509,-27.820091,-18.376273,48.151740,-24.088572,-15.193009,16.595916,-24.155467,-15.172786,16.614711,0.200000,
-24.155743,-15.173678,16.613509,-27.820091,-18.376273,48.151740,-24.316092,-15.127436,16.655417,-24.155468,-15.172787,16.614708,0.200000,
-24.155743,-15.173678,16.613509,-27.820091,-18.376273,48.151740,-24.088572,-15.193009,16.595916,-24.155468,-15.172789,16.614706,0.200000,
-24.155743,-15.173678,16.613509,-27.820091,-18.376273,48.151740,-24.316092,-15.127436,16.655417,-24.155469,-15.172791,16.614704,0.200000,
-24.155743,-15.173678,16.613509,-27.820091,-18.376273,48.151740,-24.088571,-15.193009,16.595916,-24.155470,-15.172793,16.614701,0.200000,
-24.155743,-15.173678,16.613509,-27.820091,-18.376273,48.151740,-24.316091,-15.127436,16.655417,-24.155470,-15.172794,16.614699,0.200000,
-24.155743,-15.173678,16.613509,-27.820091,-18.376273,48.151740,-24.088571,-15.193009,16.595916,-24.155471,-15.172796,16.614697,0.200000,
-24.155743,-15.173678,16.613509,-27.820091,-18.376273,48.151740,-24.316091,-15.127436,16.655417,-24.155471,-15.172798,16.614694,0.200000,
-24.155743,-15.173678,16.613509,-27.820091,-18.376273,48.151740,-24.088571,-15.193009,16.595916,-24.155472,-15.172800,16.614692,0.200000,
-24.155743,-15.173678,16.613509,-27.820091,-18.376273,48.151740,-24.316091,-15.127436,16.655417,-24.155472,-15.172801,16.614689,0.200000,
-24.155743,-15.173678,16.613509,-27.820091,-18.376273,48.151740,-24.088571,-15.193009,16.595916,-24.155473,-15.172803,16.614687,0.200000,
-24.155743,-15.173678,16.613509,-27.820091,-18.376273,48.151740,-24.316091,-15.127436,16.655416,-24.155473,-15.172805,16.614685,0.200000,
-24.155743,-15.173678,16.613509,-27.820091,-18.376273,48.151740,-24.088571,-15.193010,16.595916,-24.155474,-15.172807,16.614682,0.200000,
-24.155743,-15.173678,16.613509,-27.820091,-18.376273,48.151740,-24.316091,-15.127436,16.655416,-24.155474,-15.172808,16.614680,0.200000,
-24.155743,-15.173678,16.613509,-27.820091,-18.376273,48.151740,-24.088570,-15.193010,16.595915,-24.155475,-15.172810,16.614678,0.200000,
-24.155743,-15.173678,16.613509,-27.820091,-18.376273,48.151740,-24.316090,-15.127436,16.655416,-24.155475,-15.172812,16.614675,0.200000,
-24.155743,-15.173678,16.613509,-27.820091,-18.376273,48.151740,-24.088570,-15.193010,16.595915,-24.155476,-15.172814,16.614673,0.200000,
-24.155743,-15.173678,16.613509,-27.820091,-18.376273,48.151740,-24.316090,-15.127436,16.655416,-24.155477,-15.172815,16.614671,0.200000,
-24.155743,-15.173678,16.613509,-27.820091,-18.376273,48.151740,-24.088570,-15.193010,16.595915,-24.155477,-15.172817,16.614668,0.200000,
-24.155743,-15.173678,16.613509,-27.820091,-18.376273,48.151740,-24.316090,-15.127436,16.655416,-24.155478,-15.172819,16.614666,0.200000,
-24.155743,-15.173678,16.613509,-27.820091,-18.376273,48.151740,-24.088570,-15.193010,16.595915,-24.155478,-15.172821,16.614664,0.200000,
-24.155743,-15.173678,16.613509,-27.820091,-18.376273,48.151740,-24.316090,-15.127436,16.655416,-24.155479,-15.172822,16.614661,0.200000,
-24.155743,-15.173678,16.613509,-27.820091,-18.376273,48.151740,-24.088570,-15.193010,16.595915,-24.155479,-15.172824,16.614659,0.200000,
-24.155743,-15.173678,16.613509,-27.820091,-18.376273,48.151740,-24.316090,-15.127436,16.655416,-24.155480,-15.172826,16.614657,0.200000,
-24.155743,-15.173678,16.613509,-27.820091,-18.376273,48.151740,-24.088570,-15.193010,16.595915,-24.155480,-15.172827,16.614655,0.200000,
-24.155743,-15.173678,16.613509,-27.820091,-18.376273,48.151740,-24.316090,-15.127436,16.655416,-24.155481,-15.172829,16.614652,0.200000,
-24.155743,-15.173678,16.613509,-27.820091,-18.376273,48.151740,-24.088569,-15.193010,16.595915,-24.155481,-15.172831,16.614650,0.200000,
-24.155743,-15.173678,16.613509,-27.820091,-18.376273,48.151740,-24.316089,-15.127437,16.655416,-24.155482,-15.172832,16.614648,0.200000,
-24.155743,-15.173678,16.613509,-27.820091,-18.376273,48.151740,-24.088569,-15.193010,16.595915,-24.155482,-15.172834,16.614645,0.200000,
-24.155743,-15.173678,16.613509,-27.820091,-18.376273,48.151740,-24.316089,-15.127437,16.655416,-24.155483,-15.172836,16.614643,0.200000,
-24.155743,-15.173678,16.613509,-27.820091,-18.376273,48.151740,-24.088569,-15.193010,16.595915,-24.155483,-15.172837,16.614641,0.200000,
-24.155743,-15.173678,16.613509,-27.820091,-18.376273,48.151740,-24.316089,-15.127437,16.655416,-24.155484,-15.172839,16.614639,0.200000,
-24.155743,-15.173678,16.613509,-27.820091,-18.376273,48.151740,-24.088569,-15.193010,16.595915,-24.155484,-15.172841,16.614636,0.200000,
-24.155743,-15.173678,16.613509,-27.820091,-18.376273,48.151740,-24.316089,-15.127437,16.655416,-24.155485,-15.172842,16.614634,0.200000,
-24.155743,-15.173678,16.613509,-27.820091,-18.376273,48.151740,-24.088569,-15.193010,16.595915,-24.155485,-15.172844,16.614632,0.200000,
-24.155743,-15.173678,16.613509,-27.820091,-18.376273,48.151740,-24.316089,-15.127437,16.655416,-24.155486,-15.172846,16.614630,0.200000,
-24.155743,-15.173678,16.613509,-27.820091,-18.376273,48.151740,-24.088568,-15.193010,16.595915,-24.155486,-15.172847,16.614627,0.200000,
-24.155743,-15.173678,16.613509,-27.820091,-18.376273,48.151740,-24.316088,-15.127437,16.655416,-24.155487,-15.172849,16.614625,0.200000,
-24.155743,-15.173678,16.613509,-27.820091,-18.376273,48.151740,-24.088568,-15.193010,16.595915,-24.155488,-15.172851,16.614623,0.200000,
-24.155743,-15.173678,16.613509,-27.820091,-18.376273,48.151740,-24.316088,-15.127437,16.655416,-24.155488,-15.172852,16.614621,0.200000,
-24.155743,-15.173678,16.613509,-27.820091,-18.376273,48.151740,-24.088568,-15.193010,16.595915,-24.155489,-15.172854,16.614618,0.200000,
-24.155743,-15.173678,16.613509,-27.820091,-18.376273,48.151740,-24.316088,-15.127437,16.655416,-24.155489,-15.172856,16.614616,0.200000,
-24.155743,-15.173678,16.613509,-27.820091,-18.376273,48.151740,-24.088568,-15.193010,16.595915,-24.155490,-15.172857,16.614614,0.200000,
-24.155743,-15.173678,16.613509,-27.820091,-18.376273,48.151740,-24.316088,-15.127437,16.655416,-24.155490,-15.172859,16.614612,0.200000,
-24.155743,-15.173678,16.613509,-27.820091,-18.376273,48.151740,-24.088568,-15.193010,16.595915,-24.155491,-15.172861,16.614610,0.200000,
-24.155743,-15.173678,16.613509,-27.820091,-18.376273,48.151740,-24.316088,-15.127437,16.655416,-24.155491,-15.172862,16.614607,0.200000,
-24.155743,-15.173678,16.613509,-27.820091,-18.376273,48.151740,-24.088567,-15.193010,16.595915,-24.155492,-15.172864,16.614605,0.200000,
-24.155743,-15.173678,16.613509,-27.820091,-18.376273,48.151740,-24.316088,-15.127437,16.655416,-24.155492,-15.172866,16.614603,0.200000,
-24.155743,-15.173678,16.613509,-27.820091,-18.376273,48.151740,-24.088567,-15.193010,16.595915,-24.155493,-15.172867,16.614601,0.200000,
-24.155743,-15.173678,16.613509,-27.820091,-18.376273,48.151740,-24.316087,-15.127437,16.655416,-24.155493,-15.172869,16.614599,0.200000,
-24.155743,-15.173678,16.613509,-27.820091,-18.376273,48.151740,-24.088567,-15.193011,16.595915,-24.155494,-15.172870,16.614597,0.200000,
-24.155743,-15.173678,16.613509,-27.820091,-18.376273,48.151740,-24.316087,-15.127437,16.655416,-24.155494,-15.172872,16.614594,0.200000,
-24.155743,-15.173678,16.613509,-27.820091,-18.376273,48.151740,-24.088567,-15.193011,16.595915,-24.155495,-15.172874,16.614592,0.200000,
-24.155743,-15.173678,16.613509,-27.820091,-18.376273,48.151740,-24.316087,-15.127437,16.655415,-24.155495,-15.172875,16.614590,0.200000,
-24.155743,-15.173678,16.613509,-27.820091,-18.376273,48.151740,-24.088567,-15.193011,16.595914,-24.155496,-15.172877,16.614588,0.200000,
-24.155743,-15.173678,16.613509,-27.820091,-18.376273,48.151740,-24.316087,-15.127437,16.655415,-24.155496,-15.172878,16.614586,0.200000,
-24.155743,-15.173678,16.613509,-27.820091,-18.376273,48.151740,-24.088567,-15.193011,16.595914,-24.155497,-15.172880,16.614584,0.200000,
-24.155743,-15.173678,16.613509,-27.820091,-18.376273,48.151740,-24.316087,-15.127437,16.655415,-24.155497,-15.172882,16.614581,0.200000,
-24.155743,-15.173678,16.613509,-27.820091,-18.376273,48.151740,-24.088566,-15.193011,16.595914,-24.155498,-15.172883,16.614579,0.200000,
-24.155743,-15.173678,16.613509,-27.820091,-18.376273,48.151740,-24.316086,-15.127437,16.655415,-24.155498,-15.172885,16.614577,0.200000,
-24.155743,-15.173678,16.613509,-27.820091,-18.376273,48.151740,-24.088566,-15.193011,16.595914,-24.155499,-15.172886,16.614575,0.200000,
-24.155743,-15.173678,16.613509,-27.820091,-18.376273,48.151740,-24.316086,-15.127437,16.655415,-24.155499,-15.172888,16.614573,0.200000,
-24.155743,-15.173678,16.613509,-27.820091,-18.376273,48.151740,-24.088566,-15.193011,16.595914,-24.155500,-15.172889,16.614571,0.200000,
-24.155743,-15.173678,16.613509,-27.820091,-18.376273,48.151740,-24.316086,-15.127437,16.655415,-24.155500,-15.172891,16.614569,0.200000,
-24.155743,-15.173678,16.613509,-27.820091,-18.376273,48.151740,-24.088566,-15.193011,16.595914,-24.155500,-15.172893,16.614567,0.200000,
-24.155743,-15.173678,16.613509,-27.820091,-18.376273,48.151740,-24.316086,-15.127438,16.655415,-24.155501,-15.172894,16.614564,0.200000,
-24.155743,-15.173678,16.613509,-27.820091,-18.376273,48.151740,-24.088566,-15.193011,16.595914,-24.155501,-15.172896,16.614562,0.200000,
-24.155743,-15.173678,16.613509,-27.820091,-18.376273,48.151740,-24.316086,-15.127438,16.655415,-24.155502,-15.172897,16.614560,0.200000,
-24.155743,-15.173678,16.613509,-27.820091,-18.376273,48.151740,-24.088565,-15.193011,16.595914,-24.155502,-15.172899,16.614558,0.200000,
-24.155743,-15.173678,16.613509,-27.820091,-18.376273,48.151740,-24.316085,-15.127438,16.655415,-24.155503,-15.172900,16.614556,0.200000,
-24.155743,-15.173678,16.613509,-27.820091,-18.376273,48.151740,-24.088565,-15.193011,16.595914,-24.155503,-15.172902,16.614554,0.200000,
-24.155743,-15.173678,16.613509,-27.820091,-18.376273,48.151740,-24.316085,-15.127438,16.655415,-24.155504,-15.172904,16.614552,0.200000,
-24.155743,-15.173678,16.613509,-27.820091,-18.376273,48.151740,-24.088565,-15.193011,16.595914,-24.155504,-15.172905,16.614550,0.200000,
-24.155743,-15.173678,16.613509,-27.820091,-18.376273,48.151740,-24.316085,-15.127438,16.655415,-24.155505,-15.172907,16.614548,0.200000,
-24.155743,-15.173678,16.613509,-27.820091,-18.376273,48.151740,-24.088565,-15.193011,16.595914,-24.155505,-15.172908,16.614546,0.200000,
-24.155743,-15.173678,16.613509,-27.820091,-18.376273,48.151740,-24.316085,-15.127438,16.655415,-24.155506,-15.172910,16.614544,0.200000,
-24.155743,-15.173678,16.613509,-27.820091,-18.376273,48.151740,-24.088565,-15.193011,16.595914,-24.155506,-15.172911,16.614541,0.200000,
-24.155743,-15.173678,16.613509,-27.820091,-18.376273,48.151740,-24.316085,-15.127438,16.655415,-24.155507,-15.172913,16.614539,0.200000,
-24.155743,-15.173678,16.613509,-27.820091,-18.376273,48.151740,-24.088565,-15.193011,16.595914,-24.155507,-15.172914,16.614537,0.200000,
-24.155743,-15.173678,16.613509,-27.820091,-18.376273,48.151740,-24.316085,-15.127438,16.655415,-24.155508,-15.172916,16.614535,0.200000,
-24.155743,-15.173678,16.613509,-27.820091,-18.376273,48.151740,-24.088564,-15.193011,16.595914,-24.155508,-15.172917,16.614533,0.200000,
-24.155743,-15.173678,16.613509,-27.820091,-18.376273,48.151740,-24.316084,-15.127438,16.655415,-24.155509,-15.172919,16.614531,0.200000,
-24.155743,-15.173678,16.613509,-27.820091,-18.376273,48.151740,-24.088564,-15.193011,16.595914,-24.155509,-15.172920,16.614529,0.200000,
-24.155743,-15.173678,16.613509,-27.820091,-18.376273,48.151740,-24.316084,-15.127438,16.655415,-24.155510,-15.172922,16.614527,0.200000,
-24.155743,-15.173678,16.613509,-27.820091,-18.376273,48.151740,-24.088564,-15.193011,16.595914,-24.155510,-15.172923,16.614525,0.200000,
-24.155743,-15.173678,16.613509,-27.820091,-18.376273,48.151740,-24.316084,-15.127438,16.655415,-24.155510,-15.172925,16.614523,0.200000,
-24.155743,-15.173678,16.613509,-27.820091,-18.376273,48.151740,-24.088564,-15.193012,16.595914,-24.155511,-15.172926,16.614521,0.200000,
-24.155743,-15.173678,16.613509,-27.820091,-18.376273,48.151740,-24.316084,-15.127438,16.655415,-24.155511,-15.172928,16.614519,0.200000,
-24.155743,-15.173678,16.613509,-27.820091,-18.376273,48.151740,-24.088564,-15.193012,16.595914,-24.155512,-15.172929,16.614517,0.200000,
-24.155743,-15.173678,16.613509,-27.820091,-18.376273,48.151740,-24.316084,-15.127438,16.655415,-24.155512,-15.172931,16.614515,0.200000,
-24.155743,-15.173678,16.613509,-27.820091,-18.376273,48.151740,-24.088563,-15.193012,16.595914,-24.155513,-15.172932,16.614513,0.200000,
-24.155743,-15.173678,16.613509,-27.820091,-18.376273,48.151740,-24.316083,-15.127438,16.655415,-24.155513,-15.172934,16.614511,0.200000,
-24.155743,-15.173678,16.613509,-27.820091,-18.376273,48.151740,-24.088563,-15.193012,16.595914,-24.155514,-15.172935,16.614509,0.200000,
-24.155743,-15.173678,16.613509,-27.820091,-18.376273,48.151740,-24.316083,-15.127438,16.655414,-24.155514,-15.172937,16.614507,0.200000,
-24.155743,-15.173678,16.613509,-27.820091,-18.376273,48.151740,-24.088563,-15.193012,16.595914,-24.155515,-15.172938,16.614505,0.200000,
-24.155743,-15.173678,16.613509,-27.820091,-18.376273,48.151740,-24.316083,-15.127438,16.655414,-24.155515,-15.172940,16.614503,0.200000,
-24.155743,-15.173678,16.613509,-27.820091,-18.376273,48.151740,-24.088563,-15.193012,16.595913,-24.155516,-15.172941,16.614501,0.200000,
-24.155743,-15.173678,16.613509,-27.820091,-18.376273,48.151740,-24.316083,-15.127438,16.655414,-24.155516,-15.172943,16.614499,0.200000,
-24.155743,-15.173678,16.613509,-27.820091,-18.376273,48.151740,-24.088563,-15.193012,16.595913,-24.155516,-15.172944,16.614497,0.200000,
-24.155743,-15.173678,16.613509,-27.820091,-18.376273,48.151740,-24.316083,-15.127438,16.655414,-24.155517,-15.172946,16.614495,0.200000,
-24.155743,-15.173678,16.613509,-27.820091,-18.376273,48.151740,-24.088562,-15.193012,16.595913,-24.155517,-15.172947,16.614493,0.200000,
-24.155743,-15.173678,16.613509,-27.820091,-18.376273,48.151740,-24.316082,-15.127438,16.655414,-24.155518,-15.172949,16.614491,0.200000,
-24.155743,-15.173678,16.613509,-27.820091,-18.376273,48.151740,-24.088562,-15.193012,16.595913,-24.155518,-15.172950,16.614489,0.200000,
-24.155743,-15.173678,16.613509,-27.820091,-18.376273,48.151740,-24.316082,-15.127439,16.655414,-24.155519,-15.172951,16.614487,0.200000,
-24.155743,-15.173678,16.613509,-27.820091,-18.376273,48.151740,-24.088562,-15.193012,16.595913,-24.155519,-15.172953,16.614485,0.200000,
-24.155743,-15.173678,16.613509,-27.820091,-18.376273,48.151740,-24.316082,-15.127439,16.655414,-24.155520,-15.172954,16.614483,0.200000,
-24.155743,-15.173678,16.613509,-27.820091,-18.376273,48.151740,-24.088562,-15.193012,16.595913,-24.155520,-15.172956,16.614481,0.200000,
-24.155743,-15.173678,16.613509,-27.820091,-18.376273,48.151740,-24.316082,-15.127439,16.655414,-24.155521,-15.172957,16.614479,0.200000,
-24.155743,-15.173678,16.613509,-27.820091,-18.376273,48.151740,-24.088562,-15.193012,16.595913,-24.155521,-15.172959,16.614478,0.200000,
-24.155743,-15.173678,16.613509,-27.820091,-18.376273,48.151740,-24.316082,-15.127439,16.655414,-24.155521,-15.172960,16.614476,0.200000,
-24.155743,-15.173678,16.613509,-27.820091,-18.376273,48.151740,-24.088562,-15.193012,16.595913,-24.155522,-15.172962,16.614474,0.200000,
-24.155743,-15.173678,16.613509,-27.820091,-18.376273,48.151740,-24.316082,-15.127439,16.655414,-24.155522,-15.172963,16.614472,0.200000,
-24.155743,-15.173678,16.613509,-27.820091,-18.376273,48.151740,-24.088561,-15.193012,16.595913,-24.155523,-15.172964,16.614470,0.200000,
-24.155743,-15.173678,16.613509,-27.820091,-18.376273,48.151740,-24.316081,-15.127439,16.655414,-24.155523,-15.172966,16.614468,0.200000,
-24.155743,-15.173678,16.613509,-27.820091,-18.376273,48.151740,-24.088561,-15.193012,16.595913,-24.155524,-15.172967,16.614466,0.200000,
-24.155743,-15.173678,16.613509,-27.820091,-18.376273,48.151740,-24.316081,-15.127439,16.655414,-24.155524,-15.172969,16.614464,0.200000,
-24.155743,-15.173678,16.613509,-27.820091,-18.376273,48.151740,-24.088561,-15.193012,16.595913,-24.155524,-15.172970,16.614462,0.200000,
-24.155743,-15.173678,16.613509,-27.820091,-18.376273,48.151740,-24.316081,-15.127439,16.655414,-24.155525,-15.172972,16.614460,0.200000,
-24.155743,-15.173678,16.613509,-27.820091,-18.376273,48.151740,-24.088561,-15.193012,16.595913,-24.155525,-15.172973,16.614458,0.200000,
-24.155743,-15.173678,16.613509,-27.820091,-18.376273,48.151740,-24.316081,-15.127439,16.655414,-24.155526,-15.172974,16.614456,0.200000,
-24.155743,-15.173678,16.613509,-27.820091,-18.376273,48.151740,-24.088561,-15.193012,16.595913,-24.155526,-15.172976,16.614455,0.200000,
-24.155743,-15.173678,16.613509,-27.820091,-18.376273,48.151740,-24.316081,-15.127439,16.655414,-24.155527,-15.172977,16.614453,0.200000,
-24.155743,-15.173678,16.613509,-27.820091,-18.376273,48.151741,-24.088560,-15.193012,16.595913,-24.155527,-15.172979,16.614451,0.200000,
-24.155743,-15.173678,16.613509,-27.820091,-18.376273,48.151741,-24.316080,-15.127439,16.655414,-24.155528,-15.172980,16.614449,0.200000,
-24.155743,-15.173678,16.613509,-27.820091,-18.376273,48.151741,-24.088560,-15.193013,16.595913,-24.155528,-15.172981,16.614447,0.200000,
-24.155743,-15.173678,16.613509,-27.820091,-18.376273,48.151741,-24.316080,-15.127439,16.655414,-24.155528,-15.172983,16.614445,0.200000,
-24.155743,-15.173678,16.613509,-27.820091,-18.376273,48.151741,-24.088560,-15.193013,16.595913,-24.155529,-15.172984,16.614443,0.200000,
-24.155743,-15.173678,16.613509,-27.820091,-18.376273,48.151741,-24.316080,-15.127439,16.655414,-24.155529,-15.172985,16.614441,0.200000,
-24.155743,-15.173678,16.613509,-27.820091,-18.376273,48.151741,-24.088560,-15.193013,16.595913,-24.155530,-15.172987,16.614440,0.200000,
-24.155743,-15.173678,16.613509,-27.820091,-18.376273,48.151741,-24.316080,-15.127439,16.655414,-24.155530,-15.172988,16.614438,0.200000,
-24.155743,-15.173678,16.613509,-27.820091,-18.376273,48.151741,-24.088560,-15.193013,16.595913,-24.155531,-15.172990,16.614436,0.200000,
-24.155743,-15.173678,16.613509,-27.820091,-18.376273,48.151741,-24.316080,-15.127439,16.655414,-24.155531,-15.172991,16.614434,0.200000,
-24.155743,-15.173678,16.613509,-27.820091,-18.376273,48.151741,-24.088559,-15.193013,16.595913,-24.155531,-15.172992,16.614432,0.200000,
-24.155743,-15.173678,16.613509,-27.820091,-18.376273,48.151741,-24.316080,-15.127439,16.655414,-24.155532,-15.172994,16.614430,0.200000,
-24.155743,-15.173678,16.613509,-27.820091,-18.376273,48.151741,-24.088559,-15.193013,16.595913,-24.155532,-15.172995,16.614428,0.200000,
-24.155743,-15.173678,16.613509,-27.820091,-18.376273,48.151741,-24.316079,-15.127439,16.655413,-24.155533,-15.172996,16.614427,0.200000,
-24.155743,-15.173678,16.613509,-27.820091,-18.376273,48.151741,-24.088559,-15.193013,16.595912,-24.155533,-15.172998,16.614425,0.200000,
-24.155743,-15.173678,16.613509,-27.820091,-18.376273,48.151741,-24.316079,-15.127439,16.655413,-24.155533,-15.172999,16.614423,0.200000,
-24.155743,-15.173678,16.613509,-27.820091,-18.376273,48.151741,-24.088559,-15.193013,16.595912,-24.155534,-15.173001,16.614421,0.200000,
-24.155743,-15.173678,16.613509,-27.820091,-18.376273,48.151741,-24.316079,-15.127440,16.655413,-24.155534,-15.173002,16.614419,0.200000,
-24.155743,-15.173678,16.613509,-27.820091,-18.376273,48.151741,-24.088559,-15.193013,16.595912,-24.155535,-15.173003,16.614418,0.200000,
-24.155743,-15.173678,16.613509,-27.820091,-18.376273,48.151741,-24.316079,-15.127440,16.655413,-24.155535,-15.173005,16.614416,0.200000,
-24.155743,-15.173678,16.613509,-27.820091,-18.376273,48.151741,-24.088559,-15.193013,16.595912,-24.155536,-15.173006,16.614414,0.200000,
-24.155743,-15.173678,16.613509,-27.820091,-18.376273,48.151741,-24.316079,-15.127440,16.655413,-24.155536,-15.173007,16.614412,0.200000,
-24.155743,-15.173678,16.613509,-27.820091,-18.376273,48.151741,-24.088558,-15.193013,16.595912,-24.155536,-15.173009,16.614410,0.200000,
-24.155743,-15.173678,16.613509,-27.820091,-18.376273,48.151741,-24.316078,-15.127440,16.655413,-24.155537,-15.173010,16.614408,0.200000,
-24.155743,-15.173678,16.613509,-27.820091,-18.376273,48.151741,-24.088558,-15.193013,16.595912,-24.155537,-15.173011,16.614407,0.200000,
-24.155743,-15.173678,16.613509,-27.820091,-18.376273,48.151741,-24.316078,-15.127440,16.655413,-24.155538,-15.173013,16.614405,0.200000,
-24.155743,-15.173678,16.613509,-27.820091,-18.376273,48.151741,-24.088558,-15.193013,16.595912,-24.155538,-15.173014,16.614403,0.200000,
-24.155743,-15.173678,16.613509,-27.820091,-18.376273,48.151741,-24.316078,-15.127440,16.655413,-24.155538,-15.173015,16.614401,0.200000,
-24.155743,-15.173678,16.613509,-27.820091,-18.376273,48.151741,-24.088558,-15.193013,16.595912,-24.155539,-15.173017,16.614400,0.200000,
-24.155743,-15.173678,16.613509,-27.820091,-18.376273,48.151741,-24.316078,-15.127440,16.655413,-24.155539,-15.173018,16.614398,0.200000,
-24.155743,-15.173678,16.613509,-27.820091,-18.376273,48.151741,-24.088558,-15.193013,16.595912,-24.155540,-15.173019,16.614396,0.200000,
-24.155743,-15.173678,16.613509,-27.820091,-18.376273,48.151741,-24.316078,-15.127440,16.655413,-24.155540,-15.173021,16.614394,0.200000,
-24.155743,-15.173678,16.613509,-27.820091,-18.376273,48.151741,-24.088557,-15.193013,16.595912,-24.155541,-15.173022,16.614392,0.200000,
-24.155743,-15.173678,16.613509,-27.820091,-18.376273,48.151741,-24.316077,-15.127440,16.655413,-24.155541,-15.173023,16.614391,0.200000,
-24.155743,-15.173678,16.613509,-27.820091,-18.376273,48.151741,-24.088557,-15.193013,16.595912,-24.155541,-15.173024,16.614389,0.200000,
-24.155743,-15.173678,16.613509,-27.820091,-18.376273,48.151741,-24.316077,-15.127440,16.655413,-24.155542,-15.173026,16.614387,0.200000,
-24.155743,-15.173678,16.613509,-27.820091,-18.376273,48.151741,-24.088557,-15.193013,16.595912,-24.155542,-15.173027,16.614385,0.200000,
-24.155743,-15.173678,16.613509,-27.820091,-18.376273,48.151741,-24.316077,-15.127440,16.655413,-24.155543,-15.173028,16.614384,0.200000,
-24.155743,-15.173678,16.613509,-27.820091,-18.376273,48.151741,-24.088557,-15.193013,16.595912,-24.155543,-15.173030,16.614382,0.200000,
-24.155743,-15.173678,16.613509,-27.820091,-18.376273,48.151741,-24.316077,-15.127440,16.655413,-24.155543,-15.173031,16.614380,0.200000,
-24.155743,-15.173678,16.613509,-27.820091,-18.376273,48.151741,-24.088557,-15.193014,16.595912,-24.155544,-15.173032,16.614378,0.200000,
-24.155743,-15.173678,16.613509,-27.820091,-18.376273,48.151741,-24.316077,-15.127440,16.655413,-24.155544,-15.173034,16.614377,0.200000,
-24.155743,-15.173678,16.613509,-27.820091,-18.376273,48.151741,-24.088556,-15.193014,16.595912,-24.155545,-15.173035,16.614375,0.200000,
-24.155743,-15.173678,16.613509,-27.820091,-18.376273,48.151741,-24.316077,-15.127440,16.655413,-24.155545,-15.173036,16.614373,0.200000,
-24.155743,-15.173678,16.613509,-27.820091,-18.376273,48.151741,-24.088556,-15.193014,16.595912,-24.155545,-15.173037,16.614371,0.200000,
-24.155743,-15.173678,16.613509,-27.820091,-18.376273,48.151741,-24.316076,-15.127440,16.655413,-24.155546,-15.173039,16.614370,0.200000,
-24.155743,-15.173678,16.613509,-27.820091,-18.376273,48.151741,-24.088556,-15.193014,16.595912,-24.155546,-15.173040,16.614368,0.200000,
-24.155743,-15.173678,16.613509,-27.820091,-18.376273,48.151741,-24.316076,-15.127440,16.655413,-24.155547,-15.173041,16.614366,0.200000,
-24.155743,-15.173678,16.613509,-27.820091,-18.376273,48.151741,-24.088556,-15.193014,16.595912,-24.155547,-15.173042,16.614365,0.200000,
-24.155743,-15.173678,16.613509,-27.820091,-18.376273,48.151741,-24.316076,-15.127440,16.655413,-24.155547,-15.173044,16.614363,0.200000,
-24.155743,-15.173678,16.613509,-27.820091,-18.376273,48.151741,-24.088556,-15.193014,16.595912,-24.155548,-15.173045,16.614361,0.200000,
-24.155743,-15.173678,16.613509,-27.820091,-18.376273,48.151741,-24.316076,-15.127440,16.655413,-24.155548,-15.173046,16.614360,0.200000,
-24.155743,-15.173678,16.613509,-27.820091,-18.376273,48.151741,-24.088556,-15.193014,16.595912,-24.155548,-15.173048,16.614358,0.200000,
-24.155743,-15.173678,16.613509,-27.820091,-18.376273,48.151741,-24.316076,-15.127440,16.655412,-24.155549,-15.173049,16.614356,0.200000,
-24.155743,-15.173678,16.613509,-27.820091,-18.376273,48.151741,-24.088555,-15.193014,16.595912,-24.155549,-15.173050,16.614354,0.200000,
-24.155743,-15.173678,16.613509,-27.820091,-18.376273,48.151741,-24.316075,-15.127441,16.655412,-24.155550,-15.173051,16.614353,0.200000,
-24.155743,-15.173678,16.613509,-27.820091,-18.376273,48.151741,-24.088555,-15.193014,16.595911,-24.155550,-15.173053,16.614351,0.200000,
-24.155743,-15.173678,16.613509,-27.820091,-18.376273,48.151741,-24.316075,-15.127441,16.655412,-24.155550,-15.173054,16.614349,0.200000,
-24.155743,-15.173678,16.613509,-27.820091,-18.376273,48.151741,-24.088555,-15.193014,16.595911,-24.155551,-15.173055,16.614348,0.200000,
-24.155743,-15.173678,16.613509,-27.820091,-18.376273,48.151741,-24.316075,-15.127441,16.655412,-24.155551,-15.173056,16.614346,0.200000,
-24.155743,-15.173678,16.613509,-27.820091,-18.376273,48.151741,-24.088555,-15.193014,16.595911,-24.155552,-15.173058,16.614344,0.200000,
-24.155743,-15.173678,16.613509,-27.820091,-18.376273,48.151741,-24.316075,-15.127441,16.655412,-24.155552,-15.173059,16.614343,0.200000,
-24.155743,-15.173678,16.613509,-27.820091,-18.376273,48.151741,-24.088555,-15.193014,16.595911,-24.155552,-15.173060,16.614341,0.200000,
-24.155743,-15.173678,16.613509,-27.820091,-18.376273,48.151741,-24.316075,-15.127441,16.655412,-24.155553,-15.173061,16.614339,0.200000,
-24.155743,-15.173678,16.613509,-27.820091,-18.376273,48.151741,-24.088554,-15.193014,16.595911,-24.155553,-15.173062,16.614338,0.200000,
-24.155743,-15.173678,16.613509,-27.820091,-18.376273,48.151741,-24.316074,-15.127441,16.655412,-24.155553,-15.173064,16.614336,0.200000,
-24.155743,-15.173678,16.613509,-27.820091,-18.376273,48.151741,-24.088554,-15.193014,16.595911,-24.155554,-15.173065,16.614334,0.200000,
-24.155743,-15.173678,16.613509,-27.820091,-18.376273,48.151741,-24.316074,-15.127441,16.655412,-24.155554,-15.173066,16.614333,0.200000,
-24.155743,-15.173678,16.613509,-27.820091,-18.376273,48.151741,-24.088554,-15.193014,16.595911,-24.155555,-15.173067,16.614331,0.200000,
-24.155743,-15.173678,16.613509,-27.820091,-18.376273,48.151741,-24.316074,-15.127441,16.655412,-24.155555,-15.173069,16.614329,0.200000,
-24.155743,-15.173678,16.613509,-27.820091,-18.376273,48.151741,-24.088554,-15.193014,16.595911,-24.155555,-15.173070,16.614328,0.200000,
-24.155743,-15.173678,16.613509,-27.820091,-18.376273,48.151741,-24.316074,-15.127441,16.655412,-24.155556,-15.173071,16.614326,0.200000,
-24.155743,-15.173678,16.613509,-27.820091,-18.376273,48.151741,-24.088554,-15.193014,16.595911,-24.155556,-15.173072,16.614325,0.200000,
-24.155743,-15.173678,16.613509,-27.820091,-18.376273,48.151741,-24.316074,-15.127441,16.655412,-24.155556,-15.173073,16.614323,0.200000,
-24.155743,-15.173678,16.613509,-27.820091,-18.376273,48.151741,-24.088554,-15.193014,16.595911,-24.155557,-15.173075,16.614321,0.200000,
-24.155743,-15.173678,16.613509,-27.820091,-18.376273,48.151741,-24.316074,-15.127441,16.655412,-24.155557,-15.173076,16.614320,0.200000,
-24.155743,-15.173678,16.613509,-27.820091,-18.376273,48.151741,-24.088553,-15.193015,16.595911,-24.155558,-15.173077,16.614318,0.200000,
-24.155743,-15.173678,16.613509,-27.820091,-18.376273,48.151741,-24.316073,-15.127441,16.655412,-24.155558,-15.173078,16.614316,0.200000,
-24.155743,-15.173678,16.613509,-27.820091,-18.376273,48.151741,-24.088553,-15.193015,16.595911,-24.155558,-15.173079,16.614315,0.200000,
-24.155743,-15.173678,16.613509,-27.820091,-18.376273,48.151741,-24.316073,-15.127441,16.655412,-24.155559,-15.173081,16.614313,0.200000,
-24.155743,-15.173678,16.613509,-27.820091,-18.376273,48.151741,-24.088553,-15.193015,16.595911,-24.155559,-15.173082,16.614312,0.200000,
-24.155743,-15.173678,16.613509,-27.820091,-18.376273,48.151741,-24.316073,-15.127441,16.655412,-24.155559,-15.173083,16.614310,0.200000,
-24.155743,-15.173678,16.613509,-27.820091,-18.376273,48.151741,-24.088553,-15.193015,16.595911,-24.155560,-15.173084,16.614308,0.200000,
-24.155743,-15.173678,16.613509,-27.820091,-18.376273,48.151741,-24.316073,-15.127441,16.655412,-24.155560,-15.173085,16.614307,0.200000,
-24.155743,-15.173678,16.613509,-27.820091,-18.376273,48.151741,-24.088553,-15.193015,16.595911,-24.155561,-15.173087,16.614305,0.200000,
-24.155743,-15.173678,16.613509,-27.820091,-18.376273,48.151741,-24.316073,-15.127441,16.655412,-24.155561,-15.173088,16.614304,0.200000,
-24.155743,-15.173678,16.613509,-27.820091,-18.376273,48.151741,-24.088552,-15.193015,16.595911,-24.155561,-15.173089,16.614302,0.200000,
-24.155743,-15.173678,16.613509,-27.820091,-18.376273,48.151741,-24.316072,-15.127441,16.655412,-24.155562,-15.173090,16.614300,0.200000,
-24.155743,-15.173678,16.613509,-27.820091,-18.376273,48.151741,-24.088552,-15.193015,16.595911,-24.155562,-15.173091,16.614299,0.200000,
-24.155743,-15.173678,16.613509,-27.820091,-18.376273,48.151741,-24.316072,-15.127441,16.655412,-24.155562,-15.173092,16.614297,0.200000,
-24.155743,-15.173678,16.613509,-27.820091,-18.376273,48.151741,-24.088552,-15.193015,16.595911,-24.155563,-15.173094,16.614296,0.200000,
-24.155743,-15.173678,16.613509,-27.820091,-18.376273,48.151741,-24.316072,-15.127442,16.655412,-24.155563,-15.173095,16.614294,0.200000,
-24.155743,-15.173678,16.613509,-27.820091,-18.376273,48.151741,-24.088552,-15.193015,16.595911,-24.155563,-15.173096,16.614293,0.200000,
-24.155743,-15.173678,16.613509,-27.820091,-18.376273,48.151741,-24.316072,-15.127442,16.655412,-24.155564,-15.173097,16.614291,0.200000,
-24.155743,-15.173678,16.613509,-27.820091,-18.376273,48.151741,-24.088552,-15.193015,16.595911,-24.155564,-15.173098,16.614289,0.200000,
-24.155743,-15.173678,16.613509,-27.820091,-18.376273,48.151741,-24.316072,-15.127442,16.655411,-24.155565,-15.173099,16.614288,0.200000,
-24.155743,-15.173678,16.613509,-27.820091,-18.376273,48.151741,-24.088551,-15.193015,16.595910,-24.155565,-15.173101,16.614286,0.200000,
-24.155743,-15.173678,16.613509,-27.820091,-18.376273,48.151741,-24.316071,-15.127442,16.655411,-24.155565,-15.173102,16.614285,0.200000,
-24.155743,-15.173678,16.613509,-27.820091,-18.376273,48.151741,-24.088551,-15.193015,16.595910,-24.155566,-15.173103,16.614283,0.200000,
-24.155743,-15.173678,16.613509,-27.820091,-18.376273,48.151741,-24.316071,-15.127442,16.655411,-24.155566,-15.173104,16.614282,0.200000,
-24.155743,-15.173678,16.613509,-27.820091,-18.376273,48.151741,-24.088551,-15.193015,16.595910,-24.155566,-15.173105,16.614280,0.200000,
-24.155743,-15.173678,16.613509,-27.820091,-18.376273,48.151741,-24.316071,-15.127442,16.655411,-24.155567,-15.173106,16.614279,0.200000,
-24.155743,-15.173678,16.613509,-27.820091,-18.376273,48.151741,-24.088551,-15.193015,16.595910,-24.155567,-15.173107,16.614277,0.200000,
-24.155743,-15.173678,16.613509,-27.820091,-18.376273,48.151741,-24.316071,-15.127442,16.655411,-24.155567,-15.173109,16.614276,0.200000,
-24.155743,-15.173678,16.613509,-27.820091,-18.376273,48.151741,-24.088551,-15.193015,16.595910,-24.155568,-15.173110,16.614274,0.200000,
-24.155743,-15.173678,16.613509,-27.820091,-18.376273,48.151741,-24.316071,-15.127442,16.655411,-24.155568,-15.173111,16.614272,0.200000,
-24.155743,-15.173678,16.613509,-27.820091,-18.376273,48.151741,-24.088551,-15.193015,16.595910,-24.155568,-15.173112,16.614271,0.200000,
-24.155743,-15.173678,16.613509,-27.820091,-18.376273,48.151741,-24.316071,-15.127442,16.655411,-24.155569,-15.173113,16.614269,0.200000,
-24.155743,-15.173678,16.613509,-27.820091,-18.376273,48.151741,-24.088550,-15.193015,16.595910,-24.155569,-15.173114,16.614268,0.200000,
-24.155743,-15.173678,16.613509,-27.820091,-18.376273,48.151741,-24.316070,-15.127442,16.655411,-24.155569,-15.173115,16.614266,0.200000,
-24.155743,-15.173678,16.613509,-27.820091,-18.376273,48.151741,-24.088550,-15.193015,16.595910,-24.155570,-15.173116,16.614265,0.200000,
-24.155743,-15.173678,16.613509,-27.820091,-18.376273,48.151741,-24.316070,-15.127442,16.655411,-24.155570,-15.173118,16.614263,0.200000,
-24.155743,-15.173678,16.613509,-27.820091,-18.376273,48.151741,-24.088550,-15.193015,16.595910,-24.155571,-15.173119,16.614262,0.200000,
-24.155743,-15.173678,16.613509,-27.820091,-18.376273,48.151741,-24.316070,-15.127442,16.655411,-24.155571,-15.173120,16.614260,0.200000,
-24.155743,-15.173678,16.613509,-27.820091,-18.376273,48.151741,-24.088550,-15.193016,16.595910,-24.155571,-15.173121,16.614259,0.200000,
-24.155743,-15.173678,16.613509,-27.820091,-18.376273,48.151741,-24.316070,-15.127442,16.655411,-24.155572,-15.173122,16.614257,0.200000,
-24.155743,-15.173678,16.613509,-27.820091,-18.376273,48.151741,-24.088550,-15.193016,16.595910,-24.155572,-15.173123,16.614256,0.200000,
-24.155743,-15.173678,16.613509,-27.820091,-18.376273,48.151741,-24.316070,-15.127442,16.655411,-24.155572,-15.173124,16.614254,0.200000,
-24.155743,-15.173678,16.613509,-27.820091,-18.376273,48.151741,-24.088549,-15.193016,16.595910,-24.155573,-15.173125,16.614253,0.200000,
-24.155743,-15.173678,16.613509,-27.820091,-18.376273,48.151741,-24.316069,-15.127442,16.655411,-24.155573,-15.173126,16.614251,0.200000,
-24.155743,-15.173678,16.613509,-27.820091,-18.376273,48.151741,-24.088549,-15.193016,16.595910,-24.155573,-15.173128,16.614250,0.200000,
-24.155743,-15.173678,16.613509,-27.820091,-18.376273,48.151741,-24.316069,-15.127442,16.655411,-24.155574,-15.173129,16.614248,0.200000,
-24.155743,-15.173678,16.613509,-27.820091,-18.376273,48.151741,-24.088549,-15.193016,16.595910,-24.155574,-15.173130,16.614247,0.200000,
-24.155743,-15.173678,16.613509,-27.820091,-18.376273,48.151741,-24.316069,-15.127442,16.655411,-24.155574,-15.173131,16.614246,0.200000,
-24.155743,-15.173678,16.613509,-27.820091,-18.376273,48.151741,-24.088549,-15.193016,16.595910,-24.155575,-15.173132,16.614244,0.200000,
-24.155743,-15.173678,16.613509,-27.820091,-18.376273,48.151741,-24.316069,-15.127442,16.655411,-24.155575,-15.173133,16.614243,0.200000,
-24.155743,-15.173678,16.613509,-27.820091,-18.376273,48.151741,-24.088549,-15.193016,16.595910,-24.155575,-15.173134,16.614241,0.200000,
-24.155743,-15.173678,16.613509,-27.820091,-18.376273,48.151741,-24.316069,-15.127442,16.655411,-24.155576,-15.173135,16.614240,0.200000,
-24.155743,-15.173678,16.613509,-27.820091,-18.376273,48.151741,-24.088548,-15.193016,16.595910,-24.155576,-15.173136,16.614238,0.200000,
-24.155743,-15.173678,16.613509,-27.820091,-18.376273,48.151741,-24.316069,-15.127443,16.655411,-24.155576,-15.173137,16.614237,0.200000,
-24.155743,-15.173678,16.613509,-27.820091,-18.376273,48.151741,-24.088548,-15.193016,16.595910,-24.155577,-15.173138,16.614235,0.200000,
-24.155743,-15.173678,16.613509,-27.820091,-18.376273,48.151741,-24.316068,-15.127443,16.655411,-24.155577,-15.173140,16.614234,0.200000,
-24.155743,-15.173678,16.613509,-27.820091,-18.376273,48.151741,-24.088548,-15.193016,16.595910,-24.155577,-15.173141,16.614232,0.200000,
-24.155743,-15.173678,16.613509,-27.820091,-18.376273,48.151741,-24.316068,-15.127443,16.655411,-24.155578,-15.173142,16.614231,0.200000,
-24.155743,-15.173678,16.613509,-27.820091,-18.376273,48.151741,-24.088548,-15.193016,16.595910,-24.155578,-15.173143,16.614229,0.200000,
-24.155743,-15.173678,16.613509,-27.820091,-18.376273,48.151741,-24.316068,-15.127443,16.655411,-24.155578,-15.173144,16.614228,0.200000,
-24.155743,-15.173678,16.613509,-27.820091,-18.376273,48.151741,-24.088548,-15.193016,16.595910,-24.155579,-15.173145,16.614227,0.200000,
-24.155743,-15.173678,16.613509,-27.820091,-18.376273,48.151741,-24.316068,-15.127443,16.655410,-24.155579,-15.173146,16.614225,0.200000,
-24.155743,-15.173678,16.613509,-27.820091,-18.376273,48.151741,-24.088548,-15.193016,16.595909,-24.155579,-15.173147,16.614224,0.200000,
-24.155743,-15.173678,16.613509,-27.820091,-18.376273,48.151741,-24.316068,-15.127443,16.655410,-24.155580,-15.173148,16.614222,0.200000,
-24.155743,-15.173678,16.613509,-27.820091,-18.376273,48.151741,-24.088547,-15.193016,16.595909,-24.155580,-15.173149,16.614221,0.200000,
-24.155743,-15.173678,16.613509,-27.820091,-18.376273,48.151741,-24.316067,-15.127443,16.655410,-24.155580,-15.173150,16.614219,0.200000,
-24.155743,-15.173678,16.613509,-27.820091,-18.376273,48.151741,-24.088547,-15.193016,16.595909,-24.155581,-15.173151,16.614218,0.200000,
-24.155743,-15.173678,16.613509,-27.820091,-18.376273,48.151741,-24.316067,-15.127443,16.655410,-24.155581,-15.173152,16.614217,0.200000,
-24.155743,-15.173678,16.613509,-27.820091,-18.376273,48.151741,-24.088547,-15.193016,16.595909,-24.155581,-15.173153,16.614215,0.200000,
-24.155743,-15.173678,16.613509,-27.820091,-18.376273,48.151741,-24.316067,-15.127443,16.655410,-24.155582,-15.173154,16.614214,0.200000,
-24.155743,-15.173678,16.613509,-27.820091,-18.376273,48.151741,-24.088547,-15.193016,16.595909,-24.155582,-15.173155,16.614212,0.200000,
-24.155743,-15.173678,16.613509,-27.820091,-18.376273,48.151741,-24.316067,-15.127443,16.655410,-24.155582,-15.173156,16.614211,0.200000,
-24.155743,-15.173678,16.613509,-27.820091,-18.376273,48.151741,-24.088547,-15.193016,16.595909,-24.155583,-15.173157,16.614210,0.200000,
-24.155743,-15.173678,16.613509,-27.820091,-18.376273,48.151741,-24.316067,-15.127443,16.655410,-24.155583,-15.173159,16.614208,0.200000,
-24.155743,-15.173678,16.613509,-27.820091,-18.376273,48.151741,-24.088546,-15.193016,16.595909,-24.155583,-15.173160,16.614207,0.200000,
-24.155743,-15.173678,16.613509,-27.820091,-18.376273,48.151741,-24.316066,-15.127443,16.655410,-24.155583,-15.173161,16.614205,0.200000,
-24.155743,-15.173678,16.613509,-27.820091,-18.376273,48.151741,-24.088546,-15.193017,16.595909,-24.155584,-15.173162,16.614204,0.200000,
-24.155743,-15.173678,16.613509,-27.820091,-18.376273,48.151741,-24.316066,-15.127443,16.655410,-24.155584,-15.173163,16.614203,0.200000,
-24.155743,-15.173678,16.613509,-27.820091,-18.376273,48.151741,-24.088546,-15.193017,16.595909,-24.155584,-15.173164,16.614201,0.200000,
-24.155743,-15.173678,16.613509,-27.820091,-18.376273,48.151741,-24.316066,-15.127443,16.655410,-24.155585,-15.173165,16.614200,0.200000,
-24.155743,-15.173678,16.613509,-27.820091,-18.376273,48.151741,-24.088546,-15.193017,16.595909,-24.155585,-15.173166,16.614198,0.200000,
-24.155743,-15.173678,16.613509,-27.820091,-18.376273,48.151741,-24.316066,-15.127443,16.655410,-24.155585,-15.173167,16.614197,0.200000,
-24.155743,-15.173678,16.613509,-27.820091,-18.376273,48.151741,-24.088546,-15.193017,16.595909,-24.155586,-15.173168,16.614196,0.200000,
-24.155743,-15.173678,16.613509,-27.820091,-18.376273,48.151741,-24.316066,-15.127443,16.655410,-24.155586,-15.173169,16.614194,0.200000,
-24.155743,-15.173678,16.613509,-27.820091,-18.376273,48.151741,-24.088546,-15.193017,16.595909,-24.155586,-15.173170,16.614193,0.200000,
-24.155743,-15.173678,16.613509,-27.820091,-18.376273,48.151741,-24.316066,-15.127443,16.655410,-24.155587,-15.173171,16.614192,0.200000,
-24.155743,-15.173678,16.613509,-27.820091,-18.376273,48.151741,-24.088545,-15.193017,16.595909,-24.155587,-15.173172,16.614190,0.200000,
-24.155743,-15.173678,16.613509,-27.820091,-18.376273,48.151741,-24.316065,-15.127443,16.655410,-24.155587,-15.173173,16.614189,0.200000,
-24.155743,-15.173678,16.613509,-27.820091,-18.376273,48.151741,-24.088545,-15.193017,16.595909,-24.155588,-15.173174,16.614188,0.200000,
-24.155743,-15.173678,16.613509,-27.820091,-18.376273,48.151741,-24.316065,-15.127443,16.655410,-24.155588,-15.173175,16.614186,0.200000,
-24.155743,-15.173678,16.613509,-27.820091,-18.376273,48.151741,-24.088545,-15.193017,16.595909,-24.155588,-15.173176,16.614185,0.200000,
-24.155743,-15.173678,16.613509,-27.820091,-18.376273,48.151741,-24.316065,-15.127444,16.655410,-24.155589,-15.173177,16.614184,0.200000,
-24.155743,-15.173678,16.613509,-27.820091,-18.376273,48.151741,-24.088545,-15.193017,16.595909,-24.155589,-15.173178,16.614182,0.200000,
-24.155743,-15.173678,16.613509,-27.820091,-18.376273,48.151741,-24.316065,-15.127444,16.655410,-24.155589,-15.173179,16.614181,0.200000,
-24.155743,-15.173678,16.613509,-27.820091,-18.376273,48.151741,-24.088545,-15.193017,16.595909,-24.155589,-15.173180,16.614179,0.200000,
-24.155743,-15.173678,16.613509,-27.820091,-18.376273,48.151741,-24.316065,-15.127444,16.655410,-24.155590,-15.173181,16.614178,0.200000,
-24.155743,-15.173678,16.613509,-27.820091,-18.376273,48.151741,-24.088544,-15.193017,16.595909,-24.155590,-15.173182,16.614177,0.200000,
-24.155743,-15.173678,16.613509,-27.820091,-18.376273,48.151741,-24.316064,-15.127444,16.655410,-24.155590,-15.173183,16.614175,0.200000,
-24.155743,-15.173678,16.613509,-27.820091,-18.376273,48.151741,-24.088544,-15.193017,16.595909,-24.155591,-15.173184,16.614174,0.200000,
-24.155743,-15.173678,16.613509,-27.820091,-18.376273,48.151741,-24.316064,-15.127444,16.655410,-24.155591,-15.173185,16.614173,0.200000,
-24.155743,-15.173678,16.613509,-27.820091,-18.376273,48.151741,-24.088544,-15.193017,16.595909,-24.155591,-15.173186,16.614171,0.200000,
-24.155743,-15.173678,16.613509,-27.820091,-18.376273,48.151741,-24.316064,-15.127444,16.655409,-24.155592,-15.173187,16.614170,0.200000,
-24.155743,-15.173678,16.613509,-27.820091,-18.376273,48.151741,-24.088544,-15.193017,16.595908,-24.155592,-15.173188,16.614169,0.200000,
-24.155743,-15.173678,16.613509,-27.820091,-18.376273,48.151741,-24.316064,-15.127444,16.655409,-24.155592,-15.173189,16.614168,0.200000,
-24.155743,-15.173678,16.613509,-27.820091,-18.376273,48.151741,-24.088544,-15.193017,16.595908,-24.155592,-15.173190,16.614166,0.200000,
-24.155743,-15.173678,16.613509,-27.820091,-18.376273,48.151741,-24.316064,-15.127444,16.655409,-24.155593,-15.173191,16.614165,0.200000,
-24.155743,-15.173678,16.613509,-27.820091,-18.376273,48.151741,-24.088543,-15.193017,16.595908,-24.155593,-15.173192,16.614164,0.200000,
-24.155743,-15.173678,16.613509,-27.820091,-18.376273,48.151741,-24.316063,-15.127444,16.655409,-24.155593,-15.173193,16.614162,0.200000,
-24.155743,-15.173678,16.613509,-27.820091,-18.376273,48.151741,-24.088543,-15.193017,16.595908,-24.155594,-15.173194,16.614161,0.200000,
-24.155743,-15.173678,16.613509,-27.820091,-18.376273,48.151741,-24.316063,-15.127444,16.655409,-24.155594,-15.173195,16.614160,0.200000,
-24.155743,-15.173678,16.613509,-27.820091,-18.376273,48.151741,-24.088543,-15.193017,16.595908,-24.155594,-15.173196,16.614158,0.200000,
-24.155743,-15.173678,16.613509,-27.820091,-18.376273,48.151741,-24.316063,-15.127444,16.655409,-24.155595,-15.173196,16.614157,0.200000,
-24.155743,-15.173678,16.613509,-27.820091,-18.376273,48.151741,-24.088543,-15.193018,16.595908,-24.155595,-15.173197,16.614156,0.200000,
-24.155743,-15.173678,16.613509,-27.820091,-18.376273,48.151741,-24.316063,-15.127444,16.655409,-24.155595,-15.173198,16.614154,0.200000,
-24.155743,-15.173678,16.613509,-27.820091,-18.376273,48.151741,-24.088543,-15.193018,16.595908,-24.155595,-15.173199,16.614153,0.200000,
-24.155743,-15.173678,16.613509,-27.820091,-18.376273,48.151741,-24.316063,-15.127444,16.655409,-24.155596,-15.173200,16.614152,0.200000,
-24.155743,-15.173678,16.613509,-27.820091,-18.376273,48.151741,-24.088543,-15.193018,16.595908,-24.155596,-15.173201,16.614151,0.200000,
-24.155743,-15.173678,16.613509,-27.820091,-18.376273,48.151741,-24.316063,-15.127444,16.655409,-24.155596,-15.173202,16.614149,0.200000,
-24.155743,-15.173678,16.613509,-27.820091,-18.376273,48.151741,-24.088542,-15.193018,16.595908,-24.155597,-15.173203,16.614148,0.200000,
-24.155743,-15.173678,16.613509,-27.820091,-18.376273,48.151741,-24.316062,-15.127444,16.655409,-24.155597,-15.173204,16.614147,0.200000,
-24.155743,-15.173678,16.613509,-27.820091,-18.376273,48.151741,-24.088542,-15.193018,16.595908,-24.155597,-15.173205,16.614146,0.200000,
-24.155743,-15.173678,16.613509,-27.820091,-18.376273,48.151741,-24.316062,-15.127444,16.655409,-24.155598,-15.173206,16.614144,0.200000,
-24.155743,-15.173678,16.613509,-27.820091,-18.376273,48.151741,-24.088542,-15.193018,16.595908,-24.155598,-15.173207,16.614143,0.200000,
-24.155743,-15.173678,16.613509,-27.820091,-18.376273,48.151741,-24.316062,-15.127444,16.655409,-24.155598,-15.173208,16.614142,0.200000,
-24.155743,-15.173678,16.613509,-27.820091,-18.376273,48.151741,-24.088542,-15.193018,16.595908,-24.155598,-15.173209,16.614140,0.200000,
-24.155743,-15.173678,16.613509,-27.820091,-18.376273,48.151741,-24.316062,-15.127444,16.655409,-24.155599,-15.173210,16.614139,0.200000,
-24.155743,-15.173678,16.613509,-27.820091,-18.376273,48.151741,-24.088542,-15.193018,16.595908,-24.155599,-15.173211,16.614138,0.200000,
-24.155743,-15.173678,16.613509,-27.820091,-18.376273,48.151741,-24.316062,-15.127445,16.655409,-24.155599,-15.173212,16.614137,0.200000,
-24.155743,-15.173678,16.613509,-27.820091,-18.376273,48.151741,-24.088541,-15.193018,16.595908,-24.155600,-15.173213,16.614135,0.200000,
-24.155743,-15.173678,16.613509,-27.820091,-18.376273,48.151741,-24.316061,-15.127445,16.655409,-24.155600,-15.173213,16.614134,0.200000,
-24.155743,-15.173678,16.613509,-27.820091,-18.376273,48.151741,-24.088541,-15.193018,16.595908,-24.155600,-15.173214,16.614133,0.200000,
-24.155743,-15.173678,16.613509,-27.820091,-18.376273,48.151741,-24.316061,-15.127445,16.655409,-24.155600,-15.173215,16.614132,0.200000,
-24.155743,-15.173678,16.613509,-27.820091,-18.376273,48.151741,-24.088541,-15.193018,16.595908,-24.155601,-15.173216,16.614130,0.200000,
-24.155743,-15.173678,16.613509,-27.820091,-18.376273,48.151741,-24.316061,-15.127445,16.655409,-24.155601,-15.173217,16.614129,0.200000,
-24.155743,-15.173678,16.613509,-27.820091,-18.376273,48.151741,-24.088541,-15.193018,16.595908,-24.155601,-15.173218,16.614128,0.200000,
-24.155743,-15.173678,16.613509,-27.820091,-18.376273,48.151741,-24.316061,-15.127445,16.655409,-24.155602,-15.173219,16.614127,0.200000,
-24.155743,-15.173678,16.613509,-27.820091,-18.376273,48.151741,-24.088541,-15.193018,16.595908,-24.155602,-15.173220,16.614125,0.200000,
-24.155743,-15.173678,16.613509,-27.820091,-18.376273,48.151741,-24.316061,-15.127445,16.655409,-24.155602,-15.173221,16.614124,0.200000,
-24.155743,-15.173678,16.613509,-27.820091,-18.376273,48.151741,-24.088540,-15.193018,16.595908,-24.155602,-15.173222,16.614123,0.200000,
-24.155743,-15.173678,16.613509,-27.820091,-18.376273,48.151741,-24.316061,-15.127445,16.655409,-24.155603,-15.173223,16.614122,0.200000,
-24.155743,-15.173678,16.613509,-27.820091,-18.376273,48.151741,-24.088540,-15.193018,16.595908,-24.155603,-15.173224,16.614121,0.200000,
-24.155743,-15.173678,16.613509,-27.820091,-18.376273,48.151741,-24.316060,-15.127445,16.655409,-24.155603,-15.173224,16.614119,0.200000,
-24.155743,-15.173678,16.613509,-27.820091,-18.376273,48.151741,-24.088540,-15.193018,16.595907,-24.155604,-15.173225,16.614118,0.200000,
-24.155743,-15.173678,16.613509,-27.820091,-18.376273,48.151741,-24.316060,-15.127445,16.655408,-24.155604,-15.173226,16.614117,0.200000,
-24.155743,-15.173678,16.613509,-27.820091,-18.376273,48.151741,-24.088540,-15.193018,16.595907,-24.155604,-15.173227,16.614116,0.200000,
-24.155743,-15.173678,16.613509,-27.820091,-18.376273,48.151741,-24.316060,-15.127445,16.655408,-24.155604,-15.173228,16.614114,0.200000,
-24.155743,-15.173678,16.613509,-27.820091,-18.376273,48.151741,-24.088540,-15.193018,16.595907,-24.155605,-15.173229,16.614113,0.200000,
-24.155743,-15.173678,16.613509,-27.820091,-18.376273,48.151741,-24.316060,-15.127445,16.655408,-24.155605,-15.173230,16.614112,0.200000,
-24.155743,-15.173678,16.613509,-27.820091,-18.376273,48.151741,-24.088540,-15.193018,16.595907,-24.155605,-15.173231,16.614111,0.200000,
-24.155743,-15.173678,16.613509,-27.820091,-18.376273,48.151741,-24.316060,-15.127445,16.655408,-24.155605,-15.173232,16.614110,0.200000,
-24.155743,-15.173678,16.613509,-27.820091,-18.376273,48.151741,-24.088539,-15.193019,16.595907,-24.155606,-15.173233,16.614108,0.200000,
-24.155743,-15.173678,16.613509,-27.820091,-18.376273,48.151741,-24.316059,-15.127445,16.655408,-24.155606,-15.173233,16.614107,0.200000,
-24.155743,-15.173678,16.613509,-27.820091,-18.376273,48.151741,-24.088539,-15.193019,16.595907,-24.155606,-15.173234,16.614106,0.200000,
-24.155743,-15.173678,16.613509,-27.820091,-18.376273,48.151741,-24.316059,-15.127445,16.655408,-24.155607,-15.173235,16.614105,0.200000,
-24.155743,-15.173678,16.613509,-27.820091,-18.376273,48.151741,-24.088539,-15.193019,16.595907,-24.155607,-15.173236,16.614104,0.200000,
-24.155743,-15.173678,16.613509,-27.820091,-18.376273,48.151741,-24.316059,-15.127445,16.655408,-24.155607,-15.173237,16.614102,0.200000,
-24.155743,-15.173678,16.613509,-27.820091,-18.376273,48.151741,-24.088539,-15.193019,16.595907,-24.155607,-15.173238,16.614101,0.200000,
-24.155743,-15.173678,16.613509,-27.820091,-18.376273,48.151741,-24.316059,-15.127445,16.655408,-24.155608,-15.173239,16.614100,0.200000,
-24.155743,-15.173678,16.613509,-27.820091,-18.376273,48.151741,-24.088539,-15.193019,16.595907,-24.155608,-15.173240,16.614099,0.200000,
-24.155743,-15.173678,16.613509,-27.820091,-18.376273,48.151741,-24.316059,-15.127445,16.655408,-24.155608,-15.173240,16.614098,0.200000,
-24.155743,-15.173678,16.613509,-27.820091,-18.376273,48.151742,-24.088538,-15.193019,16.595907,-24.155608,-15.173241,16.614097,0.200000,
-24.155743,-15.173678,16.613509,-27.820091,-18.376273,48.151742,-24.316058,-15.127445,16.655408,-24.155609,-15.173242,16.614095,0.200000,
-24.155743,-15.173678,16.613509,-27.820091,-18.376273,48.151742,-24.088538,-15.193019,16.595907,-24.155609,-15.173243,16.614094,0.200000,
-24.155743,-15.173678,16.613509,-27.820091,-18.376273,48.151742,-24.316058,-15.127445,16.655408,-24.155609,-15.173244,16.614093,0.200000,
-24.155743,-15.173678,16.613509,-27.820091,-18.376273,48.151742,-24.088538,-15.193019,16.595907,-24.155610,-15.173245,16.614092,0.200000,
-24.155743,-15.173678,16.613509,-27.820091,-18.376273,48.151742,-24.316058,-15.127446,16.655408,-24.155610,-15.173246,16.614091,0.200000,
-24.155743,-15.173678,16.613509,-27.820091,-18.376273,48.151742,-24.088538,-15.193019,16.595907,-24.155610,-15.173247,16.614090,0.200000,
-24.155743,-15.173678,16.613509,-27.820091,-18.376273,48.151742,-24.316058,-15.127446,16.655408,-24.155610,-15.173247,16.614088,0.200000,
-24.155743,-15.173678,16.613509,-27.820091,-18.376273,48.151742,-24.088538,-15.193019,16.595907,-24.155611,-15.173248,16.614087,0.200000,
-24.155743,-15.173678,16.613509,-27.820091,-18.376273,48.151742,-24.316058,-15.127446,16.655408,-24.155611,-15.173249,16.614086,0.200000,
-24.155743,-15.173678,16.613509,-27.820091,-18.376273,48.151742,-24.088537,-15.193019,16.595907,-24.155611,-15.173250,16.614085,0.200000,
-24.155743,-15.173678,16.613509,-27.820091,-18.376273,48.151742,-24.316058,-15.127446,16.655408,-24.155611,-15.173251,16.614084,0.200000,
-24.155743,-15.173678,16.613509,-27.820091,-18.376273,48.151742,-24.088537,-15.193019,16.595907,-24.155612,-15.173252,16.614083,0.200000,
-24.155743,-15.173678,16.613509,-27.820091,-18.376273,48.151742,-24.316057,-15.127446,16.655408,-24.155612,-15.173253,16.614082,0.200000,
-24.155743,-15.173678,16.613509,-27.820091,-18.376273,48.151742,-24.088537,-15.193019,16.595907,-24.155612,-15.173253,16.614080,0.200000,
-24.155743,-15.173678,16.613509,-27.820091,-18.376273,48.151742,-24.316057,-15.127446,16.655408,-24.155612,-15.173254,16.614079,0.200000,
-24.155743,-15.173678,16.613509,-27.820091,-18.376273,48.151742,-24.088537,-15.193019,16.595907,-24.155613,-15.173255,16.614078,0.200000,
-24.155743,-15.173678,16.613509,-27.820091,-18.376273,48.151742,-24.316057,-15.127446,16.655408,-24.155613,-15.173256,16.614077,0.200000,
-24.155743,-15.173678,16.613509,-27.820091,-18.376273,48.151742,-24.088537,-15.193019,16.595907,-24.155613,-15.173257,16.614076,0.200000,
-24.155743,-15.173678,16.613509,-27.820091,-18.376273,48.151742,-24.316057,-15.127446,16.655408,-24.155614,-15.173258,16.614075,0.200000,
-24.155743,-15.173678,16.613509,-27.820091,-18.376273,48.151742,-24.088537,-15.193019,16.595907,-24.155614,-15.173258,16.614074,0.200000,
-24.155743,-15.173678,16.613509,-27.820091,-18.376273,48.151742,-24.316057,-15.127446,16.655408,-24.155614,-15.173259,16.614072,0.200000,
-24.155743,-15.173678,16.613509,-27.820091,-18.376273,48.151742,-24.088536,-15.193019,16.595907,-24.155614,-15.173260,16.614071,0.200000,
-24.155743,-15.173678,16.613509,-27.820091,-18.376273,48.151742,-24.316056,-15.127446,16.655407,-24.155615,-15.173261,16.614070,0.200000,
-24.155743,-15.173678,16.613509,-27.820091,-18.376273,48.151742,-24.088536,-15.193019,16.595906,-24.155615,-15.173262,16.614069,0.200000,
-24.155743,-15.173678,16.613509,-27.820091,-18.376273,48.151742,-24.316056,-15.127446,16.655407,-24.155615,-15.173263,16.614068,0.200000,
-24.155743,-15.173678,16.613509,-27.820091,-18.376273,48.151742,-24.088536,-15.193019,16.595906,-24.155615,-15.173263,16.614067,0.200000,
-24.155743,-15.173678,16.613509,-27.820091,-18.376273,48.151742,-24.316056,-15.127446,16.655407,-24.155616,-15.173264,16.614066,0.200000,
-24.155743,-15.173678,16.613509,-27.820091,-18.376273,48.151742,-24.088536,-15.193020,16.595906,-24.155616,-15.173265,16.614065,0.200000,
-24.155743,-15.173678,16.613509,-27.820091,-18.376273,48.151742,-24.316056,-15.127446,16.655407,-24.155616,-15.173266,16.614063,0.200000,
-24.155743,-15.173678,16.613509,-27.820091,-18.376273,48.151742,-24.088536,-15.193020,16.595906,-24.155616,-15.173267,16.614062,0.200000,
-24.155743,-15.173678,16.613509,-27.820091,-18.376273,48.151742,-24.316056,-15.127446,16.655407,-24.155617,-15.173268,16.614061,0.200000,
-24.155743,-15.173678,16.613509,-27.820091,-18.376273,48.151742,-24.088535,-15.193020,16.595906,-24.155617,-15.173268,16.614060,0.200000,
-24.155743,-15.173678,16.613509,-27.820091,-18.376273,48.151742,-24.316055,-15.127446,16.655407,-24.155617,-15.173269,16.614059,0.200000,
-24.155743,-15.173678,16.613509,-27.820091,-18.376273,48.151742,-24.088535,-15.193020,16.595906,-24.155617,-15.173270,16.614058,0.200000,
-24.155743,-15.173678,16.613509,-27.820091,-18.376273,48.151742,-24.316055,-15.127446,16.655407,-24.155618,-15.173271,16.614057,0.200000,
-24.155743,-15.173678,16.613509,-27.820091,-18.376273,48.151742,-24.088535,-15.193020,16.595906,-24.155618,-15.173272,16.614056,0.200000,
-24.155743,-15.173678,16.613509,-27.820091,-18.376273,48.151742,-24.316055,-15.127446,16.655407,-24.155618,-15.173272,16.614055,0.200000,
-24.155743,-15.173678,16.613509,-27.820091,-18.376273,48.151742,-24.088535,-15.193020,16.595906,-24.155618,-15.173273,16.614054,0.200000,
-24.155743,-15.173678,16.613509,-27.820091,-18.376273,48.151742,-24.316055,-15.127446,16.655407,-24.155619,-15.173274,16.614053,0.200000,
-24.155743,-15.173678,16.613509,-27.820091,-18.376273,48.151742,-24.088535,-15.193020,16.595906,-24.155619,-15.173275,16.614051,0.200000,
-24.155743,-15.173678,16.613509,-27.820091,-18.376273,48.151742,-24.316055,-15.127447,16.655407,-24.155619,-15.173276,16.614050,0.200000,
-24.155743,-15.173678,16.613509,-27.820091,-18.376273,48.151742,-24.088535,-15.193020,16.595906,-24.155619,-15.173276,16.614049,0.200000,
-24.155743,-15.173678,16.613509,-27.820091,-18.376273,48.151742,-24.316055,-15.127447,16.655407,-24.155620,-15.173277,16.614048,0.200000,
-24.155743,-15.173678,16.613509,-27.820091,-18.376273,48.151742,-24.088534,-15.193020,16.595906,-24.155620,-15.173278,16.614047,0.200000,
-24.155743,-15.173678,16.613509,-27.820091,-18.376273,48.151742,-24.316054,-15.127447,16.655407,-24.155620,-15.173279,16.614046,0.200000,
-24.155743,-15.173678,16.613509,-27.820091,-18.376273,48.151742,-24.088534,-15.193020,16.595906,-24.155620,-15.173280,16.614045,0.200000,
-24.155743,-15.173678,16.613509,-27.820091,-18.376273,48.151742,-24.316054,-15.127447,16.655407,-24.155621,-15.173280,16.614044,0.200000,
-24.155743,-15.173678,16.613509,-27.820091,-18.376273,48.151742,-24.088534,-15.193020,16.595906,-24.155621,-15.173281,16.614043,0.200000,
-24.155743,-15.173678,16.613509,-27.820091,-18.376273,48.151742,-24.316054,-15.127447,16.655407,-24.155621,-15.173282,16.614042,0.200000,
-24.155743,-15.173678,16.613509,-27.820091,-18.376273,48.151742,-24.088534,-15.193020,16.595906,-24.155621,-15.173283,16.614041,0.200000,
-24.155743,-15.173678,16.613509,-27.820091,-18.376273,48.151742,-24.316054,-15.127447,16.655407,-24.155622,-15.173284,16.614040,0.200000,
-24.155743,-15.173678,16.613509,-27.820091,-18.376273,48.151742,-24.088534,-15.193020,16.595906,-24.155622,-15.173284,16.614039,0.200000,
-24.155743,-15.173678,16.613509,-27.820091,-18.376273,48.151742,-24.316054,-15.127447,16.655407,-24.155622,-15.173285,16.614038,0.200000,
-24.155743,-15.173678,16.613509,-27.820091,-18.376273,48.151742,-24.088533,-15.193020,16.595906,-24.155622,-15.173286,16.614036,0.200000,
-24.155743,-15.173678,16.613509,-27.820091,-18.376273,48.151742,-24.316053,-15.127447,16.655407,-24.155623,-15.173287,16.614035,0.200000,
-24.155743,-15.173678,16.613509,-27.820091,-18.376273,48.151742,-24.088533,-15.193020,16.595906,-24.155623,-15.173288,16.614034,0.200000,
-24.155743,-15.173678,16.613509,-27.820091,-18.376273,48.151742,-24.316053,-15.127447,16.655407,-24.155623,-15.173288,16.614033,0.200000,
-24.155743,-15.173678,16.613509,-27.820091,-18.376273,48.151742,-24.088533,-15.193020,16.595906,-24.155623,-15.173289,16.614032,0.200000,
-24.155743,-15.173678,16.613509,-27.820091,-18.376273,48.151742,-24.316053,-15.127447,16.655407,-24.155623,-15.173290,16.614031,0.200000,
-24.155743,-15.173678,16.613509,-27.820091,-18.376273,48.151742,-24.088533,-15.193020,16.595906,-24.155624,-15.173291,16.614030,0.200000,
-24.155743,-15.173678,16.613509,-27.820091,-18.376273,48.151742,-24.316053,-15.127447,16.655407,-24.155624,-15.173291,16.614029,0.200000,
-24.155743,-15.173678,16.613509,-27.820091,-18.376273,48.151742,-24.088533,-15.193020,16.595906,-24.155624,-15.173292,16.614028,0.200000,
-24.155743,-15.173678,16.613509,-27.820091,-18.376273,48.151742,-24.316053,-15.127447,16.655407,-24.155624,-15.173293,16.614027,0.200000,
-24.155743,-15.173678,16.613509,-27.820091,-18.376273,48.151742,-24.088532,-15.193021,16.595905,-24.155625,-15.173294,16.614026,0.200000,
-24.155743,-15.173678,16.613509,-27.820091,-18.376273,48.151742,-24.316052,-15.127447,16.655406,-24.155625,-15.173294,16.614025,0.200000,
-24.155743,-15.173678,16.613509,-27.820091,-18.376273,48.151742,-24.088532,-15.193021,16.595905,-24.155625,-15.173295,16.614024,0.200000,
-24.155743,-15.173678,16.613509,-27.820091,-18.376273,48.151742,-24.316052,-15.127447,16.655406,-24.155625,-15.173296,16.614023,0.200000,
-24.155743,-15.173678,16.613509,-27.820091,-18.376273,48.151742,-24.088532,-15.193021,16.595905,-24.155626,-15.173297,16.614022,0.200000,
-24.155743,-15.173678,16.613509,-27.820091,-18.376273,48.151742,-24.316052,-15.127447,16.655406,-24.155626,-15.173298,16.614021,0.200000,
-24.155743,-15.173678,16.613509,-27.820091,-18.376273,48.151742,-24.088532,-15.193021,16.595905,-24.155626,-15.173298,16.614020,0.200000,
-24.155743,-15.173678,16.613509,-27.820091,-18.376273,48.151742,-24.316052,-15.127447,16.655406,-24.155626,-15.173299,16.614019,0.200000,
-24.155743,-15.173678,16.613509,-27.820091,-18.376273,48.151742,-24.088532,-15.193021,16.595905,-24.155627,-15.173300,16.614018,0.200000,
-24.155743,-15.173678,16.613509,-27.820091,-18.376273,48.151742,-24.316052,-15.127447,16.655406,-24.155627,-15.173301,16.614017,0.200000,
-24.155743,-15.173678,16.613509,-27.820091,-18.376273,48.151742,-24.088532,-15.193021,16.595905,-24.155627,-15.173301,16.614016,0.200000,
-24.155743,-15.173678,16.613509,-27.820091,-18.376273,48.151742,-24.316052,-15.127447,16.655406,-24.155627,-15.173302,16.614015,0.200000,
-24.155743,-15.173678,16.613509,-27.820091,-18.376273,48.151742,-24.088531,-15.193021,16.595905,-24.155628,-15.173303,16.614014,0.200000,
-24.155743,-15.173678,16.613509,-27.820091,-18.376273,48.151742,-24.316051,-15.127447,16.655406,-24.155628,-15.173304,16.614013,0.200000,
-24.155743,-15.173678,16.613509,-27.820091,-18.376273,48.151742,-24.088531,-15.193021,16.595905,-24.155628,-15.173304,16.614012,0.200000,
-24.155743,-15.173678,16.613509,-27.820091,-18.376273,48.151742,-24.316051,-15.127448,16.655406,-24.155628,-15.173305,16.614011,0.200000,
-24.155743,-15.173678,16.613509,-27.820091,-18.376273,48.151742,-24.088531,-15.193021,16.595905,-24.155628,-15.173306,16.614010,0.200000,
-24.155743,-15.173678,16.613509,-27.820091,-18.376273,48.151742,-24.316051,-15.127448,16.655406,-24.155629,-15.173307,16.614009,0.200000,
-24.155743,-15.173678,16.613509,-27.820091,-18.376273,48.151742,-24.088531,-15.193021,16.595905,-24.155629,-15.173307,16.614008,0.200000,
-24.155743,-15.173678,16.613509,-27.820091,-18.376273,48.151742,-24.316051,-15.127448,16.655406,-24.155629,-15.173308,16.614007,0.200000,
-24.155743,-15.173678,16.613509,-27.820091,-18.376273,48.151742,-24.088531,-15.193021,16.595905,-24.155629,-15.173309,16.614006,0.200000,
-24.155743,-15.173678,16.613509,-27.820091,-18.376273,48.151742,-24.316051,-15.127448,16.655406,-24.155630,-15.173310,16.614005,0.200000,
-24.155743,-15.173678,16.613509,-27.820091,-18.376273,48.151742,-24.088530,-15.193021,16.595905,-24.155630,-15.173310,16.614004,0.200000,
-24.155743,-15.173678,16.613509,-27.820091,-18.376273,48.151742,-24.316050,-15.127448,16.655406,-24.155630,-15.173311,16.614003,0.200000,
-24.155743,-15.173678,16.613509,-27.820091,-18.376273,48.151742,-24.088530,-15.193021,16.595905,-24.155630,-15.173312,16.614002,0.200000,
-24.155743,-15.173678,16.613509,-27.820091,-18.376273,48.151742,-24.316050,-15.127448,16.655406,-24.155630,-15.173312,16.614001,0.200000,
-24.155743,-15.173678,16.613509,-27.820091,-18.376273,48.151742,-24.088530,-15.193021,16.595905,-24.155631,-15.173313,16.614000,0.200000,
-24.155743,-15.173678,16.613509,-27.820091,-18.376273,48.151742,-24.316050,-15.127448,16.655406,-24.155631,-15.173314,16.613999,0.200000,
-24.155743,-15.173678,16.613509,-27.820091,-18.376273,48.151742,-24.088530,-15.193021,16.595905,-24.155631,-15.173315,16.613998,0.200000,
-24.155743,-15.173678,16.613509,-27.820091,-18.376273,48.151742,-24.316050,-15.127448,16.655406,-24.155631,-15.173315,16.613997,0.200000,
-24.155743,-15.173678,16.613509,-27.820091,-18.376273,48.151742,-24.088530,-15.193021,16.595905,-24.155632,-15.173316,16.613996,0.200000,
-24.155743,-15.173678,16.613509,-27.820091,-18.376273,48.151742,-24.316050,-15.127448,16.655406,-24.155632,-15.173317,16.613995,0.200000,
-24.155743,-15.173678,16.613509,-27.820091,-18.376273,48.151742,-24.088529,-15.193021,16.595905,-24.155632,-15.173318,16.613994,0.200000,
-24.155743,-15.173678,16.613509,-27.820091,-18.376273,48.151742,-24.316050,-15.127448,16.655406,-24.155632,-15.173318,16.613993,0.200000,
-24.155743,-15.173678,16.613509,-27.820091,-18.376273,48.151742,-24.088529,-15.193021,16.595905,-24.155632,-15.173319,16.613992,0.200000,
-24.155743,-15.173678,16.613509,-27.820091,-18.376273,48.151742,-24.316049,-15.127448,16.655406,-24.155633,-15.173320,16.613991,0.200000,
-24.155743,-15.173678,16.613509,-27.820091,-18.376273,48.151742,-24.088529,-15.193021,16.595905,-24.155633,-15.173320,16.613990,0.200000,
-24.155743,-15.173678,16.613509,-27.820091,-18.376273,48.151742,-24.316049,-15.127448,16.655406,-24.155633,-15.173321,16.613989,0.200000,
-24.155743,-15.173678,16.613509,-27.820091,-18.376273,48.151742,-24.088529,-15.193022,16.595905,-24.155633,-15.173322,16.613988,0.200000,
-24.155743,-15.173678,16.613509,-27.820091,-18.376273,48.151742,-24.316049,-15.127448,16.655406,-24.155634,-15.173323,16.613987,0.200000,
-24.155743,-15.173678,16.613509,-27.820091,-18.376273,48.151742,-24.088529,-15.193022,16.595905,-24.155634,-15.173323,16.613986,0.200000,
-24.155743,-15.173678,16.613509,-27.820091,-18.376273,48.151742,-24.316049,-15.127448,16.655406,-24.155634,-15.173324,16.613985,0.200000,
-24.155743,-15.173678,16.613509,-27.820091,-18.376273,48.151742,-24.088529,-15.193022,16.595904,-24.155634,-15.173325,16.613984,0.200000,
-24.155743,-15.173678,16.613509,-27.820091,-18.376273,48.151742,-24.316049,-15.127448,16.655405,-24.155634,-15.173325,16.613983,0.200000,
-24.155743,-15.173678,16.613509,-27.820091,-18.376273,48.151742,-24.088528,-15.193022,16.595904,-24.155635,-15.173326,16.613982,0.200000,
-24.155743,-15.173678,16.613509,-27.820091,-18.376273,48.151742,-24.316048,-15.127448,16.655405,-24.155635,-15.173327,16.613982,0.200000,
-24.155743,-15.173678,16.613509,-27.820091,-18.376273,48.151742,-24.088528,-15.193022,16.595904,-24.155635,-15.173327,16.613981,0.200000,
-24.155743,-15.173678,16.613509,-27.820091,-18.376273,48.151742,-24.316048,-15.127448,16.655405,-24.155635,-15.173328,16.613980,0.200000,
-24.155743,-15.173678,16.613509,-27.820091,-18.376273,48.151742,-24.088528,-15.193022,16.595904,-24.155636,-15.173329,16.613979,0.200000,
-24.155743,-15.173678,16.613509,-27.820091,-18.376273,48.151742,-24.316048,-15.127448,16.655405,-24.155636,-15.173330,16.613978,0.200000,
-24.155743,-15.173678,16.613509,-27.820091,-18.376273,48.151742,-24.088528,-15.193022,16.595904,-24.155636,-15.173330,16.613977,0.200000,
-24.155743,-15.173678,16.613509,-27.820091,-18.376273,48.151742,-24.316048,-15.127448,16.655405,-24.155636,-15.173331,16.613976,0.200000,
-24.155743,-15.173678,16.613509,-27.820091,-18.376273,48.151742,-24.088528,-15.193022,16.595904,-24.155636,-15.173332,16.613975,0.200000,
-24.155743,-15.173678,16.613509,-27.820091,-18.376273,48.151742,-24.316048,-15.127449,16.655405,-24.155637,-15.173332,16.613974,0.200000,
-24.155743,-15.173678,16.613509,-27.820091,-18.376273,48.151742,-24.088527,-15.193022,16.595904,-24.155637,-15.173333,16.613973,0.200000,
-24.155743,-15.173678,16.613509,-27.820091,-18.376273,48.151742,-24.316047,-15.127449,16.655405,-24.155637,-15.173334,16.613972,0.200000,
-24.155743,-15.173678,16.613509,-27.820091,-18.376273,48.151742,-24.088527,-15.193022,16.595904,-24.155637,-15.173334,16.613971,0.200000,
-24.155743,-15.173678,16.613509,-27.820091,-18.376273,48.151742,-24.316047,-15.127449,16.655405,-24.155637,-15.173335,16.613970,0.200000,
-24.155743,-15.173678,16.613509,-27.820091,-18.376273,48.151742,-24.088527,-15.193022,16.595904,-24.155638,-15.173336,16.613969,0.200000,
-24.155743,-15.173678,16.613509,-27.820091,-18.376273,48.151742,-24.316047,-15.127449,16.655405,-24.155638,-15.173336,16.613968,0.200000,
-24.155743,-15.173678,16.613509,-27.820091,-18.376273,48.151742,-24.088527,-15.193022,16.595904,-24.155638,-15.173337,16.613968,0.200000,
-24.155743,-15.173678,16.613509,-27.820091,-18.376273,48.151742,-24.316047,-15.127449,16.655405,-24.155638,-15.173338,16.613967,0.200000,
-24.155743,-15.173678,16.613509,-27.820091,-18.376273,48.151742,-24.088527,-15.193022,16.595904,-24.155639,-15.173338,16.613966,0.200000,
-24.155743,-15.173678,16.613509,-27.820091,-18.376273,48.151742,-24.316047,-15.127449,16.655405,-24.155639,-15.173339,16.613965,0.200000,
-24.155743,-15.173678,16.613509,-27.820091,-18.376273,48.151742,-24.088526,-15.193022,16.595904,-24.155639,-15.173340,16.613964,0.200000,
-24.155743,-15.173678,16.613509,-27.820091,-18.376273,48.151742,-24.316047,-15.127449,16.655405,-24.155639,-15.173340,16.613963,0.200000,
-24.155743,-15.173678,16.613509,-27.820091,-18.376273,48.151742,-24.088526,-15.193022,16.595904,-24.155639,-15.173341,16.613962,0.200000,
-24.155743,-15.173678,16.613509,-27.820091,-18.376273,48.151742,-24.316046,-15.127449,16.655405,-24.155640,-15.173342,16.613961,0.200000,
-24.155743,-15.173678,16.613509,-27.820091,-18.376273,48.151742,-24.088526,-15.193022,16.595904,-24.155640,-15.173342,16.613960,0.200000,
-24.155743,-15.173678,16.613509,-27.820091,-18.376273,48.151742,-24.316046,-15.127449,16.655405,-24.155640,-15.173343,16.613959,0.200000,
-24.155743,-15.173678,16.613509,-27.820091,-18.376273,48.151742,-24.088526,-15.193022,16.595904,-24.155640,-15.173344,16.613958,0.200000,
-24.155743,-15.173678,16.613509,-27.820091,-18.376273,48.151742,-24.316046,-15.127449,16.655405,-24.155640,-15.173345,16.613958,0.200000,
-24.155743,-15.173678,16.613509,-27.820091,-18.376273,48.151742,-24.088526,-15.193022,16.595904,-24.155641,-15.173345,16.613957,0.200000,
-24.155743,-15.173678,16.613509,-27.820091,-18.376273,48.151742,-24.316046,-15.127449,16.655405,-24.155641,-15.173346,16.613956,0.200000,
-24.155743,-15.173678,16.613509,-27.820091,-18.376273,48.151742,-24.088526,-15.193022,16.595904,-24.155641,-15.173346,16.613955,0.200000,
-24.155743,-15.173678,16.613509,-27.820091,-18.376273,48.151742,-24.316046,-15.127449,16.655405,-24.155641,-15.173347,16.613954,0.200000,
-24.155743,-15.173678,16.613509,-27.820091,-18.376273,48.151742,-24.088525,-15.193023,16.595904,-24.155641,-15.173348,16.613953,0.200000,
-24.155743,-15.173678,16.613509,-27.820091,-18.376273,48.151742,-24.316045,-15.127449,16.655405,-24.155642,-15.173348,16.613952,0.200000,
-24.155743,-15.173678,16.613509,-27.820091,-18.376273,48.151742,-24.088525,-15.193023,16.595904,-24.155642,-15.173349,16.613951,0.200000,
-24.155743,-15.173678,16.613509,-27.820091,-18.376273,48.151742,-24.316045,-15.127449,16.655405,-24.155642,-15.173350,16.613950,0.200000,
-24.155743,-15.173678,16.613509,-27.820091,-18.376273,48.151742,-24.088525,-15.193023,16.595904,-24.155642,-15.173350,16.613950,0.200000,
-24.155743,-15.173678,16.613509,-27.820091,-18.376273,48.151742,-24.316045,-15.127449,16.655405,-24.155642,-15.173351,16.613949,0.200000,
-24.155743,-15.173678,16.613509,-27.820091,-18.376273,48.151742,-24.088525,-15.193023,16.595903,-24.155643,-15.173352,16.613948,0.200000,
-24.155743,-15.173678,16.613509,-27.820091,-18.376273,48.151742,-24.316045,-15.127449,16.655404,-24.155643,-15.173352,16.613947,0.200000,
-24.155743,-15.173678,16.613509,-27.820091,-18.376273,48.151742,-24.088525,-15.193023,16.595903,-24.155643,-15.173353,16.613946,0.200000,
-24.155743,-15.173678,16.613509,-27.820091,-18.376273,48.151742,-24.316045,-15.127449,16.655404,-24.155643,-15.173354,16.613945,0.200000,
-24.155743,-15.173678,16.613509,-27.820091,-18.376273,48.151742,-24.088524,-15.193023,16.595903,-24.155643,-15.173354,16.613944,0.200000,
-24.155743,-15.173678,16.613509,-27.820091,-18.376273,48.151742,-24.316044,-15.127449,16.655404,-24.155644,-15.173355,16.613943,0.200000,
-24.155743,-15.173678,16.613509,-27.820091,-18.376273,48.151742,-24.088524,-15.193023,16.595903,-24.155644,-15.173356,16.613943,0.200000,
-24.155743,-15.173678,16.613509,-27.820091,-18.376273,48.151742,-24.316044,-15.127450,16.655404,-24.155644,-15.173356,16.613942,0.200000,
-24.155743,-15.173678,16.613509,-27.820091,-18.376273,48.151742,-24.088524,-15.193023,16.595903,-24.155644,-15.173357,16.613941,0.200000,
-24.155743,-15.173678,16.613509,-27.820091,-18.376273,48.151742,-24.316044,-15.127450,16.655404,-24.155644,-15.173358,16.613940,0.200000,
-24.155743,-15.173678,16.613509,-27.820091,-18.376273,48.151742,-24.088524,-15.193023,16.595903,-24.155645,-15.173358,16.613939,0.200000,
-24.155743,-15.173678,16.613509,-27.820091,-18.376273,48.151742,-24.316044,-15.127450,16.655404,-24.155645,-15.173359,16.613938,0.200000,
-24.155743,-15.173678,16.613509,-27.820091,-18.376273,48.151742,-24.088524,-15.193023,16.595903,-24.155645,-15.173359,16.613937,0.200000,
-24.155743,-15.173678,16.613509,-27.820091,-18.376273,48.151742,-24.316044,-15.127450,16.655404,-24.155645,-15.173360,16.613937,0.200000,
-24.155743,-15.173678,16.613509,-27.820091,-18.376273,48.151742,-24.088524,-15.193023,16.595903,-24.155645,-15.173361,16.613936,0.200000,
-24.155743,-15.173678,16.613509,-27.820091,-18.376273,48.151742,-24.316044,-15.127450,16.655404,-24.155646,-15.173361,16.613935,0.200000,
-24.155743,-15.173678,16.613509,-27.820091,-18.376273,48.151742,-24.088523,-15.193023,16.595903,-24.155646,-15.173362,16.613934,0.200000,
-24.155743,-15.173678,16.613509,-27.820091,-18.376273,48.151742,-24.316043,-15.127450,16.655404,-24.155646,-15.173363,16.613933,0.200000,
-24.155743,-15.173678,16.613509,-27.820091,-18.376273,48.151742,-24.088523,-15.193023,16.595903,-24.155646,-15.173363,16.613932,0.200000,
-24.155743,-15.173678,16.613509,-27.820091,-18.376273,48.151742,-24.316043,-15.127450,16.655404,-24.155646,-15.173364,16.613931,0.200000,
-24.155743,-15.173678,16.613509,-27.820091,-18.376273,48.151742,-24.088523,-15.193023,16.595903,-24.155647,-15.173365,16.613931,0.200000,
-24.155743,-15.173678,16.613509,-27.820091,-18.376273,48.151742,-24.316043,-15.127450,16.655404,-24.155647,-15.173365,16.613930,0.200000,
-24.155743,-15.173678,16.613509,-27.820091,-18.376273,48.151742,-24.088523,-15.193023,16.595903,-24.155647,-15.173366,16.613929,0.200000,
-24.155743,-15.173678,16.613509,-27.820091,-18.376273,48.151742,-24.316043,-15.127450,16.655404,-24.155647,-15.173366,16.613928,0.200000,
-24.155743,-15.173678,16.613509,-27.820091,-18.376273,48.151742,-24.088523,-15.193023,16.595903,-24.155647,-15.173367,16.613927,0.200000,
-24.155743,-15.173678,16.613509,-27.820091,-18.376273,48.151742,-24.316043,-15.127450,16.655404,-24.155648,-15.173368,16.613926,0.200000,
-24.155743,-15.173678,16.613509,-27.820091,-18.376273,48.151742,-24.088522,-15.193023,16.595903,-24.155648,-15.173368,16.613926,0.200000,
-24.155743,-15.173678,16.613509,-27.820091,-18.376273,48.151742,-24.316042,-15.127450,16.655404,-24.155648,-15.173369,16.613925,0.200000,
-24.155743,-15.173678,16.613509,-27.820091,-18.376273,48.151742,-24.088522,-15.193023,16.595903,-24.155648,-15.173369,16.613924,0.200000,
-24.155743,-15.173678,16.613509,-27.820091,-18.376273,48.151742,-24.316042,-15.127450,16.655404,-24.155648,-15.173370,16.613923,0.200000,
-24.155743,-15.173678,16.613509,-27.820091,-18.376273,48.151742,-24.088522,-15.193024,16.595903,-24.155649,-15.173371,16.613922,0.200000,
-24.155743,-15.173678,16.613509,-27.820091,-18.376273,48.151742,-24.316042,-15.127450,16.655404,-24.155649,-15.173371,16.613921,0.200000,
-24.155743,-15.173678,16.613509,-27.820091,-18.376273,48.151742,-24.088522,-15.193024,16.595903,-24.155649,-15.173372,16.613921,0.200000,
-24.155743,-15.173678,16.613509,-27.820091,-18.376273,48.151742,-24.316042,-15.127450,16.655404,-24.155649,-15.173373,16.613920,0.200000,
-24.155743,-15.173678,16.613509,-27.820091,-18.376273,48.151742,-24.088522,-15.193024,16.595903,-24.155649,-15.173373,16.613919,0.200000,
-24.155743,-15.173678,16.613509,-27.820091,-18.376273,48.151742,-24.316042,-15.127450,16.655404,-24.155649,-15.173374,16.613918,0.200000,
-24.155743,-15.173678,16.613509,-27.820091,-18.376273,48.151742,-24.088521,-15.193024,16.595903,-24.155650,-15.173374,16.613917,0.200000,
-24.155743,-15.173678,16.613509,-27.820091,-18.376273,48.151742,-24.316042,-15.127450,16.655404,-24.155650,-15.173375,16.613917,0.200000,
-24.155743,-15.173678,16.613509,-27.820091,-18.376273,48.151742,-24.088521,-15.193024,16.595903,-24.155650,-15.173376,16.613916,0.200000,
-24.155743,-15.173678,16.613509,-27.820091,-18.376273,48.151742,-24.316041,-15.127450,16.655404,-24.155650,-15.173376,16.613915,0.200000,
-24.155743,-15.173678,16.613509,-27.820091,-18.376273,48.151742,-24.088521,-15.193024,16.595903,-24.155650,-15.173377,16.613914,0.200000,
-24.155743,-15.173678,16.613509,-27.820091,-18.376273,48.151742,-24.316041,-15.127450,16.655404,-24.155651,-15.173377,16.613913,0.200000,
-24.155743,-15.173678,16.613509,-27.820091,-18.376273,48.151742,-24.088521,-15.193024,16.595902,-24.155651,-15.173378,16.613912,0.200000,
-24.155743,-15.173678,16.613509,-27.820091,-18.376273,48.151742,-24.316041,-15.127450,16.655403,-24.155651,-15.173379,16.613912,0.200000,
-24.155743,-15.173678,16.613509,-27.820091,-18.376273,48.151742,-24.088521,-15.193024,16.595902,-24.155651,-15.173379,16.613911,0.200000,
-24.155743,-15.173678,16.613509,-27.820091,-18.376273,48.151742,-24.316041,-15.127451,16.655403,-24.155651,-15.173380,16.613910,0.200000,
-24.155743,-15.173678,16.613509,-27.820091,-18.376273,48.151742,-24.088521,-15.193024,16.595902,-24.155652,-15.173380,16.613909,0.200000,
-24.155743,-15.173678,16.613509,-27.820091,-18.376273,48.151742,-24.316041,-15.127451,16.655403,-24.155652,-15.173381,16.613908,0.200000,
-24.155743,-15.173678,16.613509,-27.820091,-18.376273,48.151742,-24.088520,-15.193024,16.595902,-24.155652,-15.173382,16.613908,0.200000,
-24.155743,-15.173678,16.613509,-27.820091,-18.376273,48.151742,-24.316040,-15.127451,16.655403,-24.155652,-15.173382,16.613907,0.200000,
-24.155743,-15.173678,16.613509,-27.820091,-18.376273,48.151742,-24.088520,-15.193024,16.595902,-24.155652,-15.173383,16.613906,0.200000,
-24.155743,-15.173678,16.613509,-27.820091,-18.376273,48.151742,-24.316040,-15.127451,16.655403,-24.155652,-15.173383,16.613905,0.200000,
-24.155743,-15.173678,16.613509,-27.820091,-18.376273,48.151742,-24.088520,-15.193024,16.595902,-24.155653,-15.173384,16.613905,0.200000,
-24.155743,-15.173678,16.613509,-27.820091,-18.376273,48.151742,-24.316040,-15.127451,16.655403,-24.155653,-15.173384,16.613904,0.200000,
-24.155743,-15.173678,16.613509,-27.820091,-18.376273,48.151742,-24.088520,-15.193024,16.595902,-24.155653,-15.173385,16.613903,0.200000,
-24.155743,-15.173678,16.613509,-27.820091,-18.376273,48.151742,-24.316040,-15.127451,16.655403,-24.155653,-15.173386,16.613902,0.200000,
-24.155743,-15.173678,16.613509,-27.820091,-18.376273,48.151742,-24.088520,-15.193024,16.595902,-24.155653,-15.173386,16.613901,0.200000,
-24.155743,-15.173678,16.613509,-27.820091,-18.376273,48.151742,-24.316040,-15.127451,16.655403,-24.155654,-15.173387,16.613901,0.200000,
-24.155743,-15.173678,16.613509,-27.820091,-18.376273,48.151742,-24.088519,-15.193024,16.595902,-24.155654,-15.173387,16.613900,0.200000,
-24.155743,-15.173678,16.613509,-27.820091,-18.376273,48.151742,-24.316039,-15.127451,16.655403,-24.155654,-15.173388,16.613899,0.200000,
-24.155743,-15.173678,16.613509,-27.820091,-18.376273,48.151742,-24.088519,-15.193024,16.595902,-24.155654,-15.173389,16.613898,0.200000,
-24.155743,-15.173678,16.613509,-27.820091,-18.376273,48.151742,-24.316039,-15.127451,16.655403,-24.155654,-15.173389,16.613897,0.200000,
-24.155743,-15.173678,16.613509,-27.820091,-18.376273,48.151742,-24.088519,-15.193024,16.595902,-24.155654,-15.173390,16.613897,0.200000,
-24.155743,-15.173678,16.613509,-27.820091,-18.376273,48.151742,-24.316039,-15.127451,16.655403,-24.155655,-15.173390,16.613896,0.200000,
-24.155743,-15.173678,16.613509,-27.820091,-18.376273,48.151742,-24.088519,-15.193024,16.595902,-24.155655,-15.173391,16.613895,0.200000,
-24.155743,-15.173678,16.613509,-27.820091,-18.376273,48.151742,-24.316039,-15.127451,16.655403,-24.155655,-15.173391,16.613894,0.200000,
-24.155743,-15.173678,16.613509,-27.820091,-18.376273,48.151742,-24.088519,-15.193024,16.595902,-24.155655,-15.173392,16.613894,0.200000,
-24.155743,-15.173678,16.613509,-27.820091,-18.376273,48.151742,-24.316039,-15.127451,16.655403,-24.155655,-15.173393,16.613893,0.200000,
-24.155743,-15.173678,16.613509,-27.820091,-18.376273,48.151742,-24.088518,-15.193025,16.595902,-24.155655,-15.173393,16.613892,0.200000,
-24.155743,-15.173678,16.613509,-27.820091,-18.376273,48.151742,-24.316039,-15.127451,16.655403,-24.155656,-15.173394,16.613891,0.200000,
-24.155743,-15.173678,16.613509,-27.820091,-18.376273,48.151742,-24.088518,-15.193025,16.595902,-24.155656,-15.173394,16.613891,0.200000,
-24.155743,-15.173678,16.613509,-27.820091,-18.376273,48.151742,-24.316038,-15.127451,16.655403,-24.155656,-15.173395,16.613890,0.200000,
-24.155743,-15.173678,16.613509,-27.820091,-18.376273,48.151742,-24.088518,-15.193025,16.595902,-24.155656,-15.173395,16.613889,0.200000,
-24.155743,-15.173678,16.613509,-27.820091,-18.376273,48.151742,-24.316038,-15.127451,16.655403,-24.155656,-15.173396,16.613888,0.200000,
-24.155743,-15.173678,16.613509,-27.820091,-18.376273,48.151742,-24.088518,-15.193025,16.595902,-24.155657,-15.173397,16.613887,0.200000,
-24.155743,-15.173678,16.613509,-27.820091,-18.376273,48.151742,-24.316038,-15.127451,16.655403,-24.155657,-15.173397,16.613887,0.200000,
-24.155743,-15.173678,16.613509,-27.820091,-18.376273,48.151742,-24.088518,-15.193025,16.595902,-24.155657,-15.173398,16.613886,0.200000,
-24.155743,-15.173678,16.613509,-27.820091,-18.376273,48.151742,-24.316038,-15.127451,16.655403,-24.155657,-15.173398,16.613885,0.200000,
-24.155743,-15.173678,16.613509,-27.820091,-18.376273,48.151742,-24.088518,-15.193025,16.595902,-24.155657,-15.173399,16.613884,0.200000,
-24.155743,-15.173678,16.613509,-27.820091,-18.376273,48.151742,-24.316038,-15.127451,16.655403,-24.155657,-15.173399,16.613884,0.200000,
-24.155743,-15.173678,16.613509,-27.820091,-18.376273,48.151742,-24.088517,-15.193025,16.595902,-24.155658,-15.173400,16.613883,0.200000,
-24.155743,-15.173678,16.613509,-27.820091,-18.376273,48.151742,-24.316037,-15.127452,16.655403,-24.155658,-15.173400,16.613882,0.200000,
-24.155743,-15.173678,16.613509,-27.820091,-18.376273,48.151742,-24.088517,-15.193025,16.595901,-24.155658,-15.173401,16.613881,0.200000,
-24.155743,-15.173678,16.613509,-27.820091,-18.376273,48.151742,-24.316037,-15.127452,16.655402,-24.155658,-15.173402,16.613881,0.200000,
-24.155743,-15.173678,16.613509,-27.820091,-18.376273,48.151742,-24.088517,-15.193025,16.595901,-24.155658,-15.173402,16.613880,0.200000,
-24.155743,-15.173678,16.613509,-27.820091,-18.376273,48.151742,-24.316037,-15.127452,16.655402,-24.155658,-15.173403,16.613879,0.200000,
-24.155743,-15.173678,16.613509,-27.820091,-18.376273,48.151742,-24.088517,-15.193025,16.595901,-24.155659,-15.173403,16.613879,0.200000,
-24.155743,-15.173678,16.613509,-27.820091,-18.376273,48.151742,-24.316037,-15.127452,16.655402,-24.155659,-15.173404,16.613878,0.200000,
-24.155743,-15.173678,16.613509,-27.820091,-18.376273,48.151742,-24.088517,-15.193025,16.595901,-24.155659,-15.173404,16.613877,0.200000,
-24.155743,-15.173678,16.613509,-27.820091,-18.376273,48.151742,-24.316037,-15.127452,16.655402,-24.155659,-15.173405,16.613876,0.200000,
-24.155743,-15.173678,16.613509,-27.820091,-18.376273,48.151742,-24.088516,-15.193025,16.595901,-24.155659,-15.173405,16.613876,0.200000,
-24.155743,-15.173678,16.613509,-27.820091,-18.376273,48.151742,-24.316036,-15.127452,16.655402,-24.155659,-15.173406,16.613875,0.200000,
-24.155743,-15.173678,16.613509,-27.820091,-18.376273,48.151742,-24.088516,-15.193025,16.595901,-24.155660,-15.173406,16.613874,0.200000,
-24.155743,-15.173678,16.613509,-27.820091,-18.376273,48.151742,-24.316036,-15.127452,16.655402,-24.155660,-15.173407,16.613873,0.200000,
-24.155743,-15.173678,16.613509,-27.820091,-18.376273,48.151742,-24.088516,-15.193025,16.595901,-24.155660,-15.173408,16.613873,0.200000,
-24.155743,-15.173678,16.613509,-27.820091,-18.376273,48.151742,-24.316036,-15.127452,16.655402,-24.155660,-15.173408,16.613872,0.200000,
-24.155743,-15.173678,16.613509,-27.820091,-18.376273,48.151742,-24.088516,-15.193025,16.595901,-24.155660,-15.173409,16.613871,0.200000,
-24.155743,-15.173678,16.613509,-27.820091,-18.376273,48.151742,-24.316036,-15.127452,16.655402,-24.155660,-15.173409,16.613870,0.200000,
-24.155743,-15.173678,16.613509,-27.820091,-18.376273,48.151742,-24.088516,-15.193025,16.595901,-24.155661,-15.173410,16.613870,0.200000,
-24.155743,-15.173678,16.613509,-27.820091,-18.376273,48.151742,-24.316036,-15.127452,16.655402,-24.155661,-15.173410,16.613869,0.200000,
-24.155743,-15.173678,16.613509,-27.820091,-18.376273,48.151742,-24.088516,-15.193025,16.595901,-24.155661,-15.173411,16.613868,0.200000,
-24.155743,-15.173678,16.613509,-27.820091,-18.376273,48.151742,-24.316036,-15.127452,16.655402,-24.155661,-15.173411,16.613868,0.200000,
-24.155743,-15.173678,16.613509,-27.820091,-18.376273,48.151742,-24.088515,-15.193025,16.595901,-24.155661,-15.173412,16.613867,0.200000,
-24.155743,-15.173678,16.613509,-27.820091,-18.376273,48.151742,-24.316035,-15.127452,16.655402,-24.155661,-15.173412,16.613866,0.200000,
-24.155743,-15.173678,16.613509,-27.820091,-18.376273,48.151742,-24.088515,-15.193025,16.595901,-24.155662,-15.173413,16.613865,0.200000,
-24.155743,-15.173678,16.613509,-27.820091,-18.376273,48.151742,-24.316035,-15.127452,16.655402,-24.155662,-15.173413,16.613865,0.200000,
-24.155743,-15.173678,16.613509,-27.820091,-18.376273,48.151742,-24.088515,-15.193026,16.595901,-24.155662,-15.173414,16.613864,0.200000,
-24.155743,-15.173678,16.613509,-27.820091,-18.376273,48.151742,-24.316035,-15.127452,16.655402,-24.155662,-15.173414,16.613863,0.200000,
-24.155743,-15.173678,16.613509,-27.820091,-18.376273,48.151742,-24.088515,-15.193026,16.595901,-24.155662,-15.173415,16.613863,0.200000,
-24.155743,-15.173678,16.613509,-27.820091,-18.376273,48.151742,-24.316035,-15.127452,16.655402,-24.155662,-15.173416,16.613862,0.200000,
-24.155743,-15.173678,16.613509,-27.820091,-18.376273,48.151742,-24.088515,-15.193026,16.595901,-24.155663,-15.173416,16.613861,0.200000,
-24.155743,-15.173678,16.613509,-27.820091,-18.376273,48.151742,-24.316035,-15.127452,16.655402,-24.155663,-15.173417,16.613860,0.200000,
-24.155743,-15.173678,16.613509,-27.820091,-18.376273,48.151742,-24.088514,-15.193026,16.595901,-24.155663,-15.173417,16.613860,0.200000,
-24.155743,-15.173678,16.613509,-27.820091,-18.376273,48.151742,-24.316034,-15.127452,16.655402,-24.155663,-15.173418,16.613859,0.200000,
-24.155743,-15.173678,16.613509,-27.820091,-18.376273,48.151742,-24.088514,-15.193026,16.595901,-24.155663,-15.173418,16.613858,0.200000,
-24.155743,-15.173678,16.613509,-27.820091,-18.376273,48.151742,-24.316034,-15.127452,16.655402,-24.155663,-15.173419,16.613858,0.200000,
-24.155743,-15.173678,16.613509,-27.820091,-18.376273,48.151742,-24.088514,-15.193026,16.595901,-24.155664,-15.173419,16.613857,0.200000,
-24.155743,-15.173678,16.613509,-27.820091,-18.376273,48.151742,-24.316034,-15.127452,16.655402,-24.155664,-15.173420,16.613856,0.200000,
-24.155743,-15.173678,16.613509,-27.820091,-18.376273,48.151742,-24.088514,-15.193026,16.595901,-24.155664,-15.173420,16.613856,0.200000,
-24.155743,-15.173678,16.613509,-27.820091,-18.376273,48.151742,-24.316034,-15.127453,16.655402,-24.155664,-15.173421,16.613855,0.200000,
-24.155743,-15.173678,16.613509,-27.820091,-18.376273,48.151742,-24.088514,-15.193026,16.595901,-24.155664,-15.173421,16.613854,0.200000,
-24.155743,-15.173678,16.613509,-27.820091,-18.376273,48.151742,-24.316034,-15.127453,16.655402,-24.155664,-15.173422,16.613854,0.200000,
-24.155743,-15.173678,16.613509,-27.820091,-18.376273,48.151742,-24.088513,-15.193026,16.595901,-24.155664,-15.173422,16.613853,0.200000,
-24.155743,-15.173678,16.613509,-27.820091,-18.376273,48.151742,-24.316034,-15.127453,16.655402,-24.155665,-15.173423,16.613852,0.200000,
-24.155743,-15.173678,16.613509,-27.820091,-18.376273,48.151742,-24.088513,-15.193026,16.595900,-24.155665,-15.173423,16.613851,0.200000,
-24.155743,-15.173678,16.613509,-27.820091,-18.376273,48.151742,-24.316033,-15.127453,16.655401,-24.155665,-15.173424,16.613851,0.200000,
-24.155743,-15.173678,16.613509,-27.820091,-18.376273,48.151742,-24.088513,-15.193026,16.595900,-24.155665,-15.173424,16.613850,0.200000,
-24.155743,-15.173678,16.613509,-27.820091,-18.376273,48.151742,-24.316033,-15.127453,16.655401,-24.155665,-15.173425,16.613849,0.200000,
-24.155743,-15.173678,16.613509,-27.820091,-18.376273,48.151742,-24.088513,-15.193026,16.595900,-24.155665,-15.173425,16.613849,0.200000,
-24.155743,-15.173678,16.613509,-27.820091,-18.376273,48.151742,-24.316033,-15.127453,16.655401,-24.155666,-15.173426,16.613848,0.200000,
-24.155743,-15.173678,16.613509,-27.820091,-18.376273,48.151742,-24.088513,-15.193026,16.595900,-24.155666,-15.173426,16.613847,0.200000,
-24.155743,-15.173678,16.613509,-27.820091,-18.376273,48.151742,-24.316033,-15.127453,16.655401,-24.155666,-15.173427,16.613847,0.200000,
-24.155743,-15.173678,16.613509,-27.820091,-18.376273,48.151742,-24.088513,-15.193026,16.595900,-24.155666,-15.173427,16.613846,0.200000,
-24.155743,-15.173678,16.613509,-27.820091,-18.376273,48.151742,-24.316033,-15.127453,16.655401,-24.155666,-15.173428,16.613845,0.200000,
-24.155743,-15.173678,16.613509,-27.820091,-18.376273,48.151742,-24.088512,-15.193026,16.595900,-24.155666,-15.173428,16.613845,0.200000,
-24.155743,-15.173678,16.613509,-27.820091,-18.376273,48.151742,-24.316032,-15.127453,16.655401,-24.155666,-15.173429,16.613844,0.200000,
-24.155743,-15.173678,16.613509,-27.820091,-18.376273,48.151742,-24.088512,-15.193026,16.595900,-24.155667,-15.173429,16.613843,0.200000,
-24.155743,-15.173678,16.613509,-27.820091,-18.376273,48.151742,-24.316032,-15.127453,16.655401,-24.155667,-15.173430,16.613843,0.200000,
-24.155743,-15.173678,16.613509,-27.820091,-18.376273,48.151742,-24.088512,-15.193026,16.595900,-24.155667,-15.173430,16.613842,0.200000,
-24.155743,-15.173678,16.613509,-27.820091,-18.376273,48.151742,-24.316032,-15.127453,16.655401,-24.155667,-15.173431,16.613841,0.200000,
-24.155743,-15.173678,16.613509,-27.820091,-18.376273,48.151742,-24.088512,-15.193026,16.595900,-24.155667,-15.173431,16.613841,0.200000,
-24.155743,-15.173678,16.613509,-27.820091,-18.376273,48.151742,-24.316032,-15.127453,16.655401,-24.155667,-15.173432,16.613840,0.200000,
-24.155743,-15.173678,16.613509,-27.820091,-18.376273,48.151742,-24.088512,-15.193027,16.595900,-24.155668,-15.173432,16.613839,0.200000,
-24.155743,-15.173678,16.613509,-27.820091,-18.376273,48.151742,-24.316032,-15.127453,16.655401,-24.155668,-15.173433,16.613839,0.200000,
-24.155743,-15.173678,16.613509,-27.820091,-18.376273,48.151742,-24.088511,-15.193027,16.595900,-24.155668,-15.173433,16.613838,0.200000,
-24.155743,-15.173678,16.613509,-27.820091,-18.376273,48.151742,-24.316031,-15.127453,16.655401,-24.155668,-15.173434,16.613837,0.200000,
-24.155743,-15.173678,16.613509,-27.820091,-18.376273,48.151742,-24.088511,-15.193027,16.595900,-24.155668,-15.173434,16.613837,0.200000,
-24.155743,-15.173678,16.613509,-27.820091,-18.376273,48.151742,-24.316031,-15.127453,16.655401,-24.155668,-15.173435,16.613836,0.200000,
-24.155743,-15.173678,16.613509,-27.820091,-18.376273,48.151742,-24.088511,-15.193027,16.595900,-24.155668,-15.173435,16.613835,0.200000,
-24.155743,-15.173678,16.613509,-27.820091,-18.376273,48.151742,-24.316031,-15.127453,16.655401,-24.155669,-15.173436,16.613835,0.200000,
-24.155743,-15.173678,16.613509,-27.820091,-18.376273,48.151742,-24.088511,-15.193027,16.595900,-24.155669,-15.173436,16.613834,0.200000,
-24.155743,-15.173678,16.613509,-27.820091,-18.376273,48.151742,-24.316031,-15.127453,16.655401,-24.155669,-15.173437,16.613833,0.200000,
-24.155743,-15.173678,16.613509,-27.820091,-18.376273,48.151742,-24.088511,-15.193027,16.595900,-24.155669,-15.173437,16.613833,0.200000,
-24.155743,-15.173678,16.613509,-27.820091,-18.376273,48.151742,-24.316031,-15.127453,16.655401,-24.155669,-15.173438,16.613832,0.200000,
-24.155743,-15.173678,16.613509,-27.820091,-18.376273,48.151742,-24.088510,-15.193027,16.595900,-24.155669,-15.173438,16.613832,0.200000,
-24.155743,-15.173678,16.613509,-27.820091,-18.376273,48.151742,-24.316031,-15.127453,16.655401,-24.155670,-15.173439,16.613831,0.200000,
-24.155743,-15.173678,16.613509,-27.820091,-18.376273,48.151742,-24.088510,-15.193027,16.595900,-24.155670,-15.173439,16.613830,0.200000,
-24.155743,-15.173678,16.613509,-27.820091,-18.376273,48.151742,-24.316030,-15.127454,16.655401,-24.155670,-15.173439,16.613830,0.200000,
-24.155743,-15.173678,16.613509,-27.820091,-18.376273,48.151742,-24.088510,-15.193027,16.595900,-24.155670,-15.173440,16.613829,0.200000,
-24.155743,-15.173678,16.613509,-27.820091,-18.376273,48.151742,-24.316030,-15.127454,16.655401,-24.155670,-15.173440,16.613828,0.200000,
-24.155743,-15.173678,16.613509,-27.820091,-18.376273,48.151742,-24.088510,-15.193027,16.595900,-24.155670,-15.173441,16.613828,0.200000,
-24.155743,-15.173678,16.613509,-27.820091,-18.376273,48.151742,-24.316030,-15.127454,16.655401,-24.155670,-15.173441,16.613827,0.200000,
-24.155743,-15.173678,16.613509,-27.820091,-18.376273,48.151742,-24.088510,-15.193027,16.595900,-24.155671,-15.173442,16.613826,0.200000,
-24.155743,-15.173678,16.613509,-27.820091,-18.376273,48.151742,-24.316030,-15.127454,16.655401,-24.155671,-15.173442,16.613826,0.200000,
-24.155743,-15.173678,16.613509,-27.820091,-18.376273,48.151742,-24.088510,-15.193027,16.595899,-24.155671,-15.173443,16.613825,0.200000,
-24.155743,-15.173678,16.613509,-27.820091,-18.376273,48.151742,-24.316030,-15.127454,16.655400,-24.155671,-15.173443,16.613824,0.200000,
-24.155743,-15.173678,16.613509,-27.820091,-18.376273,48.151742,-24.088509,-15.193027,16.595899,-24.155671,-15.173444,16.613824,0.200000,
-24.155743,-15.173678,16.613509,-27.820091,-18.376273,48.151742,-24.316029,-15.127454,16.655400,-24.155671,-15.173444,16.613823,0.200000,
-24.155743,-15.173678,16.613509,-27.820091,-18.376273,48.151742,-24.088509,-15.193027,16.595899,-24.155671,-15.173445,16.613823,0.200000,
-24.155743,-15.173678,16.613509,-27.820091,-18.376273,48.151742,-24.316029,-15.127454,16.655400,-24.155672,-15.173445,16.613822,0.200000,
-24.155743,-15.173678,16.613509,-27.820091,-18.376273,48.151742,-24.088509,-15.193027,16.595899,-24.155672,-15.173446,16.613821,0.200000,
-24.155743,-15.173678,16.613509,-27.820091,-18.376273,48.151742,-24.316029,-15.127454,16.655400,-24.155672,-15.173446,16.613821,0.200000,
-24.155743,-15.173678,16.613509,-27.820091,-18.376273,48.151742,-24.088509,-15.193027,16.595899,-24.155672,-15.173447,16.613820,0.200000,
-24.155743,-15.173678,16.613509,-27.820091,-18.376273,48.151742,-24.316029,-15.127454,16.655400,-24.155672,-15.173447,16.613819,0.200000,
-24.155743,-15.173678,16.613509,-27.820091,-18.376273,48.151742,-24.088509,-15.193027,16.595899,-24.155672,-15.173447,16.613819,0.200000,
-24.155743,-15.173678,16.613509,-27.820091,-18.376273,48.151742,-24.316029,-15.127454,16.655400,-24.155672,-15.173448,16.613818,0.200000,
-24.155743,-15.173678,16.613509,-27.820091,-18.376273,48.151742,-24.088508,-15.193027,16.595899,-24.155673,-15.173448,16.613818,0.200000,
-24.155743,-15.173678,16.613509,-27.820091,-18.376273,48.151742,-24.316028,-15.127454,16.655400,-24.155673,-15.173449,16.613817,0.200000,
-24.155743,-15.173678,16.613509,-27.820091,-18.376273,48.151742,-24.088508,-15.193027,16.595899,-24.155673,-15.173449,16.613816,0.200000,
-24.155743,-15.173678,16.613509,-27.820091,-18.376273,48.151742,-24.316028,-15.127454,16.655400,-24.155673,-15.173450,16.613816,0.200000,
-24.155743,-15.173678,16.613509,-27.820091,-18.376273,48.151742,-24.088508,-15.193028,16.595899,-24.155673,-15.173450,16.613815,0.200000,
-24.155743,-15.173678,16.613509,-27.820091,-18.376273,48.151742,-24.316028,-15.127454,16.655400,-24.155673,-15.173451,16.613815,0.200000,
-24.155743,-15.173678,16.613509,-27.820091,-18.376273,48.151742,-24.088508,-15.193028,16.595899,-24.155673,-15.173451,16.613814,0.200000,
-24.155743,-15.173678,16.613509,-27.820091,-18.376273,48.151742,-24.316028,-15.127454,16.655400,-24.155674,-15.173452,16.613813,0.200000,
-24.155743,-15.173678,16.613509,-27.820091,-18.376273,48.151742,-24.088508,-15.193028,16.595899,-24.155674,-15.173452,16.613813,0.200000,
-24.155743,-15.173678,16.613509,-27.820091,-18.376273,48.151742,-24.316028,-15.127454,16.655400,-24.155674,-15.173452,16.613812,0.200000,
-24.155743,-15.173678,16.613509,-27.820091,-18.376273,48.151742,-24.088507,-15.193028,16.595899,-24.155674,-15.173453,16.613812,0.200000,
-24.155743,-15.173678,16.613509,-27.820091,-18.376273,48.151742,-24.316028,-15.127454,16.655400,-24.155674,-15.173453,16.613811,0.200000,
-24.155743,-15.173678,16.613509,-27.820091,-18.376273,48.151742,-24.088507,-15.193028,16.595899,-24.155674,-15.173454,16.613810,0.200000,
-24.155743,-15.173678,16.613509,-27.820091,-18.376273,48.151742,-24.316027,-15.127454,16.655400,-24.155674,-15.173454,16.613810,0.200000,
-24.155743,-15.173678,16.613509,-27.820091,-18.376273,48.151742,-24.088507,-15.193028,16.595899,-24.155674,-15.173455,16.613809,0.200000,
-24.155743,-15.173678,16.613509,-27.820091,-18.376273,48.151742,-24.316027,-15.127454,16.655400,-24.155675,-15.173455,16.613809,0.200000,
-24.155743,-15.173678,16.613509,-27.820091,-18.376273,48.151742,-24.088507,-15.193028,16.595899,-24.155675,-15.173456,16.613808,0.200000,
-24.155743,-15.173678,16.613509,-27.820091,-18.376273,48.151742,-24.316027,-15.127455,16.655400,-24.155675,-15.173456,16.613807,0.200000,
-24.155743,-15.173678,16.613509,-27.820091,-18.376273,48.151742,-24.088507,-15.193028,16.595899,-24.155675,-15.173456,16.613807,0.200000,
-24.155743,-15.173678,16.613509,-27.820091,-18.376273,48.151742,-24.316027,-15.127455,16.655400,-24.155675,-15.173457,16.613806,0.200000,
-24.155743,-15.173678,16.613509,-27.820091,-18.376273,48.151742,-24.088507,-15.193028,16.595899,-24.155675,-15.173457,16.613806,0.200000,
-24.155743,-15.173678,16.613509,-27.820091,-18.376273,48.151742,-24.316027,-15.127455,16.655400,-24.155675,-15.173458,16.613805,0.200000,
-24.155743,-15.173678,16.613509,-27.820091,-18.376273,48.151742,-24.088506,-15.193028,16.595899,-24.155676,-15.173458,16.613804,0.200000,
-24.155743,-15.173678,16.613509,-27.820091,-18.376273,48.151742,-24.316026,-15.127455,16.655400,-24.155676,-15.173459,16.613804,0.200000,
-24.155743,-15.173678,16.613509,-27.820091,-18.376273,48.151742,-24.088506,-15.193028,16.595899,-24.155676,-15.173459,16.613803,0.200000,
-24.155743,-15.173678,16.613509,-27.820091,-18.376273,48.151742,-24.316026,-15.127455,16.655400,-24.155676,-15.173460,16.613803,0.200000,
-24.155743,-15.173678,16.613509,-27.820091,-18.376273,48.151742,-24.088506,-15.193028,16.595899,-24.155676,-15.173460,16.613802,0.200000,
-24.155743,-15.173678,16.613509,-27.820091,-18.376273,48.151742,-24.316026,-15.127455,16.655400,-24.155676,-15.173460,16.613801,0.200000,
-24.155743,-15.173678,16.613509,-27.820091,-18.376273,48.151742,-24.088506,-15.193028,16.595899,-24.155676,-15.173461,16.613801,0.200000,
-24.155743,-15.173678,16.613509,-27.820091,-18.376273,48.151742,-24.316026,-15.127455,16.655400,-24.155677,-15.173461,16.613800,0.200000,
-24.155743,-15.173678,16.613509,-27.820091,-18.376273,48.151742,-24.088506,-15.193028,16.595898,-24.155677,-15.173462,16.613800,0.200000,
-24.155743,-15.173678,16.613509,-27.820091,-18.376273,48.151742,-24.316026,-15.127455,16.655399,-24.155677,-15.173462,16.613799,0.200000,
-24.155743,-15.173678,16.613509,-27.820091,-18.376273,48.151742,-24.088505,-15.193028,16.595898,-24.155677,-15.173463,16.613798,0.200000,
-24.155743,-15.173678,16.613509,-27.820091,-18.376273,48.151742,-24.316026,-15.127455,16.655399,-24.155677,-15.173463,16.613798,0.200000,
-24.155743,-15.173678,16.613509,-27.820091,-18.376273,48.151742,-24.088505,-15.193028,16.595898,-24.155677,-15.173463,16.613797,0.200000,
-24.155743,-15.173678,16.613509,-27.820091,-18.376273,48.151742,-24.316025,-15.127455,16.655399,-24.155677,-15.173464,16.613797,0.200000,
-24.155743,-15.173678,16.613509,-27.820091,-18.376273,48.151742,-24.088505,-15.193028,16.595898,-24.155677,-15.173464,16.613796,0.200000,
-24.155743,-15.173678,16.613509,-27.820091,-18.376273,48.151742,-24.316025,-15.127455,16.655399,-24.155678,-15.173465,16.613796,0.200000,
-24.155743,-15.173678,16.613509,-27.820091,-18.376273,48.151742,-24.088505,-15.193028,16.595898,-24.155678,-15.173465,16.613795,0.200000,
-24.155743,-15.173678,16.613509,-27.820091,-18.376273,48.151742,-24.316025,-15.127455,16.655399,-24.155678,-15.173466,16.613794,0.200000,
-24.155743,-15.173678,16.613509,-27.820091,-18.376273,48.151742,-24.088505,-15.193028,16.595898,-24.155678,-15.173466,16.613794,0.200000,
-24.155743,-15.173678,16.613509,-27.820091,-18.376273,48.151742,-24.316025,-15.127455,16.655399,-24.155678,-15.173466,16.613793,0.200000,
-24.155743,-15.173678,16.613509,-27.820091,-18.376273,48.151742,-24.088505,-15.193029,16.595898,-24.155678,-15.173467,16.613793,0.200000,
-24.155743,-15.173678,16.613509,-27.820091,-18.376273,48.151742,-24.316025,-15.127455,16.655399,-24.155678,-15.173467,16.613792,0.200000,
-24.155743,-15.173678,16.613509,-27.820091,-18.376273,48.151742,-24.088504,-15.193029,16.595898,-24.155679,-15.173468,16.613792,0.200000,
-24.155743,-15.173678,16.613509,-27.820091,-18.376273,48.151742,-24.316024,-15.127455,16.655399,-24.155679,-15.173468,16.613791,0.200000,
-24.155743,-15.173678,16.613509,-27.820091,-18.376273,48.151742,-24.088504,-15.193029,16.595898,-24.155679,-15.173468,16.613791,0.200000,
-24.155743,-15.173678,16.613509,-27.820091,-18.376273,48.151742,-24.316024,-15.127455,16.655399,-24.155679,-15.173469,16.613790,0.200000,
-24.155743,-15.173678,16.613509,-27.820091,-18.376273,48.151742,-24.088504,-15.193029,16.595898,-24.155679,-15.173469,16.613789,0.200000,
-24.155743,-15.173678,16.613509,-27.820091,-18.376273,48.151742,-24.316024,-15.127455,16.655399,-24.155679,-15.173470,16.613789,0.200000,
-24.155743,-15.173678,16.613509,-27.820091,-18.376273,48.151742,-24.088504,-15.193029,16.595898,-24.155679,-15.173470,16.613788,0.200000,
-24.155743,-15.173678,16.613509,-27.820091,-18.376273,48.151742,-24.316024,-15.127455,16.655399,-24.155679,-15.173471,16.613788,0.200000,
-24.155743,-15.173678,16.613509,-27.820091,-18.376273,48.151742,-24.088504,-15.193029,16.595898,-24.155680,-15.173471,16.613787,0.200000,
-24.155743,-15.173678,16.613509,-27.820091,-18.376273,48.151742,-24.316024,-15.127455,16.655399,-24.155680,-15.173471,16.613787,0.200000,
-24.155743,-15.173678,16.613509,-27.820091,-18.376273,48.151742,-24.088503,-15.193029,16.595898,-24.155680,-15.173472,16.613786,0.200000,
-24.155743,-15.173678,16.613509,-27.820091,-18.376273,48.151742,-24.316023,-15.127456,16.655399,-24.155680,-15.173472,16.613785,0.200000,
-24.155743,-15.173678,16.613509,-27.820091,-18.376273,48.151742,-24.088503,-15.193029,16.595898,-24.155680,-15.173473,16.613785,0.200000,
-24.155743,-15.173678,16.613509,-27.820091,-18.376273,48.151742,-24.316023,-15.127456,16.655399,-24.155680,-15.173473,16.613784,0.200000,
-24.155743,-15.173678,16.613509,-27.820091,-18.376273,48.151742,-24.088503,-15.193029,16.595898,-24.155680,-15.173473,16.613784,0.200000,
-24.155743,-15.173678,16.613509,-27.820091,-18.376273,48.151742,-24.316023,-15.127456,16.655399,-24.155680,-15.173474,16.613783,0.200000,
-24.155743,-15.173678,16.613509,-27.820091,-18.376273,48.151742,-24.088503,-15.193029,16.595898,-24.155681,-15.173474,16.613783,0.200000,
-24.155743,-15.173678,16.613509,-27.820091,-18.376273,48.151742,-24.316023,-15.127456,16.655399,-24.155681,-15.173475,16.613782,0.200000,
-24.155743,-15.173678,16.613509,-27.820091,-18.376273,48.151742,-24.088503,-15.193029,16.595898,-24.155681,-15.173475,16.613782,0.200000,
-24.155743,-15.173678,16.613509,-27.820091,-18.376273,48.151742,-24.316023,-15.127456,16.655399,-24.155681,-15.173475,16.613781,0.200000,
-24.155743,-15.173678,16.613509,-27.820091,-18.376273,48.151742,-24.088502,-15.193029,16.595898,-24.155681,-15.173476,16.613781,0.200000,
-24.155743,-15.173678,16.613509,-27.820091,-18.376273,48.151742,-24.316023,-15.127456,16.655399,-24.155681,-15.173476,16.613780,0.200000,
-24.155743,-15.173678,16.613509,-27.820091,-18.376273,48.151742,-24.088502,-15.193029,16.595898,-24.155681,-15.173477,16.613779,0.200000,
-24.155743,-15.173678,16.613509,-27.820091,-18.376273,48.151742,-24.316022,-15.127456,16.655399,-24.155681,-15.173477,16.613779,0.200000,
-24.155743,-15.173678,16.613509,-27.820091,-18.376273,48.151742,-24.088502,-15.193029,16.595898,-24.155682,-15.173477,16.613778,0.200000,
-24.155743,-15.173678,16.613509,-27.820091,-18.376273,48.151742,-24.316022,-15.127456,16.655399,-24.155682,-15.173478,16.613778,0.200000,
-24.155743,-15.173678,16.613509,-27.820091,-18.376273,48.151742,-24.088502,-15.193029,16.595897,-24.155682,-15.173478,16.613777,0.200000,
-24.155743,-15.173678,16.613509,-27.820091,-18.376273,48.151742,-24.316022,-15.127456,16.655399,-24.155682,-15.173479,16.613777,0.200000,
-24.155743,-15.173678,16.613509,-27.820091,-18.376273,48.151742,-24.088502,-15.193029,16.595897,-24.155682,-15.173479,16.613776,0.200000,
-24.155743,-15.173678,16.613509,-27.820091,-18.376273,48.151742,-24.316022,-15.127456,16.655398,-24.155682,-15.173479,16.613776,0.200000,
-24.155743,-15.173678,16.613509,-27.820091,-18.376273,48.151742,-24.088502,-15.193029,16.595897,-24.155682,-15.173480,16.613775,0.200000,
-24.155743,-15.173678,16.613509,-27.820091,-18.376273,48.151742,-24.316022,-15.127456,16.655398,-24.155682,-15.173480,16.613775,0.200000,
-24.155743,-15.173678,16.613509,-27.820091,-18.376273,48.151742,-24.088501,-15.193029,16.595897,-24.155683,-15.173481,16.613774,0.200000,
-24.155743,-15.173678,16.613509,-27.820091,-18.376273,48.151742,-24.316021,-15.127456,16.655398,-24.155683,-15.173481,16.613774,0.200000,
-24.155743,-15.173678,16.613509,-27.820091,-18.376273,48.151742,-24.088501,-15.193030,16.595897,-24.155683,-15.173481,16.613773,0.200000,
-24.155743,-15.173678,16.613509,-27.820091,-18.376273,48.151742,-24.316021,-15.127456,16.655398,-24.155683,-15.173482,16.613773,0.200000,
-24.155743,-15.173678,16.613509,-27.820091,-18.376273,48.151742,-24.088501,-15.193030,16.595897,-24.155683,-15.173482,16.613772,0.200000,
-24.155743,-15.173678,16.613509,-27.820091,-18.376273,48.151742,-24.316021,-15.127456,16.655398,-24.155683,-15.173483,16.613771,0.200000,
-24.155743,-15.173678,16.613509,-27.820091,-18.376273,48.151742,-24.088501,-15.193030,16.595897,-24.155683,-15.173483,16.613771,0.200000,
-24.155743,-15.173678,16.613509,-27.820091,-18.376273,48.151742,-24.316021,-15.127456,16.655398,-24.155683,-15.173483,16.613770,0.200000,
-24.155743,-15.173678,16.613509,-27.820091,-18.376273,48.151742,-24.088501,-15.193030,16.595897,-24.155683,-15.173484,16.613770,0.200000,
-24.155743,-15.173678,16.613509,-27.820091,-18.376273,48.151742,-24.316021,-15.127456,16.655398,-24.155684,-15.173484,16.613769,0.200000,
-24.155743,-15.173678,16.613509,-27.820091,-18.376273,48.151742,-24.088500,-15.193030,16.595897,-24.155684,-15.173485,16.613769,0.200000,
-24.155743,-15.173678,16.613509,-27.820091,-18.376273,48.151742,-24.316020,-15.127456,16.655398,-24.155684,-15.173485,16.613768,0.200000,
-24.155743,-15.173678,16.613509,-27.820091,-18.376273,48.151742,-24.088500,-15.193030,16.595897,-24.155684,-15.173485,16.613768,0.200000,
-24.155743,-15.173678,16.613509,-27.820091,-18.376273,48.151742,-24.316020,-15.127456,16.655398,-24.155684,-15.173486,16.613767,0.200000,
-24.155743,-15.173678,16.613509,-27.820091,-18.376273,48.151742,-24.088500,-15.193030,16.595897,-24.155684,-15.173486,16.613767,0.200000,
-24.155743,-15.173678,16.613509,-27.820091,-18.376273,48.151742,-24.316020,-15.127457,16.655398,-24.155684,-15.173486,16.613766,0.200000,
-24.155743,-15.173678,16.613509,-27.820091,-18.376273,48.151742,-24.088500,-15.193030,16.595897,-24.155684,-15.173487,16.613766,0.200000,
-24.155743,-15.173678,16.613509,-27.820091,-18.376273,48.151742,-24.316020,-15.127457,16.655398,-24.155685,-15.173487,16.613765,0.200000,
-24.155743,-15.173678,16.613509,-27.820091,-18.376273,48.151742,-24.088500,-15.193030,16.595897,-24.155685,-15.173488,16.613765,0.200000,
-24.155743,-15.173678,16.613509,-27.820091,-18.376273,48.151742,-24.316020,-15.127457,16.655398,-24.155685,-15.173488,16.613764,0.200000,
-24.155743,-15.173678,16.613509,-27.820091,-18.376273,48.151742,-24.088499,-15.193030,16.595897,-24.155685,-15.173488,16.613764,0.200000,
-24.155743,-15.173678,16.613509,-27.820091,-18.376273,48.151742,-24.316020,-15.127457,16.655398,-24.155685,-15.173489,16.613763,0.200000,
-24.155743,-15.173678,16.613509,-27.820091,-18.376273,48.151742,-24.088499,-15.193030,16.595897,-24.155685,-15.173489,16.613763,0.200000,
-24.155743,-15.173678,16.613509,-27.820091,-18.376273,48.151742,-24.316019,-15.127457,16.655398,-24.155685,-15.173490,16.613762,0.200000,
-24.155743,-15.173678,16.613509,-27.820091,-18.376273,48.151742,-24.088499,-15.193030,16.595897,-24.155685,-15.173490,16.613762,0.200000,
-24.155743,-15.173678,16.613509,-27.820091,-18.376273,48.151742,-24.316019,-15.127457,16.655398,-24.155686,-15.173490,16.613761,0.200000,
-24.155743,-15.173678,16.613509,-27.820091,-18.376273,48.151742,-24.088499,-15.193030,16.595897,-24.155686,-15.173491,16.613761,0.200000,
-24.155743,-15.173678,16.613509,-27.820091,-18.376273,48.151742,-24.316019,-15.127457,16.655398,-24.155686,-15.173491,16.613760,0.200000,
-24.155743,-15.173678,16.613509,-27.820091,-18.376273,48.151742,-24.088499,-15.193030,16.595897,-24.155686,-15.173491,16.613760,0.200000,
-24.155743,-15.173678,16.613509,-27.820091,-18.376273,48.151742,-24.316019,-15.127457,16.655398,-24.155686,-15.173492,16.613759,0.200000,
-24.155743,-15.173678,16.613509,-27.820091,-18.376273,48.151742,-24.088499,-15.193030,16.595897,-24.155686,-15.173492,16.613759,0.200000,
-24.155743,-15.173678,16.613509,-27.820091,-18.376273,48.151742,-24.316019,-15.127457,16.655398,-24.155686,-15.173492,16.613758,0.200000,
-24.155743,-15.173678,16.613509,-27.820091,-18.376273,48.151742,-24.088498,-15.193030,16.595897,-24.155686,-15.173493,16.613758,0.200000,
-24.155743,-15.173678,16.613509,-27.820091,-18.376273,48.151742,-24.316018,-15.127457,16.655398,-24.155686,-15.173493,16.613757,0.200000,
-24.155743,-15.173678,16.613509,-27.820091,-18.376273,48.151742,-24.088498,-15.193030,16.595897,-24.155687,-15.173494,16.613757,0.200000,
-24.155743,-15.173678,16.613509,-27.820091,-18.376273,48.151742,-24.316018,-15.127457,16.655398,-24.155687,-15.173494,16.613756,0.200000,
-24.155743,-15.173678,16.613509,-27.820091,-18.376273,48.151742,-24.088498,-15.193030,16.595896,-24.155687,-15.173494,16.613756,0.200000,
-24.155743,-15.173678,16.613509,-27.820091,-18.376273,48.151742,-24.316018,-15.127457,16.655397,-24.155687,-15.173495,16.613755,0.200000,
-24.155743,-15.173678,16.613509,-27.820091,-18.376273,48.151742,-24.088498,-15.193030,16.595896,-24.155687,-15.173495,16.613755,0.200000,
-24.155743,-15.173678,16.613509,-27.820091,-18.376273,48.151742,-24.316018,-15.127457,16.655397,-24.155687,-15.173495,16.613754,0.200000,
-24.155743,-15.173678,16.613509,-27.820091,-18.376273,48.151742,-24.088498,-15.193031,16.595896,-24.155687,-15.173496,16.613754,0.200000,
-24.155743,-15.173678,16.613509,-27.820091,-18.376273,48.151742,-24.316018,-15.127457,16.655397,-24.155687,-15.173496,16.613753,0.200000,
-24.155743,-15.173678,16.613509,-27.820091,-18.376273,48.151742,-24.088497,-15.193031,16.595896,-24.155687,-15.173497,16.613753,0.200000,
-24.155743,-15.173678,16.613509,-27.820091,-18.376273,48.151742,-24.316018,-15.127457,16.655397,-24.155688,-15.173497,16.613752,0.200000,
-24.155743,-15.173678,16.613509,-27.820091,-18.376273,48.151742,-24.088497,-15.193031,16.595896,-24.155688,-15.173497,16.613752,0.200000,
-24.155743,-15.173678,16.613509,-27.820091,-18.376273,48.151742,-24.316017,-15.127457,16.655397,-24.155688,-15.173498,16.613751,0.200000,
-24.155743,-15.173678,16.613509,-27.820091,-18.376273,48.151742,-24.088497,-15.193031,16.595896,-24.155688,-15.173498,16.613751,0.200000,
-24.155743,-15.173678,16.613509,-27.820091,-18.376273,48.151742,-24.316017,-15.127457,16.655397,-24.155688,-15.173498,16.613750,0.200000,
-24.155743,-15.173678,16.613509,-27.820091,-18.376273,48.151742,-24.088497,-15.193031,16.595896,-24.155688,-15.173499,16.613750,0.200000,
-24.155743,-15.173678,16.613509,-27.820091,-18.376273,48.151742,-24.316017,-15.127457,16.655397,-24.155688,-15.173499,16.613749,0.200000,
-24.155743,-15.173678,16.613509,-27.820091,-18.376273,48.151742,-24.088497,-15.193031,16.595896,-24.155688,-15.173499,16.613749,0.200000,
-24.155743,-15.173678,16.613509,-27.820091,-18.376273,48.151742,-24.316017,-15.127457,16.655397,-24.155688,-15.173500,16.613748,0.200000,
-24.155743,-15.173678,16.613509,-27.820091,-18.376273,48.151742,-24.088497,-15.193031,16.595896,-24.155689,-15.173500,16.613748,0.200000,
-24.155743,-15.173678,16.613509,-27.820091,-18.376273,48.151742,-24.316017,-15.127458,16.655397,-24.155689,-15.173500,16.613747,0.200000,
-24.155743,-15.173678,16.613509,-27.820091,-18.376273,48.151742,-24.088496,-15.193031,16.595896,-24.155689,-15.173501,16.613747,0.200000,
-24.155743,-15.173678,16.613509,-27.820091,-18.376273,48.151742,-24.316016,-15.127458,16.655397,-24.155689,-15.173501,16.613746,0.200000,
-24.155743,-15.173678,16.613509,-27.820091,-18.376273,48.151742,-24.088496,-15.193031,16.595896,-24.155689,-15.173502,16.613746,0.200000,
-24.155743,-15.173678,16.613509,-27.820091,-18.376273,48.151742,-24.316016,-15.127458,16.655397,-24.155689,-15.173502,16.613746,0.200000,
-24.155743,-15.173678,16.613509,-27.820091,-18.376273,48.151742,-24.088496,-15.193031,16.595896,-24.155689,-15.173502,16.613745,0.200000,
-24.155743,-15.173678,16.613509,-27.820091,-18.376273,48.151742,-24.316016,-15.127458,16.655397,-24.155689,-15.173503,16.613745,0.200000,
-24.155743,-15.173678,16.613509,-27.820091,-18.376273,48.151742,-24.088496,-15.193031,16.595896,-24.155689,-15.173503,16.613744,0.200000,
-24.155743,-15.173678,16.613509,-27.820091,-18.376273,48.151742,-24.316016,-15.127458,16.655397,-24.155690,-15.173503,16.613744,0.200000,
-24.155743,-15.173678,16.613509,-27.820091,-18.376273,48.151742,-24.088496,-15.193031,16.595896,-24.155690,-15.173504,16.613743,0.200000,
-24.155743,-15.173678,16.613509,-27.820091,-18.376273,48.151742,-24.316016,-15.127458,16.655397,-24.155690,-15.173504,16.613743,0.200000,
-24.155743,-15.173678,16.613509,-27.820091,-18.376273,48.151742,-24.088495,-15.193031,16.595896,-24.155690,-15.173504,16.613742,0.200000,
-24.155743,-15.173678,16.613509,-27.820091,-18.376273,48.151742,-24.316015,-15.127458,16.655397,-24.155690,-15.173505,16.613742,0.200000,
-24.155743,-15.173678,16.613509,-27.820091,-18.376273,48.151742,-24.088495,-15.193031,16.595896,-24.155690,-15.173505,16.613741,0.200000,
-24.155743,-15.173678,16.613509,-27.820091,-18.376273,48.151742,-24.316015,-15.127458,16.655397,-24.155690,-15.173505,16.613741,0.200000,
-24.155743,-15.173678,16.613509,-27.820091,-18.376273,48.151742,-24.088495,-15.193031,16.595896,-24.155690,-15.173506,16.613740,0.200000,
-24.155743,-15.173678,16.613509,-27.820091,-18.376273,48.151742,-24.316015,-15.127458,16.655397,-24.155690,-15.173506,16.613740,0.200000,
-24.155743,-15.173678,16.613509,-27.820091,-18.376273,48.151742,-24.088495,-15.193031,16.595896,-24.155690,-15.173506,16.613739,0.200000,
-24.155743,-15.173678,16.613509,-27.820091,-18.376273,48.151742,-24.316015,-15.127458,16.655397,-24.155691,-15.173507,16.613739,0.200000,
-24.155743,-15.173678,16.613509,-27.820091,-18.376273,48.151742,-24.088495,-15.193031,16.595896,-24.155691,-15.173507,16.613739,0.200000,
-24.155743,-15.173678,16.613509,-27.820091,-18.376273,48.151742,-24.316015,-15.127458,16.655397,-24.155691,-15.173507,16.613738,0.200000,
-24.155743,-15.173678,16.613509,-27.820091,-18.376273,48.151742,-24.088494,-15.193031,16.595896,-24.155691,-15.173508,16.613738,0.200000,
-24.155743,-15.173678,16.613509,-27.820091,-18.376273,48.151742,-24.316015,-15.127458,16.655397,-24.155691,-15.173508,16.613737,0.200000,
-24.155743,-15.173678,16.613509,-27.820091,-18.376273,48.151742,-24.088494,-15.193031,16.595895,-24.155691,-15.173508,16.613737,0.200000,
-24.155743,-15.173678,16.613509,-27.820091,-18.376273,48.151742,-24.316014,-15.127458,16.655397,-24.155691,-15.173509,16.613736,0.200000,
-24.155743,-15.173678,16.613509,-27.820091,-18.376273,48.151742,-24.088494,-15.193032,16.595895,-24.155691,-15.173509,16.613736,0.200000,
-24.155743,-15.173678,16.613509,-27.820091,-18.376273,48.151742,-24.316014,-15.127458,16.655396,-24.155691,-15.173509,16.613735,0.200000,
-24.155743,-15.173678,16.613509,-27.820091,-18.376273,48.151742,-24.088494,-15.193032,16.595895,-24.155692,-15.173510,16.613735,0.200000,
-24.155743,-15.173678,16.613509,-27.820091,-18.376273,48.151742,-24.316014,-15.127458,16.655396,-24.155692,-15.173510,16.613734,0.200000,
-24.155743,-15.173678,16.613509,-27.820091,-18.376273,48.151742,-24.088494,-15.193032,16.595895,-24.155692,-15.173510,16.613734,0.200000,
-24.155743,-15.173678,16.613509,-27.820091,-18.376273,48.151742,-24.316014,-15.127458,16.655396,-24.155692,-15.173511,16.613734,0.200000,
-24.155743,-15.173678,16.613509,-27.820091,-18.376273,48.151742,-24.088494,-15.193032,16.595895,-24.155692,-15.173511,16.613733,0.200000,
-24.155743,-15.173678,16.613509,-27.820091,-18.376273,48.151742,-24.316014,-15.127458,16.655396,-24.155692,-15.173511,16.613733,0.200000,
-24.155743,-15.173678,16.613509,-27.820091,-18.376273,48.151742,-24.088493,-15.193032,16.595895,-24.155692,-15.173512,16.613732,0.200000,
-24.155743,-15.173678,16.613509,-27.820091,-18.376273,48.151742,-24.316013,-15.127458,16.655396,-24.155692,-15.173512,16.613732,0.200000,
-24.155743,-15.173678,16.613509,-27.820091,-18.376273,48.151742,-24.088493,-15.193032,16.595895,-24.155692,-15.173512,16.613731,0.200000,
-24.155743,-15.173678,16.613509,-27.820091,-18.376273,48.151742,-24.316013,-15.127458,16.655396,-24.155692,-15.173513,16.613731,0.200000,
-24.155743,-15.173678,16.613509,-27.820091,-18.376273,48.151742,-24.088493,-15.193032,16.595895,-24.155693,-15.173513,16.613730,0.200000,
-24.155743,-15.173678,16.613509,-27.820091,-18.376273,48.151742,-24.316013,-15.127459,16.655396,-24.155693,-15.173513,16.613730,0.200000,
-24.155743,-15.173678,16.613509,-27.820091,-18.376273,48.151742,-24.088493,-15.193032,16.595895,-24.155693,-15.173514,16.613730,0.200000,
-24.155743,-15.173678,16.613509,-27.820091,-18.376273,48.151742,-24.316013,-15.127459,16.655396,-24.155693,-15.173514,16.613729,0.200000,
-24.155743,-15.173678,16.613509,-27.820091,-18.376273,48.151742,-24.088493,-15.193032,16.595895,-24.155693,-15.173514,16.613729,0.200000,
-24.155743,-15.173678,16.613509,-27.820091,-18.376273,48.151742,-24.316013,-15.127459,16.655396,-24.155693,-15.173515,16.613728,0.200000,
-24.155743,-15.173678,16.613509,-27.820091,-18.376273,48.151742,-24.088492,-15.193032,16.595895,-24.155693,-15.173515,16.613728,0.200000,
-24.155743,-15.173678,16.613509,-27.820091,-18.376273,48.151742,-24.316012,-15.127459,16.655396,-24.155693,-15.173515,16.613727,0.200000,
-24.155743,-15.173678,16.613509,-27.820091,-18.376273,48.151742,-24.088492,-15.193032,16.595895,-24.155693,-15.173516,16.613727,0.200000,
-24.155743,-15.173678,16.613509,-27.820091,-18.376273,48.151742,-24.316012,-15.127459,16.655396,-24.155693,-15.173516,16.613726,0.200000,
-24.155743,-15.173678,16.613509,-27.820091,-18.376273,48.151742,-24.088492,-15.193032,16.595895,-24.155694,-15.173516,16.613726,0.200000,
-24.155743,-15.173678,16.613509,-27.820091,-18.376273,48.151742,-24.316012,-15.127459,16.655396,-24.155694,-15.173517,16.613726,0.200000,
-24.155743,-15.173678,16.613509,-27.820091,-18.376273,48.151742,-24.088492,-15.193032,16.595895,-24.155694,-15.173517,16.613725,0.200000,
-24.155743,-15.173678,16.613509,-27.820091,-18.376273,48.151742,-24.316012,-15.127459,16.655396,-24.155694,-15.173517,16.613725,0.200000,
-24.155743,-15.173678,16.613509,-27.820091,-18.376273,48.151742,-24.088492,-15.193032,16.595895,-24.155694,-15.173518,16.613724,0.200000,
-24.155743,-15.173678,16.613509,-27.820091,-18.376273,48.151742,-24.316012,-15.127459,16.655396,-24.155694,-15.173518,16.613724,0.200000,
-24.155743,-15.173678,16.613509,-27.820091,-18.376273,48.151742,-24.088491,-15.193032,16.595895,-24.155694,-15.173518,16.613723,0.200000,
-24.155743,-15.173678,16.613509,-27.820091,-18.376273,48.151742,-24.316012,-15.127459,16.655396,-24.155694,-15.173519,16.613723,0.200000,
-24.155743,-15.173678,16.613509,-27.820091,-18.376273,48.151742,-24.088491,-15.193032,16.595895,-24.155694,-15.173519,16.613723,0.200000,
-24.155743,-15.173678,16.613509,-27.820091,-18.376273,48.151742,-24.316011,-15.127459,16.655396,-24.155694,-15.173519,16.613722,0.200000,
-24.155743,-15.173678,16.613509,-27.820091,-18.376273,48.151742,-24.088491,-15.193032,16.595895,-24.155695,-15.173520,16.613722,0.200000,
-24.155743,-15.173678,16.613509,-27.820091,-18.376273,48.151742,-24.316011,-15.127459,16.655396,-24.155695,-15.173520,16.613721,0.200000,
-24.155743,-15.173678,16.613509,-27.820091,-18.376273,48.151742,-24.088491,-15.193032,16.595895,-24.155695,-15.173520,16.613721,0.200000,
-24.155743,-15.173678,16.613509,-27.820091,-18.376273,48.151742,-24.316011,-15.127459,16.655396,-24.155695,-15.173520,16.613720,0.200000,
-24.155743,-15.173678,16.613509,-27.820091,-18.376273,48.151742,-24.088491,-15.193033,16.595895,-24.155695,-15.173521,16.613720,0.200000,
-24.155743,-15.173678,16.613509,-27.820091,-18.376273,48.151742,-24.316011,-15.127459,16.655396,-24.155695,-15.173521,16.613720,0.200000,
-24.155743,-15.173678,16.613509,-27.820091,-18.376273,48.151742,-24.088491,-15.193033,16.595895,-24.155695,-15.173521,16.613719,0.200000,
-24.155743,-15.173678,16.613509,-27.820091,-18.376273,48.151742,-24.316011,-15.127459,16.655396,-24.155695,-15.173522,16.613719,0.200000,
-24.155743,-15.173678,16.613509,-27.820091,-18.376273,48.151742,-24.088490,-15.193033,16.595894,-24.155695,-15.173522,16.613718,0.200000,
-24.155743,-15.173678,16.613509,-27.820091,-18.376273,48.151742,-24.316010,-15.127459,16.655395,-24.155695,-15.173522,16.613718,0.200000,
-24.155743,-15.173678,16.613509,-27.820091,-18.376273,48.151742,-24.088490,-15.193033,16.595894,-24.155696,-15.173523,16.613718,0.200000,
-24.155743,-15.173678,16.613509,-27.820091,-18.376273,48.151742,-24.316010,-15.127459,16.655395,-24.155696,-15.173523,16.613717,0.200000,
-24.155743,-15.173678,16.613509,-27.820091,-18.376273,48.151742,-24.088490,-15.193033,16.595894,-24.155696,-15.173523,16.613717,0.200000,
-24.155743,-15.173678,16.613509,-27.820091,-18.376273,48.151742,-24.316010,-15.127459,16.655395,-24.155696,-15.173524,16.613716,0.200000,
-24.155743,-15.173678,16.613509,-27.820091,-18.376273,48.151742,-24.088490,-15.193033,16.595894,-24.155696,-15.173524,16.613716,0.200000,
-24.155743,-15.173678,16.613509,-27.820091,-18.376273,48.151742,-24.316010,-15.127459,16.655395,-24.155696,-15.173524,16.613715,0.200000,
-24.155743,-15.173678,16.613509,-27.820091,-18.376273,48.151742,-24.088490,-15.193033,16.595894,-24.155696,-15.173525,16.613715,0.200000,
-24.155743,-15.173678,16.613509,-27.820091,-18.376273,48.151742,-24.316010,-15.127460,16.655395,-24.155696,-15.173525,16.613715,0.200000,
-24.155743,-15.173678,16.613509,-27.820091,-18.376273,48.151742,-24.088489,-15.193033,16.595894,-24.155696,-15.173525,16.613714,0.200000,
-24.155743,-15.173678,16.613509,-27.820091,-18.376273,48.151742,-24.316010,-15.127460,16.655395,-24.155696,-15.173525,16.613714,0.200000,
-24.155743,-15.173678,16.613509,-27.820091,-18.376273,48.151742,-24.088489,-15.193033,16.595894,-24.155696,-15.173526,16.613713,0.200000,
-24.155743,-15.173678,16.613509,-27.820091,-18.376273,48.151742,-24.316009,-15.127460,16.655395,-24.155697,-15.173526,16.613713,0.200000,
-24.155743,-15.173678,16.613509,-27.820091,-18.376273,48.151742,-24.088489,-15.193033,16.595894,-24.155697,-15.173526,16.613713,0.200000,
-24.155743,-15.173678,16.613509,-27.820091,-18.376273,48.151742,-24.316009,-15.127460,16.655395,-24.155697,-15.173527,16.613712,0.200000,
-24.155743,-15.173678,16.613509,-27.820091,-18.376273,48.151742,-24.088489,-15.193033,16.595894,-24.155697,-15.173527,16.613712,0.200000,
-24.155743,-15.173678,16.613509,-27.820091,-18.376273,48.151742,-24.316009,-15.127460,16.655395,-24.155697,-15.173527,16.613711,0.200000,
-24.155743,-15.173678,16.613509,-27.820091,-18.376273,48.151742,-24.088489,-15.193033,16.595894,-24.155697,-15.173528,16.613711,0.200000,
-24.155743,-15.173678,16.613509,-27.820091,-18.376273,48.151742,-24.316009,-15.127460,16.655395,-24.155697,-15.173528,16.613711,0.200000,
-24.155743,-15.173678,16.613509,-27.820091,-18.376273,48.151742,-24.088489,-15.193033,16.595894,-24.155697,-15.173528,16.613710,0.200000,
-24.155743,-15.173678,16.613509,-27.820091,-18.376273,48.151742,-24.316009,-15.127460,16.655395,-24.155697,-15.173528,16.613710,0.200000,
-24.155743,-15.173678,16.613509,-27.820091,-18.376273,48.151742,-24.088488,-15.193033,16.595894,-24.155697,-15.173529,16.613709,0.200000,
-24.155743,-15.173678,16.613509,-27.820091,-18.376273,48.151742,-24.316008,-15.127460,16.655395,-24.155697,-15.173529,16.613709,0.200000,
-24.155743,-15.173678,16.613509,-27.820091,-18.376273,48.151742,-24.088488,-15.193033,16.595894,-24.155698,-15.173529,16.613709,0.200000,
-24.155743,-15.173678,16.613509,-27.820091,-18.376273,48.151742,-24.316008,-15.127460,16.655395,-24.155698,-15.173530,16.613708,0.200000,
-24.155743,-15.173678,16.613509,-27.820091,-18.376273,48.151742,-24.088488,-15.193033,16.595894,-24.155698,-15.173530,16.613708,0.200000,
-24.155743,-15.173678,16.613509,-27.820091,-18.376273,48.151742,-24.316008,-15.127460,16.655395,-24.155698,-15.173530,16.613707,0.200000,
-24.155743,-15.173678,16.613509,-27.820091,-18.376273,48.151742,-24.088488,-15.193033,16.595894,-24.155698,-15.173531,16.613707,0.200000,
-24.155743,-15.173678,16.613509,-27.820091,-18.376273,48.151742,-24.316008,-15.127460,16.655395,-24.155698,-15.173531,16.613707,0.200000,
-24.155743,-15.173678,16.613509,-27.820091,-18.376273,48.151742,-24.088488,-15.193033,16.595894,-24.155698,-15.173531,16.613706,0.200000,
-24.155743,-15.173678,16.613509,-27.820091,-18.376273,48.151742,-24.316008,-15.127460,16.655395,-24.155698,-15.173531,16.613706,0.200000,
-24.155743,-15.173678,16.613509,-27.820091,-18.376273,48.151742,-24.088487,-15.193033,16.595894,-24.155698,-15.173532,16.613705,0.200000,
-24.155743,-15.173678,16.613509,-27.820091,-18.376273,48.151742,-24.316007,-15.127460,16.655395,-24.155698,-15.173532,16.613705,0.200000,
-24.155743,-15.173678,16.613509,-27.820091,-18.376273,48.151742,-24.088487,-15.193034,16.595894,-24.155698,-15.173532,16.613705,0.200000,
-24.155743,-15.173678,16.613509,-27.820091,-18.376273,48.151742,-24.316007,-15.127460,16.655395,-24.155699,-15.173533,16.613704,0.200000,
-24.155743,-15.173678,16.613509,-27.820091,-18.376273,48.151742,-24.088487,-15.193034,16.595894,-24.155699,-15.173533,16.613704,0.200000,
-24.155743,-15.173678,16.613509,-27.820091,-18.376273,48.151742,-24.316007,-15.127460,16.655395,-24.155699,-15.173533,16.613703,0.200000,
-24.155743,-15.173678,16.613509,-27.820091,-18.376273,48.151742,-24.088487,-15.193034,16.595894,-24.155699,-15.173533,16.613703,0.200000,
-24.155743,-15.173678,16.613509,-27.820091,-18.376273,48.151742,-24.316007,-15.127460,16.655395,-24.155699,-15.173534,16.613703,0.200000,
-24.155743,-15.173678,16.613509,-27.820091,-18.376273,48.151742,-24.088487,-15.193034,16.595893,-24.155699,-15.173534,16.613702,0.200000,
-24.155743,-15.173678,16.613509,-27.820091,-18.376273,48.151742,-24.316007,-15.127460,16.655395,-24.155699,-15.173534,16.613702,0.200000,
-24.155743,-15.173678,16.613509,-27.820091,-18.376273,48.151742,-24.088486,-15.193034,16.595893,-24.155699,-15.173535,16.613701,0.200000,
-24.155743,-15.173678,16.613509,-27.820091,-18.376273,48.151742,-24.316007,-15.127460,16.655394,-24.155699,-15.173535,16.613701,0.200000,
-24.155743,-15.173678,16.613509,-27.820091,-18.376273,48.151742,-24.088486,-15.193034,16.595893,-24.155699,-15.173535,16.613701,0.200000,
-24.155743,-15.173678,16.613509,-27.820091,-18.376273,48.151742,-24.316006,-15.127460,16.655394,-24.155699,-15.173535,16.613700,0.200000,
-24.155743,-15.173678,16.613509,-27.820091,-18.376273,48.151742,-24.088486,-15.193034,16.595893,-24.155700,-15.173536,16.613700,0.200000,
-24.155743,-15.173678,16.613509,-27.820091,-18.376273,48.151742,-24.316006,-15.127461,16.655394,-24.155700,-15.173536,16.613700,0.200000,
-24.155743,-15.173678,16.613509,-27.820091,-18.376273,48.151742,-24.088486,-15.193034,16.595893,-24.155700,-15.173536,16.613699,0.200000,
-24.155743,-15.173678,16.613509,-27.820091,-18.376273,48.151742,-24.316006,-15.127461,16.655394,-24.155700,-15.173537,16.613699,0.200000,
-24.155743,-15.173678,16.613509,-27.820091,-18.376273,48.151742,-24.088486,-15.193034,16.595893,-24.155700,-15.173537,16.613698,0.200000,
-24.155743,-15.173678,16.613509,-27.820091,-18.376273,48.151742,-24.316006,-15.127461,16.655394,-24.155700,-15.173537,16.613698,0.200000,
-24.155743,-15.173678,16.613509,-27.820091,-18.376273,48.151742,-24.088486,-15.193034,16.595893,-24.155700,-15.173537,16.613698,0.200000,
-24.155743,-15.173678,16.613509,-27.820091,-18.376273,48.151742,-24.316006,-15.127461,16.655394,-24.155700,-15.173538,16.613697,0.200000,
-24.155743,-15.173678,16.613509,-27.820091,-18.376273,48.151742,-24.088485,-15.193034,16.595893,-24.155700,-15.173538,16.613697,0.200000,
-24.155743,-15.173678,16.613509,-27.820091,-18.376273,48.151742,-24.316005,-15.127461,16.655394,-24.155700,-15.173538,16.613697,0.200000,
-24.155743,-15.173678,16.613509,-27.820091,-18.376273,48.151742,-24.088485,-15.193034,16.595893,-24.155700,-15.173539,16.613696,0.200000,
-24.155743,-15.173678,16.613509,-27.820091,-18.376273,48.151742,-24.316005,-15.127461,16.655394,-24.155701,-15.173539,16.613696,0.200000,
-24.155743,-15.173678,16.613509,-27.820091,-18.376273,48.151742,-24.088485,-15.193034,16.595893,-24.155701,-15.173539,16.613695,0.200000,
-24.155743,-15.173678,16.613509,-27.820091,-18.376273,48.151742,-24.316005,-15.127461,16.655394,-24.155701,-15.173539,16.613695,0.200000,
-24.155743,-15.173678,16.613509,-27.820091,-18.376273,48.151742,-24.088485,-15.193034,16.595893,-24.155701,-15.173540,16.613695,0.200000,
-24.155743,-15.173678,16.613509,-27.820091,-18.376273,48.151742,-24.316005,-15.127461,16.655394,-24.155701,-15.173540,16.613694,0.200000,
-24.155743,-15.173678,16.613509,-27.820091,-18.376273,48.151742,-24.088485,-15.193034,16.595893,-24.155701,-15.173540,16.613694,0.200000,
-24.155743,-15.173678,16.613509,-27.820091,-18.376273,48.151742,-24.316005,-15.127461,16.655394,-24.155701,-15.173540,16.613694,0.200000,
-24.155743,-15.173678,16.613509,-27.820091,-18.376273,48.151742,-24.088484,-15.193034,16.595893,-24.155701,-15.173541,16.613693,0.200000,
-24.155743,-15.173678,16.613509,-27.820091,-18.376273,48.151742,-24.316004,-15.127461,16.655394,-24.155701,-15.173541,16.613693,0.200000,
-24.155743,-15.173678,16.613509,-27.820091,-18.376273,48.151742,-24.088484,-15.193034,16.595893,-24.155701,-15.173541,16.613692,0.200000,
-24.155743,-15.173678,16.613509,-27.820091,-18.376273,48.151742,-24.316004,-15.127461,16.655394,-24.155701,-15.173542,16.613692,0.200000,
-24.155743,-15.173678,16.613509,-27.820091,-18.376273,48.151742,-24.088484,-15.193034,16.595893,-24.155701,-15.173542,16.613692,0.200000,
-24.155743,-15.173678,16.613509,-27.820091,-18.376273,48.151742,-24.316004,-15.127461,16.655394,-24.155702,-15.173542,16.613691,0.200000,
-24.155743,-15.173678,16.613509,-27.820091,-18.376273,48.151742,-24.088484,-15.193034,16.595893,-24.155702,-15.173542,16.613691,0.200000,
-24.155743,-15.173678,16.613509,-27.820091,-18.376273,48.151742,-24.316004,-15.127461,16.655394,-24.155702,-15.173543,16.613691,0.200000,
-24.155743,-15.173678,16.613509,-27.820091,-18.376273,48.151742,-24.088484,-15.193035,16.595893,-24.155702,-15.173543,16.613690,0.200000,
-24.155743,-15.173678,16.613509,-27.820091,-18.376273,48.151742,-24.316004,-15.127461,16.655394,-24.155702,-15.173543,16.613690,0.200000,
-24.155743,-15.173678,16.613509,-27.820091,-18.376273,48.151742,-24.088483,-15.193035,16.595893,-24.155702,-15.173543,16.613690,0.200000,
-24.155743,-15.173678,16.613509,-27.820091,-18.376273,48.151742,-24.316004,-15.127461,16.655394,-24.155702,-15.173544,16.613689,0.200000,
-24.155743,-15.173678,16.613509,-27.820091,-18.376273,48.151742,-24.088483,-15.193035,16.595893,-24.155702,-15.173544,16.613689,0.200000,
-24.155743,-15.173678,16.613509,-27.820091,-18.376273,48.151742,-24.316003,-15.127461,16.655394,-24.155702,-15.173544,16.613688,0.200000,
-24.155743,-15.173678,16.613509,-27.820091,-18.376273,48.151742,-24.088483,-15.193035,16.595893,-24.155702,-15.173544,16.613688,0.200000,
-24.155743,-15.173678,16.613509,-27.820091,-18.376273,48.151742,-24.316003,-15.127461,16.655394,-24.155702,-15.173545,16.613688,0.200000,
-24.155743,-15.173678,16.613509,-27.820091,-18.376273,48.151742,-24.088483,-15.193035,16.595893,-24.155702,-15.173545,16.613687,0.200000,
-24.155743,-15.173678,16.613509,-27.820091,-18.376273,48.151742,-24.316003,-15.127461,16.655394,-24.155703,-15.173545,16.613687,0.200000,
-24.155743,-15.173678,16.613509,-27.820091,-18.376273,48.151742,-24.088483,-15.193035,16.595892,-24.155703,-15.173546,16.613687,0.200000,
-24.155743,-15.173678,16.613509,-27.820091,-18.376273,48.151742,-24.316003,-15.127462,16.655394,-24.155703,-15.173546,16.613686,0.200000,
-24.155743,-15.173678,16.613509,-27.820091,-18.376273,48.151742,-24.088483,-15.193035,16.595892,-24.155703,-15.173546,16.613686,0.200000,
-24.155743,-15.173678,16.613509,-27.820091,-18.376273,48.151742,-24.316003,-15.127462,16.655393,-24.155703,-15.173546,16.613686,0.200000,
-24.155743,-15.173678,16.613509,-27.820091,-18.376273,48.151742,-24.088482,-15.193035,16.595892,-24.155703,-15.173547,16.613685,0.200000,
-24.155743,-15.173678,16.613509,-27.820091,-18.376273,48.151742,-24.316002,-15.127462,16.655393,-24.155703,-15.173547,16.613685,0.200000,
-24.155743,-15.173678,16.613509,-27.820091,-18.376273,48.151742,-24.088482,-15.193035,16.595892,-24.155703,-15.173547,16.613685,0.200000,
-24.155743,-15.173678,16.613509,-27.820091,-18.376273,48.151742,-24.316002,-15.127462,16.655393,-24.155703,-15.173547,16.613684,0.200000,
-24.155743,-15.173678,16.613509,-27.820091,-18.376273,48.151742,-24.088482,-15.193035,16.595892,-24.155703,-15.173548,16.613684,0.200000,
-24.155743,-15.173678,16.613509,-27.820091,-18.376273,48.151742,-24.316002,-15.127462,16.655393,-24.155703,-15.173548,16.613683,0.200000,
-24.155743,-15.173678,16.613509,-27.820091,-18.376273,48.151742,-24.088482,-15.193035,16.595892,-24.155703,-15.173548,16.613683,0.200000,
-24.155743,-15.173678,16.613509,-27.820091,-18.376273,48.151742,-24.316002,-15.127462,16.655393,-24.155703,-15.173548,16.613683,0.200000,
-24.155743,-15.173678,16.613509,-27.820091,-18.376273,48.151742,-24.088482,-15.193035,16.595892,-24.155704,-15.173549,16.613682,0.200000,
-24.155743,-15.173678,16.613509,-27.820091,-18.376273,48.151742,-24.316002,-15.127462,16.655393,-24.155704,-15.173549,16.613682,0.200000,
-24.155743,-15.173678,16.613509,-27.820091,-18.376273,48.151742,-24.088481,-15.193035,16.595892,-24.155704,-15.173549,16.613682,0.200000,
-24.155743,-15.173678,16.613509,-27.820091,-18.376273,48.151742,-24.316002,-15.127462,16.655393,-24.155704,-15.173549,16.613681,0.200000,
-24.155743,-15.173678,16.613509,-27.820091,-18.376273,48.151742,-24.088481,-15.193035,16.595892,-24.155704,-15.173550,16.613681,0.200000,
-24.155743,-15.173678,16.613509,-27.820091,-18.376273,48.151742,-24.316001,-15.127462,16.655393,-24.155704,-15.173550,16.613681,0.200000,
-24.155743,-15.173678,16.613509,-27.820091,-18.376273,48.151742,-24.088481,-15.193035,16.595892,-24.155704,-15.173550,16.613680,0.200000,
-24.155743,-15.173678,16.613509,-27.820091,-18.376273,48.151742,-24.316001,-15.127462,16.655393,-24.155704,-15.173550,16.613680,0.200000,
-24.155743,-15.173678,16.613509,-27.820091,-18.376273,48.151742,-24.088481,-15.193035,16.595892,-24.155704,-15.173551,16.613680,0.200000,
-24.155743,-15.173678,16.613509,-27.820091,-18.376273,48.151742,-24.316001,-15.127462,16.655393,-24.155704,-15.173551,16.613679,0.200000,
-24.155743,-15.173678,16.613509,-27.820091,-18.376273,48.151742,-24.088481,-15.193035,16.595892,-24.155704,-15.173551,16.613679,0.200000,
-24.155743,-15.173678,16.613509,-27.820091,-18.376273,48.151742,-24.316001,-15.127462,16.655393,-24.155704,-15.173551,16.613679,0.200000,
-24.155743,-15.173678,16.613509,-27.820091,-18.376273,48.151742,-24.088481,-15.193035,16.595892,-24.155705,-15.173552,16.613678,0.200000,
-24.155743,-15.173678,16.613509,-27.820091,-18.376273,48.151742,-24.316001,-15.127462,16.655393,-24.155705,-15.173552,16.613678,0.200000,
-24.155743,-15.173678,16.613509,-27.820091,-18.376273,48.151742,-24.088480,-15.193036,16.595892,-24.155705,-15.173552,16.613678,0.200000,
-24.155743,-15.173678,16.613509,-27.820091,-18.376273,48.151742,-24.316000,-15.127462,16.655393,-24.155705,-15.173552,16.613677,0.200000,
-24.155743,-15.173678,16.613509,-27.820091,-18.376273,48.151742,-24.088480,-15.193036,16.595892,-24.155705,-15.173553,16.613677,0.200000,
-24.155743,-15.173678,16.613509,-27.820091,-18.376273,48.151742,-24.316000,-15.127462,16.655393,-24.155705,-15.173553,16.613677,0.200000,
-24.155743,-15.173678,16.613509,-27.820091,-18.376273,48.151742,-24.088480,-15.193036,16.595892,-24.155705,-15.173553,16.613676,0.200000,
-24.155743,-15.173678,16.613509,-27.820091,-18.376273,48.151742,-24.316000,-15.127462,16.655393,-24.155705,-15.173553,16.613676,0.200000,
-24.155743,-15.173678,16.613509,-27.820091,-18.376273,48.151742,-24.088480,-15.193036,16.595892,-24.155705,-15.173554,16.613676,0.200000,
-24.155743,-15.173678,16.613509,-27.820091,-18.376273,48.151742,-24.316000,-15.127462,16.655393,-24.155705,-15.173554,16.613675,0.200000,
-24.155743,-15.173678,16.613509,-27.820091,-18.376273,48.151742,-24.088480,-15.193036,16.595892,-24.155705,-15.173554,16.613675,0.200000,
-24.155743,-15.173678,16.613509,-27.820091,-18.376273,48.151742,-24.316000,-15.127462,16.655393,-24.155705,-15.173554,16.613675,0.200000,
-24.155743,-15.173678,16.613509,-27.820091,-18.376273,48.151742,-24.088479,-15.193036,16.595892,-24.155705,-15.173555,16.613674,0.200000,
-24.155743,-15.173678,16.613509,-27.820091,-18.376273,48.151742,-24.315999,-15.127462,16.655393,-24.155706,-15.173555,16.613674,0.200000,
-24.155743,-15.173678,16.613509,-27.820091,-18.376273,48.151742,-24.088479,-15.193036,16.595892,-24.155706,-15.173555,16.613674,0.200000,
-24.155743,-15.173678,16.613509,-27.820091,-18.376273,48.151742,-24.315999,-15.127463,16.655393,-24.155706,-15.173555,16.613673,0.200000,
-24.155743,-15.173678,16.613509,-27.820091,-18.376273,48.151742,-24.088479,-15.193036,16.595891,-24.155706,-15.173556,16.613673,0.200000,
-24.155743,-15.173678,16.613509,-27.820091,-18.376273,48.151742,-24.315999,-15.127463,16.655393,-24.155706,-15.173556,16.613673,0.200000,
-24.155743,-15.173678,16.613509,-27.820091,-18.376273,48.151742,-24.088479,-15.193036,16.595891,-24.155706,-15.173556,16.613672,0.200000,
-24.155743,-15.173678,16.613509,-27.820091,-18.376273,48.151742,-24.315999,-15.127463,16.655392,-24.155706,-15.173556,16.613672,0.200000,
-24.155743,-15.173678,16.613509,-27.820091,-18.376273,48.151742,-24.088479,-15.193036,16.595891,-24.155706,-15.173557,16.613672,0.200000,
-24.155743,-15.173678,16.613509,-27.820091,-18.376273,48.151742,-24.315999,-15.127463,16.655392,-24.155706,-15.173557,16.613671,0.200000,
-24.155743,-15.173678,16.613509,-27.820091,-18.376273,48.151742,-24.088478,-15.193036,16.595891,-24.155706,-15.173557,16.613671,0.200000,
-24.155743,-15.173678,16.613509,-27.820091,-18.376273,48.151742,-24.315999,-15.127463,16.655392,-24.155706,-15.173557,16.613671,0.200000,
-24.155743,-15.173678,16.613509,-27.820091,-18.376273,48.151742,-24.088478,-15.193036,16.595891,-24.155706,-15.173558,16.613670,0.200000,
-24.155743,-15.173678,16.613509,-27.820091,-18.376273,48.151742,-24.315998,-15.127463,16.655392,-24.155706,-15.173558,16.613670,0.200000,
-24.155743,-15.173678,16.613509,-27.820091,-18.376273,48.151742,-24.088478,-15.193036,16.595891,-24.155706,-15.173558,16.613670,0.200000,
-24.155743,-15.173678,16.613509,-27.820091,-18.376273,48.151742,-24.315998,-15.127463,16.655392,-24.155707,-15.173558,16.613669,0.200000,
-24.155743,-15.173678,16.613509,-27.820091,-18.376273,48.151742,-24.088478,-15.193036,16.595891,-24.155707,-15.173559,16.613669,0.200000,
-24.155743,-15.173678,16.613509,-27.820091,-18.376273,48.151742,-24.315998,-15.127463,16.655392,-24.155707,-15.173559,16.613669,0.200000,
-24.155743,-15.173678,16.613509,-27.820091,-18.376273,48.151742,-24.088478,-15.193036,16.595891,-24.155707,-15.173559,16.613668,0.200000,
-24.155743,-15.173678,16.613509,-27.820091,-18.376273,48.151742,-24.315998,-15.127463,16.655392,-24.155707,-15.173559,16.613668,0.200000,
-24.155743,-15.173678,16.613509,-27.820091,-18.376273,48.151742,-24.088478,-15.193036,16.595891,-24.155707,-15.173560,16.613668,0.200000,
-24.155743,-15.173678,16.613509,-27.820091,-18.376273,48.151742,-24.315998,-15.127463,16.655392,-24.155707,-15.173560,16.613667,0.200000,
-24.155743,-15.173678,16.613509,-27.820091,-18.376273,48.151742,-24.088477,-15.193036,16.595891,-24.155707,-15.173560,16.613667,0.200000,
-24.155743,-15.173678,16.613509,-27.820091,-18.376273,48.151742,-24.315997,-15.127463,16.655392,-24.155707,-15.173560,16.613667,0.200000,
-24.155743,-15.173678,16.613509,-27.820091,-18.376273,48.151742,-24.088477,-15.193036,16.595891,-24.155707,-15.173560,16.613667,0.200000,
-24.155743,-15.173678,16.613509,-27.820091,-18.376273,48.151742,-24.315997,-15.127463,16.655392,-24.155707,-15.173561,16.613666,0.200000,
-24.155743,-15.173678,16.613509,-27.820091,-18.376273,48.151742,-24.088477,-15.193036,16.595891,-24.155707,-15.173561,16.613666,0.200000,
-24.155743,-15.173678,16.613509,-27.820091,-18.376273,48.151742,-24.315997,-15.127463,16.655392,-24.155707,-15.173561,16.613666,0.200000,
-24.155743,-15.173678,16.613509,-27.820091,-18.376273,48.151742,-24.088477,-15.193037,16.595891,-24.155708,-15.173561,16.613665,0.200000,
-24.155743,-15.173678,16.613509,-27.820091,-18.376273,48.151742,-24.315997,-15.127463,16.655392,-24.155708,-15.173562,16.613665,0.200000,
-24.155743,-15.173678,16.613509,-27.820091,-18.376273,48.151742,-24.088477,-15.193037,16.595891,-24.155708,-15.173562,16.613665,0.200000,
-24.155743,-15.173678,16.613509,-27.820091,-18.376273,48.151742,-24.315997,-15.127463,16.655392,-24.155708,-15.173562,16.613664,0.200000,
-24.155743,-15.173678,16.613509,-27.820091,-18.376273,48.151742,-24.088476,-15.193037,16.595891,-24.155708,-15.173562,16.613664,0.200000,
-24.155743,-15.173678,16.613509,-27.820091,-18.376273,48.151742,-24.315996,-15.127463,16.655392,-24.155708,-15.173563,16.613664,0.200000,
-24.155743,-15.173678,16.613509,-27.820091,-18.376273,48.151742,-24.088476,-15.193037,16.595891,-24.155708,-15.173563,16.613663,0.200000,
-24.155743,-15.173678,16.613509,-27.820091,-18.376273,48.151742,-24.315996,-15.127463,16.655392,-24.155708,-15.173563,16.613663,0.200000,
-24.155743,-15.173678,16.613509,-27.820091,-18.376273,48.151742,-24.088476,-15.193037,16.595891,-24.155708,-15.173563,16.613663,0.200000,
-24.155743,-15.173678,16.613509,-27.820091,-18.376273,48.151742,-24.315996,-15.127463,16.655392,-24.155708,-15.173563,16.613662,0.200000,
-24.155743,-15.173678,16.613509,-27.820091,-18.376273,48.151742,-24.088476,-15.193037,16.595891,-24.155708,-15.173564,16.613662,0.200000,
-24.155743,-15.173678,16.613509,-27.820091,-18.376273,48.151742,-24.315996,-15.127463,16.655392,-24.155708,-15.173564,16.613662,0.200000,
-24.155743,-15.173678,16.613509,-27.820091,-18.376273,48.151742,-24.088476,-15.193037,16.595891,-24.155708,-15.173564,16.613662,0.200000,
-24.155743,-15.173678,16.613509,-27.820091,-18.376273,48.151742,-24.315996,-15.127464,16.655392,-24.155708,-15.173564,16.613661,0.200000,
-24.155743,-15.173678,16.613509,-27.820091,-18.376273,48.151742,-24.088475,-15.193037,16.595891,-24.155708,-15.173565,16.613661,0.200000,
-24.155743,-15.173678,16.613509,-27.820091,-18.376273,48.151742,-24.315996,-15.127464,16.655392,-24.155709,-15.173565,16.613661,0.200000,
-24.155743,-15.173678,16.613509,-27.820091,-18.376273,48.151742,-24.088475,-15.193037,16.595891,-24.155709,-15.173565,16.613660,0.200000,
-24.155743,-15.173678,16.613509,-27.820091,-18.376273,48.151742,-24.315995,-15.127464,16.655392,-24.155709,-15.173565,16.613660,0.200000,
-24.155743,-15.173678,16.613509,-27.820091,-18.376273,48.151742,-24.088475,-15.193037,16.595890,-24.155709,-15.173566,16.613660,0.200000,
-24.155743,-15.173678,16.613509,-27.820091,-18.376273,48.151742,-24.315995,-15.127464,16.655392,-24.155709,-15.173566,16.613659,0.200000,
-24.155743,-15.173678,16.613509,-27.820091,-18.376273,48.151742,-24.088475,-15.193037,16.595890,-24.155709,-15.173566,16.613659,0.200000,
-24.155743,-15.173678,16.613509,-27.820091,-18.376273,48.151742,-24.315995,-15.127464,16.655391,-24.155709,-15.173566,16.613659,0.200000,
-24.155743,-15.173678,16.613509,-27.820091,-18.376273,48.151742,-24.088475,-15.193037,16.595890,-24.155709,-15.173566,16.613659,0.200000,
-24.155743,-15.173678,16.613509,-27.820091,-18.376273,48.151742,-24.315995,-15.127464,16.655391,-24.155709,-15.173567,16.613658,0.200000,
-24.155743,-15.173678,16.613509,-27.820091,-18.376273,48.151742,-24.088475,-15.193037,16.595890,-24.155709,-15.173567,16.613658,0.200000,
-24.155743,-15.173678,16.613509,-27.820091,-18.376273,48.151742,-24.315995,-15.127464,16.655391,-24.155709,-15.173567,16.613658,0.200000,
-24.155743,-15.173678,16.613509,-27.820091,-18.376273,48.151742,-24.088474,-15.193037,16.595890,-24.155709,-15.173567,16.613657,0.200000,
-24.155743,-15.173678,16.613509,-27.820091,-18.376273,48.151742,-24.315994,-15.127464,16.655391,-24.155709,-15.173568,16.613657,0.200000,
-24.155743,-15.173678,16.613509,-27.820091,-18.376273,48.151742,-24.088474,-15.193037,16.595890,-24.155709,-15.173568,16.613657,0.200000,
-24.155743,-15.173678,16.613509,-27.820091,-18.376273,48.151742,-24.315994,-15.127464,16.655391,-24.155710,-15.173568,16.613656,0.200000,
-24.155743,-15.173678,16.613509,-27.820091,-18.376273,48.151742,-24.088474,-15.193037,16.595890,-24.155710,-15.173568,16.613656,0.200000,
-24.155743,-15.173678,16.613509,-27.820091,-18.376273,48.151742,-24.315994,-15.127464,16.655391,-24.155710,-15.173568,16.613656,0.200000,
-24.155743,-15.173678,16.613509,-27.820091,-18.376273,48.151742,-24.088474,-15.193037,16.595890,-24.155710,-15.173569,16.613656,0.200000,
-24.155743,-15.173678,16.613509,-27.820091,-18.376273,48.151742,-24.315994,-15.127464,16.655391,-24.155710,-15.173569,16.613655,0.200000,
-24.155743,-15.173678,16.613509,-27.820091,-18.376273,48.151742,-24.088474,-15.193037,16.595890,-24.155710,-15.173569,16.613655,0.200000,
-24.155743,-15.173678,16.613509,-27.820091,-18.376273,48.151742,-24.315994,-15.127464,16.655391,-24.155710,-15.173569,16.613655,0.200000,
-24.155743,-15.173678,16.613509,-27.820091,-18.376273,48.151742,-24.088473,-15.193037,16.595890,-24.155710,-15.173569,16.613654,0.200000,
-24.155743,-15.173678,16.613509,-27.820091,-18.376273,48.151742,-24.315994,-15.127464,16.655391,-24.155710,-15.173570,16.613654,0.200000,
-24.155743,-15.173678,16.613509,-27.820091,-18.376273,48.151742,-24.088473,-15.193038,16.595890,-24.155710,-15.173570,16.613654,0.200000,
-24.155743,-15.173678,16.613509,-27.820091,-18.376273,48.151742,-24.315993,-15.127464,16.655391,-24.155710,-15.173570,16.613654,0.200000,
-24.155743,-15.173678,16.613509,-27.820091,-18.376273,48.151742,-24.088473,-15.193038,16.595890,-24.155710,-15.173570,16.613653,0.200000,
-24.155743,-15.173678,16.613509,-27.820091,-18.376273,48.151742,-24.315993,-15.127464,16.655391,-24.155710,-15.173571,16.613653,0.200000,
-24.155743,-15.173678,16.613509,-27.820091,-18.376273,48.151742,-24.088473,-15.193038,16.595890,-24.155710,-15.173571,16.613653,0.200000,
-24.155743,-15.173678,16.613509,-27.820091,-18.376273,48.151742,-24.315993,-15.127464,16.655391,-24.155710,-15.173571,16.613652,0.200000,
-24.155743,-15.173678,16.613509,-27.820091,-18.376273,48.151742,-24.088473,-15.193038,16.595890,-24.155711,-15.173571,16.613652,0.200000,
-24.155743,-15.173678,16.613509,-27.820091,-18.376273,48.151742,-24.315993,-15.127464,16.655391,-24.155711,-15.173571,16.613652,0.200000,
-24.155743,-15.173678,16.613509,-27.820091,-18.376273,48.151742,-24.088473,-15.193038,16.595890,-24.155711,-15.173572,16.613652,0.200000,
-24.155743,-15.173678,16.613509,-27.820091,-18.376273,48.151742,-24.315993,-15.127464,16.655391,-24.155711,-15.173572,16.613651,0.200000,
-24.155743,-15.173678,16.613509,-27.820091,-18.376273,48.151742,-24.088472,-15.193038,16.595890,-24.155711,-15.173572,16.613651,0.200000,
-24.155743,-15.173678,16.613509,-27.820091,-18.376273,48.151742,-24.315992,-15.127465,16.655391,-24.155711,-15.173572,16.613651,0.200000,
-24.155743,-15.173678,16.613509,-27.820091,-18.376273,48.151742,-24.088472,-15.193038,16.595890,-24.155711,-15.173572,16.613650,0.200000,
-24.155743,-15.173678,16.613509,-27.820091,-18.376273,48.151742,-24.315992,-15.127465,16.655391,-24.155711,-15.173573,16.613650,0.200000,
-24.155743,-15.173678,16.613509,-27.820091,-18.376273,48.151742,-24.088472,-15.193038,16.595890,-24.155711,-15.173573,16.613650,0.200000,
-24.155743,-15.173678,16.613509,-27.820091,-18.376273,48.151742,-24.315992,-15.127465,16.655391,-24.155711,-15.173573,16.613650,0.200000,
-24.155743,-15.173678,16.613509,-27.820091,-18.376273,48.151742,-24.088472,-15.193038,16.595890,-24.155711,-15.173573,16.613649,0.200000,
-24.155743,-15.173678,16.613509,-27.820091,-18.376273,48.151742,-24.315992,-15.127465,16.655391,-24.155711,-15.173574,16.613649,0.200000,
-24.155743,-15.173678,16.613509,-27.820091,-18.376273,48.151742,-24.088472,-15.193038,16.595890,-24.155711,-15.173574,16.613649,0.200000,
-24.155743,-15.173678,16.613509,-27.820091,-18.376273,48.151742,-24.315992,-15.127465,16.655391,-24.155711,-15.173574,16.613648,0.200000,
-24.155743,-15.173678,16.613509,-27.820091,-18.376273,48.151742,-24.088471,-15.193038,16.595889,-24.155711,-15.173574,16.613648,0.200000,
-24.155743,-15.173678,16.613509,-27.820091,-18.376273,48.151742,-24.315991,-15.127465,16.655391,-24.155712,-15.173574,16.613648,0.200000,
-24.155743,-15.173678,16.613509,-27.820091,-18.376273,48.151742,-24.088471,-15.193038,16.595889,-24.155712,-15.173575,16.613648,0.200000,
-24.155743,-15.173678,16.613509,-27.820091,-18.376273,48.151742,-24.315991,-15.127465,16.655390,-24.155712,-15.173575,16.613647,0.200000,
-24.155743,-15.173678,16.613509,-27.820091,-18.376273,48.151742,-24.088471,-15.193038,16.595889,-24.155712,-15.173575,16.613647,0.200000,
-24.155743,-15.173678,16.613509,-27.820091,-18.376273,48.151742,-24.315991,-15.127465,16.655390,-24.155712,-15.173575,16.613647,0.200000,
-24.155743,-15.173678,16.613509,-27.820091,-18.376273,48.151742,-24.088471,-15.193038,16.595889,-24.155712,-15.173575,16.613646,0.200000,
-24.155743,-15.173678,16.613509,-27.820091,-18.376273,48.151742,-24.315991,-15.127465,16.655390,-24.155712,-15.173576,16.613646,0.200000,
-24.155743,-15.173678,16.613509,-27.820091,-18.376273,48.151742,-24.088471,-15.193038,16.595889,-24.155712,-15.173576,16.613646,0.200000,
-24.155743,-15.173678,16.613509,-27.820091,-18.376273,48.151742,-24.315991,-15.127465,16.655390,-24.155712,-15.173576,16.613646,0.200000,
-24.155743,-15.173678,16.613509,-27.820091,-18.376273,48.151742,-24.088470,-15.193038,16.595889,-24.155712,-15.173576,16.613645,0.200000,
-24.155743,-15.173678,16.613509,-27.820091,-18.376273,48.151742,-24.315991,-15.127465,16.655390,-24.155712,-15.173576,16.613645,0.200000,
-24.155743,-15.173678,16.613509,-27.820091,-18.376273,48.151742,-24.088470,-15.193038,16.595889,-24.155712,-15.173577,16.613645,0.200000,
-24.155743,-15.173678,16.613509,-27.820091,-18.376273,48.151742,-24.315990,-15.127465,16.655390,-24.155712,-15.173577,16.613645,0.200000,
-24.155743,-15.173678,16.613509,-27.820091,-18.376273,48.151742,-24.088470,-15.193038,16.595889,-24.155712,-15.173577,16.613644,0.200000,
-24.155743,-15.173678,16.613509,-27.820091,-18.376273,48.151742,-24.315990,-15.127465,16.655390,-24.155712,-15.173577,16.613644,0.200000,
-24.155743,-15.173678,16.613509,-27.820091,-18.376273,48.151742,-24.088470,-15.193039,16.595889,-24.155712,-15.173577,16.613644,0.200000,
-24.155743,-15.173678,16.613509,-27.820091,-18.376273,48.151742,-24.315990,-15.127465,16.655390,-24.155713,-15.173578,16.613643,0.200000,
-24.155743,-15.173678,16.613509,-27.820091,-18.376273,48.151742,-24.088470,-15.193039,16.595889,-24.155713,-15.173578,16.613643,0.200000,
-24.155743,-15.173678,16.613509,-27.820091,-18.376273,48.151742,-24.315990,-15.127465,16.655390,-24.155713,-15.173578,16.613643,0.200000,
-24.155743,-15.173678,16.613509,-27.820091,-18.376273,48.151742,-24.088470,-15.193039,16.595889,-24.155713,-15.173578,16.613643,0.200000,
-24.155743,-15.173678,16.613509,-27.820091,-18.376273,48.151742,-24.315990,-15.127465,16.655390,-24.155713,-15.173578,16.613642,0.200000,
-24.155743,-15.173678,16.613509,-27.820091,-18.376273,48.151742,-24.088469,-15.193039,16.595889,-24.155713,-15.173579,16.613642,0.200000,
-24.155743,-15.173678,16.613509,-27.820091,-18.376273,48.151742,-24.315989,-15.127465,16.655390,-24.155713,-15.173579,16.613642,0.200000,
-24.155743,-15.173678,16.613509,-27.820091,-18.376273,48.151742,-24.088469,-15.193039,16.595889,-24.155713,-15.173579,16.613642,0.200000,
-24.155743,-15.173678,16.613509,-27.820091,-18.376273,48.151742,-24.315989,-15.127465,16.655390,-24.155713,-15.173579,16.613641,0.200000,
-24.155743,-15.173678,16.613509,-27.820091,-18.376273,48.151742,-24.088469,-15.193039,16.595889,-24.155713,-15.173579,16.613641,0.200000,
-24.155743,-15.173678,16.613509,-27.820091,-18.376273,48.151742,-24.315989,-15.127465,16.655390,-24.155713,-15.173580,16.613641,0.200000,
-24.155743,-15.173678,16.613509,-27.820091,-18.376273,48.151742,-24.088469,-15.193039,16.595889,-24.155713,-15.173580,16.613641,0.200000,
-24.155743,-15.173678,16.613509,-27.820091,-18.376273,48.151742,-24.315989,-15.127466,16.655390,-24.155713,-15.173580,16.613640,0.200000,
-24.155743,-15.173678,16.613509,-27.820091,-18.376273,48.151742,-24.088469,-15.193039,16.595889,-24.155713,-15.173580,16.613640,0.200000,
-24.155743,-15.173678,16.613509,-27.820091,-18.376273,48.151742,-24.315989,-15.127466,16.655390,-24.155713,-15.173580,16.613640,0.200000,
-24.155743,-15.173678,16.613509,-27.820091,-18.376273,48.151742,-24.088468,-15.193039,16.595889,-24.155713,-15.173581,16.613640,0.200000,
-24.155743,-15.173678,16.613509,-27.820091,-18.376273,48.151742,-24.315988,-15.127466,16.655390,-24.155713,-15.173581,16.613639,0.200000,
-24.155743,-15.173678,16.613509,-27.820091,-18.376273,48.151742,-24.088468,-15.193039,16.595889,-24.155714,-15.173581,16.613639,0.200000,
-24.155743,-15.173678,16.613509,-27.820091,-18.376273,48.151742,-24.315988,-15.127466,16.655390,-24.155714,-15.173581,16.613639,0.200000,
-24.155743,-15.173678,16.613509,-27.820091,-18.376273,48.151742,-24.088468,-15.193039,16.595889,-24.155714,-15.173581,16.613638,0.200000,
-24.155743,-15.173678,16.613509,-27.820091,-18.376273,48.151742,-24.315988,-15.127466,16.655390,-24.155714,-15.173582,16.613638,0.200000,
-24.155743,-15.173678,16.613509,-27.820091,-18.376273,48.151742,-24.088468,-15.193039,16.595889,-24.155714,-15.173582,16.613638,0.200000,
-24.155743,-15.173678,16.613509,-27.820091,-18.376273,48.151742,-24.315988,-15.127466,16.655390,-24.155714,-15.173582,16.613638,0.200000,
-24.155743,-15.173678,16.613509,-27.820091,-18.376273,48.151742,-24.088468,-15.193039,16.595889,-24.155714,-15.173582,16.613637,0.200000,
-24.155743,-15.173678,16.613509,-27.820091,-18.376273,48.151742,-24.315988,-15.127466,16.655390,-24.155714,-15.173582,16.613637,0.200000,
-24.155743,-15.173678,16.613509,-27.820091,-18.376273,48.151742,-24.088467,-15.193039,16.595888,-24.155714,-15.173582,16.613637,0.200000,
-24.155743,-15.173678,16.613509,-27.820091,-18.376273,48.151742,-24.315988,-15.127466,16.655390,-24.155714,-15.173583,16.613637,0.200000,
-24.155743,-15.173678,16.613509,-27.820091,-18.376273,48.151742,-24.088467,-15.193039,16.595888,-24.155714,-15.173583,16.613636,0.200000,
-24.155743,-15.173678,16.613509,-27.820091,-18.376273,48.151742,-24.315987,-15.127466,16.655389,-24.155714,-15.173583,16.613636,0.200000,
-24.155743,-15.173678,16.613509,-27.820091,-18.376273,48.151742,-24.088467,-15.193039,16.595888,-24.155714,-15.173583,16.613636,0.200000,
-24.155743,-15.173678,16.613509,-27.820091,-18.376273,48.151742,-24.315987,-15.127466,16.655389,-24.155714,-15.173583,16.613636,0.200000,
-24.155743,-15.173678,16.613509,-27.820091,-18.376273,48.151742,-24.088467,-15.193039,16.595888,-24.155714,-15.173584,16.613635,0.200000,
-24.155743,-15.173678,16.613509,-27.820091,-18.376273,48.151742,-24.315987,-15.127466,16.655389,-24.155714,-15.173584,16.613635,0.200000,
-24.155743,-15.173678,16.613509,-27.820091,-18.376273,48.151742,-24.088467,-15.193039,16.595888,-24.155714,-15.173584,16.613635,0.200000,
-24.155743,-15.173678,16.613509,-27.820091,-18.376273,48.151742,-24.315987,-15.127466,16.655389,-24.155715,-15.173584,16.613635,0.200000,
-24.155743,-15.173678,16.613509,-27.820091,-18.376273,48.151742,-24.088467,-15.193039,16.595888,-24.155715,-15.173584,16.613634,0.200000,
-24.155743,-15.173678,16.613509,-27.820091,-18.376273,48.151742,-24.315987,-15.127466,16.655389,-24.155715,-15.173585,16.613634,0.200000,
-24.155743,-15.173678,16.613509,-27.820091,-18.376273,48.151742,-24.088466,-15.193040,16.595888,-24.155715,-15.173585,16.613634,0.200000,
-24.155743,-15.173678,16.613509,-27.820091,-18.376273,48.151742,-24.315986,-15.127466,16.655389,-24.155715,-15.173585,16.613634,0.200000,
-24.155743,-15.173678,16.613509,-27.820091,-18.376273,48.151742,-24.088466,-15.193040,16.595888,-24.155715,-15.173585,16.613633,0.200000,
-24.155743,-15.173678,16.613509,-27.820091,-18.376273,48.151742,-24.315986,-15.127466,16.655389,-24.155715,-15.173585,16.613633,0.200000,
-24.155743,-15.173678,16.613509,-27.820091,-18.376273,48.151742,-24.088466,-15.193040,16.595888,-24.155715,-15.173585,16.613633,0.200000,
-24.155743,-15.173678,16.613509,-27.820091,-18.376273,48.151742,-24.315986,-15.127466,16.655389,-24.155715,-15.173586,16.613633,0.200000,
-24.155743,-15.173678,16.613509,-27.820091,-18.376273,48.151742,-24.088466,-15.193040,16.595888,-24.155715,-15.173586,16.613632,0.200000,
-24.155743,-15.173678,16.613509,-27.820091,-18.376273,48.151742,-24.315986,-15.127466,16.655389,-24.155715,-15.173586,16.613632,0.200000,
-24.155743,-15.173678,16.613509,-27.820091,-18.376273,48.151742,-24.088466,-15.193040,16.595888,-24.155715,-15.173586,16.613632,0.200000,
-24.155743,-15.173678,16.613509,-27.820091,-18.376273,48.151742,-24.315986,-15.127466,16.655389,-24.155715,-15.173586,16.613632,0.200000,
-24.155743,-15.173678,16.613509,-27.820091,-18.376273,48.151742,-24.088465,-15.193040,16.595888,-24.155715,-15.173587,16.613631,0.200000,
-24.155743,-15.173678,16.613509,-27.820091,-18.376273,48.151742,-24.315986,-15.127466,16.655389,-24.155715,-15.173587,16.613631,0.200000,
-24.155743,-15.173678,16.613509,-27.820091,-18.376273,48.151742,-24.088465,-15.193040,16.595888,-24.155715,-15.173587,16.613631,0.200000,
-24.155743,-15.173678,16.613509,-27.820091,-18.376273,48.151742,-24.315985,-15.127467,16.655389,-24.155715,-15.173587,16.613631,0.200000,
-24.155743,-15.173678,16.613509,-27.820091,-18.376273,48.151742,-24.088465,-15.193040,16.595888,-24.155716,-15.173587,16.613630,0.200000,
-24.155743,-15.173678,16.613509,-27.820091,-18.376273,48.151742,-24.315985,-15.127467,16.655389,-24.155716,-15.173587,16.613630,0.200000,
-24.155743,-15.173678,16.613509,-27.820091,-18.376273,48.151742,-24.088465,-15.193040,16.595888,-24.155716,-15.173588,16.613630,0.200000,
-24.155743,-15.173678,16.613509,-27.820091,-18.376273,48.151742,-24.315985,-15.127467,16.655389,-24.155716,-15.173588,16.613630,0.200000,
-24.155743,-15.173678,16.613509,-27.820091,-18.376273,48.151742,-24.088465,-15.193040,16.595888,-24.155716,-15.173588,16.613629,0.200000,
-24.155743,-15.173678,16.613509,-27.820091,-18.376273,48.151742,-24.315985,-15.127467,16.655389,-24.155716,-15.173588,16.613629,0.200000,
-24.155743,-15.173678,16.613509,-27.820091,-18.376273,48.151742,-24.088465,-15.193040,16.595888,-24.155716,-15.173588,16.613629,0.200000,
-24.155743,-15.173678,16.613509,-27.820091,-18.376273,48.151742,-24.315985,-15.127467,16.655389,-24.155716,-15.173589,16.613629,0.200000,
-24.155743,-15.173678,16.613509,-27.820091,-18.376273,48.151742,-24.088464,-15.193040,16.595888,-24.155716,-15.173589,16.613628,0.200000,
-24.155743,-15.173678,16.613509,-27.820091,-18.376273,48.151742,-24.315984,-15.127467,16.655389,-24.155716,-15.173589,16.613628,0.200000,
-24.155743,-15.173678,16.613509,-27.820091,-18.376273,48.151742,-24.088464,-15.193040,16.595888,-24.155716,-15.173589,16.613628,0.200000,
-24.155743,-15.173678,16.613509,-27.820091,-18.376273,48.151742,-24.315984,-15.127467,16.655389,-24.155716,-15.173589,16.613628,0.200000,
-24.155743,-15.173678,16.613509,-27.820091,-18.376273,48.151742,-24.088464,-15.193040,16.595888,-24.155716,-15.173589,16.613628,0.200000,
-24.155743,-15.173678,16.613509,-27.820091,-18.376273,48.151742,-24.315984,-15.127467,16.655389,-24.155716,-15.173590,16.613627,0.200000,
-24.155743,-15.173678,16.613509,-27.820091,-18.376273,48.151742,-24.088464,-15.193040,16.595887,-24.155716,-15.173590,16.613627,0.200000,
-24.155743,-15.173678,16.613509,-27.820091,-18.376273,48.151742,-24.315984,-15.127467,16.655389,-24.155716,-15.173590,16.613627,0.200000,
-24.155743,-15.173678,16.613509,-27.820091,-18.376273,48.151742,-24.088464,-15.193040,16.595887,-24.155716,-15.173590,16.613627,0.200000,
-24.155743,-15.173678,16.613509,-27.820091,-18.376273,48.151742,-24.315984,-15.127467,16.655389,-24.155716,-15.173590,16.613626,0.200000,
-24.155743,-15.173678,16.613509,-27.820091,-18.376273,48.151742,-24.088463,-15.193040,16.595887,-24.155716,-15.173590,16.613626,0.200000,
-24.155743,-15.173678,16.613509,-27.820091,-18.376273,48.151742,-24.315983,-15.127467,16.655388,-24.155717,-15.173591,16.613626,0.200000,
-24.155743,-15.173678,16.613509,-27.820091,-18.376273,48.151742,-24.088463,-15.193040,16.595887,-24.155717,-15.173591,16.613626,0.200000,
-24.155743,-15.173678,16.613509,-27.820091,-18.376273,48.151742,-24.315983,-15.127467,16.655388,-24.155717,-15.173591,16.613625,0.200000,
-24.155743,-15.173678,16.613509,-27.820091,-18.376273,48.151742,-24.088463,-15.193040,16.595887,-24.155717,-15.173591,16.613625,0.200000,
-24.155743,-15.173678,16.613509,-27.820091,-18.376273,48.151742,-24.315983,-15.127467,16.655388,-24.155717,-15.173591,16.613625,0.200000,
-24.155743,-15.173678,16.613509,-27.820091,-18.376273,48.151742,-24.088463,-15.193041,16.595887,-24.155717,-15.173592,16.613625,0.200000,
-24.155743,-15.173678,16.613509,-27.820091,-18.376273,48.151742,-24.315983,-15.127467,16.655388,-24.155717,-15.173592,16.613624,0.200000,
-24.155743,-15.173678,16.613509,-27.820091,-18.376273,48.151742,-24.088463,-15.193041,16.595887,-24.155717,-15.173592,16.613624,0.200000,
-24.155743,-15.173678,16.613509,-27.820091,-18.376273,48.151742,-24.315983,-15.127467,16.655388,-24.155717,-15.173592,16.613624,0.200000,
-24.155743,-15.173678,16.613509,-27.820091,-18.376273,48.151742,-24.088462,-15.193041,16.595887,-24.155717,-15.173592,16.613624,0.200000,
-24.155743,-15.173678,16.613509,-27.820091,-18.376273,48.151742,-24.315983,-15.127467,16.655388,-24.155717,-15.173592,16.613624,0.200000,
-24.155743,-15.173678,16.613509,-27.820091,-18.376273,48.151742,-24.088462,-15.193041,16.595887,-24.155717,-15.173593,16.613623,0.200000,
-24.155743,-15.173678,16.613509,-27.820091,-18.376273,48.151742,-24.315982,-15.127467,16.655388,-24.155717,-15.173593,16.613623,0.200000,
-24.155743,-15.173678,16.613509,-27.820091,-18.376273,48.151742,-24.088462,-15.193041,16.595887,-24.155717,-15.173593,16.613623,0.200000,
-24.155743,-15.173678,16.613509,-27.820091,-18.376273,48.151742,-24.315982,-15.127467,16.655388,-24.155717,-15.173593,16.613623,0.200000,
-24.155743,-15.173678,16.613509,-27.820091,-18.376273,48.151742,-24.088462,-15.193041,16.595887,-24.155717,-15.173593,16.613622,0.200000,
-24.155743,-15.173678,16.613509,-27.820091,-18.376273,48.151742,-24.315982,-15.127468,16.655388,-24.155717,-15.173593,16.613622,0.200000,
-24.155743,-15.173678,16.613509,-27.820091,-18.376273,48.151742,-24.088462,-15.193041,16.595887,-24.155717,-15.173594,16.613622,0.200000,
-24.155743,-15.173678,16.613509,-27.820091,-18.376273,48.151742,-24.315982,-15.127468,16.655388,-24.155717,-15.173594,16.613622,0.200000,
-24.155743,-15.173678,16.613509,-27.820091,-18.376273,48.151742,-24.088462,-15.193041,16.595887,-24.155718,-15.173594,16.613622,0.200000,
-24.155743,-15.173678,16.613509,-27.820091,-18.376273,48.151742,-24.315982,-15.127468,16.655388,-24.155718,-15.173594,16.613621,0.200000,
-24.155743,-15.173678,16.613509,-27.820091,-18.376273,48.151742,-24.088461,-15.193041,16.595887,-24.155718,-15.173594,16.613621,0.200000,
-24.155743,-15.173678,16.613509,-27.820091,-18.376273,48.151742,-24.315981,-15.127468,16.655388,-24.155718,-15.173594,16.613621,0.200000,
-24.155743,-15.173678,16.613509,-27.820091,-18.376273,48.151742,-24.088461,-15.193041,16.595887,-24.155718,-15.173595,16.613621,0.200000,
-24.155743,-15.173678,16.613509,-27.820091,-18.376273,48.151742,-24.315981,-15.127468,16.655388,-24.155718,-15.173595,16.613620,0.200000,
-24.155743,-15.173678,16.613509,-27.820091,-18.376273,48.151742,-24.088461,-15.193041,16.595887,-24.155718,-15.173595,16.613620,0.200000,
-24.155743,-15.173678,16.613509,-27.820091,-18.376273,48.151742,-24.315981,-15.127468,16.655388,-24.155718,-15.173595,16.613620,0.200000,
-24.155743,-15.173678,16.613509,-27.820091,-18.376273,48.151742,-24.088461,-15.193041,16.595887,-24.155718,-15.173595,16.613620,0.200000,
-24.155743,-15.173678,16.613509,-27.820091,-18.376273,48.151742,-24.315981,-15.127468,16.655388,-24.155718,-15.173595,16.613620,0.200000,
-24.155743,-15.173678,16.613509,-27.820091,-18.376273,48.151742,-24.088461,-15.193041,16.595887,-24.155718,-15.173596,16.613619,0.200000,
-24.155743,-15.173678,16.613509,-27.820091,-18.376273,48.151742,-24.315981,-15.127468,16.655388,-24.155718,-15.173596,16.613619,0.200000,
-24.155743,-15.173678,16.613509,-27.820091,-18.376273,48.151742,-24.088460,-15.193041,16.595887,-24.155718,-15.173596,16.613619,0.200000,
-24.155743,-15.173678,16.613509,-27.820091,-18.376273,48.151742,-24.315980,-15.127468,16.655388,-24.155718,-15.173596,16.613619,0.200000,
-24.155743,-15.173678,16.613509,-27.820091,-18.376273,48.151742,-24.088460,-15.193041,16.595887,-24.155718,-15.173596,16.613618,0.200000,
-24.155743,-15.173678,16.613509,-27.820091,-18.376273,48.151742,-24.315980,-15.127468,16.655388,-24.155718,-15.173596,16.613618,0.200000,
-24.155743,-15.173678,16.613509,-27.820091,-18.376273,48.151742,-24.088460,-15.193041,16.595887,-24.155718,-15.173597,16.613618,0.200000,
-24.155743,-15.173678,16.613509,-27.820091,-18.376273,48.151742,-24.315980,-15.127468,16.655388,-24.155718,-15.173597,16.613618,0.200000,
-24.155743,-15.173678,16.613509,-27.820091,-18.376273,48.151742,-24.088460,-15.193041,16.595886,-24.155718,-15.173597,16.613618,0.200000,
-24.155743,-15.173678,16.613509,-27.820091,-18.376273,48.151742,-24.315980,-15.127468,16.655388,-24.155719,-15.173597,16.613617,0.200000,
-24.155743,-15.173678,16.613509,-27.820091,-18.376273,48.151742,-24.088460,-15.193041,16.595886,-24.155719,-15.173597,16.613617,0.200000,
-24.155743,-15.173678,16.613509,-27.820091,-18.376273,48.151742,-24.315980,-15.127468,16.655387,-24.155719,-15.173597,16.613617,0.200000,
-24.155743,-15.173678,16.613509,-27.820091,-18.376273,48.151742,-24.088459,-15.193042,16.595886,-24.155719,-15.173597,16.613617,0.200000,
-24.155743,-15.173678,16.613509,-27.820091,-18.376273,48.151742,-24.315980,-15.127468,16.655387,-24.155719,-15.173598,16.613616,0.200000,
-24.155743,-15.173678,16.613509,-27.820091,-18.376273,48.151742,-24.088459,-15.193042,16.595886,-24.155719,-15.173598,16.613616,0.200000,
-24.155743,-15.173678,16.613509,-27.820091,-18.376273,48.151742,-24.315979,-15.127468,16.655387,-24.155719,-15.173598,16.613616,0.200000,
-24.155743,-15.173678,16.613509,-27.820091,-18.376273,48.151742,-24.088459,-15.193042,16.595886,-24.155719,-15.173598,16.613616,0.200000,
-24.155743,-15.173678,16.613509,-27.820091,-18.376273,48.151742,-24.315979,-15.127468,16.655387,-24.155719,-15.173598,16.613616,0.200000,
-24.155743,-15.173678,16.613509,-27.820091,-18.376273,48.151742,-24.088459,-15.193042,16.595886,-24.155719,-15.173598,16.613615,0.200000,
-24.155743,-15.173678,16.613509,-27.820091,-18.376273,48.151742,-24.315979,-15.127468,16.655387,-24.155719,-15.173599,16.613615,0.200000,
-24.155743,-15.173678,16.613509,-27.820091,-18.376273,48.151742,-24.088459,-15.193042,16.595886,-24.155719,-15.173599,16.613615,0.200000,
-24.155743,-15.173678,16.613509,-27.820091,-18.376273,48.151742,-24.315979,-15.127468,16.655387,-24.155719,-15.173599,16.613615,0.200000,
-24.155743,-15.173678,16.613509,-27.820091,-18.376273,48.151742,-24.088459,-15.193042,16.595886,-24.155719,-15.173599,16.613615,0.200000,
-24.155743,-15.173678,16.613509,-27.820091,-18.376273,48.151742,-24.315979,-15.127468,16.655387,-24.155719,-15.173599,16.613614,0.200000,
-24.155743,-15.173678,16.613509,-27.820091,-18.376273,48.151742,-24.088458,-15.193042,16.595886,-24.155719,-15.173599,16.613614,0.200000,
-24.155743,-15.173678,16.613509,-27.820091,-18.376273,48.151742,-24.315978,-15.127469,16.655387,-24.155719,-15.173600,16.613614,0.200000,
-24.155743,-15.173678,16.613509,-27.820091,-18.376273,48.151742,-24.088458,-15.193042,16.595886,-24.155719,-15.173600,16.613614,0.200000,
-24.155743,-15.173678,16.613509,-27.820091,-18.376273,48.151742,-24.315978,-15.127469,16.655387,-24.155719,-15.173600,16.613613,0.200000,
-24.155743,-15.173678,16.613509,-27.820091,-18.376273,48.151742,-24.088458,-15.193042,16.595886,-24.155719,-15.173600,16.613613,0.200000,
-24.155743,-15.173678,16.613509,-27.820091,-18.376273,48.151742,-24.315978,-15.127469,16.655387,-24.155719,-15.173600,16.613613,0.200000,
-24.155743,-15.173678,16.613509,-27.820091,-18.376273,48.151742,-24.088458,-15.193042,16.595886,-24.155720,-15.173600,16.613613,0.200000,
-24.155743,-15.173678,16.613509,-27.820091,-18.376273,48.151742,-24.315978,-15.127469,16.655387,-24.155720,-15.173600,16.613613,0.200000,
-24.155743,-15.173678,16.613509,-27.820091,-18.376273,48.151742,-24.088458,-15.193042,16.595886,-24.155720,-15.173601,16.613612,0.200000,
-24.155743,-15.173678,16.613509,-27.820091,-18.376273,48.151742,-24.315978,-15.127469,16.655387,-24.155720,-15.173601,16.613612,0.200000,
-24.155743,-15.173678,16.613509,-27.820091,-18.376273,48.151742,-24.088457,-15.193042,16.595886,-24.155720,-15.173601,16.613612,0.200000,
-24.155743,-15.173678,16.613509,-27.820091,-18.376273,48.151742,-24.315978,-15.127469,16.655387,-24.155720,-15.173601,16.613612,0.200000,
-24.155743,-15.173678,16.613509,-27.820091,-18.376273,48.151742,-24.088457,-15.193042,16.595886,-24.155720,-15.173601,16.613612,0.200000,
-24.155743,-15.173678,16.613509,-27.820091,-18.376273,48.151742,-24.315977,-15.127469,16.655387,-24.155720,-15.173601,16.613611,0.200000,
-24.155743,-15.173678,16.613509,-27.820091,-18.376273,48.151742,-24.088457,-15.193042,16.595886,-24.155720,-15.173602,16.613611,0.200000,
-24.155743,-15.173678,16.613509,-27.820091,-18.376273,48.151742,-24.315977,-15.127469,16.655387,-24.155720,-15.173602,16.613611,0.200000,
-24.155743,-15.173678,16.613509,-27.820091,-18.376273,48.151742,-24.088457,-15.193042,16.595886,-24.155720,-15.173602,16.613611,0.200000,
-24.155743,-15.173678,16.613509,-27.820091,-18.376273,48.151742,-24.315977,-15.127469,16.655387,-24.155720,-15.173602,16.613611,0.200000,
-24.155743,-15.173678,16.613509,-27.820091,-18.376273,48.151742,-24.088457,-15.193042,16.595886,-24.155720,-15.173602,16.613610,0.200000,
-24.155743,-15.173678,16.613509,-27.820091,-18.376273,48.151742,-24.315977,-15.127469,16.655387,-24.155720,-15.173602,16.613610,0.200000,
-24.155743,-15.173678,16.613509,-27.820091,-18.376273,48.151742,-24.088457,-15.193042,16.595886,-24.155720,-15.173602,16.613610,0.200000,
-24.155743,-15.173678,16.613509,-27.820091,-18.376273,48.151742,-24.315977,-15.127469,16.655387,-24.155720,-15.173603,16.613610,0.200000,
-24.155743,-15.173678,16.613509,-27.820091,-18.376273,48.151742,-24.088456,-15.193042,16.595886,-24.155720,-15.173603,16.613610,0.200000,
-24.155743,-15.173678,16.613509,-27.820091,-18.376273,48.151742,-24.315976,-15.127469,16.655387,-24.155720,-15.173603,16.613609,0.200000,
-24.155743,-15.173678,16.613509,-27.820091,-18.376273,48.151742,-24.088456,-15.193042,16.595885,-24.155720,-15.173603,16.613609,0.200000,
-24.155743,-15.173678,16.613509,-27.820091,-18.376273,48.151742,-24.315976,-15.127469,16.655387,-24.155720,-15.173603,16.613609,0.200000,
-24.155743,-15.173678,16.613509,-27.820091,-18.376273,48.151742,-24.088456,-15.193043,16.595885,-24.155720,-15.173603,16.613609,0.200000,
-24.155743,-15.173678,16.613509,-27.820091,-18.376273,48.151742,-24.315976,-15.127469,16.655387,-24.155721,-15.173604,16.613609,0.200000,
-24.155743,-15.173678,16.613509,-27.820091,-18.376273,48.151742,-24.088456,-15.193043,16.595885,-24.155721,-15.173604,16.613608,0.200000,
-24.155743,-15.173678,16.613509,-27.820091,-18.376273,48.151742,-24.315976,-15.127469,16.655386,-24.155721,-15.173604,16.613608,0.200000,
-24.155743,-15.173678,16.613509,-27.820091,-18.376273,48.151742,-24.088456,-15.193043,16.595885,-24.155721,-15.173604,16.613608,0.200000,
-24.155743,-15.173678,16.613509,-27.820091,-18.376273,48.151742,-24.315976,-15.127469,16.655386,-24.155721,-15.173604,16.613608,0.200000,
-24.155743,-15.173678,16.613509,-27.820091,-18.376273,48.151742,-24.088455,-15.193043,16.595885,-24.155721,-15.173604,16.613608,0.200000,
-24.155743,-15.173678,16.613509,-27.820091,-18.376273,48.151742,-24.315975,-15.127469,16.655386,-24.155721,-15.173604,16.613607,0.200000,
-24.155743,-15.173678,16.613509,-27.820091,-18.376273,48.151742,-24.088455,-15.193043,16.595885,-24.155721,-15.173605,16.613607,0.200000,
-24.155743,-15.173678,16.613509,-27.820091,-18.376273,48.151742,-24.315975,-15.127469,16.655386,-24.155721,-15.173605,16.613607,0.200000,
-24.155743,-15.173678,16.613509,-27.820091,-18.376273,48.151742,-24.088455,-15.193043,16.595885,-24.155721,-15.173605,16.613607,0.200000,
-24.155743,-15.173678,16.613509,-27.820091,-18.376273,48.151742,-24.315975,-15.127470,16.655386,-24.155721,-15.173605,16.613607,0.200000,
-24.155743,-15.173678,16.613509,-27.820091,-18.376273,48.151742,-24.088455,-15.193043,16.595885,-24.155721,-15.173605,16.613606,0.200000,
-24.155743,-15.173678,16.613509,-27.820091,-18.376273,48.151742,-24.315975,-15.127470,16.655386,-24.155721,-15.173605,16.613606,0.200000,
-24.155743,-15.173678,16.613509,-27.820091,-18.376273,48.151742,-24.088455,-15.193043,16.595885,-24.155721,-15.173605,16.613606,0.200000,
-24.155743,-15.173678,16.613509,-27.820091,-18.376273,48.151742,-24.315975,-15.127470,16.655386,-24.155721,-15.173606,16.613606,0.200000,
-24.155743,-15.173678,16.613509,-27.820091,-18.376273,48.151742,-24.088454,-15.193043,16.595885,-24.155721,-15.173606,16.613606,0.200000,
-24.155743,-15.173678,16.613509,-27.820091,-18.376273,48.151742,-24.315975,-15.127470,16.655386,-24.155721,-15.173606,16.613605,0.200000,
-24.155743,-15.173678,16.613509,-27.820091,-18.376273,48.151742,-24.088454,-15.193043,16.595885,-24.155721,-15.173606,16.613605,0.200000,
-24.155743,-15.173678,16.613509,-27.820091,-18.376273,48.151742,-24.315974,-15.127470,16.655386,-24.155721,-15.173606,16.613605,0.200000,
-24.155743,-15.173678,16.613509,-27.820091,-18.376273,48.151742,-24.088454,-15.193043,16.595885,-24.155721,-15.173606,16.613605,0.200000,
-24.155743,-15.173678,16.613509,-27.820091,-18.376273,48.151742,-24.315974,-15.127470,16.655386,-24.155721,-15.173606,16.613605,0.200000,
-24.155743,-15.173678,16.613509,-27.820091,-18.376273,48.151742,-24.088454,-15.193043,16.595885,-24.155721,-15.173607,16.613604,0.200000,
-24.155743,-15.173678,16.613509,-27.820091,-18.376273,48.151742,-24.315974,-15.127470,16.655386,-24.155722,-15.173607,16.613604,0.200000,
-24.155743,-15.173678,16.613509,-27.820091,-18.376273,48.151742,-24.088454,-15.193043,16.595885,-24.155722,-15.173607,16.613604,0.200000,
-24.155743,-15.173678,16.613509,-27.820091,-18.376273,48.151742,-24.315974,-15.127470,16.655386,-24.155722,-15.173607,16.613604,0.200000,
-24.155743,-15.173678,16.613509,-27.820091,-18.376273,48.151742,-24.088454,-15.193043,16.595885,-24.155722,-15.173607,16.613604,0.200000,
-24.155743,-15.173678,16.613509,-27.820091,-18.376273,48.151742,-24.315974,-15.127470,16.655386,-24.155722,-15.173607,16.613604,0.200000,
-24.155743,-15.173678,16.613509,-27.820091,-18.376273,48.151742,-24.088453,-15.193043,16.595885,-24.155722,-15.173607,16.613603,0.200000,
-24.155743,-15.173678,16.613509,-27.820091,-18.376273,48.151742,-24.315973,-15.127470,16.655386,-24.155722,-15.173608,16.613603,0.200000,
-24.155743,-15.173678,16.613509,-27.820091,-18.376273,48.151742,-24.088453,-15.193043,16.595885,-24.155722,-15.173608,16.613603,0.200000,
-24.155743,-15.173678,16.613509,-27.820091,-18.376273,48.151742,-24.315973,-15.127470,16.655386,-24.155722,-15.173608,16.613603,0.200000,
-24.155743,-15.173678,16.613509,-27.820091,-18.376273,48.151742,-24.088453,-15.193043,16.595885,-24.155722,-15.173608,16.613603,0.200000,
-24.155743,-15.173678,16.613509,-27.820091,-18.376273,48.151742,-24.315973,-15.127470,16.655386,-24.155722,-15.173608,16.613602,0.200000,
-24.155743,-15.173678,16.613509,-27.820091,-18.376273,48.151742,-24.088453,-15.193043,16.595885,-24.155722,-15.173608,16.613602,0.200000,
-24.155743,-15.173678,16.613509,-27.820091,-18.376273,48.151742,-24.315973,-15.127470,16.655386,-24.155722,-15.173608,16.613602,0.200000,
-24.155743,-15.173678,16.613509,-27.820091,-18.376273,48.151742,-24.088453,-15.193043,16.595885,-24.155722,-15.173609,16.613602,0.200000,
-24.155743,-15.173678,16.613509,-27.820091,-18.376273,48.151742,-24.315973,-15.127470,16.655386,-24.155722,-15.173609,16.613602,0.200000,
-24.155743,-15.173678,16.613509,-27.820091,-18.376273,48.151742,-24.088452,-15.193044,16.595885,-24.155722,-15.173609,16.613601,0.200000,
-24.155743,-15.173678,16.613509,-27.820091,-18.376273,48.151742,-24.315973,-15.127470,16.655386,-24.155722,-15.173609,16.613601,0.200000,
-24.155743,-15.173678,16.613509,-27.820091,-18.376273,48.151742,-24.088452,-15.193044,16.595884,-24.155722,-15.173609,16.613601,0.200000,
-24.155743,-15.173678,16.613509,-27.820091,-18.376273,48.151742,-24.315972,-15.127470,16.655386,-24.155722,-15.173609,16.613601,0.200000,
-24.155743,-15.173678,16.613509,-27.820091,-18.376273,48.151742,-24.088452,-15.193044,16.595884,-24.155722,-15.173609,16.613601,0.200000,
-24.155743,-15.173678,16.613509,-27.820091,-18.376273,48.151742,-24.315972,-15.127470,16.655385,-24.155722,-15.173609,16.613601,0.200000,
-24.155743,-15.173678,16.613509,-27.820091,-18.376273,48.151742,-24.088452,-15.193044,16.595884,-24.155722,-15.173610,16.613600,0.200000,
-24.155743,-15.173678,16.613509,-27.820091,-18.376273,48.151742,-24.315972,-15.127470,16.655385,-24.155722,-15.173610,16.613600,0.200000,
-24.155743,-15.173678,16.613509,-27.820091,-18.376273,48.151742,-24.088452,-15.193044,16.595884,-24.155722,-15.173610,16.613600,0.200000,
-24.155743,-15.173678,16.613509,-27.820091,-18.376273,48.151742,-24.315972,-15.127470,16.655385,-24.155723,-15.173610,16.613600,0.200000,
-24.155743,-15.173678,16.613509,-27.820091,-18.376273,48.151742,-24.088451,-15.193044,16.595884,-24.155723,-15.173610,16.613600,0.200000,
-24.155743,-15.173678,16.613509,-27.820091,-18.376273,48.151742,-24.315972,-15.127471,16.655385,-24.155723,-15.173610,16.613599,0.200000,
-24.155743,-15.173678,16.613509,-27.820091,-18.376273,48.151742,-24.088451,-15.193044,16.595884,-24.155723,-15.173610,16.613599,0.200000,
-24.155743,-15.173678,16.613509,-27.820091,-18.376273,48.151742,-24.315971,-15.127471,16.655385,-24.155723,-15.173611,16.613599,0.200000,
-24.155743,-15.173678,16.613509,-27.820091,-18.376273,48.151742,-24.088451,-15.193044,16.595884,-24.155723,-15.173611,16.613599,0.200000,
-24.155743,-15.173678,16.613509,-27.820091,-18.376273,48.151742,-24.315971,-15.127471,16.655385,-24.155723,-15.173611,16.613599,0.200000,
-24.155743,-15.173678,16.613509,-27.820091,-18.376273,48.151742,-24.088451,-15.193044,16.595884,-24.155723,-15.173611,16.613599,0.200000,
-24.155743,-15.173678,16.613509,-27.820091,-18.376273,48.151742,-24.315971,-15.127471,16.655385,-24.155723,-15.173611,16.613598,0.200000,
-24.155743,-15.173678,16.613509,-27.820091,-18.376273,48.151742,-24.088451,-15.193044,16.595884,-24.155723,-15.173611,16.613598,0.200000,
-24.155743,-15.173678,16.613509,-27.820091,-18.376273,48.151742,-24.315971,-15.127471,16.655385,-24.155723,-15.173611,16.613598,0.200000,
-24.155743,-15.173678,16.613509,-27.820091,-18.376273,48.151742,-24.088451,-15.193044,16.595884,-24.155723,-15.173611,16.613598,0.200000,
-24.155743,-15.173678,16.613509,-27.820091,-18.376273,48.151742,-24.315971,-15.127471,16.655385,-24.155723,-15.173612,16.613598,0.200000,
-24.155743,-15.173678,16.613509,-27.820091,-18.376273,48.151742,-24.088450,-15.193044,16.595884,-24.155723,-15.173612,16.613597,0.200000,
-24.155743,-15.173678,16.613509,-27.820091,-18.376273,48.151742,-24.315970,-15.127471,16.655385,-24.155723,-15.173612,16.613597,0.200000,
-24.155743,-15.173678,16.613509,-27.820091,-18.376273,48.151742,-24.088450,-15.193044,16.595884,-24.155723,-15.173612,16.613597,0.200000,
-24.155743,-15.173678,16.613509,-27.820091,-18.376273,48.151742,-24.315970,-15.127471,16.655385,-24.155723,-15.173612,16.613597,0.200000,
-24.155743,-15.173678,16.613509,-27.820091,-18.376273,48.151742,-24.088450,-15.193044,16.595884,-24.155723,-15.173612,16.613597,0.200000,
-24.155743,-15.173678,16.613509,-27.820091,-18.376273,48.151742,-24.315970,-15.127471,16.655385,-24.155723,-15.173612,16.613597,0.200000,
-24.155743,-15.173678,16.613509,-27.820091,-18.376273,48.151742,-24.088450,-15.193044,16.595884,-24.155723,-15.173613,16.613596,0.200000,
-24.155743,-15.173678,16.613509,-27.820091,-18.376273,48.151742,-24.315970,-15.127471,16.655385,-24.155723,-15.173613,16.613596,0.200000,
-24.155743,-15.173678,16.613509,-27.820091,-18.376273,48.151742,-24.088450,-15.193044,16.595884,-24.155723,-15.173613,16.613596,0.200000,
-24.155743,-15.173678,16.613509,-27.820091,-18.376273,48.151742,-24.315970,-15.127471,16.655385,-24.155723,-15.173613,16.613596,0.200000,
-24.155743,-15.173678,16.613509,-27.820091,-18.376273,48.151742,-24.088449,-15.193044,16.595884,-24.155723,-15.173613,16.613596,0.200000,
-24.155743,-15.173678,16.613509,-27.820091,-18.376273,48.151742,-24.315970,-15.127471,16.655385,-24.155724,-15.173613,16.613596,0.200000,
-24.155743,-15.173678,16.613509,-27.820091,-18.376273,48.151742,-24.088449,-15.193044,16.595884,-24.155724,-15.173613,16.613595,0.200000,
-24.155743,-15.173678,16.613509,-27.820091,-18.376273,48.151742,-24.315969,-15.127471,16.655385,-24.155724,-15.173613,16.613595,0.200000,
-24.155743,-15.173678,16.613509,-27.820091,-18.376273,48.151742,-24.088449,-15.193044,16.595884,-24.155724,-15.173614,16.613595,0.200000,
-24.155743,-15.173678,16.613509,-27.820091,-18.376273,48.151742,-24.315969,-15.127471,16.655385,-24.155724,-15.173614,16.613595,0.200000,
-24.155743,-15.173678,16.613509,-27.820091,-18.376273,48.151742,-24.088449,-15.193045,16.595884,-24.155724,-15.173614,16.613595,0.200000,
-24.155743,-15.173678,16.613509,-27.820091,-18.376273,48.151742,-24.315969,-15.127471,16.655385,-24.155724,-15.173614,16.613594,0.200000,
-24.155743,-15.173678,16.613509,-27.820091,-18.376273,48.151742,-24.088449,-15.193045,16.595884,-24.155724,-15.173614,16.613594,0.200000,
-24.155743,-15.173678,16.613509,-27.820091,-18.376273,48.151742,-24.315969,-15.127471,16.655385,-24.155724,-15.173614,16.613594,0.200000,
-24.155743,-15.173678,16.613509,-27.820091,-18.376273,48.151742,-24.088449,-15.193045,16.595883,-24.155724,-15.173614,16.613594,0.200000,
-24.155743,-15.173678,16.613509,-27.820091,-18.376273,48.151742,-24.315969,-15.127471,16.655385,-24.155724,-15.173614,16.613594,0.200000,
-24.155743,-15.173678,16.613509,-27.820091,-18.376273,48.151742,-24.088448,-15.193045,16.595883,-24.155724,-15.173615,16.613594,0.200000,
-24.155743,-15.173678,16.613509,-27.820091,-18.376273,48.151742,-24.315968,-15.127471,16.655385,-24.155724,-15.173615,16.613593,0.200000,
-24.155743,-15.173678,16.613509,-27.820091,-18.376273,48.151742,-24.088448,-15.193045,16.595883,-24.155724,-15.173615,16.613593,0.200000,
-24.155743,-15.173678,16.613509,-27.820091,-18.376273,48.151742,-24.315968,-15.127471,16.655384,-24.155724,-15.173615,16.613593,0.200000,
-24.155743,-15.173678,16.613509,-27.820091,-18.376273,48.151742,-24.088448,-15.193045,16.595883,-24.155724,-15.173615,16.613593,0.200000,
-24.155743,-15.173678,16.613509,-27.820091,-18.376273,48.151742,-24.315968,-15.127472,16.655384,-24.155724,-15.173615,16.613593,0.200000,
-24.155743,-15.173678,16.613509,-27.820091,-18.376273,48.151742,-24.088448,-15.193045,16.595883,-24.155724,-15.173615,16.613593,0.200000,
-24.155743,-15.173678,16.613509,-27.820091,-18.376273,48.151742,-24.315968,-15.127472,16.655384,-24.155724,-15.173615,16.613592,0.200000,
-24.155743,-15.173678,16.613509,-27.820091,-18.376273,48.151742,-24.088448,-15.193045,16.595883,-24.155724,-15.173616,16.613592,0.200000,
-24.155743,-15.173678,16.613509,-27.820091,-18.376273,48.151742,-24.315968,-15.127472,16.655384,-24.155724,-15.173616,16.613592,0.200000,
-24.155743,-15.173678,16.613509,-27.820091,-18.376273,48.151742,-24.088447,-15.193045,16.595883,-24.155724,-15.173616,16.613592,0.200000,
-24.155743,-15.173678,16.613509,-27.820091,-18.376273,48.151742,-24.315967,-15.127472,16.655384,-24.155724,-15.173616,16.613592,0.200000,
-24.155743,-15.173678,16.613509,-27.820091,-18.376273,48.151742,-24.088447,-15.193045,16.595883,-24.155724,-15.173616,16.613592,0.200000,
-24.155743,-15.173678,16.613509,-27.820091,-18.376273,48.151742,-24.315967,-15.127472,16.655384,-24.155724,-15.173616,16.613591,0.200000,
-24.155743,-15.173678,16.613509,-27.820091,-18.376273,48.151742,-24.088447,-15.193045,16.595883,-24.155724,-15.173616,16.613591,0.200000,
-24.155743,-15.173678,16.613509,-27.820091,-18.376273,48.151742,-24.315967,-15.127472,16.655384,-24.155725,-15.173616,16.613591,0.200000,
-24.155743,-15.173678,16.613509,-27.820091,-18.376273,48.151742,-24.088447,-15.193045,16.595883,-24.155725,-15.173617,16.613591,0.200000,
-24.155743,-15.173678,16.613509,-27.820091,-18.376273,48.151742,-24.315967,-15.127472,16.655384,-24.155725,-15.173617,16.613591,0.200000,
-24.155743,-15.173678,16.613509,-27.820091,-18.376273,48.151742,-24.088447,-15.193045,16.595883,-24.155725,-15.173617,16.613591,0.200000,
-24.155743,-15.173678,16.613509,-27.820091,-18.376273,48.151742,-24.315967,-15.127472,16.655384,-24.155725,-15.173617,16.613590,0.200000,
-24.155743,-15.173678,16.613509,-27.820091,-18.376273,48.151742,-24.088446,-15.193045,16.595883,-24.155725,-15.173617,16.613590,0.200000,
-24.155743,-15.173678,16.613509,-27.820091,-18.376273,48.151742,-24.315967,-15.127472,16.655384,-24.155725,-15.173617,16.613590,0.200000,
-24.155743,-15.173678,16.613509,-27.820091,-18.376273,48.151742,-24.088446,-15.193045,16.595883,-24.155725,-15.173617,16.613590,0.200000,
-24.155743,-15.173678,16.613509,-27.820091,-18.376273,48.151742,-24.315966,-15.127472,16.655384,-24.155725,-15.173617,16.613590,0.200000,
-24.155743,-15.173678,16.613509,-27.820091,-18.376273,48.151742,-24.088446,-15.193045,16.595883,-24.155725,-15.173618,16.613590,0.200000,
-24.155743,-15.173678,16.613509,-27.820091,-18.376273,48.151742,-24.315966,-15.127472,16.655384,-24.155725,-15.173618,16.613589,0.200000,
-24.155743,-15.173678,16.613509,-27.820091,-18.376273,48.151742,-24.088446,-15.193045,16.595883,-24.155725,-15.173618,16.613589,0.200000,
-24.155743,-15.173678,16.613509,-27.820091,-18.376273,48.151742,-24.315966,-15.127472,16.655384,-24.155725,-15.173618,16.613589,0.200000,
-24.155743,-15.173678,16.613509,-27.820091,-18.376273,48.151742,-24.088446,-15.193045,16.595883,-24.155725,-15.173618,16.613589,0.200000,
-24.155743,-15.173678,16.613509,-27.820091,-18.376273,48.151742,-24.315966,-15.127472,16.655384,-24.155725,-15.173618,16.613589,0.200000,
-24.155743,-15.173678,16.613509,-27.820091,-18.376273,48.151742,-24.088446,-15.193046,16.595883,-24.155725,-15.173618,16.613589,0.200000,
-24.155743,-15.173678,16.613509,-27.820091,-18.376273,48.151742,-24.315966,-15.127472,16.655384,-24.155725,-15.173618,16.613589,0.200000,
-24.155743,-15.173678,16.613509,-27.820091,-18.376273,48.151742,-24.088445,-15.193046,16.595883,-24.155725,-15.173618,16.613588,0.200000,
-24.155743,-15.173678,16.613509,-27.820091,-18.376273,48.151742,-24.315965,-15.127472,16.655384,-24.155725,-15.173619,16.613588,0.200000,
-24.155743,-15.173678,16.613509,-27.820091,-18.376273,48.151742,-24.088445,-15.193046,16.595883,-24.155725,-15.173619,16.613588,0.200000,
-24.155743,-15.173678,16.613509,-27.820091,-18.376273,48.151742,-24.315965,-15.127472,16.655384,-24.155725,-15.173619,16.613588,0.200000,
-24.155743,-15.173678,16.613509,-27.820091,-18.376273,48.151742,-24.088445,-15.193046,16.595883,-24.155725,-15.173619,16.613588,0.200000,
-24.155743,-15.173678,16.613509,-27.820091,-18.376273,48.151742,-24.315965,-15.127472,16.655384,-24.155725,-15.173619,16.613588,0.200000,
-24.155743,-15.173678,16.613509,-27.820091,-18.376273,48.151742,-24.088445,-15.193046,16.595883,-24.155725,-15.173619,16.613587,0.200000,
-24.155743,-15.173678,16.613509,-27.820091,-18.376273,48.151742,-24.315965,-15.127472,16.655384,-24.155725,-15.173619,16.613587,0.200000,
-24.155743,-15.173678,16.613509,-27.820091,-18.376273,48.151742,-24.088445,-15.193046,16.595882,-24.155725,-15.173619,16.613587,0.200000,
-24.155743,-15.173678,16.613509,-27.820091,-18.376273,48.151742,-24.315965,-15.127473,16.655384,-24.155725,-15.173620,16.613587,0.200000,
-24.155743,-15.173678,16.613509,-27.820091,-18.376273,48.151742,-24.088444,-15.193046,16.595882,-24.155726,-15.173620,16.613587,0.200000,
-24.155743,-15.173678,16.613509,-27.820091,-18.376273,48.151742,-24.315965,-15.127473,16.655384,-24.155726,-15.173620,16.613587,0.200000,
-24.155743,-15.173678,16.613509,-27.820091,-18.376273,48.151742,-24.088444,-15.193046,16.595882,-24.155726,-15.173620,16.613586,0.200000,
-24.155743,-15.173678,16.613509,-27.820091,-18.376273,48.151742,-24.315964,-15.127473,16.655383,-24.155726,-15.173620,16.613586,0.200000,
-24.155743,-15.173678,16.613509,-27.820091,-18.376273,48.151742,-24.088444,-15.193046,16.595882,-24.155726,-15.173620,16.613586,0.200000,
-24.155743,-15.173678,16.613509,-27.820091,-18.376273,48.151742,-24.315964,-15.127473,16.655383,-24.155726,-15.173620,16.613586,0.200000,
-24.155743,-15.173678,16.613509,-27.820091,-18.376273,48.151742,-24.088444,-15.193046,16.595882,-24.155726,-15.173620,16.613586,0.200000,
-24.155743,-15.173678,16.613509,-27.820091,-18.376273,48.151742,-24.315964,-15.127473,16.655383,-24.155726,-15.173620,16.613586,0.200000,
-24.155743,-15.173678,16.613509,-27.820091,-18.376273,48.151742,-24.088444,-15.193046,16.595882,-24.155726,-15.173621,16.613586,0.200000,
-24.155743,-15.173678,16.613509,-27.820091,-18.376273,48.151742,-24.315964,-15.127473,16.655383,-24.155726,-15.173621,16.613585,0.200000,
-24.155743,-15.173678,16.613509,-27.820091,-18.376273,48.151742,-24.088443,-15.193046,16.595882,-24.155726,-15.173621,16.613585,0.200000,
-24.155743,-15.173678,16.613509,-27.820091,-18.376273,48.151742,-24.315964,-15.127473,16.655383,-24.155726,-15.173621,16.613585,0.200000,
-24.155743,-15.173678,16.613509,-27.820091,-18.376273,48.151742,-24.088443,-15.193046,16.595882,-24.155726,-15.173621,16.613585,0.200000,
-24.155743,-15.173678,16.613509,-27.820091,-18.376273,48.151742,-24.315963,-15.127473,16.655383,-24.155726,-15.173621,16.613585,0.200000,
-24.155743,-15.173678,16.613509,-27.820091,-18.376273,48.151742,-24.088443,-15.193046,16.595882,-24.155726,-15.173621,16.613585,0.200000,
-24.155743,-15.173678,16.613509,-27.820091,-18.376273,48.151742,-24.315963,-15.127473,16.655383,-24.155726,-15.173621,16.613584,0.200000,
-24.155743,-15.173678,16.613509,-27.820091,-18.376273,48.151742,-24.088443,-15.193046,16.595882,-24.155726,-15.173621,16.613584,0.200000,
-24.155743,-15.173678,16.613509,-27.820091,-18.376273,48.151742,-24.315963,-15.127473,16.655383,-24.155726,-15.173622,16.613584,0.200000,
-24.155743,-15.173678,16.613509,-27.820091,-18.376273,48.151742,-24.088443,-15.193046,16.595882,-24.155726,-15.173622,16.613584,0.200000,
-24.155743,-15.173678,16.613509,-27.820091,-18.376273,48.151742,-24.315963,-15.127473,16.655383,-24.155726,-15.173622,16.613584,0.200000,
-24.155743,-15.173678,16.613509,-27.820091,-18.376273,48.151742,-24.088443,-15.193046,16.595882,-24.155726,-15.173622,16.613584,0.200000,
-24.155743,-15.173678,16.613509,-27.820091,-18.376273,48.151742,-24.315963,-15.127473,16.655383,-24.155726,-15.173622,16.613584,0.200000,
-24.155743,-15.173678,16.613509,-27.820091,-18.376273,48.151742,-24.088442,-15.193046,16.595882,-24.155726,-15.173622,16.613583,0.200000,
-24.155743,-15.173678,16.613509,-27.820091,-18.376273,48.151742,-24.315962,-15.127473,16.655383,-24.155726,-15.173622,16.613583,0.200000,
-24.155743,-15.173678,16.613509,-27.820091,-18.376273,48.151742,-24.088442,-15.193046,16.595882,-24.155726,-15.173622,16.613583,0.200000,
-24.155743,-15.173678,16.613509,-27.820091,-18.376273,48.151742,-24.315962,-15.127473,16.655383,-24.155726,-15.173622,16.613583,0.200000,
-24.155743,-15.173678,16.613509,-27.820091,-18.376273,48.151742,-24.088442,-15.193047,16.595882,-24.155726,-15.173623,16.613583,0.200000,
-24.155743,-15.173678,16.613509,-27.820091,-18.376273,48.151742,-24.315962,-15.127473,16.655383,-24.155726,-15.173623,16.613583,0.200000,
-24.155743,-15.173678,16.613509,-27.820091,-18.376273,48.151742,-24.088442,-15.193047,16.595882,-24.155726,-15.173623,16.613583,0.200000,
-24.155743,-15.173678,16.613509,-27.820091,-18.376273,48.151742,-24.315962,-15.127473,16.655383,-24.155727,-15.173623,16.613582,0.200000,
-24.155743,-15.173678,16.613509,-27.820091,-18.376273,48.151742,-24.088442,-15.193047,16.595882,-24.155727,-15.173623,16.613582,0.200000,
-24.155743,-15.173678,16.613509,-27.820091,-18.376273,48.151742,-24.315962,-15.127473,16.655383,-24.155727,-15.173623,16.613582,0.200000,
-24.155743,-15.173678,16.613509,-27.820091,-18.376273,48.151742,-24.088441,-15.193047,16.595882,-24.155727,-15.173623,16.613582,0.200000,
-24.155743,-15.173678,16.613509,-27.820091,-18.376273,48.151742,-24.315962,-15.127473,16.655383,-24.155727,-15.173623,16.613582,0.200000,
-24.155743,-15.173678,16.613509,-27.820091,-18.376273,48.151742,-24.088441,-15.193047,16.595882,-24.155727,-15.173623,16.613582,0.200000,
-24.155743,-15.173678,16.613509,-27.820091,-18.376273,48.151742,-24.315961,-15.127473,16.655383,-24.155727,-15.173624,16.613582,0.200000,
-24.155743,-15.173678,16.613509,-27.820091,-18.376273,48.151742,-24.088441,-15.193047,16.595882,-24.155727,-15.173624,16.613581,0.200000,
-24.155743,-15.173678,16.613509,-27.820091,-18.376273,48.151742,-24.315961,-15.127474,16.655383,-24.155727,-15.173624,16.613581,0.200000,
-24.155743,-15.173678,16.613509,-27.820091,-18.376273,48.151742,-24.088441,-15.193047,16.595881,-24.155727,-15.173624,16.613581,0.200000,
-24.155743,-15.173678,16.613509,-27.820091,-18.376273,48.151742,-24.315961,-15.127474,16.655383,-24.155727,-15.173624,16.613581,0.200000,
-24.155743,-15.173678,16.613509,-27.820091,-18.376273,48.151742,-24.088441,-15.193047,16.595881,-24.155727,-15.173624,16.613581,0.200000,
-24.155743,-15.173678,16.613509,-27.820091,-18.376273,48.151742,-24.315961,-15.127474,16.655383,-24.155727,-15.173624,16.613581,0.200000,
-24.155743,-15.173678,16.613509,-27.820091,-18.376273,48.151742,-24.088441,-15.193047,16.595881,-24.155727,-15.173624,16.613581,0.200000,
-24.155743,-15.173678,16.613509,-27.820091,-18.376273,48.151742,-24.315961,-15.127474,16.655382,-24.155727,-15.173624,16.613580,0.200000,
-24.155743,-15.173678,16.613509,-27.820091,-18.376273,48.151742,-24.088440,-15.193047,16.595881,-24.155727,-15.173625,16.613580,0.200000,
-24.155743,-15.173678,16.613509,-27.820091,-18.376273,48.151742,-24.315960,-15.127474,16.655382,-24.155727,-15.173625,16.613580,0.200000,
-24.155743,-15.173678,16.613509,-27.820091,-18.376273,48.151742,-24.088440,-15.193047,16.595881,-24.155727,-15.173625,16.613580,0.200000,
-24.155743,-15.173678,16.613509,-27.820091,-18.376273,48.151742,-24.315960,-15.127474,16.655382,-24.155727,-15.173625,16.613580,0.200000,
-24.155743,-15.173678,16.613509,-27.820091,-18.376273,48.151742,-24.088440,-15.193047,16.595881,-24.155727,-15.173625,16.613580,0.200000,
-24.155743,-15.173678,16.613509,-27.820091,-18.376273,48.151742,-24.315960,-15.127474,16.655382,-24.155727,-15.173625,16.613580,0.200000,
-24.155743,-15.173678,16.613509,-27.820091,-18.376273,48.151742,-24.088440,-15.193047,16.595881,-24.155727,-15.173625,16.613579,0.200000,
-24.155743,-15.173678,16.613509,-27.820091,-18.376273,48.151742,-24.315960,-15.127474,16.655382,-24.155727,-15.173625,16.613579,0.200000,
-24.155743,-15.173678,16.613509,-27.820091,-18.376273,48.151742,-24.088440,-15.193047,16.595881,-24.155727,-15.173625,16.613579,0.200000,
-24.155743,-15.173678,16.613509,-27.820091,-18.376273,48.151742,-24.315960,-15.127474,16.655382,-24.155727,-15.173625,16.613579,0.200000,
-24.155743,-15.173678,16.613509,-27.820091,-18.376273,48.151742,-24.088439,-15.193047,16.595881,-24.155727,-15.173626,16.613579,0.200000,
-24.155743,-15.173678,16.613509,-27.820091,-18.376273,48.151742,-24.315959,-15.127474,16.655382,-24.155727,-15.173626,16.613579,0.200000,
-24.155743,-15.173678,16.613509,-27.820091,-18.376273,48.151742,-24.088439,-15.193047,16.595881,-24.155727,-15.173626,16.613579,0.200000,
-24.155743,-15.173678,16.613509,-27.820091,-18.376273,48.151742,-24.315959,-15.127474,16.655382,-24.155727,-15.173626,16.613578,0.200000,
-24.155743,-15.173678,16.613509,-27.820091,-18.376273,48.151742,-24.088439,-15.193047,16.595881,-24.155727,-15.173626,16.613578,0.200000,
-24.155743,-15.173678,16.613509,-27.820091,-18.376273,48.151742,-24.315959,-15.127474,16.655382,-24.155728,-15.173626,16.613578,0.200000,
-24.155743,-15.173678,16.613509,-27.820091,-18.376273,48.151742,-24.088439,-15.193047,16.595881,-24.155728,-15.173626,16.613578,0.200000,
-24.155743,-15.173678,16.613509,-27.820091,-18.376273,48.151742,-24.315959,-15.127474,16.655382,-24.155728,-15.173626,16.613578,0.200000,
-24.155743,-15.173678,16.613509,-27.820091,-18.376273,48.151742,-24.088439,-15.193047,16.595881,-24.155728,-15.173626,16.613578,0.200000,
-24.155743,-15.173678,16.613509,-27.820091,-18.376273,48.151742,-24.315959,-15.127474,16.655382,-24.155728,-15.173627,16.613578,0.200000,
-24.155743,-15.173678,16.613509,-27.820091,-18.376273,48.151742,-24.088438,-15.193048,16.595881,-24.155728,-15.173627,16.613577,0.200000,
-24.155743,-15.173678,16.613509,-27.820091,-18.376273,48.151742,-24.315959,-15.127474,16.655382,-24.155728,-15.173627,16.613577,0.200000,
-24.155743,-15.173678,16.613509,-27.820091,-18.376273,48.151742,-24.088438,-15.193048,16.595881,-24.155728,-15.173627,16.613577,0.200000,
-24.155743,-15.173678,16.613509,-27.820091,-18.376273,48.151742,-24.315958,-15.127474,16.655382,-24.155728,-15.173627,16.613577,0.200000,
-24.155743,-15.173678,16.613509,-27.820091,-18.376273,48.151742,-24.088438,-15.193048,16.595881,-24.155728,-15.173627,16.613577,0.200000,
-24.155743,-15.173678,16.613509,-27.820091,-18.376273,48.151742,-24.315958,-15.127474,16.655382,-24.155728,-15.173627,16.613577,0.200000,
-24.155743,-15.173678,16.613509,-27.820091,-18.376273,48.151742,-24.088438,-15.193048,16.595881,-24.155728,-15.173627,16.613577,0.200000,
-24.155743,-15.173678,16.613509,-27.820091,-18.376273,48.151742,-24.315958,-15.127474,16.655382,-24.155728,-15.173627,16.613576,0.200000,
-24.155743,-15.173678,16.613509,-27.820091,-18.376273,48.151742,-24.088438,-15.193048,16.595881,-24.155728,-15.173627,16.613576,0.200000,
-24.155743,-15.173678,16.613509,-27.820091,-18.376273,48.151742,-24.315958,-15.127474,16.655382,-24.155728,-15.173628,16.613576,0.200000,
-24.155743,-15.173678,16.613509,-27.820091,-18.376273,48.151742,-24.088438,-15.193048,16.595881,-24.155728,-15.173628,16.613576,0.200000,
-24.155743,-15.173678,16.613509,-27.820091,-18.376273,48.151742,-24.315958,-15.127475,16.655382,-24.155728,-15.173628,16.613576,0.200000,
-24.155743,-15.173678,16.613509,-27.820091,-18.376273,48.151742,-24.088437,-15.193048,16.595881,-24.155728,-15.173628,16.613576,0.200000,
-24.155743,-15.173678,16.613509,-27.820091,-18.376273,48.151742,-24.315957,-15.127475,16.655382,-24.155728,-15.173628,16.613576,0.200000,
-24.155743,-15.173678,16.613509,-27.820091,-18.376273,48.151742,-24.088437,-15.193048,16.595881,-24.155728,-15.173628,16.613576,0.200000,
-24.155743,-15.173678,16.613509,-27.820091,-18.376273,48.151742,-24.315957,-15.127475,16.655382,-24.155728,-15.173628,16.613575,0.200000,
-24.155743,-15.173678,16.613509,-27.820091,-18.376273,48.151742,-24.088437,-15.193048,16.595880,-24.155728,-15.173628,16.613575,0.200000,
-24.155743,-15.173678,16.613509,-27.820091,-18.376273,48.151742,-24.315957,-15.127475,16.655382,-24.155728,-15.173628,16.613575,0.200000,
-24.155743,-15.173678,16.613509,-27.820091,-18.376273,48.151742,-24.088437,-15.193048,16.595880,-24.155728,-15.173628,16.613575,0.200000,
-24.155743,-15.173678,16.613509,-27.820091,-18.376273,48.151742,-24.315957,-15.127475,16.655382,-24.155728,-15.173629,16.613575,0.200000,
-24.155743,-15.173678,16.613509,-27.820091,-18.376273,48.151742,-24.088437,-15.193048,16.595880,-24.155728,-15.173629,16.613575,0.200000,
-24.155743,-15.173678,16.613509,-27.820091,-18.376273,48.151742,-24.315957,-15.127475,16.655381,-24.155728,-15.173629,16.613575,0.200000,
-24.155743,-15.173678,16.613509,-27.820091,-18.376273,48.151742,-24.088436,-15.193048,16.595880,-24.155728,-15.173629,16.613574,0.200000,
-24.155743,-15.173678,16.613509,-27.820091,-18.376273,48.151742,-24.315957,-15.127475,16.655381,-24.155728,-15.173629,16.613574,0.200000,
-24.155743,-15.173678,16.613509,-27.820091,-18.376273,48.151742,-24.088436,-15.193048,16.595880,-24.155728,-15.173629,16.613574,0.200000,
-24.155743,-15.173678,16.613509,-27.820091,-18.376273,48.151742,-24.315956,-15.127475,16.655381,-24.155728,-15.173629,16.613574,0.200000,
-24.155743,-15.173678,16.613509,-27.820091,-18.376273,48.151742,-24.088436,-15.193048,16.595880,-24.155728,-15.173629,16.613574,0.200000,
-24.155743,-15.173678,16.613509,-27.820091,-18.376273,48.151742,-24.315956,-15.127475,16.655381,-24.155729,-15.173629,16.613574,0.200000,
-24.155743,-15.173678,16.613509,-27.820091,-18.376273,48.151742,-24.088436,-15.193048,16.595880,-24.155729,-15.173629,16.613574,0.200000,
-24.155743,-15.173678,16.613509,-27.820091,-18.376273,48.151742,-24.315956,-15.127475,16.655381,-24.155729,-15.173629,16.613574,0.200000,
-24.155743,-15.173678,16.613509,-27.820091,-18.376273,48.151742,-24.088436,-15.193048,16.595880,-24.155729,-15.173630,16.613573,0.200000,
-24.155743,-15.173678,16.613509,-27.820091,-18.376273,48.151742,-24.315956,-15.127475,16.655381,-24.155729,-15.173630,16.613573,0.200000,
-24.155743,-15.173678,16.613509,-27.820091,-18.376273,48.151742,-24.088435,-15.193048,16.595880,-24.155729,-15.173630,16.613573,0.200000,
-24.155743,-15.173678,16.613509,-27.820091,-18.376273,48.151742,-24.315956,-15.127475,16.655381,-24.155729,-15.173630,16.613573,0.200000,
-24.155743,-15.173678,16.613509,-27.820091,-18.376273,48.151742,-24.088435,-15.193048,16.595880,-24.155729,-15.173630,16.613573,0.200000,
-24.155743,-15.173678,16.613509,-27.820091,-18.376273,48.151742,-24.315955,-15.127475,16.655381,-24.155729,-15.173630,16.613573,0.200000,
-24.155743,-15.173678,16.613509,-27.820091,-18.376273,48.151742,-24.088435,-15.193049,16.595880,-24.155729,-15.173630,16.613573,0.200000,
-24.155743,-15.173678,16.613509,-27.820091,-18.376273,48.151742,-24.315955,-15.127475,16.655381,-24.155729,-15.173630,16.613573,0.200000,
-24.155743,-15.173678,16.613509,-27.820091,-18.376273,48.151742,-24.088435,-15.193049,16.595880,-24.155729,-15.173630,16.613572,0.200000,
-24.155743,-15.173678,16.613509,-27.820091,-18.376273,48.151742,-24.315955,-15.127475,16.655381,-24.155729,-15.173630,16.613572,0.200000,
-24.155743,-15.173678,16.613509,-27.820091,-18.376273,48.151742,-24.088435,-15.193049,16.595880,-24.155729,-15.173631,16.613572,0.200000,
-24.155743,-15.173678,16.613509,-27.820091,-18.376273,48.151742,-24.315955,-15.127475,16.655381,-24.155729,-15.173631,16.613572,0.200000,
-24.155743,-15.173678,16.613509,-27.820091,-18.376273,48.151742,-24.088435,-15.193049,16.595880,-24.155729,-15.173631,16.613572,0.200000,
-24.155743,-15.173678,16.613509,-27.820091,-18.376273,48.151742,-24.315955,-15.127475,16.655381,-24.155729,-15.173631,16.613572,0.200000,
-24.155743,-15.173678,16.613509,-27.820091,-18.376273,48.151742,-24.088434,-15.193049,16.595880,-24.155729,-15.173631,16.613572,0.200000,
-24.155743,-15.173678,16.613509,-27.820091,-18.376273,48.151742,-24.315954,-15.127475,16.655381,-24.155729,-15.173631,16.613572,0.200000,
-24.155743,-15.173678,16.613509,-27.820091,-18.376273,48.151742,-24.088434,-15.193049,16.595880,-24.155729,-15.173631,16.613571,0.200000,
-24.155743,-15.173678,16.613509,-27.820091,-18.376273,48.151742,-24.315954,-15.127476,16.655381,-24.155729,-15.173631,16.613571,0.200000,
-24.155743,-15.173678,16.613509,-27.820091,-18.376273,48.151742,-24.088434,-15.193049,16.595880,-24.155729,-15.173631,16.613571,0.200000,
-24.155743,-15.173678,16.613509,-27.820091,-18.376273,48.151742,-24.315954,-15.127476,16.655381,-24.155729,-15.173631,16.613571,0.200000,
-24.155743,-15.173678,16.613509,-27.820091,-18.376273,48.151742,-24.088434,-15.193049,16.595880,-24.155729,-15.173631,16.613571,0.200000,
-24.155743,-15.173678,16.613509,-27.820091,-18.376273,48.151742,-24.315954,-15.127476,16.655381,-24.155729,-15.173632,16.613571,0.200000,
-24.155743,-15.173678,16.613509,-27.820091,-18.376273,48.151742,-24.088434,-15.193049,16.595880,-24.155729,-15.173632,16.613571,0.200000,
-24.155743,-15.173678,16.613509,-27.820091,-18.376273,48.151742,-24.315954,-15.127476,16.655381,-24.155729,-15.173632,16.613571,0.200000,
-24.155743,-15.173678,16.613509,-27.820091,-18.376273,48.151742,-24.088433,-15.193049,16.595880,-24.155729,-15.173632,16.613570,0.200000,
-24.155743,-15.173678,16.613509,-27.820091,-18.376273,48.151742,-24.315954,-15.127476,16.655381,-24.155729,-15.173632,16.613570,0.200000,
-24.155743,-15.173678,16.613509,-27.820091,-18.376273,48.151742,-24.088433,-15.193049,16.595880,-24.155729,-15.173632,16.613570,0.200000,
-24.155743,-15.173678,16.613509,-27.820091,-18.376273,48.151742,-24.315953,-15.127476,16.655381,-24.155729,-15.173632,16.613570,0.200000,
-24.155743,-15.173678,16.613509,-27.820091,-18.376273,48.151742,-24.088433,-15.193049,16.595879,-24.155729,-15.173632,16.613570,0.200000,
-24.155743,-15.173678,16.613509,-27.820091,-18.376273,48.151742,-24.315953,-15.127476,16.655381,-24.155729,-15.173632,16.613570,0.200000,
-24.155743,-15.173678,16.613509,-27.820091,-18.376273,48.151742,-24.088433,-15.193049,16.595879,-24.155729,-15.173632,16.613570,0.200000,
-24.155743,-15.173678,16.613509,-27.820091,-18.376273,48.151742,-24.315953,-15.127476,16.655381,-24.155729,-15.173632,16.613570,0.200000,
-24.155743,-15.173678,16.613509,-27.820091,-18.376273,48.151742,-24.088433,-15.193049,16.595879,-24.155730,-15.173633,16.613569,0.200000,
-24.155743,-15.173678,16.613509,-27.820091,-18.376273,48.151742,-24.315953,-15.127476,16.655380,-24.155730,-15.173633,16.613569,0.200000,
-24.155743,-15.173678,16.613509,-27.820091,-18.376273,48.151742,-24.088433,-15.193049,16.595879,-24.155730,-15.173633,16.613569,0.200000,
-24.155743,-15.173678,16.613509,-27.820091,-18.376273,48.151742,-24.315953,-15.127476,16.655380,-24.155730,-15.173633,16.613569,0.200000,
-24.155743,-15.173678,16.613509,-27.820091,-18.376273,48.151742,-24.088432,-15.193049,16.595879,-24.155730,-15.173633,16.613569,0.200000,
-24.155743,-15.173678,16.613509,-27.820091,-18.376273,48.151742,-24.315952,-15.127476,16.655380,-24.155730,-15.173633,16.613569,0.200000,
-24.155743,-15.173678,16.613509,-27.820091,-18.376273,48.151742,-24.088432,-15.193049,16.595879,-24.155730,-15.173633,16.613569,0.200000,
-24.155743,-15.173678,16.613509,-27.820091,-18.376273,48.151742,-24.315952,-15.127476,16.655380,-24.155730,-15.173633,16.613569,0.200000,
-24.155743,-15.173678,16.613509,-27.820091,-18.376273,48.151742,-24.088432,-15.193049,16.595879,-24.155730,-15.173633,16.613568,0.200000,
-24.155743,-15.173678,16.613509,-27.820091,-18.376273,48.151742,-24.315952,-15.127476,16.655380,-24.155730,-15.173633,16.613568,0.200000,
-24.155743,-15.173678,16.613509,-27.820091,-18.376273,48.151742,-24.088432,-15.193049,16.595879,-24.155730,-15.173633,16.613568,0.200000,
-24.155743,-15.173678,16.613509,-27.820091,-18.376273,48.151742,-24.315952,-15.127476,16.655380,-24.155730,-15.173634,16.613568,0.200000,
-24.155743,-15.173678,16.613509,-27.820091,-18.376273,48.151742,-24.088432,-15.193050,16.595879,-24.155730,-15.173634,16.613568,0.200000,
-24.155743,-15.173678,16.613509,-27.820091,-18.376273,48.151742,-24.315952,-15.127476,16.655380,-24.155730,-15.173634,16.613568,0.200000,
-24.155743,-15.173678,16.613509,-27.820091,-18.376273,48.151742,-24.088431,-15.193050,16.595879,-24.155730,-15.173634,16.613568,0.200000,
-24.155743,-15.173678,16.613509,-27.820091,-18.376273,48.151742,-24.315952,-15.127476,16.655380,-24.155730,-15.173634,16.613568,0.200000,
-24.155743,-15.173678,16.613509,-27.820091,-18.376273,48.151742,-24.088431,-15.193050,16.595879,-24.155730,-15.173634,16.613567,0.200000,
-24.155743,-15.173678,16.613509,-27.820091,-18.376273,48.151742,-24.315951,-15.127476,16.655380,-24.155730,-15.173634,16.613567,0.200000,
-24.155743,-15.173678,16.613509,-27.820091,-18.376273,48.151742,-24.088431,-15.193050,16.595879,-24.155730,-15.173634,16.613567,0.200000,
-24.155743,-15.173678,16.613509,-27.820091,-18.376273,48.151742,-24.315951,-15.127476,16.655380,-24.155730,-15.173634,16.613567,0.200000,
-24.155743,-15.173678,16.613509,-27.820091,-18.376273,48.151742,-24.088431,-15.193050,16.595879,-24.155730,-15.173634,16.613567,0.200000,
-24.155743,-15.173678,16.613509,-27.820091,-18.376273,48.151742,-24.315951,-15.127476,16.655380,-24.155730,-15.173634,16.613567,0.200000,
-24.155743,-15.173678,16.613509,-27.820091,-18.376273,48.151742,-24.088431,-15.193050,16.595879,-24.155730,-15.173635,16.613567,0.200000,
-24.155743,-15.173678,16.613509,-27.820091,-18.376273,48.151742,-24.315951,-15.127477,16.655380,-24.155730,-15.173635,16.613567,0.200000,
-24.155743,-15.173678,16.613509,-27.820091,-18.376273,48.151742,-24.088430,-15.193050,16.595879,-24.155730,-15.173635,16.613567,0.200000,
-24.155743,-15.173678,16.613509,-27.820091,-18.376273,48.151742,-24.315951,-15.127477,16.655380,-24.155730,-15.173635,16.613566,0.200000,
-24.155743,-15.173678,16.613509,-27.820091,-18.376273,48.151742,-24.088430,-15.193050,16.595879,-24.155730,-15.173635,16.613566,0.200000,
-24.155743,-15.173678,16.613509,-27.820091,-18.376273,48.151742,-24.315950,-15.127477,16.655380,-24.155730,-15.173635,16.613566,0.200000,
-24.155743,-15.173678,16.613509,-27.820091,-18.376273,48.151742,-24.088430,-15.193050,16.595879,-24.155730,-15.173635,16.613566,0.200000,
-24.155743,-15.173678,16.613509,-27.820091,-18.376273,48.151742,-24.315950,-15.127477,16.655380,-24.155730,-15.173635,16.613566,0.200000,
-24.155743,-15.173678,16.613509,-27.820091,-18.376273,48.151742,-24.088430,-15.193050,16.595879,-24.155730,-15.173635,16.613566,0.200000,
-24.155743,-15.173678,16.613509,-27.820091,-18.376273,48.151742,-24.315950,-15.127477,16.655380,-24.155730,-15.173635,16.613566,0.200000,
-24.155743,-15.173678,16.613509,-27.820091,-18.376273,48.151742,-24.088430,-15.193050,16.595879,-24.155730,-15.173635,16.613566,0.200000,
-24.155743,-15.173678,16.613509,-27.820091,-18.376273,48.151742,-24.315950,-15.127477,16.655380,-24.155730,-15.173635,16.613566,0.200000,
-24.155743,-15.173678,16.613509,-27.820091,-18.376273,48.151742,-24.088430,-15.193050,16.595879,-24.155730,-15.173636,16.613565,0.200000,
-24.155743,-15.173678,16.613509,-27.820091,-18.376273,48.151742,-24.315950,-15.127477,16.655380,-24.155730,-15.173636,16.613565,0.200000,
-24.155743,-15.173678,16.613509,-27.820091,-18.376273,48.151742,-24.088429,-15.193050,16.595878,-24.155730,-15.173636,16.613565,0.200000,
-24.155743,-15.173678,16.613509,-27.820091,-18.376273,48.151742,-24.315949,-15.127477,16.655380,-24.155731,-15.173636,16.613565,0.200000,
-24.155743,-15.173678,16.613509,-27.820091,-18.376273,48.151742,-24.088429,-15.193050,16.595878,-24.155731,-15.173636,16.613565,0.200000,
-24.155743,-15.173678,16.613509,-27.820091,-18.376273,48.151742,-24.315949,-15.127477,16.655380,-24.155731,-15.173636,16.613565,0.200000,
-24.155743,-15.173678,16.613509,-27.820091,-18.376273,48.151742,-24.088429,-15.193050,16.595878,-24.155731,-15.173636,16.613565,0.200000,
-24.155743,-15.173678,16.613509,-27.820091,-18.376273,48.151742,-24.315949,-15.127477,16.655379,-24.155731,-15.173636,16.613565,0.200000,
-24.155743,-15.173678,16.613509,-27.820091,-18.376273,48.151742,-24.088429,-15.193050,16.595878,-24.155731,-15.173636,16.613565,0.200000,
-24.155743,-15.173678,16.613509,-27.820091,-18.376273,48.151742,-24.315949,-15.127477,16.655379,-24.155731,-15.173636,16.613564,0.200000,
-24.155743,-15.173678,16.613509,-27.820091,-18.376273,48.151742,-24.088429,-15.193050,16.595878,-24.155731,-15.173636,16.613564,0.200000,
-24.155743,-15.173678,16.613509,-27.820091,-18.376273,48.151742,-24.315949,-15.127477,16.655379,-24.155731,-15.173636,16.613564,0.200000,
-24.155743,-15.173678,16.613509,-27.820091,-18.376273,48.151742,-24.088428,-15.193050,16.595878,-24.155731,-15.173637,16.613564,0.200000,
-24.155743,-15.173678,16.613509,-27.820091,-18.376273,48.151742,-24.315949,-15.127477,16.655379,-24.155731,-15.173637,16.613564,0.200000,
-24.155743,-15.173678,16.613509,-27.820091,-18.376273,48.151742,-24.088428,-15.193050,16.595878,-24.155731,-15.173637,16.613564,0.200000,
-24.155743,-15.173678,16.613509,-27.820091,-18.376273,48.151742,-24.315948,-15.127477,16.655379,-24.155731,-15.173637,16.613564,0.200000,
-24.155743,-15.173678,16.613509,-27.820091,-18.376273,48.151742,-24.088428,-15.193051,16.595878,-24.155731,-15.173637,16.613564,0.200000,
-24.155743,-15.173678,16.613509,-27.820091,-18.376273,48.151742,-24.315948,-15.127477,16.655379,-24.155731,-15.173637,16.613564,0.200000,
-24.155743,-15.173678,16.613509,-27.820091,-18.376273,48.151742,-24.088428,-15.193051,16.595878,-24.155731,-15.173637,16.613563,0.200000,
-24.155743,-15.173678,16.613509,-27.820091,-18.376273,48.151742,-24.315948,-15.127477,16.655379,-24.155731,-15.173637,16.613563,0.200000,
-24.155743,-15.173678,16.613509,-27.820091,-18.376273,48.151742,-24.088428,-15.193051,16.595878,-24.155731,-15.173637,16.613563,0.200000,
-24.155743,-15.173678,16.613509,-27.820091,-18.376273,48.151742,-24.315948,-15.127477,16.655379,-24.155731,-15.173637,16.613563,0.200000,
-24.155743,-15.173678,16.613509,-27.820091,-18.376273,48.151742,-24.088427,-15.193051,16.595878,-24.155731,-15.173637,16.613563,0.200000,
-24.155743,-15.173678,16.613509,-27.820091,-18.376273,48.151742,-24.315948,-15.127477,16.655379,-24.155731,-15.173637,16.613563,0.200000,
-24.155743,-15.173678,16.613509,-27.820091,-18.376273,48.151742,-24.088427,-15.193051,16.595878,-24.155731,-15.173638,16.613563,0.200000,
-24.155743,-15.173678,16.613509,-27.820091,-18.376273,48.151742,-24.315947,-15.127477,16.655379,-24.155731,-15.173638,16.613563,0.200000,
-24.155743,-15.173678,16.613509,-27.820091,-18.376273,48.151742,-24.088427,-15.193051,16.595878,-24.155731,-15.173638,16.613563,0.200000,
-24.155743,-15.173678,16.613509,-27.820091,-18.376273,48.151742,-24.315947,-15.127478,16.655379,-24.155731,-15.173638,16.613562,0.200000,
-24.155743,-15.173678,16.613509,-27.820091,-18.376273,48.151742,-24.088427,-15.193051,16.595878,-24.155731,-15.173638,16.613562,0.200000,
-24.155743,-15.173678,16.613509,-27.820091,-18.376273,48.151742,-24.315947,-15.127478,16.655379,-24.155731,-15.173638,16.613562,0.200000,
-24.155743,-15.173678,16.613509,-27.820091,-18.376273,48.151742,-24.088427,-15.193051,16.595878,-24.155731,-15.173638,16.613562,0.200000,
-24.155743,-15.173678,16.613509,-27.820091,-18.376273,48.151742,-24.315947,-15.127478,16.655379,-24.155731,-15.173638,16.613562,0.200000,
-24.155743,-15.173678,16.613509,-27.820091,-18.376273,48.151742,-24.088427,-15.193051,16.595878,-24.155731,-15.173638,16.613562,0.200000,
-24.155743,-15.173678,16.613509,-27.820091,-18.376273,48.151742,-24.315947,-15.127478,16.655379,-24.155731,-15.173638,16.613562,0.200000,
-24.155743,-15.173678,16.613509,-27.820091,-18.376273,48.151742,-24.088426,-15.193051,16.595878,-24.155731,-15.173638,16.613562,0.200000,
-24.155743,-15.173678,16.613509,-27.820091,-18.376273,48.151742,-24.315946,-15.127478,16.655379,-24.155731,-15.173638,16.613562,0.200000,
-24.155743,-15.173678,16.613509,-27.820091,-18.376273,48.151742,-24.088426,-15.193051,16.595878,-24.155731,-15.173638,16.613561,0.200000,
-24.155743,-15.173678,16.613509,-27.820091,-18.376273,48.151742,-24.315946,-15.127478,16.655379,-24.155731,-15.173639,16.613561,0.200000,
-24.155743,-15.173678,16.613509,-27.820091,-18.376273,48.151742,-24.088426,-15.193051,16.595878,-24.155731,-15.173639,16.613561,0.200000,
-24.155743,-15.173678,16.613509,-27.820091,-18.376273,48.151742,-24.315946,-15.127478,16.655379,-24.155731,-15.173639,16.613561,0.200000,
-24.155743,-15.173678,16.613509,-27.820091,-18.376273,48.151742,-24.088426,-15.193051,16.595878,-24.155731,-15.173639,16.613561,0.200000,
-24.155743,-15.173678,16.613509,-27.820091,-18.376273,48.151742,-24.315946,-15.127478,16.655379,-24.155731,-15.173639,16.613561,0.200000,
-24.155743,-15.173678,16.613509,-27.820091,-18.376273,48.151742,-24.088426,-15.193051,16.595878,-24.155731,-15.173639,16.613561,0.200000,
-24.155743,-15.173678,16.613509,-27.820091,-18.376273,48.151742,-24.315946,-15.127478,16.655379,-24.155731,-15.173639,16.613561,0.200000,
-24.155743,-15.173678,16.613509,-27.820091,-18.376273,48.151742,-24.088425,-15.193051,16.595877,-24.155732,-15.173639,16.613561,0.200000,
-24.155743,-15.173678,16.613509,-27.820091,-18.376273,48.151742,-24.315946,-15.127478,16.655379,-24.155732,-15.173639,16.613561,0.200000,
-24.155743,-15.173678,16.613509,-27.820091,-18.376273,48.151742,-24.088425,-15.193051,16.595877,-24.155732,-15.173639,16.613560,0.200000,
-24.155743,-15.173678,16.613509,-27.820091,-18.376273,48.151742,-24.315945,-15.127478,16.655379,-24.155732,-15.173639,16.613560,0.200000,
-24.155743,-15.173678,16.613509,-27.820091,-18.376273,48.151742,-24.088425,-15.193051,16.595877,-24.155732,-15.173639,16.613560,0.200000,
-24.155743,-15.173678,16.613509,-27.820091,-18.376273,48.151742,-24.315945,-15.127478,16.655378,-24.155732,-15.173639,16.613560,0.200000,
-24.155743,-15.173678,16.613509,-27.820091,-18.376273,48.151742,-24.088425,-15.193051,16.595877,-24.155732,-15.173640,16.613560,0.200000,
-24.155743,-15.173678,16.613509,-27.820091,-18.376273,48.151742,-24.315945,-15.127478,16.655378,-24.155732,-15.173640,16.613560,0.200000,
-24.155743,-15.173678,16.613509,-27.820091,-18.376273,48.151742,-24.088425,-15.193052,16.595877,-24.155732,-15.173640,16.613560,0.200000,
-24.155743,-15.173678,16.613509,-27.820091,-18.376273,48.151742,-24.315945,-15.127478,16.655378,-24.155732,-15.173640,16.613560,0.200000,
-24.155743,-15.173678,16.613509,-27.820091,-18.376273,48.151742,-24.088425,-15.193052,16.595877,-24.155732,-15.173640,16.613560,0.200000,
-24.155743,-15.173678,16.613509,-27.820091,-18.376273,48.151742,-24.315945,-15.127478,16.655378,-24.155732,-15.173640,16.613560,0.200000,
-24.155743,-15.173678,16.613509,-27.820091,-18.376273,48.151742,-24.088424,-15.193052,16.595877,-24.155732,-15.173640,16.613559,0.200000,
-24.155743,-15.173678,16.613509,-27.820091,-18.376273,48.151742,-24.315944,-15.127478,16.655378,-24.155732,-15.173640,16.613559,0.200000,
-24.155743,-15.173678,16.613509,-27.820091,-18.376273,48.151742,-24.088424,-15.193052,16.595877,-24.155732,-15.173640,16.613559,0.200000,
-24.155743,-15.173678,16.613509,-27.820091,-18.376273,48.151742,-24.315944,-15.127478,16.655378,-24.155732,-15.173640,16.613559,0.200000,
-24.155743,-15.173678,16.613509,-27.820091,-18.376273,48.151742,-24.088424,-15.193052,16.595877,-24.155732,-15.173640,16.613559,0.200000,
-24.155743,-15.173678,16.613509,-27.820091,-18.376273,48.151742,-24.315944,-15.127478,16.655378,-24.155732,-15.173640,16.613559,0.200000,
-24.155743,-15.173678,16.613509,-27.820091,-18.376273,48.151742,-24.088424,-15.193052,16.595877,-24.155732,-15.173640,16.613559,0.200000,
-24.155743,-15.173678,16.613509,-27.820091,-18.376273,48.151742,-24.315944,-15.127479,16.655378,-24.155732,-15.173641,16.613559,0.200000,
-24.155743,-15.173678,16.613509,-27.820091,-18.376273,48.151742,-24.088424,-15.193052,16.595877,-24.155732,-15.173641,16.613559,0.200000,
-24.155743,-15.173678,16.613509,-27.820091,-18.376273,48.151742,-24.315944,-15.127479,16.655378,-24.155732,-15.173641,16.613559,0.200000,
-24.155743,-15.173678,16.613509,-27.820091,-18.376273,48.151742,-24.088423,-15.193052,16.595877,-24.155732,-15.173641,16.613558,0.200000,
-24.155743,-15.173678,16.613509,-27.820091,-18.376273,48.151742,-24.315944,-15.127479,16.655378,-24.155732,-15.173641,16.613558,0.200000,
-24.155743,-15.173678,16.613509,-27.820091,-18.376273,48.151742,-24.088423,-15.193052,16.595877,-24.155732,-15.173641,16.613558,0.200000,
-24.155743,-15.173678,16.613509,-27.820091,-18.376273,48.151742,-24.315943,-15.127479,16.655378,-24.155732,-15.173641,16.613558,0.200000,
-24.155743,-15.173678,16.613509,-27.820091,-18.376273,48.151742,-24.088423,-15.193052,16.595877,-24.155732,-15.173641,16.613558,0.200000,
-24.155743,-15.173678,16.613509,-27.820091,-18.376273,48.151742,-24.315943,-15.127479,16.655378,-24.155732,-15.173641,16.613558,0.200000,
-24.155743,-15.173678,16.613509,-27.820091,-18.376273,48.151742,-24.088423,-15.193052,16.595877,-24.155732,-15.173641,16.613558,0.200000,
-24.155743,-15.173678,16.613509,-27.820091,-18.376273,48.151742,-24.315943,-15.127479,16.655378,-24.155732,-15.173641,16.613558,0.200000,
-24.155743,-15.173678,16.613509,-27.820091,-18.376273,48.151742,-24.088423,-15.193052,16.595877,-24.155732,-15.173641,16.613558,0.200000,
-24.155743,-15.173678,16.613509,-27.820091,-18.376273,48.151742,-24.315943,-15.127479,16.655378,-24.155732,-15.173641,16.613558,0.200000,
-24.155743,-15.173678,16.613509,-27.820091,-18.376273,48.151742,-24.088422,-15.193052,16.595877,-24.155732,-15.173641,16.613557,0.200000,
-24.155743,-15.173678,16.613509,-27.820091,-18.376273,48.151742,-24.315943,-15.127479,16.655378,-24.155732,-15.173642,16.613557,0.200000,
-24.155743,-15.173678,16.613509,-27.820091,-18.376273,48.151742,-24.088422,-15.193052,16.595877,-24.155732,-15.173642,16.613557,0.200000,
-24.155743,-15.173678,16.613509,-27.820091,-18.376273,48.151742,-24.315942,-15.127479,16.655378,-24.155732,-15.173642,16.613557,0.200000,
-24.155743,-15.173678,16.613509,-27.820091,-18.376273,48.151742,-24.088422,-15.193052,16.595877,-24.155732,-15.173642,16.613557,0.200000,
-24.155743,-15.173678,16.613509,-27.820091,-18.376273,48.151742,-24.315942,-15.127479,16.655378,-24.155732,-15.173642,16.613557,0.200000,
-24.155743,-15.173678,16.613509,-27.820091,-18.376273,48.151742,-24.088422,-15.193052,16.595877,-24.155732,-15.173642,16.613557,0.200000,
-24.155743,-15.173678,16.613509,-27.820091,-18.376273,48.151742,-24.315942,-15.127479,16.655378,-24.155732,-15.173642,16.613557,0.200000,
-24.155743,-15.173678,16.613509,-27.820091,-18.376273,48.151742,-24.088422,-15.193052,16.595876,-24.155732,-15.173642,16.613557,0.200000,
-24.155743,-15.173678,16.613509,-27.820091,-18.376273,48.151742,-24.315942,-15.127479,16.655378,-24.155732,-15.173642,16.613557,0.200000,
-24.155743,-15.173678,16.613509,-27.820091,-18.376273,48.151742,-24.088422,-15.193052,16.595876,-24.155732,-15.173642,16.613556,0.200000,
-24.155743,-15.173678,16.613509,-27.820091,-18.376273,48.151742,-24.315942,-15.127479,16.655378,-24.155733,-15.173642,16.613556,0.200000,
-24.155743,-15.173678,16.613509,-27.820091,-18.376273,48.151742,-24.088421,-15.193052,16.595876,-24.155733,-15.173642,16.613556,0.200000,
-24.155743,-15.173678,16.613509,-27.820091,-18.376273,48.151742,-24.315941,-15.127479,16.655377,-24.155733,-15.173642,16.613556,0.200000,
-24.155743,-15.173678,16.613509,-27.820091,-18.376273,48.151742,-24.088421,-15.193053,16.595876,-24.155733,-15.173642,16.613556,0.200000,
-24.155743,-15.173678,16.613509,-27.820091,-18.376273,48.151742,-24.315941,-15.127479,16.655377,-24.155733,-15.173643,16.613556,0.200000,
-24.155743,-15.173678,16.613509,-27.820091,-18.376273,48.151742,-24.088421,-15.193053,16.595876,-24.155733,-15.173643,16.613556,0.200000,
-24.155743,-15.173678,16.613509,-27.820091,-18.376273,48.151742,-24.315941,-15.127479,16.655377,-24.155733,-15.173643,16.613556,0.200000,
-24.155743,-15.173678,16.613509,-27.820091,-18.376273,48.151742,-24.088421,-15.193053,16.595876,-24.155733,-15.173643,16.613556,0.200000,
-24.155743,-15.173678,16.613509,-27.820091,-18.376273,48.151742,-24.315941,-15.127479,16.655377,-24.155733,-15.173643,16.613556,0.200000,
-24.155743,-15.173678,16.613509,-27.820091,-18.376273,48.151742,-24.088421,-15.193053,16.595876,-24.155733,-15.173643,16.613556,0.200000,
-24.155743,-15.173678,16.613509,-27.820091,-18.376273,48.151742,-24.315941,-15.127479,16.655377,-24.155733,-15.173643,16.613555,0.200000,
-24.155743,-15.173678,16.613509,-27.820091,-18.376273,48.151742,-24.088420,-15.193053,16.595876,-24.155733,-15.173643,16.613555,0.200000,
-24.155743,-15.173678,16.613509,-27.820091,-18.376273,48.151742,-24.315941,-15.127479,16.655377,-24.155733,-15.173643,16.613555,0.200000,
-24.155743,-15.173678,16.613509,-27.820091,-18.376273,48.151742,-24.088420,-15.193053,16.595876,-24.155733,-15.173643,16.613555,0.200000,
-24.155743,-15.173678,16.613509,-27.820091,-18.376273,48.151742,-24.315940,-15.127480,16.655377,-24.155733,-15.173643,16.613555,0.200000,
-24.155743,-15.173678,16.613509,-27.820091,-18.376273,48.151742,-24.088420,-15.193053,16.595876,-24.155733,-15.173643,16.613555,0.200000,
-24.155743,-15.173678,16.613509,-27.820091,-18.376273,48.151742,-24.315940,-15.127480,16.655377,-24.155733,-15.173643,16.613555,0.200000,
-24.155743,-15.173678,16.613509,-27.820091,-18.376273,48.151742,-24.088420,-15.193053,16.595876,-24.155733,-15.173643,16.613555,0.200000,
-24.155743,-15.173678,16.613509,-27.820091,-18.376273,48.151742,-24.315940,-15.127480,16.655377,-24.155733,-15.173644,16.613555,0.200000,
-24.155743,-15.173678,16.613509,-27.820091,-18.376273,48.151742,-24.088420,-15.193053,16.595876,-24.155733,-15.173644,16.613555,0.200000,
-24.155743,-15.173678,16.613509,-27.820091,-18.376273,48.151742,-24.315940,-15.127480,16.655377,-24.155733,-15.173644,16.613554,0.200000,
-24.155743,-15.173678,16.613509,-27.820091,-18.376273,48.151742,-24.088420,-15.193053,16.595876,-24.155733,-15.173644,16.613554,0.200000,
-24.155743,-15.173678,16.613509,-27.820091,-18.376273,48.151742,-24.315940,-15.127480,16.655377,-24.155733,-15.173644,16.613554,0.200000,
-24.155743,-15.173678,16.613509,-27.820091,-18.376273,48.151742,-24.088419,-15.193053,16.595876,-24.155733,-15.173644,16.613554,0.200000,
-24.155743,-15.173678,16.613509,-27.820091,-18.376273,48.151742,-24.315939,-15.127480,16.655377,-24.155733,-15.173644,16.613554,0.200000,
-24.155743,-15.173678,16.613509,-27.820091,-18.376273,48.151742,-24.088419,-15.193053,16.595876,-24.155733,-15.173644,16.613554,0.200000,
-24.155743,-15.173678,16.613509,-27.820091,-18.376273,48.151742,-24.315939,-15.127480,16.655377,-24.155733,-15.173644,16.613554,0.200000,
-24.155743,-15.173678,16.613509,-27.820091,-18.376273,48.151742,-24.088419,-15.193053,16.595876,-24.155733,-15.173644,16.613554,0.200000,
-24.155743,-15.173678,16.613509,-27.820091,-18.376273,48.151742,-24.315939,-15.127480,16.655377,-24.155733,-15.173644,16.613554,0.200000,
-24.155743,-15.173678,16.613509,-27.820091,-18.376273,48.151742,-24.088419,-15.193053,16.595876,-24.155733,-15.173644,16.613554,0.200000,
-24.155743,-15.173678,16.613509,-27.820091,-18.376273,48.151742,-24.315939,-15.127480,16.655377,-24.155733,-15.173644,16.613554,0.200000,
-24.155743,-15.173678,16.613509,-27.820091,-18.376273,48.151742,-24.088419,-15.193053,16.595876,-24.155733,-15.173644,16.613553,0.200000,
-24.155743,-15.173678,16.613509,-27.820091,-18.376273,48.151742,-24.315939,-15.127480,16.655377,-24.155733,-15.173644,16.613553,0.200000,
-24.155743,-15.173678,16.613509,-27.820091,-18.376273,48.151742,-24.088418,-15.193053,16.595876,-24.155733,-15.173645,16.613553,0.200000,
-24.155743,-15.173678,16.613509,-27.820091,-18.376273,48.151742,-24.315939,-15.127480,16.655377,-24.155733,-15.173645,16.613553,0.200000,
-24.155743,-15.173678,16.613509,-27.820091,-18.376273,48.151742,-24.088418,-15.193053,16.595876,-24.155733,-15.173645,16.613553,0.200000,
-24.155743,-15.173678,16.613509,-27.820091,-18.376273,48.151742,-24.315938,-15.127480,16.655377,-24.155733,-15.173645,16.613553,0.200000,
-24.155743,-15.173678,16.613509,-27.820091,-18.376273,48.151742,-24.088418,-15.193053,16.595876,-24.155733,-15.173645,16.613553,0.200000,
-24.155743,-15.173678,16.613509,-27.820091,-18.376273,48.151742,-24.315938,-15.127480,16.655377,-24.155733,-15.173645,16.613553,0.200000,
-24.155743,-15.173678,16.613509,-27.820091,-18.376273,48.151742,-24.088418,-15.193053,16.595875,-24.155733,-15.173645,16.613553,0.200000,
-24.155743,-15.173678,16.613509,-27.820091,-18.376273,48.151742,-24.315938,-15.127480,16.655377,-24.155733,-15.173645,16.613553,0.200000,
-24.155743,-15.173678,16.613509,-27.820091,-18.376273,48.151742,-24.088418,-15.193054,16.595875,-24.155733,-15.173645,16.613553,0.200000,
-24.155743,-15.173678,16.613509,-27.820091,-18.376273,48.151742,-24.315938,-15.127480,16.655377,-24.155733,-15.173645,16.613553,0.200000,
-24.155743,-15.173678,16.613509,-27.820091,-18.376273,48.151742,-24.088417,-15.193054,16.595875,-24.155733,-15.173645,16.613552,0.200000,
-24.155743,-15.173678,16.613509,-27.820091,-18.376273,48.151742,-24.315938,-15.127480,16.655376,-24.155733,-15.173645,16.613552,0.200000,
-24.155743,-15.173678,16.613509,-27.820091,-18.376273,48.151742,-24.088417,-15.193054,16.595875,-24.155733,-15.173645,16.613552,0.200000,
-24.155743,-15.173678,16.613509,-27.820091,-18.376273,48.151742,-24.315937,-15.127480,16.655376,-24.155733,-15.173645,16.613552,0.200000,
-24.155743,-15.173678,16.613509,-27.820091,-18.376273,48.151742,-24.088417,-15.193054,16.595875,-24.155733,-15.173645,16.613552,0.200000,
-24.155743,-15.173678,16.613509,-27.820091,-18.376273,48.151742,-24.315937,-15.127480,16.655376,-24.155734,-15.173645,16.613552,0.200000,
-24.155743,-15.173678,16.613509,-27.820091,-18.376273,48.151742,-24.088417,-15.193054,16.595875,-24.155734,-15.173646,16.613552,0.200000,
-24.155743,-15.173678,16.613509,-27.820091,-18.376273,48.151742,-24.315937,-15.127481,16.655376,-24.155734,-15.173646,16.613552,0.200000,
-24.155743,-15.173678,16.613509,-27.820091,-18.376273,48.151742,-24.088417,-15.193054,16.595875,-24.155734,-15.173646,16.613552,0.200000,
-24.155743,-15.173678,16.613509,-27.820091,-18.376273,48.151742,-24.315937,-15.127481,16.655376,-24.155734,-15.173646,16.613552,0.200000,
-24.155743,-15.173678,16.613509,-27.820091,-18.376273,48.151742,-24.088417,-15.193054,16.595875,-24.155734,-15.173646,16.613552,0.200000,
-24.155743,-15.173678,16.613509,-27.820091,-18.376273,48.151742,-24.315937,-15.127481,16.655376,-24.155734,-15.173646,16.613551,0.200000,
-24.155743,-15.173678,16.613509,-27.820091,-18.376273,48.151742,-24.088416,-15.193054,16.595875,-24.155734,-15.173646,16.613551,0.200000,
-24.155743,-15.173678,16.613509,-27.820091,-18.376273,48.151742,-24.315936,-15.127481,16.655376,-24.155734,-15.173646,16.613551,0.200000,
-24.155743,-15.173678,16.613509,-27.820091,-18.376273,48.151742,-24.088416,-15.193054,16.595875,-24.155734,-15.173646,16.613551,0.200000,
-24.155743,-15.173678,16.613509,-27.820091,-18.376273,48.151742,-24.315936,-15.127481,16.655376,-24.155734,-15.173646,16.613551,0.200000,
-24.155743,-15.173678,16.613509,-27.820091,-18.376273,48.151742,-24.088416,-15.193054,16.595875,-24.155734,-15.173646,16.613551,0.200000,
-24.155743,-15.173678,16.613509,-27.820091,-18.376273,48.151742,-24.315936,-15.127481,16.655376,-24.155734,-15.173646,16.613551,0.200000,
-24.155743,-15.173678,16.613509,-27.820091,-18.376273,48.151742,-24.088416,-15.193054,16.595875,-24.155734,-15.173646,16.613551,0.200000,
-24.155743,-15.173678,16.613509,-27.820091,-18.376273,48.151742,-24.315936,-15.127481,16.655376,-24.155734,-15.173646,16.613551,0.200000,
-24.155743,-15.173678,16.613509,-27.820091,-18.376273,48.151742,-24.088416,-15.193054,16.595875,-24.155734,-15.173646,16.613551,0.200000,
-24.155743,-15.173678,16.613509,-27.820091,-18.376273,48.151742,-24.315936,-15.127481,16.655376,-24.155734,-15.173647,16.613551,0.200000,
-24.155743,-15.173678,16.613509,-27.820091,-18.376273,48.151742,-24.088415,-15.193054,16.595875,-24.155734,-15.173647,16.613551,0.200000,
-24.155743,-15.173678,16.613509,-27.820091,-18.376273,48.151742,-24.315936,-15.127481,16.655376,-24.155734,-15.173647,16.613550,0.200000,
-24.155743,-15.173678,16.613509,-27.820091,-18.376273,48.151742,-24.088415,-15.193054,16.595875,-24.155734,-15.173647,16.613550,0.200000,
-24.155743,-15.173678,16.613509,-27.820091,-18.376273,48.151742,-24.315935,-15.127481,16.655376,-24.155734,-15.173647,16.613550,0.200000,
-24.155743,-15.173678,16.613509,-27.820091,-18.376273,48.151742,-24.088415,-15.193054,16.595875,-24.155734,-15.173647,16.613550,0.200000,
-24.155743,-15.173678,16.613509,-27.820091,-18.376273,48.151742,-24.315935,-15.127481,16.655376,-24.155734,-15.173647,16.613550,0.200000,
-24.155743,-15.173678,16.613509,-27.820091,-18.376273,48.151742,-24.088415,-15.193054,16.595875,-24.155734,-15.173647,16.613550,0.200000,
-24.155743,-15.173678,16.613509,-27.820091,-18.376273,48.151742,-24.315935,-15.127481,16.655376,-24.155734,-15.173647,16.613550,0.200000,
-24.155743,-15.173678,16.613509,-27.820091,-18.376273,48.151742,-24.088415,-15.193054,16.595875,-24.155734,-15.173647,16.613550,0.200000,
-24.155743,-15.173678,16.613509,-27.820091,-18.376273,48.151742,-24.315935,-15.127481,16.655376,-24.155734,-15.173647,16.613550,0.200000,
-24.155743,-15.173678,16.613509,-27.820091,-18.376273,48.151742,-24.088414,-15.193054,16.595875,-24.155734,-15.173647,16.613550,0.200000,
-24.155743,-15.173678,16.613509,-27.820091,-18.376273,48.151742,-24.315935,-15.127481,16.655376,-24.155734,-15.173647,16.613550,0.200000,
-24.155743,-15.173678,16.613509,-27.820091,-18.376273,48.151742,-24.088414,-15.193054,16.595875,-24.155734,-15.173647,16.613550,0.200000,
-24.155743,-15.173678,16.613509,-27.820091,-18.376273,48.151742,-24.315934,-15.127481,16.655376,-24.155734,-15.173647,16.613549,0.200000,
-24.155743,-15.173678,16.613509,-27.820091,-18.376273,48.151742,-24.088414,-15.193055,16.595874,-24.155734,-15.173647,16.613549,0.200000,
-24.155743,-15.173678,16.613509,-27.820091,-18.376273,48.151742,-24.315934,-15.127481,16.655376,-24.155734,-15.173647,16.613549,0.200000,
-24.155743,-15.173678,16.613509,-27.820091,-18.376273,48.151742,-24.088414,-15.193055,16.595874,-24.155734,-15.173648,16.613549,0.200000,
-24.155743,-15.173678,16.613509,-27.820091,-18.376273,48.151742,-24.315934,-15.127481,16.655376,-24.155734,-15.173648,16.613549,0.200000,
-24.155743,-15.173678,16.613509,-27.820091,-18.376273,48.151742,-24.088414,-15.193055,16.595874,-24.155734,-15.173648,16.613549,0.200000,
-24.155743,-15.173678,16.613509,-27.820091,-18.376273,48.151742,-24.315934,-15.127481,16.655376,-24.155734,-15.173648,16.613549,0.200000,
-24.155743,-15.173678,16.613509,-27.820091,-18.376273,48.151742,-24.088414,-15.193055,16.595874,-24.155734,-15.173648,16.613549,0.200000,
-24.155743,-15.173678,16.613509,-27.820091,-18.376273,48.151742,-24.315934,-15.127481,16.655375,-24.155734,-15.173648,16.613549,0.200000,
-24.155743,-15.173678,16.613509,-27.820091,-18.376273,48.151742,-24.088413,-15.193055,16.595874,-24.155734,-15.173648,16.613549,0.200000,
-24.155743,-15.173678,16.613509,-27.820091,-18.376273,48.151742,-24.315933,-15.127482,16.655375,-24.155734,-15.173648,16.613549,0.200000,
-24.155743,-15.173678,16.613509,-27.820091,-18.376273,48.151742,-24.088413,-15.193055,16.595874,-24.155734,-15.173648,16.613549,0.200000,
-24.155743,-15.173678,16.613509,-27.820091,-18.376273,48.151742,-24.315933,-15.127482,16.655375,-24.155734,-15.173648,16.613549,0.200000,
-24.155743,-15.173678,16.613509,-27.820091,-18.376273,48.151742,-24.088413,-15.193055,16.595874,-24.155734,-15.173648,16.613548,0.200000,
-24.155743,-15.173678,16.613509,-27.820091,-18.376273,48.151742,-24.315933,-15.127482,16.655375,-24.155734,-15.173648,16.613548,0.200000,
-24.155743,-15.173678,16.613509,-27.820091,-18.376273,48.151742,-24.088413,-15.193055,16.595874,-24.155734,-15.173648,16.613548,0.200000,
-24.155743,-15.173678,16.613509,-27.820091,-18.376273,48.151742,-24.315933,-15.127482,16.655375,-24.155734,-15.173648,16.613548,0.200000,
-24.155743,-15.173678,16.613509,-27.820091,-18.376273,48.151742,-24.088413,-15.193055,16.595874,-24.155734,-15.173648,16.613548,0.200000,
-24.155743,-15.173678,16.613509,-27.820091,-18.376273,48.151742,-24.315933,-15.127482,16.655375,-24.155734,-15.173648,16.613548,0.200000,
-24.155743,-15.173678,16.613509,-27.820091,-18.376273,48.151742,-24.088412,-15.193055,16.595874,-24.155734,-15.173648,16.613548,0.200000,
-24.155743,-15.173678,16.613509,-27.820091,-18.376273,48.151742,-24.315933,-15.127482,16.655375,-24.155734,-15.173649,16.613548,0.200000,
-24.155743,-15.173678,16.613509,-27.820091,-18.376273,48.151742,-24.088412,-15.193055,16.595874,-24.155734,-15.173649,16.613548,0.200000,
-24.155743,-15.173678,16.613509,-27.820091,-18.376273,48.151742,-24.315932,-15.127482,16.655375,-24.155734,-15.173649,16.613548,0.200000,
-24.155743,-15.173678,16.613509,-27.820091,-18.376273,48.151742,-24.088412,-15.193055,16.595874,-24.155735,-15.173649,16.613548,0.200000,
-24.155743,-15.173678,16.613509,-27.820091,-18.376273,48.151742,-24.315932,-15.127482,16.655375,-24.155735,-15.173649,16.613548,0.200000,
-24.155743,-15.173678,16.613509,-27.820091,-18.376273,48.151742,-24.088412,-15.193055,16.595874,-24.155735,-15.173649,16.613547,0.200000,
-24.155743,-15.173678,16.613509,-27.820091,-18.376273,48.151742,-24.315932,-15.127482,16.655375,-24.155735,-15.173649,16.613547,0.200000,
-24.155743,-15.173678,16.613509,-27.820091,-18.376273,48.151742,-24.088412,-15.193055,16.595874,-24.155735,-15.173649,16.613547,0.200000,
-24.155743,-15.173678,16.613509,-27.820091,-18.376273,48.151742,-24.315932,-15.127482,16.655375,-24.155735,-15.173649,16.613547,0.200000,
-24.155743,-15.173678,16.613509,-27.820091,-18.376273,48.151742,-24.088412,-15.193055,16.595874,-24.155735,-15.173649,16.613547,0.200000,
-24.155743,-15.173678,16.613509,-27.820091,-18.376273,48.151742,-24.315932,-15.127482,16.655375,-24.155735,-15.173649,16.613547,0.200000,
-24.155743,-15.173678,16.613509,-27.820091,-18.376273,48.151742,-24.088411,-15.193055,16.595874,-24.155735,-15.173649,16.613547,0.200000,
-24.155743,-15.173678,16.613509,-27.820091,-18.376273,48.151742,-24.315931,-15.127482,16.655375,-24.155735,-15.173649,16.613547,0.200000,
-24.155743,-15.173678,16.613509,-27.820091,-18.376273,48.151742,-24.088411,-15.193055,16.595874,-24.155735,-15.173649,16.613547,0.200000,
-24.155743,-15.173678,16.613509,-27.820091,-18.376273,48.151742,-24.315931,-15.127482,16.655375,-24.155735,-15.173649,16.613547,0.200000,
-24.155743,-15.173678,16.613509,-27.820091,-18.376273,48.151742,-24.088411,-15.193055,16.595874,-24.155735,-15.173649,16.613547,0.200000,
-24.155743,-15.173678,16.613509,-27.820091,-18.376273,48.151742,-24.315931,-15.127482,16.655375,-24.155735,-15.173649,16.613547,0.200000,
-24.155743,-15.173678,16.613509,-27.820091,-18.376273,48.151742,-24.088411,-15.193056,16.595874,-24.155735,-15.173650,16.613547,0.200000,
-24.155743,-15.173678,16.613509,-27.820091,-18.376273,48.151742,-24.315931,-15.127482,16.655375,-24.155735,-15.173650,16.613546,0.200000,
-24.155743,-15.173678,16.613509,-27.820091,-18.376273,48.151742,-24.088411,-15.193056,16.595874,-24.155735,-15.173650,16.613546,0.200000,
-24.155743,-15.173678,16.613509,-27.820091,-18.376273,48.151742,-24.315931,-15.127482,16.655375,-24.155735,-15.173650,16.613546,0.200000,
-24.155743,-15.173678,16.613509,-27.820091,-18.376273,48.151742,-24.088410,-15.193056,16.595874,-24.155735,-15.173650,16.613546,0.200000,
-24.155743,-15.173678,16.613509,-27.820091,-18.376273,48.151742,-24.315931,-15.127482,16.655375,-24.155735,-15.173650,16.613546,0.200000,
-24.155743,-15.173678,16.613509,-27.820091,-18.376273,48.151742,-24.088410,-15.193056,16.595873,-24.155735,-15.173650,16.613546,0.200000,
-24.155743,-15.173678,16.613509,-27.820091,-18.376273,48.151742,-24.315930,-15.127482,16.655375,-24.155735,-15.173650,16.613546,0.200000,
-24.155743,-15.173678,16.613509,-27.820091,-18.376273,48.151742,-24.088410,-15.193056,16.595873,-24.155735,-15.173650,16.613546,0.200000,
-24.155743,-15.173678,16.613509,-27.820091,-18.376273,48.151742,-24.315930,-15.127482,16.655375,-24.155735,-15.173650,16.613546,0.200000,
-24.155743,-15.173678,16.613509,-27.820091,-18.376273,48.151742,-24.088410,-15.193056,16.595873,-24.155735,-15.173650,16.613546,0.200000,
-24.155743,-15.173678,16.613509,-27.820091,-18.376273,48.151742,-24.315930,-15.127483,16.655374,-24.155735,-15.173650,16.613546,0.200000,
-24.155743,-15.173678,16.613509,-27.820091,-18.376273,48.151742,-24.088410,-15.193056,16.595873,-24.155735,-15.173650,16.613546,0.200000,
-24.155743,-15.173678,16.613509,-27.820091,-18.376273,48.151742,-24.315930,-15.127483,16.655374,-24.155735,-15.173650,16.613546,0.200000,
-24.155743,-15.173678,16.613509,-27.820091,-18.376273,48.151742,-24.088409,-15.193056,16.595873,-24.155735,-15.173650,16.613546,0.200000,
-24.155743,-15.173678,16.613509,-27.820091,-18.376273,48.151742,-24.315930,-15.127483,16.655374,-24.155735,-15.173650,16.613545,0.200000,
-24.155743,-15.173678,16.613509,-27.820091,-18.376273,48.151742,-24.088409,-15.193056,16.595873,-24.155735,-15.173650,16.613545,0.200000,
-24.155743,-15.173678,16.613509,-27.820091,-18.376273,48.151742,-24.315929,-15.127483,16.655374,-24.155735,-15.173650,16.613545,0.200000,
-24.155743,-15.173678,16.613509,-27.820091,-18.376273,48.151742,-24.088409,-15.193056,16.595873,-24.155735,-15.173651,16.613545,0.200000,
-24.155743,-15.173678,16.613509,-27.820091,-18.376273,48.151742,-24.315929,-15.127483,16.655374,-24.155735,-15.173651,16.613545,0.200000,
-24.155743,-15.173678,16.613509,-27.820091,-18.376273,48.151742,-24.088409,-15.193056,16.595873,-24.155735,-15.173651,16.613545,0.200000,
-24.155743,-15.173678,16.613509,-27.820091,-18.376273,48.151742,-24.315929,-15.127483,16.655374,-24.155735,-15.173651,16.613545,0.200000,
-24.155743,-15.173678,16.613509,-27.820091,-18.376273,48.151742,-24.088409,-15.193056,16.595873,-24.155735,-15.173651,16.613545,0.200000,
-24.155743,-15.173678,16.613509,-27.820091,-18.376273,48.151742,-24.315929,-15.127483,16.655374,-24.155735,-15.173651,16.613545,0.200000,
-24.155743,-15.173678,16.613509,-27.820091,-18.376273,48.151742,-24.088409,-15.193056,16.595873,-24.155735,-15.173651,16.613545,0.200000,
-24.155743,-15.173678,16.613509,-27.820091,-18.376273,48.151742,-24.315929,-15.127483,16.655374,-24.155735,-15.173651,16.613545,0.200000,
-24.155743,-15.173678,16.613509,-27.820091,-18.376273,48.151742,-24.088408,-15.193056,16.595873,-24.155735,-15.173651,16.613545,0.200000,
-24.155743,-15.173678,16.613509,-27.820091,-18.376273,48.151742,-24.315928,-15.127483,16.655374,-24.155735,-15.173651,16.613545,0.200000,
-24.155743,-15.173678,16.613509,-27.820091,-18.376273,48.151742,-24.088408,-15.193056,16.595873,-24.155735,-15.173651,16.613544,0.200000,
-24.155743,-15.173678,16.613509,-27.820091,-18.376273,48.151742,-24.315928,-15.127483,16.655374,-24.155735,-15.173651,16.613544,0.200000,
-24.155743,-15.173678,16.613509,-27.820091,-18.376273,48.151742,-24.088408,-15.193056,16.595873,-24.155735,-15.173651,16.613544,0.200000,
-24.155743,-15.173678,16.613509,-27.820091,-18.376273,48.151742,-24.315928,-15.127483,16.655374,-24.155735,-15.173651,16.613544,0.200000,
-24.155743,-15.173678,16.613509,-27.820091,-18.376273,48.151742,-24.088408,-15.193056,16.595873,-24.155735,-15.173651,16.613544,0.200000,
-24.155743,-15.173678,16.613509,-27.820091,-18.376273,48.151742,-24.315928,-15.127483,16.655374,-24.155735,-15.173651,16.613544,0.200000,
-24.155743,-15.173678,16.613509,-27.820091,-18.376273,48.151742,-24.088408,-15.193056,16.595873,-24.155735,-15.173651,16.613544,0.200000,
-24.155743,-15.173678,16.613509,-27.820091,-18.376273,48.151742,-24.315928,-15.127483,16.655374,-24.155735,-15.173651,16.613544,0.200000,
-24.155743,-15.173678,16.613509,-27.820091,-18.376273,48.151742,-24.088407,-15.193056,16.595873,-24.155735,-15.173651,16.613544,0.200000,
-24.155743,-15.173678,16.613509,-27.820091,-18.376273,48.151742,-24.315928,-15.127483,16.655374,-24.155735,-15.173652,16.613544,0.200000,
-24.155743,-15.173678,16.613509,-27.820091,-18.376273,48.151742,-24.088407,-15.193057,16.595873,-24.155735,-15.173652,16.613544,0.200000,
-24.155743,-15.173678,16.613509,-27.820091,-18.376273,48.151742,-24.315927,-15.127483,16.655374,-24.155735,-15.173652,16.613544,0.200000,
-24.155743,-15.173678,16.613509,-27.820091,-18.376273,48.151742,-24.088407,-15.193057,16.595873,-24.155735,-15.173652,16.613544,0.200000,
-24.155743,-15.173678,16.613509,-27.820091,-18.376273,48.151742,-24.315927,-15.127483,16.655374,-24.155735,-15.173652,16.613544,0.200000,
-24.155743,-15.173678,16.613509,-27.820091,-18.376273,48.151742,-24.088407,-15.193057,16.595873,-24.155735,-15.173652,16.613544,0.200000,
-24.155743,-15.173678,16.613509,-27.820091,-18.376273,48.151742,-24.315927,-15.127483,16.655374,-24.155735,-15.173652,16.613543,0.200000,
-24.155743,-15.173678,16.613509,-27.820091,-18.376273,48.151742,-24.088407,-15.193057,16.595873,-24.155735,-15.173652,16.613543,0.200000,
-24.155743,-15.173678,16.613509,-27.820091,-18.376273,48.151742,-24.315927,-15.127483,16.655374,-24.155735,-15.173652,16.613543,0.200000,
-24.155743,-15.173678,16.613509,-27.820091,-18.376273,48.151742,-24.088406,-15.193057,16.595872,-24.155736,-15.173652,16.613543,0.200000,
-24.155743,-15.173678,16.613509,-27.820091,-18.376273,48.151742,-24.315927,-15.127484,16.655374,-24.155736,-15.173652,16.613543,0.200000,
-24.155743,-15.173678,16.613509,-27.820091,-18.376273,48.151742,-24.088406,-15.193057,16.595872,-24.155736,-15.173652,16.613543,0.200000,
-24.155743,-15.173678,16.613509,-27.820091,-18.376273,48.151742,-24.315926,-15.127484,16.655374,-24.155736,-15.173652,16.613543,0.200000,
-24.155743,-15.173678,16.613509,-27.820091,-18.376273,48.151742,-24.088406,-15.193057,16.595872,-24.155736,-15.173652,16.613543,0.200000,
-24.155743,-15.173678,16.613509,-27.820091,-18.376273,48.151742,-24.315926,-15.127484,16.655374,-24.155736,-15.173652,16.613543,0.200000,
-24.155743,-15.173678,16.613509,-27.820091,-18.376273,48.151742,-24.088406,-15.193057,16.595872,-24.155736,-15.173652,16.613543,0.200000,
-24.155743,-15.173678,16.613509,-27.820091,-18.376273,48.151742,-24.315926,-15.127484,16.655373,-24.155736,-15.173652,16.613543,0.200000,
-24.155743,-15.173678,16.613509,-27.820091,-18.376273,48.151742,-24.088406,-15.193057,16.595872,-24.155736,-15.173652,16.613543,0.200000,
-24.155743,-15.173678,16.613509,-27.820091,-18.376273,48.151742,-24.315926,-15.127484,16.655373,-24.155736,-15.173652,16.613543,0.200000,
-24.155743,-15.173678,16.613509,-27.820091,-18.376273,48.151742,-24.088406,-15.193057,16.595872,-24.155736,-15.173652,16.613543,0.200000,
-24.155743,-15.173678,16.613509,-27.820091,-18.376273,48.151742,-24.315926,-15.127484,16.655373,-24.155736,-15.173653,16.613542,0.200000,
-24.155743,-15.173678,16.613509,-27.820091,-18.376273,48.151742,-24.088405,-15.193057,16.595872,-24.155736,-15.173653,16.613542,0.200000,
-24.155743,-15.173678,16.613509,-27.820091,-18.376273,48.151742,-24.315926,-15.127484,16.655373,-24.155736,-15.173653,16.613542,0.200000,
-24.155743,-15.173678,16.613509,-27.820091,-18.376273,48.151742,-24.088405,-15.193057,16.595872,-24.155736,-15.173653,16.613542,0.200000,
-24.155743,-15.173678,16.613509,-27.820091,-18.376273,48.151742,-24.315925,-15.127484,16.655373,-24.155736,-15.173653,16.613542,0.200000,
-24.155743,-15.173678,16.613509,-27.820091,-18.376273,48.151742,-24.088405,-15.193057,16.595872,-24.155736,-15.173653,16.613542,0.200000,
-24.155743,-15.173678,16.613509,-27.820091,-18.376273,48.151742,-24.315925,-15.127484,16.655373,-24.155736,-15.173653,16.613542,0.200000,
-24.155743,-15.173678,16.613509,-27.820091,-18.376273,48.151742,-24.088405,-15.193057,16.595872,-24.155736,-15.173653,16.613542,0.200000,
-24.155743,-15.173678,16.613509,-27.820091,-18.376273,48.151742,-24.315925,-15.127484,16.655373,-24.155736,-15.173653,16.613542,0.200000,
-24.155743,-15.173678,16.613509,-27.820091,-18.376273,48.151742,-24.088405,-15.193057,16.595872,-24.155736,-15.173653,16.613542,0.200000,
-24.155743,-15.173678,16.613509,-27.820091,-18.376273,48.151742,-24.315925,-15.127484,16.655373,-24.155736,-15.173653,16.613542,0.200000,
-24.155743,-15.173678,16.613509,-27.820091,-18.376273,48.151742,-24.088404,-15.193057,16.595872,-24.155736,-15.173653,16.613542,0.200000,
-24.155743,-15.173678,16.613509,-27.820091,-18.376273,48.151742,-24.315925,-15.127484,16.655373,-24.155736,-15.173653,16.613542,0.200000,
-24.155743,-15.173678,16.613509,-27.820091,-18.376273,48.151742,-24.088404,-15.193057,16.595872,-24.155736,-15.173653,16.613542,0.200000,
-24.155743,-15.173678,16.613509,-27.820091,-18.376273,48.151742,-24.315924,-15.127484,16.655373,-24.155736,-15.173653,16.613542,0.200000,
-24.155743,-15.173678,16.613509,-27.820091,-18.376273,48.151742,-24.088404,-15.193057,16.595872,-24.155736,-15.173653,16.613541,0.200000,
-24.155743,-15.173678,16.613509,-27.820091,-18.376273,48.151742,-24.315924,-15.127484,16.655373,-24.155736,-15.173653,16.613541,0.200000,
-24.155743,-15.173678,16.613509,-27.820091,-18.376273,48.151742,-24.088404,-15.193057,16.595872,-24.155736,-15.173653,16.613541,0.200000,
-24.155743,-15.173678,16.613509,-27.820091,-18.376273,48.151742,-24.315924,-15.127484,16.655373,-24.155736,-15.173653,16.613541,0.200000,
-24.155743,-15.173678,16.613509,-27.820091,-18.376273,48.151742,-24.088404,-15.193058,16.595872,-24.155736,-15.173653,16.613541,0.200000,
-24.155743,-15.173678,16.613509,-27.820091,-18.376273,48.151742,-24.315924,-15.127484,16.655373,-24.155736,-15.173654,16.613541,0.200000,
-24.155743,-15.173678,16.613509,-27.820091,-18.376273,48.151742,-24.088404,-15.193058,16.595872,-24.155736,-15.173654,16.613541,0.200000,
-24.155743,-15.173678,16.613509,-27.820091,-18.376273,48.151742,-24.315924,-15.127484,16.655373,-24.155736,-15.173654,16.613541,0.200000,
-24.155743,-15.173678,16.613509,-27.820091,-18.376273,48.151742,-24.088403,-15.193058,16.595872,-24.155736,-15.173654,16.613541,0.200000,
-24.155743,-15.173678,16.613509,-27.820091,-18.376273,48.151742,-24.315923,-15.127484,16.655373,-24.155736,-15.173654,16.613541,0.200000,
-24.155743,-15.173678,16.613509,-27.820091,-18.376273,48.151742,-24.088403,-15.193058,16.595872,-24.155736,-15.173654,16.613541,0.200000,
-24.155743,-15.173678,16.613509,-27.820091,-18.376273,48.151742,-24.315923,-15.127484,16.655373,-24.155736,-15.173654,16.613541,0.200000,
-24.155743,-15.173678,16.613509,-27.820091,-18.376273,48.151742,-24.088403,-15.193058,16.595872,-24.155736,-15.173654,16.613541,0.200000,
-24.155743,-15.173678,16.613509,-27.820091,-18.376273,48.151742,-24.315923,-15.127485,16.655373,-24.155736,-15.173654,16.613541,0.200000,
-24.155743,-15.173678,16.613509,-27.820091,-18.376273,48.151742,-24.088403,-15.193058,16.595872,-24.155736,-15.173654,16.613541,0.200000,
-24.155743,-15.173678,16.613509,-27.820091,-18.376273,48.151742,-24.315923,-15.127485,16.655373,-24.155736,-15.173654,16.613541,0.200000,
-24.155743,-15.173678,16.613509,-27.820091,-18.376273,48.151742,-24.088403,-15.193058,16.595871,-24.155736,-15.173654,16.613540,0.200000,
-24.155743,-15.173678,16.613509,-27.820091,-18.376273,48.151742,-24.315923,-15.127485,16.655373,-24.155736,-15.173654,16.613540,0.200000,
-24.155743,-15.173678,16.613509,-27.820091,-18.376273,48.151742,-24.088402,-15.193058,16.595871,-24.155736,-15.173654,16.613540,0.200000,
-24.155743,-15.173678,16.613509,-27.820091,-18.376273,48.151742,-24.315923,-15.127485,16.655373,-24.155736,-15.173654,16.613540,0.200000,
-24.155743,-15.173678,16.613509,-27.820091,-18.376273,48.151742,-24.088402,-15.193058,16.595871,-24.155736,-15.173654,16.613540,0.200000,
-24.155743,-15.173678,16.613509,-27.820091,-18.376273,48.151742,-24.315922,-15.127485,16.655373,-24.155736,-15.173654,16.613540,0.200000,
-24.155743,-15.173678,16.613509,-27.820091,-18.376273,48.151742,-24.088402,-15.193058,16.595871,-24.155736,-15.173654,16.613540,0.200000,
-24.155743,-15.173678,16.613509,-27.820091,-18.376273,48.151742,-24.315922,-15.127485,16.655372,-24.155736,-15.173654,16.613540,0.200000,
-24.155743,-15.173678,16.613509,-27.820091,-18.376273,48.151742,-24.088402,-15.193058,16.595871,-24.155736,-15.173654,16.613540,0.200000,
-24.155743,-15.173678,16.613509,-27.820091,-18.376273,48.151742,-24.315922,-15.127485,16.655372,-24.155736,-15.173654,16.613540,0.200000,
-24.155743,-15.173678,16.613509,-27.820091,-18.376273,48.151742,-24.088402,-15.193058,16.595871,-24.155736,-15.173655,16.613540,0.200000,
-24.155743,-15.173678,16.613509,-27.820091,-18.376273,48.151742,-24.315922,-15.127485,16.655372,-24.155736,-15.173655,16.613540,0.200000,
-24.155743,-15.173678,16.613509,-27.820091,-18.376273,48.151742,-24.088401,-15.193058,16.595871,-24.155736,-15.173655,16.613540,0.200000,
-24.155743,-15.173678,16.613509,-27.820091,-18.376273,48.151742,-24.315922,-15.127485,16.655372,-24.155736,-15.173655,16.613540,0.200000,
-24.155743,-15.173678,16.613509,-27.820091,-18.376273,48.151742,-24.088401,-15.193058,16.595871,-24.155736,-15.173655,16.613540,0.200000,
-24.155743,-15.173678,16.613509,-27.820091,-18.376273,48.151742,-24.315921,-15.127485,16.655372,-24.155736,-15.173655,16.613540,0.200000,
-24.155743,-15.173678,16.613509,-27.820091,-18.376273,48.151742,-24.088401,-15.193058,16.595871,-24.155736,-15.173655,16.613539,0.200000,
-24.155743,-15.173678,16.613509,-27.820091,-18.376273,48.151742,-24.315921,-15.127485,16.655372,-24.155736,-15.173655,16.613539,0.200000,
-24.155743,-15.173678,16.613509,-27.820091,-18.376273,48.151742,-24.088401,-15.193058,16.595871,-24.155736,-15.173655,16.613539,0.200000,
-24.155743,-15.173678,16.613509,-27.820091,-18.376273,48.151742,-24.315921,-15.127485,16.655372,-24.155736,-15.173655,16.613539,0.200000,
-24.155743,-15.173678,16.613509,-27.820091,-18.376273,48.151742,-24.088401,-15.193058,16.595871,-24.155736,-15.173655,16.613539,0.200000,
-24.155743,-15.173678,16.613509,-27.820091,-18.376273,48.151742,-24.315921,-15.127485,16.655372,-24.155736,-15.173655,16.613539,0.200000,
-24.155743,-15.173678,16.613509,-27.820091,-18.376273,48.151742,-24.088401,-15.193058,16.595871,-24.155736,-15.173655,16.613539,0.200000,
-24.155743,-15.173678,16.613509,-27.820091,-18.376273,48.151742,-24.315921,-15.127485,16.655372,-24.155736,-15.173655,16.613539,0.200000,
-24.155743,-15.173678,16.613509,-27.820091,-18.376273,48.151742,-24.088400,-15.193059,16.595871,-24.155736,-15.173655,16.613539,0.200000,
-24.155743,-15.173678,16.613509,-27.820091,-18.376273,48.151742,-24.315920,-15.127485,16.655372,-24.155737,-15.173655,16.613539,0.200000,
-24.155743,-15.173678,16.613509,-27.820091,-18.376273,48.151742,-24.088400,-15.193059,16.595871,-24.155737,-15.173655,16.613539,0.200000,
-24.155743,-15.173678,16.613509,-27.820091,-18.376273,48.151742,-24.315920,-15.127485,16.655372,-24.155737,-15.173655,16.613539,0.200000,
-24.155743,-15.173678,16.613509,-27.820091,-18.376273,48.151742,-24.088400,-15.193059,16.595871,-24.155737,-15.173655,16.613539,0.200000,
-24.155743,-15.173678,16.613509,-27.820091,-18.376273,48.151742,-24.315920,-15.127485,16.655372,-24.155737,-15.173655,16.613539,0.200000,
-24.155743,-15.173678,16.613509,-27.820091,-18.376273,48.151742,-24.088400,-15.193059,16.595871,-24.155737,-15.173655,16.613539,0.200000,
-24.155743,-15.173678,16.613509,-27.820091,-18.376273,48.151742,-24.315920,-15.127485,16.655372,-24.155737,-15.173655,16.613539,0.200000,
-24.155743,-15.173678,16.613509,-27.820091,-18.376273,48.151742,-24.088400,-15.193059,16.595871,-24.155737,-15.173656,16.613538,0.200000,
-24.155743,-15.173678,16.613509,-27.820091,-18.376273,48.151742,-24.315920,-15.127485,16.655372,-24.155737,-15.173656,16.613538,0.200000,
-24.155743,-15.173678,16.613509,-27.820091,-18.376273,48.151742,-24.088399,-15.193059,16.595871,-24.155737,-15.173656,16.613538,0.200000,
-24.155743,-15.173678,16.613509,-27.820091,-18.376273,48.151742,-24.315920,-15.127486,16.655372,-24.155737,-15.173656,16.613538,0.200000,
-24.155743,-15.173678,16.613509,-27.820091,-18.376273,48.151742,-24.088399,-15.193059,16.595871,-24.155737,-15.173656,16.613538,0.200000,
-24.155743,-15.173678,16.613509,-27.820091,-18.376273,48.151742,-24.315919,-15.127486,16.655372,-24.155737,-15.173656,16.613538,0.200000,
-24.155743,-15.173678,16.613509,-27.820091,-18.376273,48.151742,-24.088399,-15.193059,16.595871,-24.155737,-15.173656,16.613538,0.200000,
-24.155743,-15.173678,16.613509,-27.820091,-18.376273,48.151742,-24.315919,-15.127486,16.655372,-24.155737,-15.173656,16.613538,0.200000,
-24.155743,-15.173678,16.613509,-27.820091,-18.376273,48.151742,-24.088399,-15.193059,16.595870,-24.155737,-15.173656,16.613538,0.200000,
-24.155743,-15.173678,16.613509,-27.820091,-18.376273,48.151742,-24.315919,-15.127486,16.655372,-24.155737,-15.173656,16.613538,0.200000,
-24.155743,-15.173678,16.613509,-27.820091,-18.376273,48.151742,-24.088399,-15.193059,16.595870,-24.155737,-15.173656,16.613538,0.200000,
-24.155743,-15.173678,16.613509,-27.820091,-18.376273,48.151742,-24.315919,-15.127486,16.655372,-24.155737,-15.173656,16.613538,0.200000,
-24.155743,-15.173678,16.613509,-27.820091,-18.376273,48.151742,-24.088399,-15.193059,16.595870,-24.155737,-15.173656,16.613538,0.200000,
-24.155743,-15.173678,16.613509,-27.820091,-18.376273,48.151742,-24.315919,-15.127486,16.655372,-24.155737,-15.173656,16.613538,0.200000,
-24.155743,-15.173678,16.613509,-27.820091,-18.376273,48.151742,-24.088398,-15.193059,16.595870,-24.155737,-15.173656,16.613538,0.200000,
-24.155743,-15.173678,16.613509,-27.820091,-18.376273,48.151742,-24.315918,-15.127486,16.655371,-24.155737,-15.173656,16.613538,0.200000,
-24.155743,-15.173678,16.613509,-27.820091,-18.376273,48.151742,-24.088398,-15.193059,16.595870,-24.155737,-15.173656,16.613538,0.200000,
-24.155743,-15.173678,16.613509,-27.820091,-18.376273,48.151742,-24.315918,-15.127486,16.655371,-24.155737,-15.173656,16.613537,0.200000,
-24.155743,-15.173678,16.613509,-27.820091,-18.376273,48.151742,-24.088398,-15.193059,16.595870,-24.155737,-15.173656,16.613537,0.200000,
-24.155743,-15.173678,16.613509,-27.820091,-18.376273,48.151742,-24.315918,-15.127486,16.655371,-24.155737,-15.173656,16.613537,0.200000,
-24.155743,-15.173678,16.613509,-27.820091,-18.376273,48.151742,-24.088398,-15.193059,16.595870,-24.155737,-15.173656,16.613537,0.200000,
-24.155743,-15.173678,16.613509,-27.820091,-18.376273,48.151742,-24.315918,-15.127486,16.655371,-24.155737,-15.173656,16.613537,0.200000,
-24.155743,-15.173678,16.613509,-27.820091,-18.376273,48.151742,-24.088398,-15.193059,16.595870,-24.155737,-15.173656,16.613537,0.200000,
-24.155743,-15.173678,16.613509,-27.820091,-18.376273,48.151742,-24.315918,-15.127486,16.655371,-24.155737,-15.173657,16.613537,0.200000,
-24.155743,-15.173678,16.613509,-27.820091,-18.376273,48.151742,-24.088397,-15.193059,16.595870,-24.155737,-15.173657,16.613537,0.200000,
-24.155743,-15.173678,16.613509,-27.820091,-18.376273,48.151742,-24.315918,-15.127486,16.655371,-24.155737,-15.173657,16.613537,0.200000,
-24.155743,-15.173678,16.613509,-27.820091,-18.376273,48.151742,-24.088397,-15.193059,16.595870,-24.155737,-15.173657,16.613537,0.200000,
-24.155743,-15.173678,16.613509,-27.820091,-18.376273,48.151742,-24.315917,-15.127486,16.655371,-24.155737,-15.173657,16.613537,0.200000,
-24.155743,-15.173678,16.613509,-27.820091,-18.376273,48.151742,-24.088397,-15.193059,16.595870,-24.155737,-15.173657,16.613537,0.200000,
-24.155743,-15.173678,16.613509,-27.820091,-18.376273,48.151742,-24.315917,-15.127486,16.655371,-24.155737,-15.173657,16.613537,0.200000,
-24.155743,-15.173678,16.613509,-27.820091,-18.376273,48.151742,-24.088397,-15.193060,16.595870,-24.155737,-15.173657,16.613537,0.200000,
-24.155743,-15.173678,16.613509,-27.820091,-18.376273,48.151742,-24.315917,-15.127486,16.655371,-24.155737,-15.173657,16.613537,0.200000,
-24.155743,-15.173678,16.613509,-27.820091,-18.376273,48.151742,-24.088397,-15.193060,16.595870,-24.155737,-15.173657,16.613537,0.200000,
-24.155743,-15.173678,16.613509,-27.820091,-18.376273,48.151742,-24.315917,-15.127486,16.655371,-24.155737,-15.173657,16.613537,0.200000,
-24.155743,-15.173678,16.613509,-27.820091,-18.376273,48.151742,-24.088396,-15.193060,16.595870,-24.155737,-15.173657,16.613537,0.200000,
-24.155743,-15.173678,16.613509,-27.820091,-18.376273,48.151742,-24.315917,-15.127486,16.655371,-24.155737,-15.173657,16.613536,0.200000,
-24.155743,-15.173678,16.613509,-27.820091,-18.376273,48.151742,-24.088396,-15.193060,16.595870,-24.155737,-15.173657,16.613536,0.200000,
-24.155743,-15.173678,16.613509,-27.820091,-18.376273,48.151742,-24.315916,-15.127486,16.655371,-24.155737,-15.173657,16.613536,0.200000,
-24.155743,-15.173678,16.613509,-27.820091,-18.376273,48.151742,-24.088396,-15.193060,16.595870,-24.155737,-15.173657,16.613536,0.200000,
-24.155743,-15.173678,16.613509,-27.820091,-18.376273,48.151742,-24.315916,-15.127487,16.655371,-24.155737,-15.173657,16.613536,0.200000,
-24.155743,-15.173678,16.613509,-27.820091,-18.376273,48.151742,-24.088396,-15.193060,16.595870,-24.155737,-15.173657,16.613536,0.200000,
-24.155743,-15.173678,16.613509,-27.820091,-18.376273,48.151742,-24.315916,-15.127487,16.655371,-24.155737,-15.173657,16.613536,0.200000,
-24.155743,-15.173678,16.613509,-27.820091,-18.376273,48.151742,-24.088396,-15.193060,16.595870,-24.155737,-15.173657,16.613536,0.200000,
-24.155743,-15.173678,16.613509,-27.820091,-18.376273,48.151742,-24.315916,-15.127487,16.655371,-24.155737,-15.173657,16.613536,0.200000,
-24.155743,-15.173678,16.613509,-27.820091,-18.376273,48.151742,-24.088396,-15.193060,16.595870,-24.155737,-15.173657,16.613536,0.200000,
-24.155743,-15.173678,16.613509,-27.820091,-18.376273,48.151742,-24.315916,-15.127487,16.655371,-24.155737,-15.173657,16.613536,0.200000,
-24.155743,-15.173678,16.613509,-27.820091,-18.376273,48.151742,-24.088395,-15.193060,16.595870,-24.155737,-15.173657,16.613536,0.200000,
-24.155743,-15.173678,16.613509,-27.820091,-18.376273,48.151742,-24.315915,-15.127487,16.655371,-24.155737,-15.173658,16.613536,0.200000,
-24.155743,-15.173678,16.613509,-27.820091,-18.376273,48.151742,-24.088395,-15.193060,16.595870,-24.155737,-15.173658,16.613536,0.200000,
-24.155743,-15.173678,16.613509,-27.820091,-18.376273,48.151742,-24.315915,-15.127487,16.655371,-24.155737,-15.173658,16.613536,0.200000,
-24.155743,-15.173678,16.613509,-27.820091,-18.376273,48.151742,-24.088395,-15.193060,16.595869,-24.155737,-15.173658,16.613536,0.200000,
-24.155743,-15.173678,16.613509,-27.820091,-18.376273,48.151742,-24.315915,-15.127487,16.655371,-24.155737,-15.173658,16.613536,0.200000,
-24.155743,-15.173678,16.613509,-27.820091,-18.376273,48.151742,-24.088395,-15.193060,16.595869,-24.155737,-15.173658,16.613536,0.200000,
-24.155743,-15.173678,16.613509,-27.820091,-18.376273,48.151742,-24.315915,-15.127487,16.655371,-24.155737,-15.173658,16.613535,0.200000,
-24.155743,-15.173678,16.613509,-27.820091,-18.376273,48.151742,-24.088395,-15.193060,16.595869,-24.155737,-15.173658,16.613535,0.200000,
-24.155743,-15.173678,16.613509,-27.820091,-18.376273,48.151742,-24.315915,-15.127487,16.655371,-24.155737,-15.173658,16.613535,0.200000,
-24.155743,-15.173678,16.613509,-27.820091,-18.376273,48.151742,-24.088394,-15.193060,16.595869,-24.155737,-15.173658,16.613535,0.200000,
-24.155743,-15.173678,16.613509,-27.820091,-18.376273,48.151742,-24.315915,-15.127487,16.655370,-24.155737,-15.173658,16.613535,0.200000,
-24.155743,-15.173678,16.613509,-27.820091,-18.376273,48.151742,-24.088394,-15.193060,16.595869,-24.155737,-15.173658,16.613535,0.200000,
-24.155743,-15.173678,16.613509,-27.820091,-18.376273,48.151742,-24.315914,-15.127487,16.655370,-24.155737,-15.173658,16.613535,0.200000,
-24.155743,-15.173678,16.613509,-27.820091,-18.376273,48.151742,-24.088394,-15.193060,16.595869,-24.155737,-15.173658,16.613535,0.200000,
-24.155743,-15.173678,16.613509,-27.820091,-18.376273,48.151742,-24.315914,-15.127487,16.655370,-24.155737,-15.173658,16.613535,0.200000,
-24.155743,-15.173678,16.613509,-27.820091,-18.376273,48.151742,-24.088394,-15.193060,16.595869,-24.155737,-15.173658,16.613535,0.200000,
-24.155743,-15.173678,16.613509,-27.820091,-18.376273,48.151742,-24.315914,-15.127487,16.655370,-24.155737,-15.173658,16.613535,0.200000,
-24.155743,-15.173678,16.613509,-27.820091,-18.376273,48.151742,-24.088394,-15.193060,16.595869,-24.155737,-15.173658,16.613535,0.200000,
-24.155743,-15.173678,16.613509,-27.820091,-18.376273,48.151742,-24.315914,-15.127487,16.655370,-24.155737,-15.173658,16.613535,0.200000,
-24.155743,-15.173678,16.613509,-27.820091,-18.376273,48.151742,-24.088393,-15.193060,16.595869,-24.155737,-15.173658,16.613535,0.200000,
-24.155743,-15.173678,16.613509,-27.820091,-18.376273,48.151742,-24.315914,-15.127487,16.655370,-24.155737,-15.173658,16.613535,0.200000,
-24.155743,-15.173678,16.613509,-27.820091,-18.376273,48.151742,-24.088393,-15.193061,16.595869,-24.155737,-15.173658,16.613535,0.200000,
-24.155743,-15.173678,16.613509,-27.820091,-18.376273,48.151742,-24.315913,-15.127487,16.655370,-24.155737,-15.173658,16.613535,0.200000,
-24.155743,-15.173678,16.613509,-27.820091,-18.376273,48.151742,-24.088393,-15.193061,16.595869,-24.155737,-15.173658,16.613535,0.200000,
-24.155743,-15.173678,16.613509,-27.820091,-18.376273,48.151742,-24.315913,-15.127487,16.655370,-24.155738,-15.173658,16.613535,0.200000,
-24.155743,-15.173678,16.613509,-27.820091,-18.376273,48.151742,-24.088393,-15.193061,16.595869,-24.155738,-15.173658,16.613534,0.200000,
-24.155743,-15.173678,16.613509,-27.820091,-18.376273,48.151742,-24.315913,-15.127487,16.655370,-24.155738,-15.173659,16.613534,0.200000,
-24.155743,-15.173678,16.613509,-27.820091,-18.376273,48.151742,-24.088393,-15.193061,16.595869,-24.155738,-15.173659,16.613534,0.200000,
-24.155743,-15.173678,16.613509,-27.820091,-18.376273,48.151742,-24.315913,-15.127487,16.655370,-24.155738,-15.173659,16.613534,0.200000,
-24.155743,-15.173678,16.613509,-27.820091,-18.376273,48.151742,-24.088393,-15.193061,16.595869,-24.155738,-15.173659,16.613534,0.200000,
-24.155743,-15.173678,16.613509,-27.820091,-18.376273,48.151742,-24.315913,-15.127488,16.655370,-24.155738,-15.173659,16.613534,0.200000,
-24.155743,-15.173678,16.613509,-27.820091,-18.376273,48.151742,-24.088392,-15.193061,16.595869,-24.155738,-15.173659,16.613534,0.200000,
-24.155743,-15.173678,16.613509,-27.820091,-18.376273,48.151742,-24.315913,-15.127488,16.655370,-24.155738,-15.173659,16.613534,0.200000,
-24.155743,-15.173678,16.613509,-27.820091,-18.376273,48.151742,-24.088392,-15.193061,16.595869,-24.155738,-15.173659,16.613534,0.200000,
-24.155743,-15.173678,16.613509,-27.820091,-18.376273,48.151742,-24.315912,-15.127488,16.655370,-24.155738,-15.173659,16.613534,0.200000,
-24.155743,-15.173678,16.613509,-27.820091,-18.376273,48.151742,-24.088392,-15.193061,16.595869,-24.155738,-15.173659,16.613534,0.200000,
-24.155743,-15.173678,16.613509,-27.820091,-18.376273,48.151742,-24.315912,-15.127488,16.655370,-24.155738,-15.173659,16.613534,0.200000,
-24.155743,-15.173678,16.613509,-27.820091,-18.376273,48.151742,-24.088392,-15.193061,16.595869,-24.155738,-15.173659,16.613534,0.200000,
-24.155743,-15.173678,16.613509,-27.820091,-18.376273,48.151742,-24.315912,-15.127488,16.655370,-24.155738,-15.173659,16.613534,0.200000,
-24.155743,-15.173678,16.613509,-27.820091,-18.376273,48.151742,-24.088392,-15.193061,16.595869,-24.155738,-15.173659,16.613534,0.200000,
-24.155743,-15.173678,16.613509,-27.820091,-18.376273,48.151742,-24.315912,-15.127488,16.655370,-24.155738,-15.173659,16.613534,0.200000,
-24.155743,-15.173678,16.613509,-27.820091,-18.376273,48.151742,-24.088391,-15.193061,16.595869,-24.155738,-15.173659,16.613534,0.200000,
-24.155743,-15.173678,16.613509,-27.820091,-18.376273,48.151742,-24.315912,-15.127488,16.655370,-24.155738,-15.173659,16.613534,0.200000,
-24.155743,-15.173678,16.613509,-27.820091,-18.376273,48.151742,-24.088391,-15.193061,16.595868,-24.155738,-15.173659,16.613534,0.200000,
-24.155743,-15.173678,16.613509,-27.820091,-18.376273,48.151742,-24.315911,-15.127488,16.655370,-24.155738,-15.173659,16.613534,0.200000,
-24.155743,-15.173678,16.613509,-27.820091,-18.376273,48.151742,-24.088391,-15.193061,16.595868,-24.155738,-15.173659,16.613533,0.200000,
-24.155743,-15.173678,16.613509,-27.820091,-18.376273,48.151742,-24.315911,-15.127488,16.655370,-24.155738,-15.173659,16.613533,0.200000,
-24.155743,-15.173678,16.613509,-27.820091,-18.376273,48.151742,-24.088391,-15.193061,16.595868,-24.155738,-15.173659,16.613533,0.200000,
-24.155743,-15.173678,16.613509,-27.820091,-18.376273,48.151742,-24.315911,-15.127488,16.655370,-24.155738,-15.173659,16.613533,0.200000,
-24.155743,-15.173678,16.613509,-27.820091,-18.376273,48.151742,-24.088391,-15.193061,16.595868,-24.155738,-15.173659,16.613533,0.200000,
-24.155743,-15.173678,16.613509,-27.820091,-18.376273,48.151742,-24.315911,-15.127488,16.655370,-24.155738,-15.173659,16.613533,0.200000,
-24.155743,-15.173678,16.613509,-27.820091,-18.376273,48.151742,-24.088391,-15.193061,16.595868,-24.155738,-15.173659,16.613533,0.200000,
-24.155743,-15.173678,16.613509,-27.820091,-18.376273,48.151742,-24.315911,-15.127488,16.655369,-24.155738,-15.173659,16.613533,0.200000,
-24.155743,-15.173678,16.613509,-27.820091,-18.376273,48.151742,-24.088390,-15.193061,16.595868,-24.155738,-15.173660,16.613533,0.200000,
-24.155743,-15.173678,16.613509,-27.820091,-18.376273,48.151742,-24.315910,-15.127488,16.655369,-24.155738,-15.173660,16.613533,0.200000,
-24.155743,-15.173678,16.613509,-27.820091,-18.376273,48.151742,-24.088390,-15.193061,16.595868,-24.155738,-15.173660,16.613533,0.200000,
-24.155743,-15.173678,16.613509,-27.820091,-18.376273,48.151742,-24.315910,-15.127488,16.655369,-24.155738,-15.173660,16.613533,0.200000,
-24.155743,-15.173678,16.613509,-27.820091,-18.376273,48.151742,-24.088390,-15.193061,16.595868,-24.155738,-15.173660,16.613533,0.200000,
-24.155743,-15.173678,16.613509,-27.820091,-18.376273,48.151742,-24.315910,-15.127488,16.655369,-24.155738,-15.173660,16.613533,0.200000,
-24.155743,-15.173678,16.613509,-27.820091,-18.376273,48.151742,-24.088390,-15.193062,16.595868,-24.155738,-15.173660,16.613533,0.200000,
-24.155743,-15.173678,16.613509,-27.820091,-18.376273,48.151742,-24.315910,-15.127488,16.655369,-24.155738,-15.173660,16.613533,0.200000,
-24.155743,-15.173678,16.613509,-27.820091,-18.376273,48.151742,-24.088390,-15.193062,16.595868,-24.155738,-15.173660,16.613533,0.200000,
-24.155743,-15.173678,16.613509,-27.820091,-18.376273,48.151742,-24.315910,-15.127488,16.655369,-24.155738,-15.173660,16.613533,0.200000,
-24.155743,-15.173678,16.613509,-27.820091,-18.376273,48.151742,-24.088389,-15.193062,16.595868,-24.155738,-15.173660,16.613533,0.200000,
-24.155743,-15.173678,16.613509,-27.820091,-18.376273,48.151742,-24.315910,-15.127488,16.655369,-24.155738,-15.173660,16.613533,0.200000,
-24.155743,-15.173678,16.613509,-27.820091,-18.376273,48.151742,-24.088389,-15.193062,16.595868,-24.155738,-15.173660,16.613532,0.200000,
-24.155743,-15.173678,16.613509,-27.820091,-18.376273,48.151742,-24.315909,-15.127488,16.655369,-24.155738,-15.173660,16.613532,0.200000,
-24.155743,-15.173678,16.613509,-27.820091,-18.376273,48.151742,-24.088389,-15.193062,16.595868,-24.155738,-15.173660,16.613532,0.200000,
-24.155743,-15.173678,16.613509,-27.820091,-18.376273,48.151742,-24.315909,-15.127489,16.655369,-24.155738,-15.173660,16.613532,0.200000,
-24.155743,-15.173678,16.613509,-27.820091,-18.376273,48.151742,-24.088389,-15.193062,16.595868,-24.155738,-15.173660,16.613532,0.200000,
-24.155743,-15.173678,16.613509,-27.820091,-18.376273,48.151742,-24.315909,-15.127489,16.655369,-24.155738,-15.173660,16.613532,0.200000,
-24.155743,-15.173678,16.613509,-27.820091,-18.376273,48.151742,-24.088389,-15.193062,16.595868,-24.155738,-15.173660,16.613532,0.200000,
-24.155743,-15.173678,16.613509,-27.820091,-18.376273,48.151742,-24.315909,-15.127489,16.655369,-24.155738,-15.173660,16.613532,0.200000,
-24.155743,-15.173678,16.613509,-27.820091,-18.376273,48.151742,-24.088388,-15.193062,16.595868,-24.155738,-15.173660,16.613532,0.200000,
-24.155743,-15.173678,16.613509,-27.820091,-18.376273,48.151742,-24.315909,-15.127489,16.655369,-24.155738,-15.173660,16.613532,0.200000,
-24.155743,-15.173678,16.613509,-27.820091,-18.376273,48.151742,-24.088388,-15.193062,16.595868,-24.155738,-15.173660,16.613532,0.200000,
-24.155743,-15.173678,16.613509,-27.820091,-18.376273,48.151742,-24.315908,-15.127489,16.655369,-24.155738,-15.173660,16.613532,0.200000,
-24.155743,-15.173678,16.613509,-27.820091,-18.376273,48.151742,-24.088388,-15.193062,16.595868,-24.155738,-15.173660,16.613532,0.200000,
-24.155743,-15.173678,16.613509,-27.820091,-18.376273,48.151742,-24.315908,-15.127489,16.655369,-24.155738,-15.173660,16.613532,0.200000,
-24.155743,-15.173678,16.613509,-27.820091,-18.376273,48.151742,-24.088388,-15.193062,16.595868,-24.155738,-15.173660,16.613532,0.200000,
-24.155743,-15.173678,16.613509,-27.820091,-18.376273,48.151742,-24.315908,-15.127489,16.655369,-24.155738,-15.173660,16.613532,0.200000,
-24.155743,-15.173678,16.613509,-27.820091,-18.376273,48.151742,-24.088388,-15.193062,16.595868,-24.155738,-15.173661,16.613532,0.200000,
-24.155743,-15.173678,16.613509,-27.820091,-18.376273,48.151742,-24.315908,-15.127489,16.655369,-24.155738,-15.173661,16.613532,0.200000,
-24.155743,-15.173678,16.613509,-27.820091,-18.376273,48.151742,-24.088388,-15.193062,16.595868,-24.155738,-15.173661,16.613532,0.200000,
-24.155743,-15.173678,16.613509,-27.820091,-18.376273,48.151742,-24.315908,-15.127489,16.655369,-24.155738,-15.173661,16.613532,0.200000,
-24.155743,-15.173678,16.613509,-27.820091,-18.376273,48.151742,-24.088387,-15.193062,16.595867,-24.155738,-15.173661,16.613532,0.200000,
-24.155743,-15.173678,16.613509,-27.820091,-18.376273,48.151742,-24.315907,-15.127489,16.655369,-24.155738,-15.173661,16.613532,0.200000,
-24.155743,-15.173678,16.613509,-27.820091,-18.376273,48.151742,-24.088387,-15.193062,16.595867,-24.155738,-15.173661,16.613531,0.200000,
-24.155743,-15.173678,16.613509,-27.820091,-18.376273,48.151742,-24.315907,-15.127489,16.655369,-24.155738,-15.173661,16.613531,0.200000,
-24.155743,-15.173678,16.613509,-27.820091,-18.376273,48.151742,-24.088387,-15.193062,16.595867,-24.155738,-15.173661,16.613531,0.200000,
-24.155743,-15.173678,16.613509,-27.820091,-18.376273,48.151742,-24.315907,-15.127489,16.655369,-24.155738,-15.173661,16.613531,0.200000,
-24.155743,-15.173678,16.613509,-27.820091,-18.376273,48.151742,-24.088387,-15.193062,16.595867,-24.155738,-15.173661,16.613531,0.200000,
-24.155743,-15.173678,16.613509,-27.820091,-18.376273,48.151742,-24.315907,-15.127489,16.655368,-24.155738,-15.173661,16.613531,0.200000,
-24.155743,-15.173678,16.613509,-27.820091,-18.376273,48.151742,-24.088387,-15.193062,16.595867,-24.155738,-15.173661,16.613531,0.200000,
-24.155743,-15.173678,16.613509,-27.820091,-18.376273,48.151742,-24.315907,-15.127489,16.655368,-24.155738,-15.173661,16.613531,0.200000,
-24.155743,-15.173678,16.613509,-27.820091,-18.376273,48.151742,-24.088386,-15.193063,16.595867,-24.155738,-15.173661,16.613531,0.200000,
-24.155743,-15.173678,16.613509,-27.820091,-18.376273,48.151742,-24.315907,-15.127489,16.655368,-24.155738,-15.173661,16.613531,0.200000,
-24.155743,-15.173678,16.613509,-27.820091,-18.376273,48.151742,-24.088386,-15.193063,16.595867,-24.155738,-15.173661,16.613531,0.200000,
-24.155743,-15.173678,16.613509,-27.820091,-18.376273,48.151742,-24.315906,-15.127489,16.655368,-24.155738,-15.173661,16.613531,0.200000,
-24.155743,-15.173678,16.613509,-27.820091,-18.376273,48.151742,-24.088386,-15.193063,16.595867,-24.155738,-15.173661,16.613531,0.200000,
-24.155743,-15.173678,16.613509,-27.820091,-18.376273,48.151742,-24.315906,-15.127489,16.655368,-24.155738,-15.173661,16.613531,0.200000,
-24.155743,-15.173678,16.613509,-27.820091,-18.376273,48.151742,-24.088386,-15.193063,16.595867,-24.155738,-15.173661,16.613531,0.200000,
-24.155743,-15.173678,16.613509,-27.820091,-18.376273,48.151742,-24.315906,-15.127489,16.655368,-24.155738,-15.173661,16.613531,0.200000,
-24.155743,-15.173678,16.613509,-27.820091,-18.376273,48.151742,-24.088386,-15.193063,16.595867,-24.155738,-15.173661,16.613531,0.200000,
-24.155743,-15.173678,16.613509,-27.820091,-18.376273,48.151742,-24.315906,-15.127490,16.655368,-24.155738,-15.173661,16.613531,0.200000,
-24.155743,-15.173678,16.613509,-27.820091,-18.376273,48.151742,-24.088386,-15.193063,16.595867,-24.155738,-15.173661,16.613531,0.200000,
-24.155743,-15.173678,16.613509,-27.820091,-18.376273,48.151742,-24.315906,-15.127490,16.655368,-24.155738,-15.173661,16.613531,0.200000,
-24.155743,-15.173678,16.613509,-27.820091,-18.376273,48.151742,-24.088385,-15.193063,16.595867,-24.155738,-15.173661,16.613531,0.200000,
-24.155743,-15.173678,16.613509,-27.820091,-18.376273,48.151742,-24.315905,-15.127490,16.655368,-24.155738,-15.173661,16.613531,0.200000,
-24.155743,-15.173678,16.613509,-27.820091,-18.376273,48.151742,-24.088385,-15.193063,16.595867,-24.155738,-15.173661,16.613530,0.200000,
-24.155743,-15.173678,16.613509,-27.820091,-18.376273,48.151742,-24.315905,-15.127490,16.655368,-24.155738,-15.173661,16.613530,0.200000,
-24.155743,-15.173678,16.613509,-27.820091,-18.376273,48.151742,-24.088385,-15.193063,16.595867,-24.155738,-15.173662,16.613530,0.200000,
-24.155743,-15.173678,16.613509,-27.820091,-18.376273,48.151742,-24.315905,-15.127490,16.655368,-24.155738,-15.173662,16.613530,0.200000,
-24.155743,-15.173678,16.613509,-27.820091,-18.376273,48.151742,-24.088385,-15.193063,16.595867,-24.155738,-15.173662,16.613530,0.200000,
-24.155743,-15.173678,16.613509,-27.820091,-18.376273,48.151742,-24.315905,-15.127490,16.655368,-24.155738,-15.173662,16.613530,0.200000,
-24.155743,-15.173678,16.613509,-27.820091,-18.376273,48.151742,-24.088385,-15.193063,16.595867,-24.155738,-15.173662,16.613530,0.200000,
-24.155743,-15.173678,16.613509,-27.820091,-18.376273,48.151742,-24.315905,-15.127490,16.655368,-24.155739,-15.173662,16.613530,0.200000,
-24.155743,-15.173678,16.613509,-27.820091,-18.376273,48.151742,-24.088384,-15.193063,16.595867,-24.155739,-15.173662,16.613530,0.200000,
-24.155743,-15.173678,16.613509,-27.820091,-18.376273,48.151742,-24.315905,-15.127490,16.655368,-24.155739,-15.173662,16.613530,0.200000,
-24.155743,-15.173678,16.613509,-27.820091,-18.376273,48.151742,-24.088384,-15.193063,16.595867,-24.155739,-15.173662,16.613530,0.200000,
-24.155743,-15.173678,16.613509,-27.820091,-18.376273,48.151742,-24.315904,-15.127490,16.655368,-24.155739,-15.173662,16.613530,0.200000,
-24.155743,-15.173678,16.613509,-27.820091,-18.376273,48.151742,-24.088384,-15.193063,16.595867,-24.155739,-15.173662,16.613530,0.200000,
-24.155743,-15.173678,16.613509,-27.820091,-18.376273,48.151742,-24.315904,-15.127490,16.655368,-24.155739,-15.173662,16.613530,0.200000,
-24.155743,-15.173678,16.613509,-27.820091,-18.376273,48.151742,-24.088384,-15.193063,16.595867,-24.155739,-15.173662,16.613530,0.200000,
-24.155743,-15.173678,16.613509,-27.820091,-18.376273,48.151742,-24.315904,-15.127490,16.655368,-24.155739,-15.173662,16.613530,0.200000,
-24.155743,-15.173678,16.613509,-27.820091,-18.376273,48.151742,-24.088384,-15.193063,16.595866,-24.155739,-15.173662,16.613530,0.200000,
-24.155743,-15.173678,16.613509,-27.820091,-18.376273,48.151742,-24.315904,-15.127490,16.655368,-24.155739,-15.173662,16.613530,0.200000,
-24.155743,-15.173678,16.613509,-27.820091,-18.376273,48.151742,-24.088383,-15.193063,16.595866,-24.155739,-15.173662,16.613530,0.200000,
-24.155743,-15.173678,16.613509,-27.820091,-18.376273,48.151742,-24.315904,-15.127490,16.655368,-24.155739,-15.173662,16.613530,0.200000,
-24.155743,-15.173678,16.613509,-27.820091,-18.376273,48.151742,-24.088383,-15.193063,16.595866,-24.155739,-15.173662,16.613530,0.200000,
-24.155743,-15.173678,16.613509,-27.820091,-18.376273,48.151742,-24.315903,-15.127490,16.655368,-24.155739,-15.173662,16.613530,0.200000,
-24.155743,-15.173678,16.613509,-27.820091,-18.376273,48.151742,-24.088383,-15.193063,16.595866,-24.155739,-15.173662,16.613530,0.200000,
-24.155743,-15.173678,16.613509,-27.820091,-18.376273,48.151742,-24.315903,-15.127490,16.655368,-24.155739,-15.173662,16.613530,0.200000,
-24.155743,-15.173678,16.613509,-27.820091,-18.376273,48.151742,-24.088383,-15.193064,16.595866,-24.155739,-15.173662,16.613529,0.200000,
-24.155743,-15.173678,16.613509,-27.820091,-18.376273,48.151742,-24.315903,-15.127490,16.655367,-24.155739,-15.173662,16.613529,0.200000,
-24.155743,-15.173678,16.613509,-27.820091,-18.376273,48.151742,-24.088383,-15.193064,16.595866,-24.155739,-15.173662,16.613529,0.200000,
-24.155743,-15.173678,16.613509,-27.820091,-18.376273,48.151742,-24.315903,-15.127490,16.655367,-24.155739,-15.173662,16.613529,0.200000,
-24.155743,-15.173678,16.613509,-27.820091,-18.376273,48.151742,-24.088383,-15.193064,16.595866,-24.155739,-15.173662,16.613529,0.200000,
-24.155743,-15.173678,16.613509,-27.820091,-18.376273,48.151742,-24.315903,-15.127490,16.655367,-24.155739,-15.173662,16.613529,0.200000,
-24.155743,-15.173678,16.613509,-27.820091,-18.376273,48.151742,-24.088382,-15.193064,16.595866,-24.155739,-15.173662,16.613529,0.200000,
-24.155743,-15.173678,16.613509,-27.820091,-18.376273,48.151742,-24.315902,-15.127490,16.655367,-24.155739,-15.173662,16.613529,0.200000,
-24.155743,-15.173678,16.613509,-27.820091,-18.376273,48.151742,-24.088382,-15.193064,16.595866,-24.155739,-15.173662,16.613529,0.200000,
-24.155743,-15.173678,16.613509,-27.820091,-18.376273,48.151742,-24.315902,-15.127491,16.655367,-24.155739,-15.173662,16.613529,0.200000,
-24.155743,-15.173678,16.613509,-27.820091,-18.376273,48.151742,-24.088382,-15.193064,16.595866,-24.155739,-15.173663,16.613529,0.200000,
-24.155743,-15.173678,16.613509,-27.820091,-18.376273,48.151742,-24.315902,-15.127491,16.655367,-24.155739,-15.173663,16.613529,0.200000,
-24.155743,-15.173678,16.613509,-27.820091,-18.376273,48.151742,-24.088382,-15.193064,16.595866,-24.155739,-15.173663,16.613529,0.200000,
-24.155743,-15.173678,16.613509,-27.820091,-18.376273,48.151742,-24.315902,-15.127491,16.655367,-24.155739,-15.173663,16.613529,0.200000,
-24.155743,-15.173678,16.613509,-27.820091,-18.376273,48.151742,-24.088382,-15.193064,16.595866,-24.155739,-15.173663,16.613529,0.200000,
-24.155743,-15.173678,16.613509,-27.820091,-18.376273,48.151742,-24.315902,-15.127491,16.655367,-24.155739,-15.173663,16.613529,0.200000,
-24.155743,-15.173678,16.613509,-27.820091,-18.376273,48.151742,-24.088381,-15.193064,16.595866,-24.155739,-15.173663,16.613529,0.200000,
-24.155743,-15.173678,16.613509,-27.820091,-18.376273,48.151742,-24.315902,-15.127491,16.655367,-24.155739,-15.173663,16.613529,0.200000,
-24.155743,-15.173678,16.613509,-27.820091,-18.376273,48.151742,-24.088381,-15.193064,16.595866,-24.155739,-15.173663,16.613529,0.200000,
-24.155743,-15.173678,16.613509,-27.820091,-18.376273,48.151742,-24.315901,-15.127491,16.655367,-24.155739,-15.173663,16.613529,0.200000,
-24.155743,-15.173678,16.613509,-27.820091,-18.376273,48.151742,-24.088381,-15.193064,16.595866,-24.155739,-15.173663,16.613529,0.200000,
-24.155743,-15.173678,16.613509,-27.820091,-18.376273,48.151742,-24.315901,-15.127491,16.655367,-24.155739,-15.173663,16.613529,0.200000,
-24.155743,-15.173678,16.613509,-27.820091,-18.376273,48.151742,-24.088381,-15.193064,16.595866,-24.155739,-15.173663,16.613529,0.200000,
-24.155743,-15.173678,16.613509,-27.820091,-18.376273,48.151742,-24.315901,-15.127491,16.655367,-24.155739,-15.173663,16.613529,0.200000,
-24.155743,-15.173678,16.613509,-27.820091,-18.376273,48.151742,-24.088381,-15.193064,16.595866,-24.155739,-15.173663,16.613528,0.200000,
-24.155743,-15.173678,16.613509,-27.820091,-18.376273,48.151742,-24.315901,-15.127491,16.655367,-24.155739,-15.173663,16.613528,0.200000,
-24.155743,-15.173678,16.613509,-27.820091,-18.376273,48.151742,-24.088380,-15.193064,16.595866,-24.155739,-15.173663,16.613528,0.200000,
-24.155743,-15.173678,16.613509,-27.820091,-18.376273,48.151742,-24.315901,-15.127491,16.655367,-24.155739,-15.173663,16.613528,0.200000,
-24.155743,-15.173678,16.613509,-27.820091,-18.376273,48.151742,-24.088380,-15.193064,16.595866,-24.155739,-15.173663,16.613528,0.200000,
-24.155743,-15.173678,16.613509,-27.820091,-18.376273,48.151742,-24.315900,-15.127491,16.655367,-24.155739,-15.173663,16.613528,0.200000,
-24.155743,-15.173678,16.613509,-27.820091,-18.376273,48.151742,-24.088380,-15.193064,16.595866,-24.155739,-15.173663,16.613528,0.200000,
-24.155743,-15.173678,16.613509,-27.820091,-18.376273,48.151742,-24.315900,-15.127491,16.655367,-24.155739,-15.173663,16.613528,0.200000,
-24.155743,-15.173678,16.613509,-27.820091,-18.376273,48.151742,-24.088380,-15.193064,16.595866,-24.155739,-15.173663,16.613528,0.200000,
-24.155743,-15.173678,16.613509,-27.820091,-18.376273,48.151742,-24.315900,-15.127491,16.655367,-24.155739,-15.173663,16.613528,0.200000,
-24.155743,-15.173678,16.613509,-27.820091,-18.376273,48.151742,-24.088380,-15.193064,16.595865,-24.155739,-15.173663,16.613528,0.200000,
-24.155743,-15.173678,16.613509,-27.820091,-18.376273,48.151742,-24.315900,-15.127491,16.655367,-24.155739,-15.173663,16.613528,0.200000,
-24.155743,-15.173678,16.613509,-27.820091,-18.376273,48.151742,-24.088380,-15.193064,16.595865,-24.155739,-15.173663,16.613528,0.200000,
-24.155743,-15.173678,16.613509,-27.820091,-18.376273,48.151742,-24.315900,-15.127491,16.655367,-24.155739,-15.173663,16.613528,0.200000,
-24.155743,-15.173678,16.613509,-27.820091,-18.376273,48.151742,-24.088379,-15.193065,16.595865,-24.155739,-15.173663,16.613528,0.200000,
-24.155743,-15.173678,16.613509,-27.820091,-18.376273,48.151742,-24.315900,-15.127491,16.655367,-24.155739,-15.173663,16.613528,0.200000,
-24.155743,-15.173678,16.613509,-27.820091,-18.376273,48.151742,-24.088379,-15.193065,16.595865,-24.155739,-15.173663,16.613528,0.200000,
-24.155743,-15.173678,16.613509,-27.820091,-18.376273,48.151742,-24.315899,-15.127491,16.655366,-24.155739,-15.173663,16.613528,0.200000,
-24.155743,-15.173678,16.613509,-27.820091,-18.376273,48.151742,-24.088379,-15.193065,16.595865,-24.155739,-15.173663,16.613528,0.200000,
-24.155743,-15.173678,16.613509,-27.820091,-18.376273,48.151742,-24.315899,-15.127491,16.655366,-24.155739,-15.173663,16.613528,0.200000,
-24.155743,-15.173678,16.613509,-27.820091,-18.376273,48.151742,-24.088379,-15.193065,16.595865,-24.155739,-15.173664,16.613528,0.200000,
-24.155743,-15.173678,16.613509,-27.820091,-18.376273,48.151742,-24.315899,-15.127491,16.655366,-24.155739,-15.173664,16.613528,0.200000,
-24.155743,-15.173678,16.613509,-27.820091,-18.376273,48.151742,-24.088379,-15.193065,16.595865,-24.155739,-15.173664,16.613528,0.200000,
-24.155743,-15.173678,16.613509,-27.820091,-18.376273,48.151742,-24.315899,-15.127492,16.655366,-24.155739,-15.173664,16.613528,0.200000,
-24.155743,-15.173678,16.613509,-27.820091,-18.376273,48.151742,-24.088378,-15.193065,16.595865,-24.155739,-15.173664,16.613528,0.200000,
-24.155743,-15.173678,16.613509,-27.820091,-18.376273,48.151742,-24.315899,-15.127492,16.655366,-24.155739,-15.173664,16.613528,0.200000,
-24.155743,-15.173678,16.613509,-27.820091,-18.376273,48.151742,-24.088378,-15.193065,16.595865,-24.155739,-15.173664,16.613527,0.200000,
-24.155743,-15.173678,16.613509,-27.820091,-18.376273,48.151742,-24.315898,-15.127492,16.655366,-24.155739,-15.173664,16.613527,0.200000,
-24.155743,-15.173678,16.613509,-27.820091,-18.376273,48.151742,-24.088378,-15.193065,16.595865,-24.155739,-15.173664,16.613527,0.200000,
-24.155743,-15.173678,16.613509,-27.820091,-18.376273,48.151742,-24.315898,-15.127492,16.655366,-24.155739,-15.173664,16.613527,0.200000,
-24.155743,-15.173678,16.613509,-27.820091,-18.376273,48.151742,-24.088378,-15.193065,16.595865,-24.155739,-15.173664,16.613527,0.200000,
-24.155743,-15.173678,16.613509,-27.820091,-18.376273,48.151742,-24.315898,-15.127492,16.655366,-24.155739,-15.173664,16.613527,0.200000,
-24.155743,-15.173678,16.613509,-27.820091,-18.376273,48.151742,-24.088378,-15.193065,16.595865,-24.155739,-15.173664,16.613527,0.200000,
-24.155743,-15.173678,16.613509,-27.820091,-18.376273,48.151742,-24.315898,-15.127492,16.655366,-24.155739,-15.173664,16.613527,0.200000,
-24.155743,-15.173678,16.613509,-27.820091,-18.376273,48.151742,-24.088378,-15.193065,16.595865,-24.155739,-15.173664,16.613527,0.200000,
-24.155743,-15.173678,16.613509,-27.820091,-18.376273,48.151742,-24.315898,-15.127492,16.655366,-24.155739,-15.173664,16.613527,0.200000,
-24.155743,-15.173678,16.613509,-27.820091,-18.376273,48.151742,-24.088377,-15.193065,16.595865,-24.155739,-15.173664,16.613527,0.200000,
-24.155743,-15.173678,16.613509,-27.820091,-18.376273,48.151742,-24.315897,-15.127492,16.655366,-24.155739,-15.173664,16.613527,0.200000,
-24.155743,-15.173678,16.613509,-27.820091,-18.376273,48.151742,-24.088377,-15.193065,16.595865,-24.155739,-15.173664,16.613527,0.200000,
-24.155743,-15.173678,16.613509,-27.820091,-18.376273,48.151742,-24.315897,-15.127492,16.655366,-24.155739,-15.173664,16.613527,0.200000,
-24.155743,-15.173678,16.613509,-27.820091,-18.376273,48.151742,-24.088377,-15.193065,16.595865,-24.155739,-15.173664,16.613527,0.200000,
-24.155743,-15.173678,16.613509,-27.820091,-18.376273,48.151742,-24.315897,-15.127492,16.655366,-24.155739,-15.173664,16.613527,0.200000,
-24.155743,-15.173678,16.613509,-27.820091,-18.376273,48.151742,-24.088377,-15.193065,16.595865,-24.155739,-15.173664,16.613527,0.200000,
-24.155743,-15.173678,16.613509,-27.820091,-18.376273,48.151742,-24.315897,-15.127492,16.655366,-24.155739,-15.173664,16.613527,0.200000,
-24.155743,-15.173678,16.613509,-27.820091,-18.376273,48.151742,-24.088377,-15.193065,16.595865,-24.155739,-15.173664,16.613527,0.200000,
-24.155743,-15.173678,16.613509,-27.820091,-18.376273,48.151742,-24.315897,-15.127492,16.655366,-24.155739,-15.173664,16.613527,0.200000,
-24.155743,-15.173678,16.613509,-27.820091,-18.376273,48.151742,-24.088376,-15.193065,16.595865,-24.155739,-15.173664,16.613527,0.200000,
-24.155743,-15.173678,16.613509,-27.820091,-18.376273,48.151742,-24.315897,-15.127492,16.655366,-24.155739,-15.173664,16.613527,0.200000,
-24.155743,-15.173678,16.613509,-27.820091,-18.376273,48.151742,-24.088376,-15.193065,16.595865,-24.155739,-15.173664,16.613527,0.200000,
-24.155743,-15.173678,16.613509,-27.820091,-18.376273,48.151742,-24.315896,-15.127492,16.655366,-24.155739,-15.173664,16.613527,0.200000,
-24.155743,-15.173678,16.613509,-27.820091,-18.376273,48.151742,-24.088376,-15.193066,16.595865,-24.155739,-15.173664,16.613527,0.200000,
-24.155743,-15.173678,16.613509,-27.820091,-18.376273,48.151742,-24.315896,-15.127492,16.655366,-24.155739,-15.173664,16.613527,0.200000,
-24.155743,-15.173678,16.613509,-27.820091,-18.376273,48.151742,-24.088376,-15.193066,16.595864,-24.155739,-15.173664,16.613527,0.200000,
-24.155743,-15.173678,16.613509,-27.820091,-18.376273,48.151742,-24.315896,-15.127492,16.655366,-24.155739,-15.173664,16.613526,0.200000,
-24.155743,-15.173678,16.613509,-27.820091,-18.376273,48.151742,-24.088376,-15.193066,16.595864,-24.155739,-15.173664,16.613526,0.200000,
-24.155743,-15.173678,16.613509,-27.820091,-18.376273,48.151742,-24.315896,-15.127492,16.655366,-24.155739,-15.173664,16.613526,0.200000,
-24.155743,-15.173678,16.613509,-27.820091,-18.376273,48.151742,-24.088375,-15.193066,16.595864,-24.155739,-15.173664,16.613526,0.200000,
-24.155743,-15.173678,16.613509,-27.820091,-18.376273,48.151742,-24.315896,-15.127492,16.655366,-24.155739,-15.173665,16.613526,0.200000,
-24.155743,-15.173678,16.613509,-27.820091,-18.376273,48.151742,-24.088375,-15.193066,16.595864,-24.155739,-15.173665,16.613526,0.200000,
-24.155743,-15.173678,16.613509,-27.820091,-18.376273,48.151742,-24.315895,-15.127493,16.655365,-24.155739,-15.173665,16.613526,0.200000,
-24.155743,-15.173678,16.613509,-27.820091,-18.376273,48.151742,-24.088375,-15.193066,16.595864,-24.155739,-15.173665,16.613526,0.200000,
-24.155743,-15.173678,16.613509,-27.820091,-18.376273,48.151742,-24.315895,-15.127493,16.655365,-24.155739,-15.173665,16.613526,0.200000,
-24.155743,-15.173678,16.613509,-27.820091,-18.376273,48.151742,-24.088375,-15.193066,16.595864,-24.155739,-15.173665,16.613526,0.200000,
-24.155743,-15.173678,16.613509,-27.820091,-18.376273,48.151742,-24.315895,-15.127493,16.655365,-24.155739,-15.173665,16.613526,0.200000,
-24.155743,-15.173678,16.613509,-27.820091,-18.376273,48.151742,-24.088375,-15.193066,16.595864,-24.155739,-15.173665,16.613526,0.200000,
-24.155743,-15.173678,16.613509,-27.820091,-18.376273,48.151742,-24.315895,-15.127493,16.655365,-24.155739,-15.173665,16.613526,0.200000,
-24.155743,-15.173678,16.613509,-27.820091,-18.376273,48.151742,-24.088375,-15.193066,16.595864,-24.155739,-15.173665,16.613526,0.200000,
-24.155743,-15.173678,16.613509,-27.820091,-18.376273,48.151742,-24.315895,-15.127493,16.655365,-24.155739,-15.173665,16.613526,0.200000,
-24.155743,-15.173678,16.613509,-27.820091,-18.376273,48.151742,-24.088374,-15.193066,16.595864,-24.155739,-15.173665,16.613526,0.200000,
-24.155743,-15.173678,16.613509,-27.820091,-18.376273,48.151742,-24.315895,-15.127493,16.655365,-24.155739,-15.173665,16.613526,0.200000,
-24.155743,-15.173678,16.613509,-27.820091,-18.376273,48.151742,-24.088374,-15.193066,16.595864,-24.155739,-15.173665,16.613526,0.200000,
-24.155743,-15.173678,16.613509,-27.820091,-18.376273,48.151742,-24.315894,-15.127493,16.655365,-24.155739,-15.173665,16.613526,0.200000,
-24.155743,-15.173678,16.613509,-27.820091,-18.376273,48.151742,-24.088374,-15.193066,16.595864,-24.155740,-15.173665,16.613526,0.200000,
-24.155743,-15.173678,16.613509,-27.820091,-18.376273,48.151742,-24.315894,-15.127493,16.655365,-24.155740,-15.173665,16.613526,0.200000,
-24.155743,-15.173678,16.613509,-27.820091,-18.376273,48.151742,-24.088374,-15.193066,16.595864,-24.155740,-15.173665,16.613526,0.200000,
-24.155743,-15.173678,16.613509,-27.820091,-18.376273,48.151742,-24.315894,-15.127493,16.655365,-24.155740,-15.173665,16.613526,0.200000,
-24.155743,-15.173678,16.613509,-27.820091,-18.376273,48.151742,-24.088374,-15.193066,16.595864,-24.155740,-15.173665,16.613526,0.200000,
-24.155743,-15.173678,16.613509,-27.820091,-18.376273,48.151742,-24.315894,-15.127493,16.655365,-24.155740,-15.173665,16.613526,0.200000,
-24.155743,-15.173678,16.613509,-27.820091,-18.376273,48.151742,-24.088373,-15.193066,16.595864,-24.155740,-15.173665,16.613526,0.200000,
-24.155743,-15.173678,16.613509,-27.820091,-18.376273,48.151742,-24.315894,-15.127493,16.655365,-24.155740,-15.173665,16.613526,0.200000,
-24.155743,-15.173678,16.613509,-27.820091,-18.376273,48.151742,-24.088373,-15.193066,16.595864,-24.155740,-15.173665,16.613526,0.200000,
-24.155743,-15.173678,16.613509,-27.820091,-18.376273,48.151742,-24.315893,-15.127493,16.655365,-24.155740,-15.173665,16.613526,0.200000,
-24.155743,-15.173678,16.613509,-27.820091,-18.376273,48.151742,-24.088373,-15.193066,16.595864,-24.155740,-15.173665,16.613525,0.200000,
-24.155743,-15.173678,16.613509,-27.820091,-18.376273,48.151742,-24.315893,-15.127493,16.655365,-24.155740,-15.173665,16.613525,0.200000,
-24.155743,-15.173678,16.613509,-27.820091,-18.376273,48.151742,-24.088373,-15.193066,16.595864,-24.155740,-15.173665,16.613525,0.200000,
-24.155743,-15.173678,16.613509,-27.820091,-18.376273,48.151742,-24.315893,-15.127493,16.655365,-24.155740,-15.173665,16.613525,0.200000,
-24.155743,-15.173678,16.613509,-27.820091,-18.376273,48.151742,-24.088373,-15.193066,16.595864,-24.155740,-15.173665,16.613525,0.200000,
-24.155743,-15.173678,16.613509,-27.820091,-18.376273,48.151742,-24.315893,-15.127493,16.655365,-24.155740,-15.173665,16.613525,0.200000,
-24.155743,-15.173678,16.613509,-27.820091,-18.376273,48.151742,-24.088373,-15.193067,16.595864,-24.155740,-15.173665,16.613525,0.200000,
-24.155743,-15.173678,16.613509,-27.820091,-18.376273,48.151742,-24.315893,-15.127493,16.655365,-24.155740,-15.173665,16.613525,0.200000,
-24.155743,-15.173678,16.613509,-27.820091,-18.376273,48.151742,-24.088372,-15.193067,16.595864,-24.155740,-15.173665,16.613525,0.200000,
-24.155743,-15.173678,16.613509,-27.820091,-18.376273,48.151742,-24.315892,-15.127493,16.655365,-24.155740,-15.173665,16.613525,0.200000,
-24.155743,-15.173678,16.613509,-27.820091,-18.376273,48.151742,-24.088372,-15.193067,16.595863,-24.155740,-15.173665,16.613525,0.200000,
-24.155743,-15.173678,16.613509,-27.820091,-18.376273,48.151742,-24.315892,-15.127493,16.655365,-24.155740,-15.173665,16.613525,0.200000,
-24.155743,-15.173678,16.613509,-27.820091,-18.376273,48.151742,-24.088372,-15.193067,16.595863,-24.155740,-15.173665,16.613525,0.200000,
-24.155743,-15.173678,16.613509,-27.820091,-18.376273,48.151742,-24.315892,-15.127493,16.655365,-24.155740,-15.173665,16.613525,0.200000,
-24.155743,-15.173678,16.613509,-27.820091,-18.376273,48.151742,-24.088372,-15.193067,16.595863,-24.155740,-15.173666,16.613525,0.200000,
-24.155743,-15.173678,16.613509,-27.820091,-18.376273,48.151742,-24.315892,-15.127494,16.655365,-24.155740,-15.173666,16.613525,0.200000,
-24.155743,-15.173678,16.613509,-27.820091,-18.376273,48.151742,-24.088372,-15.193067,16.595863,-24.155740,-15.173666,16.613525,0.200000,
-24.155743,-15.173678,16.613509,-27.820091,-18.376273,48.151742,-24.315892,-15.127494,16.655365,-24.155740,-15.173666,16.613525,0.200000,
-24.155743,-15.173678,16.613509,-27.820091,-18.376273,48.151742,-24.088371,-15.193067,16.595863,-24.155740,-15.173666,16.613525,0.200000,
-24.155743,-15.173678,16.613509,-27.820091,-18.376273,48.151742,-24.315892,-15.127494,16.655364,-24.155740,-15.173666,16.613525,0.200000,
-24.155743,-15.173678,16.613509,-27.820091,-18.376273,48.151742,-24.088371,-15.193067,16.595863,-24.155740,-15.173666,16.613525,0.200000,
-24.155743,-15.173678,16.613509,-27.820091,-18.376273,48.151742,-24.315891,-15.127494,16.655364,-24.155740,-15.173666,16.613525,0.200000,
-24.155743,-15.173678,16.613509,-27.820091,-18.376273,48.151742,-24.088371,-15.193067,16.595863,-24.155740,-15.173666,16.613525,0.200000,
-24.155743,-15.173678,16.613509,-27.820091,-18.376273,48.151742,-24.315891,-15.127494,16.655364,-24.155740,-15.173666,16.613525,0.200000,
-24.155743,-15.173678,16.613509,-27.820091,-18.376273,48.151742,-24.088371,-15.193067,16.595863,-24.155740,-15.173666,16.613525,0.200000,
-24.155743,-15.173678,16.613509,-27.820091,-18.376273,48.151742,-24.315891,-15.127494,16.655364,-24.155740,-15.173666,16.613525,0.200000,
-24.155743,-15.173678,16.613509,-27.820091,-18.376273,48.151742,-24.088371,-15.193067,16.595863,-24.155740,-15.173666,16.613525,0.200000,
-24.155743,-15.173678,16.613509,-27.820091,-18.376273,48.151742,-24.315891,-15.127494,16.655364,-24.155740,-15.173666,16.613525,0.200000,
-24.155743,-15.173678,16.613509,-27.820091,-18.376273,48.151742,-24.088370,-15.193067,16.595863,-24.155740,-15.173666,16.613525,0.200000,
-24.155743,-15.173678,16.613509,-27.820091,-18.376273,48.151742,-24.315891,-15.127494,16.655364,-24.155740,-15.173666,16.613525,0.200000,
-24.155743,-15.173678,16.613509,-27.820091,-18.376273,48.151742,-24.088370,-15.193067,16.595863,-24.155740,-15.173666,16.613525,0.200000,
-24.155743,-15.173678,16.613509,-27.820091,-18.376273,48.151742,-24.315890,-15.127494,16.655364,-24.155740,-15.173666,16.613524,0.200000,
-24.155743,-15.173678,16.613509,-27.820091,-18.376273,48.151742,-24.088370,-15.193067,16.595863,-24.155740,-15.173666,16.613524,0.200000,
-24.155743,-15.173678,16.613509,-27.820091,-18.376273,48.151742,-24.315890,-15.127494,16.655364,-24.155740,-15.173666,16.613524,0.200000,
-24.155743,-15.173678,16.613509,-27.820091,-18.376273,48.151742,-24.088370,-15.193067,16.595863,-24.155740,-15.173666,16.613524,0.200000,
-24.155743,-15.173678,16.613509,-27.820091,-18.376273,48.151742,-24.315890,-15.127494,16.655364,-24.155740,-15.173666,16.613524,0.200000,
-24.155743,-15.173678,16.613509,-27.820091,-18.376273,48.151742,-24.088370,-15.193067,16.595863,-24.155740,-15.173666,16.613524,0.200000,
-24.155743,-15.173678,16.613509,-27.820091,-18.376273,48.151742,-24.315890,-15.127494,16.655364,-24.155740,-15.173666,16.613524,0.200000,
-24.155743,-15.173678,16.613509,-27.820091,-18.376273,48.151742,-24.088370,-15.193067,16.595863,-24.155740,-15.173666,16.613524,0.200000,
-24.155743,-15.173678,16.613509,-27.820091,-18.376273,48.151742,-24.315890,-15.127494,16.655364,-24.155740,-15.173666,16.613524,0.200000,
-24.155743,-15.173678,16.613509,-27.820091,-18.376273,48.151742,-24.088369,-15.193067,16.595863,-24.155740,-15.173666,16.613524,0.200000,
-24.155743,-15.173678,16.613509,-27.820091,-18.376273,48.151742,-24.315889,-15.127494,16.655364,-24.155740,-15.173666,16.613524,0.200000,
-24.155743,-15.173678,16.613509,-27.820091,-18.376273,48.151742,-24.088369,-15.193067,16.595863,-24.155740,-15.173666,16.613524,0.200000,
-24.155743,-15.173678,16.613509,-27.820091,-18.376273,48.151742,-24.315889,-15.127494,16.655364,-24.155740,-15.173666,16.613524,0.200000,
-24.155743,-15.173678,16.613509,-27.820091,-18.376273,48.151742,-24.088369,-15.193068,16.595863,-24.155740,-15.173666,16.613524,0.200000,
-24.155743,-15.173678,16.613509,-27.820091,-18.376273,48.151742,-24.315889,-15.127494,16.655364,-24.155740,-15.173666,16.613524,0.200000,
-24.155743,-15.173678,16.613509,-27.820091,-18.376273,48.151742,-24.088369,-15.193068,16.595863,-24.155740,-15.173666,16.613524,0.200000,
-24.155743,-15.173678,16.613509,-27.820091,-18.376273,48.151742,-24.315889,-15.127494,16.655364,-24.155740,-15.173666,16.613524,0.200000,
-24.155743,-15.173678,16.613509,-27.820091,-18.376273,48.151742,-24.088369,-15.193068,16.595863,-24.155740,-15.173666,16.613524,0.200000,
-24.155743,-15.173678,16.613509,-27.820091,-18.376273,48.151742,-24.315889,-15.127494,16.655364,-24.155740,-15.173666,16.613524,0.200000,
-24.155743,-15.173678,16.613509,-27.820091,-18.376273,48.151742,-24.088368,-15.193068,16.595863,-24.155740,-15.173666,16.613524,0.200000,
-24.155743,-15.173678,16.613509,-27.820091,-18.376273,48.151742,-24.315889,-15.127494,16.655364,-24.155740,-15.173666,16.613524,0.200000,
-24.155743,-15.173678,16.613509,-27.820091,-18.376273,48.151742,-24.088368,-15.193068,16.595862,-24.155740,-15.173666,16.613524,0.200000,
-24.155743,-15.173678,16.613509,-27.820091,-18.376273,48.151742,-24.315888,-15.127495,16.655364,-24.155740,-15.173666,16.613524,0.200000,
-24.155743,-15.173678,16.613509,-27.820091,-18.376273,48.151742,-24.088368,-15.193068,16.595862,-24.155740,-15.173666,16.613524,0.200000,
-24.155743,-15.173678,16.613509,-27.820091,-18.376273,48.151742,-24.315888,-15.127495,16.655364,-24.155740,-15.173666,16.613524,0.200000,
-24.155743,-15.173678,16.613509,-27.820091,-18.376273,48.151742,-24.088368,-15.193068,16.595862,-24.155740,-15.173666,16.613524,0.200000,
-24.155743,-15.173678,16.613509,-27.820091,-18.376273,48.151742,-24.315888,-15.127495,16.655364,-24.155740,-15.173667,16.613524,0.200000,
-24.155743,-15.173678,16.613509,-27.820091,-18.376273,48.151742,-24.088368,-15.193068,16.595862,-24.155740,-15.173667,16.613524,0.200000,
-24.155743,-15.173678,16.613509,-27.820091,-18.376273,48.151742,-24.315888,-15.127495,16.655363,-24.155740,-15.173667,16.613524,0.200000,
-24.155743,-15.173678,16.613509,-27.820091,-18.376273,48.151742,-24.088367,-15.193068,16.595862,-24.155740,-15.173667,16.613524,0.200000,
-24.155743,-15.173678,16.613509,-27.820091,-18.376273,48.151742,-24.315888,-15.127495,16.655363,-24.155740,-15.173667,16.613524,0.200000,
-24.155743,-15.173678,16.613509,-27.820091,-18.376273,48.151742,-24.088367,-15.193068,16.595862,-24.155740,-15.173667,16.613524,0.200000,
-24.155743,-15.173678,16.613509,-27.820091,-18.376273,48.151742,-24.315887,-15.127495,16.655363,-24.155740,-15.173667,16.613523,0.200000,
-24.155743,-15.173678,16.613509,-27.820091,-18.376273,48.151742,-24.088367,-15.193068,16.595862,-24.155740,-15.173667,16.613523,0.200000,
-24.155743,-15.173678,16.613509,-27.820091,-18.376273,48.151742,-24.315887,-15.127495,16.655363,-24.155740,-15.173667,16.613523,0.200000,
-24.155743,-15.173678,16.613509,-27.820091,-18.376273,48.151742,-24.088367,-15.193068,16.595862,-24.155740,-15.173667,16.613523,0.200000,
-24.155743,-15.173678,16.613509,-27.820091,-18.376273,48.151742,-24.315887,-15.127495,16.655363,-24.155740,-15.173667,16.613523,0.200000,
-24.155743,-15.173678,16.613509,-27.820091,-18.376273,48.151742,-24.088367,-15.193068,16.595862,-24.155740,-15.173667,16.613523,0.200000,
-24.155743,-15.173678,16.613509,-27.820091,-18.376273,48.151742,-24.315887,-15.127495,16.655363,-24.155740,-15.173667,16.613523,0.200000,
-24.155743,-15.173678,16.613509,-27.820091,-18.376273,48.151742,-24.088367,-15.193068,16.595862,-24.155740,-15.173667,16.613523,0.200000,
-24.155743,-15.173678,16.613509,-27.820091,-18.376273,48.151742,-24.315887,-15.127495,16.655363,-24.155740,-15.173667,16.613523,0.200000,
-24.155743,-15.173678,16.613509,-27.820091,-18.376273,48.151742,-24.088366,-15.193068,16.595862,-24.155740,-15.173667,16.613523,0.200000,
-24.155743,-15.173678,16.613509,-27.820091,-18.376273,48.151742,-24.315887,-15.127495,16.655363,-24.155740,-15.173667,16.613523,0.200000,
-24.155743,-15.173678,16.613509,-27.820091,-18.376273,48.151742,-24.088366,-15.193068,16.595862,-24.155740,-15.173667,16.613523,0.200000,
-24.155743,-15.173678,16.613509,-27.820091,-18.376273,48.151742,-24.315886,-15.127495,16.655363,-24.155740,-15.173667,16.613523,0.200000,
-24.155743,-15.173678,16.613509,-27.820091,-18.376273,48.151742,-24.088366,-15.193068,16.595862,-24.155740,-15.173667,16.613523,0.200000,
-24.155743,-15.173678,16.613509,-27.820091,-18.376273,48.151742,-24.315886,-15.127495,16.655363,-24.155740,-15.173667,16.613523,0.200000,
-24.155743,-15.173678,16.613509,-27.820091,-18.376273,48.151742,-24.088366,-15.193068,16.595862,-24.155740,-15.173667,16.613523,0.200000,
-24.155743,-15.173678,16.613509,-27.820091,-18.376273,48.151742,-24.315886,-15.127495,16.655363,-24.155740,-15.173667,16.613523,0.200000,
-24.155743,-15.173678,16.613509,-27.820091,-18.376273,48.151742,-24.088366,-15.193068,16.595862,-24.155740,-15.173667,16.613523,0.200000,
-24.155743,-15.173678,16.613509,-27.820091,-18.376273,48.151742,-24.315886,-15.127495,16.655363,-24.155740,-15.173667,16.613523,0.200000,
-24.155743,-15.173678,16.613509,-27.820091,-18.376273,48.151742,-24.088365,-15.193069,16.595862,-24.155740,-15.173667,16.613523,0.200000,
-24.155743,-15.173678,16.613509,-27.820091,-18.376273,48.151742,-24.315886,-15.127495,16.655363,-24.155740,-15.173667,16.613523,0.200000,
-24.155743,-15.173678,16.613509,-27.820091,-18.376273,48.151742,-24.088365,-15.193069,16.595862,-24.155740,-15.173667,16.613523,0.200000,
-24.155743,-15.173678,16.613509,-27.820091,-18.376273,48.151742,-24.315885,-15.127495,16.655363,-24.155740,-15.173667,16.613523,0.200000,
-24.155743,-15.173678,16.613509,-27.820091,-18.376273,48.151742,-24.088365,-15.193069,16.595862,-24.155740,-15.173667,16.613523,0.200000,
-24.155743,-15.173678,16.613509,-27.820091,-18.376273,48.151742,-24.315885,-15.127495,16.655363,-24.155740,-15.173667,16.613523,0.200000,
-24.155743,-15.173678,16.613509,-27.820091,-18.376273,48.151742,-24.088365,-15.193069,16.595862,-24.155740,-15.173667,16.613523,0.200000,
-24.155743,-15.173678,16.613509,-27.820091,-18.376273,48.151742,-24.315885,-15.127496,16.655363,-24.155740,-15.173667,16.613523,0.200000,
-24.155743,-15.173678,16.613509,-27.820091,-18.376273,48.151742,-24.088365,-15.193069,16.595862,-24.155740,-15.173667,16.613523,0.200000,
-24.155743,-15.173678,16.613509,-27.820091,-18.376273,48.151742,-24.315885,-15.127496,16.655363,-24.155740,-15.173667,16.613523,0.200000,
-24.155743,-15.173678,16.613509,-27.820091,-18.376273,48.151742,-24.088365,-15.193069,16.595861,-24.155740,-15.173667,16.613523,0.200000,
-24.155743,-15.173678,16.613509,-27.820091,-18.376273,48.151742,-24.315885,-15.127496,16.655363,-24.155740,-15.173667,16.613523,0.200000,
-24.155743,-15.173678,16.613509,-27.820091,-18.376273,48.151742,-24.088364,-15.193069,16.595861,-24.155740,-15.173667,16.613523,0.200000,
-24.155743,-15.173678,16.613509,-27.820091,-18.376273,48.151742,-24.315884,-15.127496,16.655363,-24.155740,-15.173667,16.613523,0.200000,
-24.155743,-15.173678,16.613509,-27.820091,-18.376273,48.151742,-24.088364,-15.193069,16.595861,-24.155740,-15.173667,16.613523,0.200000,
-24.155743,-15.173678,16.613509,-27.820091,-18.376273,48.151742,-24.315884,-15.127496,16.655363,-24.155740,-15.173667,16.613523,0.200000,
-24.155743,-15.173678,16.613509,-27.820091,-18.376273,48.151742,-24.088364,-15.193069,16.595861,-24.155740,-15.173667,16.613522,0.200000,
-24.155743,-15.173678,16.613509,-27.820091,-18.376273,48.151742,-24.315884,-15.127496,16.655363,-24.155740,-15.173667,16.613522,0.200000,
-24.155743,-15.173678,16.613509,-27.820091,-18.376273,48.151742,-24.088364,-15.193069,16.595861,-24.155740,-15.173667,16.613522,0.200000,
-24.155743,-15.173678,16.613509,-27.820091,-18.376273,48.151742,-24.315884,-15.127496,16.655362,-24.155740,-15.173667,16.613522,0.200000,
-24.155743,-15.173678,16.613509,-27.820091,-18.376273,48.151742,-24.088364,-15.193069,16.595861,-24.155740,-15.173667,16.613522,0.200000,
-24.155743,-15.173678,16.613509,-27.820091,-18.376273,48.151742,-24.315884,-15.127496,16.655362,-24.155740,-15.173667,16.613522,0.200000,
-24.155743,-15.173678,16.613509,-27.820091,-18.376273,48.151742,-24.088363,-15.193069,16.595861,-24.155740,-15.173668,16.613522,0.200000,
-24.155743,-15.173678,16.613509,-27.820091,-18.376273,48.151742,-24.315884,-15.127496,16.655362,-24.155740,-15.173668,16.613522,0.200000,
-24.155743,-15.173678,16.613509,-27.820091,-18.376273,48.151742,-24.088363,-15.193069,16.595861,-24.155740,-15.173668,16.613522,0.200000,
-24.155743,-15.173678,16.613509,-27.820091,-18.376273,48.151742,-24.315883,-15.127496,16.655362,-24.155740,-15.173668,16.613522,0.200000,
-24.155743,-15.173678,16.613509,-27.820091,-18.376273,48.151742,-24.088363,-15.193069,16.595861,-24.155740,-15.173668,16.613522,0.200000,
-24.155743,-15.173678,16.613509,-27.820091,-18.376273,48.151742,-24.315883,-15.127496,16.655362,-24.155740,-15.173668,16.613522,0.200000,
-24.155743,-15.173678,16.613509,-27.820091,-18.376273,48.151742,-24.088363,-15.193069,16.595861,-24.155740,-15.173668,16.613522,0.200000,
-24.155743,-15.173678,16.613509,-27.820091,-18.376273,48.151742,-24.315883,-15.127496,16.655362,-24.155740,-15.173668,16.613522,0.200000,
-24.155743,-15.173678,16.613509,-27.820091,-18.376273,48.151742,-24.088363,-15.193069,16.595861,-24.155740,-15.173668,16.613522,0.200000,
-24.155743,-15.173678,16.613509,-27.820091,-18.376273,48.151742,-24.315883,-15.127496,16.655362,-24.155740,-15.173668,16.613522,0.200000,
-24.155743,-15.173678,16.613509,-27.820091,-18.376273,48.151742,-24.088362,-15.193069,16.595861,-24.155740,-15.173668,16.613522,0.200000,
-24.155743,-15.173678,16.613509,-27.820091,-18.376273,48.151742,-24.315883,-15.127496,16.655362,-24.155740,-15.173668,16.613522,0.200000,
-24.155743,-15.173678,16.613509,-27.820091,-18.376273,48.151742,-24.088362,-15.193069,16.595861,-24.155740,-15.173668,16.613522,0.200000,
-24.155743,-15.173678,16.613509,-27.820091,-18.376273,48.151742,-24.315882,-15.127496,16.655362,-24.155740,-15.173668,16.613522,0.200000,
-24.155743,-15.173678,16.613509,-27.820091,-18.376273,48.151742,-24.088362,-15.193070,16.595861,-24.155740,-15.173668,16.613522,0.200000,
-24.155743,-15.173678,16.613509,-27.820091,-18.376273,48.151742,-24.315882,-15.127496,16.655362,-24.155740,-15.173668,16.613522,0.200000,
-24.155743,-15.173678,16.613509,-27.820091,-18.376273,48.151742,-24.088362,-15.193070,16.595861,-24.155740,-15.173668,16.613522,0.200000,
-24.155743,-15.173678,16.613509,-27.820091,-18.376273,48.151742,-24.315882,-15.127496,16.655362,-24.155740,-15.173668,16.613522,0.200000,
-24.155743,-15.173678,16.613509,-27.820091,-18.376273,48.151742,-24.088362,-15.193070,16.595861,-24.155740,-15.173668,16.613522,0.200000,
-24.155743,-15.173678,16.613509,-27.820091,-18.376273,48.151742,-24.315882,-15.127496,16.655362,-24.155740,-15.173668,16.613522,0.200000,
-24.155743,-15.173678,16.613509,-27.820091,-18.376273,48.151742,-24.088362,-15.193070,16.595861,-24.155740,-15.173668,16.613522,0.200000,
-24.155743,-15.173678,16.613509,-27.820091,-18.376273,48.151742,-24.315882,-15.127496,16.655362,-24.155740,-15.173668,16.613522,0.200000,
-24.155743,-15.173678,16.613509,-27.820091,-18.376273,48.151742,-24.088361,-15.193070,16.595861,-24.155740,-15.173668,16.613522,0.200000,
-24.155743,-15.173678,16.613509,-27.820091,-18.376273,48.151742,-24.315882,-15.127497,16.655362,-24.155740,-15.173668,16.613522,0.200000,
-24.155743,-15.173678,16.613509,-27.820091,-18.376273,48.151742,-24.088361,-15.193070,16.595861,-24.155740,-15.173668,16.613522,0.200000,
-24.155743,-15.173678,16.613509,-27.820091,-18.376273,48.151742,-24.315881,-15.127497,16.655362,-24.155740,-15.173668,16.613522,0.200000,
-24.155743,-15.173678,16.613509,-27.820091,-18.376273,48.151742,-24.088361,-15.193070,16.595861,-24.155740,-15.173668,16.613522,0.200000,
-24.155743,-15.173678,16.613509,-27.820091,-18.376273,48.151742,-24.315881,-15.127497,16.655362,-24.155740,-15.173668,16.613522,0.200000,
-24.155743,-15.173678,16.613509,-27.820091,-18.376273,48.151742,-24.088361,-15.193070,16.595861,-24.155740,-15.173668,16.613522,0.200000,
-24.155743,-15.173678,16.613509,-27.820091,-18.376273,48.151742,-24.315881,-15.127497,16.655362,-24.155740,-15.173668,16.613522,0.200000,
-24.155743,-15.173678,16.613509,-27.820091,-18.376273,48.151742,-24.088361,-15.193070,16.595860,-24.155740,-15.173668,16.613522,0.200000,
-24.155743,-15.173678,16.613509,-27.820091,-18.376273,48.151742,-24.315881,-15.127497,16.655362,-24.155740,-15.173668,16.613522,0.200000,
-24.155743,-15.173678,16.613509,-27.820091,-18.376273,48.151742,-24.088360,-15.193070,16.595860,-24.155741,-15.173668,16.613521,0.200000,
-24.155743,-15.173678,16.613509,-27.820091,-18.376273,48.151742,-24.315881,-15.127497,16.655362,-24.155741,-15.173668,16.613521,0.200000,
-24.155743,-15.173678,16.613509,-27.820091,-18.376273,48.151742,-24.088360,-15.193070,16.595860,-24.155741,-15.173668,16.613521,0.200000,
-24.155743,-15.173678,16.613509,-27.820091,-18.376273,48.151742,-24.315880,-15.127497,16.655362,-24.155741,-15.173668,16.613521,0.200000,
-24.155743,-15.173678,16.613509,-27.820091,-18.376273,48.151742,-24.088360,-15.193070,16.595860,-24.155741,-15.173668,16.613521,0.200000,
-24.155743,-15.173678,16.613509,-27.820091,-18.376273,48.151742,-24.315880,-15.127497,16.655362,-24.155741,-15.173668,16.613521,0.200000,
-24.155743,-15.173678,16.613509,-27.820091,-18.376273,48.151742,-24.088360,-15.193070,16.595860,-24.155741,-15.173668,16.613521,0.200000,
-24.155743,-15.173678,16.613509,-27.820091,-18.376273,48.151742,-24.315880,-15.127497,16.655361,-24.155741,-15.173668,16.613521,0.200000,
-24.155743,-15.173678,16.613509,-27.820091,-18.376273,48.151742,-24.088360,-15.193070,16.595860,-24.155741,-15.173668,16.613521,0.200000,
-24.155743,-15.173678,16.613509,-27.820091,-18.376273,48.151742,-24.315880,-15.127497,16.655361,-24.155741,-15.173668,16.613521,0.200000,
-24.155743,-15.173678,16.613509,-27.820091,-18.376273,48.151742,-24.088360,-15.193070,16.595860,-24.155741,-15.173668,16.613521,0.200000,
-24.155743,-15.173678,16.613509,-27.820091,-18.376273,48.151742,-24.315880,-15.127497,16.655361,-24.155741,-15.173668,16.613521,0.200000,
-24.155743,-15.173678,16.613509,-27.820091,-18.376273,48.151742,-24.088359,-15.193070,16.595860,-24.155741,-15.173668,16.613521,0.200000,
-24.155743,-15.173678,16.613509,-27.820091,-18.376273,48.151742,-24.315879,-15.127497,16.655361,-24.155741,-15.173668,16.613521,0.200000,
-24.155743,-15.173678,16.613509,-27.820091,-18.376273,48.151742,-24.088359,-15.193070,16.595860,-24.155741,-15.173668,16.613521,0.200000,
-24.155743,-15.173678,16.613509,-27.820091,-18.376273,48.151742,-24.315879,-15.127497,16.655361,-24.155741,-15.173668,16.613521,0.200000,
-24.155743,-15.173678,16.613509,-27.820091,-18.376273,48.151742,-24.088359,-15.193070,16.595860,-24.155741,-15.173668,16.613521,0.200000,
-24.155743,-15.173678,16.613509,-27.820091,-18.376273,48.151742,-24.315879,-15.127497,16.655361,-24.155741,-15.173668,16.613521,0.200000,
-24.155743,-15.173678,16.613509,-27.820091,-18.376273,48.151742,-24.088359,-15.193070,16.595860,-24.155741,-15.173668,16.613521,0.200000,
-24.155743,-15.173678,16.613509,-27.820091,-18.376273,48.151742,-24.315879,-15.127497,16.655361,-24.155741,-15.173668,16.613521,0.200000,
-24.155743,-15.173678,16.613509,-27.820091,-18.376273,48.151742,-24.088359,-15.193071,16.595860,-24.155741,-15.173669,16.613521,0.200000,
-24.155743,-15.173678,16.613509,-27.820091,-18.376273,48.151742,-24.315879,-15.127497,16.655361,-24.155741,-15.173669,16.613521,0.200000,
-24.155743,-15.173678,16.613509,-27.820091,-18.376273,48.151742,-24.088358,-15.193071,16.595860,-24.155741,-15.173669,16.613521,0.200000,
-24.155743,-15.173678,16.613509,-27.820091,-18.376273,48.151742,-24.315879,-15.127497,16.655361,-24.155741,-15.173669,16.613521,0.200000,
-24.155743,-15.173678,16.613509,-27.820091,-18.376273,48.151742,-24.088358,-15.193071,16.595860,-24.155741,-15.173669,16.613521,0.200000,
-24.155743,-15.173678,16.613509,-27.820091,-18.376273,48.151742,-24.315878,-15.127497,16.655361,-24.155741,-15.173669,16.613521,0.200000,
-24.155743,-15.173678,16.613509,-27.820091,-18.376273,48.151742,-24.088358,-15.193071,16.595860,-24.155741,-15.173669,16.613521,0.200000,
-24.155743,-15.173678,16.613509,-27.820091,-18.376273,48.151742,-24.315878,-15.127497,16.655361,-24.155741,-15.173669,16.613521,0.200000,
-24.155743,-15.173678,16.613509,-27.820091,-18.376273,48.151742,-24.088358,-15.193071,16.595860,-24.155741,-15.173669,16.613521,0.200000,
-24.155743,-15.173678,16.613509,-27.820091,-18.376273,48.151742,-24.315878,-15.127498,16.655361,-24.155741,-15.173669,16.613521,0.200000,
-24.155743,-15.173678,16.613509,-27.820091,-18.376273,48.151742,-24.088358,-15.193071,16.595860,-24.155741,-15.173669,16.613521,0.200000,
-24.155743,-15.173678,16.613509,-27.820091,-18.376273,48.151742,-24.315878,-15.127498,16.655361,-24.155741,-15.173669,16.613521,0.200000,
-24.155743,-15.173678,16.613509,-27.820091,-18.376273,48.151742,-24.088357,-15.193071,16.595860,-24.155741,-15.173669,16.613521,0.200000,
-24.155743,-15.173678,16.613509,-27.820091,-18.376273,48.151742,-24.315878,-15.127498,16.655361,-24.155741,-15.173669,16.613521,0.200000,
-24.155743,-15.173678,16.613509,-27.820091,-18.376273,48.151742,-24.088357,-15.193071,16.595860,-24.155741,-15.173669,16.613521,0.200000,
-24.155743,-15.173678,16.613509,-27.820091,-18.376273,48.151742,-24.315877,-15.127498,16.655361,-24.155741,-15.173669,16.613521,0.200000,
-24.155743,-15.173678,16.613509,-27.820091,-18.376273,48.151742,-24.088357,-15.193071,16.595860,-24.155741,-15.173669,16.613521,0.200000,
-24.155743,-15.173678,16.613509,-27.820091,-18.376273,48.151742,-24.315877,-15.127498,16.655361,-24.155741,-15.173669,16.613521,0.200000,
-24.155743,-15.173678,16.613509,-27.820091,-18.376273,48.151742,-24.088357,-15.193071,16.595859,-24.155741,-15.173669,16.613521,0.200000,
-24.155743,-15.173678,16.613509,-27.820091,-18.376273,48.151742,-24.315877,-15.127498,16.655361,-24.155741,-15.173669,16.613521,0.200000,
-24.155743,-15.173678,16.613509,-27.820091,-18.376273,48.151742,-24.088357,-15.193071,16.595859,-24.155741,-15.173669,16.613520,0.200000,
-24.155743,-15.173678,16.613509,-27.820091,-18.376273,48.151742,-24.315877,-15.127498,16.655361,-24.155741,-15.173669,16.613520,0.200000,
-24.155743,-15.173678,16.613509,-27.820091,-18.376273,48.151742,-24.088357,-15.193071,16.595859,-24.155741,-15.173669,16.613520,0.200000,
-24.155743,-15.173678,16.613509,-27.820091,-18.376273,48.151742,-24.315877,-15.127498,16.655361,-24.155741,-15.173669,16.613520,0.200000,
-24.155743,-15.173678,16.613509,-27.820091,-18.376273,48.151742,-24.088356,-15.193071,16.595859,-24.155741,-15.173669,16.613520,0.200000,
-24.155743,-15.173678,16.613509,-27.820091,-18.376273,48.151742,-24.315877,-15.127498,16.655361,-24.155741,-15.173669,16.613520,0.200000,
-24.155743,-15.173678,16.613509,-27.820091,-18.376273,48.151742,-24.088356,-15.193071,16.595859,-24.155741,-15.173669,16.613520,0.200000,
-24.155743,-15.173678,16.613509,-27.820091,-18.376273,48.151742,-24.315876,-15.127498,16.655360,-24.155741,-15.173669,16.613520,0.200000,
-24.155743,-15.173678,16.613509,-27.820091,-18.376273,48.151742,-24.088356,-15.193071,16.595859,-24.155741,-15.173669,16.613520,0.200000,
-24.155743,-15.173678,16.613509,-27.820091,-18.376273,48.151742,-24.315876,-15.127498,16.655360,-24.155741,-15.173669,16.613520,0.200000,
-24.155743,-15.173678,16.613509,-27.820091,-18.376273,48.151742,-24.088356,-15.193071,16.595859,-24.155741,-15.173669,16.613520,0.200000,
-24.155743,-15.173678,16.613509,-27.820091,-18.376273,48.151742,-24.315876,-15.127498,16.655360,-24.155741,-15.173669,16.613520,0.200000,
-24.155743,-15.173678,16.613509,-27.820091,-18.376273,48.151742,-24.088356,-15.193071,16.595859,-24.155741,-15.173669,16.613520,0.200000,
-24.155743,-15.173678,16.613509,-27.820091,-18.376273,48.151742,-24.315876,-15.127498,16.655360,-24.155741,-15.173669,16.613520,0.200000,
-24.155743,-15.173678,16.613509,-27.820091,-18.376273,48.151742,-24.088355,-15.193071,16.595859,-24.155741,-15.173669,16.613520,0.200000,
-24.155743,-15.173678,16.613509,-27.820091,-18.376273,48.151742,-24.315876,-15.127498,16.655360,-24.155741,-15.173669,16.613520,0.200000,
-24.155743,-15.173678,16.613509,-27.820091,-18.376273,48.151742,-24.088355,-15.193071,16.595859,-24.155741,-15.173669,16.613520,0.200000,
-24.155743,-15.173678,16.613509,-27.820091,-18.376273,48.151742,-24.315875,-15.127498,16.655360,-24.155741,-15.173669,16.613520,0.200000,
-24.155743,-15.173678,16.613509,-27.820091,-18.376273,48.151742,-24.088355,-15.193072,16.595859,-24.155741,-15.173669,16.613520,0.200000,
-24.155743,-15.173678,16.613509,-27.820091,-18.376273,48.151742,-24.315875,-15.127498,16.655360,-24.155741,-15.173669,16.613520,0.200000,
-24.155743,-15.173678,16.613509,-27.820091,-18.376273,48.151742,-24.088355,-15.193072,16.595859,-24.155741,-15.173669,16.613520,0.200000,
-24.155743,-15.173678,16.613509,-27.820091,-18.376273,48.151742,-24.315875,-15.127498,16.655360,-24.155741,-15.173669,16.613520,0.200000,
-24.155743,-15.173678,16.613509,-27.820091,-18.376273,48.151742,-24.088355,-15.193072,16.595859,-24.155741,-15.173669,16.613520,0.200000,
-24.155743,-15.173678,16.613509,-27.820091,-18.376273,48.151742,-24.315875,-15.127498,16.655360,-24.155741,-15.173669,16.613520,0.200000,
-24.155743,-15.173678,16.613509,-27.820091,-18.376273,48.151742,-24.088354,-15.193072,16.595859,-24.155741,-15.173669,16.613520,0.200000,
-24.155743,-15.173678,16.613509,-27.820091,-18.376273,48.151742,-24.315875,-15.127499,16.655360,-24.155741,-15.173669,16.613520,0.200000,
-24.155743,-15.173678,16.613509,-27.820091,-18.376273,48.151742,-24.088354,-15.193072,16.595859,-24.155741,-15.173669,16.613520,0.200000,
-24.155743,-15.173678,16.613509,-27.820091,-18.376273,48.151742,-24.315874,-15.127499,16.655360,-24.155741,-15.173669,16.613520,0.200000,
-24.155743,-15.173678,16.613509,-27.820091,-18.376273,48.151742,-24.088354,-15.193072,16.595859,-24.155741,-15.173669,16.613520,0.200000,
-24.155743,-15.173678,16.613509,-27.820091,-18.376273,48.151742,-24.315874,-15.127499,16.655360,-24.155741,-15.173669,16.613520,0.200000,
-24.155743,-15.173678,16.613509,-27.820091,-18.376273,48.151742,-24.088354,-15.193072,16.595859,-24.155741,-15.173669,16.613520,0.200000,
-24.155743,-15.173678,16.613509,-27.820091,-18.376273,48.151742,-24.315874,-15.127499,16.655360,-24.155741,-15.173669,16.613520,0.200000,
-24.155743,-15.173678,16.613509,-27.820091,-18.376273,48.151742,-24.088354,-15.193072,16.595859,-24.155741,-15.173669,16.613520,0.200000,
-24.155743,-15.173678,16.613509,-27.820091,-18.376273,48.151742,-24.315874,-15.127499,16.655360,-24.155741,-15.173669,16.613520,0.200000,
-24.155743,-15.173678,16.613509,-27.820091,-18.376273,48.151742,-24.088354,-15.193072,16.595859,-24.155741,-15.173669,16.613520,0.200000,
-24.155743,-15.173678,16.613509,-27.820091,-18.376273,48.151742,-24.315874,-15.127499,16.655360,-24.155741,-15.173669,16.613520,0.200000,
-24.155743,-15.173678,16.613509,-27.820091,-18.376273,48.151742,-24.088353,-15.193072,16.595859,-24.155741,-15.173669,16.613520,0.200000,
-24.155743,-15.173678,16.613509,-27.820091,-18.376273,48.151742,-24.315874,-15.127499,16.655360,-24.155741,-15.173669,16.613520,0.200000,
-24.155743,-15.173678,16.613509,-27.820091,-18.376273,48.151742,-24.088353,-15.193072,16.595859,-24.155741,-15.173670,16.613520,0.200000,
-24.155743,-15.173678,16.613509,-27.820091,-18.376273,48.151742,-24.315873,-15.127499,16.655360,-24.155741,-15.173670,16.613520,0.200000,
-24.155743,-15.173678,16.613509,-27.820091,-18.376273,48.151742,-24.088353,-15.193072,16.595858,-24.155741,-15.173670,16.613520,0.200000,
-24.155743,-15.173678,16.613509,-27.820091,-18.376273,48.151742,-24.315873,-15.127499,16.655360,-24.155741,-15.173670,16.613520,0.200000,
-24.155743,-15.173678,16.613509,-27.820091,-18.376273,48.151742,-24.088353,-15.193072,16.595858,-24.155741,-15.173670,16.613520,0.200000,
-24.155743,-15.173678,16.613509,-27.820091,-18.376273,48.151742,-24.315873,-15.127499,16.655360,-24.155741,-15.173670,16.613520,0.200000,
-24.155743,-15.173678,16.613509,-27.820091,-18.376273,48.151742,-24.088353,-15.193072,16.595858,-24.155741,-15.173670,16.613519,0.200000,
-24.155743,-15.173678,16.613509,-27.820091,-18.376273,48.151742,-24.315873,-15.127499,16.655360,-24.155741,-15.173670,16.613519,0.200000,
-24.155743,-15.173678,16.613509,-27.820091,-18.376273,48.151742,-24.088352,-15.193072,16.595858,-24.155741,-15.173670,16.613519,0.200000,
-24.155743,-15.173678,16.613509,-27.820091,-18.376273,48.151742,-24.315873,-15.127499,16.655360,-24.155741,-15.173670,16.613519,0.200000,
-24.155743,-15.173678,16.613509,-27.820091,-18.376273,48.151742,-24.088352,-15.193072,16.595858,-24.155741,-15.173670,16.613519,0.200000,
-24.155743,-15.173678,16.613509,-27.820091,-18.376273,48.151742,-24.315872,-15.127499,16.655359,-24.155741,-15.173670,16.613519,0.200000,
-24.155743,-15.173678,16.613509,-27.820091,-18.376273,48.151742,-24.088352,-15.193072,16.595858,-24.155741,-15.173670,16.613519,0.200000,
-24.155743,-15.173678,16.613509,-27.820091,-18.376273,48.151742,-24.315872,-15.127499,16.655359,-24.155741,-15.173670,16.613519,0.200000,
-24.155743,-15.173678,16.613509,-27.820091,-18.376273,48.151742,-24.088352,-15.193072,16.595858,-24.155741,-15.173670,16.613519,0.200000,
-24.155743,-15.173678,16.613509,-27.820091,-18.376273,48.151742,-24.315872,-15.127499,16.655359,-24.155741,-15.173670,16.613519,0.200000,
-24.155743,-15.173678,16.613509,-27.820091,-18.376273,48.151742,-24.088352,-15.193072,16.595858,-24.155741,-15.173670,16.613519,0.200000,
-24.155743,-15.173678,16.613509,-27.820091,-18.376273,48.151742,-24.315872,-15.127499,16.655359,-24.155741,-15.173670,16.613519,0.200000,
-24.155743,-15.173678,16.613509,-27.820091,-18.376273,48.151742,-24.088352,-15.193073,16.595858,-24.155741,-15.173670,16.613519,0.200000,
-24.155743,-15.173678,16.613509,-27.820091,-18.376273,48.151742,-24.315872,-15.127499,16.655359,-24.155741,-15.173670,16.613519,0.200000,
-24.155743,-15.173678,16.613509,-27.820091,-18.376273,48.151742,-24.088351,-15.193073,16.595858,-24.155741,-15.173670,16.613519,0.200000,
-24.155743,-15.173678,16.613509,-27.820091,-18.376273,48.151742,-24.315871,-15.127499,16.655359,-24.155741,-15.173670,16.613519,0.200000,
-24.155743,-15.173678,16.613509,-27.820091,-18.376273,48.151742,-24.088351,-15.193073,16.595858,-24.155741,-15.173670,16.613519,0.200000,
-24.155743,-15.173678,16.613509,-27.820091,-18.376273,48.151742,-24.315871,-15.127499,16.655359,-24.155741,-15.173670,16.613519,0.200000,
-24.155743,-15.173678,16.613509,-27.820091,-18.376273,48.151742,-24.088351,-15.193073,16.595858,-24.155741,-15.173670,16.613519,0.200000,
-24.155743,-15.173678,16.613509,-27.820091,-18.376273,48.151742,-24.315871,-15.127500,16.655359,-24.155741,-15.173670,16.613519,0.200000,
-24.155743,-15.173678,16.613509,-27.820091,-18.376273,48.151742,-24.088351,-15.193073,16.595858,-24.155741,-15.173670,16.613519,0.200000,
-24.155743,-15.173678,16.613509,-27.820091,-18.376273,48.151742,-24.315871,-15.127500,16.655359,-24.155741,-15.173670,16.613519,0.200000,
-24.155743,-15.173678,16.613509,-27.820091,-18.376273,48.151742,-24.088351,-15.193073,16.595858,-24.155741,-15.173670,16.613519,0.200000,
-24.155743,-15.173678,16.613509,-27.820091,-18.376273,48.151742,-24.315871,-15.127500,16.655359,-24.155741,-15.173670,16.613519,0.200000,
-24.155743,-15.173678,16.613509,-27.820091,-18.376273,48.151742,-24.088350,-15.193073,16.595858,-24.155741,-15.173670,16.613519,0.200000,
-24.155743,-15.173678,16.613509,-27.820091,-18.376273,48.151742,-24.315871,-15.127500,16.655359,-24.155741,-15.173670,16.613519,0.200000,
-24.155743,-15.173678,16.613509,-27.820091,-18.376273,48.151742,-24.088350,-15.193073,16.595858,-24.155741,-15.173670,16.613519,0.200000,
-24.155743,-15.173678,16.613509,-27.820091,-18.376273,48.151742,-24.315870,-15.127500,16.655359,-24.155741,-15.173670,16.613519,0.200000,
-24.155743,-15.173678,16.613509,-27.820091,-18.376273,48.151742,-24.088350,-15.193073,16.595858,-24.155741,-15.173670,16.613519,0.200000,
-24.155743,-15.173678,16.613509,-27.820091,-18.376273,48.151742,-24.315870,-15.127500,16.655359,-24.155741,-15.173670,16.613519,0.200000,
-24.155743,-15.173678,16.613509,-27.820091,-18.376273,48.151742,-24.088350,-15.193073,16.595858,-24.155741,-15.173670,16.613519,0.200000,
-24.155743,-15.173678,16.613509,-27.820091,-18.376273,48.151742,-24.315870,-15.127500,16.655359,-24.155741,-15.173670,16.613519,0.200000,
-24.155743,-15.173678,16.613509,-27.820091,-18.376273,48.151742,-24.088350,-15.193073,16.595858,-24.155741,-15.173670,16.613519,0.200000,
-24.155743,-15.173678,16.613509,-27.820091,-18.376273,48.151742,-24.315870,-15.127500,16.655359,-24.155741,-15.173670,16.613519,0.200000,
-24.155743,-15.173678,16.613509,-27.820091,-18.376273,48.151742,-24.088349,-15.193073,16.595858,-24.155741,-15.173670,16.613519,0.200000,
-24.155743,-15.173678,16.613509,-27.820091,-18.376273,48.151742,-24.315870,-15.127500,16.655359,-24.155741,-15.173670,16.613519,0.200000,
-24.155743,-15.173678,16.613509,-27.820091,-18.376273,48.151742,-24.088349,-15.193073,16.595857,-24.155741,-15.173670,16.613519,0.200000,
-24.155743,-15.173678,16.613509,-27.820091,-18.376273,48.151742,-24.315869,-15.127500,16.655359,-24.155741,-15.173670,16.613519,0.200000,
-24.155743,-15.173678,16.613509,-27.820091,-18.376273,48.151742,-24.088349,-15.193073,16.595857,-24.155741,-15.173670,16.613519,0.200000,
-24.155743,-15.173678,16.613509,-27.820091,-18.376273,48.151742,-24.315869,-15.127500,16.655359,-24.155741,-15.173670,16.613519,0.200000,
-24.155743,-15.173678,16.613509,-27.820091,-18.376273,48.151742,-24.088349,-15.193073,16.595857,-24.155741,-15.173670,16.613519,0.200000,
-24.155743,-15.173678,16.613509,-27.820091,-18.376273,48.151742,-24.315869,-15.127500,16.655359,-24.155741,-15.173670,16.613519,0.200000,
-24.155743,-15.173678,16.613509,-27.820091,-18.376273,48.151742,-24.088349,-15.193073,16.595857,-24.155741,-15.173670,16.613519,0.200000,
-24.155743,-15.173678,16.613509,-27.820091,-18.376273,48.151742,-24.315869,-15.127500,16.655359,-24.155741,-15.173670,16.613519,0.200000,
-24.155743,-15.173678,16.613509,-27.820091,-18.376273,48.151742,-24.088349,-15.193073,16.595857,-24.155741,-15.173670,16.613519,0.200000,
-24.155743,-15.173678,16.613509,-27.820091,-18.376273,48.151742,-24.315869,-15.127500,16.655359,-24.155741,-15.173670,16.613519,0.200000,
-24.155743,-15.173678,16.613509,-27.820091,-18.376273,48.151742,-24.088348,-15.193073,16.595857,-24.155741,-15.173670,16.613519,0.200000,
-24.155743,-15.173678,16.613509,-27.820091,-18.376273,48.151742,-24.315869,-15.127500,16.655358,-24.155741,-15.173670,16.613519,0.200000,
-24.155743,-15.173678,16.613509,-27.820091,-18.376273,48.151742,-24.088348,-15.193074,16.595857,-24.155741,-15.173670,16.613519,0.200000,
-24.155743,-15.173678,16.613509,-27.820091,-18.376273,48.151742,-24.315868,-15.127500,16.655358,-24.155741,-15.173670,16.613518,0.200000,
-24.155743,-15.173678,16.613509,-27.820091,-18.376273,48.151742,-24.088348,-15.193074,16.595857,-24.155741,-15.173670,16.613518,0.200000,
-24.155743,-15.173678,16.613509,-27.820091,-18.376273,48.151742,-24.315868,-15.127500,16.655358,-24.155741,-15.173670,16.613518,0.200000,
-24.155743,-15.173678,16.613509,-27.820091,-18.376273,48.151742,-24.088348,-15.193074,16.595857,-24.155741,-15.173670,16.613518,0.200000,
-24.155743,-15.173678,16.613509,-27.820091,-18.376273,48.151742,-24.315868,-15.127500,16.655358,-24.155741,-15.173670,16.613518,0.200000,
-24.155743,-15.173678,16.613509,-27.820091,-18.376273,48.151742,-24.088348,-15.193074,16.595857,-24.155741,-15.173670,16.613518,0.200000,
-24.155743,-15.173678,16.613509,-27.820091,-18.376273,48.151742,-24.315868,-15.127500,16.655358,-24.155741,-15.173670,16.613518,0.200000,
-24.155743,-15.173678,16.613509,-27.820091,-18.376273,48.151742,-24.088347,-15.193074,16.595857,-24.155741,-15.173670,16.613518,0.200000,
-24.155743,-15.173678,16.613509,-27.820091,-18.376273,48.151742,-24.315868,-15.127501,16.655358,-24.155741,-15.173670,16.613518,0.200000,
-24.155743,-15.173678,16.613509,-27.820091,-18.376273,48.151742,-24.088347,-15.193074,16.595857,-24.155741,-15.173670,16.613518,0.200000,
-24.155743,-15.173678,16.613509,-27.820091,-18.376273,48.151742,-24.315867,-15.127501,16.655358,-24.155741,-15.173670,16.613518,0.200000,
-24.155743,-15.173678,16.613509,-27.820091,-18.376273,48.151742,-24.088347,-15.193074,16.595857,-24.155741,-15.173671,16.613518,0.200000,
-24.155743,-15.173678,16.613509,-27.820091,-18.376273,48.151742,-24.315867,-15.127501,16.655358,-24.155741,-15.173671,16.613518,0.200000,
-24.155743,-15.173678,16.613509,-27.820091,-18.376273,48.151742,-24.088347,-15.193074,16.595857,-24.155741,-15.173671,16.613518,0.200000,
-24.155743,-15.173678,16.613509,-27.820091,-18.376273,48.151742,-24.315867,-15.127501,16.655358,-24.155741,-15.173671,16.613518,0.200000,
-24.155743,-15.173678,16.613509,-27.820091,-18.376273,48.151742,-24.088347,-15.193074,16.595857,-24.155741,-15.173671,16.613518,0.200000,
-24.155743,-15.173678,16.613509,-27.820091,-18.376273,48.151742,-24.315867,-15.127501,16.655358,-24.155741,-15.173671,16.613518,0.200000,
-24.155743,-15.173678,16.613509,-27.820091,-18.376273,48.151742,-24.088347,-15.193074,16.595857,-24.155741,-15.173671,16.613518,0.200000,
-24.155743,-15.173678,16.613509,-27.820091,-18.376273,48.151742,-24.315867,-15.127501,16.655358,-24.155741,-15.173671,16.613518,0.200000,
-24.155743,-15.173678,16.613509,-27.820091,-18.376273,48.151742,-24.088346,-15.193074,16.595857,-24.155741,-15.173671,16.613518,0.200000,
-24.155743,-15.173678,16.613509,-27.820091,-18.376273,48.151742,-24.315866,-15.127501,16.655358,-24.155741,-15.173671,16.613518,0.200000,
-24.155743,-15.173678,16.613509,-27.820091,-18.376273,48.151742,-24.088346,-15.193074,16.595857,-24.155741,-15.173671,16.613518,0.200000,
-24.155743,-15.173678,16.613509,-27.820091,-18.376273,48.151742,-24.315866,-15.127501,16.655358,-24.155741,-15.173671,16.613518,0.200000,
-24.155743,-15.173678,16.613509,-27.820091,-18.376273,48.151742,-24.088346,-15.193074,16.595857,-24.155741,-15.173671,16.613518,0.200000,
-24.155743,-15.173678,16.613509,-27.820091,-18.376273,48.151742,-24.315866,-15.127501,16.655358,-24.155741,-15.173671,16.613518,0.200000,
-24.155743,-15.173678,16.613509,-27.820091,-18.376273,48.151742,-24.088346,-15.193074,16.595857,-24.155741,-15.173671,16.613518,0.200000,
-24.155743,-15.173678,16.613509,-27.820091,-18.376273,48.151742,-24.315866,-15.127501,16.655358,-24.155741,-15.173671,16.613518,0.200000,
-24.155743,-15.173678,16.613509,-27.820091,-18.376273,48.151742,-24.088346,-15.193074,16.595857,-24.155741,-15.173671,16.613518,0.200000,
-24.155743,-15.173678,16.613509,-27.820091,-18.376273,48.151742,-24.315866,-15.127501,16.655358,-24.155741,-15.173671,16.613518,0.200000,
-24.155743,-15.173678,16.613509,-27.820091,-18.376273,48.151742,-24.088345,-15.193074,16.595856,-24.155741,-15.173671,16.613518,0.200000,
-24.155743,-15.173678,16.613509,-27.820091,-18.376273,48.151742,-24.315866,-15.127501,16.655358,-24.155741,-15.173671,16.613518,0.200000,
-24.155743,-15.173678,16.613509,-27.820091,-18.376273,48.151742,-24.088345,-15.193074,16.595856,-24.155741,-15.173671,16.613518,0.200000,
-24.155743,-15.173678,16.613509,-27.820091,-18.376273,48.151742,-24.315865,-15.127501,16.655358,-24.155741,-15.173671,16.613518,0.200000,
-24.155743,-15.173678,16.613509,-27.820091,-18.376273,48.151742,-24.088345,-15.193074,16.595856,-24.155741,-15.173671,16.613518,0.200000,
-24.155743,-15.173678,16.613509,-27.820091,-18.376273,48.151742,-24.315865,-15.127501,16.655358,-24.155741,-15.173671,16.613518,0.200000,
-24.155743,-15.173678,16.613509,-27.820091,-18.376273,48.151742,-24.088345,-15.193074,16.595856,-24.155741,-15.173671,16.613518,0.200000,
-24.155743,-15.173678,16.613509,-27.820091,-18.376273,48.151742,-24.315865,-15.127501,16.655358,-24.155741,-15.173671,16.613518,0.200000,
-24.155743,-15.173678,16.613509,-27.820091,-18.376273,48.151742,-24.088345,-15.193075,16.595856,-24.155741,-15.173671,16.613518,0.200000,
-24.155743,-15.173678,16.613509,-27.820091,-18.376273,48.151742,-24.315865,-15.127501,16.655357,-24.155741,-15.173671,16.613518,0.200000,
-24.155743,-15.173678,16.613509,-27.820091,-18.376273,48.151742,-24.088344,-15.193075,16.595856,-24.155741,-15.173671,16.613518,0.200000,
-24.155743,-15.173678,16.613509,-27.820091,-18.376273,48.151742,-24.315865,-15.127501,16.655357,-24.155741,-15.173671,16.613518,0.200000,
-24.155743,-15.173678,16.613509,-27.820091,-18.376273,48.151742,-24.088344,-15.193075,16.595856,-24.155741,-15.173671,16.613518,0.200000,
-24.155743,-15.173678,16.613509,-27.820091,-18.376273,48.151742,-24.315864,-15.127501,16.655357,-24.155741,-15.173671,16.613518,0.200000,
-24.155743,-15.173678,16.613509,-27.820091,-18.376273,48.151742,-24.088344,-15.193075,16.595856,-24.155741,-15.173671,16.613518,0.200000,
-24.155743,-15.173678,16.613509,-27.820091,-18.376273,48.151742,-24.315864,-15.127502,16.655357,-24.155741,-15.173671,16.613518,0.200000,
-24.155743,-15.173678,16.613509,-27.820091,-18.376273,48.151742,-24.088344,-15.193075,16.595856,-24.155741,-15.173671,16.613518,0.200000,
-24.155743,-15.173678,16.613509,-27.820091,-18.376273,48.151742,-24.315864,-15.127502,16.655357,-24.155741,-15.173671,16.613518,0.200000,
-24.155743,-15.173678,16.613509,-27.820091,-18.376273,48.151742,-24.088344,-15.193075,16.595856,-24.155741,-15.173671,16.613518,0.200000,
-24.155743,-15.173678,16.613509,-27.820091,-18.376273,48.151742,-24.315864,-15.127502,16.655357,-24.155741,-15.173671,16.613518,0.200000,
-24.155743,-15.173678,16.613509,-27.820091,-18.376273,48.151742,-24.088344,-15.193075,16.595856,-24.155741,-15.173671,16.613518,0.200000,
-24.155743,-15.173678,16.613509,-27.820091,-18.376273,48.151742,-24.315864,-15.127502,16.655357,-24.155741,-15.173671,16.613518,0.200000,
-24.155743,-15.173678,16.613509,-27.820091,-18.376273,48.151742,-24.088343,-15.193075,16.595856,-24.155741,-15.173671,16.613518,0.200000,
-24.155743,-15.173678,16.613509,-27.820091,-18.376273,48.151742,-24.315864,-15.127502,16.655357,-24.155741,-15.173671,16.613518,0.200000,
-24.155743,-15.173678,16.613509,-27.820091,-18.376273,48.151742,-24.088343,-15.193075,16.595856,-24.155741,-15.173671,16.613517,0.200000,
-24.155743,-15.173678,16.613509,-27.820091,-18.376273,48.151742,-24.315863,-15.127502,16.655357,-24.155741,-15.173671,16.613517,0.200000,
-24.155743,-15.173678,16.613509,-27.820091,-18.376273,48.151742,-24.088343,-15.193075,16.595856,-24.155741,-15.173671,16.613517,0.200000,
-24.155743,-15.173678,16.613509,-27.820091,-18.376273,48.151742,-24.315863,-15.127502,16.655357,-24.155741,-15.173671,16.613517,0.200000,
-24.155743,-15.173678,16.613509,-27.820091,-18.376273,48.151742,-24.088343,-15.193075,16.595856,-24.155741,-15.173671,16.613517,0.200000,
-24.155743,-15.173678,16.613509,-27.820091,-18.376273,48.151742,-24.315863,-15.127502,16.655357,-24.155741,-15.173671,16.613517,0.200000,
-24.155743,-15.173678,16.613509,-27.820091,-18.376273,48.151742,-24.088343,-15.193075,16.595856,-24.155741,-15.173671,16.613517,0.200000,
-24.155743,-15.173678,16.613509,-27.820091,-18.376273,48.151742,-24.315863,-15.127502,16.655357,-24.155741,-15.173671,16.613517,0.200000,
-24.155743,-15.173678,16.613509,-27.820091,-18.376273,48.151742,-24.088342,-15.193075,16.595856,-24.155741,-15.173671,16.613517,0.200000,
-24.155743,-15.173678,16.613509,-27.820091,-18.376273,48.151742,-24.315863,-15.127502,16.655357,-24.155741,-15.173671,16.613517,0.200000,
-24.155743,-15.173678,16.613509,-27.820091,-18.376273,48.151742,-24.088342,-15.193075,16.595856,-24.155741,-15.173671,16.613517,0.200000,
-24.155743,-15.173678,16.613509,-27.820091,-18.376273,48.151742,-24.315862,-15.127502,16.655357,-24.155741,-15.173671,16.613517,0.200000,
-24.155743,-15.173678,16.613509,-27.820091,-18.376273,48.151742,-24.088342,-15.193075,16.595856,-24.155741,-15.173671,16.613517,0.200000,
-24.155743,-15.173678,16.613509,-27.820091,-18.376273,48.151742,-24.315862,-15.127502,16.655357,-24.155741,-15.173671,16.613517,0.200000,
-24.155743,-15.173678,16.613509,-27.820091,-18.376273,48.151742,-24.088342,-15.193075,16.595856,-24.155741,-15.173671,16.613517,0.200000,
-24.155743,-15.173678,16.613509,-27.820091,-18.376273,48.151742,-24.315862,-15.127502,16.655357,-24.155741,-15.173671,16.613517,0.200000,
-24.155743,-15.173678,16.613509,-27.820091,-18.376273,48.151742,-24.088342,-15.193075,16.595856,-24.155741,-15.173671,16.613517,0.200000,
-24.155743,-15.173678,16.613509,-27.820091,-18.376273,48.151742,-24.315862,-15.127502,16.655357,-24.155741,-15.173671,16.613517,0.200000,
-24.155743,-15.173678,16.613509,-27.820091,-18.376273,48.151742,-24.088342,-15.193075,16.595855,-24.155741,-15.173671,16.613517,0.200000,
-24.155743,-15.173678,16.613509,-27.820091,-18.376273,48.151742,-24.315862,-15.127502,16.655357,-24.155741,-15.173671,16.613517,0.200000,
-24.155743,-15.173678,16.613509,-27.820091,-18.376273,48.151742,-24.088341,-15.193075,16.595855,-24.155741,-15.173671,16.613517,0.200000,
-24.155743,-15.173678,16.613509,-27.820091,-18.376273,48.151742,-24.315861,-15.127502,16.655357,-24.155742,-15.173671,16.613517,0.200000,
-24.155743,-15.173678,16.613509,-27.820091,-18.376273,48.151742,-24.088341,-15.193076,16.595855,-24.155742,-15.173671,16.613517,0.200000,
-24.155743,-15.173678,16.613509,-27.820091,-18.376273,48.151742,-24.315861,-15.127502,16.655357,-24.155742,-15.173671,16.613517,0.200000,
-24.155743,-15.173678,16.613509,-27.820091,-18.376273,48.151742,-24.088341,-15.193076,16.595855,-24.155742,-15.173671,16.613517,0.200000,
-24.155743,-15.173678,16.613509,-27.820091,-18.376273,48.151742,-24.315861,-15.127502,16.655357,-24.155742,-15.173671,16.613517,0.200000,
-24.155743,-15.173678,16.613509,-27.820091,-18.376273,48.151742,-24.088341,-15.193076,16.595855,-24.155742,-15.173671,16.613517,0.200000,
-24.155743,-15.173678,16.613509,-27.820091,-18.376273,48.151742,-24.315861,-15.127502,16.655356,-24.155742,-15.173671,16.613517,0.200000,
-24.155743,-15.173678,16.613509,-27.820091,-18.376273,48.151742,-24.088341,-15.193076,16.595855,-24.155742,-15.173671,16.613517,0.200000,
-24.155743,-15.173678,16.613509,-27.820091,-18.376273,48.151742,-24.315861,-15.127503,16.655356,-24.155742,-15.173671,16.613517,0.200000,
-24.155743,-15.173678,16.613509,-27.820091,-18.376273,48.151742,-24.088340,-15.193076,16.595855,-24.155742,-15.173671,16.613517,0.200000,
-24.155743,-15.173678,16.613509,-27.820091,-18.376273,48.151742,-24.315861,-15.127503,16.655356,-24.155742,-15.173671,16.613517,0.200000,
-24.155743,-15.173678,16.613509,-27.820091,-18.376273,48.151742,-24.088340,-15.193076,16.595855,-24.155742,-15.173671,16.613517,0.200000,
-24.155743,-15.173678,16.613509,-27.820091,-18.376273,48.151742,-24.315860,-15.127503,16.655356,-24.155742,-15.173672,16.613517,0.200000,
-24.155743,-15.173678,16.613509,-27.820091,-18.376273,48.151742,-24.088340,-15.193076,16.595855,-24.155742,-15.173672,16.613517,0.200000,
-24.155743,-15.173678,16.613509,-27.820091,-18.376273,48.151742,-24.315860,-15.127503,16.655356,-24.155742,-15.173672,16.613517,0.200000,
-24.155743,-15.173678,16.613509,-27.820091,-18.376273,48.151742,-24.088340,-15.193076,16.595855,-24.155742,-15.173672,16.613517,0.200000,
-24.155743,-15.173678,16.613509,-27.820091,-18.376273,48.151742,-24.315860,-15.127503,16.655356,-24.155742,-15.173672,16.613517,0.200000,
-24.155743,-15.173678,16.613509,-27.820091,-18.376273,48.151742,-24.088340,-15.193076,16.595855,-24.155742,-15.173672,16.613517,0.200000,
-24.155743,-15.173678,16.613509,-27.820091,-18.376273,48.151742,-24.315860,-15.127503,16.655356,-24.155742,-15.173672,16.613517,0.200000,
-24.155743,-15.173678,16.613509,-27.820091,-18.376273,48.151742,-24.088339,-15.193076,16.595855,-24.155742,-15.173672,16.613517,0.200000,
-24.155743,-15.173678,16.613509,-27.820091,-18.376273,48.151742,-24.315860,-15.127503,16.655356,-24.155742,-15.173672,16.613517,0.200000,
-24.155743,-15.173678,16.613509,-27.820091,-18.376273,48.151742,-24.088339,-15.193076,16.595855,-24.155742,-15.173672,16.613517,0.200000,
-24.155743,-15.173678,16.613509,-27.820091,-18.376273,48.151742,-24.315859,-15.127503,16.655356,-24.155742,-15.173672,16.613517,0.200000,
-24.155743,-15.173678,16.613509,-27.820091,-18.376273,48.151742,-24.088339,-15.193076,16.595855,-24.155742,-15.173672,16.613517,0.200000,
-24.155743,-15.173678,16.613509,-27.820091,-18.376273,48.151742,-24.315859,-15.127503,16.655356,-24.155742,-15.173672,16.613517,0.200000,
-24.155743,-15.173678,16.613509,-27.820091,-18.376273,48.151742,-24.088339,-15.193076,16.595855,-24.155742,-15.173672,16.613517,0.200000,
-24.155743,-15.173678,16.613509,-27.820091,-18.376273,48.151742,-24.315859,-15.127503,16.655356,-24.155742,-15.173672,16.613517,0.200000,
-24.155743,-15.173678,16.613509,-27.820091,-18.376273,48.151742,-24.088339,-15.193076,16.595855,-24.155742,-15.173672,16.613517,0.200000,
-24.155743,-15.173678,16.613509,-27.820091,-18.376273,48.151742,-24.315859,-15.127503,16.655356,-24.155742,-15.173672,16.613517,0.200000,
-24.155743,-15.173678,16.613509,-27.820091,-18.376273,48.151742,-24.088339,-15.193076,16.595855,-24.155742,-15.173672,16.613517,0.200000,
-24.155743,-15.173678,16.613509,-27.820091,-18.376273,48.151742,-24.315859,-15.127503,16.655356,-24.155742,-15.173672,16.613517,0.200000,
-24.155743,-15.173678,16.613509,-27.820091,-18.376273,48.151742,-24.088338,-15.193076,16.595855,-24.155742,-15.173672,16.613517,0.200000,
-24.155743,-15.173678,16.613509,-27.820091,-18.376273,48.151742,-24.315859,-15.127503,16.655356,-24.155742,-15.173672,16.613517,0.200000,
-24.155743,-15.173678,16.613509,-27.820091,-18.376273,48.151742,-24.088338,-15.193076,16.595855,-24.155742,-15.173672,16.613517,0.200000,
-24.155743,-15.173678,16.613509,-27.820091,-18.376273,48.151742,-24.315858,-15.127503,16.655356,-24.155742,-15.173672,16.613517,0.200000,
-24.155743,-15.173678,16.613509,-27.820091,-18.376273,48.151742,-24.088338,-15.193076,16.595855,-24.155742,-15.173672,16.613517,0.200000,
-24.155743,-15.173678,16.613509,-27.820091,-18.376273,48.151742,-24.315858,-15.127503,16.655356,-24.155742,-15.173672,16.613517,0.200000,
-24.155743,-15.173678,16.613509,-27.820091,-18.376273,48.151742,-24.088338,-15.193076,16.595854,-24.155742,-15.173672,16.613517,0.200000,
-24.155743,-15.173678,16.613509,-27.820091,-18.376273,48.151742,-24.315858,-15.127503,16.655356,-24.155742,-15.173672,16.613517,0.200000,
-24.155743,-15.173678,16.613509,-27.820091,-18.376273,48.151742,-24.088338,-15.193077,16.595854,-24.155742,-15.173672,16.613516,0.200000,
-24.155743,-15.173678,16.613509,-27.820091,-18.376273,48.151742,-24.315858,-15.127503,16.655356,-24.155742,-15.173672,16.613516,0.200000,
-24.155743,-15.173678,16.613509,-27.820091,-18.376273,48.151742,-24.088337,-15.193077,16.595854,-24.155742,-15.173672,16.613516,0.200000,
-24.155743,-15.173678,16.613509,-27.820091,-18.376273,48.151742,-24.315858,-15.127503,16.655356,-24.155742,-15.173672,16.613516,0.200000,
-24.155743,-15.173678,16.613509,-27.820091,-18.376273,48.151742,-24.088337,-15.193077,16.595854,-24.155742,-15.173672,16.613516,0.200000,
-24.155743,-15.173678,16.613509,-27.820091,-18.376273,48.151742,-24.315857,-15.127503,16.655356,-24.155742,-15.173672,16.613516,0.200000,
-24.155743,-15.173678,16.613509,-27.820091,-18.376273,48.151742,-24.088337,-15.193077,16.595854,-24.155742,-15.173672,16.613516,0.200000,
-24.155743,-15.173678,16.613509,-27.820091,-18.376273,48.151742,-24.315857,-15.127504,16.655356,-24.155742,-15.173672,16.613516,0.200000,
-24.155743,-15.173678,16.613509,-27.820091,-18.376273,48.151742,-24.088337,-15.193077,16.595854,-24.155742,-15.173672,16.613516,0.200000,
-24.155743,-15.173678,16.613509,-27.820091,-18.376273,48.151742,-24.315857,-15.127504,16.655355,-24.155742,-15.173672,16.613516,0.200000,
-24.155743,-15.173678,16.613509,-27.820091,-18.376273,48.151742,-24.088337,-15.193077,16.595854,-24.155742,-15.173672,16.613516,0.200000,
-24.155743,-15.173678,16.613509,-27.820091,-18.376273,48.151742,-24.315857,-15.127504,16.655355,-24.155742,-15.173672,16.613516,0.200000,
-24.155743,-15.173678,16.613509,-27.820091,-18.376273,48.151742,-24.088336,-15.193077,16.595854,-24.155742,-15.173672,16.613516,0.200000,
-24.155743,-15.173678,16.613509,-27.820091,-18.376273,48.151742,-24.315857,-15.127504,16.655355,-24.155742,-15.173672,16.613516,0.200000,
-24.155743,-15.173678,16.613509,-27.820091,-18.376273,48.151742,-24.088336,-15.193077,16.595854,-24.155742,-15.173672,16.613516,0.200000,
-24.155743,-15.173678,16.613509,-27.820091,-18.376273,48.151742,-24.315856,-15.127504,16.655355,-24.155742,-15.173672,16.613516,0.200000,
-24.155743,-15.173678,16.613509,-27.820091,-18.376273,48.151742,-24.088336,-15.193077,16.595854,-24.155742,-15.173672,16.613516,0.200000,
-24.155743,-15.173678,16.613509,-27.820091,-18.376273,48.151742,-24.315856,-15.127504,16.655355,-24.155742,-15.173672,16.613516,0.200000,
-24.155743,-15.173678,16.613509,-27.820091,-18.376273,48.151742,-24.088336,-15.193077,16.595854,-24.155742,-15.173672,16.613516,0.200000,
-24.155743,-15.173678,16.613509,-27.820091,-18.376273,48.151742,-24.315856,-15.127504,16.655355,-24.155742,-15.173672,16.613516,0.200000,
-24.155743,-15.173678,16.613509,-27.820091,-18.376273,48.151742,-24.088336,-15.193077,16.595854,-24.155742,-15.173672,16.613516,0.200000,
-24.155743,-15.173678,16.613509,-27.820091,-18.376273,48.151742,-24.315856,-15.127504,16.655355,-24.155742,-15.173672,16.613516,0.200000,
-24.155743,-15.173678,16.613509,-27.820091,-18.376273,48.151742,-24.088336,-15.193077,16.595854,-24.155742,-15.173672,16.613516,0.200000,
-24.155743,-15.173678,16.613509,-27.820091,-18.376273,48.151742,-24.315856,-15.127504,16.655355,-24.155742,-15.173672,16.613516,0.200000,
-24.155743,-15.173678,16.613509,-27.820091,-18.376273,48.151742,-24.088335,-15.193077,16.595854,-24.155742,-15.173672,16.613516,0.200000,
-24.155743,-15.173678,16.613509,-27.820091,-18.376273,48.151742,-24.315856,-15.127504,16.655355,-24.155742,-15.173672,16.613516,0.200000,
-24.155743,-15.173678,16.613509,-27.820091,-18.376273,48.151742,-24.088335,-15.193077,16.595854,-24.155742,-15.173672,16.613516,0.200000,
-24.155743,-15.173678,16.613509,-27.820091,-18.376273,48.151742,-24.315855,-15.127504,16.655355,-24.155742,-15.173672,16.613516,0.200000,
-24.155743,-15.173678,16.613509,-27.820091,-18.376273,48.151742,-24.088335,-15.193077,16.595854,-24.155742,-15.173672,16.613516,0.200000,
-24.155743,-15.173678,16.613509,-27.820091,-18.376273,48.151742,-24.315855,-15.127504,16.655355,-24.155742,-15.173672,16.613516,0.200000,
-24.155743,-15.173678,16.613509,-27.820091,-18.376273,48.151742,-24.088335,-15.193077,16.595854,-24.155742,-15.173672,16.613516,0.200000,
-24.155743,-15.173678,16.613509,-27.820091,-18.376273,48.151742,-24.315855,-15.127504,16.655355,-24.155742,-15.173672,16.613516,0.200000,
-24.155743,-15.173678,16.613509,-27.820091,-18.376273,48.151742,-24.088335,-15.193077,16.595854,-24.155742,-15.173672,16.613516,0.200000,
-24.155743,-15.173678,16.613509,-27.820091,-18.376273,48.151742,-24.315855,-15.127504,16.655355,-24.155742,-15.173672,16.613516,0.200000,
-24.155743,-15.173678,16.613509,-27.820091,-18.376273,48.151742,-24.088334,-15.193077,16.595854,-24.155742,-15.173672,16.613516,0.200000,
-24.155743,-15.173678,16.613509,-27.820091,-18.376273,48.151742,-24.315855,-15.127504,16.655355,-24.155742,-15.173672,16.613516,0.200000,
-24.155743,-15.173678,16.613509,-27.820091,-18.376273,48.151742,-24.088334,-15.193078,16.595854,-24.155742,-15.173672,16.613516,0.200000,
-24.155743,-15.173678,16.613509,-27.820091,-18.376273,48.151742,-24.315854,-15.127504,16.655355,-24.155742,-15.173672,16.613516,0.200000,
-24.155743,-15.173678,16.613509,-27.820091,-18.376273,48.151742,-24.088334,-15.193078,16.595854,-24.155742,-15.173672,16.613516,0.200000,
-24.155743,-15.173678,16.613509,-27.820091,-18.376273,48.151742,-24.315854,-15.127504,16.655355,-24.155742,-15.173672,16.613516,0.200000,
-24.155743,-15.173678,16.613509,-27.820091,-18.376273,48.151742,-24.088334,-15.193078,16.595853,-24.155742,-15.173672,16.613516,0.200000,
-24.155743,-15.173678,16.613509,-27.820091,-18.376273,48.151742,-24.315854,-15.127504,16.655355,-24.155742,-15.173672,16.613516,0.200000,
-24.155743,-15.173678,16.613509,-27.820091,-18.376273,48.151742,-24.088334,-15.193078,16.595853,-24.155742,-15.173672,16.613516,0.200000,
-24.155743,-15.173678,16.613509,-27.820091,-18.376273,48.151742,-24.315854,-15.127505,16.655355,-24.155742,-15.173672,16.613516,0.200000,
-24.155743,-15.173678,16.613509,-27.820091,-18.376273,48.151742,-24.088334,-15.193078,16.595853,-24.155742,-15.173672,16.613516,0.200000,
-24.155743,-15.173678,16.613509,-27.820091,-18.376273,48.151742,-24.315854,-15.127505,16.655355,-24.155742,-15.173672,16.613516,0.200000,
-24.155743,-15.173678,16.613509,-27.820091,-18.376273,48.151742,-24.088333,-15.193078,16.595853,-24.155742,-15.173672,16.613516,0.200000,
-24.155743,-15.173678,16.613509,-27.820091,-18.376273,48.151742,-24.315854,-15.127505,16.655355,-24.155742,-15.173672,16.613516,0.200000,
-24.155743,-15.173678,16.613509,-27.820091,-18.376273,48.151742,-24.088333,-15.193078,16.595853,-24.155742,-15.173672,16.613516,0.200000,
-24.155743,-15.173678,16.613509,-27.820091,-18.376273,48.151742,-24.315853,-15.127505,16.655354,-24.155742,-15.173672,16.613516,0.200000,
-24.155743,-15.173678,16.613509,-27.820091,-18.376273,48.151742,-24.088333,-15.193078,16.595853,-24.155742,-15.173672,16.613516,0.200000,
-24.155743,-15.173678,16.613509,-27.820091,-18.376273,48.151742,-24.315853,-15.127505,16.655354,-24.155742,-15.173672,16.613516,0.200000,
-24.155743,-15.173678,16.613509,-27.820091,-18.376273,48.151742,-24.088333,-15.193078,16.595853,-24.155742,-15.173672,16.613516,0.200000,
-24.155743,-15.173678,16.613509,-27.820091,-18.376273,48.151742,-24.315853,-15.127505,16.655354,-24.155742,-15.173672,16.613516,0.200000,
-24.155743,-15.173678,16.613509,-27.820091,-18.376273,48.151742,-24.088333,-15.193078,16.595853,-24.155742,-15.173672,16.613516,0.200000,
-24.155743,-15.173678,16.613509,-27.820091,-18.376273,48.151742,-24.315853,-15.127505,16.655354,-24.155742,-15.173672,16.613516,0.200000,
-24.155743,-15.173678,16.613509,-27.820091,-18.376273,48.151742,-24.088332,-15.193078,16.595853,-24.155742,-15.173672,16.613516,0.200000,
-24.155743,-15.173678,16.613509,-27.820091,-18.376273,48.151742,-24.315853,-15.127505,16.655354,-24.155742,-15.173672,16.613516,0.200000,
-24.155743,-15.173678,16.613509,-27.820091,-18.376273,48.151742,-24.088332,-15.193078,16.595853,-24.155742,-15.173672,16.613516,0.200000,
-24.155743,-15.173678,16.613509,-27.820091,-18.376273,48.151742,-24.315852,-15.127505,16.655354,-24.155742,-15.173672,16.613516,0.200000,
-24.155743,-15.173678,16.613509,-27.820091,-18.376273,48.151742,-24.088332,-15.193078,16.595853,-24.155742,-15.173672,16.613516,0.200000,
-24.155743,-15.173678,16.613509,-27.820091,-18.376273,48.151742,-24.315852,-15.127505,16.655354,-24.155742,-15.173672,16.613516,0.200000,
-24.155743,-15.173678,16.613509,-27.820091,-18.376273,48.151742,-24.088332,-15.193078,16.595853,-24.155742,-15.173673,16.613516,0.200000,
-24.155743,-15.173678,16.613509,-27.820091,-18.376273,48.151742,-24.315852,-15.127505,16.655354,-24.155742,-15.173673,16.613516,0.200000,
-24.155743,-15.173678,16.613509,-27.820091,-18.376273,48.151742,-24.088332,-15.193078,16.595853,-24.155742,-15.173673,16.613516,0.200000,
-24.155743,-15.173678,16.613509,-27.820091,-18.376273,48.151742,-24.315852,-15.127505,16.655354,-24.155742,-15.173673,16.613516,0.200000,
-24.155743,-15.173678,16.613509,-27.820091,-18.376273,48.151742,-24.088331,-15.193078,16.595853,-24.155742,-15.173673,16.613516,0.200000,
-24.155743,-15.173678,16.613509,-27.820091,-18.376273,48.151742,-24.315852,-15.127505,16.655354,-24.155742,-15.173673,16.613516,0.200000,
-24.155743,-15.173678,16.613509,-27.820091,-18.376273,48.151742,-24.088331,-15.193078,16.595853,-24.155742,-15.173673,16.613516,0.200000,
-24.155743,-15.173678,16.613509,-27.820091,-18.376273,48.151742,-24.315851,-15.127505,16.655354,-24.155742,-15.173673,16.613515,0.200000,
-24.155743,-15.173678,16.613509,-27.820091,-18.376273,48.151742,-24.088331,-15.193078,16.595853,-24.155742,-15.173673,16.613515,0.200000,
-24.155743,-15.173678,16.613509,-27.820091,-18.376273,48.151742,-24.315851,-15.127505,16.655354,-24.155742,-15.173673,16.613515,0.200000,
-24.155743,-15.173678,16.613509,-27.820091,-18.376273,48.151742,-24.088331,-15.193078,16.595853,-24.155742,-15.173673,16.613515,0.200000,
-24.155743,-15.173678,16.613509,-27.820091,-18.376273,48.151742,-24.315851,-15.127505,16.655354,-24.155742,-15.173673,16.613515,0.200000,
-24.155743,-15.173678,16.613509,-27.820091,-18.376273,48.151742,-24.088331,-15.193079,16.595853,-24.155742,-15.173673,16.613515,0.200000,
-24.155743,-15.173678,16.613509,-27.820091,-18.376273,48.151742,-24.315851,-15.127505,16.655354,-24.155742,-15.173673,16.613515,0.200000,
-24.155743,-15.173678,16.613509,-27.820091,-18.376273,48.151742,-24.088331,-15.193079,16.595853,-24.155742,-15.173673,16.613515,0.200000,
-24.155743,-15.173678,16.613509,-27.820091,-18.376273,48.151742,-24.315851,-15.127505,16.655354,-24.155742,-15.173673,16.613515,0.200000,
-24.155743,-15.173678,16.613509,-27.820091,-18.376273,48.151742,-24.088330,-15.193079,16.595853,-24.155742,-15.173673,16.613515,0.200000,
-24.155743,-15.173678,16.613509,-27.820091,-18.376273,48.151742,-24.315851,-15.127505,16.655354,-24.155742,-15.173673,16.613515,0.200000,
-24.155743,-15.173678,16.613509,-27.820091,-18.376273,48.151742,-24.088330,-15.193079,16.595852,-24.155742,-15.173673,16.613515,0.200000,
-24.155743,-15.173678,16.613509,-27.820091,-18.376273,48.151742,-24.315850,-15.127506,16.655354,-24.155742,-15.173673,16.613515,0.200000,
-24.155743,-15.173678,16.613509,-27.820091,-18.376273,48.151742,-24.088330,-15.193079,16.595852,-24.155742,-15.173673,16.613515,0.200000,
-24.155743,-15.173678,16.613509,-27.820091,-18.376273,48.151742,-24.315850,-15.127506,16.655354,-24.155742,-15.173673,16.613515,0.200000,
-24.155743,-15.173678,16.613509,-27.820091,-18.376273,48.151742,-24.088330,-15.193079,16.595852,-24.155742,-15.173673,16.613515,0.200000,
-24.155743,-15.173678,16.613509,-27.820091,-18.376273,48.151742,-24.315850,-15.127506,16.655354,-24.155742,-15.173673,16.613515,0.200000,
-24.155743,-15.173678,16.613509,-27.820091,-18.376273,48.151742,-24.088330,-15.193079,16.595852,-24.155742,-15.173673,16.613515,0.200000,
-24.155743,-15.173678,16.613509,-27.820091,-18.376273,48.151742,-24.315850,-15.127506,16.655354,-24.155742,-15.173673,16.613515,0.200000,
-24.155743,-15.173678,16.613509,-27.820091,-18.376273,48.151742,-24.088329,-15.193079,16.595852,-24.155742,-15.173673,16.613515,0.200000,
-24.155743,-15.173678,16.613509,-27.820091,-18.376273,48.151742,-24.315850,-15.127506,16.655354,-24.155742,-15.173673,16.613515,0.200000,
-24.155743,-15.173678,16.613509,-27.820091,-18.376273,48.151742,-24.088329,-15.193079,16.595852,-24.155742,-15.173673,16.613515,0.200000,
-24.155743,-15.173678,16.613509,-27.820091,-18.376273,48.151742,-24.315849,-15.127506,16.655353,-24.155742,-15.173673,16.613515,0.200000,
-24.155743,-15.173678,16.613509,-27.820091,-18.376273,48.151742,-24.088329,-15.193079,16.595852,-24.155742,-15.173673,16.613515,0.200000,
-24.155743,-15.173678,16.613509,-27.820091,-18.376273,48.151742,-24.315849,-15.127506,16.655353,-24.155742,-15.173673,16.613515,0.200000,
-24.155743,-15.173678,16.613509,-27.820091,-18.376273,48.151742,-24.088329,-15.193079,16.595852,-24.155742,-15.173673,16.613515,0.200000,
-24.155743,-15.173678,16.613509,-27.820091,-18.376273,48.151742,-24.315849,-15.127506,16.655353,-24.155742,-15.173673,16.613515,0.200000,
-24.155743,-15.173678,16.613509,-27.820091,-18.376273,48.151742,-24.088329,-15.193079,16.595852,-24.155742,-15.173673,16.613515,0.200000,
-24.155743,-15.173678,16.613509,-27.820091,-18.376273,48.151742,-24.315849,-15.127506,16.655353,-24.155742,-15.173673,16.613515,0.200000,
-24.155743,-15.173678,16.613509,-27.820091,-18.376273,48.151742,-24.088329,-15.193079,16.595852,-24.155742,-15.173673,16.613515,0.200000,
-24.155743,-15.173678,16.613509,-27.820091,-18.376273,48.151742,-24.315849,-15.127506,16.655353,-24.155742,-15.173673,16.613515,0.200000,
-24.155743,-15.173678,16.613509,-27.820091,-18.376273,48.151742,-24.088328,-15.193079,16.595852,-24.155742,-15.173673,16.613515,0.200000,
-24.155743,-15.173678,16.613509,-27.820091,-18.376273,48.151742,-24.315849,-15.127506,16.655353,-24.155742,-15.173673,16.613515,0.200000,
-24.155743,-15.173678,16.613509,-27.820091,-18.376273,48.151742,-24.088328,-15.193079,16.595852,-24.155742,-15.173673,16.613515,0.200000,
-24.155743,-15.173678,16.613509,-27.820091,-18.376273,48.151742,-24.315848,-15.127506,16.655353,-24.155742,-15.173673,16.613515,0.200000,
-24.155743,-15.173678,16.613509,-27.820091,-18.376273,48.151742,-24.088328,-15.193079,16.595852,-24.155742,-15.173673,16.613515,0.200000,
-24.155743,-15.173678,16.613509,-27.820091,-18.376273,48.151742,-24.315848,-15.127506,16.655353,-24.155742,-15.173673,16.613515,0.200000,
-24.155743,-15.173678,16.613509,-27.820091,-18.376273,48.151742,-24.088328,-15.193079,16.595852,-24.155742,-15.173673,16.613515,0.200000,
-24.155743,-15.173678,16.613509,-27.820091,-18.376273,48.151742,-24.315848,-15.127506,16.655353,-24.155742,-15.173673,16.613515,0.200000,
-24.155743,-15.173678,16.613509,-27.820091,-18.376273,48.151742,-24.088328,-15.193079,16.595852,-24.155742,-15.173673,16.613515,0.200000,
-24.155743,-15.173678,16.613509,-27.820091,-18.376273,48.151742,-24.315848,-15.127506,16.655353,-24.155742,-15.173673,16.613515,0.200000,
-24.155743,-15.173678,16.613509,-27.820091,-18.376273,48.151742,-24.088327,-15.193079,16.595852,-24.155742,-15.173673,16.613515,0.200000,
-24.155743,-15.173678,16.613509,-27.820091,-18.376273,48.151742,-24.315848,-15.127506,16.655353,-24.155742,-15.173673,16.613515,0.200000,
-24.155743,-15.173678,16.613509,-27.820091,-18.376273,48.151742,-24.088327,-15.193080,16.595852,-24.155742,-15.173673,16.613515,0.200000,
-24.155743,-15.173678,16.613509,-27.820091,-18.376273,48.151742,-24.315847,-15.127506,16.655353,-24.155742,-15.173673,16.613515,0.200000,
-24.155743,-15.173678,16.613509,-27.820091,-18.376273,48.151742,-24.088327,-15.193080,16.595852,-24.155742,-15.173673,16.613515,0.200000,
-24.155743,-15.173678,16.613509,-27.820091,-18.376273,48.151742,-24.315847,-15.127506,16.655353,-24.155742,-15.173673,16.613515,0.200000,
-24.155743,-15.173678,16.613509,-27.820091,-18.376273,48.151742,-24.088327,-15.193080,16.595852,-24.155742,-15.173673,16.613515,0.200000,
-24.155743,-15.173678,16.613509,-27.820091,-18.376273,48.151742,-24.315847,-15.127506,16.655353,-24.155742,-15.173673,16.613515,0.200000,
-24.155743,-15.173678,16.613509,-27.820091,-18.376273,48.151742,-24.088327,-15.193080,16.595852,-24.155742,-15.173673,16.613515,0.200000,
-24.155743,-15.173678,16.613509,-27.820091,-18.376273,48.151742,-24.315847,-15.127507,16.655353,-24.155742,-15.173673,16.613515,0.200000,
-24.155743,-15.173678,16.613509,-27.820091,-18.376273,48.151742,-24.088326,-15.193080,16.595852,-24.155742,-15.173673,16.613515,0.200000,
-24.155743,-15.173678,16.613509,-27.820091,-18.376273,48.151742,-24.315847,-15.127507,16.655353,-24.155742,-15.173673,16.613515,0.200000,
-24.155743,-15.173678,16.613509,-27.820091,-18.376273,48.151742,-24.088326,-15.193080,16.595851,-24.155742,-15.173673,16.613515,0.200000,
-24.155743,-15.173678,16.613509,-27.820091,-18.376273,48.151742,-24.315846,-15.127507,16.655353,-24.155742,-15.173673,16.613515,0.200000,
-24.155743,-15.173678,16.613509,-27.820091,-18.376273,48.151742,-24.088326,-15.193080,16.595851,-24.155742,-15.173673,16.613515,0.200000,
-24.155743,-15.173678,16.613509,-27.820091,-18.376273,48.151742,-24.315846,-15.127507,16.655353,-24.155742,-15.173673,16.613515,0.200000,
-24.155743,-15.173678,16.613509,-27.820091,-18.376273,48.151742,-24.088326,-15.193080,16.595851,-24.155742,-15.173673,16.613515,0.200000,
-24.155743,-15.173678,16.613509,-27.820091,-18.376273,48.151742,-24.315846,-15.127507,16.655353,-24.155742,-15.173673,16.613515,0.200000,
-24.155743,-15.173678,16.613509,-27.820091,-18.376273,48.151742,-24.088326,-15.193080,16.595851,-24.155742,-15.173673,16.613515,0.200000,
-24.155743,-15.173678,16.613509,-27.820091,-18.376273,48.151742,-24.315846,-15.127507,16.655353,-24.155742,-15.173673,16.613515,0.200000,
-24.155743,-15.173678,16.613509,-27.820091,-18.376273,48.151742,-24.088326,-15.193080,16.595851,-24.155742,-15.173673,16.613515,0.200000,
-24.155743,-15.173678,16.613509,-27.820091,-18.376273,48.151742,-24.315846,-15.127507,16.655353,-24.155742,-15.173673,16.613515,0.200000,
-24.155743,-15.173678,16.613509,-27.820091,-18.376273,48.151742,-24.088325,-15.193080,16.595851,-24.155742,-15.173673,16.613515,0.200000,
-24.155743,-15.173678,16.613509,-27.820091,-18.376273,48.151742,-24.315846,-15.127507,16.655352,-24.155742,-15.173673,16.613515,0.200000,
-24.155743,-15.173678,16.613509,-27.820091,-18.376273,48.151742,-24.088325,-15.193080,16.595851,-24.155742,-15.173673,16.613515,0.200000,
-24.155743,-15.173678,16.613509,-27.820091,-18.376273,48.151742,-24.315845,-15.127507,16.655352,-24.155742,-15.173673,16.613515,0.200000,
-24.155743,-15.173678,16.613509,-27.820091,-18.376273,48.151742,-24.088325,-15.193080,16.595851,-24.155742,-15.173673,16.613515,0.200000,
-24.155743,-15.173678,16.613509,-27.820091,-18.376273,48.151742,-24.315845,-15.127507,16.655352,-24.155742,-15.173673,16.613515,0.200000,
-24.155743,-15.173678,16.613509,-27.820091,-18.376273,48.151742,-24.088325,-15.193080,16.595851,-24.155742,-15.173673,16.613515,0.200000,
-24.155743,-15.173678,16.613509,-27.820091,-18.376273,48.151742,-24.315845,-15.127507,16.655352,-24.155742,-15.173673,16.613515,0.200000,
-24.155743,-15.173678,16.613509,-27.820091,-18.376273,48.151742,-24.088325,-15.193080,16.595851,-24.155742,-15.173673,16.613515,0.200000,
-24.155743,-15.173678,16.613509,-27.820091,-18.376273,48.151742,-24.315845,-15.127507,16.655352,-24.155742,-15.173673,16.613515,0.200000,
-24.155743,-15.173678,16.613509,-27.820091,-18.376273,48.151742,-24.088324,-15.193080,16.595851,-24.155742,-15.173673,16.613515,0.200000,
-24.155743,-15.173678,16.613509,-27.820091,-18.376273,48.151742,-24.315845,-15.127507,16.655352,-24.155742,-15.173673,16.613515,0.200000,
-24.155743,-15.173678,16.613509,-27.820091,-18.376273,48.151742,-24.088324,-15.193080,16.595851,-24.155742,-15.173673,16.613515,0.200000,
-24.155743,-15.173678,16.613509,-27.820091,-18.376273,48.151742,-24.315844,-15.127507,16.655352,-24.155742,-15.173673,16.613515,0.200000,
-24.155743,-15.173678,16.613509,-27.820091,-18.376273,48.151742,-24.088324,-15.193080,16.595851,-24.155742,-15.173673,16.613515,0.200000,
-24.155743,-15.173678,16.613509,-27.820091,-18.376273,48.151742,-24.315844,-15.127507,16.655352,-24.155742,-15.173673,16.613514,0.200000,
-24.155743,-15.173678,16.613509,-27.820091,-18.376273,48.151742,-24.088324,-15.193081,16.595851,-24.155742,-15.173673,16.613514,0.200000,
-24.155743,-15.173678,16.613509,-27.820091,-18.376273,48.151742,-24.315844,-15.127507,16.655352,-24.155742,-15.173673,16.613514,0.200000,
-24.155743,-15.173678,16.613509,-27.820091,-18.376273,48.151742,-24.088324,-15.193081,16.595851,-24.155742,-15.173673,16.613514,0.200000,
-24.155743,-15.173678,16.613509,-27.820091,-18.376273,48.151742,-24.315844,-15.127507,16.655352,-24.155742,-15.173673,16.613514,0.200000,
-24.155743,-15.173678,16.613509,-27.820091,-18.376273,48.151742,-24.088324,-15.193081,16.595851,-24.155742,-15.173673,16.613514,0.200000,
-24.155743,-15.173678,16.613509,-27.820091,-18.376273,48.151742,-24.315844,-15.127507,16.655352,-24.155742,-15.173673,16.613514,0.200000,
-24.155743,-15.173678,16.613509,-27.820091,-18.376273,48.151742,-24.088323,-15.193081,16.595851,-24.155742,-15.173673,16.613514,0.200000,
-24.155743,-15.173678,16.613509,-27.820091,-18.376273,48.151742,-24.315843,-15.127508,16.655352,-24.155742,-15.173673,16.613514,0.200000,
-24.155743,-15.173678,16.613509,-27.820091,-18.376273,48.151742,-24.088323,-15.193081,16.595851,-24.155742,-15.173673,16.613514,0.200000,
-24.155743,-15.173678,16.613509,-27.820091,-18.376273,48.151742,-24.315843,-15.127508,16.655352,-24.155742,-15.173673,16.613514,0.200000,
-24.155743,-15.173678,16.613509,-27.820091,-18.376273,48.151742,-24.088323,-15.193081,16.595851,-24.155742,-15.173673,16.613514,0.200000,
-24.155743,-15.173678,16.613509,-27.820091,-18.376273,48.151742,-24.315843,-15.127508,16.655352,-24.155742,-15.173673,16.613514,0.200000,
-24.155743,-15.173678,16.613509,-27.820091,-18.376273,48.151742,-24.088323,-15.193081,16.595851,-24.155742,-15.173673,16.613514,0.200000,
-24.155743,-15.173678,16.613509,-27.820091,-18.376273,48.151742,-24.315843,-15.127508,16.655352,-24.155742,-15.173673,16.613514,0.200000,
-24.155743,-15.173678,16.613509,-27.820091,-18.376273,48.151742,-24.088323,-15.193081,16.595850,-24.155742,-15.173673,16.613514,0.200000,
-24.155743,-15.173678,16.613509,-27.820091,-18.376273,48.151742,-24.315843,-15.127508,16.655352,-24.155742,-15.173673,16.613514,0.200000,
-24.155743,-15.173678,16.613509,-27.820091,-18.376273,48.151742,-24.088322,-15.193081,16.595850,-24.155742,-15.173673,16.613514,0.200000,
-24.155743,-15.173678,16.613509,-27.820091,-18.376273,48.151742,-24.315843,-15.127508,16.655352,-24.155742,-15.173673,16.613514,0.200000,
-24.155743,-15.173678,16.613509,-27.820091,-18.376273,48.151742,-24.088322,-15.193081,16.595850,-24.155742,-15.173673,16.613514,0.200000,
-24.155743,-15.173678,16.613509,-27.820091,-18.376273,48.151742,-24.315842,-15.127508,16.655352,-24.155742,-15.173673,16.613514,0.200000,
-24.155743,-15.173678,16.613509,-27.820091,-18.376273,48.151742,-24.088322,-15.193081,16.595850,-24.155742,-15.173673,16.613514,0.200000,
-24.155743,-15.173678,16.613509,-27.820091,-18.376273,48.151742,-24.315842,-15.127508,16.655352,-24.155742,-15.173674,16.613514,0.200000,
-24.155743,-15.173678,16.613509,-27.820091,-18.376273,48.151742,-24.088322,-15.193081,16.595850,-24.155742,-15.173674,16.613514,0.200000,
-24.155743,-15.173678,16.613509,-27.820091,-18.376273,48.151742,-24.315842,-15.127508,16.655352,-24.155742,-15.173674,16.613514,0.200000,
-24.155743,-15.173678,16.613509,-27.820091,-18.376273,48.151742,-24.088322,-15.193081,16.595850,-24.155742,-15.173674,16.613514,0.200000,
-24.155743,-15.173678,16.613509,-27.820091,-18.376273,48.151742,-24.315842,-15.127508,16.655351,-24.155742,-15.173674,16.613514,0.200000,
-24.155743,-15.173678,16.613509,-27.820091,-18.376273,48.151742,-24.088321,-15.193081,16.595850,-24.155742,-15.173674,16.613514,0.200000,
-24.155743,-15.173678,16.613509,-27.820091,-18.376273,48.151742,-24.315842,-15.127508,16.655351,-24.155742,-15.173674,16.613514,0.200000,
-24.155743,-15.173678,16.613509,-27.820091,-18.376273,48.151742,-24.088321,-15.193081,16.595850,-24.155742,-15.173674,16.613514,0.200000,
-24.155743,-15.173678,16.613509,-27.820091,-18.376273,48.151742,-24.315841,-15.127508,16.655351,-24.155742,-15.173674,16.613514,0.200000,
-24.155743,-15.173678,16.613509,-27.820091,-18.376273,48.151742,-24.088321,-15.193081,16.595850,-24.155742,-15.173674,16.613514,0.200000,
-24.155743,-15.173678,16.613509,-27.820091,-18.376273,48.151742,-24.315841,-15.127508,16.655351,-24.155742,-15.173674,16.613514,0.200000,
-24.155743,-15.173678,16.613509,-27.820091,-18.376273,48.151742,-24.088321,-15.193081,16.595850,-24.155742,-15.173674,16.613514,0.200000,
-24.155743,-15.173678,16.613509,-27.820091,-18.376273,48.151742,-24.315841,-15.127508,16.655351,-24.155742,-15.173674,16.613514,0.200000,
-24.155743,-15.173678,16.613509,-27.820091,-18.376273,48.151742,-24.088321,-15.193081,16.595850,-24.155742,-15.173674,16.613514,0.200000,
-24.155743,-15.173678,16.613509,-27.820091,-18.376273,48.151742,-24.315841,-15.127508,16.655351,-24.155742,-15.173674,16.613514,0.200000,
-24.155743,-15.173678,16.613509,-27.820091,-18.376273,48.151742,-24.088321,-15.193081,16.595850,-24.155742,-15.173674,16.613514,0.200000,
-24.155743,-15.173678,16.613509,-27.820091,-18.376273,48.151742,-24.315841,-15.127508,16.655351,-24.155742,-15.173674,16.613514,0.200000,
-24.155743,-15.173678,16.613509,-27.820091,-18.376273,48.151742,-24.088320,-15.193082,16.595850,-24.155742,-15.173674,16.613514,0.200000,
-24.155743,-15.173678,16.613509,-27.820091,-18.376273,48.151742,-24.315841,-15.127508,16.655351,-24.155742,-15.173674,16.613514,0.200000,
-24.155743,-15.173678,16.613509,-27.820091,-18.376273,48.151742,-24.088320,-15.193082,16.595850,-24.155742,-15.173674,16.613514,0.200000,
-24.155743,-15.173678,16.613509,-27.820091,-18.376273,48.151742,-24.315840,-15.127508,16.655351,-24.155742,-15.173674,16.613514,0.200000,
-24.155743,-15.173678,16.613509,-27.820091,-18.376273,48.151742,-24.088320,-15.193082,16.595850,-24.155742,-15.173674,16.613514,0.200000,
-24.155743,-15.173678,16.613509,-27.820091,-18.376273,48.151742,-24.315840,-15.127508,16.655351,-24.155742,-15.173674,16.613514,0.200000,
-24.155743,-15.173678,16.613509,-27.820091,-18.376273,48.151742,-24.088320,-15.193082,16.595850,-24.155742,-15.173674,16.613514,0.200000,
-24.155743,-15.173678,16.613509,-27.820091,-18.376273,48.151742,-24.315840,-15.127509,16.655351,-24.155742,-15.173674,16.613514,0.200000,
-24.155743,-15.173678,16.613509,-27.820091,-18.376273,48.151742,-24.088320,-15.193082,16.595850,-24.155742,-15.173674,16.613514,0.200000,
-24.155743,-15.173678,16.613509,-27.820091,-18.376273,48.151742,-24.315840,-15.127509,16.655351,-24.155742,-15.173674,16.613514,0.200000,
-24.155743,-15.173678,16.613509,-27.820091,-18.376273,48.151742,-24.088319,-15.193082,16.595850,-24.155742,-15.173674,16.613514,0.200000,
-24.155743,-15.173678,16.613509,-27.820091,-18.376273,48.151742,-24.315840,-15.127509,16.655351,-24.155742,-15.173674,16.613514,0.200000,
-24.155743,-15.173678,16.613509,-27.820091,-18.376273,48.151742,-24.088319,-15.193082,16.595850,-24.155742,-15.173674,16.613514,0.200000,
-24.155743,-15.173678,16.613509,-27.820091,-18.376273,48.151742,-24.315839,-15.127509,16.655351,-24.155742,-15.173674,16.613514,0.200000,
-24.155743,-15.173678,16.613509,-27.820091,-18.376273,48.151742,-24.088319,-15.193082,16.595850,-24.155742,-15.173674,16.613514,0.200000,
-24.155743,-15.173678,16.613509,-27.820091,-18.376273,48.151742,-24.315839,-15.127509,16.655351,-24.155742,-15.173674,16.613514,0.200000,
-24.155743,-15.173678,16.613509,-27.820091,-18.376273,48.151742,-24.088319,-15.193082,16.595850,-24.155742,-15.173674,16.613514,0.200000,
-24.155743,-15.173678,16.613509,-27.820091,-18.376273,48.151742,-24.315839,-15.127509,16.655351,-24.155742,-15.173674,16.613514,0.200000,
-24.155743,-15.173678,16.613509,-27.820091,-18.376273,48.151742,-24.088319,-15.193082,16.595849,-24.155742,-15.173674,16.613514,0.200000,
-24.155743,-15.173678,16.613509,-27.820091,-18.376273,48.151742,-24.315839,-15.127509,16.655351,-24.155742,-15.173674,16.613514,0.200000,
-24.155743,-15.173678,16.613509,-27.820091,-18.376273,48.151742,-24.088319,-15.193082,16.595849,-24.155742,-15.173674,16.613514,0.200000,
-24.155743,-15.173678,16.613509,-27.820091,-18.376273,48.151742,-24.315839,-15.127509,16.655351,-24.155742,-15.173674,16.613514,0.200000,
-24.155743,-15.173678,16.613509,-27.820091,-18.376273,48.151742,-24.088318,-15.193082,16.595849,-24.155742,-15.173674,16.613514,0.200000,
-24.155743,-15.173678,16.613509,-27.820091,-18.376273,48.151742,-24.315838,-15.127509,16.655351,-24.155742,-15.173674,16.613514,0.200000,
-24.155743,-15.173678,16.613509,-27.820091,-18.376273,48.151742,-24.088318,-15.193082,16.595849,-24.155742,-15.173674,16.613514,0.200000,
-24.155743,-15.173678,16.613509,-27.820091,-18.376273,48.151742,-24.315838,-15.127509,16.655351,-24.155742,-15.173674,16.613514,0.200000,
-24.155743,-15.173678,16.613509,-27.820091,-18.376273,48.151742,-24.088318,-15.193082,16.595849,-24.155742,-15.173674,16.613514,0.200000,
-24.155743,-15.173678,16.613509,-27.820091,-18.376273,48.151742,-24.315838,-15.127509,16.655351,-24.155742,-15.173674,16.613514,0.200000,
-24.155743,-15.173678,16.613509,-27.820091,-18.376273,48.151742,-24.088318,-15.193082,16.595849,-24.155742,-15.173674,16.613514,0.200000,
-24.155743,-15.173678,16.613509,-27.820091,-18.376273,48.151742,-24.315838,-15.127509,16.655350,-24.155742,-15.173674,16.613514,0.200000,
-24.155743,-15.173678,16.613509,-27.820091,-18.376273,48.151742,-24.088318,-15.193082,16.595849,-24.155742,-15.173674,16.613514,0.200000,
-24.155743,-15.173678,16.613509,-27.820091,-18.376273,48.151742,-24.315838,-15.127509,16.655350,-24.155742,-15.173674,16.613514,0.200000,
-24.155743,-15.173678,16.613509,-27.820091,-18.376273,48.151742,-24.088317,-15.193082,16.595849,-24.155742,-15.173674,16.613514,0.200000,
-24.155743,-15.173678,16.613509,-27.820091,-18.376273,48.151742,-24.315838,-15.127509,16.655350,-24.155742,-15.173674,16.613514,0.200000,
-24.155743,-15.173678,16.613509,-27.820091,-18.376273,48.151742,-24.088317,-15.193082,16.595849,-24.155742,-15.173674,16.613514,0.200000,
-24.155743,-15.173678,16.613509,-27.820091,-18.376273,48.151742,-24.315837,-15.127509,16.655350,-24.155742,-15.173674,16.613514,0.200000,
-24.155743,-15.173678,16.613509,-27.820091,-18.376273,48.151742,-24.088317,-15.193082,16.595849,-24.155742,-15.173674,16.613514,0.200000,
-24.155743,-15.173678,16.613509,-27.820091,-18.376273,48.151742,-24.315837,-15.127509,16.655350,-24.155742,-15.173674,16.613514,0.200000,
-24.155743,-15.173678,16.613509,-27.820091,-18.376273,48.151742,-24.088317,-15.193083,16.595849,-24.155742,-15.173674,16.613514,0.200000,
-24.155743,-15.173678,16.613509,-27.820091,-18.376273,48.151742,-24.315837,-15.127509,16.655350,-24.155742,-15.173674,16.613514,0.200000,
-24.155743,-15.173678,16.613509,-27.820091,-18.376273,48.151742,-24.088317,-15.193083,16.595849,-24.155742,-15.173674,16.613514,0.200000,
-24.155743,-15.173678,16.613509,-27.820091,-18.376273,48.151742,-24.315837,-15.127509,16.655350,-24.155742,-15.173674,16.613514,0.200000,
-24.155743,-15.173678,16.613509,-27.820091,-18.376273,48.151742,-24.088316,-15.193083,16.595849,-24.155742,-15.173674,16.613514,0.200000,
-24.155743,-15.173678,16.613509,-27.820091,-18.376273,48.151742,-24.315837,-15.127509,16.655350,-24.155742,-15.173674,16.613514,0.200000,
-24.155743,-15.173678,16.613509,-27.820091,-18.376273,48.151742,-24.088316,-15.193083,16.595849,-24.155742,-15.173674,16.613514,0.200000,
-24.155743,-15.173678,16.613509,-27.820091,-18.376273,48.151742,-24.315836,-15.127510,16.655350,-24.155742,-15.173674,16.613514,0.200000,
-24.155743,-15.173678,16.613509,-27.820091,-18.376273,48.151742,-24.088316,-15.193083,16.595849,-24.155742,-15.173674,16.613514,0.200000,
-24.155743,-15.173678,16.613509,-27.820091,-18.376273,48.151742,-24.315836,-15.127510,16.655350,-24.155742,-15.173674,16.613514,0.200000,
-24.155743,-15.173678,16.613509,-27.820091,-18.376273,48.151742,-24.088316,-15.193083,16.595849,-24.155742,-15.173674,16.613514,0.200000,
-24.155743,-15.173678,16.613509,-27.820091,-18.376273,48.151742,-24.315836,-15.127510,16.655350,-24.155742,-15.173674,16.613514,0.200000,
-24.155743,-15.173678,16.613509,-27.820091,-18.376273,48.151742,-24.088316,-15.193083,16.595849,-24.155742,-15.173674,16.613514,0.200000,
-24.155743,-15.173678,16.613509,-27.820091,-18.376273,48.151742,-24.315836,-15.127510,16.655350,-24.155742,-15.173674,16.613514,0.200000,
-24.155743,-15.173678,16.613509,-27.820091,-18.376273,48.151742,-24.088316,-15.193083,16.595849,-24.155742,-15.173674,16.613514,0.200000,
-24.155743,-15.173678,16.613509,-27.820091,-18.376273,48.151742,-24.315836,-15.127510,16.655350,-24.155742,-15.173674,16.613514,0.200000,
-24.155743,-15.173678,16.613509,-27.820091,-18.376273,48.151742,-24.088315,-15.193083,16.595849,-24.155742,-15.173674,16.613514,0.200000,
-24.155743,-15.173678,16.613509,-27.820091,-18.376273,48.151742,-24.315836,-15.127510,16.655350,-24.155742,-15.173674,16.613513,0.200000,
-24.155743,-15.173678,16.613509,-27.820091,-18.376273,48.151742,-24.088315,-15.193083,16.595849,-24.155742,-15.173674,16.613513,0.200000,
-24.155743,-15.173678,16.613509,-27.820091,-18.376273,48.151742,-24.315835,-15.127510,16.655350,-24.155742,-15.173674,16.613513,0.200000,
-24.155743,-15.173678,16.613509,-27.820091,-18.376273,48.151742,-24.088315,-15.193083,16.595849,-24.155742,-15.173674,16.613513,0.200000,
-24.155743,-15.173678,16.613509,-27.820091,-18.376273,48.151742,-24.315835,-15.127510,16.655350,-24.155742,-15.173674,16.613513,0.200000,
-24.155743,-15.173678,16.613509,-27.820091,-18.376273,48.151742,-24.088315,-15.193083,16.595848,-24.155742,-15.173674,16.613513,0.200000,
-24.155743,-15.173678,16.613509,-27.820091,-18.376273,48.151742,-24.315835,-15.127510,16.655350,-24.155742,-15.173674,16.613513,0.200000,
-24.155743,-15.173678,16.613509,-27.820091,-18.376273,48.151742,-24.088315,-15.193083,16.595848,-24.155742,-15.173674,16.613513,0.200000,
-24.155743,-15.173678,16.613509,-27.820091,-18.376273,48.151742,-24.315835,-15.127510,16.655350,-24.155742,-15.173674,16.613513,0.200000,
-24.155743,-15.173678,16.613509,-27.820091,-18.376273,48.151742,-24.088314,-15.193083,16.595848,-24.155742,-15.173674,16.613513,0.200000,
-24.155743,-15.173678,16.613509,-27.820091,-18.376273,48.151742,-24.315835,-15.127510,16.655350,-24.155742,-15.173674,16.613513,0.200000,
-24.155743,-15.173678,16.613509,-27.820091,-18.376273,48.151742,-24.088314,-15.193083,16.595848,-24.155742,-15.173674,16.613513,0.200000,
-24.155743,-15.173678,16.613509,-27.820091,-18.376273,48.151742,-24.315834,-15.127510,16.655350,-24.155742,-15.173674,16.613513,0.200000,
-24.155743,-15.173678,16.613509,-27.820091,-18.376273,48.151742,-24.088314,-15.193083,16.595848,-24.155742,-15.173674,16.613513,0.200000,
-24.155743,-15.173678,16.613509,-27.820091,-18.376273,48.151742,-24.315834,-15.127510,16.655350,-24.155742,-15.173674,16.613513,0.200000,
-24.155743,-15.173678,16.613509,-27.820091,-18.376273,48.151742,-24.088314,-15.193083,16.595848,-24.155742,-15.173674,16.613513,0.200000,
-24.155743,-15.173678,16.613509,-27.820091,-18.376273,48.151742,-24.315834,-15.127510,16.655349,-24.155742,-15.173674,16.613513,0.200000,
-24.155743,-15.173678,16.613509,-27.820091,-18.376273,48.151742,-24.088314,-15.193083,16.595848,-24.155742,-15.173674,16.613513,0.200000,
-24.155743,-15.173678,16.613509,-27.820091,-18.376273,48.151742,-24.315834,-15.127510,16.655349,-24.155742,-15.173674,16.613513,0.200000,
-24.155743,-15.173678,16.613509,-27.820091,-18.376273,48.151742,-24.088313,-15.193083,16.595848,-24.155742,-15.173674,16.613513,0.200000,
-24.155743,-15.173678,16.613509,-27.820091,-18.376273,48.151742,-24.315834,-15.127510,16.655349,-24.155742,-15.173674,16.613513,0.200000,
-24.155743,-15.173678,16.613509,-27.820091,-18.376273,48.151742,-24.088313,-15.193084,16.595848,-24.155742,-15.173674,16.613513,0.200000,
-24.155743,-15.173678,16.613509,-27.820091,-18.376273,48.151742,-24.315833,-15.127510,16.655349,-24.155742,-15.173674,16.613513,0.200000,
-24.155743,-15.173678,16.613509,-27.820091,-18.376273,48.151742,-24.088313,-15.193084,16.595848,-24.155742,-15.173674,16.613513,0.200000,
-24.155743,-15.173678,16.613509,-27.820091,-18.376273,48.151742,-24.315833,-15.127510,16.655349,-24.155742,-15.173674,16.613513,0.200000,
-24.155743,-15.173678,16.613509,-27.820091,-18.376273,48.151742,-24.088313,-15.193084,16.595848,-24.155742,-15.173674,16.613513,0.200000,
-24.155743,-15.173678,16.613509,-27.820091,-18.376273,48.151742,-24.315833,-15.127511,16.655349,-24.155742,-15.173674,16.613513,0.200000,
-24.155743,-15.173678,16.613509,-27.820091,-18.376273,48.151742,-24.088313,-15.193084,16.595848,-24.155742,-15.173674,16.613513,0.200000,
-24.155743,-15.173678,16.613509,-27.820091,-18.376273,48.151742,-24.315833,-15.127511,16.655349,-24.155742,-15.173674,16.613513,0.200000,
-24.155743,-15.173678,16.613509,-27.820091,-18.376273,48.151742,-24.088313,-15.193084,16.595848,-24.155742,-15.173674,16.613513,0.200000,
-24.155743,-15.173678,16.613509,-27.820091,-18.376273,48.151742,-24.315833,-15.127511,16.655349,-24.155742,-15.173674,16.613513,0.200000,
-24.155743,-15.173678,16.613509,-27.820091,-18.376273,48.151742,-24.088312,-15.193084,16.595848,-24.155742,-15.173674,16.613513,0.200000,
-24.155743,-15.173678,16.613509,-27.820091,-18.376273,48.151742,-24.315833,-15.127511,16.655349,-24.155742,-15.173674,16.613513,0.200000,
-24.155743,-15.173678,16.613509,-27.820091,-18.376273,48.151742,-24.088312,-15.193084,16.595848,-24.155742,-15.173674,16.613513,0.200000,
-24.155743,-15.173678,16.613509,-27.820091,-18.376273,48.151742,-24.315832,-15.127511,16.655349,-24.155742,-15.173674,16.613513,0.200000,
-24.155743,-15.173678,16.613509,-27.820091,-18.376273,48.151742,-24.088312,-15.193084,16.595848,-24.155742,-15.173674,16.613513,0.200000,
-24.155743,-15.173678,16.613509,-27.820091,-18.376273,48.151742,-24.315832,-15.127511,16.655349,-24.155742,-15.173674,16.613513,0.200000,
-24.155743,-15.173678,16.613509,-27.820091,-18.376273,48.151742,-24.088312,-15.193084,16.595848,-24.155742,-15.173674,16.613513,0.200000,
-24.155743,-15.173678,16.613509,-27.820091,-18.376273,48.151742,-24.315832,-15.127511,16.655349,-24.155742,-15.173674,16.613513,0.200000,
-24.155743,-15.173678,16.613509,-27.820091,-18.376273,48.151742,-24.088312,-15.193084,16.595848,-24.155742,-15.173674,16.613513,0.200000,
-24.155743,-15.173678,16.613509,-27.820091,-18.376273,48.151742,-24.315832,-15.127511,16.655349,-24.155742,-15.173674,16.613513,0.200000,
-24.155743,-15.173678,16.613509,-27.820091,-18.376273,48.151742,-24.088311,-15.193084,16.595848,-24.155742,-15.173674,16.613513,0.200000,
-24.155743,-15.173678,16.613509,-27.820091,-18.376273,48.151742,-24.315832,-15.127511,16.655349,-24.155742,-15.173674,16.613513,0.200000,
-24.155743,-15.173678,16.613509,-27.820091,-18.376273,48.151742,-24.088311,-15.193084,16.595848,-24.155742,-15.173674,16.613513,0.200000,
-24.155743,-15.173678,16.613509,-27.820091,-18.376273,48.151742,-24.315831,-15.127511,16.655349,-24.155742,-15.173674,16.613513,0.200000,
-24.155743,-15.173678,16.613509,-27.820091,-18.376273,48.151742,-24.088311,-15.193084,16.595847,-24.155742,-15.173674,16.613513,0.200000,
-24.155743,-15.173678,16.613509,-27.820091,-18.376273,48.151742,-24.315831,-15.127511,16.655349,-24.155742,-15.173674,16.613513,0.200000,
-24.155743,-15.173678,16.613509,-27.820091,-18.376273,48.151742,-24.088311,-15.193084,16.595847,-24.155742,-15.173674,16.613513,0.200000,
-24.155743,-15.173678,16.613509,-27.820091,-18.376273,48.151742,-24.315831,-15.127511,16.655349,-24.155742,-15.173674,16.613513,0.200000,
-24.155743,-15.173678,16.613509,-27.820091,-18.376273,48.151742,-24.088311,-15.193084,16.595847,-24.155742,-15.173674,16.613513,0.200000,
-24.155743,-15.173678,16.613509,-27.820091,-18.376273,48.151742,-24.315831,-15.127511,16.655349,-24.155742,-15.173674,16.613513,0.200000,
-24.155743,-15.173678,16.613509,-27.820091,-18.376273,48.151742,-24.088311,-15.193084,16.595847,-24.155742,-15.173674,16.613513,0.200000,
-24.155743,-15.173678,16.613509,-27.820091,-18.376273,48.151742,-24.315831,-15.127511,16.655349,-24.155742,-15.173674,16.613513,0.200000,
-24.155743,-15.173678,16.613509,-27.820091,-18.376273,48.151742,-24.088310,-15.193084,16.595847,-24.155742,-15.173674,16.613513,0.200000,
-24.155743,-15.173678,16.613509,-27.820091,-18.376273,48.151742,-24.315831,-15.127511,16.655349,-24.155742,-15.173674,16.613513,0.200000,
-24.155743,-15.173678,16.613509,-27.820091,-18.376273,48.151742,-24.088310,-15.193084,16.595847,-24.155742,-15.173674,16.613513,0.200000,
-24.155743,-15.173678,16.613509,-27.820091,-18.376273,48.151742,-24.315830,-15.127511,16.655348,-24.155742,-15.173674,16.613513,0.200000,
-24.155743,-15.173678,16.613509,-27.820091,-18.376273,48.151742,-24.088310,-15.193085,16.595847,-24.155742,-15.173674,16.613513,0.200000,
-24.155743,-15.173678,16.613509,-27.820091,-18.376273,48.151742,-24.315830,-15.127511,16.655348,-24.155742,-15.173674,16.613513,0.200000,
-24.155743,-15.173678,16.613509,-27.820091,-18.376273,48.151742,-24.088310,-15.193085,16.595847,-24.155742,-15.173674,16.613513,0.200000,
-24.155743,-15.173678,16.613509,-27.820091,-18.376273,48.151742,-24.315830,-15.127511,16.655348,-24.155742,-15.173674,16.613513,0.200000,
-24.155743,-15.173678,16.613509,-27.820091,-18.376273,48.151742,-24.088310,-15.193085,16.595847,-24.155742,-15.173674,16.613513,0.200000,
-24.155743,-15.173678,16.613509,-27.820091,-18.376273,48.151742,-24.315830,-15.127511,16.655348,-24.155742,-15.173674,16.613513,0.200000,
-24.155743,-15.173678,16.613509,-27.820091,-18.376273,48.151742,-24.088309,-15.193085,16.595847,-24.155742,-15.173674,16.613513,0.200000,
-24.155743,-15.173678,16.613509,-27.820091,-18.376273,48.151742,-24.315830,-15.127512,16.655348,-24.155742,-15.173674,16.613513,0.200000,
-24.155743,-15.173678,16.613509,-27.820091,-18.376273,48.151742,-24.088309,-15.193085,16.595847,-24.155742,-15.173674,16.613513,0.200000,
-24.155743,-15.173678,16.613509,-27.820091,-18.376273,48.151742,-24.315829,-15.127512,16.655348,-24.155742,-15.173675,16.613513,0.200000,
-24.155743,-15.173678,16.613509,-27.820091,-18.376273,48.151742,-24.088309,-15.193085,16.595847,-24.155742,-15.173675,16.613513,0.200000,
-24.155743,-15.173678,16.613509,-27.820091,-18.376273,48.151742,-24.315829,-15.127512,16.655348,-24.155742,-15.173675,16.613513,0.200000,
-24.155743,-15.173678,16.613509,-27.820091,-18.376273,48.151742,-24.088309,-15.193085,16.595847,-24.155742,-15.173675,16.613513,0.200000,
-24.155743,-15.173678,16.613509,-27.820091,-18.376273,48.151742,-24.315829,-15.127512,16.655348,-24.155742,-15.173675,16.613513,0.200000,
-24.155743,-15.173678,16.613509,-27.820091,-18.376273,48.151742,-24.088309,-15.193085,16.595847,-24.155742,-15.173675,16.613513,0.200000,
-24.155743,-15.173678,16.613509,-27.820091,-18.376273,48.151742,-24.315829,-15.127512,16.655348,-24.155742,-15.173675,16.613513,0.200000,
-24.155743,-15.173678,16.613509,-27.820091,-18.376273,48.151742,-24.088308,-15.193085,16.595847,-24.155742,-15.173675,16.613513,0.200000,
-24.155743,-15.173678,16.613509,-27.820091,-18.376273,48.151742,-24.315829,-15.127512,16.655348,-24.155742,-15.173675,16.613513,0.200000,
-24.155743,-15.173678,16.613509,-27.820091,-18.376273,48.151742,-24.088308,-15.193085,16.595847,-24.155742,-15.173675,16.613513,0.200000,
-24.155743,-15.173678,16.613509,-27.820091,-18.376273,48.151742,-24.315828,-15.127512,16.655348,-24.155742,-15.173675,16.613513,0.200000,
-24.155743,-15.173678,16.613509,-27.820091,-18.376273,48.151742,-24.088308,-15.193085,16.595847,-24.155742,-15.173675,16.613513,0.200000,
-24.155743,-15.173678,16.613509,-27.820091,-18.376273,48.151742,-24.315828,-15.127512,16.655348,-24.155742,-15.173675,16.613513,0.200000,
-24.155743,-15.173678,16.613509,-27.820091,-18.376273,48.151742,-24.088308,-15.193085,16.595847,-24.155742,-15.173675,16.613513,0.200000,
-24.155743,-15.173678,16.613509,-27.820091,-18.376273,48.151742,-24.315828,-15.127512,16.655348,-24.155743,-15.173675,16.613513,0.200000,
-24.155743,-15.173678,16.613509,-27.820091,-18.376273,48.151742,-24.088308,-15.193085,16.595847,-24.155743,-15.173675,16.613513,0.200000,
-24.155743,-15.173678,16.613509,-27.820091,-18.376273,48.151742,-24.315828,-15.127512,16.655348,-24.155743,-15.173675,16.613513,0.200000,
-24.155743,-15.173678,16.613509,-27.820091,-18.376273,48.151742,-24.088308,-15.193085,16.595847,-24.155743,-15.173675,16.613513,0.200000,
-24.155743,-15.173678,16.613509,-27.820091,-18.376273,48.151742,-24.315828,-15.127512,16.655348,-24.155743,-15.173675,16.613513,0.200000,
-24.155743,-15.173678,16.613509,-27.820091,-18.376273,48.151742,-24.088307,-15.193085,16.595847,-24.155743,-15.173675,16.613513,0.200000,
-24.155743,-15.173678,16.613509,-27.820091,-18.376273,48.151742,-24.315828,-15.127512,16.655348,-24.155743,-15.173675,16.613513,0.200000,
-24.155743,-15.173678,16.613509,-27.820091,-18.376273,48.151742,-24.088307,-15.193085,16.595846,-24.155743,-15.173675,16.613513,0.200000,
-24.155743,-15.173678,16.613509,-27.820091,-18.376273,48.151742,-24.315827,-15.127512,16.655348,-24.155743,-15.173675,16.613513,0.200000,
-24.155743,-15.173678,16.613509,-27.820091,-18.376273,48.151742,-24.088307,-15.193085,16.595846,-24.155743,-15.173675,16.613513,0.200000,
-24.155743,-15.173678,16.613509,-27.820091,-18.376273,48.151742,-24.315827,-15.127512,16.655348,-24.155743,-15.173675,16.613513,0.200000,
-24.155743,-15.173678,16.613509,-27.820091,-18.376273,48.151742,-24.088307,-15.193085,16.595846,-24.155743,-15.173675,16.613513,0.200000,
-24.155743,-15.173678,16.613509,-27.820091,-18.376273,48.151742,-24.315827,-15.127512,16.655348,-24.155743,-15.173675,16.613513,0.200000,
-24.155743,-15.173678,16.613509,-27.820091,-18.376273,48.151742,-24.088307,-15.193085,16.595846,-24.155743,-15.173675,16.613513,0.200000,
-24.155743,-15.173678,16.613509,-27.820091,-18.376273,48.151742,-24.315827,-15.127512,16.655348,-24.155743,-15.173675,16.613513,0.200000,
-24.155743,-15.173678,16.613509,-27.820091,-18.376273,48.151742,-24.088306,-15.193086,16.595846,-24.155743,-15.173675,16.613513,0.200000,
-24.155743,-15.173678,16.613509,-27.820091,-18.376273,48.151742,-24.315827,-15.127512,16.655348,-24.155743,-15.173675,16.613513,0.200000,
-24.155743,-15.173678,16.613509,-27.820091,-18.376273,48.151742,-24.088306,-15.193086,16.595846,-24.155743,-15.173675,16.613513,0.200000,
-24.155743,-15.173678,16.613509,-27.820091,-18.376273,48.151742,-24.315826,-15.127512,16.655347,-24.155743,-15.173675,16.613513,0.200000,
-24.155743,-15.173678,16.613509,-27.820091,-18.376273,48.151742,-24.088306,-15.193086,16.595846,-24.155743,-15.173675,16.613513,0.200000,
-24.155743,-15.173678,16.613509,-27.820091,-18.376273,48.151742,-24.315826,-15.127512,16.655347,-24.155743,-15.173675,16.613513,0.200000,
-24.155743,-15.173678,16.613509,-27.820091,-18.376273,48.151742,-24.088306,-15.193086,16.595846,-24.155743,-15.173675,16.613513,0.200000,
-24.155743,-15.173678,16.613509,-27.820091,-18.376273,48.151742,-24.315826,-15.127513,16.655347,-24.155743,-15.173675,16.613513,0.200000,
-24.155743,-15.173678,16.613509,-27.820091,-18.376273,48.151742,-24.088306,-15.193086,16.595846,-24.155743,-15.173675,16.613513,0.200000,
-24.155743,-15.173678,16.613509,-27.820091,-18.376273,48.151742,-24.315826,-15.127513,16.655347,-24.155743,-15.173675,16.613513,0.200000,
-24.155743,-15.173678,16.613509,-27.820091,-18.376273,48.151742,-24.088306,-15.193086,16.595846,-24.155743,-15.173675,16.613513,0.200000,
-24.155743,-15.173678,16.613509,-27.820091,-18.376273,48.151742,-24.315826,-15.127513,16.655347,-24.155743,-15.173675,16.613513,0.200000,
-24.155743,-15.173678,16.613509,-27.820091,-18.376273,48.151742,-24.088305,-15.193086,16.595846,-24.155743,-15.173675,16.613513,0.200000,
-24.155743,-15.173678,16.613509,-27.820091,-18.376273,48.151742,-24.315826,-15.127513,16.655347,-24.155743,-15.173675,16.613513,0.200000,
-24.155743,-15.173678,16.613509,-27.820091,-18.376273,48.151742,-24.088305,-15.193086,16.595846,-24.155743,-15.173675,16.613513,0.200000,
-24.155743,-15.173678,16.613509,-27.820091,-18.376273,48.151742,-24.315825,-15.127513,16.655347,-24.155743,-15.173675,16.613513,0.200000,
-24.155743,-15.173678,16.613509,-27.820091,-18.376273,48.151742,-24.088305,-15.193086,16.595846,-24.155743,-15.173675,16.613513,0.200000,
-24.155743,-15.173678,16.613509,-27.820091,-18.376273,48.151742,-24.315825,-15.127513,16.655347,-24.155743,-15.173675,16.613513,0.200000,
-24.155743,-15.173678,16.613509,-27.820091,-18.376273,48.151742,-24.088305,-15.193086,16.595846,-24.155743,-15.173675,16.613513,0.200000,
-24.155743,-15.173678,16.613509,-27.820091,-18.376273,48.151742,-24.315825,-15.127513,16.655347,-24.155743,-15.173675,16.613513,0.200000,
-24.155743,-15.173678,16.613509,-27.820091,-18.376273,48.151742,-24.088305,-15.193086,16.595846,-24.155743,-15.173675,16.613513,0.200000,
-24.155743,-15.173678,16.613509,-27.820091,-18.376273,48.151742,-24.315825,-15.127513,16.655347,-24.155743,-15.173675,16.613512,0.200000,
-24.155743,-15.173678,16.613509,-27.820091,-18.376273,48.151742,-24.088304,-15.193086,16.595846,-24.155743,-15.173675,16.613512,0.200000,
-24.155743,-15.173678,16.613509,-27.820091,-18.376273,48.151742,-24.315825,-15.127513,16.655347,-24.155743,-15.173675,16.613512,0.200000,
-24.155743,-15.173678,16.613509,-27.820091,-18.376273,48.151742,-24.088304,-15.193086,16.595846,-24.155743,-15.173675,16.613512,0.200000,
-24.155743,-15.173678,16.613509,-27.820091,-18.376273,48.151742,-24.315824,-15.127513,16.655347,-24.155743,-15.173675,16.613512,0.200000,
-24.155743,-15.173678,16.613509,-27.820091,-18.376273,48.151742,-24.088304,-15.193086,16.595846,-24.155743,-15.173675,16.613512,0.200000,
-24.155743,-15.173678,16.613509,-27.820091,-18.376273,48.151742,-24.315824,-15.127513,16.655347,-24.155743,-15.173675,16.613512,0.200000,
-24.155743,-15.173678,16.613509,-27.820091,-18.376273,48.151742,-24.088304,-15.193086,16.595846,-24.155743,-15.173675,16.613512,0.200000,
-24.155743,-15.173678,16.613509,-27.820091,-18.376273,48.151742,-24.315824,-15.127513,16.655347,-24.155743,-15.173675,16.613512,0.200000,
-24.155743,-15.173678,16.613509,-27.820091,-18.376273,48.151742,-24.088304,-15.193086,16.595846,-24.155743,-15.173675,16.613512,0.200000,
-24.155743,-15.173678,16.613509,-27.820091,-18.376273,48.151742,-24.315824,-15.127513,16.655347,-24.155743,-15.173675,16.613512,0.200000,
-24.155743,-15.173678,16.613509,-27.820091,-18.376273,48.151742,-24.088303,-15.193086,16.595845,-24.155743,-15.173675,16.613512,0.200000,
-24.155743,-15.173678,16.613509,-27.820091,-18.376273,48.151742,-24.315824,-15.127513,16.655347,-24.155743,-15.173675,16.613512,0.200000,
-24.155743,-15.173678,16.613509,-27.820091,-18.376273,48.151742,-24.088303,-15.193086,16.595845,-24.155743,-15.173675,16.613512,0.200000,
-24.155743,-15.173678,16.613509,-27.820091,-18.376273,48.151742,-24.315823,-15.127513,16.655347,-24.155743,-15.173675,16.613512,0.200000,
-24.155743,-15.173678,16.613509,-27.820091,-18.376273,48.151742,-24.088303,-15.193086,16.595845,-24.155743,-15.173675,16.613512,0.200000,
-24.155743,-15.173678,16.613509,-27.820091,-18.376273,48.151742,-24.315823,-15.127513,16.655347,-24.155743,-15.173675,16.613512,0.200000,
-24.155743,-15.173678,16.613509,-27.820091,-18.376273,48.151742,-24.088303,-15.193087,16.595845,-24.155743,-15.173675,16.613512,0.200000,
-24.155743,-15.173678,16.613509,-27.820091,-18.376273,48.151742,-24.315823,-15.127513,16.655347,-24.155743,-15.173675,16.613512,0.200000,
-24.155743,-15.173678,16.613509,-27.820091,-18.376273,48.151742,-24.088303,-15.193087,16.595845,-24.155743,-15.173675,16.613512,0.200000,
-24.155743,-15.173678,16.613509,-27.820091,-18.376273,48.151742,-24.315823,-15.127513,16.655347,-24.155743,-15.173675,16.613512,0.200000,
-24.155743,-15.173678,16.613509,-27.820091,-18.376273,48.151742,-24.088303,-15.193087,16.595845,-24.155743,-15.173675,16.613512,0.200000,
-24.155743,-15.173678,16.613509,-27.820091,-18.376273,48.151742,-24.315823,-15.127514,16.655347,-24.155743,-15.173675,16.613512,0.200000,
-24.155743,-15.173678,16.613509,-27.820091,-18.376273,48.151742,-24.088302,-15.193087,16.595845,-24.155743,-15.173675,16.613512,0.200000,
-24.155743,-15.173678,16.613509,-27.820091,-18.376273,48.151742,-24.315823,-15.127514,16.655346,-24.155743,-15.173675,16.613512,0.200000,
-24.155743,-15.173678,16.613509,-27.820091,-18.376273,48.151742,-24.088302,-15.193087,16.595845,-24.155743,-15.173675,16.613512,0.200000,
-24.155743,-15.173678,16.613509,-27.820091,-18.376273,48.151742,-24.315822,-15.127514,16.655346,-24.155743,-15.173675,16.613512,0.200000,
-24.155743,-15.173678,16.613509,-27.820091,-18.376273,48.151742,-24.088302,-15.193087,16.595845,-24.155743,-15.173675,16.613512,0.200000,
-24.155743,-15.173678,16.613509,-27.820091,-18.376273,48.151742,-24.315822,-15.127514,16.655346,-24.155743,-15.173675,16.613512,0.200000,
-24.155743,-15.173678,16.613509,-27.820091,-18.376273,48.151742,-24.088302,-15.193087,16.595845,-24.155743,-15.173675,16.613512,0.200000,
-24.155743,-15.173678,16.613509,-27.820091,-18.376273,48.151742,-24.315822,-15.127514,16.655346,-24.155743,-15.173675,16.613512,0.200000,
-24.155743,-15.173678,16.613509,-27.820091,-18.376273,48.151742,-24.088302,-15.193087,16.595845,-24.155743,-15.173675,16.613512,0.200000,
-24.155743,-15.173678,16.613509,-27.820091,-18.376273,48.151742,-24.315822,-15.127514,16.655346,-24.155743,-15.173675,16.613512,0.200000,
-24.155743,-15.173678,16.613509,-27.820091,-18.376273,48.151742,-24.088301,-15.193087,16.595845,-24.155743,-15.173675,16.613512,0.200000,
-24.155743,-15.173678,16.613509,-27.820091,-18.376273,48.151742,-24.315822,-15.127514,16.655346,-24.155743,-15.173675,16.613512,0.200000,
-24.155743,-15.173678,16.613509,-27.820091,-18.376273,48.151742,-24.088301,-15.193087,16.595845,-24.155743,-15.173675,16.613512,0.200000,
-24.155743,-15.173678,16.613509,-27.820091,-18.376273,48.151742,-24.315821,-15.127514,16.655346,-24.155743,-15.173675,16.613512,0.200000,
-24.155743,-15.173678,16.613509,-27.820091,-18.376273,48.151742,-24.088301,-15.193087,16.595845,-24.155743,-15.173675,16.613512,0.200000,
-24.155743,-15.173678,16.613509,-27.820091,-18.376273,48.151742,-24.315821,-15.127514,16.655346,-24.155743,-15.173675,16.613512,0.200000,
-24.155743,-15.173678,16.613509,-27.820091,-18.376273,48.151742,-24.088301,-15.193087,16.595845,-24.155743,-15.173675,16.613512,0.200000,
-24.155743,-15.173678,16.613509,-27.820091,-18.376273,48.151742,-24.315821,-15.127514,16.655346,-24.155743,-15.173675,16.613512,0.200000,
-24.155743,-15.173678,16.613509,-27.820091,-18.376273,48.151742,-24.088301,-15.193087,16.595845,-24.155743,-15.173675,16.613512,0.200000,
-24.155743,-15.173678,16.613509,-27.820091,-18.376273,48.151742,-24.315821,-15.127514,16.655346,-24.155743,-15.173675,16.613512,0.200000,
-24.155743,-15.173678,16.613509,-27.820091,-18.376273,48.151742,-24.088301,-15.193087,16.595845,-24.155743,-15.173675,16.613512,0.200000,
-24.155743,-15.173678,16.613509,-27.820091,-18.376273,48.151742,-24.315821,-15.127514,16.655346,-24.155743,-15.173675,16.613512,0.200000,
-24.155743,-15.173678,16.613509,-27.820091,-18.376273,48.151742,-24.088300,-15.193087,16.595845,-24.155743,-15.173675,16.613512,0.200000,
-24.155743,-15.173678,16.613509,-27.820091,-18.376273,48.151742,-24.315821,-15.127514,16.655346,-24.155743,-15.173675,16.613512,0.200000,
-24.155743,-15.173678,16.613509,-27.820091,-18.376273,48.151742,-24.088300,-15.193087,16.595845,-24.155743,-15.173675,16.613512,0.200000,
-24.155743,-15.173678,16.613509,-27.820091,-18.376273,48.151742,-24.315820,-15.127514,16.655346,-24.155743,-15.173675,16.613512,0.200000,
-24.155743,-15.173678,16.613509,-27.820091,-18.376273,48.151742,-24.088300,-15.193087,16.595845,-24.155743,-15.173675,16.613512,0.200000,
-24.155743,-15.173678,16.613509,-27.820091,-18.376273,48.151742,-24.315820,-15.127514,16.655346,-24.155743,-15.173675,16.613512,0.200000,
-24.155743,-15.173678,16.613509,-27.820091,-18.376273,48.151742,-24.088300,-15.193087,16.595845,-24.155743,-15.173675,16.613512,0.200000,
-24.155743,-15.173678,16.613509,-27.820091,-18.376273,48.151742,-24.315820,-15.127514,16.655346,-24.155743,-15.173675,16.613512,0.200000,
-24.155743,-15.173678,16.613509,-27.820091,-18.376273,48.151742,-24.088300,-15.193087,16.595844,-24.155743,-15.173675,16.613512,0.200000,
-24.155743,-15.173678,16.613509,-27.820091,-18.376273,48.151742,-24.315820,-15.127514,16.655346,-24.155743,-15.173675,16.613512,0.200000,
-24.155743,-15.173678,16.613509,-27.820091,-18.376273,48.151742,-24.088299,-15.193088,16.595844,-24.155743,-15.173675,16.613512,0.200000,
-24.155743,-15.173678,16.613509,-27.820091,-18.376273,48.151742,-24.315820,-15.127514,16.655346,-24.155743,-15.173675,16.613512,0.200000,
-24.155743,-15.173678,16.613509,-27.820091,-18.376273,48.151742,-24.088299,-15.193088,16.595844,-24.155743,-15.173675,16.613512,0.200000,
-24.155743,-15.173678,16.613509,-27.820091,-18.376273,48.151742,-24.315819,-15.127514,16.655346,-24.155743,-15.173675,16.613512,0.200000,
-24.155743,-15.173678,16.613509,-27.820091,-18.376273,48.151742,-24.088299,-15.193088,16.595844,-24.155743,-15.173675,16.613512,0.200000,
-24.155743,-15.173678,16.613509,-27.820091,-18.376273,48.151742,-24.315819,-15.127515,16.655346,-24.155743,-15.173675,16.613512,0.200000,
-24.155743,-15.173678,16.613509,-27.820091,-18.376273,48.151742,-24.088299,-15.193088,16.595844,-24.155743,-15.173675,16.613512,0.200000,
-24.155743,-15.173678,16.613509,-27.820091,-18.376273,48.151742,-24.315819,-15.127515,16.655346,-24.155743,-15.173675,16.613512,0.200000,
-24.155743,-15.173678,16.613509,-27.820091,-18.376273,48.151742,-24.088299,-15.193088,16.595844,-24.155743,-15.173675,16.613512,0.200000,
-24.155743,-15.173678,16.613509,-27.820091,-18.376273,48.151742,-24.315819,-15.127515,16.655345,-24.155743,-15.173675,16.613512,0.200000,
-24.155743,-15.173678,16.613509,-27.820091,-18.376273,48.151742,-24.088298,-15.193088,16.595844,-24.155743,-15.173675,16.613512,0.200000,
-24.155743,-15.173678,16.613509,-27.820091,-18.376273,48.151742,-24.315819,-15.127515,16.655345,-24.155743,-15.173675,16.613512,0.200000,
-24.155743,-15.173678,16.613509,-27.820091,-18.376273,48.151742,-24.088298,-15.193088,16.595844,-24.155743,-15.173675,16.613512,0.200000,
-24.155743,-15.173678,16.613509,-27.820091,-18.376273,48.151742,-24.315818,-15.127515,16.655345,-24.155743,-15.173675,16.613512,0.200000,
-24.155743,-15.173678,16.613509,-27.820091,-18.376273,48.151742,-24.088298,-15.193088,16.595844,-24.155743,-15.173675,16.613512,0.200000,
-24.155743,-15.173678,16.613509,-27.820091,-18.376273,48.151742,-24.315818,-15.127515,16.655345,-24.155743,-15.173675,16.613512,0.200000,
-24.155743,-15.173678,16.613509,-27.820091,-18.376273,48.151742,-24.088298,-15.193088,16.595844,-24.155743,-15.173675,16.613512,0.200000,
-24.155743,-15.173678,16.613509,-27.820091,-18.376273,48.151742,-24.315818,-15.127515,16.655345,-24.155743,-15.173675,16.613512,0.200000,
-24.155743,-15.173678,16.613509,-27.820091,-18.376273,48.151742,-24.088298,-15.193088,16.595844,-24.155743,-15.173675,16.613512,0.200000,
-24.155743,-15.173678,16.613509,-27.820091,-18.376273,48.151742,-24.315818,-15.127515,16.655345,-24.155743,-15.173675,16.613512,0.200000,
-24.155743,-15.173678,16.613509,-27.820091,-18.376273,48.151742,-24.088298,-15.193088,16.595844,-24.155743,-15.173675,16.613512,0.200000,
-24.155743,-15.173678,16.613509,-27.820091,-18.376273,48.151742,-24.315818,-15.127515,16.655345,-24.155743,-15.173675,16.613512,0.200000,
-24.155743,-15.173678,16.613509,-27.820091,-18.376273,48.151742,-24.088297,-15.193088,16.595844,-24.155743,-15.173675,16.613512,0.200000,
-24.155743,-15.173678,16.613509,-27.820091,-18.376273,48.151742,-24.315818,-15.127515,16.655345,-24.155743,-15.173675,16.613512,0.200000,
-24.155743,-15.173678,16.613509,-27.820091,-18.376273,48.151742,-24.088297,-15.193088,16.595844,-24.155743,-15.173675,16.613512,0.200000,
-24.155743,-15.173678,16.613509,-27.820091,-18.376273,48.151742,-24.315817,-15.127515,16.655345,-24.155743,-15.173675,16.613512,0.200000,
-24.155743,-15.173678,16.613509,-27.820091,-18.376273,48.151742,-24.088297,-15.193088,16.595844,-24.155743,-15.173675,16.613512,0.200000,
-24.155743,-15.173678,16.613509,-27.820091,-18.376273,48.151742,-24.315817,-15.127515,16.655345,-24.155743,-15.173675,16.613512,0.200000,
-24.155743,-15.173678,16.613509,-27.820091,-18.376273,48.151742,-24.088297,-15.193088,16.595844,-24.155743,-15.173675,16.613512,0.200000,
-24.155743,-15.173678,16.613509,-27.820091,-18.376273,48.151742,-24.315817,-15.127515,16.655345,-24.155743,-15.173675,16.613512,0.200000,
-24.155743,-15.173678,16.613509,-27.820091,-18.376273,48.151742,-24.088297,-15.193088,16.595844,-24.155743,-15.173675,16.613512,0.200000,
-24.155743,-15.173678,16.613509,-27.820091,-18.376273,48.151742,-24.315817,-15.127515,16.655345,-24.155743,-15.173675,16.613512,0.200000,
-24.155743,-15.173678,16.613509,-27.820091,-18.376273,48.151742,-24.088296,-15.193088,16.595844,-24.155743,-15.173675,16.613512,0.200000,
-24.155743,-15.173678,16.613509,-27.820091,-18.376273,48.151742,-24.315817,-15.127515,16.655345,-24.155743,-15.173675,16.613512,0.200000,
-24.155743,-15.173678,16.613509,-27.820091,-18.376273,48.151742,-24.088296,-15.193088,16.595844,-24.155743,-15.173675,16.613512,0.200000,
-24.155743,-15.173678,16.613509,-27.820091,-18.376273,48.151742,-24.315816,-15.127515,16.655345,-24.155743,-15.173675,16.613512,0.200000,
-24.155743,-15.173678,16.613509,-27.820091,-18.376273,48.151742,-24.088296,-15.193089,16.595844,-24.155743,-15.173675,16.613512,0.200000,
-24.155743,-15.173678,16.613509,-27.820091,-18.376273,48.151742,-24.315816,-15.127515,16.655345,-24.155743,-15.173675,16.613512,0.200000,
-24.155743,-15.173678,16.613509,-27.820091,-18.376273,48.151742,-24.088296,-15.193089,16.595843,-24.155743,-15.173675,16.613512,0.200000,
-24.155743,-15.173678,16.613509,-27.820091,-18.376273,48.151742,-24.315816,-15.127515,16.655345,-24.155743,-15.173675,16.613512,0.200000,
-24.155743,-15.173678,16.613509,-27.820091,-18.376273,48.151742,-24.088296,-15.193089,16.595843,-24.155743,-15.173675,16.613512,0.200000,
-24.155743,-15.173678,16.613509,-27.820091,-18.376273,48.151742,-24.315816,-15.127515,16.655345,-24.155743,-15.173675,16.613512,0.200000,
-24.155743,-15.173678,16.613509,-27.820091,-18.376273,48.151742,-24.088296,-15.193089,16.595843,-24.155743,-15.173675,16.613512,0.200000,
-24.155743,-15.173678,16.613509,-27.820091,-18.376273,48.151742,-24.315816,-15.127516,16.655345,-24.155743,-15.173675,16.613512,0.200000,
-24.155743,-15.173678,16.613509,-27.820091,-18.376273,48.151742,-24.088295,-15.193089,16.595843,-24.155743,-15.173675,16.613512,0.200000,
-24.155743,-15.173678,16.613509,-27.820091,-18.376273,48.151742,-24.315816,-15.127516,16.655345,-24.155743,-15.173675,16.613512,0.200000,
-24.155743,-15.173678,16.613509,-27.820091,-18.376273,48.151742,-24.088295,-15.193089,16.595843,-24.155743,-15.173675,16.613512,0.200000,
-24.155743,-15.173678,16.613509,-27.820091,-18.376273,48.151742,-24.315815,-15.127516,16.655345,-24.155743,-15.173675,16.613512,0.200000,
-24.155743,-15.173678,16.613509,-27.820091,-18.376273,48.151742,-24.088295,-15.193089,16.595843,-24.155743,-15.173675,16.613512,0.200000,
-24.155743,-15.173678,16.613509,-27.820091,-18.376273,48.151742,-24.315815,-15.127516,16.655345,-24.155743,-15.173675,16.613512,0.200000,
-24.155743,-15.173678,16.613509,-27.820091,-18.376273,48.151742,-24.088295,-15.193089,16.595843,-24.155743,-15.173675,16.613512,0.200000,
-24.155743,-15.173678,16.613509,-27.820091,-18.376273,48.151742,-24.315815,-15.127516,16.655344,-24.155743,-15.173675,16.613512,0.200000,
-24.155743,-15.173678,16.613509,-27.820091,-18.376273,48.151742,-24.088295,-15.193089,16.595843,-24.155743,-15.173675,16.613512,0.200000,
-24.155743,-15.173678,16.613509,-27.820091,-18.376273,48.151742,-24.315815,-15.127516,16.655344,-24.155743,-15.173675,16.613512,0.200000,
-24.155743,-15.173678,16.613509,-27.820091,-18.376273,48.151742,-24.088294,-15.193089,16.595843,-24.155743,-15.173675,16.613512,0.200000,
-24.155743,-15.173678,16.613509,-27.820091,-18.376273,48.151742,-24.315815,-15.127516,16.655344,-24.155743,-15.173675,16.613512,0.200000,
-24.155743,-15.173678,16.613509,-27.820091,-18.376273,48.151742,-24.088294,-15.193089,16.595843,-24.155743,-15.173675,16.613512,0.200000,
-24.155743,-15.173678,16.613509,-27.820091,-18.376273,48.151742,-24.315814,-15.127516,16.655344,-24.155743,-15.173675,16.613512,0.200000,
-24.155743,-15.173678,16.613509,-27.820091,-18.376273,48.151742,-24.088294,-15.193089,16.595843,-24.155743,-15.173675,16.613512,0.200000,
-24.155743,-15.173678,16.613509,-27.820091,-18.376273,48.151742,-24.315814,-15.127516,16.655344,-24.155743,-15.173675,16.613512,0.200000,
-24.155743,-15.173678,16.613509,-27.820091,-18.376273,48.151742,-24.088294,-15.193089,16.595843,-24.155743,-15.173675,16.613512,0.200000,
-24.155743,-15.173678,16.613509,-27.820091,-18.376273,48.151742,-24.315814,-15.127516,16.655344,-24.155743,-15.173675,16.613512,0.200000,
-24.155743,-15.173678,16.613509,-27.820091,-18.376273,48.151742,-24.088294,-15.193089,16.595843,-24.155743,-15.173675,16.613512,0.200000,
-24.155743,-15.173678,16.613509,-27.820091,-18.376273,48.151742,-24.315814,-15.127516,16.655344,-24.155743,-15.173675,16.613512,0.200000,
-24.155743,-15.173678,16.613509,-27.820091,-18.376273,48.151742,-24.088293,-15.193089,16.595843,-24.155743,-15.173675,16.613512,0.200000,
-24.155743,-15.173678,16.613509,-27.820091,-18.376273,48.151742,-24.315814,-15.127516,16.655344,-24.155743,-15.173675,16.613512,0.200000,
-24.155743,-15.173678,16.613509,-27.820091,-18.376273,48.151742,-24.088293,-15.193089,16.595843,-24.155743,-15.173675,16.613512,0.200000,
-24.155743,-15.173678,16.613509,-27.820091,-18.376273,48.151742,-24.315813,-15.127516,16.655344,-24.155743,-15.173675,16.613512,0.200000,
-24.155743,-15.173678,16.613509,-27.820091,-18.376273,48.151742,-24.088293,-15.193089,16.595843,-24.155743,-15.173675,16.613512,0.200000,
-24.155743,-15.173678,16.613509,-27.820091,-18.376273,48.151742,-24.315813,-15.127516,16.655344,-24.155743,-15.173675,16.613512,0.200000,
-24.155743,-15.173678,16.613509,-27.820091,-18.376273,48.151742,-24.088293,-15.193089,16.595843,-24.155743,-15.173675,16.613512,0.200000,
-24.155743,-15.173678,16.613509,-27.820091,-18.376273,48.151742,-24.315813,-15.127516,16.655344,-24.155743,-15.173675,16.613512,0.200000,
-24.155743,-15.173678,16.613509,-27.820091,-18.376273,48.151742,-24.088293,-15.193089,16.595843,-24.155743,-15.173675,16.613512,0.200000,
-24.155743,-15.173678,16.613509,-27.820091,-18.376273,48.151742,-24.315813,-15.127516,16.655344,-24.155743,-15.173675,16.613512,0.200000,
-24.155743,-15.173678,16.613509,-27.820091,-18.376273,48.151742,-24.088293,-15.193090,16.595843,-24.155743,-15.173675,16.613512,0.200000,
-24.155743,-15.173678,16.613509,-27.820091,-18.376273,48.151742,-24.315813,-15.127516,16.655344,-24.155743,-15.173675,16.613512,0.200000,
-24.155743,-15.173678,16.613509,-27.820091,-18.376273,48.151742,-24.088292,-15.193090,16.595843,-24.155743,-15.173675,16.613512,0.200000,
-24.155743,-15.173678,16.613509,-27.820091,-18.376273,48.151742,-24.315813,-15.127516,16.655344,-24.155743,-15.173675,16.613512,0.200000,
-24.155743,-15.173678,16.613509,-27.820091,-18.376273,48.151742,-24.088292,-15.193090,16.595843,-24.155743,-15.173675,16.613512,0.200000,
-24.155743,-15.173678,16.613509,-27.820091,-18.376273,48.151742,-24.315812,-15.127517,16.655344,-24.155743,-15.173675,16.613512,0.200000,
-24.155743,-15.173678,16.613509,-27.820091,-18.376273,48.151742,-24.088292,-15.193090,16.595842,-24.155743,-15.173675,16.613512,0.200000,
-24.155743,-15.173678,16.613509,-27.820091,-18.376273,48.151742,-24.315812,-15.127517,16.655344,-24.155743,-15.173675,16.613512,0.200000,
-24.155743,-15.173678,16.613509,-27.820091,-18.376273,48.151742,-24.088292,-15.193090,16.595842,-24.155743,-15.173675,16.613512,0.200000,
-24.155743,-15.173678,16.613509,-27.820091,-18.376273,48.151742,-24.315812,-15.127517,16.655344,-24.155743,-15.173675,16.613512,0.200000,
-24.155743,-15.173678,16.613509,-27.820091,-18.376273,48.151742,-24.088292,-15.193090,16.595842,-24.155743,-15.173675,16.613512,0.200000,
-24.155743,-15.173678,16.613509,-27.820091,-18.376273,48.151742,-24.315812,-15.127517,16.655344,-24.155743,-15.173676,16.613512,0.200000,
-24.155743,-15.173678,16.613509,-27.820091,-18.376273,48.151742,-24.088291,-15.193090,16.595842,-24.155743,-15.173676,16.613512,0.200000,
-24.155743,-15.173678,16.613509,-27.820091,-18.376273,48.151742,-24.315812,-15.127517,16.655344,-24.155743,-15.173676,16.613512,0.200000,
-24.155743,-15.173678,16.613509,-27.820091,-18.376273,48.151742,-24.088291,-15.193090,16.595842,-24.155743,-15.173676,16.613512,0.200000,
-24.155743,-15.173678,16.613509,-27.820091,-18.376273,48.151742,-24.315811,-15.127517,16.655344,-24.155743,-15.173676,16.613512,0.200000,
-24.155743,-15.173678,16.613509,-27.820091,-18.376273,48.151742,-24.088291,-15.193090,16.595842,-24.155743,-15.173676,16.613512,0.200000,
-24.155743,-15.173678,16.613509,-27.820091,-18.376273,48.151742,-24.315811,-15.127517,16.655344,-24.155743,-15.173676,16.613512,0.200000,
-24.155743,-15.173678,16.613509,-27.820091,-18.376273,48.151742,-24.088291,-15.193090,16.595842,-24.155743,-15.173676,16.613512,0.200000,
-24.155743,-15.173678,16.613509,-27.820091,-18.376273,48.151742,-24.315811,-15.127517,16.655343,-24.155743,-15.173676,16.613512,0.200000,
-24.155743,-15.173678,16.613509,-27.820091,-18.376273,48.151742,-24.088291,-15.193090,16.595842,-24.155743,-15.173676,16.613512,0.200000,
-24.155743,-15.173678,16.613509,-27.820091,-18.376273,48.151742,-24.315811,-15.127517,16.655343,-24.155743,-15.173676,16.613511,0.200000,
-24.155743,-15.173678,16.613509,-27.820091,-18.376273,48.151742,-24.088291,-15.193090,16.595842,-24.155743,-15.173676,16.613511,0.200000,
-24.155743,-15.173678,16.613509,-27.820091,-18.376273,48.151742,-24.315811,-15.127517,16.655343,-24.155743,-15.173676,16.613511,0.200000,
-24.155743,-15.173678,16.613509,-27.820091,-18.376273,48.151742,-24.088290,-15.193090,16.595842,-24.155743,-15.173676,16.613511,0.200000,
-24.155743,-15.173678,16.613509,-27.820091,-18.376273,48.151742,-24.315811,-15.127517,16.655343,-24.155743,-15.173676,16.613511,0.200000,
-24.155743,-15.173678,16.613509,-27.820091,-18.376273,48.151742,-24.088290,-15.193090,16.595842,-24.155743,-15.173676,16.613511,0.200000,
-24.155743,-15.173678,16.613509,-27.820091,-18.376273,48.151742,-24.315810,-15.127517,16.655343,-24.155743,-15.173676,16.613511,0.200000,
-24.155743,-15.173678,16.613509,-27.820091,-18.376273,48.151742,-24.088290,-15.193090,16.595842,-24.155743,-15.173676,16.613511,0.200000,
-24.155743,-15.173678,16.613509,-27.820091,-18.376273,48.151742,-24.315810,-15.127517,16.655343,-24.155743,-15.173676,16.613511,0.200000,
-24.155743,-15.173678,16.613509,-27.820091,-18.376273,48.151742,-24.088290,-15.193090,16.595842,-24.155743,-15.173676,16.613511,0.200000,
-24.155743,-15.173678,16.613509,-27.820091,-18.376273,48.151742,-24.315810,-15.127517,16.655343,-24.155743,-15.173676,16.613511,0.200000,
-24.155743,-15.173678,16.613509,-27.820091,-18.376273,48.151742,-24.088290,-15.193090,16.595842,-24.155743,-15.173676,16.613511,0.200000,
-24.155743,-15.173678,16.613509,-27.820091,-18.376273,48.151742,-24.315810,-15.127517,16.655343,-24.155743,-15.173676,16.613511,0.200000,
-24.155743,-15.173678,16.613509,-27.820091,-18.376273,48.151742,-24.088289,-15.193090,16.595842,-24.155743,-15.173676,16.613511,0.200000,
-24.155743,-15.173678,16.613509,-27.820091,-18.376273,48.151742,-24.315810,-15.127517,16.655343,-24.155743,-15.173676,16.613511,0.200000,
-24.155743,-15.173678,16.613509,-27.820091,-18.376273,48.151742,-24.088289,-15.193090,16.595842,-24.155743,-15.173676,16.613511,0.200000,
-24.155743,-15.173678,16.613509,-27.820091,-18.376273,48.151742,-24.315809,-15.127517,16.655343,-24.155743,-15.173676,16.613511,0.200000,
-24.155743,-15.173678,16.613509,-27.820091,-18.376273,48.151742,-24.088289,-15.193091,16.595842,-24.155743,-15.173676,16.613511,0.200000,
-24.155743,-15.173678,16.613509,-27.820091,-18.376273,48.151742,-24.315809,-15.127517,16.655343,-24.155743,-15.173676,16.613511,0.200000,
-24.155743,-15.173678,16.613509,-27.820091,-18.376273,48.151742,-24.088289,-15.193091,16.595842,-24.155743,-15.173676,16.613511,0.200000,
-24.155743,-15.173678,16.613509,-27.820091,-18.376273,48.151742,-24.315809,-15.127517,16.655343,-24.155743,-15.173676,16.613511,0.200000,
-24.155743,-15.173678,16.613509,-27.820091,-18.376273,48.151742,-24.088289,-15.193091,16.595842,-24.155743,-15.173676,16.613511,0.200000,
-24.155743,-15.173678,16.613509,-27.820091,-18.376273,48.151742,-24.315809,-15.127518,16.655343,-24.155743,-15.173676,16.613511,0.200000,
-24.155743,-15.173678,16.613509,-27.820091,-18.376273,48.151742,-24.088288,-15.193091,16.595842,-24.155743,-15.173676,16.613511,0.200000,
-24.155743,-15.173678,16.613509,-27.820091,-18.376273,48.151742,-24.315809,-15.127518,16.655343,-24.155743,-15.173676,16.613511,0.200000,
-24.155743,-15.173678,16.613509,-27.820091,-18.376273,48.151742,-24.088288,-15.193091,16.595842,-24.155743,-15.173676,16.613511,0.200000,
-24.155743,-15.173678,16.613509,-27.820091,-18.376273,48.151742,-24.315808,-15.127518,16.655343,-24.155743,-15.173676,16.613511,0.200000,
-24.155743,-15.173678,16.613509,-27.820091,-18.376273,48.151742,-24.088288,-15.193091,16.595841,-24.155743,-15.173676,16.613511,0.200000,
-24.155743,-15.173678,16.613509,-27.820091,-18.376273,48.151742,-24.315808,-15.127518,16.655343,-24.155743,-15.173676,16.613511,0.200000,
-24.155743,-15.173678,16.613509,-27.820091,-18.376273,48.151742,-24.088288,-15.193091,16.595841,-24.155743,-15.173676,16.613511,0.200000,
-24.155743,-15.173678,16.613509,-27.820091,-18.376273,48.151742,-24.315808,-15.127518,16.655343,-24.155743,-15.173676,16.613511,0.200000,
-24.155743,-15.173678,16.613509,-27.820091,-18.376273,48.151742,-24.088288,-15.193091,16.595841,-24.155743,-15.173676,16.613511,0.200000,
-24.155743,-15.173678,16.613509,-27.820091,-18.376273,48.151742,-24.315808,-15.127518,16.655343,-24.155743,-15.173676,16.613511,0.200000,
-24.155743,-15.173678,16.613509,-27.820091,-18.376273,48.151742,-24.088288,-15.193091,16.595841,-24.155743,-15.173676,16.613511,0.200000,
-24.155743,-15.173678,16.613509,-27.820091,-18.376273,48.151742,-24.315808,-15.127518,16.655343,-24.155743,-15.173676,16.613511,0.200000,
-24.155743,-15.173678,16.613509,-27.820091,-18.376273,48.151742,-24.088287,-15.193091,16.595841,-24.155743,-15.173676,16.613511,0.200000,
-24.155743,-15.173678,16.613509,-27.820091,-18.376273,48.151742,-24.315808,-15.127518,16.655343,-24.155743,-15.173676,16.613511,0.200000,
-24.155743,-15.173678,16.613509,-27.820091,-18.376273,48.151742,-24.088287,-15.193091,16.595841,-24.155743,-15.173676,16.613511,0.200000,
-24.155743,-15.173678,16.613509,-27.820091,-18.376273,48.151742,-24.315807,-15.127518,16.655343,-24.155743,-15.173676,16.613511,0.200000,
-24.155743,-15.173678,16.613509,-27.820091,-18.376273,48.151742,-24.088287,-15.193091,16.595841,-24.155743,-15.173676,16.613511,0.200000,
-24.155743,-15.173678,16.613509,-27.820091,-18.376273,48.151742,-24.315807,-15.127518,16.655342,-24.155743,-15.173676,16.613511,0.200000,
-24.155743,-15.173678,16.613509,-27.820091,-18.376273,48.151742,-24.088287,-15.193091,16.595841,-24.155743,-15.173676,16.613511,0.200000,
-24.155743,-15.173678,16.613509,-27.820091,-18.376273,48.151742,-24.315807,-15.127518,16.655342,-24.155743,-15.173676,16.613511,0.200000,
-24.155743,-15.173678,16.613509,-27.820091,-18.376273,48.151742,-24.088287,-15.193091,16.595841,-24.155743,-15.173676,16.613511,0.200000,
-24.155743,-15.173678,16.613509,-27.820091,-18.376273,48.151742,-24.315807,-15.127518,16.655342,-24.155743,-15.173676,16.613511,0.200000,
-24.155743,-15.173678,16.613509,-27.820091,-18.376273,48.151742,-24.088286,-15.193091,16.595841,-24.155743,-15.173676,16.613511,0.200000,
-24.155743,-15.173678,16.613509,-27.820091,-18.376273,48.151742,-24.315807,-15.127518,16.655342,-24.155743,-15.173676,16.613511,0.200000,
-24.155743,-15.173678,16.613509,-27.820091,-18.376273,48.151742,-24.088286,-15.193091,16.595841,-24.155743,-15.173676,16.613511,0.200000,
-24.155743,-15.173678,16.613509,-27.820091,-18.376273,48.151742,-24.315806,-15.127518,16.655342,-24.155743,-15.173676,16.613511,0.200000,
-24.155743,-15.173678,16.613509,-27.820091,-18.376273,48.151742,-24.088286,-15.193091,16.595841,-24.155743,-15.173676,16.613511,0.200000,
-24.155743,-15.173678,16.613509,-27.820091,-18.376273,48.151742,-24.315806,-15.127518,16.655342,-24.155743,-15.173676,16.613511,0.200000,
-24.155743,-15.173678,16.613509,-27.820091,-18.376273,48.151742,-24.088286,-15.193091,16.595841,-24.155743,-15.173676,16.613511,0.200000,
-24.155743,-15.173678,16.613509,-27.820091,-18.376273,48.151742,-24.315806,-15.127518,16.655342,-24.155743,-15.173676,16.613511,0.200000,
-24.155743,-15.173678,16.613509,-27.820091,-18.376273,48.151742,-24.088286,-15.193091,16.595841,-24.155743,-15.173676,16.613511,0.200000,
-24.155743,-15.173678,16.613509,-27.820091,-18.376273,48.151742,-24.315806,-15.127518,16.655342,-24.155743,-15.173676,16.613511,0.200000,
-24.155743,-15.173678,16.613509,-27.820091,-18.376273,48.151742,-24.088286,-15.193092,16.595841,-24.155743,-15.173676,16.613511,0.200000,
-24.155743,-15.173678,16.613509,-27.820091,-18.376273,48.151742,-24.315806,-15.127518,16.655342,-24.155743,-15.173676,16.613511,0.200000,
-24.155743,-15.173678,16.613509,-27.820091,-18.376273,48.151742,-24.088285,-15.193092,16.595841,-24.155743,-15.173676,16.613511,0.200000,
-24.155743,-15.173678,16.613509,-27.820091,-18.376273,48.151742,-24.315806,-15.127518,16.655342,-24.155743,-15.173676,16.613511,0.200000,
-24.155743,-15.173678,16.613509,-27.820091,-18.376273,48.151742,-24.088285,-15.193092,16.595841,-24.155743,-15.173676,16.613511,0.200000,
-24.155743,-15.173678,16.613509,-27.820091,-18.376273,48.151742,-24.315805,-15.127519,16.655342,-24.155743,-15.173676,16.613511,0.200000,
-24.155743,-15.173678,16.613509,-27.820091,-18.376273,48.151742,-24.088285,-15.193092,16.595841,-24.155743,-15.173676,16.613511,0.200000,
-24.155743,-15.173678,16.613509,-27.820091,-18.376273,48.151742,-24.315805,-15.127519,16.655342,-24.155743,-15.173676,16.613511,0.200000,
-24.155743,-15.173678,16.613509,-27.820091,-18.376273,48.151742,-24.088285,-15.193092,16.595841,-24.155743,-15.173676,16.613511,0.200000,
-24.155743,-15.173678,16.613509,-27.820091,-18.376273,48.151742,-24.315805,-15.127519,16.655342,-24.155743,-15.173676,16.613511,0.200000,
-24.155743,-15.173678,16.613509,-27.820091,-18.376273,48.151742,-24.088285,-15.193092,16.595841,-24.155743,-15.173676,16.613511,0.200000,
-24.155743,-15.173678,16.613509,-27.820091,-18.376273,48.151742,-24.315805,-15.127519,16.655342,-24.155743,-15.173676,16.613511,0.200000,
-24.155743,-15.173678,16.613509,-27.820091,-18.376273,48.151742,-24.088284,-15.193092,16.595840,-24.155743,-15.173676,16.613511,0.200000,
-24.155743,-15.173678,16.613509,-27.820091,-18.376273,48.151742,-24.315805,-15.127519,16.655342,-24.155743,-15.173676,16.613511,0.200000,
-24.155743,-15.173678,16.613509,-27.820091,-18.376273,48.151742,-24.088284,-15.193092,16.595840,-24.155743,-15.173676,16.613511,0.200000,
-24.155743,-15.173678,16.613509,-27.820091,-18.376273,48.151742,-24.315804,-15.127519,16.655342,-24.155743,-15.173676,16.613511,0.200000,
-24.155743,-15.173678,16.613509,-27.820091,-18.376273,48.151742,-24.088284,-15.193092,16.595840,-24.155743,-15.173676,16.613511,0.200000,
-24.155743,-15.173678,16.613509,-27.820091,-18.376273,48.151742,-24.315804,-15.127519,16.655342,-24.155743,-15.173676,16.613511,0.200000,
-24.155743,-15.173678,16.613509,-27.820091,-18.376273,48.151742,-24.088284,-15.193092,16.595840,-24.155743,-15.173676,16.613511,0.200000,
-24.155743,-15.173678,16.613509,-27.820091,-18.376273,48.151742,-24.315804,-15.127519,16.655342,-24.155743,-15.173676,16.613511,0.200000,
-24.155743,-15.173678,16.613509,-27.820091,-18.376273,48.151742,-24.088284,-15.193092,16.595840,-24.155743,-15.173676,16.613511,0.200000,
-24.155743,-15.173678,16.613509,-27.820091,-18.376273,48.151742,-24.315804,-15.127519,16.655342,-24.155743,-15.173676,16.613511,0.200000,
-24.155743,-15.173678,16.613509,-27.820091,-18.376273,48.151742,-24.088283,-15.193092,16.595840,-24.155743,-15.173676,16.613511,0.200000,
-24.155743,-15.173678,16.613509,-27.820091,-18.376273,48.151742,-24.315804,-15.127519,16.655342,-24.155743,-15.173676,16.613511,0.200000,
-24.155743,-15.173678,16.613509,-27.820091,-18.376273,48.151742,-24.088283,-15.193092,16.595840,-24.155743,-15.173676,16.613511,0.200000,
-24.155743,-15.173678,16.613509,-27.820091,-18.376273,48.151742,-24.315803,-15.127519,16.655341,-24.155743,-15.173676,16.613511,0.200000,
-24.155743,-15.173678,16.613509,-27.820091,-18.376273,48.151742,-24.088283,-15.193092,16.595840,-24.155743,-15.173676,16.613511,0.200000,
-24.155743,-15.173678,16.613509,-27.820091,-18.376273,48.151742,-24.315803,-15.127519,16.655341,-24.155743,-15.173676,16.613511,0.200000,
-24.155743,-15.173678,16.613509,-27.820091,-18.376273,48.151742,-24.088283,-15.193092,16.595840,-24.155743,-15.173676,16.613511,0.200000,
-24.155743,-15.173678,16.613509,-27.820091,-18.376273,48.151742,-24.315803,-15.127519,16.655341,-24.155743,-15.173676,16.613511,0.200000,
-24.155743,-15.173678,16.613509,-27.820091,-18.376273,48.151742,-24.088283,-15.193092,16.595840,-24.155743,-15.173676,16.613511,0.200000,
-24.155743,-15.173678,16.613509,-27.820091,-18.376273,48.151742,-24.315803,-15.127519,16.655341,-24.155743,-15.173676,16.613511,0.200000,
-24.155743,-15.173678,16.613509,-27.820091,-18.376273,48.151742,-24.088283,-15.193092,16.595840,-24.155743,-15.173676,16.613511,0.200000,
-24.155743,-15.173678,16.613509,-27.820091,-18.376273,48.151742,-24.315803,-15.127519,16.655341,-24.155743,-15.173676,16.613511,0.200000,
-24.155743,-15.173678,16.613509,-27.820091,-18.376273,48.151742,-24.088282,-15.193092,16.595840,-24.155743,-15.173676,16.613511,0.200000,
-24.155743,-15.173678,16.613509,-27.820091,-18.376273,48.151742,-24.315803,-15.127519,16.655341,-24.155743,-15.173676,16.613511,0.200000,
-24.155743,-15.173678,16.613509,-27.820091,-18.376273,48.151742,-24.088282,-15.193092,16.595840,-24.155743,-15.173676,16.613511,0.200000,
-24.155743,-15.173678,16.613509,-27.820091,-18.376273,48.151742,-24.315802,-15.127519,16.655341,-24.155743,-15.173676,16.613511,0.200000,
-24.155743,-15.173678,16.613509,-27.820091,-18.376273,48.151742,-24.088282,-15.193093,16.595840,-24.155743,-15.173676,16.613511,0.200000,
-24.155743,-15.173678,16.613509,-27.820091,-18.376273,48.151742,-24.315802,-15.127519,16.655341,-24.155743,-15.173676,16.613511,0.200000,
-24.155743,-15.173678,16.613509,-27.820091,-18.376273,48.151742,-24.088282,-15.193093,16.595840,-24.155743,-15.173676,16.613511,0.200000,
-24.155743,-15.173678,16.613509,-27.820091,-18.376273,48.151742,-24.315802,-15.127519,16.655341,-24.155743,-15.173676,16.613511,0.200000,
-24.155743,-15.173678,16.613509,-27.820091,-18.376273,48.151742,-24.088282,-15.193093,16.595840,-24.155743,-15.173676,16.613511,0.200000,
-24.155743,-15.173678,16.613509,-27.820091,-18.376273,48.151742,-24.315802,-15.127520,16.655341,-24.155743,-15.173676,16.613511,0.200000,
-24.155743,-15.173678,16.613509,-27.820091,-18.376273,48.151742,-24.088281,-15.193093,16.595840,-24.155743,-15.173676,16.613511,0.200000,
-24.155743,-15.173678,16.613509,-27.820091,-18.376273,48.151742,-24.315802,-15.127520,16.655341,-24.155743,-15.173676,16.613511,0.200000,
-24.155743,-15.173678,16.613509,-27.820091,-18.376273,48.151742,-24.088281,-15.193093,16.595840,-24.155743,-15.173676,16.613511,0.200000,
-24.155743,-15.173678,16.613509,-27.820091,-18.376273,48.151742,-24.315801,-15.127520,16.655341,-24.155743,-15.173676,16.613511,0.200000,
-24.155743,-15.173678,16.613509,-27.820091,-18.376273,48.151742,-24.088281,-15.193093,16.595840,-24.155743,-15.173676,16.613511,0.200000,
-24.155743,-15.173678,16.613509,-27.820091,-18.376273,48.151742,-24.315801,-15.127520,16.655341,-24.155743,-15.173676,16.613511,0.200000,
-24.155743,-15.173678,16.613509,-27.820091,-18.376273,48.151742,-24.088281,-15.193093,16.595840,-24.155743,-15.173676,16.613511,0.200000,
-24.155743,-15.173678,16.613509,-27.820091,-18.376273,48.151742,-24.315801,-15.127520,16.655341,-24.155743,-15.173676,16.613511,0.200000,
-24.155743,-15.173678,16.613509,-27.820091,-18.376273,48.151742,-24.088281,-15.193093,16.595840,-24.155743,-15.173676,16.613511,0.200000,
-24.155743,-15.173678,16.613509,-27.820091,-18.376273,48.151742,-24.315801,-15.127520,16.655341,-24.155743,-15.173676,16.613511,0.200000,
-24.155743,-15.173678,16.613509,-27.820091,-18.376273,48.151742,-24.088281,-15.193093,16.595839,-24.155743,-15.173676,16.613511,0.200000,
-24.155743,-15.173678,16.613509,-27.820091,-18.376273,48.151742,-24.315801,-15.127520,16.655341,-24.155743,-15.173676,16.613511,0.200000,
-24.155743,-15.173678,16.613509,-27.820091,-18.376273,48.151742,-24.088280,-15.193093,16.595839,-24.155743,-15.173676,16.613511,0.200000,
-24.155743,-15.173678,16.613509,-27.820091,-18.376273,48.151742,-24.315801,-15.127520,16.655341,-24.155743,-15.173676,16.613511,0.200000,
-24.155743,-15.173678,16.613509,-27.820091,-18.376273,48.151742,-24.088280,-15.193093,16.595839,-24.155743,-15.173676,16.613511,0.200000,
-24.155743,-15.173678,16.613509,-27.820091,-18.376273,48.151742,-24.315800,-15.127520,16.655341,-24.155743,-15.173676,16.613511,0.200000,
-24.155743,-15.173678,16.613509,-27.820091,-18.376273,48.151742,-24.088280,-15.193093,16.595839,-24.155743,-15.173676,16.613511,0.200000,
-24.155743,-15.173678,16.613509,-27.820091,-18.376273,48.151742,-24.315800,-15.127520,16.655341,-24.155743,-15.173676,16.613511,0.200000,
-24.155743,-15.173678,16.613509,-27.820091,-18.376273,48.151742,-24.088280,-15.193093,16.595839,-24.155743,-15.173676,16.613511,0.200000,
-24.155743,-15.173678,16.613509,-27.820091,-18.376273,48.151742,-24.315800,-15.127520,16.655341,-24.155743,-15.173676,16.613511,0.200000,
-24.155743,-15.173678,16.613509,-27.820091,-18.376273,48.151742,-24.088280,-15.193093,16.595839,-24.155743,-15.173676,16.613511,0.200000,
-24.155743,-15.173678,16.613509,-27.820091,-18.376273,48.151742,-24.315800,-15.127520,16.655341,-24.155743,-15.173676,16.613511,0.200000,
-24.155743,-15.173678,16.613509,-27.820091,-18.376273,48.151742,-24.088279,-15.193093,16.595839,-24.155743,-15.173676,16.613511,0.200000,
-24.155743,-15.173678,16.613509,-27.820091,-18.376273,48.151742,-24.315800,-15.127520,16.655340,-24.155743,-15.173676,16.613511,0.200000,
-24.155743,-15.173678,16.613509,-27.820091,-18.376273,48.151742,-24.088279,-15.193093,16.595839,-24.155743,-15.173676,16.613511,0.200000,
-24.155743,-15.173678,16.613509,-27.820091,-18.376273,48.151742,-24.315799,-15.127520,16.655340,-24.155743,-15.173676,16.613511,0.200000,
-24.155743,-15.173678,16.613509,-27.820091,-18.376273,48.151742,-24.088279,-15.193093,16.595839,-24.155743,-15.173676,16.613511,0.200000,
-24.155743,-15.173678,16.613509,-27.820091,-18.376273,48.151742,-24.315799,-15.127520,16.655340,-24.155743,-15.173676,16.613511,0.200000,
-24.155743,-15.173678,16.613509,-27.820091,-18.376273,48.151742,-24.088279,-15.193093,16.595839,-24.155743,-15.173676,16.613511,0.200000,
-24.155743,-15.173678,16.613509,-27.820091,-18.376273,48.151742,-24.315799,-15.127520,16.655340,-24.155743,-15.173676,16.613511,0.200000,
-24.155743,-15.173678,16.613509,-27.820091,-18.376273,48.151742,-24.088279,-15.193094,16.595839,-24.155743,-15.173676,16.613511,0.200000,
-24.155743,-15.173678,16.613509,-27.820091,-18.376273,48.151742,-24.315799,-15.127520,16.655340,-24.155743,-15.173676,16.613511,0.200000,
-24.155743,-15.173678,16.613509,-27.820091,-18.376273,48.151742,-24.088278,-15.193094,16.595839,-24.155743,-15.173676,16.613511,0.200000,
-24.155743,-15.173678,16.613509,-27.820091,-18.376273,48.151742,-24.315799,-15.127520,16.655340,-24.155743,-15.173676,16.613511,0.200000,
-24.155743,-15.173678,16.613509,-27.820091,-18.376273,48.151742,-24.088278,-15.193094,16.595839,-24.155743,-15.173676,16.613511,0.200000,
-24.155743,-15.173678,16.613509,-27.820091,-18.376273,48.151742,-24.315798,-15.127521,16.655340,-24.155743,-15.173676,16.613511,0.200000,
-24.155743,-15.173678,16.613509,-27.820091,-18.376273,48.151742,-24.088278,-15.193094,16.595839,-24.155743,-15.173676,16.613511,0.200000,
-24.155743,-15.173678,16.613509,-27.820091,-18.376273,48.151742,-24.315798,-15.127521,16.655340,-24.155743,-15.173676,16.613511,0.200000,
-24.155743,-15.173678,16.613509,-27.820091,-18.376273,48.151742,-24.088278,-15.193094,16.595839,-24.155743,-15.173676,16.613511,0.200000,
-24.155743,-15.173678,16.613509,-27.820091,-18.376273,48.151742,-24.315798,-15.127521,16.655340,-24.155743,-15.173676,16.613511,0.200000,
-24.155743,-15.173678,16.613509,-27.820091,-18.376273,48.151742,-24.088278,-15.193094,16.595839,-24.155743,-15.173676,16.613511,0.200000,
-24.155743,-15.173678,16.613509,-27.820091,-18.376273,48.151742,-24.315798,-15.127521,16.655340,-24.155743,-15.173676,16.613511,0.200000,
-24.155743,-15.173678,16.613509,-27.820091,-18.376273,48.151742,-24.088278,-15.193094,16.595839,-24.155743,-15.173676,16.613511,0.200000,
-24.155743,-15.173678,16.613509,-27.820091,-18.376273,48.151742,-24.315798,-15.127521,16.655340,-24.155743,-15.173676,16.613511,0.200000,
-24.155743,-15.173678,16.613509,-27.820091,-18.376273,48.151742,-24.088277,-15.193094,16.595839,-24.155743,-15.173676,16.613511,0.200000,
-24.155743,-15.173678,16.613509,-27.820091,-18.376273,48.151742,-24.315798,-15.127521,16.655340,-24.155743,-15.173676,16.613511,0.200000,
-24.155743,-15.173678,16.613509,-27.820091,-18.376273,48.151742,-24.088277,-15.193094,16.595839,-24.155743,-15.173676,16.613511,0.200000,
-24.155743,-15.173678,16.613509,-27.820091,-18.376273,48.151742,-24.315797,-15.127521,16.655340,-24.155743,-15.173676,16.613511,0.200000,
-24.155743,-15.173678,16.613509,-27.820091,-18.376273,48.151742,-24.088277,-15.193094,16.595839,-24.155743,-15.173676,16.613511,0.200000,
-24.155743,-15.173678,16.613509,-27.820091,-18.376273,48.151742,-24.315797,-15.127521,16.655340,-24.155743,-15.173676,16.613511,0.200000,
-24.155743,-15.173678,16.613509,-27.820091,-18.376273,48.151742,-24.088277,-15.193094,16.595838,-24.155743,-15.173676,16.613511,0.200000,
-24.155743,-15.173678,16.613509,-27.820091,-18.376273,48.151742,-24.315797,-15.127521,16.655340,-24.155743,-15.173676,16.613511,0.200000,
-24.155743,-15.173678,16.613509,-27.820091,-18.376273,48.151742,-24.088277,-15.193094,16.595838,-24.155743,-15.173676,16.613511,0.200000,
-24.155743,-15.173678,16.613509,-27.820091,-18.376273,48.151742,-24.315797,-15.127521,16.655340,-24.155743,-15.173676,16.613511,0.200000,
-24.155743,-15.173678,16.613509,-27.820091,-18.376273,48.151742,-24.088276,-15.193094,16.595838,-24.155743,-15.173676,16.613511,0.200000,
-24.155743,-15.173678,16.613509,-27.820091,-18.376273,48.151742,-24.315797,-15.127521,16.655340,-24.155743,-15.173676,16.613511,0.200000,
-24.155743,-15.173678,16.613509,-27.820091,-18.376273,48.151742,-24.088276,-15.193094,16.595838,-24.155743,-15.173676,16.613511,0.200000,
-24.155743,-15.173678,16.613509,-27.820091,-18.376273,48.151742,-24.315796,-15.127521,16.655340,-24.155743,-15.173676,16.613511,0.200000,
-24.155743,-15.173678,16.613509,-27.820091,-18.376273,48.151742,-24.088276,-15.193094,16.595838,-24.155743,-15.173676,16.613511,0.200000,
-24.155743,-15.173678,16.613509,-27.820091,-18.376273,48.151742,-24.315796,-15.127521,16.655340,-24.155743,-15.173676,16.613511,0.200000,
-24.155743,-15.173678,16.613509,-27.820091,-18.376273,48.151742,-24.088276,-15.193094,16.595838,-24.155743,-15.173676,16.613511,0.200000,
-24.155743,-15.173678,16.613509,-27.820091,-18.376273,48.151742,-24.315796,-15.127521,16.655340,-24.155743,-15.173676,16.613511,0.200000,
-24.155743,-15.173678,16.613509,-27.820091,-18.376273,48.151742,-24.088276,-15.193094,16.595838,-24.155743,-15.173676,16.613511,0.200000,
-24.155743,-15.173678,16.613509,-27.820091,-18.376273,48.151742,-24.315796,-15.127521,16.655340,-24.155743,-15.173676,16.613511,0.200000,
-24.155743,-15.173678,16.613509,-27.820091,-18.376273,48.151742,-24.088275,-15.193094,16.595838,-24.155743,-15.173676,16.613511,0.200000,
-24.155743,-15.173678,16.613509,-27.820091,-18.376273,48.151742,-24.315796,-15.127521,16.655339,-24.155743,-15.173676,16.613511,0.200000,
-24.155743,-15.173678,16.613509,-27.820091,-18.376273,48.151742,-24.088275,-15.193094,16.595838,-24.155743,-15.173676,16.613511,0.200000,
-24.155743,-15.173678,16.613509,-27.820091,-18.376273,48.151742,-24.315796,-15.127521,16.655339,-24.155743,-15.173676,16.613511,0.200000,
-24.155743,-15.173678,16.613509,-27.820091,-18.376273,48.151742,-24.088275,-15.193095,16.595838,-24.155743,-15.173676,16.613511,0.200000,
-24.155743,-15.173678,16.613509,-27.820091,-18.376273,48.151742,-24.315795,-15.127521,16.655339,-24.155743,-15.173676,16.613511,0.200000,
-24.155743,-15.173678,16.613509,-27.820091,-18.376273,48.151742,-24.088275,-15.193095,16.595838,-24.155743,-15.173676,16.613511,0.200000,
-24.155743,-15.173678,16.613509,-27.820091,-18.376273,48.151742,-24.315795,-15.127521,16.655339,-24.155743,-15.173676,16.613511,0.200000,
-24.155743,-15.173678,16.613509,-27.820091,-18.376273,48.151742,-24.088275,-15.193095,16.595838,-24.155743,-15.173676,16.613511,0.200000,
-24.155743,-15.173678,16.613509,-27.820091,-18.376273,48.151742,-24.315795,-15.127522,16.655339,-24.155743,-15.173676,16.613511,0.200000,
-24.155743,-15.173678,16.613509,-27.820091,-18.376273,48.151742,-24.088275,-15.193095,16.595838,-24.155743,-15.173676,16.613511,0.200000,
-24.155743,-15.173678,16.613509,-27.820091,-18.376273,48.151742,-24.315795,-15.127522,16.655339,-24.155743,-15.173676,16.613511,0.200000,
-24.155743,-15.173678,16.613509,-27.820091,-18.376273,48.151742,-24.088274,-15.193095,16.595838,-24.155743,-15.173676,16.613511,0.200000,
-24.155743,-15.173678,16.613509,-27.820091,-18.376273,48.151742,-24.315795,-15.127522,16.655339,-24.155743,-15.173676,16.613511,0.200000,
-24.155743,-15.173678,16.613509,-27.820091,-18.376273,48.151742,-24.088274,-15.193095,16.595838,-24.155743,-15.173676,16.613511,0.200000,
-24.155743,-15.173678,16.613509,-27.820091,-18.376273,48.151742,-24.315794,-15.127522,16.655339,-24.155743,-15.173676,16.613511,0.200000,
-24.155743,-15.173678,16.613509,-27.820091,-18.376273,48.151742,-24.088274,-15.193095,16.595838,-24.155743,-15.173676,16.613511,0.200000,
-24.155743,-15.173678,16.613509,-27.820091,-18.376273,48.151742,-24.315794,-15.127522,16.655339,-24.155743,-15.173676,16.613511,0.200000,
-24.155743,-15.173678,16.613509,-27.820091,-18.376273,48.151742,-24.088274,-15.193095,16.595838,-24.155743,-15.173676,16.613511,0.200000,
-24.155743,-15.173678,16.613509,-27.820091,-18.376273,48.151742,-24.315794,-15.127522,16.655339,-24.155743,-15.173676,16.613511,0.200000,
-24.155743,-15.173678,16.613509,-27.820091,-18.376273,48.151742,-24.088274,-15.193095,16.595838,-24.155743,-15.173676,16.613511,0.200000,
-24.155743,-15.173678,16.613509,-27.820091,-18.376273,48.151742,-24.315794,-15.127522,16.655339,-24.155743,-15.173676,16.613511,0.200000,
-24.155743,-15.173678,16.613509,-27.820091,-18.376273,48.151742,-24.088273,-15.193095,16.595838,-24.155743,-15.173676,16.613511,0.200000,
-24.155743,-15.173678,16.613509,-27.820091,-18.376273,48.151742,-24.315794,-15.127522,16.655339,-24.155743,-15.173676,16.613511,0.200000,
-24.155743,-15.173678,16.613509,-27.820091,-18.376273,48.151742,-24.088273,-15.193095,16.595838,-24.155743,-15.173676,16.613511,0.200000,
-24.155743,-15.173678,16.613509,-27.820091,-18.376273,48.151742,-24.315793,-15.127522,16.655339,-24.155743,-15.173676,16.613511,0.200000,
-24.155743,-15.173678,16.613509,-27.820091,-18.376273,48.151742,-24.088273,-15.193095,16.595838,-24.155743,-15.173676,16.613511,0.200000,
-24.155743,-15.173678,16.613509,-27.820091,-18.376273,48.151742,-24.315793,-15.127522,16.655339,-24.155743,-15.173676,16.613511,0.200000,
-24.155743,-15.173678,16.613509,-27.820091,-18.376273,48.151742,-24.088273,-15.193095,16.595837,-24.155743,-15.173676,16.613511,0.200000,
-24.155743,-15.173678,16.613509,-27.820091,-18.376273,48.151742,-24.315793,-15.127522,16.655339,-24.155743,-15.173676,16.613511,0.200000,
-24.155743,-15.173678,16.613509,-27.820091,-18.376273,48.151742,-24.088273,-15.193095,16.595837,-24.155743,-15.173676,16.613511,0.200000,
-24.155743,-15.173678,16.613509,-27.820091,-18.376273,48.151742,-24.315793,-15.127522,16.655339,-24.155743,-15.173676,16.613511,0.200000,
-24.155743,-15.173678,16.613509,-27.820091,-18.376273,48.151742,-24.088273,-15.193095,16.595837,-24.155743,-15.173676,16.613511,0.200000,
-24.155743,-15.173678,16.613509,-27.820091,-18.376273,48.151742,-24.315793,-15.127522,16.655339,-24.155743,-15.173676,16.613511,0.200000,
-24.155743,-15.173678,16.613509,-27.820091,-18.376273,48.151742,-24.088272,-15.193095,16.595837,-24.155743,-15.173676,16.613511,0.200000,
-24.155743,-15.173678,16.613509,-27.820091,-18.376273,48.151742,-24.315793,-15.127522,16.655339,-24.155743,-15.173676,16.613511,0.200000,
-24.155743,-15.173678,16.613509,-27.820091,-18.376273,48.151742,-24.088272,-15.193095,16.595837,-24.155743,-15.173676,16.613511,0.200000,
-24.155743,-15.173678,16.613509,-27.820091,-18.376273,48.151742,-24.315792,-15.127522,16.655339,-24.155743,-15.173676,16.613511,0.200000,
-24.155743,-15.173678,16.613509,-27.820091,-18.376273,48.151742,-24.088272,-15.193095,16.595837,-24.155743,-15.173676,16.613511,0.200000,
-24.155743,-15.173678,16.613509,-27.820091,-18.376273,48.151742,-24.315792,-15.127522,16.655339,-24.155743,-15.173676,16.613511,0.200000,
-24.155743,-15.173678,16.613509,-27.820091,-18.376273,48.151742,-24.088272,-15.193095,16.595837,-24.155743,-15.173676,16.613511,0.200000,
-24.155743,-15.173678,16.613509,-27.820091,-18.376273,48.151742,-24.315792,-15.127522,16.655338,-24.155743,-15.173676,16.613511,0.200000,
-24.155743,-15.173678,16.613509,-27.820091,-18.376273,48.151742,-24.088272,-15.193096,16.595837,-24.155743,-15.173676,16.613511,0.200000,
-24.155743,-15.173678,16.613509,-27.820091,-18.376273,48.151742,-24.315792,-15.127522,16.655338,-24.155743,-15.173676,16.613511,0.200000,
-24.155743,-15.173678,16.613509,-27.820091,-18.376273,48.151742,-24.088271,-15.193096,16.595837,-24.155743,-15.173676,16.613511,0.200000,
-24.155743,-15.173678,16.613509,-27.820091,-18.376273,48.151742,-24.315792,-15.127522,16.655338,-24.155743,-15.173676,16.613511,0.200000,
-24.155743,-15.173678,16.613509,-27.820091,-18.376273,48.151742,-24.088271,-15.193096,16.595837,-24.155743,-15.173676,16.613511,0.200000,
-24.155743,-15.173678,16.613509,-27.820091,-18.376273,48.151742,-24.315791,-15.127523,16.655338,-24.155743,-15.173676,16.613511,0.200000,
-24.155743,-15.173678,16.613509,-27.820091,-18.376273,48.151742,-24.088271,-15.193096,16.595837,-24.155743,-15.173676,16.613511,0.200000,
-24.155743,-15.173678,16.613509,-27.820091,-18.376273,48.151742,-24.315791,-15.127523,16.655338,-24.155743,-15.173676,16.613511,0.200000,
-24.155743,-15.173678,16.613509,-27.820091,-18.376273,48.151742,-24.088271,-15.193096,16.595837,-24.155743,-15.173676,16.613511,0.200000,
-24.155743,-15.173678,16.613509,-27.820091,-18.376273,48.151742,-24.315791,-15.127523,16.655338,-24.155743,-15.173676,16.613511,0.200000,
-24.155743,-15.173678,16.613509,-27.820091,-18.376273,48.151742,-24.088271,-15.193096,16.595837,-24.155743,-15.173676,16.613511,0.200000,
-24.155743,-15.173678,16.613509,-27.820091,-18.376273,48.151742,-24.315791,-15.127523,16.655338,-24.155743,-15.173676,16.613510,0.200000,
-24.155743,-15.173678,16.613509,-27.820091,-18.376273,48.151742,-24.088270,-15.193096,16.595837,-24.155743,-15.173676,16.613510,0.200000,
-24.155743,-15.173678,16.613509,-27.820091,-18.376273,48.151742,-24.315791,-15.127523,16.655338,-24.155743,-15.173676,16.613510,0.200000,
-24.155743,-15.173678,16.613509,-27.820091,-18.376273,48.151742,-24.088270,-15.193096,16.595837,-24.155743,-15.173676,16.613510,0.200000,
-24.155743,-15.173678,16.613509,-27.820091,-18.376273,48.151742,-24.315791,-15.127523,16.655338,-24.155743,-15.173676,16.613510,0.200000,
-24.155743,-15.173678,16.613509,-27.820091,-18.376273,48.151742,-24.088270,-15.193096,16.595837,-24.155743,-15.173676,16.613510,0.200000,
-24.155743,-15.173678,16.613509,-27.820091,-18.376273,48.151742,-24.315790,-15.127523,16.655338,-24.155743,-15.173676,16.613510,0.200000,
-24.155743,-15.173678,16.613509,-27.820091,-18.376273,48.151742,-24.088270,-15.193096,16.595837,-24.155743,-15.173676,16.613510,0.200000,
-24.155743,-15.173678,16.613509,-27.820091,-18.376273,48.151742,-24.315790,-15.127523,16.655338,-24.155743,-15.173676,16.613510,0.200000,
-24.155743,-15.173678,16.613509,-27.820091,-18.376273,48.151742,-24.088270,-15.193096,16.595837,-24.155743,-15.173676,16.613510,0.200000,
-24.155743,-15.173678,16.613509,-27.820091,-18.376273,48.151742,-24.315790,-15.127523,16.655338,-24.155743,-15.173676,16.613510,0.200000,
-24.155743,-15.173678,16.613509,-27.820091,-18.376273,48.151742,-24.088270,-15.193096,16.595837,-24.155743,-15.173676,16.613510,0.200000,
-24.155743,-15.173678,16.613509,-27.820091,-18.376273,48.151742,-24.315790,-15.127523,16.655338,-24.155743,-15.173676,16.613510,0.200000,
-24.155743,-15.173678,16.613509,-27.820091,-18.376273,48.151742,-24.088269,-15.193096,16.595837,-24.155743,-15.173676,16.613510,0.200000,
-24.155743,-15.173678,16.613509,-27.820091,-18.376273,48.151742,-24.315790,-15.127523,16.655338,-24.155743,-15.173676,16.613510,0.200000,
-24.155743,-15.173678,16.613509,-27.820091,-18.376273,48.151742,-24.088269,-15.193096,16.595837,-24.155743,-15.173676,16.613510,0.200000,
-24.155743,-15.173678,16.613509,-27.820091,-18.376273,48.151742,-24.315789,-15.127523,16.655338,-24.155743,-15.173676,16.613510,0.200000,
-24.155743,-15.173678,16.613509,-27.820091,-18.376273,48.151742,-24.088269,-15.193096,16.595836,-24.155743,-15.173676,16.613510,0.200000,
-24.155743,-15.173678,16.613509,-27.820091,-18.376273,48.151742,-24.315789,-15.127523,16.655338,-24.155743,-15.173676,16.613510,0.200000,
-24.155743,-15.173678,16.613509,-27.820091,-18.376273,48.151742,-24.088269,-15.193096,16.595836,-24.155743,-15.173676,16.613510,0.200000,
-24.155743,-15.173678,16.613509,-27.820091,-18.376273,48.151742,-24.315789,-15.127523,16.655338,-24.155743,-15.173676,16.613510,0.200000,
-24.155743,-15.173678,16.613509,-27.820091,-18.376273,48.151742,-24.088269,-15.193096,16.595836,-24.155743,-15.173676,16.613510,0.200000,
-24.155743,-15.173678,16.613509,-27.820091,-18.376273,48.151742,-24.315789,-15.127523,16.655338,-24.155743,-15.173676,16.613510,0.200000,
-24.155743,-15.173678,16.613509,-27.820091,-18.376273,48.151742,-24.088268,-15.193096,16.595836,-24.155743,-15.173676,16.613510,0.200000,
-24.155743,-15.173678,16.613509,-27.820091,-18.376273,48.151742,-24.315789,-15.127523,16.655338,-24.155743,-15.173676,16.613510,0.200000,
-24.155743,-15.173678,16.613509,-27.820091,-18.376273,48.151742,-24.088268,-15.193096,16.595836,-24.155743,-15.173676,16.613510,0.200000,
-24.155743,-15.173678,16.613509,-27.820091,-18.376273,48.151742,-24.315788,-15.127523,16.655338,-24.155743,-15.173676,16.613510,0.200000,
-24.155743,-15.173678,16.613509,-27.820091,-18.376273,48.151742,-24.088268,-15.193097,16.595836,-24.155743,-15.173676,16.613510,0.200000,
-24.155743,-15.173678,16.613509,-27.820091,-18.376273,48.151742,-24.315788,-15.127523,16.655338,-24.155743,-15.173676,16.613510,0.200000,
-24.155743,-15.173678,16.613509,-27.820091,-18.376273,48.151742,-24.088268,-15.193097,16.595836,-24.155743,-15.173676,16.613510,0.200000,
-24.155743,-15.173678,16.613509,-27.820091,-18.376273,48.151742,-24.315788,-15.127524,16.655337,-24.155743,-15.173676,16.613510,0.200000,
-24.155743,-15.173678,16.613509,-27.820091,-18.376273,48.151742,-24.088268,-15.193097,16.595836,-24.155743,-15.173676,16.613510,0.200000,
-24.155743,-15.173678,16.613509,-27.820091,-18.376273,48.151742,-24.315788,-15.127524,16.655337,-24.155743,-15.173676,16.613510,0.200000,
-24.155743,-15.173678,16.613509,-27.820091,-18.376273,48.151742,-24.088268,-15.193097,16.595836,-24.155743,-15.173676,16.613510,0.200000,
-24.155743,-15.173678,16.613509,-27.820091,-18.376273,48.151742,-24.315788,-15.127524,16.655337,-24.155743,-15.173676,16.613510,0.200000,
-24.155743,-15.173678,16.613509,-27.820091,-18.376273,48.151742,-24.088267,-15.193097,16.595836,-24.155743,-15.173676,16.613510,0.200000,
-24.155743,-15.173678,16.613509,-27.820091,-18.376273,48.151742,-24.315788,-15.127524,16.655337,-24.155743,-15.173676,16.613510,0.200000,
-24.155743,-15.173678,16.613509,-27.820091,-18.376273,48.151742,-24.088267,-15.193097,16.595836,-24.155743,-15.173676,16.613510,0.200000,
-24.155743,-15.173678,16.613509,-27.820091,-18.376273,48.151742,-24.315787,-15.127524,16.655337,-24.155743,-15.173676,16.613510,0.200000,
-24.155743,-15.173678,16.613509,-27.820091,-18.376273,48.151742,-24.088267,-15.193097,16.595836,-24.155743,-15.173676,16.613510,0.200000,
-24.155743,-15.173678,16.613509,-27.820091,-18.376273,48.151742,-24.315787,-15.127524,16.655337,-24.155743,-15.173676,16.613510,0.200000,
-24.155743,-15.173678,16.613509,-27.820091,-18.376273,48.151742,-24.088267,-15.193097,16.595836,-24.155743,-15.173676,16.613510,0.200000,
-24.155743,-15.173678,16.613509,-27.820091,-18.376273,48.151742,-24.315787,-15.127524,16.655337,-24.155743,-15.173676,16.613510,0.200000,
-24.155743,-15.173678,16.613509,-27.820091,-18.376273,48.151742,-24.088267,-15.193097,16.595836,-24.155743,-15.173676,16.613510,0.200000,
-24.155743,-15.173678,16.613509,-27.820091,-18.376273,48.151742,-24.315787,-15.127524,16.655337,-24.155743,-15.173676,16.613510,0.200000,
-24.155743,-15.173678,16.613509,-27.820091,-18.376273,48.151742,-24.088266,-15.193097,16.595836,-24.155743,-15.173676,16.613510,0.200000,
-24.155743,-15.173678,16.613509,-27.820091,-18.376273,48.151742,-24.315787,-15.127524,16.655337,-24.155743,-15.173676,16.613510,0.200000,
-24.155743,-15.173678,16.613509,-27.820091,-18.376273,48.151742,-24.088266,-15.193097,16.595836,-24.155743,-15.173676,16.613510,0.200000,
-24.155743,-15.173678,16.613509,-27.820091,-18.376273,48.151742,-24.315786,-15.127524,16.655337,-24.155743,-15.173676,16.613510,0.200000,
-24.155743,-15.173678,16.613509,-27.820091,-18.376273,48.151742,-24.088266,-15.193097,16.595836,-24.155743,-15.173676,16.613510,0.200000,
-24.155743,-15.173678,16.613509,-27.820091,-18.376273,48.151742,-24.315786,-15.127524,16.655337,-24.155743,-15.173676,16.613510,0.200000,
-24.155743,-15.173678,16.613509,-27.820091,-18.376273,48.151742,-24.088266,-15.193097,16.595836,-24.155743,-15.173676,16.613510,0.200000,
-24.155743,-15.173678,16.613509,-27.820091,-18.376273,48.151742,-24.315786,-15.127524,16.655337,-24.155743,-15.173676,16.613510,0.200000,
-24.155743,-15.173678,16.613509,-27.820091,-18.376273,48.151742,-24.088266,-15.193097,16.595836,-24.155743,-15.173676,16.613510,0.200000,
-24.155743,-15.173678,16.613509,-27.820091,-18.376273,48.151742,-24.315786,-15.127524,16.655337,-24.155743,-15.173676,16.613510,0.200000,
-24.155743,-15.173678,16.613509,-27.820091,-18.376273,48.151742,-24.088265,-15.193097,16.595836,-24.155743,-15.173676,16.613510,0.200000,
-24.155743,-15.173678,16.613509,-27.820091,-18.376273,48.151742,-24.315786,-15.127524,16.655337,-24.155743,-15.173676,16.613510,0.200000,
-24.155743,-15.173678,16.613509,-27.820091,-18.376273,48.151742,-24.088265,-15.193097,16.595835,-24.155743,-15.173676,16.613510,0.200000,
-24.155743,-15.173678,16.613509,-27.820091,-18.376273,48.151742,-24.315786,-15.127524,16.655337,-24.155743,-15.173676,16.613510,0.200000,
-24.155743,-15.173678,16.613509,-27.820091,-18.376273,48.151742,-24.088265,-15.193097,16.595835,-24.155743,-15.173676,16.613510,0.200000,
-24.155743,-15.173678,16.613509,-27.820091,-18.376273,48.151742,-24.315785,-15.127524,16.655337,-24.155743,-15.173676,16.613510,0.200000,
-24.155743,-15.173678,16.613509,-27.820091,-18.376273,48.151742,-24.088265,-15.193097,16.595835,-24.155743,-15.173676,16.613510,0.200000,
-24.155743,-15.173678,16.613509,-27.820091,-18.376273,48.151742,-24.315785,-15.127524,16.655337,-24.155743,-15.173676,16.613510,0.200000,
-24.155743,-15.173678,16.613509,-27.820091,-18.376273,48.151742,-24.088265,-15.193098,16.595835,-24.155743,-15.173676,16.613510,0.200000,
-24.155743,-15.173678,16.613509,-27.820091,-18.376273,48.151742,-24.315785,-15.127524,16.655337,-24.155743,-15.173676,16.613510,0.200000,
-24.155743,-15.173678,16.613509,-27.820091,-18.376273,48.151742,-24.088265,-15.193098,16.595835,-24.155743,-15.173676,16.613510,0.200000,
-24.155743,-15.173678,16.613509,-27.820091,-18.376273,48.151742,-24.315785,-15.127524,16.655337,-24.155743,-15.173676,16.613510,0.200000,
-24.155743,-15.173678,16.613509,-27.820091,-18.376273,48.151742,-24.088264,-15.193098,16.595835,-24.155743,-15.173676,16.613510,0.200000,
-24.155743,-15.173678,16.613509,-27.820091,-18.376273,48.151742,-24.315785,-15.127525,16.655337,-24.155743,-15.173676,16.613510,0.200000,
-24.155743,-15.173678,16.613509,-27.820091,-18.376273,48.151742,-24.088264,-15.193098,16.595835,-24.155743,-15.173676,16.613510,0.200000,
-24.155743,-15.173678,16.613509,-27.820091,-18.376273,48.151742,-24.315784,-15.127525,16.655337,-24.155743,-15.173676,16.613510,0.200000,
-24.155743,-15.173678,16.613509,-27.820091,-18.376273,48.151742,-24.088264,-15.193098,16.595835,-24.155743,-15.173676,16.613510,0.200000,
-24.155743,-15.173678,16.613509,-27.820091,-18.376273,48.151742,-24.315784,-15.127525,16.655336,-24.155743,-15.173676,16.613510,0.200000,
-24.155743,-15.173678,16.613509,-27.820091,-18.376273,48.151742,-24.088264,-15.193098,16.595835,-24.155743,-15.173676,16.613510,0.200000,
-24.155743,-15.173678,16.613509,-27.820091,-18.376273,48.151742,-24.315784,-15.127525,16.655336,-24.155743,-15.173676,16.613510,0.200000,
-24.155743,-15.173678,16.613509,-27.820091,-18.376273,48.151742,-24.088264,-15.193098,16.595835,-24.155743,-15.173676,16.613510,0.200000,
-24.155743,-15.173678,16.613509,-27.820091,-18.376273,48.151742,-24.315784,-15.127525,16.655336,-24.155743,-15.173676,16.613510,0.200000,
-24.155743,-15.173678,16.613509,-27.820091,-18.376273,48.151742,-24.088263,-15.193098,16.595835,-24.155743,-15.173676,16.613510,0.200000,
-24.155743,-15.173678,16.613509,-27.820091,-18.376273,48.151742,-24.315784,-15.127525,16.655336,-24.155743,-15.173676,16.613510,0.200000,
-24.155743,-15.173678,16.613509,-27.820091,-18.376273,48.151742,-24.088263,-15.193098,16.595835,-24.155743,-15.173676,16.613510,0.200000,
-24.155743,-15.173678,16.613509,-27.820091,-18.376273,48.151742,-24.315783,-15.127525,16.655336,-24.155743,-15.173676,16.613510,0.200000,
-24.155743,-15.173678,16.613509,-27.820091,-18.376273,48.151742,-24.088263,-15.193098,16.595835,-24.155743,-15.173676,16.613510,0.200000,
-24.155743,-15.173678,16.613509,-27.820091,-18.376273,48.151742,-24.315783,-15.127525,16.655336,-24.155743,-15.173676,16.613510,0.200000,
-24.155743,-15.173678,16.613509,-27.820091,-18.376273,48.151742,-24.088263,-15.193098,16.595835,-24.155743,-15.173676,16.613510,0.200000,
-24.155743,-15.173678,16.613509,-27.820091,-18.376273,48.151742,-24.315783,-15.127525,16.655336,-24.155743,-15.173676,16.613510,0.200000,
-24.155743,-15.173678,16.613509,-27.820091,-18.376273,48.151742,-24.088263,-15.193098,16.595835,-24.155743,-15.173676,16.613510,0.200000,
-24.155743,-15.173678,16.613509,-27.820091,-18.376273,48.151742,-24.315783,-15.127525,16.655336,-24.155743,-15.173677,16.613510,0.200000,
-24.155743,-15.173678,16.613509,-27.820091,-18.376273,48.151742,-24.088263,-15.193098,16.595835,-24.155743,-15.173677,16.613510,0.200000,
-24.155743,-15.173678,16.613509,-27.820091,-18.376273,48.151742,-24.315783,-15.127525,16.655336,-24.155743,-15.173677,16.613510,0.200000,
-24.155743,-15.173678,16.613509,-27.820091,-18.376273,48.151742,-24.088262,-15.193098,16.595835,-24.155743,-15.173677,16.613510,0.200000,
-24.155743,-15.173678,16.613509,-27.820091,-18.376273,48.151742,-24.315783,-15.127525,16.655336,-24.155743,-15.173677,16.613510,0.200000,
-24.155743,-15.173678,16.613509,-27.820091,-18.376273,48.151742,-24.088262,-15.193098,16.595835,-24.155743,-15.173677,16.613510,0.200000,
-24.155743,-15.173678,16.613509,-27.820091,-18.376273,48.151742,-24.315782,-15.127525,16.655336,-24.155743,-15.173677,16.613510,0.200000,
-24.155743,-15.173678,16.613509,-27.820091,-18.376273,48.151742,-24.088262,-15.193098,16.595835,-24.155743,-15.173677,16.613510,0.200000,
-24.155743,-15.173678,16.613509,-27.820091,-18.376273,48.151742,-24.315782,-15.127525,16.655336,-24.155743,-15.173677,16.613510,0.200000,
-24.155743,-15.173678,16.613509,-27.820091,-18.376273,48.151742,-24.088262,-15.193098,16.595835,-24.155743,-15.173677,16.613510,0.200000,
-24.155743,-15.173678,16.613509,-27.820091,-18.376273,48.151742,-24.315782,-15.127525,16.655336,-24.155743,-15.173677,16.613510,0.200000,
-24.155743,-15.173678,16.613509,-27.820091,-18.376273,48.151742,-24.088262,-15.193098,16.595835,-24.155743,-15.173677,16.613510,0.200000,
-24.155743,-15.173678,16.613509,-27.820091,-18.376273,48.151742,-24.315782,-15.127525,16.655336,-24.155743,-15.173677,16.613510,0.200000,
-24.155743,-15.173678,16.613509,-27.820091,-18.376273,48.151742,-24.088261,-15.193098,16.595834,-24.155743,-15.173677,16.613510,0.200000,
-24.155743,-15.173678,16.613509,-27.820091,-18.376273,48.151742,-24.315782,-15.127525,16.655336,-24.155743,-15.173677,16.613510,0.200000,
-24.155743,-15.173678,16.613509,-27.820091,-18.376273,48.151742,-24.088261,-15.193099,16.595834,-24.155743,-15.173677,16.613510,0.200000,
-24.155743,-15.173678,16.613509,-27.820091,-18.376273,48.151742,-24.315781,-15.127525,16.655336,-24.155743,-15.173677,16.613510,0.200000,
-24.155743,-15.173678,16.613509,-27.820091,-18.376273,48.151742,-24.088261,-15.193099,16.595834,-24.155743,-15.173677,16.613510,0.200000,
-24.155743,-15.173678,16.613509,-27.820091,-18.376273,48.151742,-24.315781,-15.127525,16.655336,-24.155743,-15.173677,16.613510,0.200000,
-24.155743,-15.173678,16.613509,-27.820091,-18.376273,48.151742,-24.088261,-15.193099,16.595834,-24.155743,-15.173677,16.613510,0.200000,
-24.155743,-15.173678,16.613509,-27.820091,-18.376273,48.151742,-24.315781,-15.127526,16.655336,-24.155743,-15.173677,16.613510,0.200000,
-24.155743,-15.173678,16.613509,-27.820091,-18.376273,48.151742,-24.088261,-15.193099,16.595834,-24.155743,-15.173677,16.613510,0.200000,
-24.155743,-15.173678,16.613509,-27.820091,-18.376273,48.151742,-24.315781,-15.127526,16.655336,-24.155743,-15.173677,16.613510,0.200000,
-24.155743,-15.173678,16.613509,-27.820091,-18.376273,48.151742,-24.088260,-15.193099,16.595834,-24.155743,-15.173677,16.613510,0.200000,
-24.155743,-15.173678,16.613509,-27.820091,-18.376273,48.151742,-24.315781,-15.127526,16.655336,-24.155743,-15.173677,16.613510,0.200000,
-24.155743,-15.173678,16.613509,-27.820091,-18.376273,48.151742,-24.088260,-15.193099,16.595834,-24.155743,-15.173677,16.613510,0.200000,
-24.155743,-15.173678,16.613509,-27.820091,-18.376273,48.151742,-24.315781,-15.127526,16.655335,-24.155743,-15.173677,16.613510,0.200000,
-24.155743,-15.173678,16.613509,-27.820091,-18.376273,48.151742,-24.088260,-15.193099,16.595834,-24.155743,-15.173677,16.613510,0.200000,
-24.155743,-15.173678,16.613509,-27.820091,-18.376273,48.151742,-24.315780,-15.127526,16.655335,-24.155743,-15.173677,16.613510,0.200000,
-24.155743,-15.173678,16.613509,-27.820091,-18.376273,48.151742,-24.088260,-15.193099,16.595834,-24.155743,-15.173677,16.613510,0.200000,
-24.155743,-15.173678,16.613509,-27.820091,-18.376273,48.151742,-24.315780,-15.127526,16.655335,-24.155743,-15.173677,16.613510,0.200000,
-24.155743,-15.173678,16.613509,-27.820091,-18.376273,48.151742,-24.088260,-15.193099,16.595834,-24.155743,-15.173677,16.613510,0.200000,
-24.155743,-15.173678,16.613509,-27.820091,-18.376273,48.151742,-24.315780,-15.127526,16.655335,-24.155743,-15.173677,16.613510,0.200000,
-24.155743,-15.173678,16.613509,-27.820091,-18.376273,48.151742,-24.088260,-15.193099,16.595834,-24.155743,-15.173677,16.613510,0.200000,
-24.155743,-15.173678,16.613509,-27.820091,-18.376273,48.151742,-24.315780,-15.127526,16.655335,-24.155743,-15.173677,16.613510,0.200000,
-24.155743,-15.173678,16.613509,-27.820091,-18.376273,48.151742,-24.088259,-15.193099,16.595834,-24.155743,-15.173677,16.613510,0.200000,
-24.155743,-15.173678,16.613509,-27.820091,-18.376273,48.151742,-24.315780,-15.127526,16.655335,-24.155743,-15.173677,16.613510,0.200000,
-24.155743,-15.173678,16.613509,-27.820091,-18.376273,48.151742,-24.088259,-15.193099,16.595834,-24.155743,-15.173677,16.613510,0.200000,
-24.155743,-15.173678,16.613509,-27.820091,-18.376273,48.151742,-24.315779,-15.127526,16.655335,-24.155743,-15.173677,16.613510,0.200000,
-24.155743,-15.173678,16.613509,-27.820091,-18.376273,48.151742,-24.088259,-15.193099,16.595834,-24.155743,-15.173677,16.613510,0.200000,
-24.155743,-15.173678,16.613509,-27.820091,-18.376273,48.151742,-24.315779,-15.127526,16.655335,-24.155743,-15.173677,16.613510,0.200000,
-24.155743,-15.173678,16.613509,-27.820091,-18.376273,48.151742,-24.088259,-15.193099,16.595834,-24.155743,-15.173677,16.613510,0.200000,
-24.155743,-15.173678,16.613509,-27.820091,-18.376273,48.151742,-24.315779,-15.127526,16.655335,-24.155743,-15.173677,16.613510,0.200000,
-24.155743,-15.173678,16.613509,-27.820091,-18.376273,48.151742,-24.088259,-15.193099,16.595834,-24.155743,-15.173677,16.613510,0.200000,
-24.155743,-15.173678,16.613509,-27.820091,-18.376273,48.151742,-24.315779,-15.127526,16.655335,-24.155743,-15.173677,16.613510,0.200000,
-24.155743,-15.173678,16.613509,-27.820091,-18.376273,48.151742,-24.088258,-15.193099,16.595834,-24.155743,-15.173677,16.613510,0.200000,
-24.155743,-15.173678,16.613509,-27.820091,-18.376273,48.151742,-24.315779,-15.127526,16.655335,-24.155743,-15.173677,16.613510,0.200000,
-24.155743,-15.173678,16.613509,-27.820091,-18.376273,48.151742,-24.088258,-15.193099,16.595834,-24.155743,-15.173677,16.613510,0.200000,
-24.155743,-15.173678,16.613509,-27.820091,-18.376273,48.151742,-24.315778,-15.127526,16.655335,-24.155743,-15.173677,16.613510,0.200000,
-24.155743,-15.173678,16.613509,-27.820091,-18.376273,48.151742,-24.088258,-15.193099,16.595834,-24.155743,-15.173677,16.613510,0.200000,
-24.155743,-15.173678,16.613509,-27.820091,-18.376273,48.151742,-24.315778,-15.127526,16.655335,-24.155743,-15.173677,16.613510,0.200000,
-24.155743,-15.173678,16.613509,-27.820091,-18.376273,48.151742,-24.088258,-15.193099,16.595834,-24.155743,-15.173677,16.613510,0.200000,
-24.155743,-15.173678,16.613509,-27.820091,-18.376273,48.151742,-24.315778,-15.127526,16.655335,-24.155743,-15.173677,16.613510,0.200000,
-24.155743,-15.173678,16.613509,-27.820091,-18.376273,48.151742,-24.088258,-15.193100,16.595833,-24.155743,-15.173677,16.613510,0.200000,
-24.155743,-15.173678,16.613509,-27.820091,-18.376273,48.151742,-24.315778,-15.127526,16.655335,-24.155743,-15.173677,16.613510,0.200000,
-24.155743,-15.173678,16.613509,-27.820091,-18.376273,48.151742,-24.088258,-15.193100,16.595833,-24.155743,-15.173677,16.613510,0.200000,
-24.155743,-15.173678,16.613509,-27.820091,-18.376273,48.151742,-24.315778,-15.127527,16.655335,-24.155743,-15.173677,16.613510,0.200000,
-24.155743,-15.173678,16.613509,-27.820091,-18.376273,48.151742,-24.088257,-15.193100,16.595833,-24.155743,-15.173677,16.613510,0.200000,
-24.155743,-15.173678,16.613509,-27.820091,-18.376273,48.151742,-24.315778,-15.127527,16.655335,-24.155743,-15.173677,16.613510,0.200000,
-24.155743,-15.173678,16.613509,-27.820091,-18.376273,48.151742,-24.088257,-15.193100,16.595833,-24.155743,-15.173677,16.613510,0.200000,
-24.155743,-15.173678,16.613509,-27.820091,-18.376273,48.151742,-24.315777,-15.127527,16.655335,-24.155743,-15.173677,16.613510,0.200000,
-24.155743,-15.173678,16.613509,-27.820091,-18.376273,48.151742,-24.088257,-15.193100,16.595833,-24.155743,-15.173677,16.613510,0.200000,
-24.155743,-15.173678,16.613509,-27.820091,-18.376273,48.151742,-24.315777,-15.127527,16.655335,-24.155743,-15.173677,16.613510,0.200000,
-24.155743,-15.173678,16.613509,-27.820091,-18.376273,48.151742,-24.088257,-15.193100,16.595833,-24.155743,-15.173677,16.613510,0.200000,
-24.155743,-15.173678,16.613509,-27.820091,-18.376273,48.151742,-24.315777,-15.127527,16.655335,-24.155743,-15.173677,16.613510,0.200000,
-24.155743,-15.173678,16.613509,-27.820091,-18.376273,48.151742,-24.088257,-15.193100,16.595833,-24.155743,-15.173677,16.613510,0.200000,
-24.155743,-15.173678,16.613509,-27.820091,-18.376273,48.151742,-24.315777,-15.127527,16.655335,-24.155743,-15.173677,16.613510,0.200000,
-24.155743,-15.173678,16.613509,-27.820091,-18.376273,48.151742,-24.088256,-15.193100,16.595833,-24.155743,-15.173677,16.613510,0.200000,
-24.155743,-15.173678,16.613509,-27.820091,-18.376273,48.151742,-24.315777,-15.127527,16.655334,-24.155743,-15.173677,16.613510,0.200000,
-24.155743,-15.173678,16.613509,-27.820091,-18.376273,48.151742,-24.088256,-15.193100,16.595833,-24.155743,-15.173677,16.613510,0.200000,
-24.155743,-15.173678,16.613509,-27.820091,-18.376273,48.151742,-24.315776,-15.127527,16.655334,-24.155743,-15.173677,16.613510,0.200000,
-24.155743,-15.173678,16.613509,-27.820091,-18.376273,48.151742,-24.088256,-15.193100,16.595833,-24.155743,-15.173677,16.613510,0.200000,
-24.155743,-15.173678,16.613509,-27.820091,-18.376273,48.151742,-24.315776,-15.127527,16.655334,-24.155743,-15.173677,16.613510,0.200000,
-24.155743,-15.173678,16.613509,-27.820091,-18.376273,48.151742,-24.088256,-15.193100,16.595833,-24.155743,-15.173677,16.613510,0.200000,
-24.155743,-15.173678,16.613509,-27.820091,-18.376273,48.151742,-24.315776,-15.127527,16.655334,-24.155743,-15.173677,16.613510,0.200000,
-24.155743,-15.173678,16.613509,-27.820091,-18.376273,48.151742,-24.088256,-15.193100,16.595833,-24.155743,-15.173677,16.613510,0.200000,
-24.155743,-15.173678,16.613509,-27.820091,-18.376273,48.151742,-24.315776,-15.127527,16.655334,-24.155743,-15.173677,16.613510,0.200000,
-24.155743,-15.173678,16.613509,-27.820091,-18.376273,48.151742,-24.088255,-15.193100,16.595833,-24.155743,-15.173677,16.613510,0.200000,
-24.155743,-15.173678,16.613509,-27.820091,-18.376273,48.151742,-24.315776,-15.127527,16.655334,-24.155743,-15.173677,16.613510,0.200000,
-24.155743,-15.173678,16.613509,-27.820091,-18.376273,48.151742,-24.088255,-15.193100,16.595833,-24.155743,-15.173677,16.613510,0.200000,
-24.155743,-15.173678,16.613509,-27.820091,-18.376273,48.151742,-24.315776,-15.127527,16.655334,-24.155743,-15.173677,16.613510,0.200000,
-24.155743,-15.173678,16.613509,-27.820091,-18.376273,48.151742,-24.088255,-15.193100,16.595833,-24.155743,-15.173677,16.613510,0.200000,
-24.155743,-15.173678,16.613509,-27.820091,-18.376273,48.151742,-24.315775,-15.127527,16.655334,-24.155743,-15.173677,16.613510,0.200000,
-24.155743,-15.173678,16.613509,-27.820091,-18.376273,48.151742,-24.088255,-15.193100,16.595833,-24.155743,-15.173677,16.613510,0.200000,
-24.155743,-15.173678,16.613509,-27.820091,-18.376273,48.151742,-24.315775,-15.127527,16.655334,-24.155743,-15.173677,16.613510,0.200000,
-24.155743,-15.173678,16.613509,-27.820091,-18.376273,48.151742,-24.088255,-15.193100,16.595833,-24.155743,-15.173677,16.613510,0.200000,
-24.155743,-15.173678,16.613509,-27.820091,-18.376273,48.151742,-24.315775,-15.127527,16.655334,-24.155743,-15.173677,16.613510,0.200000,
-24.155743,-15.173678,16.613509,-27.820091,-18.376273,48.151742,-24.088255,-15.193100,16.595833,-24.155743,-15.173677,16.613510,0.200000,
-24.155743,-15.173678,16.613509,-27.820091,-18.376273,48.151742,-24.315775,-15.127527,16.655334,-24.155743,-15.173677,16.613510,0.200000,
-24.155743,-15.173678,16.613509,-27.820091,-18.376273,48.151742,-24.088254,-15.193100,16.595833,-24.155743,-15.173677,16.613510,0.200000,
-24.155743,-15.173678,16.613509,-27.820091,-18.376273,48.151742,-24.315775,-15.127527,16.655334,-24.155743,-15.173677,16.613510,0.200000,
-24.155743,-15.173678,16.613509,-27.820091,-18.376273,48.151742,-24.088254,-15.193101,16.595833,-24.155743,-15.173677,16.613510,0.200000,
-24.155743,-15.173678,16.613509,-27.820091,-18.376273,48.151742,-24.315774,-15.127527,16.655334,-24.155743,-15.173677,16.613510,0.200000,
-24.155743,-15.173678,16.613509,-27.820091,-18.376273,48.151742,-24.088254,-15.193101,16.595833,-24.155743,-15.173677,16.613510,0.200000,
-24.155743,-15.173678,16.613509,-27.820091,-18.376273,48.151742,-24.315774,-15.127528,16.655334,-24.155743,-15.173677,16.613510,0.200000,
-24.155743,-15.173678,16.613509,-27.820091,-18.376273,48.151742,-24.088254,-15.193101,16.595832,-24.155743,-15.173677,16.613510,0.200000,
-24.155743,-15.173678,16.613509,-27.820091,-18.376273,48.151742,-24.315774,-15.127528,16.655334,-24.155743,-15.173677,16.613510,0.200000,
-24.155743,-15.173678,16.613509,-27.820091,-18.376273,48.151742,-24.088254,-15.193101,16.595832,-24.155743,-15.173677,16.613510,0.200000,
-24.155743,-15.173678,16.613509,-27.820091,-18.376273,48.151742,-24.315774,-15.127528,16.655334,-24.155743,-15.173677,16.613510,0.200000,
-24.155743,-15.173678,16.613509,-27.820091,-18.376273,48.151742,-24.088253,-15.193101,16.595832,-24.155743,-15.173677,16.613510,0.200000,
-24.155743,-15.173678,16.613509,-27.820091,-18.376273,48.151742,-24.315774,-15.127528,16.655334,-24.155743,-15.173677,16.613510,0.200000,
-24.155743,-15.173678,16.613509,-27.820091,-18.376273,48.151742,-24.088253,-15.193101,16.595832,-24.155743,-15.173677,16.613510,0.200000,
-24.155743,-15.173678,16.613509,-27.820091,-18.376273,48.151742,-24.315773,-15.127528,16.655334,-24.155743,-15.173677,16.613510,0.200000,
-24.155743,-15.173678,16.613509,-27.820091,-18.376273,48.151742,-24.088253,-15.193101,16.595832,-24.155743,-15.173677,16.613510,0.200000,
-24.155743,-15.173678,16.613509,-27.820091,-18.376273,48.151742,-24.315773,-15.127528,16.655334,-24.155743,-15.173677,16.613510,0.200000,
-24.155743,-15.173678,16.613509,-27.820091,-18.376273,48.151742,-24.088253,-15.193101,16.595832,-24.155743,-15.173677,16.613510,0.200000,
-24.155743,-15.173678,16.613509,-27.820091,-18.376273,48.151742,-24.315773,-15.127528,16.655334,-24.155743,-15.173677,16.613510,0.200000,
-24.155743,-15.173678,16.613509,-27.820091,-18.376273,48.151742,-24.088253,-15.193101,16.595832,-24.155743,-15.173677,16.613510,0.200000,
-24.155743,-15.173678,16.613509,-27.820091,-18.376273,48.151742,-24.315773,-15.127528,16.655334,-24.155743,-15.173677,16.613510,0.200000,
-24.155743,-15.173678,16.613509,-27.820091,-18.376273,48.151742,-24.088253,-15.193101,16.595832,-24.155743,-15.173677,16.613510,0.200000,
-24.155743,-15.173678,16.613509,-27.820091,-18.376273,48.151742,-24.315773,-15.127528,16.655333,-24.155743,-15.173677,16.613510,0.200000,
-24.155743,-15.173678,16.613509,-27.820091,-18.376273,48.151742,-24.088252,-15.193101,16.595832,-24.155743,-15.173677,16.613510,0.200000,
-24.155743,-15.173678,16.613509,-27.820091,-18.376273,48.151742,-24.315773,-15.127528,16.655333,-24.155743,-15.173677,16.613510,0.200000,
-24.155743,-15.173678,16.613509,-27.820091,-18.376273,48.151742,-24.088252,-15.193101,16.595832,-24.155743,-15.173677,16.613510,0.200000,
-24.155743,-15.173678,16.613509,-27.820091,-18.376273,48.151742,-24.315772,-15.127528,16.655333,-24.155743,-15.173677,16.613510,0.200000,
-24.155743,-15.173678,16.613509,-27.820091,-18.376273,48.151742,-24.088252,-15.193101,16.595832,-24.155743,-15.173677,16.613510,0.200000,
-24.155743,-15.173678,16.613509,-27.820091,-18.376273,48.151742,-24.315772,-15.127528,16.655333,-24.155743,-15.173677,16.613510,0.200000,
-24.155743,-15.173678,16.613509,-27.820091,-18.376273,48.151742,-24.088252,-15.193101,16.595832,-24.155743,-15.173677,16.613510,0.200000,
-24.155743,-15.173678,16.613509,-27.820091,-18.376273,48.151742,-24.315772,-15.127528,16.655333,-24.155743,-15.173677,16.613510,0.200000,
-24.155743,-15.173678,16.613509,-27.820091,-18.376273,48.151742,-24.088252,-15.193101,16.595832,-24.155743,-15.173677,16.613510,0.200000,
-24.155743,-15.173678,16.613509,-27.820091,-18.376273,48.151742,-24.315772,-15.127528,16.655333,-24.155743,-15.173677,16.613510,0.200000,
-24.155743,-15.173678,16.613509,-27.820091,-18.376273,48.151742,-24.088251,-15.193101,16.595832,-24.155743,-15.173677,16.613510,0.200000,
-24.155743,-15.173678,16.613509,-27.820091,-18.376273,48.151742,-24.315772,-15.127528,16.655333,-24.155743,-15.173677,16.613510,0.200000,
-24.155743,-15.173678,16.613509,-27.820091,-18.376273,48.151742,-24.088251,-15.193101,16.595832,-24.155743,-15.173677,16.613510,0.200000,
-24.155743,-15.173678,16.613509,-27.820091,-18.376273,48.151742,-24.315771,-15.127528,16.655333,-24.155743,-15.173677,16.613510,0.200000,
-24.155743,-15.173678,16.613509,-27.820091,-18.376273,48.151742,-24.088251,-15.193101,16.595832,-24.155743,-15.173677,16.613510,0.200000,
-24.155743,-15.173678,16.613509,-27.820091,-18.376273,48.151742,-24.315771,-15.127528,16.655333,-24.155743,-15.173677,16.613510,0.200000,
-24.155743,-15.173678,16.613509,-27.820091,-18.376273,48.151742,-24.088251,-15.193102,16.595832,-24.155743,-15.173677,16.613510,0.200000,
-24.155743,-15.173678,16.613509,-27.820091,-18.376273,48.151742,-24.315771,-15.127528,16.655333,-24.155743,-15.173677,16.613510,0.200000,
-24.155743,-15.173678,16.613509,-27.820091,-18.376273,48.151742,-24.088251,-15.193102,16.595832,-24.155743,-15.173677,16.613510,0.200000,
-24.155743,-15.173678,16.613509,-27.820091,-18.376273,48.151742,-24.315771,-15.127528,16.655333,-24.155743,-15.173677,16.613510,0.200000,
-24.155743,-15.173678,16.613509,-27.820091,-18.376273,48.151742,-24.088250,-15.193102,16.595832,-24.155743,-15.173677,16.613510,0.200000,
-24.155743,-15.173678,16.613509,-27.820091,-18.376273,48.151742,-24.315771,-15.127529,16.655333,-24.155743,-15.173677,16.613510,0.200000,
-24.155743,-15.173678,16.613509,-27.820091,-18.376273,48.151742,-24.088250,-15.193102,16.595832,-24.155743,-15.173677,16.613510,0.200000,
-24.155743,-15.173678,16.613509,-27.820091,-18.376273,48.151742,-24.315771,-15.127529,16.655333,-24.155743,-15.173677,16.613510,0.200000,
-24.155743,-15.173678,16.613509,-27.820091,-18.376273,48.151742,-24.088250,-15.193102,16.595832,-24.155743,-15.173677,16.613510,0.200000,
-24.155743,-15.173678,16.613509,-27.820091,-18.376273,48.151742,-24.315770,-15.127529,16.655333,-24.155743,-15.173677,16.613510,0.200000,
-24.155743,-15.173678,16.613509,-27.820091,-18.376273,48.151742,-24.088250,-15.193102,16.595831,-24.155743,-15.173677,16.613510,0.200000,
-24.155743,-15.173678,16.613509,-27.820091,-18.376273,48.151742,-24.315770,-15.127529,16.655333,-24.155743,-15.173677,16.613510,0.200000,
-24.155743,-15.173678,16.613509,-27.820091,-18.376273,48.151742,-24.088250,-15.193102,16.595831,-24.155743,-15.173677,16.613510,0.200000,
-24.155743,-15.173678,16.613509,-27.820091,-18.376273,48.151742,-24.315770,-15.127529,16.655333,-24.155743,-15.173677,16.613510,0.200000,
-24.155743,-15.173678,16.613509,-27.820091,-18.376273,48.151742,-24.088250,-15.193102,16.595831,-24.155743,-15.173677,16.613510,0.200000,
-24.155743,-15.173678,16.613509,-27.820091,-18.376273,48.151742,-24.315770,-15.127529,16.655333,-24.155743,-15.173677,16.613510,0.200000,
-24.155743,-15.173678,16.613509,-27.820091,-18.376273,48.151742,-24.088249,-15.193102,16.595831,-24.155743,-15.173677,16.613510,0.200000,
-24.155743,-15.173678,16.613509,-27.820091,-18.376273,48.151742,-24.315770,-15.127529,16.655333,-24.155743,-15.173677,16.613510,0.200000,
-24.155743,-15.173678,16.613509,-27.820091,-18.376273,48.151742,-24.088249,-15.193102,16.595831,-24.155743,-15.173677,16.613510,0.200000,
-24.155743,-15.173678,16.613509,-27.820091,-18.376273,48.151742,-24.315769,-15.127529,16.655333,-24.155743,-15.173677,16.613510,0.200000,
-24.155743,-15.173678,16.613509,-27.820091,-18.376273,48.151742,-24.088249,-15.193102,16.595831,-24.155743,-15.173677,16.613510,0.200000,
-24.155743,-15.173678,16.613509,-27.820091,-18.376273,48.151742,-24.315769,-15.127529,16.655333,-24.155743,-15.173677,16.613510,0.200000,
-24.155743,-15.173678,16.613509,-27.820091,-18.376273,48.151742,-24.088249,-15.193102,16.595831,-24.155743,-15.173677,16.613510,0.200000,
-24.155743,-15.173678,16.613509,-27.820091,-18.376273,48.151742,-24.315769,-15.127529,16.655332,-24.155743,-15.173677,16.613510,0.200000,
-24.155743,-15.173678,16.613509,-27.820091,-18.376273,48.151742,-24.088249,-15.193102,16.595831,-24.155743,-15.173677,16.613510,0.200000,
-24.155743,-15.173678,16.613509,-27.820091,-18.376273,48.151742,-24.315769,-15.127529,16.655332,-24.155743,-15.173677,16.613510,0.200000,
-24.155743,-15.173678,16.613509,-27.820091,-18.376273,48.151742,-24.088248,-15.193102,16.595831,-24.155743,-15.173677,16.613510,0.200000,
-24.155743,-15.173678,16.613509,-27.820091,-18.376273,48.151742,-24.315769,-15.127529,16.655332,-24.155743,-15.173677,16.613510,0.200000,
-24.155743,-15.173678,16.613509,-27.820091,-18.376273,48.151742,-24.088248,-15.193102,16.595831,-24.155743,-15.173677,16.613510,0.200000,
-24.155743,-15.173678,16.613509,-27.820091,-18.376273,48.151742,-24.315768,-15.127529,16.655332,-24.155743,-15.173677,16.613510,0.200000,
-24.155743,-15.173678,16.613509,-27.820091,-18.376273,48.151742,-24.088248,-15.193102,16.595831,-24.155743,-15.173677,16.613510,0.200000,
-24.155743,-15.173678,16.613509,-27.820091,-18.376273,48.151742,-24.315768,-15.127529,16.655332,-24.155743,-15.173677,16.613510,0.200000,
-24.155743,-15.173678,16.613509,-27.820091,-18.376273,48.151742,-24.088248,-15.193102,16.595831,-24.155743,-15.173677,16.613510,0.200000,
-24.155743,-15.173678,16.613509,-27.820091,-18.376273,48.151742,-24.315768,-15.127529,16.655332,-24.155743,-15.173677,16.613510,0.200000,
-24.155743,-15.173678,16.613509,-27.820091,-18.376273,48.151742,-24.088248,-15.193102,16.595831,-24.155743,-15.173677,16.613510,0.200000,
-24.155743,-15.173678,16.613509,-27.820091,-18.376273,48.151742,-24.315768,-15.127529,16.655332,-24.155743,-15.173677,16.613510,0.200000,
-24.155743,-15.173678,16.613509,-27.820091,-18.376273,48.151742,-24.088248,-15.193102,16.595831,-24.155743,-15.173677,16.613510,0.200000,
-24.155743,-15.173678,16.613509,-27.820091,-18.376273,48.151742,-24.315768,-15.127529,16.655332,-24.155743,-15.173677,16.613510,0.200000,
-24.155743,-15.173678,16.613509,-27.820091,-18.376273,48.151742,-24.088247,-15.193103,16.595831,-24.155743,-15.173677,16.613510,0.200000,
-24.155743,-15.173678,16.613509,-27.820091,-18.376273,48.151742,-24.315768,-15.127529,16.655332,-24.155743,-15.173677,16.613510,0.200000,
-24.155743,-15.173678,16.613509,-27.820091,-18.376273,48.151742,-24.088247,-15.193103,16.595831,-24.155743,-15.173677,16.613510,0.200000,
-24.155743,-15.173678,16.613509,-27.820091,-18.376273,48.151742,-24.315767,-15.127529,16.655332,-24.155743,-15.173677,16.613510,0.200000,
-24.155743,-15.173678,16.613509,-27.820091,-18.376273,48.151742,-24.088247,-15.193103,16.595831,-24.155743,-15.173677,16.613510,0.200000,
-24.155743,-15.173678,16.613509,-27.820091,-18.376273,48.151742,-24.315767,-15.127530,16.655332,-24.155743,-15.173677,16.613510,0.200000,
-24.155743,-15.173678,16.613509,-27.820091,-18.376273,48.151742,-24.088247,-15.193103,16.595831,-24.155743,-15.173677,16.613510,0.200000,
-24.155743,-15.173678,16.613509,-27.820091,-18.376273,48.151742,-24.315767,-15.127530,16.655332,-24.155743,-15.173677,16.613510,0.200000,
-24.155743,-15.173678,16.613509,-27.820091,-18.376273,48.151742,-24.088247,-15.193103,16.595831,-24.155743,-15.173677,16.613510,0.200000,
-24.155743,-15.173678,16.613509,-27.820091,-18.376273,48.151742,-24.315767,-15.127530,16.655332,-24.155743,-15.173677,16.613510,0.200000,
-24.155743,-15.173678,16.613509,-27.820091,-18.376273,48.151742,-24.088246,-15.193103,16.595831,-24.155743,-15.173677,16.613510,0.200000,
-24.155743,-15.173678,16.613509,-27.820091,-18.376273,48.151742,-24.315767,-15.127530,16.655332,-24.155743,-15.173677,16.613510,0.200000,
-24.155743,-15.173678,16.613509,-27.820091,-18.376273,48.151742,-24.088246,-15.193103,16.595830,-24.155743,-15.173677,16.613510,0.200000,
-24.155743,-15.173678,16.613509,-27.820091,-18.376273,48.151742,-24.315766,-15.127530,16.655332,-24.155743,-15.173677,16.613510,0.200000,
-24.155743,-15.173678,16.613509,-27.820091,-18.376273,48.151742,-24.088246,-15.193103,16.595830,-24.155743,-15.173677,16.613510,0.200000,
-24.155743,-15.173678,16.613509,-27.820091,-18.376273,48.151742,-24.315766,-15.127530,16.655332,-24.155743,-15.173677,16.613510,0.200000,
-24.155743,-15.173678,16.613509,-27.820091,-18.376273,48.151742,-24.088246,-15.193103,16.595830,-24.155743,-15.173677,16.613510,0.200000,
-24.155743,-15.173678,16.613509,-27.820091,-18.376273,48.151742,-24.315766,-15.127530,16.655332,-24.155743,-15.173677,16.613510,0.200000,
-24.155743,-15.173678,16.613509,-27.820091,-18.376273,48.151742,-24.088246,-15.193103,16.595830,-24.155743,-15.173677,16.613510,0.200000,
-24.155743,-15.173678,16.613509,-27.820091,-18.376273,48.151742,-24.315766,-15.127530,16.655332,-24.155743,-15.173677,16.613510,0.200000,
-24.155743,-15.173678,16.613509,-27.820091,-18.376273,48.151742,-24.088245,-15.193103,16.595830,-24.155743,-15.173677,16.613510,0.200000,
-24.155743,-15.173678,16.613509,-27.820091,-18.376273,48.151742,-24.315766,-15.127530,16.655332,-24.155743,-15.173677,16.613510,0.200000,
-24.155743,-15.173678,16.613509,-27.820091,-18.376273,48.151742,-24.088245,-15.193103,16.595830,-24.155743,-15.173677,16.613510,0.200000,
-24.155743,-15.173678,16.613509,-27.820091,-18.376273,48.151742,-24.315766,-15.127530,16.655332,-24.155743,-15.173677,16.613510,0.200000,
-24.155743,-15.173678,16.613509,-27.820091,-18.376273,48.151742,-24.088245,-15.193103,16.595830,-24.155743,-15.173677,16.613510,0.200000,
-24.155743,-15.173678,16.613509,-27.820091,-18.376273,48.151742,-24.315765,-15.127530,16.655332,-24.155743,-15.173677,16.613510,0.200000,
-24.155743,-15.173678,16.613509,-27.820091,-18.376273,48.151742,-24.088245,-15.193103,16.595830,-24.155743,-15.173677,16.613510,0.200000,
-24.155743,-15.173678,16.613509,-27.820091,-18.376273,48.151742,-24.315765,-15.127530,16.655331,-24.155743,-15.173677,16.613510,0.200000,
-24.155743,-15.173678,16.613509,-27.820091,-18.376273,48.151742,-24.088245,-15.193103,16.595830,-24.155743,-15.173677,16.613510,0.200000,
-24.155743,-15.173678,16.613509,-27.820091,-18.376273,48.151742,-24.315765,-15.127530,16.655331,-24.155743,-15.173677,16.613510,0.200000,
-24.155743,-15.173678,16.613509,-27.820091,-18.376273,48.151742,-24.088245,-15.193103,16.595830,-24.155743,-15.173677,16.613510,0.200000,
-24.155743,-15.173678,16.613509,-27.820091,-18.376273,48.151742,-24.315765,-15.127530,16.655331,-24.155743,-15.173677,16.613510,0.200000,
-24.155743,-15.173678,16.613509,-27.820091,-18.376273,48.151742,-24.088244,-15.193103,16.595830,-24.155743,-15.173677,16.613510,0.200000,
-24.155743,-15.173678,16.613509,-27.820091,-18.376273,48.151742,-24.315765,-15.127530,16.655331,-24.155743,-15.173677,16.613510,0.200000,
-24.155743,-15.173678,16.613509,-27.820091,-18.376273,48.151742,-24.088244,-15.193103,16.595830,-24.155743,-15.173677,16.613510,0.200000,
-24.155743,-15.173678,16.613509,-27.820091,-18.376273,48.151742,-24.315764,-15.127530,16.655331,-24.155743,-15.173677,16.613510,0.200000,
-24.155743,-15.173678,16.613509,-27.820091,-18.376273,48.151742,-24.088244,-15.193103,16.595830,-24.155743,-15.173677,16.613510,0.200000,
-24.155743,-15.173678,16.613509,-27.820091,-18.376273,48.151742,-24.315764,-15.127530,16.655331,-24.155743,-15.173677,16.613510,0.200000,
-24.155743,-15.173678,16.613509,-27.820091,-18.376273,48.151742,-24.088244,-15.193104,16.595830,-24.155743,-15.173677,16.613510,0.200000,
-24.155743,-15.173678,16.613509,-27.820091,-18.376273,48.151742,-24.315764,-15.127530,16.655331,-24.155743,-15.173677,16.613510,0.200000,
-24.155743,-15.173678,16.613509,-27.820091,-18.376273,48.151742,-24.088244,-15.193104,16.595830,-24.155743,-15.173677,16.613510,0.200000,
-24.155743,-15.173678,16.613509,-27.820091,-18.376273,48.151742,-24.315764,-15.127531,16.655331,-24.155743,-15.173677,16.613510,0.200000,
-24.155743,-15.173678,16.613509,-27.820091,-18.376273,48.151742,-24.088243,-15.193104,16.595830,-24.155743,-15.173677,16.613510,0.200000,
-24.155743,-15.173678,16.613509,-27.820091,-18.376273,48.151742,-24.315764,-15.127531,16.655331,-24.155743,-15.173677,16.613510,0.200000,
-24.155743,-15.173678,16.613509,-27.820091,-18.376273,48.151742,-24.088243,-15.193104,16.595830,-24.155743,-15.173677,16.613510,0.200000,
-24.155743,-15.173678,16.613509,-27.820091,-18.376273,48.151742,-24.315763,-15.127531,16.655331,-24.155743,-15.173677,16.613510,0.200000,
-24.155743,-15.173678,16.613509,-27.820091,-18.376273,48.151742,-24.088243,-15.193104,16.595830,-24.155743,-15.173677,16.613510,0.200000,
-24.155743,-15.173678,16.613509,-27.820091,-18.376273,48.151742,-24.315763,-15.127531,16.655331,-24.155743,-15.173677,16.613510,0.200000,
-24.155743,-15.173678,16.613509,-27.820091,-18.376273,48.151742,-24.088243,-15.193104,16.595830,-24.155743,-15.173677,16.613510,0.200000,
-24.155743,-15.173678,16.613509,-27.820091,-18.376273,48.151742,-24.315763,-15.127531,16.655331,-24.155743,-15.173677,16.613510,0.200000,
-24.155743,-15.173678,16.613509,-27.820091,-18.376273,48.151742,-24.088243,-15.193104,16.595830,-24.155743,-15.173677,16.613510,0.200000,
-24.155743,-15.173678,16.613509,-27.820091,-18.376273,48.151742,-24.315763,-15.127531,16.655331,-24.155743,-15.173677,16.613510,0.200000,
-24.155743,-15.173678,16.613509,-27.820091,-18.376273,48.151742,-24.088243,-15.193104,16.595830,-24.155743,-15.173677,16.613510,0.200000,
-24.155743,-15.173678,16.613509,-27.820091,-18.376273,48.151742,-24.315763,-15.127531,16.655331,-24.155743,-15.173677,16.613510,0.200000,
-24.155743,-15.173678,16.613509,-27.820091,-18.376273,48.151742,-24.088242,-15.193104,16.595829,-24.155743,-15.173677,16.613510,0.200000,
-24.155743,-15.173678,16.613509,-27.820091,-18.376273,48.151742,-24.315763,-15.127531,16.655331,-24.155743,-15.173677,16.613510,0.200000,
-24.155743,-15.173678,16.613509,-27.820091,-18.376273,48.151742,-24.088242,-15.193104,16.595829,-24.155743,-15.173677,16.613510,0.200000,
-24.155743,-15.173678,16.613509,-27.820091,-18.376273,48.151742,-24.315762,-15.127531,16.655331,-24.155743,-15.173677,16.613510,0.200000,
-24.155743,-15.173678,16.613509,-27.820091,-18.376273,48.151742,-24.088242,-15.193104,16.595829,-24.155743,-15.173677,16.613510,0.200000,
-24.155743,-15.173678,16.613509,-27.820091,-18.376273,48.151742,-24.315762,-15.127531,16.655331,-24.155743,-15.173677,16.613510,0.200000,
-24.155743,-15.173678,16.613509,-27.820091,-18.376273,48.151742,-24.088242,-15.193104,16.595829,-24.155743,-15.173677,16.613510,0.200000,
-24.155743,-15.173678,16.613509,-27.820091,-18.376273,48.151742,-24.315762,-15.127531,16.655331,-24.155743,-15.173677,16.613510,0.200000,
-24.155743,-15.173678,16.613509,-27.820091,-18.376273,48.151742,-24.088242,-15.193104,16.595829,-24.155743,-15.173677,16.613510,0.200000,
-24.155743,-15.173678,16.613509,-27.820091,-18.376273,48.151742,-24.315762,-15.127531,16.655331,-24.155743,-15.173677,16.613510,0.200000,
-24.155743,-15.173678,16.613509,-27.820091,-18.376273,48.151742,-24.088241,-15.193104,16.595829,-24.155743,-15.173677,16.613510,0.200000,
-24.155743,-15.173678,16.613509,-27.820091,-18.376273,48.151742,-24.315762,-15.127531,16.655331,-24.155743,-15.173677,16.613510,0.200000,
-24.155743,-15.173678,16.613509,-27.820091,-18.376273,48.151742,-24.088241,-15.193104,16.595829,-24.155743,-15.173677,16.613510,0.200000,
-24.155743,-15.173678,16.613509,-27.820091,-18.376273,48.151742,-24.315761,-15.127531,16.655331,-24.155743,-15.173677,16.613510,0.200000,
-24.155743,-15.173678,16.613509,-27.820091,-18.376273,48.151742,-24.088241,-15.193104,16.595829,-24.155743,-15.173677,16.613510,0.200000,
-24.155743,-15.173678,16.613509,-27.820091,-18.376273,48.151742,-24.315761,-15.127531,16.655330,-24.155743,-15.173677,16.613510,0.200000,
-24.155743,-15.173678,16.613509,-27.820091,-18.376273,48.151742,-24.088241,-15.193104,16.595829,-24.155743,-15.173677,16.613510,0.200000,
-24.155743,-15.173678,16.613509,-27.820091,-18.376273,48.151742,-24.315761,-15.127531,16.655330,-24.155743,-15.173677,16.613510,0.200000,
-24.155743,-15.173678,16.613509,-27.820091,-18.376273,48.151742,-24.088241,-15.193104,16.595829,-24.155743,-15.173677,16.613510,0.200000,
-24.155743,-15.173678,16.613509,-27.820091,-18.376273,48.151742,-24.315761,-15.127531,16.655330,-24.155743,-15.173677,16.613510,0.200000,
-24.155743,-15.173678,16.613509,-27.820091,-18.376273,48.151742,-24.088240,-15.193104,16.595829,-24.155743,-15.173677,16.613510,0.200000,
-24.155743,-15.173678,16.613509,-27.820091,-18.376273,48.151742,-24.315761,-15.127531,16.655330,-24.155743,-15.173677,16.613510,0.200000,
-24.155743,-15.173678,16.613509,-27.820091,-18.376273,48.151742,-24.088240,-15.193105,16.595829,-24.155743,-15.173677,16.613510,0.200000,
-24.155743,-15.173678,16.613509,-27.820091,-18.376273,48.151742,-24.315761,-15.127531,16.655330,-24.155743,-15.173677,16.613510,0.200000,
-24.155743,-15.173678,16.613509,-27.820091,-18.376273,48.151742,-24.088240,-15.193105,16.595829,-24.155743,-15.173677,16.613510,0.200000,
-24.155743,-15.173678,16.613509,-27.820091,-18.376273,48.151742,-24.315760,-15.127532,16.655330,-24.155743,-15.173677,16.613510,0.200000,
-24.155743,-15.173678,16.613509,-27.820091,-18.376273,48.151742,-24.088240,-15.193105,16.595829,-24.155743,-15.173677,16.613510,0.200000,
-24.155743,-15.173678,16.613509,-27.820091,-18.376273,48.151742,-24.315760,-15.127532,16.655330,-24.155743,-15.173677,16.613510,0.200000,
-24.155743,-15.173678,16.613509,-27.820091,-18.376273,48.151742,-24.088240,-15.193105,16.595829,-24.155743,-15.173677,16.613510,0.200000,
-24.155743,-15.173678,16.613509,-27.820091,-18.376273,48.151742,-24.315760,-15.127532,16.655330,-24.155743,-15.173677,16.613510,0.200000,
-24.155743,-15.173678,16.613509,-27.820091,-18.376273,48.151742,-24.088240,-15.193105,16.595829,-24.155743,-15.173677,16.613510,0.200000,
-24.155743,-15.173678,16.613509,-27.820091,-18.376273,48.151742,-24.315760,-15.127532,16.655330,-24.155743,-15.173677,16.613510,0.200000,
-24.155743,-15.173678,16.613509,-27.820091,-18.376273,48.151742,-24.088239,-15.193105,16.595829,-24.155743,-15.173677,16.613510,0.200000,
-24.155743,-15.173678,16.613509,-27.820091,-18.376273,48.151742,-24.315760,-15.127532,16.655330,-24.155743,-15.173677,16.613510,0.200000,
-24.155743,-15.173678,16.613509,-27.820091,-18.376273,48.151742,-24.088239,-15.193105,16.595829,-24.155743,-15.173677,16.613510,0.200000,
-24.155743,-15.173678,16.613509,-27.820091,-18.376273,48.151742,-24.315759,-15.127532,16.655330,-24.155743,-15.173677,16.613510,0.200000,
-24.155743,-15.173678,16.613509,-27.820091,-18.376273,48.151742,-24.088239,-15.193105,16.595829,-24.155743,-15.173677,16.613510,0.200000,
-24.155743,-15.173678,16.613509,-27.820091,-18.376273,48.151742,-24.315759,-15.127532,16.655330,-24.155743,-15.173677,16.613510,0.200000,
-24.155743,-15.173678,16.613509,-27.820091,-18.376273,48.151742,-24.088239,-15.193105,16.595829,-24.155743,-15.173677,16.613510,0.200000,
-24.155743,-15.173678,16.613509,-27.820091,-18.376273,48.151742,-24.315759,-15.127532,16.655330,-24.155743,-15.173677,16.613510,0.200000,
-24.155743,-15.173678,16.613509,-27.820091,-18.376273,48.151742,-24.088239,-15.193105,16.595828,-24.155743,-15.173677,16.613510,0.200000,
-24.155743,-15.173678,16.613509,-27.820091,-18.376273,48.151742,-24.315759,-15.127532,16.655330,-24.155743,-15.173677,16.613510,0.200000,
-24.155743,-15.173678,16.613509,-27.820091,-18.376273,48.151742,-24.088238,-15.193105,16.595828,-24.155743,-15.173677,16.613510,0.200000,
-24.155743,-15.173678,16.613509,-27.820091,-18.376273,48.151742,-24.315759,-15.127532,16.655330,-24.155743,-15.173677,16.613510,0.200000,
-24.155743,-15.173678,16.613509,-27.820091,-18.376273,48.151742,-24.088238,-15.193105,16.595828,-24.155743,-15.173677,16.613510,0.200000,
-24.155743,-15.173678,16.613509,-27.820091,-18.376273,48.151742,-24.315758,-15.127532,16.655330,-24.155743,-15.173677,16.613510,0.200000,
-24.155743,-15.173678,16.613509,-27.820091,-18.376273,48.151742,-24.088238,-15.193105,16.595828,-24.155743,-15.173677,16.613510,0.200000,
-24.155743,-15.173678,16.613509,-27.820091,-18.376273,48.151742,-24.315758,-15.127532,16.655330,-24.155743,-15.173677,16.613510,0.200000,
-24.155743,-15.173678,16.613509,-27.820091,-18.376273,48.151742,-24.088238,-15.193105,16.595828,-24.155743,-15.173677,16.613510,0.200000,
-24.155743,-15.173678,16.613509,-27.820091,-18.376273,48.151742,-24.315758,-15.127532,16.655330,-24.155743,-15.173677,16.613510,0.200000,
-24.155743,-15.173678,16.613509,-27.820091,-18.376273,48.151742,-24.088238,-15.193105,16.595828,-24.155743,-15.173677,16.613510,0.200000,
-24.155743,-15.173678,16.613509,-27.820091,-18.376273,48.151742,-24.315758,-15.127532,16.655330,-24.155743,-15.173677,16.613510,0.200000,
-24.155743,-15.173678,16.613509,-27.820091,-18.376273,48.151742,-24.088238,-15.193105,16.595828,-24.155743,-15.173677,16.613510,0.200000,
-24.155743,-15.173678,16.613509,-27.820091,-18.376273,48.151742,-24.315758,-15.127532,16.655330,-24.155743,-15.173677,16.613510,0.200000,
-24.155743,-15.173678,16.613509,-27.820091,-18.376273,48.151742,-24.088237,-15.193105,16.595828,-24.155743,-15.173677,16.613510,0.200000,
-24.155743,-15.173678,16.613509,-27.820091,-18.376273,48.151742,-24.315758,-15.127532,16.655330,-24.155743,-15.173677,16.613510,0.200000,
-24.155743,-15.173678,16.613509,-27.820091,-18.376273,48.151742,-24.088237,-15.193105,16.595828,-24.155743,-15.173677,16.613510,0.200000,
-24.155743,-15.173678,16.613509,-27.820091,-18.376273,48.151742,-24.315757,-15.127532,16.655329,-24.155743,-15.173677,16.613510,0.200000,
-24.155743,-15.173678,16.613509,-27.820091,-18.376273,48.151742,-24.088237,-15.193105,16.595828,-24.155743,-15.173677,16.613510,0.200000,
-24.155743,-15.173678,16.613509,-27.820091,-18.376273,48.151742,-24.315757,-15.127532,16.655329,-24.155743,-15.173677,16.613510,0.200000,
-24.155743,-15.173678,16.613509,-27.820091,-18.376273,48.151742,-24.088237,-15.193106,16.595828,-24.155743,-15.173677,16.613510,0.200000,
-24.155743,-15.173678,16.613509,-27.820091,-18.376273,48.151742,-24.315757,-15.127532,16.655329,-24.155743,-15.173677,16.613510,0.200000,
-24.155743,-15.173678,16.613509,-27.820091,-18.376273,48.151742,-24.088237,-15.193106,16.595828,-24.155743,-15.173677,16.613510,0.200000,
-24.155743,-15.173678,16.613509,-27.820091,-18.376273,48.151742,-24.315757,-15.127533,16.655329,-24.155743,-15.173677,16.613510,0.200000,
-24.155743,-15.173678,16.613509,-27.820091,-18.376273,48.151742,-24.088236,-15.193106,16.595828,-24.155743,-15.173677,16.613510,0.200000,
-24.155743,-15.173678,16.613509,-27.820091,-18.376273,48.151742,-24.315757,-15.127533,16.655329,-24.155743,-15.173677,16.613510,0.200000,
-24.155743,-15.173678,16.613509,-27.820091,-18.376273,48.151742,-24.088236,-15.193106,16.595828,-24.155743,-15.173677,16.613510,0.200000,
-24.155743,-15.173678,16.613509,-27.820091,-18.376273,48.151742,-24.315756,-15.127533,16.655329,-24.155743,-15.173677,16.613510,0.200000,
-24.155743,-15.173678,16.613509,-27.820091,-18.376273,48.151742,-24.088236,-15.193106,16.595828,-24.155743,-15.173677,16.613510,0.200000,
-24.155743,-15.173678,16.613509,-27.820091,-18.376273,48.151742,-24.315756,-15.127533,16.655329,-24.155743,-15.173677,16.613510,0.200000,
-24.155743,-15.173678,16.613509,-27.820091,-18.376273,48.151742,-24.088236,-15.193106,16.595828,-24.155743,-15.173677,16.613510,0.200000,
-24.155743,-15.173678,16.613509,-27.820091,-18.376273,48.151742,-24.315756,-15.127533,16.655329,-24.155743,-15.173677,16.613510,0.200000,
-24.155743,-15.173678,16.613509,-27.820091,-18.376273,48.151742,-24.088236,-15.193106,16.595828,-24.155743,-15.173677,16.613510,0.200000,
-24.155743,-15.173678,16.613509,-27.820091,-18.376273,48.151742,-24.315756,-15.127533,16.655329,-24.155743,-15.173677,16.613510,0.200000,
-24.155743,-15.173678,16.613509,-27.820091,-18.376273,48.151742,-24.088235,-15.193106,16.595828,-24.155743,-15.173677,16.613510,0.200000,
-24.155743,-15.173678,16.613509,-27.820091,-18.376273,48.151742,-24.315756,-15.127533,16.655329,-24.155743,-15.173677,16.613510,0.200000,
-24.155743,-15.173678,16.613509,-27.820091,-18.376273,48.151742,-24.088235,-15.193106,16.595828,-24.155743,-15.173677,16.613510,0.200000,
-24.155743,-15.173678,16.613509,-27.820091,-18.376273,48.151742,-24.315756,-15.127533,16.655329,-24.155743,-15.173677,16.613510,0.200000,
-24.155743,-15.173678,16.613509,-27.820091,-18.376273,48.151742,-24.088235,-15.193106,16.595828,-24.155743,-15.173677,16.613510,0.200000,
-24.155743,-15.173678,16.613509,-27.820091,-18.376273,48.151742,-24.315755,-15.127533,16.655329,-24.155743,-15.173677,16.613510,0.200000,
-24.155743,-15.173678,16.613509,-27.820091,-18.376273,48.151742,-24.088235,-15.193106,16.595828,-24.155743,-15.173677,16.613510,0.200000,
-24.155743,-15.173678,16.613509,-27.820091,-18.376273,48.151742,-24.315755,-15.127533,16.655329,-24.155743,-15.173677,16.613510,0.200000,
-24.155743,-15.173678,16.613509,-27.820091,-18.376273,48.151742,-24.088235,-15.193106,16.595827,-24.155743,-15.173677,16.613509,0.200000,
-24.155743,-15.173678,16.613509,-27.820091,-18.376273,48.151742,-24.315755,-15.127533,16.655329,-24.155743,-15.173677,16.613509,0.200000,
-24.155743,-15.173678,16.613509,-27.820091,-18.376273,48.151742,-24.088235,-15.193106,16.595827,-24.155743,-15.173677,16.613509,0.200000,
-24.155743,-15.173678,16.613509,-27.820091,-18.376273,48.151742,-24.315755,-15.127533,16.655329,-24.155743,-15.173677,16.613509,0.200000,
-24.155743,-15.173678,16.613509,-27.820091,-18.376273,48.151742,-24.088234,-15.193106,16.595827,-24.155743,-15.173677,16.613509,0.200000,
-24.155743,-15.173678,16.613509,-27.820091,-18.376273,48.151742,-24.315755,-15.127533,16.655329,-24.155743,-15.173677,16.613509,0.200000,
-24.155743,-15.173678,16.613509,-27.820091,-18.376273,48.151742,-24.088234,-15.193106,16.595827,-24.155743,-15.173677,16.613509,0.200000,
-24.155743,-15.173678,16.613509,-27.820091,-18.376273,48.151742,-24.315754,-15.127533,16.655329,-24.155743,-15.173677,16.613509,0.200000,
-24.155743,-15.173678,16.613509,-27.820091,-18.376273,48.151742,-24.088234,-15.193106,16.595827,-24.155743,-15.173677,16.613509,0.200000,
-24.155743,-15.173678,16.613509,-27.820091,-18.376273,48.151742,-24.315754,-15.127533,16.655329,-24.155743,-15.173677,16.613509,0.200000,
-24.155743,-15.173678,16.613509,-27.820091,-18.376273,48.151742,-24.088234,-15.193106,16.595827,-24.155743,-15.173677,16.613509,0.200000,
-24.155743,-15.173678,16.613509,-27.820091,-18.376273,48.151742,-24.315754,-15.127533,16.655329,-24.155743,-15.173677,16.613509,0.200000,
-24.155743,-15.173678,16.613509,-27.820091,-18.376273,48.151742,-24.088234,-15.193106,16.595827,-24.155743,-15.173677,16.613509,0.200000,
-24.155743,-15.173678,16.613509,-27.820091,-18.376273,48.151742,-24.315754,-15.127533,16.655329,-24.155743,-15.173677,16.613509,0.200000,
-24.155743,-15.173678,16.613509,-27.820091,-18.376273,48.151742,-24.088233,-15.193107,16.595827,-24.155743,-15.173677,16.613509,0.200000,
-24.155743,-15.173678,16.613509,-27.820091,-18.376273,48.151742,-24.315754,-15.127533,16.655328,-24.155743,-15.173677,16.613509,0.200000,
-24.155743,-15.173678,16.613509,-27.820091,-18.376273,48.151742,-24.088233,-15.193107,16.595827,-24.155743,-15.173677,16.613509,0.200000,
-24.155743,-15.173678,16.613509,-27.820091,-18.376273,48.151742,-24.315754,-15.127534,16.655328,-24.155743,-15.173677,16.613509,0.200000,
-24.155743,-15.173678,16.613509,-27.820091,-18.376273,48.151742,-24.088233,-15.193107,16.595827,-24.155743,-15.173677,16.613509,0.200000,
-24.155743,-15.173678,16.613509,-27.820091,-18.376273,48.151742,-24.315753,-15.127534,16.655328,-24.155743,-15.173677,16.613509,0.200000,
-24.155743,-15.173678,16.613509,-27.820091,-18.376273,48.151742,-24.088233,-15.193107,16.595827,-24.155743,-15.173677,16.613509,0.200000,
-24.155743,-15.173678,16.613509,-27.820091,-18.376273,48.151742,-24.315753,-15.127534,16.655328,-24.155743,-15.173677,16.613509,0.200000,
-24.155743,-15.173678,16.613509,-27.820091,-18.376273,48.151742,-24.088233,-15.193107,16.595827,-24.155743,-15.173677,16.613509,0.200000,
-24.155743,-15.173678,16.613509,-27.820091,-18.376273,48.151742,-24.315753,-15.127534,16.655328,-24.155743,-15.173677,16.613509,0.200000,
-24.155743,-15.173678,16.613509,-27.820091,-18.376273,48.151742,-24.088233,-15.193107,16.595827,-24.155743,-15.173677,16.613509,0.200000,
-24.155743,-15.173678,16.613509,-27.820091,-18.376273,48.151742,-24.315753,-15.127534,16.655328,-24.155743,-15.173677,16.613509,0.200000,
-24.155743,-15.173678,16.613509,-27.820091,-18.376273,48.151742,-24.088232,-15.193107,16.595827,-24.155743,-15.173677,16.613509,0.200000,
-24.155743,-15.173678,16.613509,-27.820091,-18.376273,48.151742,-24.315753,-15.127534,16.655328,-24.155743,-15.173677,16.613509,0.200000,
-24.155743,-15.173678,16.613509,-27.820091,-18.376273,48.151742,-24.088232,-15.193107,16.595827,-24.155743,-15.173677,16.613509,0.200000,
-24.155743,-15.173678,16.613509,-27.820091,-18.376273,48.151742,-24.315752,-15.127534,16.655328,-24.155743,-15.173677,16.613509,0.200000,
-24.155743,-15.173678,16.613509,-27.820091,-18.376273,48.151742,-24.088232,-15.193107,16.595827,-24.155743,-15.173677,16.613509,0.200000,
-24.155743,-15.173678,16.613509,-27.820091,-18.376273,48.151742,-24.315752,-15.127534,16.655328,-24.155743,-15.173677,16.613509,0.200000,
-24.155743,-15.173678,16.613509,-27.820091,-18.376273,48.151742,-24.088232,-15.193107,16.595827,-24.155743,-15.173677,16.613509,0.200000,
-24.155743,-15.173678,16.613509,-27.820091,-18.376273,48.151742,-24.315752,-15.127534,16.655328,-24.155743,-15.173677,16.613509,0.200000,
-24.155743,-15.173678,16.613509,-27.820091,-18.376273,48.151742,-24.088232,-15.193107,16.595827,-24.155743,-15.173677,16.613509,0.200000,
-24.155743,-15.173678,16.613509,-27.820091,-18.376273,48.151742,-24.315752,-15.127534,16.655328,-24.155743,-15.173677,16.613509,0.200000,
-24.155743,-15.173678,16.613509,-27.820091,-18.376273,48.151742,-24.088231,-15.193107,16.595827,-24.155743,-15.173677,16.613509,0.200000,
-24.155743,-15.173678,16.613509,-27.820091,-18.376273,48.151742,-24.315752,-15.127534,16.655328,-24.155743,-15.173677,16.613509,0.200000,
-24.155743,-15.173678,16.613509,-27.820091,-18.376273,48.151742,-24.088231,-15.193107,16.595827,-24.155743,-15.173677,16.613509,0.200000,
-24.155743,-15.173678,16.613509,-27.820091,-18.376273,48.151742,-24.315751,-15.127534,16.655328,-24.155743,-15.173677,16.613509,0.200000,
-24.155743,-15.173678,16.613509,-27.820091,-18.376273,48.151742,-24.088231,-15.193107,16.595827,-24.155743,-15.173677,16.613509,0.200000,
-24.155743,-15.173678,16.613509,-27.820091,-18.376273,48.151742,-24.315751,-15.127534,16.655328,-24.155743,-15.173677,16.613509,0.200000,
-24.155743,-15.173678,16.613509,-27.820091,-18.376273,48.151742,-24.088231,-15.193107,16.595826,-24.155743,-15.173677,16.613509,0.200000,
-24.155743,-15.173678,16.613509,-27.820091,-18.376273,48.151742,-24.315751,-15.127534,16.655328,-24.155743,-15.173677,16.613509,0.200000,
-24.155743,-15.173678,16.613509,-27.820091,-18.376273,48.151742,-24.088231,-15.193107,16.595826,-24.155743,-15.173677,16.613509,0.200000,
-24.155743,-15.173678,16.613509,-27.820091,-18.376273,48.151742,-24.315751,-15.127534,16.655328,-24.155743,-15.173677,16.613509,0.200000,
-24.155743,-15.173678,16.613509,-27.820091,-18.376273,48.151742,-24.088230,-15.193107,16.595826,-24.155743,-15.173677,16.613509,0.200000,
-24.155743,-15.173678,16.613509,-27.820091,-18.376273,48.151742,-24.315751,-15.127534,16.655328,-24.155743,-15.173677,16.613509,0.200000,
-24.155743,-15.173678,16.613509,-27.820091,-18.376273,48.151742,-24.088230,-15.193107,16.595826,-24.155743,-15.173677,16.613509,0.200000,
-24.155743,-15.173678,16.613509,-27.820091,-18.376273,48.151742,-24.315751,-15.127534,16.655328,-24.155743,-15.173677,16.613509,0.200000,
-24.155743,-15.173678,16.613509,-27.820091,-18.376273,48.151742,-24.088230,-15.193107,16.595826,-24.155743,-15.173677,16.613509,0.200000,
-24.155743,-15.173678,16.613509,-27.820091,-18.376273,48.151742,-24.315750,-15.127534,16.655328,-24.155743,-15.173677,16.613509,0.200000,
-24.155743,-15.173678,16.613509,-27.820091,-18.376273,48.151742,-24.088230,-15.193108,16.595826,-24.155743,-15.173677,16.613509,0.200000,
-24.155743,-15.173678,16.613509,-27.820091,-18.376273,48.151742,-24.315750,-15.127534,16.655328,-24.155743,-15.173677,16.613509,0.200000,
-24.155743,-15.173678,16.613509,-27.820091,-18.376273,48.151742,-24.088230,-15.193108,16.595826,-24.155743,-15.173677,16.613509,0.200000,
-24.155743,-15.173678,16.613509,-27.820091,-18.376273,48.151742,-24.315750,-15.127535,16.655328,-24.155743,-15.173677,16.613509,0.200000,
-24.155743,-15.173678,16.613509,-27.820091,-18.376273,48.151742,-24.088230,-15.193108,16.595826,-24.155743,-15.173677,16.613509,0.200000,
-24.155743,-15.173678,16.613509,-27.820091,-18.376273,48.151742,-24.315750,-15.127535,16.655327,-24.155743,-15.173677,16.613509,0.200000,
-24.155743,-15.173678,16.613509,-27.820091,-18.376273,48.151742,-24.088229,-15.193108,16.595826,-24.155743,-15.173677,16.613509,0.200000,
-24.155743,-15.173678,16.613509,-27.820091,-18.376273,48.151742,-24.315750,-15.127535,16.655327,-24.155743,-15.173677,16.613509,0.200000,
-24.155743,-15.173678,16.613509,-27.820091,-18.376273,48.151742,-24.088229,-15.193108,16.595826,-24.155743,-15.173677,16.613509,0.200000,
-24.155743,-15.173678,16.613509,-27.820091,-18.376273,48.151742,-24.315749,-15.127535,16.655327,-24.155743,-15.173677,16.613509,0.200000,
-24.155743,-15.173678,16.613509,-27.820091,-18.376273,48.151742,-24.088229,-15.193108,16.595826,-24.155743,-15.173677,16.613509,0.200000,
-24.155743,-15.173678,16.613509,-27.820091,-18.376273,48.151742,-24.315749,-15.127535,16.655327,-24.155743,-15.173677,16.613509,0.200000,
-24.155743,-15.173678,16.613509,-27.820091,-18.376273,48.151742,-24.088229,-15.193108,16.595826,-24.155743,-15.173677,16.613509,0.200000,
-24.155743,-15.173678,16.613509,-27.820091,-18.376273,48.151742,-24.315749,-15.127535,16.655327,-24.155743,-15.173677,16.613509,0.200000,
-24.155743,-15.173678,16.613509,-27.820091,-18.376273,48.151742,-24.088229,-15.193108,16.595826,-24.155743,-15.173677,16.613509,0.200000,
-24.155743,-15.173678,16.613509,-27.820091,-18.376273,48.151742,-24.315749,-15.127535,16.655327,-24.155743,-15.173677,16.613509,0.200000,
-24.155743,-15.173678,16.613509,-27.820091,-18.376273,48.151742,-24.088228,-15.193108,16.595826,-24.155743,-15.173677,16.613509,0.200000,
-24.155743,-15.173678,16.613509,-27.820091,-18.376273,48.151742,-24.315749,-15.127535,16.655327,-24.155743,-15.173677,16.613509,0.200000,
-24.155743,-15.173678,16.613509,-27.820091,-18.376273,48.151742,-24.088228,-15.193108,16.595826,-24.155743,-15.173677,16.613509,0.200000,
-24.155743,-15.173678,16.613509,-27.820091,-18.376273,48.151742,-24.315749,-15.127535,16.655327,-24.155743,-15.173677,16.613509,0.200000,
-24.155743,-15.173678,16.613509,-27.820091,-18.376273,48.151742,-24.088228,-15.193108,16.595826,-24.155743,-15.173677,16.613509,0.200000,
-24.155743,-15.173678,16.613509,-27.820091,-18.376273,48.151742,-24.315748,-15.127535,16.655327,-24.155743,-15.173677,16.613509,0.200000,
-24.155743,-15.173678,16.613509,-27.820091,-18.376273,48.151742,-24.088228,-15.193108,16.595826,-24.155743,-15.173677,16.613509,0.200000,
-24.155743,-15.173678,16.613509,-27.820091,-18.376273,48.151742,-24.315748,-15.127535,16.655327,-24.155743,-15.173677,16.613509,0.200000,
-24.155743,-15.173678,16.613509,-27.820091,-18.376273,48.151742,-24.088228,-15.193108,16.595826,-24.155743,-15.173677,16.613509,0.200000,
-24.155743,-15.173678,16.613509,-27.820091,-18.376273,48.151742,-24.315748,-15.127535,16.655327,-24.155743,-15.173677,16.613509,0.200000,
-24.155743,-15.173678,16.613509,-27.820091,-18.376273,48.151742,-24.088228,-15.193108,16.595826,-24.155743,-15.173677,16.613509,0.200000,
-24.155743,-15.173678,16.613509,-27.820091,-18.376273,48.151742,-24.315748,-15.127535,16.655327,-24.155743,-15.173677,16.613509,0.200000,
-24.155743,-15.173678,16.613509,-27.820091,-18.376273,48.151742,-24.088227,-15.193108,16.595826,-24.155743,-15.173677,16.613509,0.200000,
-24.155743,-15.173678,16.613509,-27.820091,-18.376273,48.151742,-24.315748,-15.127535,16.655327,-24.155743,-15.173677,16.613509,0.200000,
-24.155743,-15.173678,16.613509,-27.820091,-18.376273,48.151742,-24.088227,-15.193108,16.595825,-24.155743,-15.173677,16.613509,0.200000,
-24.155743,-15.173678,16.613509,-27.820091,-18.376273,48.151742,-24.315747,-15.127535,16.655327,-24.155743,-15.173677,16.613509,0.200000,
-24.155743,-15.173678,16.613509,-27.820091,-18.376273,48.151742,-24.088227,-15.193108,16.595825,-24.155743,-15.173677,16.613509,0.200000,
-24.155743,-15.173678,16.613509,-27.820091,-18.376273,48.151742,-24.315747,-15.127535,16.655327,-24.155743,-15.173677,16.613509,0.200000,
-24.155743,-15.173678,16.613509,-27.820091,-18.376273,48.151742,-24.088227,-15.193108,16.595825,-24.155743,-15.173677,16.613509,0.200000,
-24.155743,-15.173678,16.613509,-27.820091,-18.376273,48.151742,-24.315747,-15.127535,16.655327,-24.155743,-15.173677,16.613509,0.200000,
-24.155743,-15.173678,16.613509,-27.820091,-18.376273,48.151742,-24.088227,-15.193108,16.595825,-24.155743,-15.173677,16.613509,0.200000,
-24.155743,-15.173678,16.613509,-27.820091,-18.376273,48.151742,-24.315747,-15.127535,16.655327,-24.155743,-15.173677,16.613509,0.200000,
-24.155743,-15.173678,16.613509,-27.820091,-18.376273,48.151742,-24.088226,-15.193109,16.595825,-24.155743,-15.173677,16.613509,0.200000,
-24.155743,-15.173678,16.613509,-27.820091,-18.376273,48.151742,-24.315747,-15.127535,16.655327,-24.155743,-15.173677,16.613509,0.200000,
-24.155743,-15.173678,16.613509,-27.820091,-18.376273,48.151742,-24.088226,-15.193109,16.595825,-24.155743,-15.173677,16.613509,0.200000,
-24.155743,-15.173678,16.613509,-27.820091,-18.376273,48.151742,-24.315746,-15.127536,16.655327,-24.155743,-15.173677,16.613509,0.200000,
-24.155743,-15.173678,16.613509,-27.820091,-18.376273,48.151742,-24.088226,-15.193109,16.595825,-24.155743,-15.173677,16.613509,0.200000,
-24.155743,-15.173678,16.613509,-27.820091,-18.376273,48.151742,-24.315746,-15.127536,16.655327,-24.155743,-15.173677,16.613509,0.200000,
-24.155743,-15.173678,16.613509,-27.820091,-18.376273,48.151742,-24.088226,-15.193109,16.595825,-24.155743,-15.173677,16.613509,0.200000,
-24.155743,-15.173678,16.613509,-27.820091,-18.376273,48.151742,-24.315746,-15.127536,16.655327,-24.155743,-15.173677,16.613509,0.200000,
-24.155743,-15.173678,16.613509,-27.820091,-18.376273,48.151742,-24.088226,-15.193109,16.595825,-24.155743,-15.173677,16.613509,0.200000,
-24.155743,-15.173678,16.613509,-27.820091,-18.376273,48.151742,-24.315746,-15.127536,16.655326,-24.155743,-15.173677,16.613509,0.200000,
-24.155743,-15.173678,16.613509,-27.820091,-18.376273,48.151742,-24.088225,-15.193109,16.595825,-24.155743,-15.173677,16.613509,0.200000,
-24.155743,-15.173678,16.613509,-27.820091,-18.376273,48.151742,-24.315746,-15.127536,16.655326,-24.155743,-15.173677,16.613509,0.200000,
-24.155743,-15.173678,16.613509,-27.820091,-18.376273,48.151742,-24.088225,-15.193109,16.595825,-24.155743,-15.173677,16.613509,0.200000,
-24.155743,-15.173678,16.613509,-27.820091,-18.376273,48.151742,-24.315746,-15.127536,16.655326,-24.155743,-15.173677,16.613509,0.200000,
-24.155743,-15.173678,16.613509,-27.820091,-18.376273,48.151742,-24.088225,-15.193109,16.595825,-24.155743,-15.173677,16.613509,0.200000,
-24.155743,-15.173678,16.613509,-27.820091,-18.376273,48.151742,-24.315745,-15.127536,16.655326,-24.155743,-15.173677,16.613509,0.200000,
-24.155743,-15.173678,16.613509,-27.820091,-18.376273,48.151742,-24.088225,-15.193109,16.595825,-24.155743,-15.173677,16.613509,0.200000,
-24.155743,-15.173678,16.613509,-27.820091,-18.376273,48.151742,-24.315745,-15.127536,16.655326,-24.155743,-15.173677,16.613509,0.200000,
-24.155743,-15.173678,16.613509,-27.820091,-18.376273,48.151742,-24.088225,-15.193109,16.595825,-24.155743,-15.173677,16.613509,0.200000,
-24.155743,-15.173678,16.613509,-27.820091,-18.376273,48.151742,-24.315745,-15.127536,16.655326,-24.155743,-15.173677,16.613509,0.200000,
-24.155743,-15.173678,16.613509,-27.820091,-18.376273,48.151742,-24.088225,-15.193109,16.595825,-24.155743,-15.173677,16.613509,0.200000,
-24.155743,-15.173678,16.613509,-27.820091,-18.376273,48.151742,-24.315745,-15.127536,16.655326,-24.155743,-15.173677,16.613509,0.200000,
-24.155743,-15.173678,16.613509,-27.820091,-18.376273,48.151742,-24.088224,-15.193109,16.595825,-24.155743,-15.173677,16.613509,0.200000,
-24.155743,-15.173678,16.613509,-27.820091,-18.376273,48.151742,-24.315745,-15.127536,16.655326,-24.155743,-15.173677,16.613509,0.200000,
-24.155743,-15.173678,16.613509,-27.820091,-18.376273,48.151742,-24.088224,-15.193109,16.595825,-24.155743,-15.173677,16.613509,0.200000,
-24.155743,-15.173678,16.613509,-27.820091,-18.376273,48.151742,-24.315744,-15.127536,16.655326,-24.155743,-15.173677,16.613509,0.200000,
-24.155743,-15.173678,16.613509,-27.820091,-18.376273,48.151742,-24.088224,-15.193109,16.595825,-24.155743,-15.173677,16.613509,0.200000,
-24.155743,-15.173678,16.613509,-27.820091,-18.376273,48.151742,-24.315744,-15.127536,16.655326,-24.155743,-15.173677,16.613509,0.200000,
-24.155743,-15.173678,16.613509,-27.820091,-18.376273,48.151742,-24.088224,-15.193109,16.595825,-24.155743,-15.173677,16.613509,0.200000,
-24.155743,-15.173678,16.613509,-27.820091,-18.376273,48.151742,-24.315744,-15.127536,16.655326,-24.155743,-15.173677,16.613509,0.200000,
-24.155743,-15.173678,16.613509,-27.820091,-18.376273,48.151742,-24.088224,-15.193109,16.595825,-24.155743,-15.173677,16.613509,0.200000,
-24.155743,-15.173678,16.613509,-27.820091,-18.376273,48.151742,-24.315744,-15.127536,16.655326,-24.155743,-15.173677,16.613509,0.200000,
-24.155743,-15.173678,16.613509,-27.820091,-18.376273,48.151742,-24.088223,-15.193109,16.595825,-24.155743,-15.173677,16.613509,0.200000,
-24.155743,-15.173678,16.613509,-27.820091,-18.376273,48.151742,-24.315744,-15.127536,16.655326,-24.155743,-15.173677,16.613509,0.200000,
-24.155743,-15.173678,16.613509,-27.820091,-18.376273,48.151742,-24.088223,-15.193109,16.595824,-24.155743,-15.173677,16.613509,0.200000,
-24.155743,-15.173678,16.613509,-27.820091,-18.376273,48.151742,-24.315744,-15.127536,16.655326,-24.155743,-15.173677,16.613509,0.200000,
-24.155743,-15.173678,16.613509,-27.820091,-18.376273,48.151742,-24.088223,-15.193109,16.595824,-24.155743,-15.173677,16.613509,0.200000,
-24.155743,-15.173678,16.613509,-27.820091,-18.376273,48.151742,-24.315743,-15.127536,16.655326,-24.155743,-15.173677,16.613509,0.200000,
-24.155743,-15.173678,16.613509,-27.820091,-18.376273,48.151742,-24.088223,-15.193110,16.595824,-24.155743,-15.173677,16.613509,0.200000,
-24.155743,-15.173678,16.613509,-27.820091,-18.376273,48.151742,-24.315743,-15.127536,16.655326,-24.155743,-15.173677,16.613509,0.200000,
-24.155743,-15.173678,16.613509,-27.820091,-18.376273,48.151742,-24.088223,-15.193110,16.595824,-24.155743,-15.173677,16.613509,0.200000,
-24.155743,-15.173678,16.613509,-27.820091,-18.376273,48.151742,-24.315743,-15.127537,16.655326,-24.155743,-15.173677,16.613509,0.200000,
-24.155743,-15.173678,16.613509,-27.820091,-18.376273,48.151742,-24.088223,-15.193110,16.595824,-24.155743,-15.173677,16.613509,0.200000,
-24.155743,-15.173678,16.613509,-27.820091,-18.376273,48.151742,-24.315743,-15.127537,16.655326,-24.155743,-15.173677,16.613509,0.200000,
-24.155743,-15.173678,16.613509,-27.820091,-18.376273,48.151742,-24.088222,-15.193110,16.595824,-24.155743,-15.173677,16.613509,0.200000,
-24.155743,-15.173678,16.613509,-27.820091,-18.376273,48.151742,-24.315743,-15.127537,16.655326,-24.155743,-15.173677,16.613509,0.200000,
-24.155743,-15.173678,16.613509,-27.820091,-18.376273,48.151742,-24.088222,-15.193110,16.595824,-24.155743,-15.173677,16.613509,0.200000,
-24.155743,-15.173678,16.613509,-27.820091,-18.376273,48.151742,-24.315742,-15.127537,16.655326,-24.155743,-15.173677,16.613509,0.200000,
-24.155743,-15.173678,16.613509,-27.820091,-18.376273,48.151742,-24.088222,-15.193110,16.595824,-24.155743,-15.173677,16.613509,0.200000,
-24.155743,-15.173678,16.613509,-27.820091,-18.376273,48.151742,-24.315742,-15.127537,16.655325,-24.155743,-15.173677,16.613509,0.200000,
-24.155743,-15.173678,16.613509,-27.820091,-18.376273,48.151742,-24.088222,-15.193110,16.595824,-24.155743,-15.173677,16.613509,0.200000,
-24.155743,-15.173678,16.613509,-27.820091,-18.376273,48.151742,-24.315742,-15.127537,16.655325,-24.155743,-15.173677,16.613509,0.200000,
-24.155743,-15.173678,16.613509,-27.820091,-18.376273,48.151742,-24.088222,-15.193110,16.595824,-24.155743,-15.173677,16.613509,0.200000,
-24.155743,-15.173678,16.613509,-27.820091,-18.376273,48.151742,-24.315742,-15.127537,16.655325,-24.155743,-15.173677,16.613509,0.200000,
-24.155743,-15.173678,16.613509,-27.820091,-18.376273,48.151742,-24.088221,-15.193110,16.595824,-24.155743,-15.173677,16.613509,0.200000,
-24.155743,-15.173678,16.613509,-27.820091,-18.376273,48.151742,-24.315742,-15.127537,16.655325,-24.155743,-15.173677,16.613509,0.200000,
-24.155743,-15.173678,16.613509,-27.820091,-18.376273,48.151742,-24.088221,-15.193110,16.595824,-24.155743,-15.173677,16.613509,0.200000,
-24.155743,-15.173678,16.613509,-27.820091,-18.376273,48.151742,-24.315741,-15.127537,16.655325,-24.155743,-15.173677,16.613509,0.200000,
-24.155743,-15.173678,16.613509,-27.820091,-18.376273,48.151742,-24.088221,-15.193110,16.595824,-24.155743,-15.173677,16.613509,0.200000,
-24.155743,-15.173678,16.613509,-27.820091,-18.376273,48.151742,-24.315741,-15.127537,16.655325,-24.155743,-15.173677,16.613509,0.200000,
-24.155743,-15.173678,16.613509,-27.820091,-18.376273,48.151742,-24.088221,-15.193110,16.595824,-24.155743,-15.173677,16.613509,0.200000,
-24.155743,-15.173678,16.613509,-27.820091,-18.376273,48.151742,-24.315741,-15.127537,16.655325,-24.155743,-15.173677,16.613509,0.200000,
-24.155743,-15.173678,16.613509,-27.820091,-18.376273,48.151742,-24.088221,-15.193110,16.595824,-24.155743,-15.173677,16.613509,0.200000,
-24.155743,-15.173678,16.613509,-27.820091,-18.376273,48.151742,-24.315741,-15.127537,16.655325,-24.155743,-15.173677,16.613509,0.200000,
-24.155743,-15.173678,16.613509,-27.820091,-18.376273,48.151742,-24.088221,-15.193110,16.595824,-24.155743,-15.173677,16.613509,0.200000,
-24.155743,-15.173678,16.613509,-27.820091,-18.376273,48.151742,-24.315741,-15.127537,16.655325,-24.155743,-15.173677,16.613509,0.200000,
-24.155743,-15.173678,16.613509,-27.820091,-18.376273,48.151742,-24.088220,-15.193110,16.595824,-24.155743,-15.173677,16.613509,0.200000,
-24.155743,-15.173678,16.613509,-27.820091,-18.376273,48.151742,-24.315741,-15.127537,16.655325,-24.155743,-15.173677,16.613509,0.200000,
-24.155743,-15.173678,16.613509,-27.820091,-18.376273,48.151742,-24.088220,-15.193110,16.595824,-24.155743,-15.173677,16.613509,0.200000,
-24.155743,-15.173678,16.613509,-27.820091,-18.376273,48.151742,-24.315740,-15.127537,16.655325,-24.155743,-15.173677,16.613509,0.200000,
-24.155743,-15.173678,16.613509,-27.820091,-18.376273,48.151742,-24.088220,-15.193110,16.595824,-24.155743,-15.173677,16.613509,0.200000,
-24.155743,-15.173678,16.613509,-27.820091,-18.376273,48.151742,-24.315740,-15.127537,16.655325,-24.155743,-15.173677,16.613509,0.200000,
-24.155743,-15.173678,16.613509,-27.820091,-18.376273,48.151742,-24.088220,-15.193110,16.595824,-24.155743,-15.173677,16.613509,0.200000,
-24.155743,-15.173678,16.613509,-27.820091,-18.376273,48.151742,-24.315740,-15.127537,16.655325,-24.155743,-15.173677,16.613509,0.200000,
-24.155743,-15.173678,16.613509,-27.820091,-18.376273,48.151742,-24.088220,-15.193111,16.595823,-24.155743,-15.173677,16.613509,0.200000,
-24.155743,-15.173678,16.613509,-27.820091,-18.376273,48.151742,-24.315740,-15.127537,16.655325,-24.155743,-15.173677,16.613509,0.200000,
-24.155743,-15.173678,16.613509,-27.820091,-18.376273,48.151742,-24.088219,-15.193111,16.595823,-24.155743,-15.173677,16.613509,0.200000,
-24.155743,-15.173678,16.613509,-27.820091,-18.376273,48.151742,-24.315740,-15.127538,16.655325,-24.155743,-15.173677,16.613509,0.200000,
-24.155743,-15.173678,16.613509,-27.820091,-18.376273,48.151742,-24.088219,-15.193111,16.595823,-24.155743,-15.173677,16.613509,0.200000,
-24.155743,-15.173678,16.613509,-27.820091,-18.376273,48.151742,-24.315739,-15.127538,16.655325,-24.155743,-15.173677,16.613509,0.200000,
-24.155743,-15.173678,16.613509,-27.820091,-18.376273,48.151742,-24.088219,-15.193111,16.595823,-24.155743,-15.173677,16.613509,0.200000,
-24.155743,-15.173678,16.613509,-27.820091,-18.376273,48.151742,-24.315739,-15.127538,16.655325,-24.155743,-15.173677,16.613509,0.200000,
-24.155743,-15.173678,16.613509,-27.820091,-18.376273,48.151742,-24.088219,-15.193111,16.595823,-24.155743,-15.173677,16.613509,0.200000,
-24.155743,-15.173678,16.613509,-27.820091,-18.376273,48.151742,-24.315739,-15.127538,16.655325,-24.155743,-15.173677,16.613509,0.200000,
-24.155743,-15.173678,16.613509,-27.820091,-18.376273,48.151742,-24.088219,-15.193111,16.595823,-24.155743,-15.173677,16.613509,0.200000,
-24.155743,-15.173678,16.613509,-27.820091,-18.376273,48.151742,-24.315739,-15.127538,16.655325,-24.155743,-15.173677,16.613509,0.200000,
-24.155743,-15.173678,16.613509,-27.820091,-18.376273,48.151742,-24.088218,-15.193111,16.595823,-24.155743,-15.173677,16.613509,0.200000,
-24.155743,-15.173678,16.613509,-27.820091,-18.376273,48.151742,-24.315739,-15.127538,16.655325,-24.155743,-15.173677,16.613509,0.200000,
-24.155743,-15.173678,16.613509,-27.820091,-18.376273,48.151742,-24.088218,-15.193111,16.595823,-24.155743,-15.173677,16.613509,0.200000,
-24.155743,-15.173678,16.613509,-27.820091,-18.376273,48.151742,-24.315739,-15.127538,16.655325,-24.155743,-15.173677,16.613509,0.200000,
-24.155743,-15.173678,16.613509,-27.820091,-18.376273,48.151742,-24.088218,-15.193111,16.595823,-24.155743,-15.173677,16.613509,0.200000,
-24.155743,-15.173678,16.613509,-27.820091,-18.376273,48.151742,-24.315738,-15.127538,16.655324,-24.155743,-15.173677,16.613509,0.200000,
-24.155743,-15.173678,16.613509,-27.820091,-18.376273,48.151742,-24.088218,-15.193111,16.595823,-24.155743,-15.173677,16.613509,0.200000,
-24.155743,-15.173678,16.613509,-27.820091,-18.376273,48.151742,-24.315738,-15.127538,16.655324,-24.155743,-15.173677,16.613509,0.200000,
-24.155743,-15.173678,16.613509,-27.820091,-18.376273,48.151742,-24.088218,-15.193111,16.595823,-24.155743,-15.173677,16.613509,0.200000,
-24.155743,-15.173678,16.613509,-27.820091,-18.376273,48.151742,-24.315738,-15.127538,16.655324,-24.155743,-15.173677,16.613509,0.200000,
-24.155743,-15.173678,16.613509,-27.820091,-18.376273,48.151742,-24.088218,-15.193111,16.595823,-24.155743,-15.173677,16.613509,0.200000,
-24.155743,-15.173678,16.613509,-27.820091,-18.376273,48.151742,-24.315738,-15.127538,16.655324,-24.155743,-15.173677,16.613509,0.200000,
-24.155743,-15.173678,16.613509,-27.820091,-18.376273,48.151742,-24.088217,-15.193111,16.595823,-24.155743,-15.173677,16.613509,0.200000,
-24.155743,-15.173678,16.613509,-27.820091,-18.376273,48.151742,-24.315738,-15.127538,16.655324,-24.155743,-15.173677,16.613509,0.200000,
-24.155743,-15.173678,16.613509,-27.820091,-18.376273,48.151742,-24.088217,-15.193111,16.595823,-24.155743,-15.173677,16.613509,0.200000,
-24.155743,-15.173678,16.613509,-27.820091,-18.376273,48.151742,-24.315737,-15.127538,16.655324,-24.155743,-15.173677,16.613509,0.200000,
-24.155743,-15.173678,16.613509,-27.820091,-18.376273,48.151742,-24.088217,-15.193111,16.595823,-24.155743,-15.173677,16.613509,0.200000,
-24.155743,-15.173678,16.613509,-27.820091,-18.376273,48.151742,-24.315737,-15.127538,16.655324,-24.155743,-15.173677,16.613509,0.200000,
-24.155743,-15.173678,16.613509,-27.820091,-18.376273,48.151742,-24.088217,-15.193111,16.595823,-24.155743,-15.173677,16.613509,0.200000,
-24.155743,-15.173678,16.613509,-27.820091,-18.376273,48.151742,-24.315737,-15.127538,16.655324,-24.155743,-15.173677,16.613509,0.200000,
-24.155743,-15.173678,16.613509,-27.820091,-18.376273,48.151742,-24.088217,-15.193111,16.595823,-24.155743,-15.173677,16.613509,0.200000,
-24.155743,-15.173678,16.613509,-27.820091,-18.376273,48.151742,-24.315737,-15.127538,16.655324,-24.155743,-15.173677,16.613509,0.200000,
-24.155743,-15.173678,16.613509,-27.820091,-18.376273,48.151742,-24.088216,-15.193111,16.595823,-24.155743,-15.173677,16.613509,0.200000,
-24.155743,-15.173678,16.613509,-27.820091,-18.376273,48.151742,-24.315737,-15.127538,16.655324,-24.155743,-15.173677,16.613509,0.200000,
-24.155743,-15.173678,16.613509,-27.820091,-18.376273,48.151742,-24.088216,-15.193111,16.595823,-24.155743,-15.173677,16.613509,0.200000,
-24.155743,-15.173678,16.613509,-27.820091,-18.376273,48.151742,-24.315736,-15.127538,16.655324,-24.155743,-15.173677,16.613509,0.200000,
-24.155743,-15.173678,16.613509,-27.820091,-18.376273,48.151742,-24.088216,-15.193112,16.595823,-24.155743,-15.173677,16.613509,0.200000,
-24.155743,-15.173678,16.613509,-27.820091,-18.376273,48.151742,-24.315736,-15.127538,16.655324,-24.155743,-15.173677,16.613509,0.200000,
-24.155743,-15.173678,16.613509,-27.820091,-18.376273,48.151742,-24.088216,-15.193112,16.595823,-24.155743,-15.173677,16.613509,0.200000,
-24.155743,-15.173678,16.613509,-27.820091,-18.376273,48.151742,-24.315736,-15.127539,16.655324,-24.155743,-15.173677,16.613509,0.200000,
-24.155743,-15.173678,16.613509,-27.820091,-18.376273,48.151742,-24.088216,-15.193112,16.595822,-24.155743,-15.173677,16.613509,0.200000,
-24.155743,-15.173678,16.613509,-27.820091,-18.376273,48.151742,-24.315736,-15.127539,16.655324,-24.155743,-15.173677,16.613509,0.200000,
-24.155743,-15.173678,16.613509,-27.820091,-18.376273,48.151742,-24.088216,-15.193112,16.595822,-24.155743,-15.173677,16.613509,0.200000,
-24.155743,-15.173678,16.613509,-27.820091,-18.376273,48.151742,-24.315736,-15.127539,16.655324,-24.155743,-15.173677,16.613509,0.200000,
-24.155743,-15.173678,16.613509,-27.820091,-18.376273,48.151742,-24.088215,-15.193112,16.595822,-24.155743,-15.173677,16.613509,0.200000,
-24.155743,-15.173678,16.613509,-27.820091,-18.376273,48.151742,-24.315736,-15.127539,16.655324,-24.155743,-15.173677,16.613509,0.200000,
-24.155743,-15.173678,16.613509,-27.820091,-18.376273,48.151742,-24.088215,-15.193112,16.595822,-24.155743,-15.173677,16.613509,0.200000,
-24.155743,-15.173678,16.613509,-27.820091,-18.376273,48.151742,-24.315735,-15.127539,16.655324,-24.155743,-15.173677,16.613509,0.200000,
-24.155743,-15.173678,16.613509,-27.820091,-18.376273,48.151742,-24.088215,-15.193112,16.595822,-24.155743,-15.173677,16.613509,0.200000,
-24.155743,-15.173678,16.613509,-27.820091,-18.376273,48.151742,-24.315735,-15.127539,16.655324,-24.155743,-15.173677,16.613509,0.200000,
-24.155743,-15.173678,16.613509,-27.820091,-18.376273,48.151742,-24.088215,-15.193112,16.595822,-24.155743,-15.173677,16.613509,0.200000,
-24.155743,-15.173678,16.613509,-27.820091,-18.376273,48.151742,-24.315735,-15.127539,16.655324,-24.155743,-15.173677,16.613509,0.200000,
-24.155743,-15.173678,16.613509,-27.820091,-18.376273,48.151742,-24.088215,-15.193112,16.595822,-24.155743,-15.173677,16.613509,0.200000,
-24.155743,-15.173678,16.613509,-27.820091,-18.376273,48.151742,-24.315735,-15.127539,16.655324,-24.155743,-15.173677,16.613509,0.200000,
-24.155743,-15.173678,16.613509,-27.820091,-18.376273,48.151742,-24.088214,-15.193112,16.595822,-24.155743,-15.173677,16.613509,0.200000,
-24.155743,-15.173678,16.613509,-27.820091,-18.376273,48.151742,-24.315735,-15.127539,16.655324,-24.155743,-15.173677,16.613509,0.200000,
-24.155743,-15.173678,16.613509,-27.820091,-18.376273,48.151742,-24.088214,-15.193112,16.595822,-24.155743,-15.173677,16.613509,0.200000,
-24.155743,-15.173678,16.613509,-27.820091,-18.376273,48.151742,-24.315734,-15.127539,16.655323,-24.155743,-15.173677,16.613509,0.200000,
-24.155743,-15.173678,16.613509,-27.820091,-18.376273,48.151742,-24.088214,-15.193112,16.595822,-24.155743,-15.173677,16.613509,0.200000,
-24.155743,-15.173678,16.613509,-27.820091,-18.376273,48.151742,-24.315734,-15.127539,16.655323,-24.155743,-15.173677,16.613509,0.200000,
-24.155743,-15.173678,16.613509,-27.820091,-18.376273,48.151742,-24.088214,-15.193112,16.595822,-24.155743,-15.173677,16.613509,0.200000,
-24.155743,-15.173678,16.613509,-27.820091,-18.376273,48.151742,-24.315734,-15.127539,16.655323,-24.155743,-15.173677,16.613509,0.200000,
-24.155743,-15.173678,16.613509,-27.820091,-18.376273,48.151742,-24.088214,-15.193112,16.595822,-24.155743,-15.173677,16.613509,0.200000,
-24.155743,-15.173678,16.613509,-27.820091,-18.376273,48.151742,-24.315734,-15.127539,16.655323,-24.155743,-15.173677,16.613509,0.200000,
-24.155743,-15.173678,16.613509,-27.820091,-18.376273,48.151742,-24.088213,-15.193112,16.595822,-24.155743,-15.173677,16.613509,0.200000,
-24.155743,-15.173678,16.613509,-27.820091,-18.376273,48.151742,-24.315734,-15.127539,16.655323,-24.155743,-15.173677,16.613509,0.200000,
-24.155743,-15.173678,16.613509,-27.820091,-18.376273,48.151742,-24.088213,-15.193112,16.595822,-24.155743,-15.173677,16.613509,0.200000,
-24.155743,-15.173678,16.613509,-27.820091,-18.376273,48.151742,-24.315734,-15.127539,16.655323,-24.155743,-15.173677,16.613509,0.200000,
-24.155743,-15.173678,16.613509,-27.820091,-18.376273,48.151742,-24.088213,-15.193112,16.595822,-24.155743,-15.173677,16.613509,0.200000,
-24.155743,-15.173678,16.613509,-27.820091,-18.376273,48.151742,-24.315733,-15.127539,16.655323,-24.155743,-15.173677,16.613509,0.200000,
-24.155743,-15.173678,16.613509,-27.820091,-18.376273,48.151742,-24.088213,-15.193112,16.595822,-24.155743,-15.173677,16.613509,0.200000,
-24.155743,-15.173678,16.613509,-27.820091,-18.376273,48.151742,-24.315733,-15.127539,16.655323,-24.155743,-15.173677,16.613509,0.200000,
-24.155743,-15.173678,16.613509,-27.820091,-18.376273,48.151742,-24.088213,-15.193112,16.595822,-24.155743,-15.173677,16.613509,0.200000,
-24.155743,-15.173678,16.613509,-27.820091,-18.376273,48.151742,-24.315733,-15.127539,16.655323,-24.155743,-15.173677,16.613509,0.200000,
-24.155743,-15.173678,16.613509,-27.820091,-18.376273,48.151742,-24.088213,-15.193113,16.595822,-24.155743,-15.173677,16.613509,0.200000,
-24.155743,-15.173678,16.613509,-27.820091,-18.376273,48.151742,-24.315733,-15.127539,16.655323,-24.155743,-15.173677,16.613509,0.200000,
-24.155743,-15.173678,16.613509,-27.820091,-18.376273,48.151742,-24.088212,-15.193113,16.595822,-24.155743,-15.173677,16.613509,0.200000,
-24.155743,-15.173678,16.613509,-27.820091,-18.376273,48.151742,-24.315733,-15.127540,16.655323,-24.155743,-15.173677,16.613509,0.200000,
-24.155743,-15.173678,16.613509,-27.820091,-18.376273,48.151742,-24.088212,-15.193113,16.595822,-24.155743,-15.173677,16.613509,0.200000,
-24.155743,-15.173678,16.613509,-27.820091,-18.376273,48.151742,-24.315732,-15.127540,16.655323,-24.155743,-15.173677,16.613509,0.200000,
-24.155743,-15.173678,16.613509,-27.820091,-18.376273,48.151742,-24.088212,-15.193113,16.595822,-24.155743,-15.173677,16.613509,0.200000,
-24.155743,-15.173678,16.613509,-27.820091,-18.376273,48.151742,-24.315732,-15.127540,16.655323,-24.155743,-15.173677,16.613509,0.200000,
-24.155743,-15.173678,16.613509,-27.820091,-18.376273,48.151742,-24.088212,-15.193113,16.595821,-24.155743,-15.173677,16.613509,0.200000,
-24.155743,-15.173678,16.613509,-27.820091,-18.376273,48.151742,-24.315732,-15.127540,16.655323,-24.155743,-15.173677,16.613509,0.200000,
-24.155743,-15.173678,16.613509,-27.820091,-18.376273,48.151742,-24.088212,-15.193113,16.595821,-24.155743,-15.173677,16.613509,0.200000,
-24.155743,-15.173678,16.613509,-27.820091,-18.376273,48.151742,-24.315732,-15.127540,16.655323,-24.155743,-15.173677,16.613509,0.200000,
-24.155743,-15.173678,16.613509,-27.820091,-18.376273,48.151742,-24.088211,-15.193113,16.595821,-24.155743,-15.173677,16.613509,0.200000,
-24.155743,-15.173678,16.613509,-27.820091,-18.376273,48.151742,-24.315732,-15.127540,16.655323,-24.155743,-15.173677,16.613509,0.200000,
-24.155743,-15.173678,16.613509,-27.820091,-18.376273,48.151742,-24.088211,-15.193113,16.595821,-24.155743,-15.173677,16.613509,0.200000,
-24.155743,-15.173678,16.613509,-27.820091,-18.376273,48.151742,-24.315731,-15.127540,16.655323,-24.155743,-15.173677,16.613509,0.200000,
-24.155743,-15.173678,16.613509,-27.820091,-18.376273,48.151742,-24.088211,-15.193113,16.595821,-24.155743,-15.173677,16.613509,0.200000,
-24.155743,-15.173678,16.613509,-27.820091,-18.376273,48.151742,-24.315731,-15.127540,16.655323,-24.155743,-15.173677,16.613509,0.200000,
-24.155743,-15.173678,16.613509,-27.820091,-18.376273,48.151742,-24.088211,-15.193113,16.595821,-24.155743,-15.173677,16.613509,0.200000,
-24.155743,-15.173678,16.613509,-27.820091,-18.376273,48.151742,-24.315731,-15.127540,16.655323,-24.155743,-15.173677,16.613509,0.200000,
-24.155743,-15.173678,16.613509,-27.820091,-18.376273,48.151742,-24.088211,-15.193113,16.595821,-24.155743,-15.173677,16.613509,0.200000,
-24.155743,-15.173678,16.613509,-27.820091,-18.376273,48.151742,-24.315731,-15.127540,16.655323,-24.155743,-15.173677,16.613509,0.200000,
-24.155743,-15.173678,16.613509,-27.820091,-18.376273,48.151742,-24.088211,-15.193113,16.595821,-24.155743,-15.173677,16.613509,0.200000,
-24.155743,-15.173678,16.613509,-27.820091,-18.376273,48.151742,-24.315731,-15.127540,16.655323,-24.155743,-15.173677,16.613509,0.200000,
-24.155743,-15.173678,16.613509,-27.820091,-18.376273,48.151742,-24.088210,-15.193113,16.595821,-24.155743,-15.173677,16.613509,0.200000,
-24.155743,-15.173678,16.613509,-27.820091,-18.376273,48.151742,-24.315731,-15.127540,16.655322,-24.155743,-15.173677,16.613509,0.200000,
-24.155743,-15.173678,16.613509,-27.820091,-18.376273,48.151742,-24.088210,-15.193113,16.595821,-24.155743,-15.173677,16.613509,0.200000,
-24.155743,-15.173678,16.613509,-27.820091,-18.376273,48.151742,-24.315730,-15.127540,16.655322,-24.155743,-15.173677,16.613509,0.200000,
-24.155743,-15.173678,16.613509,-27.820091,-18.376273,48.151742,-24.088210,-15.193113,16.595821,-24.155743,-15.173677,16.613509,0.200000,
-24.155743,-15.173678,16.613509,-27.820091,-18.376273,48.151742,-24.315730,-15.127540,16.655322,-24.155743,-15.173677,16.613509,0.200000,
-24.155743,-15.173678,16.613509,-27.820091,-18.376273,48.151742,-24.088210,-15.193113,16.595821,-24.155743,-15.173677,16.613509,0.200000,
-24.155743,-15.173678,16.613509,-27.820091,-18.376273,48.151742,-24.315730,-15.127540,16.655322,-24.155743,-15.173677,16.613509,0.200000,
-24.155743,-15.173678,16.613509,-27.820091,-18.376273,48.151742,-24.088210,-15.193113,16.595821,-24.155743,-15.173677,16.613509,0.200000,
-24.155743,-15.173678,16.613509,-27.820091,-18.376273,48.151742,-24.315730,-15.127540,16.655322,-24.155743,-15.173677,16.613509,0.200000,
-24.155743,-15.173678,16.613509,-27.820091,-18.376273,48.151742,-24.088209,-15.193113,16.595821,-24.155743,-15.173677,16.613509,0.200000,
-24.155743,-15.173678,16.613509,-27.820091,-18.376273,48.151742,-24.315730,-15.127540,16.655322,-24.155743,-15.173677,16.613509,0.200000,
-24.155743,-15.173678,16.613509,-27.820091,-18.376273,48.151742,-24.088209,-15.193113,16.595821,-24.155743,-15.173677,16.613509,0.200000,
-24.155743,-15.173678,16.613509,-27.820091,-18.376273,48.151742,-24.315729,-15.127540,16.655322,-24.155743,-15.173677,16.613509,0.200000,
-24.155743,-15.173678,16.613509,-27.820091,-18.376273,48.151742,-24.088209,-15.193114,16.595821,-24.155743,-15.173677,16.613509,0.200000,
-24.155743,-15.173678,16.613509,-27.820091,-18.376273,48.151742,-24.315729,-15.127540,16.655322,-24.155743,-15.173677,16.613509,0.200000,
-24.155743,-15.173678,16.613509,-27.820091,-18.376273,48.151742,-24.088209,-15.193114,16.595821,-24.155743,-15.173677,16.613509,0.200000,
-24.155743,-15.173678,16.613509,-27.820091,-18.376273,48.151742,-24.315729,-15.127541,16.655322,-24.155743,-15.173677,16.613509,0.200000,
-24.155743,-15.173678,16.613509,-27.820091,-18.376273,48.151742,-24.088209,-15.193114,16.595821,-24.155743,-15.173677,16.613509,0.200000,
-24.155743,-15.173678,16.613509,-27.820091,-18.376273,48.151742,-24.315729,-15.127541,16.655322,-24.155743,-15.173677,16.613509,0.200000,
-24.155743,-15.173678,16.613509,-27.820091,-18.376273,48.151742,-24.088208,-15.193114,16.595821,-24.155743,-15.173677,16.613509,0.200000,
-24.155743,-15.173678,16.613509,-27.820091,-18.376273,48.151742,-24.315729,-15.127541,16.655322,-24.155743,-15.173677,16.613509,0.200000,
-24.155743,-15.173678,16.613509,-27.820091,-18.376273,48.151742,-24.088208,-15.193114,16.595821,-24.155743,-15.173677,16.613509,0.200000,
-24.155743,-15.173678,16.613509,-27.820091,-18.376273,48.151742,-24.315729,-15.127541,16.655322,-24.155743,-15.173677,16.613509,0.200000,
-24.155743,-15.173678,16.613509,-27.820091,-18.376273,48.151742,-24.088208,-15.193114,16.595820,-24.155743,-15.173677,16.613509,0.200000,
-24.155743,-15.173678,16.613509,-27.820091,-18.376273,48.151742,-24.315728,-15.127541,16.655322,-24.155743,-15.173677,16.613509,0.200000,
-24.155743,-15.173678,16.613509,-27.820091,-18.376273,48.151742,-24.088208,-15.193114,16.595820,-24.155743,-15.173677,16.613509,0.200000,
-24.155743,-15.173678,16.613509,-27.820091,-18.376273,48.151742,-24.315728,-15.127541,16.655322,-24.155743,-15.173677,16.613509,0.200000,
-24.155743,-15.173678,16.613509,-27.820091,-18.376273,48.151742,-24.088208,-15.193114,16.595820,-24.155743,-15.173677,16.613509,0.200000,
-24.155743,-15.173678,16.613509,-27.820091,-18.376273,48.151742,-24.315728,-15.127541,16.655322,-24.155743,-15.173677,16.613509,0.200000,
-24.155743,-15.173678,16.613509,-27.820091,-18.376273,48.151742,-24.088208,-15.193114,16.595820,-24.155743,-15.173677,16.613509,0.200000,
-24.155743,-15.173678,16.613509,-27.820091,-18.376273,48.151742,-24.315728,-15.127541,16.655322,-24.155743,-15.173677,16.613509,0.200000,
-24.155743,-15.173678,16.613509,-27.820091,-18.376273,48.151742,-24.088207,-15.193114,16.595820,-24.155743,-15.173677,16.613509,0.200000,
-24.155743,-15.173678,16.613509,-27.820091,-18.376273,48.151742,-24.315728,-15.127541,16.655322,-24.155743,-15.173677,16.613509,0.200000,
-24.155743,-15.173678,16.613509,-27.820091,-18.376273,48.151742,-24.088207,-15.193114,16.595820,-24.155743,-15.173677,16.613509,0.200000,
-24.155743,-15.173678,16.613509,-27.820091,-18.376273,48.151742,-24.315727,-15.127541,16.655322,-24.155743,-15.173677,16.613509,0.200000,
-24.155743,-15.173678,16.613509,-27.820091,-18.376273,48.151742,-24.088207,-15.193114,16.595820,-24.155743,-15.173677,16.613509,0.200000,
-24.155743,-15.173678,16.613509,-27.820091,-18.376273,48.151742,-24.315727,-15.127541,16.655322,-24.155743,-15.173677,16.613509,0.200000,
-24.155743,-15.173678,16.613509,-27.820091,-18.376273,48.151742,-24.088207,-15.193114,16.595820,-24.155743,-15.173677,16.613509,0.200000,
-24.155743,-15.173678,16.613509,-27.820091,-18.376273,48.151742,-24.315727,-15.127541,16.655322,-24.155743,-15.173677,16.613509,0.200000,
-24.155743,-15.173678,16.613509,-27.820091,-18.376273,48.151742,-24.088207,-15.193114,16.595820,-24.155743,-15.173677,16.613509,0.200000,
-24.155743,-15.173678,16.613509,-27.820091,-18.376273,48.151742,-24.315727,-15.127541,16.655321,-24.155743,-15.173677,16.613509,0.200000,
-24.155743,-15.173678,16.613509,-27.820091,-18.376273,48.151742,-24.088206,-15.193114,16.595820,-24.155743,-15.173677,16.613509,0.200000,
-24.155743,-15.173678,16.613509,-27.820091,-18.376273,48.151742,-24.315727,-15.127541,16.655321,-24.155743,-15.173677,16.613509,0.200000,
-24.155743,-15.173678,16.613509,-27.820091,-18.376273,48.151742,-24.088206,-15.193114,16.595820,-24.155743,-15.173677,16.613509,0.200000,
-24.155743,-15.173678,16.613509,-27.820091,-18.376273,48.151742,-24.315726,-15.127541,16.655321,-24.155743,-15.173677,16.613509,0.200000,
-24.155743,-15.173678,16.613509,-27.820091,-18.376273,48.151742,-24.088206,-15.193114,16.595820,-24.155743,-15.173677,16.613509,0.200000,
-24.155743,-15.173678,16.613509,-27.820091,-18.376273,48.151742,-24.315726,-15.127541,16.655321,-24.155743,-15.173677,16.613509,0.200000,
-24.155743,-15.173678,16.613509,-27.820091,-18.376273,48.151742,-24.088206,-15.193114,16.595820,-24.155743,-15.173677,16.613509,0.200000,
-24.155743,-15.173678,16.613509,-27.820091,-18.376273,48.151742,-24.315726,-15.127541,16.655321,-24.155743,-15.173677,16.613509,0.200000,
-24.155743,-15.173678,16.613509,-27.820091,-18.376273,48.151742,-24.088206,-15.193114,16.595820,-24.155743,-15.173677,16.613509,0.200000,
-24.155743,-15.173678,16.613509,-27.820091,-18.376273,48.151742,-24.315726,-15.127541,16.655321,-24.155743,-15.173677,16.613509,0.200000,
-24.155743,-15.173678,16.613509,-27.820091,-18.376273,48.151742,-24.088206,-15.193115,16.595820,-24.155743,-15.173677,16.613509,0.200000,
-24.155743,-15.173678,16.613509,-27.820091,-18.376273,48.151742,-24.315726,-15.127542,16.655321,-24.155743,-15.173677,16.613509,0.200000,
-24.155743,-15.173678,16.613509,-27.820091,-18.376273,48.151742,-24.088205,-15.193115,16.595820,-24.155743,-15.173677,16.613509,0.200000,
-24.155743,-15.173678,16.613509,-27.820091,-18.376273,48.151742,-24.315726,-15.127542,16.655321,-24.155743,-15.173677,16.613509,0.200000,
-24.155743,-15.173678,16.613509,-27.820091,-18.376273,48.151742,-24.088205,-15.193115,16.595820,-24.155743,-15.173677,16.613509,0.200000,
-24.155743,-15.173678,16.613509,-27.820091,-18.376273,48.151742,-24.315725,-15.127542,16.655321,-24.155743,-15.173677,16.613509,0.200000,
-24.155743,-15.173678,16.613509,-27.820091,-18.376273,48.151742,-24.088205,-15.193115,16.595820,-24.155743,-15.173677,16.613509,0.200000,
-24.155743,-15.173678,16.613509,-27.820091,-18.376273,48.151742,-24.315725,-15.127542,16.655321,-24.155743,-15.173677,16.613509,0.200000,
-24.155743,-15.173678,16.613509,-27.820091,-18.376273,48.151742,-24.088205,-15.193115,16.595820,-24.155743,-15.173677,16.613509,0.200000,
-24.155743,-15.173678,16.613509,-27.820091,-18.376273,48.151742,-24.315725,-15.127542,16.655321,-24.155743,-15.173677,16.613509,0.200000,
-24.155743,-15.173678,16.613509,-27.820091,-18.376273,48.151742,-24.088205,-15.193115,16.595820,-24.155743,-15.173677,16.613509,0.200000,
-24.155743,-15.173678,16.613509,-27.820091,-18.376273,48.151742,-24.315725,-15.127542,16.655321,-24.155743,-15.173677,16.613509,0.200000,
-24.155743,-15.173678,16.613509,-27.820091,-18.376273,48.151742,-24.088204,-15.193115,16.595820,-24.155743,-15.173677,16.613509,0.200000,
-24.155743,-15.173678,16.613509,-27.820091,-18.376273,48.151742,-24.315725,-15.127542,16.655321,-24.155743,-15.173677,16.613509,0.200000,
-24.155743,-15.173678,16.613509,-27.820091,-18.376273,48.151742,-24.088204,-15.193115,16.595819,-24.155743,-15.173677,16.613509,0.200000,
-24.155743,-15.173678,16.613509,-27.820091,-18.376273,48.151742,-24.315724,-15.127542,16.655321,-24.155743,-15.173677,16.613509,0.200000,
-24.155743,-15.173678,16.613509,-27.820091,-18.376273,48.151742,-24.088204,-15.193115,16.595819,-24.155743,-15.173677,16.613509,0.200000,
-24.155743,-15.173678,16.613509,-27.820091,-18.376273,48.151742,-24.315724,-15.127542,16.655321,-24.155743,-15.173677,16.613509,0.200000,
-24.155743,-15.173678,16.613509,-27.820091,-18.376273,48.151742,-24.088204,-15.193115,16.595819,-24.155743,-15.173677,16.613509,0.200000,
-24.155743,-15.173678,16.613509,-27.820091,-18.376273,48.151742,-24.315724,-15.127542,16.655321,-24.155743,-15.173677,16.613509,0.200000,
-24.155743,-15.173678,16.613509,-27.820091,-18.376273,48.151742,-24.088204,-15.193115,16.595819,-24.155743,-15.173677,16.613509,0.200000,
-24.155743,-15.173678,16.613509,-27.820091,-18.376273,48.151742,-24.315724,-15.127542,16.655321,-24.155743,-15.173677,16.613509,0.200000,
-24.155743,-15.173678,16.613509,-27.820091,-18.376273,48.151742,-24.088203,-15.193115,16.595819,-24.155743,-15.173677,16.613509,0.200000,
-24.155743,-15.173678,16.613509,-27.820091,-18.376273,48.151742,-24.315724,-15.127542,16.655321,-24.155743,-15.173677,16.613509,0.200000,
-24.155743,-15.173678,16.613509,-27.820091,-18.376273,48.151742,-24.088203,-15.193115,16.595819,-24.155743,-15.173677,16.613509,0.200000,
-24.155743,-15.173678,16.613509,-27.820091,-18.376273,48.151742,-24.315724,-15.127542,16.655321,-24.155743,-15.173677,16.613509,0.200000,
-24.155743,-15.173678,16.613509,-27.820091,-18.376273,48.151742,-24.088203,-15.193115,16.595819,-24.155743,-15.173677,16.613509,0.200000,
-24.155743,-15.173678,16.613509,-27.820091,-18.376273,48.151742,-24.315723,-15.127542,16.655321,-24.155743,-15.173677,16.613509,0.200000,
-24.155743,-15.173678,16.613509,-27.820091,-18.376273,48.151742,-24.088203,-15.193115,16.595819,-24.155743,-15.173677,16.613509,0.200000,
-24.155743,-15.173678,16.613509,-27.820091,-18.376273,48.151742,-24.315723,-15.127542,16.655321,-24.155743,-15.173677,16.613509,0.200000,
-24.155743,-15.173678,16.613509,-27.820091,-18.376273,48.151742,-24.088203,-15.193115,16.595819,-24.155743,-15.173677,16.613509,0.200000,
-24.155743,-15.173678,16.613509,-27.820091,-18.376273,48.151742,-24.315723,-15.127542,16.655320,-24.155743,-15.173677,16.613509,0.200000,
-24.155743,-15.173678,16.613509,-27.820091,-18.376273,48.151742,-24.088203,-15.193115,16.595819,-24.155743,-15.173677,16.613509,0.200000,
-24.155743,-15.173678,16.613509,-27.820091,-18.376273,48.151742,-24.315723,-15.127542,16.655320,-24.155743,-15.173677,16.613509,0.200000,
-24.155743,-15.173678,16.613509,-27.820091,-18.376273,48.151742,-24.088202,-15.193115,16.595819,-24.155743,-15.173677,16.613509,0.200000,
-24.155743,-15.173678,16.613509,-27.820091,-18.376273,48.151742,-24.315723,-15.127542,16.655320,-24.155743,-15.173677,16.613509,0.200000,
-24.155743,-15.173678,16.613509,-27.820091,-18.376273,48.151742,-24.088202,-15.193116,16.595819,-24.155743,-15.173677,16.613509,0.200000,
-24.155743,-15.173678,16.613509,-27.820091,-18.376273,48.151742,-24.315722,-15.127542,16.655320,-24.155743,-15.173677,16.613509,0.200000,
-24.155743,-15.173678,16.613509,-27.820091,-18.376273,48.151742,-24.088202,-15.193116,16.595819,-24.155743,-15.173677,16.613509,0.200000,
-24.155743,-15.173678,16.613509,-27.820091,-18.376273,48.151742,-24.315722,-15.127543,16.655320,-24.155743,-15.173677,16.613509,0.200000,
-24.155743,-15.173678,16.613509,-27.820091,-18.376273,48.151742,-24.088202,-15.193116,16.595819,-24.155743,-15.173677,16.613509,0.200000,
-24.155743,-15.173678,16.613509,-27.820091,-18.376273,48.151742,-24.315722,-15.127543,16.655320,-24.155743,-15.173677,16.613509,0.200000,
-24.155743,-15.173678,16.613509,-27.820091,-18.376273,48.151742,-24.088202,-15.193116,16.595819,-24.155743,-15.173677,16.613509,0.200000,
-24.155743,-15.173678,16.613509,-27.820091,-18.376273,48.151742,-24.315722,-15.127543,16.655320,-24.155743,-15.173677,16.613509,0.200000,
-24.155743,-15.173678,16.613509,-27.820091,-18.376273,48.151742,-24.088201,-15.193116,16.595819,-24.155743,-15.173677,16.613509,0.200000,
-24.155743,-15.173678,16.613509,-27.820091,-18.376273,48.151742,-24.315722,-15.127543,16.655320,-24.155743,-15.173677,16.613509,0.200000,
-24.155743,-15.173678,16.613509,-27.820091,-18.376273,48.151742,-24.088201,-15.193116,16.595819,-24.155743,-15.173677,16.613509,0.200000,
-24.155743,-15.173678,16.613509,-27.820091,-18.376273,48.151742,-24.315722,-15.127543,16.655320,-24.155743,-15.173677,16.613509,0.200000,
-24.155743,-15.173678,16.613509,-27.820091,-18.376273,48.151742,-24.088201,-15.193116,16.595819,-24.155743,-15.173677,16.613509,0.200000,
-24.155743,-15.173678,16.613509,-27.820091,-18.376273,48.151742,-24.315721,-15.127543,16.655320,-24.155743,-15.173677,16.613509,0.200000,
-24.155743,-15.173678,16.613509,-27.820091,-18.376273,48.151742,-24.088201,-15.193116,16.595819,-24.155743,-15.173677,16.613509,0.200000,
-24.155743,-15.173678,16.613509,-27.820091,-18.376273,48.151742,-24.315721,-15.127543,16.655320,-24.155743,-15.173677,16.613509,0.200000,
-24.155743,-15.173678,16.613509,-27.820091,-18.376273,48.151742,-24.088201,-15.193116,16.595819,-24.155743,-15.173677,16.613509,0.200000,
-24.155743,-15.173678,16.613509,-27.820091,-18.376273,48.151742,-24.315721,-15.127543,16.655320,-24.155743,-15.173677,16.613509,0.200000,
-24.155743,-15.173678,16.613509,-27.820091,-18.376273,48.151742,-24.088201,-15.193116,16.595819,-24.155743,-15.173677,16.613509,0.200000,
-24.155743,-15.173678,16.613509,-27.820091,-18.376273,48.151742,-24.315721,-15.127543,16.655320,-24.155743,-15.173677,16.613509,0.200000,
-24.155743,-15.173678,16.613509,-27.820091,-18.376273,48.151742,-24.088200,-15.193116,16.595818,-24.155743,-15.173677,16.613509,0.200000,
-24.155743,-15.173678,16.613509,-27.820091,-18.376273,48.151742,-24.315721,-15.127543,16.655320,-24.155743,-15.173677,16.613509,0.200000,
-24.155743,-15.173678,16.613509,-27.820091,-18.376273,48.151742,-24.088200,-15.193116,16.595818,-24.155743,-15.173677,16.613509,0.200000,
-24.155743,-15.173678,16.613509,-27.820091,-18.376273,48.151742,-24.315720,-15.127543,16.655320,-24.155743,-15.173677,16.613509,0.200000,
-24.155743,-15.173678,16.613509,-27.820091,-18.376273,48.151742,-24.088200,-15.193116,16.595818,-24.155743,-15.173677,16.613509,0.200000,
-24.155743,-15.173678,16.613509,-27.820091,-18.376273,48.151742,-24.315720,-15.127543,16.655320,-24.155743,-15.173677,16.613509,0.200000,
-24.155743,-15.173678,16.613509,-27.820091,-18.376273,48.151742,-24.088200,-15.193116,16.595818,-24.155743,-15.173677,16.613509,0.200000,
-24.155743,-15.173678,16.613509,-27.820091,-18.376273,48.151742,-24.315720,-15.127543,16.655320,-24.155743,-15.173677,16.613509,0.200000,
-24.155743,-15.173678,16.613509,-27.820091,-18.376273,48.151742,-24.088200,-15.193116,16.595818,-24.155743,-15.173677,16.613509,0.200000,
-24.155743,-15.173678,16.613509,-27.820091,-18.376273,48.151742,-24.315720,-15.127543,16.655320,-24.155743,-15.173677,16.613509,0.200000,
-24.155743,-15.173678,16.613509,-27.820091,-18.376273,48.151742,-24.088199,-15.193116,16.595818,-24.155743,-15.173677,16.613509,0.200000,
-24.155743,-15.173678,16.613509,-27.820091,-18.376273,48.151742,-24.315720,-15.127543,16.655320,-24.155743,-15.173677,16.613509,0.200000,
-24.155743,-15.173678,16.613509,-27.820091,-18.376273,48.151742,-24.088199,-15.193116,16.595818,-24.155743,-15.173677,16.613509,0.200000,
-24.155743,-15.173678,16.613509,-27.820091,-18.376273,48.151742,-24.315719,-15.127543,16.655320,-24.155743,-15.173677,16.613509,0.200000,
-24.155743,-15.173678,16.613509,-27.820091,-18.376273,48.151742,-24.088199,-15.193116,16.595818,-24.155743,-15.173677,16.613509,0.200000,
-24.155743,-15.173678,16.613509,-27.820091,-18.376273,48.151742,-24.315719,-15.127543,16.655320,-24.155743,-15.173677,16.613509,0.200000,
-24.155743,-15.173678,16.613509,-27.820091,-18.376273,48.151742,-24.088199,-15.193116,16.595818,-24.155743,-15.173677,16.613509,0.200000,
-24.155743,-15.173678,16.613509,-27.820091,-18.376273,48.151742,-24.315719,-15.127543,16.655319,-24.155743,-15.173677,16.613509,0.200000,
-24.155743,-15.173678,16.613509,-27.820091,-18.376273,48.151742,-24.088199,-15.193117,16.595818,-24.155743,-15.173677,16.613509,0.200000,
-24.155743,-15.173678,16.613509,-27.820091,-18.376273,48.151742,-24.315719,-15.127543,16.655319,-24.155743,-15.173677,16.613509,0.200000,
-24.155743,-15.173678,16.613509,-27.820091,-18.376273,48.151742,-24.088198,-15.193117,16.595818,-24.155743,-15.173677,16.613509,0.200000,
-24.155743,-15.173678,16.613509,-27.820091,-18.376273,48.151742,-24.315719,-15.127544,16.655319,-24.155743,-15.173677,16.613509,0.200000,
-24.155743,-15.173678,16.613509,-27.820091,-18.376273,48.151742,-24.088198,-15.193117,16.595818,-24.155743,-15.173677,16.613509,0.200000,
-24.155743,-15.173678,16.613509,-27.820091,-18.376273,48.151742,-24.315719,-15.127544,16.655319,-24.155743,-15.173677,16.613509,0.200000,
-24.155743,-15.173678,16.613509,-27.820091,-18.376273,48.151742,-24.088198,-15.193117,16.595818,-24.155743,-15.173677,16.613509,0.200000,
-24.155743,-15.173678,16.613509,-27.820091,-18.376273,48.151742,-24.315718,-15.127544,16.655319,-24.155743,-15.173677,16.613509,0.200000,
-24.155743,-15.173678,16.613509,-27.820091,-18.376273,48.151742,-24.088198,-15.193117,16.595818,-24.155743,-15.173677,16.613509,0.200000,
-24.155743,-15.173678,16.613509,-27.820091,-18.376273,48.151742,-24.315718,-15.127544,16.655319,-24.155743,-15.173677,16.613509,0.200000,
-24.155743,-15.173678,16.613509,-27.820091,-18.376273,48.151742,-24.088198,-15.193117,16.595818,-24.155743,-15.173677,16.613509,0.200000,
-24.155743,-15.173678,16.613509,-27.820091,-18.376273,48.151742,-24.315718,-15.127544,16.655319,-24.155743,-15.173677,16.613509,0.200000,
-24.155743,-15.173678,16.613509,-27.820091,-18.376273,48.151742,-24.088198,-15.193117,16.595818,-24.155743,-15.173677,16.613509,0.200000,
-24.155743,-15.173678,16.613509,-27.820091,-18.376273,48.151742,-24.315718,-15.127544,16.655319,-24.155743,-15.173677,16.613509,0.200000,
-24.155743,-15.173678,16.613509,-27.820091,-18.376273,48.151742,-24.088197,-15.193117,16.595818,-24.155743,-15.173677,16.613509,0.200000,
-24.155743,-15.173678,16.613509,-27.820091,-18.376273,48.151742,-24.315718,-15.127544,16.655319,-24.155743,-15.173677,16.613509,0.200000,
-24.155743,-15.173678,16.613509,-27.820091,-18.376273,48.151742,-24.088197,-15.193117,16.595818,-24.155743,-15.173677,16.613509,0.200000,
-24.155743,-15.173678,16.613509,-27.820091,-18.376273,48.151742,-24.315717,-15.127544,16.655319,-24.155743,-15.173677,16.613509,0.200000,
-24.155743,-15.173678,16.613509,-27.820091,-18.376273,48.151742,-24.088197,-15.193117,16.595818,-24.155743,-15.173677,16.613509,0.200000,
-24.155743,-15.173678,16.613509,-27.820091,-18.376273,48.151742,-24.315717,-15.127544,16.655319,-24.155743,-15.173677,16.613509,0.200000,
-24.155743,-15.173678,16.613509,-27.820091,-18.376273,48.151742,-24.088197,-15.193117,16.595818,-24.155743,-15.173677,16.613509,0.200000,
-24.155743,-15.173678,16.613509,-27.820091,-18.376273,48.151742,-24.315717,-15.127544,16.655319,-24.155743,-15.173677,16.613509,0.200000,
-24.155743,-15.173678,16.613509,-27.820091,-18.376273,48.151742,-24.088197,-15.193117,16.595817,-24.155743,-15.173677,16.613509,0.200000,
-24.155743,-15.173678,16.613509,-27.820091,-18.376273,48.151742,-24.315717,-15.127544,16.655319,-24.155743,-15.173677,16.613509,0.200000,
-24.155743,-15.173678,16.613509,-27.820091,-18.376273,48.151742,-24.088196,-15.193117,16.595817,-24.155743,-15.173677,16.613509,0.200000,
-24.155743,-15.173678,16.613509,-27.820091,-18.376273,48.151742,-24.315717,-15.127544,16.655319,-24.155743,-15.173677,16.613509,0.200000,
-24.155743,-15.173678,16.613509,-27.820091,-18.376273,48.151742,-24.088196,-15.193117,16.595817,-24.155743,-15.173677,16.613509,0.200000,
-24.155743,-15.173678,16.613509,-27.820091,-18.376273,48.151742,-24.315717,-15.127544,16.655319,-24.155743,-15.173677,16.613509,0.200000,
-24.155743,-15.173678,16.613509,-27.820091,-18.376273,48.151742,-24.088196,-15.193117,16.595817,-24.155743,-15.173677,16.613509,0.200000,
-24.155743,-15.173678,16.613509,-27.820091,-18.376273,48.151742,-24.315716,-15.127544,16.655319,-24.155743,-15.173677,16.613509,0.200000,
-24.155743,-15.173678,16.613509,-27.820091,-18.376273,48.151742,-24.088196,-15.193117,16.595817,-24.155743,-15.173677,16.613509,0.200000,
-24.155743,-15.173678,16.613509,-27.820091,-18.376273,48.151742,-24.315716,-15.127544,16.655319,-24.155743,-15.173677,16.613509,0.200000,
-24.155743,-15.173678,16.613509,-27.820091,-18.376273,48.151742,-24.088196,-15.193117,16.595817,-24.155743,-15.173677,16.613509,0.200000,
-24.155743,-15.173678,16.613509,-27.820091,-18.376273,48.151742,-24.315716,-15.127544,16.655319,-24.155743,-15.173677,16.613509,0.200000,
-24.155743,-15.173678,16.613509,-27.820091,-18.376273,48.151742,-24.088196,-15.193117,16.595817,-24.155743,-15.173677,16.613509,0.200000,
-24.155743,-15.173678,16.613509,-27.820091,-18.376273,48.151742,-24.315716,-15.127544,16.655319,-24.155743,-15.173677,16.613509,0.200000,
-24.155743,-15.173678,16.613509,-27.820091,-18.376273,48.151742,-24.088195,-15.193117,16.595817,-24.155743,-15.173677,16.613509,0.200000,
-24.155743,-15.173678,16.613509,-27.820091,-18.376273,48.151742,-24.315716,-15.127544,16.655319,-24.155743,-15.173677,16.613509,0.200000,
-24.155743,-15.173678,16.613509,-27.820091,-18.376273,48.151742,-24.088195,-15.193118,16.595817,-24.155743,-15.173677,16.613509,0.200000,
-24.155743,-15.173678,16.613509,-27.820091,-18.376273,48.151742,-24.315715,-15.127545,16.655319,-24.155743,-15.173677,16.613509,0.200000,
-24.155743,-15.173678,16.613509,-27.820091,-18.376273,48.151742,-24.088195,-15.193118,16.595817,-24.155743,-15.173677,16.613509,0.200000,
-24.155743,-15.173678,16.613509,-27.820091,-18.376273,48.151742,-24.315715,-15.127545,16.655318,-24.155743,-15.173677,16.613509,0.200000,
-24.155743,-15.173678,16.613509,-27.820091,-18.376273,48.151742,-24.088195,-15.193118,16.595817,-24.155743,-15.173677,16.613509,0.200000,
-24.155743,-15.173678,16.613509,-27.820091,-18.376273,48.151742,-24.315715,-15.127545,16.655318,-24.155743,-15.173677,16.613509,0.200000,
-24.155743,-15.173678,16.613509,-27.820091,-18.376273,48.151742,-24.088195,-15.193118,16.595817,-24.155743,-15.173677,16.613509,0.200000,
-24.155743,-15.173678,16.613509,-27.820091,-18.376273,48.151742,-24.315715,-15.127545,16.655318,-24.155743,-15.173677,16.613509,0.200000,
-24.155743,-15.173678,16.613509,-27.820091,-18.376273,48.151742,-24.088194,-15.193118,16.595817,-24.155743,-15.173677,16.613509,0.200000,
-24.155743,-15.173678,16.613509,-27.820091,-18.376273,48.151742,-24.315715,-15.127545,16.655318,-24.155743,-15.173677,16.613509,0.200000,
-24.155743,-15.173678,16.613509,-27.820091,-18.376273,48.151742,-24.088194,-15.193118,16.595817,-24.155743,-15.173677,16.613509,0.200000,
-24.155743,-15.173678,16.613509,-27.820091,-18.376273,48.151742,-24.315714,-15.127545,16.655318,-24.155743,-15.173677,16.613509,0.200000,
-24.155743,-15.173678,16.613509,-27.820091,-18.376273,48.151742,-24.088194,-15.193118,16.595817,-24.155743,-15.173677,16.613509,0.200000,
-24.155743,-15.173678,16.613509,-27.820091,-18.376273,48.151742,-24.315714,-15.127545,16.655318,-24.155743,-15.173677,16.613509,0.200000,
-24.155743,-15.173678,16.613509,-27.820091,-18.376273,48.151742,-24.088194,-15.193118,16.595817,-24.155743,-15.173677,16.613509,0.200000,
-24.155743,-15.173678,16.613509,-27.820091,-18.376273,48.151742,-24.315714,-15.127545,16.655318,-24.155743,-15.173677,16.613509,0.200000,
-24.155743,-15.173678,16.613509,-27.820091,-18.376273,48.151742,-24.088194,-15.193118,16.595817,-24.155743,-15.173677,16.613509,0.200000,
-24.155743,-15.173678,16.613509,-27.820091,-18.376273,48.151742,-24.315714,-15.127545,16.655318,-24.155743,-15.173677,16.613509,0.200000,
-24.155743,-15.173678,16.613509,-27.820091,-18.376273,48.151742,-24.088193,-15.193118,16.595817,-24.155743,-15.173677,16.613509,0.200000,
-24.155743,-15.173678,16.613509,-27.820091,-18.376273,48.151742,-24.315714,-15.127545,16.655318,-24.155743,-15.173677,16.613509,0.200000,
-24.155743,-15.173678,16.613509,-27.820091,-18.376273,48.151742,-24.088193,-15.193118,16.595817,-24.155743,-15.173677,16.613509,0.200000,
-24.155743,-15.173678,16.613509,-27.820091,-18.376273,48.151742,-24.315714,-15.127545,16.655318,-24.155743,-15.173677,16.613509,0.200000,
-24.155743,-15.173678,16.613509,-27.820091,-18.376273,48.151742,-24.088193,-15.193118,16.595817,-24.155743,-15.173677,16.613509,0.200000,
-24.155743,-15.173678,16.613509,-27.820091,-18.376273,48.151742,-24.315713,-15.127545,16.655318,-24.155743,-15.173677,16.613509,0.200000,
-24.155743,-15.173678,16.613509,-27.820091,-18.376273,48.151742,-24.088193,-15.193118,16.595817,-24.155743,-15.173677,16.613509,0.200000,
-24.155743,-15.173678,16.613509,-27.820091,-18.376273,48.151742,-24.315713,-15.127545,16.655318,-24.155743,-15.173677,16.613509,0.200000,
-24.155743,-15.173678,16.613509,-27.820091,-18.376273,48.151742,-24.088193,-15.193118,16.595816,-24.155743,-15.173677,16.613509,0.200000,
-24.155743,-15.173678,16.613509,-27.820091,-18.376273,48.151742,-24.315713,-15.127545,16.655318,-24.155743,-15.173677,16.613509,0.200000,
-24.155743,-15.173678,16.613509,-27.820091,-18.376273,48.151742,-24.088193,-15.193118,16.595816,-24.155743,-15.173677,16.613509,0.200000,
-24.155743,-15.173678,16.613509,-27.820091,-18.376273,48.151742,-24.315713,-15.127545,16.655318,-24.155743,-15.173677,16.613509,0.200000,
-24.155743,-15.173678,16.613509,-27.820091,-18.376273,48.151742,-24.088192,-15.193118,16.595816,-24.155743,-15.173677,16.613509,0.200000,
-24.155743,-15.173678,16.613509,-27.820091,-18.376273,48.151742,-24.315713,-15.127545,16.655318,-24.155743,-15.173677,16.613509,0.200000,
-24.155743,-15.173678,16.613509,-27.820091,-18.376273,48.151742,-24.088192,-15.193118,16.595816,-24.155743,-15.173677,16.613509,0.200000,
-24.155743,-15.173678,16.613509,-27.820091,-18.376273,48.151742,-24.315712,-15.127545,16.655318,-24.155743,-15.173677,16.613509,0.200000,
-24.155743,-15.173678,16.613509,-27.820091,-18.376273,48.151742,-24.088192,-15.193118,16.595816,-24.155743,-15.173677,16.613509,0.200000,
-24.155743,-15.173678,16.613509,-27.820091,-18.376273,48.151742,-24.315712,-15.127545,16.655318,-24.155743,-15.173677,16.613509,0.200000,
-24.155743,-15.173678,16.613509,-27.820091,-18.376273,48.151742,-24.088192,-15.193118,16.595816,-24.155743,-15.173677,16.613509,0.200000,
-24.155743,-15.173678,16.613509,-27.820091,-18.376273,48.151742,-24.315712,-15.127545,16.655318,-24.155743,-15.173677,16.613509,0.200000,
-24.155743,-15.173678,16.613509,-27.820091,-18.376273,48.151742,-24.088192,-15.193119,16.595816,-24.155743,-15.173677,16.613509,0.200000,
-24.155743,-15.173678,16.613509,-27.820091,-18.376273,48.151742,-24.315712,-15.127546,16.655318,-24.155743,-15.173677,16.613509,0.200000,
-24.155743,-15.173678,16.613509,-27.820091,-18.376273,48.151742,-24.088191,-15.193119,16.595816,-24.155743,-15.173677,16.613509,0.200000,
-24.155743,-15.173678,16.613509,-27.820091,-18.376273,48.151742,-24.315712,-15.127546,16.655318,-24.155743,-15.173677,16.613509,0.200000,
-24.155743,-15.173678,16.613509,-27.820091,-18.376273,48.151742,-24.088191,-15.193119,16.595816,-24.155743,-15.173677,16.613509,0.200000,
-24.155743,-15.173678,16.613509,-27.820091,-18.376273,48.151742,-24.315712,-15.127546,16.655317,-24.155743,-15.173677,16.613509,0.200000,
-24.155743,-15.173678,16.613509,-27.820091,-18.376273,48.151742,-24.088191,-15.193119,16.595816,-24.155743,-15.173677,16.613509,0.200000,
-24.155743,-15.173678,16.613509,-27.820091,-18.376273,48.151742,-24.315711,-15.127546,16.655317,-24.155743,-15.173677,16.613509,0.200000,
-24.155743,-15.173678,16.613509,-27.820091,-18.376273,48.151742,-24.088191,-15.193119,16.595816,-24.155743,-15.173677,16.613509,0.200000,
-24.155743,-15.173678,16.613509,-27.820091,-18.376273,48.151742,-24.315711,-15.127546,16.655317,-24.155743,-15.173677,16.613509,0.200000,
-24.155743,-15.173678,16.613509,-27.820091,-18.376273,48.151742,-24.088191,-15.193119,16.595816,-24.155743,-15.173677,16.613509,0.200000,
-24.155743,-15.173678,16.613509,-27.820091,-18.376273,48.151742,-24.315711,-15.127546,16.655317,-24.155743,-15.173677,16.613509,0.200000,
-24.155743,-15.173678,16.613509,-27.820091,-18.376273,48.151742,-24.088191,-15.193119,16.595816,-24.155743,-15.173677,16.613509,0.200000,
-24.155743,-15.173678,16.613509,-27.820091,-18.376273,48.151742,-24.315711,-15.127546,16.655317,-24.155743,-15.173677,16.613509,0.200000,
-24.155743,-15.173678,16.613509,-27.820091,-18.376273,48.151742,-24.088190,-15.193119,16.595816,-24.155743,-15.173677,16.613509,0.200000,
-24.155743,-15.173678,16.613509,-27.820091,-18.376273,48.151742,-24.315711,-15.127546,16.655317,-24.155743,-15.173677,16.613509,0.200000,
-24.155743,-15.173678,16.613509,-27.820091,-18.376273,48.151742,-24.088190,-15.193119,16.595816,-24.155743,-15.173677,16.613509,0.200000,
-24.155743,-15.173678,16.613509,-27.820091,-18.376273,48.151742,-24.315710,-15.127546,16.655317,-24.155743,-15.173677,16.613509,0.200000,
-24.155743,-15.173678,16.613509,-27.820091,-18.376273,48.151742,-24.088190,-15.193119,16.595816,-24.155743,-15.173677,16.613509,0.200000,
-24.155743,-15.173678,16.613509,-27.820091,-18.376273,48.151742,-24.315710,-15.127546,16.655317,-24.155743,-15.173677,16.613509,0.200000,
-24.155743,-15.173678,16.613509,-27.820091,-18.376273,48.151742,-24.088190,-15.193119,16.595816,-24.155743,-15.173677,16.613509,0.200000,
-24.155743,-15.173678,16.613509,-27.820091,-18.376273,48.151742,-24.315710,-15.127546,16.655317,-24.155743,-15.173677,16.613509,0.200000,
-24.155743,-15.173678,16.613509,-27.820091,-18.376273,48.151742,-24.088190,-15.193119,16.595816,-24.155743,-15.173677,16.613509,0.200000,
-24.155743,-15.173678,16.613509,-27.820091,-18.376273,48.151742,-24.315710,-15.127546,16.655317,-24.155743,-15.173677,16.613509,0.200000,
-24.155743,-15.173678,16.613509,-27.820091,-18.376273,48.151742,-24.088189,-15.193119,16.595816,-24.155743,-15.173677,16.613509,0.200000,
-24.155743,-15.173678,16.613509,-27.820091,-18.376273,48.151742,-24.315710,-15.127546,16.655317,-24.155743,-15.173677,16.613509,0.200000,
-24.155743,-15.173678,16.613509,-27.820091,-18.376273,48.151742,-24.088189,-15.193119,16.595816,-24.155743,-15.173677,16.613509,0.200000,
-24.155743,-15.173678,16.613509,-27.820091,-18.376273,48.151742,-24.315709,-15.127546,16.655317,-24.155743,-15.173677,16.613509,0.200000,
-24.155743,-15.173678,16.613509,-27.820091,-18.376273,48.151742,-24.088189,-15.193119,16.595815,-24.155743,-15.173677,16.613509,0.200000,
-24.155743,-15.173678,16.613509,-27.820091,-18.376273,48.151742,-24.315709,-15.127546,16.655317,-24.155743,-15.173677,16.613509,0.200000,
-24.155743,-15.173678,16.613509,-27.820091,-18.376273,48.151742,-24.088189,-15.193119,16.595815,-24.155743,-15.173677,16.613509,0.200000,
-24.155743,-15.173678,16.613509,-27.820091,-18.376273,48.151742,-24.315709,-15.127546,16.655317,-24.155743,-15.173677,16.613509,0.200000,
-24.155743,-15.173678,16.613509,-27.820091,-18.376273,48.151742,-24.088189,-15.193119,16.595815,-24.155743,-15.173677,16.613509,0.200000,
-24.155743,-15.173678,16.613509,-27.820091,-18.376273,48.151742,-24.315709,-15.127546,16.655317,-24.155743,-15.173677,16.613509,0.200000,
-24.155743,-15.173678,16.613509,-27.820091,-18.376273,48.151742,-24.088188,-15.193119,16.595815,-24.155743,-15.173677,16.613509,0.200000,
-24.155743,-15.173678,16.613509,-27.820091,-18.376273,48.151742,-24.315709,-15.127546,16.655317,-24.155743,-15.173677,16.613509,0.200000,
-24.155743,-15.173678,16.613509,-27.820091,-18.376273,48.151742,-24.088188,-15.193119,16.595815,-24.155743,-15.173677,16.613509,0.200000,
-24.155743,-15.173678,16.613509,-27.820091,-18.376273,48.151742,-24.315709,-15.127546,16.655317,-24.155743,-15.173677,16.613509,0.200000,
-24.155743,-15.173678,16.613509,-27.820091,-18.376273,48.151742,-24.088188,-15.193120,16.595815,-24.155743,-15.173677,16.613509,0.200000,
-24.155743,-15.173678,16.613509,-27.820091,-18.376273,48.151742,-24.315708,-15.127547,16.655317,-24.155743,-15.173677,16.613509,0.200000,
-24.155743,-15.173678,16.613509,-27.820091,-18.376273,48.151742,-24.088188,-15.193120,16.595815,-24.155743,-15.173677,16.613509,0.200000,
-24.155743,-15.173678,16.613509,-27.820091,-18.376273,48.151742,-24.315708,-15.127547,16.655317,-24.155743,-15.173677,16.613509,0.200000,
-24.155743,-15.173678,16.613509,-27.820091,-18.376273,48.151742,-24.088188,-15.193120,16.595815,-24.155743,-15.173677,16.613509,0.200000,
-24.155743,-15.173678,16.613509,-27.820091,-18.376273,48.151742,-24.315708,-15.127547,16.655317,-24.155743,-15.173677,16.613509,0.200000,
-24.155743,-15.173678,16.613509,-27.820091,-18.376273,48.151742,-24.088188,-15.193120,16.595815,-24.155743,-15.173677,16.613509,0.200000,
-24.155743,-15.173678,16.613509,-27.820091,-18.376273,48.151742,-24.315708,-15.127547,16.655317,-24.155743,-15.173677,16.613509,0.200000,
-24.155743,-15.173678,16.613509,-27.820091,-18.376273,48.151742,-24.088187,-15.193120,16.595815,-24.155743,-15.173677,16.613509,0.200000,
-24.155743,-15.173678,16.613509,-27.820091,-18.376273,48.151742,-24.315708,-15.127547,16.655316,-24.155743,-15.173677,16.613509,0.200000,
-24.155743,-15.173678,16.613509,-27.820091,-18.376273,48.151742,-24.088187,-15.193120,16.595815,-24.155743,-15.173677,16.613509,0.200000,
-24.155743,-15.173678,16.613509,-27.820091,-18.376273,48.151742,-24.315707,-15.127547,16.655316,-24.155743,-15.173677,16.613509,0.200000,
-24.155743,-15.173678,16.613509,-27.820091,-18.376273,48.151742,-24.088187,-15.193120,16.595815,-24.155743,-15.173677,16.613509,0.200000,
-24.155743,-15.173678,16.613509,-27.820091,-18.376273,48.151742,-24.315707,-15.127547,16.655316,-24.155743,-15.173677,16.613509,0.200000,
-24.155743,-15.173678,16.613509,-27.820091,-18.376273,48.151742,-24.088187,-15.193120,16.595815,-24.155743,-15.173677,16.613509,0.200000,
-24.155743,-15.173678,16.613509,-27.820091,-18.376273,48.151742,-24.315707,-15.127547,16.655316,-24.155743,-15.173677,16.613509,0.200000,
-24.155743,-15.173678,16.613509,-27.820091,-18.376273,48.151742,-24.088187,-15.193120,16.595815,-24.155743,-15.173677,16.613509,0.200000,
-24.155743,-15.173678,16.613509,-27.820091,-18.376273,48.151742,-24.315707,-15.127547,16.655316,-24.155743,-15.173677,16.613509,0.200000,
-24.155743,-15.173678,16.613509,-27.820091,-18.376273,48.151742,-24.088186,-15.193120,16.595815,-24.155743,-15.173677,16.613509,0.200000,
-24.155743,-15.173678,16.613509,-27.820091,-18.376273,48.151742,-24.315707,-15.127547,16.655316,-24.155743,-15.173677,16.613509,0.200000,
-24.155743,-15.173678,16.613509,-27.820091,-18.376273,48.151742,-24.088186,-15.193120,16.595815,-24.155743,-15.173677,16.613509,0.200000,
-24.155743,-15.173678,16.613509,-27.820091,-18.376273,48.151742,-24.315707,-15.127547,16.655316,-24.155743,-15.173677,16.613509,0.200000,
-24.155743,-15.173678,16.613509,-27.820091,-18.376273,48.151742,-24.088186,-15.193120,16.595815,-24.155743,-15.173677,16.613509,0.200000,
-24.155743,-15.173678,16.613509,-27.820091,-18.376273,48.151742,-24.315706,-15.127547,16.655316,-24.155743,-15.173677,16.613509,0.200000,
-24.155743,-15.173678,16.613509,-27.820091,-18.376273,48.151742,-24.088186,-15.193120,16.595815,-24.155743,-15.173677,16.613509,0.200000,
-24.155743,-15.173678,16.613509,-27.820091,-18.376273,48.151742,-24.315706,-15.127547,16.655316,-24.155743,-15.173677,16.613509,0.200000,
-24.155743,-15.173678,16.613509,-27.820091,-18.376273,48.151742,-24.088186,-15.193120,16.595815,-24.155743,-15.173677,16.613509,0.200000,
-24.155743,-15.173678,16.613509,-27.820091,-18.376273,48.151742,-24.315706,-15.127547,16.655316,-24.155743,-15.173677,16.613509,0.200000,
-24.155743,-15.173678,16.613509,-27.820091,-18.376273,48.151742,-24.088186,-15.193120,16.595815,-24.155743,-15.173677,16.613509,0.200000,
-24.155743,-15.173678,16.613509,-27.820091,-18.376273,48.151742,-24.315706,-15.127547,16.655316,-24.155743,-15.173677,16.613509,0.200000,
-24.155743,-15.173678,16.613509,-27.820091,-18.376273,48.151742,-24.088185,-15.193120,16.595815,-24.155743,-15.173677,16.613509,0.200000,
-24.155743,-15.173678,16.613509,-27.820091,-18.376273,48.151742,-24.315706,-15.127547,16.655316,-24.155743,-15.173677,16.613509,0.200000,
-24.155743,-15.173678,16.613509,-27.820091,-18.376273,48.151742,-24.088185,-15.193120,16.595814,-24.155743,-15.173677,16.613509,0.200000,
-24.155743,-15.173678,16.613509,-27.820091,-18.376273,48.151742,-24.315705,-15.127547,16.655316,-24.155743,-15.173677,16.613509,0.200000,
-24.155743,-15.173678,16.613509,-27.820091,-18.376273,48.151742,-24.088185,-15.193120,16.595814,-24.155743,-15.173677,16.613509,0.200000,
-24.155743,-15.173678,16.613509,-27.820091,-18.376273,48.151742,-24.315705,-15.127547,16.655316,-24.155743,-15.173677,16.613509,0.200000,
-24.155743,-15.173678,16.613509,-27.820091,-18.376273,48.151742,-24.088185,-15.193121,16.595814,-24.155743,-15.173677,16.613509,0.200000,
-24.155743,-15.173678,16.613509,-27.820091,-18.376273,48.151742,-24.315705,-15.127547,16.655316,-24.155743,-15.173677,16.613509,0.200000,
-24.155743,-15.173678,16.613509,-27.820091,-18.376273,48.151742,-24.088185,-15.193121,16.595814,-24.155743,-15.173677,16.613509,0.200000,
-24.155743,-15.173678,16.613509,-27.820091,-18.376273,48.151742,-24.315705,-15.127548,16.655316,-24.155743,-15.173677,16.613509,0.200000,
-24.155743,-15.173678,16.613509,-27.820091,-18.376273,48.151742,-24.088184,-15.193121,16.595814,-24.155743,-15.173677,16.613509,0.200000,
-24.155743,-15.173678,16.613509,-27.820091,-18.376273,48.151742,-24.315705,-15.127548,16.655316,-24.155743,-15.173677,16.613509,0.200000,
-24.155743,-15.173678,16.613509,-27.820091,-18.376273,48.151742,-24.088184,-15.193121,16.595814,-24.155743,-15.173677,16.613509,0.200000,
-24.155743,-15.173678,16.613509,-27.820091,-18.376273,48.151742,-24.315705,-15.127548,16.655316,-24.155743,-15.173677,16.613509,0.200000,
-24.155743,-15.173678,16.613509,-27.820091,-18.376273,48.151742,-24.088184,-15.193121,16.595814,-24.155743,-15.173677,16.613509,0.200000,
-24.155743,-15.173678,16.613509,-27.820091,-18.376273,48.151742,-24.315704,-15.127548,16.655316,-24.155743,-15.173677,16.613509,0.200000,
-24.155743,-15.173678,16.613509,-27.820091,-18.376273,48.151742,-24.088184,-15.193121,16.595814,-24.155743,-15.173677,16.613509,0.200000,
-24.155743,-15.173678,16.613509,-27.820091,-18.376273,48.151742,-24.315704,-15.127548,16.655316,-24.155743,-15.173677,16.613509,0.200000,
-24.155743,-15.173678,16.613509,-27.820091,-18.376273,48.151742,-24.088184,-15.193121,16.595814,-24.155743,-15.173677,16.613509,0.200000,
-24.155743,-15.173678,16.613509,-27.820091,-18.376273,48.151742,-24.315704,-15.127548,16.655316,-24.155743,-15.173677,16.613509,0.200000,
-24.155743,-15.173678,16.613509,-27.820091,-18.376273,48.151742,-24.088184,-15.193121,16.595814,-24.155743,-15.173677,16.613509,0.200000,
-24.155743,-15.173678,16.613509,-27.820091,-18.376273,48.151742,-24.315704,-15.127548,16.655315,-24.155743,-15.173677,16.613509,0.200000,
-24.155743,-15.173678,16.613509,-27.820091,-18.376273,48.151742,-24.088183,-15.193121,16.595814,-24.155743,-15.173677,16.613509,0.200000,
-24.155743,-15.173678,16.613509,-27.820091,-18.376273,48.151742,-24.315704,-15.127548,16.655315,-24.155743,-15.173677,16.613509,0.200000,
-24.155743,-15.173678,16.613509,-27.820091,-18.376273,48.151742,-24.088183,-15.193121,16.595814,-24.155743,-15.173677,16.613509,0.200000,
-24.155743,-15.173678,16.613509,-27.820091,-18.376273,48.151742,-24.315703,-15.127548,16.655315,-24.155743,-15.173677,16.613509,0.200000,
-24.155743,-15.173678,16.613509,-27.820091,-18.376273,48.151742,-24.088183,-15.193121,16.595814,-24.155743,-15.173677,16.613509,0.200000,
-24.155743,-15.173678,16.613509,-27.820091,-18.376273,48.151742,-24.315703,-15.127548,16.655315,-24.155743,-15.173677,16.613509,0.200000,
-24.155743,-15.173678,16.613509,-27.820091,-18.376273,48.151742,-24.088183,-15.193121,16.595814,-24.155743,-15.173677,16.613509,0.200000,
-24.155743,-15.173678,16.613509,-27.820091,-18.376273,48.151742,-24.315703,-15.127548,16.655315,-24.155743,-15.173677,16.613509,0.200000,
-24.155743,-15.173678,16.613509,-27.820091,-18.376273,48.151742,-24.088183,-15.193121,16.595814,-24.155743,-15.173677,16.613509,0.200000,
-24.155743,-15.173678,16.613509,-27.820091,-18.376273,48.151742,-24.315703,-15.127548,16.655315,-24.155743,-15.173677,16.613509,0.200000,
-24.155743,-15.173678,16.613509,-27.820091,-18.376273,48.151742,-24.088182,-15.193121,16.595814,-24.155743,-15.173677,16.613509,0.200000,
-24.155743,-15.173678,16.613509,-27.820091,-18.376273,48.151742,-24.315703,-15.127548,16.655315,-24.155743,-15.173677,16.613509,0.200000,
-24.155743,-15.173678,16.613509,-27.820091,-18.376273,48.151742,-24.088182,-15.193121,16.595814,-24.155743,-15.173677,16.613509,0.200000,
-24.155743,-15.173678,16.613509,-27.820091,-18.376273,48.151742,-24.315702,-15.127548,16.655315,-24.155743,-15.173677,16.613509,0.200000,
-24.155743,-15.173678,16.613509,-27.820091,-18.376273,48.151742,-24.088182,-15.193121,16.595814,-24.155743,-15.173677,16.613509,0.200000,
-24.155743,-15.173678,16.613509,-27.820091,-18.376273,48.151742,-24.315702,-15.127548,16.655315,-24.155743,-15.173677,16.613509,0.200000,
-24.155743,-15.173678,16.613509,-27.820091,-18.376273,48.151742,-24.088182,-15.193121,16.595814,-24.155743,-15.173677,16.613509,0.200000,
-24.155743,-15.173678,16.613509,-27.820091,-18.376273,48.151742,-24.315702,-15.127548,16.655315,-24.155743,-15.173677,16.613509,0.200000,
-24.155743,-15.173678,16.613509,-27.820091,-18.376273,48.151742,-24.088182,-15.193121,16.595814,-24.155743,-15.173677,16.613509,0.200000,
-24.155743,-15.173678,16.613509,-27.820091,-18.376273,48.151742,-24.315702,-15.127548,16.655315,-24.155743,-15.173677,16.613509,0.200000,
-24.155743,-15.173678,16.613509,-27.820091,-18.376273,48.151742,-24.088181,-15.193121,16.595814,-24.155743,-15.173677,16.613509,0.200000,
-24.155743,-15.173678,16.613509,-27.820091,-18.376273,48.151742,-24.315702,-15.127548,16.655315,-24.155743,-15.173677,16.613509,0.200000,
-24.155743,-15.173678,16.613509,-27.820091,-18.376273,48.151742,-24.088181,-15.193122,16.595813,-24.155743,-15.173677,16.613509,0.200000,
-24.155743,-15.173678,16.613509,-27.820091,-18.376273,48.151742,-24.315702,-15.127549,16.655315,-24.155743,-15.173677,16.613509,0.200000,
-24.155743,-15.173678,16.613509,-27.820091,-18.376273,48.151742,-24.088181,-15.193122,16.595813,-24.155743,-15.173677,16.613509,0.200000,
-24.155743,-15.173678,16.613509,-27.820091,-18.376273,48.151742,-24.315701,-15.127549,16.655315,-24.155743,-15.173677,16.613509,0.200000,
-24.155743,-15.173678,16.613509,-27.820091,-18.376273,48.151742,-24.088181,-15.193122,16.595813,-24.155743,-15.173677,16.613509,0.200000,
-24.155743,-15.173678,16.613509,-27.820091,-18.376273,48.151742,-24.315701,-15.127549,16.655315,-24.155743,-15.173677,16.613509,0.200000,
-24.155743,-15.173678,16.613509,-27.820091,-18.376273,48.151742,-24.088181,-15.193122,16.595813,-24.155743,-15.173677,16.613509,0.200000,
-24.155743,-15.173678,16.613509,-27.820091,-18.376273,48.151742,-24.315701,-15.127549,16.655315,-24.155743,-15.173677,16.613509,0.200000,
-24.155743,-15.173678,16.613509,-27.820091,-18.376273,48.151742,-24.088181,-15.193122,16.595813,-24.155743,-15.173677,16.613509,0.200000,
-24.155743,-15.173678,16.613509,-27.820091,-18.376273,48.151742,-24.315701,-15.127549,16.655315,-24.155743,-15.173677,16.613509,0.200000,
-24.155743,-15.173678,16.613509,-27.820091,-18.376273,48.151742,-24.088180,-15.193122,16.595813,-24.155743,-15.173677,16.613509,0.200000,
-24.155743,-15.173678,16.613509,-27.820091,-18.376273,48.151742,-24.315701,-15.127549,16.655315,-24.155743,-15.173677,16.613509,0.200000,
-24.155743,-15.173678,16.613509,-27.820091,-18.376273,48.151742,-24.088180,-15.193122,16.595813,-24.155743,-15.173677,16.613509,0.200000,
-24.155743,-15.173678,16.613509,-27.820091,-18.376273,48.151742,-24.315700,-15.127549,16.655315,-24.155743,-15.173677,16.613509,0.200000,
-24.155743,-15.173678,16.613509,-27.820091,-18.376273,48.151742,-24.088180,-15.193122,16.595813,-24.155743,-15.173677,16.613509,0.200000,
-24.155743,-15.173678,16.613509,-27.820091,-18.376273,48.151742,-24.315700,-15.127549,16.655315,-24.155743,-15.173677,16.613509,0.200000,
-24.155743,-15.173678,16.613509,-27.820091,-18.376273,48.151742,-24.088180,-15.193122,16.595813,-24.155743,-15.173677,16.613509,0.200000,
-24.155743,-15.173678,16.613509,-27.820091,-18.376273,48.151742,-24.315700,-15.127549,16.655314,-24.155743,-15.173677,16.613509,0.200000,
-24.155743,-15.173678,16.613509,-27.820091,-18.376273,48.151742,-24.088180,-15.193122,16.595813,-24.155743,-15.173677,16.613509,0.200000,
-24.155743,-15.173678,16.613509,-27.820091,-18.376273,48.151742,-24.315700,-15.127549,16.655314,-24.155743,-15.173677,16.613509,0.200000,
-24.155743,-15.173678,16.613509,-27.820091,-18.376273,48.151742,-24.088179,-15.193122,16.595813,-24.155743,-15.173677,16.613509,0.200000,
-24.155743,-15.173678,16.613509,-27.820091,-18.376273,48.151742,-24.315700,-15.127549,16.655314,-24.155743,-15.173677,16.613509,0.200000,
-24.155743,-15.173678,16.613509,-27.820091,-18.376273,48.151742,-24.088179,-15.193122,16.595813,-24.155743,-15.173677,16.613509,0.200000,
-24.155743,-15.173678,16.613509,-27.820091,-18.376273,48.151742,-24.315700,-15.127549,16.655314,-24.155743,-15.173677,16.613509,0.200000,
-24.155743,-15.173678,16.613509,-27.820091,-18.376273,48.151742,-24.088179,-15.193122,16.595813,-24.155743,-15.173677,16.613509,0.200000,
-24.155743,-15.173678,16.613509,-27.820091,-18.376273,48.151742,-24.315699,-15.127549,16.655314,-24.155743,-15.173677,16.613509,0.200000,
-24.155743,-15.173678,16.613509,-27.820091,-18.376273,48.151742,-24.088179,-15.193122,16.595813,-24.155743,-15.173677,16.613509,0.200000,
-24.155743,-15.173678,16.613509,-27.820091,-18.376273,48.151742,-24.315699,-15.127549,16.655314,-24.155743,-15.173677,16.613509,0.200000,
-24.155743,-15.173678,16.613509,-27.820091,-18.376273,48.151742,-24.088179,-15.193122,16.595813,-24.155743,-15.173677,16.613509,0.200000,
-24.155743,-15.173678,16.613509,-27.820091,-18.376273,48.151742,-24.315699,-15.127549,16.655314,-24.155743,-15.173677,16.613509,0.200000,
-24.155743,-15.173678,16.613509,-27.820091,-18.376273,48.151742,-24.088179,-15.193122,16.595813,-24.155743,-15.173677,16.613509,0.200000,
-24.155743,-15.173678,16.613509,-27.820091,-18.376273,48.151742,-24.315699,-15.127549,16.655314,-24.155743,-15.173677,16.613509,0.200000,
-24.155743,-15.173678,16.613509,-27.820091,-18.376273,48.151742,-24.088178,-15.193122,16.595813,-24.155743,-15.173677,16.613509,0.200000,
-24.155743,-15.173678,16.613509,-27.820091,-18.376273,48.151742,-24.315699,-15.127549,16.655314,-24.155743,-15.173677,16.613509,0.200000,
-24.155743,-15.173678,16.613509,-27.820091,-18.376273,48.151742,-24.088178,-15.193122,16.595813,-24.155743,-15.173677,16.613509,0.200000,
-24.155743,-15.173678,16.613509,-27.820091,-18.376273,48.151742,-24.315698,-15.127549,16.655314,-24.155743,-15.173677,16.613509,0.200000,
-24.155743,-15.173678,16.613509,-27.820091,-18.376273,48.151742,-24.088178,-15.193122,16.595813,-24.155743,-15.173677,16.613509,0.200000,
-24.155743,-15.173678,16.613509,-27.820091,-18.376273,48.151742,-24.315698,-15.127549,16.655314,-24.155743,-15.173677,16.613509,0.200000,
-24.155743,-15.173678,16.613509,-27.820091,-18.376273,48.151742,-24.088178,-15.193123,16.595813,-24.155743,-15.173677,16.613509,0.200000,
-24.155743,-15.173678,16.613509,-27.820091,-18.376273,48.151742,-24.315698,-15.127550,16.655314,-24.155743,-15.173677,16.613509,0.200000,
-24.155743,-15.173678,16.613509,-27.820091,-18.376273,48.151742,-24.088178,-15.193123,16.595812,-24.155743,-15.173677,16.613509,0.200000,
-24.155743,-15.173678,16.613509,-27.820091,-18.376273,48.151742,-24.315698,-15.127550,16.655314,-24.155743,-15.173677,16.613509,0.200000,
-24.155743,-15.173678,16.613509,-27.820091,-18.376273,48.151742,-24.088177,-15.193123,16.595812,-24.155743,-15.173677,16.613509,0.200000,
-24.155743,-15.173678,16.613509,-27.820091,-18.376273,48.151742,-24.315698,-15.127550,16.655314,-24.155743,-15.173677,16.613509,0.200000,
-24.155743,-15.173678,16.613509,-27.820091,-18.376273,48.151742,-24.088177,-15.193123,16.595812,-24.155743,-15.173677,16.613509,0.200000,
-24.155743,-15.173678,16.613509,-27.820091,-18.376273,48.151742,-24.315697,-15.127550,16.655314,-24.155743,-15.173677,16.613509,0.200000,
-24.155743,-15.173678,16.613509,-27.820091,-18.376273,48.151742,-24.088177,-15.193123,16.595812,-24.155743,-15.173677,16.613509,0.200000,
-24.155743,-15.173678,16.613509,-27.820091,-18.376273,48.151742,-24.315697,-15.127550,16.655314,-24.155743,-15.173677,16.613509,0.200000,
-24.155743,-15.173678,16.613509,-27.820091,-18.376273,48.151742,-24.088177,-15.193123,16.595812,-24.155743,-15.173677,16.613509,0.200000,
-24.155743,-15.173678,16.613509,-27.820091,-18.376273,48.151742,-24.315697,-15.127550,16.655314,-24.155743,-15.173677,16.613509,0.200000,
-24.155743,-15.173678,16.613509,-27.820091,-18.376273,48.151742,-24.088177,-15.193123,16.595812,-24.155743,-15.173677,16.613509,0.200000,
-24.155743,-15.173678,16.613509,-27.820091,-18.376273,48.151742,-24.315697,-15.127550,16.655314,-24.155743,-15.173677,16.613509,0.200000,
-24.155743,-15.173678,16.613509,-27.820091,-18.376273,48.151742,-24.088176,-15.193123,16.595812,-24.155743,-15.173677,16.613509,0.200000,
-24.155743,-15.173678,16.613509,-27.820091,-18.376273,48.151742,-24.315697,-15.127550,16.655314,-24.155743,-15.173677,16.613509,0.200000,
-24.155743,-15.173678,16.613509,-27.820091,-18.376273,48.151742,-24.088176,-15.193123,16.595812,-24.155743,-15.173677,16.613509,0.200000,
-24.155743,-15.173678,16.613509,-27.820091,-18.376273,48.151742,-24.315697,-15.127550,16.655314,-24.155743,-15.173677,16.613509,0.200000,
-24.155743,-15.173678,16.613509,-27.820091,-18.376273,48.151742,-24.088176,-15.193123,16.595812,-24.155743,-15.173677,16.613509,0.200000,
-24.155743,-15.173678,16.613509,-27.820091,-18.376273,48.151742,-24.315696,-15.127550,16.655314,-24.155743,-15.173677,16.613509,0.200000,
-24.155743,-15.173678,16.613509,-27.820091,-18.376273,48.151742,-24.088176,-15.193123,16.595812,-24.155743,-15.173677,16.613509,0.200000,
-24.155743,-15.173678,16.613509,-27.820091,-18.376273,48.151742,-24.315696,-15.127550,16.655313,-24.155743,-15.173677,16.613509,0.200000,
-24.155743,-15.173678,16.613509,-27.820091,-18.376273,48.151742,-24.088176,-15.193123,16.595812,-24.155743,-15.173677,16.613509,0.200000,
-24.155743,-15.173678,16.613509,-27.820091,-18.376273,48.151742,-24.315696,-15.127550,16.655313,-24.155743,-15.173677,16.613509,0.200000,
-24.155743,-15.173678,16.613509,-27.820091,-18.376273,48.151742,-24.088176,-15.193123,16.595812,-24.155743,-15.173677,16.613509,0.200000,
-24.155743,-15.173678,16.613509,-27.820091,-18.376273,48.151742,-24.315696,-15.127550,16.655313,-24.155743,-15.173677,16.613509,0.200000,
-24.155743,-15.173678,16.613509,-27.820091,-18.376273,48.151742,-24.088175,-15.193123,16.595812,-24.155743,-15.173677,16.613509,0.200000,
-24.155743,-15.173678,16.613509,-27.820091,-18.376273,48.151742,-24.315696,-15.127550,16.655313,-24.155743,-15.173677,16.613509,0.200000,
-24.155743,-15.173678,16.613509,-27.820091,-18.376273,48.151742,-24.088175,-15.193123,16.595812,-24.155743,-15.173677,16.613509,0.200000,
-24.155743,-15.173678,16.613509,-27.820091,-18.376273,48.151742,-24.315695,-15.127550,16.655313,-24.155743,-15.173677,16.613509,0.200000,
-24.155743,-15.173678,16.613509,-27.820091,-18.376273,48.151742,-24.088175,-15.193123,16.595812,-24.155743,-15.173677,16.613509,0.200000,
-24.155743,-15.173678,16.613509,-27.820091,-18.376273,48.151742,-24.315695,-15.127550,16.655313,-24.155743,-15.173677,16.613509,0.200000,
-24.155743,-15.173678,16.613509,-27.820091,-18.376273,48.151742,-24.088175,-15.193123,16.595812,-24.155743,-15.173677,16.613509,0.200000,
-24.155743,-15.173678,16.613509,-27.820091,-18.376273,48.151742,-24.315695,-15.127550,16.655313,-24.155743,-15.173677,16.613509,0.200000,
-24.155743,-15.173678,16.613509,-27.820091,-18.376273,48.151742,-24.088175,-15.193123,16.595812,-24.155743,-15.173677,16.613509,0.200000,
-24.155743,-15.173678,16.613509,-27.820091,-18.376273,48.151742,-24.315695,-15.127550,16.655313,-24.155743,-15.173677,16.613509,0.200000,
-24.155743,-15.173678,16.613509,-27.820091,-18.376273,48.151742,-24.088174,-15.193123,16.595812,-24.155743,-15.173677,16.613509,0.200000,
-24.155743,-15.173678,16.613509,-27.820091,-18.376273,48.151742,-24.315695,-15.127550,16.655313,-24.155743,-15.173677,16.613509,0.200000,
-24.155743,-15.173678,16.613509,-27.820091,-18.376273,48.151742,-24.088174,-15.193124,16.595812,-24.155743,-15.173677,16.613509,0.200000,
-24.155743,-15.173678,16.613509,-27.820091,-18.376273,48.151742,-24.315695,-15.127551,16.655313,-24.155743,-15.173677,16.613509,0.200000,
-24.155743,-15.173678,16.613509,-27.820091,-18.376273,48.151742,-24.088174,-15.193124,16.595812,-24.155743,-15.173677,16.613509,0.200000,
-24.155743,-15.173678,16.613509,-27.820091,-18.376273,48.151742,-24.315694,-15.127551,16.655313,-24.155743,-15.173677,16.613509,0.200000,
-24.155743,-15.173678,16.613509,-27.820091,-18.376273,48.151742,-24.088174,-15.193124,16.595812,-24.155743,-15.173677,16.613509,0.200000,
-24.155743,-15.173678,16.613509,-27.820091,-18.376273,48.151742,-24.315694,-15.127551,16.655313,-24.155743,-15.173677,16.613509,0.200000,
-24.155743,-15.173678,16.613509,-27.820091,-18.376273,48.151742,-24.088174,-15.193124,16.595811,-24.155743,-15.173677,16.613509,0.200000,
-24.155743,-15.173678,16.613509,-27.820091,-18.376273,48.151742,-24.315694,-15.127551,16.655313,-24.155743,-15.173677,16.613509,0.200000,
-24.155743,-15.173678,16.613509,-27.820091,-18.376273,48.151742,-24.088174,-15.193124,16.595811,-24.155743,-15.173677,16.613509,0.200000,
-24.155743,-15.173678,16.613509,-27.820091,-18.376273,48.151742,-24.315694,-15.127551,16.655313,-24.155743,-15.173677,16.613509,0.200000,
-24.155743,-15.173678,16.613509,-27.820091,-18.376273,48.151742,-24.088173,-15.193124,16.595811,-24.155743,-15.173677,16.613509,0.200000,
-24.155743,-15.173678,16.613509,-27.820091,-18.376273,48.151742,-24.315694,-15.127551,16.655313,-24.155743,-15.173677,16.613509,0.200000,
-24.155743,-15.173678,16.613509,-27.820091,-18.376273,48.151742,-24.088173,-15.193124,16.595811,-24.155743,-15.173677,16.613509,0.200000,
-24.155743,-15.173678,16.613509,-27.820091,-18.376273,48.151742,-24.315693,-15.127551,16.655313,-24.155743,-15.173677,16.613509,0.200000,
-24.155743,-15.173678,16.613509,-27.820091,-18.376273,48.151742,-24.088173,-15.193124,16.595811,-24.155743,-15.173677,16.613509,0.200000,
-24.155743,-15.173678,16.613509,-27.820091,-18.376273,48.151742,-24.315693,-15.127551,16.655313,-24.155743,-15.173677,16.613509,0.200000,
-24.155743,-15.173678,16.613509,-27.820091,-18.376273,48.151742,-24.088173,-15.193124,16.595811,-24.155743,-15.173677,16.613509,0.200000,
-24.155743,-15.173678,16.613509,-27.820091,-18.376273,48.151742,-24.315693,-15.127551,16.655313,-24.155743,-15.173677,16.613509,0.200000,
-24.155743,-15.173678,16.613509,-27.820091,-18.376273,48.151742,-24.088173,-15.193124,16.595811,-24.155743,-15.173677,16.613509,0.200000,
-24.155743,-15.173678,16.613509,-27.820091,-18.376273,48.151742,-24.315693,-15.127551,16.655313,-24.155743,-15.173677,16.613509,0.200000,
-24.155743,-15.173678,16.613509,-27.820091,-18.376273,48.151742,-24.088172,-15.193124,16.595811,-24.155743,-15.173677,16.613509,0.200000,
-24.155743,-15.173678,16.613509,-27.820091,-18.376273,48.151742,-24.315693,-15.127551,16.655313,-24.155743,-15.173677,16.613509,0.200000,
-24.155743,-15.173678,16.613509,-27.820091,-18.376273,48.151742,-24.088172,-15.193124,16.595811,-24.155743,-15.173677,16.613509,0.200000,
-24.155743,-15.173678,16.613509,-27.820091,-18.376273,48.151742,-24.315692,-15.127551,16.655313,-24.155743,-15.173677,16.613509,0.200000,
-24.155743,-15.173678,16.613509,-27.820091,-18.376273,48.151742,-24.088172,-15.193124,16.595811,-24.155743,-15.173677,16.613509,0.200000,
-24.155743,-15.173678,16.613509,-27.820091,-18.376273,48.151742,-24.315692,-15.127551,16.655312,-24.155743,-15.173677,16.613509,0.200000,
-24.155743,-15.173678,16.613509,-27.820091,-18.376273,48.151742,-24.088172,-15.193124,16.595811,-24.155743,-15.173677,16.613509,0.200000,
-24.155743,-15.173678,16.613509,-27.820091,-18.376273,48.151742,-24.315692,-15.127551,16.655312,-24.155743,-15.173677,16.613509,0.200000,
-24.155743,-15.173678,16.613509,-27.820091,-18.376273,48.151742,-24.088172,-15.193124,16.595811,-24.155743,-15.173677,16.613509,0.200000,
-24.155743,-15.173678,16.613509,-27.820091,-18.376273,48.151742,-24.315692,-15.127551,16.655312,-24.155743,-15.173677,16.613509,0.200000,
-24.155743,-15.173678,16.613509,-27.820091,-18.376273,48.151742,-24.088171,-15.193124,16.595811,-24.155743,-15.173677,16.613509,0.200000,
-24.155743,-15.173678,16.613509,-27.820091,-18.376273,48.151742,-24.315692,-15.127551,16.655312,-24.155743,-15.173677,16.613509,0.200000,
-24.155743,-15.173678,16.613509,-27.820091,-18.376273,48.151742,-24.088171,-15.193124,16.595811,-24.155743,-15.173677,16.613509,0.200000,
-24.155743,-15.173678,16.613509,-27.820091,-18.376273,48.151742,-24.315692,-15.127551,16.655312,-24.155743,-15.173677,16.613509,0.200000,
-24.155743,-15.173678,16.613509,-27.820091,-18.376273,48.151742,-24.088171,-15.193124,16.595811,-24.155743,-15.173677,16.613509,0.200000,
-24.155743,-15.173678,16.613509,-27.820091,-18.376273,48.151742,-24.315691,-15.127551,16.655312,-24.155743,-15.173677,16.613509,0.200000,
-24.155743,-15.173678,16.613509,-27.820091,-18.376273,48.151742,-24.088171,-15.193124,16.595811,-24.155743,-15.173677,16.613509,0.200000,
-24.155743,-15.173678,16.613509,-27.820091,-18.376273,48.151742,-24.315691,-15.127551,16.655312,-24.155743,-15.173677,16.613509,0.200000,
-24.155743,-15.173678,16.613509,-27.820091,-18.376273,48.151742,-24.088171,-15.193125,16.595811,-24.155743,-15.173678,16.613509,0.200000,
-24.155743,-15.173678,16.613509,-27.820091,-18.376273,48.151742,-24.315691,-15.127552,16.655312,-24.155743,-15.173678,16.613509,0.200000,
-24.155743,-15.173678,16.613509,-27.820091,-18.376273,48.151742,-24.088171,-15.193125,16.595811,-24.155743,-15.173678,16.613509,0.200000,
-24.155743,-15.173678,16.613509,-27.820091,-18.376273,48.151742,-24.315691,-15.127552,16.655312,-24.155743,-15.173678,16.613509,0.200000,
-24.155743,-15.173678,16.613509,-27.820091,-18.376273,48.151742,-24.088170,-15.193125,16.595811,-24.155743,-15.173678,16.613509,0.200000,
-24.155743,-15.173678,16.613509,-27.820091,-18.376273,48.151742,-24.315691,-15.127552,16.655312,-24.155743,-15.173678,16.613509,0.200000,
-24.155743,-15.173678,16.613509,-27.820091,-18.376273,48.151742,-24.088170,-15.193125,16.595811,-24.155743,-15.173678,16.613509,0.200000,
-24.155743,-15.173678,16.613509,-27.820091,-18.376273,48.151742,-24.315690,-15.127552,16.655312,-24.155743,-15.173678,16.613509,0.200000,
-24.155743,-15.173678,16.613509,-27.820091,-18.376273,48.151742,-24.088170,-15.193125,16.595811,-24.155743,-15.173678,16.613509,0.200000,
-24.155743,-15.173678,16.613509,-27.820091,-18.376273,48.151742,-24.315690,-15.127552,16.655312,-24.155743,-15.173678,16.613509,0.200000,
-24.155743,-15.173678,16.613509,-27.820091,-18.376273,48.151742,-24.088170,-15.193125,16.595810,-24.155743,-15.173678,16.613509,0.200000,
-24.155743,-15.173678,16.613509,-27.820091,-18.376273,48.151742,-24.315690,-15.127552,16.655312,-24.155743,-15.173678,16.613509,0.200000,
-24.155743,-15.173678,16.613509,-27.820091,-18.376273,48.151742,-24.088170,-15.193125,16.595810,-24.155743,-15.173678,16.613509,0.200000,
-24.155743,-15.173678,16.613509,-27.820091,-18.376273,48.151742,-24.315690,-15.127552,16.655312,-24.155743,-15.173678,16.613509,0.200000,
-24.155743,-15.173678,16.613509,-27.820091,-18.376273,48.151742,-24.088169,-15.193125,16.595810,-24.155743,-15.173678,16.613509,0.200000,
-24.155743,-15.173678,16.613509,-27.820091,-18.376273,48.151742,-24.315690,-15.127552,16.655312,-24.155743,-15.173678,16.613509,0.200000,
-24.155743,-15.173678,16.613509,-27.820091,-18.376273,48.151742,-24.088169,-15.193125,16.595810,-24.155743,-15.173678,16.613509,0.200000,
-24.155743,-15.173678,16.613509,-27.820091,-18.376273,48.151742,-24.315690,-15.127552,16.655312,-24.155743,-15.173678,16.613509,0.200000,
-24.155743,-15.173678,16.613509,-27.820091,-18.376273,48.151742,-24.088169,-15.193125,16.595810,-24.155743,-15.173678,16.613509,0.200000,
-24.155743,-15.173678,16.613509,-27.820091,-18.376273,48.151742,-24.315689,-15.127552,16.655312,-24.155743,-15.173678,16.613509,0.200000,
-24.155743,-15.173678,16.613509,-27.820091,-18.376273,48.151742,-24.088169,-15.193125,16.595810,-24.155743,-15.173678,16.613509,0.200000,
-24.155743,-15.173678,16.613509,-27.820091,-18.376273,48.151742,-24.315689,-15.127552,16.655312,-24.155743,-15.173678,16.613509,0.200000,
-24.155743,-15.173678,16.613509,-27.820091,-18.376273,48.151742,-24.088169,-15.193125,16.595810,-24.155743,-15.173678,16.613509,0.200000,
-24.155743,-15.173678,16.613509,-27.820091,-18.376273,48.151742,-24.315689,-15.127552,16.655312,-24.155743,-15.173678,16.613509,0.200000,
-24.155743,-15.173678,16.613509,-27.820091,-18.376273,48.151742,-24.088169,-15.193125,16.595810,-24.155743,-15.173678,16.613509,0.200000,
-24.155743,-15.173678,16.613509,-27.820091,-18.376273,48.151742,-24.315689,-15.127552,16.655312,-24.155743,-15.173678,16.613509,0.200000,
-24.155743,-15.173678,16.613509,-27.820091,-18.376273,48.151742,-24.088168,-15.193125,16.595810,-24.155743,-15.173678,16.613509,0.200000,
-24.155743,-15.173678,16.613509,-27.820091,-18.376273,48.151742,-24.315689,-15.127552,16.655312,-24.155743,-15.173678,16.613509,0.200000,
-24.155743,-15.173678,16.613509,-27.820091,-18.376273,48.151742,-24.088168,-15.193125,16.595810,-24.155743,-15.173678,16.613509,0.200000,
-24.155743,-15.173678,16.613509,-27.820091,-18.376273,48.151742,-24.315688,-15.127552,16.655311,-24.155743,-15.173678,16.613509,0.200000,
-24.155743,-15.173678,16.613509,-27.820091,-18.376273,48.151742,-24.088168,-15.193125,16.595810,-24.155743,-15.173678,16.613509,0.200000,
-24.155743,-15.173678,16.613509,-27.820091,-18.376273,48.151742,-24.315688,-15.127552,16.655311,-24.155743,-15.173678,16.613509,0.200000,
-24.155743,-15.173678,16.613509,-27.820091,-18.376273,48.151742,-24.088168,-15.193125,16.595810,-24.155743,-15.173678,16.613509,0.200000,
-24.155743,-15.173678,16.613509,-27.820091,-18.376273,48.151742,-24.315688,-15.127552,16.655311,-24.155743,-15.173678,16.613509,0.200000,
-24.155743,-15.173678,16.613509,-27.820091,-18.376273,48.151742,-24.088168,-15.193125,16.595810,-24.155743,-15.173678,16.613509,0.200000,
-24.155743,-15.173678,16.613509,-27.820091,-18.376273,48.151742,-24.315688,-15.127552,16.655311,-24.155743,-15.173678,16.613509,0.200000,
-24.155743,-15.173678,16.613509,-27.820091,-18.376273,48.151742,-24.088167,-15.193126,16.595810,-24.155743,-15.173678,16.613509,0.200000,
-24.155743,-15.173678,16.613509,-27.820091,-18.376273,48.151742,-24.315688,-15.127553,16.655311,-24.155743,-15.173678,16.613509,0.200000,
-24.155743,-15.173678,16.613509,-27.820091,-18.376273,48.151742,-24.088167,-15.193126,16.595810,-24.155743,-15.173678,16.613509,0.200000,
-24.155743,-15.173678,16.613509,-27.820091,-18.376273,48.151742,-24.315688,-15.127553,16.655311,-24.155743,-15.173678,16.613509,0.200000,
-24.155743,-15.173678,16.613509,-27.820091,-18.376273,48.151742,-24.088167,-15.193126,16.595810,-24.155743,-15.173678,16.613509,0.200000,
-24.155743,-15.173678,16.613509,-27.820091,-18.376273,48.151742,-24.315687,-15.127553,16.655311,-24.155743,-15.173678,16.613509,0.200000,
-24.155743,-15.173678,16.613509,-27.820091,-18.376273,48.151742,-24.088167,-15.193126,16.595810,-24.155743,-15.173678,16.613509,0.200000,
-24.155743,-15.173678,16.613509,-27.820091,-18.376273,48.151742,-24.315687,-15.127553,16.655311,-24.155743,-15.173678,16.613509,0.200000,
-24.155743,-15.173678,16.613509,-27.820091,-18.376273,48.151742,-24.088167,-15.193126,16.595810,-24.155743,-15.173678,16.613509,0.200000,
-24.155743,-15.173678,16.613509,-27.820091,-18.376273,48.151742,-24.315687,-15.127553,16.655311,-24.155743,-15.173678,16.613509,0.200000,
-24.155743,-15.173678,16.613509,-27.820091,-18.376273,48.151742,-24.088166,-15.193126,16.595810,-24.155743,-15.173678,16.613509,0.200000,
-24.155743,-15.173678,16.613509,-27.820091,-18.376273,48.151742,-24.315687,-15.127553,16.655311,-24.155743,-15.173678,16.613509,0.200000,
-24.155743,-15.173678,16.613509,-27.820091,-18.376273,48.151742,-24.088166,-15.193126,16.595810,-24.155743,-15.173678,16.613509,0.200000,
-24.155743,-15.173678,16.613509,-27.820091,-18.376273,48.151742,-24.315687,-15.127553,16.655311,-24.155743,-15.173678,16.613509,0.200000,
-24.155743,-15.173678,16.613509,-27.820091,-18.376273,48.151742,-24.088166,-15.193126,16.595809,-24.155743,-15.173678,16.613509,0.200000,
-24.155743,-15.173678,16.613509,-27.820091,-18.376273,48.151742,-24.315686,-15.127553,16.655311,-24.155743,-15.173678,16.613509,0.200000,
-24.155743,-15.173678,16.613509,-27.820091,-18.376273,48.151742,-24.088166,-15.193126,16.595809,-24.155743,-15.173678,16.613509,0.200000,
-24.155743,-15.173678,16.613509,-27.820091,-18.376273,48.151742,-24.315686,-15.127553,16.655311,-24.155743,-15.173678,16.613509,0.200000,
-24.155743,-15.173678,16.613509,-27.820091,-18.376273,48.151742,-24.088166,-15.193126,16.595809,-24.155743,-15.173678,16.613509,0.200000,
-24.155743,-15.173678,16.613509,-27.820091,-18.376273,48.151742,-24.315686,-15.127553,16.655311,-24.155743,-15.173678,16.613509,0.200000,
-24.155743,-15.173678,16.613509,-27.820091,-18.376273,48.151742,-24.088166,-15.193126,16.595809,-24.155743,-15.173678,16.613509,0.200000,
-24.155743,-15.173678,16.613509,-27.820091,-18.376273,48.151742,-24.315686,-15.127553,16.655311,-24.155743,-15.173678,16.613509,0.200000,
-24.155743,-15.173678,16.613509,-27.820091,-18.376273,48.151742,-24.088165,-15.193126,16.595809,-24.155743,-15.173678,16.613509,0.200000,
-24.155743,-15.173678,16.613509,-27.820091,-18.376273,48.151742,-24.315686,-15.127553,16.655311,-24.155743,-15.173678,16.613509,0.200000,
-24.155743,-15.173678,16.613509,-27.820091,-18.376273,48.151742,-24.088165,-15.193126,16.595809,-24.155743,-15.173678,16.613509,0.200000,
-24.155743,-15.173678,16.613509,-27.820091,-18.376273,48.151742,-24.315685,-15.127553,16.655311,-24.155743,-15.173678,16.613509,0.200000,
-24.155743,-15.173678,16.613509,-27.820091,-18.376273,48.151742,-24.088165,-15.193126,16.595809,-24.155743,-15.173678,16.613509,0.200000,
-24.155743,-15.173678,16.613509,-27.820091,-18.376273,48.151742,-24.315685,-15.127553,16.655311,-24.155743,-15.173678,16.613509,0.200000,
-24.155743,-15.173678,16.613509,-27.820091,-18.376273,48.151742,-24.088165,-15.193126,16.595809,-24.155743,-15.173678,16.613509,0.200000,
-24.155743,-15.173678,16.613509,-27.820091,-18.376273,48.151742,-24.315685,-15.127553,16.655311,-24.155743,-15.173678,16.613509,0.200000,
-24.155743,-15.173678,16.613509,-27.820091,-18.376273,48.151742,-24.088165,-15.193126,16.595809,-24.155743,-15.173678,16.613509,0.200000,
-24.155743,-15.173678,16.613509,-27.820091,-18.376273,48.151742,-24.315685,-15.127553,16.655311,-24.155743,-15.173678,16.613509,0.200000,
-24.155743,-15.173678,16.613509,-27.820091,-18.376273,48.151742,-24.088164,-15.193126,16.595809,-24.155743,-15.173678,16.613509,0.200000,
-24.155743,-15.173678,16.613509,-27.820091,-18.376273,48.151742,-24.315685,-15.127553,16.655310,-24.155743,-15.173678,16.613509,0.200000,
-24.155743,-15.173678,16.613509,-27.820091,-18.376273,48.151742,-24.088164,-15.193126,16.595809,-24.155743,-15.173678,16.613509,0.200000,
-24.155743,-15.173678,16.613509,-27.820091,-18.376273,48.151742,-24.315685,-15.127553,16.655310,-24.155743,-15.173678,16.613509,0.200000,
-24.155743,-15.173678,16.613509,-27.820091,-18.376273,48.151742,-24.088164,-15.193126,16.595809,-24.155743,-15.173678,16.613509,0.200000,
-24.155743,-15.173678,16.613509,-27.820091,-18.376273,48.151742,-24.315684,-15.127553,16.655310,-24.155743,-15.173678,16.613509,0.200000,
-24.155743,-15.173678,16.613509,-27.820091,-18.376273,48.151742,-24.088164,-15.193127,16.595809,-24.155743,-15.173678,16.613509,0.200000,
-24.155743,-15.173678,16.613509,-27.820091,-18.376273,48.151742,-24.315684,-15.127554,16.655310,-24.155743,-15.173678,16.613509,0.200000,
-24.155743,-15.173678,16.613509,-27.820091,-18.376273,48.151742,-24.088164,-15.193127,16.595809,-24.155743,-15.173678,16.613509,0.200000,
-24.155743,-15.173678,16.613509,-27.820091,-18.376273,48.151742,-24.315684,-15.127554,16.655310,-24.155743,-15.173678,16.613509,0.200000,
-24.155743,-15.173678,16.613509,-27.820091,-18.376273,48.151742,-24.088164,-15.193127,16.595809,-24.155743,-15.173678,16.613509,0.200000,
-24.155743,-15.173678,16.613509,-27.820091,-18.376273,48.151742,-24.315684,-15.127554,16.655310,-24.155743,-15.173678,16.613509,0.200000,
-24.155743,-15.173678,16.613509,-27.820091,-18.376273,48.151742,-24.088163,-15.193127,16.595809,-24.155743,-15.173678,16.613509,0.200000,
-24.155743,-15.173678,16.613509,-27.820091,-18.376273,48.151742,-24.315684,-15.127554,16.655310,-24.155743,-15.173678,16.613509,0.200000,
-24.155743,-15.173678,16.613509,-27.820091,-18.376273,48.151742,-24.088163,-15.193127,16.595809,-24.155743,-15.173678,16.613509,0.200000,
-24.155743,-15.173678,16.613509,-27.820091,-18.376273,48.151742,-24.315683,-15.127554,16.655310,-24.155743,-15.173678,16.613509,0.200000,
-24.155743,-15.173678,16.613509,-27.820091,-18.376273,48.151742,-24.088163,-15.193127,16.595809,-24.155743,-15.173678,16.613509,0.200000,
-24.155743,-15.173678,16.613509,-27.820091,-18.376273,48.151742,-24.315683,-15.127554,16.655310,-24.155743,-15.173678,16.613509,0.200000,
-24.155743,-15.173678,16.613509,-27.820091,-18.376273,48.151742,-24.088163,-15.193127,16.595809,-24.155743,-15.173678,16.613509,0.200000,
-24.155743,-15.173678,16.613509,-27.820091,-18.376273,48.151742,-24.315683,-15.127554,16.655310,-24.155743,-15.173678,16.613509,0.200000,
-24.155743,-15.173678,16.613509,-27.820091,-18.376273,48.151742,-24.088163,-15.193127,16.595809,-24.155743,-15.173678,16.613509,0.200000,
-24.155743,-15.173678,16.613509,-27.820091,-18.376273,48.151742,-24.315683,-15.127554,16.655310,-24.155743,-15.173678,16.613509,0.200000,
-24.155743,-15.173678,16.613509,-27.820091,-18.376273,48.151742,-24.088162,-15.193127,16.595809,-24.155743,-15.173678,16.613509,0.200000,
-24.155743,-15.173678,16.613509,-27.820091,-18.376273,48.151742,-24.315683,-15.127554,16.655310,-24.155743,-15.173678,16.613509,0.200000,
-24.155743,-15.173678,16.613509,-27.820091,-18.376273,48.151742,-24.088162,-15.193127,16.595808,-24.155743,-15.173678,16.613509,0.200000,
-24.155743,-15.173678,16.613509,-27.820091,-18.376273,48.151742,-24.315683,-15.127554,16.655310,-24.155743,-15.173678,16.613509,0.200000,
-24.155743,-15.173678,16.613509,-27.820091,-18.376273,48.151742,-24.088162,-15.193127,16.595808,-24.155743,-15.173678,16.613509,0.200000,
-24.155743,-15.173678,16.613509,-27.820091,-18.376273,48.151742,-24.315682,-15.127554,16.655310,-24.155743,-15.173678,16.613509,0.200000,
-24.155743,-15.173678,16.613509,-27.820091,-18.376273,48.151742,-24.088162,-15.193127,16.595808,-24.155743,-15.173678,16.613509,0.200000,
-24.155743,-15.173678,16.613509,-27.820091,-18.376273,48.151742,-24.315682,-15.127554,16.655310,-24.155743,-15.173678,16.613509,0.200000,
-24.155743,-15.173678,16.613509,-27.820091,-18.376273,48.151742,-24.088162,-15.193127,16.595808,-24.155743,-15.173678,16.613509,0.200000,
-24.155743,-15.173678,16.613509,-27.820091,-18.376273,48.151742,-24.315682,-15.127554,16.655310,-24.155743,-15.173678,16.613509,0.200000,
-24.155743,-15.173678,16.613509,-27.820091,-18.376273,48.151742,-24.088162,-15.193127,16.595808,-24.155743,-15.173678,16.613509,0.200000,
-24.155743,-15.173678,16.613509,-27.820091,-18.376273,48.151742,-24.315682,-15.127554,16.655310,-24.155743,-15.173678,16.613509,0.200000,
-24.155743,-15.173678,16.613509,-27.820091,-18.376273,48.151742,-24.088161,-15.193127,16.595808,-24.155743,-15.173678,16.613509,0.200000,
-24.155743,-15.173678,16.613509,-27.820091,-18.376273,48.151742,-24.315682,-15.127554,16.655310,-24.155743,-15.173678,16.613509,0.200000,
-24.155743,-15.173678,16.613509,-27.820091,-18.376273,48.151742,-24.088161,-15.193127,16.595808,-24.155743,-15.173678,16.613509,0.200000,
-24.155743,-15.173678,16.613509,-27.820091,-18.376273,48.151742,-24.315681,-15.127554,16.655310,-24.155743,-15.173678,16.613509,0.200000,
-24.155743,-15.173678,16.613509,-27.820091,-18.376273,48.151742,-24.088161,-15.193127,16.595808,-24.155743,-15.173678,16.613509,0.200000,
-24.155743,-15.173678,16.613509,-27.820091,-18.376273,48.151742,-24.315681,-15.127554,16.655310,-24.155743,-15.173678,16.613509,0.200000,
-24.155743,-15.173678,16.613509,-27.820091,-18.376273,48.151742,-24.088161,-15.193127,16.595808,-24.155743,-15.173678,16.613509,0.200000,
-24.155743,-15.173678,16.613509,-27.820091,-18.376273,48.151742,-24.315681,-15.127554,16.655310,-24.155743,-15.173678,16.613509,0.200000,
-24.155743,-15.173678,16.613509,-27.820091,-18.376273,48.151742,-24.088161,-15.193127,16.595808,-24.155743,-15.173678,16.613509,0.200000,
-24.155743,-15.173678,16.613509,-27.820091,-18.376273,48.151742,-24.315681,-15.127554,16.655309,-24.155743,-15.173678,16.613509,0.200000,
-24.155743,-15.173678,16.613509,-27.820091,-18.376273,48.151742,-24.088160,-15.193128,16.595808,-24.155743,-15.173678,16.613509,0.200000,
-24.155743,-15.173678,16.613509,-27.820091,-18.376273,48.151742,-24.315681,-15.127555,16.655309,-24.155743,-15.173678,16.613509,0.200000,
-24.155743,-15.173678,16.613509,-27.820091,-18.376273,48.151742,-24.088160,-15.193128,16.595808,-24.155743,-15.173678,16.613509,0.200000,
-24.155743,-15.173678,16.613509,-27.820091,-18.376273,48.151742,-24.315680,-15.127555,16.655309,-24.155743,-15.173678,16.613509,0.200000,
-24.155743,-15.173678,16.613509,-27.820091,-18.376273,48.151742,-24.088160,-15.193128,16.595808,-24.155743,-15.173678,16.613509,0.200000,
-24.155743,-15.173678,16.613509,-27.820091,-18.376273,48.151742,-24.315680,-15.127555,16.655309,-24.155743,-15.173678,16.613509,0.200000,
-24.155743,-15.173678,16.613509,-27.820091,-18.376273,48.151742,-24.088160,-15.193128,16.595808,-24.155743,-15.173678,16.613509,0.200000,
-24.155743,-15.173678,16.613509,-27.820091,-18.376273,48.151742,-24.315680,-15.127555,16.655309,-24.155743,-15.173678,16.613509,0.200000,
-24.155743,-15.173678,16.613509,-27.820091,-18.376273,48.151742,-24.088160,-15.193128,16.595808,-24.155743,-15.173678,16.613509,0.200000,
-24.155743,-15.173678,16.613509,-27.820091,-18.376273,48.151742,-24.315680,-15.127555,16.655309,-24.155743,-15.173678,16.613509,0.200000,
-24.155743,-15.173678,16.613509,-27.820091,-18.376273,48.151742,-24.088159,-15.193128,16.595808,-24.155743,-15.173678,16.613509,0.200000,
-24.155743,-15.173678,16.613509,-27.820091,-18.376273,48.151742,-24.315680,-15.127555,16.655309,-24.155743,-15.173678,16.613509,0.200000,
-24.155743,-15.173678,16.613509,-27.820091,-18.376273,48.151742,-24.088159,-15.193128,16.595808,-24.155743,-15.173678,16.613509,0.200000,
-24.155743,-15.173678,16.613509,-27.820091,-18.376273,48.151742,-24.315680,-15.127555,16.655309,-24.155743,-15.173678,16.613509,0.200000,
-24.155743,-15.173678,16.613509,-27.820091,-18.376273,48.151742,-24.088159,-15.193128,16.595808,-24.155743,-15.173678,16.613509,0.200000,
-24.155743,-15.173678,16.613509,-27.820091,-18.376273,48.151742,-24.315679,-15.127555,16.655309,-24.155743,-15.173678,16.613509,0.200000,
-24.155743,-15.173678,16.613509,-27.820091,-18.376273,48.151742,-24.088159,-15.193128,16.595808,-24.155743,-15.173678,16.613509,0.200000,
-24.155743,-15.173678,16.613509,-27.820091,-18.376273,48.151742,-24.315679,-15.127555,16.655309,-24.155743,-15.173678,16.613509,0.200000,
-24.155743,-15.173678,16.613509,-27.820091,-18.376273,48.151742,-24.088159,-15.193128,16.595808,-24.155743,-15.173678,16.613509,0.200000,
-24.155743,-15.173678,16.613509,-27.820091,-18.376273,48.151742,-24.315679,-15.127555,16.655309,-24.155743,-15.173678,16.613509,0.200000,
-24.155743,-15.173678,16.613509,-27.820091,-18.376273,48.151742,-24.088159,-15.193128,16.595808,-24.155743,-15.173678,16.613509,0.200000,
-24.155743,-15.173678,16.613509,-27.820091,-18.376273,48.151742,-24.315679,-15.127555,16.655309,-24.155743,-15.173678,16.613509,0.200000,
-24.155743,-15.173678,16.613509,-27.820091,-18.376273,48.151742,-24.088158,-15.193128,16.595807,-24.155743,-15.173678,16.613509,0.200000,
-24.155743,-15.173678,16.613509,-27.820091,-18.376273,48.151742,-24.315679,-15.127555,16.655309,-24.155743,-15.173678,16.613509,0.200000,
-24.155743,-15.173678,16.613509,-27.820091,-18.376273,48.151742,-24.088158,-15.193128,16.595807,-24.155743,-15.173678,16.613509,0.200000,
-24.155743,-15.173678,16.613509,-27.820091,-18.376273,48.151742,-24.315678,-15.127555,16.655309,-24.155743,-15.173678,16.613509,0.200000,
-24.155743,-15.173678,16.613509,-27.820091,-18.376273,48.151742,-24.088158,-15.193128,16.595807,-24.155743,-15.173678,16.613509,0.200000,
-24.155743,-15.173678,16.613509,-27.820091,-18.376273,48.151742,-24.315678,-15.127555,16.655309,-24.155743,-15.173678,16.613509,0.200000,
-24.155743,-15.173678,16.613509,-27.820091,-18.376273,48.151742,-24.088158,-15.193128,16.595807,-24.155743,-15.173678,16.613509,0.200000,
-24.155743,-15.173678,16.613509,-27.820091,-18.376273,48.151742,-24.315678,-15.127555,16.655309,-24.155743,-15.173678,16.613509,0.200000,
-24.155743,-15.173678,16.613509,-27.820091,-18.376273,48.151742,-24.088158,-15.193128,16.595807,-24.155743,-15.173678,16.613509,0.200000,
-24.155743,-15.173678,16.613509,-27.820091,-18.376273,48.151742,-24.315678,-15.127555,16.655309,-24.155743,-15.173678,16.613509,0.200000,
-24.155743,-15.173678,16.613509,-27.820091,-18.376273,48.151742,-24.088157,-15.193128,16.595807,-24.155743,-15.173678,16.613509,0.200000,
-24.155743,-15.173678,16.613509,-27.820091,-18.376273,48.151742,-24.315678,-15.127555,16.655309,-24.155743,-15.173678,16.613509,0.200000,
-24.155743,-15.173678,16.613509,-27.820091,-18.376273,48.151742,-24.088157,-15.193128,16.595807,-24.155743,-15.173678,16.613509,0.200000,
-24.155743,-15.173678,16.613509,-27.820091,-18.376273,48.151742,-24.315678,-15.127555,16.655309,-24.155743,-15.173678,16.613509,0.200000,
-24.155743,-15.173678,16.613509,-27.820091,-18.376273,48.151742,-24.088157,-15.193128,16.595807,-24.155743,-15.173678,16.613509,0.200000,
-24.155743,-15.173678,16.613509,-27.820091,-18.376273,48.151742,-24.315677,-15.127555,16.655309,-24.155743,-15.173678,16.613509,0.200000,
-24.155743,-15.173678,16.613509,-27.820091,-18.376273,48.151742,-24.088157,-15.193129,16.595807,-24.155743,-15.173678,16.613509,0.200000,
-24.155743,-15.173678,16.613509,-27.820091,-18.376273,48.151742,-24.315677,-15.127556,16.655309,-24.155743,-15.173678,16.613509,0.200000,
-24.155743,-15.173678,16.613509,-27.820091,-18.376273,48.151742,-24.088157,-15.193129,16.595807,-24.155743,-15.173678,16.613509,0.200000,
-24.155743,-15.173678,16.613509,-27.820091,-18.376273,48.151742,-24.315677,-15.127556,16.655308,-24.155743,-15.173678,16.613509,0.200000,
-24.155743,-15.173678,16.613509,-27.820091,-18.376273,48.151742,-24.088157,-15.193129,16.595807,-24.155743,-15.173678,16.613509,0.200000,
-24.155743,-15.173678,16.613509,-27.820091,-18.376273,48.151742,-24.315677,-15.127556,16.655308,-24.155743,-15.173678,16.613509,0.200000,
-24.155743,-15.173678,16.613509,-27.820091,-18.376273,48.151742,-24.088156,-15.193129,16.595807,-24.155743,-15.173678,16.613509,0.200000,
-24.155743,-15.173678,16.613509,-27.820091,-18.376273,48.151742,-24.315677,-15.127556,16.655308,-24.155743,-15.173678,16.613509,0.200000,
-24.155743,-15.173678,16.613509,-27.820091,-18.376273,48.151742,-24.088156,-15.193129,16.595807,-24.155743,-15.173678,16.613509,0.200000,
-24.155743,-15.173678,16.613509,-27.820091,-18.376273,48.151742,-24.315676,-15.127556,16.655308,-24.155743,-15.173678,16.613509,0.200000,
-24.155743,-15.173678,16.613509,-27.820091,-18.376273,48.151742,-24.088156,-15.193129,16.595807,-24.155743,-15.173678,16.613509,0.200000,
-24.155743,-15.173678,16.613509,-27.820091,-18.376273,48.151742,-24.315676,-15.127556,16.655308,-24.155743,-15.173678,16.613509,0.200000,
-24.155743,-15.173678,16.613509,-27.820091,-18.376273,48.151742,-24.088156,-15.193129,16.595807,-24.155743,-15.173678,16.613509,0.200000,
-24.155743,-15.173678,16.613509,-27.820091,-18.376273,48.151742,-24.315676,-15.127556,16.655308,-24.155743,-15.173678,16.613509,0.200000,
-24.155743,-15.173678,16.613509,-27.820091,-18.376273,48.151742,-24.088156,-15.193129,16.595807,-24.155743,-15.173678,16.613509,0.200000,
-24.155743,-15.173678,16.613509,-27.820091,-18.376273,48.151742,-24.315676,-15.127556,16.655308,-24.155743,-15.173678,16.613509,0.200000,
-24.155743,-15.173678,16.613509,-27.820091,-18.376273,48.151742,-24.088155,-15.193129,16.595807,-24.155743,-15.173678,16.613509,0.200000,
-24.155743,-15.173678,16.613509,-27.820091,-18.376273,48.151742,-24.315676,-15.127556,16.655308,-24.155743,-15.173678,16.613509,0.200000,
-24.155743,-15.173678,16.613509,-27.820091,-18.376273,48.151742,-24.088155,-15.193129,16.595807,-24.155743,-15.173678,16.613509,0.200000,
-24.155743,-15.173678,16.613509,-27.820091,-18.376273,48.151742,-24.315675,-15.127556,16.655308,-24.155743,-15.173678,16.613509,0.200000,
-24.155743,-15.173678,16.613509,-27.820091,-18.376273,48.151742,-24.088155,-15.193129,16.595807,-24.155743,-15.173678,16.613509,0.200000,
-24.155743,-15.173678,16.613509,-27.820091,-18.376273,48.151742,-24.315675,-15.127556,16.655308,-24.155743,-15.173678,16.613509,0.200000,
-24.155743,-15.173678,16.613509,-27.820091,-18.376273,48.151742,-24.088155,-15.193129,16.595807,-24.155743,-15.173678,16.613509,0.200000,
-24.155743,-15.173678,16.613509,-27.820091,-18.376273,48.151742,-24.315675,-15.127556,16.655308,-24.155743,-15.173678,16.613509,0.200000,
-24.155743,-15.173678,16.613509,-27.820091,-18.376273,48.151742,-24.088155,-15.193129,16.595806,-24.155743,-15.173678,16.613509,0.200000,
-24.155743,-15.173678,16.613509,-27.820091,-18.376273,48.151742,-24.315675,-15.127556,16.655308,-24.155743,-15.173678,16.613509,0.200000,
-24.155743,-15.173678,16.613509,-27.820091,-18.376273,48.151742,-24.088154,-15.193129,16.595806,-24.155743,-15.173678,16.613509,0.200000,
-24.155743,-15.173678,16.613509,-27.820091,-18.376273,48.151742,-24.315675,-15.127556,16.655308,-24.155743,-15.173678,16.613509,0.200000,
-24.155743,-15.173678,16.613509,-27.820091,-18.376273,48.151742,-24.088154,-15.193129,16.595806,-24.155743,-15.173678,16.613509,0.200000,
-24.155743,-15.173678,16.613509,-27.820091,-18.376273,48.151742,-24.315675,-15.127556,16.655308,-24.155743,-15.173678,16.613509,0.200000,
-24.155743,-15.173678,16.613509,-27.820091,-18.376273,48.151742,-24.088154,-15.193129,16.595806,-24.155743,-15.173678,16.613509,0.200000,
-24.155743,-15.173678,16.613509,-27.820091,-18.376273,48.151742,-24.315674,-15.127556,16.655308,-24.155743,-15.173678,16.613509,0.200000,
-24.155743,-15.173678,16.613509,-27.820091,-18.376273,48.151742,-24.088154,-15.193129,16.595806,-24.155743,-15.173678,16.613509,0.200000,
-24.155743,-15.173678,16.613509,-27.820091,-18.376273,48.151742,-24.315674,-15.127556,16.655308,-24.155743,-15.173678,16.613509,0.200000,
-24.155743,-15.173678,16.613509,-27.820091,-18.376273,48.151742,-24.088154,-15.193129,16.595806,-24.155743,-15.173678,16.613509,0.200000,
-24.155743,-15.173678,16.613509,-27.820091,-18.376273,48.151742,-24.315674,-15.127556,16.655308,-24.155743,-15.173678,16.613509,0.200000,
-24.155743,-15.173678,16.613509,-27.820091,-18.376273,48.151742,-24.088154,-15.193129,16.595806,-24.155743,-15.173678,16.613509,0.200000,
-24.155743,-15.173678,16.613509,-27.820091,-18.376273,48.151742,-24.315674,-15.127557,16.655308,-24.155743,-15.173678,16.613509,0.200000,
-24.155743,-15.173678,16.613509,-27.820091,-18.376273,48.151742,-24.088153,-15.193130,16.595806,-24.155743,-15.173678,16.613509,0.200000,
-24.155743,-15.173678,16.613509,-27.820091,-18.376273,48.151742,-24.315674,-15.127557,16.655308,-24.155743,-15.173678,16.613509,0.200000,
-24.155743,-15.173678,16.613509,-27.820091,-18.376273,48.151742,-24.088153,-15.193130,16.595806,-24.155743,-15.173678,16.613509,0.200000,
-24.155743,-15.173678,16.613509,-27.820091,-18.376273,48.151742,-24.315673,-15.127557,16.655308,-24.155743,-15.173678,16.613509,0.200000,
-24.155743,-15.173678,16.613509,-27.820091,-18.376273,48.151742,-24.088153,-15.193130,16.595806,-24.155743,-15.173678,16.613509,0.200000,
-24.155743,-15.173678,16.613509,-27.820091,-18.376273,48.151742,-24.315673,-15.127557,16.655308,-24.155743,-15.173678,16.613509,0.200000,
-24.155743,-15.173678,16.613509,-27.820091,-18.376273,48.151742,-24.088153,-15.193130,16.595806,-24.155743,-15.173678,16.613509,0.200000,
-24.155743,-15.173678,16.613509,-27.820091,-18.376273,48.151742,-24.315673,-15.127557,16.655307,-24.155743,-15.173678,16.613509,0.200000,
-24.155743,-15.173678,16.613509,-27.820091,-18.376273,48.151742,-24.088153,-15.193130,16.595806,-24.155743,-15.173678,16.613509,0.200000,
-24.155743,-15.173678,16.613509,-27.820091,-18.376273,48.151742,-24.315673,-15.127557,16.655307,-24.155743,-15.173678,16.613509,0.200000,
-24.155743,-15.173678,16.613509,-27.820091,-18.376273,48.151742,-24.088152,-15.193130,16.595806,-24.155743,-15.173678,16.613509,0.200000,
-24.155743,-15.173678,16.613509,-27.820091,-18.376273,48.151742,-24.315673,-15.127557,16.655307,-24.155743,-15.173678,16.613509,0.200000,
-24.155743,-15.173678,16.613509,-27.820091,-18.376273,48.151742,-24.088152,-15.193130,16.595806,-24.155743,-15.173678,16.613509,0.200000,
-24.155743,-15.173678,16.613509,-27.820091,-18.376273,48.151742,-24.315673,-15.127557,16.655307,-24.155743,-15.173678,16.613509,0.200000,
-24.155743,-15.173678,16.613509,-27.820091,-18.376273,48.151742,-24.088152,-15.193130,16.595806,-24.155743,-15.173678,16.613509,0.200000,
-24.155743,-15.173678,16.613509,-27.820091,-18.376273,48.151742,-24.315672,-15.127557,16.655307,-24.155743,-15.173678,16.613509,0.200000,
-24.155743,-15.173678,16.613509,-27.820091,-18.376273,48.151742,-24.088152,-15.193130,16.595806,-24.155743,-15.173678,16.613509,0.200000,
-24.155743,-15.173678,16.613509,-27.820091,-18.376273,48.151742,-24.315672,-15.127557,16.655307,-24.155743,-15.173678,16.613509,0.200000,
-24.155743,-15.173678,16.613509,-27.820091,-18.376273,48.151742,-24.088152,-15.193130,16.595806,-24.155743,-15.173678,16.613509,0.200000,
-24.155743,-15.173678,16.613509,-27.820091,-18.376273,48.151742,-24.315672,-15.127557,16.655307,-24.155743,-15.173678,16.613509,0.200000,
-24.155743,-15.173678,16.613509,-27.820091,-18.376273,48.151742,-24.088152,-15.193130,16.595806,-24.155743,-15.173678,16.613509,0.200000,
-24.155743,-15.173678,16.613509,-27.820091,-18.376273,48.151742,-24.315672,-15.127557,16.655307,-24.155743,-15.173678,16.613509,0.200000,
-24.155743,-15.173678,16.613509,-27.820091,-18.376273,48.151742,-24.088151,-15.193130,16.595806,-24.155743,-15.173678,16.613509,0.200000,
-24.155743,-15.173678,16.613509,-27.820091,-18.376273,48.151742,-24.315672,-15.127557,16.655307,-24.155743,-15.173678,16.613509,0.200000,
-24.155743,-15.173678,16.613509,-27.820091,-18.376273,48.151742,-24.088151,-15.193130,16.595806,-24.155743,-15.173678,16.613509,0.200000,
-24.155743,-15.173678,16.613509,-27.820091,-18.376273,48.151742,-24.315671,-15.127557,16.655307,-24.155743,-15.173678,16.613509,0.200000,
-24.155743,-15.173678,16.613509,-27.820091,-18.376273,48.151742,-24.088151,-15.193130,16.595806,-24.155743,-15.173678,16.613509,0.200000,
-24.155743,-15.173678,16.613509,-27.820091,-18.376273,48.151742,-24.315671,-15.127557,16.655307,-24.155743,-15.173678,16.613509,0.200000,
-24.155743,-15.173678,16.613509,-27.820091,-18.376273,48.151742,-24.088151,-15.193130,16.595805,-24.155743,-15.173678,16.613509,0.200000,
-24.155743,-15.173678,16.613509,-27.820091,-18.376273,48.151742,-24.315671,-15.127557,16.655307,-24.155743,-15.173678,16.613509,0.200000,
-24.155743,-15.173678,16.613509,-27.820091,-18.376273,48.151742,-24.088151,-15.193130,16.595805,-24.155743,-15.173678,16.613509,0.200000,
-24.155743,-15.173678,16.613509,-27.820091,-18.376273,48.151742,-24.315671,-15.127557,16.655307,-24.155743,-15.173678,16.613509,0.200000,
-24.155743,-15.173678,16.613509,-27.820091,-18.376273,48.151742,-24.088150,-15.193130,16.595805,-24.155743,-15.173678,16.613509,0.200000,
-24.155743,-15.173678,16.613509,-27.820091,-18.376273,48.151742,-24.315671,-15.127557,16.655307,-24.155743,-15.173678,16.613509,0.200000,
-24.155743,-15.173678,16.613509,-27.820091,-18.376273,48.151742,-24.088150,-15.193130,16.595805,-24.155743,-15.173678,16.613509,0.200000,
-24.155743,-15.173678,16.613509,-27.820091,-18.376273,48.151742,-24.315671,-15.127557,16.655307,-24.155743,-15.173678,16.613509,0.200000,
-24.155743,-15.173678,16.613509,-27.820091,-18.376273,48.151742,-24.088150,-15.193130,16.595805,-24.155743,-15.173678,16.613509,0.200000,
-24.155743,-15.173678,16.613509,-27.820091,-18.376273,48.151742,-24.315670,-15.127558,16.655307,-24.155743,-15.173678,16.613509,0.200000,
-24.155743,-15.173678,16.613509,-27.820091,-18.376273,48.151742,-24.088150,-15.193131,16.595805,-24.155743,-15.173678,16.613509,0.200000,
-24.155743,-15.173678,16.613509,-27.820091,-18.376273,48.151742,-24.315670,-15.127558,16.655307,-24.155743,-15.173678,16.613509,0.200000,
-24.155743,-15.173678,16.613509,-27.820091,-18.376273,48.151742,-24.088150,-15.193131,16.595805,-24.155743,-15.173678,16.613509,0.200000,
-24.155743,-15.173678,16.613509,-27.820091,-18.376273,48.151742,-24.315670,-15.127558,16.655307,-24.155743,-15.173678,16.613509,0.200000,
-24.155743,-15.173678,16.613509,-27.820091,-18.376273,48.151742,-24.088149,-15.193131,16.595805,-24.155743,-15.173678,16.613509,0.200000,
-24.155743,-15.173678,16.613509,-27.820091,-18.376273,48.151742,-24.315670,-15.127558,16.655307,-24.155743,-15.173678,16.613509,0.200000,
-24.155743,-15.173678,16.613509,-27.820091,-18.376273,48.151742,-24.088149,-15.193131,16.595805,-24.155743,-15.173678,16.613509,0.200000,
-24.155743,-15.173678,16.613509,-27.820091,-18.376273,48.151742,-24.315670,-15.127558,16.655307,-24.155743,-15.173678,16.613509,0.200000,
-24.155743,-15.173678,16.613509,-27.820091,-18.376273,48.151742,-24.088149,-15.193131,16.595805,-24.155743,-15.173678,16.613509,0.200000,
-24.155743,-15.173678,16.613509,-27.820091,-18.376273,48.151742,-24.315669,-15.127558,16.655306,-24.155743,-15.173678,16.613509,0.200000,
-24.155743,-15.173678,16.613509,-27.820091,-18.376273,48.151742,-24.088149,-15.193131,16.595805,-24.155743,-15.173678,16.613509,0.200000,
-24.155743,-15.173678,16.613509,-27.820091,-18.376273,48.151742,-24.315669,-15.127558,16.655306,-24.155743,-15.173678,16.613509,0.200000,
-24.155743,-15.173678,16.613509,-27.820091,-18.376273,48.151742,-24.088149,-15.193131,16.595805,-24.155743,-15.173678,16.613509,0.200000,
-24.155743,-15.173678,16.613509,-27.820091,-18.376273,48.151742,-24.315669,-15.127558,16.655306,-24.155743,-15.173678,16.613509,0.200000,
-24.155743,-15.173678,16.613509,-27.820091,-18.376273,48.151742,-24.088149,-15.193131,16.595805,-24.155743,-15.173678,16.613509,0.200000,
-24.155743,-15.173678,16.613509,-27.820091,-18.376273,48.151742,-24.315669,-15.127558,16.655306,-24.155743,-15.173678,16.613509,0.200000,
-24.155743,-15.173678,16.613509,-27.820091,-18.376273,48.151742,-24.088148,-15.193131,16.595805,-24.155743,-15.173678,16.613509,0.200000,
-24.155743,-15.173678,16.613509,-27.820091,-18.376273,48.151742,-24.315669,-15.127558,16.655306,-24.155743,-15.173678,16.613509,0.200000,
-24.155743,-15.173678,16.613509,-27.820091,-18.376273,48.151742,-24.088148,-15.193131,16.595805,-24.155743,-15.173678,16.613509,0.200000,
-24.155743,-15.173678,16.613509,-27.820091,-18.376273,48.151742,-24.315668,-15.127558,16.655306,-24.155743,-15.173678,16.613509,0.200000,
-24.155743,-15.173678,16.613509,-27.820091,-18.376273,48.151742,-24.088148,-15.193131,16.595805,-24.155743,-15.173678,16.613509,0.200000,
-24.155743,-15.173678,16.613509,-27.820091,-18.376273,48.151742,-24.315668,-15.127558,16.655306,-24.155743,-15.173678,16.613509,0.200000,
-24.155743,-15.173678,16.613509,-27.820091,-18.376273,48.151742,-24.088148,-15.193131,16.595805,-24.155743,-15.173678,16.613509,0.200000,
-24.155743,-15.173678,16.613509,-27.820091,-18.376273,48.151742,-24.315668,-15.127558,16.655306,-24.155743,-15.173678,16.613509,0.200000,
-24.155743,-15.173678,16.613509,-27.820091,-18.376273,48.151742,-24.088148,-15.193131,16.595805,-24.155743,-15.173678,16.613509,0.200000,
-24.155743,-15.173678,16.613509,-27.820091,-18.376273,48.151742,-24.315668,-15.127558,16.655306,-24.155743,-15.173678,16.613509,0.200000,
-24.155743,-15.173678,16.613509,-27.820091,-18.376273,48.151742,-24.088147,-15.193131,16.595805,-24.155743,-15.173678,16.613509,0.200000,
-24.155743,-15.173678,16.613509,-27.820091,-18.376273,48.151742,-24.315668,-15.127558,16.655306,-24.155743,-15.173678,16.613509,0.200000,
-24.155743,-15.173678,16.613509,-27.820091,-18.376273,48.151742,-24.088147,-15.193131,16.595805,-24.155743,-15.173678,16.613509,0.200000,
-24.155743,-15.173678,16.613509,-27.820091,-18.376273,48.151742,-24.315668,-15.127558,16.655306,-24.155743,-15.173678,16.613509,0.200000,
-24.155743,-15.173678,16.613509,-27.820091,-18.376273,48.151742,-24.088147,-15.193131,16.595805,-24.155743,-15.173678,16.613509,0.200000,
-24.155743,-15.173678,16.613509,-27.820091,-18.376273,48.151742,-24.315667,-15.127558,16.655306,-24.155743,-15.173678,16.613509,0.200000,
-24.155743,-15.173678,16.613509,-27.820091,-18.376273,48.151742,-24.088147,-15.193131,16.595804,-24.155743,-15.173678,16.613509,0.200000,
-24.155743,-15.173678,16.613509,-27.820091,-18.376273,48.151742,-24.315667,-15.127558,16.655306,-24.155743,-15.173678,16.613509,0.200000,
-24.155743,-15.173678,16.613509,-27.820091,-18.376273,48.151742,-24.088147,-15.193131,16.595804,-24.155743,-15.173678,16.613509,0.200000,
-24.155743,-15.173678,16.613509,-27.820091,-18.376273,48.151742,-24.315667,-15.127558,16.655306,-24.155743,-15.173678,16.613509,0.200000,
-24.155743,-15.173678,16.613509,-27.820091,-18.376273,48.151742,-24.088147,-15.193132,16.595804,-24.155743,-15.173678,16.613509,0.200000,
-24.155743,-15.173678,16.613509,-27.820091,-18.376273,48.151742,-24.315667,-15.127559,16.655306,-24.155743,-15.173678,16.613509,0.200000,
-24.155743,-15.173678,16.613509,-27.820091,-18.376273,48.151742,-24.088146,-15.193132,16.595804,-24.155743,-15.173678,16.613509,0.200000,
-24.155743,-15.173678,16.613509,-27.820091,-18.376273,48.151742,-24.315667,-15.127559,16.655306,-24.155743,-15.173678,16.613509,0.200000,
-24.155743,-15.173678,16.613509,-27.820091,-18.376273,48.151742,-24.088146,-15.193132,16.595804,-24.155743,-15.173678,16.613509,0.200000,
-24.155743,-15.173678,16.613509,-27.820091,-18.376273,48.151742,-24.315666,-15.127559,16.655306,-24.155743,-15.173678,16.613509,0.200000,
-24.155743,-15.173678,16.613509,-27.820091,-18.376273,48.151742,-24.088146,-15.193132,16.595804,-24.155743,-15.173678,16.613509,0.200000,
-24.155743,-15.173678,16.613509,-27.820091,-18.376273,48.151742,-24.315666,-15.127559,16.655306,-24.155743,-15.173678,16.613509,0.200000,
-24.155743,-15.173678,16.613509,-27.820091,-18.376273,48.151742,-24.088146,-15.193132,16.595804,-24.155743,-15.173678,16.613509,0.200000,
-24.155743,-15.173678,16.613509,-27.820091,-18.376273,48.151742,-24.315666,-15.127559,16.655306,-24.155743,-15.173678,16.613509,0.200000,
-24.155743,-15.173678,16.613509,-27.820091,-18.376273,48.151742,-24.088146,-15.193132,16.595804,-24.155743,-15.173678,16.613509,0.200000,
-24.155743,-15.173678,16.613509,-27.820091,-18.376273,48.151742,-24.315666,-15.127559,16.655306,-24.155743,-15.173678,16.613509,0.200000,
-24.155743,-15.173678,16.613509,-27.820091,-18.376273,48.151742,-24.088145,-15.193132,16.595804,-24.155743,-15.173678,16.613509,0.200000,
-24.155743,-15.173678,16.613509,-27.820091,-18.376273,48.151742,-24.315666,-15.127559,16.655306,-24.155743,-15.173678,16.613509,0.200000,
-24.155743,-15.173678,16.613509,-27.820091,-18.376273,48.151742,-24.088145,-15.193132,16.595804,-24.155743,-15.173678,16.613509,0.200000,
-24.155743,-15.173678,16.613509,-27.820091,-18.376273,48.151742,-24.315666,-15.127559,16.655305,-24.155743,-15.173678,16.613509,0.200000,
-24.155743,-15.173678,16.613509,-27.820091,-18.376273,48.151742,-24.088145,-15.193132,16.595804,-24.155743,-15.173678,16.613509,0.200000,
-24.155743,-15.173678,16.613509,-27.820091,-18.376273,48.151742,-24.315665,-15.127559,16.655305,-24.155743,-15.173678,16.613509,0.200000,
-24.155743,-15.173678,16.613509,-27.820091,-18.376273,48.151742,-24.088145,-15.193132,16.595804,-24.155743,-15.173678,16.613509,0.200000,
-24.155743,-15.173678,16.613509,-27.820091,-18.376273,48.151742,-24.315665,-15.127559,16.655305,-24.155743,-15.173678,16.613509,0.200000,
-24.155743,-15.173678,16.613509,-27.820091,-18.376273,48.151742,-24.088145,-15.193132,16.595804,-24.155743,-15.173678,16.613509,0.200000,
-24.155743,-15.173678,16.613509,-27.820091,-18.376273,48.151742,-24.315665,-15.127559,16.655305,-24.155743,-15.173678,16.613509,0.200000,
-24.155743,-15.173678,16.613509,-27.820091,-18.376273,48.151742,-24.088145,-15.193132,16.595804,-24.155743,-15.173678,16.613509,0.200000,
-24.155743,-15.173678,16.613509,-27.820091,-18.376273,48.151742,-24.315665,-15.127559,16.655305,-24.155743,-15.173678,16.613509,0.200000,
-24.155743,-15.173678,16.613509,-27.820091,-18.376273,48.151742,-24.088144,-15.193132,16.595804,-24.155743,-15.173678,16.613509,0.200000,
-24.155743,-15.173678,16.613509,-27.820091,-18.376273,48.151742,-24.315665,-15.127559,16.655305,-24.155743,-15.173678,16.613509,0.200000,
-24.155743,-15.173678,16.613509,-27.820091,-18.376273,48.151742,-24.088144,-15.193132,16.595804,-24.155743,-15.173678,16.613509,0.200000,
-24.155743,-15.173678,16.613509,-27.820091,-18.376273,48.151742,-24.315664,-15.127559,16.655305,-24.155743,-15.173678,16.613509,0.200000,
-24.155743,-15.173678,16.613509,-27.820091,-18.376273,48.151742,-24.088144,-15.193132,16.595804,-24.155743,-15.173678,16.613509,0.200000,
-24.155743,-15.173678,16.613509,-27.820091,-18.376273,48.151742,-24.315664,-15.127559,16.655305,-24.155743,-15.173678,16.613509,0.200000,
-24.155743,-15.173678,16.613509,-27.820091,-18.376273,48.151742,-24.088144,-15.193132,16.595804,-24.155743,-15.173678,16.613509,0.200000,
-24.155743,-15.173678,16.613509,-27.820091,-18.376273,48.151742,-24.315664,-15.127559,16.655305,-24.155743,-15.173678,16.613509,0.200000,
-24.155743,-15.173678,16.613509,-27.820091,-18.376273,48.151742,-24.088144,-15.193132,16.595804,-24.155743,-15.173678,16.613509,0.200000,
-24.155743,-15.173678,16.613509,-27.820091,-18.376273,48.151742,-24.315664,-15.127559,16.655305,-24.155743,-15.173678,16.613509,0.200000,
-24.155743,-15.173678,16.613509,-27.820091,-18.376273,48.151742,-24.088143,-15.193132,16.595804,-24.155743,-15.173678,16.613509,0.200000,
-24.155743,-15.173678,16.613509,-27.820091,-18.376273,48.151742,-24.315664,-15.127559,16.655305,-24.155743,-15.173678,16.613509,0.200000,
-24.155743,-15.173678,16.613509,-27.820091,-18.376273,48.151742,-24.088143,-15.193132,16.595803,-24.155743,-15.173678,16.613509,0.200000,
-24.155743,-15.173678,16.613509,-27.820091,-18.376273,48.151742,-24.315663,-15.127559,16.655305,-24.155743,-15.173678,16.613509,0.200000,
-24.155743,-15.173678,16.613509,-27.820091,-18.376273,48.151742,-24.088143,-15.193133,16.595803,-24.155743,-15.173678,16.613509,0.200000,
-24.155743,-15.173678,16.613509,-27.820091,-18.376273,48.151742,-24.315663,-15.127560,16.655305,-24.155743,-15.173678,16.613509,0.200000,
-24.155743,-15.173678,16.613509,-27.820091,-18.376273,48.151742,-24.088143,-15.193133,16.595803,-24.155743,-15.173678,16.613509,0.200000,
-24.155743,-15.173678,16.613509,-27.820091,-18.376273,48.151742,-24.315663,-15.127560,16.655305,-24.155743,-15.173678,16.613509,0.200000,
-24.155743,-15.173678,16.613509,-27.820091,-18.376273,48.151742,-24.088143,-15.193133,16.595803,-24.155743,-15.173678,16.613509,0.200000,
-24.155743,-15.173678,16.613509,-27.820091,-18.376273,48.151742,-24.315663,-15.127560,16.655305,-24.155743,-15.173678,16.613509,0.200000,
-24.155743,-15.173678,16.613509,-27.820091,-18.376273,48.151742,-24.088142,-15.193133,16.595803,-24.155743,-15.173678,16.613509,0.200000,
-24.155743,-15.173678,16.613509,-27.820091,-18.376273,48.151742,-24.315663,-15.127560,16.655305,-24.155743,-15.173678,16.613509,0.200000,
-24.155743,-15.173678,16.613509,-27.820091,-18.376273,48.151742,-24.088142,-15.193133,16.595803,-24.155743,-15.173678,16.613509,0.200000,
-24.155743,-15.173678,16.613509,-27.820091,-18.376273,48.151742,-24.315663,-15.127560,16.655305,-24.155743,-15.173678,16.613509,0.200000,
-24.155743,-15.173678,16.613509,-27.820091,-18.376273,48.151742,-24.088142,-15.193133,16.595803,-24.155743,-15.173678,16.613509,0.200000,
-24.155743,-15.173678,16.613509,-27.820091,-18.376273,48.151742,-24.315662,-15.127560,16.655305,-24.155743,-15.173678,16.613509,0.200000,
-24.155743,-15.173678,16.613509,-27.820091,-18.376273,48.151742,-24.088142,-15.193133,16.595803,-24.155743,-15.173678,16.613509,0.200000,
-24.155743,-15.173678,16.613509,-27.820091,-18.376273,48.151742,-24.315662,-15.127560,16.655305,-24.155743,-15.173678,16.613509,0.200000,
-24.155743,-15.173678,16.613509,-27.820091,-18.376273,48.151742,-24.088142,-15.193133,16.595803,-24.155743,-15.173678,16.613509,0.200000,
-24.155743,-15.173678,16.613509,-27.820091,-18.376273,48.151742,-24.315662,-15.127560,16.655305,-24.155743,-15.173678,16.613509,0.200000,
-24.155743,-15.173678,16.613509,-27.820091,-18.376273,48.151742,-24.088142,-15.193133,16.595803,-24.155743,-15.173678,16.613509,0.200000,
-24.155743,-15.173678,16.613509,-27.820091,-18.376273,48.151742,-24.315662,-15.127560,16.655305,-24.155743,-15.173678,16.613509,0.200000,
-24.155743,-15.173678,16.613509,-27.820091,-18.376273,48.151742,-24.088141,-15.193133,16.595803,-24.155743,-15.173678,16.613509,0.200000,
-24.155743,-15.173678,16.613509,-27.820091,-18.376273,48.151742,-24.315662,-15.127560,16.655304,-24.155743,-15.173678,16.613509,0.200000,
-24.155743,-15.173678,16.613509,-27.820091,-18.376273,48.151742,-24.088141,-15.193133,16.595803,-24.155743,-15.173678,16.613509,0.200000,
-24.155743,-15.173678,16.613509,-27.820091,-18.376273,48.151742,-24.315661,-15.127560,16.655304,-24.155743,-15.173678,16.613509,0.200000,
-24.155743,-15.173678,16.613509,-27.820091,-18.376273,48.151742,-24.088141,-15.193133,16.595803,-24.155743,-15.173678,16.613509,0.200000,
-24.155743,-15.173678,16.613509,-27.820091,-18.376273,48.151742,-24.315661,-15.127560,16.655304,-24.155743,-15.173678,16.613509,0.200000,
-24.155743,-15.173678,16.613509,-27.820091,-18.376273,48.151742,-24.088141,-15.193133,16.595803,-24.155743,-15.173678,16.613509,0.200000,
-24.155743,-15.173678,16.613509,-27.820091,-18.376273,48.151742,-24.315661,-15.127560,16.655304,-24.155743,-15.173678,16.613509,0.200000,
-24.155743,-15.173678,16.613509,-27.820091,-18.376273,48.151742,-24.088141,-15.193133,16.595803,-24.155743,-15.173678,16.613509,0.200000,
-24.155743,-15.173678,16.613509,-27.820091,-18.376273,48.151742,-24.315661,-15.127560,16.655304,-24.155743,-15.173678,16.613509,0.200000,
-24.155743,-15.173678,16.613509,-27.820091,-18.376273,48.151742,-24.088140,-15.193133,16.595803,-24.155743,-15.173678,16.613509,0.200000,
-24.155743,-15.173678,16.613509,-27.820091,-18.376273,48.151742,-24.315661,-15.127560,16.655304,-24.155743,-15.173678,16.613509,0.200000,
-24.155743,-15.173678,16.613509,-27.820091,-18.376273,48.151742,-24.088140,-15.193133,16.595803,-24.155743,-15.173678,16.613509,0.200000,
-24.155743,-15.173678,16.613509,-27.820091,-18.376273,48.151742,-24.315661,-15.127560,16.655304,-24.155743,-15.173678,16.613509,0.200000,
-24.155743,-15.173678,16.613509,-27.820091,-18.376273,48.151742,-24.088140,-15.193133,16.595803,-24.155743,-15.173678,16.613509,0.200000,
-24.155743,-15.173678,16.613509,-27.820091,-18.376273,48.151742,-24.315660,-15.127560,16.655304,-24.155743,-15.173678,16.613509,0.200000,
-24.155743,-15.173678,16.613509,-27.820091,-18.376273,48.151742,-24.088140,-15.193133,16.595803,-24.155743,-15.173678,16.613509,0.200000,
-24.155743,-15.173678,16.613509,-27.820091,-18.376273,48.151742,-24.315660,-15.127560,16.655304,-24.155743,-15.173678,16.613509,0.200000,
-24.155743,-15.173678,16.613509,-27.820091,-18.376273,48.151742,-24.088140,-15.193133,16.595803,-24.155743,-15.173678,16.613509,0.200000,
-24.155743,-15.173678,16.613509,-27.820091,-18.376273,48.151742,-24.315660,-15.127561,16.655304,-24.155743,-15.173678,16.613509,0.200000,
-24.155743,-15.173678,16.613509,-27.820091,-18.376273,48.151742,-24.088140,-15.193134,16.595803,-24.155743,-15.173678,16.613509,0.200000,
-24.155743,-15.173678,16.613509,-27.820091,-18.376273,48.151742,-24.315660,-15.127561,16.655304,-24.155743,-15.173678,16.613509,0.200000,
-24.155743,-15.173678,16.613509,-27.820091,-18.376273,48.151742,-24.088139,-15.193134,16.595802,-24.155743,-15.173678,16.613509,0.200000,
-24.155743,-15.173678,16.613509,-27.820091,-18.376273,48.151742,-24.315660,-15.127561,16.655304,-24.155743,-15.173678,16.613509,0.200000,
-24.155743,-15.173678,16.613509,-27.820091,-18.376273,48.151742,-24.088139,-15.193134,16.595802,-24.155743,-15.173678,16.613509,0.200000,
-24.155743,-15.173678,16.613509,-27.820091,-18.376273,48.151742,-24.315659,-15.127561,16.655304,-24.155743,-15.173678,16.613509,0.200000,
-24.155743,-15.173678,16.613509,-27.820091,-18.376273,48.151742,-24.088139,-15.193134,16.595802,-24.155743,-15.173678,16.613509,0.200000,
-24.155743,-15.173678,16.613509,-27.820091,-18.376273,48.151742,-24.315659,-15.127561,16.655304,-24.155743,-15.173678,16.613509,0.200000,
-24.155743,-15.173678,16.613509,-27.820091,-18.376273,48.151742,-24.088139,-15.193134,16.595802,-24.155743,-15.173678,16.613509,0.200000,
-24.155743,-15.173678,16.613509,-27.820091,-18.376273,48.151742,-24.315659,-15.127561,16.655304,-24.155743,-15.173678,16.613509,0.200000,
-24.155743,-15.173678,16.613509,-27.820091,-18.376273,48.151742,-24.088139,-15.193134,16.595802,-24.155743,-15.173678,16.613509,0.200000,
-24.155743,-15.173678,16.613509,-27.820091,-18.376273,48.151742,-24.315659,-15.127561,16.655304,-24.155743,-15.173678,16.613509,0.200000,
-24.155743,-15.173678,16.613509,-27.820091,-18.376273,48.151742,-24.088138,-15.193134,16.595802,-24.155743,-15.173678,16.613509,0.200000,
-24.155743,-15.173678,16.613509,-27.820091,-18.376273,48.151742,-24.315659,-15.127561,16.655304,-24.155743,-15.173678,16.613509,0.200000,
-24.155743,-15.173678,16.613509,-27.820091,-18.376273,48.151742,-24.088138,-15.193134,16.595802,-24.155743,-15.173678,16.613509,0.200000,
-24.155743,-15.173678,16.613509,-27.820091,-18.376273,48.151742,-24.315659,-15.127561,16.655304,-24.155743,-15.173678,16.613509,0.200000,
-24.155743,-15.173678,16.613509,-27.820091,-18.376273,48.151742,-24.088138,-15.193134,16.595802,-24.155743,-15.173678,16.613509,0.200000,
-24.155743,-15.173678,16.613509,-27.820091,-18.376273,48.151742,-24.315658,-15.127561,16.655304,-24.155743,-15.173678,16.613509,0.200000,
-24.155743,-15.173678,16.613509,-27.820091,-18.376273,48.151742,-24.088138,-15.193134,16.595802,-24.155743,-15.173678,16.613509,0.200000,
-24.155743,-15.173678,16.613509,-27.820091,-18.376273,48.151742,-24.315658,-15.127561,16.655304,-24.155743,-15.173678,16.613509,0.200000,
-24.155743,-15.173678,16.613509,-27.820091,-18.376273,48.151742,-24.088138,-15.193134,16.595802,-24.155743,-15.173678,16.613509,0.200000,
-24.155743,-15.173678,16.613509,-27.820091,-18.376273,48.151742,-24.315658,-15.127561,16.655304,-24.155743,-15.173678,16.613509,0.200000,
-24.155743,-15.173678,16.613509,-27.820091,-18.376273,48.151742,-24.088137,-15.193134,16.595802,-24.155743,-15.173678,16.613509,0.200000,
-24.155743,-15.173678,16.613509,-27.820091,-18.376273,48.151742,-24.315658,-15.127561,16.655303,-24.155743,-15.173678,16.613509,0.200000,
-24.155743,-15.173678,16.613509,-27.820091,-18.376273,48.151742,-24.088137,-15.193134,16.595802,-24.155743,-15.173678,16.613509,0.200000,
-24.155743,-15.173678,16.613509,-27.820091,-18.376273,48.151742,-24.315658,-15.127561,16.655303,-24.155743,-15.173678,16.613509,0.200000,
-24.155743,-15.173678,16.613509,-27.820091,-18.376273,48.151742,-24.088137,-15.193134,16.595802,-24.155743,-15.173678,16.613509,0.200000,
-24.155743,-15.173678,16.613509,-27.820091,-18.376273,48.151742,-24.315657,-15.127561,16.655303,-24.155743,-15.173678,16.613509,0.200000,
-24.155743,-15.173678,16.613509,-27.820091,-18.376273,48.151742,-24.088137,-15.193134,16.595802,-24.155743,-15.173678,16.613509,0.200000,
-24.155743,-15.173678,16.613509,-27.820091,-18.376273,48.151742,-24.315657,-15.127561,16.655303,-24.155743,-15.173678,16.613509,0.200000,
-24.155743,-15.173678,16.613509,-27.820091,-18.376273,48.151742,-24.088137,-15.193134,16.595802,-24.155743,-15.173678,16.613509,0.200000,
-24.155743,-15.173678,16.613509,-27.820091,-18.376273,48.151742,-24.315657,-15.127561,16.655303,-24.155743,-15.173678,16.613509,0.200000,
-24.155743,-15.173678,16.613509,-27.820091,-18.376273,48.151742,-24.088137,-15.193134,16.595802,-24.155743,-15.173678,16.613509,0.200000,
-24.155743,-15.173678,16.613509,-27.820091,-18.376273,48.151742,-24.315657,-15.127561,16.655303,-24.155743,-15.173678,16.613509,0.200000,
-24.155743,-15.173678,16.613509,-27.820091,-18.376273,48.151742,-24.088136,-15.193134,16.595802,-24.155743,-15.173678,16.613509,0.200000,
-24.155743,-15.173678,16.613509,-27.820091,-18.376273,48.151742,-24.315657,-15.127561,16.655303,-24.155743,-15.173678,16.613509,0.200000,
-24.155743,-15.173678,16.613509,-27.820091,-18.376273,48.151742,-24.088136,-15.193134,16.595802,-24.155743,-15.173678,16.613509,0.200000,
-24.155743,-15.173678,16.613509,-27.820091,-18.376273,48.151742,-24.315656,-15.127562,16.655303,-24.155743,-15.173678,16.613509,0.200000,
-24.155743,-15.173678,16.613509,-27.820091,-18.376273,48.151742,-24.088136,-15.193135,16.595802,-24.155743,-15.173678,16.613509,0.200000,
-24.155743,-15.173678,16.613509,-27.820091,-18.376273,48.151742,-24.315656,-15.127562,16.655303,-24.155743,-15.173678,16.613509,0.200000,
-24.155743,-15.173678,16.613509,-27.820091,-18.376273,48.151742,-24.088136,-15.193135,16.595802,-24.155743,-15.173678,16.613509,0.200000,
-24.155743,-15.173678,16.613509,-27.820091,-18.376273,48.151742,-24.315656,-15.127562,16.655303,-24.155743,-15.173678,16.613509,0.200000,
-24.155743,-15.173678,16.613509,-27.820091,-18.376273,48.151742,-24.088136,-15.193135,16.595802,-24.155743,-15.173678,16.613509,0.200000,
-24.155743,-15.173678,16.613509,-27.820091,-18.376273,48.151742,-24.315656,-15.127562,16.655303,-24.155743,-15.173678,16.613509,0.200000,
-24.155743,-15.173678,16.613509,-27.820091,-18.376273,48.151742,-24.088135,-15.193135,16.595801,-24.155743,-15.173678,16.613509,0.200000,
-24.155743,-15.173678,16.613509,-27.820091,-18.376273,48.151742,-24.315656,-15.127562,16.655303,-24.155743,-15.173678,16.613509,0.200000,
-24.155743,-15.173678,16.613509,-27.820091,-18.376273,48.151742,-24.088135,-15.193135,16.595801,-24.155743,-15.173678,16.613509,0.200000,
-24.155743,-15.173678,16.613509,-27.820091,-18.376273,48.151742,-24.315656,-15.127562,16.655303,-24.155743,-15.173678,16.613509,0.200000,
-24.155743,-15.173678,16.613509,-27.820091,-18.376273,48.151742,-24.088135,-15.193135,16.595801,-24.155743,-15.173678,16.613509,0.200000,
-24.155743,-15.173678,16.613509,-27.820091,-18.376273,48.151742,-24.315655,-15.127562,16.655303,-24.155743,-15.173678,16.613509,0.200000,
-24.155743,-15.173678,16.613509,-27.820091,-18.376273,48.151742,-24.088135,-15.193135,16.595801,-24.155743,-15.173678,16.613509,0.200000,
-24.155743,-15.173678,16.613509,-27.820091,-18.376273,48.151742,-24.315655,-15.127562,16.655303,-24.155743,-15.173678,16.613509,0.200000,
-24.155743,-15.173678,16.613509,-27.820091,-18.376273,48.151742,-24.088135,-15.193135,16.595801,-24.155743,-15.173678,16.613509,0.200000,
-24.155743,-15.173678,16.613509,-27.820091,-18.376273,48.151742,-24.315655,-15.127562,16.655303,-24.155743,-15.173678,16.613509,0.200000,
-24.155743,-15.173678,16.613509,-27.820091,-18.376273,48.151742,-24.088135,-15.193135,16.595801,-24.155743,-15.173678,16.613509,0.200000,
-24.155743,-15.173678,16.613509,-27.820091,-18.376273,48.151742,-24.315655,-15.127562,16.655303,-24.155743,-15.173678,16.613509,0.200000,
-24.155743,-15.173678,16.613509,-27.820091,-18.376273,48.151742,-24.088134,-15.193135,16.595801,-24.155743,-15.173678,16.613509,0.200000,
-24.155743,-15.173678,16.613509,-27.820091,-18.376273,48.151742,-24.315655,-15.127562,16.655303,-24.155743,-15.173678,16.613509,0.200000,
-24.155743,-15.173678,16.613509,-27.820091,-18.376273,48.151742,-24.088134,-15.193135,16.595801,-24.155743,-15.173678,16.613509,0.200000,
-24.155743,-15.173678,16.613509,-27.820091,-18.376273,48.151742,-24.315654,-15.127562,16.655303,-24.155743,-15.173678,16.613509,0.200000,
-24.155743,-15.173678,16.613509,-27.820091,-18.376273,48.151742,-24.088134,-15.193135,16.595801,-24.155743,-15.173678,16.613509,0.200000,
-24.155743,-15.173678,16.613509,-27.820091,-18.376273,48.151742,-24.315654,-15.127562,16.655303,-24.155743,-15.173678,16.613509,0.200000,
-24.155743,-15.173678,16.613509,-27.820091,-18.376273,48.151742,-24.088134,-15.193135,16.595801,-24.155743,-15.173678,16.613509,0.200000,
-24.155743,-15.173678,16.613509,-27.820091,-18.376273,48.151742,-24.315654,-15.127562,16.655302,-24.155743,-15.173678,16.613509,0.200000,
-24.155743,-15.173678,16.613509,-27.820091,-18.376273,48.151742,-24.088134,-15.193135,16.595801,-24.155743,-15.173678,16.613509,0.200000,
-24.155743,-15.173678,16.613509,-27.820091,-18.376273,48.151742,-24.315654,-15.127562,16.655302,-24.155743,-15.173678,16.613509,0.200000,
-24.155743,-15.173678,16.613509,-27.820091,-18.376273,48.151742,-24.088133,-15.193135,16.595801,-24.155743,-15.173678,16.613509,0.200000,
-24.155743,-15.173678,16.613509,-27.820091,-18.376273,48.151742,-24.315654,-15.127562,16.655302,-24.155743,-15.173678,16.613509,0.200000,
-24.155743,-15.173678,16.613509,-27.820091,-18.376273,48.151742,-24.088133,-15.193135,16.595801,-24.155743,-15.173678,16.613509,0.200000,
-24.155743,-15.173678,16.613509,-27.820091,-18.376273,48.151742,-24.315654,-15.127562,16.655302,-24.155743,-15.173678,16.613509,0.200000,
-24.155743,-15.173678,16.613509,-27.820091,-18.376273,48.151742,-24.088133,-15.193135,16.595801,-24.155743,-15.173678,16.613509,0.200000,
-24.155743,-15.173678,16.613509,-27.820091,-18.376273,48.151742,-24.315653,-15.127562,16.655302,-24.155743,-15.173678,16.613509,0.200000,
-24.155743,-15.173678,16.613509,-27.820091,-18.376273,48.151742,-24.088133,-15.193135,16.595801,-24.155743,-15.173678,16.613509,0.200000,
-24.155743,-15.173678,16.613509,-27.820091,-18.376273,48.151742,-24.315653,-15.127562,16.655302,-24.155743,-15.173678,16.613509,0.200000,
-24.155743,-15.173678,16.613509,-27.820091,-18.376273,48.151742,-24.088133,-15.193135,16.595801,-24.155743,-15.173678,16.613509,0.200000,
-24.155743,-15.173678,16.613509,-27.820091,-18.376273,48.151742,-24.315653,-15.127563,16.655302,-24.155743,-15.173678,16.613509,0.200000,
-24.155743,-15.173678,16.613509,-27.820091,-18.376273,48.151742,-24.088132,-15.193136,16.595801,-24.155743,-15.173678,16.613509,0.200000,
-24.155743,-15.173678,16.613509,-27.820091,-18.376273,48.151742,-24.315653,-15.127563,16.655302,-24.155743,-15.173678,16.613509,0.200000,
-24.155743,-15.173678,16.613509,-27.820091,-18.376273,48.151742,-24.088132,-15.193136,16.595801,-24.155743,-15.173678,16.613509,0.200000,
-24.155743,-15.173678,16.613509,-27.820091,-18.376273,48.151742,-24.315653,-15.127563,16.655302,-24.155743,-15.173678,16.613509,0.200000,
-24.155743,-15.173678,16.613509,-27.820091,-18.376273,48.151742,-24.088132,-15.193136,16.595801,-24.155743,-15.173678,16.613509,0.200000,
-24.155743,-15.173678,16.613509,-27.820091,-18.376273,48.151742,-24.315652,-15.127563,16.655302,-24.155743,-15.173678,16.613509,0.200000,
-24.155743,-15.173678,16.613509,-27.820091,-18.376273,48.151742,-24.088132,-15.193136,16.595801,-24.155743,-15.173678,16.613509,0.200000,
-24.155743,-15.173678,16.613509,-27.820091,-18.376273,48.151742,-24.315652,-15.127563,16.655302,-24.155743,-15.173678,16.613509,0.200000,
-24.155743,-15.173678,16.613509,-27.820091,-18.376273,48.151742,-24.088132,-15.193136,16.595800,-24.155743,-15.173678,16.613509,0.200000,
-24.155743,-15.173678,16.613509,-27.820091,-18.376273,48.151742,-24.315652,-15.127563,16.655302,-24.155743,-15.173678,16.613509,0.200000,
-24.155743,-15.173678,16.613509,-27.820091,-18.376273,48.151742,-24.088132,-15.193136,16.595800,-24.155743,-15.173678,16.613509,0.200000,
-24.155743,-15.173678,16.613509,-27.820091,-18.376273,48.151742,-24.315652,-15.127563,16.655302,-24.155743,-15.173678,16.613509,0.200000,
-24.155743,-15.173678,16.613509,-27.820091,-18.376273,48.151742,-24.088131,-15.193136,16.595800,-24.155743,-15.173678,16.613509,0.200000,
-24.155743,-15.173678,16.613509,-27.820091,-18.376273,48.151742,-24.315652,-15.127563,16.655302,-24.155743,-15.173678,16.613509,0.200000,
-24.155743,-15.173678,16.613509,-27.820091,-18.376273,48.151742,-24.088131,-15.193136,16.595800,-24.155743,-15.173678,16.613509,0.200000,
-24.155743,-15.173678,16.613509,-27.820091,-18.376273,48.151742,-24.315651,-15.127563,16.655302,-24.155743,-15.173678,16.613509,0.200000,
-24.155743,-15.173678,16.613509,-27.820091,-18.376273,48.151742,-24.088131,-15.193136,16.595800,-24.155743,-15.173678,16.613509,0.200000,
-24.155743,-15.173678,16.613509,-27.820091,-18.376273,48.151742,-24.315651,-15.127563,16.655302,-24.155743,-15.173678,16.613509,0.200000,
-24.155743,-15.173678,16.613509,-27.820091,-18.376273,48.151742,-24.088131,-15.193136,16.595800,-24.155743,-15.173678,16.613509,0.200000,
-24.155743,-15.173678,16.613509,-27.820091,-18.376273,48.151742,-24.315651,-15.127563,16.655302,-24.155743,-15.173678,16.613509,0.200000,
-24.155743,-15.173678,16.613509,-27.820091,-18.376273,48.151742,-24.088131,-15.193136,16.595800,-24.155743,-15.173678,16.613509,0.200000,
-24.155743,-15.173678,16.613509,-27.820091,-18.376273,48.151742,-24.315651,-15.127563,16.655302,-24.155743,-15.173678,16.613509,0.200000,
-24.155743,-15.173678,16.613509,-27.820091,-18.376273,48.151742,-24.088130,-15.193136,16.595800,-24.155743,-15.173678,16.613509,0.200000,
-24.155743,-15.173678,16.613509,-27.820091,-18.376273,48.151742,-24.315651,-15.127563,16.655302,-24.155743,-15.173678,16.613509,0.200000,
-24.155743,-15.173678,16.613509,-27.820091,-18.376273,48.151742,-24.088130,-15.193136,16.595800,-24.155743,-15.173678,16.613509,0.200000,
-24.155743,-15.173678,16.613509,-27.820091,-18.376273,48.151742,-24.315651,-15.127563,16.655302,-24.155743,-15.173678,16.613509,0.200000,
-24.155743,-15.173678,16.613509,-27.820091,-18.376273,48.151742,-24.088130,-15.193136,16.595800,-24.155743,-15.173678,16.613509,0.200000,
-24.155743,-15.173678,16.613509,-27.820091,-18.376273,48.151742,-24.315650,-15.127563,16.655302,-24.155743,-15.173678,16.613509,0.200000,
-24.155743,-15.173678,16.613509,-27.820091,-18.376273,48.151742,-24.088130,-15.193136,16.595800,-24.155743,-15.173678,16.613509,0.200000,
-24.155743,-15.173678,16.613509,-27.820091,-18.376273,48.151742,-24.315650,-15.127563,16.655301,-24.155743,-15.173678,16.613509,0.200000,
-24.155743,-15.173678,16.613509,-27.820091,-18.376273,48.151742,-24.088130,-15.193136,16.595800,-24.155743,-15.173678,16.613509,0.200000,
-24.155743,-15.173678,16.613509,-27.820091,-18.376273,48.151742,-24.315650,-15.127563,16.655301,-24.155743,-15.173678,16.613509,0.200000,
-24.155743,-15.173678,16.613509,-27.820091,-18.376273,48.151742,-24.088130,-15.193136,16.595800,-24.155743,-15.173678,16.613509,0.200000,
-24.155743,-15.173678,16.613509,-27.820091,-18.376273,48.151742,-24.315650,-15.127563,16.655301,-24.155743,-15.173678,16.613509,0.200000,
-24.155743,-15.173678,16.613509,-27.820091,-18.376273,48.151742,-24.088129,-15.193136,16.595800,-24.155743,-15.173678,16.613509,0.200000,
-24.155743,-15.173678,16.613509,-27.820091,-18.376273,48.151742,-24.315650,-15.127563,16.655301,-24.155743,-15.173678,16.613509,0.200000,
-24.155743,-15.173678,16.613509,-27.820091,-18.376273,48.151742,-24.088129,-15.193137,16.595800,-24.155743,-15.173678,16.613509,0.200000,
-24.155743,-15.173678,16.613509,-27.820091,-18.376273,48.151742,-24.315649,-15.127564,16.655301,-24.155743,-15.173678,16.613509,0.200000,
-24.155743,-15.173678,16.613509,-27.820091,-18.376273,48.151742,-24.088129,-15.193137,16.595800,-24.155743,-15.173678,16.613509,0.200000,
-24.155743,-15.173678,16.613509,-27.820091,-18.376273,48.151742,-24.315649,-15.127564,16.655301,-24.155743,-15.173678,16.613509,0.200000,
-24.155743,-15.173678,16.613509,-27.820091,-18.376273,48.151742,-24.088129,-15.193137,16.595800,-24.155743,-15.173678,16.613509,0.200000,
-24.155743,-15.173678,16.613509,-27.820091,-18.376273,48.151742,-24.315649,-15.127564,16.655301,-24.155743,-15.173678,16.613509,0.200000,
-24.155743,-15.173678,16.613509,-27.820091,-18.376273,48.151742,-24.088129,-15.193137,16.595800,-24.155743,-15.173678,16.613509,0.200000,
-24.155743,-15.173678,16.613509,-27.820091,-18.376273,48.151742,-24.315649,-15.127564,16.655301,-24.155743,-15.173678,16.613509,0.200000,
-24.155743,-15.173678,16.613509,-27.820091,-18.376273,48.151742,-24.088128,-15.193137,16.595800,-24.155743,-15.173678,16.613509,0.200000,
-24.155743,-15.173678,16.613509,-27.820091,-18.376273,48.151742,-24.315649,-15.127564,16.655301,-24.155743,-15.173678,16.613509,0.200000,
-24.155743,-15.173678,16.613509,-27.820091,-18.376273,48.151742,-24.088128,-15.193137,16.595800,-24.155743,-15.173678,16.613509,0.200000,
-24.155743,-15.173678,16.613509,-27.820091,-18.376273,48.151742,-24.315649,-15.127564,16.655301,-24.155743,-15.173678,16.613509,0.200000,
-24.155743,-15.173678,16.613509,-27.820091,-18.376273,48.151742,-24.088128,-15.193137,16.595800,-24.155743,-15.173678,16.613509,0.200000,
-24.155743,-15.173678,16.613509,-27.820091,-18.376273,48.151742,-24.315648,-15.127564,16.655301,-24.155743,-15.173678,16.613509,0.200000,
-24.155743,-15.173678,16.613509,-27.820091,-18.376273,48.151742,-24.088128,-15.193137,16.595799,-24.155743,-15.173678,16.613509,0.200000,
-24.155743,-15.173678,16.613509,-27.820091,-18.376273,48.151742,-24.315648,-15.127564,16.655301,-24.155743,-15.173678,16.613509,0.200000,
-24.155743,-15.173678,16.613509,-27.820091,-18.376273,48.151742,-24.088128,-15.193137,16.595799,-24.155743,-15.173678,16.613509,0.200000,
-24.155743,-15.173678,16.613509,-27.820091,-18.376273,48.151742,-24.315648,-15.127564,16.655301,-24.155743,-15.173678,16.613509,0.200000,
-24.155743,-15.173678,16.613509,-27.820091,-18.376273,48.151742,-24.088128,-15.193137,16.595799,-24.155743,-15.173678,16.613509,0.200000,
-24.155743,-15.173678,16.613509,-27.820091,-18.376273,48.151742,-24.315648,-15.127564,16.655301,-24.155743,-15.173678,16.613509,0.200000,
-24.155743,-15.173678,16.613509,-27.820091,-18.376273,48.151742,-24.088127,-15.193137,16.595799,-24.155743,-15.173678,16.613509,0.200000,
-24.155743,-15.173678,16.613509,-27.820091,-18.376273,48.151742,-24.315648,-15.127564,16.655301,-24.155743,-15.173678,16.613509,0.200000,
-24.155743,-15.173678,16.613509,-27.820091,-18.376273,48.151742,-24.088127,-15.193137,16.595799,-24.155743,-15.173678,16.613509,0.200000,
-24.155743,-15.173678,16.613509,-27.820091,-18.376273,48.151742,-24.315647,-15.127564,16.655301,-24.155743,-15.173678,16.613509,0.200000,
-24.155743,-15.173678,16.613509,-27.820091,-18.376273,48.151742,-24.088127,-15.193137,16.595799,-24.155743,-15.173678,16.613509,0.200000,
-24.155743,-15.173678,16.613509,-27.820091,-18.376273,48.151742,-24.315647,-15.127564,16.655301,-24.155743,-15.173678,16.613509,0.200000,
-24.155743,-15.173678,16.613509,-27.820091,-18.376273,48.151742,-24.088127,-15.193137,16.595799,-24.155743,-15.173678,16.613509,0.200000,
-24.155743,-15.173678,16.613509,-27.820091,-18.376273,48.151742,-24.315647,-15.127564,16.655301,-24.155743,-15.173678,16.613509,0.200000,
-24.155743,-15.173678,16.613509,-27.820091,-18.376273,48.151742,-24.088127,-15.193137,16.595799,-24.155743,-15.173678,16.613509,0.200000,
-24.155743,-15.173678,16.613509,-27.820091,-18.376273,48.151742,-24.315647,-15.127564,16.655301,-24.155743,-15.173678,16.613509,0.200000,
-24.155743,-15.173678,16.613509,-27.820091,-18.376273,48.151742,-24.088126,-15.193137,16.595799,-24.155743,-15.173678,16.613509,0.200000,
-24.155743,-15.173678,16.613509,-27.820091,-18.376273,48.151742,-24.315647,-15.127564,16.655301,-24.155743,-15.173678,16.613509,0.200000,
-24.155743,-15.173678,16.613509,-27.820091,-18.376273,48.151742,-24.088126,-15.193137,16.595799,-24.155743,-15.173678,16.613509,0.200000,
-24.155743,-15.173678,16.613509,-27.820091,-18.376273,48.151742,-24.315647,-15.127564,16.655301,-24.155743,-15.173678,16.613509,0.200000,
-24.155743,-15.173678,16.613509,-27.820091,-18.376273,48.151742,-24.088126,-15.193137,16.595799,-24.155743,-15.173678,16.613509,0.200000,
-24.155743,-15.173678,16.613509,-27.820091,-18.376273,48.151742,-24.315646,-15.127564,16.655300,-24.155743,-15.173678,16.613509,0.200000,
-24.155743,-15.173678,16.613509,-27.820091,-18.376273,48.151742,-24.088126,-15.193137,16.595799,-24.155743,-15.173678,16.613509,0.200000,
-24.155743,-15.173678,16.613509,-27.820091,-18.376273,48.151742,-24.315646,-15.127565,16.655300,-24.155743,-15.173678,16.613509,0.200000,
-24.155743,-15.173678,16.613509,-27.820091,-18.376273,48.151742,-24.088126,-15.193138,16.595799,-24.155743,-15.173678,16.613509,0.200000,
-24.155743,-15.173678,16.613509,-27.820091,-18.376273,48.151742,-24.315646,-15.127565,16.655300,-24.155743,-15.173678,16.613509,0.200000,
-24.155743,-15.173678,16.613509,-27.820091,-18.376273,48.151742,-24.088125,-15.193138,16.595799,-24.155743,-15.173678,16.613509,0.200000,
-24.155743,-15.173678,16.613509,-27.820091,-18.376273,48.151742,-24.315646,-15.127565,16.655300,-24.155743,-15.173678,16.613509,0.200000,
-24.155743,-15.173678,16.613509,-27.820091,-18.376273,48.151742,-24.088125,-15.193138,16.595799,-24.155743,-15.173678,16.613509,0.200000,
-24.155743,-15.173678,16.613509,-27.820091,-18.376273,48.151742,-24.315646,-15.127565,16.655300,-24.155743,-15.173678,16.613509,0.200000,
-24.155743,-15.173678,16.613509,-27.820091,-18.376273,48.151742,-24.088125,-15.193138,16.595799,-24.155743,-15.173678,16.613509,0.200000,
-24.155743,-15.173678,16.613509,-27.820091,-18.376273,48.151742,-24.315645,-15.127565,16.655300,-24.155743,-15.173678,16.613509,0.200000,
-24.155743,-15.173678,16.613509,-27.820091,-18.376273,48.151742,-24.088125,-15.193138,16.595799,-24.155743,-15.173678,16.613509,0.200000,
-24.155743,-15.173678,16.613509,-27.820091,-18.376273,48.151742,-24.315645,-15.127565,16.655300,-24.155743,-15.173678,16.613509,0.200000,
-24.155743,-15.173678,16.613509,-27.820091,-18.376273,48.151742,-24.088125,-15.193138,16.595799,-24.155743,-15.173678,16.613509,0.200000,
-24.155743,-15.173678,16.613509,-27.820091,-18.376273,48.151742,-24.315645,-15.127565,16.655300,-24.155743,-15.173678,16.613509,0.200000,
-24.155743,-15.173678,16.613509,-27.820091,-18.376273,48.151742,-24.088125,-15.193138,16.595799,-24.155743,-15.173678,16.613509,0.200000,
-24.155743,-15.173678,16.613509,-27.820091,-18.376273,48.151742,-24.315645,-15.127565,16.655300,-24.155743,-15.173678,16.613509,0.200000,
-24.155743,-15.173678,16.613509,-27.820091,-18.376273,48.151742,-24.088124,-15.193138,16.595799,-24.155743,-15.173678,16.613509,0.200000,
-24.155743,-15.173678,16.613509,-27.820091,-18.376273,48.151742,-24.315645,-15.127565,16.655300,-24.155743,-15.173678,16.613509,0.200000,
-24.155743,-15.173678,16.613509,-27.820091,-18.376273,48.151742,-24.088124,-15.193138,16.595798,-24.155743,-15.173678,16.613509,0.200000,
-24.155743,-15.173678,16.613509,-27.820091,-18.376273,48.151742,-24.315644,-15.127565,16.655300,-24.155743,-15.173678,16.613509,0.200000,
-24.155743,-15.173678,16.613509,-27.820091,-18.376273,48.151742,-24.088124,-15.193138,16.595798,-24.155743,-15.173678,16.613509,0.200000,
-24.155743,-15.173678,16.613509,-27.820091,-18.376273,48.151742,-24.315644,-15.127565,16.655300,-24.155743,-15.173678,16.613509,0.200000,
-24.155743,-15.173678,16.613509,-27.820091,-18.376273,48.151742,-24.088124,-15.193138,16.595798,-24.155743,-15.173678,16.613509,0.200000,
-24.155743,-15.173678,16.613509,-27.820091,-18.376273,48.151742,-24.315644,-15.127565,16.655300,-24.155743,-15.173678,16.613509,0.200000,
-24.155743,-15.173678,16.613509,-27.820091,-18.376273,48.151742,-24.088124,-15.193138,16.595798,-24.155743,-15.173678,16.613509,0.200000,
-24.155743,-15.173678,16.613509,-27.820091,-18.376273,48.151742,-24.315644,-15.127565,16.655300,-24.155743,-15.173678,16.613509,0.200000,
-24.155743,-15.173678,16.613509,-27.820091,-18.376273,48.151742,-24.088123,-15.193138,16.595798,-24.155743,-15.173678,16.613509,0.200000,
-24.155743,-15.173678,16.613509,-27.820091,-18.376273,48.151742,-24.315644,-15.127565,16.655300,-24.155743,-15.173678,16.613509,0.200000,
-24.155743,-15.173678,16.613509,-27.820091,-18.376273,48.151742,-24.088123,-15.193138,16.595798,-24.155743,-15.173678,16.613509,0.200000,
-24.155743,-15.173678,16.613509,-27.820091,-18.376273,48.151742,-24.315644,-15.127565,16.655300,-24.155743,-15.173678,16.613509,0.200000,
-24.155743,-15.173678,16.613509,-27.820091,-18.376273,48.151742,-24.088123,-15.193138,16.595798,-24.155743,-15.173678,16.613509,0.200000,
-24.155743,-15.173678,16.613509,-27.820091,-18.376273,48.151742,-24.315643,-15.127565,16.655300,-24.155743,-15.173678,16.613509,0.200000,
-24.155743,-15.173678,16.613509,-27.820091,-18.376273,48.151742,-24.088123,-15.193138,16.595798,-24.155743,-15.173678,16.613509,0.200000,
-24.155743,-15.173678,16.613509,-27.820091,-18.376273,48.151742,-24.315643,-15.127565,16.655300,-24.155743,-15.173678,16.613509,0.200000,
-24.155743,-15.173678,16.613509,-27.820091,-18.376273,48.151742,-24.088123,-15.193138,16.595798,-24.155743,-15.173678,16.613509,0.200000,
-24.155743,-15.173678,16.613509,-27.820091,-18.376273,48.151742,-24.315643,-15.127565,16.655300,-24.155743,-15.173678,16.613509,0.200000,
-24.155743,-15.173678,16.613509,-27.820091,-18.376273,48.151742,-24.088123,-15.193138,16.595798,-24.155743,-15.173678,16.613509,0.200000,
-24.155743,-15.173678,16.613509,-27.820091,-18.376273,48.151742,-24.315643,-15.127565,16.655300,-24.155743,-15.173678,16.613509,0.200000,
-24.155743,-15.173678,16.613509,-27.820091,-18.376273,48.151742,-24.088122,-15.193138,16.595798,-24.155743,-15.173678,16.613509,0.200000,
-24.155743,-15.173678,16.613509,-27.820091,-18.376273,48.151742,-24.315643,-15.127566,16.655300,-24.155743,-15.173678,16.613509,0.200000,
-24.155743,-15.173678,16.613509,-27.820091,-18.376273,48.151742,-24.088122,-15.193139,16.595798,-24.155743,-15.173678,16.613509,0.200000,
-24.155743,-15.173678,16.613509,-27.820091,-18.376273,48.151742,-24.315642,-15.127566,16.655299,-24.155743,-15.173678,16.613509,0.200000,
-24.155743,-15.173678,16.613509,-27.820091,-18.376273,48.151742,-24.088122,-15.193139,16.595798,-24.155743,-15.173678,16.613509,0.200000,
-24.155743,-15.173678,16.613509,-27.820091,-18.376273,48.151742,-24.315642,-15.127566,16.655299,-24.155743,-15.173678,16.613509,0.200000,
-24.155743,-15.173678,16.613509,-27.820091,-18.376273,48.151742,-24.088122,-15.193139,16.595798,-24.155743,-15.173678,16.613509,0.200000,
-24.155743,-15.173678,16.613509,-27.820091,-18.376273,48.151742,-24.315642,-15.127566,16.655299,-24.155743,-15.173678,16.613509,0.200000,
-24.155743,-15.173678,16.613509,-27.820091,-18.376273,48.151742,-24.088122,-15.193139,16.595798,-24.155743,-15.173678,16.613509,0.200000,
-24.155743,-15.173678,16.613509,-27.820091,-18.376273,48.151742,-24.315642,-15.127566,16.655299,-24.155743,-15.173678,16.613509,0.200000,
-24.155743,-15.173678,16.613509,-27.820091,-18.376273,48.151742,-24.088121,-15.193139,16.595798,-24.155743,-15.173678,16.613509,0.200000,
-24.155743,-15.173678,16.613509,-27.820091,-18.376273,48.151742,-24.315642,-15.127566,16.655299,-24.155743,-15.173678,16.613509,0.200000,
-24.155743,-15.173678,16.613509,-27.820091,-18.376273,48.151742,-24.088121,-15.193139,16.595798,-24.155743,-15.173678,16.613509,0.200000,
-24.155743,-15.173678,16.613509,-27.820091,-18.376273,48.151742,-24.315642,-15.127566,16.655299,-24.155743,-15.173678,16.613509,0.200000,
-24.155743,-15.173678,16.613509,-27.820091,-18.376273,48.151742,-24.088121,-15.193139,16.595798,-24.155743,-15.173678,16.613509,0.200000,
-24.155743,-15.173678,16.613509,-27.820091,-18.376273,48.151742,-24.315641,-15.127566,16.655299,-24.155743,-15.173678,16.613509,0.200000,
-24.155743,-15.173678,16.613509,-27.820091,-18.376273,48.151742,-24.088121,-15.193139,16.595798,-24.155743,-15.173678,16.613509,0.200000,
-24.155743,-15.173678,16.613509,-27.820091,-18.376273,48.151742,-24.315641,-15.127566,16.655299,-24.155743,-15.173678,16.613509,0.200000,
-24.155743,-15.173678,16.613509,-27.820091,-18.376273,48.151742,-24.088121,-15.193139,16.595798,-24.155743,-15.173678,16.613509,0.200000,
-24.155743,-15.173678,16.613509,-27.820091,-18.376273,48.151742,-24.315641,-15.127566,16.655299,-24.155743,-15.173678,16.613509,0.200000,
-24.155743,-15.173678,16.613509,-27.820091,-18.376273,48.151742,-24.088120,-15.193139,16.595798,-24.155743,-15.173678,16.613509,0.200000,
-24.155743,-15.173678,16.613509,-27.820091,-18.376273,48.151742,-24.315641,-15.127566,16.655299,-24.155743,-15.173678,16.613509,0.200000,
-24.155743,-15.173678,16.613509,-27.820091,-18.376273,48.151742,-24.088120,-15.193139,16.595797,-24.155743,-15.173678,16.613509,0.200000,
-24.155743,-15.173678,16.613509,-27.820091,-18.376273,48.151742,-24.315641,-15.127566,16.655299,-24.155743,-15.173678,16.613509,0.200000,
-24.155743,-15.173678,16.613509,-27.820091,-18.376273,48.151742,-24.088120,-15.193139,16.595797,-24.155743,-15.173678,16.613509,0.200000,
-24.155743,-15.173678,16.613509,-27.820091,-18.376273,48.151742,-24.315640,-15.127566,16.655299,-24.155743,-15.173678,16.613509,0.200000,
-24.155743,-15.173678,16.613509,-27.820091,-18.376273,48.151742,-24.088120,-15.193139,16.595797,-24.155743,-15.173678,16.613509,0.200000,
-24.155743,-15.173678,16.613509,-27.820091,-18.376273,48.151742,-24.315640,-15.127566,16.655299,-24.155743,-15.173678,16.613509,0.200000,
-24.155743,-15.173678,16.613509,-27.820091,-18.376273,48.151742,-24.088120,-15.193139,16.595797,-24.155743,-15.173678,16.613509,0.200000,
-24.155743,-15.173678,16.613509,-27.820091,-18.376273,48.151742,-24.315640,-15.127566,16.655299,-24.155743,-15.173678,16.613509,0.200000,
-24.155743,-15.173678,16.613509,-27.820091,-18.376273,48.151742,-24.088120,-15.193139,16.595797,-24.155743,-15.173678,16.613509,0.200000,
-24.155743,-15.173678,16.613509,-27.820091,-18.376273,48.151742,-24.315640,-15.127566,16.655299,-24.155743,-15.173678,16.613509,0.200000,
-24.155743,-15.173678,16.613509,-27.820091,-18.376273,48.151742,-24.088119,-15.193139,16.595797,-24.155743,-15.173678,16.613509,0.200000,
-24.155743,-15.173678,16.613509,-27.820091,-18.376273,48.151742,-24.315640,-15.127566,16.655299,-24.155743,-15.173678,16.613509,0.200000,
-24.155743,-15.173678,16.613509,-27.820091,-18.376273,48.151742,-24.088119,-15.193139,16.595797,-24.155743,-15.173678,16.613509,0.200000,
-24.155743,-15.173678,16.613509,-27.820091,-18.376273,48.151742,-24.315639,-15.127566,16.655299,-24.155743,-15.173678,16.613509,0.200000,
-24.155743,-15.173678,16.613509,-27.820091,-18.376273,48.151742,-24.088119,-15.193139,16.595797,-24.155743,-15.173678,16.613509,0.200000,
-24.155743,-15.173678,16.613509,-27.820091,-18.376273,48.151742,-24.315639,-15.127566,16.655299,-24.155743,-15.173678,16.613509,0.200000,
-24.155743,-15.173678,16.613509,-27.820091,-18.376273,48.151742,-24.088119,-15.193139,16.595797,-24.155743,-15.173678,16.613509,0.200000,
-24.155743,-15.173678,16.613509,-27.820091,-18.376273,48.151742,-24.315639,-15.127567,16.655299,-24.155743,-15.173678,16.613509,0.200000,
-24.155743,-15.173678,16.613509,-27.820091,-18.376273,48.151742,-24.088119,-15.193140,16.595797,-24.155743,-15.173678,16.613509,0.200000,
-24.155743,-15.173678,16.613509,-27.820091,-18.376273,48.151742,-24.315639,-15.127567,16.655299,-24.155743,-15.173678,16.613509,0.200000,
-24.155743,-15.173678,16.613509,-27.820091,-18.376273,48.151742,-24.088118,-15.193140,16.595797,-24.155743,-15.173678,16.613509,0.200000,
-24.155743,-15.173678,16.613509,-27.820091,-18.376273,48.151742,-24.315639,-15.127567,16.655298,-24.155743,-15.173678,16.613509,0.200000,
-24.155743,-15.173678,16.613509,-27.820091,-18.376273,48.151742,-24.088118,-15.193140,16.595797,-24.155743,-15.173678,16.613509,0.200000,
-24.155743,-15.173678,16.613509,-27.820091,-18.376273,48.151742,-24.315639,-15.127567,16.655298,-24.155743,-15.173678,16.613509,0.200000,
-24.155743,-15.173678,16.613509,-27.820091,-18.376273,48.151742,-24.088118,-15.193140,16.595797,-24.155743,-15.173678,16.613509,0.200000,
-24.155743,-15.173678,16.613509,-27.820091,-18.376273,48.151742,-24.315638,-15.127567,16.655298,-24.155743,-15.173678,16.613509,0.200000,
-24.155743,-15.173678,16.613509,-27.820091,-18.376273,48.151742,-24.088118,-15.193140,16.595797,-24.155743,-15.173678,16.613509,0.200000,
-24.155743,-15.173678,16.613509,-27.820091,-18.376273,48.151742,-24.315638,-15.127567,16.655298,-24.155743,-15.173678,16.613509,0.200000,
-24.155743,-15.173678,16.613509,-27.820091,-18.376273,48.151742,-24.088118,-15.193140,16.595797,-24.155743,-15.173678,16.613509,0.200000,
-24.155743,-15.173678,16.613509,-27.820091,-18.376273,48.151742,-24.315638,-15.127567,16.655298,-24.155743,-15.173678,16.613509,0.200000,
-24.155743,-15.173678,16.613509,-27.820091,-18.376273,48.151742,-24.088118,-15.193140,16.595797,-24.155743,-15.173678,16.613509,0.200000,
-24.155743,-15.173678,16.613509,-27.820091,-18.376273,48.151742,-24.315638,-15.127567,16.655298,-24.155743,-15.173678,16.613509,0.200000,
-24.155743,-15.173678,16.613509,-27.820091,-18.376273,48.151742,-24.088117,-15.193140,16.595797,-24.155743,-15.173678,16.613509,0.200000,
-24.155743,-15.173678,16.613509,-27.820091,-18.376273,48.151742,-24.315638,-15.127567,16.655298,-24.155743,-15.173678,16.613509,0.200000,
-24.155743,-15.173678,16.613509,-27.820091,-18.376273,48.151742,-24.088117,-15.193140,16.595797,-24.155743,-15.173678,16.613509,0.200000,
-24.155743,-15.173678,16.613509,-27.820091,-18.376273,48.151742,-24.315637,-15.127567,16.655298,-24.155743,-15.173678,16.613509,0.200000,
-24.155743,-15.173678,16.613509,-27.820091,-18.376273,48.151742,-24.088117,-15.193140,16.595797,-24.155743,-15.173678,16.613509,0.200000,
-24.155743,-15.173678,16.613509,-27.820091,-18.376273,48.151742,-24.315637,-15.127567,16.655298,-24.155743,-15.173678,16.613509,0.200000,
-24.155743,-15.173678,16.613509,-27.820091,-18.376273,48.151742,-24.088117,-15.193140,16.595797,-24.155743,-15.173678,16.613509,0.200000,
-24.155743,-15.173678,16.613509,-27.820091,-18.376273,48.151742,-24.315637,-15.127567,16.655298,-24.155743,-15.173678,16.613509,0.200000,
-24.155743,-15.173678,16.613509,-27.820091,-18.376273,48.151742,-24.088117,-15.193140,16.595797,-24.155743,-15.173678,16.613509,0.200000,
-24.155743,-15.173678,16.613509,-27.820091,-18.376273,48.151742,-24.315637,-15.127567,16.655298,-24.155743,-15.173678,16.613509,0.200000,
-24.155743,-15.173678,16.613509,-27.820091,-18.376273,48.151742,-24.088116,-15.193140,16.595796,-24.155743,-15.173678,16.613509,0.200000,
-24.155743,-15.173678,16.613509,-27.820091,-18.376273,48.151742,-24.315637,-15.127567,16.655298,-24.155743,-15.173678,16.613509,0.200000,
-24.155743,-15.173678,16.613509,-27.820091,-18.376273,48.151742,-24.088116,-15.193140,16.595796,-24.155743,-15.173678,16.613509,0.200000,
-24.155743,-15.173678,16.613509,-27.820091,-18.376273,48.151742,-24.315637,-15.127567,16.655298,-24.155743,-15.173678,16.613509,0.200000,
-24.155743,-15.173678,16.613509,-27.820091,-18.376273,48.151742,-24.088116,-15.193140,16.595796,-24.155743,-15.173678,16.613509,0.200000,
-24.155743,-15.173678,16.613509,-27.820091,-18.376273,48.151742,-24.315636,-15.127567,16.655298,-24.155743,-15.173678,16.613509,0.200000,
-24.155743,-15.173678,16.613509,-27.820091,-18.376273,48.151742,-24.088116,-15.193140,16.595796,-24.155743,-15.173678,16.613509,0.200000,
-24.155743,-15.173678,16.613509,-27.820091,-18.376273,48.151742,-24.315636,-15.127567,16.655298,-24.155743,-15.173678,16.613509,0.200000,
-24.155743,-15.173678,16.613509,-27.820091,-18.376273,48.151742,-24.088116,-15.193140,16.595796,-24.155743,-15.173678,16.613509,0.200000,
-24.155743,-15.173678,16.613509,-27.820091,-18.376273,48.151742,-24.315636,-15.127567,16.655298,-24.155743,-15.173678,16.613509,0.200000,
-24.155743,-15.173678,16.613509,-27.820091,-18.376273,48.151742,-24.088116,-15.193140,16.595796,-24.155743,-15.173678,16.613509,0.200000,
-24.155743,-15.173678,16.613509,-27.820091,-18.376273,48.151742,-24.315636,-15.127567,16.655298,-24.155743,-15.173678,16.613509,0.200000,
-24.155743,-15.173678,16.613509,-27.820091,-18.376273,48.151742,-24.088115,-15.193140,16.595796,-24.155743,-15.173678,16.613509,0.200000,
-24.155743,-15.173678,16.613509,-27.820091,-18.376273,48.151742,-24.315636,-15.127568,16.655298,-24.155743,-15.173678,16.613509,0.200000,
-24.155743,-15.173678,16.613509,-27.820091,-18.376273,48.151742,-24.088115,-15.193141,16.595796,-24.155743,-15.173678,16.613509,0.200000,
-24.155743,-15.173678,16.613509,-27.820091,-18.376273,48.151742,-24.315635,-15.127568,16.655298,-24.155743,-15.173678,16.613509,0.200000,
-24.155743,-15.173678,16.613509,-27.820091,-18.376273,48.151742,-24.088115,-15.193141,16.595796,-24.155743,-15.173678,16.613509,0.200000,
-24.155743,-15.173678,16.613509,-27.820091,-18.376273,48.151742,-24.315635,-15.127568,16.655298,-24.155743,-15.173678,16.613509,0.200000,
-24.155743,-15.173678,16.613509,-27.820091,-18.376273,48.151742,-24.088115,-15.193141,16.595796,-24.155743,-15.173678,16.613509,0.200000,
-24.155743,-15.173678,16.613509,-27.820091,-18.376273,48.151742,-24.315635,-15.127568,16.655298,-24.155743,-15.173678,16.613509,0.200000,
-24.155743,-15.173678,16.613509,-27.820091,-18.376273,48.151742,-24.088115,-15.193141,16.595796,-24.155743,-15.173678,16.613509,0.200000,
-24.155743,-15.173678,16.613509,-27.820091,-18.376273,48.151742,-24.315635,-15.127568,16.655297,-24.155743,-15.173678,16.613509,0.200000,
-24.155743,-15.173678,16.613509,-27.820091,-18.376273,48.151742,-24.088114,-15.193141,16.595796,-24.155743,-15.173678,16.613509,0.200000,
-24.155743,-15.173678,16.613509,-27.820091,-18.376273,48.151742,-24.315635,-15.127568,16.655297,-24.155743,-15.173678,16.613509,0.200000,
-24.155743,-15.173678,16.613509,-27.820091,-18.376273,48.151742,-24.088114,-15.193141,16.595796,-24.155743,-15.173678,16.613509,0.200000,
-24.155743,-15.173678,16.613509,-27.820091,-18.376273,48.151742,-24.315635,-15.127568,16.655297,-24.155743,-15.173678,16.613509,0.200000,
-24.155743,-15.173678,16.613509,-27.820091,-18.376273,48.151742,-24.088114,-15.193141,16.595796,-24.155743,-15.173678,16.613509,0.200000,
-24.155743,-15.173678,16.613509,-27.820091,-18.376273,48.151742,-24.315634,-15.127568,16.655297,-24.155743,-15.173678,16.613509,0.200000,
-24.155743,-15.173678,16.613509,-27.820091,-18.376273,48.151742,-24.088114,-15.193141,16.595796,-24.155743,-15.173678,16.613509,0.200000,
-24.155743,-15.173678,16.613509,-27.820091,-18.376273,48.151742,-24.315634,-15.127568,16.655297,-24.155743,-15.173678,16.613509,0.200000,
-24.155743,-15.173678,16.613509,-27.820091,-18.376273,48.151742,-24.088114,-15.193141,16.595796,-24.155743,-15.173678,16.613509,0.200000,
-24.155743,-15.173678,16.613509,-27.820091,-18.376273,48.151742,-24.315634,-15.127568,16.655297,-24.155743,-15.173678,16.613509,0.200000,
-24.155743,-15.173678,16.613509,-27.820091,-18.376273,48.151742,-24.088113,-15.193141,16.595796,-24.155743,-15.173678,16.613509,0.200000,
-24.155743,-15.173678,16.613509,-27.820091,-18.376273,48.151742,-24.315634,-15.127568,16.655297,-24.155743,-15.173678,16.613509,0.200000,
-24.155743,-15.173678,16.613509,-27.820091,-18.376273,48.151742,-24.088113,-15.193141,16.595796,-24.155743,-15.173678,16.613509,0.200000,
-24.155743,-15.173678,16.613509,-27.820091,-18.376273,48.151742,-24.315634,-15.127568,16.655297,-24.155743,-15.173678,16.613509,0.200000,
-24.155743,-15.173678,16.613509,-27.820091,-18.376273,48.151742,-24.088113,-15.193141,16.595796,-24.155743,-15.173678,16.613509,0.200000,
-24.155743,-15.173678,16.613509,-27.820091,-18.376273,48.151742,-24.315633,-15.127568,16.655297,-24.155743,-15.173678,16.613509,0.200000,
-24.155743,-15.173678,16.613509,-27.820091,-18.376273,48.151742,-24.088113,-15.193141,16.595796,-24.155743,-15.173678,16.613509,0.200000,
-24.155743,-15.173678,16.613509,-27.820091,-18.376273,48.151742,-24.315633,-15.127568,16.655297,-24.155743,-15.173678,16.613509,0.200000,
-24.155743,-15.173678,16.613509,-27.820091,-18.376273,48.151742,-24.088113,-15.193141,16.595795,-24.155743,-15.173678,16.613509,0.200000,
-24.155743,-15.173678,16.613509,-27.820091,-18.376273,48.151742,-24.315633,-15.127568,16.655297,-24.155743,-15.173678,16.613509,0.200000,
-24.155743,-15.173678,16.613509,-27.820091,-18.376273,48.151742,-24.088113,-15.193141,16.595795,-24.155743,-15.173678,16.613509,0.200000,
-24.155743,-15.173678,16.613509,-27.820091,-18.376273,48.151742,-24.315633,-15.127568,16.655297,-24.155743,-15.173678,16.613509,0.200000,
-24.155743,-15.173678,16.613509,-27.820091,-18.376273,48.151742,-24.088112,-15.193141,16.595795,-24.155743,-15.173678,16.613509,0.200000,
-24.155743,-15.173678,16.613509,-27.820091,-18.376273,48.151742,-24.315633,-15.127568,16.655297,-24.155743,-15.173678,16.613509,0.200000,
-24.155743,-15.173678,16.613509,-27.820091,-18.376273,48.151742,-24.088112,-15.193141,16.595795,-24.155743,-15.173678,16.613509,0.200000,
-24.155743,-15.173678,16.613509,-27.820091,-18.376273,48.151742,-24.315632,-15.127568,16.655297,-24.155743,-15.173678,16.613509,0.200000,
-24.155743,-15.173678,16.613509,-27.820091,-18.376273,48.151742,-24.088112,-15.193141,16.595795,-24.155743,-15.173678,16.613509,0.200000,
-24.155743,-15.173678,16.613509,-27.820091,-18.376273,48.151742,-24.315632,-15.127569,16.655297,-24.155743,-15.173678,16.613509,0.200000,
-24.155743,-15.173678,16.613509,-27.820091,-18.376273,48.151742,-24.088112,-15.193141,16.595795,-24.155743,-15.173678,16.613509,0.200000,
-24.155743,-15.173678,16.613509,-27.820091,-18.376273,48.151742,-24.315632,-15.127569,16.655297,-24.155743,-15.173678,16.613509,0.200000,
-24.155743,-15.173678,16.613509,-27.820091,-18.376273,48.151742,-24.088112,-15.193142,16.595795,-24.155743,-15.173678,16.613509,0.200000,
-24.155743,-15.173678,16.613509,-27.820091,-18.376273,48.151742,-24.315632,-15.127569,16.655297,-24.155743,-15.173678,16.613509,0.200000,
-24.155743,-15.173678,16.613509,-27.820091,-18.376273,48.151742,-24.088111,-15.193142,16.595795,-24.155743,-15.173678,16.613509,0.200000,
-24.155743,-15.173678,16.613509,-27.820091,-18.376273,48.151742,-24.315632,-15.127569,16.655297,-24.155743,-15.173678,16.613509,0.200000,
-24.155743,-15.173678,16.613509,-27.820091,-18.376273,48.151742,-24.088111,-15.193142,16.595795,-24.155743,-15.173678,16.613509,0.200000,
-24.155743,-15.173678,16.613509,-27.820091,-18.376273,48.151742,-24.315632,-15.127569,16.655297,-24.155743,-15.173678,16.613509,0.200000,
-24.155743,-15.173678,16.613509,-27.820091,-18.376273,48.151742,-24.088111,-15.193142,16.595795,-24.155743,-15.173678,16.613509,0.200000,
-24.155743,-15.173678,16.613509,-27.820091,-18.376273,48.151742,-24.315631,-15.127569,16.655297,-24.155743,-15.173678,16.613509,0.200000,
-24.155743,-15.173678,16.613509,-27.820091,-18.376273,48.151742,-24.088111,-15.193142,16.595795,-24.155743,-15.173678,16.613509,0.200000,
-24.155743,-15.173678,16.613509,-27.820091,-18.376273,48.151742,-24.315631,-15.127569,16.655297,-24.155743,-15.173678,16.613509,0.200000,
-24.155743,-15.173678,16.613509,-27.820091,-18.376273,48.151742,-24.088111,-15.193142,16.595795,-24.155743,-15.173678,16.613509,0.200000,
-24.155743,-15.173678,16.613509,-27.820091,-18.376273,48.151742,-24.315631,-15.127569,16.655296,-24.155743,-15.173678,16.613509,0.200000,
-24.155743,-15.173678,16.613509,-27.820091,-18.376273,48.151742,-24.088111,-15.193142,16.595795,-24.155743,-15.173678,16.613509,0.200000,
-24.155743,-15.173678,16.613509,-27.820091,-18.376273,48.151742,-24.315631,-15.127569,16.655296,-24.155743,-15.173678,16.613509,0.200000,
-24.155743,-15.173678,16.613509,-27.820091,-18.376273,48.151742,-24.088110,-15.193142,16.595795,-24.155743,-15.173678,16.613509,0.200000,
-24.155743,-15.173678,16.613509,-27.820091,-18.376273,48.151742,-24.315631,-15.127569,16.655296,-24.155743,-15.173678,16.613509,0.200000,
-24.155743,-15.173678,16.613509,-27.820091,-18.376273,48.151742,-24.088110,-15.193142,16.595795,-24.155743,-15.173678,16.613509,0.200000,
-24.155743,-15.173678,16.613509,-27.820091,-18.376273,48.151742,-24.315630,-15.127569,16.655296,-24.155743,-15.173678,16.613509,0.200000,
-24.155743,-15.173678,16.613509,-27.820091,-18.376273,48.151742,-24.088110,-15.193142,16.595795,-24.155743,-15.173678,16.613509,0.200000,
-24.155743,-15.173678,16.613509,-27.820091,-18.376273,48.151742,-24.315630,-15.127569,16.655296,-24.155743,-15.173678,16.613509,0.200000,
-24.155743,-15.173678,16.613509,-27.820091,-18.376273,48.151742,-24.088110,-15.193142,16.595795,-24.155743,-15.173678,16.613509,0.200000,
-24.155743,-15.173678,16.613509,-27.820091,-18.376273,48.151742,-24.315630,-15.127569,16.655296,-24.155743,-15.173678,16.613509,0.200000,
-24.155743,-15.173678,16.613509,-27.820091,-18.376273,48.151742,-24.088110,-15.193142,16.595795,-24.155743,-15.173678,16.613509,0.200000,
-24.155743,-15.173678,16.613509,-27.820091,-18.376273,48.151742,-24.315630,-15.127569,16.655296,-24.155743,-15.173678,16.613509,0.200000,
-24.155743,-15.173678,16.613509,-27.820091,-18.376273,48.151742,-24.088109,-15.193142,16.595795,-24.155743,-15.173678,16.613509,0.200000,
-24.155743,-15.173678,16.613509,-27.820091,-18.376273,48.151742,-24.315630,-15.127569,16.655296,-24.155743,-15.173678,16.613509,0.200000,
-24.155743,-15.173678,16.613509,-27.820091,-18.376273,48.151742,-24.088109,-15.193142,16.595795,-24.155743,-15.173678,16.613509,0.200000,
-24.155743,-15.173678,16.613509,-27.820091,-18.376273,48.151742,-24.315630,-15.127569,16.655296,-24.155743,-15.173678,16.613509,0.200000,
-24.155743,-15.173678,16.613509,-27.820091,-18.376273,48.151742,-24.088109,-15.193142,16.595795,-24.155743,-15.173678,16.613509,0.200000,
-24.155743,-15.173678,16.613509,-27.820091,-18.376273,48.151742,-24.315629,-15.127569,16.655296,-24.155743,-15.173678,16.613509,0.200000,
-24.155743,-15.173678,16.613509,-27.820091,-18.376273,48.151742,-24.088109,-15.193142,16.595794,-24.155743,-15.173678,16.613509,0.200000,
-24.155743,-15.173678,16.613509,-27.820091,-18.376273,48.151742,-24.315629,-15.127569,16.655296,-24.155743,-15.173678,16.613509,0.200000,
-24.155743,-15.173678,16.613509,-27.820091,-18.376273,48.151742,-24.088109,-15.193142,16.595794,-24.155743,-15.173678,16.613509,0.200000,
-24.155743,-15.173678,16.613509,-27.820091,-18.376273,48.151742,-24.315629,-15.127569,16.655296,-24.155743,-15.173678,16.613509,0.200000,
-24.155743,-15.173678,16.613509,-27.820091,-18.376273,48.151742,-24.088108,-15.193142,16.595794,-24.155743,-15.173678,16.613509,0.200000,
-24.155743,-15.173678,16.613509,-27.820091,-18.376273,48.151742,-24.315629,-15.127570,16.655296,-24.155743,-15.173678,16.613509,0.200000,
-24.155743,-15.173678,16.613509,-27.820091,-18.376273,48.151742,-24.088108,-15.193143,16.595794,-24.155743,-15.173678,16.613509,0.200000,
-24.155743,-15.173678,16.613509,-27.820091,-18.376273,48.151742,-24.315629,-15.127570,16.655296,-24.155743,-15.173678,16.613509,0.200000,
-24.155743,-15.173678,16.613509,-27.820091,-18.376273,48.151742,-24.088108,-15.193143,16.595794,-24.155743,-15.173678,16.613509,0.200000,
-24.155743,-15.173678,16.613509,-27.820091,-18.376273,48.151742,-24.315628,-15.127570,16.655296,-24.155743,-15.173678,16.613509,0.200000,
-24.155743,-15.173678,16.613509,-27.820091,-18.376273,48.151742,-24.088108,-15.193143,16.595794,-24.155743,-15.173678,16.613509,0.200000,
-24.155743,-15.173678,16.613509,-27.820091,-18.376273,48.151742,-24.315628,-15.127570,16.655296,-24.155743,-15.173678,16.613509,0.200000,
-24.155743,-15.173678,16.613509,-27.820091,-18.376273,48.151742,-24.088108,-15.193143,16.595794,-24.155743,-15.173678,16.613509,0.200000,
-24.155743,-15.173678,16.613509,-27.820091,-18.376273,48.151742,-24.315628,-15.127570,16.655296,-24.155743,-15.173678,16.613509,0.200000,
-24.155743,-15.173678,16.613509,-27.820091,-18.376273,48.151742,-24.088108,-15.193143,16.595794,-24.155743,-15.173678,16.613509,0.200000,
-24.155743,-15.173678,16.613509,-27.820091,-18.376273,48.151742,-24.315628,-15.127570,16.655296,-24.155743,-15.173678,16.613509,0.200000,
-24.155743,-15.173678,16.613509,-27.820091,-18.376273,48.151742,-24.088107,-15.193143,16.595794,-24.155743,-15.173678,16.613509,0.200000,
-24.155743,-15.173678,16.613509,-27.820091,-18.376273,48.151742,-24.315628,-15.127570,16.655296,-24.155743,-15.173678,16.613509,0.200000,
-24.155743,-15.173678,16.613509,-27.820091,-18.376273,48.151742,-24.088107,-15.193143,16.595794,-24.155743,-15.173678,16.613509,0.200000,
-24.155743,-15.173678,16.613509,-27.820091,-18.376273,48.151742,-24.315628,-15.127570,16.655296,-24.155743,-15.173678,16.613509,0.200000,
-24.155743,-15.173678,16.613509,-27.820091,-18.376273,48.151742,-24.088107,-15.193143,16.595794,-24.155743,-15.173678,16.613509,0.200000,
-24.155743,-15.173678,16.613509,-27.820091,-18.376273,48.151742,-24.315627,-15.127570,16.655296,-24.155743,-15.173678,16.613509,0.200000,
-24.155743,-15.173678,16.613509,-27.820091,-18.376273,48.151742,-24.088107,-15.193143,16.595794,-24.155743,-15.173678,16.613509,0.200000,
-24.155743,-15.173678,16.613509,-27.820091,-18.376273,48.151742,-24.315627,-15.127570,16.655295,-24.155743,-15.173678,16.613509,0.200000,
-24.155743,-15.173678,16.613509,-27.820091,-18.376273,48.151742,-24.088107,-15.193143,16.595794,-24.155743,-15.173678,16.613509,0.200000,
-24.155743,-15.173678,16.613509,-27.820091,-18.376273,48.151742,-24.315627,-15.127570,16.655295,-24.155743,-15.173678,16.613509,0.200000,
-24.155743,-15.173678,16.613509,-27.820091,-18.376273,48.151742,-24.088106,-15.193143,16.595794,-24.155743,-15.173678,16.613509,0.200000,
-24.155743,-15.173678,16.613509,-27.820091,-18.376273,48.151742,-24.315627,-15.127570,16.655295,-24.155743,-15.173678,16.613509,0.200000,
-24.155743,-15.173678,16.613509,-27.820091,-18.376273,48.151742,-24.088106,-15.193143,16.595794,-24.155743,-15.173678,16.613509,0.200000,
-24.155743,-15.173678,16.613509,-27.820091,-18.376273,48.151742,-24.315627,-15.127570,16.655295,-24.155743,-15.173678,16.613509,0.200000,
-24.155743,-15.173678,16.613509,-27.820091,-18.376273,48.151742,-24.088106,-15.193143,16.595794,-24.155743,-15.173678,16.613509,0.200000,
-24.155743,-15.173678,16.613509,-27.820091,-18.376273,48.151742,-24.315626,-15.127570,16.655295,-24.155743,-15.173678,16.613509,0.200000,
-24.155743,-15.173678,16.613509,-27.820091,-18.376273,48.151742,-24.088106,-15.193143,16.595794,-24.155743,-15.173678,16.613509,0.200000,
-24.155743,-15.173678,16.613509,-27.820091,-18.376273,48.151742,-24.315626,-15.127570,16.655295,-24.155743,-15.173678,16.613509,0.200000,
-24.155743,-15.173678,16.613509,-27.820091,-18.376273,48.151742,-24.088106,-15.193143,16.595794,-24.155743,-15.173678,16.613509,0.200000,
-24.155743,-15.173678,16.613509,-27.820091,-18.376273,48.151742,-24.315626,-15.127570,16.655295,-24.155743,-15.173678,16.613509,0.200000,
-24.155743,-15.173678,16.613509,-27.820091,-18.376273,48.151742,-24.088106,-15.193143,16.595794,-24.155743,-15.173678,16.613509,0.200000,
-24.155743,-15.173678,16.613509,-27.820091,-18.376273,48.151742,-24.315626,-15.127570,16.655295,-24.155743,-15.173678,16.613509,0.200000,
-24.155743,-15.173678,16.613509,-27.820091,-18.376273,48.151742,-24.088105,-15.193143,16.595794,-24.155743,-15.173678,16.613509,0.200000,
-24.155743,-15.173678,16.613509,-27.820091,-18.376273,48.151742,-24.315626,-15.127570,16.655295,-24.155743,-15.173678,16.613509,0.200000,
-24.155743,-15.173678,16.613509,-27.820091,-18.376273,48.151742,-24.088105,-15.193143,16.595794,-24.155743,-15.173678,16.613509,0.200000,
-24.155743,-15.173678,16.613509,-27.820091,-18.376273,48.151742,-24.315625,-15.127570,16.655295,-24.155743,-15.173678,16.613509,0.200000,
-24.155743,-15.173678,16.613509,-27.820091,-18.376273,48.151742,-24.088105,-15.193143,16.595793,-24.155743,-15.173678,16.613509,0.200000,
-24.155743,-15.173678,16.613509,-27.820091,-18.376273,48.151742,-24.315625,-15.127571,16.655295,-24.155743,-15.173678,16.613509,0.200000,
-24.155743,-15.173678,16.613509,-27.820091,-18.376273,48.151742,-24.088105,-15.193144,16.595793,-24.155743,-15.173678,16.613509,0.200000,
-24.155743,-15.173678,16.613509,-27.820091,-18.376273,48.151742,-24.315625,-15.127571,16.655295,-24.155743,-15.173678,16.613509,0.200000,
-24.155743,-15.173678,16.613509,-27.820091,-18.376273,48.151742,-24.088105,-15.193144,16.595793,-24.155743,-15.173678,16.613509,0.200000,
-24.155743,-15.173678,16.613509,-27.820091,-18.376273,48.151742,-24.315625,-15.127571,16.655295,-24.155743,-15.173678,16.613509,0.200000,
-24.155743,-15.173678,16.613509,-27.820091,-18.376273,48.151742,-24.088104,-15.193144,16.595793,-24.155743,-15.173678,16.613509,0.200000,
-24.155743,-15.173678,16.613509,-27.820091,-18.376273,48.151742,-24.315625,-15.127571,16.655295,-24.155743,-15.173678,16.613509,0.200000,
-24.155743,-15.173678,16.613509,-27.820091,-18.376273,48.151742,-24.088104,-15.193144,16.595793,-24.155743,-15.173678,16.613509,0.200000,
-24.155743,-15.173678,16.613509,-27.820091,-18.376273,48.151742,-24.315625,-15.127571,16.655295,-24.155743,-15.173678,16.613509,0.200000,
-24.155743,-15.173678,16.613509,-27.820091,-18.376273,48.151742,-24.088104,-15.193144,16.595793,-24.155743,-15.173678,16.613509,0.200000,
-24.155743,-15.173678,16.613509,-27.820091,-18.376273,48.151742,-24.315624,-15.127571,16.655295,-24.155743,-15.173678,16.613509,0.200000,
-24.155743,-15.173678,16.613509,-27.820091,-18.376273,48.151742,-24.088104,-15.193144,16.595793,-24.155743,-15.173678,16.613509,0.200000,
-24.155743,-15.173678,16.613509,-27.820091,-18.376273,48.151742,-24.315624,-15.127571,16.655295,-24.155743,-15.173678,16.613509,0.200000,
-24.155743,-15.173678,16.613509,-27.820091,-18.376273,48.151742,-24.088104,-15.193144,16.595793,-24.155743,-15.173678,16.613509,0.200000,
-24.155743,-15.173678,16.613509,-27.820091,-18.376273,48.151742,-24.315624,-15.127571,16.655295,-24.155743,-15.173678,16.613509,0.200000,
-24.155743,-15.173678,16.613509,-27.820091,-18.376273,48.151742,-24.088104,-15.193144,16.595793,-24.155743,-15.173678,16.613509,0.200000,
-24.155743,-15.173678,16.613509,-27.820091,-18.376273,48.151742,-24.315624,-15.127571,16.655295,-24.155743,-15.173678,16.613509,0.200000,
-24.155743,-15.173678,16.613509,-27.820091,-18.376273,48.151742,-24.088103,-15.193144,16.595793,-24.155743,-15.173678,16.613509,0.200000,
-24.155743,-15.173678,16.613509,-27.820091,-18.376273,48.151742,-24.315624,-15.127571,16.655295,-24.155743,-15.173678,16.613509,0.200000,
-24.155743,-15.173678,16.613509,-27.820091,-18.376273,48.151742,-24.088103,-15.193144,16.595793,-24.155743,-15.173678,16.613509,0.200000,
-24.155743,-15.173678,16.613509,-27.820091,-18.376273,48.151742,-24.315623,-15.127571,16.655295,-24.155743,-15.173678,16.613509,0.200000,
-24.155743,-15.173678,16.613509,-27.820091,-18.376273,48.151742,-24.088103,-15.193144,16.595793,-24.155743,-15.173678,16.613509,0.200000,
-24.155743,-15.173678,16.613509,-27.820091,-18.376273,48.151742,-24.315623,-15.127571,16.655294,-24.155743,-15.173678,16.613509,0.200000,
-24.155743,-15.173678,16.613509,-27.820091,-18.376273,48.151742,-24.088103,-15.193144,16.595793,-24.155743,-15.173678,16.613509,0.200000,
-24.155743,-15.173678,16.613509,-27.820091,-18.376273,48.151742,-24.315623,-15.127571,16.655294,-24.155743,-15.173678,16.613509,0.200000,
-24.155743,-15.173678,16.613509,-27.820091,-18.376273,48.151742,-24.088103,-15.193144,16.595793,-24.155743,-15.173678,16.613509,0.200000,
-24.155743,-15.173678,16.613509,-27.820091,-18.376273,48.151742,-24.315623,-15.127571,16.655294,-24.155743,-15.173678,16.613509,0.200000,
-24.155743,-15.173678,16.613509,-27.820091,-18.376273,48.151742,-24.088102,-15.193144,16.595793,-24.155743,-15.173678,16.613509,0.200000,
-24.155743,-15.173678,16.613509,-27.820091,-18.376273,48.151742,-24.315623,-15.127571,16.655294,-24.155743,-15.173678,16.613509,0.200000,
-24.155743,-15.173678,16.613509,-27.820091,-18.376273,48.151742,-24.088102,-15.193144,16.595793,-24.155743,-15.173678,16.613509,0.200000,
-24.155743,-15.173678,16.613509,-27.820091,-18.376273,48.151742,-24.315623,-15.127571,16.655294,-24.155743,-15.173678,16.613509,0.200000,
-24.155743,-15.173678,16.613509,-27.820091,-18.376273,48.151742,-24.088102,-15.193144,16.595793,-24.155743,-15.173678,16.613509,0.200000,
-24.155743,-15.173678,16.613509,-27.820091,-18.376273,48.151742,-24.315622,-15.127571,16.655294,-24.155743,-15.173678,16.613509,0.200000,
-24.155743,-15.173678,16.613509,-27.820091,-18.376273,48.151742,-24.088102,-15.193144,16.595793,-24.155743,-15.173678,16.613509,0.200000,
-24.155743,-15.173678,16.613509,-27.820091,-18.376273,48.151742,-24.315622,-15.127571,16.655294,-24.155743,-15.173678,16.613509,0.200000,
-24.155743,-15.173678,16.613509,-27.820091,-18.376273,48.151742,-24.088102,-15.193144,16.595793,-24.155743,-15.173678,16.613509,0.200000,
-24.155743,-15.173678,16.613509,-27.820091,-18.376273,48.151742,-24.315622,-15.127571,16.655294,-24.155743,-15.173678,16.613509,0.200000,
-24.155743,-15.173678,16.613509,-27.820091,-18.376273,48.151742,-24.088101,-15.193144,16.595793,-24.155743,-15.173678,16.613509,0.200000,
-24.155743,-15.173678,16.613509,-27.820091,-18.376273,48.151742,-24.315622,-15.127572,16.655294,-24.155743,-15.173678,16.613509,0.200000,
-24.155743,-15.173678,16.613509,-27.820091,-18.376273,48.151742,-24.088101,-15.193145,16.595792,-24.155743,-15.173678,16.613509,0.200000,
-24.155743,-15.173678,16.613509,-27.820091,-18.376273,48.151742,-24.315622,-15.127572,16.655294,-24.155743,-15.173678,16.613509,0.200000,
-24.155743,-15.173678,16.613509,-27.820091,-18.376273,48.151742,-24.088101,-15.193145,16.595792,-24.155743,-15.173678,16.613509,0.200000,
-24.155743,-15.173678,16.613509,-27.820091,-18.376273,48.151742,-24.315621,-15.127572,16.655294,-24.155743,-15.173678,16.613509,0.200000,
-24.155743,-15.173678,16.613509,-27.820091,-18.376273,48.151742,-24.088101,-15.193145,16.595792,-24.155743,-15.173678,16.613509,0.200000,
-24.155743,-15.173678,16.613509,-27.820091,-18.376273,48.151742,-24.315621,-15.127572,16.655294,-24.155743,-15.173678,16.613509,0.200000,
-24.155743,-15.173678,16.613509,-27.820091,-18.376273,48.151742,-24.088101,-15.193145,16.595792,-24.155743,-15.173678,16.613509,0.200000,
-24.155743,-15.173678,16.613509,-27.820091,-18.376273,48.151742,-24.315621,-15.127572,16.655294,-24.155743,-15.173678,16.613509,0.200000,
-24.155743,-15.173678,16.613509,-27.820091,-18.376273,48.151742,-24.088101,-15.193145,16.595792,-24.155743,-15.173678,16.613509,0.200000,
-24.155743,-15.173678,16.613509,-27.820091,-18.376273,48.151742,-24.315621,-15.127572,16.655294,-24.155743,-15.173678,16.613509,0.200000,
-24.155743,-15.173678,16.613509,-27.820091,-18.376273,48.151742,-24.088100,-15.193145,16.595792,-24.155743,-15.173678,16.613509,0.200000,
-24.155743,-15.173678,16.613509,-27.820091,-18.376273,48.151742,-24.315621,-15.127572,16.655294,-24.155743,-15.173678,16.613509,0.200000,
-24.155743,-15.173678,16.613509,-27.820091,-18.376273,48.151742,-24.088100,-15.193145,16.595792,-24.155743,-15.173678,16.613509,0.200000,
-24.155743,-15.173678,16.613509,-27.820091,-18.376273,48.151742,-24.315620,-15.127572,16.655294,-24.155743,-15.173678,16.613509,0.200000,
-24.155743,-15.173678,16.613509,-27.820091,-18.376273,48.151742,-24.088100,-15.193145,16.595792,-24.155743,-15.173678,16.613509,0.200000,
-24.155743,-15.173678,16.613509,-27.820091,-18.376273,48.151742,-24.315620,-15.127572,16.655294,-24.155743,-15.173678,16.613509,0.200000,
-24.155743,-15.173678,16.613509,-27.820091,-18.376273,48.151742,-24.088100,-15.193145,16.595792,-24.155743,-15.173678,16.613509,0.200000,
-24.155743,-15.173678,16.613509,-27.820091,-18.376273,48.151742,-24.315620,-15.127572,16.655294,-24.155743,-15.173678,16.613509,0.200000,
-24.155743,-15.173678,16.613509,-27.820091,-18.376273,48.151742,-24.088100,-15.193145,16.595792,-24.155743,-15.173678,16.613509,0.200000,
-24.155743,-15.173678,16.613509,-27.820091,-18.376273,48.151742,-24.315620,-15.127572,16.655294,-24.155743,-15.173678,16.613509,0.200000,
-24.155743,-15.173678,16.613509,-27.820091,-18.376273,48.151742,-24.088099,-15.193145,16.595792,-24.155743,-15.173678,16.613509,0.200000,
-24.155743,-15.173678,16.613509,-27.820091,-18.376273,48.151742,-24.315620,-15.127572,16.655294,-24.155743,-15.173678,16.613509,0.200000,
-24.155743,-15.173678,16.613509,-27.820091,-18.376273,48.151742,-24.088099,-15.193145,16.595792,-24.155743,-15.173678,16.613509,0.200000,
-24.155743,-15.173678,16.613509,-27.820091,-18.376273,48.151742,-24.315620,-15.127572,16.655293,-24.155743,-15.173678,16.613509,0.200000,
-24.155743,-15.173678,16.613509,-27.820091,-18.376273,48.151742,-24.088099,-15.193145,16.595792,-24.155743,-15.173678,16.613509,0.200000,
-24.155743,-15.173678,16.613509,-27.820091,-18.376273,48.151742,-24.315619,-15.127572,16.655293,-24.155743,-15.173678,16.613509,0.200000,
-24.155743,-15.173678,16.613509,-27.820091,-18.376273,48.151742,-24.088099,-15.193145,16.595792,-24.155743,-15.173678,16.613509,0.200000,
-24.155743,-15.173678,16.613509,-27.820091,-18.376273,48.151742,-24.315619,-15.127572,16.655293,-24.155743,-15.173678,16.613509,0.200000,
-24.155743,-15.173678,16.613509,-27.820091,-18.376273,48.151742,-24.088099,-15.193145,16.595792,-24.155743,-15.173678,16.613509,0.200000,
-24.155743,-15.173678,16.613509,-27.820091,-18.376273,48.151742,-24.315619,-15.127572,16.655293,-24.155743,-15.173678,16.613509,0.200000,
-24.155743,-15.173678,16.613509,-27.820091,-18.376273,48.151742,-24.088099,-15.193145,16.595792,-24.155743,-15.173678,16.613509,0.200000,
-24.155743,-15.173678,16.613509,-27.820091,-18.376273,48.151742,-24.315619,-15.127572,16.655293,-24.155743,-15.173678,16.613509,0.200000,
-24.155743,-15.173678,16.613509,-27.820091,-18.376273,48.151742,-24.088098,-15.193145,16.595792,-24.155743,-15.173678,16.613509,0.200000,
-24.155743,-15.173678,16.613509,-27.820091,-18.376273,48.151742,-24.315619,-15.127572,16.655293,-24.155743,-15.173678,16.613509,0.200000,
-24.155743,-15.173678,16.613509,-27.820091,-18.376273,48.151742,-24.088098,-15.193145,16.595792,-24.155743,-15.173678,16.613509,0.200000,
-24.155743,-15.173678,16.613509,-27.820091,-18.376273,48.151742,-24.315618,-15.127573,16.655293,-24.155743,-15.173678,16.613509,0.200000,
-24.155743,-15.173678,16.613509,-27.820091,-18.376273,48.151742,-24.088098,-15.193145,16.595792,-24.155743,-15.173678,16.613509,0.200000,
-24.155743,-15.173678,16.613509,-27.820091,-18.376273,48.151742,-24.315618,-15.127573,16.655293,-24.155743,-15.173678,16.613509,0.200000,
-24.155743,-15.173678,16.613509,-27.820091,-18.376273,48.151742,-24.088098,-15.193146,16.595792,-24.155743,-15.173678,16.613509,0.200000,
-24.155743,-15.173678,16.613509,-27.820091,-18.376273,48.151742,-24.315618,-15.127573,16.655293,-24.155743,-15.173678,16.613509,0.200000,
-24.155743,-15.173678,16.613509,-27.820091,-18.376273,48.151742,-24.088098,-15.193146,16.595792,-24.155743,-15.173678,16.613509,0.200000,
-24.155743,-15.173678,16.613509,-27.820091,-18.376273,48.151742,-24.315618,-15.127573,16.655293,-24.155743,-15.173678,16.613509,0.200000,
-24.155743,-15.173678,16.613509,-27.820091,-18.376273,48.151742,-24.088097,-15.193146,16.595791,-24.155743,-15.173678,16.613509,0.200000,
-24.155743,-15.173678,16.613509,-27.820091,-18.376273,48.151742,-24.315618,-15.127573,16.655293,-24.155743,-15.173678,16.613509,0.200000,
-24.155743,-15.173678,16.613509,-27.820091,-18.376273,48.151742,-24.088097,-15.193146,16.595791,-24.155743,-15.173678,16.613509,0.200000,
-24.155743,-15.173678,16.613509,-27.820091,-18.376273,48.151742,-24.315618,-15.127573,16.655293,-24.155743,-15.173678,16.613509,0.200000,
-24.155743,-15.173678,16.613509,-27.820091,-18.376273,48.151742,-24.088097,-15.193146,16.595791,-24.155743,-15.173678,16.613509,0.200000,
-24.155743,-15.173678,16.613509,-27.820091,-18.376273,48.151742,-24.315617,-15.127573,16.655293,-24.155743,-15.173678,16.613509,0.200000,
-24.155743,-15.173678,16.613509,-27.820091,-18.376273,48.151742,-24.088097,-15.193146,16.595791,-24.155743,-15.173678,16.613509,0.200000,
-24.155743,-15.173678,16.613509,-27.820091,-18.376273,48.151742,-24.315617,-15.127573,16.655293,-24.155743,-15.173678,16.613509,0.200000,
-24.155743,-15.173678,16.613509,-27.820091,-18.376273,48.151742,-24.088097,-15.193146,16.595791,-24.155743,-15.173678,16.613509,0.200000,
-24.155743,-15.173678,16.613509,-27.820091,-18.376273,48.151742,-24.315617,-15.127573,16.655293,-24.155743,-15.173678,16.613509,0.200000,
-24.155743,-15.173678,16.613509,-27.820091,-18.376273,48.151742,-24.088096,-15.193146,16.595791,-24.155743,-15.173678,16.613509,0.200000,
-24.155743,-15.173678,16.613509,-27.820091,-18.376273,48.151742,-24.315617,-15.127573,16.655293,-24.155743,-15.173678,16.613509,0.200000,
-24.155743,-15.173678,16.613509,-27.820091,-18.376273,48.151742,-24.088096,-15.193146,16.595791,-24.155743,-15.173678,16.613509,0.200000,
-24.155743,-15.173678,16.613509,-27.820091,-18.376273,48.151742,-24.315617,-15.127573,16.655293,-24.155743,-15.173678,16.613509,0.200000,
-24.155743,-15.173678,16.613509,-27.820091,-18.376273,48.151742,-24.088096,-15.193146,16.595791,-24.155743,-15.173678,16.613509,0.200000,
-24.155743,-15.173678,16.613509,-27.820091,-18.376273,48.151742,-24.315616,-15.127573,16.655293,-24.155743,-15.173678,16.613509,0.200000,
-24.155743,-15.173678,16.613509,-27.820091,-18.376273,48.151742,-24.088096,-15.193146,16.595791,-24.155743,-15.173678,16.613509,0.200000,
-24.155743,-15.173678,16.613509,-27.820091,-18.376273,48.151742,-24.315616,-15.127573,16.655293,-24.155743,-15.173678,16.613509,0.200000,
-24.155743,-15.173678,16.613509,-27.820091,-18.376273,48.151742,-24.088096,-15.193146,16.595791,-24.155743,-15.173678,16.613509,0.200000,
-24.155743,-15.173678,16.613509,-27.820091,-18.376273,48.151742,-24.315616,-15.127573,16.655293,-24.155743,-15.173678,16.613509,0.200000,
-24.155743,-15.173678,16.613509,-27.820091,-18.376273,48.151742,-24.088096,-15.193146,16.595791,-24.155743,-15.173678,16.613509,0.200000,
-24.155743,-15.173678,16.613509,-27.820091,-18.376273,48.151742,-24.315616,-15.127573,16.655293,-24.155743,-15.173678,16.613509,0.200000,
-24.155743,-15.173678,16.613509,-27.820091,-18.376273,48.151742,-24.088095,-15.193146,16.595791,-24.155743,-15.173678,16.613509,0.200000,
-24.155743,-15.173678,16.613509,-27.820091,-18.376273,48.151742,-24.315616,-15.127573,16.655292,-24.155743,-15.173678,16.613509,0.200000,
-24.155743,-15.173678,16.613509,-27.820091,-18.376273,48.151742,-24.088095,-15.193146,16.595791,-24.155743,-15.173678,16.613509,0.200000,
-24.155743,-15.173678,16.613509,-27.820091,-18.376273,48.151742,-24.315616,-15.127573,16.655292,-24.155743,-15.173678,16.613509,0.200000,
-24.155743,-15.173678,16.613509,-27.820091,-18.376273,48.151742,-24.088095,-15.193146,16.595791,-24.155743,-15.173678,16.613509,0.200000,
-24.155743,-15.173678,16.613509,-27.820091,-18.376273,48.151742,-24.315615,-15.127573,16.655292,-24.155743,-15.173678,16.613509,0.200000,
-24.155743,-15.173678,16.613509,-27.820091,-18.376273,48.151742,-24.088095,-15.193146,16.595791,-24.155743,-15.173678,16.613509,0.200000,
-24.155743,-15.173678,16.613509,-27.820091,-18.376273,48.151742,-24.315615,-15.127573,16.655292,-24.155743,-15.173678,16.613509,0.200000,
-24.155743,-15.173678,16.613509,-27.820091,-18.376273,48.151742,-24.088095,-15.193146,16.595791,-24.155743,-15.173678,16.613509,0.200000,
-24.155743,-15.173678,16.613509,-27.820091,-18.376273,48.151742,-24.315615,-15.127574,16.655292,-24.155743,-15.173678,16.613509,0.200000,
-24.155743,-15.173678,16.613509,-27.820091,-18.376273,48.151742,-24.088094,-15.193146,16.595791,-24.155743,-15.173678,16.613509,0.200000,
-24.155743,-15.173678,16.613509,-27.820091,-18.376273,48.151742,-24.315615,-15.127574,16.655292,-24.155743,-15.173678,16.613509,0.200000,
-24.155743,-15.173678,16.613509,-27.820091,-18.376273,48.151742,-24.088094,-15.193147,16.595791,-24.155743,-15.173678,16.613509,0.200000,
-24.155743,-15.173678,16.613509,-27.820091,-18.376273,48.151742,-24.315615,-15.127574,16.655292,-24.155743,-15.173678,16.613509,0.200000,
-24.155743,-15.173678,16.613509,-27.820091,-18.376273,48.151742,-24.088094,-15.193147,16.595791,-24.155743,-15.173678,16.613509,0.200000,
-24.155743,-15.173678,16.613509,-27.820091,-18.376273,48.151742,-24.315614,-15.127574,16.655292,-24.155743,-15.173678,16.613509,0.200000,
-24.155743,-15.173678,16.613509,-27.820091,-18.376273,48.151742,-24.088094,-15.193147,16.595791,-24.155743,-15.173678,16.613509,0.200000,
-24.155743,-15.173678,16.613509,-27.820091,-18.376273,48.151742,-24.315614,-15.127574,16.655292,-24.155743,-15.173678,16.613509,0.200000,
-24.155743,-15.173678,16.613509,-27.820091,-18.376273,48.151742,-24.088094,-15.193147,16.595791,-24.155743,-15.173678,16.613509,0.200000,
-24.155743,-15.173678,16.613509,-27.820091,-18.376273,48.151742,-24.315614,-15.127574,16.655292,-24.155743,-15.173678,16.613509,0.200000,
-24.155743,-15.173678,16.613509,-27.820091,-18.376273,48.151742,-24.088094,-15.193147,16.595790,-24.155743,-15.173678,16.613509,0.200000,
-24.155743,-15.173678,16.613509,-27.820091,-18.376273,48.151742,-24.315614,-15.127574,16.655292,-24.155743,-15.173678,16.613509,0.200000,
-24.155743,-15.173678,16.613509,-27.820091,-18.376273,48.151742,-24.088093,-15.193147,16.595790,-24.155743,-15.173678,16.613509,0.200000,
-24.155743,-15.173678,16.613509,-27.820091,-18.376273,48.151742,-24.315614,-15.127574,16.655292,-24.155743,-15.173678,16.613509,0.200000,
-24.155743,-15.173678,16.613509,-27.820091,-18.376273,48.151742,-24.088093,-15.193147,16.595790,-24.155743,-15.173678,16.613509,0.200000,
-24.155743,-15.173678,16.613509,-27.820091,-18.376273,48.151742,-24.315613,-15.127574,16.655292,-24.155743,-15.173678,16.613509,0.200000,
-24.155743,-15.173678,16.613509,-27.820091,-18.376273,48.151742,-24.088093,-15.193147,16.595790,-24.155743,-15.173678,16.613509,0.200000,
-24.155743,-15.173678,16.613509,-27.820091,-18.376273,48.151742,-24.315613,-15.127574,16.655292,-24.155743,-15.173678,16.613509,0.200000,
-24.155743,-15.173678,16.613509,-27.820091,-18.376273,48.151742,-24.088093,-15.193147,16.595790,-24.155743,-15.173678,16.613509,0.200000,
-24.155743,-15.173678,16.613509,-27.820091,-18.376273,48.151742,-24.315613,-15.127574,16.655292,-24.155743,-15.173678,16.613509,0.200000,
-24.155743,-15.173678,16.613509,-27.820091,-18.376273,48.151742,-24.088093,-15.193147,16.595790,-24.155743,-15.173678,16.613509,0.200000,
-24.155743,-15.173678,16.613509,-27.820091,-18.376273,48.151742,-24.315613,-15.127574,16.655292,-24.155743,-15.173678,16.613509,0.200000,
-24.155743,-15.173678,16.613509,-27.820091,-18.376273,48.151742,-24.088092,-15.193147,16.595790,-24.155743,-15.173678,16.613509,0.200000,
-24.155743,-15.173678,16.613509,-27.820091,-18.376273,48.151742,-24.315613,-15.127574,16.655292,-24.155743,-15.173678,16.613509,0.200000,
-24.155743,-15.173678,16.613509,-27.820091,-18.376273,48.151742,-24.088092,-15.193147,16.595790,-24.155743,-15.173678,16.613509,0.200000,
-24.155743,-15.173678,16.613509,-27.820091,-18.376273,48.151742,-24.315613,-15.127574,16.655292,-24.155743,-15.173678,16.613509,0.200000,
-24.155743,-15.173678,16.613509,-27.820091,-18.376273,48.151742,-24.088092,-15.193147,16.595790,-24.155743,-15.173678,16.613509,0.200000,
-24.155743,-15.173678,16.613509,-27.820091,-18.376273,48.151742,-24.315612,-15.127574,16.655292,-24.155743,-15.173678,16.613509,0.200000,
-24.155743,-15.173678,16.613509,-27.820091,-18.376273,48.151742,-24.088092,-15.193147,16.595790,-24.155743,-15.173678,16.613509,0.200000,
-24.155743,-15.173678,16.613509,-27.820091,-18.376273,48.151742,-24.315612,-15.127574,16.655292,-24.155743,-15.173678,16.613509,0.200000,
-24.155743,-15.173678,16.613509,-27.820091,-18.376273,48.151742,-24.088092,-15.193147,16.595790,-24.155743,-15.173678,16.613509,0.200000,
-24.155743,-15.173678,16.613509,-27.820091,-18.376273,48.151742,-24.315612,-15.127574,16.655292,-24.155743,-15.173678,16.613509,0.200000,
-24.155743,-15.173678,16.613509,-27.820091,-18.376273,48.151742,-24.088092,-15.193147,16.595790,-24.155743,-15.173678,16.613509,0.200000,
-24.155743,-15.173678,16.613509,-27.820091,-18.376273,48.151742,-24.315612,-15.127574,16.655291,-24.155743,-15.173678,16.613509,0.200000,
-24.155743,-15.173678,16.613509,-27.820091,-18.376273,48.151742,-24.088091,-15.193147,16.595790,-24.155743,-15.173678,16.613509,0.200000,
-24.155743,-15.173678,16.613509,-27.820091,-18.376273,48.151742,-24.315612,-15.127574,16.655291,-24.155743,-15.173678,16.613509,0.200000,
-24.155743,-15.173678,16.613509,-27.820091,-18.376273,48.151742,-24.088091,-15.193147,16.595790,-24.155743,-15.173678,16.613509,0.200000,
-24.155743,-15.173678,16.613509,-27.820091,-18.376273,48.151742,-24.315611,-15.127575,16.655291,-24.155743,-15.173678,16.613509,0.200000,
-24.155743,-15.173678,16.613509,-27.820091,-18.376273,48.151742,-24.088091,-15.193147,16.595790,-24.155743,-15.173678,16.613509,0.200000,
-24.155743,-15.173678,16.613509,-27.820091,-18.376273,48.151742,-24.315611,-15.127575,16.655291,-24.155743,-15.173678,16.613509,0.200000,
-24.155743,-15.173678,16.613509,-27.820091,-18.376273,48.151742,-24.088091,-15.193148,16.595790,-24.155743,-15.173678,16.613509,0.200000,
-24.155743,-15.173678,16.613509,-27.820091,-18.376273,48.151742,-24.315611,-15.127575,16.655291,-24.155743,-15.173678,16.613509,0.200000,
-24.155743,-15.173678,16.613509,-27.820091,-18.376273,48.151742,-24.088091,-15.193148,16.595790,-24.155743,-15.173678,16.613509,0.200000,
-24.155743,-15.173678,16.613509,-27.820091,-18.376273,48.151742,-24.315611,-15.127575,16.655291,-24.155743,-15.173678,16.613509,0.200000,
-24.155743,-15.173678,16.613509,-27.820091,-18.376273,48.151742,-24.088090,-15.193148,16.595790,-24.155743,-15.173678,16.613509,0.200000,
-24.155743,-15.173678,16.613509,-27.820091,-18.376273,48.151742,-24.315611,-15.127575,16.655291,-24.155743,-15.173678,16.613509,0.200000,
-24.155743,-15.173678,16.613509,-27.820091,-18.376273,48.151742,-24.088090,-15.193148,16.595790,-24.155743,-15.173678,16.613509,0.200000,
-24.155743,-15.173678,16.613509,-27.820091,-18.376273,48.151742,-24.315611,-15.127575,16.655291,-24.155743,-15.173678,16.613509,0.200000,
-24.155743,-15.173678,16.613509,-27.820091,-18.376273,48.151742,-24.088090,-15.193148,16.595790,-24.155743,-15.173678,16.613509,0.200000,
-24.155743,-15.173678,16.613509,-27.820091,-18.376273,48.151742,-24.315610,-15.127575,16.655291,-24.155743,-15.173678,16.613509,0.200000,
-24.155743,-15.173678,16.613509,-27.820091,-18.376273,48.151742,-24.088090,-15.193148,16.595790,-24.155743,-15.173678,16.613509,0.200000,
-24.155743,-15.173678,16.613509,-27.820091,-18.376273,48.151742,-24.315610,-15.127575,16.655291,-24.155743,-15.173678,16.613509,0.200000,
-24.155743,-15.173678,16.613509,-27.820091,-18.376273,48.151742,-24.088090,-15.193148,16.595789,-24.155743,-15.173678,16.613509,0.200000,
-24.155743,-15.173678,16.613509,-27.820091,-18.376273,48.151742,-24.315610,-15.127575,16.655291,-24.155743,-15.173678,16.613509,0.200000,
-24.155743,-15.173678,16.613509,-27.820091,-18.376273,48.151742,-24.088089,-15.193148,16.595789,-24.155743,-15.173678,16.613509,0.200000,
-24.155743,-15.173678,16.613509,-27.820091,-18.376273,48.151742,-24.315610,-15.127575,16.655291,-24.155743,-15.173678,16.613509,0.200000,
-24.155743,-15.173678,16.613509,-27.820091,-18.376273,48.151742,-24.088089,-15.193148,16.595789,-24.155743,-15.173678,16.613509,0.200000,
-24.155743,-15.173678,16.613509,-27.820091,-18.376273,48.151742,-24.315610,-15.127575,16.655291,-24.155743,-15.173678,16.613509,0.200000,
-24.155743,-15.173678,16.613509,-27.820091,-18.376273,48.151742,-24.088089,-15.193148,16.595789,-24.155743,-15.173678,16.613509,0.200000,
-24.155743,-15.173678,16.613509,-27.820091,-18.376273,48.151742,-24.315609,-15.127575,16.655291,-24.155743,-15.173678,16.613509,0.200000,
-24.155743,-15.173678,16.613509,-27.820091,-18.376273,48.151742,-24.088089,-15.193148,16.595789,-24.155743,-15.173678,16.613509,0.200000,
-24.155743,-15.173678,16.613509,-27.820091,-18.376273,48.151742,-24.315609,-15.127575,16.655291,-24.155743,-15.173678,16.613509,0.200000,
-24.155743,-15.173678,16.613509,-27.820091,-18.376273,48.151742,-24.088089,-15.193148,16.595789,-24.155743,-15.173678,16.613509,0.200000,
-24.155743,-15.173678,16.613509,-27.820091,-18.376273,48.151742,-24.315609,-15.127575,16.655291,-24.155743,-15.173678,16.613509,0.200000,
-24.155743,-15.173678,16.613509,-27.820091,-18.376273,48.151742,-24.088089,-15.193148,16.595789,-24.155743,-15.173678,16.613509,0.200000,
-24.155743,-15.173678,16.613509,-27.820091,-18.376273,48.151742,-24.315609,-15.127575,16.655291,-24.155743,-15.173678,16.613509,0.200000,
-24.155743,-15.173678,16.613509,-27.820091,-18.376273,48.151742,-24.088088,-15.193148,16.595789,-24.155743,-15.173678,16.613509,0.200000,
-24.155743,-15.173678,16.613509,-27.820091,-18.376273,48.151742,-24.315609,-15.127575,16.655291,-24.155743,-15.173678,16.613509,0.200000,
-24.155743,-15.173678,16.613509,-27.820091,-18.376273,48.151742,-24.088088,-15.193148,16.595789,-24.155743,-15.173678,16.613509,0.200000,
-24.155743,-15.173678,16.613509,-27.820091,-18.376273,48.151742,-24.315609,-15.127575,16.655291,-24.155743,-15.173678,16.613509,0.200000,
-24.155743,-15.173678,16.613509,-27.820091,-18.376273,48.151742,-24.088088,-15.193148,16.595789,-24.155743,-15.173678,16.613509,0.200000,
-24.155743,-15.173678,16.613509,-27.820091,-18.376273,48.151742,-24.315608,-15.127575,16.655291,-24.155743,-15.173678,16.613509,0.200000,
-24.155743,-15.173678,16.613509,-27.820091,-18.376273,48.151742,-24.088088,-15.193148,16.595789,-24.155743,-15.173678,16.613509,0.200000,
-24.155743,-15.173678,16.613509,-27.820091,-18.376273,48.151742,-24.315608,-15.127575,16.655291,-24.155743,-15.173678,16.613509,0.200000,
-24.155743,-15.173678,16.613509,-27.820091,-18.376273,48.151742,-24.088088,-15.193148,16.595789,-24.155743,-15.173678,16.613509,0.200000,
-24.155743,-15.173678,16.613509,-27.820091,-18.376273,48.151742,-24.315608,-15.127576,16.655290,-24.155743,-15.173678,16.613509,0.200000,
-24.155743,-15.173678,16.613509,-27.820091,-18.376273,48.151742,-24.088087,-15.193149,16.595789,-24.155743,-15.173678,16.613509,0.200000,
-24.155743,-15.173678,16.613509,-27.820091,-18.376273,48.151742,-24.315608,-15.127576,16.655290,-24.155743,-15.173678,16.613509,0.200000,
-24.155743,-15.173678,16.613509,-27.820091,-18.376273,48.151742,-24.088087,-15.193149,16.595789,-24.155743,-15.173678,16.613509,0.200000,
-24.155743,-15.173678,16.613509,-27.820091,-18.376273,48.151742,-24.315608,-15.127576,16.655290,-24.155743,-15.173678,16.613509,0.200000,
-24.155743,-15.173678,16.613509,-27.820091,-18.376273,48.151742,-24.088087,-15.193149,16.595789,-24.155743,-15.173678,16.613509,0.200000,
-24.155743,-15.173678,16.613509,-27.820091,-18.376273,48.151742,-24.315607,-15.127576,16.655290,-24.155743,-15.173678,16.613509,0.200000,
-24.155743,-15.173678,16.613509,-27.820091,-18.376273,48.151742,-24.088087,-15.193149,16.595789,-24.155743,-15.173678,16.613509,0.200000,
-24.155743,-15.173678,16.613509,-27.820091,-18.376273,48.151742,-24.315607,-15.127576,16.655290,-24.155743,-15.173678,16.613509,0.200000,
-24.155743,-15.173678,16.613509,-27.820091,-18.376273,48.151742,-24.088087,-15.193149,16.595789,-24.155743,-15.173678,16.613509,0.200000,
-24.155743,-15.173678,16.613509,-27.820091,-18.376273,48.151742,-24.315607,-15.127576,16.655290,-24.155743,-15.173678,16.613509,0.200000,
-24.155743,-15.173678,16.613509,-27.820091,-18.376273,48.151742,-24.088087,-15.193149,16.595789,-24.155743,-15.173678,16.613509,0.200000,
-24.155743,-15.173678,16.613509,-27.820091,-18.376273,48.151742,-24.315607,-15.127576,16.655290,-24.155743,-15.173678,16.613509,0.200000,
-24.155743,-15.173678,16.613509,-27.820091,-18.376273,48.151742,-24.088086,-15.193149,16.595789,-24.155743,-15.173678,16.613509,0.200000,
-24.155743,-15.173678,16.613509,-27.820091,-18.376273,48.151742,-24.315607,-15.127576,16.655290,-24.155743,-15.173678,16.613509,0.200000,
-24.155743,-15.173678,16.613509,-27.820091,-18.376273,48.151742,-24.088086,-15.193149,16.595789,-24.155743,-15.173678,16.613509,0.200000,
-24.155743,-15.173678,16.613509,-27.820091,-18.376273,48.151742,-24.315606,-15.127576,16.655290,-24.155743,-15.173678,16.613509,0.200000,
-24.155743,-15.173678,16.613509,-27.820091,-18.376273,48.151742,-24.088086,-15.193149,16.595788,-24.155743,-15.173678,16.613509,0.200000,
-24.155743,-15.173678,16.613509,-27.820091,-18.376273,48.151742,-24.315606,-15.127576,16.655290,-24.155743,-15.173678,16.613509,0.200000,
-24.155743,-15.173678,16.613509,-27.820091,-18.376273,48.151742,-24.088086,-15.193149,16.595788,-24.155743,-15.173678,16.613509,0.200000,
-24.155743,-15.173678,16.613509,-27.820091,-18.376273,48.151742,-24.315606,-15.127576,16.655290,-24.155743,-15.173678,16.613509,0.200000,
-24.155743,-15.173678,16.613509,-27.820091,-18.376273,48.151742,-24.088086,-15.193149,16.595788,-24.155743,-15.173678,16.613509,0.200000,
-24.155743,-15.173678,16.613509,-27.820091,-18.376273,48.151742,-24.315606,-15.127576,16.655290,-24.155743,-15.173678,16.613509,0.200000,
-24.155743,-15.173678,16.613509,-27.820091,-18.376273,48.151742,-24.088085,-15.193149,16.595788,-24.155743,-15.173678,16.613509,0.200000,
-24.155743,-15.173678,16.613509,-27.820091,-18.376273,48.151742,-24.315606,-15.127576,16.655290,-24.155743,-15.173678,16.613509,0.200000,
-24.155743,-15.173678,16.613509,-27.820091,-18.376273,48.151742,-24.088085,-15.193149,16.595788,-24.155743,-15.173678,16.613509,0.200000,
-24.155743,-15.173678,16.613509,-27.820091,-18.376273,48.151742,-24.315606,-15.127576,16.655290,-24.155743,-15.173678,16.613509,0.200000,
-24.155743,-15.173678,16.613509,-27.820091,-18.376273,48.151742,-24.088085,-15.193149,16.595788,-24.155743,-15.173678,16.613509,0.200000,
-24.155743,-15.173678,16.613509,-27.820091,-18.376273,48.151742,-24.315605,-15.127576,16.655290,-24.155743,-15.173678,16.613509,0.200000,
-24.155743,-15.173678,16.613509,-27.820091,-18.376273,48.151742,-24.088085,-15.193149,16.595788,-24.155743,-15.173678,16.613509,0.200000,
-24.155743,-15.173678,16.613509,-27.820091,-18.376273,48.151742,-24.315605,-15.127576,16.655290,-24.155743,-15.173678,16.613509,0.200000,
-24.155743,-15.173678,16.613509,-27.820091,-18.376273,48.151742,-24.088085,-15.193149,16.595788,-24.155743,-15.173678,16.613509,0.200000,
-24.155743,-15.173678,16.613509,-27.820091,-18.376273,48.151742,-24.315605,-15.127576,16.655290,-24.155743,-15.173678,16.613509,0.200000,
-24.155743,-15.173678,16.613509,-27.820091,-18.376273,48.151742,-24.088084,-15.193149,16.595788,-24.155743,-15.173678,16.613509,0.200000,
-24.155743,-15.173678,16.613509,-27.820091,-18.376273,48.151742,-24.315605,-15.127576,16.655290,-24.155743,-15.173678,16.613509,0.200000,
-24.155743,-15.173678,16.613509,-27.820091,-18.376273,48.151742,-24.088084,-15.193149,16.595788,-24.155743,-15.173678,16.613509,0.200000,
-24.155743,-15.173678,16.613509,-27.820091,-18.376273,48.151742,-24.315605,-15.127576,16.655290,-24.155743,-15.173678,16.613509,0.200000,
-24.155743,-15.173678,16.613509,-27.820091,-18.376273,48.151742,-24.088084,-15.193149,16.595788,-24.155743,-15.173678,16.613509,0.200000,
-24.155743,-15.173678,16.613509,-27.820091,-18.376273,48.151742,-24.315604,-15.127577,16.655290,-24.155743,-15.173678,16.613509,0.200000,
-24.155743,-15.173678,16.613509,-27.820091,-18.376273,48.151742,-24.088084,-15.193150,16.595788,-24.155743,-15.173678,16.613509,0.200000,
-24.155743,-15.173678,16.613509,-27.820091,-18.376273,48.151742,-24.315604,-15.127577,16.655289,-24.155743,-15.173678,16.613509,0.200000,
-24.155743,-15.173678,16.613509,-27.820091,-18.376273,48.151742,-24.088084,-15.193150,16.595788,-24.155743,-15.173678,16.613509,0.200000,
-24.155743,-15.173678,16.613509,-27.820091,-18.376273,48.151742,-24.315604,-15.127577,16.655289,-24.155743,-15.173678,16.613509,0.200000,
-24.155743,-15.173678,16.613509,-27.820091,-18.376273,48.151742,-24.088084,-15.193150,16.595788,-24.155743,-15.173678,16.613509,0.200000,
-24.155743,-15.173678,16.613509,-27.820091,-18.376273,48.151742,-24.315604,-15.127577,16.655289,-24.155743,-15.173678,16.613509,0.200000,
-24.155743,-15.173678,16.613509,-27.820091,-18.376273,48.151742,-24.088083,-15.193150,16.595788,-24.155743,-15.173678,16.613509,0.200000,
-24.155743,-15.173678,16.613509,-27.820091,-18.376273,48.151742,-24.315604,-15.127577,16.655289,-24.155743,-15.173678,16.613509,0.200000,
-24.155743,-15.173678,16.613509,-27.820091,-18.376273,48.151742,-24.088083,-15.193150,16.595788,-24.155743,-15.173678,16.613509,0.200000,
-24.155743,-15.173678,16.613509,-27.820091,-18.376273,48.151742,-24.315604,-15.127577,16.655289,-24.155743,-15.173678,16.613509,0.200000,
-24.155743,-15.173678,16.613509,-27.820091,-18.376273,48.151742,-24.088083,-15.193150,16.595788,-24.155743,-15.173678,16.613509,0.200000,
-24.155743,-15.173678,16.613509,-27.820091,-18.376273,48.151742,-24.315603,-15.127577,16.655289,-24.155743,-15.173678,16.613509,0.200000,
-24.155743,-15.173678,16.613509,-27.820091,-18.376273,48.151742,-24.088083,-15.193150,16.595788,-24.155743,-15.173678,16.613509,0.200000,
-24.155743,-15.173678,16.613509,-27.820091,-18.376273,48.151742,-24.315603,-15.127577,16.655289,-24.155743,-15.173678,16.613509,0.200000,
-24.155743,-15.173678,16.613509,-27.820091,-18.376273,48.151742,-24.088083,-15.193150,16.595788,-24.155743,-15.173678,16.613509,0.200000,
-24.155743,-15.173678,16.613509,-27.820091,-18.376273,48.151742,-24.315603,-15.127577,16.655289,-24.155743,-15.173678,16.613509,0.200000,
-24.155743,-15.173678,16.613509,-27.820091,-18.376273,48.151742,-24.088082,-15.193150,16.595788,-24.155743,-15.173678,16.613509,0.200000,
-24.155743,-15.173678,16.613509,-27.820091,-18.376273,48.151742,-24.315603,-15.127577,16.655289,-24.155743,-15.173678,16.613509,0.200000,
-24.155743,-15.173678,16.613509,-27.820091,-18.376273,48.151742,-24.088082,-15.193150,16.595788,-24.155743,-15.173678,16.613509,0.200000,
-24.155743,-15.173678,16.613509,-27.820091,-18.376273,48.151742,-24.315603,-15.127577,16.655289,-24.155743,-15.173678,16.613509,0.200000,
-24.155743,-15.173678,16.613509,-27.820091,-18.376273,48.151742,-24.088082,-15.193150,16.595787,-24.155743,-15.173678,16.613509,0.200000,
-24.155743,-15.173678,16.613509,-27.820091,-18.376273,48.151742,-24.315602,-15.127577,16.655289,-24.155743,-15.173678,16.613509,0.200000,
-24.155743,-15.173678,16.613509,-27.820091,-18.376273,48.151742,-24.088082,-15.193150,16.595787,-24.155743,-15.173678,16.613509,0.200000,
-24.155743,-15.173678,16.613509,-27.820091,-18.376273,48.151742,-24.315602,-15.127577,16.655289,-24.155743,-15.173678,16.613509,0.200000,
-24.155743,-15.173678,16.613509,-27.820091,-18.376273,48.151742,-24.088082,-15.193150,16.595787,-24.155743,-15.173678,16.613509,0.200000,
-24.155743,-15.173678,16.613509,-27.820091,-18.376273,48.151742,-24.315602,-15.127577,16.655289,-24.155743,-15.173678,16.613509,0.200000,
-24.155743,-15.173678,16.613509,-27.820091,-18.376273,48.151742,-24.088082,-15.193150,16.595787,-24.155743,-15.173678,16.613509,0.200000,
-24.155743,-15.173678,16.613509,-27.820091,-18.376273,48.151742,-24.315602,-15.127577,16.655289,-24.155743,-15.173678,16.613509,0.200000,
-24.155743,-15.173678,16.613509,-27.820091,-18.376273,48.151742,-24.088081,-15.193150,16.595787,-24.155743,-15.173678,16.613509,0.200000,
-24.155743,-15.173678,16.613509,-27.820091,-18.376273,48.151742,-24.315602,-15.127577,16.655289,-24.155743,-15.173678,16.613509,0.200000,
-24.155743,-15.173678,16.613509,-27.820091,-18.376273,48.151742,-24.088081,-15.193150,16.595787,-24.155743,-15.173678,16.613509,0.200000,
-24.155743,-15.173678,16.613509,-27.820091,-18.376273,48.151742,-24.315601,-15.127577,16.655289,-24.155743,-15.173678,16.613509,0.200000,
-24.155743,-15.173678,16.613509,-27.820091,-18.376273,48.151742,-24.088081,-15.193150,16.595787,-24.155743,-15.173678,16.613509,0.200000,
-24.155743,-15.173678,16.613509,-27.820091,-18.376273,48.151742,-24.315601,-15.127577,16.655289,-24.155743,-15.173678,16.613509,0.200000,
-24.155743,-15.173678,16.613509,-27.820091,-18.376273,48.151742,-24.088081,-15.193150,16.595787,-24.155743,-15.173678,16.613509,0.200000,
-24.155743,-15.173678,16.613509,-27.820091,-18.376273,48.151742,-24.315601,-15.127578,16.655289,-24.155743,-15.173678,16.613509,0.200000,
-24.155743,-15.173678,16.613509,-27.820091,-18.376273,48.151742,-24.088081,-15.193150,16.595787,-24.155743,-15.173678,16.613509,0.200000,
-24.155743,-15.173678,16.613509,-27.820091,-18.376273,48.151742,-24.315601,-15.127578,16.655289,-24.155743,-15.173678,16.613509,0.200000,
-24.155743,-15.173678,16.613509,-27.820091,-18.376273,48.151742,-24.088080,-15.193151,16.595787,-24.155743,-15.173678,16.613509,0.200000,
-24.155743,-15.173678,16.613509,-27.820091,-18.376273,48.151742,-24.315601,-15.127578,16.655289,-24.155743,-15.173678,16.613509,0.200000,
-24.155743,-15.173678,16.613509,-27.820091,-18.376273,48.151742,-24.088080,-15.193151,16.595787,-24.155743,-15.173678,16.613509,0.200000,
-24.155743,-15.173678,16.613509,-27.820091,-18.376273,48.151742,-24.315601,-15.127578,16.655289,-24.155743,-15.173678,16.613509,0.200000,
-24.155743,-15.173678,16.613509,-27.820091,-18.376273,48.151742,-24.088080,-15.193151,16.595787,-24.155743,-15.173678,16.613509,0.200000,
-24.155743,-15.173678,16.613509,-27.820091,-18.376273,48.151742,-24.315600,-15.127578,16.655288,-24.155743,-15.173678,16.613509,0.200000,
-24.155743,-15.173678,16.613509,-27.820091,-18.376273,48.151742,-24.088080,-15.193151,16.595787,-24.155743,-15.173678,16.613509,0.200000,
-24.155743,-15.173678,16.613509,-27.820091,-18.376273,48.151742,-24.315600,-15.127578,16.655288,-24.155743,-15.173678,16.613509,0.200000,
-24.155743,-15.173678,16.613509,-27.820091,-18.376273,48.151742,-24.088080,-15.193151,16.595787,-24.155743,-15.173678,16.613509,0.200000,
-24.155743,-15.173678,16.613509,-27.820091,-18.376273,48.151742,-24.315600,-15.127578,16.655288,-24.155743,-15.173678,16.613509,0.200000,
-24.155743,-15.173678,16.613509,-27.820091,-18.376273,48.151742,-24.088080,-15.193151,16.595787,-24.155743,-15.173678,16.613509,0.200000,
-24.155743,-15.173678,16.613509,-27.820091,-18.376273,48.151742,-24.315600,-15.127578,16.655288,-24.155743,-15.173678,16.613509,0.200000,
-24.155743,-15.173678,16.613509,-27.820091,-18.376273,48.151742,-24.088079,-15.193151,16.595787,-24.155743,-15.173678,16.613509,0.200000,
-24.155743,-15.173678,16.613509,-27.820091,-18.376273,48.151742,-24.315600,-15.127578,16.655288,-24.155743,-15.173678,16.613509,0.200000,
-24.155743,-15.173678,16.613509,-27.820091,-18.376273,48.151742,-24.088079,-15.193151,16.595787,-24.155743,-15.173678,16.613509,0.200000,
-24.155743,-15.173678,16.613509,-27.820091,-18.376273,48.151742,-24.315599,-15.127578,16.655288,-24.155743,-15.173678,16.613509,0.200000,
-24.155743,-15.173678,16.613509,-27.820091,-18.376273,48.151742,-24.088079,-15.193151,16.595787,-24.155743,-15.173678,16.613509,0.200000,
-24.155743,-15.173678,16.613509,-27.820091,-18.376273,48.151742,-24.315599,-15.127578,16.655288,-24.155743,-15.173678,16.613509,0.200000,
-24.155743,-15.173678,16.613509,-27.820091,-18.376273,48.151742,-24.088079,-15.193151,16.595787,-24.155743,-15.173678,16.613509,0.200000,
-24.155743,-15.173678,16.613509,-27.820091,-18.376273,48.151742,-24.315599,-15.127578,16.655288,-24.155743,-15.173678,16.613509,0.200000,
-24.155743,-15.173678,16.613509,-27.820091,-18.376273,48.151742,-24.088079,-15.193151,16.595787,-24.155743,-15.173678,16.613509,0.200000,
-24.155743,-15.173678,16.613509,-27.820091,-18.376273,48.151742,-24.315599,-15.127578,16.655288,-24.155743,-15.173678,16.613509,0.200000,
-24.155743,-15.173678,16.613509,-27.820091,-18.376273,48.151742,-24.088078,-15.193151,16.595787,-24.155743,-15.173678,16.613509,0.200000,
-24.155743,-15.173678,16.613509,-27.820091,-18.376273,48.151742,-24.315599,-15.127578,16.655288,-24.155743,-15.173678,16.613509,0.200000,
-24.155743,-15.173678,16.613509,-27.820091,-18.376273,48.151742,-24.088078,-15.193151,16.595786,-24.155743,-15.173678,16.613509,0.200000,
-24.155743,-15.173678,16.613509,-27.820091,-18.376273,48.151742,-24.315599,-15.127578,16.655288,-24.155743,-15.173678,16.613509,0.200000,
-24.155743,-15.173678,16.613509,-27.820091,-18.376273,48.151742,-24.088078,-15.193151,16.595786,-24.155743,-15.173678,16.613509,0.200000,
-24.155743,-15.173678,16.613509,-27.820091,-18.376273,48.151742,-24.315598,-15.127578,16.655288,-24.155743,-15.173678,16.613509,0.200000,
-24.155743,-15.173678,16.613509,-27.820091,-18.376273,48.151742,-24.088078,-15.193151,16.595786,-24.155743,-15.173678,16.613509,0.200000,
-24.155743,-15.173678,16.613509,-27.820091,-18.376273,48.151742,-24.315598,-15.127578,16.655288,-24.155743,-15.173678,16.613509,0.200000,
-24.155743,-15.173678,16.613509,-27.820091,-18.376273,48.151742,-24.088078,-15.193151,16.595786,-24.155743,-15.173678,16.613509,0.200000,
-24.155743,-15.173678,16.613509,-27.820091,-18.376273,48.151742,-24.315598,-15.127578,16.655288,-24.155743,-15.173678,16.613509,0.200000,
-24.155743,-15.173678,16.613509,-27.820091,-18.376273,48.151742,-24.088077,-15.193151,16.595786,-24.155743,-15.173678,16.613509,0.200000,
-24.155743,-15.173678,16.613509,-27.820091,-18.376273,48.151742,-24.315598,-15.127578,16.655288,-24.155743,-15.173678,16.613509,0.200000,
-24.155743,-15.173678,16.613509,-27.820091,-18.376273,48.151742,-24.088077,-15.193151,16.595786,-24.155743,-15.173678,16.613509,0.200000,
-24.155743,-15.173678,16.613509,-27.820091,-18.376273,48.151742,-24.315598,-15.127579,16.655288,-24.155743,-15.173678,16.613509,0.200000,
-24.155743,-15.173678,16.613509,-27.820091,-18.376273,48.151742,-24.088077,-15.193151,16.595786,-24.155743,-15.173678,16.613509,0.200000,
-24.155743,-15.173678,16.613509,-27.820091,-18.376273,48.151742,-24.315597,-15.127579,16.655288,-24.155743,-15.173678,16.613509,0.200000,
-24.155743,-15.173678,16.613509,-27.820091,-18.376273,48.151742,-24.088077,-15.193152,16.595786,-24.155743,-15.173678,16.613509,0.200000,
-24.155743,-15.173678,16.613509,-27.820091,-18.376273,48.151742,-24.315597,-15.127579,16.655288,-24.155743,-15.173678,16.613509,0.200000,
-24.155743,-15.173678,16.613509,-27.820091,-18.376273,48.151742,-24.088077,-15.193152,16.595786,-24.155743,-15.173678,16.613509,0.200000,
-24.155743,-15.173678,16.613509,-27.820091,-18.376273,48.151742,-24.315597,-15.127579,16.655288,-24.155743,-15.173678,16.613509,0.200000,
-24.155743,-15.173678,16.613509,-27.820091,-18.376273,48.151742,-24.088077,-15.193152,16.595786,-24.155743,-15.173678,16.613509,0.200000,
-24.155743,-15.173678,16.613509,-27.820091,-18.376273,48.151742,-24.315597,-15.127579,16.655288,-24.155743,-15.173678,16.613509,0.200000,
-24.155743,-15.173678,16.613509,-27.820091,-18.376273,48.151742,-24.088076,-15.193152,16.595786,-24.155743,-15.173678,16.613509,0.200000,
-24.155743,-15.173678,16.613509,-27.820091,-18.376273,48.151742,-24.315597,-15.127579,16.655288,-24.155743,-15.173678,16.613509,0.200000,
-24.155743,-15.173678,16.613509,-27.820091,-18.376273,48.151742,-24.088076,-15.193152,16.595786,-24.155743,-15.173678,16.613509,0.200000,
-24.155743,-15.173678,16.613509,-27.820091,-18.376273,48.151742,-24.315597,-15.127579,16.655287,-24.155743,-15.173678,16.613509,0.200000,
-24.155743,-15.173678,16.613509,-27.820091,-18.376273,48.151742,-24.088076,-15.193152,16.595786,-24.155743,-15.173678,16.613509,0.200000,
-24.155743,-15.173678,16.613509,-27.820091,-18.376273,48.151742,-24.315596,-15.127579,16.655287,-24.155743,-15.173678,16.613509,0.200000,
-24.155743,-15.173678,16.613509,-27.820091,-18.376273,48.151742,-24.088076,-15.193152,16.595786,-24.155743,-15.173678,16.613509,0.200000,
-24.155743,-15.173678,16.613509,-27.820091,-18.376273,48.151742,-24.315596,-15.127579,16.655287,-24.155743,-15.173678,16.613509,0.200000,
-24.155743,-15.173678,16.613509,-27.820091,-18.376273,48.151742,-24.088076,-15.193152,16.595786,-24.155743,-15.173678,16.613509,0.200000,
-24.155743,-15.173678,16.613509,-27.820091,-18.376273,48.151742,-24.315596,-15.127579,16.655287,-24.155743,-15.173678,16.613509,0.200000,
-24.155743,-15.173678,16.613509,-27.820091,-18.376273,48.151742,-24.088075,-15.193152,16.595786,-24.155743,-15.173678,16.613509,0.200000,
-24.155743,-15.173678,16.613509,-27.820091,-18.376273,48.151742,-24.315596,-15.127579,16.655287,-24.155743,-15.173678,16.613509,0.200000,
-24.155743,-15.173678,16.613509,-27.820091,-18.376273,48.151742,-24.088075,-15.193152,16.595786,-24.155743,-15.173678,16.613509,0.200000,
-24.155743,-15.173678,16.613509,-27.820091,-18.376273,48.151742,-24.315596,-15.127579,16.655287,-24.155743,-15.173678,16.613509,0.200000,
-24.155743,-15.173678,16.613509,-27.820091,-18.376273,48.151742,-24.088075,-15.193152,16.595786,-24.155743,-15.173678,16.613509,0.200000,
-24.155743,-15.173678,16.613509,-27.820091,-18.376273,48.151742,-24.315595,-15.127579,16.655287,-24.155743,-15.173678,16.613509,0.200000,
-24.155743,-15.173678,16.613509,-27.820091,-18.376273,48.151742,-24.088075,-15.193152,16.595786,-24.155743,-15.173678,16.613509,0.200000,
-24.155743,-15.173678,16.613509,-27.820091,-18.376273,48.151742,-24.315595,-15.127579,16.655287,-24.155743,-15.173678,16.613509,0.200000,
-24.155743,-15.173678,16.613509,-27.820091,-18.376273,48.151742,-24.088075,-15.193152,16.595786,-24.155743,-15.173678,16.613509,0.200000,
-24.155743,-15.173678,16.613509,-27.820091,-18.376273,48.151742,-24.315595,-15.127579,16.655287,-24.155743,-15.173678,16.613509,0.200000,
-24.155743,-15.173678,16.613509,-27.820091,-18.376273,48.151742,-24.088075,-15.193152,16.595785,-24.155743,-15.173678,16.613509,0.200000,
-24.155743,-15.173678,16.613509,-27.820091,-18.376273,48.151742,-24.315595,-15.127579,16.655287,-24.155743,-15.173678,16.613509,0.200000,
-24.155743,-15.173678,16.613509,-27.820091,-18.376273,48.151742,-24.088074,-15.193152,16.595785,-24.155743,-15.173678,16.613509,0.200000,
-24.155743,-15.173678,16.613509,-27.820091,-18.376273,48.151742,-24.315595,-15.127579,16.655287,-24.155743,-15.173678,16.613509,0.200000,
-24.155743,-15.173678,16.613509,-27.820091,-18.376273,48.151742,-24.088074,-15.193152,16.595785,-24.155743,-15.173678,16.613509,0.200000,
-24.155743,-15.173678,16.613509,-27.820091,-18.376273,48.151742,-24.315594,-15.127579,16.655287,-24.155743,-15.173678,16.613509,0.200000,
-24.155743,-15.173678,16.613509,-27.820091,-18.376273,48.151742,-24.088074,-15.193152,16.595785,-24.155743,-15.173678,16.613509,0.200000,
-24.155743,-15.173678,16.613509,-27.820091,-18.376273,48.151742,-24.315594,-15.127579,16.655287,-24.155743,-15.173678,16.613509,0.200000,
-24.155743,-15.173678,16.613509,-27.820091,-18.376273,48.151742,-24.088074,-15.193152,16.595785,-24.155743,-15.173678,16.613509,0.200000,
-24.155743,-15.173678,16.613509,-27.820091,-18.376273,48.151742,-24.315594,-15.127580,16.655287,-24.155743,-15.173678,16.613509,0.200000,
-24.155743,-15.173678,16.613509,-27.820091,-18.376273,48.151742,-24.088074,-15.193152,16.595785,-24.155743,-15.173678,16.613509,0.200000,
-24.155743,-15.173678,16.613509,-27.820091,-18.376273,48.151742,-24.315594,-15.127580,16.655287,-24.155743,-15.173678,16.613509,0.200000,
-24.155743,-15.173678,16.613509,-27.820091,-18.376273,48.151742,-24.088073,-15.193153,16.595785,-24.155743,-15.173678,16.613509,0.200000,
-24.155743,-15.173678,16.613509,-27.820091,-18.376273,48.151742,-24.315594,-15.127580,16.655287,-24.155743,-15.173678,16.613509,0.200000,
-24.155743,-15.173678,16.613509,-27.820091,-18.376273,48.151742,-24.088073,-15.193153,16.595785,-24.155743,-15.173678,16.613509,0.200000,
-24.155743,-15.173678,16.613509,-27.820091,-18.376273,48.151742,-24.315594,-15.127580,16.655287,-24.155743,-15.173678,16.613509,0.200000,
-24.155743,-15.173678,16.613509,-27.820091,-18.376273,48.151742,-24.088073,-15.193153,16.595785,-24.155743,-15.173678,16.613509,0.200000,
-24.155743,-15.173678,16.613509,-27.820091,-18.376273,48.151742,-24.315593,-15.127580,16.655287,-24.155743,-15.173678,16.613509,0.200000,
-24.155743,-15.173678,16.613509,-27.820091,-18.376273,48.151742,-24.088073,-15.193153,16.595785,-24.155743,-15.173678,16.613509,0.200000,
-24.155743,-15.173678,16.613509,-27.820091,-18.376273,48.151742,-24.315593,-15.127580,16.655287,-24.155743,-15.173678,16.613509,0.200000,
-24.155743,-15.173678,16.613509,-27.820091,-18.376273,48.151742,-24.088073,-15.193153,16.595785,-24.155743,-15.173678,16.613509,0.200000,
-24.155743,-15.173678,16.613509,-27.820091,-18.376273,48.151742,-24.315593,-15.127580,16.655287,-24.155743,-15.173678,16.613509,0.200000,
-24.155743,-15.173678,16.613509,-27.820091,-18.376273,48.151742,-24.088073,-15.193153,16.595785,-24.155743,-15.173678,16.613509,0.200000,
-24.155743,-15.173678,16.613509,-27.820091,-18.376273,48.151742,-24.315593,-15.127580,16.655287,-24.155743,-15.173678,16.613509,0.200000,
-24.155743,-15.173678,16.613509,-27.820091,-18.376273,48.151742,-24.088072,-15.193153,16.595785,-24.155743,-15.173678,16.613509,0.200000,
-24.155743,-15.173678,16.613509,-27.820091,-18.376273,48.151742,-24.315593,-15.127580,16.655286,-24.155743,-15.173678,16.613509,0.200000,
-24.155743,-15.173678,16.613509,-27.820091,-18.376273,48.151742,-24.088072,-15.193153,16.595785,-24.155743,-15.173678,16.613509,0.200000,
-24.155743,-15.173678,16.613509,-27.820091,-18.376273,48.151742,-24.315592,-15.127580,16.655286,-24.155743,-15.173678,16.613509,0.200000,
-24.155743,-15.173678,16.613509,-27.820091,-18.376273,48.151742,-24.088072,-15.193153,16.595785,-24.155743,-15.173678,16.613509,0.200000,
-24.155743,-15.173678,16.613509,-27.820091,-18.376273,48.151742,-24.315592,-15.127580,16.655286,-24.155743,-15.173678,16.613509,0.200000,
-24.155743,-15.173678,16.613509,-27.820091,-18.376273,48.151742,-24.088072,-15.193153,16.595785,-24.155743,-15.173678,16.613509,0.200000,
-24.155743,-15.173678,16.613509,-27.820091,-18.376273,48.151742,-24.315592,-15.127580,16.655286,-24.155743,-15.173678,16.613509,0.200000,
-24.155743,-15.173678,16.613509,-27.820091,-18.376273,48.151742,-24.088072,-15.193153,16.595785,-24.155743,-15.173678,16.613509,0.200000,
-24.155743,-15.173678,16.613509,-27.820091,-18.376273,48.151742,-24.315592,-15.127580,16.655286,-24.155743,-15.173678,16.613509,0.200000,
-24.155743,-15.173678,16.613509,-27.820091,-18.376273,48.151742,-24.088071,-15.193153,16.595785,-24.155743,-15.173678,16.613509,0.200000,
-24.155743,-15.173678,16.613509,-27.820091,-18.376273,48.151742,-24.315592,-15.127580,16.655286,-24.155743,-15.173678,16.613509,0.200000,
-24.155743,-15.173678,16.613509,-27.820091,-18.376273,48.151742,-24.088071,-15.193153,16.595785,-24.155743,-15.173678,16.613509,0.200000,
-24.155743,-15.173678,16.613509,-27.820091,-18.376273,48.151742,-24.315592,-15.127580,16.655286,-24.155743,-15.173678,16.613509,0.200000,
-24.155743,-15.173678,16.613509,-27.820091,-18.376273,48.151742,-24.088071,-15.193153,16.595785,-24.155743,-15.173678,16.613509,0.200000,
-24.155743,-15.173678,16.613509,-27.820091,-18.376273,48.151742,-24.315591,-15.127580,16.655286,-24.155743,-15.173678,16.613509,0.200000,
-24.155743,-15.173678,16.613509,-27.820091,-18.376273,48.151742,-24.088071,-15.193153,16.595785,-24.155743,-15.173678,16.613509,0.200000,
-24.155743,-15.173678,16.613509,-27.820091,-18.376273,48.151742,-24.315591,-15.127580,16.655286,-24.155743,-15.173678,16.613509,0.200000,
-24.155743,-15.173678,16.613509,-27.820091,-18.376273,48.151742,-24.088071,-15.193153,16.595784,-24.155743,-15.173678,16.613509,0.200000,
-24.155743,-15.173678,16.613509,-27.820091,-18.376273,48.151742,-24.315591,-15.127580,16.655286,-24.155743,-15.173678,16.613509,0.200000,
-24.155743,-15.173678,16.613509,-27.820091,-18.376273,48.151742,-24.088070,-15.193153,16.595784,-24.155743,-15.173678,16.613509,0.200000,
-24.155743,-15.173678,16.613509,-27.820091,-18.376273,48.151742,-24.315591,-15.127580,16.655286,-24.155743,-15.173678,16.613509,0.200000,
-24.155743,-15.173678,16.613509,-27.820091,-18.376273,48.151742,-24.088070,-15.193153,16.595784,-24.155743,-15.173678,16.613509,0.200000,
-24.155743,-15.173678,16.613509,-27.820091,-18.376273,48.151742,-24.315591,-15.127581,16.655286,-24.155743,-15.173678,16.613509,0.200000,
-24.155743,-15.173678,16.613509,-27.820091,-18.376273,48.151742,-24.088070,-15.193153,16.595784,-24.155743,-15.173678,16.613509,0.200000,
-24.155743,-15.173678,16.613509,-27.820091,-18.376273,48.151742,-24.315590,-15.127581,16.655286,-24.155743,-15.173678,16.613509,0.200000,
-24.155743,-15.173678,16.613509,-27.820091,-18.376273,48.151742,-24.088070,-15.193154,16.595784,-24.155743,-15.173678,16.613509,0.200000,
-24.155743,-15.173678,16.613509,-27.820091,-18.376273,48.151742,-24.315590,-15.127581,16.655286,-24.155743,-15.173678,16.613509,0.200000,
-24.155743,-15.173678,16.613509,-27.820091,-18.376273,48.151742,-24.088070,-15.193154,16.595784,-24.155743,-15.173678,16.613509,0.200000,
-24.155743,-15.173678,16.613509,-27.820091,-18.376273,48.151742,-24.315590,-15.127581,16.655286,-24.155743,-15.173678,16.613509,0.200000,
-24.155743,-15.173678,16.613509,-27.820091,-18.376273,48.151742,-24.088070,-15.193154,16.595784,-24.155743,-15.173678,16.613509,0.200000,
-24.155743,-15.173678,16.613509,-27.820091,-18.376273,48.151742,-24.315590,-15.127581,16.655286,-24.155743,-15.173678,16.613509,0.200000,
-24.155743,-15.173678,16.613509,-27.820091,-18.376273,48.151742,-24.088069,-15.193154,16.595784,-24.155743,-15.173678,16.613509,0.200000,
-24.155743,-15.173678,16.613509,-27.820091,-18.376273,48.151742,-24.315590,-15.127581,16.655286,-24.155743,-15.173678,16.613509,0.200000,
-24.155743,-15.173678,16.613509,-27.820091,-18.376273,48.151742,-24.088069,-15.193154,16.595784,-24.155743,-15.173678,16.613509,0.200000,
-24.155743,-15.173678,16.613509,-27.820091,-18.376273,48.151742,-24.315590,-15.127581,16.655286,-24.155743,-15.173678,16.613509,0.200000,
-24.155743,-15.173678,16.613509,-27.820091,-18.376273,48.151742,-24.088069,-15.193154,16.595784,-24.155743,-15.173678,16.613509,0.200000,
-24.155743,-15.173678,16.613509,-27.820091,-18.376273,48.151742,-24.315589,-15.127581,16.655286,-24.155743,-15.173678,16.613509,0.200000,
-24.155743,-15.173678,16.613509,-27.820091,-18.376273,48.151742,-24.088069,-15.193154,16.595784,-24.155743,-15.173678,16.613509,0.200000,
-24.155743,-15.173678,16.613509,-27.820091,-18.376273,48.151742,-24.315589,-15.127581,16.655286,-24.155743,-15.173678,16.613509,0.200000,
-24.155743,-15.173678,16.613509,-27.820091,-18.376273,48.151742,-24.088069,-15.193154,16.595784,-24.155743,-15.173678,16.613509,0.200000,
-24.155743,-15.173678,16.613509,-27.820091,-18.376273,48.151742,-24.315589,-15.127581,16.655286,-24.155743,-15.173678,16.613509,0.200000,
-24.155743,-15.173678,16.613509,-27.820091,-18.376273,48.151742,-24.088068,-15.193154,16.595784,-24.155743,-15.173678,16.613509,0.200000,
-24.155743,-15.173678,16.613509,-27.820091,-18.376273,48.151742,-24.315589,-15.127581,16.655285,-24.155743,-15.173678,16.613509,0.200000,
-24.155743,-15.173678,16.613509,-27.820091,-18.376273,48.151742,-24.088068,-15.193154,16.595784,-24.155743,-15.173678,16.613509,0.200000,
-24.155743,-15.173678,16.613509,-27.820091,-18.376273,48.151742,-24.315589,-15.127581,16.655285,-24.155743,-15.173678,16.613509,0.200000,
-24.155743,-15.173678,16.613509,-27.820091,-18.376273,48.151742,-24.088068,-15.193154,16.595784,-24.155743,-15.173678,16.613509,0.200000,
-24.155743,-15.173678,16.613509,-27.820091,-18.376273,48.151742,-24.315588,-15.127581,16.655285,-24.155743,-15.173678,16.613509,0.200000,
-24.155743,-15.173678,16.613509,-27.820091,-18.376273,48.151742,-24.088068,-15.193154,16.595784,-24.155743,-15.173678,16.613509,0.200000,
-24.155743,-15.173678,16.613509,-27.820091,-18.376273,48.151742,-24.315588,-15.127581,16.655285,-24.155743,-15.173678,16.613509,0.200000,
-24.155743,-15.173678,16.613509,-27.820091,-18.376273,48.151742,-24.088068,-15.193154,16.595784,-24.155743,-15.173678,16.613509,0.200000,
-24.155743,-15.173678,16.613509,-27.820091,-18.376273,48.151742,-24.315588,-15.127581,16.655285,-24.155743,-15.173678,16.613509,0.200000,
-24.155743,-15.173678,16.613509,-27.820091,-18.376273,48.151742,-24.088068,-15.193154,16.595784,-24.155743,-15.173678,16.613509,0.200000,
-24.155743,-15.173678,16.613509,-27.820091,-18.376273,48.151742,-24.315588,-15.127581,16.655285,-24.155743,-15.173678,16.613509,0.200000,
-24.155743,-15.173678,16.613509,-27.820091,-18.376273,48.151742,-24.088067,-15.193154,16.595784,-24.155743,-15.173678,16.613509,0.200000,
-24.155743,-15.173678,16.613509,-27.820091,-18.376273,48.151742,-24.315588,-15.127581,16.655285,-24.155743,-15.173678,16.613509,0.200000,
-24.155743,-15.173678,16.613509,-27.820091,-18.376273,48.151742,-24.088067,-15.193154,16.595784,-24.155743,-15.173678,16.613509,0.200000,
-24.155743,-15.173678,16.613509,-27.820091,-18.376273,48.151742,-24.315587,-15.127581,16.655285,-24.155743,-15.173678,16.613509,0.200000,
-24.155743,-15.173678,16.613509,-27.820091,-18.376273,48.151742,-24.088067,-15.193154,16.595784,-24.155743,-15.173678,16.613509,0.200000,
-24.155743,-15.173678,16.613509,-27.820091,-18.376273,48.151742,-24.315587,-15.127582,16.655285,-24.155743,-15.173678,16.613509,0.200000,
-24.155743,-15.173678,16.613509,-27.820091,-18.376273,48.151742,-24.088067,-15.193154,16.595783,-24.155743,-15.173678,16.613509,0.200000,
-24.155743,-15.173678,16.613509,-27.820091,-18.376273,48.151742,-24.315587,-15.127582,16.655285,-24.155743,-15.173678,16.613509,0.200000,
-24.155743,-15.173678,16.613509,-27.820091,-18.376273,48.151742,-24.088067,-15.193155,16.595783,-24.155743,-15.173678,16.613509,0.200000,
-24.155743,-15.173678,16.613509,-27.820091,-18.376273,48.151742,-24.315587,-15.127582,16.655285,-24.155743,-15.173678,16.613509,0.200000,
-24.155743,-15.173678,16.613509,-27.820091,-18.376273,48.151742,-24.088066,-15.193155,16.595783,-24.155743,-15.173678,16.613509,0.200000,
-24.155743,-15.173678,16.613509,-27.820091,-18.376273,48.151742,-24.315587,-15.127582,16.655285,-24.155743,-15.173678,16.613509,0.200000,
-24.155743,-15.173678,16.613509,-27.820091,-18.376273,48.151742,-24.088066,-15.193155,16.595783,-24.155743,-15.173678,16.613509,0.200000,
-24.155743,-15.173678,16.613509,-27.820091,-18.376273,48.151742,-24.315587,-15.127582,16.655285,-24.155743,-15.173678,16.613509,0.200000,
-24.155743,-15.173678,16.613509,-27.820091,-18.376273,48.151742,-24.088066,-15.193155,16.595783,-24.155743,-15.173678,16.613509,0.200000,
-24.155743,-15.173678,16.613509,-27.820091,-18.376273,48.151742,-24.315586,-15.127582,16.655285,-24.155743,-15.173678,16.613509,0.200000,
-24.155743,-15.173678,16.613509,-27.820091,-18.376273,48.151742,-24.088066,-15.193155,16.595783,-24.155743,-15.173678,16.613509,0.200000,
-24.155743,-15.173678,16.613509,-27.820091,-18.376273,48.151742,-24.315586,-15.127582,16.655285,-24.155743,-15.173678,16.613509,0.200000,
-24.155743,-15.173678,16.613509,-27.820091,-18.376273,48.151742,-24.088066,-15.193155,16.595783,-24.155743,-15.173678,16.613509,0.200000,
-24.155743,-15.173678,16.613509,-27.820091,-18.376273,48.151742,-24.315586,-15.127582,16.655285,-24.155743,-15.173678,16.613509,0.200000,
-24.155743,-15.173678,16.613509,-27.820091,-18.376273,48.151742,-24.088065,-15.193155,16.595783,-24.155743,-15.173678,16.613509,0.200000,
-24.155743,-15.173678,16.613509,-27.820091,-18.376273,48.151742,-24.315586,-15.127582,16.655285,-24.155743,-15.173678,16.613509,0.200000,
-24.155743,-15.173678,16.613509,-27.820091,-18.376273,48.151742,-24.088065,-15.193155,16.595783,-24.155743,-15.173678,16.613509,0.200000,
-24.155743,-15.173678,16.613509,-27.820091,-18.376273,48.151742,-24.315586,-15.127582,16.655285,-24.155743,-15.173678,16.613509,0.200000,
-24.155743,-15.173678,16.613509,-27.820091,-18.376273,48.151742,-24.088065,-15.193155,16.595783,-24.155743,-15.173678,16.613509,0.200000,
-24.155743,-15.173678,16.613509,-27.820091,-18.376273,48.151742,-24.315585,-15.127582,16.655285,-24.155743,-15.173678,16.613509,0.200000,
-24.155743,-15.173678,16.613509,-27.820091,-18.376273,48.151742,-24.088065,-15.193155,16.595783,-24.155743,-15.173678,16.613509,0.200000,
-24.155743,-15.173678,16.613509,-27.820091,-18.376273,48.151742,-24.315585,-15.127582,16.655285,-24.155743,-15.173678,16.613509,0.200000,
-24.155743,-15.173678,16.613509,-27.820091,-18.376273,48.151742,-24.088065,-15.193155,16.595783,-24.155743,-15.173678,16.613509,0.200000,
-24.155743,-15.173678,16.613509,-27.820091,-18.376273,48.151742,-24.315585,-15.127582,16.655284,-24.155743,-15.173678,16.613509,0.200000,
-24.155743,-15.173678,16.613509,-27.820091,-18.376273,48.151742,-24.088065,-15.193155,16.595783,-24.155743,-15.173678,16.613509,0.200000,
-24.155743,-15.173678,16.613509,-27.820091,-18.376273,48.151742,-24.315585,-15.127582,16.655284,-24.155743,-15.173678,16.613509,0.200000,
-24.155743,-15.173678,16.613509,-27.820091,-18.376273,48.151742,-24.088064,-15.193155,16.595783,-24.155743,-15.173678,16.613509,0.200000,
-24.155743,-15.173678,16.613509,-27.820091,-18.376273,48.151742,-24.315585,-15.127582,16.655284,-24.155743,-15.173678,16.613509,0.200000,
-24.155743,-15.173678,16.613509,-27.820091,-18.376273,48.151742,-24.088064,-15.193155,16.595783,-24.155743,-15.173678,16.613509,0.200000,
-24.155743,-15.173678,16.613509,-27.820091,-18.376273,48.151742,-24.315585,-15.127582,16.655284,-24.155743,-15.173678,16.613509,0.200000,
-24.155743,-15.173678,16.613509,-27.820091,-18.376273,48.151742,-24.088064,-15.193155,16.595783,-24.155743,-15.173678,16.613509,0.200000,
-24.155743,-15.173678,16.613509,-27.820091,-18.376273,48.151742,-24.315584,-15.127582,16.655284,-24.155743,-15.173678,16.613509,0.200000,
-24.155743,-15.173678,16.613509,-27.820091,-18.376273,48.151742,-24.088064,-15.193155,16.595783,-24.155743,-15.173678,16.613509,0.200000,
-24.155743,-15.173678,16.613509,-27.820091,-18.376273,48.151742,-24.315584,-15.127582,16.655284,-24.155743,-15.173678,16.613509,0.200000,
-24.155743,-15.173678,16.613509,-27.820091,-18.376273,48.151742,-24.088064,-15.193155,16.595783,-24.155743,-15.173678,16.613509,0.200000,
-24.155743,-15.173678,16.613509,-27.820091,-18.376273,48.151742,-24.315584,-15.127582,16.655284,-24.155743,-15.173678,16.613509,0.200000,
-24.155743,-15.173678,16.613509,-27.820091,-18.376273,48.151742,-24.088063,-15.193155,16.595783,-24.155743,-15.173678,16.613509,0.200000,
-24.155743,-15.173678,16.613509,-27.820091,-18.376273,48.151742,-24.315584,-15.127583,16.655284,-24.155743,-15.173678,16.613509,0.200000,
-24.155743,-15.173678,16.613509,-27.820091,-18.376273,48.151742,-24.088063,-15.193155,16.595783,-24.155743,-15.173678,16.613509,0.200000,
-24.155743,-15.173678,16.613509,-27.820091,-18.376273,48.151742,-24.315584,-15.127583,16.655284,-24.155743,-15.173678,16.613509,0.200000,
-24.155743,-15.173678,16.613509,-27.820091,-18.376273,48.151742,-24.088063,-15.193156,16.595782,-24.155743,-15.173678,16.613509,0.200000,
-24.155743,-15.173678,16.613509,-27.820091,-18.376273,48.151742,-24.315583,-15.127583,16.655284,-24.155743,-15.173678,16.613509,0.200000,
-24.155743,-15.173678,16.613509,-27.820091,-18.376273,48.151742,-24.088063,-15.193156,16.595782,-24.155743,-15.173678,16.613509,0.200000,
-24.155743,-15.173678,16.613509,-27.820091,-18.376273,48.151742,-24.315583,-15.127583,16.655284,-24.155743,-15.173678,16.613509,0.200000,
-24.155743,-15.173678,16.613509,-27.820091,-18.376273,48.151742,-24.088063,-15.193156,16.595782,-24.155743,-15.173678,16.613509,0.200000,
-24.155743,-15.173678,16.613509,-27.820091,-18.376273,48.151742,-24.315583,-15.127583,16.655284,-24.155743,-15.173678,16.613509,0.200000,
-24.155743,-15.173678,16.613509,-27.820091,-18.376273,48.151742,-24.088063,-15.193156,16.595782,-24.155743,-15.173678,16.613509,0.200000,
-24.155743,-15.173678,16.613509,-27.820091,-18.376273,48.151742,-24.315583,-15.127583,16.655284,-24.155743,-15.173678,16.613509,0.200000,
-24.155743,-15.173678,16.613509,-27.820091,-18.376273,48.151742,-24.088062,-15.193156,16.595782,-24.155743,-15.173678,16.613509,0.200000,
-24.155743,-15.173678,16.613509,-27.820091,-18.376273,48.151742,-24.315583,-15.127583,16.655284,-24.155743,-15.173678,16.613509,0.200000,
-24.155743,-15.173678,16.613509,-27.820091,-18.376273,48.151742,-24.088062,-15.193156,16.595782,-24.155743,-15.173678,16.613509,0.200000,
-24.155743,-15.173678,16.613509,-27.820091,-18.376273,48.151742,-24.315583,-15.127583,16.655284,-24.155743,-15.173678,16.613509,0.200000,
-24.155743,-15.173678,16.613509,-27.820091,-18.376273,48.151742,-24.088062,-15.193156,16.595782,-24.155743,-15.173678,16.613509,0.200000,
-24.155743,-15.173678,16.613509,-27.820091,-18.376273,48.151742,-24.315582,-15.127583,16.655284,-24.155743,-15.173678,16.613509,0.200000,
-24.155743,-15.173678,16.613509,-27.820091,-18.376273,48.151742,-24.088062,-15.193156,16.595782,-24.155743,-15.173678,16.613509,0.200000,
-24.155743,-15.173678,16.613509,-27.820091,-18.376273,48.151742,-24.315582,-15.127583,16.655284,-24.155743,-15.173678,16.613509,0.200000,
-24.155743,-15.173678,16.613509,-27.820091,-18.376273,48.151742,-24.088062,-15.193156,16.595782,-24.155743,-15.173678,16.613509,0.200000,
-24.155743,-15.173678,16.613509,-27.820091,-18.376273,48.151742,-24.315582,-15.127583,16.655284,-24.155743,-15.173678,16.613509,0.200000,
-24.155743,-15.173678,16.613509,-27.820091,-18.376273,48.151742,-24.088061,-15.193156,16.595782,-24.155743,-15.173678,16.613509,0.200000,
-24.155743,-15.173678,16.613509,-27.820091,-18.376273,48.151742,-24.315582,-15.127583,16.655284,-24.155743,-15.173678,16.613509,0.200000,
-24.155743,-15.173678,16.613509,-27.820091,-18.376273,48.151742,-24.088061,-15.193156,16.595782,-24.155743,-15.173678,16.613509,0.200000,
-24.155743,-15.173678,16.613509,-27.820091,-18.376273,48.151742,-24.315582,-15.127583,16.655284,-24.155743,-15.173678,16.613509,0.200000,
-24.155743,-15.173678,16.613509,-27.820091,-18.376273,48.151742,-24.088061,-15.193156,16.595782,-24.155743,-15.173678,16.613509,0.200000,
-24.155743,-15.173678,16.613509,-27.820091,-18.376273,48.151742,-24.315581,-15.127583,16.655284,-24.155743,-15.173678,16.613509,0.200000,
-24.155743,-15.173678,16.613509,-27.820091,-18.376273,48.151742,-24.088061,-15.193156,16.595782,-24.155743,-15.173678,16.613509,0.200000,
-24.155743,-15.173678,16.613509,-27.820091,-18.376273,48.151742,-24.315581,-15.127583,16.655283,-24.155743,-15.173678,16.613509,0.200000,
-24.155743,-15.173678,16.613509,-27.820091,-18.376273,48.151742,-24.088061,-15.193156,16.595782,-24.155743,-15.173678,16.613509,0.200000,
-24.155743,-15.173678,16.613509,-27.820091,-18.376273,48.151742,-24.315581,-15.127583,16.655283,-24.155743,-15.173678,16.613509,0.200000,
-24.155743,-15.173678,16.613509,-27.820091,-18.376273,48.151742,-24.088061,-15.193156,16.595782,-24.155743,-15.173678,16.613509,0.200000,
-24.155743,-15.173678,16.613509,-27.820091,-18.376273,48.151742,-24.315581,-15.127583,16.655283,-24.155743,-15.173678,16.613509,0.200000,
-24.155743,-15.173678,16.613509,-27.820091,-18.376273,48.151742,-24.088060,-15.193156,16.595782,-24.155743,-15.173678,16.613509,0.200000,
-24.155743,-15.173678,16.613509,-27.820091,-18.376273,48.151742,-24.315581,-15.127583,16.655283,-24.155743,-15.173678,16.613509,0.200000,
-24.155743,-15.173678,16.613509,-27.820091,-18.376273,48.151742,-24.088060,-15.193156,16.595782,-24.155743,-15.173678,16.613509,0.200000,
-24.155743,-15.173678,16.613509,-27.820091,-18.376273,48.151742,-24.315580,-15.127583,16.655283,-24.155743,-15.173678,16.613509,0.200000,
-24.155743,-15.173678,16.613509,-27.820091,-18.376273,48.151742,-24.088060,-15.193156,16.595782,-24.155743,-15.173678,16.613509,0.200000,
-24.155743,-15.173678,16.613509,-27.820091,-18.376273,48.151742,-24.315580,-15.127584,16.655283,-24.155743,-15.173678,16.613509,0.200000,
-24.155743,-15.173678,16.613509,-27.820091,-18.376273,48.151742,-24.088060,-15.193156,16.595782,-24.155743,-15.173678,16.613509,0.200000,
-24.155743,-15.173678,16.613509,-27.820091,-18.376273,48.151742,-24.315580,-15.127584,16.655283,-24.155743,-15.173678,16.613509,0.200000,
-24.155743,-15.173678,16.613509,-27.820091,-18.376273,48.151742,-24.088060,-15.193157,16.595782,-24.155743,-15.173678,16.613509,0.200000,
-24.155743,-15.173678,16.613509,-27.820091,-18.376273,48.151742,-24.315580,-15.127584,16.655283,-24.155743,-15.173678,16.613509,0.200000,
-24.155743,-15.173678,16.613509,-27.820091,-18.376273,48.151742,-24.088059,-15.193157,16.595782,-24.155743,-15.173678,16.613509,0.200000,
-24.155743,-15.173678,16.613509,-27.820091,-18.376273,48.151742,-24.315580,-15.127584,16.655283,-24.155743,-15.173678,16.613509,0.200000,
-24.155743,-15.173678,16.613509,-27.820091,-18.376273,48.151742,-24.088059,-15.193157,16.595781,-24.155743,-15.173678,16.613509,0.200000,
-24.155743,-15.173678,16.613509,-27.820091,-18.376273,48.151742,-24.315580,-15.127584,16.655283,-24.155743,-15.173678,16.613509,0.200000,
-24.155743,-15.173678,16.613509,-27.820091,-18.376273,48.151742,-24.088059,-15.193157,16.595781,-24.155743,-15.173678,16.613509,0.200000,
-24.155743,-15.173678,16.613509,-27.820091,-18.376273,48.151742,-24.315579,-15.127584,16.655283,-24.155743,-15.173678,16.613509,0.200000,
-24.155743,-15.173678,16.613509,-27.820091,-18.376273,48.151742,-24.088059,-15.193157,16.595781,-24.155743,-15.173678,16.613509,0.200000,
-24.155743,-15.173678,16.613509,-27.820091,-18.376273,48.151742,-24.315579,-15.127584,16.655283,-24.155743,-15.173678,16.613509,0.200000,
-24.155743,-15.173678,16.613509,-27.820091,-18.376273,48.151742,-24.088059,-15.193157,16.595781,-24.155743,-15.173678,16.613509,0.200000,
-24.155743,-15.173678,16.613509,-27.820091,-18.376273,48.151742,-24.315579,-15.127584,16.655283,-24.155743,-15.173678,16.613509,0.200000,
-24.155743,-15.173678,16.613509,-27.820091,-18.376273,48.151742,-24.088058,-15.193157,16.595781,-24.155743,-15.173678,16.613509,0.200000,
-24.155743,-15.173678,16.613509,-27.820091,-18.376273,48.151742,-24.315579,-15.127584,16.655283,-24.155743,-15.173678,16.613509,0.200000,
-24.155743,-15.173678,16.613509,-27.820091,-18.376273,48.151742,-24.088058,-15.193157,16.595781,-24.155743,-15.173678,16.613509,0.200000,
-24.155743,-15.173678,16.613509,-27.820091,-18.376273,48.151742,-24.315579,-15.127584,16.655283,-24.155743,-15.173678,16.613509,0.200000,
-24.155743,-15.173678,16.613509,-27.820091,-18.376273,48.151742,-24.088058,-15.193157,16.595781,-24.155743,-15.173678,16.613509,0.200000,
-24.155743,-15.173678,16.613509,-27.820091,-18.376273,48.151742,-24.315578,-15.127584,16.655283,-24.155743,-15.173678,16.613509,0.200000,
-24.155743,-15.173678,16.613509,-27.820091,-18.376273,48.151742,-24.088058,-15.193157,16.595781,-24.155743,-15.173678,16.613509,0.200000,
-24.155743,-15.173678,16.613509,-27.820091,-18.376273,48.151742,-24.315578,-15.127584,16.655283,-24.155743,-15.173678,16.613509,0.200000,
-24.155743,-15.173678,16.613509,-27.820091,-18.376273,48.151742,-24.088058,-15.193157,16.595781,-24.155743,-15.173678,16.613509,0.200000,
-24.155743,-15.173678,16.613509,-27.820091,-18.376273,48.151742,-24.315578,-15.127584,16.655283,-24.155743,-15.173678,16.613509,0.200000,
-24.155743,-15.173678,16.613509,-27.820091,-18.376273,48.151742,-24.088058,-15.193157,16.595781,-24.155743,-15.173678,16.613509,0.200000,
-24.155743,-15.173678,16.613509,-27.820091,-18.376273,48.151742,-24.315578,-15.127584,16.655283,-24.155743,-15.173678,16.613509,0.200000,
-24.155743,-15.173678,16.613509,-27.820091,-18.376273,48.151742,-24.088057,-15.193157,16.595781,-24.155743,-15.173678,16.613509,0.200000,
-24.155743,-15.173678,16.613509,-27.820091,-18.376273,48.151742,-24.315578,-15.127584,16.655283,-24.155743,-15.173678,16.613509,0.200000,
-24.155743,-15.173678,16.613509,-27.820091,-18.376273,48.151742,-24.088057,-15.193157,16.595781,-24.155743,-15.173678,16.613509,0.200000,
-24.155743,-15.173678,16.613509,-27.820091,-18.376273,48.151742,-24.315578,-15.127584,16.655283,-24.155743,-15.173678,16.613509,0.200000,
-24.155743,-15.173678,16.613509,-27.820091,-18.376273,48.151742,-24.088057,-15.193157,16.595781,-24.155743,-15.173678,16.613509,0.200000,
-24.155743,-15.173678,16.613509,-27.820091,-18.376273,48.151742,-24.315577,-15.127584,16.655282,-24.155743,-15.173678,16.613509,0.200000,
-24.155743,-15.173678,16.613509,-27.820091,-18.376273,48.151742,-24.088057,-15.193157,16.595781,-24.155743,-15.173678,16.613509,0.200000,
-24.155743,-15.173678,16.613509,-27.820091,-18.376273,48.151742,-24.315577,-15.127584,16.655282,-24.155743,-15.173678,16.613509,0.200000,
-24.155743,-15.173678,16.613509,-27.820091,-18.376273,48.151742,-24.088057,-15.193157,16.595781,-24.155743,-15.173678,16.613509,0.200000,
-24.155743,-15.173678,16.613509,-27.820091,-18.376273,48.151742,-24.315577,-15.127584,16.655282,-24.155743,-15.173678,16.613509,0.200000,
-24.155743,-15.173678,16.613509,-27.820091,-18.376273,48.151742,-24.088056,-15.193157,16.595781,-24.155743,-15.173678,16.613509,0.200000,
-24.155743,-15.173678,16.613509,-27.820091,-18.376273,48.151742,-24.315577,-15.127585,16.655282,-24.155743,-15.173678,16.613509,0.200000,
-24.155743,-15.173678,16.613509,-27.820091,-18.376273,48.151742,-24.088056,-15.193157,16.595781,-24.155743,-15.173678,16.613509,0.200000,
-24.155743,-15.173678,16.613509,-27.820091,-18.376273,48.151742,-24.315577,-15.127585,16.655282,-24.155743,-15.173678,16.613509,0.200000,
-24.155743,-15.173678,16.613509,-27.820091,-18.376273,48.151742,-24.088056,-15.193158,16.595781,-24.155743,-15.173678,16.613509,0.200000,
-24.155743,-15.173678,16.613509,-27.820091,-18.376273,48.151742,-24.315576,-15.127585,16.655282,-24.155743,-15.173678,16.613509,0.200000,
-24.155743,-15.173678,16.613509,-27.820091,-18.376273,48.151742,-24.088056,-15.193158,16.595781,-24.155743,-15.173678,16.613509,0.200000,
-24.155743,-15.173678,16.613509,-27.820091,-18.376273,48.151742,-24.315576,-15.127585,16.655282,-24.155743,-15.173678,16.613509,0.200000,
-24.155743,-15.173678,16.613509,-27.820091,-18.376273,48.151742,-24.088056,-15.193158,16.595781,-24.155743,-15.173678,16.613509,0.200000,
-24.155743,-15.173678,16.613509,-27.820091,-18.376273,48.151742,-24.315576,-15.127585,16.655282,-24.155743,-15.173678,16.613509,0.200000,
-24.155743,-15.173678,16.613509,-27.820091,-18.376273,48.151742,-24.088056,-15.193158,16.595781,-24.155743,-15.173678,16.613509,0.200000,
-24.155743,-15.173678,16.613509,-27.820091,-18.376273,48.151742,-24.315576,-15.127585,16.655282,-24.155743,-15.173678,16.613509,0.200000,
-24.155743,-15.173678,16.613509,-27.820091,-18.376273,48.151742,-24.088055,-15.193158,16.595780,-24.155743,-15.173678,16.613509,0.200000,
-24.155743,-15.173678,16.613509,-27.820091,-18.376273,48.151742,-24.315576,-15.127585,16.655282,-24.155743,-15.173678,16.613509,0.200000,
-24.155743,-15.173678,16.613509,-27.820091,-18.376273,48.151742,-24.088055,-15.193158,16.595780,-24.155743,-15.173678,16.613509,0.200000,
-24.155743,-15.173678,16.613509,-27.820091,-18.376273,48.151742,-24.315576,-15.127585,16.655282,-24.155743,-15.173678,16.613509,0.200000,
-24.155743,-15.173678,16.613509,-27.820091,-18.376273,48.151742,-24.088055,-15.193158,16.595780,-24.155743,-15.173678,16.613509,0.200000,
-24.155743,-15.173678,16.613509,-27.820091,-18.376273,48.151742,-24.315575,-15.127585,16.655282,-24.155743,-15.173678,16.613509,0.200000,
-24.155743,-15.173678,16.613509,-27.820091,-18.376273,48.151742,-24.088055,-15.193158,16.595780,-24.155743,-15.173678,16.613509,0.200000,
-24.155743,-15.173678,16.613509,-27.820091,-18.376273,48.151742,-24.315575,-15.127585,16.655282,-24.155743,-15.173678,16.613509,0.200000,
-24.155743,-15.173678,16.613509,-27.820091,-18.376273,48.151742,-24.088055,-15.193158,16.595780,-24.155743,-15.173678,16.613509,0.200000,
-24.155743,-15.173678,16.613509,-27.820091,-18.376273,48.151742,-24.315575,-15.127585,16.655282,-24.155743,-15.173678,16.613509,0.200000,
-24.155743,-15.173678,16.613509,-27.820091,-18.376273,48.151742,-24.088054,-15.193158,16.595780,-24.155743,-15.173678,16.613509,0.200000,
-24.155743,-15.173678,16.613509,-27.820091,-18.376273,48.151742,-24.315575,-15.127585,16.655282,-24.155743,-15.173678,16.613509,0.200000,
-24.155743,-15.173678,16.613509,-27.820091,-18.376273,48.151742,-24.088054,-15.193158,16.595780,-24.155743,-15.173678,16.613509,0.200000,
-24.155743,-15.173678,16.613509,-27.820091,-18.376273,48.151742,-24.315575,-15.127585,16.655282,-24.155743,-15.173678,16.613509,0.200000,
-24.155743,-15.173678,16.613509,-27.820091,-18.376273,48.151742,-24.088054,-15.193158,16.595780,-24.155743,-15.173678,16.613509,0.200000,
-24.155743,-15.173678,16.613509,-27.820091,-18.376273,48.151742,-24.315574,-15.127585,16.655282,-24.155743,-15.173678,16.613509,0.200000,
-24.155743,-15.173678,16.613509,-27.820091,-18.376273,48.151742,-24.088054,-15.193158,16.595780,-24.155743,-15.173678,16.613509,0.200000,
-24.155743,-15.173678,16.613509,-27.820091,-18.376273,48.151742,-24.315574,-15.127585,16.655282,-24.155743,-15.173678,16.613509,0.200000,
-24.155743,-15.173678,16.613509,-27.820091,-18.376273,48.151742,-24.088054,-15.193158,16.595780,-24.155743,-15.173678,16.613509,0.200000,
-24.155743,-15.173678,16.613509,-27.820091,-18.376273,48.151742,-24.315574,-15.127585,16.655282,-24.155743,-15.173678,16.613509,0.200000,
-24.155743,-15.173678,16.613509,-27.820091,-18.376273,48.151742,-24.088054,-15.193158,16.595780,-24.155743,-15.173678,16.613509,0.200000,
-24.155743,-15.173678,16.613509,-27.820091,-18.376273,48.151742,-24.315574,-15.127585,16.655282,-24.155743,-15.173678,16.613509,0.200000,
-24.155743,-15.173678,16.613509,-27.820091,-18.376273,48.151742,-24.088053,-15.193158,16.595780,-24.155743,-15.173678,16.613509,0.200000,
-24.155743,-15.173678,16.613509,-27.820091,-18.376273,48.151742,-24.315574,-15.127585,16.655282,-24.155743,-15.173678,16.613509,0.200000,
-24.155743,-15.173678,16.613509,-27.820091,-18.376273,48.151742,-24.088053,-15.193158,16.595780,-24.155743,-15.173678,16.613509,0.200000,
-24.155743,-15.173678,16.613509,-27.820091,-18.376273,48.151742,-24.315573,-15.127585,16.655281,-24.155743,-15.173678,16.613509,0.200000,
-24.155743,-15.173678,16.613509,-27.820091,-18.376273,48.151742,-24.088053,-15.193158,16.595780,-24.155743,-15.173678,16.613509,0.200000,
-24.155743,-15.173678,16.613509,-27.820091,-18.376273,48.151742,-24.315573,-15.127586,16.655281,-24.155743,-15.173678,16.613509,0.200000,
-24.155743,-15.173678,16.613509,-27.820091,-18.376273,48.151742,-24.088053,-15.193158,16.595780,-24.155743,-15.173678,16.613509,0.200000,
-24.155743,-15.173678,16.613509,-27.820091,-18.376273,48.151742,-24.315573,-15.127586,16.655281,-24.155743,-15.173678,16.613509,0.200000,
-24.155743,-15.173678,16.613509,-27.820091,-18.376273,48.151742,-24.088053,-15.193159,16.595780,-24.155743,-15.173678,16.613509,0.200000,
-24.155743,-15.173678,16.613509,-27.820091,-18.376273,48.151742,-24.315573,-15.127586,16.655281,-24.155743,-15.173678,16.613509,0.200000,
-24.155743,-15.173678,16.613509,-27.820091,-18.376273,48.151742,-24.088052,-15.193159,16.595780,-24.155743,-15.173678,16.613509,0.200000,
-24.155743,-15.173678,16.613509,-27.820091,-18.376273,48.151742,-24.315573,-15.127586,16.655281,-24.155743,-15.173678,16.613509,0.200000,
-24.155743,-15.173678,16.613509,-27.820091,-18.376273,48.151742,-24.088052,-15.193159,16.595780,-24.155743,-15.173678,16.613509,0.200000,
-24.155743,-15.173678,16.613509,-27.820091,-18.376273,48.151742,-24.315573,-15.127586,16.655281,-24.155743,-15.173678,16.613509,0.200000,
-24.155743,-15.173678,16.613509,-27.820091,-18.376273,48.151742,-24.088052,-15.193159,16.595780,-24.155743,-15.173678,16.613509,0.200000,
-24.155743,-15.173678,16.613509,-27.820091,-18.376273,48.151742,-24.315572,-15.127586,16.655281,-24.155743,-15.173678,16.613509,0.200000,
-24.155743,-15.173678,16.613509,-27.820091,-18.376273,48.151742,-24.088052,-15.193159,16.595780,-24.155743,-15.173678,16.613509,0.200000,
-24.155743,-15.173678,16.613509,-27.820091,-18.376273,48.151742,-24.315572,-15.127586,16.655281,-24.155743,-15.173678,16.613509,0.200000,
-24.155743,-15.173678,16.613509,-27.820091,-18.376273,48.151742,-24.088052,-15.193159,16.595779,-24.155743,-15.173678,16.613509,0.200000,
-24.155743,-15.173678,16.613509,-27.820091,-18.376273,48.151742,-24.315572,-15.127586,16.655281,-24.155743,-15.173678,16.613509,0.200000,
-24.155743,-15.173678,16.613509,-27.820091,-18.376273,48.151742,-24.088051,-15.193159,16.595779,-24.155743,-15.173678,16.613509,0.200000,
-24.155743,-15.173678,16.613509,-27.820091,-18.376273,48.151742,-24.315572,-15.127586,16.655281,-24.155743,-15.173678,16.613509,0.200000,
-24.155743,-15.173678,16.613509,-27.820091,-18.376273,48.151742,-24.088051,-15.193159,16.595779,-24.155743,-15.173678,16.613509,0.200000,
-24.155743,-15.173678,16.613509,-27.820091,-18.376273,48.151742,-24.315572,-15.127586,16.655281,-24.155743,-15.173678,16.613509,0.200000,
-24.155743,-15.173678,16.613509,-27.820091,-18.376273,48.151742,-24.088051,-15.193159,16.595779,-24.155743,-15.173678,16.613509,0.200000,
-24.155743,-15.173678,16.613509,-27.820091,-18.376273,48.151742,-24.315571,-15.127586,16.655281,-24.155743,-15.173678,16.613509,0.200000,
-24.155743,-15.173678,16.613509,-27.820091,-18.376273,48.151742,-24.088051,-15.193159,16.595779,-24.155743,-15.173678,16.613509,0.200000,
-24.155743,-15.173678,16.613509,-27.820091,-18.376273,48.151742,-24.315571,-15.127586,16.655281,-24.155743,-15.173678,16.613509,0.200000,
-24.155743,-15.173678,16.613509,-27.820091,-18.376273,48.151742,-24.088051,-15.193159,16.595779,-24.155743,-15.173678,16.613509,0.200000,
-24.155743,-15.173678,16.613509,-27.820091,-18.376273,48.151742,-24.315571,-15.127586,16.655281,-24.155743,-15.173678,16.613509,0.200000,
-24.155743,-15.173678,16.613509,-27.820091,-18.376273,48.151742,-24.088051,-15.193159,16.595779,-24.155743,-15.173678,16.613509,0.200000,
-24.155743,-15.173678,16.613509,-27.820091,-18.376273,48.151742,-24.315571,-15.127586,16.655281,-24.155743,-15.173678,16.613509,0.200000,
-24.155743,-15.173678,16.613509,-27.820091,-18.376273,48.151742,-24.088050,-15.193159,16.595779,-24.155743,-15.173678,16.613509,0.200000,
-24.155743,-15.173678,16.613509,-27.820091,-18.376273,48.151742,-24.315571,-15.127586,16.655281,-24.155743,-15.173678,16.613509,0.200000,
-24.155743,-15.173678,16.613509,-27.820091,-18.376273,48.151742,-24.088050,-15.193159,16.595779,-24.155743,-15.173678,16.613509,0.200000,
-24.155743,-15.173678,16.613509,-27.820091,-18.376273,48.151742,-24.315571,-15.127586,16.655281,-24.155743,-15.173678,16.613509,0.200000,
-24.155743,-15.173678,16.613509,-27.820091,-18.376273,48.151742,-24.088050,-15.193159,16.595779,-24.155743,-15.173678,16.613509,0.200000,
-24.155743,-15.173678,16.613509,-27.820091,-18.376273,48.151742,-24.315570,-15.127586,16.655281,-24.155743,-15.173678,16.613509,0.200000,
-24.155743,-15.173678,16.613509,-27.820091,-18.376273,48.151742,-24.088050,-15.193159,16.595779,-24.155743,-15.173678,16.613509,0.200000,
-24.155743,-15.173678,16.613509,-27.820091,-18.376273,48.151742,-24.315570,-15.127586,16.655281,-24.155743,-15.173678,16.613509,0.200000,
-24.155743,-15.173678,16.613509,-27.820091,-18.376273,48.151742,-24.088050,-15.193159,16.595779,-24.155743,-15.173678,16.613509,0.200000,
-24.155743,-15.173678,16.613509,-27.820091,-18.376273,48.151742,-24.315570,-15.127587,16.655281,-24.155743,-15.173678,16.613509,0.200000,
-24.155743,-15.173678,16.613509,-27.820091,-18.376273,48.151742,-24.088049,-15.193159,16.595779,-24.155743,-15.173678,16.613509,0.200000,
-24.155743,-15.173678,16.613509,-27.820091,-18.376273,48.151742,-24.315570,-15.127587,16.655281,-24.155743,-15.173678,16.613509,0.200000,
-24.155743,-15.173678,16.613509,-27.820091,-18.376273,48.151742,-24.088049,-15.193159,16.595779,-24.155743,-15.173678,16.613509,0.200000,
-24.155743,-15.173678,16.613509,-27.820091,-18.376273,48.151742,-24.315570,-15.127587,16.655280,-24.155743,-15.173678,16.613509,0.200000,
-24.155743,-15.173678,16.613509,-27.820091,-18.376273,48.151742,-24.088049,-15.193160,16.595779,-24.155743,-15.173678,16.613509,0.200000,
-24.155743,-15.173678,16.613509,-27.820091,-18.376273,48.151742,-24.315569,-15.127587,16.655280,-24.155743,-15.173678,16.613509,0.200000,
-24.155743,-15.173678,16.613509,-27.820091,-18.376273,48.151742,-24.088049,-15.193160,16.595779,-24.155743,-15.173678,16.613509,0.200000,
-24.155743,-15.173678,16.613509,-27.820091,-18.376273,48.151742,-24.315569,-15.127587,16.655280,-24.155743,-15.173678,16.613509,0.200000,
-24.155743,-15.173678,16.613509,-27.820091,-18.376273,48.151742,-24.088049,-15.193160,16.595779,-24.155743,-15.173678,16.613509,0.200000,
-24.155743,-15.173678,16.613509,-27.820091,-18.376273,48.151742,-24.315569,-15.127587,16.655280,-24.155743,-15.173678,16.613509,0.200000,
-24.155743,-15.173678,16.613509,-27.820091,-18.376273,48.151742,-24.088049,-15.193160,16.595779,-24.155743,-15.173678,16.613509,0.200000,
-24.155743,-15.173678,16.613509,-27.820091,-18.376273,48.151742,-24.315569,-15.127587,16.655280,-24.155743,-15.173678,16.613509,0.200000,
-24.155743,-15.173678,16.613509,-27.820091,-18.376273,48.151742,-24.088048,-15.193160,16.595779,-24.155743,-15.173678,16.613509,0.200000,
-24.155743,-15.173678,16.613509,-27.820091,-18.376273,48.151742,-24.315569,-15.127587,16.655280,-24.155743,-15.173678,16.613509,0.200000,
-24.155743,-15.173678,16.613509,-27.820091,-18.376273,48.151742,-24.088048,-15.193160,16.595779,-24.155743,-15.173678,16.613509,0.200000,
-24.155743,-15.173678,16.613509,-27.820091,-18.376273,48.151742,-24.315569,-15.127587,16.655280,-24.155743,-15.173678,16.613509,0.200000,
-24.155743,-15.173678,16.613509,-27.820091,-18.376273,48.151742,-24.088048,-15.193160,16.595779,-24.155743,-15.173678,16.613509,0.200000,
-24.155743,-15.173678,16.613509,-27.820091,-18.376273,48.151742,-24.315568,-15.127587,16.655280,-24.155743,-15.173678,16.613509,0.200000,
-24.155743,-15.173678,16.613509,-27.820091,-18.376273,48.151742,-24.088048,-15.193160,16.595778,-24.155743,-15.173678,16.613509,0.200000,
-24.155743,-15.173678,16.613509,-27.820091,-18.376273,48.151742,-24.315568,-15.127587,16.655280,-24.155743,-15.173678,16.613509,0.200000,
-24.155743,-15.173678,16.613509,-27.820091,-18.376273,48.151742,-24.088048,-15.193160,16.595778,-24.155743,-15.173678,16.613509,0.200000,
-24.155743,-15.173678,16.613509,-27.820091,-18.376273,48.151742,-24.315568,-15.127587,16.655280,-24.155743,-15.173678,16.613509,0.200000,
-24.155743,-15.173678,16.613509,-27.820091,-18.376273,48.151742,-24.088047,-15.193160,16.595778,-24.155743,-15.173678,16.613509,0.200000,
-24.155743,-15.173678,16.613509,-27.820091,-18.376273,48.151742,-24.315568,-15.127587,16.655280,-24.155743,-15.173678,16.613509,0.200000,
-24.155743,-15.173678,16.613509,-27.820091,-18.376273,48.151742,-24.088047,-15.193160,16.595778,-24.155743,-15.173678,16.613509,0.200000,
-24.155743,-15.173678,16.613509,-27.820091,-18.376273,48.151742,-24.315568,-15.127587,16.655280,-24.155743,-15.173678,16.613509,0.200000,
-24.155743,-15.173678,16.613509,-27.820091,-18.376273,48.151742,-24.088047,-15.193160,16.595778,-24.155743,-15.173678,16.613509,0.200000,
-24.155743,-15.173678,16.613509,-27.820091,-18.376273,48.151742,-24.315567,-15.127587,16.655280,-24.155743,-15.173678,16.613509,0.200000,
-24.155743,-15.173678,16.613509,-27.820091,-18.376273,48.151742,-24.088047,-15.193160,16.595778,-24.155743,-15.173678,16.613509,0.200000,
-24.155743,-15.173678,16.613509,-27.820091,-18.376273,48.151742,-24.315567,-15.127587,16.655280,-24.155743,-15.173678,16.613509,0.200000,
-24.155743,-15.173678,16.613509,-27.820091,-18.376273,48.151742,-24.088047,-15.193160,16.595778,-24.155743,-15.173678,16.613509,0.200000,
-24.155743,-15.173678,16.613509,-27.820091,-18.376273,48.151742,-24.315567,-15.127587,16.655280,-24.155743,-15.173678,16.613509,0.200000,
-24.155743,-15.173678,16.613509,-27.820091,-18.376273,48.151742,-24.088046,-15.193160,16.595778,-24.155743,-15.173678,16.613509,0.200000,
-24.155743,-15.173678,16.613509,-27.820091,-18.376273,48.151742,-24.315567,-15.127587,16.655280,-24.155743,-15.173678,16.613509,0.200000,
-24.155743,-15.173678,16.613509,-27.820091,-18.376273,48.151742,-24.088046,-15.193160,16.595778,-24.155743,-15.173678,16.613509,0.200000,
-24.155743,-15.173678,16.613509,-27.820091,-18.376273,48.151742,-24.315567,-15.127587,16.655280,-24.155743,-15.173678,16.613509,0.200000,
-24.155743,-15.173678,16.613509,-27.820091,-18.376273,48.151742,-24.088046,-15.193160,16.595778,-24.155743,-15.173678,16.613509,0.200000,
-24.155743,-15.173678,16.613509,-27.820091,-18.376273,48.151742,-24.315566,-15.127588,16.655280,-24.155743,-15.173678,16.613509,0.200000,
-24.155743,-15.173678,16.613509,-27.820091,-18.376273,48.151742,-24.088046,-15.193160,16.595778,-24.155743,-15.173678,16.613509,0.200000,
-24.155743,-15.173678,16.613509,-27.820091,-18.376273,48.151742,-24.315566,-15.127588,16.655280,-24.155743,-15.173678,16.613509,0.200000,
-24.155743,-15.173678,16.613509,-27.820091,-18.376273,48.151742,-24.088046,-15.193160,16.595778,-24.155743,-15.173678,16.613509,0.200000,
-24.155743,-15.173678,16.613509,-27.820091,-18.376273,48.151742,-24.315566,-15.127588,16.655280,-24.155743,-15.173678,16.613509,0.200000,
-24.155743,-15.173678,16.613509,-27.820091,-18.376273,48.151742,-24.088046,-15.193161,16.595778,-24.155743,-15.173678,16.613509,0.200000,
-24.155743,-15.173678,16.613509,-27.820091,-18.376273,48.151742,-24.315566,-15.127588,16.655279,-24.155743,-15.173678,16.613509,0.200000,
-24.155743,-15.173678,16.613509,-27.820091,-18.376273,48.151742,-24.088045,-15.193161,16.595778,-24.155743,-15.173678,16.613509,0.200000,
-24.155743,-15.173678,16.613509,-27.820091,-18.376273,48.151742,-24.315566,-15.127588,16.655279,-24.155743,-15.173678,16.613509,0.200000,
-24.155743,-15.173678,16.613509,-27.820091,-18.376273,48.151742,-24.088045,-15.193161,16.595778,-24.155743,-15.173678,16.613509,0.200000,
-24.155743,-15.173678,16.613509,-27.820091,-18.376273,48.151742,-24.315566,-15.127588,16.655279,-24.155743,-15.173678,16.613509,0.200000,
-24.155743,-15.173678,16.613509,-27.820091,-18.376273,48.151742,-24.088045,-15.193161,16.595778,-24.155743,-15.173678,16.613509,0.200000,
-24.155743,-15.173678,16.613509,-27.820091,-18.376273,48.151742,-24.315565,-15.127588,16.655279,-24.155743,-15.173678,16.613509,0.200000,
-24.155743,-15.173678,16.613509,-27.820091,-18.376273,48.151742,-24.088045,-15.193161,16.595778,-24.155743,-15.173678,16.613509,0.200000,
-24.155743,-15.173678,16.613509,-27.820091,-18.376273,48.151742,-24.315565,-15.127588,16.655279,-24.155743,-15.173678,16.613509,0.200000,
-24.155743,-15.173678,16.613509,-27.820091,-18.376273,48.151742,-24.088045,-15.193161,16.595778,-24.155743,-15.173678,16.613509,0.200000,
-24.155743,-15.173678,16.613509,-27.820091,-18.376273,48.151742,-24.315565,-15.127588,16.655279,-24.155743,-15.173678,16.613509,0.200000,
-24.155743,-15.173678,16.613509,-27.820091,-18.376273,48.151742,-24.088044,-15.193161,16.595778,-24.155743,-15.173678,16.613509,0.200000,
-24.155743,-15.173678,16.613509,-27.820091,-18.376273,48.151742,-24.315565,-15.127588,16.655279,-24.155743,-15.173678,16.613509,0.200000,
-24.155743,-15.173678,16.613509,-27.820091,-18.376273,48.151742,-24.088044,-15.193161,16.595778,-24.155743,-15.173678,16.613509,0.200000,
-24.155743,-15.173678,16.613509,-27.820091,-18.376273,48.151742,-24.315565,-15.127588,16.655279,-24.155743,-15.173678,16.613509,0.200000,
-24.155743,-15.173678,16.613509,-27.820091,-18.376273,48.151742,-24.088044,-15.193161,16.595778,-24.155743,-15.173678,16.613509,0.200000,
-24.155743,-15.173678,16.613509,-27.820091,-18.376273,48.151742,-24.315564,-15.127588,16.655279,-24.155743,-15.173678,16.613509,0.200000,
-24.155743,-15.173678,16.613509,-27.820091,-18.376273,48.151742,-24.088044,-15.193161,16.595777,-24.155743,-15.173678,16.613509,0.200000,
-24.155743,-15.173678,16.613509,-27.820091,-18.376273,48.151742,-24.315564,-15.127588,16.655279,-24.155743,-15.173678,16.613509,0.200000,
-24.155743,-15.173678,16.613509,-27.820091,-18.376273,48.151742,-24.088044,-15.193161,16.595777,-24.155743,-15.173678,16.613509,0.200000,
-24.155743,-15.173678,16.613509,-27.820091,-18.376273,48.151742,-24.315564,-15.127588,16.655279,-24.155743,-15.173678,16.613509,0.200000,
-24.155743,-15.173678,16.613509,-27.820091,-18.376273,48.151742,-24.088044,-15.193161,16.595777,-24.155743,-15.173678,16.613509,0.200000,
-24.155743,-15.173678,16.613509,-27.820091,-18.376273,48.151742,-24.315564,-15.127588,16.655279,-24.155743,-15.173678,16.613509,0.200000,
-24.155743,-15.173678,16.613509,-27.820091,-18.376273,48.151742,-24.088043,-15.193161,16.595777,-24.155743,-15.173678,16.613509,0.200000,
-24.155743,-15.173678,16.613509,-27.820091,-18.376273,48.151742,-24.315564,-15.127588,16.655279,-24.155743,-15.173678,16.613509,0.200000,
-24.155743,-15.173678,16.613509,-27.820091,-18.376273,48.151742,-24.088043,-15.193161,16.595777,-24.155743,-15.173678,16.613509,0.200000,
-24.155743,-15.173678,16.613509,-27.820091,-18.376273,48.151742,-24.315564,-15.127588,16.655279,-24.155743,-15.173678,16.613509,0.200000,
-24.155743,-15.173678,16.613509,-27.820091,-18.376273,48.151742,-24.088043,-15.193161,16.595777,-24.155743,-15.173678,16.613509,0.200000,
-24.155743,-15.173678,16.613509,-27.820091,-18.376273,48.151742,-24.315563,-15.127588,16.655279,-24.155743,-15.173678,16.613509,0.200000,
-24.155743,-15.173678,16.613509,-27.820091,-18.376273,48.151742,-24.088043,-15.193161,16.595777,-24.155743,-15.173678,16.613509,0.200000,
-24.155743,-15.173678,16.613509,-27.820091,-18.376273,48.151742,-24.315563,-15.127588,16.655279,-24.155743,-15.173678,16.613509,0.200000,
-24.155743,-15.173678,16.613509,-27.820091,-18.376273,48.151742,-24.088043,-15.193161,16.595777,-24.155743,-15.173678,16.613509,0.200000,
-24.155743,-15.173678,16.613509,-27.820091,-18.376273,48.151742,-24.315563,-15.127589,16.655279,-24.155743,-15.173678,16.613509,0.200000,
-24.155743,-15.173678,16.613509,-27.820091,-18.376273,48.151742,-24.088042,-15.193161,16.595777,-24.155743,-15.173678,16.613509,0.200000,
-24.155743,-15.173678,16.613509,-27.820091,-18.376273,48.151742,-24.315563,-15.127589,16.655279,-24.155743,-15.173678,16.613509,0.200000,
-24.155743,-15.173678,16.613509,-27.820091,-18.376273,48.151742,-24.088042,-15.193162,16.595777,-24.155743,-15.173678,16.613509,0.200000,
-24.155743,-15.173678,16.613509,-27.820091,-18.376273,48.151742,-24.315563,-15.127589,16.655279,-24.155743,-15.173678,16.613509,0.200000,
-24.155743,-15.173678,16.613509,-27.820091,-18.376273,48.151742,-24.088042,-15.193162,16.595777,-24.155743,-15.173678,16.613509,0.200000,
-24.155743,-15.173678,16.613509,-27.820091,-18.376273,48.151742,-24.315562,-15.127589,16.655279,-24.155743,-15.173678,16.613509,0.200000,
-24.155743,-15.173678,16.613509,-27.820091,-18.376273,48.151742,-24.088042,-15.193162,16.595777,-24.155743,-15.173678,16.613509,0.200000,
-24.155743,-15.173678,16.613509,-27.820091,-18.376273,48.151742,-24.315562,-15.127589,16.655279,-24.155743,-15.173678,16.613509,0.200000,
-24.155743,-15.173678,16.613509,-27.820091,-18.376273,48.151742,-24.088042,-15.193162,16.595777,-24.155743,-15.173678,16.613509,0.200000,
-24.155743,-15.173678,16.613509,-27.820091,-18.376273,48.151742,-24.315562,-15.127589,16.655278,-24.155743,-15.173678,16.613509,0.200000,
-24.155743,-15.173678,16.613509,-27.820091,-18.376273,48.151742,-24.088042,-15.193162,16.595777,-24.155743,-15.173678,16.613509,0.200000,
-24.155743,-15.173678,16.613509,-27.820091,-18.376273,48.151742,-24.315562,-15.127589,16.655278,-24.155743,-15.173678,16.613509,0.200000,
-24.155743,-15.173678,16.613509,-27.820091,-18.376273,48.151742,-24.088041,-15.193162,16.595777,-24.155743,-15.173678,16.613509,0.200000,
-24.155743,-15.173678,16.613509,-27.820091,-18.376273,48.151742,-24.315562,-15.127589,16.655278,-24.155743,-15.173678,16.613509,0.200000,
-24.155743,-15.173678,16.613509,-27.820091,-18.376273,48.151742,-24.088041,-15.193162,16.595777,-24.155743,-15.173678,16.613509,0.200000,
-24.155743,-15.173678,16.613509,-27.820091,-18.376273,48.151742,-24.315561,-15.127589,16.655278,-24.155743,-15.173678,16.613509,0.200000,
-24.155743,-15.173678,16.613509,-27.820091,-18.376273,48.151742,-24.088041,-15.193162,16.595777,-24.155743,-15.173678,16.613509,0.200000,
-24.155743,-15.173678,16.613509,-27.820091,-18.376273,48.151742,-24.315561,-15.127589,16.655278,-24.155743,-15.173678,16.613509,0.200000,
-24.155743,-15.173678,16.613509,-27.820091,-18.376273,48.151742,-24.088041,-15.193162,16.595777,-24.155743,-15.173678,16.613509,0.200000,
-24.155743,-15.173678,16.613509,-27.820091,-18.376273,48.151742,-24.315561,-15.127589,16.655278,-24.155743,-15.173678,16.613509,0.200000,
-24.155743,-15.173678,16.613509,-27.820091,-18.376273,48.151742,-24.088041,-15.193162,16.595777,-24.155743,-15.173678,16.613509,0.200000,
-24.155743,-15.173678,16.613509,-27.820091,-18.376273,48.151742,-24.315561,-15.127589,16.655278,-24.155743,-15.173678,16.613509,0.200000,
-24.155743,-15.173678,16.613509,-27.820091,-18.376273,48.151742,-24.088040,-15.193162,16.595777,-24.155743,-15.173678,16.613509,0.200000,
-24.155743,-15.173678,16.613509,-27.820091,-18.376273,48.151742,-24.315561,-15.127589,16.655278,-24.155743,-15.173678,16.613509,0.200000,
-24.155743,-15.173678,16.613509,-27.820091,-18.376273,48.151742,-24.088040,-15.193162,16.595776,-24.155743,-15.173678,16.613509,0.200000,
-24.155743,-15.173678,16.613509,-27.820091,-18.376273,48.151742,-24.315561,-15.127589,16.655278,-24.155743,-15.173678,16.613509,0.200000,
-24.155743,-15.173678,16.613509,-27.820091,-18.376273,48.151742,-24.088040,-15.193162,16.595776,-24.155743,-15.173678,16.613509,0.200000,
-24.155743,-15.173678,16.613509,-27.820091,-18.376273,48.151742,-24.315560,-15.127589,16.655278,-24.155743,-15.173678,16.613509,0.200000,
-24.155743,-15.173678,16.613509,-27.820091,-18.376273,48.151742,-24.088040,-15.193162,16.595776,-24.155743,-15.173678,16.613509,0.200000,
-24.155743,-15.173678,16.613509,-27.820091,-18.376273,48.151742,-24.315560,-15.127589,16.655278,-24.155743,-15.173678,16.613509,0.200000,
